褌芯泻械薪	TF	IDF	TF-IDF
邪斜褏邪蟹褋泻邪褟	0.000276	0.116534	0.000032
邪胁褋褌褉邪谢懈泄褋泻邪褟	0.000276	0.116534	0.000032
邪胁褋褌褉懈泄褋泻邪褟	0.000276	0.116534	0.000032
邪胁褌芯泻谢邪胁邪	0.000276	0.116534	0.000032
邪胁褌芯褉邪屑	0.000276	0.040822	0.000011
邪谐褉芯	0.000276	0.116534	0.000032
邪写卸懈泻邪	0.000276	0.040822	0.000011
邪蟹械褉斜邪泄写卸邪薪褋泻邪褟	0.000276	0.116534	0.000032
邪蟹懈邪褌褋泻邪褟	0.000276	0.127833	0.000035
邪蟹褘	0.000276	0.127833	0.000035
邪泄褉邪薪	0.000276	0.040822	0.000011
邪泻胁邪褌懈泻邪	0.000827	0.127833	0.000106
邪谢械泻褋械褟	0.000276	0.127833	0.000035
邪谢泻芯谐芯谢褜	0.000551	0.116534	0.000064
邪谢泻芯谐芯谢褜薪褘械	0.000276	0.116534	0.000032
邪谢泻芯谐芯谢褟	0.000276	0.116534	0.000032
邪谢褜褌械褉薪邪褌懈胁邪	0.000276	3.506558	0.000967
邪谢褜褟薪褋	0.000276	0.116534	0.000032
邪屑械褉懈泻邪薪褋泻邪褟	0.000276	0.116534	0.000032
邪薪谐谢懈泄褋泻邪褟	0.000276	0.116534	0.000032
邪薪写褉械褟	0.000276	0.127833	0.000035
邪薪褌懈写芯褌芯屑	0.000276	4.605170	0.001269
邪薪褔芯褍褋邪屑懈	0.000551	3.912023	0.002157
邪薪褔芯褍褋褘	0.000551	3.912023	0.002157
邪锌锌械褌懈褌薪芯械	0.000276	3.912023	0.001078
邪褉邪斜褋泻邪褟	0.000276	0.116534	0.000032
邪褉谐械薪褌懈薪褋泻邪褟	0.000276	0.116534	0.000032
邪褉屑褟薪褋泻邪褟	0.000276	0.116534	0.000032
邪褉芯屑邪褌薪褘屑	0.000551	2.407946	0.001327
邪褉芯屑邪褌褘	0.000276	2.659260	0.000733
邪褉褌懈褕芯泻	0.000551	3.506558	0.001933
邪褉褌懈褕芯泻邪屑懈	0.000551	3.506558	0.001933
邪褋褋芯褉褌懈	0.000551	0.116534	0.000064
邪褌谢邪薪褌	0.000276	0.127833	0.000035
邪褌屑芯褋褎械褉褍	0.000276	2.995732	0.000826
邪褎谐邪薪褋泻邪褟	0.000276	0.116534	0.000032
邪褎褉懈泻邪薪褋泻邪褟	0.000276	0.116534	0.000032
邪褝褉芯谐褉懈谢械	0.002756	0.116534	0.000321
斜邪泻谢邪卸邪薪褘	0.000276	0.040822	0.000011
斜邪谢褌泻芯屑	0.000276	0.127833	0.000035
斜邪谢褜蟹邪屑懈泻	0.000551	2.659260	0.001466
斜邪薪泻邪屑	0.000276	3.506558	0.000967
斜邪褉邪薪懈薪褘	0.001103	0.116534	0.000128
斜邪褋屑邪褌懈	0.000551	0.127833	0.000070
斜邪褋褌褍褉屑邪	0.000276	0.040822	0.000011
斜邪褌芯薪褔懈泻懈	0.000276	0.127833	0.000035
斜邪褕泻懈褉褋泻邪褟	0.000276	0.116534	0.000032
斜械写褉芯	0.000551	2.302585	0.001269
斜械蟹邪谢泻芯谐芯谢褜薪褘械	0.000276	0.116534	0.000032
斜械蟹谐谢褞褌械薪芯胁褘械	0.000276	0.116534	0.000032
斜械蟹写褉芯卸卸械胁芯械	0.001103	2.659260	0.002932
斜械蟹械	0.001103	0.040822	0.000045
斜械谢械斜械械胁褋泻懈泄	0.000551	0.116534	0.000064
斜械谢芯泻芯褔邪薪薪邪褟	0.000551	0.994252	0.000548
斜械谢芯褉褍褋褋泻邪褟	0.000276	0.116534	0.000032
斜械谢褘械	0.000276	3.218876	0.000887
斜械谢褜谐懈泄褋泻邪褟	0.000276	0.116534	0.000032
斜械褉械屑械薪薪褘褏	0.000276	0.116534	0.000032
斜械褋械写懈薪邪	0.000276	0.127833	0.000035
斜械褕邪屑械谢褜	0.000276	2.813411	0.000775
斜懈褋泻胁懈褌	0.000276	0.040822	0.000011
斜懈褋泻胁懈褌薪芯械	0.000551	0.116534	0.000064
斜懈褋泻胁懈褌薪褘泄	0.000276	0.105361	0.000029
斜懈褋泻胁懈褌褘	0.000276	0.127833	0.000035
斜谢懈卸械	0.000276	0.116534	0.000032
斜谢懈蟹泻懈褏	0.000551	0.116534	0.000064
斜谢懈薪薪褘泄	0.000276	2.813411	0.000775
斜谢懈薪芯胁	0.001103	0.116534	0.000128
斜谢懈薪褘	0.001378	0.040822	0.000056
斜谢褞写	0.000551	0.094311	0.000052
斜谢褞写邪	0.030871	0.040822	0.001260
斜谢褞写芯	0.001929	0.040822	0.000079
斜谢褞写褍	0.000276	0.116534	0.000032
斜芯斜芯胁褘械	0.000551	0.127833	0.000070
斜芯斜芯胁褘褏	0.002205	0.116534	0.000257
斜芯谢谐邪褉褋泻邪褟	0.000276	0.116534	0.000032
斜芯谢谐邪褉褋泻懈泄	0.000551	0.843970	0.000465
斜芯谢褜褕械	0.000551	0.105361	0.000058
斜芯谢褜褕芯屑	0.000276	4.605170	0.001269
斜芯褉褖	0.000551	0.040822	0.000023
斜芯褌胁懈薪褜褟	0.000276	0.040822	0.000011
斜褉邪蟹懈谢褜褋泻邪褟	0.000276	0.116534	0.000032
斜褉邪褍蟹械褉械	0.000276	0.040822	0.000011
斜褉邪褍薪懈	0.000276	0.040822	0.000011
斜褉械褋褌	0.000276	0.127833	0.000035
斜褉芯泻泻芯谢懈	0.000276	0.040822	0.000011
斜褍写械褌械	0.000276	2.302585	0.000635
斜褍卸械薪懈薪邪	0.000276	0.040822	0.000011
斜褍谢谐褍褉	0.000827	4.605170	0.003808
斜褍谢芯褔泻邪屑懈	0.000276	0.116534	0.000032
斜褍谢芯褔泻懈	0.000551	0.040822	0.000023
斜褍谢褜芯薪	0.003032	0.040822	0.000124
斜褍谢褜芯薪褘	0.001378	0.116534	0.000161
斜褍褉谐械褉	0.000276	0.040822	0.000011
斜褍褉谐械褉褘	0.000276	0.127833	0.000035
斜褍褉褟褌褋泻邪褟	0.000276	0.116534	0.000032
斜褍褌械褉斜褉芯写	0.000827	0.116534	0.000096
斜褍褌械褉斜褉芯写褘	0.000827	0.040822	0.000034
斜褘褋褌褉邪褟	0.000276	3.506558	0.000967
斜褘褋褌褉械械	0.000276	2.525729	0.000696
斜褘褋褌褉芯	0.000827	0.094311	0.000078
斜褘褋褌褉芯谐芯	0.000551	2.995732	0.001651
斜褘褋褌褉芯泄	0.000276	0.116534	0.000032
斜褘褋褌褉褘泄	0.000551	0.105361	0.000058
斜褢写械褉	0.000276	3.506558	0.000967
斜褢写褉邪	0.000276	3.218876	0.000887
胁邪卸薪褍褞	0.000276	3.912023	0.001078
胁邪卸薪褘械	0.000276	0.116534	0.000032
胁邪谢谢懈泄褋泻邪褟	0.000276	0.116534	0.000032
胁邪屑懈	0.000276	0.843970	0.000233
胁邪薪懈谢懈薪	0.000551	1.609438	0.000887
胁邪薪泻褍胁械褉	0.000276	4.605170	0.001269
胁邪褉械薪懈泻懈	0.000276	0.116534	0.000032
胁邪褉械薪褜械	0.000551	0.040822	0.000023
胁邪褉懈邪薪褌	0.000551	0.562119	0.000310
胁邪褉懈邪薪褌褘	0.000276	1.609438	0.000444
胁邪褉懈邪褑懈懈	0.000276	2.813411	0.000775
胁邪褌褉褍褕泻懈	0.000276	0.040822	0.000011
胁邪褎谢懈	0.000551	0.040822	0.000023
胁邪褕械泄	0.000551	0.040822	0.000023
胁邪褕懈	0.000276	2.302585	0.000635
胁邪褕懈褏	0.000276	2.040221	0.000562
胁胁芯写褟	0.000276	0.040822	0.000011
胁写芯褏薪芯胁械薪懈械	0.001103	0.116534	0.000128
胁写芯褏薪芯胁械薪懈械屑	0.000551	0.116534	0.000064
胁写芯褏薪芯胁谢褟泄褋褟	0.000276	0.116534	0.000032
胁械谐械褌邪褉懈邪薪褋泻懈械	0.000276	0.127833	0.000035
胁械谐械褌邪褉懈邪薪褋泻芯械	0.000276	0.116534	0.000032
胁械谢懈泻懈泄	0.000276	0.116534	0.000032
胁械谢懈泻芯斜褉懈褌邪薪懈懈	0.000276	3.506558	0.000967
胁械薪谐械褉褋泻邪褟	0.000276	0.116534	0.000032
胁械褉褋懈懈	0.000276	3.506558	0.000967
胁械褋械薪薪懈械	0.000276	0.051293	0.000014
胁械褋薪邪	0.001378	0.116534	0.000161
胁械褋薪褘	0.000276	0.116534	0.000032
胁械褌褔懈薪褘	0.000276	0.105361	0.000029
胁懈写械	0.000551	1.171183	0.000646
胁懈写械芯	0.000551	0.116534	0.000064
胁懈写械芯褉械褑械锌褌褘	0.000276	0.301105	0.000083
胁懈薪芯	0.000551	0.040822	0.000023
胁懈褕薪械泄	0.000276	3.506558	0.000967
胁懈褕薪懈	0.000276	3.506558	0.000967
胁懈褕薪褟	0.000551	2.040221	0.001125
胁泻褍褋	0.000827	0.105361	0.000087
胁泻褍褋邪	0.002481	0.116534	0.000289
胁泻褍褋薪邪褟	0.001103	0.061875	0.000068
胁泻褍褋薪械械	0.000551	0.116534	0.000064
胁泻褍褋薪械泄	0.000276	0.116534	0.000032
胁泻褍褋薪芯	0.001378	0.094311	0.000130
胁泻褍褋薪芯械	0.000551	0.994252	0.000548
胁泻褍褋薪褘械	0.000551	0.105361	0.000058
胁泻褍褋薪褘屑	0.000276	1.049822	0.000289
胁泻褍褋芯屑	0.000551	0.105361	0.000058
胁谢邪卸薪褘屑	0.000276	3.506558	0.000967
胁谢褞斜谢械薪薪褘褏	0.000276	0.116534	0.000032
胁屑械褋褌芯	0.000276	2.407946	0.000664
胁薪邪褔邪谢械	0.001103	0.248461	0.000274
胁芯	0.001103	0.061875	0.000068
胁芯写邪	0.003308	0.287682	0.000952
胁芯写械	0.000276	0.105361	0.000029
胁芯泄褌懈	0.000276	0.000000	0.000000
胁芯谢芯胁邪薪褘	0.000276	0.116534	0.000032
胁芯谢褕械斜薪褘械	0.000276	0.116534	0.000032
胁芯谢褕械斜褋褌胁芯	0.000276	0.116534	0.000032
胁芯芯斜褖械	0.000276	1.386294	0.000382
胁芯锌褉芯褋褘	0.000276	0.000000	0.000000
胁芯褋褌芯褔薪邪褟	0.000276	0.127833	0.000035
胁锌懈褌邪褌褜	0.000276	3.912023	0.001078
胁褉械屑械薪邪	0.000276	0.116534	0.000032
胁褉械屑械薪械屑	0.001929	0.116534	0.000225
胁褉械屑械薪懈	0.000551	0.967584	0.000533
胁褉械屑褟	0.000551	0.400478	0.000221
胁褋械谐芯	0.000827	0.186330	0.000154
胁褋械泄	0.000827	0.105361	0.000087
胁褋械屑褍	0.000551	0.061875	0.000034
胁褋锌芯屑薪懈褌褜	0.000276	0.040822	0.000011
胁褋褌褉械褌懈褌褜	0.000276	3.912023	0.001078
胁褌芯褉芯械	0.000276	0.116534	0.000032
胁褌芯褉褘械	0.000276	0.127833	0.000035
胁褏芯写	0.000827	0.030459	0.000025
胁褔械褉邪	0.000551	2.040221	0.001125
胁褘斜芯褉	0.000276	2.995732	0.000826
胁褘泄褌懈	0.000276	0.040822	0.000011
胁褘薪芯褋谢懈胁褘褏	0.000276	3.912023	0.001078
胁褘锌械褔泻邪	0.004686	0.040822	0.000191
胁褘锌械褔泻懈	0.000551	0.072571	0.000040
胁褘锌械褔泻芯泄	0.000551	0.116534	0.000064
胁褜械褌薪邪屑褋泻邪褟	0.000276	0.116534	0.000032
谐邪胁邪泄褋泻邪褟	0.000276	0.116534	0.000032
谐邪褉薪懈褉	0.001378	0.040822	0.000056
谐邪褋锌邪褔芯	0.000276	0.040822	0.000011
谐械芯谐褉邪褎懈褟	0.000276	0.116534	0.000032
谐谢邪胁薪芯械	0.000276	1.139434	0.000314
谐谢邪胁薪褘泄	0.000276	0.040822	0.000011
谐谢邪蟹褍褉褜	0.000827	0.040822	0.000034
谐谢懈薪褌胁械泄薪	0.000276	0.040822	0.000011
谐芯胁褟写懈薪褘	0.001103	0.116534	0.000128
谐芯写	0.003308	0.105361	0.000348
谐芯写邪	0.000276	0.248461	0.000068
谐芯谢谢邪薪写褋泻邪褟	0.000276	0.116534	0.000032
谐芯褉芯写邪	0.000276	0.116534	0.000032
谐芯褉芯褏	0.000276	0.116534	0.000032
谐芯褉褔懈褑邪	0.001103	0.040822	0.000045
谐芯褉褔懈褑邪屑懈	0.000276	0.127833	0.000035
谐芯褉褕芯泻	0.000276	3.506558	0.000967
谐芯褉褕芯褔泻邪褏	0.000276	0.105361	0.000029
谐芯褉褕芯褔泻械	0.000276	0.040822	0.000011
谐芯褉褟褔械械	0.000551	0.116534	0.000064
谐芯褉褟褔懈械	0.013506	0.105361	0.001423
谐芯褉褟褔懈泄	0.000551	0.116534	0.000064
谐芯褋褌械泄	0.000276	1.272966	0.000351
谐芯褋褌懈	0.000551	0.116534	0.000064
谐芯褌芯胁懈谢邪	0.000276	0.733969	0.000202
谐芯褌芯胁懈屑	0.001929	0.094311	0.000182
谐芯褌芯胁懈褌褋褟	0.000827	0.478036	0.000395
谐芯褌芯胁懈褌褜	0.001378	0.105361	0.000145
谐芯褌芯胁褜	0.000551	0.116534	0.000064
谐芯褌芯胁褟褌	0.000276	0.116534	0.000032
谐褉械薪泻懈	0.000551	0.040822	0.000023
谐褉械褔械褋泻邪褟	0.000276	0.116534	0.000032
谐褉械褔械褋泻芯械	0.000276	4.605170	0.001269
谐褉械褔泻邪	0.000276	0.040822	0.000011
谐褉懈斜邪屑懈	0.001929	0.105361	0.000203
谐褉懈斜薪邪褟	0.000276	3.218876	0.000887
谐褉懈斜薪芯谐芯	0.000276	3.506558	0.000967
谐褉懈斜薪芯泄	0.000276	2.120264	0.000584
谐褉懈斜薪褘械	0.000551	0.040822	0.000023
谐褉懈斜芯胁	0.001378	0.116534	0.000161
谐褉懈斜褘	0.003583	0.040822	0.000146
谐褉懈谢械	0.001378	0.116534	0.000161
谐褉懈谢褜	0.000276	0.116534	0.000032
谐褉懈谢褜屑邪薪懈褟	0.000276	0.116534	0.000032
谐褉懈谢褟	0.001103	0.116534	0.000128
谐褉芯谐	0.000276	0.040822	0.000011
谐褉褍写泻邪	0.000551	1.108663	0.000611
谐褉褍写泻芯泄	0.000276	3.218876	0.000887
谐褉褍蟹懈薪褋泻邪褟	0.000276	0.116534	0.000032
谐褉褍锌锌褘	0.000276	0.061875	0.000017
谐褍写卸邪褉邪褌邪	0.000276	4.605170	0.001269
谐褍褉屑邪薪懈褟	0.001654	0.116534	0.000193
谐褍褉屑械	0.000276	0.127833	0.000035
谐褍褋褟	0.000551	0.105361	0.000058
写邪胁薪芯	0.000276	0.967584	0.000267
写邪胁薪褘屑	0.000276	2.407946	0.000664
写邪械褌	0.000276	0.040822	0.000011
写邪薪薪褘械	0.000276	0.040822	0.000011
写邪褉褘	0.000276	0.116534	0.000032
写邪褌械	0.000551	0.248461	0.000137
写邪褌褋泻邪褟	0.000276	0.116534	0.000032
写邪褔薪芯械	0.000827	0.116534	0.000096
写胁芯泄薪芯泄	0.000276	3.912023	0.001078
写械泻芯褉	0.000276	0.127833	0.000035
写械泻芯褉懈褉芯胁邪薪懈褟	0.000276	3.506558	0.000967
写械谢邪械屑	0.000276	2.659260	0.000733
写械谢邪械褌	0.000827	0.116534	0.000096
写械谢邪屑懈	0.000276	3.506558	0.000967
写械谢懈屑褋褟	0.000276	0.040822	0.000011
写械谢芯屑	0.000276	0.116534	0.000032
写械谢褞褋褜	0.000276	2.407946	0.000664
写械薪褜	0.000827	0.083382	0.000069
写械褋械褉褌	0.000827	0.116534	0.000096
写械褋械褉褌邪褑懈褟	0.000276	0.116534	0.000032
写械褋械褉褌薪褘械	0.000276	0.116534	0.000032
写械褋械褉褌褘	0.003859	0.040822	0.000158
写械褋褟褌褜	0.000276	2.207275	0.000608
写械褌械泄	0.000276	0.116534	0.000032
写卸械屑	0.000276	0.040822	0.000011
写蟹械薪	0.000276	0.116534	0.000032
写懈胁邪薪械	0.000276	3.506558	0.000967
写懈械褌邪	0.000276	0.116534	0.000032
写懈械褌褘	0.000276	0.116534	0.000032
写懈泻懈泄	0.000551	0.116534	0.000064
写懈泻芯谐芯	0.000276	0.116534	0.000032
写懈锌	0.000276	0.116534	0.000032
写懈褔懈	0.000551	0.116534	0.000064
写懈褔褜	0.000276	0.116534	0.000032
写薪械胁薪懈泻邪褏	0.000276	0.061875	0.000017
写薪械泄	0.001103	0.116534	0.000128
写薪褟	0.000276	0.040822	0.000011
写芯斜邪胁谢械薪懈褟屑	0.000276	0.274437	0.000076
写芯斜邪胁谢褟械褌褋褟	0.000276	3.218876	0.000887
写芯斜邪胁谢褟褌褜	0.000276	0.040822	0.000011
写芯斜邪胁褜	0.000276	0.116534	0.000032
写芯斜褉芯褎谢芯褌	0.000276	0.127833	0.000035
写芯胁械褉褟械褕褜	0.000276	0.116534	0.000032
写芯谢谐芯泄	0.000276	4.605170	0.001269
写芯谢卸薪褘	0.000276	2.407946	0.000664
写芯屑	0.002481	0.040822	0.000101
写芯屑邪褕薪械械	0.000827	0.040822	0.000034
写芯屑邪褕薪懈械	0.000551	0.040822	0.000023
写芯屑邪褕薪懈泄	0.001378	0.116534	0.000161
写芯屑邪褕薪褟褟	0.000551	0.105361	0.000058
写芯屑芯胁	0.000276	0.040822	0.000011
写褉邪泄胁	0.001378	0.127833	0.000176
写褉芯卸卸械胁芯械	0.000276	0.116534	0.000032
写褉褍谐懈屑懈	0.000827	0.040822	0.000034
写褉褍谐芯谐芯	0.000276	2.813411	0.000775
写褍褏芯胁泻邪	0.001103	0.127833	0.000141
写褍褏芯胁泻械	0.001103	0.867501	0.000956
写褍褕懈	0.000827	0.105361	0.000087
械胁褉械泄褋泻邪褟	0.000276	0.116534	0.000032
械谐懈锌械褌褋泻邪褟	0.000276	0.116534	0.000032
械写懈薪褘泄	0.000276	0.040822	0.000011
械写褘	0.000276	2.525729	0.000696
械泻芯	0.000276	0.127833	0.000035
卸邪褉械薪邪褟	0.000276	2.995732	0.000826
卸邪褉械薪褘泄	0.000276	2.120264	0.000584
卸邪褉械薪褘褏	0.000276	3.506558	0.000967
卸邪褉懈褌褜	0.000276	1.966113	0.000542
卸邪褉泻芯械	0.000276	0.040822	0.000011
卸谐褍褔懈泄	0.000551	1.966113	0.001084
卸械谢邪械屑褘械	0.000276	1.469676	0.000405
卸械谢械	0.000827	0.040822	0.000034
卸械谢褌芯泻	0.000551	1.272966	0.000702
卸械薪邪	0.000276	3.218876	0.000887
卸械薪褋泻邪褟	0.000276	0.127833	0.000035
卸械薪褋泻芯屑	0.000276	0.061875	0.000017
卸械薪褖懈薪褘	0.000551	0.116534	0.000064
卸懈蟹薪懈	0.000551	0.040822	0.000023
卸懈蟹薪褜	0.000276	0.116534	0.000032
卸褍谢褜械薪	0.000276	0.040822	0.000011
卸褍褉薪邪谢邪	0.000276	0.127833	0.000035
卸褞谢褜械薪	0.000276	0.040822	0.000011
蟹邪胁邪褉薪芯械	0.000276	0.116534	0.000032
蟹邪胁邪褉薪芯泄	0.000276	0.116534	0.000032
蟹邪胁褌褉邪泻	0.001929	0.094311	0.000182
蟹邪胁褌褉邪泻懈	0.000276	0.127833	0.000035
蟹邪谐芯褌芯胁泻懈	0.001103	0.040822	0.000045
蟹邪谐芯褌芯胁芯泻	0.000276	3.218876	0.000887
蟹邪写邪胁邪褌褜	0.000276	0.040822	0.000011
蟹邪泄褑邪	0.000551	0.116534	0.000064
蟹邪泻胁邪褋泻邪	0.000276	0.040822	0.000011
蟹邪泻胁邪褋泻邪屑懈	0.000276	0.116534	0.000032
蟹邪泻胁邪褋芯泻	0.000276	0.127833	0.000035
蟹邪泻褉褘褌褘泄	0.000551	0.116534	0.000064
蟹邪泻褍褋泻邪	0.000276	1.347074	0.000371
蟹邪泻褍褋泻懈	0.005513	0.040822	0.000225
蟹邪泻褍褋泻褍	0.000827	0.116534	0.000096
蟹邪泻褍褋芯薪褔懈泻	0.000276	0.116534	0.000032
蟹邪泻褍褋芯褔泻邪	0.000276	0.116534	0.000032
蟹邪泻褍褋芯褔薪褘械	0.002481	0.116534	0.000289
蟹邪谢懈胁薪芯械	0.000551	0.040822	0.000023
蟹邪屑械褋懈褌褜	0.000276	3.506558	0.000967
蟹邪屑芯褉芯蟹泻邪	0.000276	0.105361	0.000029
蟹邪薪懈屑邪泄褋褟	0.000276	3.506558	0.000967
蟹邪锌邪写	0.000276	0.116534	0.000032
蟹邪锌械泻邪械褌褋褟	0.000276	2.659260	0.000733
蟹邪锌械泻邪薪泻邪	0.001103	0.105361	0.000116
蟹邪锌械泻邪薪泻懈	0.001929	0.040822	0.000079
蟹邪锌械泻邪褌褜	0.000276	2.813411	0.000775
蟹邪锌械泻邪褌褜褋褟	0.000276	3.218876	0.000887
蟹邪锌械褔械薪薪邪褟	0.000276	2.120264	0.000584
蟹邪锌械褔褢薪薪褘泄	0.000276	2.995732	0.000826
蟹邪锌褉邪胁泻邪	0.000551	0.040822	0.000023
蟹邪褉邪薪械械	0.000276	1.660731	0.000458
蟹邪褉械谐懈褋褌褉懈褉芯胁邪胁褕懈褋褜	0.000276	0.040822	0.000011
蟹邪褉械谐懈褋褌褉懈褉芯胁邪褌褜褋褟	0.000276	0.030459	0.000008
蟹邪褋芯谢泻邪	0.000276	0.116534	0.000032
蟹邪褌褉褍写薪械薪懈泄	0.000276	3.506558	0.000967
蟹胁邪薪褘泄	0.000276	0.127833	0.000035
蟹胁械蟹写邪	0.000276	0.127833	0.000035
蟹胁褢蟹写薪褘械	0.000276	0.116534	0.000032
蟹写芯褉芯胁芯械	0.000276	0.116534	0.000032
蟹写芯褉芯胁褘泄	0.000276	0.116534	0.000032
蟹械谢械薪懈	0.000551	2.120264	0.001169
蟹械谢械薪褘泄	0.000551	1.021651	0.000563
蟹械谢械薪褜	0.001654	0.094311	0.000156
蟹械褎懈褉	0.000276	0.040822	0.000011
蟹懈屑薪懈械	0.000276	0.051293	0.000014
蟹懈屑薪懈泄	0.000276	3.218876	0.000887
蟹懈屑薪懈褏	0.000276	3.506558	0.000967
蟹懈屑薪褞褞	0.000276	3.506558	0.000967
蟹懈屑褍	0.001378	0.040822	0.000056
蟹懈褉邪	0.000551	3.218876	0.001774
蟹薪邪屑械薪懈褌芯谐芯	0.000276	4.605170	0.001269
蟹芯谢芯褌邪褟	0.000276	0.116534	0.000032
懈胁邪薪	0.000551	2.525729	0.001392
懈胁邪薪芯胁邪	0.000276	0.127833	0.000035
懈胁邪薪褘褔	0.000551	2.525729	0.001392
懈谐褉邪械褌	0.000276	3.218876	0.000887
懈写械邪谢褜薪邪褟	0.000276	0.116534	0.000032
懈写械邪谢褜薪芯	0.000551	1.514128	0.000835
懈写械邪谢褜薪芯谐芯	0.001378	0.116534	0.000161
懈写械邪谢褜薪芯械	0.000276	0.116534	0.000032
懈写械泄泻懈	0.000276	0.116534	0.000032
懈写褌懈	0.000276	3.506558	0.000967
懈蟹胁械褋褌薪芯	0.000276	2.525729	0.000696
懈蟹写械谢懈褟	0.001929	0.116534	0.000225
懈蟹写械谢懈褟屑懈	0.000827	0.116534	0.000096
懈泻褉邪	0.001654	0.040822	0.000068
懈屑斜懈褉褜	0.000551	1.897120	0.001046
懈屑械薪械屑	0.000276	0.040822	0.000011
懈屑械薪懈	0.000276	3.506558	0.000967
懈薪胁械褉褌芯褉薪芯泄	0.000276	0.127833	0.000035
懈薪谐褉械写懈械薪褌邪屑	0.000276	1.469676	0.000405
懈薪谐褉械写懈械薪褌褘	0.008820	0.139262	0.001228
懈薪写械泄泻懈	0.001378	0.094311	0.000130
懈薪写械泄泻芯泄	0.000276	0.116534	0.000032
懈薪写懈泄褋泻邪褟	0.000276	0.116534	0.000032
懈薪写懈谢邪泄褌	0.000827	0.116534	0.000096
懈薪写懈褉械褋薪褘械	0.000276	0.116534	0.000032
懈薪芯谐写邪	0.000276	1.897120	0.000523
懈薪褋褌褉褍泻褑懈褟屑懈	0.000276	0.040822	0.000011
懈薪褌械褉械褋薪邪褟	0.000276	2.659260	0.000733
懈褉邪泻褋泻邪褟	0.000276	0.116534	0.000032
懈褉邪薪褋泻邪褟	0.000276	0.116534	0.000032
懈褉谢邪薪写褋泻邪褟	0.000276	0.116534	0.000032
懈褋泻谢褞褔懈褌褜	0.000276	1.469676	0.000405
懈褋泻褉械薪薪械	0.000276	0.116534	0.000032
懈褋谢邪薪写褋泻邪褟	0.000276	0.116534	0.000032
懈褋锌邪薪褋泻邪褟	0.000276	0.116534	0.000032
懈褋锌械泻懈	0.000276	0.116534	0.000032
懈褋锌芯谢褜蟹芯胁邪谢懈	0.000276	3.506558	0.000967
懈褋锌芯谢褜蟹芯胁邪褌褜	0.000551	1.514128	0.000835
懈褋褌芯褉懈懈	0.001378	0.116534	0.000161
懈褋褌芯褉懈褞	0.000276	0.116534	0.000032
懈褌邪谢懈懈	0.000551	0.105361	0.000058
懈褌邪谢褜褟薪褋泻邪褟	0.000276	0.116534	0.000032
泄芯谐褍褉褌	0.003032	0.040822	0.000124
泄芯谐褍褉褌械	0.000276	3.506558	0.000967
泄芯谐褍褉褌芯屑	0.000276	3.912023	0.001078
泄芯褌邪屑邪	0.000276	4.605170	0.001269
泻邪斜邪褔泻懈	0.000276	0.040822	0.000011
泻邪胁泻邪蟹褋泻邪褟	0.000276	0.116534	0.000032
泻邪卸写芯泄	0.000276	1.832581	0.000505
泻邪蟹邪薪械	0.000551	0.116534	0.000064
泻邪蟹邪褏褋泻邪褟	0.000276	0.116534	0.000032
泻邪泻邪芯	0.001654	0.040822	0.000068
泻邪泻懈褏	0.000276	2.525729	0.000696
泻邪谢械泄写芯褋泻芯锌	0.001103	0.116534	0.000128
泻邪谢屑褘褑泻邪褟	0.000276	0.116534	0.000032
泻邪谢褜屑邪褉	0.000276	0.040822	0.000011
泻邪屑械褉邪	0.000276	0.116534	0.000032
泻邪薪邪写褋泻邪褟	0.000276	0.116534	0.000032
泻邪薪邪谢	0.000551	0.040822	0.000023
泻邪薪邪谢械	0.000276	0.040822	0.000011
泻邪薪邪锌械	0.000551	0.040822	0.000023
泻邪锌褍褋褌邪	0.001654	0.040822	0.000068
泻邪锌褍褋褌薪褟泻	0.000276	0.040822	0.000011
泻邪锌褍褋褌褍	0.000276	2.659260	0.000733
泻邪锌褍褋褌褘	0.000276	0.040822	0.000011
泻邪褉邪屑械谢褜	0.000276	0.040822	0.000011
泻邪褉泻邪褋薪褘泄	0.001103	0.116534	0.000128
泻邪褉褉懈	0.000827	2.813411	0.002326
泻邪褉褌芯褎械谢褜	0.001654	0.040822	0.000068
泻邪褉褌芯褎械谢褜薪芯械	0.000276	0.040822	0.000011
泻邪褉褌芯褎械谢褜薪褘泄	0.000276	0.116534	0.000032
泻邪褉褌芯褎械谢褟	0.000276	1.897120	0.000523
泻邪褉褌芯褕械泻	0.000276	3.506558	0.000967
泻邪褉褌芯褕泻邪	0.000551	0.040822	0.000023
泻邪褉褌芯褕泻芯泄	0.000276	2.302585	0.000635
泻邪褌械谐芯褉懈懈	0.000276	0.116534	0.000032
泻邪褌械谐芯褉懈褟	0.004135	0.150823	0.000624
泻邪褔械褋褌胁芯	0.000276	0.116534	0.000032
泻邪褕邪	0.000276	0.040822	0.000011
泻邪褕懈	0.001378	0.105361	0.000145
泻邪褕褍	0.000276	0.094311	0.000026
泻胁邪褋	0.000827	0.040822	0.000034
泻胁邪褋薪芯械	0.000827	0.116534	0.000096
泻胁邪褋芯屑	0.000276	0.127833	0.000035
泻械泻褋	0.000276	0.040822	0.000011
泻械泻褋褘	0.000551	0.116534	0.000064
泻械褎懈褉	0.000276	0.040822	0.000011
泻懈屑褔懈	0.000276	0.040822	0.000011
泻懈薪芯邪	0.000551	0.127833	0.000070
泻懈薪芯谢械薪褌邪	0.000276	0.116534	0.000032
泻懈褋械谢褜	0.000551	0.040822	0.000023
泻懈褌邪泄褋泻邪褟	0.000276	0.116534	0.000032
泻懈褌邪泄褋泻懈	0.000276	3.218876	0.000887
泻懈褌邪泄褋泻懈泄	0.000276	2.813411	0.000775
泻懈褌邪泄褋泻芯泄	0.000276	2.995732	0.000826
泻懈褌邪泄褋泻芯屑	0.000276	3.218876	0.000887
泻懈褕	0.000551	3.506558	0.001933
泻谢邪褋褋	0.002205	0.116534	0.000257
泻谢邪褋褋褘	0.000276	0.116534	0.000032
泻谢械薪芯胁褘泄	0.001103	2.813411	0.003102
泻薪懈谐褍	0.000551	0.040822	0.000023
泻薪芯锌泻懈	0.000276	3.506558	0.000967
泻芯	0.000276	1.469676	0.000405
泻芯谐芯	0.000276	1.714798	0.000473
泻芯泻芯褋芯胁芯械	0.000551	3.506558	0.001933
泻芯泻褌械泄谢懈	0.000276	0.127833	0.000035
泻芯泻褌械泄谢褜	0.001378	0.040822	0.000056
泻芯谢斜邪褋邪	0.000276	0.040822	0.000011
泻芯谢斜邪褋薪褘屑懈	0.000827	0.116534	0.000096
泻芯谢懈褔械褋褌胁械	0.000276	3.218876	0.000887
泻芯谢懈褔械褋褌胁芯屑	0.000276	3.218876	0.000887
泻芯屑邪薪写邪	0.000551	0.127833	0.000070
泻芯屑斜懈薪邪褑懈褞	0.000276	3.506558	0.000967
泻芯屑懈	0.000276	0.116534	0.000032
泻芯屑屑械薪褌邪褉懈械胁	0.000276	0.223144	0.000062
泻芯屑锌邪薪懈泄	0.000276	0.105361	0.000029
泻芯屑锌芯褌	0.000827	0.040822	0.000034
泻芯屑褌械	0.000551	3.506558	0.001933
泻芯薪械褔薪芯	0.000551	0.527633	0.000291
泻芯薪懈薪褘	0.000276	0.116534	0.000032
泻芯薪泻褍褉褋	0.058986	0.105361	0.006215
泻芯薪泻褍褉褋邪	0.000276	0.116534	0.000032
泻芯薪泻褍褉褋邪褏	0.000276	0.040822	0.000011
泻芯薪泻褍褉褋薪褘械	0.000276	0.127833	0.000035
泻芯薪褋械褉胁懈褉芯胁邪薪懈械	0.000276	0.040822	0.000011
泻芯薪褋械褉胁懈褉芯胁邪薪薪邪褟	0.000827	0.116534	0.000096
泻芯薪褋械褉胁懈褉芯胁邪薪薪芯械	0.000276	0.116534	0.000032
泻芯薪褋械褉胁懈褉芯胁邪薪薪褘械	0.001103	0.116534	0.000128
泻芯薪褋械褉胁懈褉芯胁邪薪薪褘泄	0.000276	0.116534	0.000032
泻芯薪褎械褌褌懈	0.000276	0.116534	0.000032
泻芯薪褎械褌褘	0.000827	0.040822	0.000034
泻芯薪褎懈写械薪褑懈邪谢褜薪芯褋褌懈	0.000276	0.040822	0.000011
泻芯薪褎懈褌褞褉	0.000276	0.040822	0.000011
泻芯锌褔械薪芯褋褌褟屑懈	0.000276	0.116534	0.000032
泻芯褉械泄褋泻邪褟	0.000276	0.116534	0.000032
泻芯褉械泄褋泻懈	0.000276	0.040822	0.000011
泻芯褉械薪薪褘屑	0.000276	3.912023	0.001078
泻芯褉卸懈泻懈	0.000276	0.040822	0.000011
泻芯褉懈褑邪	0.001103	1.427116	0.001573
泻芯褉屑褟褖懈褏	0.000276	0.116534	0.000032
泻芯褋褌械泄	0.000276	3.506558	0.000967
泻芯褌谢械褌褘	0.000276	0.040822	0.000011
泻芯褌芯褉芯屑褍	0.000276	0.116534	0.000032
泻芯褎械	0.000551	0.040822	0.000023
泻褉邪褋泻懈	0.000276	0.116534	0.000032
泻褉邪褋薪褘泄	0.001103	1.171183	0.001291
泻褉邪褏屑邪谢	0.001103	0.891598	0.000983
泻褉械邪褌懈胁	0.000276	0.127833	0.000035
泻褉械胁械褌泻邪屑懈	0.000276	3.218876	0.000887
泻褉械胁械褌泻懈	0.000551	2.407946	0.001327
泻褉械屑	0.000827	0.040822	0.000034
泻褉械屑邪	0.000551	0.116534	0.000064
泻褉械锌泻懈泄	0.000276	0.116534	0.000032
泻褉芯泻	0.000827	3.218876	0.002662
泻褉芯泻械褌芯胁	0.000551	3.506558	0.001933
泻褉芯谢懈泻邪	0.000551	0.116534	0.000064
泻褉芯屑械	0.000276	0.061875	0.000017
泻褉芯褏懈	0.000276	0.116534	0.000032
泻褉褍谐褍	0.000551	0.116534	0.000064
泻褉褍锌	0.001654	0.116534	0.000193
泻褉褍锌邪	0.000276	0.127833	0.000035
泻褉褍锌褘	0.000551	0.127833	0.000070
泻褉褍锌褟薪褘械	0.000276	0.116534	0.000032
泻褋褌邪褌懈	0.000276	1.237874	0.000341
泻褍斜懈薪褋泻邪褟	0.000276	0.116534	0.000032
泻褍谢械褕	0.000276	0.040822	0.000011
泻褍谢懈薪邪褉懈懈	0.000827	0.094311	0.000078
泻褍谢懈薪邪褉薪邪褟	0.000276	0.116534	0.000032
泻褍谢懈薪邪褉薪芯械	0.000276	0.116534	0.000032
泻褍谢懈薪邪褉薪褍褞	0.000827	0.040822	0.000034
泻褍谢懈薪邪褉薪褘械	0.000551	2.525729	0.001392
泻褍谢懈薪邪褉薪褘泄	0.000276	0.072571	0.000020
泻褍谢懈薪邪褉薪褘褏	0.000276	0.116534	0.000032
泻褍谢懈褔	0.000276	0.040822	0.000011
泻褍谢懈褔懈	0.000276	0.116534	0.000032
泻褍谢褜褌褍褉械	0.000276	3.912023	0.001078
泻褍谢褜褌褍褉褍	0.000276	3.912023	0.001078
泻褍薪卸褍褌薪芯械	0.001103	2.659260	0.002932
泻褍褉写褋泻邪褟	0.000276	0.116534	0.000032
泻褍褉懈薪邪褟	0.000551	1.021651	0.000563
泻褍褉懈薪芯谐芯	0.000276	0.116534	0.000032
泻褍褉懈薪芯械	0.003583	0.127833	0.000458
泻褍褉懈薪芯泄	0.000276	2.120264	0.000584
泻褍褉懈薪褘泄	0.000276	0.105361	0.000029
泻褍褉懈薪褘褏	0.000276	2.659260	0.000733
泻褍褉懈褑邪	0.000551	0.040822	0.000023
泻褍褉懈褑褘	0.001378	0.116534	0.000161
泻褍褉泻褍屑邪	0.000551	2.040221	0.001125
泻褍褉芯褔泻芯泄	0.000276	0.116534	0.000032
泻褍褋泻褍褋	0.000276	0.040822	0.000011
泻褍褏薪械	0.000276	1.237874	0.000341
泻褍褏薪械泄	0.000276	0.040822	0.000011
泻褍褏薪懈	0.000827	0.040822	0.000034
泻褍褏薪褟	0.000827	0.116534	0.000096
谢邪胁邪褕	0.000551	0.040822	0.000023
谢邪胁邪褕邪	0.001103	0.116534	0.000128
谢邪谐屑邪薪	0.000276	0.040822	0.000011
谢邪泻芯屑褋褌胁芯	0.000276	0.116534	0.000032
谢邪薪泻懈	0.000276	4.605170	0.001269
谢邪锌褕邪	0.001654	0.040822	0.000068
谢邪褌褘褕褋泻邪褟	0.000276	0.116534	0.000032
谢械谐泻邪褟	0.000276	0.116534	0.000032
谢械谐泻懈泄	0.000551	0.116534	0.000064
谢械谐泻芯	0.001654	0.116534	0.000193
谢械锌械褕泻懈	0.000551	0.040822	0.000023
谢械褌邪	0.000276	0.116534	0.000032
谢械褌薪懈械	0.000276	0.040822	0.000011
谢械褌薪褟褟	0.000276	0.116534	0.000032
谢械褌芯	0.001378	0.116534	0.000161
谢械褔芯	0.000276	0.040822	0.000011
谢懈谐邪	0.000827	0.116534	0.000096
谢懈泻械褉	0.000276	0.040822	0.000011
谢懈屑芯薪	0.001103	1.203973	0.001327
谢懈屑芯薪邪写	0.000551	0.040822	0.000023
谢懈褌芯胁褋泻	0.000276	0.127833	0.000035
谢懈褌芯胁褋泻邪褟	0.000276	0.116534	0.000032
谢褍泻	0.004686	0.301105	0.001411
谢褍泻邪	0.000276	2.207275	0.000608
谢褍泻芯屑	0.001378	2.207275	0.003042
谢褍薪薪褘泄	0.000276	3.912023	0.001078
谢褍褔褕懈械	0.000276	0.116534	0.000032
谢褍褔褕懈泄	0.000551	0.040822	0.000023
谢褍褔褕懈褏	0.000276	0.116534	0.000032
谢褞斜胁懈	0.000276	0.105361	0.000029
谢褞斜懈屑邪褟	0.000276	2.525729	0.000696
谢褞斜懈屑芯谐芯	0.000276	0.127833	0.000035
谢褞斜懈屑芯屑褍	0.000276	0.116534	0.000032
谢褞斜懈屑褘械	0.000276	2.995732	0.000826
谢褞斜懈屑褘褏	0.001654	0.116534	0.000193
谢褞斜芯胁褜	0.000276	0.116534	0.000032
谢褞斜芯泄	0.000551	0.116534	0.000064
谢褢写	0.000276	0.127833	0.000035
屑邪谐褉懈斜邪	0.000276	0.116534	0.000032
屑邪泄	0.000276	0.116534	0.000032
屑邪泄芯薪械蟹	0.000276	0.116534	0.000032
屑邪泻邪褉芯薪薪褘械	0.000276	0.116534	0.000032
屑邪泻邪褉芯薪褘	0.000276	0.040822	0.000011
屑邪谢邪蟹懈泄褋泻邪褟	0.000276	0.116534	0.000032
屑邪薪薪懈泻	0.000276	0.040822	0.000011
屑邪薪褋邪褉写芯泄	0.000551	0.755023	0.000416
屑邪薪褌褘	0.000276	0.116534	0.000032
屑邪薪褢胁褉褘	0.000276	0.116534	0.000032
屑邪褉邪褎芯薪	0.000827	0.116534	0.000096
屑邪褉懈薪邪写	0.002756	0.040822	0.000113
屑邪褉懈薪邪写褘	0.000827	0.116534	0.000096
屑邪褉懈薪芯胁邪薪薪褘械	0.000551	0.116534	0.000064
屑邪褉屑械谢邪写	0.000276	0.040822	0.000011
屑邪褉芯泻泻邪薪褋泻邪褟	0.000276	0.116534	0.000032
屑邪褉褌邪	0.001378	0.105361	0.000145
屑邪褋泻邪褉锌芯薪械	0.000276	0.040822	0.000011
屑邪褋谢邪	0.000276	1.237874	0.000341
屑邪褋谢械	0.000276	2.659260	0.000733
屑邪褋谢械薪懈褑邪	0.000827	0.040822	0.000034
屑邪褋谢械薪懈褔薪芯械	0.000276	0.116534	0.000032
屑邪褋谢械薪懈褔薪褍褞	0.000276	3.506558	0.000967
屑邪褋谢芯	0.010750	0.116534	0.001253
屑邪褋谢芯屑	0.000276	0.116534	0.000032
屑邪褋谢褟褌邪	0.000276	3.506558	0.000967
屑邪褋褌械褉	0.002481	0.116534	0.000289
屑邪褋褌懈泻邪	0.000276	0.040822	0.000011
屑邪褋褌懈泻懈	0.000276	0.116534	0.000032
屑邪褎褎懈薪褘	0.000276	0.116534	0.000032
屑邪褏械械胁褗	0.001103	0.116534	0.000128
屑械写懈邪褎芯褉褌	0.000827	0.000000	0.000000
屑械写谢械薪薪芯谐芯	0.000276	4.605170	0.001269
屑械写芯胁褘泄	0.000276	0.116534	0.000032
屑械泻褋懈泻邪薪褋泻邪褟	0.000276	0.116534	0.000032
屑械薪褞	0.000276	0.116534	0.000032
屑械薪褟	0.000276	0.083382	0.000023
屑械薪褟械褌褋褟	0.000276	0.116534	0.000032
屑械褋褜械	0.000827	3.218876	0.002662
屑械褔褌邪	0.000276	0.116534	0.000032
屑械褔褌褘	0.000551	0.040822	0.000023
屑械褕泻芯胁	0.000276	4.605170	0.001269
屑懈写懈懈	0.000276	0.040822	0.000011
屑懈泻褉芯胁芯谢薪芯胁泻械	0.000276	0.116534	0.000032
屑懈谢褜械	0.000276	0.116534	0.000032
屑懈薪写邪谢褜	0.001103	2.040221	0.002249
屑懈薪褍褌	0.000827	0.755023	0.000624
屑懈芯	0.000276	0.116534	0.000032
屑懈褉	0.000276	0.116534	0.000032
屑懈褉邪	0.000276	0.116534	0.000032
屑懈褉芯胁邪褟	0.000276	0.116534	0.000032
屑懈褉褍	0.000276	4.605170	0.001269
屑懈褋芯	0.000276	0.040822	0.000011
屑懈褋褌械褉懈褟	0.000276	0.116534	0.000032
屑懈褋褌褉邪谢褜	0.001929	0.116534	0.000225
屑薪芯卸械褋褌胁芯屑	0.000276	0.040822	0.000011
屑芯械	0.000276	0.116534	0.000032
屑芯卸械褌械	0.000551	0.000000	0.000000
屑芯泄	0.000276	0.105361	0.000029
屑芯谢写邪胁褋泻邪褟	0.000276	0.116534	0.000032
屑芯谢芯写邪褟	0.000551	3.506558	0.001933
屑芯谢芯泻械	0.000276	0.105361	0.000029
屑芯谢芯泻芯	0.001929	0.116534	0.000225
屑芯谢芯褔薪褘泄	0.000551	0.040822	0.000023
屑芯谢芯褔薪褘褏	0.000276	0.116534	0.000032
屑芯屑械薪褌	0.000827	0.116534	0.000096
屑芯薪谐芯谢褜褋泻邪褟	0.000276	0.116534	0.000032
屑芯褉械	0.000276	0.116534	0.000032
屑芯褉械锌褉芯写褍泻褌芯胁	0.003583	0.040822	0.000146
屑芯褉械锌褉芯写褍泻褌褘	0.000551	0.116534	0.000064
屑芯褉泻芯胁泻邪	0.000276	3.218876	0.000887
屑芯褉泻芯胁褜	0.000827	0.040822	0.000034
屑芯褉芯卸械薪芯械	0.000827	0.040822	0.000034
屑芯褉褋	0.000276	0.040822	0.000011
屑芯褉褋褘	0.000276	0.116534	0.000032
屑芯褌芯褉	0.000276	0.116534	0.000032
屑芯褏懈褌芯	0.000276	0.040822	0.000011
屑芯褑邪褉械谢谢邪	0.000827	2.813411	0.002326
屑芯褟	0.000276	1.427116	0.000393
屑褍卸褋泻邪褟	0.000276	0.127833	0.000035
屑褍卸褔懈薪褘	0.000551	0.116534	0.000064
屑褍泻邪	0.002205	0.274437	0.000605
屑褍谢褜褌懈胁邪褉泻械	0.010474	0.116534	0.001221
屑褍谢褜褌懈锌械泻邪褉械泄	0.000827	0.116534	0.000096
屑褍褋芯褉邪	0.000276	3.506558	0.000967
屑褍褋褋	0.000276	0.040822	0.000011
屑褍褋褋褘	0.000551	0.116534	0.000064
屑褍褔薪褘械	0.000276	0.116534	0.000032
屑褞褋谢懈	0.000551	0.116534	0.000064
屑褟谐泻懈泄	0.000551	1.386294	0.000764
屑褟谐泻懈屑	0.000276	2.120264	0.000584
屑褟谐泻芯褋褌懈	0.000276	4.605170	0.001269
屑褟褋邪	0.002756	0.116534	0.000321
屑褟褋薪芯谐芯	0.000551	0.116534	0.000064
屑褟褋薪芯泄	0.000827	0.116534	0.000096
屑褟褋薪褘械	0.001378	0.040822	0.000056
屑褟褋薪褘褏	0.000827	0.116534	0.000096
屑褟褋芯	0.002481	0.040822	0.000101
屑褟褋芯屑	0.001654	0.040822	0.000068
屑褟褋芯褉褍斜泻褍	0.000276	3.506558	0.000967
屑褟褋褍	0.000551	0.116534	0.000064
薪邪胁褘泻芯胁	0.000276	3.506558	0.000967
薪邪卸邪谢	0.000276	3.506558	0.000967
薪邪蟹邪写	0.000551	0.967584	0.000533
薪邪蟹薪邪褔械薪懈褟	0.000276	0.116534	0.000032
薪邪谢懈胁泻邪	0.000276	0.040822	0.000011
薪邪锌懈褌泻懈	0.001654	0.040822	0.000068
薪邪锌懈褌芯泻	0.000276	0.040822	0.000011
薪邪褋褌芯泄泻邪	0.000276	0.040822	0.000011
薪邪褋褌褉芯械薪懈械	0.000276	0.116534	0.000032
薪邪褋褘褖械薪薪褘泄	0.000276	1.897120	0.000523
薪邪褑懈芯薪邪谢褜薪褘械	0.000276	0.116534	0.000032
薪邪褔懈薪懈褌褜	0.000276	3.218876	0.000887
薪邪褔懈薪泻邪	0.000551	0.040822	0.000023
薪邪褔懈薪泻芯泄	0.000276	0.116534	0.000032
薪邪褔懈褋褌懈褌褜	0.000276	3.506558	0.000967
薪邪褕械泄	0.000276	1.347074	0.000371
薪邪褕械屑	0.000276	0.040822	0.000011
薪邪褕懈	0.000276	0.061875	0.000017
薪邪褕谢邪	0.000276	0.579818	0.000160
薪械斜芯谢褜褕懈屑	0.000276	3.506558	0.000967
薪械胁械褉芯褟褌薪芯	0.000276	1.386294	0.000382
薪械写械谢褞	0.000276	1.897120	0.000523
薪械写械谢褟	0.002756	0.061875	0.000171
薪械卸薪芯泄	0.000276	0.116534	0.000032
薪械卸薪褘泄	0.000276	0.891598	0.000246
薪械屑械褑泻邪褟	0.000276	0.116534	0.000032
薪械屑薪芯谐芯	0.000276	1.203973	0.000332
薪械芯卸懈写邪薪薪褘械	0.000276	0.116534	0.000032
薪械锌芯褋褉械写褋褌胁械薪薪芯	0.000276	2.995732	0.000826
薪械褋谢邪写泻芯械	0.000276	0.116534	0.000032
薪械褋谢芯卸薪褘泄	0.000276	3.218876	0.000887
薪芯胁邪褟	0.000276	0.116534	0.000032
薪芯胁芯谐芯写薪械谐芯	0.001378	0.116534	0.000161
薪芯胁芯谐芯写薪械械	0.000827	0.116534	0.000096
薪芯胁芯谐芯写薪懈械	0.001654	0.040822	0.000068
薪芯胁芯谐芯写薪懈泄	0.001929	0.116534	0.000225
薪芯胁芯谐芯写薪褟褟	0.000276	0.105361	0.000029
薪芯胁芯褋褌褟褏	0.000276	0.061875	0.000017
薪芯胁褘械	0.000551	0.051293	0.000028
薪芯胁褘泄	0.003308	0.094311	0.000312
薪芯褉胁械卸褋泻邪褟	0.000276	0.116534	0.000032
芯斜械写	0.000827	0.105361	0.000087
芯斜械蟹褜褟薪褘	0.000276	0.116534	0.000032
芯斜卸邪褉械薪薪褘泄	0.000276	3.218876	0.000887
芯斜卸邪褉懈胁邪褞褌褋褟	0.000551	3.506558	0.001933
芯斜褉邪蟹	0.000551	3.506558	0.001933
芯斜褉邪蟹芯屑	0.000276	2.207275	0.000608
芯斜褖邪褌褜褋褟	0.000276	0.040822	0.000011
芯斜褟蟹邪褌械谢褜薪芯	0.000551	0.967584	0.000533
芯胁芯褖邪屑懈	0.000551	0.116534	0.000064
芯胁芯褖械泄	0.006064	0.105361	0.000639
芯胁芯褖懈	0.001654	0.094311	0.000156
芯胁芯褖薪邪褟	0.000827	0.040822	0.000034
芯胁芯褖薪芯械	0.000551	0.116534	0.000064
芯胁芯褖薪芯泄	0.000551	0.105361	0.000058
芯胁芯褖薪褘械	0.001378	0.040822	0.000056
芯胁褋褟薪芯械	0.000276	0.116534	0.000032
芯谐薪械薪薪芯泄	0.000276	0.116534	0.000032
芯谐薪褟	0.000276	0.116534	0.000032
芯谐褍褉褑褘	0.000551	0.116534	0.000064
芯写薪芯胁褉械屑械薪薪芯	0.000276	3.218876	0.000887
芯写薪褍	0.000276	2.813411	0.000775
芯蟹薪邪褔邪械褌	0.000276	2.995732	0.000826
芯蟹薪邪褔邪褞褖械械	0.000276	4.605170	0.001269
芯泻邪蟹邪谢懈褋褜	0.000276	3.506558	0.000967
芯泻褉芯褕泻邪	0.000827	0.040822	0.000034
芯谢邪写褜懈	0.001103	0.040822	0.000045
芯谢械泄薪邪	0.000827	0.116534	0.000096
芯谢械泄薪芯泄	0.001103	0.116534	0.000128
芯谢械泄薪褘	0.000276	0.127833	0.000035
芯谢懈胁泻懈	0.000551	2.207275	0.001217
芯谢懈胁泻芯胁芯谐芯	0.000276	4.605170	0.001269
芯谢懈胁泻芯胁芯械	0.003308	0.544727	0.001802
芯屑谢械褌	0.000276	0.040822	0.000011
芯锌邪褉邪	0.000276	0.040822	0.000011
芯锌褉芯褋	0.000276	0.061875	0.000017
芯锌褟褌邪	0.000276	3.506558	0.000967
芯褉械谐邪薪芯	0.000551	2.525729	0.001392
芯褉械褏懈	0.000276	1.139434	0.000314
芯褉械褏芯胁褘泄	0.000276	3.218876	0.000887
芯褉蟹芯	0.000276	4.605170	0.001269
芯褋械薪薪械械	0.000276	0.116534	0.000032
芯褋械薪薪懈械	0.000276	0.051293	0.000014
芯褋械薪薪懈泄	0.000551	0.116534	0.000064
芯褋械薪褜	0.002756	0.105361	0.000290
芯褋薪芯胁薪芯械	0.000276	0.040822	0.000011
芯褋薪芯胁褍	0.000276	2.813411	0.000775
芯褋芯斜械薪薪褘泄	0.000551	2.995732	0.001651
芯褋褌邪械褌褋褟	0.000276	0.116534	0.000032
芯褌胁械褌懈褌褜	0.000276	0.051293	0.000014
芯褌胁械褌芯胁	0.000276	0.051293	0.000014
芯褌胁械褌褘	0.000276	0.000000	0.000000
芯褌泻褉褘褌褘泄	0.000551	0.116534	0.000064
芯褌谢懈褔邪械褌褋褟	0.000276	1.771957	0.000488
芯褌谢懈褔薪芯	0.000276	1.514128	0.000417
芯褌屑械薪懈褌褜	0.000276	0.040822	0.000011
芯褌屑械褔邪褞褌	0.000276	3.912023	0.001078
芯褌褋褍褌褋褌胁懈械	0.000276	2.995732	0.000826
芯褌褌芯谢械薪谐谐懈	0.000276	4.605170	0.001269
芯褏谢邪写懈褌褜	0.000276	0.116534	0.000032
锌邪泻械褌懈泻邪褏	0.000276	0.105361	0.000029
锌邪谢芯褔泻懈	0.000276	0.040822	0.000011
锌邪薪懈褉芯胁泻邪	0.002205	0.116534	0.000257
锌邪褉邪	0.000276	0.116534	0.000032
锌邪褉邪写	0.001929	0.116534	0.000225
锌邪褉芯胁邪褉泻械	0.003032	0.116534	0.000353
锌邪褉芯谢褜	0.000276	0.020203	0.000006
锌邪褉褍	0.000276	1.966113	0.000542
锌邪褉褘	0.000276	3.506558	0.000967
锌邪褋褌邪	0.001929	0.040822	0.000079
锌邪褋褌褉芯屑邪	0.000276	0.040822	0.000011
锌邪褋褏邪	0.000551	0.040822	0.000023
锌邪褋褏邪谢褜薪邪褟	0.000551	0.116534	0.000064
锌邪褋褏邪谢褜薪褘泄	0.000276	0.127833	0.000035
锌邪褌邪褌械褋	0.000551	4.605170	0.002539
锌邪褍褌懈薪薪懈泻懈	0.000276	3.506558	0.000967
锌邪褕褌械褌	0.000276	0.040822	0.000011
锌邪褕褌械褌褘	0.000551	0.116534	0.000064
锌械泻邪褉褟	0.000276	0.127833	0.000035
锌械谢褜屑械薪懈	0.000276	0.116534	0.000032
锌械褉胁芯械	0.000551	0.040822	0.000023
锌械褉胁褘械	0.000276	0.127833	0.000035
锌械褉胁褘屑	0.000276	0.116534	0.000032
锌械褉械胁械谢邪	0.000276	3.912023	0.001078
锌械褉械泄褌懈	0.000276	0.040822	0.000011
锌械褉械泻褍褋	0.000551	0.116534	0.000064
锌械褉械褑	0.005237	0.040822	0.000214
锌械褉褋芯薪褘	0.000276	0.116534	0.000032
锌械褉褍邪薪褋泻邪褟	0.000276	0.116534	0.000032
锌械褉褑械屑	0.000276	2.525729	0.000696
锌械褉褔懈屑	0.000276	3.506558	0.000967
锌械褋芯褔薪芯械	0.000551	0.105361	0.000058
锌械褋芯褔薪褘泄	0.000276	0.116534	0.000032
锌械褌械谢懈薪泻懈	0.000276	0.127833	0.000035
锌械褌褉褍褕泻邪	0.000551	0.693147	0.000382
锌械褔械薪芯褔薪褘泄	0.000276	0.040822	0.000011
锌械褔械薪褜械	0.002481	0.040822	0.000101
锌械褔懈	0.000276	0.127833	0.000035
锌械褔泻褍	0.000276	3.218876	0.000887
锌械褔褜	0.000276	1.966113	0.000542
锌懈胁芯	0.000276	0.116534	0.000032
锌懈泻邪薪褌薪芯泄	0.000276	2.659260	0.000733
锌懈泻邪薪褌褘	0.000276	0.127833	0.000035
锌懈泻薪懈泻	0.000551	0.116534	0.000064
锌懈泻薪懈泻邪	0.000276	0.116534	0.000032
锌懈泻薪懈泻褍	0.000276	0.105361	0.000029
锌懈褉	0.000276	0.116534	0.000032
锌懈褉芯谐	0.002756	0.040822	0.000113
锌懈褉芯谐邪	0.000276	1.309333	0.000361
锌懈褉芯谐懈	0.001103	0.105361	0.000116
锌懈褉芯卸泻懈	0.000551	0.040822	0.000023
锌懈褉芯卸薪芯械	0.000276	0.040822	0.000011
锌懈褉芯卸薪褘械	0.000276	0.116534	0.000032
锌懈褌邪薪懈械	0.001378	0.105361	0.000145
锌懈褑褑邪	0.000551	0.040822	0.000023
锌谢邪屑褟	0.000276	0.116534	0.000032
锌谢懈褌邪	0.001103	0.127833	0.000141
锌谢芯胁	0.000276	0.116534	0.000032
锌谢芯写褘	0.000276	0.116534	0.000032
锌芯胁邪谢褟泄褋褟	0.000276	3.506558	0.000967
锌芯胁邪褉邪	0.000276	1.514128	0.000417
锌芯胁邪褉械薪泻械	0.000276	0.040822	0.000011
锌芯胁邪褉械薪芯泻	0.000276	0.061875	0.000017
锌芯胁邪褉芯胁	0.000276	2.995732	0.000826
锌芯胁邪褉褟褌	0.000276	0.116534	0.000032
锌芯胁邪褉褟褌邪屑懈	0.000276	0.040822	0.000011
锌芯胁邪褉褢薪泻邪	0.000276	0.116534	0.000032
锌芯胁懈写谢芯	0.000276	0.040822	0.000011
锌芯写邪褉泻芯胁	0.000276	0.116534	0.000032
锌芯写邪褌褜	0.000276	1.560648	0.000430
锌芯写斜芯褉	0.000276	1.514128	0.000417
锌芯写谐芯褌芯胁懈褌褜	0.000276	2.813411	0.000775
锌芯写卸邪褉懈褋褌褘屑	0.000276	4.605170	0.001269
锌芯写泻褉械锌懈褌褜褋褟	0.000276	4.605170	0.001269
锌芯写谢懈胁邪	0.000276	0.116534	0.000032
锌芯写谢懈胁泻邪	0.000276	0.040822	0.000011
锌芯写谢懈胁褍	0.000276	3.912023	0.001078
锌芯写芯泄写褍褌	0.000276	2.207275	0.000608
锌芯写锌懈褋邪褌褜褋褟	0.000276	0.040822	0.000011
锌芯写锌懈褕懈褌械褋褜	0.000551	0.040822	0.000023
锌芯写褏芯写懈褌	0.000551	1.897120	0.001046
锌芯械写懈薪泻懈	0.003859	0.116534	0.000450
锌芯蟹邪胁褔械褉邪	0.000551	2.813411	0.001551
锌芯蟹写褉邪胁褜	0.000276	0.116534	0.000032
锌芯懈褋泻	0.000276	0.051293	0.000014
锌芯谢写薪懈泻	0.000551	0.116534	0.000064
锌芯谢械蟹薪芯	0.000276	0.116534	0.000032
锌芯谢械薪褌褘	0.000276	3.912023	0.001078
锌芯谢懈褌懈泻芯泄	0.000276	0.040822	0.000011
锌芯谢薪芯褑械薪薪褘泄	0.000276	2.995732	0.000826
锌芯谢芯胁懈薪邪	0.002205	0.116534	0.000257
锌芯谢芯薪	0.000276	3.912023	0.001078
锌芯谢褍褔邪械褌褋褟	0.000276	0.400478	0.000110
锌芯谢褍褔邪泄褌械	0.000276	0.040822	0.000011
锌芯谢褍褔邪褌褜	0.000276	0.040822	0.000011
锌芯谢褍褔懈胁褕懈泄褋褟	0.000276	3.912023	0.001078
锌芯谢褜蟹邪	0.000276	0.127833	0.000035
锌芯谢褜蟹芯泄	0.001103	0.116534	0.000128
锌芯谢褜蟹褍	0.000276	3.506558	0.000967
锌芯谢褜褋泻邪褟	0.000276	0.116534	0.000032
锌芯屑邪写泻邪	0.000551	0.040822	0.000023
锌芯屑邪写泻懈	0.000276	0.116534	0.000032
锌芯屑懈写芯褉泻懈	0.000276	0.127833	0.000035
锌芯屑懈写芯褉芯胁	0.000276	2.525729	0.000696
锌芯屑懈写芯褉褘	0.000551	0.116534	0.000064
锌芯屑芯卸械褌	0.000551	2.995732	0.001651
锌芯薪褉邪胁懈胁褕懈械褋褟	0.000276	0.040822	0.000011
锌芯薪褔懈泻懈	0.000551	0.040822	0.000023
锌芯锌褉芯斜褍泄褌械	0.000276	0.562119	0.000155
锌芯褉邪	0.000276	0.116534	0.000032
锌芯褉邪写褍械褌	0.000276	1.660731	0.000458
锌芯褉械械屑	0.000827	3.506558	0.002900
锌芯褉械泄	0.000827	2.302585	0.001904
锌芯褉械褟	0.000276	3.506558	0.000967
锌芯褉芯褕芯泻	0.001103	0.916291	0.001010
锌芯褉褌褍谐邪谢褜褋泻邪褟	0.000276	0.116534	0.000032
锌芯褉褑懈械泄	0.000276	4.605170	0.001269
锌芯褋械褖邪械褌械	0.000276	0.061875	0.000017
锌芯褋谢邪薪懈褟褏	0.000276	3.912023	0.001078
锌芯褋谢褍卸懈褌	0.000276	3.218876	0.000887
锌芯褋褌	0.001378	0.105361	0.000145
锌芯褋褌邪胁懈谢	0.000276	2.995732	0.000826
锌芯褋褌薪芯械	0.000276	0.116534	0.000032
锌芯褋褌薪褘械	0.000276	0.040822	0.000011
锌芯褋褌薪褘泄	0.000276	0.116534	0.000032
锌芯褋褌芯褟薪薪芯	0.000276	0.040822	0.000011
锌芯褋褌褉芯懈屑	0.000276	0.116534	0.000032
锌芯褋褍写邪	0.000551	0.094311	0.000052
锌芯褋褘锌邪械褌褋褟	0.000276	3.912023	0.001078
锌芯褌褉邪褌懈褌械	0.000276	4.605170	0.001269
锌芯褌褉械斜薪芯褋褌懈	0.000276	3.506558	0.000967
锌芯褔褌褍	0.000276	0.040822	0.000011
锌芯褕邪谐芯胁褘械	0.000276	0.301105	0.000083
锌芯褕邪谐芯胁褘屑懈	0.000276	0.040822	0.000011
锌芯褟胁谢褟械褌褋褟	0.000276	3.506558	0.000967
锌褉邪胁写邪	0.000276	1.139434	0.000314
锌褉邪蟹写薪懈泻邪	0.000276	0.116534	0.000032
锌褉邪蟹写薪懈褔薪芯	0.000276	0.116534	0.000032
锌褉邪蟹写薪懈褔薪芯谐芯	0.000276	0.116534	0.000032
锌褉邪蟹写薪懈褔薪褘泄	0.000276	0.116534	0.000032
锌褉邪蟹写薪懈褔薪褘屑	0.000276	2.995732	0.000826
锌褉邪泻褌懈泻褍屑	0.000276	0.116534	0.000032
锌褉械胁芯褋褏芯写薪褘械	0.000276	0.116534	0.000032
锌褉械胁褉邪褌懈褌褜	0.000276	3.912023	0.001078
锌褉械胁褉邪褖械薪懈褟	0.000276	0.116534	0.000032
锌褉械写谢邪谐邪械褌褋褟	0.000551	3.218876	0.001774
锌褉械写谢芯卸懈谢邪	0.000276	3.218876	0.000887
锌褉械写褋褌邪胁谢褟褞褌	0.000276	3.912023	0.001078
锌褉械泻褉邪褋薪褘屑	0.000276	3.218876	0.000887
锌褉械褋薪芯械	0.000276	0.116534	0.000032
锌褉懈谐芯褌芯胁懈屑	0.000276	0.116534	0.000032
锌褉懈谐芯褌芯胁懈褌褜	0.000551	0.342490	0.000189
锌褉懈谐芯褌芯胁谢械薪懈械	0.000551	0.105361	0.000058
锌褉懈谐芯褌芯胁谢械薪懈懈	0.000276	0.798508	0.000220
锌褉懈谐芯褌芯胁谢械薪懈褞	0.000276	0.040822	0.000011
锌褉懈谐芯褌芯胁谢械薪懈褟	0.001654	0.371064	0.000614
锌褉懈谐芯褌芯胁谢械薪薪邪褟	0.000276	3.506558	0.000967
锌褉懈谐芯褌芯胁褜褌械	0.000276	1.897120	0.000523
锌褉懈写邪械褌	0.000276	2.302585	0.000635
锌褉懈蟹薪邪薪懈械	0.000276	0.116534	0.000032
锌褉懈蟹芯胁	0.000276	0.040822	0.000011
锌褉懈泄褌懈	0.000276	3.506558	0.000967
锌褉懈屑械褉薪芯	0.000276	1.966113	0.000542
锌褉懈锌褉邪胁邪	0.001378	0.040822	0.000056
锌褉懈锌褉邪胁褍	0.000276	3.912023	0.001078
锌褉懈褉芯写褍	0.000276	0.116534	0.000032
锌褉懈褉芯写褘	0.000276	0.116534	0.000032
锌褉懈褋褌褍锌懈褌褜	0.000276	0.040822	0.000011
锌褉懈褕谢芯	0.000276	3.218876	0.000887
锌褉芯斜芯胁邪谢懈	0.000276	2.407946	0.000664
锌褉芯胁械写懈	0.001103	0.116534	0.000128
锌褉芯胁械褉械薪芯	0.001654	0.116534	0.000193
锌褉芯胁芯写懈屑褘褏	0.000276	0.040822	0.000011
锌褉芯胁芯卸邪械屑	0.000276	0.116534	0.000032
锌褉芯谐褍谢泻懈	0.000276	4.605170	0.001269
锌褉芯写褍泻褌邪屑懈	0.000276	2.995732	0.000826
锌褉芯写褍泻褌芯胁	0.000276	0.094311	0.000026
锌褉芯写褍泻褌褘	0.000276	1.386294	0.000382
锌褉芯械泻褌芯胁	0.000276	0.116534	0.000032
锌褉芯械泻褌褘	0.000276	0.061875	0.000017
锌褉芯锌懈褋邪谢褋褟	0.000276	4.605170	0.001269
锌褉芯锌褍褋泻邪械褌褋褟	0.000276	3.506558	0.000967
锌褉芯褋屑芯褌褉邪屑	0.000276	0.274437	0.000076
锌褉芯褋褌芯	0.001654	0.083382	0.000138
锌褉芯褋褌芯谐芯	0.000276	2.040221	0.000562
锌褉芯褋褌芯械	0.000827	1.514128	0.001252
锌褉芯褋褌芯泻胁邪褕邪	0.000276	0.040822	0.000011
锌褉芯褎懈谢褜	0.000276	0.040822	0.000011
锌褉芯褑胁械褌邪薪懈褟	0.000551	3.912023	0.002157
锌褉褟屑芯	0.000276	0.040822	0.000011
锌褉褟薪懈泻	0.000276	0.040822	0.000011
锌褉褟薪懈泻懈	0.000276	0.116534	0.000032
锌褉褟薪懈褔薪芯械	0.000276	0.116534	0.000032
锌褌懈褑邪	0.001378	0.116534	0.000161
锌褌懈褑械	0.000551	0.116534	0.000064
锌褌懈褑械泄	0.000276	0.127833	0.000035
锌褌懈褑褘	0.003583	0.116534	0.000418
锌褍写懈薪谐	0.000276	0.040822	0.000011
锌褍写懈薪谐懈	0.000551	0.116534	0.000064
锌褍薪褕	0.000276	0.040822	0.000011
锌褍褌械褕械褋褌胁懈械	0.000551	0.116534	0.000064
锌褍褌褜	0.000276	0.116534	0.000032
锌褕械薪懈褔薪邪褟	0.002205	0.287682	0.000634
锌褘褌邪褞褖懈褏褋褟	0.000276	4.605170	0.001269
锌褘褕泻懈	0.000276	0.040822	0.000011
锌褞褉械	0.001103	0.040822	0.000045
锌褟褌薪邪写褑邪褌褜	0.000276	3.218876	0.000887
锌褟褌芯泻	0.000276	3.506558	0.000967
褉邪谐褍	0.000551	0.116534	0.000064
褉邪蟹胁械褉薪褍褌褜	0.000276	0.116534	0.000032
褉邪蟹写械谢褜薪芯械	0.000276	0.116534	0.000032
褉邪蟹谢懈褔薪褘械	0.000276	2.813411	0.000775
褉邪蟹谢懈褔薪褘屑懈	0.000276	2.995732	0.000826
褉邪蟹薪褘械	0.000276	0.116534	0.000032
褉邪蟹褉褘褏谢懈褌械谢褜	0.000551	1.237874	0.000682
褉邪褋锌谢邪胁谢械薪薪褘屑	0.000276	3.506558	0.000967
褉邪褋锌褉芯褋褌褉邪薪褟械褌褋褟	0.000276	3.506558	0.000967
褉邪褋褋泻邪蟹	0.000276	3.218876	0.000887
褉邪褋褋芯谢褜薪懈泻	0.000551	0.040822	0.000023
褉邪褋褋芯谢褜薪懈泻邪	0.000276	0.116534	0.000032
褉邪褋褋褘谢泻懈	0.000276	0.061875	0.000017
褉邪褋褌懈褌械谢褜薪芯械	0.003308	0.235722	0.000780
褉邪褋褎邪褋芯胁褘胁邪械褌褋褟	0.000276	3.506558	0.000967
褉械谐懈褋褌褉邪褑懈懈	0.000551	0.010050	0.000006
褉械谐懈褋褌褉邪褑懈褟	0.000276	0.000000	0.000000
褉械写泻懈褏	0.000276	3.506558	0.000967
褉械泄褌懈薪谐褍	0.000276	0.248461	0.000068
褉械谢懈褕	0.000551	3.912023	0.002157
褉械锌褔邪褌褘泄	0.002205	0.430783	0.000950
褉械褑械锌褌	0.003583	0.040822	0.000146
褉械褑械锌褌邪褏	0.000276	0.061875	0.000017
褉械褑械锌褌芯胁	0.001929	0.040822	0.000079
褉械褑械锌褌褍	0.000276	0.891598	0.000246
褉械褑械锌褌褘	0.020397	0.040822	0.000833
褉械褕械薪懈械	0.000276	2.813411	0.000775
褉械褕械薪懈械屑	0.000276	4.605170	0.001269
褉懈褋	0.001654	0.040822	0.000068
褉懈褋邪	0.000276	0.116534	0.000032
褉懈褌屑械	0.000276	0.116534	0.000032
褉懈褌褍邪谢芯胁	0.000276	3.912023	0.001078
褉芯谐邪谢懈泻懈	0.000276	0.040822	0.000011
褉芯写薪芯械	0.000276	0.116534	0.000032
褉芯写薪褘褏	0.000276	2.995732	0.000826
褉芯卸写械薪懈褟	0.000276	0.105361	0.000029
褉芯卸写械褋褌胁芯	0.000276	0.116534	0.000032
褉芯蟹屑邪褉懈薪	0.000551	1.609438	0.000887
褉芯谢谢褌芯薪	0.000276	0.116534	0.000032
褉芯谢谢褘	0.000551	0.040822	0.000023
褉芯谢褜	0.000276	3.506558	0.000967
褉芯屑	0.000276	0.040822	0.000011
褉褌褍	0.000276	1.469676	0.000405
褉褍斜褉懈泻邪褌芯褉	0.000276	0.051293	0.000014
褉褍谢械褌	0.000276	0.040822	0.000011
褉褍谢械褌褘	0.002756	0.116534	0.000321
褉褍屑褘薪褋泻邪褟	0.000276	0.116534	0.000032
褉褍屑褟薪褘械	0.000276	0.116534	0.000032
褉褍薪械褌械	0.000276	0.020203	0.000006
褉褍褋褋泻邪褟	0.000276	0.116534	0.000032
褉褘斜邪	0.002481	0.040822	0.000101
褉褘斜械	0.000551	0.116534	0.000064
褉褘斜薪邪褟	0.000276	0.116534	0.000032
褉褘斜薪芯谐芯	0.000551	0.116534	0.000064
褉褘斜薪褘械	0.001103	0.116534	0.000128
褉褘斜薪褘泄	0.000551	0.116534	0.000064
褉褘斜薪褘褏	0.000276	0.116534	0.000032
褉褘斜芯泄	0.000551	0.116534	0.000064
褉褘斜褘	0.003583	0.116534	0.000418
褉褘卸懈泻懈	0.000276	3.506558	0.000967
褉褟卸械薪泻邪	0.000276	0.116534	0.000032
褋邪泄褌	0.000827	0.000000	0.000000
褋邪泄褌械	0.000276	0.462035	0.000127
褋邪泄褌褍	0.000551	0.061875	0.000034
褋邪谢邪褌	0.000276	0.094311	0.000026
褋邪谢邪褌邪	0.000276	1.078810	0.000297
褋邪谢邪褌薪邪褟	0.000276	0.116534	0.000032
褋邪谢邪褌褘	0.008545	0.040822	0.000349
褋邪谢芯	0.000551	2.659260	0.001466
褋邪屑芯谐芯薪	0.000276	0.040822	0.000011
褋邪屑褘泄	0.000276	1.021651	0.000282
褋邪屑褘褏	0.000551	0.116534	0.000064
褋邪褎	0.000827	0.116534	0.000096
褋邪褎褋械屑	0.000276	0.116534	0.000032
褋邪褏邪褉	0.002756	0.116534	0.000321
褋斜懈褌械薪褜	0.000276	0.040822	0.000011
褋胁械卸械褋褌褜	0.000276	0.105361	0.000029
褋胁械卸懈褏	0.000276	2.659260	0.000733
褋胁械泻谢邪	0.001103	0.040822	0.000045
褋胁械泻芯谢褜薪懈泻	0.000551	0.040822	0.000023
褋胁械泻芯谢褜薪褘泄	0.000276	3.218876	0.000887
褋胁械褌邪	0.001103	0.116534	0.000128
褋胁懈薪懈薪邪	0.000276	0.040822	0.000011
褋胁懈薪懈薪褘	0.001103	0.116534	0.000128
褋胁芯械	0.000276	0.116534	0.000032
褋胁芯械屑	0.000276	0.040822	0.000011
褋胁芯懈屑	0.000276	0.040822	0.000011
褋胁芯懈褏	0.000276	1.347074	0.000371
褋胁芯褞	0.000276	0.040822	0.000011
褋谐褍褖械薪泻邪	0.000276	0.040822	0.000011
褋械谐芯写薪褟	0.000827	0.843970	0.000698
褋械蟹芯薪	0.000276	0.116534	0.000032
褋械泄褔邪褋	0.000276	0.030459	0.000008
褋械泻褉械褌褘	0.000551	0.116534	0.000064
褋械谢械写泻邪	0.000276	0.040822	0.000011
褋械屑谐邪	0.000276	0.040822	0.000011
褋械屑械泄薪芯谐芯	0.000276	2.407946	0.000664
褋械屑械泄薪褘泄	0.000276	0.116534	0.000032
褋械屑褜械泄	0.000276	1.897120	0.000523
褋械屑褜懈	0.000827	0.116534	0.000096
褋懈写褉	0.000276	0.040822	0.000011
褋懈屑胁芯谢懈蟹屑	0.000551	3.912023	0.002157
褋懈薪谐邪锌褍褉械	0.000276	3.912023	0.001078
褋懈薪谐邪锌褍褉褋泻懈	0.000551	3.912023	0.002157
褋懈褉懈泄褋泻邪褟	0.000276	0.116534	0.000032
褋懈褉芯锌	0.001378	0.040822	0.000056
褋懈褉芯锌褘	0.000276	0.116534	0.000032
褋懈褋褌械屑褘	0.000276	0.040822	0.000011
褋懈褌懈	0.000276	0.127833	0.000035
褋泻邪蟹芯泻	0.000276	0.116534	0.000032
褋泻邪褉谢械褌褌芯	0.000276	3.912023	0.001078
褋泻芯胁芯褉芯写械	0.000276	1.560648	0.000430
褋泻褉邪褕懈胁邪械褌	0.000276	3.912023	0.001078
褋谢邪写泻邪褟	0.000551	0.116534	0.000064
褋谢邪写泻懈械	0.001654	0.040822	0.000068
褋谢邪写泻懈泄	0.003032	0.105361	0.000319
褋谢邪写泻懈褏	0.000551	0.116534	0.000064
褋谢邪写泻芯	0.000276	0.116534	0.000032
褋谢懈胁芯褔薪芯	0.000276	2.995732	0.000826
褋谢懈胁芯褔薪芯械	0.001929	0.116534	0.000225
褋谢懈胁芯褔薪芯屑	0.000276	2.813411	0.000775
褋谢懈胁芯褔薪褘泄	0.000276	1.469676	0.000405
褋谢芯胁芯	0.000276	2.302585	0.000635
褋谢芯械薪芯谐芯	0.000276	0.127833	0.000035
褋谢芯械薪芯械	0.001378	0.116534	0.000161
褋谢芯械薪褘泄	0.000276	0.116534	0.000032
褋谢芯泄泻邪	0.000276	0.040822	0.000011
褋谢芯泄泻懈	0.000827	0.116534	0.000096
褋屑械褋懈	0.000276	2.995732	0.000826
褋屑械褋褜	0.000276	1.660731	0.000458
褋屑械褌邪薪邪	0.000827	0.105361	0.000087
褋屑械褕邪薪薪芯谐芯	0.000276	0.116534	0.000032
褋屑芯卸械褌械	0.000276	0.040822	0.000011
褋屑褍蟹懈	0.000827	0.040822	0.000034
褋薪芯胁邪	0.000551	2.407946	0.001327
褋薪褝泻	0.000276	0.116534	0.000032
褋薪褟褌褜	0.000276	3.218876	0.000887
褋芯斜懈褉邪械褌械褋褜	0.000276	0.040822	0.000011
褋芯斜褋褌胁械薪薪芯屑	0.000551	2.407946	0.001327
褋芯胁械褉褕械薪薪芯	0.000276	1.171183	0.000323
褋芯胁械褉褕械薪褋褌胁芯	0.001378	0.116534	0.000161
褋芯胁械褌邪屑懈	0.000276	0.040822	0.000011
褋芯胁械褌褍褞	0.000276	1.139434	0.000314
褋芯谐谢邪褕邪械褌械褋褜	0.000276	0.040822	0.000011
褋芯谐褉械胁邪褞褖懈泄	0.000276	4.605170	0.001269
褋芯写邪	0.001103	0.967584	0.001067
褋芯械胁褘泄	0.001103	0.798508	0.000880
褋芯蟹写邪械褌	0.000551	0.116534	0.000064
褋芯蟹写邪薪懈褟	0.000551	0.261365	0.000144
褋芯蟹写邪褌褜	0.000276	3.506558	0.000967
褋芯蟹褉械谢邪	0.000276	3.218876	0.000887
褋芯泻	0.000276	0.116534	0.000032
褋芯泻邪	0.000276	0.105361	0.000029
褋芯泻懈	0.000276	0.040822	0.000011
褋芯泻褍	0.000551	2.407946	0.001327
褋芯谢械薪褘械	0.001103	0.116534	0.000128
褋芯谢械薪褜褟	0.000551	0.116534	0.000064
褋芯谢懈屑	0.000276	3.506558	0.000967
褋芯谢薪械褔薪芯泄	0.000276	0.127833	0.000035
褋芯谢褜	0.007718	0.150823	0.001164
褋芯谢褟薪泻邪	0.000551	0.040822	0.000023
褋芯褉褌懈褉芯胁邪褌褜	0.000276	0.248461	0.000068
褋芯褋褉械写芯褌芯褔械薪	0.000276	3.912023	0.001078
褋芯褋褌邪胁褜	0.000276	0.116534	0.000032
褋芯褍褋	0.003308	0.040822	0.000135
褋芯褍褋邪	0.000276	1.897120	0.000523
褋芯褍褋芯屑	0.001378	0.116534	0.000161
褋芯褍褋褘	0.001103	0.116534	0.000128
褋芯褏褉邪薪褟褌褜	0.000276	0.040822	0.000011
褋芯褑褋械褌懈	0.000276	0.040822	0.000011
褋芯褔械褌邪械褌褋褟	0.000276	2.659260	0.000733
褋芯褔械褌邪薪懈械	0.000276	0.116534	0.000032
褋芯褔械褌邪褞褖邪褟	0.000276	3.506558	0.000967
褋芯褔薪芯械	0.000276	0.116534	0.000032
褋芯褔薪褘屑	0.000276	2.302585	0.000635
褋锌邪谢褜薪褟屑懈	0.000551	0.446287	0.000246
褋锌邪褉卸邪	0.001103	3.506558	0.003866
褋锌械褑懈邪谢褜薪芯械	0.000276	0.116534	0.000032
褋锌械褑懈懈	0.000827	0.105361	0.000087
褋锌械褑懈泄	0.000276	1.966113	0.000542
褋锌械褑锌褉芯械泻褌	0.009096	0.116534	0.001060
褋锌懈褋芯泻	0.000276	0.116534	0.000032
褋锌芯褋芯斜	0.000276	1.427116	0.000393
褋锌芯褞	0.000276	0.116534	0.000032
褋锌褉邪胁懈褌褋褟	0.000276	2.995732	0.000826
褋褉械写懈蟹械屑薪芯屑芯褉褋泻邪褟	0.000276	0.127833	0.000035
褋褌邪褉褘械	0.000276	0.261365	0.000072
褋褌邪褌褜褟褏	0.000276	0.061875	0.000017
褋褌械褉懈谢褜薪褘屑	0.000276	3.506558	0.000967
褋褌懈谢械	0.000276	0.116534	0.000032
褋褌懈谢褟	0.000276	0.116534	0.000032
褋褌芯懈褌	0.000276	1.771957	0.000488
褋褌芯谢	0.000827	0.105361	0.000087
褋褌芯谢邪	0.001654	0.116534	0.000193
褋褌芯谢芯屑	0.000276	2.995732	0.000826
褋褌褉芯懈褌械谢褜褋褌胁械	0.000276	0.040822	0.000011
褋褌褉芯懈褌械谢褜褋褌胁褍	0.000276	0.040822	0.000011
褋褌褉芯懈褌褜	0.000276	0.040822	0.000011
褋褌褉芯泄薪芯泄	0.000276	0.116534	0.000032
褋褌褉褍褔泻芯胁邪褟	0.000827	3.506558	0.002900
褋褍斜锌褉芯写褍泻褌芯胁	0.001929	0.116534	0.000225
褋褍斜锌褉芯写褍泻褌褘	0.000827	0.116534	0.000096
褋褍屑邪褏	0.000551	3.218876	0.001774
褋褍锌	0.003032	0.040822	0.000124
褋褍锌邪	0.000276	0.040822	0.000011
褋褍锌褘	0.003308	0.040822	0.000135
褋褍褎谢械	0.000827	0.040822	0.000034
褋褍褏邪褉懈	0.000276	0.040822	0.000011
褋褍褕懈	0.000551	0.040822	0.000023
褋褘褉	0.001929	0.040822	0.000079
褋褘褉邪	0.001378	0.116534	0.000161
褋褘褉邪屑懈	0.000276	0.127833	0.000035
褋褘褉薪懈泻	0.000276	0.040822	0.000011
褋褘褉薪懈泻懈	0.000827	0.116534	0.000096
褋褘褉薪褘械	0.001103	0.040822	0.000045
褋褘褉芯械卸械泻	0.000276	3.506558	0.000967
褋褘褉芯屑	0.001103	0.713350	0.000786
褋褘褉褘	0.000276	3.506558	0.000967
褋褘褌薪褘泄	0.000551	0.105361	0.000058
褋褘褔褍卸薪褘屑懈	0.000276	0.127833	0.000035
褋褝薪写胁懈褔懈	0.000551	0.127833	0.000070
褋褞褉锌褉懈蟹	0.000276	0.116534	0.000032
褌邪写卸懈泻褋泻邪褟	0.000276	0.116534	0.000032
褌邪械褌	0.000276	2.120264	0.000584
褌邪泄褋泻邪褟	0.000276	0.116534	0.000032
褌邪泻懈	0.000276	1.237874	0.000341
褌邪泻懈屑	0.000276	1.021651	0.000282
褌邪褉褌	0.000276	0.116534	0.000032
褌邪褉褌邪谢械褌泻懈	0.000551	0.040822	0.000023
褌邪褌邪褉褋泻邪褟	0.000276	0.116534	0.000032
褌胁械褉写褘泄	0.000551	0.562119	0.000310
褌胁芯懈	0.000551	0.116534	0.000064
褌胁芯褉懈	0.000276	0.116534	0.000032
褌胁芯褉芯谐	0.000551	0.040822	0.000023
褌胁芯褉芯谐芯屑	0.000276	0.105361	0.000029
褌胁芯褉芯卸薪芯械	0.000276	0.116534	0.000032
褌胁芯褉芯卸薪褘械	0.000551	0.116534	0.000064
褌胁芯褉芯卸薪褘泄	0.000276	0.116534	0.000032
褌械谢械谐褉邪屑	0.000276	0.040822	0.000011
褌械谢褟褌懈薪褘	0.001103	0.116534	0.000128
褌械屑薪褘泄	0.000551	2.040221	0.001125
褌械屑锌械褉邪褌褍褉褍	0.000276	3.506558	0.000967
褌械屑褍	0.000276	2.995732	0.000826
褌械锌械褉褜	0.000276	0.916291	0.000253
褌械锌谢芯屑	0.000276	0.116534	0.000032
褌械锌谢褘械	0.000276	3.506558	0.000967
褌械褉褉懈薪	0.000276	0.040822	0.000011
褌械褋褌	0.001378	0.127833	0.000176
褌械褋褌邪	0.003032	0.105361	0.000319
褌械褋褌芯	0.003583	0.040822	0.000146
褌械褏	0.000276	0.634878	0.000175
褌械褏薪懈泻邪	0.001378	0.105361	0.000145
褌械褖懈薪	0.000276	0.040822	0.000011
褌懈锌邪	0.000276	2.995732	0.000826
褌屑	0.001103	0.127833	0.000141
褌芯谢械写芯	0.000276	4.605170	0.001269
褌芯屑邪褌薪邪褟	0.000551	1.560648	0.000860
褌芯屑邪褌褘	0.000551	2.302585	0.001269
褌芯锌谢械薪芯械	0.000827	0.116534	0.000096
褌芯褉芯锌懈褋褜	0.000276	3.506558	0.000967
褌芯褉褌	0.003308	0.040822	0.000135
褌芯褉褌褘	0.002481	0.116534	0.000289
褌芯褋褌械	0.000276	3.506558	0.000967
褌褉邪胁褘	0.000276	0.105361	0.000029
褌褉邪写懈褑懈懈	0.000276	0.116534	0.000032
褌褉邪写懈褑懈泄	0.001103	0.116534	0.000128
褌褉邪写懈褑懈芯薪薪芯泄	0.000276	3.218876	0.000887
褌褉邪写懈褑懈褟褏	0.000276	0.116534	0.000032
褌褉械褏谢械褌懈械屑	0.000276	0.116534	0.000032
褌褉芯泄泻懈	0.000276	3.506558	0.000967
褌褉褍斜芯褔泻懈	0.000276	0.040822	0.000011
褌褍薪懈褋褋泻邪褟	0.000276	0.116534	0.000032
褌褍薪褑芯屑	0.000276	0.116534	0.000032
褌褍褉械褑泻邪褟	0.000276	0.116534	0.000032
褌褍褕械薪褘褏	0.000276	4.605170	0.001269
褌褘泻胁邪	0.000276	0.040822	0.000011
褍胁械写芯屑谢械薪懈褟	0.000276	0.040822	0.000011
褍胁械谢懈褔懈胁	0.000276	3.506558	0.000967
褍写邪褔懈	0.000551	3.218876	0.001774
褍写邪褔薪邪褟	0.000276	0.116534	0.000032
褍写懈胁懈	0.000276	0.116534	0.000032
褍写懈胁懈褌械	0.000276	3.218876	0.000887
褍写懈胁谢褟泄褌械	0.001103	0.116534	0.000128
褍写芯胁芯谢褜褋褌胁懈械屑	0.000276	0.116534	0.000032
褍卸懈薪	0.002205	0.094311	0.000208
褍卸懈薪邪	0.000551	2.207275	0.001217
褍蟹斜械泻褋泻邪褟	0.000276	0.116534	0.000032
褍泻褉邪懈薪褋泻邪褟	0.000276	0.116534	0.000032
褍泻褉邪褕械薪懈褟	0.002205	0.116534	0.000257
褍泻褋褍褋	0.001103	0.634878	0.000700
褍薪懈泻邪谢褜薪褘屑	0.000276	4.605170	0.001269
褍锌芯褌褉械斜谢械薪懈械屑	0.000276	0.116534	0.000032
褍锌芯褌褉械斜谢褟褌褜	0.000276	2.525729	0.000696
褍褉邪谢褜褋泻邪褟	0.000276	0.116534	0.000032
褍褉芯卸邪泄	0.000276	0.105361	0.000029
褍褋芯胁械褉褕械薪褋褌胁芯胁邪谢邪	0.000276	4.605170	0.001269
褍褌泻懈	0.000827	0.116534	0.000096
褍褏邪	0.000276	0.040822	0.000011
褍褔邪褋褌胁芯胁邪褌褜	0.000276	0.040822	0.000011
褍褔懈褌褘胁邪褟	0.000276	2.659260	0.000733
褍褞褌薪褍褞	0.000276	3.506558	0.000967
褎邪蟹械薪写褘	0.000276	0.127833	0.000035
褎邪薪褌邪蟹懈懈	0.001654	0.116534	0.000193
褎邪薪褌邪蟹懈泄	0.000276	0.116534	0.000032
褎邪薪褌邪蟹懈褟	0.000276	0.116534	0.000032
褎邪褉谐芯	0.000276	4.605170	0.001269
褎邪褉褕	0.000551	1.021651	0.000563
褎邪褉褕邪	0.003583	0.040822	0.000146
褎邪褉褕械屑	0.000276	1.966113	0.000542
褎邪褉褕懈褉芯胁邪薪薪邪褟	0.000551	0.116534	0.000064
褎邪褉褕懈褉芯胁邪薪薪芯械	0.000276	0.116534	0.000032
褎邪褉褕懈褉芯胁邪薪薪褘械	0.000551	0.040822	0.000023
褎邪褉褕懈褉芯胁邪薪薪褘泄	0.000276	0.040822	0.000011
褎邪褋芯谢褜	0.001654	0.040822	0.000068
褎邪褋芯谢褜褞	0.000276	2.813411	0.000775
褎械胁褉邪谢褜褋泻懈屑	0.000276	4.605170	0.001269
褎械胁褉邪谢褟	0.002756	0.105361	0.000290
褎械泄械褉胁械褉泻	0.000551	0.116534	0.000064
褎械薪褏械谢褜	0.001378	2.995732	0.004129
褎械薪褏械谢褟	0.000276	3.506558	0.000967
褎懈谐褍褉械	0.000276	0.116534	0.000032
褎懈薪褋泻邪褟	0.000276	0.116534	0.000032
褎懈褉屑械薪薪芯械	0.000276	0.116534	0.000032
褎芯薪写褞	0.000276	0.040822	0.000011
褎芯褉屑褘	0.000276	0.116534	0.000032
褎芯褉褍屑械	0.000551	0.040822	0.000023
褎芯褉褕屑邪泻	0.000276	0.040822	0.000011
褎褉邪薪褑懈懈	0.000276	0.116534	0.000032
褎褉邪薪褑褍蟹褋泻邪褟	0.000276	0.116534	0.000032
褎褉邪褍	0.001103	0.116534	0.000128
褎褉械褕	0.000551	3.506558	0.001933
褎褉懈褌褞褉械	0.000276	2.995732	0.000826
褎褉褍泻褌芯胁	0.001103	0.116534	0.000128
褎褉褍泻褌芯胁芯	0.000276	0.116534	0.000032
褎褉褍泻褌芯胁褘械	0.001929	0.040822	0.000079
褎褍写	0.000276	0.116534	0.000032
褎褍薪写褍泻	0.000551	3.218876	0.001774
褎褍薪写褍泻芯屑	0.000276	3.912023	0.001078
褎褍褉褕械褌	0.000276	0.116534	0.000032
褏邪谢胁邪	0.000276	0.040822	0.000011
褏邪褉胁械褋褌褎械褋褌	0.000551	0.116534	0.000064
褏邪褉褔芯	0.000551	0.040822	0.000023
褏邪褕	0.000276	0.040822	0.000011
褏胁芯褉芯褋褌	0.000276	0.040822	0.000011
褏懈薪泻邪谢懈	0.000276	0.116534	0.000032
褏懈褌	0.001929	0.116534	0.000225
褏谢械斜	0.001378	0.040822	0.000056
褏谢械斜芯锌械褔泻懈	0.000276	0.116534	0.000032
褏谢芯锌褜褟	0.000551	0.105361	0.000058
褏芯蟹褟泄泻懈	0.000276	0.127833	0.000035
褏芯谢芯写邪屑	0.000276	4.605170	0.001269
褏芯谢芯写械褑	0.000276	0.040822	0.000011
褏芯谢芯写懈谢褜薪懈泻	0.000276	2.407946	0.000664
褏芯谢芯写懈谢褜薪懈泻械	0.000276	1.609438	0.000444
褏芯谢芯写薪褘械	0.000551	0.116534	0.000064
褏芯谢芯写薪褘泄	0.000551	0.116534	0.000064
褏芯褉胁邪褌褋泻邪褟	0.000276	0.116534	0.000032
褏芯褉芯褕械谐芯	0.000276	3.506558	0.000967
褏芯褉芯褕芯	0.001378	0.105361	0.000145
褏芯褉褋	0.000276	0.116534	0.000032
褏芯褌懈褌械	0.000551	0.040822	0.000023
褏芯褌褜	0.000276	1.897120	0.000523
褏芯褔械褌褋褟	0.000276	1.469676	0.000405
褏芯褔械褕褜	0.000276	3.506558	0.000967
褏褉邪薪懈褌褜	0.000276	2.207275	0.000608
褏褍屑褍褋	0.000276	0.040822	0.000011
褑邪褉褋褌胁芯	0.000276	0.127833	0.000035
褑邪褉褜	0.000276	0.116534	0.000032
褑胁械褌	0.000276	2.302585	0.000635
褑胁械褌薪邪褟	0.000276	0.040822	0.000011
褑械薪薪褘褏	0.000276	0.040822	0.000011
褑械薪褌褉	0.000276	0.116534	0.000032
褔邪械屑	0.000276	0.116534	0.000032
褔邪泄	0.000827	0.040822	0.000034
褔邪褋邪	0.000551	1.514128	0.000835
褔邪褋芯胁	0.000276	2.040221	0.000562
褔械斜褍褉械泻懈	0.000551	0.040822	0.000023
褔械谐芯	0.000276	1.203973	0.000332
褔械褉泻懈蟹芯胁芯	0.000551	0.116534	0.000064
褔械褉薪褘械	0.000551	3.506558	0.001933
褔械褉薪褘泄	0.002205	0.371064	0.000818
褔械褋薪芯泻	0.003032	0.314711	0.000954
褔械褋褌薪褘屑懈	0.000276	0.040822	0.000011
褔械褔械胁懈褑邪	0.000276	0.040822	0.000011
褔械褕褋泻邪褟	0.000276	0.116534	0.000032
褔懈蟹泻械泄泻	0.001103	0.040822	0.000045
褔懈谢懈	0.001103	1.237874	0.001365
褔懈谢懈泄褋泻邪褟	0.000276	0.116534	0.000032
褔懈锌褋褘	0.000276	0.040822	0.000011
褔懈褋谢邪	0.000276	3.506558	0.000967
褔懈褋谢褍	0.000276	0.261365	0.000072
褔褍写械褋	0.000276	0.116534	0.000032
褕邪谢芯褌	0.000551	3.912023	0.002157
褕邪褉懈泻懈	0.000276	0.040822	0.000011
褕邪褉谢芯褌泻邪	0.000276	0.040822	0.000011
褕邪褉谢芯褌泻懈	0.000276	0.127833	0.000035
褕邪褉屑	0.000276	0.116534	0.000032
褕邪褕谢褘泻	0.003308	0.040822	0.000135
褕邪褕谢褘泻懈	0.000276	0.040822	0.000011
褕胁械写褋泻邪褟	0.000276	0.116534	0.000032
褕胁械泄褑邪褉褋泻邪褟	0.000276	0.116534	0.000032
褕械写械胁褉褘	0.000276	0.116534	0.000032
褕械褎	0.000551	0.127833	0.000070
褕懈锌褍褔泻邪	0.000276	0.040822	0.000011
褕懈褉芯泻邪褟	0.000276	0.127833	0.000035
褕泻芯谢褍	0.000276	0.116534	0.000032
褕泻芯谢褜薪懈泻	0.000276	3.506558	0.000967
褕芯泻芯谢邪写	0.000827	0.040822	0.000034
褕芯泻芯谢邪写薪芯	0.000276	2.813411	0.000775
褕芯泻芯谢邪写薪褘泄	0.000827	1.660731	0.001373
褕芯褌谢邪薪写褋泻邪褟	0.000276	0.116534	0.000032
褕褉懈	0.000276	4.605170	0.001269
褕褌褉褍写械谢褜	0.000276	0.040822	0.000011
褕褍褉锌邪	0.000276	0.040822	0.000011
褖邪褋	0.000276	0.116534	0.000032
褖械写褉邪褟	0.000276	0.116534	0.000032
褖懈	0.000551	0.040822	0.000023
褝写邪泻芯谐芯	0.000276	3.506558	0.000967
褝泻芯屑懈谢泻	0.000276	0.127833	0.000035
褝褋褌芯薪褋泻邪褟	0.000276	0.116534	0.000032
褝褌芯泄	0.000276	1.427116	0.000393
褝褌芯屑褍	0.000276	1.272966	0.000351
褞谐芯褋谢邪胁褋泻邪褟	0.000276	0.116534	0.000032
褟斜谢芯褔薪褘泄	0.000551	1.832581	0.001010
褟谐芯写薪褘械	0.000551	0.116534	0.000064
褟谐芯写薪褘泄	0.000551	0.116534	0.000064
褟蟹褘泻	0.000276	0.040822	0.000011
褟懈褑	0.001103	0.116534	0.000128
褟懈褔薪芯泄	0.000276	3.506558	0.000967
褟懈褔薪褘泄	0.000551	1.049822	0.000579
褟泄褑邪	0.000276	0.040822	0.000011
褟泄褑芯	0.002756	0.261365	0.000720
褟泄褑芯屑	0.000276	2.302585	0.000635
褟薪写械泻褋	0.000276	0.072571	0.000020
褟锌芯薪褋泻邪褟	0.000276	0.116534	0.000032
褟锌芯薪褋泻芯泄	0.000276	0.061875	0.000017
褟褉泻邪褟	0.000276	3.218876	0.000887
褟褉泻懈械	0.000276	0.116534	0.000032
褟褉泻芯	0.000276	0.105361	0.000029
褟褉泻芯泄	0.000276	3.912023	0.001078
褟褏薪懈褟	0.000551	4.605170	0.002539
