褌芯泻械薪	TF	IDF	TF-IDF
邪斜褏邪蟹褋泻邪褟	0.000288	0.116534	0.000034
邪胁褋褌褉邪谢懈泄褋泻邪褟	0.000288	0.116534	0.000034
邪胁褋褌褉懈泄褋泻邪褟	0.000288	0.116534	0.000034
邪胁褌芯泻谢邪胁邪	0.000288	0.116534	0.000034
邪胁褌芯褉邪屑	0.000288	0.040822	0.000012
邪谐褉芯	0.000288	0.116534	0.000034
邪写卸懈泻邪	0.000288	0.040822	0.000012
邪蟹械褉斜邪泄写卸邪薪褋泻邪褟	0.000288	0.116534	0.000034
邪蟹懈邪褌褋泻邪褟	0.000288	0.127833	0.000037
邪蟹褘	0.000288	0.127833	0.000037
邪泄褉邪薪	0.000288	0.040822	0.000012
邪泻胁邪褌懈泻邪	0.000865	0.127833	0.000111
邪谢械泻褋械褟	0.000288	0.127833	0.000037
邪谢泻芯谐芯谢褜	0.000577	0.116534	0.000067
邪谢泻芯谐芯谢褜薪褘械	0.000288	0.116534	0.000034
邪谢泻芯谐芯谢褟	0.000288	0.116534	0.000034
邪谢褜褌械褉薪邪褌懈胁邪	0.000288	3.506558	0.001011
邪谢褜褟薪褋	0.000288	0.116534	0.000034
邪屑械褉懈泻邪薪褋泻邪褟	0.000288	0.116534	0.000034
邪薪谐谢懈泄褋泻邪褟	0.000288	0.116534	0.000034
邪薪写褉械褟	0.000288	0.127833	0.000037
邪褉邪斜褋泻邪褟	0.000288	0.116534	0.000034
邪褉谐械薪褌懈薪褋泻邪褟	0.000288	0.116534	0.000034
邪褉屑褟薪褋泻邪褟	0.000288	0.116534	0.000034
邪褋褋芯褉褌懈	0.000577	0.116534	0.000067
邪褋褋芯褑懈懈褉褍械褌褋褟	0.000288	4.605170	0.001328
邪褌谢邪薪褌	0.000288	0.127833	0.000037
邪褌屑芯褋褎械褉邪	0.000288	3.912023	0.001128
邪褌屑芯褋褎械褉褍	0.000288	2.995732	0.000864
邪褎谐邪薪褋泻邪褟	0.000288	0.116534	0.000034
邪褎褉懈泻邪薪褋泻邪褟	0.000288	0.116534	0.000034
邪褝褉芯谐褉懈谢械	0.002884	0.116534	0.000336
斜邪泻谢邪卸邪薪褘	0.000288	0.040822	0.000012
斜邪谢褌泻芯屑	0.000288	0.127833	0.000037
斜邪谢褜蟹邪屑懈泻	0.000577	2.659260	0.001534
斜邪薪泻邪屑	0.000577	3.506558	0.002022
斜邪薪芯褔泻邪	0.000288	4.605170	0.001328
斜邪褉邪薪懈薪褘	0.001153	0.116534	0.000134
斜邪褋屑邪褌懈	0.000577	0.127833	0.000074
斜邪褋褌褍褉屑邪	0.000288	0.040822	0.000012
斜邪褌芯薪褔懈泻懈	0.000288	0.127833	0.000037
斜邪褕泻懈褉褋泻邪褟	0.000288	0.116534	0.000034
斜械写褉芯	0.000577	2.302585	0.001328
斜械蟹邪谢泻芯谐芯谢褜薪褘械	0.000288	0.116534	0.000034
斜械蟹谐谢褞褌械薪芯胁褘械	0.000288	0.116534	0.000034
斜械蟹械	0.001153	0.040822	0.000047
斜械谢械斜械械胁褋泻懈泄	0.000577	0.116534	0.000067
斜械谢芯泻芯褔邪薪薪邪褟	0.001153	0.994252	0.001147
斜械谢芯褉褍褋褋泻邪褟	0.000288	0.116534	0.000034
斜械谢褘械	0.000577	3.218876	0.001856
斜械谢褜谐懈泄褋泻邪褟	0.000288	0.116534	0.000034
斜械褉械屑械薪薪褘褏	0.000288	0.116534	0.000034
斜械褋械写懈薪邪	0.000288	0.127833	0.000037
斜械褕邪屑械谢褜	0.000288	2.813411	0.000811
斜懈褋泻胁懈褌	0.000288	0.040822	0.000012
斜懈褋泻胁懈褌薪芯械	0.000577	0.116534	0.000067
斜懈褋泻胁懈褌薪褘泄	0.000288	0.105361	0.000030
斜懈褋泻胁懈褌褘	0.000288	0.127833	0.000037
斜谢懈卸械	0.000288	0.116534	0.000034
斜谢懈蟹泻懈褏	0.000577	0.116534	0.000067
斜谢懈薪薪褘泄	0.000577	2.813411	0.001622
斜谢懈薪芯胁	0.001730	0.116534	0.000202
斜谢懈薪褘	0.001730	0.040822	0.000071
斜谢褞写	0.000865	0.094311	0.000082
斜谢褞写邪	0.030854	0.040822	0.001260
斜谢褞写邪屑	0.000288	2.813411	0.000811
斜谢褞写芯	0.002307	0.040822	0.000094
斜谢褞写褍	0.000288	0.116534	0.000034
斜芯斜芯胁褘械	0.000577	0.127833	0.000074
斜芯斜芯胁褘褏	0.002595	0.116534	0.000302
斜芯谢谐邪褉褋泻邪褟	0.000288	0.116534	0.000034
斜芯谢谐邪褉褋泻懈泄	0.000577	0.843970	0.000487
斜芯谢褜褕械	0.000577	0.105361	0.000061
斜芯褉褖	0.000577	0.040822	0.000024
斜芯褌胁懈薪褜褟	0.000288	0.040822	0.000012
斜褉邪蟹懈谢褜褋泻邪褟	0.000288	0.116534	0.000034
斜褉邪褍蟹械褉械	0.000288	0.040822	0.000012
斜褉邪褍薪懈	0.000288	0.040822	0.000012
斜褉械褋褌	0.000288	0.127833	0.000037
斜褉懈泻褋	0.000288	4.605170	0.001328
斜褉芯泻泻芯谢懈	0.000288	0.040822	0.000012
斜褍卸械薪懈薪邪	0.000288	0.040822	0.000012
斜褍谢芯褔泻邪屑懈	0.000288	0.116534	0.000034
斜褍谢芯褔泻懈	0.000577	0.040822	0.000024
斜褍谢褜芯薪	0.002018	0.040822	0.000082
斜褍谢褜芯薪褘	0.001153	0.116534	0.000134
斜褍褉谐械褉	0.000288	0.040822	0.000012
斜褍褉谐械褉褘	0.000288	0.127833	0.000037
斜褍褉褟褌褋泻邪褟	0.000288	0.116534	0.000034
斜褍褌械褉斜褉芯写	0.000865	0.116534	0.000101
斜褍褌械褉斜褉芯写褘	0.000865	0.040822	0.000035
斜褘褋褌褉邪褟	0.000288	3.506558	0.001011
斜褘褋褌褉械械	0.000577	2.525729	0.001457
斜褘褋褌褉芯	0.000865	0.094311	0.000082
斜褘褋褌褉芯泄	0.000288	0.116534	0.000034
斜褘褋褌褉褘泄	0.000577	0.105361	0.000061
斜褞写卸械褌薪褘泄	0.000288	3.218876	0.000928
斜褢写械褉	0.000288	3.506558	0.001011
斜褢写褉邪	0.000288	3.218876	0.000928
胁邪卸薪褘械	0.000288	0.116534	0.000034
胁邪谢谢懈泄褋泻邪褟	0.000288	0.116534	0.000034
胁邪薪懈谢懈	0.000288	3.912023	0.001128
胁邪褉械薪懈泻懈	0.000288	0.116534	0.000034
胁邪褉械薪褜械	0.000865	0.040822	0.000035
胁邪褉懈邪薪褌	0.000865	0.562119	0.000486
胁邪褌褉褍褕泻懈	0.000288	0.040822	0.000012
胁邪褎谢懈	0.000577	0.040822	0.000024
胁邪褕械泄	0.000577	0.040822	0.000024
胁邪褕懈	0.000288	2.302585	0.000664
胁胁芯写褟	0.000288	0.040822	0.000012
胁写芯褏薪芯胁械薪懈械	0.001153	0.116534	0.000134
胁写芯褏薪芯胁械薪懈械屑	0.000577	0.116534	0.000067
胁写芯褏薪芯胁谢褟泄褋褟	0.000288	0.116534	0.000034
胁械谐械褌邪褉懈邪薪褋泻懈械	0.000288	0.127833	0.000037
胁械谐械褌邪褉懈邪薪褋泻芯械	0.000288	0.116534	0.000034
胁械谢懈泻懈泄	0.000288	0.116534	0.000034
胁械薪谐械褉褋泻邪褟	0.000288	0.116534	0.000034
胁械褉褋懈懈	0.000288	3.506558	0.001011
胁械褋械薪薪懈械	0.000288	0.051293	0.000015
胁械褋薪邪	0.001442	0.116534	0.000168
胁械褋薪褘	0.000288	0.116534	0.000034
胁械褌褔懈薪褘	0.000288	0.105361	0.000030
胁懈写械	0.000865	1.171183	0.001013
胁懈写械芯	0.000577	0.116534	0.000067
胁懈薪芯	0.000577	0.040822	0.000024
胁懈褌邪械褌	0.000288	4.605170	0.001328
胁泻褍褋	0.000865	0.105361	0.000091
胁泻褍褋邪	0.002307	0.116534	0.000269
胁泻褍褋薪邪褟	0.001153	0.061875	0.000071
胁泻褍褋薪械械	0.000577	0.116534	0.000067
胁泻褍褋薪械泄	0.000288	0.116534	0.000034
胁泻褍褋薪械薪褜泻芯谐芯	0.000288	3.912023	0.001128
胁泻褍褋薪芯	0.001730	0.094311	0.000163
胁泻褍褋薪芯泄	0.000288	1.609438	0.000464
胁泻褍褋薪褘械	0.000577	0.105361	0.000061
胁泻褍褋薪褘泄	0.000577	0.385662	0.000222
胁泻褍褋薪褘褏	0.000865	1.897120	0.001641
胁泻褍褋芯屑	0.000288	0.105361	0.000030
胁谢褞斜谢械薪薪褘褏	0.000288	0.116534	0.000034
胁屑械褋褌芯	0.000288	2.407946	0.000694
胁芯	0.000577	0.061875	0.000036
胁芯写邪	0.001153	0.287682	0.000332
胁芯写械	0.000288	0.105361	0.000030
胁芯蟹写褍褏械	0.000288	3.912023	0.001128
胁芯蟹屑芯卸薪芯褋褌懈	0.000288	2.813411	0.000811
胁芯蟹屑芯卸薪芯褋褌褜	0.000288	2.407946	0.000694
胁芯泄褌懈	0.000288	0.000000	0.000000
胁芯谢薪褍	0.000288	4.605170	0.001328
胁芯谢芯胁邪薪褘	0.000288	0.116534	0.000034
胁芯谢褕械斜薪褘械	0.000288	0.116534	0.000034
胁芯谢褕械斜褋褌胁芯	0.000288	0.116534	0.000034
胁芯芯斜褖械	0.000288	1.386294	0.000400
胁芯锌褉芯褋褘	0.000288	0.000000	0.000000
胁芯褋褌芯褔薪邪褟	0.000288	0.127833	0.000037
胁褉邪褋锌谢芯褏	0.000288	4.605170	0.001328
胁褉械屑械薪邪	0.000288	0.116534	0.000034
胁褉械屑械薪械屑	0.001730	0.116534	0.000202
胁褉械屑械薪懈	0.000577	0.967584	0.000558
胁褋械谐写邪	0.000288	0.653926	0.000189
胁褋械泄	0.000865	0.105361	0.000091
胁褋械屑褍	0.000288	0.061875	0.000018
胁褋锌芯屑薪懈褌褜	0.000288	0.040822	0.000012
胁褋褌褉械褌懈褌褋褟	0.000288	4.605170	0.001328
胁褌芯褉芯械	0.000288	0.116534	0.000034
胁褌芯褉褘械	0.000577	0.127833	0.000074
胁褏芯写	0.000865	0.030459	0.000026
胁褔械褉邪	0.001153	2.040221	0.002353
胁褘斜懈褉邪褌褜褋褟	0.000288	3.912023	0.001128
胁褘泄褌懈	0.000288	0.040822	0.000012
胁褘锌械褔泻邪	0.004325	0.040822	0.000177
胁褘锌械褔泻懈	0.000577	0.072571	0.000042
胁褘锌械褔泻芯泄	0.000577	0.116534	0.000067
胁褘褉芯褋	0.000288	3.912023	0.001128
胁褜械褌薪邪屑褋泻邪褟	0.000288	0.116534	0.000034
谐邪胁邪泄褋泻邪褟	0.000288	0.116534	0.000034
谐邪褉邪卸芯屑	0.000288	1.078810	0.000311
谐邪褉薪懈褉	0.001442	0.040822	0.000059
谐邪褉薪懈褉芯屑	0.000288	2.525729	0.000728
谐邪褋锌邪褔芯	0.000288	0.040822	0.000012
谐械芯谐褉邪褎懈褟	0.000288	0.116534	0.000034
谐械褉芯懈	0.000288	4.605170	0.001328
谐谢邪胁薪褘泄	0.000288	0.040822	0.000012
谐谢邪蟹褍褉褜	0.000865	0.040822	0.000035
谐谢懈薪褌胁械泄薪	0.000288	0.040822	0.000012
谐芯胁褟写懈薪褘	0.001153	0.116534	0.000134
谐芯写	0.002884	0.105361	0.000304
谐芯写邪	0.001442	0.248461	0.000358
谐芯写褍	0.000288	1.171183	0.000338
谐芯谢谢邪薪写褋泻邪褟	0.000288	0.116534	0.000034
谐芯薪褟谢懈	0.000288	4.605170	0.001328
谐芯褉芯写邪	0.000288	0.116534	0.000034
谐芯褉芯褏	0.000288	0.116534	0.000034
谐芯褉芯褕械泻	0.000577	2.407946	0.001389
谐芯褉褔懈褑邪	0.001153	0.040822	0.000047
谐芯褉褔懈褑邪屑懈	0.000288	0.127833	0.000037
谐芯褉褕芯泻	0.000288	3.506558	0.001011
谐芯褉褕芯褔泻邪褏	0.000288	0.105361	0.000030
谐芯褉褕芯褔泻械	0.000288	0.040822	0.000012
谐芯褉褟褔械械	0.000577	0.116534	0.000067
谐芯褉褟褔懈械	0.012687	0.105361	0.001337
谐芯褉褟褔懈泄	0.000577	0.116534	0.000067
谐芯褋褌懈	0.000577	0.116534	0.000067
谐芯褌芯胁懈谢邪	0.000288	0.733969	0.000212
谐芯褌芯胁懈屑	0.001730	0.094311	0.000163
谐芯褌芯胁懈褌褋褟	0.000577	0.478036	0.000276
谐芯褌芯胁懈褌褜	0.001442	0.105361	0.000152
谐芯褌芯胁褜	0.000577	0.116534	0.000067
谐芯褌芯胁褟褌	0.000288	0.116534	0.000034
谐褉邪薪写懈芯蟹薪芯械	0.000288	4.605170	0.001328
谐褉械薪泻懈	0.000577	0.040822	0.000024
谐褉械褑泻懈械	0.000577	1.469676	0.000848
谐褉械褔械褋泻邪褟	0.000288	0.116534	0.000034
谐褉械褔泻邪	0.000288	0.040822	0.000012
谐褉懈斜邪屑懈	0.001730	0.105361	0.000182
谐褉懈斜薪邪褟	0.000577	3.218876	0.001856
谐褉懈斜薪芯谐芯	0.000577	3.506558	0.002022
谐褉懈斜薪褘械	0.000577	0.040822	0.000024
谐褉懈斜芯胁	0.002018	0.116534	0.000235
谐褉懈斜褘	0.004325	0.040822	0.000177
谐褉懈谢械	0.001442	0.116534	0.000168
谐褉懈谢褜	0.000288	0.116534	0.000034
谐褉懈谢褜屑邪薪懈褟	0.000288	0.116534	0.000034
谐褉懈谢褟	0.001153	0.116534	0.000134
谐褉芯谐	0.000288	0.040822	0.000012
谐褉褍蟹懈薪褋泻邪褟	0.000288	0.116534	0.000034
谐褉褍锌锌褘	0.000288	0.061875	0.000018
谐褍写蟹芯薪	0.000288	3.912023	0.001128
谐褍褉屑邪薪懈褟	0.001730	0.116534	0.000202
谐褍褉屑械	0.000288	0.127833	0.000037
谐褍褋褟	0.000577	0.105361	0.000061
写邪械褌	0.000288	0.040822	0.000012
写邪谢械械	0.000288	2.813411	0.000811
写邪谢械泻芯	0.000288	3.218876	0.000928
写邪薪薪褘械	0.000288	0.040822	0.000012
写邪褉褘	0.000288	0.116534	0.000034
写邪褌褋泻邪褟	0.000288	0.116534	0.000034
写邪褔薪芯械	0.000865	0.116534	0.000101
写械卸褍褉褋褌胁芯	0.000288	4.605170	0.001328
写械泻邪斜褉褜褋泻懈泄	0.000288	4.605170	0.001328
写械泻邪斜褉褟	0.001730	0.597837	0.001034
写械泻芯褉	0.000288	0.127833	0.000037
写械泻芯褉懈褉芯胁邪薪懈褟	0.000577	3.506558	0.002022
写械谢邪械屑	0.000577	2.659260	0.001534
写械谢邪械褌	0.000577	0.116534	0.000067
写械谢邪械褌褋褟	0.000288	1.347074	0.000388
写械谢邪屑懈	0.000288	3.506558	0.001011
写械谢懈屑褋褟	0.000288	0.040822	0.000012
写械谢芯屑	0.000288	0.116534	0.000034
写械薪褜	0.001730	0.083382	0.000144
写械褋械褉褌	0.000865	0.116534	0.000101
写械褋械褉褌邪褑懈褟	0.000288	0.116534	0.000034
写械褋械褉褌薪褘械	0.000288	0.116534	0.000034
写械褋械褉褌褘	0.004037	0.040822	0.000165
写械褋褟褌褜	0.000288	2.207275	0.000636
写械褌械泄	0.000288	0.116534	0.000034
写械褌褋泻懈械	0.000288	3.912023	0.001128
写械褌褋泻懈泄	0.000288	3.912023	0.001128
写卸械屑	0.000288	0.040822	0.000012
写蟹械薪	0.000288	0.116534	0.000034
写懈胁邪薪械	0.000288	3.506558	0.001011
写懈械褌邪	0.000288	0.116534	0.000034
写懈械褌褘	0.000288	0.116534	0.000034
写懈泻懈泄	0.000577	0.116534	0.000067
写懈泻芯谐芯	0.000288	0.116534	0.000034
写懈锌	0.000288	0.116534	0.000034
写懈褔懈	0.000577	0.116534	0.000067
写懈褔褜	0.000288	0.116534	0.000034
写薪械胁薪懈泻邪褏	0.000577	0.061875	0.000036
写薪械泄	0.001153	0.116534	0.000134
写薪褟	0.000577	0.040822	0.000024
写芯斜邪胁谢褟械褌褋褟	0.000577	3.218876	0.001856
写芯斜邪胁谢褟褌褜	0.000288	0.040822	0.000012
写芯斜邪胁褜	0.000288	0.116534	0.000034
写芯斜褉芯褎谢芯褌	0.000288	0.127833	0.000037
写芯胁械褉褟械褕褜	0.000288	0.116534	0.000034
写芯谢卸薪褘	0.000288	2.407946	0.000694
写芯谢褜褕械	0.000288	2.525729	0.000728
写芯屑	0.002595	0.040822	0.000106
写芯屑邪褕薪械械	0.001153	0.040822	0.000047
写芯屑邪褕薪懈械	0.000577	0.040822	0.000024
写芯屑邪褕薪懈泄	0.001442	0.116534	0.000168
写芯屑邪褕薪褟褟	0.000577	0.105361	0.000061
写芯屑芯胁	0.000288	0.040822	0.000012
写芯褋褌褍锌薪褘褏	0.000288	3.218876	0.000928
写褉邪泄胁	0.001442	0.127833	0.000184
写褉芯卸卸械胁芯械	0.000288	0.116534	0.000034
写褉褍谐懈屑懈	0.000865	0.040822	0.000035
写褉褍谐芯谐芯	0.000577	2.813411	0.001622
写褍褏芯胁泻邪	0.001153	0.127833	0.000147
写褍褏芯胁泻械	0.001153	0.867501	0.001001
写褍褕懈	0.000865	0.105361	0.000091
械胁褉械泄褋泻邪褟	0.000288	0.116534	0.000034
械谐懈锌械褌褋泻邪褟	0.000288	0.116534	0.000034
械写懈薪褘泄	0.000288	0.040822	0.000012
械写褘	0.000288	2.525729	0.000728
械卸械写薪械胁薪芯	0.000288	3.912023	0.001128
械泻芯	0.000288	0.127833	0.000037
卸邪褉械薪邪褟	0.000288	2.995732	0.000864
卸邪褉械薪褘泄	0.000288	2.120264	0.000611
卸邪褉械薪褘褏	0.000288	3.506558	0.001011
卸邪褉懈褌褜	0.000288	1.966113	0.000567
卸邪褉泻芯械	0.000288	0.040822	0.000012
卸械谢械	0.000865	0.040822	0.000035
卸械薪	0.000577	3.506558	0.002022
卸械薪邪	0.000577	3.218876	0.001856
卸械薪褋泻邪褟	0.000288	0.127833	0.000037
卸械薪褋泻芯屑	0.000288	0.061875	0.000018
卸械薪褖懈薪褘	0.000577	0.116534	0.000067
卸懈蟹薪懈	0.000288	0.040822	0.000012
卸懈蟹薪褜	0.000288	0.116534	0.000034
卸褍谢褜械薪	0.000288	0.040822	0.000012
卸褍褉薪邪谢邪	0.000288	0.127833	0.000037
卸褞谢褜械薪	0.000288	0.040822	0.000012
蟹邪胁邪褉薪芯械	0.000288	0.116534	0.000034
蟹邪胁邪褉薪芯泄	0.000288	0.116534	0.000034
蟹邪胁褌褉邪泻	0.002018	0.094311	0.000190
蟹邪胁褌褉邪泻懈	0.000288	0.127833	0.000037
蟹邪谐芯褌芯胁泻邪	0.000288	3.506558	0.001011
蟹邪谐芯褌芯胁泻懈	0.001442	0.040822	0.000059
蟹邪谐芯褌芯胁芯泻	0.000577	3.218876	0.001856
蟹邪写邪胁邪褌褜	0.000288	0.040822	0.000012
蟹邪泄褑邪	0.000577	0.116534	0.000067
蟹邪泻胁邪褋泻邪	0.000288	0.040822	0.000012
蟹邪泻胁邪褋泻邪屑懈	0.000288	0.116534	0.000034
蟹邪泻胁邪褋芯泻	0.000288	0.127833	0.000037
蟹邪泻褉褘褌褘泄	0.000577	0.116534	0.000067
蟹邪泻褍褋泻懈	0.006055	0.040822	0.000247
蟹邪泻褍褋泻褍	0.000865	0.116534	0.000101
蟹邪泻褍褋芯薪褔懈泻	0.000288	0.116534	0.000034
蟹邪泻褍褋芯褔泻邪	0.000288	0.116534	0.000034
蟹邪泻褍褋芯褔薪褘械	0.002595	0.116534	0.000302
蟹邪谢械	0.000288	4.605170	0.001328
蟹邪谢懈胁薪芯械	0.000577	0.040822	0.000024
蟹邪屑械褋懈褌褜	0.000288	3.506558	0.001011
蟹邪屑械褔邪褌械谢褜薪褘泄	0.000288	1.514128	0.000437
蟹邪屑芯褉芯蟹泻邪	0.000288	0.105361	0.000030
蟹邪薪懈屑邪泄褋褟	0.000288	3.506558	0.001011
蟹邪锌邪写	0.000288	0.116534	0.000034
蟹邪锌邪褏	0.000288	2.407946	0.000694
蟹邪锌械泻邪薪泻邪	0.001442	0.105361	0.000152
蟹邪锌械泻邪薪泻懈	0.002595	0.040822	0.000106
蟹邪锌械泻邪薪泻芯泄	0.000288	4.605170	0.001328
蟹邪锌械泻邪褌褜	0.000288	2.813411	0.000811
蟹邪锌械泻邪褌褜褋褟	0.000288	3.218876	0.000928
蟹邪锌械褔械薪薪邪褟	0.000288	2.120264	0.000611
蟹邪锌械褔褢薪薪褘泄	0.000288	2.995732	0.000864
蟹邪锌懈褋械泄	0.000288	3.912023	0.001128
蟹邪锌褉邪胁泻邪	0.000577	0.040822	0.000024
蟹邪褉邪薪械械	0.000288	1.660731	0.000479
蟹邪褉械谐懈褋褌褉懈褉芯胁邪胁褕懈褋褜	0.000288	0.040822	0.000012
蟹邪褉械谐懈褋褌褉懈褉芯胁邪褌褜褋褟	0.000288	0.030459	0.000009
蟹邪褋芯谢泻邪	0.000288	0.116534	0.000034
蟹邪褋褌邪谢邪	0.000288	4.605170	0.001328
蟹邪褌褉褍写薪械薪懈泄	0.000288	3.506558	0.001011
蟹胁邪薪褘泄	0.000288	0.127833	0.000037
蟹胁械蟹写邪	0.000288	0.127833	0.000037
蟹胁褢蟹写薪褘械	0.000288	0.116534	0.000034
蟹写芯褉芯胁芯械	0.000288	0.116534	0.000034
蟹写芯褉芯胁褘泄	0.000288	0.116534	0.000034
蟹写芯褉芯胁褜褟	0.000288	2.407946	0.000694
蟹械谢械薪懈	0.000288	2.120264	0.000611
蟹械谢械薪褘泄	0.000577	1.021651	0.000589
蟹械谢械薪褜	0.001730	0.094311	0.000163
蟹械谢械薪褜褞	0.000288	2.525729	0.000728
蟹械褎懈褉	0.000288	0.040822	0.000012
蟹懈屑邪	0.000577	2.813411	0.001622
蟹懈屑薪械械	0.000288	3.912023	0.001128
蟹懈屑薪懈械	0.000577	0.051293	0.000030
蟹懈屑薪懈泄	0.000577	3.218876	0.001856
蟹懈屑薪懈褏	0.000288	3.506558	0.001011
蟹懈屑薪褞褞	0.000577	3.506558	0.002022
蟹懈屑薪褟褟	0.000577	3.506558	0.002022
蟹懈屑芯泄	0.000577	2.995732	0.001728
蟹懈屑褍	0.001153	0.040822	0.000047
蟹薪邪褌褜	0.000288	3.912023	0.001128
蟹芯谢芯褌邪褟	0.000288	0.116534	0.000034
懈胁邪薪	0.000577	2.525729	0.001457
懈胁邪薪芯胁邪	0.000288	0.127833	0.000037
懈胁邪薪褘褔	0.000577	2.525729	0.001457
懈谐褉褍褕械泻	0.000577	4.605170	0.002656
懈谐褉褘	0.000288	3.912023	0.001128
懈写械邪谢褜薪邪褟	0.000288	0.116534	0.000034
懈写械邪谢褜薪芯谐芯	0.001442	0.116534	0.000168
懈写械邪谢褜薪芯械	0.000288	0.116534	0.000034
懈写械泄泻懈	0.000288	0.116534	0.000034
懈写褌懈	0.000288	3.506558	0.001011
懈蟹写械谢懈褟	0.001153	0.116534	0.000134
懈蟹写械谢懈褟屑懈	0.000865	0.116534	0.000101
懈蟹褘褋泻芯胁	0.000288	3.912023	0.001128
懈蟹褞屑	0.000577	2.040221	0.001177
懈泻褉邪	0.002595	0.040822	0.000106
懈屑斜懈褉褜	0.000577	1.897120	0.001094
懈屑械薪械屑	0.000288	0.040822	0.000012
懈屑械薪懈	0.000288	3.506558	0.001011
懈薪胁械褉褌芯褉薪芯泄	0.000288	0.127833	0.000037
懈薪谐褉械写懈械薪褌褘	0.006344	0.139262	0.000883
懈薪写械泄泻懈	0.001442	0.094311	0.000136
懈薪写械泄泻芯泄	0.000288	0.116534	0.000034
懈薪写懈泄褋泻邪褟	0.000288	0.116534	0.000034
懈薪写懈谢邪泄褌	0.000865	0.116534	0.000101
懈薪写懈褉械褋薪褘械	0.000288	0.116534	0.000034
懈薪芯谐写邪	0.000577	1.897120	0.001094
懈薪褋褌褉褍泻褑懈褟屑懈	0.000288	0.040822	0.000012
懈薪褌械褉邪泻褌懈胁	0.000288	4.605170	0.001328
懈薪褌械褉械褋薪褘械	0.000288	2.659260	0.000767
懈褉邪泻褋泻邪褟	0.000288	0.116534	0.000034
懈褉邪薪褋泻邪褟	0.000288	0.116534	0.000034
懈褉谢邪薪写褋泻邪褟	0.000288	0.116534	0.000034
懈褋泻褉械薪薪械	0.000288	0.116534	0.000034
懈褋谢邪薪写褋泻邪褟	0.000288	0.116534	0.000034
懈褋锌邪薪褋泻邪褟	0.000288	0.116534	0.000034
懈褋锌械泻懈	0.000288	0.116534	0.000034
懈褋锌械褔褜	0.000288	1.966113	0.000567
懈褋锌芯谢褜蟹芯胁邪谢懈	0.000577	3.506558	0.002022
懈褋锌芯谢褜蟹芯胁邪褌褜	0.000288	1.514128	0.000437
懈褋褌芯褉懈懈	0.001442	0.116534	0.000168
懈褋褌芯褉懈褞	0.000288	0.116534	0.000034
懈褋褌芯褉懈褟	0.000577	3.506558	0.002022
懈褌邪谢懈懈	0.000577	0.105361	0.000061
懈褌邪谢褜褟薪褋泻邪褟	0.000288	0.116534	0.000034
泄芯谐褍褉褌	0.001442	0.040822	0.000059
泄芯谐褍褉褌械	0.000288	3.506558	0.001011
泻邪斜邪褔泻懈	0.000288	0.040822	0.000012
泻邪胁泻邪蟹褋泻邪褟	0.000288	0.116534	0.000034
泻邪蟹邪薪械	0.000288	0.116534	0.000034
泻邪蟹邪褏褋泻邪褟	0.000288	0.116534	0.000034
泻邪泻邪芯	0.000577	0.040822	0.000024
泻邪泻懈褏	0.000288	2.525729	0.000728
泻邪谢械泄写芯褋泻芯锌	0.001153	0.116534	0.000134
泻邪谢屑褘褑泻邪褟	0.000288	0.116534	0.000034
泻邪谢褜屑邪褉	0.000288	0.040822	0.000012
泻邪屑械褉邪	0.000288	0.116534	0.000034
泻邪薪邪写褋泻邪褟	0.000288	0.116534	0.000034
泻邪薪邪谢	0.000577	0.040822	0.000024
泻邪薪邪谢械	0.000288	0.040822	0.000012
泻邪薪邪锌械	0.000577	0.040822	0.000024
泻邪锌褍褋褌邪	0.002884	0.040822	0.000118
泻邪锌褍褋褌薪褟泻	0.000288	0.040822	0.000012
泻邪锌褍褋褌褍	0.000288	2.659260	0.000767
泻邪锌褍褋褌褘	0.000288	0.040822	0.000012
泻邪褉邪屑械谢褜	0.000288	0.040822	0.000012
泻邪褉泻邪褋薪褘泄	0.001153	0.116534	0.000134
泻邪褉褌芯褎械谢褜	0.000865	0.040822	0.000035
泻邪褉褌芯褎械谢褜薪芯械	0.000288	0.040822	0.000012
泻邪褉褌芯褎械谢褜薪褘泄	0.000288	0.116534	0.000034
泻邪褉褌芯褕械泻	0.000288	3.506558	0.001011
泻邪褉褌芯褕泻邪	0.000577	0.040822	0.000024
泻邪褉褌芯褕泻芯泄	0.000288	2.302585	0.000664
泻邪褌邪谢芯谐	0.000288	3.912023	0.001128
泻邪褌械谐芯褉懈懈	0.000288	0.116534	0.000034
泻邪褌械谐芯褉懈褟	0.003172	0.150823	0.000478
泻邪褌芯谢懈褔械褋泻芯谐芯	0.000288	3.912023	0.001128
泻邪褔械褋褌胁芯	0.000288	0.116534	0.000034
泻邪褕邪	0.000288	0.040822	0.000012
泻邪褕懈	0.001442	0.105361	0.000152
泻邪褕褍	0.000288	0.094311	0.000027
泻胁邪褋	0.000865	0.040822	0.000035
泻胁邪褋薪芯械	0.000865	0.116534	0.000101
泻胁邪褋芯屑	0.000288	0.127833	0.000037
泻胁邪褕械薪邪褟	0.000577	3.218876	0.001856
泻械泻褋	0.001153	0.040822	0.000047
泻械泻褋褘	0.000865	0.116534	0.000101
泻械谢芯褍薪邪	0.000288	3.912023	0.001128
泻械褎懈褉	0.000288	0.040822	0.000012
泻懈屑褔懈	0.000288	0.040822	0.000012
泻懈薪芯邪	0.000577	0.127833	0.000074
泻懈薪芯谢械薪褌邪	0.000288	0.116534	0.000034
泻懈褋械谢褜	0.000577	0.040822	0.000024
泻懈褌邪泄褋泻邪褟	0.000288	0.116534	0.000034
泻谢邪褋褋	0.002307	0.116534	0.000269
泻谢邪褋褋褘	0.000288	0.116534	0.000034
泻谢械薪芯胁褘泄	0.000577	2.813411	0.001622
泻薪懈谐褍	0.000288	0.040822	0.000012
泻薪芯锌泻懈	0.000288	3.506558	0.001011
泻芯	0.000577	1.469676	0.000848
泻芯谐芯	0.000288	1.714798	0.000494
泻芯泻芯褋芯胁邪褟	0.000577	3.218876	0.001856
泻芯泻褌械泄谢懈	0.000288	0.127833	0.000037
泻芯泻褌械泄谢褜	0.001442	0.040822	0.000059
泻芯谢斜邪褋邪	0.000288	0.040822	0.000012
泻芯谢斜邪褋薪褘屑懈	0.000865	0.116534	0.000101
泻芯谢懈褔械褋褌胁芯	0.000288	1.832581	0.000528
泻芯谢懈褔械褋褌胁芯屑	0.000288	3.218876	0.000928
泻芯屑邪薪写邪	0.000577	0.127833	0.000074
泻芯屑斜懈薪邪褑懈褞	0.000288	3.506558	0.001011
泻芯屑懈	0.000288	0.116534	0.000034
泻芯屑锌邪薪懈泄	0.000288	0.105361	0.000030
泻芯屑锌芯褌	0.000865	0.040822	0.000035
泻芯屑褌械	0.000577	3.506558	0.002022
泻芯薪械褔薪芯	0.000865	0.527633	0.000456
泻芯薪懈薪褘	0.000288	0.116534	0.000034
泻芯薪泻褍褉褋	0.061707	0.105361	0.006501
泻芯薪泻褍褉褋邪	0.000288	0.116534	0.000034
泻芯薪泻褍褉褋邪褏	0.000288	0.040822	0.000012
泻芯薪泻褍褉褋薪褘械	0.000288	0.127833	0.000037
泻芯薪褋械褉胁懈褉芯胁邪薪懈械	0.000288	0.040822	0.000012
泻芯薪褋械褉胁懈褉芯胁邪薪薪邪褟	0.000288	0.116534	0.000034
泻芯薪褋械褉胁懈褉芯胁邪薪薪芯械	0.000288	0.116534	0.000034
泻芯薪褋械褉胁懈褉芯胁邪薪薪褘械	0.001730	0.116534	0.000202
泻芯薪褋械褉胁懈褉芯胁邪薪薪褘泄	0.000288	0.116534	0.000034
泻芯薪褎械褌褌懈	0.000288	0.116534	0.000034
泻芯薪褎械褌褘	0.000865	0.040822	0.000035
泻芯薪褎懈写械薪褑懈邪谢褜薪芯褋褌懈	0.000288	0.040822	0.000012
泻芯薪褎懈褌褞褉	0.000288	0.040822	0.000012
泻芯薪褑械褉褌薪芯屑	0.000288	4.605170	0.001328
泻芯锌褔械薪芯褋褌褟屑懈	0.000288	0.116534	0.000034
泻芯褉械泄褋泻邪褟	0.000288	0.116534	0.000034
泻芯褉械泄褋泻懈	0.000288	0.040822	0.000012
泻芯褉卸懈泻懈	0.000288	0.040822	0.000012
泻芯褉懈褑褘	0.000288	3.912023	0.001128
泻芯褉屑褟褖懈褏	0.000288	0.116534	0.000034
泻芯褋褌械泄	0.000288	3.506558	0.001011
泻芯褌谢械褌褘	0.000288	0.040822	0.000012
泻芯褌芯褉芯屑褍	0.000288	0.116534	0.000034
泻芯褎械	0.000577	0.040822	0.000024
泻褉邪褋懈胁芯屑	0.000288	3.912023	0.001128
泻褉邪褋泻懈	0.000288	0.116534	0.000034
泻褉械邪褌懈胁	0.000288	0.127833	0.000037
泻褉械屑	0.000288	0.040822	0.000012
泻褉械屑邪	0.000577	0.116534	0.000067
泻褉械锌泻懈泄	0.000288	0.116534	0.000034
泻褉芯泻	0.000865	3.218876	0.002784
泻褉芯泻械褌芯胁	0.000577	3.506558	0.002022
泻褉芯谢懈泻邪	0.000577	0.116534	0.000067
泻褉芯屑械	0.000288	0.061875	0.000018
泻褉芯褏懈	0.000288	0.116534	0.000034
泻褉褍谐褍	0.000577	0.116534	0.000067
泻褉褍锌	0.001730	0.116534	0.000202
泻褉褍锌邪	0.000288	0.127833	0.000037
泻褉褍锌褘	0.000577	0.127833	0.000074
泻褉褍锌褟薪褘械	0.000288	0.116534	0.000034
泻褋褌邪褌懈	0.000577	1.237874	0.000714
泻褍斜懈薪褋泻邪褟	0.000288	0.116534	0.000034
泻褍泻褍褉褍蟹邪	0.000577	2.659260	0.001534
泻褍谢械褕	0.000288	0.040822	0.000012
泻褍谢懈薪邪褉懈懈	0.000865	0.094311	0.000082
泻褍谢懈薪邪褉懈褟	0.000288	2.813411	0.000811
泻褍谢懈薪邪褉薪邪褟	0.000288	0.116534	0.000034
泻褍谢懈薪邪褉薪芯械	0.000288	0.116534	0.000034
泻褍谢懈薪邪褉薪褍褞	0.000288	0.040822	0.000012
泻褍谢懈薪邪褉薪褘械	0.000288	2.525729	0.000728
泻褍谢懈薪邪褉薪褘泄	0.000288	0.072571	0.000021
泻褍谢懈薪邪褉薪褘褏	0.000288	0.116534	0.000034
泻褍谢懈薪邪褉芯胁	0.000288	3.912023	0.001128
泻褍谢懈褔	0.000288	0.040822	0.000012
泻褍谢懈褔懈	0.000288	0.116534	0.000034
泻褍褉写褋泻邪褟	0.000288	0.116534	0.000034
泻褍褉懈薪芯谐芯	0.000288	0.116534	0.000034
泻褍褉懈薪芯械	0.003172	0.127833	0.000405
泻褍褉懈薪褘泄	0.000288	0.105361	0.000030
泻褍褉懈薪褘褏	0.000288	2.659260	0.000767
泻褍褉懈褑邪	0.000577	0.040822	0.000024
泻褍褉懈褑褘	0.001153	0.116534	0.000134
泻褍褉芯褔泻芯泄	0.000288	0.116534	0.000034
泻褍褋泻褍褋	0.000288	0.040822	0.000012
泻褍褏薪械泄	0.000288	0.040822	0.000012
泻褍褏薪懈	0.000865	0.040822	0.000035
泻褍褏薪褟	0.000865	0.116534	0.000101
谢邪胁邪褕	0.000577	0.040822	0.000024
谢邪胁邪褕邪	0.001153	0.116534	0.000134
谢邪胁褉芯胁褘泄	0.000577	1.139434	0.000657
谢邪谐屑邪薪	0.000288	0.040822	0.000012
谢邪泻芯屑褋褌胁芯	0.000288	0.116534	0.000034
谢邪锌褕邪	0.000577	0.040822	0.000024
谢邪褌褘褕褋泻邪褟	0.000288	0.116534	0.000034
谢械谐泻邪褟	0.000288	0.116534	0.000034
谢械谐泻懈泄	0.000865	0.116534	0.000101
谢械谐泻芯	0.001730	0.116534	0.000202
谢械锌械褕泻懈	0.000577	0.040822	0.000024
谢械褌邪	0.000288	0.116534	0.000034
谢械褌薪懈械	0.000288	0.040822	0.000012
谢械褌薪褟褟	0.000288	0.116534	0.000034
谢械褌芯	0.001442	0.116534	0.000168
谢械褔芯	0.000288	0.040822	0.000012
谢懈谐邪	0.000865	0.116534	0.000101
谢懈泻械褉	0.000288	0.040822	0.000012
谢懈屑芯薪	0.000577	1.203973	0.000694
谢懈屑芯薪邪写	0.000577	0.040822	0.000024
谢懈褋褌	0.000577	1.139434	0.000657
谢懈褌芯胁褋泻	0.000288	0.127833	0.000037
谢懈褌芯胁褋泻邪褟	0.000288	0.116534	0.000034
谢芯泻邪褑懈褟	0.000288	4.605170	0.001328
谢褍泻	0.002018	0.301105	0.000608
谢褍泻邪	0.000288	2.207275	0.000636
谢褍泻芯屑	0.000865	2.207275	0.001909
谢褍褔褕懈械	0.000288	0.116534	0.000034
谢褍褔褕懈泄	0.000577	0.040822	0.000024
谢褍褔褕懈褏	0.000288	0.116534	0.000034
谢褞斜胁懈	0.000288	0.105361	0.000030
谢褞斜懈屑邪褟	0.000288	2.525729	0.000728
谢褞斜懈屑芯谐芯	0.000288	0.127833	0.000037
谢褞斜懈屑芯屑褍	0.000288	0.116534	0.000034
谢褞斜懈屑褘械	0.000577	2.995732	0.001728
谢褞斜懈屑褘褏	0.002018	0.116534	0.000235
谢褞斜芯胁褜	0.000288	0.116534	0.000034
谢褞斜芯泄	0.000288	0.116534	0.000034
谢褢写	0.000288	0.127833	0.000037
屑邪谐褉懈斜邪	0.000288	0.116534	0.000034
屑邪泄	0.000288	0.116534	0.000034
屑邪泄芯薪械蟹	0.000288	0.116534	0.000034
屑邪泄芯薪械蟹薪褘泄	0.000577	4.605170	0.002656
屑邪泻邪褉芯薪薪褘械	0.000288	0.116534	0.000034
屑邪泻邪褉芯薪褘	0.000288	0.040822	0.000012
屑邪谢邪蟹懈泄褋泻邪褟	0.000288	0.116534	0.000034
屑邪薪薪懈泻	0.000288	0.040822	0.000012
屑邪薪褋邪褉写芯泄	0.000288	0.755023	0.000218
屑邪薪褌褘	0.000288	0.116534	0.000034
屑邪薪褢胁褉褘	0.000288	0.116534	0.000034
屑邪褉邪褎芯薪	0.000865	0.116534	0.000101
屑邪褉懈薪邪写	0.002884	0.040822	0.000118
屑邪褉懈薪邪写褘	0.000865	0.116534	0.000101
屑邪褉懈薪芯胁邪薪薪褘械	0.000865	0.116534	0.000101
屑邪褉屑械谢邪写	0.000288	0.040822	0.000012
屑邪褉芯泻泻邪薪褋泻邪褟	0.000288	0.116534	0.000034
屑邪褉褌邪	0.001442	0.105361	0.000152
屑邪褋泻邪褉锌芯薪械	0.000288	0.040822	0.000012
屑邪褋谢械	0.000577	2.659260	0.001534
屑邪褋谢械薪懈褑邪	0.000865	0.040822	0.000035
屑邪褋谢械薪懈褔薪芯械	0.000288	0.116534	0.000034
屑邪褋谢械薪懈褔薪褍褞	0.000577	3.506558	0.002022
屑邪褋谢芯	0.007209	0.116534	0.000840
屑邪褋谢芯屑	0.000288	0.116534	0.000034
屑邪褋谢褟褌邪	0.000577	3.506558	0.002022
屑邪褋褌械褉	0.002595	0.116534	0.000302
屑邪褋褌懈泻邪	0.000288	0.040822	0.000012
屑邪褋褌懈泻懈	0.000288	0.116534	0.000034
屑邪褎褎懈薪褘	0.000288	0.116534	0.000034
屑邪褏械械胁褗	0.001153	0.116534	0.000134
屑械谐邪褕芯褍	0.000577	4.605170	0.002656
屑械写	0.000577	1.832581	0.001057
屑械写懈邪褎芯褉褌	0.000865	0.000000	0.000000
屑械写芯胁褘泄	0.000288	0.116534	0.000034
屑械卸写褍薪邪褉芯写薪褘械	0.000288	4.605170	0.001328
屑械泻褋懈泻邪薪褋泻邪褟	0.000288	0.116534	0.000034
屑械薪褞	0.000288	0.116534	0.000034
屑械薪褟	0.000577	0.083382	0.000048
屑械薪褟械褌褋褟	0.000288	0.116534	0.000034
屑械褋褜械	0.000865	3.218876	0.002784
屑械褔褌邪	0.000288	0.116534	0.000034
屑械褔褌褘	0.000865	0.040822	0.000035
屑懈写懈懈	0.000288	0.040822	0.000012
屑懈泻褉芯胁芯谢薪芯胁泻械	0.000288	0.116534	0.000034
屑懈谢褜械	0.000288	0.116534	0.000034
屑懈薪褍褌	0.000288	0.755023	0.000218
屑懈芯	0.000288	0.116534	0.000034
屑懈褉	0.000288	0.116534	0.000034
屑懈褉邪	0.000288	0.116534	0.000034
屑懈褉芯胁邪褟	0.000288	0.116534	0.000034
屑懈褋芯	0.000288	0.040822	0.000012
屑懈褋褌械褉懈褟	0.000288	0.116534	0.000034
屑懈褋褌褉邪谢褜	0.002018	0.116534	0.000235
屑薪芯谐懈褏	0.000288	2.659260	0.000767
屑薪芯卸械褋褌胁芯屑	0.000288	0.040822	0.000012
屑芯械	0.000288	0.116534	0.000034
屑芯卸械褌械	0.000577	0.000000	0.000000
屑芯泄	0.000288	0.105361	0.000030
屑芯谢写邪胁褋泻邪褟	0.000288	0.116534	0.000034
屑芯谢芯写邪褟	0.000577	3.506558	0.002022
屑芯谢芯泻械	0.000288	0.105361	0.000030
屑芯谢芯泻芯	0.003172	0.116534	0.000370
屑芯谢芯褔薪褘泄	0.001153	0.040822	0.000047
屑芯谢芯褔薪褘褏	0.000288	0.116534	0.000034
屑芯屑械薪褌	0.000865	0.116534	0.000101
屑芯薪谐芯谢褜褋泻邪褟	0.000288	0.116534	0.000034
屑芯褉械	0.000288	0.116534	0.000034
屑芯褉械锌褉芯写褍泻褌芯胁	0.003172	0.040822	0.000129
屑芯褉械锌褉芯写褍泻褌褘	0.000577	0.116534	0.000067
屑芯褉泻芯胁泻邪	0.000577	3.218876	0.001856
屑芯褉泻芯胁褜	0.000865	0.040822	0.000035
屑芯褉芯卸械薪芯械	0.000865	0.040822	0.000035
屑芯褉芯蟹薪褍褞	0.000288	4.605170	0.001328
屑芯褉褋	0.000288	0.040822	0.000012
屑芯褉褋褘	0.000288	0.116534	0.000034
屑芯褋泻胁邪	0.000577	3.912023	0.002256
屑芯褋泻胁械	0.000288	2.302585	0.000664
屑芯褌芯褉	0.000288	0.116534	0.000034
屑芯褏懈褌芯	0.000288	0.040822	0.000012
屑芯褟	0.000577	1.427116	0.000823
屑褍卸褋泻邪褟	0.000288	0.127833	0.000037
屑褍卸褔懈薪褘	0.000577	0.116534	0.000067
屑褍泻邪	0.002307	0.274437	0.000633
屑褍谢褜褌懈胁邪褉泻械	0.010957	0.116534	0.001277
屑褍谢褜褌懈锌械泻邪褉械泄	0.000865	0.116534	0.000101
屑褍谢褜褌锌械褉褋芯薪邪卸械泄	0.000288	4.605170	0.001328
屑褍褋芯褉邪	0.000577	3.506558	0.002022
屑褍褋褋	0.000288	0.040822	0.000012
屑褍褋褋褘	0.000577	0.116534	0.000067
屑褍褔薪褘械	0.000288	0.116534	0.000034
屑褞蟹懈泻谢	0.000288	4.605170	0.001328
屑褞褋谢懈	0.000577	0.116534	0.000067
屑褟谐泻懈泄	0.001153	1.386294	0.001599
屑褟褋邪	0.002595	0.116534	0.000302
屑褟褋薪芯谐芯	0.000577	0.116534	0.000067
屑褟褋薪芯泄	0.000288	0.116534	0.000034
屑褟褋薪褘械	0.001442	0.040822	0.000059
屑褟褋薪褘屑	0.000288	2.207275	0.000636
屑褟褋薪褘褏	0.000865	0.116534	0.000101
屑褟褋芯	0.002595	0.040822	0.000106
屑褟褋芯屑	0.001442	0.040822	0.000059
屑褟褋芯褉褍斜泻褍	0.000577	3.506558	0.002022
屑褟褋褍	0.000577	0.116534	0.000067
薪邪胁褘泻芯胁	0.000288	3.506558	0.001011
薪邪写械褌褜	0.000288	4.605170	0.001328
薪邪卸邪谢	0.000288	3.506558	0.001011
薪邪蟹邪写	0.000288	0.967584	0.000279
薪邪蟹薪邪褔械薪懈褟	0.000288	0.116534	0.000034
薪邪谢懈胁泻邪	0.000288	0.040822	0.000012
薪邪锌懈褌泻懈	0.001730	0.040822	0.000071
薪邪锌懈褌芯泻	0.000288	0.040822	0.000012
薪邪褋褌芯泄泻邪	0.000288	0.040822	0.000012
薪邪褋褌褉芯械薪懈械	0.000577	0.116534	0.000067
薪邪褋褌褉芯懈褌褜褋褟	0.000288	4.605170	0.001328
薪邪褋褌褍锌懈谢邪	0.000288	3.912023	0.001128
薪邪褑懈芯薪邪谢褜薪褘械	0.000288	0.116534	0.000034
薪邪褔懈薪懈褌褜	0.000288	3.218876	0.000928
薪邪褔懈薪泻邪	0.000577	0.040822	0.000024
薪邪褔懈薪泻芯泄	0.000288	0.116534	0.000034
薪邪褔懈褋褌懈褌褜	0.000288	3.506558	0.001011
薪邪褔薪械褌褋褟	0.000288	3.912023	0.001128
薪邪褕械屑	0.000288	0.040822	0.000012
薪邪褕懈	0.000288	0.061875	0.000018
薪械斜芯谢褜褕懈屑	0.000288	3.506558	0.001011
薪械写械谢褞	0.000577	1.897120	0.001094
薪械写械谢褟	0.002884	0.061875	0.000178
薪械卸薪芯泄	0.000288	0.116534	0.000034
薪械泄	0.000288	1.897120	0.000547
薪械屑邪谢芯械	0.000288	4.605170	0.001328
薪械屑械褑泻邪褟	0.000288	0.116534	0.000034
薪械屑薪芯谐芯	0.000288	1.203973	0.000347
薪械芯卸懈写邪薪薪芯	0.000288	3.506558	0.001011
薪械芯卸懈写邪薪薪褘械	0.000288	0.116534	0.000034
薪械锌芯褋褉械写褋褌胁械薪薪芯	0.000288	2.995732	0.000864
薪械褋谢邪写泻芯械	0.000288	0.116534	0.000034
薪械褋谢芯卸薪褘泄	0.000288	3.218876	0.000928
薪懈泻邪泻	0.000288	2.659260	0.000767
薪懈泻邪泻懈褏	0.000288	2.525729	0.000728
薪芯胁邪褟	0.000577	0.116534	0.000067
薪芯胁芯谐芯写薪械谐芯	0.001442	0.116534	0.000168
薪芯胁芯谐芯写薪械械	0.001153	0.116534	0.000134
薪芯胁芯谐芯写薪懈械	0.001730	0.040822	0.000071
薪芯胁芯谐芯写薪懈泄	0.002307	0.116534	0.000269
薪芯胁芯谐芯写薪懈褏	0.000288	4.605170	0.001328
薪芯胁芯谐芯写薪褟褟	0.000288	0.105361	0.000030
薪芯胁芯褋褌械泄	0.000288	3.912023	0.001128
薪芯胁芯褋褌懈	0.000288	4.605170	0.001328
薪芯胁芯褋褌褟褏	0.000288	0.061875	0.000018
薪芯胁褘械	0.001153	0.051293	0.000059
薪芯胁褘泄	0.002884	0.094311	0.000272
薪芯褉胁械卸褋泻邪褟	0.000288	0.116534	0.000034
芯斜械写	0.000865	0.105361	0.000091
芯斜械蟹褜褟薪褘	0.000288	0.116534	0.000034
芯斜卸邪褉械薪薪褘泄	0.000288	3.218876	0.000928
芯斜卸邪褉懈胁邪褞褌褋褟	0.001153	3.506558	0.004044
芯斜懈谢褜薪褘泄	0.000288	3.912023	0.001128
芯斜褉邪蟹	0.000288	3.506558	0.001011
芯斜褍褌褜	0.000288	4.605170	0.001328
芯斜褖邪褌褜褋褟	0.000288	0.040822	0.000012
芯斜褟蟹邪褌械谢褜薪芯	0.000577	0.967584	0.000558
芯胁芯褖邪屑懈	0.000288	0.116534	0.000034
芯胁芯褖械泄	0.006632	0.105361	0.000699
芯胁芯褖懈	0.001730	0.094311	0.000163
芯胁芯褖薪邪褟	0.001442	0.040822	0.000059
芯胁芯褖薪芯械	0.000577	0.116534	0.000067
芯胁芯褖薪芯泄	0.000577	0.105361	0.000061
芯胁芯褖薪褘械	0.001442	0.040822	0.000059
芯胁褋褟薪芯械	0.000288	0.116534	0.000034
芯谐薪械薪薪芯泄	0.000288	0.116534	0.000034
芯谐薪褟	0.000288	0.116534	0.000034
芯谐芯褉芯写械	0.000288	3.506558	0.001011
芯谐褍褉械褑	0.000577	1.237874	0.000714
芯谐褍褉褑褘	0.000577	0.116534	0.000067
芯泻邪蟹邪谢懈褋褜	0.000577	3.506558	0.002022
芯泻褉芯褕泻邪	0.000865	0.040822	0.000035
芯谢邪写褜懈	0.001442	0.040822	0.000059
芯谢械泄薪邪	0.000865	0.116534	0.000101
芯谢械泄薪芯泄	0.001153	0.116534	0.000134
芯谢械泄薪褘	0.000288	0.127833	0.000037
芯谢懈胁泻芯胁芯械	0.000577	0.544727	0.000314
芯屑谢械褌	0.000288	0.040822	0.000012
芯锌邪褉邪	0.000288	0.040822	0.000012
芯锌褉芯褋	0.000288	0.061875	0.000018
芯锌褟褌邪	0.000577	3.506558	0.002022
芯褉械褏懈	0.000577	1.139434	0.000657
芯褋械薪薪械械	0.000288	0.116534	0.000034
芯褋械薪薪懈械	0.000288	0.051293	0.000015
芯褋械薪薪懈泄	0.000577	0.116534	0.000067
芯褋械薪褜	0.002884	0.105361	0.000304
芯褋薪芯胁薪芯械	0.000288	0.040822	0.000012
芯褋薪芯胁褍	0.000288	2.813411	0.000811
芯褋芯斜械薪薪芯	0.000288	1.469676	0.000424
芯褋芯斜械薪薪褘泄	0.000288	2.995732	0.000864
芯褋褌邪械褌褋褟	0.000288	0.116534	0.000034
芯褋褌褉芯胁	0.000288	3.912023	0.001128
芯褌胁械褌懈褌褜	0.000288	0.051293	0.000015
芯褌胁械褌芯胁	0.000288	0.051293	0.000015
芯褌胁械褌褘	0.000288	0.000000	0.000000
芯褌泻褉褘褌褘泄	0.000577	0.116534	0.000067
芯褌谢懈褔薪芯	0.000288	1.514128	0.000437
芯褌谢懈褔薪褘褏	0.000288	3.912023	0.001128
芯褌屑械薪懈褌褜	0.000288	0.040822	0.000012
芯褌褋褍褌褋褌胁懈械	0.000288	2.995732	0.000864
芯褌褗械褕褜	0.000288	4.605170	0.001328
芯褏谢邪写懈褌褜	0.000288	0.116534	0.000034
锌邪泻械褌懈泻邪褏	0.000288	0.105361	0.000030
锌邪谢芯褔泻懈	0.000288	0.040822	0.000012
锌邪薪懈泻褍泄褌械	0.000288	4.605170	0.001328
锌邪薪懈褉芯胁泻邪	0.002307	0.116534	0.000269
锌邪褉邪	0.000288	0.116534	0.000034
锌邪褉邪写	0.002018	0.116534	0.000235
锌邪褉泻械	0.000288	4.605170	0.001328
锌邪褉芯胁邪褉泻械	0.002595	0.116534	0.000302
锌邪褉芯谢褜	0.000288	0.020203	0.000006
锌邪褉褘	0.000288	3.506558	0.001011
锌邪褋褌邪	0.000865	0.040822	0.000035
锌邪褋褌褉芯屑邪	0.000288	0.040822	0.000012
锌邪褋褏邪	0.000577	0.040822	0.000024
锌邪褋褏邪谢褜薪邪褟	0.000577	0.116534	0.000067
锌邪褋褏邪谢褜薪褘泄	0.000288	0.127833	0.000037
锌邪褍褌懈薪薪懈泻懈	0.000577	3.506558	0.002022
锌邪褕褌械褌	0.000288	0.040822	0.000012
锌邪褕褌械褌褘	0.000577	0.116534	0.000067
锌械泻邪褉褟	0.000288	0.127833	0.000037
锌械泻褍褌	0.000288	3.506558	0.001011
锌械谢褜屑械薪懈	0.000288	0.116534	0.000034
锌械褉胁芯械	0.000577	0.040822	0.000024
锌械褉胁褘械	0.000288	0.127833	0.000037
锌械褉胁褘泄	0.000288	1.309333	0.000378
锌械褉胁褘屑	0.000288	0.116534	0.000034
锌械褉械泄褌懈	0.000865	0.040822	0.000035
锌械褉械泻褍褋	0.000577	0.116534	0.000067
锌械褉械褑	0.003749	0.040822	0.000153
锌械褉褋芯薪邪卸懈	0.000288	4.605170	0.001328
锌械褉褋芯薪褘	0.000288	0.116534	0.000034
锌械褉褍邪薪褋泻邪褟	0.000288	0.116534	0.000034
锌械褉褔懈屑	0.000577	3.506558	0.002022
锌械褋芯褔薪芯械	0.000577	0.105361	0.000061
锌械褋芯褔薪褘泄	0.000288	0.116534	0.000034
锌械褌械谢懈薪泻懈	0.000288	0.127833	0.000037
锌械褌褉褍褕泻邪	0.000577	0.693147	0.000400
锌械褔械薪芯褔薪褘泄	0.000288	0.040822	0.000012
锌械褔械薪褜械	0.002884	0.040822	0.000118
锌械褔懈	0.000288	0.127833	0.000037
锌械褔泻褍	0.000288	3.218876	0.000928
锌懈胁芯	0.000288	0.116534	0.000034
锌懈泻邪薪褌褘	0.000288	0.127833	0.000037
锌懈泻薪懈泻	0.000577	0.116534	0.000067
锌懈泻薪懈泻邪	0.000288	0.116534	0.000034
锌懈泻薪懈泻褍	0.000288	0.105361	0.000030
锌懈褉	0.000288	0.116534	0.000034
锌懈褉芯谐	0.001442	0.040822	0.000059
锌懈褉芯谐邪	0.000577	1.309333	0.000755
锌懈褉芯谐懈	0.000288	0.105361	0.000030
锌懈褉芯卸泻懈	0.000288	0.040822	0.000012
锌懈褉芯卸薪芯械	0.000288	0.040822	0.000012
锌懈褉芯卸薪褘械	0.000288	0.116534	0.000034
锌懈褌邪薪懈械	0.001442	0.105361	0.000152
锌懈褑褑邪	0.000577	0.040822	0.000024
锌谢邪屑褟	0.000288	0.116534	0.000034
锌谢懈褌邪	0.001153	0.127833	0.000147
锌谢芯胁	0.000288	0.116534	0.000034
锌谢芯写褘	0.000288	0.116534	0.000034
锌芯胁邪谢褟泄褋褟	0.000288	3.506558	0.001011
锌芯胁邪褉械薪泻械	0.000288	0.040822	0.000012
锌芯胁邪褉械薪芯泻	0.000288	0.061875	0.000018
锌芯胁邪褉褟褌	0.000288	0.116534	0.000034
锌芯胁邪褉褟褌邪屑懈	0.000288	0.040822	0.000012
锌芯胁邪褉褢薪泻邪	0.000288	0.116534	0.000034
锌芯胁邪褉褢薪芯泻	0.000288	2.525729	0.000728
锌芯胁懈写谢芯	0.000288	0.040822	0.000012
锌芯写邪褉泻芯胁	0.000288	0.116534	0.000034
锌芯写邪褌褜	0.000288	1.560648	0.000450
锌芯写谐芯褌芯胁懈褌褜	0.000288	2.813411	0.000811
锌芯写械谢懈褌褜褋褟	0.000288	0.478036	0.000138
锌芯写谢懈胁邪	0.000288	0.116534	0.000034
锌芯写谢懈胁泻邪	0.000288	0.040822	0.000012
锌芯写薪懈屑械褌	0.000288	4.605170	0.001328
锌芯写芯泄写褍褌	0.000577	2.207275	0.001273
锌芯写锌懈褋邪褌褜褋褟	0.000577	0.040822	0.000024
锌芯写锌懈褕懈褌械褋褜	0.000865	0.040822	0.000035
锌芯械写懈薪泻懈	0.004037	0.116534	0.000470
锌芯蟹邪胁褔械褉邪	0.000577	2.813411	0.001622
锌芯蟹写褉邪胁褜	0.000288	0.116534	0.000034
锌芯懈褋泻	0.000288	0.051293	0.000015
锌芯泻邪蟹邪谢懈	0.000288	4.605170	0.001328
锌芯谢写薪懈泻	0.000577	0.116534	0.000067
锌芯谢械蟹薪芯	0.000577	0.116534	0.000067
锌芯谢械蟹薪褘械	0.000288	3.506558	0.001011
锌芯谢械蟹薪褘泄	0.000288	2.407946	0.000694
锌芯谢械蟹薪褘褏	0.000288	2.995732	0.000864
锌芯谢懈褌懈泻芯泄	0.000288	0.040822	0.000012
锌芯谢芯胁懈薪邪	0.002307	0.116534	0.000269
锌芯谢褍褔邪泄褌械	0.000577	0.040822	0.000024
锌芯谢褍褔邪褌褜	0.000288	0.040822	0.000012
锌芯谢褜蟹邪	0.000288	0.127833	0.000037
锌芯谢褜蟹芯泄	0.001153	0.116534	0.000134
锌芯谢褜褋泻邪褟	0.000288	0.116534	0.000034
锌芯屑邪写泻邪	0.000577	0.040822	0.000024
锌芯屑邪写泻懈	0.000288	0.116534	0.000034
锌芯屑懈写芯褉	0.000577	0.713350	0.000411
锌芯屑懈写芯褉泻懈	0.000288	0.127833	0.000037
锌芯屑懈写芯褉褘	0.000577	0.116534	0.000067
锌芯屑芯卸械褌	0.000288	2.995732	0.000864
锌芯薪褉邪胁懈胁褕懈械褋褟	0.000288	0.040822	0.000012
锌芯薪褔懈泻懈	0.000577	0.040822	0.000024
锌芯褉邪	0.000288	0.116534	0.000034
锌芯褉邪写芯胁邪褌褜	0.000288	2.407946	0.000694
锌芯褉械械屑	0.000865	3.506558	0.003033
锌芯褉械泄	0.000865	2.302585	0.001992
锌芯褉械褟	0.000288	3.506558	0.001011
锌芯褉褌谢械薪写	0.000288	4.605170	0.001328
锌芯褉褌褍谐邪谢褜褋泻邪褟	0.000288	0.116534	0.000034
锌芯褉褍	0.000288	4.605170	0.001328
锌芯褋械褌懈褌褜	0.000288	4.605170	0.001328
锌芯褋械褖邪械褌械	0.000288	0.061875	0.000018
锌芯褋褌	0.001442	0.105361	0.000152
锌芯褋褌邪胁懈谢	0.000288	2.995732	0.000864
锌芯褋褌薪芯械	0.000288	0.116534	0.000034
锌芯褋褌薪褘械	0.000288	0.040822	0.000012
锌芯褋褌薪褘泄	0.000288	0.116534	0.000034
锌芯褋褌芯褟薪薪芯	0.000288	0.040822	0.000012
锌芯褋褌褉芯懈屑	0.000288	0.116534	0.000034
锌芯褋褍写邪	0.000577	0.094311	0.000054
锌芯褌褉械斜薪芯褋褌懈	0.000577	3.506558	0.002022
锌芯褔褌褍	0.000577	0.040822	0.000024
锌芯褕邪谐芯胁褘屑懈	0.000288	0.040822	0.000012
锌芯褕邪谐芯胁褘褏	0.000288	3.506558	0.001011
锌褉邪胁写邪	0.000288	1.139434	0.000329
锌褉邪蟹写薪懈泻邪	0.000288	0.116534	0.000034
锌褉邪蟹写薪懈泻芯胁	0.000288	3.912023	0.001128
锌褉邪蟹写薪懈泻芯屑	0.000288	3.506558	0.001011
锌褉邪蟹写薪懈褔薪芯	0.000288	0.116534	0.000034
锌褉邪蟹写薪懈褔薪芯谐芯	0.000288	0.116534	0.000034
锌褉邪蟹写薪懈褔薪褘泄	0.000288	0.116534	0.000034
锌褉邪泻褌懈泻褍屑	0.000288	0.116534	0.000034
锌褉械胁芯褋褏芯写薪褘械	0.000288	0.116534	0.000034
锌褉械胁褉邪褖械薪懈褟	0.000288	0.116534	0.000034
锌褉械写谢邪谐邪械褌褋褟	0.000288	3.218876	0.000928
锌褉械写谢邪谐邪褞	0.000577	0.693147	0.000400
锌褉械写谢芯卸懈谢邪	0.000577	3.218876	0.001856
锌褉械写锌褉邪蟹写薪懈褔薪邪褟	0.000288	4.605170	0.001328
锌褉械写褋褌邪胁谢械薪懈械	0.000288	4.605170	0.001328
锌褉械褋薪芯械	0.000288	0.116534	0.000034
锌褉懈斜谢懈卸邪褞褖懈褏褋褟	0.000288	4.605170	0.001328
锌褉懈谐芯褌芯胁懈屑	0.000288	0.116534	0.000034
锌褉懈谐芯褌芯胁懈褌褜	0.001442	0.342490	0.000494
锌褉懈谐芯褌芯胁谢械薪懈械	0.000288	0.105361	0.000030
锌褉懈谐芯褌芯胁谢械薪懈褞	0.000288	0.040822	0.000012
锌褉懈谐芯褌芯胁谢械薪懈褟	0.000865	0.371064	0.000321
锌褉懈蟹薪邪薪懈械	0.000288	0.116534	0.000034
锌褉懈蟹芯胁	0.000288	0.040822	0.000012
锌褉懈泄褌懈	0.000288	3.506558	0.001011
锌褉懈屑械褌	0.000288	4.605170	0.001328
锌褉懈薪械褋谢邪	0.000288	2.659260	0.000767
锌褉懈锌褉邪胁邪	0.000865	0.040822	0.000035
锌褉懈褉芯写褍	0.000288	0.116534	0.000034
锌褉懈褉芯写褘	0.000288	0.116534	0.000034
锌褉懈褋褌褍锌懈褌褜	0.000288	0.040822	0.000012
锌褉懈褔懈薪	0.000288	4.605170	0.001328
锌褉懈褕谢芯	0.000577	3.218876	0.001856
锌褉芯斜芯胁邪谢懈	0.000288	2.407946	0.000694
锌褉芯胁械写懈	0.001153	0.116534	0.000134
锌褉芯胁械褉械薪芯	0.001730	0.116534	0.000202
锌褉芯胁芯写懈屑褘褏	0.000288	0.040822	0.000012
锌褉芯胁芯卸邪械屑	0.000288	0.116534	0.000034
锌褉芯写褍泻褌邪屑懈	0.000288	2.995732	0.000864
锌褉芯写褍泻褌邪褏	0.000288	4.605170	0.001328
锌褉芯写褍泻褌芯胁	0.000577	0.094311	0.000054
锌褉芯写褍泻褌褘	0.000288	1.386294	0.000400
锌褉芯械泻褌芯胁	0.000288	0.116534	0.000034
锌褉芯械泻褌褘	0.000288	0.061875	0.000018
锌褉芯锌褍褋泻邪械褌褋褟	0.000577	3.506558	0.002022
锌褉芯褋褌芯	0.002307	0.083382	0.000192
锌褉芯褋褌芯械	0.000865	1.514128	0.001310
锌褉芯褋褌芯泄	0.000288	0.755023	0.000218
锌褉芯褋褌芯泻胁邪褕邪	0.000288	0.040822	0.000012
锌褉芯褋褌褘褏	0.000288	2.207275	0.000636
锌褉芯褎懈谢褜	0.000288	0.040822	0.000012
锌褉褟屑芯	0.000288	0.040822	0.000012
锌褉褟薪懈泻	0.000288	0.040822	0.000012
锌褉褟薪懈泻懈	0.000288	0.116534	0.000034
锌褉褟薪懈褔薪芯械	0.000288	0.116534	0.000034
锌褌懈褑邪	0.001442	0.116534	0.000168
锌褌懈褑械	0.000577	0.116534	0.000067
锌褌懈褑械泄	0.000288	0.127833	0.000037
锌褌懈褑褘	0.003460	0.116534	0.000403
锌褍写懈薪谐	0.000288	0.040822	0.000012
锌褍写懈薪谐懈	0.000577	0.116534	0.000067
锌褍薪褕	0.000288	0.040822	0.000012
锌褍褌械褕械褋褌胁懈械	0.000577	0.116534	0.000067
锌褍褌褜	0.000288	0.116534	0.000034
锌褕械薪懈褔薪邪褟	0.002307	0.287682	0.000664
锌褘褕泻懈	0.000288	0.040822	0.000012
锌褞褉械	0.001153	0.040822	0.000047
锌褟褌薪邪写褑邪褌褜	0.000288	3.218876	0.000928
锌褟褌芯泻	0.000288	3.506558	0.001011
锌褟褌褜	0.000288	1.832581	0.000528
褉邪谐褍	0.000865	0.116534	0.000101
褉邪蟹胁械褉薪褍褌褜	0.000288	0.116534	0.000034
褉邪蟹写械谢褜薪芯械	0.000288	0.116534	0.000034
褉邪蟹谢懈褔薪褘屑懈	0.000288	2.995732	0.000864
褉邪蟹薪褘械	0.000288	0.116534	0.000034
褉邪蟹褉褘褏谢懈褌械谢褜	0.000577	1.237874	0.000714
褉邪褋锌谢邪胁谢械薪薪褘屑	0.000288	3.506558	0.001011
褉邪褋褋泻邪蟹	0.000288	3.218876	0.000928
褉邪褋褋芯谢褜薪懈泻	0.000577	0.040822	0.000024
褉邪褋褋芯谢褜薪懈泻邪	0.000288	0.116534	0.000034
褉邪褋褋褘谢泻邪	0.000288	3.506558	0.001011
褉邪褋褋褘谢泻懈	0.000288	0.061875	0.000018
褉邪褋褋褘谢泻褍	0.000288	3.912023	0.001128
褉邪褋褌懈褌械谢褜薪芯械	0.002884	0.235722	0.000680
褉邪褋褎邪褋芯胁褘胁邪械褌褋褟	0.000577	3.506558	0.002022
褉械谐懈褋褌褉邪褑懈懈	0.000577	0.010050	0.000006
褉械谐懈褋褌褉邪褑懈褟	0.000288	0.000000	0.000000
褉械写泻懈褏	0.000577	3.506558	0.002022
褉械蟹褍谢褜褌邪褌械	0.000288	2.525729	0.000728
褉械锌褔邪褌褘泄	0.000577	0.430783	0.000248
褉械褑械锌褌	0.004037	0.040822	0.000165
褉械褑械锌褌邪褏	0.000288	0.061875	0.000018
褉械褑械锌褌芯胁	0.002595	0.040822	0.000106
褉械褑械锌褌褍	0.000288	0.891598	0.000257
褉械褑械锌褌褘	0.021338	0.040822	0.000871
褉械褕械薪懈械	0.000577	2.813411	0.001622
褉懈褋	0.001153	0.040822	0.000047
褉懈褋邪	0.000288	0.116534	0.000034
褉懈褌屑械	0.000288	0.116534	0.000034
褉芯谐邪谢懈泻懈	0.000288	0.040822	0.000012
褉芯写薪芯械	0.000288	0.116534	0.000034
褉芯卸写械薪懈褟	0.000288	0.105361	0.000030
褉芯卸写械褋褌胁邪	0.000288	4.605170	0.001328
褉芯卸写械褋褌胁械薪褋泻懈褏	0.000288	4.605170	0.001328
褉芯卸写械褋褌胁械薪褋泻芯械	0.000288	4.605170	0.001328
褉芯卸写械褋褌胁芯	0.000288	0.116534	0.000034
褉芯谢谢褌芯薪	0.000288	0.116534	0.000034
褉芯谢谢褘	0.000577	0.040822	0.000024
褉芯屑	0.000865	0.040822	0.000035
褉褍	0.000288	2.659260	0.000767
褉褍斜褉懈泻邪褌芯褉	0.000288	0.051293	0.000015
褉褍斜褉懈泻械	0.000288	4.605170	0.001328
褉褍谢械褌	0.000288	0.040822	0.000012
褉褍谢械褌褘	0.002884	0.116534	0.000336
褉褍屑褘薪褋泻邪褟	0.000288	0.116534	0.000034
褉褍屑褟薪褘械	0.000288	0.116534	0.000034
褉褍薪械褌械	0.000288	0.020203	0.000006
褉褍褋褋泻邪褟	0.000288	0.116534	0.000034
褉褘斜邪	0.003172	0.040822	0.000129
褉褘斜械	0.000577	0.116534	0.000067
褉褘斜薪邪褟	0.000288	0.116534	0.000034
褉褘斜薪芯谐芯	0.000577	0.116534	0.000067
褉褘斜薪褘械	0.001153	0.116534	0.000134
褉褘斜薪褘泄	0.000577	0.116534	0.000067
褉褘斜薪褘屑	0.000288	3.506558	0.001011
褉褘斜薪褘褏	0.000288	0.116534	0.000034
褉褘斜芯泄	0.001153	0.116534	0.000134
褉褘斜褘	0.003460	0.116534	0.000403
褉褘卸懈泻懈	0.000577	3.506558	0.002022
褉褘薪芯泻	0.000288	3.912023	0.001128
褉褟卸械薪泻邪	0.000288	0.116534	0.000034
褋邪泄褌	0.000865	0.000000	0.000000
褋邪泄褌褍	0.000577	0.061875	0.000036
褋邪谢邪褌	0.001153	0.094311	0.000109
褋邪谢邪褌邪	0.000288	1.078810	0.000311
褋邪谢邪褌薪邪褟	0.000288	0.116534	0.000034
褋邪谢邪褌褘	0.009804	0.040822	0.000400
褋邪谢芯	0.001153	2.659260	0.003067
褋邪屑芯谐芯薪	0.000288	0.040822	0.000012
褋邪屑褘褏	0.000865	0.116534	0.000101
褋邪褎	0.000865	0.116534	0.000101
褋邪褎褋械屑	0.000288	0.116534	0.000034
褋邪褏邪褉	0.002884	0.116534	0.000336
褋斜懈褌械薪褜	0.000288	0.040822	0.000012
褋胁械卸械泄	0.000288	3.506558	0.001011
褋胁械卸械屑	0.000288	3.506558	0.001011
褋胁械卸械褋褌褜	0.000288	0.105361	0.000030
褋胁械泻谢邪	0.001442	0.040822	0.000059
褋胁械泻谢芯泄	0.000288	3.218876	0.000928
褋胁械泻谢褘	0.000288	2.659260	0.000767
褋胁械泻芯谢褜薪懈泻	0.000577	0.040822	0.000024
褋胁械褌邪	0.001153	0.116534	0.000134
褋胁懈薪懈薪邪	0.000288	0.040822	0.000012
褋胁懈薪懈薪褘	0.001153	0.116534	0.000134
褋胁芯械	0.000288	0.116534	0.000034
褋胁芯械屑	0.000288	0.040822	0.000012
褋胁芯懈屑	0.000288	0.040822	0.000012
褋胁芯褞	0.000288	0.040822	0.000012
褋谐褍褖械薪泻邪	0.000288	0.040822	0.000012
褋械蟹芯薪	0.000288	0.116534	0.000034
褋械蟹芯薪薪褘械	0.000577	4.605170	0.002656
褋械蟹芯薪薪褘褏	0.000288	4.605170	0.001328
褋械泄褔邪褋	0.000288	0.030459	0.000009
褋械泻褉械褌褘	0.000577	0.116534	0.000067
褋械谢械写泻邪	0.000288	0.040822	0.000012
褋械屑谐邪	0.000288	0.040822	0.000012
褋械屑械泄薪褘泄	0.000288	0.116534	0.000034
褋械屑褜懈	0.000288	0.116534	0.000034
褋械褉懈懈	0.000288	2.407946	0.000694
褋懈写褉	0.000288	0.040822	0.000012
褋懈褉懈泄褋泻邪褟	0.000288	0.116534	0.000034
褋懈褉芯锌	0.000865	0.040822	0.000035
褋懈褉芯锌褘	0.000288	0.116534	0.000034
褋懈褋褌械屑褘	0.000288	0.040822	0.000012
褋懈褌懈	0.000288	0.127833	0.000037
褋泻邪蟹芯泻	0.000288	0.116534	0.000034
褋泻芯胁芯褉芯写械	0.000288	1.560648	0.000450
褋泻褉邪褋懈褌	0.000288	4.605170	0.001328
褋谢邪写泻邪褟	0.000577	0.116534	0.000067
褋谢邪写泻懈械	0.001730	0.040822	0.000071
褋谢邪写泻懈泄	0.002595	0.105361	0.000273
褋谢邪写泻懈褏	0.000577	0.116534	0.000067
褋谢邪写泻芯	0.000288	0.116534	0.000034
褋谢懈胁芯褔薪芯械	0.003172	0.116534	0.000370
褋谢懈胁芯褔薪芯屑	0.000577	2.813411	0.001622
褋谢懈胁芯褔薪褘泄	0.000288	1.469676	0.000424
褋谢芯械薪芯谐芯	0.000288	0.127833	0.000037
褋谢芯械薪芯械	0.000288	0.116534	0.000034
褋谢芯械薪褘泄	0.000288	0.116534	0.000034
褋谢芯泄泻邪	0.000288	0.040822	0.000012
褋谢芯泄泻懈	0.000288	0.116534	0.000034
褋谢褍卸懈褌褜	0.000288	4.605170	0.001328
褋谢褟泻芯褌薪芯	0.000288	4.605170	0.001328
褋屑械褋褜	0.000288	1.660731	0.000479
褋屑械褌邪薪邪	0.001442	0.105361	0.000152
褋屑械褕邪薪薪芯谐芯	0.000288	0.116534	0.000034
褋屑芯卸械褌械	0.000288	0.040822	0.000012
褋屑褍蟹懈	0.000865	0.040822	0.000035
褋薪褝泻	0.000288	0.116534	0.000034
褋薪褟褌褜	0.000288	3.218876	0.000928
褋芯斜懈褉邪械褌械褋褜	0.000288	0.040822	0.000012
褋芯胁械褉褕械薪薪芯	0.000577	1.171183	0.000675
褋芯胁械褉褕械薪褋褌胁芯	0.001442	0.116534	0.000168
褋芯胁械褌邪屑懈	0.000288	0.040822	0.000012
褋芯胁械褌褍褞	0.000288	1.139434	0.000329
褋芯胁械褌褘	0.000288	3.912023	0.001128
褋芯谐谢邪褕邪械褌械褋褜	0.000288	0.040822	0.000012
褋芯谐褉械械褌	0.000288	4.605170	0.001328
褋芯写邪	0.001153	0.967584	0.001116
褋芯蟹写邪械褌	0.000577	0.116534	0.000067
褋芯蟹褉械谢邪	0.000577	3.218876	0.001856
褋芯泻	0.000288	0.116534	0.000034
褋芯泻邪	0.000288	0.105361	0.000030
褋芯泻懈	0.000288	0.040822	0.000012
褋芯谢械薪褘械	0.001442	0.116534	0.000168
褋芯谢械薪褘泄	0.000577	2.813411	0.001622
褋芯谢械薪褜褟	0.000577	0.116534	0.000067
褋芯谢懈屑	0.000577	3.506558	0.002022
褋芯谢薪械褔薪芯泄	0.000288	0.127833	0.000037
褋芯谢褜	0.004614	0.150823	0.000696
褋芯谢褟薪泻邪	0.000577	0.040822	0.000024
褋芯褋褌邪胁褜	0.000288	0.116534	0.000034
褋芯褌褉褍写薪懈褑邪	0.000288	4.605170	0.001328
褋芯褍褋	0.003460	0.040822	0.000141
褋芯褍褋邪	0.000288	1.897120	0.000547
褋芯褍褋芯屑	0.001442	0.116534	0.000168
褋芯褍褋褘	0.001153	0.116534	0.000134
褋芯褏褉邪薪懈褌褜	0.000288	3.506558	0.001011
褋芯褏褉邪薪褟褌褜	0.000288	0.040822	0.000012
褋芯褑褋械褌懈	0.000288	0.040822	0.000012
褋芯褔械褌邪械褌褋褟	0.000288	2.659260	0.000767
褋芯褔械褌邪薪懈械	0.000288	0.116534	0.000034
褋芯褔械褌邪褞褖邪褟	0.000288	3.506558	0.001011
褋芯褔薪芯械	0.000288	0.116534	0.000034
褋锌邪谢褜薪褟屑懈	0.000288	0.446287	0.000129
褋锌邪褋褍褌	0.000288	4.605170	0.001328
褋锌械褑懈邪谢褜薪芯械	0.000288	0.116534	0.000034
褋锌械褑懈懈	0.000865	0.105361	0.000091
褋锌械褑锌褉芯械泻褌	0.009516	0.116534	0.001109
褋锌械褕褍	0.000288	2.040221	0.000588
褋锌懈褋芯泻	0.000288	0.116534	0.000034
褋锌芯褞	0.000288	0.116534	0.000034
褋褉械写懈蟹械屑薪芯屑芯褉褋泻邪褟	0.000288	0.127833	0.000037
褋褌邪褉褌褍械褌	0.000288	4.605170	0.001328
褋褌邪褌械泄	0.000288	2.995732	0.000864
褋褌邪褌褜懈	0.000577	3.912023	0.002256
褋褌邪褌褜褟褏	0.000288	0.061875	0.000018
褋褌械褉懈谢褜薪褘屑	0.000577	3.506558	0.002022
褋褌懈谢械	0.000288	0.116534	0.000034
褋褌懈谢褟	0.000288	0.116534	0.000034
褋褌芯懈褌	0.000288	1.771957	0.000511
褋褌芯谢	0.001153	0.105361	0.000122
褋褌芯谢邪	0.001730	0.116534	0.000202
褋褌褉邪薪	0.000288	3.218876	0.000928
褋褌褉芯懈褌械谢褜褋褌胁械	0.000288	0.040822	0.000012
褋褌褉芯懈褌械谢褜褋褌胁褍	0.000288	0.040822	0.000012
褋褌褉芯懈褌褜	0.000288	0.040822	0.000012
褋褌褉芯泄薪芯泄	0.000288	0.116534	0.000034
褋褌褉褍卸泻邪	0.000577	3.218876	0.001856
褋褍斜锌褉芯写褍泻褌芯胁	0.002018	0.116534	0.000235
褋褍斜锌褉芯写褍泻褌褘	0.000865	0.116534	0.000101
褋褍屑邪褏	0.000577	3.218876	0.001856
褋褍锌	0.002595	0.040822	0.000106
褋褍锌邪	0.000288	0.040822	0.000012
褋褍锌褘	0.002595	0.040822	0.000106
褋褍褎谢械	0.000865	0.040822	0.000035
褋褍褏邪褉懈	0.000288	0.040822	0.000012
褋褍褕懈	0.000577	0.040822	0.000024
褋褗械写邪械褌褋褟	0.000288	2.813411	0.000811
褋褘褉	0.003172	0.040822	0.000129
褋褘褉邪	0.001730	0.116534	0.000202
褋褘褉邪屑懈	0.000288	0.127833	0.000037
褋褘褉薪懈泻	0.000288	0.040822	0.000012
褋褘褉薪懈泻懈	0.001153	0.116534	0.000134
褋褘褉薪褘械	0.001153	0.040822	0.000047
褋褘褉芯械卸械泻	0.000577	3.506558	0.002022
褋褘褉芯屑	0.000865	0.713350	0.000617
褋褘褉褘	0.000288	3.506558	0.001011
褋褘褌薪芯谐芯	0.000288	3.912023	0.001128
褋褘褌薪褘泄	0.000577	0.105361	0.000061
褋褘褔褍卸薪褘屑懈	0.000288	0.127833	0.000037
褋褝薪写胁懈褔懈	0.000577	0.127833	0.000074
褋褞褉锌褉懈蟹	0.000288	0.116534	0.000034
褌邪写卸懈泻褋泻邪褟	0.000288	0.116534	0.000034
褌邪泄褋泻邪褟	0.000288	0.116534	0.000034
褌邪泻懈	0.000865	1.237874	0.001071
褌邪泻褍褞	0.000288	1.427116	0.000412
褌邪褉褌	0.000288	0.116534	0.000034
褌邪褉褌邪谢械褌泻懈	0.000577	0.040822	0.000024
褌邪褌邪褉褋泻邪褟	0.000288	0.116534	0.000034
褌胁械褉写褘泄	0.001153	0.562119	0.000648
褌胁芯懈	0.000577	0.116534	0.000067
褌胁芯褉懈	0.000288	0.116534	0.000034
褌胁芯褉芯谐	0.000577	0.040822	0.000024
褌胁芯褉芯谐芯屑	0.000288	0.105361	0.000030
褌胁芯褉芯卸薪芯械	0.000288	0.116534	0.000034
褌胁芯褉芯卸薪褘械	0.000577	0.116534	0.000067
褌胁芯褉芯卸薪褘泄	0.000288	0.116534	0.000034
褌胁芯褉褔械褋泻懈械	0.000288	4.605170	0.001328
褌械谢械谐褉邪屑	0.000288	0.040822	0.000012
褌械谢褟褌懈薪褘	0.001153	0.116534	0.000134
褌械屑锌械褉邪褌褍褉褍	0.000288	3.506558	0.001011
褌械锌谢械薪褜泻芯谐芯	0.000288	4.605170	0.001328
褌械锌谢芯屑	0.000288	0.116534	0.000034
褌械褉褉邪褋芯泄	0.000288	0.798508	0.000230
褌械褉褉懈薪	0.000288	0.040822	0.000012
褌械褋褌	0.001442	0.127833	0.000184
褌械褋褌邪	0.002307	0.105361	0.000243
褌械褋褌芯	0.002595	0.040822	0.000106
褌械褏	0.000577	0.634878	0.000366
褌械褏薪懈泻邪	0.001442	0.105361	0.000152
褌械褖懈薪	0.000288	0.040822	0.000012
褌懈锌邪	0.000577	2.995732	0.001728
褌屑	0.001153	0.127833	0.000147
褌芯屑邪褌薪褘泄	0.000577	1.897120	0.001094
褌芯锌谢械薪芯械	0.000865	0.116534	0.000101
褌芯褉芯锌懈褋褜	0.000288	3.506558	0.001011
褌芯褉褌	0.003172	0.040822	0.000129
褌芯褉褌褘	0.002595	0.116534	0.000302
褌芯褋褌械	0.000288	3.506558	0.001011
褌褉邪胁褘	0.000288	0.105361	0.000030
褌褉邪写懈褑懈懈	0.000288	0.116534	0.000034
褌褉邪写懈褑懈泄	0.001153	0.116534	0.000134
褌褉邪写懈褑懈芯薪薪芯泄	0.000288	3.218876	0.000928
褌褉邪写懈褑懈褟褏	0.000288	0.116534	0.000034
褌褉械褏谢械褌懈械屑	0.000288	0.116534	0.000034
褌褉芯泄泻懈	0.000288	3.506558	0.001011
褌褉褍斜芯褔泻懈	0.000288	0.040822	0.000012
褌褍薪懈褋褋泻邪褟	0.000288	0.116534	0.000034
褌褍薪褑芯屑	0.000288	0.116534	0.000034
褌褍褉械褑泻邪褟	0.000288	0.116534	0.000034
褌褘泻胁邪	0.000288	0.040822	0.000012
褍胁械写芯屑谢械薪懈褟	0.000288	0.040822	0.000012
褍胁械谢懈褔懈胁	0.000288	3.506558	0.001011
褍写邪褔薪邪褟	0.000288	0.116534	0.000034
褍写懈胁懈	0.000288	0.116534	0.000034
褍写懈胁懈褌械谢褜薪芯	0.000288	3.218876	0.000928
褍写懈胁谢褟泄褌械	0.001153	0.116534	0.000134
褍写芯胁芯谢褜褋褌胁懈械屑	0.000577	0.116534	0.000067
褍卸懈薪	0.001730	0.094311	0.000163
褍蟹斜械泻褋泻邪褟	0.000288	0.116534	0.000034
褍泻褉邪懈薪褋泻邪褟	0.000288	0.116534	0.000034
褍泻褉邪褕械薪懈褟	0.002307	0.116534	0.000269
褍泻褉芯锌	0.000577	0.562119	0.000324
褍谢褜褌褉邪褋芯胁褉械屑械薪薪邪褟	0.000288	4.605170	0.001328
褍屑	0.000288	4.605170	0.001328
褍薪懈泻邪谢褜薪褘泄	0.000288	3.912023	0.001128
褍锌芯褌褉械斜谢械薪懈械屑	0.000288	0.116534	0.000034
褍锌芯褌褉械斜谢褟褌褜	0.000288	2.525729	0.000728
褍锌褍褋褌懈褌械	0.000288	3.912023	0.001128
褍褉邪谢褜褋泻邪褟	0.000288	0.116534	0.000034
褍褉芯卸邪泄	0.000577	0.105361	0.000061
褍褌泻懈	0.000865	0.116534	0.000101
褍褏邪	0.000288	0.040822	0.000012
褍褔邪褋褌胁芯胁邪褌褜	0.000288	0.040822	0.000012
褍褔懈褌褘胁邪褟	0.000288	2.659260	0.000767
褍褞褌薪褍褞	0.000288	3.506558	0.001011
褎邪蟹械薪写褘	0.000288	0.127833	0.000037
褎邪薪褌邪蟹懈懈	0.001730	0.116534	0.000202
褎邪薪褌邪蟹懈泄	0.000288	0.116534	0.000034
褎邪薪褌邪蟹懈褟	0.000288	0.116534	0.000034
褎邪褉褕邪	0.003749	0.040822	0.000153
褎邪褉褕懈褉芯胁邪薪薪邪褟	0.000577	0.116534	0.000067
褎邪褉褕懈褉芯胁邪薪薪芯械	0.000288	0.116534	0.000034
褎邪褉褕懈褉芯胁邪薪薪褘械	0.000577	0.040822	0.000024
褎邪褉褕懈褉芯胁邪薪薪褘泄	0.000288	0.040822	0.000012
褎邪褋芯谢褜	0.000865	0.040822	0.000035
褎械胁褉邪谢褟	0.001153	0.105361	0.000122
褎械泄械褉胁械褉泻	0.000577	0.116534	0.000067
褎械薪褏械谢褜	0.001442	2.995732	0.004319
褎械薪褏械谢褟	0.000288	3.506558	0.001011
褎懈谐褍褉械	0.000288	0.116534	0.000034
褎懈写卸懈褌邪谢	0.000288	4.605170	0.001328
褎懈薪褋泻邪褟	0.000288	0.116534	0.000034
褎懈褉屑械薪薪芯械	0.000288	0.116534	0.000034
褎芯薪写褞	0.000288	0.040822	0.000012
褎芯褉屑褘	0.000288	0.116534	0.000034
褎芯褉褍屑械	0.000577	0.040822	0.000024
褎芯褉褕屑邪泻	0.000288	0.040822	0.000012
褎芯褌芯	0.000288	2.040221	0.000588
褎褉邪薪褑懈懈	0.000288	0.116534	0.000034
褎褉邪薪褑褍蟹褋泻邪褟	0.000288	0.116534	0.000034
褎褉邪褍	0.001153	0.116534	0.000134
褎褉懈褌褞褉械	0.000288	2.995732	0.000864
褎褉褍泻褌芯胁	0.001153	0.116534	0.000134
褎褉褍泻褌芯胁芯	0.000288	0.116534	0.000034
褎褉褍泻褌芯胁褘械	0.002018	0.040822	0.000082
褎褍写	0.000288	0.116534	0.000034
褎褍褉褕械褌	0.000288	0.116534	0.000034
褏邪谢胁邪	0.000288	0.040822	0.000012
褏邪褉胁械褋褌褎械褋褌	0.000577	0.116534	0.000067
褏邪褉褔芯	0.000577	0.040822	0.000024
褏邪褕	0.000288	0.040822	0.000012
褏胁芯褉芯褋褌	0.000288	0.040822	0.000012
褏懈薪泻邪谢懈	0.000288	0.116534	0.000034
褏懈褌	0.002018	0.116534	0.000235
褏谢械斜	0.001442	0.040822	0.000059
褏谢械斜芯锌械褔泻懈	0.000288	0.116534	0.000034
褏谢芯锌褜褟	0.000577	0.105361	0.000061
褏芯蟹褟泄泻懈	0.000577	0.127833	0.000074
褏芯谢芯写械褑	0.000288	0.040822	0.000012
褏芯谢芯写懈谢褜薪懈泻	0.000577	2.407946	0.001389
褏芯谢芯写薪褘械	0.000577	0.116534	0.000067
褏芯谢芯写薪褘泄	0.000865	0.116534	0.000101
褏芯谢芯写薪褘褏	0.000288	4.605170	0.001328
褏芯褉胁邪褌褋泻邪褟	0.000288	0.116534	0.000034
褏芯褉芯褕邪	0.000288	2.995732	0.000864
褏芯褉芯褕芯	0.001442	0.105361	0.000152
褏芯褉褋	0.000288	0.116534	0.000034
褏芯褌懈褌械	0.000288	0.040822	0.000012
褏芯褌褜	0.000288	1.897120	0.000547
褏芯褔械褌褋褟	0.000865	1.469676	0.001271
褏芯褔械褕褜	0.000288	3.506558	0.001011
褏褉邪薪懈褌褜	0.000288	2.207275	0.000636
褏褉械薪	0.000577	2.995732	0.001728
褏褍屑褍褋	0.000288	0.040822	0.000012
褑邪褉褋褌胁芯	0.000288	0.127833	0.000037
褑邪褉褜	0.000288	0.116534	0.000034
褑胁械褌薪邪褟	0.000288	0.040822	0.000012
褑械薪薪褘褏	0.000288	0.040822	0.000012
褑械薪褌褉	0.000288	0.116534	0.000034
褔邪械屑	0.000288	0.116534	0.000034
褔邪懈	0.000288	4.605170	0.001328
褔邪泄	0.000865	0.040822	0.000035
褔邪褋邪	0.000288	1.514128	0.000437
褔邪褋芯胁	0.000288	2.040221	0.000588
褔邪褋褌芯	0.000288	0.994252	0.000287
褔邪褞	0.000288	2.659260	0.000767
褔械斜褍褉械泻懈	0.000577	0.040822	0.000024
褔械谐芯	0.000865	1.203973	0.001041
褔械褉泻懈蟹芯胁芯	0.000577	0.116534	0.000067
褔械褉薪褘泄	0.002307	0.371064	0.000856
褔械褋薪芯泻	0.002307	0.314711	0.000726
褔械褋褌薪褘屑懈	0.000288	0.040822	0.000012
褔械褔械胁懈褑邪	0.000288	0.040822	0.000012
褔械褕褋泻邪褟	0.000288	0.116534	0.000034
褔懈蟹泻械泄泻	0.001153	0.040822	0.000047
褔懈谢懈	0.000577	1.237874	0.000714
褔懈谢懈泄褋泻邪褟	0.000288	0.116534	0.000034
褔懈锌褋褘	0.000288	0.040822	0.000012
褔懈褋谢邪	0.000577	3.506558	0.002022
褔懈褌邪褌褜	0.000288	1.966113	0.000567
褔褍胁褋褌胁褍械褌褋褟	0.000288	3.912023	0.001128
褔褍写械褋	0.000288	0.116534	0.000034
褕邪褉懈泻懈	0.000288	0.040822	0.000012
褕邪褉谢芯褌泻邪	0.000288	0.040822	0.000012
褕邪褉谢芯褌泻懈	0.000288	0.127833	0.000037
褕邪褉屑	0.000288	0.116534	0.000034
褕邪褕谢褘泻	0.003460	0.040822	0.000141
褕邪褕谢褘泻懈	0.000288	0.040822	0.000012
褕胁械写褋泻邪褟	0.000288	0.116534	0.000034
褕胁械泄褑邪褉褋泻邪褟	0.000288	0.116534	0.000034
褕械写械胁褉褘	0.000288	0.116534	0.000034
褕械褎	0.000288	0.127833	0.000037
褕懈锌褍褔泻邪	0.000288	0.040822	0.000012
褕懈褉芯泻邪褟	0.000288	0.127833	0.000037
褕泻芯谢褍	0.000288	0.116534	0.000034
褕芯泻芯谢邪写	0.000865	0.040822	0.000035
褕芯泻芯谢邪写邪	0.000288	2.995732	0.000864
褕芯褌谢邪薪写褋泻邪褟	0.000288	0.116534	0.000034
褕褌褉褍写械谢褜	0.000288	0.040822	0.000012
褕褍褉锌邪	0.000288	0.040822	0.000012
褖邪褋	0.000288	0.116534	0.000034
褖械写褉邪褟	0.000288	0.116534	0.000034
褖懈	0.000577	0.040822	0.000024
褝写邪泻芯谐芯	0.000577	3.506558	0.002022
褝泻芯屑懈谢泻	0.000288	0.127833	0.000037
褝褋褌芯薪褋泻邪褟	0.000288	0.116534	0.000034
褝褌芯泄	0.000288	1.427116	0.000412
褝褌芯屑	0.000288	0.843970	0.000243
褝褌芯屑褍	0.000288	1.272966	0.000367
褞谐芯褋谢邪胁褋泻邪褟	0.000288	0.116534	0.000034
褟斜谢芯泻芯	0.000577	1.427116	0.000823
褟谐芯写薪褘械	0.000577	0.116534	0.000067
褟谐芯写薪褘泄	0.000577	0.116534	0.000067
褟蟹褘泻	0.000288	0.040822	0.000012
褟懈褑	0.001153	0.116534	0.000134
褟泄褑邪	0.000288	0.040822	0.000012
褟泄褑芯	0.002307	0.261365	0.000603
褟薪胁邪褉褟	0.000288	0.733969	0.000212
褟薪写械泻褋	0.000288	0.072571	0.000021
褟锌芯薪褋泻邪褟	0.000288	0.116534	0.000034
褟锌芯薪褋泻芯泄	0.000288	0.061875	0.000018
褟褉泻懈械	0.000288	0.116534	0.000034
褟褉泻芯	0.000288	0.105361	0.000030
褟褉泻芯械	0.000288	3.912023	0.001128
