褌芯泻械薪	TF	IDF	TF-IDF
邪斜褏邪蟹褋泻邪褟	0.000760	0.116534	0.000089
邪胁褋褌褉邪谢懈泄褋泻邪褟	0.000760	0.116534	0.000089
邪胁褋褌褉懈泄褋泻邪褟	0.000760	0.116534	0.000089
邪胁褌芯泻谢邪胁邪	0.000380	0.116534	0.000044
邪胁褌芯褉邪屑	0.000380	0.040822	0.000016
邪谐褉芯	0.000380	0.116534	0.000044
邪写卸懈泻邪	0.000380	0.040822	0.000016
邪蟹械褉斜邪泄写卸邪薪褋泻邪褟	0.000760	0.116534	0.000089
邪蟹懈邪褌褋泻邪褟	0.000380	0.127833	0.000049
邪蟹褘	0.000380	0.127833	0.000049
邪泄褉邪薪	0.000380	0.040822	0.000016
邪泻胁邪褌懈泻邪	0.001139	0.127833	0.000146
邪谢械泻褋械褟	0.000380	0.127833	0.000049
邪谢泻芯谐芯谢褜	0.000760	0.116534	0.000089
邪谢泻芯谐芯谢褜薪褘械	0.000380	0.116534	0.000044
邪谢泻芯谐芯谢褟	0.000380	0.116534	0.000044
邪谢褜褟薪褋	0.000380	0.116534	0.000044
邪屑械褉懈泻邪薪褋泻邪褟	0.001139	0.116534	0.000133
邪薪谐谢懈泄褋泻邪褟	0.000760	0.116534	0.000089
邪薪写褉械褟	0.000380	0.127833	0.000049
邪褉邪斜褋泻邪褟	0.000760	0.116534	0.000089
邪褉谐械薪褌懈薪褋泻邪褟	0.000760	0.116534	0.000089
邪褉屑褟薪褋泻邪褟	0.000760	0.116534	0.000089
邪褋褋芯褉褌懈	0.000760	0.116534	0.000089
邪褌谢邪薪褌	0.000380	0.127833	0.000049
邪褎谐邪薪褋泻邪褟	0.000760	0.116534	0.000089
邪褎褉懈泻邪薪褋泻邪褟	0.000760	0.116534	0.000089
邪褝褉芯谐褉懈谢械	0.003798	0.116534	0.000443
邪褝褉芯谐褉懈谢褟	0.000760	4.605170	0.003498
斜邪泻谢邪卸邪薪褘	0.000380	0.040822	0.000016
斜邪谢褌泻芯屑	0.000380	0.127833	0.000049
斜邪褉邪薪懈薪褘	0.001519	0.116534	0.000177
斜邪褋屑邪褌懈	0.000760	0.127833	0.000097
斜邪褋褌褍褉屑邪	0.000380	0.040822	0.000016
斜邪褌芯薪褔懈泻懈	0.000380	0.127833	0.000049
斜邪褕泻懈褉褋泻邪褟	0.000760	0.116534	0.000089
斜械蟹邪谢泻芯谐芯谢褜薪褘械	0.000380	0.116534	0.000044
斜械蟹谐谢褞褌械薪芯胁褘械	0.000380	0.116534	0.000044
斜械蟹械	0.001519	0.040822	0.000062
斜械谢械斜械械胁褋泻懈泄	0.000760	0.116534	0.000089
斜械谢芯褉褍褋褋泻邪褟	0.000760	0.116534	0.000089
斜械谢褜谐懈泄褋泻邪褟	0.000760	0.116534	0.000089
斜械褉械屑械薪薪褘褏	0.000380	0.116534	0.000044
斜械褋械写懈薪邪	0.000380	0.127833	0.000049
斜懈褋泻胁懈褌	0.000380	0.040822	0.000016
斜懈褋泻胁懈褌薪芯械	0.000760	0.116534	0.000089
斜懈褋泻胁懈褌薪褘泄	0.000380	0.105361	0.000040
斜懈褋泻胁懈褌褘	0.000380	0.127833	0.000049
斜谢懈卸械	0.000380	0.116534	0.000044
斜谢懈蟹泻懈褏	0.000380	0.116534	0.000044
斜谢懈薪芯胁	0.000760	0.116534	0.000089
斜谢懈薪褘	0.001519	0.040822	0.000062
斜谢褞写	0.001139	0.094311	0.000107
斜谢褞写邪	0.039119	0.040822	0.001597
斜谢褞写芯	0.001519	0.040822	0.000062
斜谢褞写褍	0.000380	0.116534	0.000044
斜芯斜芯胁褘械	0.000760	0.127833	0.000097
斜芯斜芯胁褘褏	0.002279	0.116534	0.000266
斜芯谢谐邪褉褋泻邪褟	0.000760	0.116534	0.000089
斜芯谢褜褕械	0.000760	0.105361	0.000080
斜芯褉褖	0.000760	0.040822	0.000031
斜芯褌胁懈薪褜褟	0.000380	0.040822	0.000016
斜褉邪蟹懈谢褜褋泻邪褟	0.000760	0.116534	0.000089
斜褉邪褍蟹械褉械	0.000380	0.040822	0.000016
斜褉邪褍薪懈	0.000380	0.040822	0.000016
斜褉械褋褌	0.000380	0.127833	0.000049
斜褉芯泻泻芯谢懈	0.000380	0.040822	0.000016
斜褍卸械薪懈薪邪	0.000380	0.040822	0.000016
斜褍谢芯褔泻邪屑懈	0.000380	0.116534	0.000044
斜褍谢芯褔泻懈	0.000760	0.040822	0.000031
斜褍谢褜芯薪	0.002659	0.040822	0.000109
斜褍谢褜芯薪褘	0.002279	0.116534	0.000266
斜褍褉谐械褉	0.000380	0.040822	0.000016
斜褍褉谐械褉褘	0.000380	0.127833	0.000049
斜褍褉褟褌褋泻邪褟	0.000760	0.116534	0.000089
斜褍褌械褉斜褉芯写	0.000760	0.116534	0.000089
斜褍褌械褉斜褉芯写褘	0.000760	0.040822	0.000031
斜褘褋褌褉芯	0.000380	0.094311	0.000036
斜褘褋褌褉芯泄	0.000380	0.116534	0.000044
斜褘褋褌褉褘泄	0.000760	0.105361	0.000080
胁邪卸薪褘械	0.000380	0.116534	0.000044
胁邪谢谢懈泄褋泻邪褟	0.000760	0.116534	0.000089
胁邪褉械薪懈泻懈	0.000380	0.116534	0.000044
胁邪褉械薪褜械	0.000760	0.040822	0.000031
胁邪褉褢薪芯械	0.000380	4.605170	0.001749
胁邪褌褉褍褕泻懈	0.000380	0.040822	0.000016
胁邪褎谢懈	0.000760	0.040822	0.000031
胁邪褕械泄	0.000380	0.040822	0.000016
胁胁械写懈褌械	0.000380	3.912023	0.001486
胁胁芯写褟	0.000380	0.040822	0.000016
胁写芯褏薪芯胁械薪懈械	0.001519	0.116534	0.000177
胁写芯褏薪芯胁械薪懈械屑	0.000760	0.116534	0.000089
胁写芯褏薪芯胁谢褟泄褋褟	0.000380	0.116534	0.000044
胁械谐邪薪褋泻芯械	0.000380	4.605170	0.001749
胁械谐械褌邪褉懈邪薪褋泻懈械	0.000380	0.127833	0.000049
胁械谐械褌邪褉懈邪薪褋泻芯械	0.000760	0.116534	0.000089
胁械谢懈泻懈泄	0.000380	0.116534	0.000044
胁械薪谐械褉褋泻邪褟	0.000760	0.116534	0.000089
胁械褋械薪薪懈械	0.000380	0.051293	0.000019
胁械褋薪邪	0.001899	0.116534	0.000221
胁械褋薪褘	0.000380	0.116534	0.000044
胁械褌褔懈薪褘	0.000380	0.105361	0.000040
胁懈写械芯	0.001519	0.116534	0.000177
胁懈写褘	0.000380	4.605170	0.001749
胁懈薪芯	0.000760	0.040822	0.000031
胁泻褍褋	0.000760	0.105361	0.000080
胁泻褍褋邪	0.003038	0.116534	0.000354
胁泻褍褋薪邪褟	0.001519	0.061875	0.000094
胁泻褍褋薪械械	0.000760	0.116534	0.000089
胁泻褍褋薪械泄	0.000380	0.116534	0.000044
胁泻褍褋薪芯	0.001139	0.094311	0.000107
胁泻褍褋薪褘械	0.000760	0.105361	0.000080
胁泻褍褋芯屑	0.000380	0.105361	0.000040
胁谢褞斜谢械薪薪褘褏	0.000380	0.116534	0.000044
胁谢褞斜谢褢薪薪褘褏	0.000380	4.605170	0.001749
胁芯	0.000380	0.061875	0.000023
胁芯写械	0.000380	0.105361	0.000040
胁芯泄褌懈	0.000380	0.000000	0.000000
胁芯谢芯胁邪薪褘	0.000380	0.116534	0.000044
胁芯谢褕械斜薪褘械	0.000380	0.116534	0.000044
胁芯谢褕械斜褋褌胁芯	0.000380	0.116534	0.000044
胁芯锌褉芯褋褘	0.000380	0.000000	0.000000
胁芯褋褌芯褔薪邪褟	0.000380	0.127833	0.000049
胁褉械屑械薪邪	0.000380	0.116534	0.000044
胁褉械屑械薪械屑	0.002279	0.116534	0.000266
胁褋械泄	0.001139	0.105361	0.000120
胁褋械屑褍	0.000380	0.061875	0.000023
胁褋锌芯屑薪懈褌褜	0.000380	0.040822	0.000016
胁褌芯褉芯械	0.000380	0.116534	0.000044
胁褌芯褉褘械	0.000380	0.127833	0.000049
胁褏芯写	0.001139	0.030459	0.000035
胁褘泄褌懈	0.000380	0.040822	0.000016
胁褘锌械褔泻邪	0.005317	0.040822	0.000217
胁褘锌械褔泻懈	0.000760	0.072571	0.000055
胁褘锌械褔泻芯泄	0.000380	0.116534	0.000044
胁褜械褌薪邪屑褋泻邪褟	0.000760	0.116534	0.000089
胁褟谢械薪芯械	0.000380	3.506558	0.001332
谐邪胁邪泄褋泻邪褟	0.000760	0.116534	0.000089
谐邪褉薪懈褉	0.001899	0.040822	0.000078
谐邪褋锌邪褔芯	0.000380	0.040822	0.000016
谐械芯谐褉邪褎懈褟	0.000380	0.116534	0.000044
谐谢邪胁薪褘泄	0.000380	0.040822	0.000016
谐谢邪蟹褍褉褜	0.001139	0.040822	0.000047
谐谢懈薪褌胁械泄薪	0.000380	0.040822	0.000016
谐芯胁褟写懈薪褘	0.001519	0.116534	0.000177
谐芯写	0.003418	0.105361	0.000360
谐芯谢谢邪薪写褋泻邪褟	0.000760	0.116534	0.000089
谐芯褉芯写邪	0.000380	0.116534	0.000044
谐芯褉芯褏	0.000380	0.116534	0.000044
谐芯褉褔懈褑邪	0.000760	0.040822	0.000031
谐芯褉褔懈褑邪屑懈	0.000380	0.127833	0.000049
谐芯褉褕芯褔泻邪褏	0.000380	0.105361	0.000040
谐芯褉褕芯褔泻械	0.000380	0.040822	0.000016
谐芯褉褟褔械械	0.000760	0.116534	0.000089
谐芯褉褟褔懈械	0.014052	0.105361	0.001481
谐芯褉褟褔懈泄	0.000760	0.116534	0.000089
谐芯褋褌懈	0.000760	0.116534	0.000089
谐芯褌芯胁懈屑	0.002279	0.094311	0.000215
谐芯褌芯胁懈褌褜	0.001899	0.105361	0.000200
谐芯褌芯胁褜	0.000760	0.116534	0.000089
谐芯褌芯胁褟褌	0.000380	0.116534	0.000044
谐褉械薪泻懈	0.000760	0.040822	0.000031
谐褉械褔械褋泻邪褟	0.001139	0.116534	0.000133
谐褉械褔泻邪	0.000380	0.040822	0.000016
谐褉懈斜邪屑懈	0.001519	0.105361	0.000160
谐褉懈斜薪褘械	0.000760	0.040822	0.000031
谐褉懈斜芯胁	0.001139	0.116534	0.000133
谐褉懈斜褘	0.001139	0.040822	0.000047
谐褉懈谢械	0.001899	0.116534	0.000221
谐褉懈谢褜	0.000380	0.116534	0.000044
谐褉懈谢褜屑邪薪懈褟	0.000380	0.116534	0.000044
谐褉懈谢褟	0.001519	0.116534	0.000177
谐褉芯谐	0.000380	0.040822	0.000016
谐褉褍蟹懈薪褋泻邪褟	0.000760	0.116534	0.000089
谐褉褍锌锌褘	0.000380	0.061875	0.000023
谐褍褉屑邪薪懈褟	0.002279	0.116534	0.000266
谐褍褉屑械	0.000380	0.127833	0.000049
谐褍褋褟	0.000760	0.105361	0.000080
写邪械褌	0.000380	0.040822	0.000016
写邪薪薪褘械	0.000380	0.040822	0.000016
写邪褉褘	0.000380	0.116534	0.000044
写邪褌褋泻邪褟	0.000760	0.116534	0.000089
写邪褔薪芯械	0.001139	0.116534	0.000133
写械泻芯褉	0.000380	0.127833	0.000049
写械谢邪械褌	0.000760	0.116534	0.000089
写械谢懈屑褋褟	0.000380	0.040822	0.000016
写械谢芯屑	0.000380	0.116534	0.000044
写械薪褜	0.001899	0.083382	0.000158
写械褋械褉褌	0.001139	0.116534	0.000133
写械褋械褉褌邪褑懈褟	0.000380	0.116534	0.000044
写械褋械褉褌薪褘械	0.000380	0.116534	0.000044
写械褋械褉褌褘	0.006077	0.040822	0.000248
写械褌械泄	0.000760	0.116534	0.000089
写卸械屑	0.000380	0.040822	0.000016
写蟹械薪	0.000380	0.116534	0.000044
写懈械褌邪	0.000380	0.116534	0.000044
写懈械褌褘	0.000380	0.116534	0.000044
写懈泻懈泄	0.000760	0.116534	0.000089
写懈泻芯谐芯	0.000380	0.116534	0.000044
写懈锌	0.000380	0.116534	0.000044
写懈褔懈	0.000760	0.116534	0.000089
写懈褔褜	0.000380	0.116534	0.000044
写薪械胁薪懈泻邪褏	0.000380	0.061875	0.000023
写薪械泄	0.001139	0.116534	0.000133
写薪褟	0.000380	0.040822	0.000016
写芯斜邪胁谢褟褌褜	0.000380	0.040822	0.000016
写芯斜邪胁褜	0.000380	0.116534	0.000044
写芯斜褉芯褎谢芯褌	0.000380	0.127833	0.000049
写芯胁械褉褟械褕褜	0.000380	0.116534	0.000044
写芯屑	0.001899	0.040822	0.000078
写芯屑邪褕薪械械	0.001139	0.040822	0.000047
写芯屑邪褕薪懈械	0.000760	0.040822	0.000031
写芯屑邪褕薪懈泄	0.001899	0.116534	0.000221
写芯屑邪褕薪褟褟	0.000760	0.105361	0.000080
写芯屑芯胁	0.000380	0.040822	0.000016
写褉邪泄胁	0.001899	0.127833	0.000243
写褉芯卸卸械胁芯械	0.000380	0.116534	0.000044
写褉褍谐懈屑懈	0.000380	0.040822	0.000016
写褍褏芯胁泻邪	0.001519	0.127833	0.000194
写褍褏芯胁泻械	0.000380	0.867501	0.000329
写褍褕懈	0.001139	0.105361	0.000120
械胁褉械泄褋泻邪褟	0.000760	0.116534	0.000089
械谐懈锌械褌褋泻邪褟	0.000760	0.116534	0.000089
械写懈薪褘泄	0.000380	0.040822	0.000016
械泻芯	0.000380	0.127833	0.000049
卸邪褉械薪芯械	0.000380	3.912023	0.001486
卸邪褉泻芯械	0.000380	0.040822	0.000016
卸械谢邪械屑褘械	0.000380	1.469676	0.000558
卸械谢械	0.001139	0.040822	0.000047
卸械薪褋泻邪褟	0.000380	0.127833	0.000049
卸械薪褋泻芯屑	0.000380	0.061875	0.000023
卸械薪褖懈薪褘	0.000760	0.116534	0.000089
卸懈蟹薪懈	0.000380	0.040822	0.000016
卸懈蟹薪褜	0.000380	0.116534	0.000044
卸褍谢褜械薪	0.000380	0.040822	0.000016
卸褍褉薪邪谢邪	0.000380	0.127833	0.000049
卸褞谢褜械薪	0.000380	0.040822	0.000016
蟹邪胁邪褉薪芯械	0.000380	0.116534	0.000044
蟹邪胁邪褉薪芯泄	0.000380	0.116534	0.000044
蟹邪胁褌褉邪泻	0.003038	0.094311	0.000287
蟹邪胁褌褉邪泻懈	0.000380	0.127833	0.000049
蟹邪谐芯褌芯胁泻懈	0.002279	0.040822	0.000093
蟹邪写邪胁邪褌褜	0.000380	0.040822	0.000016
蟹邪泄褑邪	0.000760	0.116534	0.000089
蟹邪泻胁邪褋泻邪	0.000380	0.040822	0.000016
蟹邪泻胁邪褋泻邪屑懈	0.000380	0.116534	0.000044
蟹邪泻胁邪褋芯泻	0.000380	0.127833	0.000049
蟹邪泻褉褘褌褘泄	0.000380	0.116534	0.000044
蟹邪泻褍褋泻懈	0.007596	0.040822	0.000310
蟹邪泻褍褋泻褍	0.001139	0.116534	0.000133
蟹邪泻褍褋芯薪褔懈泻	0.000380	0.116534	0.000044
蟹邪泻褍褋芯褔泻邪	0.000380	0.116534	0.000044
蟹邪泻褍褋芯褔薪褘械	0.003418	0.116534	0.000398
蟹邪谢懈胁薪芯械	0.000760	0.040822	0.000031
蟹邪屑芯褉芯蟹泻邪	0.000380	0.105361	0.000040
蟹邪锌邪写	0.000380	0.116534	0.000044
蟹邪锌械泻邪薪泻邪	0.001519	0.105361	0.000160
蟹邪锌械泻邪薪泻懈	0.002659	0.040822	0.000109
蟹邪锌褉邪胁泻邪	0.000760	0.040822	0.000031
蟹邪褉械谐懈褋褌褉懈褉芯胁邪胁褕懈褋褜	0.000380	0.040822	0.000016
蟹邪褉械谐懈褋褌褉懈褉芯胁邪褌褜褋褟	0.000380	0.030459	0.000012
蟹邪褋芯谢泻邪	0.000380	0.116534	0.000044
蟹胁邪薪褘泄	0.000380	0.127833	0.000049
蟹胁械蟹写邪	0.000380	0.127833	0.000049
蟹胁褢蟹写薪褘械	0.000380	0.116534	0.000044
蟹写芯褉芯胁芯械	0.000380	0.116534	0.000044
蟹写芯褉芯胁褘泄	0.000380	0.116534	0.000044
蟹械谢械薪褜	0.000380	0.094311	0.000036
蟹械褎懈褉	0.000380	0.040822	0.000016
蟹懈屑薪懈械	0.000380	0.051293	0.000019
蟹懈屑褍	0.001519	0.040822	0.000062
蟹芯谢芯褌邪褟	0.000380	0.116534	0.000044
懈胁邪薪芯胁邪	0.000380	0.127833	0.000049
懈写械邪谢褜薪邪褟	0.000380	0.116534	0.000044
懈写械邪谢褜薪芯谐芯	0.001899	0.116534	0.000221
懈写械邪谢褜薪芯械	0.000380	0.116534	0.000044
懈写械泄泻懈	0.000380	0.116534	0.000044
懈蟹写械谢懈褟	0.001139	0.116534	0.000133
懈蟹写械谢懈褟屑懈	0.001139	0.116534	0.000133
懈泻褉邪	0.001139	0.040822	0.000047
懈屑械薪械屑	0.000380	0.040822	0.000016
懈薪胁械褉褌芯褉薪芯泄	0.000380	0.127833	0.000049
懈薪谐褉械写懈械薪褌邪屑	0.000760	1.469676	0.001116
懈薪谐褉械写懈械薪褌褘	0.000760	0.139262	0.000106
懈薪写械泄泻懈	0.001899	0.094311	0.000179
懈薪写械泄泻芯泄	0.000380	0.116534	0.000044
懈薪写懈泄褋泻邪褟	0.000760	0.116534	0.000089
懈薪写懈谢邪泄褌	0.001139	0.116534	0.000133
懈薪写懈褉械褋薪褘械	0.000380	0.116534	0.000044
懈薪褋褌褉褍泻褑懈褟屑懈	0.000380	0.040822	0.000016
懈褉邪泻褋泻邪褟	0.000760	0.116534	0.000089
懈褉邪薪褋泻邪褟	0.000760	0.116534	0.000089
懈褉谢邪薪写褋泻邪褟	0.000760	0.116534	0.000089
懈褋泻谢褞褔懈褌褜	0.000380	1.469676	0.000558
懈褋泻褉械薪薪械	0.000380	0.116534	0.000044
懈褋谢邪薪写褋泻邪褟	0.000760	0.116534	0.000089
懈褋锌邪薪褋泻邪褟	0.001139	0.116534	0.000133
懈褋锌械泻懈	0.000380	0.116534	0.000044
懈褋褌芯褉懈懈	0.001899	0.116534	0.000221
懈褋褌芯褉懈褞	0.000380	0.116534	0.000044
懈褌邪谢懈懈	0.000760	0.105361	0.000080
懈褌邪谢褜褟薪褋泻邪褟	0.001139	0.116534	0.000133
泄芯谐褍褉褌	0.001139	0.040822	0.000047
泻邪斜邪褔泻懈	0.000380	0.040822	0.000016
泻邪胁泻邪蟹褋泻邪褟	0.001139	0.116534	0.000133
泻邪蟹邪薪械	0.000380	0.116534	0.000044
泻邪蟹邪褏褋泻邪褟	0.000760	0.116534	0.000089
泻邪泻邪芯	0.000760	0.040822	0.000031
泻邪谢械泄写芯褋泻芯锌	0.001519	0.116534	0.000177
泻邪谢屑褘褑泻邪褟	0.000760	0.116534	0.000089
泻邪谢褜屑邪褉	0.000380	0.040822	0.000016
泻邪屑械褉邪	0.000380	0.116534	0.000044
泻邪薪邪写褋泻邪褟	0.000760	0.116534	0.000089
泻邪薪邪谢	0.000760	0.040822	0.000031
泻邪薪邪谢械	0.000380	0.040822	0.000016
泻邪薪邪锌械	0.000760	0.040822	0.000031
泻邪锌褍褋褌邪	0.000760	0.040822	0.000031
泻邪锌褍褋褌薪褟泻	0.000380	0.040822	0.000016
泻邪锌褍褋褌褘	0.000380	0.040822	0.000016
泻邪褉邪屑械谢褜	0.000380	0.040822	0.000016
泻邪褉褌芯褎械谢褜	0.000380	0.040822	0.000016
泻邪褉褌芯褎械谢褜薪芯械	0.000380	0.040822	0.000016
泻邪褉褌芯褎械谢褜薪褘泄	0.000380	0.116534	0.000044
泻邪褉褌芯褕泻邪	0.000760	0.040822	0.000031
泻邪褌械谐芯褉懈懈	0.000380	0.116534	0.000044
泻邪褌械谐芯褉懈褟	0.000380	0.150823	0.000057
泻邪褔械褋褌胁芯	0.000380	0.116534	0.000044
泻邪褕邪	0.000380	0.040822	0.000016
泻邪褕懈	0.002659	0.105361	0.000280
泻邪褕褍	0.000380	0.094311	0.000036
泻胁邪褋	0.001139	0.040822	0.000047
泻胁邪褋薪芯械	0.001139	0.116534	0.000133
泻胁邪褋芯屑	0.000380	0.127833	0.000049
泻械泻褋	0.000380	0.040822	0.000016
泻械泻褋褘	0.000760	0.116534	0.000089
泻械褎懈褉	0.000380	0.040822	0.000016
泻懈屑褔懈	0.000380	0.040822	0.000016
泻懈薪芯邪	0.000760	0.127833	0.000097
泻懈薪芯谢械薪褌邪	0.000380	0.116534	0.000044
泻懈褋械谢褜	0.000760	0.040822	0.000031
泻懈褌邪泄褋泻邪褟	0.001139	0.116534	0.000133
泻谢邪褋褋	0.003038	0.116534	0.000354
泻谢邪褋褋褘	0.000380	0.116534	0.000044
泻薪懈谐褍	0.000380	0.040822	0.000016
泻芯泻褌械泄谢懈	0.000380	0.127833	0.000049
泻芯泻褌械泄谢褜	0.001899	0.040822	0.000078
泻芯谢斜邪褋邪	0.000380	0.040822	0.000016
泻芯谢斜邪褋薪褘屑懈	0.001139	0.116534	0.000133
泻芯屑邪薪写邪	0.000760	0.127833	0.000097
泻芯屑懈	0.000760	0.116534	0.000089
泻芯屑锌邪薪懈泄	0.000380	0.105361	0.000040
泻芯屑锌芯褌	0.001139	0.040822	0.000047
泻芯薪懈薪褘	0.000380	0.116534	0.000044
泻芯薪泻褍褉褋	0.081276	0.105361	0.008563
泻芯薪泻褍褉褋邪	0.000380	0.116534	0.000044
泻芯薪泻褍褉褋邪褏	0.000380	0.040822	0.000016
泻芯薪泻褍褉褋薪褘械	0.000380	0.127833	0.000049
泻芯薪褋械褉胁懈褉芯胁邪薪懈械	0.000380	0.040822	0.000016
泻芯薪褋械褉胁懈褉芯胁邪薪薪邪褟	0.000380	0.116534	0.000044
泻芯薪褋械褉胁懈褉芯胁邪薪薪芯械	0.000380	0.116534	0.000044
泻芯薪褋械褉胁懈褉芯胁邪薪薪褘械	0.000760	0.116534	0.000089
泻芯薪褋械褉胁懈褉芯胁邪薪薪褘泄	0.000380	0.116534	0.000044
泻芯薪褎械褌褌懈	0.000380	0.116534	0.000044
泻芯薪褎械褌褘	0.001139	0.040822	0.000047
泻芯薪褎懈写械薪褑懈邪谢褜薪芯褋褌懈	0.000380	0.040822	0.000016
泻芯薪褎懈褌褞褉	0.000380	0.040822	0.000016
泻芯锌褔械薪芯褋褌褟屑懈	0.000380	0.116534	0.000044
泻芯锌褔褢薪芯械	0.000380	4.605170	0.001749
泻芯褉械泄褋泻邪褟	0.000760	0.116534	0.000089
泻芯褉械泄褋泻懈	0.000380	0.040822	0.000016
泻芯褉卸懈泻懈	0.000380	0.040822	0.000016
泻芯褉屑褟褖懈褏	0.000380	0.116534	0.000044
泻芯褌谢械褌褘	0.000380	0.040822	0.000016
泻芯褌芯褉芯屑褍	0.000380	0.116534	0.000044
泻芯褎械	0.000760	0.040822	0.000031
泻褉邪褋泻懈	0.000380	0.116534	0.000044
泻褉械邪褌懈胁	0.000380	0.127833	0.000049
泻褉械屑	0.000380	0.040822	0.000016
泻褉械屑邪	0.000760	0.116534	0.000089
泻褉械锌泻懈泄	0.000380	0.116534	0.000044
泻褉芯谢懈泻邪	0.000760	0.116534	0.000089
泻褉芯屑械	0.000380	0.061875	0.000023
泻褉芯褏懈	0.000380	0.116534	0.000044
泻褉褍谐褍	0.000760	0.116534	0.000089
泻褉褍锌	0.002279	0.116534	0.000266
泻褉褍锌邪	0.000380	0.127833	0.000049
泻褉褍锌褘	0.000760	0.127833	0.000097
泻褉褍锌褟薪褘械	0.000380	0.116534	0.000044
泻褍斜懈薪褋泻邪褟	0.000760	0.116534	0.000089
泻褍谢械褕	0.000380	0.040822	0.000016
泻褍谢懈薪邪褉懈懈	0.001139	0.094311	0.000107
泻褍谢懈薪邪褉薪邪褟	0.000380	0.116534	0.000044
泻褍谢懈薪邪褉薪芯械	0.000380	0.116534	0.000044
泻褍谢懈薪邪褉薪褍褞	0.000380	0.040822	0.000016
泻褍谢懈薪邪褉薪褘泄	0.000380	0.072571	0.000028
泻褍谢懈薪邪褉薪褘褏	0.000380	0.116534	0.000044
泻褍谢懈褔	0.000380	0.040822	0.000016
泻褍谢懈褔懈	0.000380	0.116534	0.000044
泻褍褉写褋泻邪褟	0.000760	0.116534	0.000089
泻褍褉懈薪芯谐芯	0.000380	0.116534	0.000044
泻褍褉懈薪芯械	0.000380	0.127833	0.000049
泻褍褉懈薪褘泄	0.000380	0.105361	0.000040
泻褍褉懈褑邪	0.000380	0.040822	0.000016
泻褍褉懈褑褘	0.001139	0.116534	0.000133
泻褍褉芯褔泻芯泄	0.000380	0.116534	0.000044
泻褍褋泻褍褋	0.000380	0.040822	0.000016
泻褍褏薪械泄	0.000380	0.040822	0.000016
泻褍褏薪懈	0.001519	0.040822	0.000062
泻褍褏薪褟	0.006077	0.116534	0.000708
谢邪胁邪褕	0.000760	0.040822	0.000031
谢邪胁邪褕邪	0.001899	0.116534	0.000221
谢邪谐屑邪薪	0.000380	0.040822	0.000016
谢邪泻芯屑褋褌胁芯	0.000380	0.116534	0.000044
谢邪锌褕邪	0.000760	0.040822	0.000031
谢邪褌褘褕褋泻邪褟	0.000760	0.116534	0.000089
谢械谐泻邪褟	0.000380	0.116534	0.000044
谢械谐泻懈泄	0.000760	0.116534	0.000089
谢械谐泻芯	0.002279	0.116534	0.000266
谢械锌械褕泻懈	0.000760	0.040822	0.000031
谢械褌邪	0.000380	0.116534	0.000044
谢械褌薪懈械	0.000380	0.040822	0.000016
谢械褌薪褟褟	0.000380	0.116534	0.000044
谢械褌芯	0.001899	0.116534	0.000221
谢械褔芯	0.000380	0.040822	0.000016
谢懈谐邪	0.001139	0.116534	0.000133
谢懈泻械褉	0.000380	0.040822	0.000016
谢懈屑芯薪邪写	0.000760	0.040822	0.000031
谢懈褌芯胁褋泻	0.000380	0.127833	0.000049
谢懈褌芯胁褋泻邪褟	0.000760	0.116534	0.000089
谢褍褔褕懈械	0.000380	0.116534	0.000044
谢褍褔褕懈泄	0.000760	0.040822	0.000031
谢褍褔褕懈褏	0.000380	0.116534	0.000044
谢褞斜胁懈	0.000380	0.105361	0.000040
谢褞斜懈屑芯谐芯	0.000380	0.127833	0.000049
谢褞斜懈屑芯屑褍	0.000380	0.116534	0.000044
谢褞斜懈屑褘褏	0.002279	0.116534	0.000266
谢褞斜芯胁褜	0.000380	0.116534	0.000044
谢褞斜芯泄	0.000380	0.116534	0.000044
谢褢写	0.000380	0.127833	0.000049
屑邪谐褉懈斜邪	0.000760	0.116534	0.000089
屑邪泄	0.000380	0.116534	0.000044
屑邪泄芯薪械蟹	0.000380	0.116534	0.000044
屑邪泻邪褉芯薪薪褘械	0.000380	0.116534	0.000044
屑邪泻邪褉芯薪褘	0.000380	0.040822	0.000016
屑邪谢邪蟹懈泄褋泻邪褟	0.000760	0.116534	0.000089
屑邪薪薪懈泻	0.000380	0.040822	0.000016
屑邪薪褌褘	0.000380	0.116534	0.000044
屑邪薪褢胁褉褘	0.000380	0.116534	0.000044
屑邪褉邪褎芯薪	0.001139	0.116534	0.000133
屑邪褉懈薪邪写	0.003798	0.040822	0.000155
屑邪褉懈薪邪写褘	0.001139	0.116534	0.000133
屑邪褉懈薪芯胁邪薪薪褘械	0.000380	0.116534	0.000044
屑邪褉屑械谢邪写	0.000380	0.040822	0.000016
屑邪褉芯泻泻邪薪褋泻邪褟	0.000760	0.116534	0.000089
屑邪褉褌邪	0.002279	0.105361	0.000240
屑邪褋泻邪褉锌芯薪械	0.000380	0.040822	0.000016
屑邪褋谢械薪懈褑邪	0.001139	0.040822	0.000047
屑邪褋谢械薪懈褔薪芯械	0.000380	0.116534	0.000044
屑邪褋谢芯	0.000380	0.116534	0.000044
屑邪褋谢芯屑	0.000380	0.116534	0.000044
屑邪褋褌械褉	0.003418	0.116534	0.000398
屑邪褋褌懈泻邪	0.000380	0.040822	0.000016
屑邪褋褌懈泻懈	0.000380	0.116534	0.000044
屑邪褎褎懈薪褘	0.000380	0.116534	0.000044
屑邪褏械械胁褗	0.001519	0.116534	0.000177
屑械写懈邪褎芯褉褌	0.001139	0.000000	0.000000
屑械写芯胁褘泄	0.000380	0.116534	0.000044
屑械泻褋懈泻邪薪褋泻邪褟	0.000760	0.116534	0.000089
屑械薪褞	0.002659	0.116534	0.000310
屑械薪褟	0.000380	0.083382	0.000032
屑械薪褟械褌褋褟	0.000380	0.116534	0.000044
屑械褔褌邪	0.000380	0.116534	0.000044
屑械褔褌褘	0.000380	0.040822	0.000016
屑懈写懈懈	0.000380	0.040822	0.000016
屑懈泻褉芯胁芯谢薪芯胁泻械	0.000760	0.116534	0.000089
屑懈谢褜械	0.000380	0.116534	0.000044
屑懈芯	0.000380	0.116534	0.000044
屑懈褉	0.000380	0.116534	0.000044
屑懈褉邪	0.000380	0.116534	0.000044
屑懈褉芯胁邪褟	0.000380	0.116534	0.000044
屑懈褋芯	0.000380	0.040822	0.000016
屑懈褋褌械褉懈褟	0.000380	0.116534	0.000044
屑懈褋褌褉邪谢褜	0.002659	0.116534	0.000310
屑薪芯卸械褋褌胁芯屑	0.000380	0.040822	0.000016
屑芯械	0.000380	0.116534	0.000044
屑芯卸械褌械	0.000380	0.000000	0.000000
屑芯泄	0.000380	0.105361	0.000040
屑芯谢写邪胁褋泻邪褟	0.000760	0.116534	0.000089
屑芯谢芯泻械	0.000380	0.105361	0.000040
屑芯谢芯泻芯	0.000380	0.116534	0.000044
屑芯谢芯褔薪褘械	0.000380	4.605170	0.001749
屑芯谢芯褔薪褘泄	0.000760	0.040822	0.000031
屑芯谢芯褔薪褘褏	0.000380	0.116534	0.000044
屑芯屑械薪褌	0.001139	0.116534	0.000133
屑芯薪谐芯谢褜褋泻邪褟	0.000760	0.116534	0.000089
屑芯褉械	0.000380	0.116534	0.000044
屑芯褉械锌褉芯写褍泻褌芯胁	0.004178	0.040822	0.000171
屑芯褉械锌褉芯写褍泻褌褘	0.000760	0.116534	0.000089
屑芯褉泻芯胁褜	0.000380	0.040822	0.000016
屑芯褉芯卸械薪芯械	0.001139	0.040822	0.000047
屑芯褉褋	0.000380	0.040822	0.000016
屑芯褉褋褘	0.000380	0.116534	0.000044
屑芯褌芯褉	0.000380	0.116534	0.000044
屑芯褏懈褌芯	0.000380	0.040822	0.000016
屑褍卸褋泻邪褟	0.000380	0.127833	0.000049
屑褍卸褔懈薪褘	0.000760	0.116534	0.000089
屑褍谢褜褌懈胁邪褉泻械	0.014432	0.116534	0.001682
屑褍谢褜褌懈胁邪褉泻懈	0.000760	3.912023	0.002972
屑褍谢褜褌懈锌械泻邪褉械泄	0.001139	0.116534	0.000133
屑褍褋褋	0.000380	0.040822	0.000016
屑褍褋褋褘	0.000760	0.116534	0.000089
屑褍褔薪褘械	0.000380	0.116534	0.000044
屑褞褋谢懈	0.000760	0.116534	0.000089
屑褟褋邪	0.003038	0.116534	0.000354
屑褟褋薪芯谐芯	0.000760	0.116534	0.000089
屑褟褋薪芯泄	0.000380	0.116534	0.000044
屑褟褋薪褘械	0.001899	0.040822	0.000078
屑褟褋薪褘褏	0.001139	0.116534	0.000133
屑褟褋芯	0.003038	0.040822	0.000124
屑褟褋芯屑	0.001899	0.040822	0.000078
屑褟褋褍	0.000760	0.116534	0.000089
薪邪蟹胁邪薪懈械	0.000380	0.941609	0.000358
薪邪蟹胁邪薪懈褞	0.000380	3.506558	0.001332
薪邪蟹薪邪褔械薪懈褞	0.000380	4.605170	0.001749
薪邪蟹薪邪褔械薪懈褟	0.000380	0.116534	0.000044
薪邪泄写懈褌械	0.000380	4.605170	0.001749
薪邪谢懈胁泻邪	0.000380	0.040822	0.000016
薪邪锌懈褌泻懈	0.003038	0.040822	0.000124
薪邪锌懈褌芯泻	0.000380	0.040822	0.000016
薪邪褋褌芯泄泻邪	0.000380	0.040822	0.000016
薪邪褋褌褉芯械薪懈械	0.000380	0.116534	0.000044
薪邪褑懈芯薪邪谢褜薪褘械	0.000380	0.116534	0.000044
薪邪褔懈薪泻邪	0.000760	0.040822	0.000031
薪邪褔懈薪泻芯泄	0.000380	0.116534	0.000044
薪邪褕械屑	0.000380	0.040822	0.000016
薪邪褕懈	0.000380	0.061875	0.000023
薪械写械谢褟	0.003798	0.061875	0.000235
薪械卸薪芯泄	0.000380	0.116534	0.000044
薪械屑械褑泻邪褟	0.001139	0.116534	0.000133
薪械芯卸懈写邪薪薪褘械	0.000760	0.116534	0.000089
薪械褋谢邪写泻芯械	0.000380	0.116534	0.000044
薪芯胁邪褟	0.000380	0.116534	0.000044
薪芯胁芯谐芯写薪械谐芯	0.001899	0.116534	0.000221
薪芯胁芯谐芯写薪械械	0.001519	0.116534	0.000177
薪芯胁芯谐芯写薪懈械	0.002279	0.040822	0.000093
薪芯胁芯谐芯写薪懈泄	0.002659	0.116534	0.000310
薪芯胁芯谐芯写薪褟褟	0.000380	0.105361	0.000040
薪芯胁芯褋褌褟褏	0.000380	0.061875	0.000023
薪芯胁褘械	0.000380	0.051293	0.000019
薪芯胁褘泄	0.003418	0.094311	0.000322
薪芯褉胁械卸褋泻邪褟	0.000760	0.116534	0.000089
芯斜械写	0.001519	0.105361	0.000160
芯斜械蟹褜褟薪褘	0.000380	0.116534	0.000044
芯斜褖邪褌褜褋褟	0.000380	0.040822	0.000016
芯胁芯褖邪屑懈	0.000380	0.116534	0.000044
芯胁芯褖械泄	0.005317	0.105361	0.000560
芯胁芯褖懈	0.002279	0.094311	0.000215
芯胁芯褖薪邪褟	0.000380	0.040822	0.000016
芯胁芯褖薪芯械	0.000380	0.116534	0.000044
芯胁芯褖薪芯泄	0.000760	0.105361	0.000080
芯胁芯褖薪褘械	0.001899	0.040822	0.000078
芯胁褋褟薪芯械	0.000380	0.116534	0.000044
芯谐薪械薪薪芯泄	0.000380	0.116534	0.000044
芯谐薪褟	0.000380	0.116534	0.000044
芯谐褍褉褑褘	0.000760	0.116534	0.000089
芯泻褉芯褕泻邪	0.001139	0.040822	0.000047
芯谢邪写褜懈	0.001139	0.040822	0.000047
芯谢械泄薪邪	0.001139	0.116534	0.000133
芯谢械泄薪芯泄	0.001519	0.116534	0.000177
芯谢械泄薪褘	0.000380	0.127833	0.000049
芯屑谢械褌	0.000380	0.040822	0.000016
芯锌邪褉邪	0.000380	0.040822	0.000016
芯锌褉芯褋	0.000380	0.061875	0.000023
芯褋械薪薪械械	0.000380	0.116534	0.000044
芯褋械薪薪懈械	0.000380	0.051293	0.000019
芯褋械薪薪懈泄	0.000760	0.116534	0.000089
芯褋械薪褜	0.003798	0.105361	0.000400
芯褋薪芯胁薪芯械	0.000380	0.040822	0.000016
芯褋褌邪械褌褋褟	0.000380	0.116534	0.000044
芯褌胁械褌懈褌褜	0.000380	0.051293	0.000019
芯褌胁械褌芯胁	0.000380	0.051293	0.000019
芯褌胁械褌褘	0.000380	0.000000	0.000000
芯褌泻褉褘褌褘泄	0.000760	0.116534	0.000089
芯褌屑械薪懈褌褜	0.000380	0.040822	0.000016
芯褏谢邪写懈褌褜	0.000380	0.116534	0.000044
锌邪泻械褌懈泻邪褏	0.000380	0.105361	0.000040
锌邪谢芯褔泻懈	0.000380	0.040822	0.000016
锌邪薪懈褉芯胁泻邪	0.003418	0.116534	0.000398
锌邪褉邪	0.000380	0.116534	0.000044
锌邪褉邪写	0.002659	0.116534	0.000310
锌邪褉芯胁邪褉泻械	0.003418	0.116534	0.000398
锌邪褉芯胁邪褉泻懈	0.000760	3.912023	0.002972
锌邪褉芯谢褜	0.000380	0.020203	0.000008
锌邪褋褌邪	0.001139	0.040822	0.000047
锌邪褋褌褉芯屑邪	0.000380	0.040822	0.000016
锌邪褋褏邪	0.001139	0.040822	0.000047
锌邪褋褏邪谢褜薪邪褟	0.000760	0.116534	0.000089
锌邪褋褏邪谢褜薪褘泄	0.000380	0.127833	0.000049
锌邪褕褌械褌	0.000380	0.040822	0.000016
锌邪褕褌械褌褘	0.000760	0.116534	0.000089
锌械泻邪褉褟	0.000380	0.127833	0.000049
锌械谢褜屑械薪懈	0.000380	0.116534	0.000044
锌械褉胁芯械	0.000760	0.040822	0.000031
锌械褉胁褘械	0.000380	0.127833	0.000049
锌械褉胁褘屑	0.000380	0.116534	0.000044
锌械褉械泄褌懈	0.000380	0.040822	0.000016
锌械褉械泻褍褋	0.000760	0.116534	0.000089
锌械褉械褑	0.000380	0.040822	0.000016
锌械褉褋芯薪褘	0.000380	0.116534	0.000044
锌械褉褍邪薪褋泻邪褟	0.000760	0.116534	0.000089
锌械褋芯褔薪芯械	0.000760	0.105361	0.000080
锌械褋芯褔薪褘泄	0.000380	0.116534	0.000044
锌械褌械谢懈薪泻懈	0.000380	0.127833	0.000049
锌械褔械薪芯褔薪褘泄	0.000380	0.040822	0.000016
锌械褔械薪褜械	0.003418	0.040822	0.000140
锌械褔懈	0.000380	0.127833	0.000049
锌懈胁芯	0.000380	0.116534	0.000044
锌懈泻邪薪褌褘	0.000380	0.127833	0.000049
锌懈泻薪懈泻	0.000760	0.116534	0.000089
锌懈泻薪懈泻邪	0.000380	0.116534	0.000044
锌懈泻薪懈泻褍	0.000380	0.105361	0.000040
锌懈褉	0.000380	0.116534	0.000044
锌懈褉芯谐	0.001139	0.040822	0.000047
锌懈褉芯谐懈	0.000380	0.105361	0.000040
锌懈褉芯卸泻懈	0.000380	0.040822	0.000016
锌懈褉芯卸薪芯械	0.000380	0.040822	0.000016
锌懈褉芯卸薪褘械	0.000380	0.116534	0.000044
锌懈褌邪薪懈械	0.002279	0.105361	0.000240
锌懈褑褑邪	0.000760	0.040822	0.000031
锌谢邪屑褟	0.000380	0.116534	0.000044
锌谢懈褌邪	0.001519	0.127833	0.000194
锌谢芯胁	0.000380	0.116534	0.000044
锌谢芯写褘	0.000380	0.116534	0.000044
锌芯胁邪褉械薪泻械	0.000380	0.040822	0.000016
锌芯胁邪褉械薪芯泻	0.000380	0.061875	0.000023
锌芯胁邪褉褟褌	0.000380	0.116534	0.000044
锌芯胁邪褉褟褌邪屑懈	0.000380	0.040822	0.000016
锌芯胁邪褉褢薪泻邪	0.000380	0.116534	0.000044
锌芯胁懈写谢芯	0.000380	0.040822	0.000016
锌芯写邪褉泻芯胁	0.000380	0.116534	0.000044
锌芯写泻邪褌械谐芯褉懈褟	0.000380	4.605170	0.001749
锌芯写谢懈胁邪	0.000380	0.116534	0.000044
锌芯写谢懈胁泻邪	0.000380	0.040822	0.000016
锌芯写锌懈褋邪褌褜褋褟	0.000380	0.040822	0.000016
锌芯写锌懈褕懈褌械褋褜	0.000760	0.040822	0.000031
锌芯械写懈薪泻懈	0.005317	0.116534	0.000620
锌芯蟹写褉邪胁褜	0.000380	0.116534	0.000044
锌芯懈褋泻	0.001899	0.051293	0.000097
锌芯谢写薪懈泻	0.001139	0.116534	0.000133
锌芯谢械蟹薪芯	0.000380	0.116534	0.000044
锌芯谢懈褌懈泻芯泄	0.000380	0.040822	0.000016
锌芯谢芯胁懈薪邪	0.003038	0.116534	0.000354
锌芯谢褍褔邪泄褌械	0.000380	0.040822	0.000016
锌芯谢褍褔邪褌褜	0.000380	0.040822	0.000016
锌芯谢褜蟹邪	0.000380	0.127833	0.000049
锌芯谢褜蟹芯泄	0.001519	0.116534	0.000177
锌芯谢褜褋泻邪褟	0.000760	0.116534	0.000089
锌芯屑邪写泻邪	0.000760	0.040822	0.000031
锌芯屑邪写泻懈	0.000380	0.116534	0.000044
锌芯屑懈写芯褉泻懈	0.000380	0.127833	0.000049
锌芯屑懈写芯褉褘	0.000760	0.116534	0.000089
锌芯薪褉邪胁懈胁褕懈械褋褟	0.000380	0.040822	0.000016
锌芯薪褔懈泻懈	0.000760	0.040822	0.000031
锌芯锌褍谢褟褉薪褘械	0.000380	3.218876	0.001223
锌芯锌褍谢褟褉薪褘褏	0.000380	3.506558	0.001332
锌芯褉邪	0.000380	0.116534	0.000044
锌芯褉褌褍谐邪谢褜褋泻邪褟	0.000760	0.116534	0.000089
锌芯褋械褖邪械褌械	0.000380	0.061875	0.000023
锌芯褋褌	0.001899	0.105361	0.000200
锌芯褋褌薪芯械	0.000380	0.116534	0.000044
锌芯褋褌薪褘械	0.000380	0.040822	0.000016
锌芯褋褌薪褘泄	0.000380	0.116534	0.000044
锌芯褋褌芯褟薪薪芯	0.000380	0.040822	0.000016
锌芯褋褍写邪	0.000760	0.094311	0.000072
锌芯褔褌褍	0.000380	0.040822	0.000016
锌芯褕邪谐芯胁褘屑懈	0.000380	0.040822	0.000016
锌褉邪蟹写薪懈泻邪	0.000380	0.116534	0.000044
锌褉邪蟹写薪懈褔薪芯	0.000380	0.116534	0.000044
锌褉邪蟹写薪懈褔薪芯谐芯	0.000380	0.116534	0.000044
锌褉邪蟹写薪懈褔薪褘泄	0.000760	0.116534	0.000089
锌褉邪泻褌懈泻褍屑	0.000380	0.116534	0.000044
锌褉械胁芯褋褏芯写薪褘械	0.000380	0.116534	0.000044
锌褉械胁褉邪褖械薪懈褟	0.000380	0.116534	0.000044
锌褉械褋薪芯械	0.000380	0.116534	0.000044
锌褉懈谐芯褌芯胁懈屑	0.000380	0.116534	0.000044
锌褉懈谐芯褌芯胁谢械薪懈械	0.000380	0.105361	0.000040
锌褉懈谐芯褌芯胁谢械薪懈褞	0.000380	0.040822	0.000016
锌褉懈谐芯褌芯胁谢械薪懈褟	0.000380	0.371064	0.000141
锌褉懈蟹薪邪薪懈械	0.000380	0.116534	0.000044
锌褉懈蟹芯胁	0.000380	0.040822	0.000016
锌褉懈锌褉邪胁邪	0.000380	0.040822	0.000016
锌褉懈褉芯写褍	0.000380	0.116534	0.000044
锌褉懈褉芯写褘	0.000380	0.116534	0.000044
锌褉懈褋褌褍锌懈褌褜	0.000380	0.040822	0.000016
锌褉芯胁械写懈	0.001519	0.116534	0.000177
锌褉芯胁械褉械薪芯	0.002279	0.116534	0.000266
锌褉芯胁芯写懈屑褘褏	0.000380	0.040822	0.000016
锌褉芯胁芯卸邪械屑	0.000380	0.116534	0.000044
锌褉芯写褍泻褌芯胁	0.000380	0.094311	0.000036
锌褉芯写褍泻褌褘	0.000380	1.386294	0.000527
锌褉芯械泻褌褘	0.000380	0.061875	0.000023
锌褉芯褋褌芯	0.000760	0.083382	0.000063
锌褉芯褋褌芯泻胁邪褕邪	0.000380	0.040822	0.000016
锌褉芯褎懈谢褜	0.000380	0.040822	0.000016
锌褉褟屑芯	0.000380	0.040822	0.000016
锌褉褟薪懈泻	0.000380	0.040822	0.000016
锌褉褟薪懈泻懈	0.000380	0.116534	0.000044
锌褉褟薪懈褔薪芯械	0.000380	0.116534	0.000044
锌褌懈褑邪	0.001899	0.116534	0.000221
锌褌懈褑械	0.000760	0.116534	0.000089
锌褌懈褑械泄	0.000380	0.127833	0.000049
锌褌懈褑褘	0.004178	0.116534	0.000487
锌褍写懈薪谐	0.000380	0.040822	0.000016
锌褍写懈薪谐懈	0.000760	0.116534	0.000089
锌褍薪褕	0.000380	0.040822	0.000016
锌褍褌械褕械褋褌胁懈械	0.000760	0.116534	0.000089
锌褍褌褜	0.000380	0.116534	0.000044
锌褘褕泻懈	0.000380	0.040822	0.000016
锌褞褉械	0.001519	0.040822	0.000062
褉邪谐褍	0.000380	0.116534	0.000044
褉邪蟹胁械褉薪褍褌褜	0.000380	0.116534	0.000044
褉邪蟹写械谢褜薪芯械	0.000380	0.116534	0.000044
褉邪蟹薪褘械	0.000380	0.116534	0.000044
褉邪褋褋芯谢褜薪懈泻	0.000760	0.040822	0.000031
褉邪褋褋芯谢褜薪懈泻邪	0.000380	0.116534	0.000044
褉邪褋褋褘谢泻懈	0.000380	0.061875	0.000023
褉械谐懈褋褌褉邪褑懈懈	0.000760	0.010050	0.000008
褉械谐懈褋褌褉邪褑懈褟	0.000380	0.000000	0.000000
褉械褑械锌褌	0.004178	0.040822	0.000171
褉械褑械锌褌邪褏	0.000380	0.061875	0.000023
褉械褑械锌褌芯胁	0.002659	0.040822	0.000109
褉械褑械锌褌褘	0.026965	0.040822	0.001101
褉懈褋	0.001519	0.040822	0.000062
褉懈褋邪	0.000380	0.116534	0.000044
褉懈褌屑械	0.000380	0.116534	0.000044
褉芯谐邪谢懈泻懈	0.000380	0.040822	0.000016
褉芯写薪芯械	0.000380	0.116534	0.000044
褉芯卸写械薪懈褟	0.000760	0.105361	0.000080
褉芯卸写械褋褌胁芯	0.000760	0.116534	0.000089
褉芯谢谢褌芯薪	0.000380	0.116534	0.000044
褉芯谢谢褘	0.000760	0.040822	0.000031
褉芯屑	0.000380	0.040822	0.000016
褉褍斜褉懈泻邪褌芯褉	0.000380	0.051293	0.000019
褉褍斜褉懈泻邪褏	0.000380	4.605170	0.001749
褉褍谢械褌	0.000380	0.040822	0.000016
褉褍谢械褌褘	0.003798	0.116534	0.000443
褉褍屑褘薪褋泻邪褟	0.000760	0.116534	0.000089
褉褍屑褟薪褘械	0.000380	0.116534	0.000044
褉褍薪械褌械	0.000380	0.020203	0.000008
褉褍褋褋泻邪褟	0.001139	0.116534	0.000133
褉褘斜邪	0.003418	0.040822	0.000140
褉褘斜械	0.000760	0.116534	0.000089
褉褘斜薪邪褟	0.000380	0.116534	0.000044
褉褘斜薪芯谐芯	0.000760	0.116534	0.000089
褉褘斜薪褘械	0.001519	0.116534	0.000177
褉褘斜薪褘泄	0.000760	0.116534	0.000089
褉褘斜薪褘褏	0.000380	0.116534	0.000044
褉褘斜芯泄	0.000760	0.116534	0.000089
褉褘斜褘	0.004558	0.116534	0.000531
褉褟卸械薪泻邪	0.000380	0.116534	0.000044
褋邪泄褌	0.001139	0.000000	0.000000
褋邪泄褌褍	0.000760	0.061875	0.000047
褋邪谢邪褌	0.000380	0.094311	0.000036
褋邪谢邪褌薪邪褟	0.000380	0.116534	0.000044
褋邪谢邪褌褘	0.012533	0.040822	0.000512
褋邪屑芯谐芯薪	0.000380	0.040822	0.000016
褋邪屑褘褏	0.000760	0.116534	0.000089
褋邪褎	0.001139	0.116534	0.000133
褋邪褎褋械屑	0.000380	0.116534	0.000044
褋邪褏邪褉	0.000760	0.116534	0.000089
褋斜懈褌械薪褜	0.000380	0.040822	0.000016
褋胁械卸械褋褌褜	0.000380	0.105361	0.000040
褋胁械泻谢邪	0.000380	0.040822	0.000016
褋胁械泻芯谢褜薪懈泻	0.000760	0.040822	0.000031
褋胁械褌邪	0.001519	0.116534	0.000177
褋胁懈薪懈薪邪	0.000380	0.040822	0.000016
褋胁懈薪懈薪褘	0.001519	0.116534	0.000177
褋胁芯械	0.000380	0.116534	0.000044
褋胁芯械屑	0.000380	0.040822	0.000016
褋胁芯懈屑	0.000380	0.040822	0.000016
褋胁芯褞	0.000380	0.040822	0.000016
褋谐褍褖械薪泻邪	0.000380	0.040822	0.000016
褋械蟹芯薪	0.000380	0.116534	0.000044
褋械泄褔邪褋	0.000380	0.030459	0.000012
褋械泻褉械褌褘	0.000760	0.116534	0.000089
褋械谢械写泻邪	0.000380	0.040822	0.000016
褋械屑谐邪	0.000380	0.040822	0.000016
褋械屑械泄薪褘泄	0.000380	0.116534	0.000044
褋械屑褜懈	0.000380	0.116534	0.000044
褋懈写褉	0.000380	0.040822	0.000016
褋懈褉懈泄褋泻邪褟	0.000760	0.116534	0.000089
褋懈褉芯锌	0.000380	0.040822	0.000016
褋懈褉芯锌褘	0.000380	0.116534	0.000044
褋懈褋褌械屑褘	0.000380	0.040822	0.000016
褋懈褌懈	0.000380	0.127833	0.000049
褋泻邪蟹芯泻	0.000380	0.116534	0.000044
褋谢邪写泻邪褟	0.000760	0.116534	0.000089
褋谢邪写泻懈械	0.002279	0.040822	0.000093
褋谢邪写泻懈泄	0.003418	0.105361	0.000360
褋谢邪写泻懈褏	0.000760	0.116534	0.000089
褋谢邪写泻芯	0.000380	0.116534	0.000044
褋谢懈胁芯褔薪芯械	0.000380	0.116534	0.000044
褋谢芯械薪芯谐芯	0.000380	0.127833	0.000049
褋谢芯械薪芯械	0.000380	0.116534	0.000044
褋谢芯械薪褘泄	0.000380	0.116534	0.000044
褋谢芯泄泻邪	0.000380	0.040822	0.000016
褋谢芯泄泻懈	0.000380	0.116534	0.000044
褋屑械褌邪薪邪	0.000380	0.105361	0.000040
褋屑械褕邪薪薪芯谐芯	0.000380	0.116534	0.000044
褋屑芯卸械褌械	0.000380	0.040822	0.000016
褋屑褍蟹懈	0.001139	0.040822	0.000047
褋薪褝泻	0.000380	0.116534	0.000044
褋芯斜懈褉邪械褌械褋褜	0.000380	0.040822	0.000016
褋芯胁械褉褕械薪褋褌胁芯	0.001899	0.116534	0.000221
褋芯胁械褌邪屑懈	0.000380	0.040822	0.000016
褋芯谐谢邪褕邪械褌械褋褜	0.000380	0.040822	0.000016
褋芯蟹写邪械褌	0.000380	0.116534	0.000044
褋芯泻	0.000380	0.116534	0.000044
褋芯泻邪	0.000380	0.105361	0.000040
褋芯泻懈	0.000380	0.040822	0.000016
褋芯谢械薪褘械	0.001139	0.116534	0.000133
褋芯谢械薪褜褟	0.001139	0.116534	0.000133
褋芯谢薪械褔薪芯泄	0.000380	0.127833	0.000049
褋芯谢褟薪泻邪	0.000760	0.040822	0.000031
褋芯褋褌邪胁褜	0.000380	0.116534	0.000044
褋芯褍褋	0.003038	0.040822	0.000124
褋芯褍褋芯屑	0.001899	0.116534	0.000221
褋芯褍褋褘	0.002279	0.116534	0.000266
褋芯褏褉邪薪褟褌褜	0.000380	0.040822	0.000016
褋芯褑褋械褌懈	0.000380	0.040822	0.000016
褋芯褔械褌邪薪懈械	0.000380	0.116534	0.000044
褋芯褔薪芯械	0.000380	0.116534	0.000044
褋锌械褑懈邪谢褜薪芯械	0.000760	0.116534	0.000089
褋锌械褑懈懈	0.000380	0.105361	0.000040
褋锌械褑锌褉芯械泻褌	0.012533	0.116534	0.001461
褋锌懈褋芯泻	0.000380	0.116534	0.000044
褋锌芯褋芯斜褍	0.000380	3.506558	0.001332
褋锌芯褞	0.000380	0.116534	0.000044
褋褉械写懈蟹械屑薪芯屑芯褉褋泻邪褟	0.000380	0.127833	0.000049
褋褌邪褌褜褟褏	0.000380	0.061875	0.000023
褋褌懈谢械	0.000380	0.116534	0.000044
褋褌懈谢褟	0.000380	0.116534	0.000044
褋褌芯谢	0.001139	0.105361	0.000120
褋褌芯谢邪	0.002279	0.116534	0.000266
褋褌褉芯懈褌械谢褜褋褌胁械	0.000380	0.040822	0.000016
褋褌褉芯懈褌械谢褜褋褌胁褍	0.000380	0.040822	0.000016
褋褌褉芯懈褌褜	0.000380	0.040822	0.000016
褋褌褉芯泄薪芯泄	0.000380	0.116534	0.000044
褋褍斜锌褉芯写褍泻褌芯胁	0.002659	0.116534	0.000310
褋褍斜锌褉芯写褍泻褌褘	0.001139	0.116534	0.000133
褋褍锌	0.003418	0.040822	0.000140
褋褍锌邪	0.000380	0.040822	0.000016
褋褍锌褘	0.004178	0.040822	0.000171
褋褍褎谢械	0.001139	0.040822	0.000047
褋褍褏邪褉懈	0.000380	0.040822	0.000016
褋褍褕懈	0.000760	0.040822	0.000031
褋褘褉	0.001139	0.040822	0.000047
褋褘褉邪	0.001899	0.116534	0.000221
褋褘褉邪屑懈	0.000380	0.127833	0.000049
褋褘褉薪懈泻	0.000380	0.040822	0.000016
褋褘褉薪懈泻懈	0.000760	0.116534	0.000089
褋褘褉薪褘械	0.001519	0.040822	0.000062
褋褘褌薪褘泄	0.000760	0.105361	0.000080
褋褘褔褍卸薪褘屑懈	0.000380	0.127833	0.000049
褋褝薪写胁懈褔懈	0.000380	0.127833	0.000049
褋褞褉锌褉懈蟹	0.000380	0.116534	0.000044
褌邪写卸懈泻褋泻邪褟	0.000760	0.116534	0.000089
褌邪泄褋泻邪褟	0.000760	0.116534	0.000089
褌邪褉褌	0.000380	0.116534	0.000044
褌邪褉褌邪谢械褌泻懈	0.000760	0.040822	0.000031
褌邪褌邪褉褋泻邪褟	0.000760	0.116534	0.000089
褌胁芯懈	0.000760	0.116534	0.000089
褌胁芯褉懈	0.000380	0.116534	0.000044
褌胁芯褉芯谐	0.000760	0.040822	0.000031
褌胁芯褉芯谐芯屑	0.000380	0.105361	0.000040
褌胁芯褉芯卸薪芯械	0.000380	0.116534	0.000044
褌胁芯褉芯卸薪褘械	0.000760	0.116534	0.000089
褌胁芯褉芯卸薪褘泄	0.000380	0.116534	0.000044
褌械谢械谐褉邪屑	0.000380	0.040822	0.000016
褌械谢褟褌懈薪褘	0.001519	0.116534	0.000177
褌械锌谢芯屑	0.000380	0.116534	0.000044
褌械褉褉懈薪	0.000380	0.040822	0.000016
褌械褋褌	0.001899	0.127833	0.000243
褌械褋褌邪	0.001899	0.105361	0.000200
褌械褋褌芯	0.003418	0.040822	0.000140
褌械褏薪懈泻邪	0.001899	0.105361	0.000200
褌械褖懈薪	0.000380	0.040822	0.000016
褌懈锌	0.000380	4.605170	0.001749
褌懈锌褍	0.000380	4.605170	0.001749
褌屑	0.001519	0.127833	0.000194
褌芯锌谢械薪芯械	0.000380	0.116534	0.000044
褌芯褉褌	0.004178	0.040822	0.000171
褌芯褉褌褘	0.003418	0.116534	0.000398
褌褉邪胁褘	0.000380	0.105361	0.000040
褌褉邪写懈褑懈懈	0.000380	0.116534	0.000044
褌褉邪写懈褑懈泄	0.001519	0.116534	0.000177
褌褉邪写懈褑懈褟褏	0.000380	0.116534	0.000044
褌褉械褏谢械褌懈械屑	0.000380	0.116534	0.000044
褌褉褍斜芯褔泻懈	0.000380	0.040822	0.000016
褌褍薪懈褋褋泻邪褟	0.000760	0.116534	0.000089
褌褍薪褑芯屑	0.000380	0.116534	0.000044
褌褍褉械褑泻邪褟	0.001139	0.116534	0.000133
褌褘泻胁邪	0.000380	0.040822	0.000016
褍胁械写芯屑谢械薪懈褟	0.000380	0.040822	0.000016
褍写邪褔薪邪褟	0.000380	0.116534	0.000044
褍写懈胁懈	0.000380	0.116534	0.000044
褍写懈胁谢褟泄褌械	0.001519	0.116534	0.000177
褍写芯胁芯谢褜褋褌胁懈械屑	0.000380	0.116534	0.000044
褍卸懈薪	0.002659	0.094311	0.000251
褍蟹斜械泻褋泻邪褟	0.000760	0.116534	0.000089
褍泻褉邪懈薪褋泻邪褟	0.001139	0.116534	0.000133
褍泻褉邪褕械薪懈褟	0.003418	0.116534	0.000398
褍锌芯褌褉械斜谢械薪懈械屑	0.000380	0.116534	0.000044
褍褉邪谢褜褋泻邪褟	0.000760	0.116534	0.000089
褍褉芯卸邪泄	0.000380	0.105361	0.000040
褍褌泻懈	0.001139	0.116534	0.000133
褍褏邪	0.000380	0.040822	0.000016
褍褔邪褋褌胁芯胁邪褌褜	0.000380	0.040822	0.000016
褎邪蟹械薪写褘	0.000380	0.127833	0.000049
褎邪薪褌邪蟹懈懈	0.002279	0.116534	0.000266
褎邪薪褌邪蟹懈泄	0.000380	0.116534	0.000044
褎邪薪褌邪蟹懈褟	0.000380	0.116534	0.000044
褎邪褉褕邪	0.004937	0.040822	0.000202
褎邪褉褕懈褉芯胁邪薪薪邪褟	0.000760	0.116534	0.000089
褎邪褉褕懈褉芯胁邪薪薪芯械	0.000380	0.116534	0.000044
褎邪褉褕懈褉芯胁邪薪薪褘械	0.000760	0.040822	0.000031
褎邪褉褕懈褉芯胁邪薪薪褘泄	0.000380	0.040822	0.000016
褎邪褋芯谢褜	0.000380	0.040822	0.000016
褎械胁褉邪谢褟	0.000760	0.105361	0.000080
褎械泄械褉胁械褉泻	0.000760	0.116534	0.000089
褎懈谐褍褉械	0.000380	0.116534	0.000044
褎懈薪褋泻邪褟	0.000760	0.116534	0.000089
褎懈褉屑械薪薪芯械	0.000380	0.116534	0.000044
褎芯薪写褞	0.000380	0.040822	0.000016
褎芯褉屑褘	0.000380	0.116534	0.000044
褎芯褉褍屑械	0.000760	0.040822	0.000031
褎芯褉褕屑邪泻	0.000380	0.040822	0.000016
褎褉邪薪褑懈懈	0.000380	0.116534	0.000044
褎褉邪薪褑褍蟹褋泻邪褟	0.001139	0.116534	0.000133
褎褉邪褍	0.001519	0.116534	0.000177
褎褉褍泻褌芯胁	0.001519	0.116534	0.000177
褎褉褍泻褌芯胁芯	0.000380	0.116534	0.000044
褎褉褍泻褌芯胁褘械	0.002659	0.040822	0.000109
褎褍写	0.000380	0.116534	0.000044
褎褍褉褕械褌	0.000380	0.116534	0.000044
褏邪谢胁邪	0.000380	0.040822	0.000016
褏邪褉胁械褋褌褎械褋褌	0.000760	0.116534	0.000089
褏邪褉褔芯	0.000760	0.040822	0.000031
褏邪褕	0.000380	0.040822	0.000016
褏胁芯褉芯褋褌	0.000380	0.040822	0.000016
褏懈薪泻邪谢懈	0.000380	0.116534	0.000044
褏懈褌	0.002659	0.116534	0.000310
褏谢械斜	0.001139	0.040822	0.000047
褏谢械斜芯锌械褔泻懈	0.000380	0.116534	0.000044
褏谢芯锌褜褟	0.000760	0.105361	0.000080
褏芯蟹褟泄泻懈	0.000380	0.127833	0.000049
褏芯谢芯写械褑	0.000380	0.040822	0.000016
褏芯谢芯写薪褘械	0.000760	0.116534	0.000089
褏芯谢芯写薪褘泄	0.000760	0.116534	0.000089
褏芯褉胁邪褌褋泻邪褟	0.000760	0.116534	0.000089
褏芯褉芯褕芯	0.001899	0.105361	0.000200
褏芯褉褋	0.000380	0.116534	0.000044
褏芯褌懈褌械	0.000380	0.040822	0.000016
褏褍屑褍褋	0.000380	0.040822	0.000016
褑邪褉褋褌胁芯	0.000380	0.127833	0.000049
褑邪褉褜	0.000380	0.116534	0.000044
褑胁械褌薪邪褟	0.000380	0.040822	0.000016
褑械薪薪褘褏	0.000380	0.040822	0.000016
褑械薪褌褉	0.000380	0.116534	0.000044
褔邪械屑	0.000380	0.116534	0.000044
褔邪泄	0.001139	0.040822	0.000047
褔械斜褍褉械泻懈	0.000760	0.040822	0.000031
褔械褉泻懈蟹芯胁芯	0.000760	0.116534	0.000089
褔械褋褌薪褘屑懈	0.000380	0.040822	0.000016
褔械褔械胁懈褑邪	0.000380	0.040822	0.000016
褔械褕褋泻邪褟	0.000760	0.116534	0.000089
褔懈蟹泻械泄泻	0.001519	0.040822	0.000062
褔懈谢懈泄褋泻邪褟	0.000760	0.116534	0.000089
褔懈锌褋褘	0.000380	0.040822	0.000016
褔褍写械褋	0.000380	0.116534	0.000044
褕邪褉懈泻懈	0.000380	0.040822	0.000016
褕邪褉谢芯褌泻邪	0.000380	0.040822	0.000016
褕邪褉谢芯褌泻懈	0.000380	0.127833	0.000049
褕邪褉屑	0.000380	0.116534	0.000044
褕邪褕谢褘泻	0.004558	0.040822	0.000186
褕邪褕谢褘泻懈	0.000380	0.040822	0.000016
褕胁械写褋泻邪褟	0.000760	0.116534	0.000089
褕胁械泄褑邪褉褋泻邪褟	0.000760	0.116534	0.000089
褕械写械胁褉褘	0.000380	0.116534	0.000044
褕械褎	0.000380	0.127833	0.000049
褕懈锌褍褔泻邪	0.000380	0.040822	0.000016
褕懈褉芯泻邪褟	0.000380	0.127833	0.000049
褕泻芯谢褍	0.000380	0.116534	0.000044
褕芯泻芯谢邪写	0.000380	0.040822	0.000016
褕芯褌谢邪薪写褋泻邪褟	0.000760	0.116534	0.000089
褕褌褉褍写械谢褜	0.000380	0.040822	0.000016
褕褍褉锌邪	0.000380	0.040822	0.000016
褖邪褋	0.000380	0.116534	0.000044
褖械写褉邪褟	0.000380	0.116534	0.000044
褖懈	0.000760	0.040822	0.000031
褝泻芯屑懈谢泻	0.000380	0.127833	0.000049
褝褋褌芯薪褋泻邪褟	0.000760	0.116534	0.000089
褞斜懈谢械泄	0.000380	2.040221	0.000775
褞谐芯褋谢邪胁褋泻邪褟	0.000760	0.116534	0.000089
褟谐芯写薪褘械	0.000760	0.116534	0.000089
褟谐芯写薪褘泄	0.000760	0.116534	0.000089
褟蟹褘泻	0.000380	0.040822	0.000016
褟懈褑	0.001519	0.116534	0.000177
褟泄褑邪	0.000380	0.040822	0.000016
褟薪写械泻褋	0.000380	0.072571	0.000028
褟锌芯薪褋泻邪褟	0.001139	0.116534	0.000133
褟锌芯薪褋泻芯泄	0.000380	0.061875	0.000023
褟褉泻懈械	0.000380	0.116534	0.000044
褟褉泻芯	0.000380	0.105361	0.000040
