褌芯泻械薪	TF	IDF	TF-IDF
邪斜褏邪蟹褋泻邪褟	0.000735	0.116534	0.000086
邪胁褋褌褉邪谢懈泄褋泻邪褟	0.000735	0.116534	0.000086
邪胁褋褌褉懈泄褋泻邪褟	0.000735	0.116534	0.000086
邪胁褌芯泻谢邪胁邪	0.000735	0.116534	0.000086
邪胁褌芯褉邪屑	0.000735	0.040822	0.000030
邪写卸懈泻邪	0.000735	0.040822	0.000030
邪蟹械褉斜邪泄写卸邪薪褋泻邪褟	0.000735	0.116534	0.000086
邪蟹褍	0.000735	2.813411	0.002069
邪泄褉邪薪	0.000735	0.040822	0.000030
邪谢泻芯谐芯谢褜	0.001471	0.116534	0.000171
邪谢泻芯谐芯谢褜薪褘械	0.000735	0.116534	0.000086
邪谢泻芯谐芯谢褟	0.000735	0.116534	0.000086
邪屑械褉懈泻邪薪褋泻邪褟	0.000735	0.116534	0.000086
邪薪谐谢懈泄褋泻邪褟	0.000735	0.116534	0.000086
邪褉邪斜褋泻邪褟	0.000735	0.116534	0.000086
邪褉谐械薪褌懈薪褋泻邪褟	0.000735	0.116534	0.000086
邪褉屑褟薪褋泻邪褟	0.000735	0.116534	0.000086
邪褋褋芯褉褌懈	0.001471	0.116534	0.000171
邪褎谐邪薪褋泻邪褟	0.000735	0.116534	0.000086
邪褎褉懈泻邪薪褋泻邪褟	0.000735	0.116534	0.000086
邪褔屑邪	0.000735	4.605170	0.003386
邪褝褉芯谐褉懈谢械	0.007353	0.116534	0.000857
斜邪斜邪	0.000735	3.912023	0.002876
斜邪泻谢邪卸邪薪褘	0.000735	0.040822	0.000030
斜邪褉邪薪懈薪褘	0.002941	0.116534	0.000343
斜邪褋褌褍褉屑邪	0.000735	0.040822	0.000030
斜邪褍褉褋邪泻懈	0.000735	4.605170	0.003386
斜邪褕泻懈褉褋泻邪褟	0.000735	0.116534	0.000086
斜械蟹邪谢泻芯谐芯谢褜薪褘械	0.000735	0.116534	0.000086
斜械蟹谐谢褞褌械薪芯胁褘械	0.000735	0.116534	0.000086
斜械蟹械	0.002206	0.040822	0.000090
斜械谢芯褉褍褋褋泻邪褟	0.000735	0.116534	0.000086
斜械谢褜谐懈泄褋泻邪褟	0.000735	0.116534	0.000086
斜械谢褟褕懈	0.000735	3.506558	0.002578
斜械褉械屑械薪薪褘褏	0.000735	0.116534	0.000086
斜械褎褋褌褉芯谐邪薪芯胁	0.000735	2.995732	0.002203
斜械褕斜邪褉屑邪泻	0.000735	3.506558	0.002578
斜懈谐褍褋	0.000735	3.506558	0.002578
斜懈褋泻胁懈褌	0.000735	0.040822	0.000030
斜懈褋泻胁懈褌薪芯械	0.001471	0.116534	0.000171
斜懈褋泻胁懈褌薪褘泄	0.000735	0.105361	0.000077
斜懈褌芯褔泻懈	0.000735	1.897120	0.001395
斜懈褎褕褌械泻褋	0.000735	4.605170	0.003386
斜谢懈薪芯胁	0.001471	0.116534	0.000171
斜谢懈薪褘	0.002206	0.040822	0.000090
斜谢褞写	0.000735	0.094311	0.000069
斜谢褞写邪	0.054412	0.040822	0.002221
斜谢褞写芯	0.001471	0.040822	0.000060
斜芯斜芯胁褘褏	0.003676	0.116534	0.000428
斜芯谢谐邪褉褋泻邪褟	0.000735	0.116534	0.000086
斜芯褉褖	0.001471	0.040822	0.000060
斜芯褌胁懈薪褜褟	0.000735	0.040822	0.000030
斜褉邪蟹懈谢褜褋泻邪褟	0.000735	0.116534	0.000086
斜褉邪褍蟹械褉械	0.000735	0.040822	0.000030
斜褉邪褍薪懈	0.000735	0.040822	0.000030
斜褉懈蟹芯谢褜	0.000735	2.659260	0.001955
斜褉芯泻泻芯谢懈	0.000735	0.040822	0.000030
斜褍卸械薪懈薪邪	0.000735	0.040822	0.000030
斜褍谢芯褔泻懈	0.001471	0.040822	0.000060
斜褍谢褜芯薪	0.004412	0.040822	0.000180
斜褍谢褜芯薪褘	0.002941	0.116534	0.000343
斜褍褉谐械褉	0.000735	0.040822	0.000030
斜褍褉懈褌芯	0.000735	4.605170	0.003386
斜褍褉褟褌褋泻邪褟	0.000735	0.116534	0.000086
斜褍褌械褉斜褉芯写	0.001471	0.116534	0.000171
斜褍褌械褉斜褉芯写褘	0.001471	0.040822	0.000060
斜褍褕械	0.000735	3.506558	0.002578
斜褘褋褌褉褘泄	0.000735	0.105361	0.000077
胁邪谢谢懈泄褋泻邪褟	0.000735	0.116534	0.000086
胁邪褉械薪懈泻懈	0.001471	0.116534	0.000171
胁邪褉械薪褜械	0.001471	0.040822	0.000060
胁邪褌褉褍褕泻懈	0.000735	0.040822	0.000030
胁邪褎谢懈	0.001471	0.040822	0.000060
胁邪褕械泄	0.000735	0.040822	0.000030
胁胁芯写褟	0.000735	0.040822	0.000030
胁械谐械褌邪褉懈邪薪褋泻芯械	0.000735	0.116534	0.000086
胁械薪谐械褉褋泻邪褟	0.000735	0.116534	0.000086
胁械褉褌褍褌邪	0.000735	4.605170	0.003386
胁械褌褔懈薪褘	0.000735	0.105361	0.000077
胁懈薪芯	0.001471	0.040822	0.000060
胁谢褞斜谢械薪薪褘褏	0.000735	0.116534	0.000086
胁芯写械	0.000735	0.105361	0.000077
胁芯泄褌懈	0.000735	0.000000	0.000000
胁芯谢芯胁邪薪褘	0.001471	0.116534	0.000171
胁芯锌褉芯褋褘	0.000735	0.000000	0.000000
胁褋锌芯屑薪懈褌褜	0.000735	0.040822	0.000030
胁褌芯褉芯械	0.000735	0.116534	0.000086
胁褏芯写	0.002206	0.030459	0.000067
胁褘泄褌懈	0.000735	0.040822	0.000030
胁褘锌械褔泻邪	0.003676	0.040822	0.000150
胁褘锌械褔泻懈	0.001471	0.072571	0.000107
胁褘锌械褔泻芯泄	0.000735	0.116534	0.000086
胁褜械褌薪邪屑褋泻邪褟	0.000735	0.116534	0.000086
谐邪胁邪泄褋泻邪褟	0.000735	0.116534	0.000086
谐邪谢械褌邪	0.000735	4.605170	0.003386
谐邪谢褍褕泻懈	0.000735	2.813411	0.002069
谐邪褉薪懈褉	0.003676	0.040822	0.000150
谐邪褋锌邪褔芯	0.000735	0.040822	0.000030
谐谢邪胁薪褘泄	0.000735	0.040822	0.000030
谐谢邪蟹褍褉褜	0.002206	0.040822	0.000090
谐谢懈薪褌胁械泄薪	0.000735	0.040822	0.000030
谐薪械蟹写芯	0.000735	2.302585	0.001693
谐芯胁褟写懈薪褘	0.002941	0.116534	0.000343
谐芯写	0.000735	0.105361	0.000077
谐芯谢谢邪薪写褋泻邪褟	0.000735	0.116534	0.000086
谐芯谢褍斜褑褘	0.000735	2.813411	0.002069
谐芯褉褔懈褑邪	0.000735	0.040822	0.000030
谐芯褉褕芯褔泻邪褏	0.000735	0.105361	0.000077
谐芯褉褕芯褔泻械	0.000735	0.040822	0.000030
谐芯褉褟褔械械	0.001471	0.116534	0.000171
谐芯褉褟褔懈械	0.023529	0.105361	0.002479
谐芯褋褌懈	0.000735	0.116534	0.000086
谐芯褌芯胁懈屑	0.002206	0.094311	0.000208
谐褉邪褌械薪	0.000735	2.813411	0.002069
谐褉械薪泻懈	0.001471	0.040822	0.000060
谐褉械褔械褋泻邪褟	0.000735	0.116534	0.000086
谐褉械褔泻邪	0.000735	0.040822	0.000030
谐褉懈斜邪屑懈	0.002941	0.105361	0.000310
谐褉懈斜薪褘械	0.001471	0.040822	0.000060
谐褉懈斜芯胁	0.002206	0.116534	0.000257
谐褉懈斜褘	0.002206	0.040822	0.000090
谐褉懈谢械	0.003676	0.116534	0.000428
谐褉芯谐	0.000735	0.040822	0.000030
谐褉褍蟹懈薪褋泻邪褟	0.000735	0.116534	0.000086
谐褍谢褟褕	0.000735	3.912023	0.002876
谐褍褋褟	0.001471	0.105361	0.000155
写邪械褌	0.000735	0.040822	0.000030
写邪薪薪褘械	0.000735	0.040822	0.000030
写邪褌褋泻邪褟	0.000735	0.116534	0.000086
写械谢懈屑褋褟	0.000735	0.040822	0.000030
写械薪褜	0.001471	0.083382	0.000123
写械褉褍薪褘	0.000735	3.506558	0.002578
写械褋械褉褌	0.002206	0.116534	0.000257
写械褋械褉褌薪褘械	0.000735	0.116534	0.000086
写械褋械褉褌褘	0.004412	0.040822	0.000180
写械褌械泄	0.000735	0.116534	0.000086
写卸械屑	0.000735	0.040822	0.000030
写懈械褌褘	0.000735	0.116534	0.000086
写懈锌	0.000735	0.116534	0.000086
写懈褔懈	0.001471	0.116534	0.000171
写懈褔褜	0.000735	0.116534	0.000086
写薪褟	0.000735	0.040822	0.000030
写芯斜邪胁谢褟褌褜	0.000735	0.040822	0.000030
写芯谐	0.000735	3.912023	0.002876
写芯谢屑邪	0.000735	3.506558	0.002578
写芯屑	0.001471	0.040822	0.000060
写芯屑邪褕薪械械	0.002206	0.040822	0.000090
写芯屑邪褕薪懈械	0.000735	0.040822	0.000030
写芯屑邪褕薪懈泄	0.003676	0.116534	0.000428
写芯屑邪褕薪褟褟	0.001471	0.105361	0.000155
写芯屑芯胁	0.000735	0.040822	0.000030
写褉邪薪懈泻懈	0.000735	3.218876	0.002367
写褉芯卸卸械胁芯械	0.000735	0.116534	0.000086
写褉褍谐懈屑懈	0.000735	0.040822	0.000030
械胁褉械泄褋泻邪褟	0.000735	0.116534	0.000086
械谐懈锌械褌褋泻邪褟	0.000735	0.116534	0.000086
械写懈薪褘泄	0.000735	0.040822	0.000030
卸邪褉泻芯械	0.000735	0.040822	0.000030
卸械谢械	0.001471	0.040822	0.000060
卸懈蟹薪懈	0.000735	0.040822	0.000030
卸褍谢褜械薪	0.000735	0.040822	0.000030
卸褞谢褜械薪	0.000735	0.040822	0.000030
蟹邪胁邪褉薪芯械	0.000735	0.116534	0.000086
蟹邪胁邪褉薪芯泄	0.000735	0.116534	0.000086
蟹邪胁褌褉邪泻	0.002941	0.094311	0.000277
蟹邪谐芯褌芯胁泻懈	0.002206	0.040822	0.000090
蟹邪写邪胁邪褌褜	0.000735	0.040822	0.000030
蟹邪泄褑邪	0.001471	0.116534	0.000171
蟹邪泻胁邪褋泻邪	0.000735	0.040822	0.000030
蟹邪泻褉褘褌褘泄	0.000735	0.116534	0.000086
蟹邪泻褍褋泻懈	0.010294	0.040822	0.000420
蟹邪泻褍褋泻褍	0.002206	0.116534	0.000257
蟹邪泻褍褋芯褔薪褘械	0.005882	0.116534	0.000685
蟹邪谢懈胁薪芯械	0.001471	0.040822	0.000060
蟹邪屑芯褉芯蟹泻邪	0.000735	0.105361	0.000077
蟹邪锌械泻邪薪泻邪	0.003676	0.105361	0.000387
蟹邪锌械泻邪薪泻懈	0.003676	0.040822	0.000150
蟹邪锌褉邪胁泻邪	0.001471	0.040822	0.000060
蟹邪褉械谐懈褋褌褉懈褉芯胁邪胁褕懈褋褜	0.000735	0.040822	0.000030
蟹邪褉械谐懈褋褌褉懈褉芯胁邪褌褜褋褟	0.000735	0.030459	0.000022
蟹邪褋芯谢泻邪	0.000735	0.116534	0.000086
蟹胁褢蟹写薪褘械	0.000735	0.116534	0.000086
蟹械谢械薪褜	0.000735	0.094311	0.000069
蟹械褎懈褉	0.000735	0.040822	0.000030
蟹懈屑褍	0.002206	0.040822	0.000090
蟹褉邪蟹褘	0.000735	2.040221	0.001500
懈蟹写械谢懈褟	0.002206	0.116534	0.000257
懈蟹写械谢懈褟屑懈	0.002206	0.116534	0.000257
懈泻褉邪	0.001471	0.040822	0.000060
懈屑械薪械屑	0.000735	0.040822	0.000030
懈薪写械泄泻懈	0.002206	0.094311	0.000208
懈薪写懈泄褋泻邪褟	0.000735	0.116534	0.000086
懈薪褋褌褉褍泻褑懈褟屑懈	0.000735	0.040822	0.000030
懈褉邪泻褋泻邪褟	0.000735	0.116534	0.000086
懈褉邪薪褋泻邪褟	0.000735	0.116534	0.000086
懈褉谢邪薪写褋泻邪褟	0.000735	0.116534	0.000086
懈褋谢邪薪写褋泻邪褟	0.000735	0.116534	0.000086
懈褋锌邪薪褋泻邪褟	0.000735	0.116534	0.000086
懈褌邪谢褜褟薪褋泻邪褟	0.000735	0.116534	0.000086
泄芯谐褍褉褌	0.002206	0.040822	0.000090
泻邪斜邪褔泻懈	0.000735	0.040822	0.000030
泻邪斜邪褔泻芯胁	0.000735	2.040221	0.001500
泻邪胁泻邪蟹褋泻邪褟	0.000735	0.116534	0.000086
泻邪蟹邪薪械	0.000735	0.116534	0.000086
泻邪蟹邪褏褋泻邪褟	0.000735	0.116534	0.000086
泻邪泻邪芯	0.001471	0.040822	0.000060
泻邪谢屑褘褑泻邪褟	0.000735	0.116534	0.000086
泻邪谢褜屑邪褉	0.000735	0.040822	0.000030
泻邪薪邪写褋泻邪褟	0.000735	0.116534	0.000086
泻邪薪邪谢	0.001471	0.040822	0.000060
泻邪薪邪谢械	0.000735	0.040822	0.000030
泻邪薪邪锌械	0.001471	0.040822	0.000060
泻邪锌褍褋褌邪	0.001471	0.040822	0.000060
泻邪锌褍褋褌薪褟泻	0.000735	0.040822	0.000030
泻邪锌褍褋褌褘	0.000735	0.040822	0.000030
泻邪褉邪屑械谢褜	0.000735	0.040822	0.000030
泻邪褉褌芯褎械谢褜	0.000735	0.040822	0.000030
泻邪褉褌芯褎械谢褜薪邪褟	0.000735	2.995732	0.002203
泻邪褉褌芯褎械谢褜薪芯械	0.000735	0.040822	0.000030
泻邪褉褌芯褎械谢褜薪褘泄	0.000735	0.116534	0.000086
泻邪褉褌芯褕泻邪	0.001471	0.040822	0.000060
泻邪褌邪谢芯谐	0.001471	3.912023	0.005753
泻邪褌械谐芯褉懈懈	0.000735	0.116534	0.000086
泻邪褕邪	0.000735	0.040822	0.000030
泻邪褕懈	0.002941	0.105361	0.000310
泻胁邪褋	0.001471	0.040822	0.000060
泻械斜邪斜	0.000735	2.995732	0.002203
泻械泻褋	0.000735	0.040822	0.000030
泻械泻褋褘	0.001471	0.116534	0.000171
泻械褎懈褉	0.000735	0.040822	0.000030
泻懈屑褔懈	0.000735	0.040822	0.000030
泻懈褋械谢褜	0.001471	0.040822	0.000060
泻懈褌邪泄褋泻邪褟	0.000735	0.116534	0.000086
泻谢械褑泻懈	0.000735	4.605170	0.003386
泻谢褟褉械	0.000735	2.302585	0.001693
泻薪械写谢懈泻懈	0.000735	4.605170	0.003386
泻薪懈谐褍	0.000735	0.040822	0.000030
泻芯胁褉懈卸泻邪	0.000735	4.605170	0.003386
泻芯泻褌械泄谢褜	0.002206	0.040822	0.000090
泻芯谢斜邪褋邪	0.000735	0.040822	0.000030
泻芯谢斜邪褋薪褘屑懈	0.002206	0.116534	0.000257
泻芯谢写褍薪褘	0.000735	2.813411	0.002069
泻芯屑懈	0.000735	0.116534	0.000086
泻芯屑锌芯褌	0.002206	0.040822	0.000090
泻芯薪懈薪褘	0.000735	0.116534	0.000086
泻芯薪泻褍褉褋邪褏	0.000735	0.040822	0.000030
泻芯薪褋械褉胁懈褉芯胁邪薪懈械	0.000735	0.040822	0.000030
泻芯薪褋械褉胁懈褉芯胁邪薪薪邪褟	0.000735	0.116534	0.000086
泻芯薪褋械褉胁懈褉芯胁邪薪薪芯械	0.000735	0.116534	0.000086
泻芯薪褋械褉胁懈褉芯胁邪薪薪褘械	0.001471	0.116534	0.000171
泻芯薪褋械褉胁懈褉芯胁邪薪薪褘泄	0.000735	0.116534	0.000086
泻芯薪褎械褌褘	0.001471	0.040822	0.000060
泻芯薪褎懈写械薪褑懈邪谢褜薪芯褋褌懈	0.000735	0.040822	0.000030
泻芯薪褎懈褌褞褉	0.000735	0.040822	0.000030
泻芯锌褔械薪芯褋褌褟屑懈	0.000735	0.116534	0.000086
泻芯褉械泄褋泻邪褟	0.000735	0.116534	0.000086
泻芯褉械泄褋泻懈	0.000735	0.040822	0.000030
泻芯褉卸懈泻懈	0.000735	0.040822	0.000030
泻芯褉屑褟褖懈褏	0.000735	0.116534	0.000086
泻芯褌谢械褌褘	0.000735	0.040822	0.000030
泻芯褎械	0.001471	0.040822	0.000060
泻褉械屑	0.000735	0.040822	0.000030
泻褉械屑邪	0.001471	0.116534	0.000171
泻褉械锌泻懈泄	0.000735	0.116534	0.000086
泻褉芯泻械褌褘	0.000735	4.605170	0.003386
泻褉芯谢懈泻邪	0.001471	0.116534	0.000171
泻褉褍邪褋褋邪薪褘	0.000735	3.506558	0.002578
泻褉褍锌	0.003676	0.116534	0.000428
泻褍斜懈薪褋泻邪褟	0.000735	0.116534	0.000086
泻褍谢械褕	0.000735	0.040822	0.000030
泻褍谢懈薪邪褉薪褍褞	0.000735	0.040822	0.000030
泻褍谢懈褔	0.000735	0.040822	0.000030
泻褍谢懈褔懈	0.000735	0.116534	0.000086
泻褍褉写褋泻邪褟	0.000735	0.116534	0.000086
泻褍褉懈薪芯谐芯	0.000735	0.116534	0.000086
泻褍褉懈薪褘泄	0.000735	0.105361	0.000077
泻褍褉懈褑邪	0.000735	0.040822	0.000030
泻褍褉懈褑褘	0.002206	0.116534	0.000257
泻褍褉薪懈泻	0.000735	4.605170	0.003386
泻褍褋泻褍褋	0.000735	0.040822	0.000030
泻褍褏薪械泄	0.000735	0.040822	0.000030
泻褍褏薪懈	0.001471	0.040822	0.000060
谢邪胁邪褕	0.001471	0.040822	0.000060
谢邪胁邪褕邪	0.002941	0.116534	0.000343
谢邪谐屑邪薪	0.000735	0.040822	0.000030
谢邪蟹邪薪褜褟	0.000735	2.995732	0.002203
谢邪薪谐械褌	0.000735	4.605170	0.003386
谢邪锌褕邪	0.001471	0.040822	0.000060
谢邪褋褌芯褔泻懈薪芯	0.000735	2.302585	0.001693
谢邪褌褘褕褋泻邪褟	0.000735	0.116534	0.000086
谢械谐泻懈泄	0.001471	0.116534	0.000171
谢械锌械褕泻懈	0.001471	0.040822	0.000060
谢械褌薪懈械	0.000735	0.040822	0.000030
谢械褔芯	0.000735	0.040822	0.000030
谢懈泻械褉	0.000735	0.040822	0.000030
谢懈屑芯薪邪写	0.001471	0.040822	0.000060
谢懈褌芯胁褋泻邪褟	0.000735	0.116534	0.000086
谢芯斜懈芯	0.000735	3.912023	0.002876
谢芯褋芯褋褜	0.000735	3.218876	0.002367
谢褍褔褕懈泄	0.000735	0.040822	0.000030
谢褞谢褟	0.000735	3.506558	0.002578
屑邪谐褉懈斜邪	0.000735	0.116534	0.000086
屑邪泄芯薪械蟹	0.000735	0.116534	0.000086
屑邪泻邪褉芯薪薪褘械	0.000735	0.116534	0.000086
屑邪泻邪褉芯薪褘	0.000735	0.040822	0.000030
屑邪谢邪蟹懈泄褋泻邪褟	0.000735	0.116534	0.000086
屑邪屑邪谢褘谐邪	0.000735	4.605170	0.003386
屑邪薪薪懈泻	0.000735	0.040822	0.000030
屑邪薪褌褘	0.001471	0.116534	0.000171
屑邪褉懈薪邪写	0.006618	0.040822	0.000270
屑邪褉懈薪邪写褘	0.001471	0.116534	0.000171
屑邪褉懈薪芯胁邪薪薪褘械	0.000735	0.116534	0.000086
屑邪褉屑械谢邪写	0.000735	0.040822	0.000030
屑邪褉芯泻泻邪薪褋泻邪褟	0.000735	0.116534	0.000086
屑邪褉褌邪	0.000735	0.105361	0.000077
屑邪褋泻邪褉锌芯薪械	0.000735	0.040822	0.000030
屑邪褋谢械薪懈褑邪	0.000735	0.040822	0.000030
屑邪褋谢芯	0.000735	0.116534	0.000086
屑邪褋褌懈泻邪	0.000735	0.040822	0.000030
屑邪褋褌懈泻懈	0.000735	0.116534	0.000086
屑邪褎褎懈薪褘	0.000735	0.116534	0.000086
屑械写懈邪褎芯褉褌	0.001471	0.000000	0.000000
屑械写芯胁褘泄	0.000735	0.116534	0.000086
屑械泻褋懈泻邪薪褋泻邪褟	0.000735	0.116534	0.000086
屑械褔褌褘	0.000735	0.040822	0.000030
屑懈写懈懈	0.000735	0.040822	0.000030
屑懈泻褉芯胁芯谢薪芯胁泻械	0.000735	0.116534	0.000086
屑懈薪褌邪泄	0.000735	4.605170	0.003386
屑懈褋芯	0.000735	0.040822	0.000030
屑薪芯卸械褋褌胁芯屑	0.000735	0.040822	0.000030
屑芯卸械褌械	0.000735	0.000000	0.000000
屑芯谢写邪胁褋泻邪褟	0.000735	0.116534	0.000086
屑芯谢芯泻械	0.000735	0.105361	0.000077
屑芯谢芯泻芯	0.000735	0.116534	0.000086
屑芯谢芯褔薪褘泄	0.001471	0.040822	0.000060
屑芯谢芯褔薪褘褏	0.000735	0.116534	0.000086
屑芯薪谐芯谢褜褋泻邪褟	0.000735	0.116534	0.000086
屑芯褉械锌褉芯写褍泻褌芯胁	0.007353	0.040822	0.000300
屑芯褉械锌褉芯写褍泻褌褘	0.000735	0.116534	0.000086
屑芯褉泻芯胁褜	0.000735	0.040822	0.000030
屑芯褉芯卸械薪芯械	0.001471	0.040822	0.000060
屑芯褉褋	0.000735	0.040822	0.000030
屑芯褉褋褘	0.000735	0.116534	0.000086
屑芯褏懈褌芯	0.000735	0.040822	0.000030
屑褍谢褜褌懈胁邪褉泻械	0.022059	0.116534	0.002571
屑褍褋邪泻邪	0.000735	4.605170	0.003386
屑褍褋褋	0.000735	0.040822	0.000030
屑褍褋褋褘	0.000735	0.116534	0.000086
屑褍褔薪褘械	0.000735	0.116534	0.000086
屑褞褋谢懈	0.000735	0.116534	0.000086
屑褟褋邪	0.005147	0.116534	0.000600
屑褟褋薪芯谐芯	0.001471	0.116534	0.000171
屑褟褋薪芯泄	0.000735	0.116534	0.000086
屑褟褋薪褘械	0.003676	0.040822	0.000150
屑褟褋薪褘褏	0.002206	0.116534	0.000257
屑褟褋芯	0.002941	0.040822	0.000120
屑褟褋芯屑	0.002941	0.040822	0.000120
屑褟褋褍	0.001471	0.116534	0.000171
薪邪谐械褌褋褘	0.000735	3.912023	0.002876
薪邪蟹薪邪褔械薪懈褟	0.000735	0.116534	0.000086
薪邪谢懈胁泻邪	0.000735	0.040822	0.000030
薪邪锌懈褌泻懈	0.004412	0.040822	0.000180
薪邪锌懈褌芯泻	0.000735	0.040822	0.000030
薪邪褋褌芯泄泻邪	0.000735	0.040822	0.000030
薪邪褑懈芯薪邪谢褜薪褘械	0.000735	0.116534	0.000086
薪邪褔懈薪泻邪	0.001471	0.040822	0.000060
薪邪褔懈薪泻芯泄	0.000735	0.116534	0.000086
薪邪褕械屑	0.000735	0.040822	0.000030
薪械屑械褑泻邪褟	0.000735	0.116534	0.000086
薪械芯卸懈写邪薪薪褘械	0.000735	0.116534	0.000086
薪械褋谢邪写泻芯械	0.000735	0.116534	0.000086
薪芯胁芯谐芯写薪懈械	0.000735	0.040822	0.000030
薪芯胁褘泄	0.000735	0.094311	0.000069
薪芯褉胁械卸褋泻邪褟	0.000735	0.116534	0.000086
薪褍谐邪	0.000735	4.605170	0.003386
薪褜芯泻泻懈	0.000735	4.605170	0.003386
芯斜械写	0.001471	0.105361	0.000155
芯斜褖邪褌褜褋褟	0.000735	0.040822	0.000030
芯胁芯褖邪屑懈	0.000735	0.116534	0.000086
芯胁芯褖械泄	0.009559	0.105361	0.001007
芯胁芯褖懈	0.002206	0.094311	0.000208
芯胁芯褖薪邪褟	0.000735	0.040822	0.000030
芯胁芯褖薪芯械	0.000735	0.116534	0.000086
芯胁芯褖薪芯泄	0.001471	0.105361	0.000155
芯胁芯褖薪褘械	0.003676	0.040822	0.000150
芯胁褋褟薪芯械	0.000735	0.116534	0.000086
芯谐褍褉褑褘	0.001471	0.116534	0.000171
芯泻褉芯褕泻邪	0.001471	0.040822	0.000060
芯谢邪写褜懈	0.002941	0.040822	0.000120
芯屑谢械褌	0.000735	0.040822	0.000030
芯锌邪褉邪	0.000735	0.040822	0.000030
芯褋薪芯胁薪芯械	0.000735	0.040822	0.000030
芯褌斜懈胁薪褘械	0.000735	2.207275	0.001623
芯褌胁械褌褘	0.000735	0.000000	0.000000
芯褌泻褉褘褌褘泄	0.001471	0.116534	0.000171
芯褌屑械薪懈褌褜	0.000735	0.040822	0.000030
锌邪谢芯褔泻懈	0.000735	0.040822	0.000030
锌邪屑锌褍褕泻懈	0.000735	4.605170	0.003386
锌邪薪邪泻芯褌邪	0.000735	4.605170	0.003386
锌邪薪懈褉芯胁泻邪	0.005882	0.116534	0.000685
锌邪褉芯胁邪褉泻械	0.006618	0.116534	0.000771
锌邪褉芯谢褜	0.000735	0.020203	0.000015
锌邪褋褌邪	0.001471	0.040822	0.000060
锌邪褋褌褉芯屑邪	0.000735	0.040822	0.000030
锌邪褋褏邪	0.001471	0.040822	0.000060
锌邪褏谢邪胁邪	0.000735	3.912023	0.002876
锌邪褕褌械褌	0.000735	0.040822	0.000030
锌邪褕褌械褌褘	0.000735	0.116534	0.000086
锌邪褝谢褜褟	0.000735	3.912023	0.002876
锌械谢褜屑械薪懈	0.001471	0.116534	0.000171
锌械褉胁芯械	0.001471	0.040822	0.000060
锌械褉械泄褌懈	0.000735	0.040822	0.000030
锌械褉械褑	0.000735	0.040822	0.000030
锌械褉褍邪薪褋泻邪褟	0.000735	0.116534	0.000086
锌械褋芯褔薪芯械	0.001471	0.105361	0.000155
锌械褋芯褔薪褘泄	0.000735	0.116534	0.000086
锌械褔械薪芯褔薪褘泄	0.000735	0.040822	0.000030
锌械褔械薪褜械	0.005882	0.040822	0.000240
锌懈胁芯	0.000735	0.116534	0.000086
锌懈褉芯谐	0.002206	0.040822	0.000090
锌懈褉芯谐懈	0.000735	0.105361	0.000077
锌懈褉芯卸泻懈	0.000735	0.040822	0.000030
锌懈褉芯卸薪芯械	0.000735	0.040822	0.000030
锌懈褉芯卸薪褘械	0.000735	0.116534	0.000086
锌懈褌邪薪懈械	0.002941	0.105361	0.000310
锌懈褑褑邪	0.001471	0.040822	0.000060
锌谢芯胁	0.001471	0.116534	0.000171
锌谢芯写褘	0.000735	0.116534	0.000086
锌谢褞褕泻懈	0.000735	3.912023	0.002876
锌芯胁邪褉械薪泻械	0.000735	0.040822	0.000030
锌芯胁邪褉褟褌邪屑懈	0.000735	0.040822	0.000030
锌芯胁懈写谢芯	0.000735	0.040822	0.000030
锌芯写谢懈胁邪	0.000735	0.116534	0.000086
锌芯写谢懈胁泻邪	0.000735	0.040822	0.000030
锌芯写锌懈褋邪褌褜褋褟	0.000735	0.040822	0.000030
锌芯写锌懈褕懈褌械褋褜	0.001471	0.040822	0.000060
锌芯谢写薪懈泻	0.001471	0.116534	0.000171
锌芯谢械薪褌邪	0.000735	4.605170	0.003386
锌芯谢懈褌懈泻芯泄	0.000735	0.040822	0.000030
锌芯谢褍褔邪泄褌械	0.000735	0.040822	0.000030
锌芯谢褍褔邪褌褜	0.000735	0.040822	0.000030
锌芯谢褜褋泻邪褟	0.000735	0.116534	0.000086
锌芯屑邪写泻邪	0.001471	0.040822	0.000060
锌芯屑邪写泻懈	0.000735	0.116534	0.000086
锌芯屑懈写芯褉褘	0.001471	0.116534	0.000171
锌芯薪褉邪胁懈胁褕懈械褋褟	0.000735	0.040822	0.000030
锌芯薪褔懈泻懈	0.001471	0.040822	0.000060
锌芯褉褌褍谐邪谢褜褋泻邪褟	0.000735	0.116534	0.000086
锌芯褋褌薪芯械	0.000735	0.116534	0.000086
锌芯褋褌薪褘械	0.000735	0.040822	0.000030
锌芯褋褌芯褟薪薪芯	0.000735	0.040822	0.000030
锌芯褔褌褍	0.000735	0.040822	0.000030
锌芯褕邪谐芯胁褘屑懈	0.000735	0.040822	0.000030
锌褉邪蟹写薪懈褔薪褘泄	0.000735	0.116534	0.000086
锌褉械褋薪芯械	0.000735	0.116534	0.000086
锌褉懈谐芯褌芯胁谢械薪懈械	0.000735	0.105361	0.000077
锌褉懈谐芯褌芯胁谢械薪懈褞	0.000735	0.040822	0.000030
锌褉懈蟹芯胁	0.000735	0.040822	0.000030
锌褉懈锌褉邪胁邪	0.000735	0.040822	0.000030
锌褉懈褉芯写褍	0.000735	0.116534	0.000086
锌褉懈褋褌褍锌懈褌褜	0.000735	0.040822	0.000030
锌褉芯胁芯写懈屑褘褏	0.000735	0.040822	0.000030
锌褉芯写褍泻褌芯胁	0.000735	0.094311	0.000069
锌褉芯褋褌芯泻胁邪褕邪	0.000735	0.040822	0.000030
锌褉芯褎懈谢褜	0.000735	0.040822	0.000030
锌褉芯褎懈褌褉芯谢懈	0.000735	3.912023	0.002876
锌褉褟屑芯	0.000735	0.040822	0.000030
锌褉褟薪懈泻	0.000735	0.040822	0.000030
锌褉褟薪懈泻懈	0.000735	0.116534	0.000086
锌褉褟薪懈褔薪芯械	0.000735	0.116534	0.000086
锌褌懈褑邪	0.001471	0.116534	0.000171
锌褌懈褑械	0.001471	0.116534	0.000171
锌褌懈褑褘	0.007353	0.116534	0.000857
锌褍写懈薪谐	0.000735	0.040822	0.000030
锌褍写懈薪谐懈	0.000735	0.116534	0.000086
锌褍薪褕	0.000735	0.040822	0.000030
锌褘褕泻懈	0.000735	0.040822	0.000030
锌褞褉械	0.002941	0.040822	0.000120
褉邪谐褍	0.001471	0.116534	0.000171
褉邪蟹胁械褉薪褍褌褜	0.004412	0.116534	0.000514
褉邪蟹写械谢褜薪芯械	0.000735	0.116534	0.000086
褉邪褋褋芯谢褜薪懈泻	0.001471	0.040822	0.000060
褉邪褋褋褌械谐邪懈	0.000735	4.605170	0.003386
褉邪褌邪褌褍泄	0.000735	4.605170	0.003386
褉械斜褉褘褕泻懈	0.000735	3.506558	0.002578
褉械谐懈褋褌褉邪褑懈懈	0.001471	0.010050	0.000015
褉械谐懈褋褌褉邪褑懈褟	0.000735	0.000000	0.000000
褉械褑械锌褌	0.002941	0.040822	0.000120
褉械褑械锌褌芯胁	0.003676	0.040822	0.000150
褉械褑械锌褌褘	0.005147	0.040822	0.000210
褉懈蟹芯褌褌芯	0.000735	4.605170	0.003386
褉懈褋	0.000735	0.040822	0.000030
褉芯谐邪谢懈泻懈	0.000735	0.040822	0.000030
褉芯卸写械薪懈褟	0.000735	0.105361	0.000077
褉芯卸写械褋褌胁芯	0.000735	0.116534	0.000086
褉芯谢谢褘	0.001471	0.040822	0.000060
褉芯屑	0.000735	0.040822	0.000030
褉芯屑芯胁邪褟	0.000735	4.605170	0.003386
褉芯褋褌斜懈褎	0.000735	4.605170	0.003386
褉褍斜褉懈泻懈	0.004412	4.605170	0.020317
褉褍谢械褌	0.000735	0.040822	0.000030
褉褍谢械褌褘	0.006618	0.116534	0.000771
褉褍谢褜泻邪	0.000735	4.605170	0.003386
褉褍屑褘薪褋泻邪褟	0.000735	0.116534	0.000086
褉褍褋褋泻邪褟	0.000735	0.116534	0.000086
褉褘斜邪	0.002941	0.040822	0.000120
褉褘斜械	0.001471	0.116534	0.000171
褉褘斜薪芯谐芯	0.001471	0.116534	0.000171
褉褘斜薪褘械	0.002941	0.116534	0.000343
褉褘斜薪褘泄	0.001471	0.116534	0.000171
褉褘斜薪褘褏	0.000735	0.116534	0.000086
褉褘斜芯泄	0.000735	0.116534	0.000086
褉褘斜褘	0.008088	0.116534	0.000943
褉褟卸械薪泻邪	0.000735	0.116534	0.000086
褋邪泄褌	0.002206	0.000000	0.000000
褋邪谢邪褌薪邪褟	0.000735	0.116534	0.000086
褋邪谢邪褌褘	0.019853	0.040822	0.000810
褋邪屑芯谐芯薪	0.000735	0.040822	0.000030
褋邪屑褋邪	0.000735	3.912023	0.002876
褋斜懈褌械薪褜	0.000735	0.040822	0.000030
褋胁械泻谢邪	0.000735	0.040822	0.000030
褋胁械泻芯谢褜薪懈泻	0.001471	0.040822	0.000060
褋胁懈薪懈薪邪	0.000735	0.040822	0.000030
褋胁懈薪懈薪褘	0.002941	0.116534	0.000343
褋胁芯械屑	0.000735	0.040822	0.000030
褋胁芯懈屑	0.000735	0.040822	0.000030
褋胁芯褞	0.000735	0.040822	0.000030
褋谐褍褖械薪泻邪	0.000735	0.040822	0.000030
褋械泄褔邪褋	0.000735	0.030459	0.000022
褋械谢械写泻邪	0.000735	0.040822	0.000030
褋械屑谐邪	0.000735	0.040822	0.000030
褋懈写褉	0.000735	0.040822	0.000030
褋懈褉懈泄褋泻邪褟	0.000735	0.116534	0.000086
褋懈褉芯锌	0.000735	0.040822	0.000030
褋懈褉芯锌褘	0.000735	0.116534	0.000086
褋懈褋褌械屑褘	0.000735	0.040822	0.000030
褋泻褍屑斜褉懈褟	0.000735	2.813411	0.002069
褋谢邪写泻懈械	0.003676	0.040822	0.000150
褋谢邪写泻懈泄	0.000735	0.105361	0.000077
褋谢芯械薪芯械	0.000735	0.116534	0.000086
褋谢芯械薪褘泄	0.000735	0.116534	0.000086
褋谢芯泄泻邪	0.000735	0.040822	0.000030
褋谢芯泄泻懈	0.000735	0.116534	0.000086
褋屑械褌邪薪邪	0.000735	0.105361	0.000077
褋屑械褕邪薪薪芯谐芯	0.000735	0.116534	0.000086
褋屑芯卸械褌械	0.000735	0.040822	0.000030
褋屑褍蟹懈	0.001471	0.040822	0.000060
褋薪褝泻	0.000735	0.116534	0.000086
褋芯斜懈褉邪械褌械褋褜	0.000735	0.040822	0.000030
褋芯胁械褌邪屑懈	0.000735	0.040822	0.000030
褋芯谐谢邪褕邪械褌械褋褜	0.000735	0.040822	0.000030
褋芯泻	0.000735	0.116534	0.000086
褋芯泻懈	0.000735	0.040822	0.000030
褋芯谢械薪褘械	0.002206	0.116534	0.000257
褋芯谢械薪褜褟	0.001471	0.116534	0.000171
褋芯谢褟薪泻邪	0.001471	0.040822	0.000060
褋芯褋懈褋泻懈	0.000735	3.218876	0.002367
褋芯褌械	0.000735	4.605170	0.003386
褋芯褍褋	0.005882	0.040822	0.000240
褋芯褍褋褘	0.001471	0.116534	0.000171
褋芯褏褉邪薪褟褌褜	0.000735	0.040822	0.000030
褋芯褑褋械褌懈	0.000735	0.040822	0.000030
褋芯褔薪懈	0.000735	4.605170	0.003386
褋锌械褑懈邪谢褜薪芯械	0.000735	0.116534	0.000086
褋锌械褑懈懈	0.000735	0.105361	0.000077
褋褌械泄泻	0.000735	2.813411	0.002069
褋褌芯谢	0.000735	0.105361	0.000077
褋褌褉芯懈褌械谢褜褋褌胁械	0.000735	0.040822	0.000030
褋褌褉芯懈褌械谢褜褋褌胁褍	0.000735	0.040822	0.000030
褋褌褉芯懈褌褜	0.000735	0.040822	0.000030
褋褍斜锌褉芯写褍泻褌芯胁	0.005147	0.116534	0.000600
褋褍斜锌褉芯写褍泻褌褘	0.002206	0.116534	0.000257
褋褍写邪泻	0.000735	4.605170	0.003386
褋褍锌	0.006618	0.040822	0.000270
褋褍锌邪	0.000735	0.040822	0.000030
褋褍锌褘	0.005882	0.040822	0.000240
褋褍褎谢械	0.002206	0.040822	0.000090
褋褍褏邪褉懈	0.000735	0.040822	0.000030
褋褍褕懈	0.001471	0.040822	0.000060
褋褘褉	0.001471	0.040822	0.000060
褋褘褉邪	0.003676	0.116534	0.000428
褋褘褉薪懈泻	0.000735	0.040822	0.000030
褋褘褉薪懈泻懈	0.001471	0.116534	0.000171
褋褘褉薪褘械	0.002941	0.040822	0.000120
褋褘褌薪褘泄	0.000735	0.105361	0.000077
褌邪斜邪泻邪	0.000735	3.912023	0.002876
褌邪写卸懈泻褋泻邪褟	0.000735	0.116534	0.000086
褌邪泄褋泻邪褟	0.000735	0.116534	0.000086
褌邪褉褌	0.000735	0.116534	0.000086
褌邪褉褌邪谢械褌泻懈	0.001471	0.040822	0.000060
褌邪褌邪褉褋泻邪褟	0.000735	0.116534	0.000086
褌胁芯褉芯谐	0.001471	0.040822	0.000060
褌胁芯褉芯谐芯屑	0.000735	0.105361	0.000077
褌胁芯褉芯卸薪懈泻	0.000735	3.218876	0.002367
褌胁芯褉芯卸薪芯械	0.000735	0.116534	0.000086
褌胁芯褉芯卸薪褘械	0.001471	0.116534	0.000171
褌胁芯褉芯卸薪褘泄	0.000735	0.116534	0.000086
褌械谢械谐褉邪屑	0.000735	0.040822	0.000030
褌械谢褟褌懈薪邪	0.000735	3.912023	0.002876
褌械谢褟褌懈薪褘	0.002941	0.116534	0.000343
褌械褉褉懈薪	0.000735	0.040822	0.000030
褌械褋褌邪	0.002206	0.105361	0.000232
褌械褋褌芯	0.006618	0.040822	0.000270
褌械褎褌械谢懈	0.000735	3.912023	0.002876
褌械褖懈薪	0.000735	0.040822	0.000030
褌芯锌谢械薪芯械	0.000735	0.116534	0.000086
褌芯褉褌	0.008088	0.040822	0.000330
褌芯褉褌褘	0.005147	0.116534	0.000600
褌褉邪胁褘	0.000735	0.105361	0.000077
褌褉械褋泻邪	0.000735	4.605170	0.003386
褌褉褍斜芯褔泻懈	0.000735	0.040822	0.000030
褌褍薪械褑	0.000735	3.506558	0.002578
褌褍薪懈褋褋泻邪褟	0.000735	0.116534	0.000086
褌褍褉械褑泻邪褟	0.000735	0.116534	0.000086
褌褍褕械薪泻邪	0.000735	3.506558	0.002578
褌褘泻胁邪	0.000735	0.040822	0.000030
褍胁械写芯屑谢械薪懈褟	0.000735	0.040822	0.000030
褍卸懈薪	0.001471	0.094311	0.000139
褍蟹斜械泻褋泻邪褟	0.000735	0.116534	0.000086
褍泻褉邪懈薪褋泻邪褟	0.000735	0.116534	0.000086
褍泻褉邪褕械薪懈褟	0.005882	0.116534	0.000685
褍褉邪谢褜褋泻邪褟	0.000735	0.116534	0.000086
褍褌泻邪	0.000735	3.912023	0.002876
褍褌泻懈	0.002206	0.116534	0.000257
褍褏邪	0.000735	0.040822	0.000030
褍褔邪褋褌胁芯胁邪褌褜	0.000735	0.040822	0.000030
褎邪褉褕邪	0.008824	0.040822	0.000360
褎邪褉褕懈褉芯胁邪薪薪邪褟	0.001471	0.116534	0.000171
褎邪褉褕懈褉芯胁邪薪薪芯械	0.000735	0.116534	0.000086
褎邪褉褕懈褉芯胁邪薪薪褘械	0.001471	0.040822	0.000060
褎邪褉褕懈褉芯胁邪薪薪褘泄	0.000735	0.040822	0.000030
褎邪褋芯谢褜	0.000735	0.040822	0.000030
褎械胁褉邪谢褟	0.000735	0.105361	0.000077
褎懈薪褋泻邪褟	0.000735	0.116534	0.000086
褎芯薪写褞	0.000735	0.040822	0.000030
褎芯褉械谢褜	0.000735	2.995732	0.002203
褎芯褉褍屑械	0.000735	0.040822	0.000030
褎芯褉褕屑邪泻	0.000735	0.040822	0.000030
褎褉邪薪褑褍蟹褋泻邪褟	0.000735	0.116534	0.000086
褎褉懈泻邪写械谢褜泻懈	0.000735	3.912023	0.002876
褎褉懈泻邪褋械	0.000735	4.605170	0.003386
褎褉褍泻褌芯胁	0.002941	0.116534	0.000343
褎褉褍泻褌芯胁芯	0.000735	0.116534	0.000086
褎褉褍泻褌芯胁褘械	0.002206	0.040822	0.000090
褏邪谢胁邪	0.000735	0.040822	0.000030
褏邪薪褍屑	0.000735	4.605170	0.003386
褏邪褉褔芯	0.001471	0.040822	0.000060
褏邪褔邪锌褍褉懈	0.000735	2.407946	0.001771
褏邪褕	0.000735	0.040822	0.000030
褏胁芯褉芯褋褌	0.000735	0.040822	0.000030
褏懈薪泻邪谢懈	0.001471	0.116534	0.000171
褏谢械斜	0.002206	0.040822	0.000090
褏谢械斜芯锌械褔泻懈	0.000735	0.116534	0.000086
褏芯谢芯写械褑	0.000735	0.040822	0.000030
褏芯谢芯写薪褘械	0.001471	0.116534	0.000171
褏芯谢芯写薪褘泄	0.001471	0.116534	0.000171
褏芯褉胁邪褌褋泻邪褟	0.000735	0.116534	0.000086
褏芯褌	0.000735	3.912023	0.002876
褏芯褌懈褌械	0.000735	0.040822	0.000030
褏褍屑褍褋	0.000735	0.040822	0.000030
褑胁械褌薪邪褟	0.000735	0.040822	0.000030
褑械薪薪褘褏	0.000735	0.040822	0.000030
褑褘锌谢械薪芯泻	0.000735	2.995732	0.002203
褔邪泄	0.002206	0.040822	0.000090
褔邪泻	0.001471	4.605170	0.006772
褔邪薪邪褏懈	0.000735	4.605170	0.003386
褔邪褏芯褏斜懈谢懈	0.000735	4.605170	0.003386
褔械斜褍褉械泻懈	0.001471	0.040822	0.000060
褔械褋褌薪褘屑懈	0.000735	0.040822	0.000030
褔械褔械胁懈褑邪	0.000735	0.040822	0.000030
褔械褕褋泻邪褟	0.000735	0.116534	0.000086
褔懈蟹泻械泄泻	0.002941	0.040822	0.000120
褔懈谢懈泄褋泻邪褟	0.000735	0.116534	0.000086
褔懈锌褋褘	0.000735	0.040822	0.000030
褕邪褉懈泻懈	0.000735	0.040822	0.000030
褕邪褉谢芯褌泻邪	0.000735	0.040822	0.000030
褕邪褍褉屑邪	0.000735	3.218876	0.002367
褕邪褕谢褘泻	0.004412	0.040822	0.000180
褕邪褕谢褘泻懈	0.000735	0.040822	0.000030
褕胁械写褋泻邪褟	0.000735	0.116534	0.000086
褕胁械泄褑邪褉褋泻邪褟	0.000735	0.116534	0.000086
褕懈锌褍褔泻邪	0.000735	0.040822	0.000030
褕薪懈褑械谢褜	0.000735	3.912023	0.002876
褕芯泻芯谢邪写	0.000735	0.040822	0.000030
褕芯褌谢邪薪写褋泻邪褟	0.000735	0.116534	0.000086
褕褌褉褍写械谢褜	0.000735	0.040822	0.000030
褕褍褉锌邪	0.000735	0.040822	0.000030
褖械褉斜械褌	0.000735	4.605170	0.003386
褖懈	0.001471	0.040822	0.000060
褝褋泻邪谢芯锌	0.000735	3.912023	0.002876
褝褋褌芯薪褋泻邪褟	0.000735	0.116534	0.000086
褞谐芯褋谢邪胁褋泻邪褟	0.000735	0.116534	0.000086
褟谐芯写薪褘泄	0.001471	0.116534	0.000171
褟蟹褘泻	0.001471	0.040822	0.000060
褟懈褑	0.002941	0.116534	0.000343
褟懈褔薪懈褑邪	0.000735	2.995732	0.002203
褟泄褑邪	0.000735	0.040822	0.000030
褟锌芯薪褋泻邪褟	0.000735	0.116534	0.000086
