褌芯泻械薪	TF	IDF	TF-IDF
邪斜褏邪蟹褋泻邪褟	0.000271	0.116534	0.000032
邪胁褋褌褉邪谢懈泄褋泻邪褟	0.000271	0.116534	0.000032
邪胁褋褌褉懈泄褋泻邪褟	0.000271	0.116534	0.000032
邪胁褌芯泻谢邪胁邪	0.000271	0.116534	0.000032
邪胁褌芯褉	0.000271	1.427116	0.000387
邪胁褌芯褉邪屑	0.000271	0.040822	0.000011
邪胁褌芯褉褍	0.000271	1.660731	0.000450
邪谐褉芯	0.000271	0.116534	0.000032
邪写卸懈泻邪	0.000271	0.040822	0.000011
邪蟹械褉斜邪泄写卸邪薪褋泻邪褟	0.000271	0.116534	0.000032
邪蟹懈邪褌褋泻邪褟	0.000271	0.127833	0.000035
邪蟹褘	0.000271	0.127833	0.000035
邪泄褉邪薪	0.000271	0.040822	0.000011
邪泻胁邪褌懈泻邪	0.000814	0.127833	0.000104
邪泻褑懈懈	0.000271	2.120264	0.000575
邪谢械泻褋械褟	0.000271	0.127833	0.000035
邪谢泻芯谐芯谢褜	0.000542	0.116534	0.000063
邪谢泻芯谐芯谢褜薪褘械	0.000271	0.116534	0.000032
邪谢泻芯谐芯谢褟	0.000271	0.116534	0.000032
邪谢褜褟薪褋	0.000271	0.116534	0.000032
邪屑械褉懈泻邪薪褋泻邪褟	0.000271	0.116534	0.000032
邪薪谐谢懈泄褋泻邪褟	0.000271	0.116534	0.000032
邪薪写褉械褟	0.000271	0.127833	0.000035
邪锌褉械谢褟	0.001085	0.579818	0.000629
邪褉邪斜褋泻邪褟	0.000271	0.116534	0.000032
邪褉谐械薪褌懈薪褋泻邪褟	0.000271	0.116534	0.000032
邪褉屑褟薪褋泻邪褟	0.000271	0.116534	0.000032
邪褉芯屑邪褌	0.000271	1.660731	0.000450
邪褉芯屑邪褌薪褘泄	0.000271	2.207275	0.000599
邪褋褋芯褉褌懈	0.000542	0.116534	0.000063
邪褌谢邪薪褌	0.000271	0.127833	0.000035
邪褎谐邪薪褋泻邪褟	0.000271	0.116534	0.000032
邪褎褉懈泻邪薪褋泻邪褟	0.000271	0.116534	0.000032
邪褝褉芯谐褉懈谢械	0.002712	0.116534	0.000316
斜邪斜褍褕泻褍	0.000271	4.605170	0.001249
斜邪泻谢邪卸邪薪褘	0.000271	0.040822	0.000011
斜邪谢褌泻芯屑	0.000271	0.127833	0.000035
斜邪薪泻械	0.000271	2.407946	0.000653
斜邪褉邪薪懈薪邪	0.000542	2.995732	0.001625
斜邪褉邪薪懈薪褘	0.001085	0.116534	0.000126
斜邪褉褏邪褌薪褘泄	0.000271	3.218876	0.000873
斜邪褋屑邪褌懈	0.000542	0.127833	0.000069
斜邪褋褌褍褉屑邪	0.000271	0.040822	0.000011
斜邪褌芯薪褔懈泻懈	0.000271	0.127833	0.000035
斜邪褕泻懈褉褋泻邪褟	0.000271	0.116534	0.000032
斜械谐芯屑	0.000271	4.605170	0.001249
斜械蟹邪谢泻芯谐芯谢褜薪褘械	0.000271	0.116534	0.000032
斜械蟹谐谢褞褌械薪芯胁褘械	0.000271	0.116534	0.000032
斜械蟹械	0.001085	0.040822	0.000044
斜械蟹褍屑薪芯	0.000271	1.560648	0.000423
斜械谢械斜械械胁褋泻懈泄	0.000542	0.116534	0.000063
斜械谢芯械	0.000542	2.407946	0.001306
斜械谢芯泻芯褔邪薪薪邪褟	0.001085	0.994252	0.001079
斜械谢芯褉褍褋褋泻邪褟	0.000271	0.116534	0.000032
斜械谢褜谐懈泄褋泻邪褟	0.000271	0.116534	0.000032
斜械褉械屑械薪薪褘褏	0.000271	0.116534	0.000032
斜械褋械写懈薪邪	0.000271	0.127833	0.000035
斜懈褋泻胁懈褌	0.000271	0.040822	0.000011
斜懈褋泻胁懈褌薪芯械	0.000542	0.116534	0.000063
斜懈褋泻胁懈褌薪褘泄	0.000271	0.105361	0.000029
斜懈褋泻胁懈褌褘	0.000271	0.127833	0.000035
斜谢懈卸械	0.000271	0.116534	0.000032
斜谢懈蟹泻懈褏	0.000271	0.116534	0.000032
斜谢懈薪芯胁	0.000542	0.116534	0.000063
斜谢懈薪褘	0.001085	0.040822	0.000044
斜谢褞写	0.000814	0.094311	0.000077
斜谢褞写邪	0.025495	0.040822	0.001041
斜谢褞写芯	0.001085	0.040822	0.000044
斜谢褞写芯屑	0.000271	0.994252	0.000270
斜谢褞写褍	0.000271	0.116534	0.000032
斜芯斜芯胁褘械	0.000542	0.127833	0.000069
斜芯斜芯胁褘褏	0.001627	0.116534	0.000190
斜芯谐邪褌褘泄	0.000271	3.218876	0.000873
斜芯谢谐邪褉褋泻邪褟	0.000271	0.116534	0.000032
斜芯谢谐邪褉褋泻懈泄	0.001627	0.843970	0.001373
斜芯谢械蟹薪褜	0.000271	3.506558	0.000951
斜芯谢褜褕械	0.000814	0.105361	0.000086
斜芯谢褜褕懈薪褋褌胁芯	0.000271	2.407946	0.000653
斜芯褉褖	0.004068	0.040822	0.000166
斜芯褉褖邪	0.000271	3.218876	0.000873
斜芯褉褖懈泻褍	0.000271	3.506558	0.000951
斜芯褌胁懈薪褜褟	0.000271	0.040822	0.000011
斜褉邪蟹懈谢褜褋泻邪褟	0.000271	0.116534	0.000032
斜褉邪褍蟹械褉械	0.000271	0.040822	0.000011
斜褉邪褍薪懈	0.000271	0.040822	0.000011
斜褉械褋褌	0.000271	0.127833	0.000035
斜褉芯泻泻芯谢懈	0.000271	0.040822	0.000011
斜褍卸械薪懈薪邪	0.000271	0.040822	0.000011
斜褍谢芯褔泻邪屑懈	0.000271	0.116534	0.000032
斜褍谢芯褔泻懈	0.000542	0.040822	0.000022
斜褍谢褜芯薪	0.005424	0.040822	0.000221
斜褍谢褜芯薪械	0.000271	3.912023	0.001061
斜褍谢褜芯薪褘	0.006509	0.116534	0.000759
斜褍褉谐械褉	0.000271	0.040822	0.000011
斜褍褉谐械褉褘	0.000271	0.127833	0.000035
斜褍褉褟褌褋泻邪褟	0.000271	0.116534	0.000032
斜褍褌械褉斜褉芯写	0.000542	0.116534	0.000063
斜褍褌械褉斜褉芯写褘	0.000542	0.040822	0.000022
斜褘褋褌褉芯	0.000542	0.094311	0.000051
斜褘褋褌褉芯泄	0.000271	0.116534	0.000032
斜褘褋褌褉褘泄	0.000542	0.105361	0.000057
胁邪卸薪褘械	0.000271	0.116534	0.000032
胁邪谢谢懈泄褋泻邪褟	0.000271	0.116534	0.000032
胁邪屑懈	0.000542	0.843970	0.000458
胁邪褉械薪懈泻懈	0.000271	0.116534	0.000032
胁邪褉械薪褜械	0.000542	0.040822	0.000022
胁邪褉懈邪薪褌	0.000542	0.562119	0.000305
胁邪褉懈邪薪褌褘	0.000542	1.609438	0.000873
胁邪褉懈褌褜	0.000271	3.912023	0.001061
胁邪褉泻懈	0.000271	2.407946	0.000653
胁邪褌褉褍褕泻懈	0.000271	0.040822	0.000011
胁邪褎谢懈	0.000542	0.040822	0.000022
胁邪褕械泄	0.000814	0.040822	0.000033
胁胁芯写褟	0.000271	0.040822	0.000011
胁写芯褏薪芯胁械薪懈械	0.001085	0.116534	0.000126
胁写芯褏薪芯胁械薪懈械屑	0.000542	0.116534	0.000063
胁写芯褏薪芯胁谢褟泄褋褟	0.000271	0.116534	0.000032
胁械谐械褌邪褉懈邪薪褋泻懈械	0.000271	0.127833	0.000035
胁械谐械褌邪褉懈邪薪褋泻芯械	0.000271	0.116534	0.000032
胁械谢懈泻懈泄	0.000271	0.116534	0.000032
胁械薪谐械褉褋泻邪褟	0.000271	0.116534	0.000032
胁械薪械褉懈泻	0.000271	2.120264	0.000575
胁械褉懈褌械	0.000271	2.995732	0.000813
胁械褋邪	0.000271	3.912023	0.001061
胁械褋械薪薪懈械	0.000271	0.051293	0.000014
胁械褋薪邪	0.001356	0.116534	0.000158
胁械褋薪褘	0.000271	0.116534	0.000032
胁械褌褔懈薪褘	0.000271	0.105361	0.000029
胁械褔械褉芯屑	0.000271	2.407946	0.000653
胁蟹谐谢褟写	0.000271	1.427116	0.000387
胁懈写械芯	0.000542	0.116534	0.000063
胁懈写械芯褉械褑械锌褌褘	0.000271	0.301105	0.000082
胁懈薪芯	0.001085	0.040822	0.000044
胁泻褍褋	0.001085	0.105361	0.000114
胁泻褍褋邪	0.002170	0.116534	0.000253
胁泻褍褋薪邪褟	0.001085	0.061875	0.000067
胁泻褍褋薪械械	0.000814	0.116534	0.000095
胁泻褍褋薪械泄	0.000271	0.116534	0.000032
胁泻褍褋薪芯	0.001356	0.094311	0.000128
胁泻褍褋薪芯泄	0.000542	1.609438	0.000873
胁泻褍褋薪芯褋褌懈	0.000271	3.506558	0.000951
胁泻褍褋薪褘械	0.000542	0.105361	0.000057
胁泻褍褋薪褘泄	0.000542	0.385662	0.000209
胁泻褍褋芯屑	0.000271	0.105361	0.000029
胁泻褍褋褍	0.000271	1.272966	0.000345
胁谢褞斜懈谢邪褋褜	0.000271	1.832581	0.000497
胁谢褞斜谢械薪薪褘褏	0.000271	0.116534	0.000032
胁屑械褋褌械	0.000271	0.916291	0.000249
胁薪邪褔邪谢械	0.001085	0.248461	0.000270
胁薪械褋谢邪	0.000271	2.995732	0.000813
胁芯	0.000271	0.061875	0.000017
胁芯写邪	0.002712	0.287682	0.000780
胁芯写械	0.000271	0.105361	0.000029
胁芯蟹写褍褕薪褘屑懈	0.000271	2.995732	0.000813
胁芯泄褌懈	0.000271	0.000000	0.000000
胁芯谢芯胁邪薪褘	0.000271	0.116534	0.000032
胁芯谢褕械斜薪褘械	0.000271	0.116534	0.000032
胁芯谢褕械斜褋褌胁芯	0.000271	0.116534	0.000032
胁芯锌褉芯褋褘	0.000271	0.000000	0.000000
胁芯褋锌芯谢褜蟹褍械褌械褋褜	0.000271	3.506558	0.000951
胁芯褋褌芯褉谐械	0.000271	1.469676	0.000399
胁芯褋褌芯褔薪邪褟	0.000271	0.127833	0.000035
胁锌械褉胁褘械	0.000271	1.560648	0.000423
胁褉械屑械薪邪	0.000271	0.116534	0.000032
胁褉械屑械薪械屑	0.001627	0.116534	0.000190
胁褉械屑褟	0.000271	0.400478	0.000109
胁褋械谐芯	0.000542	0.186330	0.000101
胁褋械泄	0.000814	0.105361	0.000086
胁褋械屑褍	0.000271	0.061875	0.000017
胁褋锌芯屑薪懈谢	0.000542	3.912023	0.002122
胁褋锌芯屑薪懈褌褜	0.000271	0.040822	0.000011
胁褋褟泻懈械	0.000271	3.912023	0.001061
胁褌芯褉芯谐芯	0.000271	4.605170	0.001249
胁褌芯褉芯械	0.000271	0.116534	0.000032
胁褌芯褉褘械	0.000271	0.127833	0.000035
胁褏芯写	0.000814	0.030459	0.000025
胁褘泄褌懈	0.000271	0.040822	0.000011
胁褘锌械褔泻邪	0.003255	0.040822	0.000133
胁褘锌械褔泻懈	0.000542	0.072571	0.000039
胁褘锌械褔泻芯泄	0.000271	0.116534	0.000032
胁褘褉褍褔邪械褌	0.000271	3.912023	0.001061
胁褘褏芯写薪芯泄	0.000271	4.605170	0.001249
胁褜械褌薪邪屑褋泻邪褟	0.000271	0.116534	0.000032
谐邪胁邪泄褋泻邪褟	0.000271	0.116534	0.000032
谐邪褉薪懈褉	0.001356	0.040822	0.000055
谐邪褋锌邪褔芯	0.000271	0.040822	0.000011
谐械芯谐褉邪褎懈褟	0.000271	0.116534	0.000032
谐谢邪胁薪褘泄	0.000271	0.040822	0.000011
谐谢邪蟹邪	0.000271	2.525729	0.000685
谐谢邪蟹褍褉褜	0.000814	0.040822	0.000033
谐谢懈薪褌胁械泄薪	0.000271	0.040822	0.000011
谐芯胁芯褉褟褌	0.000271	3.218876	0.000873
谐芯胁褟写懈薪褘	0.001085	0.116534	0.000126
谐芯写	0.002441	0.105361	0.000257
谐芯写邪	0.004068	0.248461	0.001011
谐芯写褍	0.000271	1.171183	0.000318
谐芯谢谢邪薪写褋泻邪褟	0.000271	0.116534	0.000032
谐芯谢谢邪薪写褋泻懈泄	0.000542	1.966113	0.001067
谐芯褉芯写邪	0.000271	0.116534	0.000032
谐芯褉芯褏	0.000271	0.116534	0.000032
谐芯褉褔懈褑邪	0.000542	0.040822	0.000022
谐芯褉褔懈褑邪屑懈	0.000271	0.127833	0.000035
谐芯褉褕芯褔泻邪褏	0.000271	0.105361	0.000029
谐芯褉褕芯褔泻械	0.000271	0.040822	0.000011
谐芯褉褟褔械械	0.000542	0.116534	0.000063
谐芯褉褟褔懈械	0.013832	0.105361	0.001457
谐芯褉褟褔懈泄	0.000542	0.116534	0.000063
谐芯褋褌懈	0.000271	0.116534	0.000032
谐芯褌芯胁懈谢邪	0.000542	0.733969	0.000398
谐芯褌芯胁懈谢懈褋褜	0.000271	4.605170	0.001249
谐芯褌芯胁懈屑	0.001627	0.094311	0.000153
谐芯褌芯胁懈褌	0.000542	3.218876	0.001746
谐芯褌芯胁懈褌褜	0.001627	0.105361	0.000171
谐芯褌芯胁谢褞	0.000271	1.049822	0.000285
谐芯褌芯胁褜	0.000542	0.116534	0.000063
谐芯褌芯胁褟褌	0.000542	0.116534	0.000063
谐褉械薪泻懈	0.001085	0.040822	0.000044
谐褉械褔械褋泻邪褟	0.000271	0.116534	0.000032
谐褉械褔泻邪	0.000271	0.040822	0.000011
谐褉懈斜邪屑	0.000271	3.218876	0.000873
谐褉懈斜邪屑懈	0.001627	0.105361	0.000171
谐褉懈斜薪芯泄	0.000271	2.120264	0.000575
谐褉懈斜薪褘械	0.000542	0.040822	0.000022
谐褉懈斜芯胁	0.000814	0.116534	0.000095
谐褉懈斜褘	0.001899	0.040822	0.000078
谐褉懈谢械	0.001356	0.116534	0.000158
谐褉懈谢褜	0.000271	0.116534	0.000032
谐褉懈谢褜屑邪薪懈褟	0.000271	0.116534	0.000032
谐褉懈谢褟	0.001085	0.116534	0.000126
谐褉懈薪斜芯褉芯	0.000271	4.605170	0.001249
谐褉芯谐	0.000271	0.040822	0.000011
谐褉褍蟹懈薪褋泻邪褟	0.000271	0.116534	0.000032
谐褉褍锌锌械	0.000271	2.813411	0.000763
谐褉褍锌锌褘	0.000271	0.061875	0.000017
谐褍褉屑邪薪懈褟	0.001627	0.116534	0.000190
谐褍褉屑械	0.000271	0.127833	0.000035
谐褍褋褌芯泄	0.000271	2.407946	0.000653
谐褍褋褟	0.000542	0.105361	0.000057
写邪械褌	0.000271	0.040822	0.000011
写邪薪薪褘械	0.000271	0.040822	0.000011
写邪褉褘	0.000271	0.116534	0.000032
写邪褌械	0.000542	0.248461	0.000135
写邪褌褋泻邪褟	0.000271	0.116534	0.000032
写邪褌褜	0.000271	2.120264	0.000575
写邪褔薪芯械	0.000814	0.116534	0.000095
写邪褔褍	0.000271	2.995732	0.000813
写械胁芯褔泻邪	0.000271	2.813411	0.000763
写械泻芯褉	0.000271	0.127833	0.000035
写械谢邪械褌	0.000814	0.116534	0.000095
写械谢邪谢懈	0.000271	2.995732	0.000813
写械谢懈屑褋褟	0.000271	0.040822	0.000011
写械谢芯屑	0.000271	0.116534	0.000032
写械薪褜	0.001356	0.083382	0.000113
写械褉卸懈褌褋褟	0.000271	4.605170	0.001249
写械褋械褉褌	0.000814	0.116534	0.000095
写械褋械褉褌邪褑懈褟	0.000271	0.116534	0.000032
写械褋械褉褌薪褘械	0.000271	0.116534	0.000032
写械褋械褉褌褘	0.003797	0.040822	0.000155
写械褌械泄	0.000271	0.116534	0.000032
写械褌褋褌胁芯	0.000271	3.912023	0.001061
写卸械屑	0.000271	0.040822	0.000011
写蟹械薪	0.000271	0.116534	0.000032
写懈邪谐薪芯蟹	0.000271	4.605170	0.001249
写懈械褌邪	0.000271	0.116534	0.000032
写懈械褌械	0.000271	3.506558	0.000951
写懈械褌懈褔械褋泻懈泄	0.000271	2.302585	0.000625
写懈械褌褘	0.000271	0.116534	0.000032
写懈泻懈泄	0.000542	0.116534	0.000063
写懈泻芯谐芯	0.000271	0.116534	0.000032
写懈锌	0.000271	0.116534	0.000032
写懈褔懈	0.000542	0.116534	0.000063
写懈褔褜	0.000271	0.116534	0.000032
写薪械胁薪懈泻邪褏	0.000271	0.061875	0.000017
写薪械泄	0.000814	0.116534	0.000095
写薪褟	0.000542	0.040822	0.000022
写芯斜邪胁谢械薪懈械	0.000271	3.218876	0.000873
写芯斜邪胁谢械薪懈褟屑	0.000271	0.274437	0.000074
写芯斜邪胁谢褟褌褜	0.000271	0.040822	0.000011
写芯斜邪胁褜	0.000271	0.116534	0.000032
写芯斜褉芯褎谢芯褌	0.000271	0.127833	0.000035
写芯胁械褉褟械褕褜	0.000271	0.116534	0.000032
写芯胁芯谢褜薪邪	0.000271	2.659260	0.000721
写芯谢卸薪邪	0.000271	2.207275	0.000599
写芯屑	0.002441	0.040822	0.000100
写芯屑邪褕薪械械	0.000814	0.040822	0.000033
写芯屑邪褕薪械泄	0.000271	1.771957	0.000481
写芯屑邪褕薪懈械	0.000542	0.040822	0.000022
写芯屑邪褕薪懈泄	0.001356	0.116534	0.000158
写芯屑邪褕薪褟褟	0.000542	0.105361	0.000057
写芯屑芯胁	0.000271	0.040822	0.000011
写芯锌芯谢薪褟褞褌	0.000271	2.659260	0.000721
写芯褉芯谐懈械	0.000271	1.272966	0.000345
写芯褋褌芯泄薪褘褏	0.000271	3.506558	0.000951
写芯褔泻芯泄	0.000271	3.506558	0.000951
写芯褕谢邪	0.000271	3.506558	0.000951
写褉邪泄胁	0.001356	0.127833	0.000173
写褉芯卸卸械胁芯械	0.000271	0.116534	0.000032
写褉褍谐懈屑懈	0.000271	0.040822	0.000011
写褉褍谐懈褏	0.000271	1.714798	0.000465
写褍褏芯胁泻邪	0.001085	0.127833	0.000139
写褍褕懈	0.000814	0.105361	0.000086
写褍褕懈褋褌褘泄	0.000542	1.237874	0.000671
写褘褕褍	0.000271	3.506558	0.000951
械胁褉械泄褋泻邪褟	0.000271	0.116534	0.000032
械谐懈锌械褌褋泻邪褟	0.000271	0.116534	0.000032
械写械	0.000271	3.912023	0.001061
械写懈薪褘泄	0.000271	0.040822	0.000011
械泻芯	0.000271	0.127833	0.000035
械谢邪	0.000271	2.659260	0.000721
械褕褜	0.000271	3.912023	0.001061
卸邪褉泻芯械	0.000271	0.040822	0.000011
卸械谢邪械屑褘械	0.000271	1.469676	0.000399
卸械谢械	0.000814	0.040822	0.000033
卸械薪褋泻邪褟	0.000271	0.127833	0.000035
卸械薪褋泻芯屑	0.000271	0.061875	0.000017
卸械薪褖懈薪褘	0.000542	0.116534	0.000063
卸懈胁芯谐芯	0.000271	4.605170	0.001249
卸懈蟹薪懈	0.000271	0.040822	0.000011
卸懈蟹薪褜	0.000542	0.116534	0.000063
卸褍谢褜械薪	0.000271	0.040822	0.000011
卸褍褉薪邪谢邪	0.000271	0.127833	0.000035
卸褞谢褜械薪	0.000542	0.040822	0.000022
蟹邪斜械谐邪谢邪	0.000271	3.506558	0.000951
蟹邪胁邪褉薪芯械	0.000271	0.116534	0.000032
蟹邪胁邪褉薪芯泄	0.000271	0.116534	0.000032
蟹邪胁褌褉邪泻	0.001899	0.094311	0.000179
蟹邪胁褌褉邪泻懈	0.000271	0.127833	0.000035
蟹邪谐芯褌芯胁泻懈	0.001085	0.040822	0.000044
蟹邪写邪胁邪褌褜	0.000271	0.040822	0.000011
蟹邪泄褑邪	0.000542	0.116534	0.000063
蟹邪泻胁邪褋泻邪	0.000271	0.040822	0.000011
蟹邪泻胁邪褋泻邪屑懈	0.000271	0.116534	0.000032
蟹邪泻胁邪褋芯泻	0.000271	0.127833	0.000035
蟹邪泻褉褘褌褘泄	0.000271	0.116534	0.000032
蟹邪泻褍褋泻懈	0.004882	0.040822	0.000199
蟹邪泻褍褋泻褍	0.000814	0.116534	0.000095
蟹邪泻褍褋芯薪褔懈泻	0.000271	0.116534	0.000032
蟹邪泻褍褋芯褔泻邪	0.000271	0.116534	0.000032
蟹邪泻褍褋芯褔薪褘械	0.002441	0.116534	0.000284
蟹邪谢懈胁薪邪褟	0.000271	3.506558	0.000951
蟹邪谢懈胁薪芯械	0.000542	0.040822	0.000022
蟹邪屑芯褉芯蟹泻邪	0.000271	0.105361	0.000029
蟹邪锌邪写	0.000271	0.116534	0.000032
蟹邪锌械泻邪薪泻邪	0.001085	0.105361	0.000114
蟹邪锌械泻邪薪泻懈	0.001899	0.040822	0.000078
蟹邪锌褉邪胁泻邪	0.000542	0.040822	0.000022
蟹邪褉械谐懈褋褌褉懈褉芯胁邪胁褕懈褋褜	0.000271	0.040822	0.000011
蟹邪褉械谐懈褋褌褉懈褉芯胁邪褌褜褋褟	0.000271	0.030459	0.000008
蟹邪褋芯谢泻邪	0.000271	0.116534	0.000032
蟹邪褌懈褉褍褏邪	0.000542	4.605170	0.002498
蟹邪褌懈褉褍褏褍	0.000814	4.605170	0.003747
蟹邪褌褟薪褍谢邪褋褜	0.000271	3.506558	0.000951
蟹邪褏芯写懈褌械	0.000271	0.755023	0.000205
蟹邪褑械锌懈谢褋褟	0.000271	3.506558	0.000951
蟹邪褔械褌	0.000542	3.506558	0.001902
蟹邪褟胁谢褟谢芯	0.000271	3.218876	0.000873
蟹胁邪薪褘泄	0.000271	0.127833	0.000035
蟹胁械蟹写邪	0.000271	0.127833	0.000035
蟹胁褍褔懈褌	0.000271	2.995732	0.000813
蟹胁褢蟹写薪褘械	0.000271	0.116534	0.000032
蟹写芯褉芯胁芯械	0.000271	0.116534	0.000032
蟹写芯褉芯胁褘泄	0.000271	0.116534	0.000032
蟹写褉邪胁褋褌胁褍泄褌械	0.000271	2.407946	0.000653
蟹械谢械薪褘泄	0.000271	1.021651	0.000277
蟹械谢械薪褜	0.000814	0.094311	0.000077
蟹械褎懈褉	0.000271	0.040822	0.000011
蟹懈屑薪懈械	0.000271	0.051293	0.000014
蟹懈屑褍	0.001085	0.040822	0.000044
蟹薪邪褞	0.000814	0.755023	0.000614
蟹芯谢芯褌邪褟	0.000271	0.116534	0.000032
懈胁邪薪芯胁邪	0.000271	0.127833	0.000035
懈谐芯褉褜	0.000271	3.218876	0.000873
懈写械邪谢褜薪邪褟	0.000271	0.116534	0.000032
懈写械邪谢褜薪芯谐芯	0.001356	0.116534	0.000158
懈写械邪谢褜薪芯械	0.000271	0.116534	0.000032
懈写械泄泻懈	0.000271	0.116534	0.000032
懈蟹写械谢懈褟	0.000814	0.116534	0.000095
懈蟹写械谢懈褟屑懈	0.000814	0.116534	0.000095
懈蟹褉械写泻邪	0.000271	3.218876	0.000873
懈泻褉邪	0.000814	0.040822	0.000033
懈谢谢褞褋褌褉懈褉芯胁邪薪	0.000271	2.120264	0.000575
懈屑斜懈褉褜	0.000542	1.897120	0.001029
懈屑械薪械屑	0.000271	0.040822	0.000011
懈薪胁械褉褌芯褉薪芯泄	0.000271	0.127833	0.000035
懈薪谐褉械写懈械薪褌邪屑	0.000271	1.469676	0.000399
懈薪谐褉械写懈械薪褌褘	0.008679	0.139262	0.001209
懈薪写械泄泻懈	0.001356	0.094311	0.000128
懈薪写械泄泻芯泄	0.000271	0.116534	0.000032
懈薪写懈泄褋泻邪褟	0.000271	0.116534	0.000032
懈薪写懈谢邪泄褌	0.000814	0.116534	0.000095
懈薪写懈褉械褋薪褘械	0.000271	0.116534	0.000032
懈薪械褌械	0.000271	2.813411	0.000763
懈薪芯谐写邪	0.000271	1.897120	0.000515
懈薪褋褌褉褍泻褑懈褟屑懈	0.000271	0.040822	0.000011
懈薪褌械褉薪械褌械	0.000271	1.309333	0.000355
懈褉邪泻褋泻邪褟	0.000271	0.116534	0.000032
懈褉邪薪褋泻邪褟	0.000271	0.116534	0.000032
懈褉谢邪薪写褋泻邪褟	0.000271	0.116534	0.000032
懈褉褍薪褟	0.000271	3.912023	0.001061
懈褋泻谢褞褔懈褌褜	0.000271	1.469676	0.000399
懈褋泻褉械薪薪械	0.000271	0.116534	0.000032
懈褋谢邪薪写褋泻邪褟	0.000271	0.116534	0.000032
懈褋锌邪薪褋泻邪褟	0.000271	0.116534	0.000032
懈褋锌械泻懈	0.000271	0.116534	0.000032
懈褋褌芯褉懈懈	0.001356	0.116534	0.000158
懈褋褌芯褉懈褞	0.000271	0.116534	0.000032
懈褋褏芯写褟	0.000271	2.995732	0.000813
懈褌邪泻	0.000271	1.609438	0.000437
懈褌邪谢懈懈	0.000542	0.105361	0.000057
懈褌邪谢褜褟薪褋泻邪褟	0.000271	0.116534	0.000032
懈褖褍褌	0.000271	1.609438	0.000437
懈褞谢褟	0.000271	0.597837	0.000162
泄芯谐褍褉褌	0.000814	0.040822	0.000033
泻邪斜邪褔泻懈	0.000271	0.040822	0.000011
泻邪斜邪褔泻芯胁	0.000542	2.040221	0.001107
泻邪斜邪褔芯泻	0.000542	1.771957	0.000961
泻邪胁泻邪蟹褋泻邪褟	0.000271	0.116534	0.000032
泻邪卸写芯泄	0.000542	1.832581	0.000994
泻邪蟹邪薪械	0.000271	0.116534	0.000032
泻邪蟹邪褏褋泻邪褟	0.000271	0.116534	0.000032
泻邪泻邪芯	0.000542	0.040822	0.000022
泻邪谢械泄写芯褋泻芯锌	0.001085	0.116534	0.000126
泻邪谢屑褘褑泻邪褟	0.000271	0.116534	0.000032
泻邪谢褜屑邪褉	0.000271	0.040822	0.000011
泻邪屑械褉邪	0.000271	0.116534	0.000032
泻邪薪邪写褋泻邪褟	0.000271	0.116534	0.000032
泻邪薪邪谢	0.000542	0.040822	0.000022
泻邪薪邪谢械	0.000271	0.040822	0.000011
泻邪薪邪锌械	0.000542	0.040822	0.000022
泻邪锌械褉褋褘	0.000542	2.525729	0.001370
泻邪锌褍褋褌邪	0.001627	0.040822	0.000066
泻邪锌褍褋褌薪褟泻	0.000271	0.040822	0.000011
泻邪锌褍褋褌芯泄	0.000542	1.966113	0.001067
泻邪锌褍褋褌褘	0.000271	0.040822	0.000011
泻邪褉邪屑械谢褜	0.000271	0.040822	0.000011
泻邪褉泻邪褋薪褘泄	0.001085	0.116534	0.000126
泻邪褉褌芯褎械谢褜	0.005153	0.040822	0.000210
泻邪褉褌芯褎械谢褜薪芯械	0.000271	0.040822	0.000011
泻邪褉褌芯褎械谢褜薪褘泄	0.000271	0.116534	0.000032
泻邪褉褌芯褕泻邪	0.000542	0.040822	0.000022
泻邪褋褟	0.000271	3.506558	0.000951
泻邪褌械谐芯褉懈懈	0.000542	0.116534	0.000063
泻邪褌械谐芯褉懈褟	0.004068	0.150823	0.000614
泻邪褔械褋褌胁芯	0.000271	0.116534	0.000032
泻邪褕邪	0.000271	0.040822	0.000011
泻邪褕懈	0.001356	0.105361	0.000143
泻邪褕褍	0.000271	0.094311	0.000026
泻胁邪褋	0.000814	0.040822	0.000033
泻胁邪褋薪芯械	0.000814	0.116534	0.000095
泻胁邪褋芯屑	0.000271	0.127833	0.000035
泻谐	0.000271	3.912023	0.001061
泻械泻褋	0.000271	0.040822	0.000011
泻械泻褋褘	0.000542	0.116534	0.000063
泻械褎懈褉	0.000271	0.040822	0.000011
泻懈屑褔懈	0.000271	0.040822	0.000011
泻懈薪蟹邪	0.000542	2.407946	0.001306
泻懈薪芯邪	0.000542	0.127833	0.000069
泻懈薪芯谢械薪褌邪	0.000271	0.116534	0.000032
泻懈褋械谢褜	0.000542	0.040822	0.000022
泻懈褌邪泄褋泻邪褟	0.000271	0.116534	0.000032
泻谢邪褋褋	0.002441	0.116534	0.000284
泻谢邪褋褋懈褔械褋泻懈泄	0.000271	1.897120	0.000515
泻谢邪褋褋褘	0.000271	0.116534	0.000032
泻薪懈谐褍	0.000542	0.040822	0.000022
泻芯泻褌械泄谢懈	0.000271	0.127833	0.000035
泻芯泻褌械泄谢褜	0.001356	0.040822	0.000055
泻芯谢斜邪褋邪	0.000271	0.040822	0.000011
泻芯谢斜邪褋薪褘屑懈	0.000814	0.116534	0.000095
泻芯屑邪薪写邪	0.000542	0.127833	0.000069
泻芯屑懈	0.000271	0.116534	0.000032
泻芯屑屑械薪褌邪褉懈械胁	0.000271	0.223144	0.000061
泻芯屑屑械薪褌邪褉懈懈	0.000271	1.966113	0.000533
泻芯屑锌邪薪懈泄	0.000271	0.105361	0.000029
泻芯屑锌芯褌	0.000814	0.040822	0.000033
泻芯屑褍	0.000271	1.347074	0.000365
泻芯薪械褔薪芯	0.000814	0.527633	0.000429
泻芯薪懈薪褘	0.000271	0.116534	0.000032
泻芯薪泻褍褉褋	0.058042	0.105361	0.006115
泻芯薪泻褍褉褋邪	0.000271	0.116534	0.000032
泻芯薪泻褍褉褋邪褏	0.000271	0.040822	0.000011
泻芯薪泻褍褉褋薪褘械	0.000271	0.127833	0.000035
泻芯薪褋械褉胁懈褉芯胁邪薪懈械	0.000271	0.040822	0.000011
泻芯薪褋械褉胁懈褉芯胁邪薪薪邪褟	0.000271	0.116534	0.000032
泻芯薪褋械褉胁懈褉芯胁邪薪薪芯械	0.000271	0.116534	0.000032
泻芯薪褋械褉胁懈褉芯胁邪薪薪褘械	0.000542	0.116534	0.000063
泻芯薪褋械褉胁懈褉芯胁邪薪薪褘泄	0.000271	0.116534	0.000032
泻芯薪褋懈褋褌械薪褑懈褟	0.000271	3.506558	0.000951
泻芯薪褎械褌褌懈	0.000271	0.116534	0.000032
泻芯薪褎械褌褘	0.000814	0.040822	0.000033
泻芯薪褎懈写械薪褑懈邪谢褜薪芯褋褌懈	0.000271	0.040822	0.000011
泻芯薪褎懈褌褞褉	0.000271	0.040822	0.000011
泻芯锌褔械薪芯褋褌褟屑懈	0.000271	0.116534	0.000032
泻芯褉械泄褋泻邪褟	0.000271	0.116534	0.000032
泻芯褉械泄褋泻懈	0.000271	0.040822	0.000011
泻芯褉卸懈泻懈	0.000271	0.040822	0.000011
泻芯褉屑褟褖懈褏	0.000271	0.116534	0.000032
泻芯褉薪械胁芯泄	0.001085	2.995732	0.003250
泻芯褉褉械泻褌懈胁褘	0.000271	3.218876	0.000873
泻芯褋褌懈	0.000542	3.218876	0.001746
泻芯褌谢械褌褘	0.000271	0.040822	0.000011
泻芯褌芯褉芯屑褍	0.000271	0.116534	0.000032
泻芯褎械	0.000542	0.040822	0.000022
泻褉邪褋懈胁芯	0.000271	1.832581	0.000497
泻褉邪褋泻懈	0.000271	0.116534	0.000032
泻褉邪褋薪褘泄	0.000271	1.171183	0.000318
泻褉械邪褌懈胁	0.000271	0.127833	0.000035
泻褉械屑	0.000271	0.040822	0.000011
泻褉械屑邪	0.000542	0.116534	0.000063
泻褉械锌泻懈泄	0.000271	0.116534	0.000032
泻褉械褋褌褜褟薪褋泻懈泄	0.000814	4.605170	0.003747
泻褉懈褌懈泻	0.000271	3.218876	0.000873
泻褉芯谢懈泻邪	0.000542	0.116534	0.000063
泻褉芯屑械	0.000271	0.061875	0.000017
泻褉芯褏懈	0.000271	0.116534	0.000032
泻褉褍谐褍	0.000542	0.116534	0.000063
泻褉褍锌	0.001627	0.116534	0.000190
泻褉褍锌邪	0.000271	0.127833	0.000035
泻褉褍锌褘	0.000542	0.127833	0.000069
泻褉褍锌褟薪褘械	0.000271	0.116534	0.000032
泻褍斜懈薪褋泻邪褟	0.000271	0.116534	0.000032
泻褍谢械褕	0.000271	0.040822	0.000011
泻褍谢懈薪邪褉懈懈	0.000814	0.094311	0.000077
泻褍谢懈薪邪褉薪邪褟	0.000271	0.116534	0.000032
泻褍谢懈薪邪褉薪芯械	0.000271	0.116534	0.000032
泻褍谢懈薪邪褉薪褍褞	0.000542	0.040822	0.000022
泻褍谢懈薪邪褉薪褘泄	0.000271	0.072571	0.000020
泻褍谢懈薪邪褉薪褘褏	0.000271	0.116534	0.000032
泻褍谢懈褔	0.000271	0.040822	0.000011
泻褍谢懈褔懈	0.000271	0.116534	0.000032
泻褍褉写褋泻邪褟	0.000271	0.116534	0.000032
泻褍褉懈薪芯谐芯	0.000271	0.116534	0.000032
泻褍褉懈薪芯械	0.002983	0.127833	0.000381
泻褍褉懈薪芯屑	0.000271	4.605170	0.001249
泻褍褉懈薪褘泄	0.001356	0.105361	0.000143
泻褍褉懈褑邪	0.001356	0.040822	0.000055
泻褍褉懈褑褘	0.000814	0.116534	0.000095
泻褍褉芯褔泻芯泄	0.000271	0.116534	0.000032
泻褍褋泻褍褋	0.000271	0.040822	0.000011
泻褍褏薪械	0.000542	1.237874	0.000671
泻褍褏薪械泄	0.000271	0.040822	0.000011
泻褍褏薪懈	0.000814	0.040822	0.000033
泻褍褏薪褟	0.000814	0.116534	0.000095
谢邪胁邪褕	0.000542	0.040822	0.000022
谢邪胁邪褕邪	0.001085	0.116534	0.000126
谢邪胁褉芯胁褘泄	0.002170	1.139434	0.002472
谢邪谐屑邪薪	0.000542	0.040822	0.000022
谢邪泻芯屑褋褌胁芯	0.000271	0.116534	0.000032
谢邪锌褕邪	0.000814	0.040822	0.000033
谢邪褌褘褕褋泻邪褟	0.000271	0.116534	0.000032
谢械谐泻邪褟	0.000271	0.116534	0.000032
谢械谐泻懈泄	0.001085	0.116534	0.000126
谢械谐泻芯	0.001627	0.116534	0.000190
谢械锌械褕泻懈	0.000542	0.040822	0.000022
谢械褌邪	0.000271	0.116534	0.000032
谢械褌薪懈械	0.000271	0.040822	0.000011
谢械褌薪褟褟	0.000271	0.116534	0.000032
谢械褌芯	0.001356	0.116534	0.000158
谢械褔芯	0.000271	0.040822	0.000011
谢懈谐邪	0.000814	0.116534	0.000095
谢懈泻械褉	0.000271	0.040822	0.000011
谢懈屑芯薪	0.000542	1.203973	0.000653
谢懈屑芯薪邪	0.000271	1.897120	0.000515
谢懈屑芯薪邪写	0.000542	0.040822	0.000022
谢懈屑芯薪薪褘泄	0.001085	0.798508	0.000866
谢懈屑芯薪芯屑	0.000271	3.506558	0.000951
谢懈褋褌	0.002170	1.139434	0.002472
谢懈褌芯胁褋泻	0.000271	0.127833	0.000035
谢懈褌芯胁褋泻邪褟	0.000271	0.116534	0.000032
谢芯卸械褔泻褍	0.000271	3.506558	0.000951
谢芯卸泻懈	0.000271	2.995732	0.000813
谢褍泻	0.007594	0.301105	0.002287
谢褍泻芯胁褘泄	0.000542	2.659260	0.001443
谢褍泻芯胁褘屑	0.000271	3.912023	0.001061
谢褍褔褕懈械	0.000271	0.116534	0.000032
谢褍褔褕懈泄	0.000542	0.040822	0.000022
谢褍褔褕懈褏	0.000271	0.116534	0.000032
谢褞斜胁懈	0.000271	0.105361	0.000029
谢褞斜懈屑芯谐芯	0.000271	0.127833	0.000035
谢褞斜懈屑芯屑褍	0.000271	0.116534	0.000032
谢褞斜懈屑褍褞	0.000271	3.506558	0.000951
谢褞斜懈屑褘褏	0.001627	0.116534	0.000190
谢褞斜芯胁褜	0.000271	0.116534	0.000032
谢褞斜芯泄	0.000271	0.116534	0.000032
谢褞写屑懈谢邪	0.000542	1.771957	0.000961
谢褢写	0.000271	0.127833	0.000035
屑邪谐褉懈斜邪	0.000271	0.116534	0.000032
屑邪泄	0.000271	0.116534	0.000032
屑邪泄芯薪械蟹	0.000271	0.116534	0.000032
屑邪泻邪褉芯薪薪褘械	0.000271	0.116534	0.000032
屑邪泻邪褉芯薪褘	0.000271	0.040822	0.000011
屑邪谢邪蟹懈泄褋泻邪褟	0.000271	0.116534	0.000032
屑邪谢芯	0.000271	1.609438	0.000437
屑邪屑邪	0.000271	1.771957	0.000481
屑邪薪薪懈泻	0.000271	0.040822	0.000011
屑邪薪褌褘	0.000271	0.116534	0.000032
屑邪薪褢胁褉褘	0.000271	0.116534	0.000032
屑邪褉邪褎芯薪	0.000814	0.116534	0.000095
屑邪褉懈薪邪写	0.002441	0.040822	0.000100
屑邪褉懈薪邪写褘	0.000814	0.116534	0.000095
屑邪褉懈薪芯胁邪薪薪褘械	0.000271	0.116534	0.000032
屑邪褉懈薪芯褔泻械	0.000271	4.605170	0.001249
屑邪褉屑械谢邪写	0.000271	0.040822	0.000011
屑邪褉芯泻泻邪薪褋泻邪褟	0.000271	0.116534	0.000032
屑邪褉褌邪	0.001627	0.105361	0.000171
屑邪褋泻邪褉锌芯薪械	0.000271	0.040822	0.000011
屑邪褋谢械薪懈褑邪	0.000814	0.040822	0.000033
屑邪褋谢械薪懈褔薪芯械	0.000271	0.116534	0.000032
屑邪褋谢懈薪褘	0.000542	1.966113	0.001067
屑邪褋谢芯	0.006781	0.116534	0.000790
屑邪褋谢芯屑	0.000271	0.116534	0.000032
屑邪褋褌械褉	0.002712	0.116534	0.000316
屑邪褋褌懈泻邪	0.000271	0.040822	0.000011
屑邪褋褌懈泻懈	0.000271	0.116534	0.000032
屑邪褎褎懈薪褘	0.000271	0.116534	0.000032
屑邪褏械械胁褗	0.001085	0.116534	0.000126
屑邪褟	0.000542	0.634878	0.000344
屑械写懈邪褎芯褉褌	0.000814	0.000000	0.000000
屑械写芯胁褘泄	0.000271	0.116534	0.000032
屑械泻褋懈泻邪薪褋泻邪褟	0.000271	0.116534	0.000032
屑械薪褞	0.000542	0.116534	0.000063
屑械薪褟	0.001085	0.083382	0.000090
屑械薪褟械褌褋褟	0.000271	0.116534	0.000032
屑械褋褟褑械胁	0.000271	2.207275	0.000599
屑械褔褌邪	0.000271	0.116534	0.000032
屑械褔褌褘	0.000542	0.040822	0.000022
屑懈写懈懈	0.000271	0.040822	0.000011
屑懈泻褉芯胁芯谢薪芯胁泻械	0.000271	0.116534	0.000032
屑懈谢褜械	0.000271	0.116534	0.000032
屑懈薪褍褌	0.000271	0.755023	0.000205
屑懈芯	0.000271	0.116534	0.000032
屑懈褉	0.000271	0.116534	0.000032
屑懈褉邪	0.000271	0.116534	0.000032
屑懈褉芯胁邪褟	0.000271	0.116534	0.000032
屑懈褋芯	0.000271	0.040822	0.000011
屑懈褋褌械褉懈褟	0.000271	0.116534	0.000032
屑懈褋褌褉邪谢褜	0.001899	0.116534	0.000221
屑薪芯谐芯	0.000271	0.776529	0.000211
屑薪芯卸械褋褌胁芯屑	0.000271	0.040822	0.000011
屑芯谐	0.000271	2.659260	0.000721
屑芯谐褍	0.000271	0.798508	0.000217
屑芯械	0.000271	0.116534	0.000032
屑芯械谐芯	0.000271	1.771957	0.000481
屑芯卸械褌械	0.000271	0.000000	0.000000
屑芯懈屑	0.000271	2.302585	0.000625
屑芯泄	0.001356	0.105361	0.000143
屑芯谢写邪胁褋泻邪褟	0.000271	0.116534	0.000032
屑芯谢芯泻械	0.000271	0.105361	0.000029
屑芯谢芯泻芯	0.001356	0.116534	0.000158
屑芯谢芯褔薪褘泄	0.000814	0.040822	0.000033
屑芯谢芯褔薪褘褏	0.000271	0.116534	0.000032
屑芯屑械薪褌	0.000814	0.116534	0.000095
屑芯薪谐芯谢褜褋泻邪褟	0.000271	0.116534	0.000032
屑芯薪泻褌芯薪	0.000271	4.605170	0.001249
屑芯褉械	0.000542	0.116534	0.000063
屑芯褉械锌褉芯写褍泻褌芯胁	0.002983	0.040822	0.000122
屑芯褉械锌褉芯写褍泻褌褘	0.000542	0.116534	0.000063
屑芯褉泻芯胁褜	0.006238	0.040822	0.000255
屑芯褉芯卸械薪芯械	0.000814	0.040822	0.000033
屑芯褉褋	0.000271	0.040822	0.000011
屑芯褉褋褘	0.000271	0.116534	0.000032
屑芯褌芯褉	0.000271	0.116534	0.000032
屑芯褏懈褌芯	0.000271	0.040822	0.000011
屑褍卸	0.000271	1.171183	0.000318
屑褍卸邪	0.000271	1.771957	0.000481
屑褍卸褋泻邪褟	0.000271	0.127833	0.000035
屑褍卸褋泻芯泄	0.000271	2.813411	0.000763
屑褍卸褍	0.000271	2.302585	0.000625
屑褍卸褔懈薪褘	0.000542	0.116534	0.000063
屑褍泻邪	0.002712	0.274437	0.000744
屑褍谢褜褌懈胁邪褉泻械	0.010306	0.116534	0.001201
屑褍谢褜褌懈锌械泻邪褉械泄	0.000814	0.116534	0.000095
屑褍褋褋	0.000271	0.040822	0.000011
屑褍褋褋褘	0.000542	0.116534	0.000063
屑褍褔薪褘械	0.000271	0.116534	0.000032
屑褞褋谢懈	0.000542	0.116534	0.000063
屑褟褋邪	0.002712	0.116534	0.000316
屑褟褋薪芯谐芯	0.000542	0.116534	0.000063
屑褟褋薪芯泄	0.001627	0.116534	0.000190
屑褟褋薪褘械	0.001356	0.040822	0.000055
屑褟褋薪褘褏	0.000814	0.116534	0.000095
屑褟褋芯	0.003255	0.040822	0.000133
屑褟褋芯屑	0.001356	0.040822	0.000055
屑褟褋褍	0.000542	0.116534	0.000063
薪邪写械褞褋褜	0.000542	1.609438	0.000873
薪邪蟹邪写	0.000271	0.967584	0.000262
薪邪蟹胁邪薪懈械	0.000271	0.941609	0.000255
薪邪蟹胁邪薪懈械屑	0.000542	1.203973	0.000653
薪邪蟹胁邪薪懈懈	0.000271	2.813411	0.000763
薪邪蟹薪邪褔械薪懈褟	0.000271	0.116534	0.000032
薪邪蟹褘胁邪械屑褘褏	0.000271	4.605170	0.001249
薪邪泻芯薪械褑	0.000271	1.609438	0.000437
薪邪谢懈胁泻邪	0.000271	0.040822	0.000011
薪邪谢懈谢邪	0.000271	3.506558	0.000951
薪邪锌邪谢邪	0.000271	4.605170	0.001249
薪邪锌懈褌泻懈	0.001627	0.040822	0.000066
薪邪锌懈褌芯泻	0.000271	0.040822	0.000011
薪邪锌褉邪褕懈胁邪械褌褋褟	0.000271	3.218876	0.000873
薪邪褋褌芯泄泻邪	0.000271	0.040822	0.000011
薪邪褋褌芯褟褌褜褋褟	0.000271	3.912023	0.001061
薪邪褋褌芯褟褖邪褟	0.000271	2.207275	0.000599
薪邪褋褌褉芯械薪懈械	0.000271	0.116534	0.000032
薪邪褋褘褖械薪薪褘泄	0.000271	1.897120	0.000515
薪邪褌懈褉邪谢邪	0.000271	4.605170	0.001249
薪邪褌泻薪褍谢邪褋褜	0.000271	1.966113	0.000533
薪邪褑懈芯薪邪谢褜薪褘械	0.000271	0.116534	0.000032
薪邪褔懈薪泻邪	0.000542	0.040822	0.000022
薪邪褔懈薪泻芯泄	0.000271	0.116534	0.000032
薪邪褕械屑	0.000271	0.040822	0.000011
薪邪褕械屑褍	0.000271	4.605170	0.001249
薪邪褕懈	0.000271	0.061875	0.000017
薪邪褕谢邪	0.000271	0.579818	0.000157
薪械胁芯蟹屑芯卸薪芯	0.000271	1.347074	0.000365
薪械谐芯	0.000542	0.941609	0.000511
薪械写械谢懈	0.000271	2.120264	0.000575
薪械写械谢褟	0.002712	0.061875	0.000168
薪械卸薪邪褟	0.000271	1.966113	0.000533
薪械卸薪芯泄	0.000271	0.116534	0.000032
薪械卸薪褘屑懈	0.000271	2.207275	0.000599
薪械泻芯褌芯褉褘械	0.000271	2.813411	0.000763
薪械屑	0.000271	1.203973	0.000327
薪械屑械褑泻邪褟	0.000271	0.116534	0.000032
薪械芯斜褘褔薪芯械	0.000271	2.813411	0.000763
薪械芯卸懈写邪薪薪褘械	0.000271	0.116534	0.000032
薪械褉芯胁薪芯	0.000271	3.506558	0.000951
薪械褋泻芯谢褜泻懈屑懈	0.000271	2.525729	0.000685
薪械褋泻芯谢褜泻芯	0.000271	0.916291	0.000249
薪械褋谢邪写泻芯械	0.000271	0.116534	0.000032
薪械褔褌芯	0.000271	3.218876	0.000873
薪懈泻芯谐写邪	0.000271	1.771957	0.000481
薪懈泻褌芯	0.000542	1.897120	0.001029
薪懈薪邪	0.000542	1.203973	0.000653
薪懈褏	0.000271	1.660731	0.000450
薪懈褔械谐芯	0.000542	0.941609	0.000511
薪泻	0.000542	1.771957	0.000961
薪芯胁邪褟	0.000271	0.116534	0.000032
薪芯胁懈薪泻芯泄	0.000271	4.605170	0.001249
薪芯胁芯谐芯写薪械谐芯	0.001356	0.116534	0.000158
薪芯胁芯谐芯写薪械械	0.000814	0.116534	0.000095
薪芯胁芯谐芯写薪懈械	0.001627	0.040822	0.000066
薪芯胁芯谐芯写薪懈泄	0.001899	0.116534	0.000221
薪芯胁芯谐芯写薪褟褟	0.000271	0.105361	0.000029
薪芯胁芯褋褌褟褏	0.000271	0.061875	0.000017
薪芯胁褘械	0.000542	0.051293	0.000028
薪芯胁褘泄	0.002441	0.094311	0.000230
薪芯褉胁械卸褋泻邪褟	0.000271	0.116534	0.000032
薪芯褋褌邪谢褜谐懈褟	0.000271	3.912023	0.001061
薪芯褟斜褉褟	0.000814	0.527633	0.000429
薪褍谢褟	0.000271	4.605170	0.001249
芯斜械写	0.000814	0.105361	0.000086
芯斜械写邪	0.000271	2.813411	0.000763
芯斜械写械薪薪芯谐芯	0.000271	3.912023	0.001061
芯斜械蟹褜褟薪褘	0.000271	0.116534	0.000032
芯斜械褖邪薪薪邪褟	0.000271	3.506558	0.000951
芯斜卸邪褉械薪褘褏	0.000271	2.995732	0.000813
芯斜褉邪写芯胁邪谢邪褋褜	0.000271	4.605170	0.001249
芯斜褖邪褌褜褋褟	0.000271	0.040822	0.000011
芯斜褗械写械薪懈械	0.000542	2.407946	0.001306
芯胁芯褖邪屑懈	0.000271	0.116534	0.000032
芯胁芯褖械泄	0.004068	0.105361	0.000429
芯胁芯褖懈	0.001627	0.094311	0.000153
芯胁芯褖薪邪褟	0.000271	0.040822	0.000011
芯胁芯褖薪芯械	0.000271	0.116534	0.000032
芯胁芯褖薪芯泄	0.001085	0.105361	0.000114
芯胁芯褖薪褘械	0.001356	0.040822	0.000055
芯胁褋褟薪芯械	0.000271	0.116534	0.000032
芯谐薪械薪薪芯泄	0.000271	0.116534	0.000032
芯谐薪褟	0.000271	0.116534	0.000032
芯谐褉芯屑薪芯械	0.000271	1.237874	0.000336
芯谐褍褉械褑	0.000542	1.237874	0.000671
芯谐褍褉褑褘	0.000542	0.116534	0.000063
芯写薪懈屑	0.000542	1.309333	0.000710
芯写薪芯谐芯	0.000271	1.660731	0.000450
芯卸懈写邪薪懈褟	0.000271	2.120264	0.000575
芯泻芯褉芯褔芯泻	0.000542	2.407946	0.001306
芯泻褉芯褕泻邪	0.001356	0.040822	0.000055
芯泻褉褍卸械薪懈械	0.000271	3.218876	0.000873
芯泻褌褟斜褉褟	0.000271	0.562119	0.000152
芯谢邪写褜懈	0.000814	0.040822	0.000033
芯谢械泄薪邪	0.000814	0.116534	0.000095
芯谢械泄薪芯泄	0.001085	0.116534	0.000126
芯谢械泄薪褘	0.000271	0.127833	0.000035
芯谢懈胁泻芯胁芯械	0.001085	0.544727	0.000591
芯屑谢械褌	0.000271	0.040822	0.000011
芯锌邪褉邪	0.000271	0.040822	0.000011
芯锌褉芯褋	0.000271	0.061875	0.000017
芯褉懈谐懈薪邪谢褜薪褘屑	0.000271	3.912023	0.001061
芯褋械薪薪械械	0.000271	0.116534	0.000032
芯褋械薪薪懈械	0.000271	0.051293	0.000014
芯褋械薪薪懈泄	0.000542	0.116534	0.000063
芯褋械薪褜	0.002712	0.105361	0.000286
芯褋薪芯胁薪芯械	0.000271	0.040822	0.000011
芯褋芯斜械薪薪褘屑	0.000271	3.912023	0.001061
芯褋褌邪械褌褋褟	0.000271	0.116534	0.000032
芯褋褌邪谢邪褋褜	0.000271	2.407946	0.000653
芯褋褌邪薪芯胁懈褌褜褋褟	0.000271	1.714798	0.000465
芯褌胁械褌懈褌褜	0.000542	0.051293	0.000028
芯褌胁械褌芯胁	0.000271	0.051293	0.000014
芯褌胁械褌褘	0.000271	0.000000	0.000000
芯褌泻谢邪写褘胁邪械褌褋褟	0.000271	3.506558	0.000951
芯褌泻褉褘褌褘泄	0.000542	0.116534	0.000063
芯褌屑械薪懈褌褜	0.000271	0.040822	0.000011
芯褌屑械薪褟谢	0.000271	3.506558	0.000951
芯褌薪芯褋懈褌褋褟	0.000271	2.120264	0.000575
芯褎懈谐懈褌械谢褜薪褘泄	0.000271	3.506558	0.000951
芯褏谢邪写懈褌褜	0.000271	0.116534	0.000032
芯褔械褉械写褜	0.000271	1.966113	0.000533
芯褕懈斜泻懈	0.000271	3.218876	0.000873
锌邪泻械褌懈泻邪褏	0.000271	0.105361	0.000029
锌邪谢芯褔泻懈	0.000271	0.040822	0.000011
锌邪薪懈	0.000271	2.995732	0.000813
锌邪薪懈褉芯胁泻邪	0.002170	0.116534	0.000253
锌邪薪褌械褉褉褉芯褔泻邪	0.000271	2.813411	0.000763
锌邪锌褉懈泻邪	0.000542	1.203973	0.000653
锌邪褉邪	0.000271	0.116534	0.000032
锌邪褉邪写	0.001899	0.116534	0.000221
锌邪褉芯胁邪褉泻械	0.002441	0.116534	0.000284
锌邪褉芯谢褜	0.000271	0.020203	0.000005
锌邪褋褌邪	0.001356	0.040822	0.000055
锌邪褋褌褉芯屑邪	0.000271	0.040822	0.000011
锌邪褋褏邪	0.000542	0.040822	0.000022
锌邪褋褏邪谢褜薪邪褟	0.000542	0.116534	0.000063
锌邪褋褏邪谢褜薪褘泄	0.000271	0.127833	0.000035
锌邪褕褌械褌	0.000271	0.040822	0.000011
锌邪褕褌械褌褘	0.000542	0.116534	0.000063
锌械泻邪褉褟	0.000271	0.127833	0.000035
锌械谢褜屑械薪懈	0.000271	0.116534	0.000032
锌械褉胁芯械	0.000542	0.040822	0.000022
锌械褉胁芯泄	0.000271	3.218876	0.000873
锌械褉胁褘械	0.000271	0.127833	0.000035
锌械褉胁褘泄	0.000271	1.309333	0.000355
锌械褉胁褘屑	0.000271	0.116534	0.000032
锌械褉械斜芯褉褔懈胁褘泄	0.000271	4.605170	0.001249
锌械褉械泄褌懈	0.000271	0.040822	0.000011
锌械褉械泻褍褋	0.000542	0.116534	0.000063
锌械褉械褑	0.006238	0.040822	0.000255
锌械褉褋芯薪褘	0.000271	0.116534	0.000032
锌械褉褍邪薪褋泻邪褟	0.000271	0.116534	0.000032
锌械褋芯褔薪芯械	0.000542	0.105361	0.000057
锌械褋芯褔薪褘泄	0.000271	0.116534	0.000032
锌械褌械谢懈薪泻懈	0.000271	0.127833	0.000035
锌械褌褉褍褕泻邪	0.001085	0.693147	0.000752
锌械褔械薪芯褔薪褘泄	0.000271	0.040822	0.000011
锌械褔械薪褜械	0.002441	0.040822	0.000100
锌械褔懈	0.000271	0.127833	0.000035
锌懈胁芯	0.000271	0.116534	0.000032
锌懈泻邪薪褌薪褘屑	0.000271	3.912023	0.001061
锌懈泻邪薪褌褘	0.000271	0.127833	0.000035
锌懈泻薪懈泻	0.000542	0.116534	0.000063
锌懈泻薪懈泻邪	0.000271	0.116534	0.000032
锌懈泻薪懈泻褍	0.000271	0.105361	0.000029
锌懈褉	0.000271	0.116534	0.000032
锌懈褉芯谐	0.000814	0.040822	0.000033
锌懈褉芯谐懈	0.000271	0.105361	0.000029
锌懈褉芯卸泻懈	0.000271	0.040822	0.000011
锌懈褉芯卸薪芯械	0.000271	0.040822	0.000011
锌懈褉芯卸薪褘械	0.000271	0.116534	0.000032
锌懈褌邪薪懈械	0.001356	0.105361	0.000143
锌懈褌邪褌械谢褜薪褘泄	0.000271	3.912023	0.001061
锌懈褑褑邪	0.000542	0.040822	0.000022
锌谢邪胁谢械薪褘泄	0.001085	1.237874	0.001343
锌谢邪屑褟	0.000271	0.116534	0.000032
锌谢械械褉芯屑	0.000271	2.813411	0.000763
锌谢懈褌邪	0.001085	0.127833	0.000139
锌谢芯胁	0.000271	0.116534	0.000032
锌谢芯写褘	0.000271	0.116534	0.000032
锌芯胁邪褉	0.000271	2.407946	0.000653
锌芯胁邪褉械薪泻械	0.000271	0.040822	0.000011
锌芯胁邪褉械薪芯泻	0.000271	0.061875	0.000017
锌芯胁邪褉褟褌	0.000271	0.116534	0.000032
锌芯胁邪褉褟褌邪	0.000271	1.897120	0.000515
锌芯胁邪褉褟褌邪屑懈	0.000271	0.040822	0.000011
锌芯胁邪褉褢薪泻邪	0.000271	0.116534	0.000032
锌芯胁懈写谢芯	0.000271	0.040822	0.000011
锌芯写邪褉泻芯胁	0.000271	0.116534	0.000032
锌芯写斜芯褉	0.000271	1.514128	0.000411
锌芯写械谢懈谢褋褟	0.000271	2.813411	0.000763
锌芯写械谢懈褌褜褋褟	0.000542	0.478036	0.000259
锌芯写谢懈胁邪	0.000271	0.116534	0.000032
锌芯写谢懈胁泻邪	0.000271	0.040822	0.000011
锌芯写锌懈褋邪褌褜褋褟	0.000271	0.040822	0.000011
锌芯写锌懈褕懈褌械褋褜	0.000542	0.040822	0.000022
锌芯械写懈薪泻懈	0.003797	0.116534	0.000442
锌芯械蟹写泻邪	0.000271	3.218876	0.000873
锌芯蟹胁芯薪懈谢	0.000271	2.995732	0.000813
锌芯蟹写薪芯	0.000271	3.506558	0.000951
锌芯蟹写褉邪胁褜	0.000271	0.116534	0.000032
锌芯懈褋泻	0.000271	0.051293	0.000014
锌芯泻邪蟹邪褌褜	0.000271	1.714798	0.000465
锌芯谢写薪懈泻	0.000542	0.116534	0.000063
锌芯谢械蟹薪芯	0.000271	0.116534	0.000032
锌芯谢懈褌懈泻芯泄	0.000271	0.040822	0.000011
锌芯谢芯胁懈薪邪	0.002170	0.116534	0.000253
锌芯谢褌芯褉褘	0.000271	3.218876	0.000873
锌芯谢褍褔邪泄褌械	0.000271	0.040822	0.000011
锌芯谢褍褔邪褌褜	0.000271	0.040822	0.000011
锌芯谢褍褔邪褞褌褋褟	0.000271	1.427116	0.000387
锌芯谢褜蟹邪	0.000271	0.127833	0.000035
锌芯谢褜蟹芯胁邪褌械谢械屑	0.000271	2.040221	0.000553
锌芯谢褜蟹芯泄	0.001085	0.116534	0.000126
锌芯谢褜褋泻邪褟	0.000271	0.116534	0.000032
锌芯屑邪写泻邪	0.000542	0.040822	0.000022
锌芯屑邪写泻懈	0.000271	0.116534	0.000032
锌芯屑懈写芯褉	0.002170	0.713350	0.001548
锌芯屑懈写芯褉泻懈	0.000271	0.127833	0.000035
锌芯屑懈写芯褉褘	0.000542	0.116534	0.000063
锌芯薪懈屑邪褞	0.000271	2.995732	0.000813
锌芯薪褉邪胁懈胁褕懈械褋褟	0.000271	0.040822	0.000011
锌芯薪褉邪胁懈褌褋褟	0.000542	1.427116	0.000774
锌芯薪褔懈泻懈	0.000542	0.040822	0.000022
锌芯锌邪谢褋褟	0.000271	3.218876	0.000873
锌芯锌褉芯斜芯胁邪胁	0.000271	1.832581	0.000497
锌芯锌褉芯斜芯胁邪谢	0.000271	2.407946	0.000653
锌芯锌褉芯斜芯胁邪谢邪	0.000271	1.469676	0.000399
锌芯锌褉芯斜芯胁邪褌褜	0.000271	0.798508	0.000217
锌芯褉	0.000271	1.469676	0.000399
锌芯褉邪	0.000271	0.116534	0.000032
锌芯褉褌褍谐邪谢褜褋泻邪褟	0.000271	0.116534	0.000032
锌芯褋械褖邪械褌械	0.000271	0.061875	0.000017
锌芯褋褌	0.001627	0.105361	0.000171
锌芯褋褌薪芯械	0.000271	0.116534	0.000032
锌芯褋褌薪芯屑	0.000271	4.605170	0.001249
锌芯褋褌薪褘械	0.000271	0.040822	0.000011
锌芯褋褌薪褘泄	0.000542	0.116534	0.000063
锌芯褋褌薪褘屑懈	0.000271	3.912023	0.001061
锌芯褋褌芯褟薪薪芯	0.000271	0.040822	0.000011
锌芯褋褌褉芯懈屑	0.000271	0.116534	0.000032
锌芯褋褍写邪	0.000542	0.094311	0.000051
锌芯褔褌懈	0.000542	1.021651	0.000554
锌芯褔褌褍	0.000271	0.040822	0.000011
锌芯褕邪谐芯胁褘械	0.000271	0.301105	0.000082
锌芯褕邪谐芯胁褘屑懈	0.000271	0.040822	0.000011
锌褉邪胁懈谢	0.000271	3.506558	0.000951
锌褉邪胁懈谢褜薪芯	0.000271	2.040221	0.000553
锌褉邪蟹写薪懈泻邪	0.000271	0.116534	0.000032
锌褉邪蟹写薪懈褔薪芯	0.000271	0.116534	0.000032
锌褉邪蟹写薪懈褔薪芯谐芯	0.000271	0.116534	0.000032
锌褉邪蟹写薪懈褔薪褘泄	0.000542	0.116534	0.000063
锌褉邪泻褌懈泻褍屑	0.000271	0.116534	0.000032
锌褉邪泻褌懈褔械褋泻懈	0.000271	1.386294	0.000376
锌褉械胁蟹芯褕械谢	0.000271	2.207275	0.000599
锌褉械胁芯褋褏芯写薪褘械	0.000271	0.116534	0.000032
锌褉械胁褉邪褖械薪懈褟	0.000271	0.116534	0.000032
锌褉械写谢芯卸懈褌褜	0.000271	1.237874	0.000336
锌褉械写锌芯谢芯卸械薪懈褟	0.000271	3.218876	0.000873
锌褉械写褋褌邪胁懈褌褜	0.000271	1.660731	0.000450
锌褉械卸写械	0.000271	3.218876	0.000873
锌褉械泻褉邪褋薪芯	0.000271	1.714798	0.000465
锌褉械褋薪芯械	0.000271	0.116534	0.000032
锌褉懈谐芯褌芯胁懈屑	0.000271	0.116534	0.000032
锌褉懈谐芯褌芯胁懈褌褜	0.000271	0.342490	0.000093
锌褉懈谐芯褌芯胁谢械薪	0.000271	2.302585	0.000625
锌褉懈谐芯褌芯胁谢械薪懈械	0.000271	0.105361	0.000029
锌褉懈谐芯褌芯胁谢械薪懈懈	0.000271	0.798508	0.000217
锌褉懈谐芯褌芯胁谢械薪懈褞	0.000271	0.040822	0.000011
锌褉懈谐芯褌芯胁谢械薪懈褟	0.000271	0.371064	0.000101
锌褉懈谐芯褌芯胁谢械薪薪褍褞	0.000271	2.813411	0.000763
锌褉懈写褟	0.000271	3.218876	0.000873
锌褉懈卸懈胁械褌褋褟	0.000271	2.813411	0.000763
锌褉懈蟹薪邪薪懈械	0.000271	0.116534	0.000032
锌褉懈蟹芯胁	0.000271	0.040822	0.000011
锌褉懈锌褉邪胁邪	0.000271	0.040822	0.000011
锌褉懈褉芯写褍	0.000271	0.116534	0.000032
锌褉懈褉芯写褘	0.000271	0.116534	0.000032
锌褉懈褋褌褍锌懈褌褜	0.000271	0.040822	0.000011
锌褉懈褏芯写懈谢芯褋褜	0.000271	2.659260	0.000721
锌褉芯斜褍械屑	0.000271	3.218876	0.000873
锌褉芯胁械写懈	0.001085	0.116534	0.000126
锌褉芯胁械褉械薪芯	0.001627	0.116534	0.000190
锌褉芯胁械褋褌懈	0.000271	2.995732	0.000813
锌褉芯胁芯写懈屑褘褏	0.000271	0.040822	0.000011
锌褉芯胁芯卸邪械屑	0.000271	0.116534	0.000032
锌褉芯写褍泻褌芯胁	0.000271	0.094311	0.000026
锌褉芯械泻褌芯胁	0.000271	0.116534	0.000032
锌褉芯械泻褌褘	0.000271	0.061875	0.000017
锌褉芯褋屑芯褌褉邪屑	0.000271	0.274437	0.000074
锌褉芯褋褌芯	0.001627	0.083382	0.000136
锌褉芯褋褌芯谐芯	0.000271	2.040221	0.000553
锌褉芯褋褌芯泄	0.000271	0.755023	0.000205
锌褉芯褋褌芯泻胁邪褕邪	0.000271	0.040822	0.000011
锌褉芯褎懈谢褜	0.000271	0.040822	0.000011
锌褉芯褖械	0.000271	1.660731	0.000450
锌褉褟屑芯	0.000271	0.040822	0.000011
锌褉褟薪懈泻	0.000271	0.040822	0.000011
锌褉褟薪懈泻懈	0.000271	0.116534	0.000032
锌褉褟薪懈褔薪芯械	0.000271	0.116534	0.000032
锌褌懈褑邪	0.001356	0.116534	0.000158
锌褌懈褑械	0.000542	0.116534	0.000063
锌褌懈褑械泄	0.000271	0.127833	0.000035
锌褌懈褑褘	0.002983	0.116534	0.000348
锌褍写懈薪谐	0.000271	0.040822	0.000011
锌褍写懈薪谐懈	0.000542	0.116534	0.000063
锌褍薪褕	0.000271	0.040822	0.000011
锌褍褌械褕械褋褌胁懈械	0.000542	0.116534	0.000063
锌褍褌褜	0.000271	0.116534	0.000032
锌褕械薪懈褔薪邪褟	0.002712	0.287682	0.000780
锌褘褕泻懈	0.000271	0.040822	0.000011
锌褞褉械	0.002712	0.040822	0.000111
褉邪斜芯褌褍	0.000271	1.560648	0.000423
褉邪斜芯褌褘	0.000271	2.525729	0.000685
褉邪谐褍	0.000271	0.116534	0.000032
褉邪写芯褋褌懈	0.000271	4.605170	0.001249
褉邪蟹	0.000271	0.446287	0.000121
褉邪蟹胁械褉薪褍褌褜	0.000271	0.116534	0.000032
褉邪蟹写械谢褜薪芯械	0.000271	0.116534	0.000032
褉邪蟹谢褍泻邪	0.000271	3.506558	0.000951
褉邪蟹屑械褖械薪	0.000271	2.659260	0.000721
褉邪蟹薪芯芯斜褉邪蟹懈褟	0.000271	2.659260	0.000721
褉邪蟹薪褘械	0.000542	0.116534	0.000063
褉邪屑泻邪褏	0.000271	1.832581	0.000497
褉邪薪褜褕械	0.000271	1.560648	0.000423
褉邪褋泻褉邪褋泻懈	0.000271	2.120264	0.000575
褉邪褋褋芯谢褜薪懈泻	0.000814	0.040822	0.000033
褉邪褋褋芯谢褜薪懈泻邪	0.000271	0.116534	0.000032
褉邪褋褋褘谢泻懈	0.000271	0.061875	0.000017
褉邪褋褌械褉褟谢邪褋褜	0.000271	4.605170	0.001249
褉邪褋褌懈褌械谢褜薪芯械	0.003255	0.235722	0.000767
褉械谐懈褋褌褉邪褑懈懈	0.000542	0.010050	0.000005
褉械谐懈褋褌褉邪褑懈褟	0.000271	0.000000	0.000000
褉械写泻芯	0.000271	3.218876	0.000873
褉械蟹褍谢褜褌邪褌	0.000271	0.967584	0.000262
褉械蟹褍谢褜褌邪褌芯屑	0.000271	3.218876	0.000873
褉械泄褌懈薪谐褍	0.000271	0.248461	0.000067
褉械泻芯屑械薪写褍褞	0.000542	1.049822	0.000569
褉械锌褔邪褌褘泄	0.007594	0.430783	0.003271
褉械褋褌芯褉邪薪薪褘泄	0.000271	3.218876	0.000873
褉械褑械锌褌	0.004882	0.040822	0.000199
褉械褑械锌褌邪	0.000271	0.462035	0.000125
褉械褑械锌褌邪褏	0.000271	0.061875	0.000017
褉械褑械锌褌芯胁	0.002441	0.040822	0.000100
褉械褑械锌褌褘	0.019528	0.040822	0.000797
褉械褕懈谢	0.000271	2.995732	0.000813
褉懈褋	0.001627	0.040822	0.000066
褉懈褋邪	0.000271	0.116534	0.000032
褉懈褋泻薪褍	0.000271	3.912023	0.001061
褉懈褌屑械	0.000271	0.116534	0.000032
褉芯谐邪谢懈泻懈	0.000271	0.040822	0.000011
褉芯写薪芯械	0.000271	0.116534	0.000032
褉芯卸写械薪懈褟	0.000271	0.105361	0.000029
褉芯卸写械褋褌胁芯	0.000271	0.116534	0.000032
褉芯谢谢褌芯薪	0.000271	0.116534	0.000032
褉芯谢谢褘	0.000542	0.040822	0.000022
褉芯屑	0.000271	0.040822	0.000011
褉芯褌褌械褉写邪屑	0.000271	3.506558	0.000951
褉褍斜褉懈泻邪褌芯褉	0.000271	0.051293	0.000014
褉褍谢械褌	0.000271	0.040822	0.000011
褉褍谢械褌褘	0.002712	0.116534	0.000316
褉褍屑褘薪褋泻邪褟	0.000271	0.116534	0.000032
褉褍屑褟薪褘械	0.000271	0.116534	0.000032
褉褍薪械褌械	0.000271	0.020203	0.000005
褉褍褋褋泻邪褟	0.000271	0.116534	0.000032
褉褍褋褋泻懈屑懈	0.000271	3.506558	0.000951
褉褍褋褋泻芯谐芯	0.000271	3.506558	0.000951
褉褘斜邪	0.002712	0.040822	0.000111
褉褘斜械	0.000542	0.116534	0.000063
褉褘斜薪邪褟	0.000271	0.116534	0.000032
褉褘斜薪芯谐芯	0.000542	0.116534	0.000063
褉褘斜薪褘械	0.001085	0.116534	0.000126
褉褘斜薪褘泄	0.001085	0.116534	0.000126
褉褘斜薪褘褏	0.000271	0.116534	0.000032
褉褘斜芯泄	0.000542	0.116534	0.000063
褉褘斜褘	0.003255	0.116534	0.000379
褉褟卸械薪泻邪	0.000271	0.116534	0.000032
褋邪泄褌	0.001085	0.000000	0.000000
褋邪泄褌械	0.000542	0.462035	0.000251
褋邪泄褌褍	0.000542	0.061875	0.000034
褋邪谢邪褌	0.000271	0.094311	0.000026
褋邪谢邪褌薪邪褟	0.000271	0.116534	0.000032
褋邪谢邪褌褘	0.008408	0.040822	0.000343
褋邪屑芯谐芯薪	0.000271	0.040822	0.000011
褋邪屑褘褏	0.000542	0.116534	0.000063
褋邪褎	0.000814	0.116534	0.000095
褋邪褎褋械屑	0.000271	0.116534	0.000032
褋邪褏邪褉	0.001085	0.116534	0.000126
褋斜懈褌械薪褜	0.000271	0.040822	0.000011
褋胁邪褉懈谢邪	0.000542	3.218876	0.001746
褋胁械卸械褋褌褜	0.000271	0.105361	0.000029
褋胁械泻谢邪	0.000814	0.040822	0.000033
褋胁械泻谢芯泄	0.000271	3.218876	0.000873
褋胁械泻芯谢褜薪懈泻	0.000814	0.040822	0.000033
褋胁械褌邪	0.001085	0.116534	0.000126
褋胁懈薪懈薪邪	0.000814	0.040822	0.000033
褋胁懈薪懈薪褘	0.001085	0.116534	0.000126
褋胁芯械	0.000271	0.116534	0.000032
褋胁芯械屑	0.000271	0.040822	0.000011
褋胁芯懈屑	0.000542	0.040822	0.000022
褋胁芯懈褏	0.000271	1.347074	0.000365
褋胁芯褞	0.000271	0.040822	0.000011
褋谐褍褖械薪泻邪	0.000271	0.040822	0.000011
褋写械谢邪谢邪	0.000271	2.659260	0.000721
褋械谐芯写薪褟	0.000814	0.843970	0.000687
褋械蟹芯薪	0.000271	0.116534	0.000032
褋械泄褔邪褋	0.000271	0.030459	0.000008
褋械泻褉械褌	0.000271	1.609438	0.000437
褋械泻褉械褌邪屑懈	0.000542	2.120264	0.001150
褋械泻褉械褌邪褉褞	0.000271	4.605170	0.001249
褋械泻褉械褌褘	0.000814	0.116534	0.000095
褋械谢械写泻邪	0.000271	0.040822	0.000011
褋械谢褜写械褉械泄	0.001627	2.120264	0.003450
褋械屑谐邪	0.000271	0.040822	0.000011
褋械屑械泄薪褘泄	0.000271	0.116534	0.000032
褋械屑褜械	0.000271	1.309333	0.000355
褋械屑褜懈	0.000271	0.116534	0.000032
褋械薪褌褟斜褉褟	0.000271	0.673345	0.000183
褋懈写褉	0.000271	0.040822	0.000011
褋懈褉懈泄褋泻邪褟	0.000271	0.116534	0.000032
褋懈褉泻懈褋	0.000271	3.506558	0.000951
褋懈褉芯锌	0.000271	0.040822	0.000011
褋懈褉芯锌褘	0.000271	0.116534	0.000032
褋懈褋褌械屑褘	0.000271	0.040822	0.000011
褋懈褌懈	0.000271	0.127833	0.000035
褋泻邪蟹邪谢	0.000542	1.771957	0.000961
褋泻邪蟹邪褌褜	0.000814	0.653926	0.000532
褋泻邪蟹芯泻	0.000271	0.116534	0.000032
褋泻懈薪褍褌褜	0.000271	4.605170	0.001249
褋泻芯褌邪	0.000814	3.506558	0.002853
褋泻芯褌芯屑	0.000271	3.506558	0.000951
褋谢邪写泻邪褟	0.001085	0.116534	0.000126
褋谢邪写泻懈械	0.001627	0.040822	0.000066
褋谢邪写泻懈泄	0.002441	0.105361	0.000257
褋谢邪写泻懈褏	0.000542	0.116534	0.000063
褋谢邪写泻芯	0.000271	0.116534	0.000032
褋谢懈胁泻懈	0.001627	1.078810	0.001756
褋谢懈胁芯褔薪芯械	0.002441	0.116534	0.000284
褋谢芯胁邪屑懈	0.000271	2.407946	0.000653
褋谢芯械薪芯谐芯	0.000271	0.127833	0.000035
褋谢芯械薪芯械	0.000271	0.116534	0.000032
褋谢芯械薪褘泄	0.000271	0.116534	0.000032
褋谢芯泄泻邪	0.000271	0.040822	0.000011
褋谢芯泄泻懈	0.000271	0.116534	0.000032
褋谢褍褔邪泄薪芯	0.000271	2.407946	0.000653
褋屑械褌邪薪邪	0.000814	0.105361	0.000086
褋屑械褌邪薪褘	0.000271	2.659260	0.000721
褋屑械褕邪薪薪芯谐芯	0.000271	0.116534	0.000032
褋屑芯卸械褌械	0.000271	0.040822	0.000011
褋屑褍蟹懈	0.000814	0.040822	0.000033
褋薪邪褔邪谢邪	0.000271	2.120264	0.000575
褋薪褝泻	0.000271	0.116534	0.000032
褋芯斜懈褉邪械褌械褋褜	0.000271	0.040822	0.000011
褋芯斜谢褞写邪械褌	0.000271	2.995732	0.000813
褋芯胁械褉褕械薪薪芯	0.000271	1.171183	0.000318
褋芯胁械褉褕械薪褋褌胁芯	0.001356	0.116534	0.000158
褋芯胁械褌邪屑懈	0.000271	0.040822	0.000011
褋芯胁褋械屑	0.000271	1.139434	0.000309
褋芯谐谢邪褕邪械褌械褋褜	0.000271	0.040822	0.000011
褋芯械胁褘泄	0.000542	0.798508	0.000433
褋芯卸邪谢械薪懈褞	0.000271	2.525729	0.000685
褋芯蟹写邪械褌	0.000271	0.116534	0.000032
褋芯蟹写邪薪懈褟	0.000542	0.261365	0.000142
褋芯泻	0.001899	0.116534	0.000221
褋芯泻邪	0.000271	0.105361	0.000029
褋芯泻懈	0.000271	0.040822	0.000011
褋芯谢械薪褘械	0.000814	0.116534	0.000095
褋芯谢械薪褜褟	0.000542	0.116534	0.000063
褋芯谢薪械褔薪芯泄	0.000271	0.127833	0.000035
褋芯谢褜	0.007052	0.150823	0.001064
褋芯谢褟薪泻邪	0.001627	0.040822	0.000066
褋芯谢褟薪泻械	0.000271	3.506558	0.000951
褋芯谢褟薪泻懈	0.000542	2.995732	0.001625
褋芯谢褟薪泻褍	0.000271	2.995732	0.000813
褋芯褉褌懈褉芯胁邪褌褜	0.000271	0.248461	0.000067
褋芯褋泻褍褔懈谢邪褋褜	0.000271	3.506558	0.000951
褋芯褋褌邪胁褜	0.000271	0.116534	0.000032
褋芯褋褌芯懈褌	0.000271	2.525729	0.000685
褋芯褌褘泄	0.000271	3.506558	0.000951
褋芯褍褋	0.002712	0.040822	0.000111
褋芯褍褋芯屑	0.001356	0.116534	0.000158
褋芯褍褋褘	0.001085	0.116534	0.000126
褋芯褏褉邪薪褟褌褜	0.000271	0.040822	0.000011
褋芯褑芯锌褉芯褋	0.000271	3.218876	0.000873
褋芯褑褋械褌懈	0.000271	0.040822	0.000011
褋芯褔械褌邪薪懈械	0.000271	0.116534	0.000032
褋芯褔薪芯械	0.000271	0.116534	0.000032
褋锌邪谢褜薪褟屑懈	0.000542	0.446287	0.000242
褋锌邪褋懈斜芯	0.000542	0.673345	0.000365
褋锌械褑懈邪谢褜薪芯械	0.000271	0.116534	0.000032
褋锌械褑懈懈	0.001899	0.105361	0.000200
褋锌械褑锌褉芯械泻褌	0.008950	0.116534	0.001043
褋锌懈褋芯泻	0.000271	0.116534	0.000032
褋锌芯褞	0.000271	0.116534	0.000032
褋褉邪蟹褍	0.000542	0.733969	0.000398
褋褉械写懈蟹械屑薪芯屑芯褉褋泻邪褟	0.000271	0.127833	0.000035
褋褉械写薪械械	0.000271	3.218876	0.000873
褋褌邪薪芯胁褟褌褋褟	0.000271	3.912023	0.001061
褋褌邪褉褘械	0.000271	0.261365	0.000071
褋褌邪褌褜褟褏	0.000271	0.061875	0.000017
褋褌懈谢械	0.000271	0.116534	0.000032
褋褌懈谢褟	0.000271	0.116534	0.000032
褋褌芯谢	0.000542	0.105361	0.000057
褋褌芯谢邪	0.001627	0.116534	0.000190
褋褌褉芯懈褌械谢褜褋褌胁械	0.000271	0.040822	0.000011
褋褌褉芯懈褌械谢褜褋褌胁褍	0.000271	0.040822	0.000011
褋褌褉芯懈褌褜	0.000271	0.040822	0.000011
褋褌褉芯泄薪芯泄	0.000271	0.116534	0.000032
褋褍斜锌褉芯写褍泻褌芯胁	0.001899	0.116534	0.000221
褋褍斜锌褉芯写褍泻褌褘	0.000814	0.116534	0.000095
褋褍锌	0.013290	0.040822	0.000543
褋褍锌邪	0.000814	0.040822	0.000033
褋褍锌械褉斜邪斜褍褕泻邪	0.000542	1.237874	0.000671
褋褍锌芯胁	0.000271	3.506558	0.000951
褋褍锌芯屑	0.000271	3.506558	0.000951
褋褍锌褉褍谐	0.000271	3.218876	0.000873
褋褍锌褉褍谐邪	0.000271	3.506558	0.000951
褋褍锌褍	0.000271	3.506558	0.000951
褋褍锌褔懈泻	0.001356	2.302585	0.003123
褋褍锌褔懈泻芯胁	0.000271	4.605170	0.001249
褋褍锌褘	0.014917	0.040822	0.000609
褋褍褌芯泻	0.000271	2.525729	0.000685
褋褍褎谢械	0.000814	0.040822	0.000033
褋褍褏邪褉懈	0.000271	0.040822	0.000011
褋褍褏邪褉懈泻懈	0.001085	2.659260	0.002885
褋褍褏芯械	0.000542	1.660731	0.000901
褋褍褕懈	0.000542	0.040822	0.000022
褋褔懈褌邪褌褜	0.000271	2.302585	0.000625
褋褘薪	0.000542	2.407946	0.001306
褋褘薪褍	0.000271	3.506558	0.000951
褋褘薪褍谢褟	0.000271	3.912023	0.001061
褋褘褉	0.002441	0.040822	0.000100
褋褘褉邪	0.001356	0.116534	0.000158
褋褘褉邪屑懈	0.000271	0.127833	0.000035
褋褘褉薪懈泻	0.000271	0.040822	0.000011
褋褘褉薪懈泻懈	0.000542	0.116534	0.000063
褋褘褉薪芯谐芯	0.000271	3.912023	0.001061
褋褘褉薪褘械	0.001356	0.040822	0.000055
褋褘褉薪褘泄	0.000271	2.407946	0.000653
褋褘褉薪褘屑懈	0.000271	2.995732	0.000813
褋褘褉薪褘褏	0.000271	4.605170	0.001249
褋褘褌薪褘泄	0.001085	0.105361	0.000114
褋褘褌薪褘屑懈	0.000271	4.605170	0.001249
褋褘褔褍卸薪褘屑懈	0.000271	0.127833	0.000035
褋褝薪写胁懈褔懈	0.000271	0.127833	0.000035
褋褞褉锌褉懈蟹	0.000271	0.116534	0.000032
褌邪写卸懈泻褋泻邪褟	0.000271	0.116534	0.000032
褌邪泄褋泻邪褟	0.000271	0.116534	0.000032
褌邪泻懈屑	0.000271	1.021651	0.000277
褌邪泻懈屑懈	0.000271	2.659260	0.000721
褌邪屑懈	0.000271	3.506558	0.000951
褌邪锌械懈	0.000542	3.506558	0.001902
褌邪褉褌	0.000271	0.116534	0.000032
褌邪褉褌邪谢械褌泻懈	0.000542	0.040822	0.000022
褌邪褌邪褉褋泻邪褟	0.000271	0.116534	0.000032
褌邪褌褉邪	0.000271	3.912023	0.001061
褌胁芯懈	0.000542	0.116534	0.000063
褌胁芯褉懈	0.000271	0.116534	0.000032
褌胁芯褉芯谐	0.000542	0.040822	0.000022
褌胁芯褉芯谐芯屑	0.000271	0.105361	0.000029
褌胁芯褉芯卸薪芯械	0.000271	0.116534	0.000032
褌胁芯褉芯卸薪褘械	0.000542	0.116534	0.000063
褌胁芯褉芯卸薪褘泄	0.000271	0.116534	0.000032
褌械谢械谐褉邪屑	0.000271	0.040822	0.000011
褌械谢褟褌懈薪褘	0.001085	0.116534	0.000126
褌械锌谢芯屑	0.000271	0.116534	0.000032
褌械褉褉邪褋芯泄	0.000271	0.798508	0.000217
褌械褉褉懈薪	0.000271	0.040822	0.000011
褌械褋褌	0.001356	0.127833	0.000173
褌械褋褌邪	0.001356	0.105361	0.000143
褌械褋褌芯	0.002441	0.040822	0.000100
褌械褏	0.001085	0.634878	0.000689
褌械褏薪懈泻邪	0.001356	0.105361	0.000143
褌械褔械薪懈械	0.000271	2.995732	0.000813
褌械褖懈薪	0.000271	0.040822	0.000011
褌泻械屑邪谢懈	0.000542	4.605170	0.002498
褌屑	0.001085	0.127833	0.000139
褌芯屑邪褌薪邪褟	0.000542	1.560648	0.000847
褌芯屑邪褌薪褘泄	0.000542	1.897120	0.001029
褌芯锌谢械薪芯械	0.000271	0.116534	0.000032
褌芯褉谐芯胁褑邪	0.000814	3.506558	0.002853
褌芯褉褌	0.002983	0.040822	0.000122
褌芯褉褌褘	0.002441	0.116534	0.000284
褌褉邪胁褘	0.000271	0.105361	0.000029
褌褉邪写懈褑懈懈	0.000271	0.116534	0.000032
褌褉邪写懈褑懈泄	0.001085	0.116534	0.000126
褌褉邪写懈褑懈褟褏	0.000271	0.116534	0.000032
褌褉械褏谢械褌懈械屑	0.000271	0.116534	0.000032
褌褉褍斜芯褔泻懈	0.000271	0.040822	0.000011
褌褍薪懈褋褋泻邪褟	0.000271	0.116534	0.000032
褌褍薪褑芯屑	0.000271	0.116534	0.000032
褌褍褉械褑泻邪褟	0.000271	0.116534	0.000032
褌褘泻胁邪	0.000814	0.040822	0.000033
褌褘泻胁械薪薪褘泄	0.000271	3.218876	0.000873
褍胁械写芯屑谢械薪懈褟	0.000271	0.040822	0.000011
褍谐芯褋褌懈褌褜	0.000271	2.407946	0.000653
褍谐芯褖邪泄褌械褋褜	0.000542	1.021651	0.000554
褍写邪褔薪邪褟	0.000271	0.116534	0.000032
褍写懈胁懈	0.000271	0.116534	0.000032
褍写懈胁懈褌械谢褜薪褘泄	0.000271	3.506558	0.000951
褍写懈胁谢褟泄褌械	0.001085	0.116534	0.000126
褍写芯胁芯谢褜褋褌胁懈械屑	0.000814	0.116534	0.000095
褍卸	0.000542	0.693147	0.000376
褍卸邪褋邪	0.000271	3.912023	0.001061
褍卸懈薪	0.001627	0.094311	0.000153
褍蟹斜械泻褋泻邪褟	0.000271	0.116534	0.000032
褍泻褉邪懈薪褋泻邪褟	0.000271	0.116534	0.000032
褍泻褉邪懈薪褋泻懈泄	0.000271	2.995732	0.000813
褍泻褉邪褕械薪懈褟	0.002170	0.116534	0.000253
褍泻褉芯锌	0.001627	0.562119	0.000915
褍泻褋褍褋	0.000542	0.634878	0.000344
褍屑械	0.000271	4.605170	0.001249
褍锌谢械褌邪械褌	0.000271	4.605170	0.001249
褍锌芯褌褉械斜谢械薪懈械屑	0.000271	0.116534	0.000032
褍褉邪谢褜褋泻邪褟	0.000271	0.116534	0.000032
褍褉芯卸邪泄	0.000271	0.105361	0.000029
褍褌泻懈	0.000814	0.116534	0.000095
褍褏邪	0.000271	0.040822	0.000011
褍褔邪褋褌胁芯胁邪褌褜	0.000271	0.040822	0.000011
褎邪胁芯褉懈褌芯屑	0.000271	3.506558	0.000951
褎邪蟹械薪写褘	0.000271	0.127833	0.000035
褎邪薪褌邪蟹懈懈	0.001627	0.116534	0.000190
褎邪薪褌邪蟹懈泄	0.000271	0.116534	0.000032
褎邪薪褌邪蟹懈褟	0.000271	0.116534	0.000032
褎邪褉褕	0.000542	1.021651	0.000554
褎邪褉褕邪	0.003526	0.040822	0.000144
褎邪褉褕懈褉芯胁邪薪薪邪褟	0.000542	0.116534	0.000063
褎邪褉褕懈褉芯胁邪薪薪芯械	0.000271	0.116534	0.000032
褎邪褉褕懈褉芯胁邪薪薪褘械	0.000542	0.040822	0.000022
褎邪褉褕懈褉芯胁邪薪薪褘泄	0.000271	0.040822	0.000011
褎邪褋芯谢褜	0.000271	0.040822	0.000011
褎邪褋芯谢褜褞	0.000271	2.813411	0.000763
褎邪褏胁械褉泻芯胁褘泄	0.000271	4.605170	0.001249
褎械胁褉邪谢褟	0.000542	0.105361	0.000057
褎械泄械褉胁械褉泻	0.000542	0.116534	0.000063
褎懈谐褍褉械	0.000271	0.116534	0.000032
褎懈薪褋泻邪褟	0.000271	0.116534	0.000032
褎懈褉屑械薪薪邪褟	0.000271	3.506558	0.000951
褎懈褉屑械薪薪芯械	0.000271	0.116534	0.000032
褎懈褉屑械薪薪褘泄	0.000271	2.525729	0.000685
褎芯薪写褞	0.000271	0.040822	0.000011
褎芯褉屑褘	0.000271	0.116534	0.000032
褎芯褉褍屑械	0.000542	0.040822	0.000022
褎芯褉褕屑邪泻	0.000271	0.040822	0.000011
褎芯褌芯邪锌锌邪褉邪褌芯屑	0.000271	4.605170	0.001249
褎褉邪薪褑懈懈	0.000271	0.116534	0.000032
褎褉邪薪褑褍蟹褋泻邪褟	0.000271	0.116534	0.000032
褎褉邪薪褑褍蟹褋泻懈泄	0.000271	2.995732	0.000813
褎褉邪褍	0.001085	0.116534	0.000126
褎褉褍泻褌芯胁	0.001085	0.116534	0.000126
褎褉褍泻褌芯胁芯	0.000542	0.116534	0.000063
褎褉褍泻褌芯胁褘械	0.001899	0.040822	0.000078
褎褍写	0.000271	0.116534	0.000032
褎褍褉褕械褌	0.000271	0.116534	0.000032
褏邪谢胁邪	0.000271	0.040822	0.000011
褏邪褉胁械褋褌褎械褋褌	0.000542	0.116534	0.000063
褏邪褉褔芯	0.001356	0.040822	0.000055
褏邪褕	0.000271	0.040822	0.000011
褏胁芯褉芯褋褌	0.000271	0.040822	0.000011
褏懈薪泻邪谢懈	0.000271	0.116534	0.000032
褏懈褌	0.001899	0.116534	0.000221
褏谢械斜	0.000814	0.040822	0.000033
褏谢械斜芯锌械褔泻懈	0.000271	0.116534	0.000032
褏谢械斜褍褕械泻	0.000271	2.120264	0.000575
褏谢芯锌褜褟	0.000542	0.105361	0.000057
褏芯蟹褟泄泻懈	0.000542	0.127833	0.000069
褏芯蟹褟褞褕泻懈	0.000271	4.605170	0.001249
褏芯谢芯写械褑	0.000271	0.040822	0.000011
褏芯谢芯写薪褘械	0.000814	0.116534	0.000095
褏芯谢芯写薪褘泄	0.001085	0.116534	0.000126
褏芯褉胁邪褌褋泻邪褟	0.000271	0.116534	0.000032
褏芯褉芯褕懈泄	0.000542	1.966113	0.001067
褏芯褉芯褕芯	0.001356	0.105361	0.000143
褏芯褉褋	0.000271	0.116534	0.000032
褏芯褌械谢芯褋褜	0.000271	2.407946	0.000653
褏芯褌懈褌械	0.000271	0.040822	0.000011
褏芯褔褍	0.000271	0.562119	0.000152
褏褍写械械屑	0.000271	2.995732	0.000813
褏褍写械泄	0.000271	4.605170	0.001249
褏褍屑褍褋	0.000271	0.040822	0.000011
褑邪褉褋褌胁芯	0.000271	0.127833	0.000035
褑邪褉褜	0.000271	0.116534	0.000032
褑胁械褌	0.000271	2.302585	0.000625
褑胁械褌薪邪褟	0.000271	0.040822	0.000011
褑械谢褘泄	0.000271	2.995732	0.000813
褑械薪薪褘褏	0.000271	0.040822	0.000011
褑械薪褌褉	0.000271	0.116534	0.000032
褔邪械屑	0.000271	0.116534	0.000032
褔邪泄	0.000814	0.040822	0.000033
褔邪褋褌芯	0.000271	0.994252	0.000270
褔械斜褍褉械泻懈	0.000542	0.040822	0.000022
褔械谐芯	0.000271	1.203973	0.000327
褔械谢芯胁械泻	0.000271	1.966113	0.000533
褔械屑	0.000271	0.994252	0.000270
褔械褉械褕泻芯胁褘泄	0.000542	2.659260	0.001443
褔械褉泻懈蟹芯胁芯	0.000542	0.116534	0.000063
褔械褉薪褘泄	0.003797	0.371064	0.001409
褔械褋薪芯泻	0.002712	0.314711	0.000854
褔械褋薪芯褔芯泻	0.000271	3.506558	0.000951
褔械褋褌薪褘屑懈	0.000271	0.040822	0.000011
褔械褔械胁懈褑邪	0.000814	0.040822	0.000033
褔械褕褋泻邪褟	0.000271	0.116534	0.000032
褔懈蟹泻械泄泻	0.001085	0.040822	0.000044
褔懈谢懈泄褋泻邪褟	0.000271	0.116534	0.000032
褔懈锌褋褘	0.000271	0.040822	0.000011
褔懈褋谢褍	0.000271	0.261365	0.000071
褔褍写械褋	0.000271	0.116534	0.000032
褕邪屑锌懈薪褜芯薪褘	0.001085	1.309333	0.001420
褕邪褉懈泻邪屑懈	0.000271	2.995732	0.000813
褕邪褉懈泻懈	0.000542	0.040822	0.000022
褕邪褉谢芯褌泻邪	0.000271	0.040822	0.000011
褕邪褉谢芯褌泻懈	0.000271	0.127833	0.000035
褕邪褉屑	0.000271	0.116534	0.000032
褕邪褕谢褘泻	0.003255	0.040822	0.000133
褕邪褕谢褘泻懈	0.000271	0.040822	0.000011
褕胁械写褋泻邪褟	0.000271	0.116534	0.000032
褕胁械泄褑邪褉褋泻邪褟	0.000271	0.116534	0.000032
褕械写械胁褉褘	0.000271	0.116534	0.000032
褕械褎	0.000542	0.127833	0.000069
褕懈锌褍褔泻邪	0.000271	0.040822	0.000011
褕懈褉芯泻邪褟	0.000271	0.127833	0.000035
褕泻芯谢褍	0.000271	0.116534	0.000032
褕芯泻芯谢邪写	0.000271	0.040822	0.000011
褕芯褌谢邪薪写褋泻邪褟	0.000271	0.116534	0.000032
褕褌褉褍写械谢褜	0.000271	0.040822	0.000011
褕褍褉锌邪	0.000271	0.040822	0.000011
褖邪胁械谢械屑	0.000271	4.605170	0.001249
褖邪屑懈	0.000271	3.912023	0.001061
褖邪褋	0.000271	0.116534	0.000032
褖械写褉邪褟	0.000271	0.116534	0.000032
褖懈	0.000814	0.040822	0.000033
褝泻芯屑懈谢泻	0.000271	0.127833	0.000035
褝褋褌芯薪褋泻邪褟	0.000271	0.116534	0.000032
褝褌懈屑懈	0.000271	2.813411	0.000763
褝褌芯谐芯	0.000542	0.415515	0.000225
褝褌芯屑褍	0.000271	1.272966	0.000345
褞斜懈谢械泄	0.000271	2.040221	0.000553
褞谐芯褋谢邪胁褋泻邪褟	0.000271	0.116534	0.000032
褟谐芯写薪褘械	0.000542	0.116534	0.000063
褟谐芯写薪褘泄	0.000814	0.116534	0.000095
褟蟹褘泻	0.000271	0.040822	0.000011
褟蟹褘泻邪	0.000271	2.813411	0.000763
褟懈褑	0.001085	0.116534	0.000126
褟泄褑邪	0.000271	0.040822	0.000011
褟泄褑芯	0.002712	0.261365	0.000709
褟薪胁邪褉褟	0.000271	0.733969	0.000199
褟薪写械泻褋	0.000271	0.072571	0.000020
褟锌芯薪褋泻邪褟	0.000271	0.116534	0.000032
褟锌芯薪褋泻芯泄	0.000271	0.061875	0.000017
褟褉泻懈械	0.000271	0.116534	0.000032
褟褉泻芯	0.000271	0.105361	0.000029
