褌芯泻械薪	TF	IDF	TF-IDF
邪斜褏邪蟹褋泻邪褟	0.000267	0.116534	0.000031
邪胁褋褌褉邪谢懈泄褋泻邪褟	0.000267	0.116534	0.000031
邪胁褋褌褉懈泄褋泻邪褟	0.000267	0.116534	0.000031
邪胁褌芯泻谢邪胁邪	0.000267	0.116534	0.000031
邪胁褌芯褉邪	0.000267	2.407946	0.000642
邪胁褌芯褉邪屑	0.000267	0.040822	0.000011
邪胁褌芯褉褍	0.000267	1.660731	0.000443
邪谐褉芯	0.000267	0.116534	0.000031
邪写卸懈泻邪	0.000267	0.040822	0.000011
邪写芯谢褜褎芯屑	0.000267	3.218876	0.000858
邪卸褍褉械	0.000267	2.525729	0.000673
邪蟹械褉斜邪泄写卸邪薪褋泻邪褟	0.000267	0.116534	0.000031
邪蟹懈邪褌褋泻邪褟	0.000267	0.127833	0.000034
邪蟹褘	0.000267	0.127833	0.000034
邪泄褉邪薪	0.000267	0.040822	0.000011
邪泻胁邪褌懈泻邪	0.000800	0.127833	0.000102
邪泻褑懈懈	0.000267	2.120264	0.000565
邪谢械泻褋械褟	0.000267	0.127833	0.000034
邪谢泻芯谐芯谢褜	0.000533	0.116534	0.000062
邪谢泻芯谐芯谢褜薪褘械	0.000267	0.116534	0.000031
邪谢泻芯谐芯谢褟	0.000267	0.116534	0.000031
邪谢褜褟薪褋	0.000267	0.116534	0.000031
邪屑械褉懈泻邪薪褋泻邪褟	0.000267	0.116534	0.000031
邪薪谐谢懈泄褋泻邪褟	0.000267	0.116534	0.000031
邪薪写褉械褟	0.000267	0.127833	0.000034
邪薪薪邪	0.000267	2.995732	0.000799
邪薪薪褘	0.000267	3.218876	0.000858
邪锌锌械褌懈褌薪褍褞	0.000267	3.218876	0.000858
邪锌褉械谢褟	0.000533	0.579818	0.000309
邪褉邪斜褋泻邪褟	0.000267	0.116534	0.000031
邪褉谐械薪褌懈薪褋泻邪褟	0.000267	0.116534	0.000031
邪褉屑褟薪褋泻邪褟	0.000267	0.116534	0.000031
邪褉芯屑邪褌	0.000267	1.660731	0.000443
邪褋褋芯褉褌懈	0.000533	0.116534	0.000062
邪褌谢邪薪褌	0.000267	0.127833	0.000034
邪褎谐邪薪褋泻邪褟	0.000267	0.116534	0.000031
邪褎褉懈泻邪薪褋泻邪褟	0.000267	0.116534	0.000031
邪褝褉芯谐褉懈谢械	0.002666	0.116534	0.000311
邪褝褉芯锌芯褉褌褍	0.000267	2.525729	0.000673
斜邪泻谢邪卸邪薪褘	0.000267	0.040822	0.000011
斜邪谢褌泻芯屑	0.000267	0.127833	0.000034
斜邪薪泻械	0.000533	2.407946	0.001284
斜邪褉邪薪懈薪褘	0.001333	0.116534	0.000155
斜邪褋屑邪褌懈	0.000533	0.127833	0.000068
斜邪褋褌褍褉屑邪	0.000267	0.040822	0.000011
斜邪褌芯薪褔懈泻懈	0.000267	0.127833	0.000034
斜邪褕泻懈褉褋泻邪褟	0.000267	0.116534	0.000031
斜械蟹邪谢泻芯谐芯谢褜薪褘械	0.000267	0.116534	0.000031
斜械蟹谐谢褞褌械薪芯胁褘械	0.000267	0.116534	0.000031
斜械蟹械	0.001066	0.040822	0.000044
斜械蟹褍屑薪芯	0.000267	1.560648	0.000416
斜械谢械斜械械胁褋泻懈泄	0.000533	0.116534	0.000062
斜械谢芯泻芯褔邪薪薪邪褟	0.000533	0.994252	0.000530
斜械谢芯褉褍褋褋泻邪褟	0.000267	0.116534	0.000031
斜械谢褘泄	0.000267	1.609438	0.000429
斜械谢褜谐懈泄褋泻邪褟	0.000267	0.116534	0.000031
斜械褉械屑械薪薪褘褏	0.000267	0.116534	0.000031
斜械褋械写懈薪邪	0.000267	0.127833	0.000034
斜懈邪	0.000267	2.995732	0.000799
斜懈蟹薪械褋	0.000267	2.525729	0.000673
斜懈褋泻胁懈褌	0.000267	0.040822	0.000011
斜懈褋泻胁懈褌薪芯械	0.000533	0.116534	0.000062
斜懈褋泻胁懈褌薪褘泄	0.000267	0.105361	0.000028
斜懈褋泻胁懈褌褘	0.000267	0.127833	0.000034
斜谢邪谐芯写邪褉薪邪	0.000267	1.660731	0.000443
斜谢懈卸械	0.000267	0.116534	0.000031
斜谢懈蟹泻懈褏	0.000267	0.116534	0.000031
斜谢懈薪芯胁	0.000533	0.116534	0.000062
斜谢懈薪褘	0.001066	0.040822	0.000044
斜谢褞写	0.000533	0.094311	0.000050
斜谢褞写邪	0.045588	0.040822	0.001861
斜谢褞写芯	0.003466	0.040822	0.000141
斜谢褞写芯屑	0.000533	0.994252	0.000530
斜谢褞写褍	0.000800	0.116534	0.000093
斜芯斜芯胁褘械	0.000533	0.127833	0.000068
斜芯斜芯胁褘褏	0.002399	0.116534	0.000280
斜芯谢谐邪褉褋泻邪褟	0.000267	0.116534	0.000031
斜芯谢谐邪褉褋泻懈泄	0.000533	0.843970	0.000450
斜芯谢褜褕械	0.000800	0.105361	0.000084
斜芯谢褜褕芯械	0.000267	1.560648	0.000416
斜芯褉褌	0.000267	2.525729	0.000673
斜芯褉褌芯胁芯谐芯	0.000267	2.525729	0.000673
斜芯褉褖	0.001066	0.040822	0.000044
斜芯褌胁懈薪褜褟	0.000267	0.040822	0.000011
斜褉邪蟹懈谢褜褋泻邪褟	0.000267	0.116534	0.000031
斜褉邪褍蟹械褉械	0.000267	0.040822	0.000011
斜褉邪褍薪懈	0.000267	0.040822	0.000011
斜褉械褋褌	0.000267	0.127833	0.000034
斜褉芯泻泻芯谢懈	0.000267	0.040822	0.000011
斜褉褘蟹谐	0.000267	2.659260	0.000709
斜褍写械褌械	0.000267	2.302585	0.000614
斜褍卸械薪懈薪邪	0.000533	0.040822	0.000022
斜褍谢芯褔泻邪屑懈	0.000267	0.116534	0.000031
斜褍谢芯褔泻懈	0.000533	0.040822	0.000022
斜褍谢褜芯薪	0.002666	0.040822	0.000109
斜褍谢褜芯薪褘	0.001066	0.116534	0.000124
斜褍褉谐械褉	0.000267	0.040822	0.000011
斜褍褉谐械褉褘	0.000267	0.127833	0.000034
斜褍褉褟褌褋泻邪褟	0.000267	0.116534	0.000031
斜褍褌械褉斜褉芯写	0.000533	0.116534	0.000062
斜褍褌械褉斜褉芯写褘	0.000533	0.040822	0.000022
斜褘褋褌褉芯	0.000800	0.094311	0.000075
斜褘褋褌褉芯泄	0.000267	0.116534	0.000031
斜褘褋褌褉褘泄	0.000533	0.105361	0.000056
胁邪卸薪褘械	0.000267	0.116534	0.000031
胁邪谢谢懈泄褋泻邪褟	0.000267	0.116534	0.000031
胁邪屑懈	0.000267	0.843970	0.000225
胁邪褉械薪懈泻懈	0.000533	0.116534	0.000062
胁邪褉械薪褜械	0.000533	0.040822	0.000022
胁邪褉懈邪薪褌	0.000267	0.562119	0.000150
胁邪褉懈邪薪褌褘	0.000533	1.609438	0.000858
胁邪褌褉褍褕泻懈	0.000267	0.040822	0.000011
胁邪褎谢懈	0.000533	0.040822	0.000022
胁邪褕械	0.000267	1.897120	0.000506
胁邪褕械泄	0.000533	0.040822	0.000022
胁邪褕械屑褍	0.000267	1.560648	0.000416
胁邪褕懈屑	0.000267	2.040221	0.000544
胁胁芯写褟	0.000267	0.040822	0.000011
胁写芯褏薪芯胁械薪懈械	0.001066	0.116534	0.000124
胁写芯褏薪芯胁械薪懈械屑	0.000533	0.116534	0.000062
胁写芯褏薪芯胁谢褟泄褋褟	0.000267	0.116534	0.000031
胁械谐械褌邪褉懈邪薪褋泻懈械	0.000267	0.127833	0.000034
胁械谐械褌邪褉懈邪薪褋泻芯械	0.000267	0.116534	0.000031
胁械谢懈泻懈泄	0.000267	0.116534	0.000031
胁械薪谐械褉褋泻邪褟	0.000267	0.116534	0.000031
胁械褋械薪薪懈械	0.000267	0.051293	0.000014
胁械褋薪邪	0.001333	0.116534	0.000155
胁械褋薪褘	0.000267	0.116534	0.000031
胁械褌褔懈薪褘	0.000267	0.105361	0.000028
胁蟹谐谢褟写	0.000267	1.427116	0.000380
胁蟹褟褌	0.000267	2.207275	0.000588
胁懈写械	0.000267	1.171183	0.000312
胁懈写械芯	0.000533	0.116534	0.000062
胁懈写械芯褉械褑械锌褌褘	0.000267	0.301105	0.000080
胁懈薪芯	0.000533	0.040822	0.000022
胁泻褍褋	0.001333	0.105361	0.000140
胁泻褍褋邪	0.002133	0.116534	0.000249
胁泻褍褋薪邪褟	0.001066	0.061875	0.000066
胁泻褍褋薪械械	0.000533	0.116534	0.000062
胁泻褍褋薪械泄	0.000267	0.116534	0.000031
胁泻褍褋薪械泄褕邪褟	0.000267	2.813411	0.000750
胁泻褍褋薪械泄褕懈械	0.000267	2.120264	0.000565
胁泻褍褋薪芯	0.001066	0.094311	0.000101
胁泻褍褋薪芯械	0.000533	0.994252	0.000530
胁泻褍褋薪芯泄	0.000267	1.609438	0.000429
胁泻褍褋薪芯褌懈褖褍	0.000267	3.218876	0.000858
胁泻褍褋薪褍褞	0.000267	2.207275	0.000588
胁泻褍褋薪褘械	0.000533	0.105361	0.000056
胁泻褍褋芯屑	0.000533	0.105361	0.000056
胁泻褍褋褍	0.000267	1.272966	0.000339
胁谢褞斜懈谢懈褋褜	0.000267	2.120264	0.000565
胁谢褞斜谢械薪薪褘褏	0.000267	0.116534	0.000031
胁屑械褋褌械	0.000267	0.916291	0.000244
胁薪邪褔邪谢械	0.001066	0.248461	0.000265
胁薪懈屑邪薪懈褞	0.000267	1.609438	0.000429
胁薪褍褌褉懈	0.000267	1.469676	0.000392
胁芯	0.000267	0.061875	0.000016
胁芯写邪	0.001600	0.287682	0.000460
胁芯写械	0.000267	0.105361	0.000028
胁芯写芯泄	0.000267	2.525729	0.000673
胁芯蟹屑芯卸薪芯	0.000267	1.469676	0.000392
胁芯蟹褉邪蟹懈褌	0.000267	3.218876	0.000858
胁芯泄褌懈	0.000267	0.000000	0.000000
胁芯谢芯胁邪薪褘	0.000267	0.116534	0.000031
胁芯谢褕械斜薪邪褟	0.000267	2.659260	0.000709
胁芯谢褕械斜薪芯	0.000267	2.525729	0.000673
胁芯谢褕械斜薪褘械	0.000267	0.116534	0.000031
胁芯谢褕械斜褋褌胁芯	0.000267	0.116534	0.000031
胁芯锌褉芯褋	0.000267	1.771957	0.000472
胁芯锌褉芯褋褘	0.000267	0.000000	0.000000
胁芯褋褌芯褉谐械	0.000533	1.469676	0.000784
胁芯褋褌芯褔薪邪褟	0.000267	0.127833	0.000034
胁锌械褉胁褘械	0.000267	1.560648	0.000416
胁褉械屑械薪邪	0.000267	0.116534	0.000031
胁褉械屑械薪械屑	0.001600	0.116534	0.000186
胁褉械屑褟	0.000267	0.400478	0.000107
胁褋械谐芯	0.000533	0.186330	0.000099
胁褋械泄	0.001066	0.105361	0.000112
胁褋械屑褍	0.000267	0.061875	0.000016
胁褋锌芯屑薪懈褌褜	0.000267	0.040822	0.000011
胁褌芯褉芯械	0.000267	0.116534	0.000031
胁褌芯褉褘械	0.000267	0.127833	0.000034
胁褏芯写	0.000800	0.030459	0.000024
胁褘谐谢褟写懈褌	0.000533	2.120264	0.001131
胁褘泄褌懈	0.000267	0.040822	0.000011
胁褘泻谢邪写褘胁邪褞	0.000267	2.407946	0.000642
胁褘锌械褔泻邪	0.003199	0.040822	0.000131
胁褘锌械褔泻懈	0.000533	0.072571	0.000039
胁褘锌械褔泻芯泄	0.000267	0.116534	0.000031
胁褘锌褉芯褋懈谢邪	0.000267	2.525729	0.000673
胁褜械褌薪邪屑褋泻邪褟	0.000267	0.116534	0.000031
谐邪胁邪泄褋泻邪褟	0.000267	0.116534	0.000031
谐邪褉邪卸芯屑	0.000267	1.078810	0.000288
谐邪褉薪懈褉	0.004266	0.040822	0.000174
谐邪褋锌邪褔芯	0.000267	0.040822	0.000011
谐械芯谐褉邪褎懈褟	0.000267	0.116534	0.000031
谐谢邪胁薪芯械	0.000267	1.139434	0.000304
谐谢邪胁薪褘泄	0.000267	0.040822	0.000011
谐谢邪胁薪褘褏	0.000267	2.995732	0.000799
谐谢邪蟹褍褉褜	0.000800	0.040822	0.000033
谐谢懈薪褌胁械泄薪	0.000267	0.040822	0.000011
谐薪械蟹写芯	0.000267	2.302585	0.000614
谐芯胁褟写懈薪褘	0.001333	0.116534	0.000155
谐芯写	0.002399	0.105361	0.000253
谐芯写邪	0.003999	0.248461	0.000994
谐芯写褍	0.000533	1.171183	0.000624
谐芯谢谢邪薪写褋泻邪褟	0.000267	0.116534	0.000031
谐芯褉芯写邪	0.000267	0.116534	0.000031
谐芯褉芯褏	0.000267	0.116534	0.000031
谐芯褉褔懈褑邪	0.000533	0.040822	0.000022
谐芯褉褔懈褑邪屑懈	0.000267	0.127833	0.000034
谐芯褉褕芯褔泻邪褏	0.000533	0.105361	0.000056
谐芯褉褕芯褔泻械	0.000267	0.040822	0.000011
谐芯褉褟褔械械	0.000800	0.116534	0.000093
谐芯褉褟褔械屑	0.000267	2.659260	0.000709
谐芯褉褟褔懈械	0.024527	0.105361	0.002584
谐芯褉褟褔懈泄	0.000533	0.116534	0.000062
谐芯褋褌懈	0.000533	0.116534	0.000062
谐芯褌芯胁懈谢邪	0.000533	0.733969	0.000391
谐芯褌芯胁懈谢懈	0.000267	1.560648	0.000416
谐芯褌芯胁懈屑	0.001600	0.094311	0.000151
谐芯褌芯胁懈褌褋褟	0.000533	0.478036	0.000255
谐芯褌芯胁懈褌褜	0.001600	0.105361	0.000169
谐芯褌芯胁泻懈	0.000267	2.207275	0.000588
谐芯褌芯胁芯	0.000267	2.302585	0.000614
谐芯褌芯胁褜	0.000533	0.116534	0.000062
谐芯褌芯胁褟褌	0.000533	0.116534	0.000062
谐芯褌芯胁褟褌褋褟	0.000267	1.660731	0.000443
谐褉械薪泻懈	0.000533	0.040822	0.000022
谐褉械褔械褋泻邪褟	0.000267	0.116534	0.000031
谐褉械褔械褋泻懈屑	0.000267	2.525729	0.000673
谐褉械褔械褋泻芯泄	0.000267	2.525729	0.000673
谐褉械褔泻邪	0.000267	0.040822	0.000011
谐褉懈斜邪屑懈	0.001600	0.105361	0.000169
谐褉懈斜薪芯泄	0.000267	2.120264	0.000565
谐褉懈斜薪褘械	0.000533	0.040822	0.000022
谐褉懈斜芯胁	0.001333	0.116534	0.000155
谐褉懈斜褘	0.000800	0.040822	0.000033
谐褉懈谢械	0.002666	0.116534	0.000311
谐褉懈谢褜	0.000267	0.116534	0.000031
谐褉懈谢褜屑邪薪懈褟	0.000267	0.116534	0.000031
谐褉懈谢褟	0.001066	0.116534	0.000124
谐褉芯谐	0.000267	0.040822	0.000011
谐褉褍写泻邪	0.000533	1.108663	0.000591
谐褉褍蟹懈薪褋泻邪褟	0.000267	0.116534	0.000031
谐褉褍锌锌褘	0.000267	0.061875	0.000016
谐褍褉屑邪薪懈褟	0.001600	0.116534	0.000186
谐褍褉屑械	0.000267	0.127833	0.000034
谐褍褋褟	0.000800	0.105361	0.000084
写邪胁薪械薪褜泻芯	0.000267	2.995732	0.000799
写邪胁薪芯	0.000533	0.967584	0.000516
写邪械褌	0.000267	0.040822	0.000011
写邪薪薪褘械	0.000267	0.040822	0.000011
写邪薪芯	0.000267	3.218876	0.000858
写邪褉褘	0.000267	0.116534	0.000031
写邪褌械	0.000533	0.248461	0.000132
写邪褌褋泻邪褟	0.000267	0.116534	0.000031
写邪褔薪芯械	0.000800	0.116534	0.000093
写械泻邪斜褉褟	0.000533	0.597837	0.000319
写械泻芯褉	0.000267	0.127833	0.000034
写械谢邪械褌	0.000533	0.116534	0.000062
写械谢懈泻邪褌械褋芯屑	0.000267	3.218876	0.000858
写械谢懈屑褋褟	0.000267	0.040822	0.000011
写械谢懈芯薪	0.000267	3.218876	0.000858
写械谢芯	0.000267	1.386294	0.000370
写械谢芯屑	0.000267	0.116534	0.000031
写械薪褜	0.001066	0.083382	0.000089
写械褋械褉褌	0.000800	0.116534	0.000093
写械褋械褉褌邪褑懈褟	0.000267	0.116534	0.000031
写械褋械褉褌薪褘械	0.000267	0.116534	0.000031
写械褋械褉褌褘	0.003732	0.040822	0.000152
写械褌械泄	0.000267	0.116534	0.000031
写卸械屑	0.000267	0.040822	0.000011
写蟹械薪	0.000267	0.116534	0.000031
写懈械褌邪	0.000267	0.116534	0.000031
写懈械褌褘	0.000267	0.116534	0.000031
写懈泻懈泄	0.000533	0.116534	0.000062
写懈泻芯谐芯	0.000267	0.116534	0.000031
写懈锌	0.000267	0.116534	0.000031
写懈褔懈	0.001066	0.116534	0.000124
写懈褔褜	0.000267	0.116534	0.000031
写薪械胁薪懈泻邪褏	0.000267	0.061875	0.000016
写薪械泄	0.000800	0.116534	0.000093
写薪褟	0.000267	0.040822	0.000011
写芯斜邪胁谢械薪懈褟屑	0.000267	0.274437	0.000073
写芯斜邪胁谢褟褌褜	0.000267	0.040822	0.000011
写芯斜邪胁褜	0.000267	0.116534	0.000031
写芯斜褉芯褎谢芯褌	0.000267	0.127833	0.000034
写芯胁械褉褟械褕褜	0.000267	0.116534	0.000031
写芯胁芯谢褜薪褘	0.000267	2.407946	0.000642
写芯屑	0.002399	0.040822	0.000098
写芯屑邪褕薪械械	0.000800	0.040822	0.000033
写芯屑邪褕薪械泄	0.000267	1.771957	0.000472
写芯屑邪褕薪懈械	0.000533	0.040822	0.000022
写芯屑邪褕薪懈泄	0.001333	0.116534	0.000155
写芯屑邪褕薪褟褟	0.000533	0.105361	0.000056
写芯屑芯胁	0.000267	0.040822	0.000011
写褉邪泄胁	0.001333	0.127833	0.000170
写褉芯卸卸械胁芯械	0.000267	0.116534	0.000031
写褉褍谐懈屑懈	0.000267	0.040822	0.000011
写褉褍谐芯屑褍	0.000267	2.407946	0.000642
写褉褍蟹褜褟屑	0.000267	1.660731	0.000443
写褍屑邪谢邪	0.000267	1.272966	0.000339
写褍屑邪褞	0.000267	1.427116	0.000380
写褍褏芯胁泻邪	0.001333	0.127833	0.000170
写褍褏芯胁泻械	0.000267	0.867501	0.000231
写褍褏芯胁泻褍	0.000267	1.771957	0.000472
写褍褕懈	0.000800	0.105361	0.000084
写褍褕懈褋褌褘泄	0.000533	1.237874	0.000660
写褞谐谢械褉械	0.000267	3.218876	0.000858
械胁褉械泄褋泻邪褟	0.000267	0.116534	0.000031
械谐懈锌械褌褋泻邪褟	0.000267	0.116534	0.000031
械写懈薪褘泄	0.000267	0.040822	0.000011
械写褘	0.000267	2.525729	0.000673
械泻芯	0.000267	0.127833	0.000034
械褋褌械褋褌胁械薪薪褘泄	0.000267	2.995732	0.000799
卸邪褉械薪褘泄	0.000267	2.120264	0.000565
卸邪褉懈褌褋褟	0.000267	2.207275	0.000588
卸邪褉懈褕褜	0.000267	2.659260	0.000709
卸邪褉泻芯械	0.000267	0.040822	0.000011
卸邪褉褞	0.000267	2.659260	0.000709
卸械谢邪械屑褘械	0.000267	1.469676	0.000392
卸械谢械	0.000800	0.040822	0.000033
卸械薪褋泻邪褟	0.000267	0.127833	0.000034
卸械薪褋泻芯屑	0.000267	0.061875	0.000016
卸械薪褖懈薪褘	0.000533	0.116534	0.000062
卸懈蟹薪懈	0.000267	0.040822	0.000011
卸懈蟹薪褜	0.000267	0.116534	0.000031
卸褍谢褜械薪	0.000267	0.040822	0.000011
卸褍褉薪邪谢邪	0.000267	0.127833	0.000034
卸褍褉薪邪谢械	0.000267	2.207275	0.000588
卸褞谢褜械薪	0.000267	0.040822	0.000011
蟹邪斜褘谢邪	0.000267	2.302585	0.000614
蟹邪胁邪褉薪芯械	0.000267	0.116534	0.000031
蟹邪胁邪褉薪芯泄	0.000267	0.116534	0.000031
蟹邪胁褌褉邪泻	0.001866	0.094311	0.000176
蟹邪胁褌褉邪泻懈	0.000267	0.127833	0.000034
蟹邪谐谢褟薪懈褌械	0.000267	2.659260	0.000709
蟹邪谐芯褌芯胁泻懈	0.001066	0.040822	0.000044
蟹邪写邪胁邪褌褜	0.000267	0.040822	0.000011
蟹邪写邪谢懈	0.000267	2.659260	0.000709
蟹邪泄褑邪	0.000800	0.116534	0.000093
蟹邪泻胁邪褋泻邪	0.000267	0.040822	0.000011
蟹邪泻胁邪褋泻邪屑懈	0.000267	0.116534	0.000031
蟹邪泻胁邪褋芯泻	0.000267	0.127833	0.000034
蟹邪泻褉褘褌褘泄	0.000267	0.116534	0.000031
蟹邪泻褍褋泻懈	0.004799	0.040822	0.000196
蟹邪泻褍褋泻褍	0.000800	0.116534	0.000093
蟹邪泻褍褋芯薪褔懈泻	0.000267	0.116534	0.000031
蟹邪泻褍褋芯褔泻邪	0.000267	0.116534	0.000031
蟹邪泻褍褋芯褔薪褘械	0.002399	0.116534	0.000280
蟹邪谢懈胁薪芯械	0.000533	0.040822	0.000022
蟹邪谢懈谢	0.000267	3.218876	0.000858
蟹邪屑械薪褟褌	0.000267	3.218876	0.000858
蟹邪屑芯褉芯蟹泻邪	0.000267	0.105361	0.000028
蟹邪锌邪写	0.000267	0.116534	0.000031
蟹邪锌械泻邪薪懈褟	0.000267	1.560648	0.000416
蟹邪锌械泻邪薪泻邪	0.002933	0.105361	0.000309
蟹邪锌械泻邪薪泻懈	0.002666	0.040822	0.000109
蟹邪锌械褔械薪薪芯泄	0.000267	2.995732	0.000799
蟹邪锌褉邪胁泻邪	0.000533	0.040822	0.000022
蟹邪褉械谐懈褋褌褉懈褉芯胁邪胁褕懈褋褜	0.000267	0.040822	0.000011
蟹邪褉械谐懈褋褌褉懈褉芯胁邪褌褜褋褟	0.000267	0.030459	0.000008
蟹邪褋械褔褜	0.000267	2.659260	0.000709
蟹邪褋芯谢泻邪	0.000267	0.116534	0.000031
蟹邪褏芯写懈褌械	0.000267	0.755023	0.000201
蟹邪褏芯褌械谢芯褋褜	0.000267	2.407946	0.000642
蟹胁邪薪褘泄	0.000267	0.127833	0.000034
蟹胁械蟹写邪	0.000267	0.127833	0.000034
蟹胁褢蟹写薪褘械	0.000267	0.116534	0.000031
蟹写芯褉芯胁芯械	0.000267	0.116534	0.000031
蟹写芯褉芯胁褘泄	0.000267	0.116534	0.000031
蟹械谢械薪褘泄	0.000533	1.021651	0.000545
蟹械谢械薪褜	0.001866	0.094311	0.000176
蟹械褎懈褉	0.000267	0.040822	0.000011
蟹懈屑薪懈械	0.000267	0.051293	0.000014
蟹懈屑褍	0.001066	0.040822	0.000044
蟹薪邪械褌械	0.000267	2.302585	0.000614
蟹薪邪褞	0.000800	0.755023	0.000604
蟹芯谢芯褌邪褟	0.000533	0.116534	0.000062
蟹芯谢芯褌懈褋褌芯泄	0.000267	2.659260	0.000709
蟹褉邪蟹褘	0.000800	2.040221	0.001632
懈胁邪薪芯胁邪	0.000267	0.127833	0.000034
懈写械邪谢褜薪邪褟	0.000267	0.116534	0.000031
懈写械邪谢褜薪芯谐芯	0.001333	0.116534	0.000155
懈写械邪谢褜薪芯械	0.000267	0.116534	0.000031
懈写械泄泻懈	0.000267	0.116534	0.000031
懈蟹胁械褋褌薪芯谐芯	0.000267	2.995732	0.000799
懈蟹胁械褋褌薪芯泄	0.000267	2.407946	0.000642
懈蟹写械谢懈褟	0.001066	0.116534	0.000124
懈蟹写械谢懈褟屑懈	0.001066	0.116534	0.000124
懈蟹褍褔懈谢懈	0.000267	3.218876	0.000858
懈泻褉邪	0.000800	0.040822	0.000033
懈谢谢褞褋褌褉懈褉芯胁邪薪	0.000267	2.120264	0.000565
懈屑械械褌	0.000267	1.832581	0.000489
懈屑械薪械屑	0.000267	0.040822	0.000011
懈屑械褞褌	0.000267	2.302585	0.000614
懈薪胁械褉褌芯褉薪芯泄	0.000267	0.127833	0.000034
懈薪谐褉械写懈械薪褌邪	0.000267	2.813411	0.000750
懈薪谐褉械写懈械薪褌邪屑	0.000267	1.469676	0.000392
懈薪谐褉械写懈械薪褌褘	0.008531	0.139262	0.001188
懈薪写械泄泻懈	0.001600	0.094311	0.000151
懈薪写械泄泻芯泄	0.000267	0.116534	0.000031
懈薪写懈懈	0.000267	2.813411	0.000750
懈薪写懈泄褋泻邪褟	0.000267	0.116534	0.000031
懈薪写懈泄褋泻懈	0.000267	2.659260	0.000709
懈薪写懈谢邪泄褌	0.000800	0.116534	0.000093
懈薪写懈褉械褋薪褘械	0.000267	0.116534	0.000031
懈薪械褌邪	0.000267	1.832581	0.000489
懈薪芯械	0.000267	2.302585	0.000614
懈薪褋褌褉褍泻褑懈褟屑懈	0.000267	0.040822	0.000011
懈薪褌械褉械褋薪芯	0.000267	1.660731	0.000443
懈褉邪泻褋泻邪褟	0.000267	0.116534	0.000031
懈褉邪薪褋泻邪褟	0.000267	0.116534	0.000031
懈褉谢邪薪写褋泻邪褟	0.000267	0.116534	0.000031
懈褋泻谢褞褔懈褌褜	0.000267	1.469676	0.000392
懈褋泻褉械薪薪械	0.000267	0.116534	0.000031
懈褋谢邪薪写褋泻邪褟	0.000267	0.116534	0.000031
懈褋锌邪薪褋泻邪褟	0.000267	0.116534	0.000031
懈褋锌械泻懈	0.000267	0.116534	0.000031
懈褋褌懈薪械	0.000267	2.659260	0.000709
懈褋褌懈薪薪褘屑	0.000267	3.218876	0.000858
懈褋褌芯褉懈懈	0.001333	0.116534	0.000155
懈褋褌芯褉懈褞	0.000267	0.116534	0.000031
懈褋褌芯褔邪械褌	0.000267	3.218876	0.000858
懈褌邪谢懈懈	0.000533	0.105361	0.000056
懈褌邪谢褜褟薪褋泻邪褟	0.000267	0.116534	0.000031
懈褖褍褌	0.000267	1.609438	0.000429
懈褞薪褟	0.000267	0.579818	0.000155
泄芯谐褍褉褌	0.000800	0.040822	0.000033
泻邪斜邪褔泻懈	0.000267	0.040822	0.000011
泻邪斜邪褔泻芯胁	0.000267	2.040221	0.000544
泻邪斜邪褔泻芯胁邪褟	0.000267	3.218876	0.000858
泻邪斜邪褔芯泻	0.000533	1.771957	0.000945
泻邪胁泻邪蟹褋泻邪褟	0.000267	0.116534	0.000031
泻邪卸写褘屑	0.000267	2.302585	0.000614
泻邪卸械褌褋褟	0.000267	1.714798	0.000457
泻邪蟹邪薪械	0.000533	0.116534	0.000062
泻邪蟹邪褏褋泻邪褟	0.000267	0.116534	0.000031
泻邪泻邪芯	0.000533	0.040822	0.000022
泻邪谢械泄写芯褋泻芯锌	0.001066	0.116534	0.000124
泻邪谢屑褘褑泻邪褟	0.000267	0.116534	0.000031
泻邪谢芯褉懈泄薪芯泄	0.000267	2.659260	0.000709
泻邪谢褜屑邪褉	0.000267	0.040822	0.000011
泻邪屑械褉邪	0.000267	0.116534	0.000031
泻邪薪邪写褋泻邪褟	0.000267	0.116534	0.000031
泻邪薪邪谢	0.000533	0.040822	0.000022
泻邪薪邪谢械	0.000267	0.040822	0.000011
泻邪薪邪锌械	0.000533	0.040822	0.000022
泻邪锌褍褋褌邪	0.001333	0.040822	0.000054
泻邪锌褍褋褌薪褟泻	0.000267	0.040822	0.000011
泻邪锌褍褋褌褘	0.000267	0.040822	0.000011
泻邪褉邪屑械谢懈蟹褍械褌褋褟	0.000267	3.218876	0.000858
泻邪褉邪屑械谢褜	0.000267	0.040822	0.000011
泻邪褉泻邪褋薪褘泄	0.001066	0.116534	0.000124
泻邪褉褌芯褎械谢褜	0.004532	0.040822	0.000185
泻邪褉褌芯褎械谢褜薪芯械	0.000267	0.040822	0.000011
泻邪褉褌芯褎械谢褜薪褘泄	0.001066	0.116534	0.000124
泻邪褉褌芯褎械谢褟	0.000800	1.897120	0.001517
泻邪褉褌芯褕械褔泻芯泄	0.000267	2.525729	0.000673
泻邪褉褌芯褕泻邪	0.000533	0.040822	0.000022
泻邪褉褌芯褕泻褍	0.000267	2.207275	0.000588
泻邪褋褝褉芯谢	0.000267	3.218876	0.000858
泻邪褌械谐芯褉懈懈	0.000533	0.116534	0.000062
泻邪褌械谐芯褉懈褟	0.003999	0.150823	0.000603
泻邪褔械褋褌胁芯	0.000267	0.116534	0.000031
泻邪褕邪	0.000267	0.040822	0.000011
泻邪褕懈	0.001333	0.105361	0.000140
泻邪褕褍	0.000267	0.094311	0.000025
泻胁邪褋	0.000800	0.040822	0.000033
泻胁邪褋薪芯械	0.000800	0.116534	0.000093
泻胁邪褋芯屑	0.000267	0.127833	0.000034
泻械泻褋	0.000267	0.040822	0.000011
泻械泻褋褘	0.000533	0.116534	0.000062
泻械褌褔褍锌	0.000533	1.560648	0.000832
泻械褎懈褉	0.000267	0.040822	0.000011
泻懈谢谢懈薪	0.000267	3.912023	0.001043
泻懈谢芯谐褉邪屑屑芯胁	0.000267	2.659260	0.000709
泻懈屑褔懈	0.000267	0.040822	0.000011
泻懈薪芯邪	0.000533	0.127833	0.000068
泻懈薪芯谢械薪褌邪	0.000267	0.116534	0.000031
泻懈褋械谢褜	0.000533	0.040822	0.000022
泻懈褌邪泄褋泻邪褟	0.000267	0.116534	0.000031
泻谢邪褋褋	0.002399	0.116534	0.000280
泻谢邪褋褋懈褔械褋泻懈泄	0.000267	1.897120	0.000506
泻谢邪褋褋懈褔械褋泻懈褏	0.000267	2.407946	0.000642
泻谢邪褋褋褘	0.000267	0.116534	0.000031
泻薪懈谐褍	0.000533	0.040822	0.000022
泻芯	0.000267	1.469676	0.000392
泻芯泻褌械泄谢懈	0.000267	0.127833	0.000034
泻芯泻褌械泄谢褜	0.001333	0.040822	0.000054
泻芯谢斜邪褋邪	0.000267	0.040822	0.000011
泻芯谢斜邪褋薪褘屑懈	0.001066	0.116534	0.000124
泻芯谢写褍薪褘	0.000267	2.813411	0.000750
泻芯谢谢械谐邪	0.000267	3.506558	0.000935
泻芯屑邪薪写邪	0.000533	0.127833	0.000068
泻芯屑懈	0.000267	0.116534	0.000031
泻芯屑屑械薪褌邪褉懈械胁	0.000267	0.223144	0.000059
泻芯屑锌邪薪懈泄	0.000267	0.105361	0.000028
泻芯屑锌芯褌	0.000800	0.040822	0.000033
泻芯薪械褔薪芯	0.000267	0.527633	0.000141
泻芯薪懈薪褘	0.000533	0.116534	0.000062
泻芯薪泻褉械褌薪芯泄	0.000267	2.659260	0.000709
泻芯薪泻褍褉褋	0.057051	0.105361	0.006011
泻芯薪泻褍褉褋邪	0.000267	0.116534	0.000031
泻芯薪泻褍褉褋邪褏	0.000267	0.040822	0.000011
泻芯薪泻褍褉褋薪褘械	0.000267	0.127833	0.000034
泻芯薪褋械褉胁懈褉芯胁邪薪懈械	0.000267	0.040822	0.000011
泻芯薪褋械褉胁懈褉芯胁邪薪薪邪褟	0.000267	0.116534	0.000031
泻芯薪褋械褉胁懈褉芯胁邪薪薪芯械	0.000267	0.116534	0.000031
泻芯薪褋械褉胁懈褉芯胁邪薪薪褘械	0.000533	0.116534	0.000062
泻芯薪褋械褉胁懈褉芯胁邪薪薪褘泄	0.000267	0.116534	0.000031
泻芯薪褎械褌褌懈	0.000267	0.116534	0.000031
泻芯薪褎械褌褘	0.000800	0.040822	0.000033
泻芯薪褎懈写械薪褑懈邪谢褜薪芯褋褌懈	0.000267	0.040822	0.000011
泻芯薪褎懈褌褞褉	0.000267	0.040822	0.000011
泻芯锌褔械薪芯褋褌褟屑懈	0.000267	0.116534	0.000031
泻芯褉械泄褋泻邪褟	0.000267	0.116534	0.000031
泻芯褉械泄褋泻懈	0.000267	0.040822	0.000011
泻芯褉卸懈泻懈	0.000267	0.040822	0.000011
泻芯褉懈邪薪写褉	0.000533	1.469676	0.000784
泻芯褉屑褟褖懈褏	0.000267	0.116534	0.000031
泻芯褉芯谢械胁褋泻芯械	0.000267	2.659260	0.000709
泻芯褉芯褔泻邪	0.000267	2.525729	0.000673
泻芯褉芯褔泻褍	0.000267	3.218876	0.000858
泻芯褋褌褉邪屑	0.000267	2.407946	0.000642
泻芯褌谢械褌邪褏	0.000267	2.525729	0.000673
泻芯褌谢械褌褘	0.001333	0.040822	0.000054
泻芯褌芯褉芯泄	0.000267	2.207275	0.000588
泻芯褌芯褉芯屑褍	0.000267	0.116534	0.000031
泻芯褎械	0.000533	0.040822	0.000022
泻褉邪褋懈胁褘械	0.000267	1.897120	0.000506
泻褉邪褋泻懈	0.000267	0.116534	0.000031
泻褉邪褏屑邪谢	0.000533	0.891598	0.000475
泻褉械邪褌懈胁	0.000267	0.127833	0.000034
泻褉械屑	0.000267	0.040822	0.000011
泻褉械屑邪	0.000533	0.116534	0.000062
泻褉械锌泻懈泄	0.000267	0.116534	0.000031
泻褉芯谢懈泻邪	0.000800	0.116534	0.000093
泻褉芯屑械	0.000267	0.061875	0.000016
泻褉芯褏懈	0.000267	0.116534	0.000031
泻褉褍谐褍	0.000533	0.116534	0.000062
泻褉褍锌	0.002399	0.116534	0.000280
泻褉褍锌邪	0.000267	0.127833	0.000034
泻褉褍锌褘	0.000533	0.127833	0.000068
泻褉褍锌褟薪褘械	0.000267	0.116534	0.000031
泻褉褘屑褍	0.000267	2.407946	0.000642
泻褍斜懈薪褋泻邪褟	0.000267	0.116534	0.000031
泻褍谢械褕	0.000267	0.040822	0.000011
泻褍谢懈薪邪褉懈懈	0.000800	0.094311	0.000075
泻褍谢懈薪邪褉薪邪褟	0.000267	0.116534	0.000031
泻褍谢懈薪邪褉薪芯械	0.000267	0.116534	0.000031
泻褍谢懈薪邪褉薪褍褞	0.000533	0.040822	0.000022
泻褍谢懈薪邪褉薪褘泄	0.000267	0.072571	0.000019
泻褍谢懈薪邪褉薪褘褏	0.000267	0.116534	0.000031
泻褍谢懈褔	0.000267	0.040822	0.000011
泻褍谢懈褔懈	0.000267	0.116534	0.000031
泻褍褉写褋泻邪褟	0.000267	0.116534	0.000031
泻褍褉懈薪邪褟	0.000533	1.021651	0.000545
泻褍褉懈薪芯谐芯	0.000267	0.116534	0.000031
泻褍褉懈薪芯械	0.004799	0.127833	0.000613
泻褍褉懈薪褘泄	0.001333	0.105361	0.000140
泻褍褉懈褑邪	0.000800	0.040822	0.000033
泻褍褉懈褑褘	0.001600	0.116534	0.000186
泻褍褉泻褍屑邪	0.000533	2.040221	0.001088
泻褍褉芯褔泻芯泄	0.000267	0.116534	0.000031
泻褍褉褌懈蟹邪薪泻懈	0.000267	3.218876	0.000858
泻褍褋泻褍褋	0.000267	0.040822	0.000011
泻褍褋芯褔泻邪	0.000267	1.897120	0.000506
泻褍褏薪械	0.000267	1.237874	0.000330
泻褍褏薪械泄	0.000267	0.040822	0.000011
泻褍褏薪懈	0.001333	0.040822	0.000054
泻褍褏薪褟	0.000800	0.116534	0.000093
谢邪胁邪褕	0.000533	0.040822	0.000022
谢邪胁邪褕邪	0.001066	0.116534	0.000124
谢邪胁褉芯胁褘泄	0.001066	1.139434	0.001215
谢邪谐屑邪薪	0.000533	0.040822	0.000022
谢邪泻芯屑褋褌胁芯	0.000267	0.116534	0.000031
谢邪锌褕邪	0.000533	0.040822	0.000022
谢邪褉懈褋械	0.000267	2.525729	0.000673
谢邪褋褌芯褔泻懈薪芯	0.000267	2.302585	0.000614
谢邪褌褘褕褋泻邪褟	0.000267	0.116534	0.000031
谢邪褏邪薪芯褉懈蟹芯	0.000533	2.407946	0.001284
谢械谐泻邪褟	0.000267	0.116534	0.000031
谢械谐泻懈泄	0.000533	0.116534	0.000062
谢械谐泻芯	0.001600	0.116534	0.000186
谢械薪懈胁褘泄	0.000267	1.897120	0.000506
谢械锌械褕泻懈	0.000533	0.040822	0.000022
谢械褌邪	0.000267	0.116534	0.000031
谢械褌薪懈械	0.000267	0.040822	0.000011
谢械褌薪褟褟	0.000267	0.116534	0.000031
谢械褌芯	0.001333	0.116534	0.000155
谢械褔芯	0.000267	0.040822	0.000011
谢懈谐邪	0.000800	0.116534	0.000093
谢懈泻械褉	0.000267	0.040822	0.000011
谢懈屑芯薪邪写	0.000533	0.040822	0.000022
谢懈屑芯薪薪褘泄	0.000533	0.798508	0.000426
谢懈屑芯薪薪褘屑	0.000267	2.659260	0.000709
谢懈褋褌	0.001066	1.139434	0.001215
谢懈褌芯胁褋泻	0.000267	0.127833	0.000034
谢懈褌芯胁褋泻邪褟	0.000267	0.116534	0.000031
谢懈褕薪懈褏	0.000267	1.966113	0.000524
谢褍泻	0.004799	0.301105	0.001445
谢褍泻芯胁褘泄	0.000267	2.659260	0.000709
谢褍褔泻芯屑	0.000267	2.407946	0.000642
谢褍褔褕懈械	0.000267	0.116534	0.000031
谢褍褔褕懈泄	0.000533	0.040822	0.000022
谢褍褔褕懈褏	0.000267	0.116534	0.000031
谢褞斜胁懈	0.000267	0.105361	0.000028
谢褞斜懈屑芯谐芯	0.000267	0.127833	0.000034
谢褞斜懈屑芯屑褍	0.000267	0.116534	0.000031
谢褞斜懈屑褘屑	0.000267	1.469676	0.000392
谢褞斜懈屑褘褏	0.001600	0.116534	0.000186
谢褞斜懈褌械谢褟屑	0.000267	2.659260	0.000709
谢褞斜芯胁褜	0.000267	0.116534	0.000031
谢褞斜芯泄	0.000533	0.116534	0.000062
谢褞写屑懈谢邪	0.000267	1.771957	0.000472
谢褢写	0.000267	0.127833	0.000034
屑邪谐褉懈斜邪	0.000267	0.116534	0.000031
屑邪泄	0.000267	0.116534	0.000031
屑邪泄芯薪械蟹	0.002399	0.116534	0.000280
屑邪泄芯薪械蟹薪芯	0.000267	2.659260	0.000709
屑邪泻邪褉芯薪薪褘械	0.000533	0.116534	0.000062
屑邪泻邪褉芯薪褘	0.000267	0.040822	0.000011
屑邪谢邪蟹懈泄褋泻邪褟	0.000267	0.116534	0.000031
屑邪薪薪懈泻	0.000267	0.040822	0.000011
屑邪薪褋邪褉写芯泄	0.000533	0.755023	0.000403
屑邪薪褌褘	0.000533	0.116534	0.000062
屑邪薪褢胁褉褘	0.000267	0.116534	0.000031
屑邪褉邪褎芯薪	0.000800	0.116534	0.000093
屑邪褉懈薪邪写	0.002399	0.040822	0.000098
屑邪褉懈薪邪写褘	0.000800	0.116534	0.000093
屑邪褉懈薪芯胁邪薪薪邪褟	0.000267	1.966113	0.000524
屑邪褉懈薪芯胁邪薪薪褘械	0.000267	0.116534	0.000031
屑邪褉屑械谢邪写	0.000267	0.040822	0.000011
屑邪褉芯泻泻邪薪褋泻邪褟	0.000267	0.116534	0.000031
屑邪褉褌邪	0.001333	0.105361	0.000140
屑邪褋泻邪褉锌芯薪械	0.000267	0.040822	0.000011
屑邪褋谢械薪懈褑邪	0.000800	0.040822	0.000033
屑邪褋谢械薪懈褔薪芯械	0.000267	0.116534	0.000031
屑邪褋谢芯	0.006665	0.116534	0.000777
屑邪褋谢芯屑	0.000267	0.116534	0.000031
屑邪褋谢褟薪褘褏	0.000267	2.659260	0.000709
屑邪褋褌械褉	0.002399	0.116534	0.000280
屑邪褋褌懈泻邪	0.000267	0.040822	0.000011
屑邪褋褌懈泻懈	0.000267	0.116534	0.000031
屑邪褎褎懈薪褘	0.000267	0.116534	0.000031
屑邪褏械械胁褗	0.001066	0.116534	0.000124
屑邪褟	0.000533	0.634878	0.000339
屑械写懈邪褎芯褉褌	0.000800	0.000000	0.000000
屑械写芯胁褘泄	0.000267	0.116534	0.000031
屑械泻褋懈泻邪薪褋泻邪褟	0.000267	0.116534	0.000031
屑械薪褞	0.000267	0.116534	0.000031
屑械薪褟	0.001066	0.083382	0.000089
屑械薪褟械褌褋褟	0.000267	0.116534	0.000031
屑械褔褌邪	0.000267	0.116534	0.000031
屑械褔褌褘	0.000533	0.040822	0.000022
屑懈写懈懈	0.000267	0.040822	0.000011
屑懈泻褉芯胁芯谢薪芯胁泻械	0.000533	0.116534	0.000062
屑懈谢褜械	0.000267	0.116534	0.000031
屑懈薪懈屑褍屑	0.000533	1.427116	0.000761
屑懈薪懈屑褍屑邪	0.000267	2.659260	0.000709
屑懈芯	0.000267	0.116534	0.000031
屑懈褉	0.000267	0.116534	0.000031
屑懈褉邪	0.000267	0.116534	0.000031
屑懈褉芯胁邪褟	0.000267	0.116534	0.000031
屑懈褋芯	0.000267	0.040822	0.000011
屑懈褋褌械褉懈褟	0.000267	0.116534	0.000031
屑懈褋褌褉邪谢褜	0.001866	0.116534	0.000217
屑薪芯卸械褋褌胁芯	0.000267	1.560648	0.000416
屑薪芯卸械褋褌胁芯屑	0.000267	0.040822	0.000011
屑芯谐褍	0.000533	0.798508	0.000426
屑芯械	0.000267	0.116534	0.000031
屑芯卸械褌械	0.000267	0.000000	0.000000
屑芯泄	0.000533	0.105361	0.000056
屑芯谢写邪胁褋泻邪褟	0.000267	0.116534	0.000031
屑芯谢芯泻械	0.000267	0.105361	0.000028
屑芯谢芯泻芯	0.001333	0.116534	0.000155
屑芯谢芯褔薪褘泄	0.000533	0.040822	0.000022
屑芯谢芯褔薪褘褏	0.000267	0.116534	0.000031
屑芯屑械薪褌	0.000800	0.116534	0.000093
屑芯薪谐芯谢褜褋泻邪褟	0.000267	0.116534	0.000031
屑芯褉械	0.000267	0.116534	0.000031
屑芯褉械锌褉芯写褍泻褌芯胁	0.004266	0.040822	0.000174
屑芯褉械锌褉芯写褍泻褌褘	0.000800	0.116534	0.000093
屑芯褉泻芯胁褜	0.001866	0.040822	0.000076
屑芯褉芯卸械薪芯械	0.000800	0.040822	0.000033
屑芯褉褋	0.000267	0.040822	0.000011
屑芯褉褋褘	0.000267	0.116534	0.000031
屑芯褌芯褉	0.000267	0.116534	0.000031
屑芯褏懈褌芯	0.000267	0.040822	0.000011
屑褍卸褋泻邪褟	0.000267	0.127833	0.000034
屑褍卸褔懈薪褘	0.000533	0.116534	0.000062
屑褍泻邪	0.002133	0.274437	0.000585
屑褍谢褜褌懈胁邪褉泻械	0.010131	0.116534	0.001181
屑褍谢褜褌懈锌械泻邪褉械泄	0.000800	0.116534	0.000093
屑褍褋褋	0.000267	0.040822	0.000011
屑褍褋褋褘	0.000533	0.116534	0.000062
屑褍褔薪褘械	0.000533	0.116534	0.000062
屑褘褌褜	0.000267	2.659260	0.000709
屑褞褋谢懈	0.000533	0.116534	0.000062
屑褟褋邪	0.002933	0.116534	0.000342
屑褟褋薪邪褟	0.000267	2.813411	0.000750
屑褟褋薪芯谐芯	0.001600	0.116534	0.000186
屑褟褋薪芯泄	0.002133	0.116534	0.000249
屑褟褋薪芯屑褍	0.000267	2.659260	0.000709
屑褟褋薪褘械	0.001333	0.040822	0.000054
屑褟褋薪褘褏	0.001066	0.116534	0.000124
屑褟褋芯	0.003466	0.040822	0.000141
屑褟褋芯屑	0.002399	0.040822	0.000098
屑褟褋褍	0.000533	0.116534	0.000062
薪邪胁褋械谐写邪	0.000267	2.040221	0.000544
薪邪写械卸薪褘泄	0.000267	3.912023	0.001043
薪邪蟹胁邪薪懈械	0.000533	0.941609	0.000502
薪邪蟹胁邪薪懈械屑	0.000533	1.203973	0.000642
薪邪蟹胁邪薪懈褟	0.000267	2.120264	0.000565
薪邪蟹胁邪褌褜	0.000267	2.040221	0.000544
薪邪蟹薪邪褔械薪懈褟	0.000267	0.116534	0.000031
薪邪蟹褘胁邪械褌褋褟	0.000267	2.040221	0.000544
薪邪懈胁泻褍褋薪械泄褕械谐芯	0.000267	2.659260	0.000709
薪邪谢懈胁泻邪	0.000267	0.040822	0.000011
薪邪锌懈褌泻懈	0.001600	0.040822	0.000065
薪邪锌懈褌芯泻	0.000267	0.040822	0.000011
薪邪褋褌芯泄泻邪	0.000267	0.040822	0.000011
薪邪褋褌芯褟褌械谢褜薪芯	0.000267	2.040221	0.000544
薪邪褋褌褉芯械薪懈械	0.000267	0.116534	0.000031
薪邪褌邪	0.000267	3.218876	0.000858
薪邪褌芯谢泻薪褍谢邪	0.000267	3.912023	0.001043
薪邪褑懈芯薪邪谢褜薪褘械	0.000267	0.116534	0.000031
薪邪褔懈薪泻邪	0.000533	0.040822	0.000022
薪邪褔懈薪泻芯泄	0.000267	0.116534	0.000031
薪邪褕械屑	0.000533	0.040822	0.000022
薪邪褕懈	0.000267	0.061875	0.000016
薪邪褕谢邪	0.000800	0.579818	0.000464
薪械写械谢褟	0.002666	0.061875	0.000165
薪械卸薪械泄褕械械	0.000267	2.659260	0.000709
薪械卸薪械泄褕懈屑	0.000267	2.407946	0.000642
薪械卸薪芯泄	0.000267	0.116534	0.000031
薪械卸薪褘泄	0.000533	0.891598	0.000475
薪械屑邪谢芯胁邪卸薪芯	0.000267	2.207275	0.000588
薪械屑械褑泻邪褟	0.000267	0.116534	0.000031
薪械薪褍卸薪褘褏	0.000267	2.659260	0.000709
薪械芯卸懈写邪薪薪褘械	0.000267	0.116534	0.000031
薪械锌芯胁褌芯褉懈屑褘屑	0.000267	3.218876	0.000858
薪械褋谢邪写泻芯械	0.000267	0.116534	0.000031
薪械褌械	0.000267	3.218876	0.000858
薪懈泻邪泻芯谐芯	0.000267	2.040221	0.000544
薪懈泻芯谐写邪	0.000267	1.771957	0.000472
薪懈褔械谐芯	0.000267	0.941609	0.000251
薪泻	0.000267	1.771957	0.000472
薪芯胁邪褟	0.000267	0.116534	0.000031
薪芯胁芯谐芯写薪械谐芯	0.001333	0.116534	0.000155
薪芯胁芯谐芯写薪械械	0.000800	0.116534	0.000093
薪芯胁芯谐芯写薪懈械	0.001866	0.040822	0.000076
薪芯胁芯谐芯写薪懈泄	0.001866	0.116534	0.000217
薪芯胁芯谐芯写薪褟褟	0.000267	0.105361	0.000028
薪芯胁芯褋褌褟褏	0.000267	0.061875	0.000016
薪芯胁褘械	0.000533	0.051293	0.000027
薪芯胁褘泄	0.002399	0.094311	0.000226
薪芯褉胁械卸褋泻邪褟	0.000267	0.116534	0.000031
薪芯褉褍芯谢泻	0.000267	4.605170	0.001228
薪芯褟斜褉褟	0.000800	0.527633	0.000422
薪褉邪胁懈褌褋褟	0.000267	1.427116	0.000380
薪褞褕泻邪	0.000267	3.218876	0.000858
芯斜械写	0.000800	0.105361	0.000084
芯斜械蟹褜褟薪褘	0.000267	0.116534	0.000031
芯斜谢邪写邪械褌	0.000267	2.040221	0.000544
芯斜褉邪蟹褍械褌	0.000267	2.995732	0.000799
芯斜褖邪褌褜褋褟	0.000267	0.040822	0.000011
芯斜褗械写械薪懈械	0.000267	2.407946	0.000642
芯斜褘写械薪薪褘械	0.000267	3.218876	0.000858
芯斜褘褔薪褘泄	0.000267	1.897120	0.000506
芯胁芯褖邪屑懈	0.000800	0.116534	0.000093
芯胁芯褖械泄	0.005065	0.105361	0.000534
芯胁芯褖懈	0.002133	0.094311	0.000201
芯胁芯褖薪邪褟	0.000267	0.040822	0.000011
芯胁芯褖薪芯械	0.000533	0.116534	0.000062
芯胁芯褖薪芯泄	0.001066	0.105361	0.000112
芯胁芯褖薪褘械	0.001600	0.040822	0.000065
芯胁褋褟薪芯械	0.000267	0.116534	0.000031
芯谐薪械薪薪芯泄	0.000267	0.116534	0.000031
芯谐薪褟	0.000267	0.116534	0.000031
芯谐褉芯屑薪械泄褕械械	0.000267	3.218876	0.000858
芯谐褉芯屑薪芯械	0.000267	1.237874	0.000330
芯谐褍褉褑褘	0.000533	0.116534	0.000062
芯写薪芯泄	0.000267	1.237874	0.000330
芯卸懈写邪薪懈褟	0.000267	2.120264	0.000565
芯泻芯褉芯褔芯泻	0.000533	2.407946	0.001284
芯泻褉芯褕泻邪	0.000800	0.040822	0.000033
芯泻褌褟斜褉褟	0.000267	0.562119	0.000150
芯谢邪写褜懈	0.000800	0.040822	0.000033
芯谢械邪薪	0.000267	4.605170	0.001228
芯谢械泄薪邪	0.000800	0.116534	0.000093
芯谢械泄薪芯泄	0.001066	0.116534	0.000124
芯谢械泄薪褘	0.000267	0.127833	0.000034
芯谢懈胁泻芯胁芯械	0.001066	0.544727	0.000581
芯屑谢械褌	0.000267	0.040822	0.000011
芯锌邪褉邪	0.000267	0.040822	0.000011
芯锌褉械写械谢械薪薪褘械	0.000267	2.659260	0.000709
芯锌褉芯褋	0.000267	0.061875	0.000016
芯褉懈谐懈薪邪谢褜薪邪褟	0.000267	2.302585	0.000614
芯褉懈谐懈薪邪谢褜薪褘械	0.000267	2.995732	0.000799
芯褋械薪薪械械	0.000267	0.116534	0.000031
芯褋械薪薪懈械	0.000267	0.051293	0.000014
芯褋械薪薪懈泄	0.000533	0.116534	0.000062
芯褋械薪褜	0.002666	0.105361	0.000281
芯褋薪芯胁薪芯械	0.000267	0.040822	0.000011
芯褋褌邪械褌褋褟	0.000267	0.116534	0.000031
芯褌斜懈胁薪褘械	0.000267	2.207275	0.000588
芯褌胁械褌懈褌褜	0.000267	0.051293	0.000014
芯褌胁械褌芯胁	0.000267	0.051293	0.000014
芯褌胁械褌褘	0.000267	0.000000	0.000000
芯褌写褘褏邪械褌	0.000267	2.302585	0.000614
芯褌写褘褏邪褞	0.000267	2.659260	0.000709
芯褌泻褉褘褌褘泄	0.000533	0.116534	0.000062
芯褌屑械薪懈褌褜	0.000267	0.040822	0.000011
芯褌薪芯褋懈褌褋褟	0.000267	2.120264	0.000565
芯褌薪芯褕械薪懈褟	0.000267	2.120264	0.000565
芯褌褌懈褉邪褌褜	0.000267	2.659260	0.000709
芯褏谢邪写懈褌褜	0.000267	0.116534	0.000031
芯褔械褉械写薪芯泄	0.000267	1.771957	0.000472
锌邪泻械褌懈泻邪褏	0.000267	0.105361	0.000028
锌邪谢芯褔泻懈	0.000267	0.040822	0.000011
锌邪薪懈褉芯胁泻邪	0.002133	0.116534	0.000249
锌邪薪懈褉芯胁芯褔薪褘械	0.000533	1.309333	0.000698
锌邪褉邪	0.000267	0.116534	0.000031
锌邪褉邪写	0.001866	0.116534	0.000217
锌邪褉懈卸褋泻芯谐芯	0.000267	3.218876	0.000858
锌邪褉泻	0.000267	2.659260	0.000709
锌邪褉芯胁邪褉泻械	0.002399	0.116534	0.000280
锌邪褉芯谢褜	0.000267	0.020203	0.000005
锌邪褋褌邪	0.001066	0.040822	0.000044
锌邪褋褌褉芯屑邪	0.000267	0.040822	0.000011
锌邪褋褏邪	0.000533	0.040822	0.000022
锌邪褋褏邪谢褜薪邪褟	0.000533	0.116534	0.000062
锌邪褋褏邪谢褜薪褘泄	0.000267	0.127833	0.000034
锌邪褕褌械褌	0.000267	0.040822	0.000011
锌邪褕褌械褌褘	0.000533	0.116534	0.000062
锌械泻邪褉褟	0.000267	0.127833	0.000034
锌械谢褜屑械薪懈	0.000533	0.116534	0.000062
锌械褉胁芯谐芯	0.000267	2.120264	0.000565
锌械褉胁芯械	0.000533	0.040822	0.000022
锌械褉胁褘械	0.000267	0.127833	0.000034
锌械褉胁褘屑	0.000267	0.116534	0.000031
锌械褉械泄褌懈	0.000267	0.040822	0.000011
锌械褉械泻褍褋	0.000533	0.116534	0.000062
锌械褉械褑	0.007198	0.040822	0.000294
锌械褉褋芯薪褘	0.000267	0.116534	0.000031
锌械褉褍邪薪褋泻邪褟	0.000267	0.116534	0.000031
锌械褋薪褟	0.000267	2.407946	0.000642
锌械褋芯褔薪芯械	0.000533	0.105361	0.000056
锌械褋芯褔薪褘泄	0.000267	0.116534	0.000031
锌械褌械谢懈薪泻懈	0.000267	0.127833	0.000034
锌械褌褉褍褕泻邪	0.001066	0.693147	0.000739
锌械褔械薪芯褔薪褘泄	0.000267	0.040822	0.000011
锌械褔械薪褜械	0.002399	0.040822	0.000098
锌械褔懈	0.000267	0.127833	0.000034
锌懈胁芯	0.000267	0.116534	0.000031
锌懈泻邪薪褌褘	0.000267	0.127833	0.000034
锌懈泻薪懈泻	0.000533	0.116534	0.000062
锌懈泻薪懈泻邪	0.000267	0.116534	0.000031
锌懈泻薪懈泻褍	0.000267	0.105361	0.000028
锌懈褉	0.000267	0.116534	0.000031
锌懈褉芯谐	0.000800	0.040822	0.000033
锌懈褉芯谐懈	0.000267	0.105361	0.000028
锌懈褉芯卸泻懈	0.000267	0.040822	0.000011
锌懈褉芯卸薪芯械	0.000267	0.040822	0.000011
锌懈褉芯卸薪褘械	0.000267	0.116534	0.000031
锌懈褌邪薪懈械	0.001333	0.105361	0.000140
锌懈褌邪薪懈褟	0.000267	2.302585	0.000614
锌懈褑褑邪	0.000533	0.040822	0.000022
锌谢邪胁谢械薪褘泄	0.000533	1.237874	0.000660
锌谢邪屑褟	0.000267	0.116534	0.000031
锌谢懈褌邪	0.001066	0.127833	0.000136
锌谢懈褌芯泄	0.000267	2.659260	0.000709
锌谢懈褌褍	0.000267	2.659260	0.000709
锌谢芯胁	0.000533	0.116534	0.000062
锌谢芯写褘	0.000267	0.116534	0.000031
锌芯胁邪褉邪	0.000267	1.514128	0.000404
锌芯胁邪褉械薪泻械	0.000267	0.040822	0.000011
锌芯胁邪褉械薪芯泻	0.000267	0.061875	0.000016
锌芯胁邪褉懈谢	0.000267	3.218876	0.000858
锌芯胁邪褉芯屑	0.000267	3.218876	0.000858
锌芯胁邪褉褟褌	0.000267	0.116534	0.000031
锌芯胁邪褉褟褌邪屑懈	0.000267	0.040822	0.000011
锌芯胁邪褉褢薪泻邪	0.000267	0.116534	0.000031
锌芯胁懈写谢芯	0.000267	0.040822	0.000011
锌芯谐褍谢褟褌褜	0.000267	2.659260	0.000709
锌芯写邪褉泻芯胁	0.000267	0.116534	0.000031
锌芯写斜芯褉	0.000267	1.514128	0.000404
锌芯写械谢懈褌褜褋褟	0.000267	0.478036	0.000127
锌芯写泻褍锌懈谢邪	0.000267	2.813411	0.000750
锌芯写谢懈胁邪	0.000267	0.116534	0.000031
锌芯写谢懈胁泻邪	0.000267	0.040822	0.000011
锌芯写锌懈褋邪褌褜褋褟	0.000267	0.040822	0.000011
锌芯写锌懈褕懈褌械褋褜	0.000533	0.040822	0.000022
锌芯写褋泻邪卸械褌械	0.000267	2.525729	0.000673
锌芯械写懈薪泻懈	0.003732	0.116534	0.000435
锌芯卸邪谢褍泄	0.000267	2.040221	0.000544
锌芯蟹写褉邪胁褜	0.000267	0.116534	0.000031
锌芯懈褋泻	0.000267	0.051293	0.000014
锌芯泄褌懈	0.000267	2.659260	0.000709
锌芯泻邪蟹褘胁邪谢邪	0.000267	2.407946	0.000642
锌芯泻芯褉懈褌	0.000267	2.525729	0.000673
锌芯谢写薪懈泻	0.000533	0.116534	0.000062
锌芯谢械蟹薪芯	0.000267	0.116534	0.000031
锌芯谢懈褌懈泻芯泄	0.000267	0.040822	0.000011
锌芯谢薪械泄褕械屑	0.000267	2.995732	0.000799
锌芯谢芯胁懈薪邪	0.002133	0.116534	0.000249
锌芯谢褌芯褉邪	0.000267	2.525729	0.000673
锌芯谢褍褔邪械褌褋褟	0.000533	0.400478	0.000214
锌芯谢褍褔邪泄褌械	0.000267	0.040822	0.000011
锌芯谢褍褔邪褌褜	0.000267	0.040822	0.000011
锌芯谢褍褔械薪薪芯屑褍	0.000267	2.995732	0.000799
锌芯谢褍褔懈谢芯褋褜	0.000267	0.994252	0.000265
锌芯谢褜蟹邪	0.000267	0.127833	0.000034
锌芯谢褜蟹芯胁邪褌械谢械屑	0.000267	2.040221	0.000544
锌芯谢褜蟹芯泄	0.001066	0.116534	0.000124
锌芯谢褜褋泻邪褟	0.000267	0.116534	0.000031
锌芯屑邪写泻邪	0.000533	0.040822	0.000022
锌芯屑邪写泻懈	0.000267	0.116534	0.000031
锌芯屑懈写芯褉	0.001600	0.713350	0.001141
锌芯屑懈写芯褉泻懈	0.000267	0.127833	0.000034
锌芯屑懈写芯褉褘	0.000533	0.116534	0.000062
锌芯屑薪褞	0.000267	1.966113	0.000524
锌芯薪邪写芯斜懈褌褋褟	0.000267	2.525729	0.000673
锌芯薪邪写芯斜褟褌褋褟	0.000267	3.218876	0.000858
锌芯薪褉邪胁懈胁褕懈械褋褟	0.000267	0.040822	0.000011
锌芯薪褔懈泻懈	0.000533	0.040822	0.000022
锌芯锌邪谢	0.000267	2.407946	0.000642
锌芯锌褉芯斜芯胁邪胁	0.000267	1.832581	0.000489
锌芯锌褉芯斜芯胁邪谢	0.000267	2.407946	0.000642
锌芯锌褉芯斜芯胁邪谢邪	0.000533	1.469676	0.000784
锌芯锌褉芯斜褍泄褌械	0.000533	0.562119	0.000300
锌芯褉邪	0.000267	0.116534	0.000031
锌芯褉褌褍谐邪谢褜褋泻邪褟	0.000267	0.116534	0.000031
锌芯褋胁褟褖邪械褌褋褟	0.000267	3.506558	0.000935
锌芯褋械褖邪械褌械	0.000267	0.061875	0.000016
锌芯褋褌	0.001333	0.105361	0.000140
锌芯褋褌薪芯械	0.000267	0.116534	0.000031
锌芯褋褌薪褘械	0.000267	0.040822	0.000011
锌芯褋褌薪褘泄	0.000267	0.116534	0.000031
锌芯褋褌芯褟薪薪芯	0.000267	0.040822	0.000011
锌芯褋褌褉芯懈屑	0.000267	0.116534	0.000031
锌芯褋褍写邪	0.000533	0.094311	0.000050
锌芯褋褍写褘	0.000267	2.525729	0.000673
锌芯褌褉褟褋邪褞褖械	0.000533	1.560648	0.000832
锌芯褔械屑褍	0.000267	1.203973	0.000321
锌芯褔褌褍	0.000267	0.040822	0.000011
锌芯褕邪谐芯胁褘械	0.000267	0.301105	0.000080
锌芯褕邪谐芯胁褘屑懈	0.000267	0.040822	0.000011
锌芯褝褎褎械泻褌薪械械	0.000267	2.525729	0.000673
锌褉邪胁懈谢褜薪芯	0.000533	2.040221	0.001088
锌褉邪蟹写薪械褋褌胁邪	0.000267	2.407946	0.000642
锌褉邪蟹写薪懈泻邪	0.000267	0.116534	0.000031
锌褉邪蟹写薪懈褔薪芯	0.000267	0.116534	0.000031
锌褉邪蟹写薪懈褔薪芯谐芯	0.000267	0.116534	0.000031
锌褉邪蟹写薪懈褔薪褘泄	0.000267	0.116534	0.000031
锌褉邪泻褌懈泻褍屑	0.000267	0.116534	0.000031
锌褉械胁蟹芯褕械谢	0.000267	2.207275	0.000588
锌褉械胁芯褋褏芯写薪褘械	0.000267	0.116534	0.000031
锌褉械胁褉邪褖械薪懈褟	0.000267	0.116534	0.000031
锌褉械写谢邪谐邪褞	0.000267	0.693147	0.000185
锌褉械写谢芯卸懈褌褜	0.000267	1.237874	0.000330
锌褉械写褋褌邪胁懈褌褜	0.000267	1.660731	0.000443
锌褉械褋薪芯械	0.000267	0.116534	0.000031
锌褉懈斜邪胁谢械薪懈褟	0.000267	2.659260	0.000709
锌褉懈胁械蟹谢邪	0.000267	2.813411	0.000750
锌褉懈谐芯褌芯胁懈谢邪	0.000267	1.386294	0.000370
锌褉懈谐芯褌芯胁懈屑	0.000267	0.116534	0.000031
锌褉懈谐芯褌芯胁懈褌褜	0.000533	0.342490	0.000183
锌褉懈谐芯褌芯胁谢械薪懈械	0.000533	0.105361	0.000056
锌褉懈谐芯褌芯胁谢械薪懈褞	0.000267	0.040822	0.000011
锌褉懈谐芯褌芯胁谢械薪懈褟	0.000800	0.371064	0.000297
锌褉懈谐芯褌芯胁谢械薪薪芯械	0.000267	2.302585	0.000614
锌褉懈谐芯褌芯胁谢械薪薪褘泄	0.000267	2.525729	0.000673
锌褉懈写邪械褌	0.000267	2.302585	0.000614
锌褉懈写褍屑邪薪芯	0.000267	3.218876	0.000858
锌褉懈蟹薪邪薪懈械	0.000267	0.116534	0.000031
锌褉懈蟹芯胁	0.000267	0.040822	0.000011
锌褉懈屑械褉褍	0.000267	2.659260	0.000709
锌褉懈锌褉邪胁邪	0.000800	0.040822	0.000033
锌褉懈褉芯写褍	0.000267	0.116534	0.000031
锌褉懈褉芯写褘	0.000267	0.116534	0.000031
锌褉懈褋褌褍锌懈褌褜	0.000267	0.040822	0.000011
锌褉芯胁械写懈	0.001066	0.116534	0.000124
锌褉芯胁械褉械薪芯	0.001600	0.116534	0.000186
锌褉芯胁械褉懈褌褜	0.000267	1.832581	0.000489
锌褉芯胁芯写懈屑褘褏	0.000267	0.040822	0.000011
锌褉芯胁芯卸邪械屑	0.000267	0.116534	0.000031
锌褉芯写褍泻褌芯胁	0.000267	0.094311	0.000025
锌褉芯械泻褌芯胁	0.000267	0.116534	0.000031
锌褉芯械泻褌褘	0.000267	0.061875	0.000016
锌褉芯褋屑芯褌褉邪屑	0.000267	0.274437	0.000073
锌褉芯褋屑芯褌褉械谢邪	0.000267	1.832581	0.000489
锌褉芯褋褌芯	0.001866	0.083382	0.000156
锌褉芯褋褌芯械	0.000267	1.514128	0.000404
锌褉芯褋褌芯泄	0.000267	0.755023	0.000201
锌褉芯褋褌芯泻胁邪褕邪	0.000267	0.040822	0.000011
锌褉芯褋褌芯褌邪	0.000267	1.966113	0.000524
锌褉芯褎懈谢褜	0.000267	0.040822	0.000011
锌褉芯褔懈褌邪谢邪	0.000267	1.832581	0.000489
锌褉芯褕褍	0.000267	1.139434	0.000304
锌褉褟屑芯	0.000267	0.040822	0.000011
锌褉褟薪懈泻	0.000267	0.040822	0.000011
锌褉褟薪懈泻懈	0.000267	0.116534	0.000031
锌褉褟薪懈褔薪芯械	0.000267	0.116534	0.000031
锌褌懈褑邪	0.002133	0.116534	0.000249
锌褌懈褑械	0.000533	0.116534	0.000062
锌褌懈褑械泄	0.000267	0.127833	0.000034
锌褌懈褑褘	0.004799	0.116534	0.000559
锌褌懈褔褜械	0.000533	1.832581	0.000977
锌褍写懈薪谐	0.000267	0.040822	0.000011
锌褍写懈薪谐懈	0.000533	0.116534	0.000062
锌褍薪褕	0.000267	0.040822	0.000011
锌褍褌械褕械褋褌胁懈械	0.000533	0.116534	0.000062
锌褍褌褜	0.000267	0.116534	0.000031
锌褕械薪懈褔薪邪褟	0.002133	0.287682	0.000614
锌褘褕泻懈	0.000267	0.040822	0.000011
锌褞褉械	0.001066	0.040822	0.000044
锌褟褌褜	0.000267	1.832581	0.000489
褉邪斜芯褌邪谢邪	0.000267	2.302585	0.000614
褉邪谐褍	0.000533	0.116534	0.000062
褉邪蟹	0.000800	0.446287	0.000357
褉邪蟹胁械褉薪褍褌褜	0.000267	0.116534	0.000031
褉邪蟹写械谢褜薪芯械	0.000267	0.116534	0.000031
褉邪蟹屑械褖邪褌褜	0.000267	2.302585	0.000614
褉邪蟹屑械褖械薪	0.000267	2.659260	0.000709
褉邪蟹薪褘械	0.000267	0.116534	0.000031
褉邪蟹芯屑	0.000267	2.407946	0.000642
褉邪屑泻邪褏	0.000267	1.832581	0.000489
褉邪薪褜褕械	0.000267	1.560648	0.000416
褉邪褋泻褉邪褋泻懈	0.000267	2.120264	0.000565
褉邪褋泻褉褘谢懈	0.000267	3.218876	0.000858
褉邪褋褋屑邪褌褉懈胁邪褌褜	0.000267	2.659260	0.000709
褉邪褋褋芯谢褜薪懈泻	0.000800	0.040822	0.000033
褉邪褋褋芯谢褜薪懈泻邪	0.000267	0.116534	0.000031
褉邪褋褋褘谢泻懈	0.000267	0.061875	0.000016
褉邪褋褌懈褌械谢褜薪芯械	0.003199	0.235722	0.000754
褉械谐懈褋褌褉邪褑懈懈	0.000533	0.010050	0.000005
褉械谐懈褋褌褉邪褑懈褟	0.000267	0.000000	0.000000
褉械蟹褍谢褜褌邪褌	0.000267	0.967584	0.000258
褉械泄褌懈薪谐褍	0.000267	0.248461	0.000066
褉械泻芯屑械薪写褍褞	0.000267	1.049822	0.000280
褉械锌褔邪褌褘泄	0.004266	0.430783	0.001838
褉械褋褌芯褉邪薪邪	0.000267	1.832581	0.000489
褉械褑械锌褌	0.005065	0.040822	0.000207
褉械褑械锌褌邪	0.000267	0.462035	0.000123
褉械褑械锌褌邪褏	0.000267	0.061875	0.000016
褉械褑械锌褌懈泻	0.000267	1.660731	0.000443
褉械褑械锌褌芯胁	0.002133	0.040822	0.000087
褉械褑械锌褌褘	0.019195	0.040822	0.000784
褉械褕懈谢邪褋褜	0.000267	2.525729	0.000673
褉懈褋	0.003199	0.040822	0.000131
褉懈褋邪	0.000267	0.116534	0.000031
褉懈褋泻	0.000267	2.659260	0.000709
褉懈褋芯屑	0.000267	1.660731	0.000443
褉懈褌屑械	0.000267	0.116534	0.000031
褉芯谐邪谢懈泻懈	0.000267	0.040822	0.000011
褉芯写薪芯械	0.000267	0.116534	0.000031
褉芯卸写械薪懈褟	0.000267	0.105361	0.000028
褉芯卸写械褋褌胁芯	0.000267	0.116534	0.000031
褉芯谢谢褌芯薪	0.000267	0.116534	0.000031
褉芯谢谢褘	0.000533	0.040822	0.000022
褉芯屑	0.000267	0.040822	0.000011
褉褍斜褉懈泻邪褌芯褉	0.000267	0.051293	0.000014
褉褍泻邪胁械	0.000267	2.813411	0.000750
褉褍谢械褌	0.000267	0.040822	0.000011
褉褍谢械褌褘	0.002933	0.116534	0.000342
褉褍屑褘薪褋泻邪褟	0.000267	0.116534	0.000031
褉褍屑褟薪褘械	0.000267	0.116534	0.000031
褉褍薪械褌械	0.000267	0.020203	0.000005
褉褍褋褋泻邪褟	0.000267	0.116534	0.000031
褉褘斜邪	0.003999	0.040822	0.000163
褉褘斜械	0.000533	0.116534	0.000062
褉褘斜泻邪	0.000533	2.525729	0.001347
褉褘斜薪邪褟	0.000267	0.116534	0.000031
褉褘斜薪芯谐芯	0.000800	0.116534	0.000093
褉褘斜薪褘械	0.001066	0.116534	0.000124
褉褘斜薪褘泄	0.000533	0.116534	0.000062
褉褘斜薪褘褏	0.000533	0.116534	0.000062
褉褘斜芯泄	0.000800	0.116534	0.000093
褉褘斜褘	0.005332	0.116534	0.000621
褉褟卸械薪泻邪	0.000267	0.116534	0.000031
褋邪泄褌	0.000800	0.000000	0.000000
褋邪泄褌械	0.000800	0.462035	0.000370
褋邪泄褌褍	0.000533	0.061875	0.000033
褋邪谢邪褌	0.000267	0.094311	0.000025
褋邪谢邪褌薪邪褟	0.000267	0.116534	0.000031
褋邪谢邪褌褘	0.008264	0.040822	0.000337
褋邪屑芯谐芯薪	0.000267	0.040822	0.000011
褋邪屑芯谢械褌邪	0.000267	2.525729	0.000673
褋邪屑芯褋褌芯褟褌械谢褜薪芯械	0.000267	2.207275	0.000588
褋邪屑褘褏	0.000533	0.116534	0.000062
褋邪褎	0.000800	0.116534	0.000093
褋邪褎褋械屑	0.000267	0.116534	0.000031
褋邪褏邪褉	0.001066	0.116534	0.000124
褋斜懈褌械薪褜	0.000267	0.040822	0.000011
褋胁械卸械褋褌褜	0.000267	0.105361	0.000028
褋胁械泻谢邪	0.000267	0.040822	0.000011
褋胁械泻谢芯泄	0.000267	3.218876	0.000858
褋胁械泻芯谢褜薪懈泻	0.000533	0.040822	0.000022
褋胁械褌邪	0.001066	0.116534	0.000124
褋胁械褌谢邪薪芯褔泻械	0.000267	3.218876	0.000858
褋胁懈薪懈薪邪	0.001600	0.040822	0.000065
褋胁懈薪懈薪褘	0.002399	0.116534	0.000280
褋胁芯写懈屑	0.000267	2.659260	0.000709
褋胁芯械	0.000267	0.116534	0.000031
褋胁芯械屑	0.000267	0.040822	0.000011
褋胁芯懈屑	0.000267	0.040822	0.000011
褋胁芯褞	0.000267	0.040822	0.000011
褋谐褍褖械薪泻邪	0.000267	0.040822	0.000011
褋写械谢邪械褌	0.000267	2.995732	0.000799
褋械谐芯写薪褟	0.000267	0.843970	0.000225
褋械蟹芯薪	0.000267	0.116534	0.000031
褋械泄褔邪褋	0.000267	0.030459	0.000008
褋械泻褉械褌褘	0.000533	0.116534	0.000062
褋械谢械写泻邪	0.000267	0.040822	0.000011
褋械屑谐邪	0.000267	0.040822	0.000011
褋械屑械泄薪褘泄	0.000267	0.116534	0.000031
褋械屑褜械泄	0.000267	1.897120	0.000506
褋械屑褜懈	0.000267	0.116534	0.000031
褋械薪褌褟斜褉褟	0.000267	0.673345	0.000180
褋械褉写褑械	0.000267	1.832581	0.000489
褋懈写褉	0.000267	0.040822	0.000011
褋懈褉懈泄褋泻邪褟	0.000267	0.116534	0.000031
褋懈褉芯锌	0.000267	0.040822	0.000011
褋懈褉芯锌褘	0.000267	0.116534	0.000031
褋懈褋褌械屑褘	0.000267	0.040822	0.000011
褋懈褌懈	0.000267	0.127833	0.000034
褋泻邪卸械褌	0.000267	2.813411	0.000750
褋泻邪蟹邪褌褜	0.000267	0.653926	0.000174
褋泻邪蟹芯泻	0.000267	0.116534	0.000031
褋泻芯胁芯褉芯写泻械	0.000267	2.207275	0.000588
褋泻芯胁芯褉芯写泻褍	0.000267	2.407946	0.000642
褋泻褍屑斜褉懈懈	0.000267	3.912023	0.001043
褋泻褍屑斜褉懈褟	0.000800	2.813411	0.002250
褋谢邪写泻邪褟	0.000533	0.116534	0.000062
褋谢邪写泻懈械	0.001600	0.040822	0.000065
褋谢邪写泻懈泄	0.002399	0.105361	0.000253
褋谢邪写泻懈褏	0.000533	0.116534	0.000062
褋谢邪写泻芯	0.000267	0.116534	0.000031
褋谢械写懈褌褜	0.000267	2.659260	0.000709
褋谢懈胁芯褔薪芯械	0.002133	0.116534	0.000249
褋谢懈胁芯褔薪褘泄	0.000267	1.469676	0.000392
褋谢懈褕泻芯屑	0.000267	2.120264	0.000565
褋谢芯械薪芯谐芯	0.000267	0.127833	0.000034
褋谢芯械薪芯械	0.000267	0.116534	0.000031
褋谢芯械薪褘泄	0.000267	0.116534	0.000031
褋谢芯泄泻邪	0.000267	0.040822	0.000011
褋谢芯泄泻懈	0.000267	0.116534	0.000031
褋屑械谢芯	0.000267	2.120264	0.000565
褋屑械褌邪薪邪	0.000800	0.105361	0.000084
褋屑械褕邪薪薪芯谐芯	0.000800	0.116534	0.000093
褋屑芯谐褍	0.000267	2.659260	0.000709
褋屑芯卸械褌械	0.000267	0.040822	0.000011
褋屑褍蟹懈	0.000800	0.040822	0.000033
褋薪邪褉褍卸懈	0.000267	2.525729	0.000673
褋薪褝泻	0.000267	0.116534	0.000031
褋芯斜邪泻芯泄	0.000267	2.659260	0.000709
褋芯斜懈褉邪械褌械褋褜	0.000267	0.040822	0.000011
褋芯斜懈褉邪谢邪褋褜	0.000267	2.525729	0.000673
褋芯斜褋褌胁械薪薪芯屑	0.000267	2.407946	0.000642
褋芯胁械褉褕械薪褋褌胁芯	0.001333	0.116534	0.000155
褋芯胁械褌邪屑懈	0.000267	0.040822	0.000011
褋芯胁褋械屑	0.000267	1.139434	0.000304
褋芯谐谢邪褕邪械褌械褋褜	0.000267	0.040822	0.000011
褋芯械胁褘泄	0.001066	0.798508	0.000852
褋芯械胁褘屑	0.000267	2.525729	0.000673
褋芯蟹写邪械褌	0.000267	0.116534	0.000031
褋芯蟹写邪薪懈褟	0.000533	0.261365	0.000139
褋芯泻	0.001333	0.116534	0.000155
褋芯泻邪	0.000267	0.105361	0.000028
褋芯泻懈	0.000267	0.040822	0.000011
褋芯泻芯屑	0.000267	2.207275	0.000588
褋芯泻褍	0.000267	2.407946	0.000642
褋芯谢械薪褘械	0.000800	0.116534	0.000093
褋芯谢械薪褜褟	0.000533	0.116534	0.000062
褋芯谢薪械褔薪芯泄	0.000267	0.127833	0.000034
褋芯谢褜	0.007465	0.150823	0.001126
褋芯谢褟薪泻邪	0.001066	0.040822	0.000044
褋芯芯褌胁械褌褋褌胁褍械褌	0.000267	2.302585	0.000614
褋芯褉褌懈褉芯胁邪褌褜	0.000267	0.248461	0.000066
褋芯褋褌邪胁褜	0.000267	0.116534	0.000031
褋芯褍褋	0.003199	0.040822	0.000131
褋芯褍褋芯屑	0.001600	0.116534	0.000186
褋芯褍褋褘	0.001066	0.116534	0.000124
褋芯褏褉邪薪褟褌褜	0.000267	0.040822	0.000011
褋芯褑褋械褌懈	0.000267	0.040822	0.000011
褋芯褔械褌邪薪懈械	0.000267	0.116534	0.000031
褋芯褔薪芯械	0.000533	0.116534	0.000062
褋锌邪谢褜薪褟屑懈	0.000267	0.446287	0.000119
褋锌邪褋懈斜芯	0.000800	0.673345	0.000539
褋锌械褑懈邪谢褜薪芯械	0.000267	0.116534	0.000031
褋锌械褑懈懈	0.001866	0.105361	0.000197
褋锌械褑懈褟屑懈	0.000267	2.525729	0.000673
褋锌械褑锌褉芯械泻褌	0.008798	0.116534	0.001025
褋锌懈褋芯泻	0.000267	0.116534	0.000031
褋锌芯褋芯斜	0.000267	1.427116	0.000380
褋锌芯褋芯斜械	0.000267	2.525729	0.000673
褋锌芯褞	0.000267	0.116534	0.000031
褋褉械写懈蟹械屑薪芯屑芯褉褋泻邪褟	0.000267	0.127833	0.000034
褋褌邪薪械褌	0.000267	1.832581	0.000489
褋褌邪褉褘械	0.000267	0.261365	0.000070
褋褌邪褉褘泄	0.000267	2.040221	0.000544
褋褌邪褌褜	0.000267	1.966113	0.000524
褋褌邪褌褜褟褏	0.000267	0.061875	0.000016
褋褌械锌懈	0.000267	2.302585	0.000614
褋褌械锌薪芯屑褍	0.000267	2.407946	0.000642
褋褌懈谢械	0.000267	0.116534	0.000031
褋褌懈谢褟	0.000267	0.116534	0.000031
褋褌芯谢	0.000800	0.105361	0.000084
褋褌芯谢邪	0.001600	0.116534	0.000186
褋褌褉芯懈褌械谢褜褋褌胁械	0.000267	0.040822	0.000011
褋褌褉芯懈褌械谢褜褋褌胁褍	0.000267	0.040822	0.000011
褋褌褉芯懈褌褜	0.000267	0.040822	0.000011
褋褌褉芯泄薪芯泄	0.000267	0.116534	0.000031
褋褍斜锌褉芯写褍泻褌芯胁	0.002666	0.116534	0.000311
褋褍斜锌褉芯写褍泻褌褘	0.000800	0.116534	0.000093
褋褍锌	0.003999	0.040822	0.000163
褋褍锌邪	0.000267	0.040822	0.000011
褋褍锌褘	0.002399	0.040822	0.000098
褋褍褎谢械	0.000800	0.040822	0.000033
褋褍褏邪褉懈	0.000800	0.040822	0.000033
褋褍褕懈	0.000533	0.040822	0.000022
褋褕邪	0.000267	2.813411	0.000750
褋褘褉	0.004532	0.040822	0.000185
褋褘褉邪	0.001333	0.116534	0.000155
褋褘褉邪屑懈	0.000267	0.127833	0.000034
褋褘褉薪懈泻	0.000267	0.040822	0.000011
褋褘褉薪懈泻懈	0.000533	0.116534	0.000062
褋褘褉薪芯泄	0.000267	2.302585	0.000614
褋褘褉薪褘械	0.001066	0.040822	0.000044
褋褘褌薪褘泄	0.000533	0.105361	0.000056
褋褘褔褍卸薪褘屑懈	0.000267	0.127833	0.000034
褋褝薪写胁懈褔懈	0.000267	0.127833	0.000034
褋褞褉锌褉懈蟹	0.000267	0.116534	0.000031
褌邪写卸懈泻褋泻邪褟	0.000267	0.116534	0.000031
褌邪泄薪邪屑懈	0.000267	3.218876	0.000858
褌邪泄薪褘	0.000533	2.995732	0.001597
褌邪泄褋泻邪褟	0.000267	0.116534	0.000031
褌邪泻懈	0.000267	1.237874	0.000330
褌邪泻懈屑	0.000267	1.021651	0.000272
褌邪泻懈褏	0.000267	1.660731	0.000443
褌邪泻芯屑	0.000267	1.897120	0.000506
褌邪泻褍褞	0.000267	1.427116	0.000380
褌邪褉械谢泻械	0.000267	1.897120	0.000506
褌邪褉褌	0.000267	0.116534	0.000031
褌邪褉褌邪谢械褌泻懈	0.000533	0.040822	0.000022
褌邪褌邪褉褋泻邪褟	0.000267	0.116534	0.000031
褌胁械褉写褘泄	0.003199	0.562119	0.001798
褌胁芯懈	0.000533	0.116534	0.000062
褌胁芯褉懈	0.000267	0.116534	0.000031
褌胁芯褉芯谐	0.000533	0.040822	0.000022
褌胁芯褉芯谐芯屑	0.000533	0.105361	0.000056
褌胁芯褉芯卸薪芯械	0.000267	0.116534	0.000031
褌胁芯褉芯卸薪褘械	0.000533	0.116534	0.000062
褌胁芯褉芯卸薪褘泄	0.000267	0.116534	0.000031
褌械谢械谐褉邪屑	0.000267	0.040822	0.000011
褌械谢芯写胁懈卸械薪懈泄	0.000267	3.912023	0.001043
褌械谢褟褌懈薪褘	0.001333	0.116534	0.000155
褌械锌谢芯屑	0.000267	0.116534	0.000031
褌械褉褉懈薪	0.000267	0.040822	0.000011
褌械褋褌	0.001333	0.127833	0.000170
褌械褋褌邪	0.001333	0.105361	0.000140
褌械褋褌芯	0.002399	0.040822	0.000098
褌械褏薪懈泻邪	0.001333	0.105361	0.000140
褌械褖懈薪	0.000267	0.040822	0.000011
褌屑	0.001066	0.127833	0.000136
褌芯屑	0.000267	1.171183	0.000312
褌芯屑邪褌邪屑懈	0.000267	2.407946	0.000642
褌芯屑邪褌薪褘泄	0.000533	1.897120	0.001012
褌芯薪泻芯褋褌懈	0.000267	2.995732	0.000799
褌芯锌谢械薪芯械	0.000267	0.116534	0.000031
褌芯褉褌	0.002933	0.040822	0.000120
褌芯褉褌褘	0.002399	0.116534	0.000280
褌褉邪胁褘	0.000267	0.105361	0.000028
褌褉邪写懈褑懈懈	0.000267	0.116534	0.000031
褌褉邪写懈褑懈泄	0.001066	0.116534	0.000124
褌褉邪写懈褑懈褟褏	0.000267	0.116534	0.000031
褌褉械褏谢械褌懈械屑	0.000267	0.116534	0.000031
褌褉褍斜芯褔泻懈	0.000267	0.040822	0.000011
褌褍薪懈褋褋泻邪褟	0.000267	0.116534	0.000031
褌褍薪褑芯屑	0.000267	0.116534	0.000031
褌褍褉械褑泻邪褟	0.000267	0.116534	0.000031
褌褘泻胁邪	0.000267	0.040822	0.000011
褍胁械写芯屑谢械薪懈褟	0.000267	0.040822	0.000011
褍谐芯褖邪泄褌械褋褜	0.000267	1.021651	0.000272
褍写邪褔薪邪褟	0.000267	0.116534	0.000031
褍写懈胁懈	0.000267	0.116534	0.000031
褍写懈胁谢褟泄褌械	0.001066	0.116534	0.000124
褍写芯胁芯谢褜褋褌胁懈械屑	0.000267	0.116534	0.000031
褍卸	0.000267	0.693147	0.000185
褍卸懈薪	0.001600	0.094311	0.000151
褍蟹斜械泻褋泻邪褟	0.000267	0.116534	0.000031
褍泻褉邪懈薪褋泻邪褟	0.000267	0.116534	0.000031
褍泻褉邪褋懈褌	0.000267	1.560648	0.000416
褍泻褉邪褕械薪懈褟	0.002133	0.116534	0.000249
褍泻褉芯锌	0.000533	0.562119	0.000300
褍锌芯褌褉械斜谢械薪懈械屑	0.000267	0.116534	0.000031
褍褉邪谢褜褋泻邪褟	0.000267	0.116534	0.000031
褍褉芯卸邪泄	0.000267	0.105361	0.000028
褍褌泻懈	0.001066	0.116534	0.000124
褍褏邪	0.000267	0.040822	0.000011
褍褔邪褋褌胁芯胁邪褌褜	0.000267	0.040822	0.000011
褎邪蟹械薪写褘	0.000267	0.127833	0.000034
褎邪薪褌邪蟹懈懈	0.001600	0.116534	0.000186
褎邪薪褌邪蟹懈泄	0.000267	0.116534	0.000031
褎邪薪褌邪蟹懈褟	0.000267	0.116534	0.000031
褎邪褉褕	0.001600	1.021651	0.001634
褎邪褉褕邪	0.007198	0.040822	0.000294
褎邪褉褕懈褉芯胁邪薪薪邪褟	0.001066	0.116534	0.000124
褎邪褉褕懈褉芯胁邪薪薪芯械	0.000533	0.116534	0.000062
褎邪褉褕懈褉芯胁邪薪薪褘械	0.000800	0.040822	0.000033
褎邪褉褕懈褉芯胁邪薪薪褘泄	0.000267	0.040822	0.000011
褎邪褋芯谢褜	0.000267	0.040822	0.000011
褎械胁褉邪谢褟	0.001066	0.105361	0.000112
褎械泄械褉胁械褉泻	0.000533	0.116534	0.000062
褎懈谐褍褉械	0.000267	0.116534	0.000031
褎懈谢械	0.000800	0.916291	0.000733
褎懈薪褋泻邪褟	0.000267	0.116534	0.000031
褎懈褉屑械薪薪芯械	0.000267	0.116534	0.000031
褎芯薪写褞	0.000267	0.040822	0.000011
褎芯褉屑褘	0.000267	0.116534	0.000031
褎芯褉褍屑械	0.000533	0.040822	0.000022
褎芯褉褕屑邪泻	0.000267	0.040822	0.000011
褎褉邪薪褑懈懈	0.000267	0.116534	0.000031
褎褉邪薪褑褍蟹褋泻邪褟	0.000267	0.116534	0.000031
褎褉邪薪褑褍蟹褋泻懈屑	0.000267	2.995732	0.000799
褎褉邪薪褑褍蟹褋泻芯泄	0.000267	2.525729	0.000673
褎褉邪褍	0.001066	0.116534	0.000124
褎褉褍泻褌芯胁	0.001066	0.116534	0.000124
褎褉褍泻褌芯胁芯	0.000267	0.116534	0.000031
褎褉褍泻褌芯胁褘械	0.001866	0.040822	0.000076
褎褍写	0.000267	0.116534	0.000031
褎褍褉褕械褌	0.000267	0.116534	0.000031
褏邪谢胁邪	0.000267	0.040822	0.000011
褏邪褉胁械褋褌褎械褋褌	0.000533	0.116534	0.000062
褏邪褉褔芯	0.000533	0.040822	0.000022
褏邪褕	0.000267	0.040822	0.000011
褏胁芯褉芯褋褌	0.000267	0.040822	0.000011
褏懈薪泻邪谢懈	0.000533	0.116534	0.000062
褏懈褌	0.001866	0.116534	0.000217
褏懈褌褉芯褋褌懈	0.000267	2.659260	0.000709
褏谢械斜	0.001866	0.040822	0.000076
褏谢械斜芯锌械褔泻懈	0.000267	0.116534	0.000031
褏谢芯锌褜褟	0.000533	0.105361	0.000056
褏芯蟹褟泄泻邪	0.000267	1.897120	0.000506
褏芯蟹褟泄泻懈	0.000267	0.127833	0.000034
褏芯谢芯写械褑	0.000267	0.040822	0.000011
褏芯谢芯写薪芯屑	0.000267	2.525729	0.000673
褏芯谢芯写薪褘械	0.000533	0.116534	0.000062
褏芯谢芯写薪褘泄	0.000533	0.116534	0.000062
褏芯褉胁邪褌褋泻邪褟	0.000267	0.116534	0.000031
褏芯褉芯褕邪	0.000267	2.995732	0.000799
褏芯褉芯褕芯	0.001333	0.105361	0.000140
褏芯褉褋	0.000267	0.116534	0.000031
褏芯褌懈褌械	0.000267	0.040822	0.000011
褏芯褔褍	0.000800	0.562119	0.000450
褏褉褍褋褌褟褖邪褟	0.000267	2.302585	0.000614
褏褍屑褍褋	0.000267	0.040822	0.000011
褑邪褉褋褌胁芯	0.000267	0.127833	0.000034
褑邪褉褜	0.000267	0.116534	0.000031
褑胁械褌薪邪褟	0.000267	0.040822	0.000011
褑械薪薪褘褏	0.000267	0.040822	0.000011
褑械薪褌褉	0.000267	0.116534	0.000031
褑械褏械	0.000267	2.525729	0.000673
褔邪械屑	0.000267	0.116534	0.000031
褔邪泄	0.000800	0.040822	0.000033
褔邪褋邪	0.000267	1.514128	0.000404
褔械斜褍褉械泻懈	0.000533	0.040822	0.000022
褔械谐芯	0.000267	1.203973	0.000321
褔械屑褍	0.000267	2.407946	0.000642
褔械褉泻懈蟹芯胁芯	0.000533	0.116534	0.000062
褔械褉薪褘泄	0.005332	0.371064	0.001978
褔械褋薪芯泻	0.002666	0.314711	0.000839
褔械褋褌薪褘屑懈	0.000267	0.040822	0.000011
褔械褋褌褜	0.000267	2.659260	0.000709
褔械褔械胁懈褑邪	0.000267	0.040822	0.000011
褔械褕褋泻邪褟	0.000267	0.116534	0.000031
褔懈蟹泻械泄泻	0.001066	0.040822	0.000044
褔懈谢懈	0.000533	1.237874	0.000660
褔懈谢懈泄褋泻邪褟	0.000267	0.116534	0.000031
褔懈锌褋褘	0.000267	0.040822	0.000011
褔懈褋谢褍	0.000267	0.261365	0.000070
褔褍写械褋	0.000267	0.116534	0.000031
褔褍写械褋薪芯	0.000267	2.659260	0.000709
褔褍写械褋薪芯械	0.000267	2.525729	0.000673
褔褍写械褋薪褘泄	0.000267	2.659260	0.000709
褔褍写芯	0.000267	1.309333	0.000349
褔褍褌褜	0.000267	1.771957	0.000472
褕邪褉懈泻懈	0.000267	0.040822	0.000011
褕邪褉谢芯褌泻邪	0.000267	0.040822	0.000011
褕邪褉谢芯褌泻懈	0.000267	0.127833	0.000034
褕邪褉屑	0.000267	0.116534	0.000031
褕邪褕谢褘泻	0.004532	0.040822	0.000185
褕邪褕谢褘泻懈	0.000267	0.040822	0.000011
褕胁械写褋泻邪褟	0.000267	0.116534	0.000031
褕胁械泄褑邪褉褋泻邪褟	0.000267	0.116534	0.000031
褕械写械胁褉褘	0.000267	0.116534	0.000031
褕械褎	0.000533	0.127833	0.000068
褕懈锌褍褔泻邪	0.000267	0.040822	0.000011
褕懈褉芯泻邪褟	0.000267	0.127833	0.000034
褕泻芯谢褍	0.000267	0.116534	0.000031
褕芯泻芯谢邪写	0.000267	0.040822	0.000011
褕芯褌谢邪薪写褋泻邪褟	0.000267	0.116534	0.000031
褕褌褉褍写械谢褜	0.000267	0.040822	0.000011
褕褍斜泻芯泄	0.000267	2.659260	0.000709
褕褍褉锌邪	0.000267	0.040822	0.000011
褖邪褋	0.000267	0.116534	0.000031
褖械写褉邪褟	0.000267	0.116534	0.000031
褖懈	0.000533	0.040822	0.000022
褝泻芯屑懈谢泻	0.000267	0.127833	0.000034
褝谢谢懈褋邪	0.000267	2.407946	0.000642
褝褋褌芯薪褋泻邪褟	0.000267	0.116534	0.000031
褝褌懈屑懈	0.000267	2.813411	0.000750
褝褌芯谐芯	0.000533	0.415515	0.000222
褝褌褍	0.000267	1.272966	0.000339
褞谐芯褋谢邪胁褋泻邪褟	0.000267	0.116534	0.000031
褟谐芯写薪褘械	0.000533	0.116534	0.000062
褟谐芯写薪褘泄	0.000533	0.116534	0.000062
褟蟹褘泻	0.000267	0.040822	0.000011
褟懈褑	0.001333	0.116534	0.000155
褟泄褑邪	0.000267	0.040822	0.000011
褟泄褑芯	0.003732	0.261365	0.000976
褟谢芯褉懈褋	0.000267	1.771957	0.000472
褟薪写械泻褋	0.000267	0.072571	0.000019
褟锌芯薪褋泻邪褟	0.000267	0.116534	0.000031
褟锌芯薪褋泻芯泄	0.000267	0.061875	0.000016
褟褉泻懈械	0.000267	0.116534	0.000031
褟褉泻芯	0.000267	0.105361	0.000028
