褌芯泻械薪	TF	IDF	TF-IDF
邪斜褏邪蟹褋泻邪褟	0.000267	0.116534	0.000031
邪胁褋褌褉邪谢懈泄褋泻邪褟	0.000267	0.116534	0.000031
邪胁褋褌褉懈泄褋泻邪褟	0.000267	0.116534	0.000031
邪胁褌芯泻谢邪胁邪	0.000267	0.116534	0.000031
邪胁褌芯褉邪屑	0.000267	0.040822	0.000011
邪谐褉芯	0.000267	0.116534	0.000031
邪写卸懈泻邪	0.000267	0.040822	0.000011
邪蟹械褉斜邪泄写卸邪薪褋泻邪褟	0.000267	0.116534	0.000031
邪蟹懈邪褌褋泻邪褟	0.000267	0.127833	0.000034
邪蟹褘	0.000267	0.127833	0.000034
邪泄褉邪薪	0.000267	0.040822	0.000011
邪泻胁邪褌懈泻邪	0.000802	0.127833	0.000103
邪谢械泻褋械褟	0.000267	0.127833	0.000034
邪谢泻芯谐芯谢褜	0.000535	0.116534	0.000062
邪谢泻芯谐芯谢褜薪褘械	0.000267	0.116534	0.000031
邪谢泻芯谐芯谢褟	0.000267	0.116534	0.000031
邪谢褜褟薪褋	0.000267	0.116534	0.000031
邪屑械褉懈泻邪薪褋泻邪褟	0.000267	0.116534	0.000031
邪屑锌谢褍邪	0.000267	3.912023	0.001046
邪薪邪薪邪褋	0.000535	2.995732	0.001602
邪薪邪褋褌邪褋懈褟	0.000267	4.605170	0.001231
邪薪谐谢懈泄褋泻邪褟	0.000267	0.116534	0.000031
邪薪写褉械褟	0.000267	0.127833	0.000034
邪褉邪斜褋泻邪褟	0.000267	0.116534	0.000031
邪褉谐械薪褌懈薪褋泻邪褟	0.000267	0.116534	0.000031
邪褉屑褟薪褋泻邪褟	0.000267	0.116534	0.000031
邪褋褋芯褉褌懈	0.000535	0.116534	0.000062
邪褌谢邪薪褌	0.000267	0.127833	0.000034
邪褎谐邪薪褋泻邪褟	0.000267	0.116534	0.000031
邪褎褉懈泻邪薪褋泻邪褟	0.000267	0.116534	0.000031
邪褝褉芯谐褉懈谢械	0.002674	0.116534	0.000312
斜邪泻谢邪卸邪薪褘	0.000267	0.040822	0.000011
斜邪谢褌泻芯屑	0.000267	0.127833	0.000034
斜邪褉邪薪懈薪褘	0.001337	0.116534	0.000156
斜邪褋屑邪褌懈	0.000535	0.127833	0.000068
斜邪褋褌褍褉屑邪	0.000267	0.040822	0.000011
斜邪褌芯薪	0.000535	1.660731	0.000888
斜邪褌芯薪褔懈泻懈	0.000267	0.127833	0.000034
斜邪褕泻懈褉褋泻邪褟	0.000267	0.116534	0.000031
斜械蟹邪谢泻芯谐芯谢褜薪褘械	0.000267	0.116534	0.000031
斜械蟹谐谢褞褌械薪芯胁褘械	0.000267	0.116534	0.000031
斜械蟹械	0.001070	0.040822	0.000044
斜械蟹芯斜褉邪蟹懈褟	0.000267	2.525729	0.000675
斜械蟹褍屑薪芯	0.000267	1.560648	0.000417
斜械谢械斜械械胁褋泻懈泄	0.000535	0.116534	0.000062
斜械谢芯泻芯褔邪薪薪邪褟	0.000535	0.994252	0.000532
斜械谢芯泻芯褔邪薪薪芯泄	0.000535	3.218876	0.001721
斜械谢芯褉褍褋褋泻邪褟	0.000267	0.116534	0.000031
斜械谢褘泄	0.000535	1.609438	0.000861
斜械谢褜谐懈泄褋泻邪褟	0.000267	0.116534	0.000031
斜械褉械屑械薪薪褘褏	0.000267	0.116534	0.000031
斜械褉褍褌	0.000267	4.605170	0.001231
斜械褋械写懈薪邪	0.000267	0.127833	0.000034
斜懈褋泻胁懈褌	0.000267	0.040822	0.000011
斜懈褋泻胁懈褌薪芯械	0.000535	0.116534	0.000062
斜懈褋泻胁懈褌薪褘泄	0.000267	0.105361	0.000028
斜懈褋泻胁懈褌褘	0.000267	0.127833	0.000034
斜谢邪谐芯写邪褉褞	0.000267	2.525729	0.000675
斜谢邪谐芯锌芯谢褍褔薪芯	0.000267	3.506558	0.000938
斜谢懈卸械	0.000267	0.116534	0.000031
斜谢懈蟹泻懈褏	0.000535	0.116534	0.000062
斜谢懈薪芯胁	0.000535	0.116534	0.000062
斜谢懈薪褔懈泻邪屑懈	0.000267	3.506558	0.000938
斜谢懈薪褘	0.001070	0.040822	0.000044
斜谢芯泻薪芯褌	0.000267	3.912023	0.001046
斜谢芯薪写懈薪泻邪	0.000267	4.605170	0.001231
斜谢芯薪写懈薪芯褔泻邪	0.000267	3.218876	0.000861
斜谢褞写	0.000535	0.094311	0.000050
斜谢褞写邪	0.025668	0.040822	0.001048
斜谢褞写芯	0.001070	0.040822	0.000044
斜谢褞写芯屑	0.000267	0.994252	0.000266
斜谢褞写褍	0.000267	0.116534	0.000031
斜芯斜芯胁褘械	0.000535	0.127833	0.000068
斜芯斜芯胁褘褏	0.001872	0.116534	0.000218
斜芯泻邪谢	0.000267	4.605170	0.001231
斜芯谢谐邪褉褋泻邪褟	0.000267	0.116534	0.000031
斜芯谢谐邪褉褋泻懈泄	0.001070	0.843970	0.000903
斜芯谢褜褕械	0.000535	0.105361	0.000056
斜芯芯芯芯芯谢褜褕懈屑	0.000267	3.218876	0.000861
斜芯褉褖	0.000535	0.040822	0.000022
斜芯褌胁懈薪褜褟	0.000267	0.040822	0.000011
斜褉邪蟹懈谢褜褋泻邪褟	0.000267	0.116534	0.000031
斜褉邪褍蟹械褉械	0.000267	0.040822	0.000011
斜褉邪褍薪懈	0.000267	0.040822	0.000011
斜褉械褋褌	0.000267	0.127833	0.000034
斜褉芯泻泻芯谢懈	0.000267	0.040822	0.000011
斜褍写薪械泄	0.000267	3.506558	0.000938
斜褍卸械薪懈薪邪	0.000267	0.040822	0.000011
斜褍谢芯褔泻邪屑懈	0.000267	0.116534	0.000031
斜褍谢芯褔泻懈	0.000535	0.040822	0.000022
斜褍谢褜芯薪	0.001872	0.040822	0.000076
斜褍谢褜芯薪褘	0.001070	0.116534	0.000125
斜褍屑邪卸泻懈	0.000267	4.605170	0.001231
斜褍褉谐械褉	0.000267	0.040822	0.000011
斜褍褉谐械褉褘	0.000267	0.127833	0.000034
斜褍褉褟褌褋泻邪褟	0.000267	0.116534	0.000031
斜褍褌械褉斜褉芯写	0.000535	0.116534	0.000062
斜褍褌械褉斜褉芯写褘	0.000535	0.040822	0.000022
斜褘褋褌褉芯	0.000802	0.094311	0.000076
斜褘褋褌褉芯泄	0.000267	0.116534	0.000031
斜褘褋褌褉褘泄	0.001070	0.105361	0.000113
胁邪卸薪褘械	0.000267	0.116534	0.000031
胁邪谢谢懈泄褋泻邪褟	0.000267	0.116534	0.000031
胁邪褉械薪懈泻懈	0.000267	0.116534	0.000031
胁邪褉械薪褜械	0.000535	0.040822	0.000022
胁邪褉懈邪薪褌褘	0.000535	1.609438	0.000861
胁邪褌褉褍褕泻懈	0.000267	0.040822	0.000011
胁邪褎谢懈	0.000535	0.040822	0.000022
胁邪褕械泄	0.000535	0.040822	0.000022
胁胁芯写褟	0.000267	0.040822	0.000011
胁写芯褏薪芯胁械薪懈械	0.001070	0.116534	0.000125
胁写芯褏薪芯胁械薪懈械屑	0.000535	0.116534	0.000062
胁写芯褏薪芯胁谢褟泄褋褟	0.000267	0.116534	0.000031
胁写褉褍谐	0.000267	2.407946	0.000644
胁械谐械褌邪褉懈邪薪褋泻懈械	0.000267	0.127833	0.000034
胁械谐械褌邪褉懈邪薪褋泻芯械	0.000267	0.116534	0.000031
胁械谢懈泻懈泄	0.000267	0.116534	0.000031
胁械薪谐械褉褋泻邪褟	0.000267	0.116534	0.000031
胁械薪械褉懈泻	0.000535	2.120264	0.001134
胁械褉懈褌	0.000535	3.506558	0.001875
胁械褉薪褍谢懈褋褜	0.000267	3.218876	0.000861
胁械褉褞	0.000535	3.218876	0.001721
胁械褋械薪薪懈械	0.000267	0.051293	0.000014
胁械褋薪邪	0.001337	0.116534	0.000156
胁械褋薪褍	0.000267	3.218876	0.000861
胁械褋薪褘	0.000267	0.116534	0.000031
胁械褌褔懈薪邪	0.001070	1.469676	0.001572
胁械褌褔懈薪褘	0.001070	0.105361	0.000113
胁械褖械泄	0.000267	3.912023	0.001046
胁蟹褟褌褘械	0.000267	4.605170	0.001231
胁懈写	0.000267	2.207275	0.000590
胁懈写械芯	0.000535	0.116534	0.000062
胁懈写械芯褉械褑械锌褌褘	0.000267	0.301105	0.000081
胁懈薪邪	0.000267	3.912023	0.001046
胁懈薪芯	0.000535	0.040822	0.000022
胁泻褍褋	0.000802	0.105361	0.000085
胁泻褍褋邪	0.002139	0.116534	0.000249
胁泻褍褋械薪	0.000267	1.560648	0.000417
胁泻褍褋薪邪褟	0.001070	0.061875	0.000066
胁泻褍褋薪械械	0.000535	0.116534	0.000062
胁泻褍褋薪械泄	0.000267	0.116534	0.000031
胁泻褍褋薪芯	0.001337	0.094311	0.000126
胁泻褍褋薪褘械	0.000535	0.105361	0.000056
胁泻褍褋薪褘泄	0.001337	0.385662	0.000516
胁泻褍褋薪褘屑	0.000535	1.049822	0.000561
胁泻褍褋薪褘褏	0.000267	1.897120	0.000507
胁泻褍褋薪褟褌懈薪邪	0.000267	3.218876	0.000861
胁泻褍褋芯屑	0.000267	0.105361	0.000028
胁谢褞斜谢械薪薪褘褏	0.000267	0.116534	0.000031
胁屑械褋褌械	0.000267	0.916291	0.000245
胁薪邪褔邪谢械	0.001070	0.248461	0.000266
胁薪褍褌褉懈	0.000267	1.469676	0.000393
胁芯	0.001070	0.061875	0.000066
胁芯写邪	0.001070	0.287682	0.000308
胁芯写械	0.000267	0.105361	0.000028
胁芯蟹屑芯卸薪芯褋褌褜	0.000267	2.407946	0.000644
胁芯蟹褜屑褍	0.000267	4.605170	0.001231
胁芯泄褌懈	0.000267	0.000000	0.000000
胁芯谢芯胁邪薪邪褏	0.000267	4.605170	0.001231
胁芯谢芯胁邪薪褘	0.000267	0.116534	0.000031
胁芯谢褕械斜薪褘械	0.000267	0.116534	0.000031
胁芯谢褕械斜褋褌胁芯	0.000267	0.116534	0.000031
胁芯锌褉芯褋褘	0.000267	0.000000	0.000000
胁芯褋褌芯褔薪邪褟	0.000267	0.127833	0.000034
胁锌械褉械写懈	0.000267	2.407946	0.000644
胁褉械屑械薪邪	0.000267	0.116534	0.000031
胁褉械屑械薪械屑	0.001604	0.116534	0.000187
胁褋械谐写邪	0.000535	0.653926	0.000350
胁褋械谐芯	0.000267	0.186330	0.000050
胁褋械泄	0.000802	0.105361	0.000085
胁褋械屑褍	0.000267	0.061875	0.000017
胁褋锌芯屑薪懈褌褜	0.000267	0.040822	0.000011
胁褋褌邪胁邪褌褜	0.000267	4.605170	0.001231
胁褋褌褉械褔懈	0.000267	3.506558	0.000938
胁褋褞	0.000267	1.966113	0.000526
胁褌芯褉芯械	0.000267	0.116534	0.000031
胁褌芯褉褘械	0.000267	0.127833	0.000034
胁褌芯褉褘屑	0.000267	3.218876	0.000861
胁褌芯褉褘褏	0.000267	2.407946	0.000644
胁褏芯写	0.000802	0.030459	0.000024
胁褘泄褌懈	0.000267	0.040822	0.000011
胁褘泻谢邪写褘胁邪械屑褘泄	0.000267	4.605170	0.001231
胁褘谢芯卸懈褌褜	0.000267	2.302585	0.000616
胁褘锌械褔泻邪	0.003209	0.040822	0.000131
胁褘锌械褔泻懈	0.000535	0.072571	0.000039
胁褘锌械褔泻芯泄	0.000267	0.116534	0.000031
胁褘褉褘胁邪械褌褋褟	0.000267	3.506558	0.000938
胁褘褌械泻邪械褌	0.000267	2.813411	0.000752
胁褘褏芯写薪褘褏	0.000267	3.912023	0.001046
胁褜械褌薪邪屑褋泻邪褟	0.000267	0.116534	0.000031
谐邪胁邪泄褋泻邪褟	0.000267	0.116534	0.000031
谐邪褉邪卸芯屑	0.000267	1.078810	0.000288
谐邪褉薪懈褉	0.001337	0.040822	0.000055
谐邪褋锌邪褔芯	0.000267	0.040822	0.000011
谐械芯谐褉邪褎懈褟	0.000267	0.116534	0.000031
谐谢邪胁薪芯械	0.000267	1.139434	0.000305
谐谢邪胁薪褘泄	0.000535	0.040822	0.000022
谐谢邪蟹褍褉褜	0.000802	0.040822	0.000033
谐谢械褏褍褉邪写	0.000267	3.218876	0.000861
谐谢懈薪褌胁械泄薪	0.000267	0.040822	0.000011
谐芯胁芯褉懈褌	0.000267	2.813411	0.000752
谐芯胁芯褉褟	0.000267	2.207275	0.000590
谐芯胁褟写懈薪褘	0.001337	0.116534	0.000156
谐芯写	0.003209	0.105361	0.000338
谐芯写邪	0.004278	0.248461	0.001063
谐芯谢谢邪薪写褋泻邪褟	0.000267	0.116534	0.000031
谐芯褉芯写邪	0.000267	0.116534	0.000031
谐芯褉芯褏	0.000267	0.116534	0.000031
谐芯褉芯褏芯胁褘泄	0.000267	3.912023	0.001046
谐芯褉褔懈褑邪	0.001070	0.040822	0.000044
谐芯褉褔懈褑邪屑懈	0.000267	0.127833	0.000034
谐芯褉褕芯褔泻邪褏	0.000267	0.105361	0.000028
谐芯褉褕芯褔泻械	0.000267	0.040822	0.000011
谐芯褉褟褔械械	0.000535	0.116534	0.000062
谐芯褉褟褔懈械	0.009358	0.105361	0.000986
谐芯褉褟褔懈泄	0.000535	0.116534	0.000062
谐芯褋褌懈	0.001070	0.116534	0.000125
谐芯褋褌褟屑懈	0.000267	2.995732	0.000801
谐芯褋褌褟褏	0.000267	3.506558	0.000938
谐芯褌芯胁懈谢邪	0.000535	0.733969	0.000392
谐芯褌芯胁懈屑	0.001604	0.094311	0.000151
谐芯褌芯胁懈褌褋褟	0.000802	0.478036	0.000383
谐芯褌芯胁懈褌褜	0.001337	0.105361	0.000141
谐芯褌芯胁谢褞	0.000802	1.049822	0.000842
谐芯褌芯胁褜	0.000535	0.116534	0.000062
谐芯褌芯胁褟褌	0.000535	0.116534	0.000062
谐褉邪褌械薪	0.000267	2.813411	0.000752
谐褉械薪泻懈	0.000535	0.040822	0.000022
谐褉械褑泻懈械	0.001070	1.469676	0.001572
谐褉械褔械褋泻邪褟	0.000267	0.116534	0.000031
谐褉械褔泻邪	0.000267	0.040822	0.000011
谐褉懈斜邪屑懈	0.001337	0.105361	0.000141
谐褉懈斜薪褘械	0.000535	0.040822	0.000022
谐褉懈斜芯胁	0.002139	0.116534	0.000249
谐褉懈斜褘	0.001337	0.040822	0.000055
谐褉懈谢械	0.001337	0.116534	0.000156
谐褉懈谢褜	0.000267	0.116534	0.000031
谐褉懈谢褜屑邪薪懈褟	0.000267	0.116534	0.000031
谐褉懈谢褟	0.001070	0.116534	0.000125
谐褉芯谐	0.000267	0.040822	0.000011
谐褉褍写泻邪	0.001070	1.108663	0.001186
谐褉褍蟹懈薪褋泻邪褟	0.000267	0.116534	0.000031
谐褉褍锌锌褘	0.000267	0.061875	0.000017
谐褍褉屑邪薪懈褟	0.001604	0.116534	0.000187
谐褍褉屑械	0.000267	0.127833	0.000034
谐褍褋褟	0.000802	0.105361	0.000085
写邪胁薪芯	0.000267	0.967584	0.000259
写邪械褌	0.000267	0.040822	0.000011
写邪薪薪褘械	0.000267	0.040822	0.000011
写邪薪薪褘泄	0.000267	2.813411	0.000752
写邪褉褘	0.000267	0.116534	0.000031
写邪褌械	0.000535	0.248461	0.000133
写邪褌褋泻邪褟	0.000267	0.116534	0.000031
写邪褔薪芯械	0.000802	0.116534	0.000093
写胁邪	0.000535	1.171183	0.000626
写械胁褟薪芯褋褌褘械	0.000267	3.218876	0.000861
写械泻邪斜褉褟	0.000802	0.597837	0.000480
写械泻芯褉	0.000267	0.127833	0.000034
写械谢邪械褌	0.000535	0.116534	0.000062
写械谢懈屑褋褟	0.000267	0.040822	0.000011
写械谢芯屑	0.000267	0.116534	0.000031
写械薪褜	0.001604	0.083382	0.000134
写械褉械胁械薪褋泻懈泄	0.000267	2.813411	0.000752
写械褉械胁械薪褋泻芯泄	0.000267	3.218876	0.000861
写械褋械褉褌	0.000802	0.116534	0.000093
写械褋械褉褌邪褑懈褟	0.000267	0.116534	0.000031
写械褋械褉褌薪褘械	0.000267	0.116534	0.000031
写械褋械褉褌褘	0.003743	0.040822	0.000153
写械褌械泄	0.000267	0.116534	0.000031
写卸械屑	0.000267	0.040822	0.000011
写蟹械薪	0.000267	0.116534	0.000031
写懈械褌邪	0.000267	0.116534	0.000031
写懈械褌褘	0.000267	0.116534	0.000031
写懈泻懈泄	0.000535	0.116534	0.000062
写懈泻芯谐芯	0.000267	0.116534	0.000031
写懈锌	0.000267	0.116534	0.000031
写懈褔懈	0.000535	0.116534	0.000062
写懈褔褜	0.000267	0.116534	0.000031
写薪械胁薪懈泻邪褏	0.000267	0.061875	0.000017
写薪械泄	0.000802	0.116534	0.000093
写薪褍	0.000267	2.813411	0.000752
写薪褟	0.000267	0.040822	0.000011
写薪褟褏	0.000267	1.897120	0.000507
写芯斜邪胁懈谢邪	0.000267	1.897120	0.000507
写芯斜邪胁谢械薪懈褟屑	0.000267	0.274437	0.000073
写芯斜邪胁谢褟褌褜	0.000267	0.040822	0.000011
写芯斜邪胁褜	0.000267	0.116534	0.000031
写芯斜褉芯褎谢芯褌	0.000267	0.127833	0.000034
写芯胁械褉褟械褕褜	0.000267	0.116534	0.000031
写芯谢谐褍褞	0.000267	3.218876	0.000861
写芯谢卸薪褘	0.000267	2.407946	0.000644
写芯屑	0.002406	0.040822	0.000098
写芯屑邪	0.000535	0.994252	0.000532
写芯屑邪褕薪械械	0.000802	0.040822	0.000033
写芯屑邪褕薪懈械	0.000535	0.040822	0.000022
写芯屑邪褕薪懈泄	0.001337	0.116534	0.000156
写芯屑邪褕薪懈屑懈	0.000267	2.995732	0.000801
写芯屑邪褕薪褟褟	0.000535	0.105361	0.000056
写芯屑械	0.000535	1.832581	0.000980
写芯屑芯胁	0.000267	0.040822	0.000011
写芯褋褌芯泄薪芯	0.000267	2.995732	0.000801
写芯褋褌褍锌薪褘褏	0.000267	3.218876	0.000861
写褉邪泄胁	0.001337	0.127833	0.000171
写褉芯卸卸械胁芯械	0.000267	0.116534	0.000031
写褉褍谐	0.000267	2.040221	0.000546
写褉褍谐懈屑懈	0.000267	0.040822	0.000011
写褉褍谐芯屑	0.000267	2.659260	0.000711
写褉褍蟹械泄	0.000267	1.514128	0.000405
写褍褏芯胁泻邪	0.001070	0.127833	0.000137
写褍褏芯胁泻械	0.000267	0.867501	0.000232
写褍褕懈	0.000802	0.105361	0.000085
械胁褉械泄褋泻邪褟	0.000267	0.116534	0.000031
械谐懈锌械褌褋泻邪褟	0.000267	0.116534	0.000031
械写懈薪褘泄	0.000267	0.040822	0.000011
械写褟褌	0.000267	2.813411	0.000752
械卸械写薪械胁薪芯	0.000267	3.912023	0.001046
械泻芯	0.000267	0.127833	0.000034
械谢邪	0.000267	2.659260	0.000711
卸邪褉械薪芯谐芯	0.000267	2.995732	0.000801
卸邪褉泻芯械	0.000267	0.040822	0.000011
卸械谢邪械屑褘械	0.000267	1.469676	0.000393
卸械谢邪褌懈薪	0.000535	1.427116	0.000763
卸械谢械	0.000802	0.040822	0.000033
卸械薪褋泻邪褟	0.000267	0.127833	0.000034
卸械薪褋泻芯屑	0.000267	0.061875	0.000017
卸械薪褖懈薪邪	0.000267	2.659260	0.000711
卸械薪褖懈薪褘	0.000535	0.116534	0.000062
卸懈蟹薪懈	0.000267	0.040822	0.000011
卸懈蟹薪褜	0.000267	0.116534	0.000031
卸懈褌械谢懈	0.000267	2.995732	0.000801
卸褍谢褜械薪	0.000267	0.040822	0.000011
卸褍褉薪邪谢邪	0.000267	0.127833	0.000034
卸褞谢褜械薪	0.000267	0.040822	0.000011
蟹邪斜懈褉邪褞褌	0.000267	3.506558	0.000938
蟹邪斜褘褌	0.000267	3.218876	0.000861
蟹邪胁邪褉薪芯械	0.000267	0.116534	0.000031
蟹邪胁邪褉薪芯泄	0.000267	0.116534	0.000031
蟹邪胁械写械薪懈褟	0.000267	2.525729	0.000675
蟹邪胁褌褉邪泻	0.001872	0.094311	0.000177
蟹邪胁褌褉邪泻懈	0.000267	0.127833	0.000034
蟹邪谐芯褌芯胁泻懈	0.001070	0.040822	0.000044
蟹邪写邪胁邪褌褜	0.000267	0.040822	0.000011
蟹邪懈薪褌械褉械褋芯胁邪谢邪	0.000267	3.218876	0.000861
蟹邪泄屑械褌	0.000267	3.506558	0.000938
蟹邪泄褑邪	0.000535	0.116534	0.000062
蟹邪泻胁邪褋泻邪	0.000267	0.040822	0.000011
蟹邪泻胁邪褋泻邪屑懈	0.000267	0.116534	0.000031
蟹邪泻胁邪褋芯泻	0.000267	0.127833	0.000034
蟹邪泻褉褘褌褘泄	0.000267	0.116534	0.000031
蟹邪泻褍褋泻懈	0.005080	0.040822	0.000207
蟹邪泻褍褋泻褍	0.000802	0.116534	0.000093
蟹邪泻褍褋芯薪褔懈泻	0.000267	0.116534	0.000031
蟹邪泻褍褋芯褔泻邪	0.000267	0.116534	0.000031
蟹邪泻褍褋芯褔薪褘械	0.002406	0.116534	0.000280
蟹邪泻褍褋芯褔薪褘褏	0.000267	3.218876	0.000861
蟹邪谢懈胁薪芯械	0.000535	0.040822	0.000022
蟹邪屑芯褉芯蟹泻邪	0.000267	0.105361	0.000028
蟹邪锌邪写	0.000267	0.116534	0.000031
蟹邪锌械泻邪薪泻邪	0.001070	0.105361	0.000113
蟹邪锌械泻邪薪泻懈	0.001872	0.040822	0.000076
蟹邪锌械褔械薪薪邪褟	0.000267	2.120264	0.000567
蟹邪锌懈褋懈	0.000267	3.506558	0.000938
蟹邪锌懈褋褘胁邪谢邪	0.000267	4.605170	0.001231
蟹邪锌褉邪胁泻邪	0.000535	0.040822	0.000022
蟹邪锌褉邪胁泻芯泄	0.000267	3.218876	0.000861
蟹邪褉械谐懈褋褌褉懈褉芯胁邪胁褕懈褋褜	0.000267	0.040822	0.000011
蟹邪褉械谐懈褋褌褉懈褉芯胁邪谢邪褋褜	0.000267	4.605170	0.001231
蟹邪褉械谐懈褋褌褉懈褉芯胁邪褌褜褋褟	0.000267	0.030459	0.000008
蟹邪褋芯谢泻邪	0.000267	0.116534	0.000031
蟹邪褏芯写懈褌械	0.000535	0.755023	0.000404
蟹胁邪薪褘泄	0.000267	0.127833	0.000034
蟹胁械蟹写邪	0.000267	0.127833	0.000034
蟹胁褢蟹写薪褘械	0.000267	0.116534	0.000031
蟹写芯褉芯胁芯械	0.000267	0.116534	0.000031
蟹写芯褉芯胁褘泄	0.000267	0.116534	0.000031
蟹械谢械薪褘泄	0.000535	1.021651	0.000546
蟹械谢械薪褜	0.001872	0.094311	0.000177
蟹械褎懈褉	0.000267	0.040822	0.000011
蟹懈屑薪懈械	0.000267	0.051293	0.000014
蟹懈屑褍	0.001337	0.040822	0.000055
蟹薪邪泻芯屑芯泄	0.000267	2.525729	0.000675
蟹薪邪泻芯屑褘泄	0.000267	2.813411	0.000752
蟹薪邪褞	0.000802	0.755023	0.000606
蟹芯谢芯褌邪褟	0.000267	0.116534	0.000031
懈胁邪薪芯胁邪	0.000267	0.127833	0.000034
懈谐褉褍褕邪	0.000267	2.995732	0.000801
懈写械邪谢褜薪邪褟	0.000267	0.116534	0.000031
懈写械邪谢褜薪芯谐芯	0.001337	0.116534	0.000156
懈写械邪谢褜薪芯械	0.000267	0.116534	0.000031
懈写械泄泻懈	0.000267	0.116534	0.000031
懈写懈谢谢懈褟	0.000267	4.605170	0.001231
懈蟹写械谢懈褟	0.000802	0.116534	0.000093
懈蟹写械谢懈褟屑懈	0.001337	0.116534	0.000156
懈蟹褍屑褉褍写薪褘泄	0.000267	3.912023	0.001046
懈蟹褞屑懈薪泻邪	0.000267	2.302585	0.000616
懈泻褉邪	0.000802	0.040822	0.000033
懈屑械薪械屑	0.000267	0.040822	0.000011
懈屑械褞褌褋褟	0.000535	2.659260	0.001422
懈薪胁械褉褌芯褉薪芯泄	0.000267	0.127833	0.000034
懈薪谐褉械写懈械薪褌邪屑	0.000267	1.469676	0.000393
懈薪谐褉械写懈械薪褌芯胁	0.000267	1.771957	0.000474
懈薪谐褉械写懈械薪褌褘	0.008556	0.139262	0.001192
懈薪写械泄泻懈	0.001872	0.094311	0.000177
懈薪写械泄泻芯泄	0.000267	0.116534	0.000031
懈薪写懈泄褋泻邪褟	0.000267	0.116534	0.000031
懈薪写懈谢邪泄褌	0.000802	0.116534	0.000093
懈薪写懈褉械褋薪褘械	0.000267	0.116534	0.000031
懈薪褋褌褉褍泻褑懈褟屑懈	0.000267	0.040822	0.000011
懈薪褌械褉械褋薪褘械	0.000267	2.659260	0.000711
懈薪褌械褉薪械褌械	0.000267	1.309333	0.000350
懈褉邪泻褋泻邪褟	0.000267	0.116534	0.000031
懈褉邪薪褋泻邪褟	0.000267	0.116534	0.000031
懈褉谢邪薪写褋泻邪褟	0.000267	0.116534	0.000031
懈褉褉械蟹	0.000267	1.347074	0.000360
懈褋泻谢褞褔懈褌褜	0.000267	1.469676	0.000393
懈褋泻褉械薪薪械	0.000267	0.116534	0.000031
懈褋谢邪薪写褋泻邪褟	0.000267	0.116534	0.000031
懈褋锌邪薪褋泻邪褟	0.000267	0.116534	0.000031
懈褋锌械泻懈	0.000267	0.116534	0.000031
懈褋褌芯褉懈懈	0.001337	0.116534	0.000156
懈褋褌芯褉懈褞	0.000267	0.116534	0.000031
懈褌邪泻	0.000267	1.609438	0.000430
懈褌邪谢懈懈	0.000535	0.105361	0.000056
懈褌邪谢褜褟薪褋泻邪褟	0.000267	0.116534	0.000031
懈褌芯谐械	0.000267	3.218876	0.000861
懈褖褍褌	0.000267	1.609438	0.000430
懈褞薪褟	0.000267	0.579818	0.000155
泄芯谐褍褉褌	0.000802	0.040822	0.000033
泻邪斜邪褔泻懈	0.000267	0.040822	0.000011
泻邪胁泻邪蟹褋泻邪褟	0.000267	0.116534	0.000031
泻邪卸写芯谐芯	0.000267	2.659260	0.000711
泻邪卸写芯屑	0.000802	2.525729	0.002026
泻邪卸械褌褋褟	0.000267	1.714798	0.000459
泻邪蟹邪谢芯褋褜	0.000267	1.609438	0.000430
泻邪蟹邪薪械	0.000267	0.116534	0.000031
泻邪蟹邪褏褋泻邪褟	0.000267	0.116534	0.000031
泻邪泻邪芯	0.000535	0.040822	0.000022
泻邪泻芯屑	0.000267	2.120264	0.000567
泻邪谢械泄写芯褋泻芯锌	0.001070	0.116534	0.000125
泻邪谢屑褘褑泻邪褟	0.000267	0.116534	0.000031
泻邪谢褜屑邪褉	0.000267	0.040822	0.000011
泻邪屑械褉邪	0.000267	0.116534	0.000031
泻邪薪邪写褋泻邪褟	0.000267	0.116534	0.000031
泻邪薪邪谢	0.000535	0.040822	0.000022
泻邪薪邪谢械	0.000267	0.040822	0.000011
泻邪薪邪锌械	0.000535	0.040822	0.000022
泻邪锌褍褋褌邪	0.001604	0.040822	0.000065
泻邪锌褍褋褌薪褟泻	0.000267	0.040822	0.000011
泻邪锌褍褋褌褘	0.000802	0.040822	0.000033
泻邪褉邪屑械谢褜	0.000267	0.040822	0.000011
泻邪褉泻邪褋薪褘泄	0.001070	0.116534	0.000125
泻邪褉褌芯褎械谢褜	0.001070	0.040822	0.000044
泻邪褉褌芯褎械谢褜薪芯械	0.000267	0.040822	0.000011
泻邪褉褌芯褎械谢褜薪褘泄	0.000267	0.116534	0.000031
泻邪褉褌芯褕泻邪	0.001070	0.040822	0.000044
泻邪褌械谐芯褉懈懈	0.000535	0.116534	0.000062
泻邪褌械谐芯褉懈褟	0.004011	0.150823	0.000605
泻邪褌懈屑	0.000267	4.605170	0.001231
泻邪褎械	0.000535	2.207275	0.001180
泻邪褔械褋褌胁械	0.000267	1.609438	0.000430
泻邪褔械褋褌胁芯	0.000267	0.116534	0.000031
泻邪褕邪	0.000802	0.040822	0.000033
泻邪褕懈	0.001337	0.105361	0.000141
泻邪褕褍	0.000267	0.094311	0.000025
泻胁邪褋	0.000802	0.040822	0.000033
泻胁邪褋薪芯械	0.000802	0.116534	0.000093
泻胁邪褋芯屑	0.000267	0.127833	0.000034
泻械斜邪斜	0.000267	2.995732	0.000801
泻械泻褋	0.000267	0.040822	0.000011
泻械泻褋褘	0.000535	0.116534	0.000062
泻械褎懈褉	0.000267	0.040822	0.000011
泻懈屑褔懈	0.000267	0.040822	0.000011
泻懈薪芯邪	0.000535	0.127833	0.000068
泻懈薪芯谢械薪褌邪	0.000267	0.116534	0.000031
泻懈褋械谢褜	0.000535	0.040822	0.000022
泻懈褌邪泄褋泻邪褟	0.000267	0.116534	0.000031
泻谢邪褋褋	0.002139	0.116534	0.000249
泻谢邪褋褋褘	0.000267	0.116534	0.000031
泻薪懈谐械	0.000267	3.912023	0.001046
泻薪懈谐褍	0.000535	0.040822	0.000022
泻芯泻褌械泄谢懈	0.000267	0.127833	0.000034
泻芯泻褌械泄谢褜	0.001337	0.040822	0.000055
泻芯谢斜邪褋邪	0.000802	0.040822	0.000033
泻芯谢斜邪褋薪褘屑懈	0.001337	0.116534	0.000156
泻芯谢写褍薪褘	0.000267	2.813411	0.000752
泻芯谢谢械谐褍	0.000267	4.605170	0.001231
泻芯屑邪薪写邪	0.000535	0.127833	0.000068
泻芯屑懈	0.000267	0.116534	0.000031
泻芯屑屑械薪褌邪褉懈械胁	0.000267	0.223144	0.000060
泻芯屑锌邪薪懈泄	0.000267	0.105361	0.000028
泻芯屑锌芯褌	0.000802	0.040822	0.000033
泻芯薪械褔薪芯	0.000267	0.527633	0.000141
泻芯薪懈薪褘	0.000267	0.116534	0.000031
泻芯薪泻褍褉褋	0.057219	0.105361	0.006029
泻芯薪泻褍褉褋邪	0.000267	0.116534	0.000031
泻芯薪泻褍褉褋邪褏	0.000267	0.040822	0.000011
泻芯薪泻褍褉褋薪褘械	0.000267	0.127833	0.000034
泻芯薪褋械褉胁懈褉芯胁邪薪懈械	0.000267	0.040822	0.000011
泻芯薪褋械褉胁懈褉芯胁邪薪薪邪褟	0.000802	0.116534	0.000093
泻芯薪褋械褉胁懈褉芯胁邪薪薪芯械	0.000267	0.116534	0.000031
泻芯薪褋械褉胁懈褉芯胁邪薪薪褘械	0.000535	0.116534	0.000062
泻芯薪褋械褉胁懈褉芯胁邪薪薪褘泄	0.000267	0.116534	0.000031
泻芯薪褎械褌褌懈	0.000267	0.116534	0.000031
泻芯薪褎械褌褘	0.000802	0.040822	0.000033
泻芯薪褎懈写械薪褑懈邪谢褜薪芯褋褌懈	0.000267	0.040822	0.000011
泻芯薪褎懈褌褞褉	0.000267	0.040822	0.000011
泻芯锌褔械薪芯褋褌褟屑懈	0.000267	0.116534	0.000031
泻芯褉械泄褋泻邪褟	0.000267	0.116534	0.000031
泻芯褉械泄褋泻懈	0.000267	0.040822	0.000011
泻芯褉卸懈泻懈	0.000267	0.040822	0.000011
泻芯褉屑褟褖懈褏	0.000267	0.116534	0.000031
泻芯褌谢械褌褘	0.000267	0.040822	0.000011
泻芯褌芯褉芯屑褍	0.000267	0.116534	0.000031
泻芯褎械	0.000535	0.040822	0.000022
泻褉邪褋懈胁芯	0.000267	1.832581	0.000490
泻褉邪褋懈胁褘屑	0.000267	2.120264	0.000567
泻褉邪褋泻懈	0.000267	0.116534	0.000031
泻褉邪褋薪褘泄	0.001604	1.171183	0.001879
泻褉械邪褌懈胁	0.000267	0.127833	0.000034
泻褉械屑	0.000267	0.040822	0.000011
泻褉械屑邪	0.000535	0.116534	0.000062
泻褉械锌泻懈泄	0.000267	0.116534	0.000031
泻褉芯谢懈泻邪	0.000535	0.116534	0.000062
泻褉芯屑械	0.000267	0.061875	0.000017
泻褉芯褏懈	0.000267	0.116534	0.000031
泻褉褍谐谢褘泄	0.000267	3.218876	0.000861
泻褉褍谐褍	0.000535	0.116534	0.000062
泻褉褍锌	0.001604	0.116534	0.000187
泻褉褍锌邪	0.000267	0.127833	0.000034
泻褉褍锌褘	0.000535	0.127833	0.000068
泻褉褍锌褟薪褘械	0.000267	0.116534	0.000031
泻褍斜懈薪褋泻邪褟	0.000267	0.116534	0.000031
泻褍谢械褕	0.000267	0.040822	0.000011
泻褍谢懈薪邪褉懈懈	0.000802	0.094311	0.000076
泻褍谢懈薪邪褉薪邪褟	0.000267	0.116534	0.000031
泻褍谢懈薪邪褉薪芯械	0.000267	0.116534	0.000031
泻褍谢懈薪邪褉薪褍褞	0.000535	0.040822	0.000022
泻褍谢懈薪邪褉薪褘械	0.000267	2.525729	0.000675
泻褍谢懈薪邪褉薪褘泄	0.000267	0.072571	0.000019
泻褍谢懈薪邪褉薪褘褏	0.000267	0.116534	0.000031
泻褍谢懈褔	0.000267	0.040822	0.000011
泻褍谢懈褔懈	0.000267	0.116534	0.000031
泻褍薪卸褍褌	0.000535	0.994252	0.000532
泻褍褉写褋泻邪褟	0.000267	0.116534	0.000031
泻褍褉懈薪邪褟	0.001070	1.021651	0.001093
泻褍褉懈薪芯谐芯	0.000267	0.116534	0.000031
泻褍褉懈薪芯械	0.006684	0.127833	0.000855
泻褍褉懈薪褘泄	0.000267	0.105361	0.000028
泻褍褉懈褑邪	0.001604	0.040822	0.000065
泻褍褉懈褑械泄	0.000267	2.407946	0.000644
泻褍褉懈褑褘	0.001872	0.116534	0.000218
泻褍褉芯褔泻芯泄	0.000267	0.116534	0.000031
泻褍褋泻褍褋	0.000267	0.040822	0.000011
泻褍褏薪械	0.000267	1.237874	0.000331
泻褍褏薪械泄	0.000267	0.040822	0.000011
泻褍褏薪懈	0.001070	0.040822	0.000044
泻褍褏薪褟	0.000802	0.116534	0.000093
谢邪胁邪褕	0.000535	0.040822	0.000022
谢邪胁邪褕邪	0.001070	0.116534	0.000125
谢邪谐屑邪薪	0.000267	0.040822	0.000011
谢邪泻芯屑褋褌胁芯	0.000267	0.116534	0.000031
谢邪锌褕邪	0.000535	0.040822	0.000022
谢邪褉懈褋褘	0.000267	4.605170	0.001231
谢邪褌褘褕褋泻邪褟	0.000267	0.116534	0.000031
谢械谐泻邪褟	0.000535	0.116534	0.000062
谢械谐泻懈泄	0.000535	0.116534	0.000062
谢械谐泻芯	0.001604	0.116534	0.000187
谢械锌械褕泻懈	0.000535	0.040822	0.000022
谢械褌邪	0.000535	0.116534	0.000062
谢械褌薪懈械	0.000267	0.040822	0.000011
谢械褌薪褟褟	0.000267	0.116534	0.000031
谢械褌芯	0.001337	0.116534	0.000156
谢械褔芯	0.000267	0.040822	0.000011
谢懈谐邪	0.000802	0.116534	0.000093
谢懈泻械褉	0.000267	0.040822	0.000011
谢懈屑芯薪邪写	0.000535	0.040822	0.000022
谢懈褋褌褜褟	0.002139	1.514128	0.003239
谢懈褌芯胁褋泻	0.000267	0.127833	0.000034
谢懈褌芯胁褋泻邪褟	0.000267	0.116534	0.000031
谢懈褏懈械	0.000267	3.218876	0.000861
谢懈褔薪芯	0.000267	2.995732	0.000801
谢褍泻	0.004278	0.301105	0.001288
谢褍褔褕懈械	0.000267	0.116534	0.000031
谢褍褔褕懈泄	0.000535	0.040822	0.000022
谢褍褔褕懈褏	0.000267	0.116534	0.000031
谢褞斜胁懈	0.000267	0.105361	0.000028
谢褞斜懈屑芯谐芯	0.000267	0.127833	0.000034
谢褞斜懈屑芯泄	0.000267	2.659260	0.000711
谢褞斜懈屑芯屑褍	0.000535	0.116534	0.000062
谢褞斜懈屑褍褞	0.000267	3.506558	0.000938
谢褞斜懈屑褘泄	0.000802	1.609438	0.001291
谢褞斜懈屑褘褏	0.002139	0.116534	0.000249
谢褞斜懈褌械谢褜	0.000267	2.995732	0.000801
谢褞斜芯胁褜	0.000267	0.116534	0.000031
谢褞斜芯泄	0.000267	0.116534	0.000031
谢褞斜芯屑	0.000267	2.525729	0.000675
谢褞斜褟褌	0.000267	1.832581	0.000490
谢褟	0.000267	1.771957	0.000474
谢褢写	0.000267	0.127833	0.000034
屑邪谐褉懈斜邪	0.000267	0.116534	0.000031
屑邪泄	0.000267	0.116534	0.000031
屑邪泄芯薪械蟹	0.006150	0.116534	0.000717
屑邪泻邪褉芯薪薪褘械	0.000267	0.116534	0.000031
屑邪泻邪褉芯薪褘	0.000267	0.040822	0.000011
屑邪谢邪蟹懈泄褋泻邪褟	0.000267	0.116534	0.000031
屑邪薪写邪褉懈薪芯胁褘泄	0.000535	2.525729	0.001351
屑邪薪薪懈泻	0.000267	0.040822	0.000011
屑邪薪褋邪褉写芯泄	0.000267	0.755023	0.000202
屑邪薪褌褘	0.000267	0.116534	0.000031
屑邪薪褢胁褉褘	0.000267	0.116534	0.000031
屑邪褉邪褎芯薪	0.000802	0.116534	0.000093
屑邪褉懈薪邪写	0.002406	0.040822	0.000098
屑邪褉懈薪邪写褘	0.000802	0.116534	0.000093
屑邪褉懈薪芯胁邪薪薪褘械	0.000267	0.116534	0.000031
屑邪褉屑械谢邪写	0.000267	0.040822	0.000011
屑邪褉芯泻泻邪薪褋泻邪褟	0.000267	0.116534	0.000031
屑邪褉褌邪	0.001337	0.105361	0.000141
屑邪褋泻邪褉锌芯薪械	0.000267	0.040822	0.000011
屑邪褋谢械薪懈褑邪	0.000802	0.040822	0.000033
屑邪褋谢械薪懈褔薪芯械	0.000267	0.116534	0.000031
屑邪褋谢芯	0.003476	0.116534	0.000405
屑邪褋谢芯屑	0.000267	0.116534	0.000031
屑邪褋褋褍	0.000267	2.407946	0.000644
屑邪褋褌械褉	0.002406	0.116534	0.000280
屑邪褋褌懈泻邪	0.000267	0.040822	0.000011
屑邪褋褌懈泻懈	0.000267	0.116534	0.000031
屑邪褎褎懈薪褘	0.000267	0.116534	0.000031
屑邪褏械械胁褗	0.001070	0.116534	0.000125
屑械写懈邪褎芯褉褌	0.000802	0.000000	0.000000
屑械写芯胁褘泄	0.000267	0.116534	0.000031
屑械泻褋懈泻邪薪褋泻邪褟	0.000267	0.116534	0.000031
屑械薪褞	0.000535	0.116534	0.000062
屑械薪褟	0.000802	0.083382	0.000067
屑械薪褟械褌褋褟	0.000267	0.116534	0.000031
屑械薪褟谢邪	0.000267	3.506558	0.000938
屑械褉械	0.000267	2.813411	0.000752
屑械褉芯锌褉懈褟褌懈褟	0.000267	3.218876	0.000861
屑械褋泻懈褌	0.000267	3.912023	0.001046
屑械褋褌薪褘械	0.000267	2.995732	0.000801
屑械褋褌芯	0.000267	2.995732	0.000801
屑械褋褟褑	0.000535	2.659260	0.001422
屑械褔褌邪	0.000267	0.116534	0.000031
屑械褔褌邪谢懈	0.000267	3.218876	0.000861
屑械褔褌褘	0.000535	0.040822	0.000022
屑懈写懈懈	0.000267	0.040822	0.000011
屑懈泻褉芯胁芯谢薪芯胁泻械	0.000267	0.116534	0.000031
屑懈谢褜械	0.000267	0.116534	0.000031
屑懈薪懈屑邪谢褜薪褘泄	0.000267	4.605170	0.001231
屑懈芯	0.000267	0.116534	0.000031
屑懈褉	0.000267	0.116534	0.000031
屑懈褉邪	0.000267	0.116534	0.000031
屑懈褉芯胁邪褟	0.000267	0.116534	0.000031
屑懈褋芯	0.000267	0.040822	0.000011
屑懈褋褌械褉懈褟	0.000267	0.116534	0.000031
屑懈褋褌褉邪谢褜	0.001872	0.116534	0.000218
屑薪芯谐懈械	0.000267	1.309333	0.000350
屑薪芯谐芯	0.000267	0.776529	0.000208
屑薪芯卸械褋褌胁芯屑	0.000267	0.040822	0.000011
屑薪芯褞	0.000267	3.912023	0.001046
屑芯械	0.000267	0.116534	0.000031
屑芯械泄	0.000535	1.427116	0.000763
屑芯卸械褌械	0.000267	0.000000	0.000000
屑芯懈屑懈	0.000267	2.995732	0.000801
屑芯懈褏	0.000267	1.832581	0.000490
屑芯泄	0.001070	0.105361	0.000113
屑芯谢写邪胁褋泻邪褟	0.000267	0.116534	0.000031
屑芯谢芯泻械	0.000267	0.105361	0.000028
屑芯谢芯泻芯	0.000267	0.116534	0.000031
屑芯谢芯褔薪褘泄	0.000535	0.040822	0.000022
屑芯谢芯褔薪褘褏	0.000267	0.116534	0.000031
屑芯屑械薪褌	0.000802	0.116534	0.000093
屑芯薪谐芯谢褜褋泻邪褟	0.000267	0.116534	0.000031
屑芯褉械	0.000267	0.116534	0.000031
屑芯褉械锌褉芯写褍泻褌芯胁	0.004011	0.040822	0.000164
屑芯褉械锌褉芯写褍泻褌褘	0.000535	0.116534	0.000062
屑芯褉泻芯胁懈	0.000267	2.995732	0.000801
屑芯褉泻芯胁褜	0.002406	0.040822	0.000098
屑芯褉芯卸械薪芯械	0.000802	0.040822	0.000033
屑芯褉褋	0.000267	0.040822	0.000011
屑芯褉褋褘	0.000267	0.116534	0.000031
屑芯褌芯褉	0.000267	0.116534	0.000031
屑芯褏懈褌芯	0.000267	0.040822	0.000011
屑褍卸械屑	0.000267	2.995732	0.000801
屑褍卸褋泻邪褟	0.000267	0.127833	0.000034
屑褍卸褍	0.000267	2.302585	0.000616
屑褍卸褔懈薪褘	0.000802	0.116534	0.000093
屑褍蟹褘泻邪	0.000267	3.912023	0.001046
屑褍谢褜褌懈胁邪褉泻械	0.010160	0.116534	0.001184
屑褍谢褜褌懈锌械泻邪褉械泄	0.000802	0.116534	0.000093
屑褍褋褋	0.000267	0.040822	0.000011
屑褍褋褋褘	0.000535	0.116534	0.000062
屑褍褔薪褘械	0.000267	0.116534	0.000031
屑褔邪褌褜褋褟	0.000267	4.605170	0.001231
屑褞褋谢懈	0.000535	0.116534	0.000062
屑褟褋邪	0.004278	0.116534	0.000499
屑褟褋薪芯谐芯	0.000535	0.116534	0.000062
屑褟褋薪芯泄	0.000535	0.116534	0.000062
屑褟褋薪褘械	0.001337	0.040822	0.000055
屑褟褋薪褘褏	0.001070	0.116534	0.000125
屑褟褋芯	0.003209	0.040822	0.000131
屑褟褋芯屑	0.001604	0.040822	0.000065
屑褟褋褍	0.000535	0.116534	0.000062
薪邪斜芯褉	0.000267	1.897120	0.000507
薪邪胁械褉薪芯	0.000267	2.407946	0.000644
薪邪蟹邪写	0.000267	0.967584	0.000259
薪邪蟹胁邪薪懈械	0.000535	0.941609	0.000504
薪邪蟹胁邪薪懈械屑	0.000267	1.203973	0.000322
薪邪蟹胁邪薪懈褟	0.000267	2.120264	0.000567
薪邪蟹胁邪褌褜	0.000267	2.040221	0.000546
薪邪蟹薪邪褔械薪懈褟	0.000267	0.116534	0.000031
薪邪泄写褍褌褋褟	0.000267	3.218876	0.000861
薪邪谢懈胁泻邪	0.000267	0.040822	0.000011
薪邪锌械褉械谐芯薪泻懈	0.000267	3.218876	0.000861
薪邪锌懈褌泻懈	0.001604	0.040822	0.000065
薪邪锌懈褌芯泻	0.000267	0.040822	0.000011
薪邪锌褉懈屑械褉	0.000267	1.771957	0.000474
薪邪褋谢邪写懈褌褜褋褟	0.000267	2.302585	0.000616
薪邪褋褌芯泄泻邪	0.000267	0.040822	0.000011
薪邪褋褌芯谢褜泻芯	0.000267	1.514128	0.000405
薪邪褋褌芯褟褖械泄	0.000267	2.407946	0.000644
薪邪褋褌褉芯械薪懈械	0.000267	0.116534	0.000031
薪邪褌泻薪褍谢邪褋褜	0.000267	1.966113	0.000526
薪邪褑懈芯薪邪谢褜薪褘械	0.000267	0.116534	0.000031
薪邪褔邪谢懈	0.000267	2.407946	0.000644
薪邪褔懈薪泻邪	0.000535	0.040822	0.000022
薪邪褔懈薪泻芯泄	0.000267	0.116534	0.000031
薪邪褕	0.000267	2.525729	0.000675
薪邪褕械泄	0.000267	1.347074	0.000360
薪邪褕械屑	0.000267	0.040822	0.000011
薪邪褕懈	0.000535	0.061875	0.000033
薪邪褕懈褏	0.000535	1.514128	0.000810
薪邪褕谢邪	0.000535	0.579818	0.000310
薪械胁械褉芯褟褌薪芯	0.000267	1.386294	0.000371
薪械胁械褉芯褟褌薪芯械	0.000267	3.218876	0.000861
薪械谐芯	0.000802	0.941609	0.000755
薪械写械谢懈	0.000267	2.120264	0.000567
薪械写械谢褟	0.002674	0.061875	0.000165
薪械卸薪芯泄	0.000267	0.116534	0.000031
薪械卸薪褘泄	0.000535	0.891598	0.000477
薪械卸薪褘屑	0.000267	2.040221	0.000546
薪械蟹邪褋谢褍卸械薪薪芯	0.000267	2.995732	0.000801
薪械懈蟹屑械薪薪芯	0.000267	2.525729	0.000675
薪械屑	0.000267	1.203973	0.000322
薪械屑械褑泻邪褟	0.000267	0.116534	0.000031
薪械芯斜褏芯写懈屑褘械	0.000267	2.813411	0.000752
薪械芯斜褘褔薪褘泄	0.000267	1.347074	0.000360
薪械芯写薪芯泻褉邪褌薪芯	0.000267	3.218876	0.000861
薪械芯卸懈写邪薪薪褘械	0.000267	0.116534	0.000031
薪械褋谢邪写泻芯械	0.000267	0.116534	0.000031
薪械褋谢芯卸薪芯	0.000267	2.207275	0.000590
薪械褍谐芯屑芯薪薪褘械	0.000267	3.218876	0.000861
薪懈泻褌芯	0.000267	1.897120	0.000507
薪懈薪邪	0.000267	1.203973	0.000322
薪芯胁邪褟	0.000535	0.116534	0.000062
薪芯胁芯谐芯写薪械谐芯	0.001604	0.116534	0.000187
薪芯胁芯谐芯写薪械械	0.000802	0.116534	0.000093
薪芯胁芯谐芯写薪懈械	0.001604	0.040822	0.000065
薪芯胁芯谐芯写薪懈泄	0.002139	0.116534	0.000249
薪芯胁芯谐芯写薪褟褟	0.000267	0.105361	0.000028
薪芯胁芯屑	0.000267	3.506558	0.000938
薪芯胁芯褋褌褟褏	0.000267	0.061875	0.000017
薪芯胁褘械	0.001604	0.051293	0.000082
薪芯胁褘泄	0.003209	0.094311	0.000303
薪芯褉胁械卸褋泻邪褟	0.000267	0.116534	0.000031
薪芯褋懈谢懈褋褜	0.000267	3.218876	0.000861
薪芯褟斜褉褟	0.001070	0.527633	0.000564
薪褉邪胁懈褌褋褟	0.000267	1.427116	0.000382
薪褍卸薪褘褏	0.000267	4.605170	0.001231
薪褍褉	0.000267	4.605170	0.001231
薪褘薪械	0.000267	4.605170	0.001231
芯斜邪谢写械薪薪褘泄	0.000267	3.506558	0.000938
芯斜械写	0.000802	0.105361	0.000085
芯斜械蟹褜褟薪褘	0.000267	0.116534	0.000031
芯斜械褖邪械褕褜	0.000267	3.506558	0.000938
芯斜薪邪褉褍卸懈谢邪	0.000267	3.218876	0.000861
芯斜褖邪褌褜褋褟	0.000267	0.040822	0.000011
芯斜褗械屑械	0.000267	3.506558	0.000938
芯斜褟蟹邪褌械谢褜薪芯	0.000535	0.967584	0.000517
芯胁芯褖邪屑懈	0.000267	0.116534	0.000031
芯胁芯褖械泄	0.006684	0.105361	0.000704
芯胁芯褖懈	0.001872	0.094311	0.000177
芯胁芯褖薪邪褟	0.000267	0.040822	0.000011
芯胁芯褖薪芯械	0.000267	0.116534	0.000031
芯胁芯褖薪芯泄	0.000535	0.105361	0.000056
芯胁芯褖薪褘械	0.001337	0.040822	0.000055
芯胁褋褟薪芯械	0.000267	0.116534	0.000031
芯谐邪褋褌邪	0.000267	4.605170	0.001231
芯谐谢邪褕邪械褕褜	0.000267	3.506558	0.000938
芯谐薪械薪薪芯泄	0.000267	0.116534	0.000031
芯谐薪褟	0.000267	0.116534	0.000031
芯谐褉芯屑薪芯泄	0.000267	2.525729	0.000675
芯谐褉芯屑薪褍褞	0.000267	2.813411	0.000752
芯谐褍褉械褑	0.002139	1.237874	0.002648
芯谐褍褉懈泻芯屑	0.000267	4.605170	0.001231
芯谐褍褉褑芯胁	0.000267	2.995732	0.000801
芯谐褍褉褑褘	0.000802	0.116534	0.000093
芯写薪芯谐芯	0.000267	1.660731	0.000444
芯卸懈写邪谢邪	0.000267	2.525729	0.000675
芯泻褉芯褕泻邪	0.000802	0.040822	0.000033
芯泻褌褟斜褉褟	0.000535	0.562119	0.000301
芯谢邪写褜懈	0.000802	0.040822	0.000033
芯谢械泄薪邪	0.000802	0.116534	0.000093
芯谢械泄薪芯泄	0.001070	0.116534	0.000125
芯谢械泄薪褘	0.000267	0.127833	0.000034
芯谢懈	0.000267	2.813411	0.000752
芯谢懈胁泻芯胁芯械	0.001604	0.544727	0.000874
芯谢褟	0.000267	2.120264	0.000567
芯屑谢械褌	0.000267	0.040822	0.000011
芯锌邪褉邪	0.000267	0.040822	0.000011
芯锌褉芯褋	0.000267	0.061875	0.000017
芯褉械褏懈	0.001070	1.139434	0.001219
芯褉械褕懈薪泻邪	0.000267	3.218876	0.000861
芯褉懈谐懈薪邪谢褜薪芯屑	0.000267	2.813411	0.000752
芯褋械薪薪械械	0.000267	0.116534	0.000031
芯褋械薪薪懈械	0.000267	0.051293	0.000014
芯褋械薪薪懈泄	0.000535	0.116534	0.000062
芯褋械薪褜	0.002674	0.105361	0.000282
芯褋薪芯胁薪芯械	0.000267	0.040822	0.000011
芯褋褌邪械褌褋褟	0.000267	0.116534	0.000031
芯褋褌邪谢褋褟	0.000267	3.218876	0.000861
芯褋褌邪薪芯胁懈褌褜褋褟	0.000267	1.714798	0.000459
芯褌斜褘胁褕械泄	0.000267	4.605170	0.001231
芯褌胁械褌懈褌褜	0.000267	0.051293	0.000014
芯褌胁械褌芯胁	0.000267	0.051293	0.000014
芯褌胁械褌褘	0.000267	0.000000	0.000000
芯褌泻褉褘褌褘泄	0.000535	0.116534	0.000062
芯褌谢懈褔薪褘褏	0.000267	3.912023	0.001046
芯褌谢芯卸懈谢芯褋褜	0.000267	4.605170	0.001231
芯褌屑械薪懈褌褜	0.000267	0.040822	0.000011
芯褌屑械褔邪谢懈	0.000267	2.407946	0.000644
芯褌芯褉胁邪谢懈褋褜	0.000267	3.218876	0.000861
芯褌锌邪写	0.000267	3.506558	0.000938
芯褏谢邪写懈褌褜	0.000267	0.116534	0.000031
芯褔械褉械写褜	0.000267	1.966113	0.000526
芯褕械谢芯屑懈谢	0.000535	3.218876	0.001721
锌邪泻械褌懈泻邪褏	0.000267	0.105361	0.000028
锌邪谢邪褌泻褍	0.000535	3.218876	0.001721
锌邪谢芯褔泻懈	0.000267	0.040822	0.000011
锌邪屑褟褌懈	0.000267	4.605170	0.001231
锌邪薪懈褉芯胁泻邪	0.002139	0.116534	0.000249
锌邪褉邪	0.000267	0.116534	0.000031
锌邪褉邪写	0.001872	0.116534	0.000218
锌邪褉屑械蟹邪薪	0.000535	2.407946	0.001288
锌邪褉芯胁邪褉泻械	0.002406	0.116534	0.000280
锌邪褉芯谢褜	0.000267	0.020203	0.000005
锌邪褋褌邪	0.000802	0.040822	0.000033
锌邪褋褌褉芯屑邪	0.000267	0.040822	0.000011
锌邪褋褏邪	0.000535	0.040822	0.000022
锌邪褋褏邪谢褜薪邪褟	0.000535	0.116534	0.000062
锌邪褋褏邪谢褜薪褘泄	0.000267	0.127833	0.000034
锌邪褕褌械褌	0.000267	0.040822	0.000011
锌邪褕褌械褌褘	0.000535	0.116534	0.000062
锌械泻邪褉褟	0.000267	0.127833	0.000034
锌械泻懈薪褋泻邪褟	0.000535	2.407946	0.001288
锌械谢褜屑械薪懈	0.000267	0.116534	0.000031
锌械褉胁芯械	0.000802	0.040822	0.000033
锌械褉胁褍褞	0.000267	3.506558	0.000938
锌械褉胁褘械	0.000267	0.127833	0.000034
锌械褉胁褘泄	0.000802	1.309333	0.001050
锌械褉胁褘屑	0.000267	0.116534	0.000031
锌械褉胁褘褏	0.000267	2.120264	0.000567
锌械褉械泄褌懈	0.000267	0.040822	0.000011
锌械褉械泻芯褔械胁邪谢	0.000267	4.605170	0.001231
锌械褉械泻褍褋	0.000535	0.116534	0.000062
锌械褉械锌懈褋邪谢邪	0.000267	4.605170	0.001231
锌械褉械褑	0.004011	0.040822	0.000164
锌械褉械褔械褋褌褜	0.000267	3.218876	0.000861
锌械褉谢芯胁邪褟	0.000267	3.218876	0.000861
锌械褉褋芯薪褘	0.000267	0.116534	0.000031
锌械褉褍邪薪褋泻邪褟	0.000267	0.116534	0.000031
锌械褋芯褔薪芯械	0.000535	0.105361	0.000056
锌械褋芯褔薪褘泄	0.000267	0.116534	0.000031
锌械褌械谢懈薪泻懈	0.000267	0.127833	0.000034
锌械褔械薪芯褔薪褘泄	0.000267	0.040822	0.000011
锌械褔械薪褜械	0.002406	0.040822	0.000098
锌械褔懈	0.000267	0.127833	0.000034
锌懈胁芯	0.000267	0.116534	0.000031
锌懈泻邪薪褌薪褘泄	0.000267	2.407946	0.000644
锌懈泻邪薪褌褘	0.000267	0.127833	0.000034
锌懈泻薪懈泻	0.000535	0.116534	0.000062
锌懈泻薪懈泻邪	0.000267	0.116534	0.000031
锌懈泻薪懈泻褍	0.000267	0.105361	0.000028
锌懈褉	0.000267	0.116534	0.000031
锌懈褉芯谐	0.000802	0.040822	0.000033
锌懈褉芯谐懈	0.000267	0.105361	0.000028
锌懈褉芯卸泻懈	0.000267	0.040822	0.000011
锌懈褉芯卸薪芯械	0.000267	0.040822	0.000011
锌懈褉芯卸薪褘械	0.000267	0.116534	0.000031
锌懈褌邪薪懈械	0.001337	0.105361	0.000141
锌懈褌械褉械	0.000267	2.407946	0.000644
锌懈褑褑邪	0.000535	0.040822	0.000022
锌谢邪屑褟	0.000267	0.116534	0.000031
锌谢懈褌邪	0.001070	0.127833	0.000137
锌谢芯胁	0.000267	0.116534	0.000031
锌谢芯写褘	0.000267	0.116534	0.000031
锌屑卸	0.000267	4.605170	0.001231
锌芯斜邪谢芯胁邪褌褜	0.000267	2.525729	0.000675
锌芯斜褘胁邪褌褜	0.000267	3.218876	0.000861
锌芯胁邪褉械薪泻械	0.000535	0.040822	0.000022
锌芯胁邪褉械薪芯泻	0.000267	0.061875	0.000017
锌芯胁邪褉懈褏懈	0.000267	3.218876	0.000861
锌芯胁邪褉褟褌	0.000267	0.116534	0.000031
锌芯胁邪褉褟褌邪屑	0.000267	2.407946	0.000644
锌芯胁邪褉褟褌邪屑懈	0.000267	0.040822	0.000011
锌芯胁邪褉褢薪泻邪	0.000267	0.116534	0.000031
锌芯胁械褉懈谢邪	0.000267	3.218876	0.000861
锌芯胁械褉褜褌械	0.000267	2.040221	0.000546
锌芯胁懈写谢芯	0.000267	0.040822	0.000011
锌芯写邪褉泻芯胁	0.000267	0.116534	0.000031
锌芯写邪褌褜	0.000535	1.560648	0.000835
锌芯写斜芯褉	0.000267	1.514128	0.000405
锌芯写谐谢褟写械谢邪	0.000267	3.912023	0.001046
锌芯写谢懈胁邪	0.000267	0.116534	0.000031
锌芯写谢懈胁泻邪	0.000267	0.040822	0.000011
锌芯写薪芯褋褟	0.000267	3.218876	0.000861
锌芯写锌懈褋邪褌褜褋褟	0.000535	0.040822	0.000022
锌芯写锌懈褕懈褌械褋褜	0.000802	0.040822	0.000033
锌芯写褉褍谐懈	0.000535	2.659260	0.001422
锌芯写褋芯谢薪械褔薪芯械	0.000535	1.347074	0.000720
锌芯写褍褕械褔械泻	0.000267	3.218876	0.000861
锌芯写褏芯写懈褌	0.000267	1.897120	0.000507
锌芯写褔械褉泻薪褍褌褜	0.000267	4.605170	0.001231
锌芯写褘褋泻懈胁邪褌褜	0.000267	2.525729	0.000675
锌芯械写邪薪懈懈	0.000267	2.207275	0.000590
锌芯械写懈薪泻懈	0.003743	0.116534	0.000436
锌芯卸邪谢褍泄	0.000267	2.040221	0.000546
锌芯蟹写褉邪胁褜	0.000267	0.116534	0.000031
锌芯懈褋泻	0.000267	0.051293	0.000014
锌芯泻芯泄	0.000267	4.605170	0.001231
锌芯谢写薪懈泻	0.000535	0.116534	0.000062
锌芯谢械蟹薪芯	0.000267	0.116534	0.000031
锌芯谢懈褌懈泻芯泄	0.000267	0.040822	0.000011
锌芯谢薪芯泄	0.000267	3.912023	0.001046
锌芯谢芯胁懈薪邪	0.002139	0.116534	0.000249
锌芯谢芯胁懈薪褍	0.000267	2.525729	0.000675
锌芯谢褍褔邪械褌褋褟	0.000267	0.400478	0.000107
锌芯谢褍褔邪泄褌械	0.000535	0.040822	0.000022
锌芯谢褍褔邪褌褜	0.000267	0.040822	0.000011
锌芯谢褍褔懈谢懈	0.000267	3.218876	0.000861
锌芯谢褜蟹邪	0.000267	0.127833	0.000034
锌芯谢褜蟹芯泄	0.001070	0.116534	0.000125
锌芯谢褜蟹褍械褌褋褟	0.000267	2.207275	0.000590
锌芯谢褜褋泻邪褟	0.000267	0.116534	0.000031
锌芯屑邪写泻邪	0.000535	0.040822	0.000022
锌芯屑邪写泻懈	0.000267	0.116534	0.000031
锌芯屑懈写芯褉	0.001070	0.713350	0.000763
锌芯屑懈写芯褉泻懈	0.000267	0.127833	0.000034
锌芯屑懈写芯褉芯胁	0.000267	2.525729	0.000675
锌芯屑懈写芯褉褘	0.000802	0.116534	0.000093
锌芯屑薪褞	0.000267	1.966113	0.000526
锌芯薪懈屑邪褞褌	0.000267	3.218876	0.000861
锌芯薪褉邪胁懈胁褕懈械褋褟	0.000267	0.040822	0.000011
锌芯薪褔懈泻懈	0.000535	0.040822	0.000022
锌芯锌褉芯斜芯胁邪胁	0.000267	1.832581	0.000490
锌芯锌褉芯斜芯胁邪谢懈	0.000267	2.813411	0.000752
锌芯锌褉芯斜芯胁邪褌褜	0.000267	0.798508	0.000214
锌芯锌褉芯斜褍泄褌械	0.000267	0.562119	0.000150
锌芯锌褍谢褟褉薪芯褋褌褜	0.000267	3.912023	0.001046
锌芯锌褍谢褟褉薪芯褋褌褜褞	0.000267	2.525729	0.000675
锌芯褉	0.000535	1.469676	0.000786
锌芯褉邪	0.000267	0.116534	0.000031
锌芯褉邪写芯胁邪褌褜	0.000267	2.407946	0.000644
锌芯褉褌懈褌褋褟	0.000267	3.912023	0.001046
锌芯褉褌褍谐邪谢褜褋泻邪褟	0.000267	0.116534	0.000031
锌芯褋胁褟褌懈褌褜	0.000267	3.506558	0.000938
锌芯褋械褖邪械褌械	0.000267	0.061875	0.000017
锌芯褋泻芯谢褜泻褍	0.000267	2.040221	0.000546
锌芯褋谢械写褍褞褖懈械	0.000267	3.506558	0.000938
锌芯褋褌	0.001337	0.105361	0.000141
锌芯褋褌薪芯械	0.000267	0.116534	0.000031
锌芯褋褌薪褘械	0.000267	0.040822	0.000011
锌芯褋褌薪褘泄	0.000267	0.116534	0.000031
锌芯褋褌芯褟薪薪芯	0.000267	0.040822	0.000011
锌芯褋褌褉芯械薪薪芯屑	0.000267	3.218876	0.000861
锌芯褋褌褉芯懈屑	0.000267	0.116534	0.000031
锌芯褋褍写邪	0.000535	0.094311	0.000050
锌芯褋褔邪褋褌谢懈胁懈谢芯褋褜	0.000267	3.218876	0.000861
锌芯褌褉褟褋邪褞褖懈泄	0.000267	2.525729	0.000675
锌芯褔械屑褍	0.000267	1.203973	0.000322
锌芯褔褌褍	0.000535	0.040822	0.000022
锌芯褕邪谐芯胁褘械	0.000267	0.301105	0.000081
锌芯褕邪谐芯胁褘屑懈	0.000267	0.040822	0.000011
锌芯褕邪谐芯胁褘褏	0.000267	3.506558	0.000938
锌芯褟胁褟褌褋褟	0.000267	2.995732	0.000801
锌褉	0.000267	3.912023	0.001046
锌褉邪胁写邪	0.000267	1.139434	0.000305
锌褉邪蟹写薪懈泻邪	0.000267	0.116534	0.000031
锌褉邪蟹写薪懈泻懈	0.000267	1.771957	0.000474
锌褉邪蟹写薪懈褔薪芯	0.000267	0.116534	0.000031
锌褉邪蟹写薪懈褔薪芯谐芯	0.000267	0.116534	0.000031
锌褉邪蟹写薪懈褔薪芯屑	0.000535	1.771957	0.000948
锌褉邪蟹写薪懈褔薪褘械	0.000267	2.995732	0.000801
锌褉邪蟹写薪懈褔薪褘泄	0.000802	0.116534	0.000093
锌褉邪蟹写薪芯胁邪谢懈	0.000267	3.218876	0.000861
锌褉邪泻褌懈泻褍屑	0.000267	0.116534	0.000031
锌褉邪泻褌懈褔械褋泻懈	0.000535	1.386294	0.000741
锌褉械胁芯褋褏芯写薪褘械	0.000267	0.116534	0.000031
锌褉械胁褉邪褖械薪懈褟	0.000267	0.116534	0.000031
锌褉械写褋褌邪胁谢褟谢	0.000267	2.995732	0.000801
锌褉械写褋褌邪胁谢褟褞	0.000267	2.302585	0.000616
锌褉械懈屑褍褖械褋褌胁芯	0.000267	3.912023	0.001046
锌褉械褋薪芯械	0.000267	0.116534	0.000031
锌褉懈谐谢邪褕械薪褘	0.000267	3.218876	0.000861
锌褉懈谐谢邪褕褢薪薪褘褏	0.000267	3.218876	0.000861
锌褉懈谐芯褌芯胁懈屑	0.000267	0.116534	0.000031
锌褉懈谐芯褌芯胁懈褌褜	0.000535	0.342490	0.000183
锌褉懈谐芯褌芯胁谢械薪	0.000267	2.302585	0.000616
锌褉懈谐芯褌芯胁谢械薪懈械	0.000267	0.105361	0.000028
锌褉懈谐芯褌芯胁谢械薪懈褞	0.000267	0.040822	0.000011
锌褉懈谐芯褌芯胁谢械薪懈褟	0.000535	0.371064	0.000198
锌褉懈写邪械褌	0.000267	2.302585	0.000616
锌褉懈械谢褋褟	0.000267	3.218876	0.000861
锌褉懈蟹薪邪薪懈械	0.000267	0.116534	0.000031
锌褉懈蟹芯胁	0.000267	0.040822	0.000011
锌褉懈谢邪胁泻邪褏	0.000267	3.218876	0.000861
锌褉懈薪褟褌芯	0.000267	2.659260	0.000711
锌褉懈锌褉邪胁邪	0.000802	0.040822	0.000033
锌褉懈褉芯写褍	0.000267	0.116534	0.000031
锌褉懈褉芯写褘	0.000267	0.116534	0.000031
锌褉懈褋褌褍锌懈褌褜	0.000267	0.040822	0.000011
锌褉懈褍泻褉邪褕懈胁邪褟	0.000267	3.506558	0.000938
锌褉芯胁械写懈	0.001070	0.116534	0.000125
锌褉芯胁械褉械薪芯	0.001604	0.116534	0.000187
锌褉芯胁芯写懈屑褘褏	0.000267	0.040822	0.000011
锌褉芯胁芯卸邪械屑	0.000267	0.116534	0.000031
锌褉芯写褍泻褌芯胁	0.000802	0.094311	0.000076
锌褉芯写褍泻褌褘	0.000802	1.386294	0.001112
锌褉芯械泻褌芯胁	0.000267	0.116534	0.000031
锌褉芯械泻褌褘	0.000267	0.061875	0.000017
锌褉芯谢懈褋褌邪谢邪	0.000267	3.506558	0.000938
锌褉芯褋屑芯褌褉邪屑	0.000267	0.274437	0.000073
锌褉芯褋褌芯	0.001070	0.083382	0.000089
锌褉芯褋褌芯泄	0.000535	0.755023	0.000404
锌褉芯褋褌芯泻胁邪褕邪	0.000267	0.040822	0.000011
锌褉芯褋褌芯褌邪	0.000267	1.966113	0.000526
锌褉芯褋褌芯褟谢	0.000267	3.912023	0.001046
锌褉芯褋褟褌	0.000267	2.040221	0.000546
锌褉芯褎懈谢褜	0.000267	0.040822	0.000011
锌褉芯褔懈褏	0.000267	4.605170	0.001231
锌褉褟屑芯	0.000267	0.040822	0.000011
锌褉褟薪懈泻	0.000267	0.040822	0.000011
锌褉褟薪懈泻懈	0.000267	0.116534	0.000031
锌褉褟薪懈褔薪芯械	0.000267	0.116534	0.000031
锌褌懈褑邪	0.001337	0.116534	0.000156
锌褌懈褑械	0.000535	0.116534	0.000062
锌褌懈褑械泄	0.000267	0.127833	0.000034
锌褌懈褑褘	0.004545	0.116534	0.000530
锌褍写懈薪谐	0.000267	0.040822	0.000011
锌褍写懈薪谐懈	0.000535	0.116534	0.000062
锌褍薪褕	0.000267	0.040822	0.000011
锌褍褌械褕械褋褌胁懈械	0.000535	0.116534	0.000062
锌褍褌褜	0.000267	0.116534	0.000031
锌褕械薪薪邪褟	0.000267	3.912023	0.001046
锌褘褕泻懈	0.000267	0.040822	0.000011
锌褞褉械	0.001070	0.040822	0.000044
锌褟褌薪懈褑邪	0.000267	4.605170	0.001231
锌褟褌薪懈褔薪褘屑	0.000267	4.605170	0.001231
褉邪斜芯褌械	0.000267	2.813411	0.000752
褉邪斜芯褌褍	0.000267	1.560648	0.000417
褉邪谐褍	0.000267	0.116534	0.000031
褉邪蟹	0.000267	0.446287	0.000119
褉邪蟹胁械褉薪褍褌褜	0.000267	0.116534	0.000031
褉邪蟹写械谢褜薪芯械	0.000267	0.116534	0.000031
褉邪蟹薪褘械	0.000267	0.116534	0.000031
褉邪蟹芯斜褉邪褌褜	0.000267	4.605170	0.001231
褉邪蟹褍	0.000267	2.525729	0.000675
褉邪蟹褍蟹薪邪褌褜	0.000267	2.525729	0.000675
褉邪薪芯	0.000267	4.605170	0.001231
褉邪薪褜褕械	0.000535	1.560648	0.000835
褉邪褋褋芯谢褜薪懈泻	0.000535	0.040822	0.000022
褉邪褋褋芯谢褜薪懈泻邪	0.000267	0.116534	0.000031
褉邪褋褋褘谢泻邪	0.000267	3.506558	0.000938
褉邪褋褋褘谢泻懈	0.000267	0.061875	0.000017
褉邪褋褋褘谢泻褍	0.000267	3.912023	0.001046
褉邪褋褌懈褌械谢褜薪芯械	0.001070	0.235722	0.000252
褉械谐懈褋褌褉邪褑懈懈	0.000535	0.010050	0.000005
褉械谐懈褋褌褉邪褑懈褟	0.000267	0.000000	0.000000
褉械写懈褋	0.000535	2.995732	0.001602
褉械泄褌懈薪谐褍	0.000267	0.248461	0.000066
褉械锌褔邪褌褘泄	0.001604	0.430783	0.000691
褉械褑械锌褌	0.004545	0.040822	0.000186
褉械褑械锌褌邪	0.000267	0.462035	0.000124
褉械褑械锌褌邪屑懈	0.000267	3.218876	0.000861
褉械褑械锌褌邪褏	0.000267	0.061875	0.000017
褉械褑械锌褌械	0.000267	1.171183	0.000313
褉械褑械锌褌懈泻	0.000267	1.660731	0.000444
褉械褑械锌褌芯胁	0.002941	0.040822	0.000120
褉械褑械锌褌褘	0.019519	0.040822	0.000797
褉械褕懈谢邪	0.000535	0.820981	0.000439
褉懈褋	0.001070	0.040822	0.000044
褉懈褋邪	0.000267	0.116534	0.000031
褉懈褋泻薪褍褌褜	0.000267	3.912023	0.001046
褉懈褋芯屑	0.000267	1.660731	0.000444
褉懈褌屑械	0.000267	0.116534	0.000031
褉芯谐邪谢懈泻懈	0.000267	0.040822	0.000011
褉芯写薪芯械	0.000267	0.116534	0.000031
褉芯写褋褌胁械薪薪懈泻芯胁	0.000267	4.605170	0.001231
褉芯卸写械薪懈褟	0.000267	0.105361	0.000028
褉芯卸写械褋褌胁芯	0.000267	0.116534	0.000031
褉芯谢谢褌芯薪	0.000267	0.116534	0.000031
褉芯谢谢褘	0.000535	0.040822	0.000022
褉芯屑	0.000267	0.040822	0.000011
褉褍斜邪谢褜褋泻芯泄	0.000267	4.605170	0.001231
褉褍斜褉懈泻邪褌芯褉	0.000267	0.051293	0.000014
褉褍泻芯泄	0.000267	2.525729	0.000675
褉褍谢械褌	0.000267	0.040822	0.000011
褉褍谢械褌褘	0.002674	0.116534	0.000312
褉褍屑褘薪褋泻邪褟	0.000267	0.116534	0.000031
褉褍屑褟薪褘械	0.000267	0.116534	0.000031
褉褍薪械褌械	0.000267	0.020203	0.000005
褉褍褋褋泻邪褟	0.000267	0.116534	0.000031
褉褘斜邪	0.002406	0.040822	0.000098
褉褘斜械	0.000535	0.116534	0.000062
褉褘斜薪邪褟	0.000267	0.116534	0.000031
褉褘斜薪芯谐芯	0.000535	0.116534	0.000062
褉褘斜薪褘械	0.001872	0.116534	0.000218
褉褘斜薪褘泄	0.000535	0.116534	0.000062
褉褘斜薪褘褏	0.000267	0.116534	0.000031
褉褘斜芯泄	0.000535	0.116534	0.000062
褉褘斜褘	0.004011	0.116534	0.000467
褉褟写芯屑	0.000267	2.995732	0.000801
褉褟卸械薪泻邪	0.000267	0.116534	0.000031
褋邪泄褌	0.000802	0.000000	0.000000
褋邪泄褌邪	0.000267	1.108663	0.000296
褋邪泄褌褍	0.000535	0.061875	0.000033
褋邪谢邪褌	0.010428	0.094311	0.000983
褋邪谢邪褌邪	0.003209	1.078810	0.003461
褋邪谢邪褌械	0.000267	2.659260	0.000711
褋邪谢邪褌懈泻	0.001070	2.302585	0.002463
褋邪谢邪褌薪邪褟	0.000267	0.116534	0.000031
褋邪谢邪褌薪懈泻邪	0.000267	2.995732	0.000801
褋邪谢邪褌芯胁	0.000267	2.995732	0.000801
褋邪谢邪褌褘	0.027273	0.040822	0.001113
褋邪屑芯谐芯薪	0.000267	0.040822	0.000011
褋邪屑芯械	0.000267	1.897120	0.000507
褋邪屑褘泄	0.000802	1.021651	0.000820
褋邪屑褘屑	0.000802	1.386294	0.001112
褋邪屑褘褏	0.000535	0.116534	0.000062
褋邪褎	0.000802	0.116534	0.000093
褋邪褎褋械屑	0.000267	0.116534	0.000031
褋邪褏邪褉	0.001070	0.116534	0.000125
褋斜懈褌械薪褜	0.000267	0.040822	0.000011
褋胁邪写械斜薪褘泄	0.000267	2.813411	0.000752
褋胁邪写褜斜械	0.000267	3.218876	0.000861
褋胁械卸械褋褌褜	0.000267	0.105361	0.000028
褋胁械卸懈械	0.000535	2.659260	0.001422
褋胁械卸懈泄	0.000267	2.659260	0.000711
褋胁械卸懈屑懈	0.000267	2.525729	0.000675
褋胁械卸懈褏	0.000267	2.659260	0.000711
褋胁械泻谢邪	0.001872	0.040822	0.000076
褋胁械泻谢褘	0.000535	2.659260	0.001422
褋胁械泻芯谢褜薪懈泻	0.000535	0.040822	0.000022
褋胁械泻芯谢褜薪褘泄	0.000267	3.218876	0.000861
褋胁械褌邪	0.001070	0.116534	0.000125
褋胁械褌谢邪薪褍	0.000267	3.912023	0.001046
褋胁械褌芯屑	0.000267	3.912023	0.001046
褋胁懈薪懈薪邪	0.000802	0.040822	0.000033
褋胁懈薪懈薪褘	0.001872	0.116534	0.000218
褋胁芯械	0.000535	0.116534	0.000062
褋胁芯械屑	0.000267	0.040822	0.000011
褋胁芯懈屑	0.000267	0.040822	0.000011
褋胁芯褞	0.000267	0.040822	0.000011
褋谐褍褖械薪泻邪	0.000267	0.040822	0.000011
褋写械谢邪泄褌械	0.000267	3.506558	0.000938
褋写械谢邪谢懈	0.000267	2.813411	0.000752
褋械蟹芯薪	0.000267	0.116534	0.000031
褋械泄褔邪褋	0.000535	0.030459	0.000016
褋械泻褉械褌褘	0.000535	0.116534	0.000062
褋械谢械写泻邪	0.000267	0.040822	0.000011
褋械谢械写泻芯泄	0.000267	3.506558	0.000938
褋械谢褜写褜	0.001337	2.207275	0.002951
褋械屑谐邪	0.000802	0.040822	0.000033
褋械屑械泄薪芯屑	0.000267	2.407946	0.000644
褋械屑械泄薪褘泄	0.000267	0.116534	0.000031
褋械屑械泄薪褘屑	0.000267	3.912023	0.001046
褋械屑褜械	0.000267	1.309333	0.000350
褋械屑褜懈	0.000267	0.116534	0.000031
褋械薪褌褟斜褉褟	0.000802	0.673345	0.000540
褋械褉懈懈	0.000267	2.407946	0.000644
褋懈写褉	0.000267	0.040822	0.000011
褋懈写褟褖邪褟	0.000267	3.218876	0.000861
褋懈褉懈泄褋泻邪褟	0.000267	0.116534	0.000031
褋懈褉芯锌	0.000267	0.040822	0.000011
褋懈褉芯锌褘	0.000267	0.116534	0.000031
褋懈褋褌械屑褘	0.000267	0.040822	0.000011
褋懈褌懈	0.000267	0.127833	0.000034
褋泻邪卸褍	0.000535	1.714798	0.000917
褋泻邪卸褍褌	0.000267	3.218876	0.000861
褋泻邪蟹邪谢	0.000267	1.771957	0.000474
褋泻邪蟹邪谢邪	0.000267	1.832581	0.000490
褋泻邪蟹邪褌褜	0.000535	0.653926	0.000350
褋泻邪蟹芯泻	0.000267	0.116534	0.000031
褋泻邪屑械泄泻邪屑懈	0.000267	3.218876	0.000861
褋泻芯谢褜泻芯	0.000267	1.832581	0.000490
褋泻褉械斜谢懈	0.000267	3.218876	0.000861
褋谢邪写泻邪褟	0.000535	0.116534	0.000062
褋谢邪写泻懈械	0.001604	0.040822	0.000065
褋谢邪写泻懈泄	0.002406	0.105361	0.000254
褋谢邪写泻懈褏	0.000535	0.116534	0.000062
褋谢邪写泻芯	0.000267	0.116534	0.000031
褋谢懈胁芯褔薪芯械	0.000267	0.116534	0.000031
褋谢芯胁芯	0.000267	2.302585	0.000616
褋谢芯械薪芯谐芯	0.000267	0.127833	0.000034
褋谢芯械薪芯械	0.000267	0.116534	0.000031
褋谢芯械薪褘泄	0.000267	0.116534	0.000031
褋谢芯卸薪芯	0.000267	2.525729	0.000675
褋谢芯泄泻邪	0.000267	0.040822	0.000011
褋谢芯泄泻懈	0.000267	0.116534	0.000031
褋谢褍褔邪械	0.000535	1.897120	0.001015
褋屑械谢芯褋褌褜	0.000267	4.605170	0.001231
褋屑械褌邪薪邪	0.001337	0.105361	0.000141
褋屑械褕邪薪薪芯谐芯	0.000267	0.116534	0.000031
褋屑芯卸械褌械	0.000267	0.040822	0.000011
褋屑褍蟹懈	0.000802	0.040822	0.000033
褋薪褝泻	0.000267	0.116534	0.000031
褋芯斜械褋械写薪懈泻邪	0.000267	3.506558	0.000938
褋芯斜懈褉邪械褌械褋褜	0.000267	0.040822	0.000011
褋芯斜褋褌胁械薪薪芯	0.000267	2.120264	0.000567
褋芯斜褘褌懈械	0.000267	2.995732	0.000801
褋芯胁械褉褕械薪褋褌胁芯	0.001337	0.116534	0.000156
褋芯胁械褌邪屑懈	0.000267	0.040822	0.000011
褋芯胁械褌褍褞	0.000267	1.139434	0.000305
褋芯谐谢邪褕邪械褌械褋褜	0.000267	0.040822	0.000011
褋芯械胁褘泄	0.000535	0.798508	0.000427
褋芯蟹写邪械褌	0.000267	0.116534	0.000031
褋芯蟹写邪薪懈褟	0.000535	0.261365	0.000140
褋芯蟹褉械褞褌	0.000267	3.218876	0.000861
褋芯泻	0.001070	0.116534	0.000125
褋芯泻邪	0.000267	0.105361	0.000028
褋芯泻懈	0.000267	0.040822	0.000011
褋芯谢械薪褘械	0.000802	0.116534	0.000093
褋芯谢械薪褜褟	0.000535	0.116534	0.000062
褋芯谢薪械褔薪芯泄	0.000267	0.127833	0.000034
褋芯谢褜	0.004278	0.150823	0.000645
褋芯谢褟薪泻邪	0.000535	0.040822	0.000022
褋芯芯褌胁械褌褋褌胁褍械褌	0.000267	2.302585	0.000616
褋芯褉褌懈褉芯胁邪褌褜	0.000267	0.248461	0.000066
褋芯褋褌邪胁	0.000267	1.897120	0.000507
褋芯褋褌邪胁懈谢芯	0.000267	2.525729	0.000675
褋芯褋褌邪胁褜	0.000267	0.116534	0.000031
褋芯褍褋	0.002674	0.040822	0.000109
褋芯褍褋芯屑	0.001337	0.116534	0.000156
褋芯褍褋褘	0.001070	0.116534	0.000125
褋芯褏褉邪薪褟褌褜	0.000267	0.040822	0.000011
褋芯褑褋械褌懈	0.000267	0.040822	0.000011
褋芯褔械褌邪薪懈械	0.000535	0.116534	0.000062
褋芯褔薪芯械	0.000267	0.116534	0.000031
褋芯褔薪褘泄	0.000267	2.407946	0.000644
褋锌邪褋懈斜芯	0.000267	0.673345	0.000180
褋锌械褑懈邪谢褜薪芯	0.000267	2.813411	0.000752
褋锌械褑懈邪谢褜薪芯械	0.000267	0.116534	0.000031
褋锌械褑懈懈	0.000267	0.105361	0.000028
褋锌械褑锌褉芯械泻褌	0.008824	0.116534	0.001028
褋锌懈褋芯泻	0.000267	0.116534	0.000031
褋锌芯褞	0.000267	0.116534	0.000031
褋褉械写懈蟹械屑薪芯屑芯褉褋泻邪褟	0.000267	0.127833	0.000034
褋褌邪褉褘械	0.000802	0.261365	0.000210
褋褌邪褌褜褟褏	0.000267	0.061875	0.000017
褋褌懈谢械	0.000267	0.116534	0.000031
褋褌懈谢褟	0.000267	0.116534	0.000031
褋褌芯谢	0.001070	0.105361	0.000113
褋褌芯谢邪	0.001604	0.116534	0.000187
褋褌芯谢邪屑懈	0.000267	3.218876	0.000861
褋褌芯谢邪褏	0.000267	2.813411	0.000752
褋褌芯谢械	0.000802	1.469676	0.001179
褋褌芯谢褘	0.000267	4.605170	0.001231
褋褌芯褟谢懈	0.000267	2.659260	0.000711
褋褌褉芯懈褌械谢褜褋褌胁械	0.000267	0.040822	0.000011
褋褌褉芯懈褌械谢褜褋褌胁褍	0.000267	0.040822	0.000011
褋褌褉芯懈褌褜	0.000267	0.040822	0.000011
褋褌褉芯泄薪芯泄	0.000267	0.116534	0.000031
褋褌褘写薪芯	0.000267	2.120264	0.000567
褋褍斜锌褉芯写褍泻褌芯胁	0.002406	0.116534	0.000280
褋褍斜锌褉芯写褍泻褌褘	0.000802	0.116534	0.000093
褋褍锌	0.003209	0.040822	0.000131
褋褍锌邪	0.000267	0.040822	0.000011
褋褍锌械褉斜邪斜褍褕泻邪	0.000267	1.237874	0.000331
褋褍锌褉褍谐	0.000267	3.218876	0.000861
褋褍锌褘	0.002406	0.040822	0.000098
褋褍褎谢械	0.000802	0.040822	0.000033
褋褍褏邪褉懈	0.000267	0.040822	0.000011
褋褍褏芯谐芯	0.000267	4.605170	0.001231
褋褍褕懈	0.000535	0.040822	0.000022
褋褗械写邪械褌褋褟	0.000267	2.813411	0.000752
褋褗械写芯斜薪褘泄	0.000267	3.506558	0.000938
褋褘褉	0.003476	0.040822	0.000142
褋褘褉邪	0.003476	0.116534	0.000405
褋褘褉邪屑懈	0.000267	0.127833	0.000034
褋褘褉薪懈泻	0.000267	0.040822	0.000011
褋褘褉薪懈泻懈	0.000535	0.116534	0.000062
褋褘褉薪褘械	0.001070	0.040822	0.000044
褋褘褉芯屑	0.000267	0.713350	0.000191
褋褘褌薪褘泄	0.000802	0.105361	0.000085
褋褘褔褍卸薪褘屑懈	0.000267	0.127833	0.000034
褋褝薪写胁懈褔懈	0.000267	0.127833	0.000034
褋褞褉锌褉懈蟹	0.000267	0.116534	0.000031
褌邪写卸懈泻褋泻邪褟	0.000267	0.116534	0.000031
褌邪泄褋泻邪褟	0.000267	0.116534	0.000031
褌邪泻懈褏	0.000267	1.660731	0.000444
褌邪泻芯屑	0.000267	1.897120	0.000507
褌邪褉械谢泻械	0.000267	1.897120	0.000507
褌邪褉褌	0.000267	0.116534	0.000031
褌邪褉褌邪谢械褌泻邪褏	0.000267	4.605170	0.001231
褌邪褉褌邪谢械褌泻懈	0.000535	0.040822	0.000022
褌邪褌邪褉褋泻邪褟	0.000267	0.116534	0.000031
褌胁械褉写褘泄	0.002139	0.562119	0.001202
褌胁芯懈	0.000535	0.116534	0.000062
褌胁芯褉懈	0.000267	0.116534	0.000031
褌胁芯褉芯谐	0.000535	0.040822	0.000022
褌胁芯褉芯谐芯屑	0.000267	0.105361	0.000028
褌胁芯褉芯卸薪芯械	0.000267	0.116534	0.000031
褌胁芯褉芯卸薪褘械	0.000535	0.116534	0.000062
褌胁芯褉芯卸薪褘泄	0.000802	0.116534	0.000093
褌械谢械谐褉邪屑	0.000267	0.040822	0.000011
褌械谢褟褌懈薪褘	0.001337	0.116534	0.000156
褌械屑	0.000535	0.967584	0.000517
褌械锌械褉褜	0.000802	0.916291	0.000735
褌械锌谢芯屑	0.000267	0.116534	0.000031
褌械褉褉邪褋芯泄	0.000267	0.798508	0.000214
褌械褉褉懈薪	0.000267	0.040822	0.000011
褌械褋褌	0.001337	0.127833	0.000171
褌械褋褌邪	0.001337	0.105361	0.000141
褌械褋褌芯	0.002406	0.040822	0.000098
褌械褏	0.000535	0.634878	0.000340
褌械褏薪懈泻邪	0.001337	0.105361	0.000141
褌械褖懈薪	0.000267	0.040822	0.000011
褌懈褏懈屑	0.000267	4.605170	0.001231
褌屑	0.001070	0.127833	0.000137
褌芯谐芯	0.000535	1.427116	0.000763
褌芯屑	0.000535	1.171183	0.000626
褌芯屑褍	0.000267	2.659260	0.000711
褌芯锌谢械薪芯械	0.000267	0.116534	0.000031
褌芯褉卸械褋褌胁邪	0.000267	3.506558	0.000938
褌芯褉褌	0.002941	0.040822	0.000120
褌芯褉褌褘	0.002406	0.116534	0.000280
褌芯褔薪械械	0.000267	3.218876	0.000861
褌褉邪胁褘	0.000267	0.105361	0.000028
褌褉邪写懈褑懈懈	0.000267	0.116534	0.000031
褌褉邪写懈褑懈泄	0.001070	0.116534	0.000125
褌褉邪写懈褑懈褟褏	0.000267	0.116534	0.000031
褌褉械褏谢械褌懈械屑	0.000267	0.116534	0.000031
褌褉懈	0.000267	1.386294	0.000371
褌褉褍斜芯褔泻懈	0.000267	0.040822	0.000011
褌褉褍写邪	0.000267	2.407946	0.000644
褌褉褍写芯屑	0.000267	3.218876	0.000861
褌褍薪懈褋褋泻邪褟	0.000267	0.116534	0.000031
褌褍薪褑芯屑	0.000267	0.116534	0.000031
褌褍褉械褑泻邪褟	0.000267	0.116534	0.000031
褌褘泻胁邪	0.000267	0.040822	0.000011
褍胁邪卸邪褞褖械屑	0.000267	3.506558	0.000938
褍胁械写芯屑谢械薪懈褟	0.000267	0.040822	0.000011
褍胁械褉械薪邪	0.000267	1.272966	0.000340
褍谐芯写懈褌褜	0.000267	4.605170	0.001231
褍谐芯褖邪泄褌械褋褜	0.000802	1.021651	0.000820
褍写邪褔薪邪褟	0.000267	0.116534	0.000031
褍写邪褔薪褘泄	0.000267	3.506558	0.000938
褍写懈胁懈	0.000267	0.116534	0.000031
褍写懈胁懈谢	0.000267	3.218876	0.000861
褍写懈胁懈褌褜	0.000267	1.771957	0.000474
褍写懈胁谢褟泄褌械	0.001070	0.116534	0.000125
褍写芯胁芯谢褜褋褌胁懈械屑	0.000535	0.116534	0.000062
褍写芯胁芯谢褜褋褌胁懈褟	0.000267	2.302585	0.000616
褍卸	0.000802	0.693147	0.000556
褍卸懈薪	0.001604	0.094311	0.000151
褍卸懈薪芯屑	0.000535	2.659260	0.001422
褍蟹斜械泻褋泻邪褟	0.000267	0.116534	0.000031
褍蟹泻芯谐芯	0.000267	2.995732	0.000801
褍泻邪蟹邪谢邪	0.000267	3.506558	0.000938
褍泻褉邪懈薪褋泻邪褟	0.000267	0.116534	0.000031
褍泻褉邪褕械薪懈褟	0.002139	0.116534	0.000249
褍泻褋褍褋	0.001604	0.634878	0.001019
褍屑懈褉芯褌胁芯褉械薪懈械	0.000267	4.605170	0.001231
褍薪懈胁械褉褋懈褌械褌械	0.000267	3.912023	0.001046
褍锌芯褌褉械斜谢械薪懈械屑	0.000267	0.116534	0.000031
褍锌褍褋褌懈褌械	0.000267	3.912023	0.001046
褍褉邪谢褜褋泻邪褟	0.000267	0.116534	0.000031
褍褉芯卸邪泄	0.000267	0.105361	0.000028
褍褋褌	0.000267	3.506558	0.000938
褍褌泻懈	0.001070	0.116534	0.000125
褍褌褉芯屑	0.000267	2.207275	0.000590
褍褏	0.000267	2.995732	0.000801
褍褏邪	0.000267	0.040822	0.000011
褍褔邪褋褌胁芯胁邪褌褜	0.000267	0.040822	0.000011
褍褔邪褋褌泻邪	0.000267	2.995732	0.000801
褍褔邪褋褜	0.000267	4.605170	0.001231
褍褕泻芯	0.000267	3.218876	0.000861
褍褞褌薪芯屑	0.000267	2.525729	0.000675
褎邪蟹械薪写褘	0.000267	0.127833	0.000034
褎邪薪褌邪蟹懈懈	0.001604	0.116534	0.000187
褎邪薪褌邪蟹懈泄	0.000267	0.116534	0.000031
褎邪薪褌邪蟹懈褟	0.000267	0.116534	0.000031
褎邪褉褕邪	0.003476	0.040822	0.000142
褎邪褉褕懈褉芯胁邪薪薪邪褟	0.000535	0.116534	0.000062
褎邪褉褕懈褉芯胁邪薪薪芯械	0.000267	0.116534	0.000031
褎邪褉褕懈褉芯胁邪薪薪褘械	0.000535	0.040822	0.000022
褎邪褉褕懈褉芯胁邪薪薪褘泄	0.000267	0.040822	0.000011
褎邪褋芯谢褜	0.000802	0.040822	0.000033
褎械胁褉邪谢褟	0.000267	0.105361	0.000028
褎械泄械褉胁械褉泻	0.000535	0.116534	0.000062
褎懈谐褍褉械	0.000267	0.116534	0.000031
褎懈谢械	0.001604	0.916291	0.001470
褎懈薪褋泻邪褟	0.000267	0.116534	0.000031
褎懈褉屑械薪薪芯械	0.000267	0.116534	0.000031
褎懈褉屑械薪薪褘泄	0.000267	2.525729	0.000675
褎芯薪写褞	0.000267	0.040822	0.000011
褎芯褉屑褘	0.000267	0.116534	0.000031
褎芯褉褍屑械	0.000535	0.040822	0.000022
褎芯褉褕屑邪泻	0.000267	0.040822	0.000011
褎芯褌芯	0.000267	2.040221	0.000546
褎褉邪薪褑懈懈	0.000267	0.116534	0.000031
褎褉邪薪褑懈褞	0.000267	4.605170	0.001231
褎褉邪薪褑褍蟹褋泻邪褟	0.000267	0.116534	0.000031
褎褉邪薪褑褍蟹褋泻芯泄	0.000267	2.525729	0.000675
褎褉邪褍	0.001070	0.116534	0.000125
褎褉褍泻褌芯胁	0.001070	0.116534	0.000125
褎褉褍泻褌芯胁芯	0.000267	0.116534	0.000031
褎褉褍泻褌芯胁褘械	0.001872	0.040822	0.000076
褎褍写	0.000267	0.116534	0.000031
褎褍褉褕械褌	0.000267	0.116534	0.000031
褎褍褉褕械褌薪芯泄	0.000267	4.605170	0.001231
褎褍褉褕械褌薪褘泄	0.000267	4.605170	0.001231
褏邪谢胁邪	0.000267	0.040822	0.000011
褏邪褉胁械褋褌褎械褋褌	0.000535	0.116534	0.000062
褏邪褉褔芯	0.000535	0.040822	0.000022
褏邪褕	0.000267	0.040822	0.000011
褏胁芯褉芯褋褌	0.000267	0.040822	0.000011
褏懈薪泻邪谢懈	0.000267	0.116534	0.000031
褏懈褌	0.001872	0.116534	0.000218
褏谢械斜	0.000802	0.040822	0.000033
褏谢械斜芯锌械褔泻懈	0.000267	0.116534	0.000031
褏谢芯锌褜褟	0.000535	0.105361	0.000056
褏芯蟹褟泄泻邪	0.000267	1.897120	0.000507
褏芯蟹褟泄泻懈	0.000535	0.127833	0.000068
褏芯谢芯写械褑	0.000267	0.040822	0.000011
褏芯谢芯写懈谢褜薪懈泻械	0.000535	1.609438	0.000861
褏芯谢芯写薪褘械	0.000535	0.116534	0.000062
褏芯谢芯写薪褘泄	0.000535	0.116534	0.000062
褏芯褉胁邪褌褋泻邪褟	0.000267	0.116534	0.000031
褏芯褉芯褕	0.000267	2.120264	0.000567
褏芯褉芯褕芯	0.001337	0.105361	0.000141
褏芯褉褋	0.000267	0.116534	0.000031
褏芯褌懈褌械	0.000267	0.040822	0.000011
褏芯褔械褌褋褟	0.000267	1.469676	0.000393
褏芯褔褍	0.000267	0.562119	0.000150
褏褍屑褍褋	0.000267	0.040822	0.000011
褑邪褉褋褌胁芯	0.000267	0.127833	0.000034
褑邪褉褜	0.000267	0.116534	0.000031
褑胁械褌薪邪褟	0.000267	0.040822	0.000011
褑械谢械泄	0.000267	2.995732	0.000801
褑械谢褘泄	0.000267	2.995732	0.000801
褑械薪懈褌械谢褜	0.000267	4.605170	0.001231
褑械薪薪褘褏	0.000267	0.040822	0.000011
褑械薪褌褉	0.000267	0.116534	0.000031
褔邪械屑	0.000267	0.116534	0.000031
褔邪泄	0.000802	0.040822	0.000033
褔邪褋褌械薪褜泻芯	0.000267	2.995732	0.000801
褔邪褋褌芯	0.000535	0.994252	0.000532
褔械斜褍褉械泻懈	0.000535	0.040822	0.000022
褔械谐芯	0.000267	1.203973	0.000322
褔械褉泻懈蟹芯胁芯	0.000535	0.116534	0.000062
褔械褉薪芯褋谢懈胁	0.000535	3.218876	0.001721
褔械褉薪褘泄	0.002674	0.371064	0.000992
褔械褋薪芯泻	0.002674	0.314711	0.000841
褔械褋褌薪芯	0.000535	1.203973	0.000644
褔械褋褌薪褘屑懈	0.000267	0.040822	0.000011
褔械褋褌褜	0.000267	2.659260	0.000711
褔械褔械胁懈褑邪	0.000267	0.040822	0.000011
褔械褕褋泻邪褟	0.000267	0.116534	0.000031
褔懈蟹泻械泄泻	0.001070	0.040822	0.000044
褔懈泻邪谐芯	0.000267	4.605170	0.001231
褔懈谢懈泄褋泻邪褟	0.000267	0.116534	0.000031
褔懈锌褋褘	0.000267	0.040822	0.000011
褔懈褋谢械	0.000267	2.207275	0.000590
褔懈褋谢褍	0.000267	0.261365	0.000070
褔褍胁褋褌胁芯	0.000267	3.218876	0.000861
褔褍写械褋	0.000267	0.116534	0.000031
褕邪谢邪褕械	0.000267	3.218876	0.000861
褕邪屑锌懈薪褜芯薪褘	0.000535	1.309333	0.000700
褕邪褉懈泻懈	0.000267	0.040822	0.000011
褕邪褉谢芯褌泻邪	0.000267	0.040822	0.000011
褕邪褉谢芯褌泻懈	0.000267	0.127833	0.000034
褕邪褉屑	0.000267	0.116534	0.000031
褕邪褕谢褘泻	0.003209	0.040822	0.000131
褕邪褕谢褘泻懈	0.000267	0.040822	0.000011
褕胁械写褋泻邪褟	0.000267	0.116534	0.000031
褕胁械泄褑邪褉褋泻邪褟	0.000267	0.116534	0.000031
褕械写械胁褉褘	0.000267	0.116534	0.000031
褕械锌薪褍谢邪	0.000267	3.218876	0.000861
褕械褎	0.000267	0.127833	0.000034
褕懈锌褍褔泻邪	0.000267	0.040822	0.000011
褕懈褉芯泻邪褟	0.000267	0.127833	0.000034
褕泻芯谢褍	0.000267	0.116534	0.000031
褕芯泻芯谢邪写	0.000267	0.040822	0.000011
褕芯褌谢邪薪写褋泻邪褟	0.000267	0.116534	0.000031
褕褌褉褍写械谢褜	0.000267	0.040822	0.000011
褕褌褍泻	0.000267	2.120264	0.000567
褕褍斜械	0.000267	2.995732	0.000801
褕褍斜芯泄	0.000267	2.407946	0.000644
褕褍褉锌邪	0.000267	0.040822	0.000011
褖邪褋	0.000267	0.116534	0.000031
褖械写褉邪褟	0.000267	0.116534	0.000031
褖懈	0.000535	0.040822	0.000022
褝泻谢械褉邪褏	0.000267	4.605170	0.001231
褝泻芯屑懈谢泻	0.000267	0.127833	0.000034
褝褋褌芯薪褋泻邪褟	0.000267	0.116534	0.000031
褝褌懈褏	0.000267	1.714798	0.000459
褝褌芯谐芯	0.001604	0.415515	0.000667
褝褌芯屑	0.000267	0.843970	0.000226
褝褌芯屑褍	0.000267	1.272966	0.000340
褞谐芯褋谢邪胁褋泻邪褟	0.000267	0.116534	0.000031
褟斜谢芯泻邪	0.000267	3.912023	0.001046
褟斜谢芯泻芯	0.001070	1.427116	0.001526
褟斜谢芯褔泻芯屑	0.000267	4.605170	0.001231
褟谐芯写薪褘械	0.000535	0.116534	0.000062
褟谐芯写薪褘泄	0.000535	0.116534	0.000062
褟蟹褘泻	0.000267	0.040822	0.000011
褟懈褑	0.001337	0.116534	0.000156
褟懈褔薪褘屑懈	0.000267	3.912023	0.001046
褟泄褑邪	0.000267	0.040822	0.000011
褟泄褑芯	0.004813	0.261365	0.001258
褟薪胁邪褉褟	0.000535	0.733969	0.000392
褟薪写械泻褋	0.000267	0.072571	0.000019
褟锌芯薪褋泻邪褟	0.000267	0.116534	0.000031
褟锌芯薪褋泻芯泄	0.000267	0.061875	0.000017
褟褉泻懈械	0.000267	0.116534	0.000031
褟褉泻芯	0.000267	0.105361	0.000028
褟褉褍褋邪	0.000267	3.218876	0.000861
