褌芯泻械薪	TF	IDF	TF-IDF
胁邪褕	0.013889	1.309333	0.018185
胁芯蟹薪懈泻谢懈	0.013889	3.218876	0.044707
胁芯泄褌懈	0.069444	0.000000	0.000000
胁芯锌褉芯褋褘	0.013889	0.000000	0.000000
胁褏芯写	0.013889	0.030459	0.000423
谐谢褟薪械褑	0.013889	3.218876	0.044707
械写懈薪邪褟	0.013889	3.218876	0.044707
卸械薪褋泻懈泄	0.013889	3.218876	0.044707
卸械薪褖懈薪	0.013889	2.995732	0.041607
卸褍褉薪邪谢	0.013889	2.659260	0.036934
蟹邪斜褘谢懈	0.013889	3.912023	0.054334
蟹邪褉械谐懈褋褌褉懈褉芯胁邪薪褘	0.013889	3.506558	0.048702
蟹邪褉械谐懈褋褌褉懈褉芯胁邪褌褜褋褟	0.013889	0.030459	0.000423
懈屑懈	0.013889	1.832581	0.025453
懈屑褟	0.013889	2.995732	0.041607
泻褉褍锌薪械泄褕懈泄	0.013889	3.218876	0.044707
泻褍谢懈薪邪褉薪褘泄	0.013889	0.072571	0.001008
屑邪屑	0.013889	2.995732	0.041607
屑械写懈邪褎芯褉褌	0.013889	0.000000	0.000000
屑械褋褟褑	0.013889	2.659260	0.036934
屑芯写械	0.013889	3.218876	0.044707
屑芯卸械褌械	0.027778	0.000000	0.000000
薪邪锌懈褕懈褌械	0.013889	3.218876	0.044707
薪邪褕谢懈	0.013889	2.407946	0.033444
薪械褋泻褍褔薪芯	0.013889	3.218876	0.044707
芯薪谢邪泄薪	0.027778	3.218876	0.089413
芯褉懈械薪褌懈褉芯胁邪薪薪邪褟	0.013889	3.218876	0.044707
芯褌胁械褌褘	0.027778	0.000000	0.000000
锌邪褉芯谢褜	0.027778	0.020203	0.000561
锌邪褉芯谢褟	0.013889	2.120264	0.029448
锌芯胁邪褉褢薪芯泻	0.027778	2.525729	0.070159
锌芯屑芯褔褜	0.013889	3.218876	0.044707
锌芯屑芯褖褜	0.027778	2.995732	0.083215
锌芯褋褌邪褉邪械屑褋褟	0.013889	3.218876	0.044707
锌芯褔褌芯胁褘泄	0.013889	3.218876	0.044707
锌褉芯斜谢械屑械	0.013889	3.218876	0.044707
褉邪蟹写械谢械	0.013889	3.218876	0.044707
褉邪褋锌芯谢芯卸械薪	0.013889	2.813411	0.039075
褉械谐懈褋褌褉邪褑懈褟	0.013889	0.000000	0.000000
褉芯写懈褌械谢械泄	0.013889	2.040221	0.028336
褉褍薪械褌械	0.013889	0.020203	0.000281
褋邪泄褌	0.041667	0.000000	0.000000
褋邪泄褌芯胁	0.013889	2.659260	0.036934
褋械泄褔邪褋	0.013889	0.030459	0.000423
褋械褌褜	0.041667	2.995732	0.124822
褋芯褑懈邪谢褜薪邪褟	0.027778	3.218876	0.089413
褋芯褑懈邪谢褜薪褍褞	0.013889	3.506558	0.048702
褋褌邪褌械泄	0.013889	2.995732	0.041607
褋褌邪褌褜	0.013889	1.966113	0.027307
褋褌褉邪薪邪	0.013889	2.525729	0.035080
褌械褏	0.013889	0.634878	0.008818
褌褉褍写薪芯褋褌懈	0.013889	3.218876	0.044707
褏芯褔械褌	0.013889	2.040221	0.028336
褏褍写械械屑	0.013889	2.995732	0.041607
褏褍写械褞褖懈褏	0.013889	3.218876	0.044707
褟薪写械泻褋	0.013889	0.072571	0.001008
褟褖懈泻	0.013889	3.218876	0.044707
