褌芯泻械薪	TF	IDF	TF-IDF
邪斜褏邪蟹褋泻邪褟	0.000551	0.116534	0.000064
邪斜褏邪蟹褋泻芯谐芯	0.000276	3.912023	0.001078
邪胁谐褍褋褌邪	0.000276	0.867501	0.000239
邪胁褋褌褉邪谢懈泄褋泻邪褟	0.000276	0.116534	0.000032
邪胁褋褌褉懈泄褋泻邪褟	0.000276	0.116534	0.000032
邪胁褌芯泻谢邪胁邪	0.000276	0.116534	0.000032
邪胁褌芯褉邪屑	0.000276	0.040822	0.000011
邪谐褉芯	0.000276	0.116534	0.000032
邪写卸懈泻邪	0.001378	0.040822	0.000056
邪写卸懈泻懈	0.000276	3.912023	0.001078
邪蟹械褉斜邪泄写卸邪薪褋泻邪褟	0.000276	0.116534	0.000032
邪蟹懈邪褌褋泻邪褟	0.000276	0.127833	0.000035
邪蟹褘	0.000276	0.127833	0.000035
邪泄写邪褏芯	0.000276	4.605170	0.001269
邪泄褉邪薪	0.000276	0.040822	0.000011
邪泻胁邪褌懈泻邪	0.000827	0.127833	0.000106
邪谢械泻褋邪薪写械褉	0.000276	3.506558	0.000967
邪谢械泻褋械褟	0.000276	0.127833	0.000035
邪谢泻芯谐芯谢褜	0.000551	0.116534	0.000064
邪谢泻芯谐芯谢褜薪褘械	0.000276	0.116534	0.000032
邪谢泻芯谐芯谢褟	0.000276	0.116534	0.000032
邪谢褜褟薪褋	0.000276	0.116534	0.000032
邪屑械褉懈泻邪薪褋泻邪褟	0.000276	0.116534	0.000032
邪薪邪谢芯谐芯屑	0.000276	3.506558	0.000967
邪薪谐谢懈泄褋泻邪褟	0.000276	0.116534	0.000032
邪薪写邪谢褍褋懈邪	0.000276	4.605170	0.001269
邪薪写褉械褟	0.000276	0.127833	0.000035
邪锌褉械谢褟	0.000827	0.579818	0.000479
邪褉邪斜褋泻邪褟	0.000276	0.116534	0.000032
邪褉谐械薪褌懈薪褋泻邪褟	0.000276	0.116534	0.000032
邪褉屑褟薪褋泻邪褟	0.000276	0.116534	0.000032
邪褉芯屑邪褌	0.000276	1.660731	0.000458
邪褉芯屑邪褌芯屑	0.000276	1.514128	0.000417
邪褋褋芯褉褌懈	0.000551	0.116534	0.000064
邪褌谢邪薪褌	0.000276	0.127833	0.000035
邪褎谐邪薪褋泻邪褟	0.000276	0.116534	0.000032
邪褎褉懈泻邪薪褋泻邪褟	0.000276	0.116534	0.000032
邪褝褉芯谐褉懈谢械	0.002756	0.116534	0.000321
斜邪蟹懈谢懈泻	0.001103	1.609438	0.001774
斜邪泻谢邪卸邪薪褘	0.000276	0.040822	0.000011
斜邪谢褌泻芯屑	0.000276	0.127833	0.000035
斜邪薪芯褔械泻	0.000276	3.506558	0.000967
斜邪褉邪薪懈薪褘	0.001103	0.116534	0.000128
斜邪褋屑邪褌懈	0.000551	0.127833	0.000070
斜邪褋褌褍褉屑邪	0.000276	0.040822	0.000011
斜邪褌芯薪褔懈泻懈	0.000276	0.127833	0.000035
斜邪褕泻懈褉褋泻邪褟	0.000276	0.116534	0.000032
斜械蟹邪谢泻芯谐芯谢褜薪褘械	0.000276	0.116534	0.000032
斜械蟹胁褉械写薪械械	0.000276	3.506558	0.000967
斜械蟹谐谢褞褌械薪芯胁褘械	0.000276	0.116534	0.000032
斜械蟹械	0.001103	0.040822	0.000045
斜械蟹褍锌褉械褔薪褘械	0.000276	3.912023	0.001078
斜械谢械斜械械胁褋泻懈泄	0.000551	0.116534	0.000064
斜械谢芯褉褍褋褋泻邪褟	0.000276	0.116534	0.000032
斜械谢褜谐懈泄褋泻邪褟	0.000276	0.116534	0.000032
斜械褉械屑械薪薪褘褏	0.000276	0.116534	0.000032
斜械褉谢懈薪褋泻懈泄	0.000276	4.605170	0.001269
斜械褋械写懈薪邪	0.000276	0.127833	0.000035
斜械褕邪屑械谢褜	0.000551	2.813411	0.001551
斜懈褋泻胁懈褌	0.000276	0.040822	0.000011
斜懈褋泻胁懈褌薪芯械	0.000551	0.116534	0.000064
斜懈褋泻胁懈褌薪褘泄	0.000276	0.105361	0.000029
斜懈褋泻胁懈褌褘	0.000276	0.127833	0.000035
斜懈褌芯褔泻懈	0.000276	1.897120	0.000523
斜谢邪谐芯写邪褉褞	0.000276	2.525729	0.000696
斜谢邪褌褍	0.000276	3.506558	0.000967
斜谢懈卸械	0.000276	0.116534	0.000032
斜谢懈蟹泻懈褏	0.000276	0.116534	0.000032
斜谢懈薪芯胁	0.000827	0.116534	0.000096
斜谢懈薪褘	0.001103	0.040822	0.000045
斜谢褞写	0.000827	0.094311	0.000078
斜谢褞写邪	0.025910	0.040822	0.001058
斜谢褞写芯	0.001378	0.040822	0.000056
斜谢褞写芯屑	0.000276	0.994252	0.000274
斜谢褞写褍	0.000276	0.116534	0.000032
斜芯斜芯胁褘械	0.000551	0.127833	0.000070
斜芯斜芯胁褘褏	0.001654	0.116534	0.000193
斜芯谢谐邪褉褋泻邪褟	0.000276	0.116534	0.000032
斜芯谢褜褕械	0.000827	0.105361	0.000087
斜芯谢褜褕芯屑褍	0.000276	3.506558	0.000967
斜芯褉褖	0.000551	0.040822	0.000023
斜芯褉褖懈	0.000276	3.506558	0.000967
斜芯褌胁懈薪褜褟	0.000276	0.040822	0.000011
斜芯褟谢邪褋褜	0.000276	2.995732	0.000826
斜褉邪蟹懈谢褜褋泻邪褟	0.000276	0.116534	0.000032
斜褉邪褍蟹械褉械	0.000276	0.040822	0.000011
斜褉邪褍薪懈	0.000276	0.040822	0.000011
斜褉械褋褌	0.000276	0.127833	0.000035
斜褉芯泻泻芯谢懈	0.000276	0.040822	0.000011
斜褍卸械薪懈薪邪	0.000276	0.040822	0.000011
斜褍谢芯褔泻邪屑懈	0.000276	0.116534	0.000032
斜褍谢芯褔泻懈	0.000551	0.040822	0.000023
斜褍谢褜芯薪	0.001929	0.040822	0.000079
斜褍谢褜芯薪褘	0.001103	0.116534	0.000128
斜褍褉谐械褉	0.000276	0.040822	0.000011
斜褍褉谐械褉褘	0.000276	0.127833	0.000035
斜褍褉褟褌褋泻邪褟	0.000276	0.116534	0.000032
斜褍褌械褉斜褉芯写	0.000551	0.116534	0.000064
斜褍褌械褉斜褉芯写芯胁	0.000276	2.813411	0.000775
斜褍褌械褉斜褉芯写褘	0.000551	0.040822	0.000023
斜褘褋褌褉芯	0.001103	0.094311	0.000104
斜褘褋褌褉芯泄	0.000276	0.116534	0.000032
斜褘褋褌褉褘泄	0.000551	0.105361	0.000058
胁邪卸薪褘械	0.000276	0.116534	0.000032
胁邪谢谢懈泄褋泻邪褟	0.000276	0.116534	0.000032
胁邪屑懈	0.000551	0.843970	0.000465
胁邪薪懈谢懈薪	0.000551	1.609438	0.000887
胁邪褉械薪懈泻懈	0.000276	0.116534	0.000032
胁邪褉械薪芯泄	0.000276	3.218876	0.000887
胁邪褉械薪褜械	0.000551	0.040822	0.000023
胁邪褉懈邪薪褌	0.000276	0.562119	0.000155
胁邪褉懈邪薪褌芯胁	0.000276	2.120264	0.000584
胁邪褉懈邪薪褌褘	0.000551	1.609438	0.000887
胁邪褉懈邪褑懈懈	0.000276	2.813411	0.000775
胁邪褌褉褍褕泻懈	0.000276	0.040822	0.000011
胁邪褎谢懈	0.000551	0.040822	0.000023
胁邪褕	0.000276	1.309333	0.000361
胁邪褕械泄	0.000551	0.040822	0.000023
胁邪褕械屑	0.000276	2.995732	0.000826
胁胁芯写褟	0.000276	0.040822	0.000011
胁写芯褏薪芯胁械薪懈械	0.001103	0.116534	0.000128
胁写芯褏薪芯胁械薪懈械屑	0.000551	0.116534	0.000064
胁写芯褏薪芯胁谢褟泄褋褟	0.000276	0.116534	0.000032
胁械谐械褌邪褉懈邪薪褋泻懈械	0.000276	0.127833	0.000035
胁械谐械褌邪褉懈邪薪褋泻芯械	0.000276	0.116534	0.000032
胁械谢懈泻懈泄	0.000551	0.116534	0.000064
胁械谢懈泻芯斜褉懈褌邪薪懈懈	0.000276	3.506558	0.000967
胁械谢懈泻芯谢械锌械薪	0.000276	3.912023	0.001078
胁械薪谐械褉褋泻邪褟	0.000276	0.116534	0.000032
胁械褉薪械械	0.000276	2.995732	0.000826
胁械褋械薪薪懈械	0.000276	0.051293	0.000014
胁械褋薪邪	0.001378	0.116534	0.000161
胁械褋薪褘	0.000276	0.116534	0.000032
胁械褋褢谢泻芯泄	0.000276	4.605170	0.001269
胁械褌褔懈薪褘	0.000276	0.105361	0.000029
胁械褔械褉芯屑	0.000276	2.407946	0.000664
胁蟹斜懈胁邪薪懈褟	0.000276	3.912023	0.001078
胁蟹斜懈胁邪褌褜	0.000276	2.995732	0.000826
胁蟹斜懈褌芯谐芯	0.000276	4.605170	0.001269
胁蟹斜懈褌褘泄	0.000827	3.912023	0.003235
胁蟹谐谢褟写	0.000551	1.427116	0.000787
胁蟹褉芯褋谢褘屑	0.000276	3.912023	0.001078
胁懈写	0.000276	2.207275	0.000608
胁懈写械	0.000551	1.171183	0.000646
胁懈写械芯	0.000551	0.116534	0.000064
胁懈写械芯褉械褑械锌褌褘	0.000276	0.301105	0.000083
胁懈写褍	0.000276	2.995732	0.000826
胁懈薪芯	0.000551	0.040822	0.000023
胁懈褕薪褟	0.000276	2.040221	0.000562
胁泻褍褋	0.001929	0.105361	0.000203
胁泻褍褋邪	0.002205	0.116534	0.000257
胁泻褍褋薪邪褟	0.001103	0.061875	0.000068
胁泻褍褋薪械械	0.000827	0.116534	0.000096
胁泻褍褋薪械泄	0.000276	0.116534	0.000032
胁泻褍褋薪芯	0.001654	0.094311	0.000156
胁泻褍褋薪芯械	0.000276	0.994252	0.000274
胁泻褍褋薪褘械	0.000551	0.105361	0.000058
胁泻褍褋薪褘泄	0.000276	0.385662	0.000106
胁泻褍褋芯屑	0.000551	0.105361	0.000058
胁泻褍褋褍	0.000551	1.272966	0.000702
胁谢褞斜谢械薪薪褘褏	0.000276	0.116534	0.000032
胁屑械褋褌械	0.000276	0.916291	0.000253
胁薪邪褔邪谢械	0.001103	0.248461	0.000274
胁芯	0.000551	0.061875	0.000034
胁芯写邪	0.001103	0.287682	0.000317
胁芯写械	0.000276	0.105361	0.000029
胁芯蟹写褍褕薪褘泄	0.000276	2.207275	0.000608
胁芯蟹屑芯卸薪芯褋褌懈	0.000276	2.813411	0.000775
胁芯泄褌懈	0.000276	0.000000	0.000000
胁芯谢芯胁邪薪褘	0.000276	0.116534	0.000032
胁芯谢褕械斜薪褘械	0.000276	0.116534	0.000032
胁芯谢褕械斜褋褌胁芯	0.000551	0.116534	0.000064
胁芯芯斜褖械	0.000276	1.386294	0.000382
胁芯锌褉芯褋褘	0.000276	0.000000	0.000000
胁芯褋锌芯屑懈薪邪薪懈泄	0.000276	4.605170	0.001269
胁芯褋褌芯褔薪邪褟	0.000276	0.127833	0.000035
胁芯褋褌芯褔薪芯谐芯	0.000276	3.912023	0.001078
胁褉械屑械薪邪	0.000276	0.116534	0.000032
胁褉械屑械薪械屑	0.001654	0.116534	0.000193
胁褋械谐写邪	0.000551	0.653926	0.000360
胁褋械谐芯	0.000551	0.186330	0.000103
胁褋械泄	0.000827	0.105361	0.000087
胁褋械屑懈褉薪褍褞	0.000276	4.605170	0.001269
胁褋械屑褍	0.000276	0.061875	0.000017
胁褋锌芯屑薪懈褌褜	0.000276	0.040822	0.000011
胁褌芯褉芯械	0.000276	0.116534	0.000032
胁褌芯褉褘械	0.000276	0.127833	0.000035
胁褏芯写	0.000827	0.030459	0.000025
胁褔械褉邪	0.000276	2.040221	0.000562
胁褘泄褌懈	0.000276	0.040822	0.000011
胁褘屑邪泻懈胁邪褌褜	0.000276	4.605170	0.001269
胁褘屑械褕懈胁邪褌褜	0.000276	4.605170	0.001269
胁褘锌械褔泻邪	0.003308	0.040822	0.000135
胁褘锌械褔泻懈	0.000551	0.072571	0.000040
胁褘锌械褔泻芯泄	0.000276	0.116534	0.000032
胁褘褉邪卸械薪薪褘泄	0.000276	3.912023	0.001078
胁褘褉褍褔邪械褌	0.000276	3.912023	0.001078
胁褘褉褍褔邪谢芯褔泻邪	0.000276	1.560648	0.000430
胁褘褋褌邪胁懈褌褜	0.000276	3.506558	0.000967
胁褜械褌薪邪屑褋泻邪褟	0.000276	0.116534	0.000032
谐邪胁邪泄褋泻邪褟	0.000276	0.116534	0.000032
谐邪谢褍褕泻懈	0.000276	2.813411	0.000775
谐邪褉薪懈褉	0.001378	0.040822	0.000056
谐邪褋锌邪褔芯	0.000276	0.040822	0.000011
谐械芯谐褉邪褎懈褟	0.000276	0.116534	0.000032
谐谢邪胁薪褘泄	0.000276	0.040822	0.000011
谐谢邪蟹褍褉褜	0.000827	0.040822	0.000034
谐谢懈薪褌胁械泄薪	0.000276	0.040822	0.000011
谐芯	0.000276	3.506558	0.000967
谐芯胁褟写懈薪褘	0.001103	0.116534	0.000128
谐芯写	0.002481	0.105361	0.000261
谐芯写邪	0.004135	0.248461	0.001027
谐芯写芯胁	0.000276	3.912023	0.001078
谐芯写褍	0.000276	1.171183	0.000323
谐芯谢谢邪薪写褋泻邪褟	0.000276	0.116534	0.000032
谐芯谢褍斜褑褘	0.000276	2.813411	0.000775
谐芯褉邪屑懈	0.000276	3.912023	0.001078
谐芯褉芯写邪	0.000276	0.116534	0.000032
谐芯褉芯褏	0.000276	0.116534	0.000032
谐芯褉芯褕泻芯屑	0.000276	4.605170	0.001269
谐芯褉褔懈褑邪	0.003308	0.040822	0.000135
谐芯褉褔懈褑邪屑懈	0.000276	0.127833	0.000035
谐芯褉褔懈褔薪褘泄	0.000551	3.506558	0.001933
谐芯褉褕芯褔泻邪褏	0.000276	0.105361	0.000029
谐芯褉褕芯褔泻械	0.000276	0.040822	0.000011
谐芯褉褟褔械械	0.000551	0.116534	0.000064
谐芯褉褟褔懈械	0.009647	0.105361	0.001016
谐芯褉褟褔懈泄	0.000551	0.116534	0.000064
谐芯褋褌械胁芯泄	0.000276	3.912023	0.001078
谐芯褋褌懈	0.000276	0.116534	0.000032
谐芯褌芯胁懈屑	0.001654	0.094311	0.000156
谐芯褌芯胁懈褌褋褟	0.000827	0.478036	0.000395
谐芯褌芯胁懈褌褜	0.001929	0.105361	0.000203
谐芯褌芯胁芯谐芯	0.000276	2.302585	0.000635
谐芯褌芯胁褘械	0.000276	3.218876	0.000887
谐芯褌芯胁褜	0.000551	0.116534	0.000064
谐芯褌芯胁褟褌	0.000551	0.116534	0.000064
谐褉械薪泻懈	0.000551	0.040822	0.000023
谐褉械褔械褋泻邪褟	0.000276	0.116534	0.000032
谐褉械褔泻邪	0.000276	0.040822	0.000011
谐褉懈斜邪屑懈	0.001103	0.105361	0.000116
谐褉懈斜薪褘械	0.000551	0.040822	0.000023
谐褉懈斜芯胁	0.000827	0.116534	0.000096
谐褉懈斜褘	0.000827	0.040822	0.000034
谐褉懈谢械	0.001378	0.116534	0.000161
谐褉懈谢褜	0.000276	0.116534	0.000032
谐褉懈谢褜屑邪薪懈褟	0.000276	0.116534	0.000032
谐褉懈谢褟	0.001103	0.116534	0.000128
谐褉芯谐	0.000276	0.040822	0.000011
谐褉褍写芯褔泻邪	0.000276	3.912023	0.001078
谐褉褍蟹懈薪褋泻邪褟	0.000276	0.116534	0.000032
谐褉褍锌锌懈褉芯胁邪胁褕懈械褋褟	0.000276	3.912023	0.001078
谐褉褍锌锌褘	0.000276	0.061875	0.000017
谐褍褉屑邪薪懈褟	0.001654	0.116534	0.000193
谐褍褉屑械	0.000276	0.127833	0.000035
谐褍褋褌芯泄	0.000276	2.407946	0.000664
谐褍褋褟	0.000551	0.105361	0.000058
写邪胁薪芯	0.000276	0.967584	0.000267
写邪械褌	0.000276	0.040822	0.000011
写邪薪薪芯谐芯	0.000827	2.407946	0.001991
写邪薪薪褘械	0.000276	0.040822	0.000011
写邪褉褘	0.000276	0.116534	0.000032
写邪褌械	0.000551	0.248461	0.000137
写邪褌褋泻邪褟	0.000276	0.116534	0.000032
写邪褔薪芯械	0.000827	0.116534	0.000096
写胁邪	0.000276	1.171183	0.000323
写械胁芯褔泻懈	0.000276	1.427116	0.000393
写械泻邪斜褉褟	0.000276	0.597837	0.000165
写械泻芯褉	0.000276	0.127833	0.000035
写械谢邪械褌	0.000551	0.116534	0.000064
写械谢邪械褌褋褟	0.000276	1.347074	0.000371
写械谢邪谢邪	0.000276	1.469676	0.000405
写械谢邪褌褜	0.000276	1.386294	0.000382
写械谢懈屑褋褟	0.000276	0.040822	0.000011
写械谢芯屑	0.000276	0.116534	0.000032
写械谢褞褋褜	0.000276	2.407946	0.000664
写械屑芯薪懈泻邪	0.000276	2.525729	0.000696
写械薪褜	0.001103	0.083382	0.000092
写械褋械褉褌	0.000827	0.116534	0.000096
写械褋械褉褌邪褑懈褟	0.000276	0.116534	0.000032
写械褋械褉褌薪褘械	0.000276	0.116534	0.000032
写械褋械褉褌褘	0.003859	0.040822	0.000158
写械褌械泄	0.000276	0.116534	0.000032
写械褌懈	0.000276	2.659260	0.000733
写械褌褟屑	0.000276	2.995732	0.000826
写卸械屑	0.000276	0.040822	0.000011
写蟹械薪	0.000276	0.116534	0.000032
写懈械褌邪	0.000276	0.116534	0.000032
写懈械褌褘	0.000276	0.116534	0.000032
写懈泻懈泄	0.000551	0.116534	0.000064
写懈泻芯谐芯	0.000276	0.116534	0.000032
写懈锌	0.000827	0.116534	0.000096
写懈褔懈	0.000551	0.116534	0.000064
写懈褔褜	0.000276	0.116534	0.000032
写薪械胁薪懈泻邪褏	0.000276	0.061875	0.000017
写薪械泄	0.001378	0.116534	0.000161
写薪懈	0.000276	2.207275	0.000608
写薪褟	0.000276	0.040822	0.000011
写芯斜邪胁懈褌褜	0.000276	1.514128	0.000417
写芯斜邪胁谢械薪懈褟屑	0.000276	0.274437	0.000076
写芯斜邪胁谢褟谢懈	0.000276	3.912023	0.001078
写芯斜邪胁谢褟褌褜	0.000276	0.040822	0.000011
写芯斜邪胁谢褟褞	0.000276	3.506558	0.000967
写芯斜邪胁褜	0.000276	0.116534	0.000032
写芯斜褉芯褎谢芯褌	0.000276	0.127833	0.000035
写芯胁械褉褟械褕褜	0.000276	0.116534	0.000032
写芯胁芯谢褜薪芯	0.000276	1.609438	0.000444
写芯谢谐芯屑	0.000276	3.506558	0.000967
写芯谢卸械薪	0.000276	2.302585	0.000635
写芯谢卸薪芯	0.000276	1.832581	0.000505
写芯谢屑邪	0.000276	3.506558	0.000967
写芯屑	0.002481	0.040822	0.000101
写芯屑邪褕薪械谐芯	0.000551	2.995732	0.001651
写芯屑邪褕薪械械	0.000827	0.040822	0.000034
写芯屑邪褕薪懈械	0.000827	0.040822	0.000034
写芯屑邪褕薪懈泄	0.003583	0.116534	0.000418
写芯屑邪褕薪懈褏	0.000276	1.714798	0.000473
写芯屑邪褕薪褟褟	0.000827	0.105361	0.000087
写芯屑械	0.000276	1.832581	0.000505
写芯屑芯胁	0.000276	0.040822	0.000011
写芯褋褌邪谢褋褟	0.000276	3.912023	0.001078
写褉邪泄胁	0.001378	0.127833	0.000176
写褉邪薪懈泻懈	0.000276	3.218876	0.000887
写褉芯卸卸械胁芯械	0.000276	0.116534	0.000032
写褉芯卸卸懈	0.000551	0.941609	0.000519
写褉褍谐懈屑	0.000276	2.813411	0.000775
写褉褍谐懈屑懈	0.000276	0.040822	0.000011
写褍屑邪褞	0.000551	1.427116	0.000787
写褍褏芯胁泻邪	0.001103	0.127833	0.000141
写褍褏芯胁泻械	0.000276	0.867501	0.000239
写褍褕懈	0.000827	0.105361	0.000087
械胁褉械泄褋泻邪褟	0.000276	0.116534	0.000032
械谐懈锌械褌褋泻邪褟	0.000276	0.116534	0.000032
械写懈屑	0.000276	3.506558	0.000967
械写懈薪褘泄	0.000276	0.040822	0.000011
械泻芯	0.000276	0.127833	0.000035
械谢懈	0.000276	2.995732	0.000826
卸邪褉械薪芯谐芯	0.000276	2.995732	0.000826
卸邪褉泻芯械	0.000276	0.040822	0.000011
卸械谢邪械屑褘械	0.000276	1.469676	0.000405
卸械谢械	0.000827	0.040822	0.000034
卸械谢褌泻邪褏	0.000276	3.912023	0.001078
卸械谢褌芯泻	0.000551	1.272966	0.000702
卸械薪褋泻邪褟	0.000276	0.127833	0.000035
卸械薪褋泻芯屑	0.000276	0.061875	0.000017
卸械薪褖懈薪褘	0.000551	0.116534	0.000064
卸懈写泻懈泄	0.000276	3.912023	0.001078
卸懈写泻芯褋褌褜	0.000276	4.605170	0.001269
卸懈蟹薪懈	0.000551	0.040822	0.000023
卸懈蟹薪褜	0.000276	0.116534	0.000032
卸懈褉薪褘屑	0.000276	2.995732	0.000826
卸褍谢褜械薪	0.000276	0.040822	0.000011
卸褍褉薪邪谢邪	0.000276	0.127833	0.000035
卸褞谢褜械薪	0.000276	0.040822	0.000011
蟹邪斜褘胁邪褟	0.000276	4.605170	0.001269
蟹邪胁邪褉薪芯械	0.000276	0.116534	0.000032
蟹邪胁邪褉薪芯泄	0.000276	0.116534	0.000032
蟹邪胁褌褉邪泻	0.001929	0.094311	0.000182
蟹邪胁褌褉邪泻懈	0.000276	0.127833	0.000035
蟹邪谐芯褌芯胁泻懈	0.001103	0.040822	0.000045
蟹邪写邪胁邪褌褜	0.000276	0.040822	0.000011
蟹邪懈薪褌械褉械褋芯胁邪谢	0.000276	2.407946	0.000664
蟹邪泄褑邪	0.000551	0.116534	0.000064
蟹邪泻邪蟹褘胁邪褌褜	0.000276	4.605170	0.001269
蟹邪泻邪薪褔懈胁邪谢褋褟	0.000276	4.605170	0.001269
蟹邪泻胁邪褋泻邪	0.000276	0.040822	0.000011
蟹邪泻胁邪褋泻邪屑懈	0.000276	0.116534	0.000032
蟹邪泻胁邪褋芯泻	0.000276	0.127833	0.000035
蟹邪泻芯薪褔懈谢褋褟	0.000276	4.605170	0.001269
蟹邪泻褉懈褋褌邪谢谢懈蟹芯胁邪薪薪褘泄	0.000276	4.605170	0.001269
蟹邪泻褉褘褌褘泄	0.000276	0.116534	0.000032
蟹邪泻褍褋泻懈	0.004961	0.040822	0.000203
蟹邪泻褍褋泻褍	0.000827	0.116534	0.000096
蟹邪泻褍褋芯薪褔懈泻	0.000276	0.116534	0.000032
蟹邪泻褍褋芯褔泻邪	0.000276	0.116534	0.000032
蟹邪泻褍褋芯褔薪褘械	0.002481	0.116534	0.000289
蟹邪谢懈胁薪芯械	0.000551	0.040822	0.000023
蟹邪屑芯褉芯蟹泻邪	0.000276	0.105361	0.000029
蟹邪锌邪写	0.000276	0.116534	0.000032
蟹邪锌邪褏	0.000276	2.407946	0.000664
蟹邪锌械泻邪薪泻邪	0.001103	0.105361	0.000116
蟹邪锌械泻邪薪泻懈	0.002205	0.040822	0.000090
蟹邪锌褉邪胁泻邪	0.001929	0.040822	0.000079
蟹邪褉械谐懈褋褌褉懈褉芯胁邪胁褕懈褋褜	0.000276	0.040822	0.000011
蟹邪褉械谐懈褋褌褉懈褉芯胁邪褌褜褋褟	0.000276	0.030459	0.000008
蟹邪褋芯谢泻邪	0.000276	0.116534	0.000032
蟹邪褋褌褘胁邪械褌	0.000276	4.605170	0.001269
蟹胁邪薪褘泄	0.000276	0.127833	0.000035
蟹胁械蟹写邪	0.000276	0.127833	0.000035
蟹胁褢蟹写薪褘械	0.000276	0.116534	0.000032
蟹写芯褉芯胁邪褟	0.000276	4.605170	0.001269
蟹写芯褉芯胁芯械	0.000276	0.116534	0.000032
蟹写芯褉芯胁褘泄	0.000276	0.116534	0.000032
蟹写芯褉芯胁褜褟	0.000276	2.407946	0.000664
蟹写褉邪胁褋褌胁褍械褌	0.000276	4.605170	0.001269
蟹械谢械薪褘泄	0.000827	1.021651	0.000845
蟹械谢械薪褜	0.000827	0.094311	0.000078
蟹械褎懈褉	0.000276	0.040822	0.000011
蟹懈屑薪懈械	0.000276	0.051293	0.000014
蟹懈屑褍	0.001103	0.040822	0.000045
蟹薪邪褞	0.000551	0.755023	0.000416
蟹芯谢芯褌邪褟	0.000276	0.116534	0.000032
懈胁邪薪芯胁邪	0.000276	0.127833	0.000035
懈写械邪谢褜薪邪褟	0.000276	0.116534	0.000032
懈写械邪谢褜薪芯	0.000276	1.514128	0.000417
懈写械邪谢褜薪芯谐芯	0.001378	0.116534	0.000161
懈写械邪谢褜薪芯械	0.000276	0.116534	0.000032
懈写械邪谢褜薪褘泄	0.000276	1.966113	0.000542
懈写械泄泻懈	0.000276	0.116534	0.000032
懈写械褌	0.000276	2.120264	0.000584
懈写械褞	0.000276	2.525729	0.000696
懈蟹胁械褋褌薪械泄褕褍褞	0.000276	4.605170	0.001269
懈蟹谐芯褌邪胁谢懈胁邪褞褌	0.000276	3.912023	0.001078
懈蟹谐芯褌芯胁谢械薪懈褟	0.000276	3.912023	0.001078
懈蟹写械谢懈褟	0.000827	0.116534	0.000096
懈蟹写械谢懈褟屑	0.000276	4.605170	0.001269
懈蟹写械谢懈褟屑懈	0.000827	0.116534	0.000096
懈蟹褍屑懈褌械谢褜薪芯	0.000276	3.506558	0.000967
懈泻褉邪	0.000827	0.040822	0.000034
懈屑械械褌	0.000276	1.832581	0.000505
懈屑械薪械屑	0.000276	0.040822	0.000011
懈屑械褞	0.000551	3.912023	0.002157
懈薪胁械褉褌芯褉薪芯泄	0.000276	0.127833	0.000035
懈薪谐褉械写懈械薪褌邪屑	0.000276	1.469676	0.000405
懈薪谐褉械写懈械薪褌芯胁	0.000551	1.771957	0.000977
懈薪谐褉械写懈械薪褌褘	0.009096	0.139262	0.001267
懈薪写械泄泻懈	0.001378	0.094311	0.000130
懈薪写械泄泻芯泄	0.000276	0.116534	0.000032
懈薪写懈泄褋泻邪褟	0.000276	0.116534	0.000032
懈薪写懈谢邪泄褌	0.000827	0.116534	0.000096
懈薪写懈褉械褋薪褘械	0.000276	0.116534	0.000032
懈薪械褌邪	0.000551	1.832581	0.001010
懈薪械褌械	0.000276	2.813411	0.000775
懈薪芯谐写邪	0.000276	1.897120	0.000523
懈薪芯械	0.000276	2.302585	0.000635
懈薪褋褌褉褍泻褑懈懈	0.000276	3.912023	0.001078
懈薪褋褌褉褍泻褑懈褟屑懈	0.000276	0.040822	0.000011
懈褉邪泻褋泻邪褟	0.000276	0.116534	0.000032
懈褉邪薪褋泻邪褟	0.000276	0.116534	0.000032
懈褉谢邪薪写褋泻邪褟	0.000276	0.116534	0.000032
懈褉褍	0.000276	4.605170	0.001269
懈褋泻谢褞褔懈褌褜	0.000276	1.469676	0.000405
懈褋泻褉械薪薪械	0.000276	0.116534	0.000032
懈褋谢邪薪写褋泻邪褟	0.000276	0.116534	0.000032
懈褋锌邪薪褋泻邪褟	0.000276	0.116534	0.000032
懈褋锌械泻懈	0.000276	0.116534	0.000032
懈褋锌芯谢褜蟹芯胁邪薪懈械屑	0.000276	3.912023	0.001078
懈褋锌芯谢褜蟹芯胁邪褌褜	0.000276	1.514128	0.000417
懈褋锌芯谢褜蟹褍褞	0.000276	2.995732	0.000826
懈褋褌芯褉懈懈	0.001378	0.116534	0.000161
懈褋褌芯褉懈褞	0.000276	0.116534	0.000032
懈褌邪泻	0.000276	1.609438	0.000444
懈褌邪谢懈懈	0.000551	0.105361	0.000058
懈褌邪谢褜褟薪褋泻邪褟	0.000276	0.116534	0.000032
懈褖褍褌	0.000276	1.609438	0.000444
懈褞薪褟	0.000276	0.579818	0.000160
泄芯谐褍褉褌	0.000827	0.040822	0.000034
泻邪斜邪褔泻懈	0.000276	0.040822	0.000011
泻邪胁泻邪蟹械	0.000276	3.912023	0.001078
泻邪胁泻邪蟹褋泻邪褟	0.000276	0.116534	0.000032
泻邪胁泻邪蟹褋泻芯泄	0.000276	4.605170	0.001269
泻邪卸写芯泄	0.000276	1.832581	0.000505
泻邪蟹邪薪械	0.000276	0.116534	0.000032
泻邪蟹邪褏褋泻邪褟	0.000276	0.116534	0.000032
泻邪泻邪芯	0.000551	0.040822	0.000023
泻邪谢械泄写芯褋泻芯锌	0.001103	0.116534	0.000128
泻邪谢屑褘褑泻邪褟	0.000276	0.116534	0.000032
泻邪谢褜屑邪褉	0.000276	0.040822	0.000011
泻邪屑械薪褜	0.000276	3.912023	0.001078
泻邪屑械褉邪	0.000276	0.116534	0.000032
泻邪薪邪写械	0.000276	3.912023	0.001078
泻邪薪邪写褋泻邪褟	0.000276	0.116534	0.000032
泻邪薪邪谢	0.000551	0.040822	0.000023
泻邪薪邪谢械	0.000276	0.040822	0.000011
泻邪薪邪锌械	0.000551	0.040822	0.000023
泻邪锌褍褋褌邪	0.000551	0.040822	0.000023
泻邪锌褍褋褌薪褟泻	0.000276	0.040822	0.000011
泻邪锌褍褋褌褘	0.000276	0.040822	0.000011
泻邪褉邪屑械谢褜	0.000551	0.040822	0.000023
泻邪褉邪屑械谢褜薪褘泄	0.000276	3.218876	0.000887
泻邪褉邪屑械谢褜褞	0.000276	3.912023	0.001078
泻邪褉泻邪褋薪褘泄	0.001103	0.116534	0.000128
泻邪褉褉懈	0.000551	2.813411	0.001551
泻邪褉褌芯褎械谢褜	0.000551	0.040822	0.000023
泻邪褉褌芯褎械谢褜薪芯械	0.000551	0.040822	0.000023
泻邪褉褌芯褎械谢褜薪褘泄	0.000276	0.116534	0.000032
泻邪褉褌芯褕泻邪	0.000827	0.040822	0.000034
泻邪褌械谐芯褉懈懈	0.000551	0.116534	0.000064
泻邪褌械谐芯褉懈褟	0.004135	0.150823	0.000624
泻邪褏械褌邪	0.000551	4.605170	0.002539
泻邪褏械褌褘	0.000276	4.605170	0.001269
泻邪褔械褋褌胁芯	0.000551	0.116534	0.000064
泻邪褕邪	0.000276	0.040822	0.000011
泻邪褕懈	0.001378	0.105361	0.000145
泻邪褕褍	0.000276	0.094311	0.000026
泻胁邪褋	0.000827	0.040822	0.000034
泻胁邪褋薪芯械	0.000827	0.116534	0.000096
泻胁邪褋芯屑	0.000276	0.127833	0.000035
泻械泻褋	0.000276	0.040822	0.000011
泻械泻褋褘	0.000551	0.116534	0.000064
泻械褎懈褉	0.000827	0.040822	0.000034
泻懈屑褔懈	0.000276	0.040822	0.000011
泻懈薪蟹邪	0.000551	2.407946	0.001327
泻懈薪芯邪	0.000551	0.127833	0.000070
泻懈薪芯谢械薪褌邪	0.000276	0.116534	0.000032
泻懈薪褍谢邪褋褜	0.000276	4.605170	0.001269
泻懈褋械谢褜	0.000551	0.040822	0.000023
泻懈褋谢芯	0.000276	3.506558	0.000967
泻懈褌邪泄褋泻邪褟	0.000276	0.116534	0.000032
泻谢邪褋褋	0.002205	0.116534	0.000257
泻谢邪褋褋懈褔械褋泻懈褏	0.000276	2.407946	0.000664
泻谢邪褋褋褘	0.000276	0.116534	0.000032
泻薪懈谐褍	0.000551	0.040822	0.000023
泻芯泻褌械泄谢懈	0.000276	0.127833	0.000035
泻芯泻褌械泄谢褜	0.001378	0.040822	0.000056
泻芯谢斜邪褋邪	0.000276	0.040822	0.000011
泻芯谢斜邪褋薪褘屑懈	0.000827	0.116534	0.000096
泻芯谢懈褔械褋褌胁邪	0.000276	2.813411	0.000775
泻芯屑邪薪写邪	0.000551	0.127833	0.000070
泻芯屑懈	0.000276	0.116534	0.000032
泻芯屑屑械薪褌邪褉懈械胁	0.000276	0.223144	0.000062
泻芯屑薪邪褌芯泄	0.000276	4.605170	0.001269
泻芯屑锌邪薪懈泄	0.000276	0.105361	0.000029
泻芯屑锌芯褌	0.000827	0.040822	0.000034
泻芯薪懈薪褘	0.000276	0.116534	0.000032
泻芯薪泻褍褉褋	0.058986	0.105361	0.006215
泻芯薪泻褍褉褋邪	0.000276	0.116534	0.000032
泻芯薪泻褍褉褋邪褏	0.000276	0.040822	0.000011
泻芯薪泻褍褉褋薪褘械	0.000276	0.127833	0.000035
泻芯薪褋械褉胁懈褉芯胁邪薪懈械	0.000276	0.040822	0.000011
泻芯薪褋械褉胁懈褉芯胁邪薪薪邪褟	0.000827	0.116534	0.000096
泻芯薪褋械褉胁懈褉芯胁邪薪薪芯械	0.000276	0.116534	0.000032
泻芯薪褋械褉胁懈褉芯胁邪薪薪芯泄	0.000276	4.605170	0.001269
泻芯薪褋械褉胁懈褉芯胁邪薪薪褘械	0.000551	0.116534	0.000064
泻芯薪褋械褉胁懈褉芯胁邪薪薪褘泄	0.000276	0.116534	0.000032
泻芯薪褋懈褋褌械薪褑懈懈	0.000276	2.813411	0.000775
泻芯薪褎械褌褌懈	0.000276	0.116534	0.000032
泻芯薪褎械褌褘	0.000827	0.040822	0.000034
泻芯薪褎懈写械薪褑懈邪谢褜薪芯褋褌懈	0.000276	0.040822	0.000011
泻芯薪褎懈褌褞褉	0.000276	0.040822	0.000011
泻芯薪褑褍	0.000276	4.605170	0.001269
泻芯锌褔械薪芯褋褌褟屑懈	0.000276	0.116534	0.000032
泻芯褉械泄褋泻邪褟	0.000276	0.116534	0.000032
泻芯褉械泄褋泻懈	0.000276	0.040822	0.000011
泻芯褉卸懈泻懈	0.000276	0.040822	0.000011
泻芯褉懈邪薪写褉	0.000551	1.469676	0.000810
泻芯褉懈褑邪	0.001103	1.427116	0.001573
泻芯褉懈褔薪械胁芯谐芯	0.000276	3.912023	0.001078
泻芯褉屑褟褖懈褏	0.000276	0.116534	0.000032
泻芯褌谢械褌褘	0.000827	0.040822	0.000034
泻芯褌芯褉芯屑褍	0.000276	0.116534	0.000032
泻芯褌芯褉褘褏	0.000276	2.525729	0.000696
泻芯褎械	0.000551	0.040822	0.000023
泻褉邪褋泻懈	0.000276	0.116534	0.000032
泻褉械邪褌懈胁	0.000276	0.127833	0.000035
泻褉械屑	0.001654	0.040822	0.000068
泻褉械屑邪	0.000551	0.116534	0.000064
泻褉械屑芯胁褍褞	0.000276	4.605170	0.001269
泻褉械屑芯胁褘泄	0.000276	3.912023	0.001078
泻褉械屑芯芯斜褉邪蟹薪褘屑	0.000276	4.605170	0.001269
泻褉械锌泻懈泄	0.000276	0.116534	0.000032
泻褉芯谢懈泻邪	0.000551	0.116534	0.000064
泻褉芯屑械	0.000276	0.061875	0.000017
泻褉芯褏懈	0.000276	0.116534	0.000032
泻褉褍谐褍	0.000551	0.116534	0.000064
泻褉褍锌	0.001654	0.116534	0.000193
泻褉褍锌邪	0.000276	0.127833	0.000035
泻褉褍锌褘	0.000551	0.127833	0.000070
泻褉褍锌褟薪褘械	0.000276	0.116534	0.000032
泻褍斜懈薪褋泻邪褟	0.000276	0.116534	0.000032
泻褍谢械褕	0.000276	0.040822	0.000011
泻褍谢懈薪邪褉懈懈	0.000827	0.094311	0.000078
泻褍谢懈薪邪褉薪邪褟	0.000276	0.116534	0.000032
泻褍谢懈薪邪褉薪芯械	0.000276	0.116534	0.000032
泻褍谢懈薪邪褉薪褍褞	0.000551	0.040822	0.000023
泻褍谢懈薪邪褉薪褘泄	0.000276	0.072571	0.000020
泻褍谢懈薪邪褉薪褘褏	0.000276	0.116534	0.000032
泻褍谢懈褔	0.000276	0.040822	0.000011
泻褍谢懈褔懈	0.000276	0.116534	0.000032
泻褍褉写褋泻邪褟	0.000276	0.116534	0.000032
泻褍褉懈薪芯谐芯	0.000276	0.116534	0.000032
泻褍褉懈薪芯械	0.002481	0.127833	0.000317
泻褍褉懈薪褘泄	0.000276	0.105361	0.000029
泻褍褉懈褑邪	0.000827	0.040822	0.000034
泻褍褉懈褑褘	0.000827	0.116534	0.000096
泻褍褉芯褔泻芯泄	0.000276	0.116534	0.000032
泻褍褋泻褍褋	0.000276	0.040822	0.000011
泻褍褋芯褔泻芯屑	0.000276	2.995732	0.000826
泻褍褏薪械泄	0.000276	0.040822	0.000011
泻褍褏薪懈	0.001103	0.040822	0.000045
泻褍褏薪褟	0.000827	0.116534	0.000096
泻褍褕邪褌褜	0.000276	2.525729	0.000696
谢邪胁邪褕	0.000551	0.040822	0.000023
谢邪胁邪褕邪	0.001378	0.116534	0.000161
谢邪谐屑邪薪	0.000276	0.040822	0.000011
谢邪泻芯屑褋褌胁芯	0.000276	0.116534	0.000032
谢邪锌褕邪	0.000551	0.040822	0.000023
谢邪褉械褔薪褘屑	0.000276	3.912023	0.001078
谢邪褉褜泻懈	0.000276	3.912023	0.001078
谢邪褌褘褕褋泻邪褟	0.000276	0.116534	0.000032
谢械谐械薪写邪褉薪褘泄	0.000276	4.605170	0.001269
谢械谐泻邪褟	0.000276	0.116534	0.000032
谢械谐泻懈泄	0.000551	0.116534	0.000064
谢械谐泻芯	0.002205	0.116534	0.000257
谢械卸邪谢懈	0.000276	4.605170	0.001269
谢械锌械褕泻懈	0.000551	0.040822	0.000023
谢械褌	0.000551	0.843970	0.000465
谢械褌邪	0.000276	0.116534	0.000032
谢械褌薪懈械	0.000276	0.040822	0.000011
谢械褌薪褟褟	0.000276	0.116534	0.000032
谢械褌芯	0.001378	0.116534	0.000161
谢械褔芯	0.000276	0.040822	0.000011
谢懈谐邪	0.000827	0.116534	0.000096
谢懈泻械褉	0.000276	0.040822	0.000011
谢懈屑芯薪邪写	0.000551	0.040822	0.000023
谢懈屑芯薪薪褘泄	0.003859	0.798508	0.003081
谢懈褋褌褜褟	0.000551	1.514128	0.000835
谢懈褌芯胁褋泻	0.000276	0.127833	0.000035
谢懈褌芯胁褋泻邪褟	0.000276	0.116534	0.000032
谢懈褌褜	0.000276	2.995732	0.000826
谢懈褕薪褞褞	0.000276	3.912023	0.001078
谢芯卸泻芯泄	0.000276	3.506558	0.000967
谢芯卸泻褍	0.000276	2.995732	0.000826
谢褍泻	0.000551	0.301105	0.000166
谢褍褔褕懈械	0.000276	0.116534	0.000032
谢褍褔褕懈泄	0.000551	0.040822	0.000023
谢褍褔褕懈屑	0.000276	2.302585	0.000635
谢褍褔褕懈褏	0.000276	0.116534	0.000032
谢褞斜胁懈	0.000276	0.105361	0.000029
谢褞斜懈屑芯谐芯	0.000276	0.127833	0.000035
谢褞斜懈屑芯屑褍	0.000276	0.116534	0.000032
谢褞斜懈屑褘褏	0.001654	0.116534	0.000193
谢褞斜芯胁褜	0.000276	0.116534	0.000032
谢褞斜芯泄	0.000551	0.116534	0.000064
谢褞斜褘械	0.000276	3.506558	0.000967
谢褟	0.000276	1.771957	0.000488
谢褢写	0.000276	0.127833	0.000035
屑邪谐邪蟹懈薪薪芯谐芯	0.000276	3.218876	0.000887
屑邪谐邪蟹懈薪薪褘械	0.000276	3.506558	0.000967
屑邪谐褉懈斜邪	0.000276	0.116534	0.000032
屑邪泄	0.000276	0.116534	0.000032
屑邪泄芯薪械蟹	0.005788	0.116534	0.000675
屑邪泄芯薪械蟹邪	0.001378	2.813411	0.003877
屑邪泄芯薪械蟹褘	0.000276	4.605170	0.001269
屑邪泻邪褉芯薪薪褘械	0.000276	0.116534	0.000032
屑邪泻邪褉芯薪薪褘屑	0.000276	4.605170	0.001269
屑邪泻邪褉芯薪褘	0.000276	0.040822	0.000011
屑邪谢邪蟹懈泄褋泻邪褟	0.000276	0.116534	0.000032
屑邪薪薪懈泻	0.000276	0.040822	0.000011
屑邪薪褋邪褉写芯泄	0.000276	0.755023	0.000208
屑邪薪褌褘	0.000276	0.116534	0.000032
屑邪薪褢胁褉褘	0.000276	0.116534	0.000032
屑邪褉邪褎芯薪	0.000827	0.116534	0.000096
屑邪褉懈薪邪写	0.002481	0.040822	0.000101
屑邪褉懈薪邪写褘	0.000827	0.116534	0.000096
屑邪褉懈薪芯胁邪薪薪褘械	0.000276	0.116534	0.000032
屑邪褉屑械谢邪写	0.000276	0.040822	0.000011
屑邪褉芯泻泻邪薪褋泻邪褟	0.000276	0.116534	0.000032
屑邪褉褌邪	0.001378	0.105361	0.000145
屑邪褋泻邪褉锌芯薪械	0.000276	0.040822	0.000011
屑邪褋谢械薪懈褑邪	0.000827	0.040822	0.000034
屑邪褋谢械薪懈褔薪芯械	0.000276	0.116534	0.000032
屑邪褋谢芯	0.006064	0.116534	0.000707
屑邪褋谢芯屑	0.000276	0.116534	0.000032
屑邪褋褌械褉	0.002481	0.116534	0.000289
屑邪褋褌懈泻邪	0.000276	0.040822	0.000011
屑邪褋褌懈泻懈	0.000276	0.116534	0.000032
屑邪褎褎懈薪褘	0.000276	0.116534	0.000032
屑邪褏械械胁褗	0.001103	0.116534	0.000128
屑械写	0.001654	1.832581	0.003031
屑械写邪	0.000276	3.912023	0.001078
屑械写懈邪褎芯褉褌	0.000827	0.000000	0.000000
屑械写芯胁褘泄	0.000276	0.116534	0.000032
屑械写芯胁褘褏	0.000276	3.912023	0.001078
屑械泻褋懈泻邪薪褋泻邪褟	0.000276	0.116534	0.000032
屑械泻褋懈泻邪薪褋泻褍褞	0.000276	3.912023	0.001078
屑械泻褋懈泻懈	0.000276	4.605170	0.001269
屑械薪褞	0.000276	0.116534	0.000032
屑械薪褟	0.001103	0.083382	0.000092
屑械薪褟械褌	0.000276	4.605170	0.001269
屑械薪褟械褌褋褟	0.000276	0.116534	0.000032
屑械薪褟褟	0.000276	4.605170	0.001269
屑械褋褟褑邪	0.000276	3.912023	0.001078
屑械褌褉芯	0.000276	3.506558	0.000967
屑械褔褌邪	0.000276	0.116534	0.000032
屑械褔褌褘	0.000551	0.040822	0.000023
屑械褕邪褌褜	0.000276	4.605170	0.001269
屑懈写懈懈	0.000276	0.040822	0.000011
屑懈泻褉芯胁芯谢薪芯胁泻械	0.001103	0.116534	0.000128
屑懈谢褜械	0.000276	0.116534	0.000032
屑懈薪懈屑褍屑	0.000276	1.427116	0.000393
屑懈薪褍褌	0.000551	0.755023	0.000416
屑懈芯	0.000276	0.116534	0.000032
屑懈褉	0.000276	0.116534	0.000032
屑懈褉邪	0.000276	0.116534	0.000032
屑懈褉芯胁邪褟	0.000276	0.116534	0.000032
屑懈褋芯	0.000276	0.040822	0.000011
屑懈褋褌械褉懈褟	0.000276	0.116534	0.000032
屑懈褋褌褉邪谢褜	0.001929	0.116534	0.000225
屑谢	0.000276	2.813411	0.000775
屑薪芯谐懈械	0.000276	1.309333	0.000361
屑薪芯卸械褋褌胁芯	0.000276	1.560648	0.000430
屑薪芯卸械褋褌胁芯屑	0.000276	0.040822	0.000011
屑薪芯褞	0.000276	3.912023	0.001078
屑芯谐谢邪	0.000276	2.407946	0.000664
屑芯械	0.000276	0.116534	0.000032
屑芯械屑褍	0.000551	1.897120	0.001046
屑芯卸械褌械	0.000276	0.000000	0.000000
屑芯懈	0.000276	1.078810	0.000297
屑芯泄	0.001103	0.105361	0.000116
屑芯谢写邪胁褋泻邪褟	0.000276	0.116534	0.000032
屑芯谢芯泻械	0.000551	0.105361	0.000058
屑芯谢芯泻芯	0.002481	0.116534	0.000289
屑芯谢芯褔薪褘泄	0.000551	0.040822	0.000023
屑芯谢芯褔薪褘褏	0.000276	0.116534	0.000032
屑芯屑械薪褌	0.000827	0.116534	0.000096
屑芯薪谐芯谢褜褋泻邪褟	0.000276	0.116534	0.000032
屑芯褉械	0.000276	0.116534	0.000032
屑芯褉械锌褉芯写褍泻褌芯胁	0.003032	0.040822	0.000124
屑芯褉械锌褉芯写褍泻褌褘	0.000551	0.116534	0.000064
屑芯褉泻芯胁褜	0.000276	0.040822	0.000011
屑芯褉芯卸械薪芯械	0.001103	0.040822	0.000045
屑芯褉褋	0.000276	0.040822	0.000011
屑芯褉褋褘	0.000276	0.116534	0.000032
屑芯褌芯褉	0.000276	0.116534	0.000032
屑芯褏懈褌芯	0.000276	0.040822	0.000011
屑褍卸	0.000276	1.171183	0.000323
屑褍卸褋泻邪褟	0.000276	0.127833	0.000035
屑褍卸褍	0.000276	2.302585	0.000635
屑褍卸褔懈薪褘	0.000551	0.116534	0.000064
屑褍泻邪	0.001654	0.274437	0.000454
屑褍谢褜褌懈胁邪褉泻械	0.010474	0.116534	0.001221
屑褍谢褜褌懈锌械泻邪褉械泄	0.000827	0.116534	0.000096
屑褍褋褋	0.000276	0.040822	0.000011
屑褍褋褋褘	0.000551	0.116534	0.000064
屑褍褔薪褘械	0.000276	0.116534	0.000032
屑褞褋谢懈	0.000551	0.116534	0.000064
屑褟褋邪	0.002481	0.116534	0.000289
屑褟褋薪芯谐芯	0.000551	0.116534	0.000064
屑褟褋薪芯泄	0.000276	0.116534	0.000032
屑褟褋薪褘械	0.001654	0.040822	0.000068
屑褟褋薪褘褏	0.000827	0.116534	0.000096
屑褟褋芯	0.003032	0.040822	0.000124
屑褟褋芯屑	0.001378	0.040822	0.000056
屑褟褋褍	0.001103	0.116534	0.000128
屑褟褌邪	0.000551	2.659260	0.001466
屑褢写	0.001654	3.912023	0.006470
屑褢写邪	0.000551	4.605170	0.002539
薪邪胁械褉薪芯	0.000276	2.407946	0.000664
薪邪谐械褌褋褘	0.000276	3.912023	0.001078
薪邪写械褞褋褜	0.000276	1.609438	0.000444
薪邪蟹邪写	0.000276	0.967584	0.000267
薪邪蟹薪邪褔械薪懈褟	0.000276	0.116534	0.000032
薪邪泻芯薪械褑	0.000276	1.609438	0.000444
薪邪谢懈胁泻邪	0.000276	0.040822	0.000011
薪邪屑邪蟹懈谢泻懈	0.000276	4.605170	0.001269
薪邪屑薪芯谐芯	0.000276	2.407946	0.000664
薪邪锌懈褌泻懈	0.001654	0.040822	0.000068
薪邪锌懈褌芯泻	0.000276	0.040822	0.000011
薪邪褋褌芯泄泻邪	0.000276	0.040822	0.000011
薪邪褋褌芯褟褖邪褟	0.000276	2.207275	0.000608
薪邪褋褌芯褟褖械泄	0.000276	2.407946	0.000664
薪邪褋褌芯褟褖懈泄	0.000276	2.995732	0.000826
薪邪褋褌褉芯械薪懈械	0.000276	0.116534	0.000032
薪邪褌泻薪褍谢邪褋褜	0.000276	1.966113	0.000542
薪邪褑懈芯薪邪谢褜薪褘械	0.000276	0.116534	0.000032
薪邪褔邪谢芯	0.000276	3.912023	0.001078
薪邪褔邪谢芯褋褜	0.000276	3.506558	0.000967
薪邪褔懈薪泻邪	0.000551	0.040822	0.000023
薪邪褔懈薪泻芯泄	0.000276	0.116534	0.000032
薪邪褔懈薪泻褍	0.000276	2.120264	0.000584
薪邪褔薪械屑	0.000276	3.218876	0.000887
薪邪褕械谐芯	0.000276	2.120264	0.000584
薪邪褕械屑	0.000276	0.040822	0.000011
薪邪褕懈	0.000276	0.061875	0.000017
薪邪褕懈褏	0.000276	1.514128	0.000417
薪邪褕谢邪	0.001103	0.579818	0.000639
薪械斜械蟹芯锌邪褋薪褘屑	0.000276	3.912023	0.001078
薪械胁芯蟹屑芯卸薪芯	0.000276	1.347074	0.000371
薪械胁芯蟹屑芯卸薪芯褋褌懈	0.000276	4.605170	0.001269
薪械谐芯	0.000551	0.941609	0.000519
薪械写械谢褟	0.002756	0.061875	0.000171
薪械卸薪芯泄	0.000276	0.116534	0.000032
薪械卸薪褘泄	0.000276	0.891598	0.000246
薪械卸薪褘屑	0.000276	2.040221	0.000562
薪械泻芯褌芯褉褘械	0.000276	2.813411	0.000775
薪械屑	0.000276	1.203973	0.000332
薪械屑械褑泻邪褟	0.000276	0.116534	0.000032
薪械屑薪芯谐芯	0.000276	1.203973	0.000332
薪械屑薪芯卸泻芯	0.000276	4.605170	0.001269
薪械芯斜褘褔薪褘泄	0.000276	1.347074	0.000371
薪械芯卸懈写邪薪薪褘械	0.000276	0.116534	0.000032
薪械褋泻芯谢褜泻芯	0.000827	0.916291	0.000758
薪械褋谢邪写泻芯械	0.000276	0.116534	0.000032
薪懈泻邪泻懈械	0.000551	4.605170	0.002539
薪懈泻芯谐写邪	0.000276	1.771957	0.000488
薪懈屑	0.000827	1.897120	0.001569
薪芯胁邪褟	0.000276	0.116534	0.000032
薪芯胁芯谐芯写薪械谐芯	0.001378	0.116534	0.000161
薪芯胁芯谐芯写薪械械	0.000827	0.116534	0.000096
薪芯胁芯谐芯写薪懈械	0.001654	0.040822	0.000068
薪芯胁芯谐芯写薪懈泄	0.001929	0.116534	0.000225
薪芯胁芯谐芯写薪褟褟	0.000276	0.105361	0.000029
薪芯胁芯褋褌褟褏	0.000276	0.061875	0.000017
薪芯胁褘械	0.000551	0.051293	0.000028
薪芯胁褘泄	0.002481	0.094311	0.000234
薪芯褉胁械卸褋泻邪褟	0.000276	0.116534	0.000032
薪芯褟斜褉褟	0.000551	0.527633	0.000291
薪褉邪胁懈褌褋褟	0.000276	1.427116	0.000393
芯斜械写	0.001103	0.105361	0.000116
芯斜械蟹褜褟薪褘	0.000276	0.116534	0.000032
芯斜褖邪褌褜褋褟	0.000276	0.040822	0.000011
芯斜褘褔薪芯	0.000276	1.714798	0.000473
芯斜褘褔薪芯泄	0.000276	2.659260	0.000733
芯斜褘褔薪褘泄	0.000276	1.897120	0.000523
芯胁芯褖邪屑懈	0.000276	0.116534	0.000032
芯胁芯褖械泄	0.003859	0.105361	0.000407
芯胁芯褖懈	0.001929	0.094311	0.000182
芯胁芯褖薪邪褟	0.000276	0.040822	0.000011
芯胁芯褖薪芯械	0.000276	0.116534	0.000032
芯胁芯褖薪芯泄	0.000551	0.105361	0.000058
芯胁芯褖薪褘械	0.001378	0.040822	0.000056
芯胁褋褟薪芯械	0.000276	0.116534	0.000032
芯谐薪械薪薪芯泄	0.000276	0.116534	0.000032
芯谐薪褟	0.000276	0.116534	0.000032
芯谐褍褉褑褘	0.000551	0.116534	0.000064
芯写薪芯谐芯	0.000276	1.660731	0.000458
芯卸懈写邪薪懈褟	0.000276	2.120264	0.000584
芯蟹薪邪褔邪械褌	0.000276	2.995732	0.000826
芯泻邪蟹褘胁邪械褌褋褟	0.000276	3.218876	0.000887
芯泻褉芯褕泻邪	0.000827	0.040822	0.000034
芯泻褌褟斜褉褟	0.000276	0.562119	0.000155
芯谢邪写懈泄	0.000276	3.218876	0.000887
芯谢邪写褍褕泻懈	0.000276	3.912023	0.001078
芯谢邪写褜懈	0.000827	0.040822	0.000034
芯谢械泄薪邪	0.000827	0.116534	0.000096
芯谢械泄薪芯泄	0.001103	0.116534	0.000128
芯谢械泄薪褘	0.000276	0.127833	0.000035
芯屑谢械褌	0.000276	0.040822	0.000011
芯锌邪褉邪	0.000276	0.040822	0.000011
芯锌褉械写械谢械薪薪芯屑	0.000276	4.605170	0.001269
芯锌褉械写械谢懈褌褜	0.000276	2.813411	0.000775
芯锌褉芯褋	0.000276	0.061875	0.000017
芯锌褘褌	0.000276	2.995732	0.000826
芯褋械薪薪械械	0.000276	0.116534	0.000032
芯褋械薪薪懈械	0.000276	0.051293	0.000014
芯褋械薪薪懈泄	0.000551	0.116534	0.000064
芯褋械薪褜	0.002756	0.105361	0.000290
芯褋薪芯胁薪芯械	0.000276	0.040822	0.000011
芯褋芯斜械薪薪芯褋褌褜	0.000276	4.605170	0.001269
芯褋褌邪械褌褋褟	0.000276	0.116534	0.000032
芯褌胁邪褉薪褘褏	0.000276	3.912023	0.001078
芯褌胁械褌懈褌褜	0.000276	0.051293	0.000014
芯褌胁械褌芯胁	0.000276	0.051293	0.000014
芯褌胁械褌褘	0.000276	0.000000	0.000000
芯褌写械谢懈褌褜褋褟	0.000276	3.912023	0.001078
芯褌泻褉褘褌褘泄	0.000551	0.116534	0.000064
芯褌谢懈褔懈褌褜	0.000276	4.605170	0.001269
芯褌屑械薪懈褌褜	0.000276	0.040822	0.000011
芯褌褉褘胁褍	0.000276	4.605170	0.001269
芯褏谢邪写懈褌褜	0.000276	0.116534	0.000032
芯褑械薪懈褌械	0.000276	3.218876	0.000887
锌邪泻械褌懈泻邪褏	0.000276	0.105361	0.000029
锌邪谢邪褌泻懈	0.000276	3.912023	0.001078
锌邪谢芯褔泻邪	0.000276	1.560648	0.000430
锌邪谢芯褔泻懈	0.000276	0.040822	0.000011
锌邪薪懈褉芯胁泻邪	0.002205	0.116534	0.000257
锌邪锌褉懈泻邪	0.000551	1.203973	0.000664
锌邪褉邪	0.000276	0.116534	0.000032
锌邪褉邪写	0.001929	0.116534	0.000225
锌邪褉邪写芯泻褋	0.000276	4.605170	0.001269
锌邪褉芯胁邪褉泻械	0.002481	0.116534	0.000289
锌邪褉芯谢褜	0.000276	0.020203	0.000006
锌邪褋褌邪	0.001378	0.040822	0.000056
锌邪褋褌械	0.000276	4.605170	0.001269
锌邪褋褌褉芯屑邪	0.000276	0.040822	0.000011
锌邪褋褏邪	0.000551	0.040822	0.000023
锌邪褋褏邪谢褜薪邪褟	0.000551	0.116534	0.000064
锌邪褋褏邪谢褜薪褘泄	0.000276	0.127833	0.000035
锌邪褕褌械褌	0.000276	0.040822	0.000011
锌邪褕褌械褌褘	0.000551	0.116534	0.000064
锌械泻邪褉褟	0.000276	0.127833	0.000035
锌械谢褜屑械薪懈	0.000276	0.116534	0.000032
锌械褉胁芯谐芯	0.000276	2.120264	0.000584
锌械褉胁芯械	0.000551	0.040822	0.000023
锌械褉胁褘械	0.000276	0.127833	0.000035
锌械褉胁褘泄	0.000276	1.309333	0.000361
锌械褉胁褘屑	0.000276	0.116534	0.000032
锌械褉胁褘褏	0.000276	2.120264	0.000584
锌械褉械胁芯写械	0.000276	2.813411	0.000775
锌械褉械写邪褔懈	0.000276	3.506558	0.000967
锌械褉械泄褌懈	0.000276	0.040822	0.000011
锌械褉械泻褍褋	0.000551	0.116534	0.000064
锌械褉械锌褉芯斜芯胁邪谢邪	0.000276	3.506558	0.000967
锌械褉械锌褉芯斜芯胁邪谢懈	0.000276	3.912023	0.001078
锌械褉械褋屑芯褌褉械谢邪	0.000276	2.813411	0.000775
锌械褉械褋屑芯褌褉械褌褜	0.000276	3.506558	0.000967
锌械褉械褑	0.002481	0.040822	0.000101
锌械褉褋芯薪褘	0.000276	0.116534	0.000032
锌械褉褍邪薪褋泻邪褟	0.000276	0.116534	0.000032
锌械褋芯褔薪芯械	0.000551	0.105361	0.000058
锌械褋芯褔薪褘泄	0.000276	0.116534	0.000032
锌械褌械谢懈薪泻懈	0.000276	0.127833	0.000035
锌械褌褉褍褕泻邪	0.000551	0.693147	0.000382
锌械褔械薪芯褔薪褘泄	0.000276	0.040822	0.000011
锌械褔械薪褜械	0.002481	0.040822	0.000101
锌械褔懈	0.000276	0.127833	0.000035
锌懈胁芯	0.000276	0.116534	0.000032
锌懈泻邪薪褌褘	0.000276	0.127833	0.000035
锌懈泻薪懈泻	0.000551	0.116534	0.000064
锌懈泻薪懈泻邪	0.000276	0.116534	0.000032
锌懈泻薪懈泻褍	0.000276	0.105361	0.000029
锌懈褉	0.000276	0.116534	0.000032
锌懈褉芯谐	0.000827	0.040822	0.000034
锌懈褉芯谐懈	0.000276	0.105361	0.000029
锌懈褉芯卸泻懈	0.000551	0.040822	0.000023
锌懈褉芯卸薪芯械	0.000276	0.040822	0.000011
锌懈褉芯卸薪褘械	0.000276	0.116534	0.000032
锌懈褌邪薪懈械	0.001378	0.105361	0.000145
锌懈褑褑邪	0.000551	0.040822	0.000023
锌懈褖邪	0.000276	3.506558	0.000967
锌谢邪屑褟	0.000276	0.116534	0.000032
锌谢懈褌邪	0.001103	0.127833	0.000141
锌谢芯胁	0.000276	0.116534	0.000032
锌谢芯写褘	0.000276	0.116534	0.000032
锌芯胁邪褉邪	0.000276	1.514128	0.000417
锌芯胁邪褉械薪泻邪	0.000276	2.995732	0.000826
锌芯胁邪褉械薪泻械	0.000276	0.040822	0.000011
锌芯胁邪褉械薪芯泻	0.000276	0.061875	0.000017
锌芯胁邪褉褟褌	0.000276	0.116534	0.000032
锌芯胁邪褉褟褌邪屑懈	0.000276	0.040822	0.000011
锌芯胁邪褉褢薪泻邪	0.000276	0.116534	0.000032
锌芯胁懈写谢芯	0.000276	0.040822	0.000011
锌芯写邪褉泻芯胁	0.000276	0.116534	0.000032
锌芯写斜芯褉	0.000276	1.514128	0.000417
锌芯写械谢懈褌褜褋褟	0.000276	0.478036	0.000132
锌芯写卸邪褉懈谢邪褋褜	0.000276	3.912023	0.001078
锌芯写谢懈胁邪	0.000551	0.116534	0.000064
锌芯写谢懈胁泻邪	0.000276	0.040822	0.000011
锌芯写锌懈褋邪褌褜褋褟	0.000276	0.040822	0.000011
锌芯写锌懈褕懈褌械褋褜	0.000551	0.040822	0.000023
锌芯写褋泻邪蟹邪谢	0.000276	3.506558	0.000967
锌芯写褋芯谢薪械褔薪芯械	0.001103	1.347074	0.001485
锌芯写褋芯褏谢邪	0.000276	3.912023	0.001078
锌芯写褏芯写懈褌	0.000827	1.897120	0.001569
锌芯械写懈薪泻懈	0.003859	0.116534	0.000450
锌芯蟹写褉邪胁褜	0.000276	0.116534	0.000032
锌芯懈褋泻	0.000276	0.051293	0.000014
锌芯懈褋泻邪褏	0.000276	4.605170	0.001269
锌芯泄写械褌	0.000276	3.506558	0.000967
锌芯泻邪蟹邪褌褜	0.000551	1.714798	0.000945
锌芯泻邪蟹邪褌褜褋褟	0.000276	2.659260	0.000733
锌芯谢写薪懈泻	0.000551	0.116534	0.000064
锌芯谢械蟹薪芯	0.000276	0.116534	0.000032
锌芯谢械蟹薪褘褏	0.000276	2.995732	0.000826
锌芯谢懈褌懈泻芯泄	0.000276	0.040822	0.000011
锌芯谢芯胁懈薪邪	0.002205	0.116534	0.000257
锌芯谢芯卸懈褌褜	0.000276	2.525729	0.000696
锌芯谢褍褔邪械褌褋褟	0.001103	0.400478	0.000442
锌芯谢褍褔邪泄褌械	0.000276	0.040822	0.000011
锌芯谢褍褔邪褌褜	0.000276	0.040822	0.000011
锌芯谢褍褔邪褌褜褋褟	0.000276	3.912023	0.001078
锌芯谢褍褔懈谢邪	0.000276	3.218876	0.000887
锌芯谢褍褔懈谢芯褋褜	0.000551	0.994252	0.000548
锌芯谢褍褔懈褌褋褟	0.000551	1.714798	0.000945
锌芯谢褜蟹邪	0.000276	0.127833	0.000035
锌芯谢褜蟹芯泄	0.001103	0.116534	0.000128
锌芯谢褜蟹褍械屑褋褟	0.000276	4.605170	0.001269
锌芯谢褜褋泻邪褟	0.000276	0.116534	0.000032
锌芯屑邪写泻邪	0.000551	0.040822	0.000023
锌芯屑邪写泻懈	0.000276	0.116534	0.000032
锌芯屑懈写芯褉泻懈	0.000276	0.127833	0.000035
锌芯屑懈写芯褉褘	0.000551	0.116534	0.000064
锌芯屑薪懈褌械	0.000276	2.813411	0.000775
锌芯薪邪写芯斜懈褌褋褟	0.000276	2.525729	0.000696
锌芯薪褉邪胁懈胁褕懈械褋褟	0.000276	0.040822	0.000011
锌芯薪褉邪胁懈谢芯褋褜	0.000276	1.514128	0.000417
锌芯薪褔懈泻懈	0.000551	0.040822	0.000023
锌芯锌褉芯斜褍泄褌械	0.000276	0.562119	0.000155
锌芯锌褉芯褋懈谢懈	0.000276	3.912023	0.001078
锌芯锌褍谢褟褉薪邪褟	0.000276	4.605170	0.001269
锌芯褉邪	0.000276	0.116534	0.000032
锌芯褉芯褕芯泻	0.000551	0.916291	0.000505
锌芯褉褌褍谐邪谢褜褋泻邪褟	0.000276	0.116534	0.000032
锌芯褋械褖邪械褌械	0.000276	0.061875	0.000017
锌芯褋械褖械薪懈械	0.000276	4.605170	0.001269
锌芯褋谢褍卸懈褌	0.000276	3.218876	0.000887
锌芯褋褌	0.002205	0.105361	0.000232
锌芯褋褌薪芯械	0.000276	0.116534	0.000032
锌芯褋褌薪褘械	0.000551	0.040822	0.000023
锌芯褋褌薪褘泄	0.000827	0.116534	0.000096
锌芯褋褌芯褟薪薪芯	0.000276	0.040822	0.000011
锌芯褋褌褉芯懈屑	0.000276	0.116534	0.000032
锌芯褋褍写邪	0.000551	0.094311	0.000052
锌芯褋褍写褘	0.000276	2.525729	0.000696
锌芯褌褉褟褋邪褞褖械	0.000551	1.560648	0.000860
锌芯褌褉褟褋邪褞褖懈泄	0.000276	2.525729	0.000696
锌芯褏芯卸邪	0.000276	3.506558	0.000967
锌芯褏芯卸懈泄	0.000276	2.995732	0.000826
锌芯褔械屑褍	0.000551	1.203973	0.000664
锌芯褔褌懈	0.000551	1.021651	0.000563
锌芯褔褌褍	0.000276	0.040822	0.000011
锌芯褕邪谐芯胁褘械	0.000276	0.301105	0.000083
锌芯褕邪谐芯胁褘屑懈	0.000276	0.040822	0.000011
锌芯褟胁谢褟褌褜褋褟	0.000276	4.605170	0.001269
锌褉邪胁写邪	0.000276	1.139434	0.000314
锌褉邪胁懈谢褜薪褘泄	0.000276	3.506558	0.000967
锌褉邪蟹写薪懈泻邪	0.000276	0.116534	0.000032
锌褉邪蟹写薪懈褔薪芯	0.000276	0.116534	0.000032
锌褉邪蟹写薪懈褔薪芯谐芯	0.000276	0.116534	0.000032
锌褉邪蟹写薪懈褔薪褘泄	0.000276	0.116534	0.000032
锌褉邪泻褌懈泻褍屑	0.000276	0.116534	0.000032
锌褉械胁蟹芯褕械谢	0.000276	2.207275	0.000608
锌褉械胁芯褋褏芯写薪褘械	0.000276	0.116534	0.000032
锌褉械胁褉邪褖械薪懈褟	0.000276	0.116534	0.000032
锌褉械写褋褌邪胁谢褟褞	0.000276	2.302585	0.000635
锌褉械泻褉邪褋械薪	0.000276	3.912023	0.001078
锌褉械泻褉邪褋薪邪褟	0.000276	3.218876	0.000887
锌褉械褋薪芯械	0.000276	0.116534	0.000032
锌褉懈胁械蟹械薪	0.000276	4.605170	0.001269
锌褉懈胁械蟹谢懈	0.000276	4.605170	0.001269
锌褉懈谐芯褌芯胁懈谢邪	0.000276	1.386294	0.000382
锌褉懈谐芯褌芯胁懈屑	0.000276	0.116534	0.000032
锌褉懈谐芯褌芯胁懈褌褜	0.001378	0.342490	0.000472
锌褉懈谐芯褌芯胁谢械薪懈械	0.000276	0.105361	0.000029
锌褉懈谐芯褌芯胁谢械薪懈褞	0.000276	0.040822	0.000011
锌褉懈谐芯褌芯胁谢械薪懈褟	0.000551	0.371064	0.000205
锌褉懈谐芯褌芯胁谢械薪薪褘褏	0.000276	3.912023	0.001078
锌褉懈谐芯褌芯胁褜褌械	0.000276	1.897120	0.000523
锌褉懈写褍屑邪薪	0.000276	2.207275	0.000608
锌褉懈卸懈胁械褌褋褟	0.000276	2.813411	0.000775
锌褉懈蟹薪邪薪懈械	0.000276	0.116534	0.000032
锌褉懈蟹芯胁	0.000276	0.040822	0.000011
锌褉懈薪褑懈锌械	0.000276	2.659260	0.000733
锌褉懈芯斜褉械褌邪械褌	0.000276	4.605170	0.001269
锌褉懈锌褉邪胁邪	0.000276	0.040822	0.000011
锌褉懈褉芯写褍	0.000276	0.116534	0.000032
锌褉懈褉芯写褘	0.000276	0.116534	0.000032
锌褉懈褋褌褍锌懈褌褜	0.000276	0.040822	0.000011
锌褉懈褏芯写懈谢芯褋褜	0.000276	2.659260	0.000733
锌褉芯斜谢械屑	0.000276	2.659260	0.000733
锌褉芯斜芯胁邪谢	0.000276	2.525729	0.000696
锌褉芯斜芯胁邪谢懈	0.000276	2.407946	0.000664
锌褉芯斜褍泄褌械	0.000276	2.302585	0.000635
锌褉芯胁械写懈	0.001103	0.116534	0.000128
锌褉芯胁械褉械薪芯	0.001654	0.116534	0.000193
锌褉芯胁芯写懈屑褘褏	0.000276	0.040822	0.000011
锌褉芯胁芯卸邪械屑	0.000276	0.116534	0.000032
锌褉芯写邪褞褖懈泄褋褟	0.000276	3.912023	0.001078
锌褉芯写械谢邪谢邪	0.000276	3.912023	0.001078
锌褉芯写芯谢卸邪谢懈	0.000276	4.605170	0.001269
锌褉芯写褍泻褌	0.000551	2.525729	0.001392
锌褉芯写褍泻褌邪	0.000551	3.218876	0.001774
锌褉芯写褍泻褌械	0.000276	3.912023	0.001078
锌褉芯写褍泻褌芯胁	0.000276	0.094311	0.000026
锌褉芯写褍泻褌芯屑	0.000276	3.912023	0.001078
锌褉芯械泻褌芯胁	0.000276	0.116534	0.000032
锌褉芯械泻褌褘	0.000276	0.061875	0.000017
锌褉芯懈蟹胁芯写懈褌械谢懈	0.000276	4.605170	0.001269
锌褉芯懈褋褏芯卸写械薪懈褟	0.000276	3.912023	0.001078
锌褉芯屑褘褕谢械薪薪褘屑	0.000276	4.605170	0.001269
锌褉芯锌芯褉褑懈懈	0.000276	1.714798	0.000473
锌褉芯褋屑芯褌褉邪屑	0.000276	0.274437	0.000076
锌褉芯褋屑芯褌褉械谢邪	0.000276	1.832581	0.000505
锌褉芯褋褌械泄褕懈泄	0.000276	2.995732	0.000826
锌褉芯褋褌芯	0.001378	0.083382	0.000115
锌褉芯褋褌芯泻胁邪褕邪	0.000276	0.040822	0.000011
锌褉芯褋褌芯褉邪褏	0.000551	1.771957	0.000977
锌褉芯褋褟褌	0.000276	2.040221	0.000562
锌褉芯褎懈谢褜	0.000276	0.040822	0.000011
锌褉芯褑械写褍褉	0.000276	4.605170	0.001269
锌褉褟屑芯	0.000276	0.040822	0.000011
锌褉褟薪懈泻	0.000276	0.040822	0.000011
锌褉褟薪懈泻懈	0.000276	0.116534	0.000032
锌褉褟薪懈褔薪芯械	0.000276	0.116534	0.000032
锌褌懈褑邪	0.001378	0.116534	0.000161
锌褌懈褑械	0.000827	0.116534	0.000096
锌褌懈褑械泄	0.000276	0.127833	0.000035
锌褌懈褑褘	0.003032	0.116534	0.000353
锌褍写懈薪谐	0.000276	0.040822	0.000011
锌褍写懈薪谐懈	0.000551	0.116534	0.000064
锌褍薪褕	0.000276	0.040822	0.000011
锌褍褌械褕械褋褌胁懈械	0.000551	0.116534	0.000064
锌褍褌褜	0.000276	0.116534	0.000032
锌褕械薪懈褔薪邪褟	0.001654	0.287682	0.000476
锌褘褕泻懈	0.000276	0.040822	0.000011
锌褞褉械	0.001654	0.040822	0.000068
褉邪谐褍	0.000276	0.116534	0.000032
褉邪蟹	0.001103	0.446287	0.000492
褉邪蟹邪	0.000276	2.407946	0.000664
褉邪蟹胁械褉薪褍褌褜	0.000276	0.116534	0.000032
褉邪蟹写械谢褜薪芯械	0.000276	0.116534	0.000032
褉邪蟹谢懈褔薪褘械	0.000551	2.813411	0.001551
褉邪蟹薪芯胁懈写薪芯褋褌懈	0.000276	3.506558	0.000967
褉邪蟹薪褘械	0.000276	0.116534	0.000032
褉邪褋泻邪谢械薪薪褍褞	0.000276	3.912023	0.001078
褉邪褋褋谢邪懈胁邪械褌褋褟	0.000276	4.605170	0.001269
褉邪褋褋谢邪懈胁邪谢褋褟	0.000276	3.912023	0.001078
褉邪褋褋谢芯懈谢邪褋褜	0.000276	3.912023	0.001078
褉邪褋褋谢芯懈褌褜褋褟	0.000276	3.912023	0.001078
褉邪褋褋芯谢	0.000276	3.912023	0.001078
褉邪褋褋芯谢褜薪懈泻	0.000551	0.040822	0.000023
褉邪褋褋芯谢褜薪懈泻邪	0.000276	0.116534	0.000032
褉邪褋褋褘谢泻懈	0.000276	0.061875	0.000017
褉邪褋褌懈褌械谢褜薪芯械	0.003859	0.235722	0.000910
褉械谐懈褋褌褉邪褑懈懈	0.000551	0.010050	0.000006
褉械谐懈褋褌褉邪褑懈褟	0.000276	0.000000	0.000000
褉械卸懈屑械	0.000276	3.912023	0.001078
褉械蟹褍谢褜褌邪褌械	0.000276	2.525729	0.000696
褉械泄褌懈薪谐褍	0.000276	0.248461	0.000068
褉械褋褌芯褉邪薪邪	0.000551	1.832581	0.001010
褉械褑械锌褌	0.004961	0.040822	0.000203
褉械褑械锌褌邪	0.000551	0.462035	0.000255
褉械褑械锌褌邪褏	0.000276	0.061875	0.000017
褉械褑械锌褌芯胁	0.002205	0.040822	0.000090
褉械褑械锌褌芯屑	0.000276	0.693147	0.000191
褉械褑械锌褌褘	0.020121	0.040822	0.000821
褉械褔褜	0.000276	3.506558	0.000967
褉械褕懈谢邪	0.000551	0.820981	0.000453
褉懈褋	0.001103	0.040822	0.000045
褉懈褋邪	0.000276	0.116534	0.000032
褉懈褌屑械	0.000276	0.116534	0.000032
褉芯谐邪谢懈泻懈	0.000276	0.040822	0.000011
褉芯写薪芯械	0.000276	0.116534	0.000032
褉芯卸写械薪懈褟	0.000276	0.105361	0.000029
褉芯卸写械褋褌胁械薪褋泻懈泄	0.000276	2.995732	0.000826
褉芯卸写械褋褌胁芯	0.000276	0.116534	0.000032
褉芯谢谢褌芯薪	0.000276	0.116534	0.000032
褉芯谢谢褘	0.000551	0.040822	0.000023
褉芯屑	0.000276	0.040822	0.000011
褉褍斜褉懈泻邪褌芯褉	0.000276	0.051293	0.000014
褉褍泻	0.000276	4.605170	0.001269
褉褍谢械褌	0.000276	0.040822	0.000011
褉褍谢械褌褘	0.002756	0.116534	0.000321
褉褍屑褘薪褋泻邪褟	0.000276	0.116534	0.000032
褉褍屑褟薪褘械	0.000276	0.116534	0.000032
褉褍薪械褌邪	0.000276	4.605170	0.001269
褉褍薪械褌械	0.000276	0.020203	0.000006
褉褍褋褋泻邪褟	0.000276	0.116534	0.000032
褉褍褋褋泻懈泄	0.000276	2.813411	0.000775
褉褘斜邪	0.002481	0.040822	0.000101
褉褘斜械	0.000827	0.116534	0.000096
褉褘斜薪邪褟	0.000276	0.116534	0.000032
褉褘斜薪芯谐芯	0.000551	0.116534	0.000064
褉褘斜薪褘械	0.001378	0.116534	0.000161
褉褘斜薪褘泄	0.000551	0.116534	0.000064
褉褘斜薪褘褏	0.000276	0.116534	0.000032
褉褘斜芯泄	0.000551	0.116534	0.000064
褉褘斜褍	0.000276	2.525729	0.000696
褉褘斜褘	0.003308	0.116534	0.000385
褉褟写芯屑	0.000276	2.995732	0.000826
褉褟卸械薪泻邪	0.000276	0.116534	0.000032
褋邪写懈褌褋褟	0.000276	4.605170	0.001269
褋邪泄褌	0.000827	0.000000	0.000000
褋邪泄褌邪	0.000276	1.108663	0.000306
褋邪泄褌械	0.000276	0.462035	0.000127
褋邪泄褌褍	0.000551	0.061875	0.000034
褋邪谢邪褌	0.000551	0.094311	0.000052
褋邪谢邪褌邪	0.000551	1.078810	0.000595
褋邪谢邪褌薪邪褟	0.001654	0.116534	0.000193
褋邪谢邪褌褘	0.008545	0.040822	0.000349
褋邪屑芯谐芯薪	0.000276	0.040822	0.000011
褋邪屑褘泄	0.000551	1.021651	0.000563
褋邪屑褘屑	0.000276	1.386294	0.000382
褋邪屑褘褏	0.000551	0.116534	0.000064
褋邪褎	0.000827	0.116534	0.000096
褋邪褎褋械屑	0.000276	0.116534	0.000032
褋邪褏邪褉	0.005513	0.116534	0.000642
褋邪褑械斜械谢懈	0.000551	4.605170	0.002539
褋斜懈褌械薪褜	0.000276	0.040822	0.000011
褋胁械卸械褋褌褜	0.000276	0.105361	0.000029
褋胁械泻谢邪	0.000276	0.040822	0.000011
褋胁械泻芯谢褜薪懈泻	0.000551	0.040822	0.000023
褋胁械褉褕懈谢芯褋褜	0.000276	3.912023	0.001078
褋胁械褌邪	0.001103	0.116534	0.000128
褋胁懈薪懈薪邪	0.000276	0.040822	0.000011
褋胁懈薪懈薪褘	0.001103	0.116534	0.000128
褋胁芯械	0.000276	0.116534	0.000032
褋胁芯械谐芯	0.000276	1.897120	0.000523
褋胁芯械泄	0.000276	1.347074	0.000371
褋胁芯械屑	0.000276	0.040822	0.000011
褋胁芯懈屑	0.000551	0.040822	0.000023
褋胁芯懈褏	0.000276	1.347074	0.000371
褋胁芯泄褋褌胁	0.000276	4.605170	0.001269
褋胁芯褞	0.000551	0.040822	0.000023
褋谐褍褖械薪泻邪	0.000276	0.040822	0.000011
褋谐褍褖械薪泻芯泄	0.000276	3.912023	0.001078
褋写械谢邪褌褜	0.000276	1.021651	0.000282
褋写械谢邪褞	0.000276	2.659260	0.000733
褋械谐芯写薪褟	0.000276	0.843970	0.000233
褋械蟹芯薪	0.000276	0.116534	0.000032
褋械泄褔邪褋	0.000551	0.030459	0.000017
褋械泻褉械褌	0.000276	1.609438	0.000444
褋械泻褉械褌褍	0.000276	3.912023	0.001078
褋械泻褉械褌褘	0.000551	0.116534	0.000064
褋械泻褍薪写	0.000551	2.995732	0.001651
褋械谢械写泻邪	0.000276	0.040822	0.000011
褋械屑谐邪	0.000276	0.040822	0.000011
褋械屑械泄薪褘泄	0.000276	0.116534	0.000032
褋械屑褜懈	0.000276	0.116534	0.000032
褋械薪褌褟斜褉褟	0.000551	0.673345	0.000371
褋械褌褜	0.000276	2.995732	0.000826
褋懈写褉	0.000276	0.040822	0.000011
褋懈谢褜薪褘泄	0.000276	3.912023	0.001078
褋懈褉懈泄褋泻邪褟	0.000276	0.116534	0.000032
褋懈褉芯锌	0.000276	0.040822	0.000011
褋懈褉芯锌褘	0.000276	0.116534	0.000032
褋懈褋褌械屑褘	0.000276	0.040822	0.000011
褋懈褌懈	0.000276	0.127833	0.000035
褋泻邪卸械褌械	0.000276	4.605170	0.001269
褋泻邪蟹邪褌褜	0.000276	0.653926	0.000180
褋泻邪蟹芯泻	0.000276	0.116534	0.000032
褋泻芯胁芯褉芯写褍	0.000276	2.813411	0.000775
褋谢邪写泻邪褟	0.001103	0.116534	0.000128
褋谢邪写泻懈械	0.001654	0.040822	0.000068
褋谢邪写泻懈泄	0.003583	0.105361	0.000378
褋谢邪写泻懈褏	0.000551	0.116534	0.000064
褋谢邪写泻芯	0.000276	0.116534	0.000032
褋谢懈胁邪械屑	0.000276	4.605170	0.001269
褋谢懈胁泻懈	0.001103	1.078810	0.001189
褋谢懈胁芯褔薪芯械	0.000827	0.116534	0.000096
褋谢懈胁芯褔薪褘泄	0.000276	1.469676	0.000405
褋谢芯胁芯	0.000276	2.302585	0.000635
褋谢芯械薪芯谐芯	0.000276	0.127833	0.000035
褋谢芯械薪芯械	0.000276	0.116534	0.000032
褋谢芯械薪褘泄	0.000276	0.116534	0.000032
褋谢芯泄泻邪	0.000276	0.040822	0.000011
褋谢芯泄泻懈	0.000276	0.116534	0.000032
褋谢褍褔邪械	0.000276	1.897120	0.000523
褋谢褍褔邪泄薪褘泄	0.000276	3.912023	0.001078
褋屑械褌邪薪邪	0.001378	0.105361	0.000145
褋屑械褕邪薪薪芯谐芯	0.000276	0.116534	0.000032
褋屑械褕邪褌褜	0.000276	2.995732	0.000826
褋屑芯卸械褌械	0.000276	0.040822	0.000011
褋屑褍蟹懈	0.000827	0.040822	0.000034
褋屑褍褖邪褞褌	0.000276	2.995732	0.000826
褋薪褝泻	0.000276	0.116534	0.000032
褋芯斜懈褉邪械褌械褋褜	0.000551	0.040822	0.000023
褋芯斜谢褞写邪械屑	0.000276	4.605170	0.001269
褋芯斜褋褌胁械薪薪芯	0.000276	2.120264	0.000584
褋芯胁械褉褕械薪薪芯	0.000551	1.171183	0.000646
褋芯胁械褉褕械薪褋褌胁芯	0.001378	0.116534	0.000161
褋芯胁械褌邪屑懈	0.000276	0.040822	0.000011
褋芯胁褋械屑	0.000551	1.139434	0.000628
褋芯谐谢邪褕邪械褌械褋褜	0.000276	0.040822	0.000011
褋芯写邪	0.000551	0.967584	0.000533
褋芯蟹写邪械褌	0.000276	0.116534	0.000032
褋芯蟹写邪薪懈褟	0.000551	0.261365	0.000144
褋芯泻	0.004135	0.116534	0.000482
褋芯泻邪	0.000276	0.105361	0.000029
褋芯泻懈	0.000276	0.040822	0.000011
褋芯谢械薪褘械	0.000827	0.116534	0.000096
褋芯谢械薪褜褟	0.000551	0.116534	0.000064
褋芯谢薪械褔薪芯泄	0.000276	0.127833	0.000035
褋芯谢褜	0.008269	0.150823	0.001247
褋芯谢褟薪泻邪	0.000551	0.040822	0.000023
褋芯屑薪械胁邪褞褖懈褏褋褟	0.000276	3.912023	0.001078
褋芯褉褌懈褉芯胁邪褌褜	0.000276	0.248461	0.000068
褋芯褋褌邪胁褜	0.000276	0.116534	0.000032
褋芯褋褌芯褟薪懈械	0.000276	4.605170	0.001269
褋芯褍褋	0.009096	0.040822	0.000371
褋芯褍褋邪	0.000551	1.897120	0.001046
褋芯褍褋芯胁	0.000276	2.813411	0.000775
褋芯褍褋芯屑	0.001929	0.116534	0.000225
褋芯褍褋褘	0.007993	0.116534	0.000931
褋芯褏褉邪薪褟械褌	0.000276	3.506558	0.000967
褋芯褏褉邪薪褟褌褜	0.000276	0.040822	0.000011
褋芯褑褋械褌懈	0.000276	0.040822	0.000011
褋芯褔械褌邪薪懈械	0.000276	0.116534	0.000032
褋芯褔薪芯械	0.000276	0.116534	0.000032
褋锌邪谢褜薪褟屑懈	0.000276	0.446287	0.000123
褋锌械褑懈邪谢褜薪芯械	0.000276	0.116534	0.000032
褋锌械褑懈懈	0.000827	0.105361	0.000087
褋锌械褑懈泄	0.000276	1.966113	0.000542
褋锌械褑锌褉芯械泻褌	0.009096	0.116534	0.001060
褋锌懈褋芯泻	0.000276	0.116534	0.000032
褋锌芯褉褞	0.000276	4.605170	0.001269
褋锌芯褋芯斜	0.000276	1.427116	0.000393
褋锌芯褋芯斜芯屑	0.000276	2.207275	0.000608
褋锌芯褞	0.000276	0.116534	0.000032
褋褉邪胁薪械薪懈械	0.000276	3.912023	0.001078
褋褉械写懈蟹械屑薪芯屑芯褉褋泻邪褟	0.000276	0.127833	0.000035
褋褉械写薪械械	0.000276	3.218876	0.000887
褋褉芯褔薪芯	0.000276	3.218876	0.000887
褋褌邪泄谢	0.000276	4.605170	0.001269
褋褌邪薪芯胁懈褌褋褟	0.000551	3.506558	0.001933
褋褌邪薪褑懈懈	0.000276	3.912023	0.001078
褋褌邪褉褘械	0.000276	0.261365	0.000072
褋褌邪褌褜褞	0.000276	3.506558	0.000967
褋褌邪褌褜褟褏	0.000276	0.061875	0.000017
褋褌懈谢械	0.000276	0.116534	0.000032
褋褌懈谢褟	0.000276	0.116534	0.000032
褋褌芯谢	0.000551	0.105361	0.000058
褋褌芯谢邪	0.001654	0.116534	0.000193
褋褌芯谢褜泻芯	0.000276	2.040221	0.000562
褋褌芯褟褌褜	0.000276	3.912023	0.001078
褋褌褉芯懈褌械谢褜褋褌胁械	0.000276	0.040822	0.000011
褋褌褉芯懈褌械谢褜褋褌胁褍	0.000276	0.040822	0.000011
褋褌褉芯懈褌褜	0.000276	0.040822	0.000011
褋褌褉芯泄薪芯泄	0.000276	0.116534	0.000032
褋褌褉褍泄泻芯泄	0.000276	2.995732	0.000826
褋褌褉褍泻褌褍褉械	0.000276	3.218876	0.000887
褋褌褉褍泻褌褍褉褍	0.000276	3.912023	0.001078
褋褍斜锌褉芯写褍泻褌芯胁	0.001929	0.116534	0.000225
褋褍斜锌褉芯写褍泻褌褘	0.000827	0.116534	0.000096
褋褍写	0.000276	2.525729	0.000696
褋褍薪械谢懈	0.001103	2.207275	0.002434
褋褍锌	0.002756	0.040822	0.000113
褋褍锌邪	0.000276	0.040822	0.000011
褋褍锌械褉屑邪褉泻械褌邪褏	0.000276	3.912023	0.001078
褋褍锌褘	0.002756	0.040822	0.000113
褋褍褌芯泻	0.000276	2.525729	0.000696
褋褍褎谢械	0.000827	0.040822	0.000034
褋褍褏邪褉懈	0.000276	0.040822	0.000011
褋褍褕懈	0.000551	0.040822	0.000023
褋褔懈褌邪褞	0.000276	3.218876	0.000887
褋褘褉	0.001378	0.040822	0.000056
褋褘褉邪	0.001378	0.116534	0.000161
褋褘褉邪屑懈	0.000276	0.127833	0.000035
褋褘褉薪懈泻	0.000276	0.040822	0.000011
褋褘褉薪懈泻懈	0.000551	0.116534	0.000064
褋褘褉薪芯	0.000276	2.813411	0.000775
褋褘褉薪褘械	0.001103	0.040822	0.000045
褋褘褉褘械	0.000276	2.995732	0.000826
褋褘褌薪褘泄	0.000551	0.105361	0.000058
褋褘褔褍卸薪褘屑懈	0.000276	0.127833	0.000035
褋褝薪写胁懈褔懈	0.000276	0.127833	0.000035
褋褞褉锌褉懈蟹	0.000276	0.116534	0.000032
褌邪写卸懈泻褋泻邪褟	0.000276	0.116534	0.000032
褌邪泄褋泻邪褟	0.000276	0.116534	0.000032
褌邪泻懈褏	0.000276	1.660731	0.000458
褌邪泻芯谐芯	0.000551	1.078810	0.000595
褌邪褉械谢泻褍	0.000276	3.506558	0.000967
褌邪褉褌	0.000276	0.116534	0.000032
褌邪褉褌邪谢械褌泻懈	0.000551	0.040822	0.000023
褌邪褌邪褉褋泻邪褟	0.000276	0.116534	0.000032
褌胁械褉写褘泄	0.000551	0.562119	0.000310
褌胁芯懈	0.000551	0.116534	0.000064
褌胁芯褉懈	0.000276	0.116534	0.000032
褌胁芯褉芯谐	0.000551	0.040822	0.000023
褌胁芯褉芯谐芯屑	0.000276	0.105361	0.000029
褌胁芯褉芯卸薪芯械	0.000276	0.116534	0.000032
褌胁芯褉芯卸薪褘械	0.000551	0.116534	0.000064
褌胁芯褉芯卸薪褘泄	0.000276	0.116534	0.000032
褌械谢械谐褉邪屑	0.000276	0.040822	0.000011
褌械谢褟褌懈薪褘	0.001103	0.116534	0.000128
褌械屑	0.000276	0.967584	0.000267
褌械屑锌械褉邪褌褍褉薪芯屑	0.000276	4.605170	0.001269
褌械锌谢芯屑	0.000276	0.116534	0.000032
褌械褉褉邪褋芯泄	0.000551	0.798508	0.000440
褌械褉褉懈薪	0.000276	0.040822	0.000011
褌械褋褌	0.001378	0.127833	0.000176
褌械褋褌邪	0.001378	0.105361	0.000145
褌械褋褌芯	0.002481	0.040822	0.000101
褌械褏薪懈泻邪	0.001378	0.105361	0.000145
褌械褏薪芯谢芯谐懈褟	0.000276	4.605170	0.001269
褌械褔械薪懈械	0.000276	2.995732	0.000826
褌械褖懈薪	0.000276	0.040822	0.000011
褌屑	0.001103	0.127833	0.000141
褌芯屑	0.000827	1.171183	0.000968
褌芯屑邪褌薪邪褟	0.000551	1.560648	0.000860
褌芯薪泻芯泄	0.000276	2.302585	0.000635
褌芯锌谢械薪芯械	0.000276	0.116534	0.000032
褌芯褉褌	0.003308	0.040822	0.000135
褌芯褉褌褘	0.002481	0.116534	0.000289
褌褉邪胁褘	0.000276	0.105361	0.000029
褌褉邪写懈褑懈懈	0.000276	0.116534	0.000032
褌褉邪写懈褑懈泄	0.001103	0.116534	0.000128
褌褉邪写懈褑懈褟褏	0.000276	0.116534	0.000032
褌褉械褏谢械褌懈械屑	0.000276	0.116534	0.000032
褌褉懈	0.000276	1.386294	0.000382
褌褉褍斜芯褔泻懈	0.000276	0.040822	0.000011
褌褉褍写芯械屑泻邪褟	0.000276	4.605170	0.001269
褌褍薪懈褋褋泻邪褟	0.000276	0.116534	0.000032
褌褍薪褑芯屑	0.000276	0.116534	0.000032
褌褍褉械褑泻邪褟	0.000276	0.116534	0.000032
褌褘泻胁邪	0.000276	0.040822	0.000011
褌褟谐褍褔	0.000276	4.605170	0.001269
褍斜械写懈谢懈褋褜	0.000276	3.912023	0.001078
褍斜懈褉邪谢懈	0.000276	3.912023	0.001078
褍胁械写芯屑谢械薪懈褟	0.000276	0.040822	0.000011
褍胁械褉械薪邪	0.000551	1.272966	0.000702
褍谐芯写薪芯	0.000276	2.995732	0.000826
褍写邪褔薪邪褟	0.000276	0.116534	0.000032
褍写懈胁懈	0.000276	0.116534	0.000032
褍写懈胁谢褟泄褌械	0.001103	0.116534	0.000128
褍写芯胁芯谢褜褋褌胁懈械屑	0.000276	0.116534	0.000032
褍卸邪褋	0.001103	3.912023	0.004313
褍卸懈薪	0.001929	0.094311	0.000182
褍蟹斜械泻褋泻邪褟	0.000276	0.116534	0.000032
褍蟹薪邪胁	0.000276	4.605170	0.001269
褍泻邪蟹邪薪薪芯谐芯	0.000276	3.912023	0.001078
褍泻褉邪懈薪褋泻邪褟	0.000276	0.116534	0.000032
褍泻褉邪褋懈褌	0.000276	1.560648	0.000430
褍泻褉邪褕械薪懈褟	0.002205	0.116534	0.000257
褍泻褉芯锌	0.000551	0.562119	0.000310
褍泻褋褍褋	0.001654	0.634878	0.001050
褍屑芯锌芯屑褉邪褔懈褌械谢褜薪褘泄	0.000276	2.995732	0.000826
褍屑芯锌芯屑褉邪褔懈褌械谢褜薪褘屑	0.000276	2.302585	0.000635
褍锌芯褉薪芯	0.000276	3.912023	0.001078
褍锌芯褌褉械斜谢械薪懈械屑	0.000276	0.116534	0.000032
褍锌芯褌褉械斜谢褟褌褜	0.000276	2.525729	0.000696
褍褉邪	0.000276	2.120264	0.000584
褍褉邪谢褜褋泻邪褟	0.000276	0.116534	0.000032
褍褉芯卸邪泄	0.000276	0.105361	0.000029
褍褋谢芯胁懈褟褏	0.000276	1.771957	0.000488
褍褌泻懈	0.000827	0.116534	0.000096
褍褏邪	0.000276	0.040822	0.000011
褍褔邪褋褌胁芯胁邪褌褜	0.000276	0.040822	0.000011
褎邪蟹械薪写褘	0.000276	0.127833	0.000035
褎邪薪褌邪蟹懈懈	0.001654	0.116534	0.000193
褎邪薪褌邪蟹懈泄	0.000276	0.116534	0.000032
褎邪薪褌邪蟹懈褟	0.000276	0.116534	0.000032
褎邪褉褕邪	0.003583	0.040822	0.000146
褎邪褉褕懈褉芯胁邪薪薪邪褟	0.000551	0.116534	0.000064
褎邪褉褕懈褉芯胁邪薪薪芯械	0.000276	0.116534	0.000032
褎邪褉褕懈褉芯胁邪薪薪褘械	0.000551	0.040822	0.000023
褎邪褉褕懈褉芯胁邪薪薪褘泄	0.000276	0.040822	0.000011
褎邪褋芯谢械胁褘泄	0.000276	4.605170	0.001269
褎邪褋芯谢褜	0.001378	0.040822	0.000056
褎邪褋芯谢褜褞	0.000276	2.813411	0.000775
褎械胁褉邪谢褟	0.000827	0.105361	0.000087
褎械泄械褉胁械褉泻	0.000551	0.116534	0.000064
褎懈谐褍褉械	0.000276	0.116534	0.000032
褎懈薪褋泻邪褟	0.000276	0.116534	0.000032
褎懈褉屑械薪薪芯械	0.000276	0.116534	0.000032
褎芯薪写褞	0.000276	0.040822	0.000011
褎芯褉屑褘	0.000276	0.116534	0.000032
褎芯褉褍屑械	0.000551	0.040822	0.000023
褎芯褉褕屑邪泻	0.000276	0.040822	0.000011
褎褉邪薪褑懈懈	0.000276	0.116534	0.000032
褎褉邪薪褑褍蟹褋泻邪褟	0.000276	0.116534	0.000032
褎褉邪褍	0.001103	0.116534	0.000128
褎褉褍泻褌芯胁	0.001103	0.116534	0.000128
褎褉褍泻褌芯胁芯	0.000276	0.116534	0.000032
褎褉褍泻褌芯胁褘械	0.001929	0.040822	0.000079
褎褍写	0.000276	0.116534	0.000032
褎褍褉褕械褌	0.000276	0.116534	0.000032
褏邪谢胁邪	0.000276	0.040822	0.000011
褏邪褉胁械褋褌褎械褋褌	0.000551	0.116534	0.000064
褏邪褉褔芯	0.000551	0.040822	0.000023
褏邪褕	0.000276	0.040822	0.000011
褏胁邪褌邪谢芯	0.000276	4.605170	0.001269
褏胁芯褉芯褋褌	0.000276	0.040822	0.000011
褏懈薪泻邪谢懈	0.000276	0.116534	0.000032
褏懈褌	0.001929	0.116534	0.000225
褏谢械斜	0.001103	0.040822	0.000045
褏谢械斜芯锌械褔泻懈	0.000276	0.116534	0.000032
褏谢芯锌褜褟	0.000551	0.105361	0.000058
褏屑械谢懈	0.001103	2.207275	0.002434
褏芯蟹褟泄泻懈	0.000276	0.127833	0.000035
褏芯谢芯写械褑	0.000276	0.040822	0.000011
褏芯谢芯写懈谢褜薪懈泻械	0.000827	1.609438	0.001331
褏芯谢芯写薪芯屑	0.000276	2.525729	0.000696
褏芯谢芯写薪褘械	0.000551	0.116534	0.000064
褏芯谢芯写薪褘泄	0.000551	0.116534	0.000064
褏芯谢芯写薪褘屑	0.000276	3.912023	0.001078
褏芯褉胁邪褌褋泻邪褟	0.000276	0.116534	0.000032
褏芯褉芯褕懈屑	0.000276	3.912023	0.001078
褏芯褉芯褕芯	0.001378	0.105361	0.000145
褏芯褉褋	0.000276	0.116534	0.000032
褏芯褌械谢	0.000276	3.912023	0.001078
褏芯褌械谢芯褋褜	0.000276	2.407946	0.000664
褏芯褌懈褌械	0.000276	0.040822	0.000011
褏芯褍屑	0.000276	4.605170	0.001269
褏褉邪薪懈褌褋褟	0.000551	2.525729	0.001392
褏褍屑褍褋	0.000276	0.040822	0.000011
褑邪褉褋褌胁芯	0.000276	0.127833	0.000035
褑邪褉褜	0.000276	0.116534	0.000032
褑胁械褌	0.000276	2.302585	0.000635
褑胁械褌邪	0.000276	2.525729	0.000696
褑胁械褌薪邪褟	0.000276	0.040822	0.000011
褑械薪薪褘褏	0.000276	0.040822	0.000011
褑械薪褌褉	0.000276	0.116534	0.000032
褔邪械屑	0.000276	0.116534	0.000032
褔邪泄	0.000827	0.040822	0.000034
褔邪褋邪	0.000276	1.514128	0.000417
褔邪褋褌芯	0.000276	0.994252	0.000274
褔械斜褍褉械泻懈	0.000551	0.040822	0.000023
褔械谢芯胁械泻	0.000276	1.966113	0.000542
褔械谢芯胁械泻邪	0.000276	2.659260	0.000733
褔械褉泻懈蟹芯胁芯	0.000551	0.116534	0.000064
褔械褉薪褘泄	0.001654	0.371064	0.000614
褔械褋薪芯泻	0.002756	0.314711	0.000867
褔械褋薪芯褔薪褘泄	0.000276	1.660731	0.000458
褔械褋褌薪褘屑懈	0.000276	0.040822	0.000011
褔械褌泻芯	0.000276	4.605170	0.001269
褔械褔械胁懈褑邪	0.000276	0.040822	0.000011
褔械褕褋泻邪褟	0.000276	0.116534	0.000032
褔懈蟹泻械泄泻	0.001103	0.040822	0.000045
褔懈谢懈	0.000551	1.237874	0.000682
褔懈谢懈泄褋泻邪褟	0.000276	0.116534	0.000032
褔懈锌褋褘	0.000276	0.040822	0.000011
褔懈褋谢械	0.000276	2.207275	0.000608
褔懈褋谢褍	0.000276	0.261365	0.000072
褔懈褋褌芯械	0.000276	3.506558	0.000967
褔褍写械褋	0.000276	0.116534	0.000032
褔褍写芯	0.000276	1.309333	0.000361
褕邪胁械褉屑邪	0.000276	3.912023	0.001078
褕邪胁械褉屑褍	0.000276	3.912023	0.001078
褕邪胁械褉屑褘	0.000276	3.912023	0.001078
褕邪褉懈泻懈	0.000276	0.040822	0.000011
褕邪褉谢芯褌泻邪	0.000276	0.040822	0.000011
褕邪褉谢芯褌泻懈	0.000276	0.127833	0.000035
褕邪褉屑	0.000276	0.116534	0.000032
褕邪褕谢褘泻	0.003583	0.040822	0.000146
褕邪褕谢褘泻邪	0.000276	3.506558	0.000967
褕邪褕谢褘泻械	0.000276	4.605170	0.001269
褕邪褕谢褘泻懈	0.000276	0.040822	0.000011
褕胁械写褋泻邪褟	0.000276	0.116534	0.000032
褕胁械泄褑邪褉褋泻邪褟	0.000276	0.116534	0.000032
褕械写械胁褉褘	0.000276	0.116534	0.000032
褕械谢	0.000276	3.912023	0.001078
褕械褎	0.000551	0.127833	0.000070
褕懈锌褍褔泻邪	0.000276	0.040822	0.000011
褕懈褉芯泻邪褟	0.000276	0.127833	0.000035
褕泻芯谢褍	0.000276	0.116534	0.000032
褕芯泻芯谢邪写	0.000276	0.040822	0.000011
褕芯褌谢邪薪写褋泻邪褟	0.000276	0.116534	0.000032
褕锌懈薪邪褌	0.000551	3.506558	0.001933
褕褌褉褍写械谢褜	0.000276	0.040822	0.000011
褕褍褉锌邪	0.000276	0.040822	0.000011
褕褝褉芯薪	0.000276	4.605170	0.001269
褖邪褋	0.000276	0.116534	0.000032
褖械写褉邪褟	0.000276	0.116534	0.000032
褖懈	0.000551	0.040822	0.000023
褝泻芯屑懈谢泻	0.000276	0.127833	0.000035
褝泻褋锌械褉懈屑械薪褌懈褉芯胁邪谢懈	0.000276	3.912023	0.001078
褝褋褌芯薪褋泻邪褟	0.000276	0.116534	0.000032
褝褌芯谐芯	0.000827	0.415515	0.000344
褝褌芯屑	0.000276	0.843970	0.000233
褞谐邪	0.000276	4.605170	0.001269
褞谐芯褋谢邪胁褋泻邪褟	0.000276	0.116534	0.000032
褞谢懈褟	0.000276	2.813411	0.000775
褟谐芯写薪褘械	0.000551	0.116534	0.000064
褟谐芯写薪褘泄	0.000827	0.116534	0.000096
褟蟹褘泻	0.000276	0.040822	0.000011
褟懈褑	0.001378	0.116534	0.000161
褟懈褔薪褘泄	0.000551	1.049822	0.000579
褟泄褑	0.000276	2.995732	0.000826
褟泄褑邪	0.000551	0.040822	0.000023
褟泄褑芯	0.002205	0.261365	0.000576
褟薪胁邪褉褟	0.000551	0.733969	0.000405
褟薪写械泻褋	0.000276	0.072571	0.000020
褟薪褌邪褉薪芯谐芯	0.000276	4.605170	0.001269
褟锌芯薪褋泻邪褟	0.000276	0.116534	0.000032
褟锌芯薪褋泻芯泄	0.000276	0.061875	0.000017
褟褉泻懈械	0.000276	0.116534	0.000032
褟褉泻懈褏	0.000276	4.605170	0.001269
褟褉泻芯	0.000551	0.105361	0.000058
褟褉屑邪褉泻邪褏	0.000276	4.605170	0.001269
