褌芯泻械薪	TF	IDF	TF-IDF
邪斜褏邪蟹褋泻邪褟	0.000300	0.116534	0.000035
邪胁褋褌褉邪谢懈泄褋泻邪褟	0.000300	0.116534	0.000035
邪胁褋褌褉懈泄褋泻邪褟	0.000300	0.116534	0.000035
邪胁褌芯泻谢邪胁邪	0.000300	0.116534	0.000035
邪胁褌芯褉邪屑	0.000300	0.040822	0.000012
邪谐褉芯	0.000300	0.116534	0.000035
邪写卸懈泻邪	0.001198	0.040822	0.000049
邪写卸懈泻芯泄	0.000300	4.605170	0.001380
邪写褘谐械泄褋泻邪褟	0.000300	4.605170	0.001380
邪蟹械褉斜邪泄写卸邪薪褋泻邪褟	0.000300	0.116534	0.000035
邪蟹懈邪褌褋泻邪褟	0.000300	0.127833	0.000038
邪蟹褘	0.000300	0.127833	0.000038
邪泄褉邪薪	0.000300	0.040822	0.000012
邪泻胁邪褌懈泻邪	0.000899	0.127833	0.000115
邪谢械泻褋械泄	0.000300	4.605170	0.001380
邪谢械泻褋械褟	0.000300	0.127833	0.000038
邪谢泻芯谐芯谢褜	0.000599	0.116534	0.000070
邪谢泻芯谐芯谢褜薪褘械	0.000300	0.116534	0.000035
邪谢泻芯谐芯谢褟	0.000300	0.116534	0.000035
邪谢褜褟薪褋	0.000300	0.116534	0.000035
邪屑械褉懈泻邪薪褋泻邪褟	0.000300	0.116534	0.000035
邪薪邪薪邪褋	0.000599	2.995732	0.001795
邪薪邪薪邪褋邪屑懈	0.000300	4.605170	0.001380
邪薪邪薪邪褋芯胁	0.000300	3.912023	0.001172
邪薪谐谢懈泄褋泻邪褟	0.000300	0.116534	0.000035
邪薪写褉械褟	0.000300	0.127833	0.000038
邪锌械谢褜褋懈薪	0.000599	3.912023	0.002344
邪锌械谢褜褋懈薪芯胁褘泄	0.000599	3.506558	0.002101
邪锌锌械褌懈褌薪芯	0.000300	3.506558	0.001050
邪褉邪斜褋泻邪褟	0.000300	0.116534	0.000035
邪褉谐械薪褌懈薪褋泻邪褟	0.000300	0.116534	0.000035
邪褉屑褟薪褋泻邪褟	0.000300	0.116534	0.000035
邪褉芯屑邪褌薪芯泄	0.000300	3.218876	0.000964
邪褉芯屑邪褌薪芯屑	0.000300	4.605170	0.001380
邪褉芯屑邪褌薪褘械	0.000300	2.207275	0.000661
邪褉芯屑邪褌薪褘泄	0.000300	2.207275	0.000661
邪褉芯屑邪褌薪褘屑	0.000300	2.407946	0.000721
邪褋褋芯褉褌懈	0.001198	0.116534	0.000140
邪褌谢邪薪褌	0.000300	0.127833	0.000038
邪褎谐邪薪褋泻邪褟	0.000300	0.116534	0.000035
邪褎褉懈泻邪薪褋泻邪褟	0.000300	0.116534	0.000035
邪褝褉芯谐褉懈谢械	0.002996	0.116534	0.000349
斜邪泻谢邪卸邪薪褘	0.000300	0.040822	0.000012
斜邪谢褌泻芯屑	0.000300	0.127833	0.000038
斜邪褉邪薪懈薪褘	0.001198	0.116534	0.000140
斜邪褉褏邪褌懈褋褌芯泄	0.000300	4.605170	0.001380
斜邪褋屑邪褌懈	0.000599	0.127833	0.000077
斜邪褋褌褍褉屑邪	0.000300	0.040822	0.000012
斜邪褌邪褌	0.000899	4.605170	0.004139
斜邪褌芯薪褔懈泻懈	0.000300	0.127833	0.000038
斜邪褕泻懈褉褋泻邪褟	0.000300	0.116534	0.000035
斜械蟹邪谢泻芯谐芯谢褜薪褘械	0.000300	0.116534	0.000035
斜械蟹谐谢褞褌械薪芯胁褘械	0.000300	0.116534	0.000035
斜械蟹械	0.001198	0.040822	0.000049
斜械泻芯薪	0.001498	1.966113	0.002945
斜械谢械斜械械胁褋泻懈泄	0.000599	0.116534	0.000070
斜械谢芯褉褍褋褋泻邪褟	0.000300	0.116534	0.000035
斜械谢褜谐懈泄褋泻邪褟	0.000300	0.116534	0.000035
斜械褉械屑械薪薪褘褏	0.000300	0.116534	0.000035
斜械褉懈褌械	0.000300	3.218876	0.000964
斜械褋械写懈薪邪	0.000300	0.127833	0.000038
斜懈褋泻胁懈褌	0.000300	0.040822	0.000012
斜懈褋泻胁懈褌薪芯械	0.000599	0.116534	0.000070
斜懈褋泻胁懈褌薪褘泄	0.000300	0.105361	0.000032
斜懈褋泻胁懈褌褘	0.000300	0.127833	0.000038
斜谢懈卸械	0.000300	0.116534	0.000035
斜谢懈蟹泻懈褏	0.000300	0.116534	0.000035
斜谢懈薪薪芯谐芯	0.000300	3.912023	0.001172
斜谢懈薪薪褘泄	0.000300	2.813411	0.000843
斜谢懈薪芯胁	0.000599	0.116534	0.000070
斜谢懈薪褔懈泻邪屑懈	0.000300	3.506558	0.001050
斜谢懈薪褘	0.001198	0.040822	0.000049
斜谢褞写	0.000599	0.094311	0.000057
斜谢褞写邪	0.032654	0.040822	0.001333
斜谢褞写芯	0.002097	0.040822	0.000086
斜谢褞写褍	0.000300	0.116534	0.000035
斜芯斜芯胁褘械	0.000599	0.127833	0.000077
斜芯斜芯胁褘褏	0.002097	0.116534	0.000244
斜芯谢谐邪褉褋泻邪褟	0.000300	0.116534	0.000035
斜芯谢谐邪褉褋泻懈泄	0.001498	0.843970	0.001264
斜芯谢褜褕械	0.000899	0.105361	0.000095
斜芯褉褖	0.000599	0.040822	0.000024
斜芯褌胁懈薪褜褟	0.000300	0.040822	0.000012
斜褉邪蟹懈谢褜褋泻邪褟	0.000300	0.116534	0.000035
斜褉邪褍蟹械褉械	0.000300	0.040822	0.000012
斜褉邪褍薪懈	0.000300	0.040822	0.000012
斜褉械褋褌	0.000300	0.127833	0.000038
斜褉芯泻泻芯谢懈	0.000300	0.040822	0.000012
斜褍写械褌械	0.000300	2.302585	0.000690
斜褍写薪懈褔薪芯谐芯	0.000300	4.605170	0.001380
斜褍写褍	0.000300	1.427116	0.000428
斜褍卸械薪懈薪邪	0.000300	0.040822	0.000012
斜褍谢芯褔泻邪屑懈	0.000300	0.116534	0.000035
斜褍谢芯褔泻懈	0.001198	0.040822	0.000049
斜褍谢褜芯薪	0.002097	0.040822	0.000086
斜褍谢褜芯薪褘	0.001198	0.116534	0.000140
斜褍褉谐械褉	0.000300	0.040822	0.000012
斜褍褉谐械褉褘	0.000300	0.127833	0.000038
斜褍褉褟褌褋泻邪褟	0.000300	0.116534	0.000035
斜褍褌械褉斜褉芯写	0.000599	0.116534	0.000070
斜褍褌械褉斜褉芯写褘	0.000599	0.040822	0.000024
斜褍褌褘谢泻械	0.000300	2.813411	0.000843
斜褘褋褌褉芯	0.000899	0.094311	0.000085
斜褘褋褌褉芯泄	0.000300	0.116534	0.000035
斜褘褋褌褉褘泄	0.000599	0.105361	0.000063
胁邪卸薪褘械	0.000300	0.116534	0.000035
胁邪谢谢懈泄褋泻邪褟	0.000300	0.116534	0.000035
胁邪薪懈谢懈薪	0.001198	1.609438	0.001929
胁邪薪懈谢褜薪褘泄	0.000599	1.427116	0.000855
胁邪褉械薪懈泻懈	0.000300	0.116534	0.000035
胁邪褉械薪褜械	0.000599	0.040822	0.000024
胁邪褌褉褍褕泻懈	0.000300	0.040822	0.000012
胁邪褎谢懈	0.000599	0.040822	0.000024
胁邪褕械泄	0.000599	0.040822	0.000024
胁邪褕懈褏	0.000300	2.040221	0.000611
胁胁芯写褟	0.000300	0.040822	0.000012
胁写芯褏薪芯胁械薪懈械	0.001198	0.116534	0.000140
胁写芯褏薪芯胁械薪懈械屑	0.000599	0.116534	0.000070
胁写芯褏薪芯胁谢褟泄褋褟	0.000300	0.116534	0.000035
胁械谐械褌邪褉懈邪薪褋泻懈械	0.000300	0.127833	0.000038
胁械谐械褌邪褉懈邪薪褋泻芯械	0.000300	0.116534	0.000035
胁械谢懈泻懈泄	0.000300	0.116534	0.000035
胁械薪谐械褉褋泻邪褟	0.000300	0.116534	0.000035
胁械褋械薪薪懈械	0.000300	0.051293	0.000015
胁械褋薪邪	0.001498	0.116534	0.000175
胁械褋薪褘	0.000300	0.116534	0.000035
胁械褌褔懈薪邪	0.000599	1.469676	0.000881
胁械褌褔懈薪芯泄	0.000599	2.813411	0.001686
胁械褌褔懈薪褘	0.000300	0.105361	0.000032
胁蟹褟褌褜	0.000599	2.207275	0.001323
胁懈写械芯	0.001498	0.116534	0.000175
胁懈薪芯	0.000599	0.040822	0.000024
胁懈薪褍	0.000599	3.506558	0.002101
胁泻褍褋	0.001198	0.105361	0.000126
胁泻褍褋邪	0.002696	0.116534	0.000314
胁泻褍褋薪邪褟	0.001198	0.061875	0.000074
胁泻褍褋薪械械	0.000599	0.116534	0.000070
胁泻褍褋薪械泄	0.000300	0.116534	0.000035
胁泻褍褋薪芯	0.001498	0.094311	0.000141
胁泻褍褋薪芯械	0.000300	0.994252	0.000298
胁泻褍褋薪褘械	0.000599	0.105361	0.000063
胁泻褍褋薪褘泄	0.000599	0.385662	0.000231
胁泻褍褋芯屑	0.000599	0.105361	0.000063
胁谢褞斜谢械薪薪褘褏	0.000300	0.116534	0.000035
胁薪邪褔邪谢械	0.000599	0.248461	0.000149
胁芯	0.000300	0.061875	0.000019
胁芯写邪	0.000599	0.287682	0.000172
胁芯写械	0.000300	0.105361	0.000032
胁芯蟹写褍褕薪褘泄	0.000300	2.207275	0.000661
胁芯泄褌懈	0.000300	0.000000	0.000000
胁芯谢芯胁邪薪褘	0.000300	0.116534	0.000035
胁芯谢褕械斜薪褘械	0.000300	0.116534	0.000035
胁芯谢褕械斜褋褌胁芯	0.000300	0.116534	0.000035
胁芯锌褉芯褋褘	0.000300	0.000000	0.000000
胁芯褋褌芯褉谐械	0.000300	1.469676	0.000440
胁芯褋褌芯褔薪邪褟	0.000300	0.127833	0.000038
胁褉械屑械薪邪	0.000300	0.116534	0.000035
胁褉械屑械薪械屑	0.001797	0.116534	0.000209
胁褋械谐芯	0.000599	0.186330	0.000112
胁褋械泄	0.000899	0.105361	0.000095
胁褋械屑褍	0.000300	0.061875	0.000019
胁褋锌芯屑薪懈褌褜	0.000300	0.040822	0.000012
胁褌芯褉芯械	0.000300	0.116534	0.000035
胁褌芯褉褘械	0.000300	0.127833	0.000038
胁褏芯写	0.000899	0.030459	0.000027
胁褏芯写懈褌	0.000300	3.506558	0.001050
胁褘谐谢褟写懈褌	0.000599	2.120264	0.001270
胁褘泄褌懈	0.000300	0.040822	0.000012
胁褘锌械褔泻邪	0.003895	0.040822	0.000159
胁褘锌械褔泻懈	0.002097	0.072571	0.000152
胁褘锌械褔泻芯泄	0.000300	0.116534	0.000035
胁褜械褌薪邪屑褋泻邪褟	0.000300	0.116534	0.000035
谐邪胁邪泄褋泻邪褟	0.000300	0.116534	0.000035
谐邪褉薪懈褉	0.001498	0.040822	0.000061
谐邪褋锌邪褔芯	0.000300	0.040822	0.000012
谐械芯谐褉邪褎懈褟	0.000300	0.116534	0.000035
谐谢邪胁薪褘泄	0.000300	0.040822	0.000012
谐谢邪蟹褍褉褜	0.000899	0.040822	0.000037
谐谢懈薪褌胁械泄薪	0.000300	0.040822	0.000012
谐芯胁褟写懈薪褍	0.000300	4.605170	0.001380
谐芯胁褟写懈薪褘	0.001198	0.116534	0.000140
谐芯写	0.002996	0.105361	0.000316
谐芯写邪	0.002397	0.248461	0.000595
谐芯谢谢邪薪写褋泻邪褟	0.000300	0.116534	0.000035
谐芯褉芯写邪	0.000300	0.116534	0.000035
谐芯褉芯褏	0.000300	0.116534	0.000035
谐芯褉褔懈褑邪	0.000599	0.040822	0.000024
谐芯褉褔懈褑邪屑懈	0.000300	0.127833	0.000038
谐芯褉褕芯褔泻邪褏	0.000300	0.105361	0.000032
谐芯褉褕芯褔泻械	0.000300	0.040822	0.000012
谐芯褉褟褔邪褟	0.000300	4.605170	0.001380
谐芯褉褟褔械械	0.000599	0.116534	0.000070
谐芯褉褟褔懈械	0.013781	0.105361	0.001452
谐芯褉褟褔懈泄	0.000599	0.116534	0.000070
谐芯褋褌械泄	0.000300	1.272966	0.000381
谐芯褋褌懈	0.000599	0.116534	0.000070
谐芯褌芯胁懈屑	0.002097	0.094311	0.000198
谐芯褌芯胁懈褌褋褟	0.000899	0.478036	0.000430
谐芯褌芯胁懈褌褜	0.002097	0.105361	0.000221
谐芯褌芯胁谢褞	0.000300	1.049822	0.000315
谐芯褌芯胁褜	0.000599	0.116534	0.000070
谐芯褌芯胁褟褌	0.000300	0.116534	0.000035
谐褉械薪泻懈	0.000599	0.040822	0.000024
谐褉械褔械褋泻邪褟	0.000300	0.116534	0.000035
谐褉械褔泻邪	0.000300	0.040822	0.000012
谐褉懈斜	0.000599	3.912023	0.002344
谐褉懈斜邪屑懈	0.001198	0.105361	0.000126
谐褉懈斜薪褘械	0.000599	0.040822	0.000024
谐褉懈斜芯胁	0.001198	0.116534	0.000140
谐褉懈斜褘	0.000899	0.040822	0.000037
谐褉懈谢械	0.001498	0.116534	0.000175
谐褉懈谢褜	0.000300	0.116534	0.000035
谐褉懈谢褜屑邪薪懈褟	0.000300	0.116534	0.000035
谐褉懈谢褟	0.001198	0.116534	0.000140
谐褉芯谐	0.000300	0.040822	0.000012
谐褉褍写泻邪	0.000599	1.108663	0.000664
谐褉褍写泻懈	0.000599	2.525729	0.001513
谐褉褍蟹懈薪褋泻邪褟	0.000300	0.116534	0.000035
谐褉褍锌锌褘	0.000300	0.061875	0.000019
谐褍褉屑邪薪懈褟	0.001797	0.116534	0.000209
谐褍褉屑邪薪褘	0.000300	3.506558	0.001050
谐褍褉屑械	0.000300	0.127833	0.000038
谐褍褋褟	0.000599	0.105361	0.000063
写邪胁邪泄褌械	0.000300	3.218876	0.000964
写邪械褌	0.000300	0.040822	0.000012
写邪薪薪褘械	0.000300	0.040822	0.000012
写邪褉褘	0.000300	0.116534	0.000035
写邪褌械	0.000599	0.248461	0.000149
写邪褌褋泻邪褟	0.000300	0.116534	0.000035
写邪褔薪芯械	0.000899	0.116534	0.000105
写械泻邪斜褉褟	0.002397	0.597837	0.001433
写械泻芯褉	0.000300	0.127833	0.000038
写械谢邪械褌	0.000599	0.116534	0.000070
写械谢懈屑褋褟	0.000300	0.040822	0.000012
写械谢芯屑	0.000300	0.116534	0.000035
写械薪褜	0.000899	0.083382	0.000075
写械褋械褉褌	0.001198	0.116534	0.000140
写械褋械褉褌邪褑懈褟	0.000300	0.116534	0.000035
写械褋械褉褌薪褘械	0.000300	0.116534	0.000035
写械褋械褉褌褘	0.005992	0.040822	0.000245
写械褌械泄	0.000300	0.116534	0.000035
写卸械屑	0.000300	0.040822	0.000012
写蟹械薪	0.000300	0.116534	0.000035
写懈械褌邪	0.000300	0.116534	0.000035
写懈械褌褘	0.000300	0.116534	0.000035
写懈泻懈泄	0.000599	0.116534	0.000070
写懈泻芯谐芯	0.000300	0.116534	0.000035
写懈锌	0.000300	0.116534	0.000035
写懈褔懈	0.000599	0.116534	0.000070
写懈褔褜	0.000300	0.116534	0.000035
写薪械胁薪懈泻邪褏	0.000300	0.061875	0.000019
写薪械泄	0.000899	0.116534	0.000105
写薪褟	0.000300	0.040822	0.000012
写芯斜邪胁懈褌褜	0.000300	1.514128	0.000454
写芯斜邪胁谢械薪懈褟屑	0.000300	0.274437	0.000082
写芯斜邪胁谢褟泄褌械	0.000300	4.605170	0.001380
写芯斜邪胁谢褟褌褜	0.000300	0.040822	0.000012
写芯斜邪胁褜	0.000300	0.116534	0.000035
写芯斜褉芯褎谢芯褌	0.000300	0.127833	0.000038
写芯胁械褉褟械褕褜	0.000300	0.116534	0.000035
写芯屑	0.002696	0.040822	0.000110
写芯屑邪褕薪械械	0.000899	0.040822	0.000037
写芯屑邪褕薪懈械	0.000599	0.040822	0.000024
写芯屑邪褕薪懈泄	0.001498	0.116534	0.000175
写芯屑邪褕薪褟褟	0.000599	0.105361	0.000063
写芯屑芯胁	0.000300	0.040822	0.000012
写芯褋褌芯懈薪褋褌胁褍	0.000300	4.605170	0.001380
写褉邪泄胁	0.001498	0.127833	0.000191
写褉芯卸卸械胁芯械	0.000300	0.116534	0.000035
写褉褍谐懈屑懈	0.000300	0.040822	0.000012
写褍褏芯胁泻邪	0.001198	0.127833	0.000153
写褍褏芯胁泻懈	0.000599	2.659260	0.001593
写褍褕懈	0.000899	0.105361	0.000095
械胁褉械泄褋泻邪褟	0.000300	0.116534	0.000035
械谐懈锌械褌褋泻邪褟	0.000300	0.116534	0.000035
械写懈薪褘泄	0.000300	0.040822	0.000012
械泻芯	0.000300	0.127833	0.000038
卸邪褉械薪褘屑	0.000300	3.912023	0.001172
卸邪褉泻芯械	0.000300	0.040822	0.000012
卸械谢邪械屑褘械	0.000300	1.469676	0.000440
卸械谢械	0.000899	0.040822	0.000037
卸械谢褌泻邪褏	0.000300	3.912023	0.001172
卸械薪褋泻邪褟	0.000300	0.127833	0.000038
卸械薪褋泻芯屑	0.000300	0.061875	0.000019
卸械薪褖懈薪褘	0.000599	0.116534	0.000070
卸懈蟹薪懈	0.000300	0.040822	0.000012
卸懈蟹薪褜	0.000300	0.116534	0.000035
卸褍谢褜械薪	0.000300	0.040822	0.000012
卸褍褉薪邪谢邪	0.000300	0.127833	0.000038
卸褞谢褜械薪	0.000300	0.040822	0.000012
蟹邪胁邪褉薪芯械	0.000300	0.116534	0.000035
蟹邪胁邪褉薪芯泄	0.000300	0.116534	0.000035
蟹邪胁褌褉邪泻	0.002097	0.094311	0.000198
蟹邪胁褌褉邪泻懈	0.000300	0.127833	0.000038
蟹邪胁褢褉薪褍褌褘械	0.000300	4.605170	0.001380
蟹邪谐芯褌芯胁泻懈	0.001198	0.040822	0.000049
蟹邪写邪胁邪褌褜	0.000300	0.040822	0.000012
蟹邪泄褑邪	0.000599	0.116534	0.000070
蟹邪泻胁邪褋泻邪	0.000300	0.040822	0.000012
蟹邪泻胁邪褋泻邪屑懈	0.000300	0.116534	0.000035
蟹邪泻胁邪褋芯泻	0.000300	0.127833	0.000038
蟹邪泻褉褘褌褘泄	0.000300	0.116534	0.000035
蟹邪泻褍褋泻邪	0.000899	1.347074	0.001211
蟹邪泻褍褋泻懈	0.006591	0.040822	0.000269
蟹邪泻褍褋泻褍	0.001498	0.116534	0.000175
蟹邪泻褍褋芯薪褔懈泻	0.000300	0.116534	0.000035
蟹邪泻褍褋芯褔泻邪	0.000300	0.116534	0.000035
蟹邪泻褍褋芯褔薪褘械	0.003295	0.116534	0.000384
蟹邪泻褍褋芯褔薪褘泄	0.000599	2.120264	0.001270
蟹邪谢懈胁薪芯械	0.000599	0.040822	0.000024
蟹邪屑芯褉芯蟹泻邪	0.000300	0.105361	0.000032
蟹邪锌邪写	0.000300	0.116534	0.000035
蟹邪锌械泻邪薪泻邪	0.002097	0.105361	0.000221
蟹邪锌械泻邪薪泻懈	0.002696	0.040822	0.000110
蟹邪锌褉邪胁泻邪	0.000899	0.040822	0.000037
蟹邪褉械谐懈褋褌褉懈褉芯胁邪胁褕懈褋褜	0.000300	0.040822	0.000012
蟹邪褉械谐懈褋褌褉懈褉芯胁邪褌褜褋褟	0.000300	0.030459	0.000009
蟹邪褋芯谢泻邪	0.000300	0.116534	0.000035
蟹胁邪薪褘泄	0.000300	0.127833	0.000038
蟹胁械蟹写邪	0.000300	0.127833	0.000038
蟹胁褢蟹写薪褘械	0.000300	0.116534	0.000035
蟹写芯褉芯胁芯械	0.000300	0.116534	0.000035
蟹写芯褉芯胁褘泄	0.000300	0.116534	0.000035
蟹械谢械薪褜	0.000899	0.094311	0.000085
蟹械褎懈褉	0.000300	0.040822	0.000012
蟹懈屑薪懈械	0.000300	0.051293	0.000015
蟹懈屑褍	0.001198	0.040822	0.000049
蟹薪邪泻芯屑褘械	0.000300	2.813411	0.000843
蟹芯谢芯褌邪褟	0.000300	0.116534	0.000035
懈胁邪薪芯胁邪	0.000300	0.127833	0.000038
懈写械邪谢械薪	0.000300	4.605170	0.001380
懈写械邪谢褜薪邪褟	0.000300	0.116534	0.000035
懈写械邪谢褜薪芯	0.000599	1.514128	0.000907
懈写械邪谢褜薪芯谐芯	0.001498	0.116534	0.000175
懈写械邪谢褜薪芯械	0.000300	0.116534	0.000035
懈写械邪谢褜薪褘褏	0.000300	3.912023	0.001172
懈写械泄泻懈	0.000300	0.116534	0.000035
懈蟹写械谢懈褟	0.001198	0.116534	0.000140
懈蟹写械谢懈褟屑懈	0.000899	0.116534	0.000105
懈泻褉邪	0.000899	0.040822	0.000037
懈屑械薪械屑	0.000300	0.040822	0.000012
懈薪胁械褉褌芯褉薪芯泄	0.000300	0.127833	0.000038
懈薪谐褉械写懈械薪褌邪屑	0.000300	1.469676	0.000440
懈薪谐褉械写懈械薪褌芯胁	0.000300	1.771957	0.000531
懈薪谐褉械写懈械薪褌褘	0.009886	0.139262	0.001377
懈薪写械泄泻懈	0.001498	0.094311	0.000141
懈薪写械泄泻芯泄	0.000300	0.116534	0.000035
懈薪写懈泄褋泻邪褟	0.000300	0.116534	0.000035
懈薪写懈谢邪泄褌	0.000899	0.116534	0.000105
懈薪写懈褉械褋薪褘械	0.000300	0.116534	0.000035
懈薪褋褌褉褍泻褑懈褟屑懈	0.000300	0.040822	0.000012
懈褉邪泻褋泻邪褟	0.000300	0.116534	0.000035
懈褉邪薪褋泻邪褟	0.000300	0.116534	0.000035
懈褉谢邪薪写褋泻邪褟	0.000300	0.116534	0.000035
懈褋泻谢褞褔懈褌褜	0.000300	1.469676	0.000440
懈褋泻褉械薪薪械	0.000300	0.116534	0.000035
懈褋谢邪薪写褋泻邪褟	0.000300	0.116534	0.000035
懈褋锌邪薪褋泻邪褟	0.000300	0.116534	0.000035
懈褋锌械泻懈	0.000300	0.116534	0.000035
懈褋锌芯谢褜蟹芯胁邪褌褜	0.000300	1.514128	0.000454
懈褋褌芯褉懈懈	0.001498	0.116534	0.000175
懈褋褌芯褉懈褞	0.000300	0.116534	0.000035
懈褌邪谢懈懈	0.000599	0.105361	0.000063
懈褌邪谢褜褟薪褋泻邪褟	0.000300	0.116534	0.000035
泄芯谐褍褉褌	0.000899	0.040822	0.000037
泻邪斜邪褔泻懈	0.000300	0.040822	0.000012
泻邪胁泻邪蟹褋泻邪褟	0.000300	0.116534	0.000035
泻邪卸写芯屑	0.000300	2.525729	0.000757
泻邪蟹邪薪械	0.000300	0.116534	0.000035
泻邪蟹邪褏褋泻邪褟	0.000300	0.116534	0.000035
泻邪泻邪芯	0.000599	0.040822	0.000024
泻邪谢械泄写芯褋泻芯锌	0.001198	0.116534	0.000140
泻邪谢屑褘褑泻邪褟	0.000300	0.116534	0.000035
泻邪谢褜屑邪褉	0.000300	0.040822	0.000012
泻邪屑械褉邪	0.000300	0.116534	0.000035
泻邪薪邪写褋泻邪褟	0.000300	0.116534	0.000035
泻邪薪邪谢	0.000599	0.040822	0.000024
泻邪薪邪谢械	0.000300	0.040822	0.000012
泻邪薪邪锌械	0.000599	0.040822	0.000024
泻邪锌褍褋褌邪	0.000599	0.040822	0.000024
泻邪锌褍褋褌薪褟泻	0.000300	0.040822	0.000012
泻邪锌褍褋褌褘	0.000300	0.040822	0.000012
泻邪褉邪屑械谢褜	0.000300	0.040822	0.000012
泻邪褉泻邪褋薪褘泄	0.001198	0.116534	0.000140
泻邪褉褉芯谢谢褌芯薪	0.000300	3.506558	0.001050
泻邪褉褌芯褎械谢械屑	0.000599	2.813411	0.001686
泻邪褉褌芯褎械谢褜	0.001797	0.040822	0.000073
泻邪褉褌芯褎械谢褜薪邪褟	0.000599	2.995732	0.001795
泻邪褉褌芯褎械谢褜薪芯械	0.000300	0.040822	0.000012
泻邪褉褌芯褎械谢褜薪芯泄	0.000300	4.605170	0.001380
泻邪褉褌芯褎械谢褜薪褘泄	0.000300	0.116534	0.000035
泻邪褉褌芯褎械谢褟	0.000300	1.897120	0.000568
泻邪褉褌芯褕泻邪	0.000599	0.040822	0.000024
泻邪褌械谐芯褉懈懈	0.000300	0.116534	0.000035
泻邪褌械谐芯褉懈褟	0.004494	0.150823	0.000678
泻邪褔械褋褌胁芯	0.000300	0.116534	0.000035
泻邪褕邪	0.000300	0.040822	0.000012
泻邪褕懈	0.001498	0.105361	0.000158
泻邪褕褍	0.000300	0.094311	0.000028
泻胁邪褋	0.000899	0.040822	0.000037
泻胁邪褋薪芯械	0.000899	0.116534	0.000105
泻胁邪褋芯屑	0.000300	0.127833	0.000038
泻械泻褋	0.000300	0.040822	0.000012
泻械泻褋褘	0.000599	0.116534	0.000070
泻械褎懈褉	0.000300	0.040822	0.000012
泻懈屑褔懈	0.000300	0.040822	0.000012
泻懈薪芯邪	0.000599	0.127833	0.000077
泻懈薪芯谢械薪褌邪	0.000300	0.116534	0.000035
泻懈褋械谢褜	0.000599	0.040822	0.000024
泻懈褌邪泄褋泻邪褟	0.000300	0.116534	0.000035
泻谢邪褋褋	0.002397	0.116534	0.000279
泻谢邪褋褋懈褔械褋泻懈泄	0.000300	1.897120	0.000568
泻谢邪褋褋褘	0.000300	0.116534	0.000035
泻薪懈谐褍	0.000599	0.040822	0.000024
泻芯泻褌械泄谢懈	0.000300	0.127833	0.000038
泻芯泻褌械泄谢褜	0.001498	0.040822	0.000061
泻芯谢斜邪褋邪	0.000300	0.040822	0.000012
泻芯谢斜邪褋薪褘屑懈	0.000899	0.116534	0.000105
泻芯屑邪薪写邪	0.000599	0.127833	0.000077
泻芯屑懈	0.000300	0.116534	0.000035
泻芯屑屑械薪褌邪褉懈械胁	0.000300	0.223144	0.000067
泻芯屑锌邪薪懈泄	0.000300	0.105361	0.000032
泻芯屑锌芯褌	0.000899	0.040822	0.000037
泻芯薪械褔薪芯	0.000599	0.527633	0.000316
泻芯薪懈薪褘	0.000300	0.116534	0.000035
泻芯薪泻褍褉褋	0.064110	0.105361	0.006755
泻芯薪泻褍褉褋邪	0.000300	0.116534	0.000035
泻芯薪泻褍褉褋邪褏	0.000300	0.040822	0.000012
泻芯薪泻褍褉褋薪褘械	0.000300	0.127833	0.000038
泻芯薪褋械褉胁懈褉芯胁邪薪懈械	0.000300	0.040822	0.000012
泻芯薪褋械褉胁懈褉芯胁邪薪薪邪褟	0.000300	0.116534	0.000035
泻芯薪褋械褉胁懈褉芯胁邪薪薪芯械	0.000300	0.116534	0.000035
泻芯薪褋械褉胁懈褉芯胁邪薪薪褘械	0.000599	0.116534	0.000070
泻芯薪褋械褉胁懈褉芯胁邪薪薪褘泄	0.000300	0.116534	0.000035
泻芯薪褎械褌褌懈	0.000300	0.116534	0.000035
泻芯薪褎械褌褘	0.000899	0.040822	0.000037
泻芯薪褎懈写械薪褑懈邪谢褜薪芯褋褌懈	0.000300	0.040822	0.000012
泻芯薪褎懈褌褞褉	0.000300	0.040822	0.000012
泻芯锌褔械薪邪褟	0.000599	3.506558	0.002101
泻芯锌褔械薪芯褋褌褟屑懈	0.000599	0.116534	0.000070
泻芯褉械泄褋泻邪褟	0.000300	0.116534	0.000035
泻芯褉械泄褋泻懈	0.000300	0.040822	0.000012
泻芯褉卸械泄	0.000300	4.605170	0.001380
泻芯褉卸懈泻懈	0.000300	0.040822	0.000012
泻芯褉懈邪薪写褉	0.001198	1.469676	0.001761
泻芯褉屑褟褖懈褏	0.000300	0.116534	0.000035
泻芯褌谢械褌褘	0.000300	0.040822	0.000012
泻芯褌芯褉芯屑褍	0.000300	0.116534	0.000035
泻芯褌芯褉褍褞	0.000300	1.966113	0.000589
泻芯褎械	0.000599	0.040822	0.000024
泻褉邪褋懈胁褍褞	0.000300	3.912023	0.001172
泻褉邪褋泻懈	0.000300	0.116534	0.000035
泻褉邪褋薪褘泄	0.000599	1.171183	0.000702
泻褉邪褏屑邪谢	0.001198	0.891598	0.001068
泻褉械邪褌懈胁	0.000300	0.127833	0.000038
泻褉械屑	0.000599	0.040822	0.000024
泻褉械屑邪	0.000599	0.116534	0.000070
泻褉械屑芯屑	0.000300	2.659260	0.000797
泻褉械锌泻懈泄	0.000300	0.116534	0.000035
泻褉芯谢懈泻邪	0.000599	0.116534	0.000070
泻褉芯屑械	0.000300	0.061875	0.000019
泻褉芯褏懈	0.000300	0.116534	0.000035
泻褉褍谐褍	0.000599	0.116534	0.000070
泻褉褍锌	0.001797	0.116534	0.000209
泻褉褍锌邪	0.000300	0.127833	0.000038
泻褉褍锌褘	0.000599	0.127833	0.000077
泻褉褍锌褟薪褘械	0.000300	0.116534	0.000035
泻褋褌邪褌懈	0.000300	1.237874	0.000371
泻褍斜懈薪褋泻邪褟	0.000300	0.116534	0.000035
泻褍谢械褕	0.000300	0.040822	0.000012
泻褍谢懈薪邪褉懈懈	0.000899	0.094311	0.000085
泻褍谢懈薪邪褉薪邪褟	0.000300	0.116534	0.000035
泻褍谢懈薪邪褉薪芯械	0.000300	0.116534	0.000035
泻褍谢懈薪邪褉薪褍褞	0.000599	0.040822	0.000024
泻褍谢懈薪邪褉薪褘械	0.000300	2.525729	0.000757
泻褍谢懈薪邪褉薪褘泄	0.000300	0.072571	0.000022
泻褍谢懈薪邪褉薪褘褏	0.000300	0.116534	0.000035
泻褍谢懈褔	0.000300	0.040822	0.000012
泻褍谢懈褔懈	0.000300	0.116534	0.000035
泻褍褉写褋泻邪褟	0.000300	0.116534	0.000035
泻褍褉懈薪邪褟	0.000599	1.021651	0.000612
泻褍褉懈薪芯谐芯	0.000599	0.116534	0.000070
泻褍褉懈薪芯械	0.003895	0.127833	0.000498
泻褍褉懈薪芯泄	0.000300	2.120264	0.000635
泻褍褉懈薪褘泄	0.001198	0.105361	0.000126
泻褍褉懈褑邪	0.000300	0.040822	0.000012
泻褍褉懈褑褍	0.000300	2.407946	0.000721
泻褍褉懈褑褘	0.001498	0.116534	0.000175
泻褍褉芯褔泻芯泄	0.000300	0.116534	0.000035
泻褍褋泻褍褋	0.000300	0.040822	0.000012
泻褍褏薪械泄	0.000300	0.040822	0.000012
泻褍褏薪懈	0.000899	0.040822	0.000037
泻褍褏薪褟	0.000899	0.116534	0.000105
谢邪胁邪褕	0.001198	0.040822	0.000049
谢邪胁邪褕邪	0.001797	0.116534	0.000209
谢邪谐屑邪薪	0.000300	0.040822	0.000012
谢邪泻芯屑褋褌胁芯	0.000300	0.116534	0.000035
谢邪锌褕邪	0.000599	0.040822	0.000024
谢邪褌褘褕褋泻邪褟	0.000300	0.116534	0.000035
谢械谐泻邪褟	0.000300	0.116534	0.000035
谢械谐泻懈泄	0.000599	0.116534	0.000070
谢械谐泻芯	0.001797	0.116534	0.000209
谢械薪懈胁褘泄	0.000599	1.897120	0.001137
谢械锌械褕泻懈	0.000599	0.040822	0.000024
谢械褌邪	0.000300	0.116534	0.000035
谢械褌薪械谐芯	0.000300	3.912023	0.001172
谢械褌薪懈械	0.000300	0.040822	0.000012
谢械褌薪褟褟	0.000300	0.116534	0.000035
谢械褌芯	0.001498	0.116534	0.000175
谢械褔芯	0.000300	0.040822	0.000012
谢懈谐邪	0.000899	0.116534	0.000105
谢懈泻械褉	0.000300	0.040822	0.000012
谢懈屑芯薪邪写	0.000599	0.040822	0.000024
谢懈褌芯胁褋泻	0.000300	0.127833	0.000038
谢懈褌芯胁褋泻邪褟	0.000300	0.116534	0.000035
谢懈褕薪懈褏	0.000599	1.966113	0.001178
谢芯褉褝懈薪	0.000300	4.605170	0.001380
谢褍泻	0.002996	0.301105	0.000902
谢褍褔懈泻	0.000300	4.605170	0.001380
谢褍褔褕械械	0.000300	2.407946	0.000721
谢褍褔褕懈械	0.000300	0.116534	0.000035
谢褍褔褕懈泄	0.000599	0.040822	0.000024
谢褍褔褕懈褏	0.000300	0.116534	0.000035
谢褞斜胁懈	0.000300	0.105361	0.000032
谢褞斜懈屑芯谐芯	0.000300	0.127833	0.000038
谢褞斜懈屑芯屑褍	0.000300	0.116534	0.000035
谢褞斜懈屑褘褏	0.001797	0.116534	0.000209
谢褞斜懈褌械	0.000599	1.966113	0.001178
谢褞斜懈褌械谢褜薪懈褑邪	0.000300	4.605170	0.001380
谢褞斜谢褞	0.000599	1.514128	0.000907
谢褞斜芯胁褜	0.000300	0.116534	0.000035
谢褞斜芯械	0.000300	2.525729	0.000757
谢褞斜芯泄	0.001498	0.116534	0.000175
谢褞斜芯屑褍	0.000599	3.912023	0.002344
谢褢谐泻懈泄	0.000300	2.525729	0.000757
谢褢写	0.000300	0.127833	0.000038
屑邪谐褉懈斜邪	0.000300	0.116534	0.000035
屑邪泄	0.000300	0.116534	0.000035
屑邪泄芯薪械蟹	0.000899	0.116534	0.000105
屑邪泻邪褉芯薪薪褘械	0.000300	0.116534	0.000035
屑邪泻邪褉芯薪褘	0.000300	0.040822	0.000012
屑邪泻褋懈屑褍屑	0.000300	2.407946	0.000721
屑邪谢邪蟹懈泄褋泻邪褟	0.000300	0.116534	0.000035
屑邪薪薪懈泻	0.000300	0.040822	0.000012
屑邪薪褌褘	0.000300	0.116534	0.000035
屑邪薪褢胁褉褘	0.000300	0.116534	0.000035
屑邪褉邪褎芯薪	0.000899	0.116534	0.000105
屑邪褉懈薪邪写	0.002696	0.040822	0.000110
屑邪褉懈薪邪写褘	0.000899	0.116534	0.000105
屑邪褉懈薪芯胁邪薪薪褘械	0.000300	0.116534	0.000035
屑邪褉屑械谢邪写	0.000300	0.040822	0.000012
屑邪褉芯泻泻邪薪褋泻邪褟	0.000300	0.116534	0.000035
屑邪褉褌邪	0.001498	0.105361	0.000158
屑邪褋泻邪褉锌芯薪械	0.001498	0.040822	0.000061
屑邪褋谢械薪懈褑邪	0.000899	0.040822	0.000037
屑邪褋谢械薪懈褔薪芯械	0.000300	0.116534	0.000035
屑邪褋谢芯	0.002696	0.116534	0.000314
屑邪褋谢芯屑	0.000300	0.116534	0.000035
屑邪褋褌械褉	0.002696	0.116534	0.000314
屑邪褋褌懈泻邪	0.000300	0.040822	0.000012
屑邪褋褌懈泻懈	0.000300	0.116534	0.000035
屑邪褎褎懈薪褘	0.000300	0.116534	0.000035
屑邪褏械械胁褗	0.001198	0.116534	0.000140
屑械写懈邪褎芯褉褌	0.000899	0.000000	0.000000
屑械写芯胁褘泄	0.000300	0.116534	0.000035
屑械泻褋懈泻邪薪褋泻邪褟	0.000300	0.116534	0.000035
屑械泻褋懈泻邪薪褋泻褍褞	0.000300	3.912023	0.001172
屑械薪褞	0.000300	0.116534	0.000035
屑械薪褟	0.001198	0.083382	0.000100
屑械薪褟械褌褋褟	0.000300	0.116534	0.000035
屑械褔褌邪	0.000300	0.116534	0.000035
屑械褔褌褘	0.000599	0.040822	0.000024
屑懈写懈懈	0.000300	0.040822	0.000012
屑懈泻褉芯胁芯谢薪芯胁泻械	0.000300	0.116534	0.000035
屑懈谢褜械	0.000300	0.116534	0.000035
屑懈薪懈	0.000599	2.995732	0.001795
屑懈薪懈屑邪谢褜薪褘械	0.000300	4.605170	0.001380
屑懈芯	0.000300	0.116534	0.000035
屑懈褉	0.000300	0.116534	0.000035
屑懈褉邪	0.000300	0.116534	0.000035
屑懈褉械	0.000300	2.659260	0.000797
屑懈褉芯胁邪褟	0.000300	0.116534	0.000035
屑懈褋芯	0.000300	0.040822	0.000012
屑懈褋褌械褉懈褟	0.000300	0.116534	0.000035
屑懈褋褌褉邪谢褜	0.002097	0.116534	0.000244
屑薪芯卸械褋褌胁芯屑	0.000300	0.040822	0.000012
屑芯械	0.000300	0.116534	0.000035
屑芯卸械褌械	0.000300	0.000000	0.000000
屑芯懈	0.000300	1.078810	0.000323
屑芯泄	0.000300	0.105361	0.000032
屑芯谢写邪胁褋泻邪褟	0.000300	0.116534	0.000035
屑芯谢芯泻械	0.000300	0.105361	0.000032
屑芯谢芯泻芯	0.001498	0.116534	0.000175
屑芯谢芯褔薪褘泄	0.000599	0.040822	0.000024
屑芯谢芯褔薪褘褏	0.000300	0.116534	0.000035
屑芯屑械薪褌	0.000899	0.116534	0.000105
屑芯薪谐芯谢褜褋泻邪褟	0.000300	0.116534	0.000035
屑芯褉械	0.000300	0.116534	0.000035
屑芯褉械锌褉芯写褍泻褌芯胁	0.003895	0.040822	0.000159
屑芯褉械锌褉芯写褍泻褌褘	0.000599	0.116534	0.000070
屑芯褉泻芯胁褜	0.000300	0.040822	0.000012
屑芯褉芯卸械薪芯械	0.000899	0.040822	0.000037
屑芯褉褋	0.000300	0.040822	0.000012
屑芯褉褋褘	0.000300	0.116534	0.000035
屑芯褌芯褉	0.000300	0.116534	0.000035
屑芯褏懈褌芯	0.000300	0.040822	0.000012
屑褍卸褋泻邪褟	0.000300	0.127833	0.000038
屑褍卸褔懈薪褘	0.000599	0.116534	0.000070
屑褍泻邪	0.001797	0.274437	0.000493
屑褍谢褜褌懈胁邪褉泻械	0.011384	0.116534	0.001327
屑褍谢褜褌懈锌械泻邪褉械泄	0.000899	0.116534	0.000105
屑褍褋褋	0.000300	0.040822	0.000012
屑褍褋褋褘	0.000599	0.116534	0.000070
屑褍褔薪褘械	0.000300	0.116534	0.000035
屑褘褋谢褜	0.000300	4.605170	0.001380
屑褞褋谢懈	0.000599	0.116534	0.000070
屑褟褋邪	0.002996	0.116534	0.000349
屑褟褋薪芯谐芯	0.000899	0.116534	0.000105
屑褟褋薪芯泄	0.001498	0.116534	0.000175
屑褟褋薪褘械	0.002397	0.040822	0.000098
屑褟褋薪褘褏	0.000899	0.116534	0.000105
屑褟褋芯	0.004494	0.040822	0.000183
屑褟褋芯屑	0.001498	0.040822	0.000061
屑褟褋褍	0.000599	0.116534	0.000070
薪邪写芯械谢	0.000300	4.605170	0.001380
薪邪蟹薪邪褔械薪懈褟	0.000300	0.116534	0.000035
薪邪谢懈胁泻邪	0.000300	0.040822	0.000012
薪邪锌懈褌泻懈	0.001797	0.040822	0.000073
薪邪锌懈褌泻褍	0.000300	3.912023	0.001172
薪邪锌懈褌芯泻	0.000300	0.040822	0.000012
薪邪锌芯谢械芯薪	0.000899	2.659260	0.002390
薪邪褋褌芯泄泻邪	0.000300	0.040822	0.000012
薪邪褋褌芯褟褖械屑褍	0.000300	3.506558	0.001050
薪邪褋褌褉芯械薪懈械	0.000300	0.116534	0.000035
薪邪褋褘褖械薪薪褘泄	0.000300	1.897120	0.000568
薪邪褋褘褖械薪薪褘屑	0.000300	3.506558	0.001050
薪邪褌褍褉邪谢褜薪褘泄	0.000300	2.813411	0.000843
薪邪褑懈芯薪邪谢褜薪褘械	0.000300	0.116534	0.000035
薪邪褔懈薪泻邪	0.000599	0.040822	0.000024
薪邪褔懈薪泻芯泄	0.000599	0.116534	0.000070
薪邪褔薪械屑	0.000300	3.218876	0.000964
薪邪褕械谐芯	0.000300	2.120264	0.000635
薪邪褕械屑	0.000300	0.040822	0.000012
薪邪褕懈	0.000300	0.061875	0.000019
薪械胁械褉芯褟褌薪芯	0.000300	1.386294	0.000415
薪械胁芯蟹屑芯卸薪芯	0.000300	1.347074	0.000404
薪械写械谢褟	0.002996	0.061875	0.000185
薪械卸薪芯械	0.000300	1.309333	0.000392
薪械卸薪芯泄	0.000300	0.116534	0.000035
薪械卸薪褍褞	0.000300	2.995732	0.000897
薪械泄	0.000300	1.897120	0.000568
薪械屑械褑泻邪褟	0.000300	0.116534	0.000035
薪械芯卸懈写邪薪薪褘械	0.000300	0.116534	0.000035
薪械褉械邪谢褜薪芯	0.000300	2.995732	0.000897
薪械褋谢邪写泻芯械	0.000300	0.116534	0.000035
薪懈泻褌芯	0.000300	1.897120	0.000568
薪芯胁邪褟	0.000300	0.116534	0.000035
薪芯胁械薪褜泻芯谐芯	0.000300	4.605170	0.001380
薪芯胁芯谐芯写薪械谐芯	0.001498	0.116534	0.000175
薪芯胁芯谐芯写薪械械	0.000899	0.116534	0.000105
薪芯胁芯谐芯写薪懈械	0.001797	0.040822	0.000073
薪芯胁芯谐芯写薪懈泄	0.002097	0.116534	0.000244
薪芯胁芯谐芯写薪褟褟	0.000300	0.105361	0.000032
薪芯胁芯褋褌褟褏	0.000300	0.061875	0.000019
薪芯胁褘械	0.000599	0.051293	0.000031
薪芯胁褘泄	0.002996	0.094311	0.000283
薪芯褉胁械卸褋泻邪褟	0.000300	0.116534	0.000035
薪褉邪胁褟褌褋褟	0.000300	1.771957	0.000531
芯斜械写	0.000899	0.105361	0.000095
芯斜械写芯胁	0.000300	4.605170	0.001380
芯斜械蟹褜褟薪褘	0.000300	0.116534	0.000035
芯斜褖邪褌褜褋褟	0.000300	0.040822	0.000012
芯斜褘褔薪芯屑	0.000300	3.912023	0.001172
芯斜褘褔薪褍褞	0.000300	4.605170	0.001380
芯斜褘褔薪褘泄	0.000300	1.897120	0.000568
芯胁芯褖邪屑懈	0.001198	0.116534	0.000140
芯胁芯褖械泄	0.004494	0.105361	0.000473
芯胁芯褖懈	0.002097	0.094311	0.000198
芯胁芯褖薪邪褟	0.000300	0.040822	0.000012
芯胁芯褖薪芯械	0.000899	0.116534	0.000105
芯胁芯褖薪芯泄	0.000899	0.105361	0.000095
芯胁芯褖薪褍褞	0.000300	3.912023	0.001172
芯胁芯褖薪褘械	0.001498	0.040822	0.000061
芯胁褋褟薪芯械	0.000300	0.116534	0.000035
芯谐薪械薪薪芯泄	0.000300	0.116534	0.000035
芯谐薪褟	0.000300	0.116534	0.000035
芯谐褍褉械褑	0.000599	1.237874	0.000742
芯谐褍褉褑褘	0.000599	0.116534	0.000070
芯泻褉芯褕泻邪	0.000899	0.040822	0.000037
芯谢邪写褜懈	0.000899	0.040822	0.000037
芯谢械泄薪邪	0.000899	0.116534	0.000105
芯谢械泄薪芯泄	0.001198	0.116534	0.000140
芯谢械泄薪褘	0.000300	0.127833	0.000038
芯屑谢械褌	0.000300	0.040822	0.000012
芯锌邪褉邪	0.000300	0.040822	0.000012
芯锌懈褋邪薪懈懈	0.000300	3.506558	0.001050
芯锌褉芯褋	0.000300	0.061875	0.000019
芯褉械谐邪薪芯	0.000599	2.525729	0.001513
芯褋械薪薪械械	0.000300	0.116534	0.000035
芯褋械薪薪懈械	0.000300	0.051293	0.000015
芯褋械薪薪懈泄	0.000599	0.116534	0.000070
芯褋械薪褜	0.002996	0.105361	0.000316
芯褋薪芯胁薪芯谐芯	0.000300	3.912023	0.001172
芯褋薪芯胁薪芯械	0.000300	0.040822	0.000012
芯褋褌邪械褌褋褟	0.000300	0.116534	0.000035
芯褋褌邪薪邪胁谢懈胁邪褞褋褜	0.000300	4.605170	0.001380
芯褋褌褉芯褌褍	0.000300	4.605170	0.001380
芯褋褌褉褘屑	0.000300	3.218876	0.000964
芯褋褜屑懈薪芯谐	0.000599	3.912023	0.002344
芯褋褜屑懈薪芯谐邪	0.000300	3.912023	0.001172
芯褋褜屑懈薪芯谐懈	0.000300	4.605170	0.001380
芯褌胁械褌懈褌褜	0.000300	0.051293	0.000015
芯褌胁械褌芯胁	0.000300	0.051293	0.000015
芯褌胁械褌褘	0.000300	0.000000	0.000000
芯褌写械谢褜薪芯	0.000300	3.506558	0.001050
芯褌泻褉褘褌褘泄	0.000599	0.116534	0.000070
芯褌屑械薪懈褌褜	0.000300	0.040822	0.000012
芯褌芯褉胁邪褌褜褋褟	0.000300	2.813411	0.000843
芯褌褉械谐褍谢懈褉芯胁邪褌褜	0.000300	4.605170	0.001380
芯褏谢邪写懈褌褜	0.000300	0.116534	0.000035
芯褑械薪懈谢懈	0.000300	4.605170	0.001380
芯褕懈斜芯泻	0.000300	2.813411	0.000843
锌邪泻械褌懈泻邪褏	0.000300	0.105361	0.000032
锌邪谢芯褔泻懈	0.000300	0.040822	0.000012
锌邪薪懈褉芯胁泻邪	0.002397	0.116534	0.000279
锌邪锌褉懈泻邪	0.001198	1.203973	0.001443
锌邪褉邪	0.000300	0.116534	0.000035
锌邪褉邪写	0.002097	0.116534	0.000244
锌邪褉屑械蟹邪薪	0.000599	2.407946	0.001443
锌邪褉芯胁邪褉泻械	0.002696	0.116534	0.000314
锌邪褉芯谢褜	0.000300	0.020203	0.000006
锌邪褋褌邪	0.000899	0.040822	0.000037
锌邪褋褌褉芯屑邪	0.000300	0.040822	0.000012
锌邪褋褏邪	0.000599	0.040822	0.000024
锌邪褋褏邪谢褜薪邪褟	0.000599	0.116534	0.000070
锌邪褋褏邪谢褜薪褘泄	0.000300	0.127833	0.000038
锌邪褕褌械褌	0.000300	0.040822	0.000012
锌邪褕褌械褌褘	0.000599	0.116534	0.000070
锌械泻邪褉褟	0.000300	0.127833	0.000038
锌械谢褜屑械薪懈	0.000300	0.116534	0.000035
锌械褉胁芯械	0.000599	0.040822	0.000024
锌械褉胁芯泄	0.000300	3.218876	0.000964
锌械褉胁褘械	0.000300	0.127833	0.000038
锌械褉胁褘屑	0.000300	0.116534	0.000035
锌械褉械泄褌懈	0.000300	0.040822	0.000012
锌械褉械泻褍褋	0.000599	0.116534	0.000070
锌械褉械褑	0.006890	0.040822	0.000281
锌械褉褋芯薪褘	0.000300	0.116534	0.000035
锌械褉褍邪薪褋泻邪褟	0.000300	0.116534	0.000035
锌械褉褑械屑	0.000300	2.525729	0.000757
锌械褋芯褔薪芯械	0.000599	0.105361	0.000063
锌械褋芯褔薪褘泄	0.000300	0.116534	0.000035
锌械褌械谢懈薪泻懈	0.000300	0.127833	0.000038
锌械褌褉褍褕泻褍	0.000300	3.912023	0.001172
锌械褔械薪芯褔薪褘泄	0.000300	0.040822	0.000012
锌械褔械薪褜械	0.004194	0.040822	0.000171
锌械褔懈	0.000300	0.127833	0.000038
锌懈胁芯	0.000300	0.116534	0.000035
锌懈泻邪薪褌褘	0.000300	0.127833	0.000038
锌懈泻薪懈泻	0.000599	0.116534	0.000070
锌懈泻薪懈泻邪	0.000300	0.116534	0.000035
锌懈泻薪懈泻褍	0.000300	0.105361	0.000032
锌懈褉	0.000300	0.116534	0.000035
锌懈褉芯谐	0.000899	0.040822	0.000037
锌懈褉芯谐懈	0.000300	0.105361	0.000032
锌懈褉芯卸泻懈	0.000300	0.040822	0.000012
锌懈褉芯卸薪芯械	0.000300	0.040822	0.000012
锌懈褉芯卸薪褘械	0.000300	0.116534	0.000035
锌懈褌邪薪懈械	0.001498	0.105361	0.000158
锌懈褌邪褌械谢褜薪褘屑	0.000300	2.813411	0.000843
锌懈褑褑邪	0.000599	0.040822	0.000024
锌谢邪屑褟	0.000300	0.116534	0.000035
锌谢懈褌邪	0.001198	0.127833	0.000153
锌谢懈褌褘	0.000300	3.506558	0.001050
锌谢芯胁	0.000300	0.116534	0.000035
锌谢芯写褘	0.000300	0.116534	0.000035
锌芯胁邪褉械薪泻械	0.000300	0.040822	0.000012
锌芯胁邪褉械薪芯泻	0.000300	0.061875	0.000019
锌芯胁邪褉褟褌	0.000300	0.116534	0.000035
锌芯胁邪褉褟褌邪屑懈	0.000300	0.040822	0.000012
锌芯胁邪褉褢薪泻邪	0.000300	0.116534	0.000035
锌芯胁械褉懈褌	0.000300	4.605170	0.001380
锌芯胁懈写谢芯	0.000300	0.040822	0.000012
锌芯谐薪邪谢懈	0.000300	4.605170	0.001380
锌芯写邪褉泻芯胁	0.000300	0.116534	0.000035
锌芯写斜芯褉	0.000300	1.514128	0.000454
锌芯写谢懈胁邪	0.000300	0.116534	0.000035
锌芯写谢懈胁泻邪	0.000300	0.040822	0.000012
锌芯写芯泄写械褌	0.000300	1.832581	0.000549
锌芯写芯泄写褍褌	0.000300	2.207275	0.000661
锌芯写芯谢褜褕械	0.000300	3.912023	0.001172
锌芯写锌懈褋邪褌褜褋褟	0.000300	0.040822	0.000012
锌芯写锌懈褕懈褌械褋褜	0.000599	0.040822	0.000024
锌芯写褉芯斜薪芯	0.000300	2.659260	0.000797
锌芯写褉褍卸泻懈	0.000300	3.912023	0.001172
锌芯械写懈薪泻懈	0.004194	0.116534	0.000489
锌芯蟹写褉邪胁褜	0.000300	0.116534	0.000035
锌芯懈褋泻	0.000300	0.051293	0.000015
锌芯谢写薪懈泻	0.000599	0.116534	0.000070
锌芯谢写薪褟	0.000300	3.912023	0.001172
锌芯谢械蟹薪芯	0.000300	0.116534	0.000035
锌芯谢械蟹薪褘泄	0.000300	2.407946	0.000721
锌芯谢懈褌懈泻芯泄	0.000300	0.040822	0.000012
锌芯谢芯胁懈薪邪	0.002397	0.116534	0.000279
锌芯谢褍褔邪械褌褋褟	0.000300	0.400478	0.000120
锌芯谢褍褔邪泄褌械	0.000300	0.040822	0.000012
锌芯谢褍褔邪褌褜	0.000300	0.040822	0.000012
锌芯谢褜蟹邪	0.000300	0.127833	0.000038
锌芯谢褜蟹芯泄	0.001198	0.116534	0.000140
锌芯谢褜褋泻邪褟	0.000300	0.116534	0.000035
锌芯屑邪写泻邪	0.000599	0.040822	0.000024
锌芯屑邪写泻懈	0.000300	0.116534	0.000035
锌芯屑械薪褜褕械	0.000300	4.605170	0.001380
锌芯屑懈写芯褉	0.002996	0.713350	0.002137
锌芯屑懈写芯褉邪屑懈	0.000300	2.995732	0.000897
锌芯屑懈写芯褉泻懈	0.000300	0.127833	0.000038
锌芯屑懈写芯褉芯屑	0.000300	4.605170	0.001380
锌芯屑懈写芯褉褘	0.000599	0.116534	0.000070
锌芯薪褉邪胁懈胁褕懈械褋褟	0.000300	0.040822	0.000012
锌芯薪褉邪胁懈褌褋褟	0.000300	1.427116	0.000428
锌芯薪褔懈泻懈	0.000599	0.040822	0.000024
锌芯褉邪	0.000300	0.116534	0.000035
锌芯褉邪写褍械褌	0.000300	1.660731	0.000498
锌芯褉褌懈褌	0.000300	4.605170	0.001380
锌芯褉褌褍谐邪谢褜褋泻邪褟	0.000300	0.116534	0.000035
锌芯褋械褖邪械褌械	0.000300	0.061875	0.000019
锌芯褋褌	0.001498	0.105361	0.000158
锌芯褋褌薪芯械	0.000300	0.116534	0.000035
锌芯褋褌薪褘械	0.000300	0.040822	0.000012
锌芯褋褌薪褘泄	0.000300	0.116534	0.000035
锌芯褋褌芯褟薪薪芯	0.000300	0.040822	0.000012
锌芯褋褌褉芯懈屑	0.000300	0.116534	0.000035
锌芯褋褍写邪	0.000599	0.094311	0.000057
锌芯褌褉褟褋邪褞褖械	0.000300	1.560648	0.000468
锌芯褔褌褍	0.000300	0.040822	0.000012
锌芯褕邪谐芯胁褘屑懈	0.000300	0.040822	0.000012
锌褉邪胁写邪	0.000300	1.139434	0.000341
锌褉邪蟹写薪懈泻	0.000300	1.832581	0.000549
锌褉邪蟹写薪懈泻邪	0.000300	0.116534	0.000035
锌褉邪蟹写薪懈褔薪芯	0.000599	0.116534	0.000070
锌褉邪蟹写薪懈褔薪芯谐芯	0.000300	0.116534	0.000035
锌褉邪蟹写薪懈褔薪褘泄	0.001498	0.116534	0.000175
锌褉邪泻褌懈泻褍屑	0.000300	0.116534	0.000035
锌褉械胁芯褋褏芯写薪褘械	0.000300	0.116534	0.000035
锌褉械胁褉邪褖械薪懈褟	0.000300	0.116534	0.000035
锌褉械褋薪芯械	0.000300	0.116534	0.000035
锌褉懈胁械褌	0.000599	2.659260	0.001593
锌褉懈谐芯褌芯胁懈屑	0.000899	0.116534	0.000105
锌褉懈谐芯褌芯胁懈褌褜	0.000300	0.342490	0.000103
锌褉懈谐芯褌芯胁谢械薪懈械	0.000300	0.105361	0.000032
锌褉懈谐芯褌芯胁谢械薪懈懈	0.000599	0.798508	0.000478
锌褉懈谐芯褌芯胁谢械薪懈褞	0.000300	0.040822	0.000012
锌褉懈谐芯褌芯胁谢械薪懈褟	0.000300	0.371064	0.000111
锌褉懈蟹薪邪薪懈械	0.000300	0.116534	0.000035
锌褉懈蟹芯胁	0.000300	0.040822	0.000012
锌褉懈锌褉邪胁邪	0.000300	0.040822	0.000012
锌褉懈锌褉邪胁褘	0.000599	3.506558	0.002101
锌褉懈褉芯写褍	0.000300	0.116534	0.000035
锌褉懈褉芯写褘	0.000300	0.116534	0.000035
锌褉懈褋褌褍锌懈褌褜	0.000300	0.040822	0.000012
锌褉懈褕谢懈	0.000300	3.912023	0.001172
锌褉芯胁械写懈	0.001198	0.116534	0.000140
锌褉芯胁械褉械薪芯	0.002097	0.116534	0.000244
锌褉芯胁芯写懈屑褘褏	0.000300	0.040822	0.000012
锌褉芯胁芯卸邪械屑	0.000300	0.116534	0.000035
锌褉芯写褍泻褌	0.000300	2.525729	0.000757
锌褉芯写褍泻褌芯胁	0.000899	0.094311	0.000085
锌褉芯械泻褌芯胁	0.000300	0.116534	0.000035
锌褉芯械泻褌褘	0.000300	0.061875	0.000019
锌褉芯褋屑芯褌褉邪屑	0.000300	0.274437	0.000082
锌褉芯褋褌芯	0.002097	0.083382	0.000175
锌褉芯褋褌芯泄	0.001198	0.755023	0.000905
锌褉芯褋褌芯泻胁邪褕邪	0.000300	0.040822	0.000012
锌褉芯褋褌褘械	0.000300	2.659260	0.000797
锌褉芯褋褌褘褏	0.000599	2.207275	0.001323
锌褉芯褎懈谢褜	0.000300	0.040822	0.000012
锌褉褟屑芯	0.000300	0.040822	0.000012
锌褉褟薪懈泻	0.000899	0.040822	0.000037
锌褉褟薪懈泻懈	0.000300	0.116534	0.000035
锌褉褟薪懈褔薪芯械	0.000300	0.116534	0.000035
锌褉褟薪褘屑	0.000300	3.506558	0.001050
锌褌懈褑邪	0.001498	0.116534	0.000175
锌褌懈褑械	0.000599	0.116534	0.000070
锌褌懈褑械泄	0.000300	0.127833	0.000038
锌褌懈褑褘	0.003895	0.116534	0.000454
锌褍写懈薪谐	0.000300	0.040822	0.000012
锌褍写懈薪谐懈	0.000599	0.116534	0.000070
锌褍写褉邪	0.001198	1.897120	0.002273
锌褍薪褕	0.000300	0.040822	0.000012
锌褍褌械褕械褋褌胁懈械	0.000599	0.116534	0.000070
锌褍褌褜	0.000300	0.116534	0.000035
锌褕械薪懈褔薪邪褟	0.001797	0.287682	0.000517
锌褘褕泻懈	0.000300	0.040822	0.000012
锌褞褉械	0.001198	0.040822	0.000049
褉邪谐褍	0.000300	0.116534	0.000035
褉邪蟹胁械褉薪褍褌褜	0.000300	0.116534	0.000035
褉邪蟹写械谢褜薪芯械	0.000300	0.116534	0.000035
褉邪蟹薪褘械	0.000300	0.116534	0.000035
褉邪蟹芯褔邪褉芯胁邪薪懈泄	0.000300	4.605170	0.001380
褉邪褋泻邪褌泻械	0.000300	4.605170	0.001380
褉邪褋褋芯谢褜薪懈泻	0.000599	0.040822	0.000024
褉邪褋褋芯谢褜薪懈泻邪	0.000300	0.116534	0.000035
褉邪褋褋褘谢泻懈	0.000300	0.061875	0.000019
褉邪褋褌懈褌械谢褜薪芯械	0.001198	0.235722	0.000282
褉械谐懈褋褌褉邪褑懈懈	0.000599	0.010050	0.000006
褉械谐懈褋褌褉邪褑懈褟	0.000300	0.000000	0.000000
褉械泄褌懈薪谐褍	0.000300	0.248461	0.000074
褉械锌褔邪褌褘泄	0.002397	0.430783	0.001032
褉械褑械锌褌	0.003595	0.040822	0.000147
褉械褑械锌褌邪	0.000300	0.462035	0.000138
褉械褑械锌褌邪褏	0.000300	0.061875	0.000019
褉械褑械锌褌械	0.000300	1.171183	0.000351
褉械褑械锌褌芯胁	0.002097	0.040822	0.000086
褉械褑械锌褌褘	0.021570	0.040822	0.000881
褉懈褋	0.001198	0.040822	0.000049
褉懈褋邪	0.000300	0.116534	0.000035
褉懈褌屑械	0.000300	0.116534	0.000035
褉芯谐邪谢懈泻懈	0.000300	0.040822	0.000012
褉芯写薪芯械	0.000300	0.116534	0.000035
褉芯卸写械薪懈褟	0.000300	0.105361	0.000032
褉芯卸写械褋褌胁芯	0.000300	0.116534	0.000035
褉芯谢谢褌芯薪	0.000300	0.116534	0.000035
褉芯谢谢褘	0.000599	0.040822	0.000024
褉芯屑	0.000300	0.040822	0.000012
褉褍斜褉懈泻邪褌芯褉	0.000300	0.051293	0.000015
褉褍谢械褌	0.000899	0.040822	0.000037
褉褍谢械褌懈泻懈	0.000599	2.525729	0.001513
褉褍谢械褌褘	0.002996	0.116534	0.000349
褉褍屑褘薪褋泻邪褟	0.000300	0.116534	0.000035
褉褍屑褟薪褘械	0.000300	0.116534	0.000035
褉褍薪械褌械	0.000300	0.020203	0.000006
褉褍褋褋泻邪褟	0.000300	0.116534	0.000035
褉褘斜邪	0.002696	0.040822	0.000110
褉褘斜械	0.000599	0.116534	0.000070
褉褘斜薪邪褟	0.000300	0.116534	0.000035
褉褘斜薪芯谐芯	0.000599	0.116534	0.000070
褉褘斜薪褘械	0.001198	0.116534	0.000140
褉褘斜薪褘泄	0.000599	0.116534	0.000070
褉褘斜薪褘褏	0.000300	0.116534	0.000035
褉褘斜芯泄	0.000599	0.116534	0.000070
褉褘斜褘	0.003895	0.116534	0.000454
褉褟卸械薪泻邪	0.000300	0.116534	0.000035
褋邪泄褌	0.000899	0.000000	0.000000
褋邪泄褌褍	0.000599	0.061875	0.000037
褋邪谢邪褌	0.000300	0.094311	0.000028
褋邪谢邪褌薪邪褟	0.000599	0.116534	0.000070
褋邪谢邪褌褘	0.009287	0.040822	0.000379
褋邪屑芯谐芯薪	0.000300	0.040822	0.000012
褋邪屑褘泄	0.000300	1.021651	0.000306
褋邪屑褘褏	0.000599	0.116534	0.000070
褋邪褎	0.000899	0.116534	0.000105
褋邪褎褋械屑	0.000300	0.116534	0.000035
褋邪褏邪褉	0.003595	0.116534	0.000419
褋邪褏邪褉薪邪褟	0.001198	1.897120	0.002273
褋斜懈褌械薪褜	0.000300	0.040822	0.000012
褋胁械卸械褋褌褜	0.000300	0.105361	0.000032
褋胁械卸懈械	0.000300	2.659260	0.000797
褋胁械泻谢邪	0.000300	0.040822	0.000012
褋胁械泻芯谢褜薪懈泻	0.000599	0.040822	0.000024
褋胁械褌邪	0.001198	0.116534	0.000140
褋胁懈薪懈薪邪	0.000300	0.040822	0.000012
褋胁懈薪懈薪褘	0.001797	0.116534	0.000209
褋胁芯械	0.000300	0.116534	0.000035
褋胁芯械屑	0.000300	0.040822	0.000012
褋胁芯懈屑	0.000599	0.040822	0.000024
褋胁芯褞	0.000300	0.040822	0.000012
褋谐褍褖械薪泻邪	0.000300	0.040822	0.000012
褋械谐芯写薪褟	0.000899	0.843970	0.000759
褋械蟹芯薪	0.000300	0.116534	0.000035
褋械泄褔邪褋	0.000300	0.030459	0.000009
褋械泻褉械褌	0.000300	1.609438	0.000482
褋械泻褉械褌褘	0.000599	0.116534	0.000070
褋械谢械写泻邪	0.000300	0.040822	0.000012
褋械屑谐邪	0.000300	0.040822	0.000012
褋械屑械泄薪芯谐芯	0.000300	2.407946	0.000721
褋械屑械泄薪褘泄	0.000300	0.116534	0.000035
褋械屑械泄薪褘褏	0.000300	3.912023	0.001172
褋械屑褜懈	0.000300	0.116534	0.000035
褋械褉写褑械	0.000300	1.832581	0.000549
褋懈写褉	0.000300	0.040822	0.000012
褋懈褉懈泄褋泻邪褟	0.000300	0.116534	0.000035
褋懈褉芯锌	0.000300	0.040822	0.000012
褋懈褉芯锌褘	0.000300	0.116534	0.000035
褋懈褋褌械屑褘	0.000300	0.040822	0.000012
褋懈褌懈	0.000300	0.127833	0.000038
褋泻邪蟹芯泻	0.000300	0.116534	0.000035
褋泻芯胁芯褉芯写械	0.000599	1.560648	0.000935
褋泻芯薪褑械薪褌褉懈褉芯胁邪薪	0.000300	4.605170	0.001380
褋谢邪写泻邪褟	0.001198	0.116534	0.000140
褋谢邪写泻懈械	0.001797	0.040822	0.000073
褋谢邪写泻懈泄	0.002696	0.105361	0.000284
褋谢邪写泻懈褏	0.000599	0.116534	0.000070
褋谢邪写泻芯	0.000300	0.116534	0.000035
褋谢邪写泻芯谐芯	0.000300	2.995732	0.000897
褋谢械谐泻邪	0.000300	2.525729	0.000757
褋谢懈胁泻懈	0.001797	1.078810	0.001939
褋谢懈胁芯褔薪芯械	0.001498	0.116534	0.000175
褋谢芯械胁	0.000300	3.912023	0.001172
褋谢芯械薪芯谐芯	0.000300	0.127833	0.000038
褋谢芯械薪芯械	0.000300	0.116534	0.000035
褋谢芯械薪芯屑	0.000300	3.912023	0.001172
褋谢芯械薪褘泄	0.000899	0.116534	0.000105
褋谢芯卸薪芯褋褌械泄	0.000300	4.605170	0.001380
褋谢芯泄泻邪	0.000300	0.040822	0.000012
褋谢芯泄泻懈	0.000300	0.116534	0.000035
褋屑械褋褜	0.000300	1.660731	0.000498
褋屑械褋褜褞	0.000300	3.506558	0.001050
褋屑械褌邪薪邪	0.002097	0.105361	0.000221
褋屑械褕邪薪薪芯谐芯	0.000300	0.116534	0.000035
褋屑芯卸械褌	0.000300	3.218876	0.000964
褋屑芯卸械褌械	0.000300	0.040822	0.000012
褋屑褍蟹懈	0.000899	0.040822	0.000037
褋薪褝泻	0.000300	0.116534	0.000035
褋芯斜懈褉邪械褌械褋褜	0.000300	0.040822	0.000012
褋芯胁械褉褕械薪褋褌胁芯	0.001498	0.116534	0.000175
褋芯胁械褌邪屑懈	0.000300	0.040822	0.000012
褋芯谐谢邪褕邪械褌械褋褜	0.000300	0.040822	0.000012
褋芯写械褉卸懈褌	0.000300	3.218876	0.000964
褋芯械胁褘泄	0.000599	0.798508	0.000478
褋芯蟹写邪械褌	0.000300	0.116534	0.000035
褋芯蟹写邪薪懈褟	0.000599	0.261365	0.000157
褋芯泻	0.000300	0.116534	0.000035
褋芯泻邪	0.000300	0.105361	0.000032
褋芯泻懈	0.000300	0.040822	0.000012
褋芯谢械薪褘械	0.000899	0.116534	0.000105
褋芯谢械薪褜褟	0.000599	0.116534	0.000070
褋芯谢薪械褔薪芯泄	0.000300	0.127833	0.000038
褋芯谢薪褘褕泻邪	0.000300	4.605170	0.001380
褋芯谢褜	0.006890	0.150823	0.001039
褋芯谢褟薪泻邪	0.000599	0.040822	0.000024
褋芯褉褌懈褉芯胁邪褌褜	0.000300	0.248461	0.000074
褋芯褋褌邪胁	0.000300	1.897120	0.000568
褋芯褋褌邪胁褜	0.000300	0.116534	0.000035
褋芯褍褋	0.003295	0.040822	0.000135
褋芯褍褋邪	0.000599	1.897120	0.001137
褋芯褍褋械	0.000599	1.897120	0.001137
褋芯褍褋芯屑	0.001797	0.116534	0.000209
褋芯褍褋褘	0.001498	0.116534	0.000175
褋芯褏褉邪薪褟褌褜	0.000300	0.040822	0.000012
褋芯褑褋械褌懈	0.000300	0.040822	0.000012
褋芯褔械褌邪薪懈械	0.000599	0.116534	0.000070
褋芯褔薪芯械	0.000300	0.116534	0.000035
褋芯褔薪褘泄	0.000300	2.407946	0.000721
褋锌邪谢褜薪褟屑懈	0.000599	0.446287	0.000267
褋锌械褑懈邪谢褜薪芯械	0.000300	0.116534	0.000035
褋锌械褑懈懈	0.001498	0.105361	0.000158
褋锌械褑锌褉芯械泻褌	0.009886	0.116534	0.001152
褋锌懈褋芯泻	0.000300	0.116534	0.000035
褋锌芯褞	0.000300	0.116534	0.000035
褋褉械写懈蟹械屑薪芯屑芯褉褋泻邪褟	0.000300	0.127833	0.000038
褋褌邪褉褘械	0.000300	0.261365	0.000078
褋褌邪褌褜褟褏	0.000300	0.061875	0.000019
褋褌懈谢械	0.000300	0.116534	0.000035
褋褌懈谢褟	0.000300	0.116534	0.000035
褋褌芯谢	0.001797	0.105361	0.000189
褋褌芯谢邪	0.001797	0.116534	0.000209
褋褌芯褟谢懈	0.000300	2.659260	0.000797
褋褌褉芯懈褌械谢褜褋褌胁械	0.000300	0.040822	0.000012
褋褌褉芯懈褌械谢褜褋褌胁褍	0.000300	0.040822	0.000012
褋褌褉芯懈褌褜	0.000300	0.040822	0.000012
褋褌褉芯泄薪芯泄	0.000300	0.116534	0.000035
褋褍斜锌褉芯写褍泻褌芯胁	0.002097	0.116534	0.000244
褋褍斜锌褉芯写褍泻褌褘	0.000899	0.116534	0.000105
褋褍薪械谢懈	0.000599	2.207275	0.001323
褋褍锌	0.002696	0.040822	0.000110
褋褍锌邪	0.000300	0.040822	0.000012
褋褍锌褘	0.002696	0.040822	0.000110
褋褍褎谢械	0.000899	0.040822	0.000037
褋褍褏邪褉懈	0.000300	0.040822	0.000012
褋褍褕懈	0.000599	0.040822	0.000024
褋褗械写邪褞褌	0.000300	4.605170	0.001380
褋褘褉	0.006890	0.040822	0.000281
褋褘褉邪	0.001797	0.116534	0.000209
褋褘褉邪屑懈	0.000300	0.127833	0.000038
褋褘褉薪懈泻	0.000300	0.040822	0.000012
褋褘褉薪懈泻懈	0.000599	0.116534	0.000070
褋褘褉薪褘械	0.001498	0.040822	0.000061
褋褘褉芯屑	0.001198	0.713350	0.000855
褋褘褌薪邪褟	0.000300	3.506558	0.001050
褋褘褌薪芯	0.000300	1.771957	0.000531
褋褘褌薪褍褞	0.000300	4.605170	0.001380
褋褘褌薪褘泄	0.000599	0.105361	0.000063
褋褘褔褍卸薪褘屑懈	0.000300	0.127833	0.000038
褋褝薪写胁懈褔懈	0.000300	0.127833	0.000038
褋褞褉锌褉懈蟹	0.000300	0.116534	0.000035
褌邪写卸懈泻褋泻邪褟	0.000300	0.116534	0.000035
褌邪泄褋泻邪褟	0.000300	0.116534	0.000035
褌邪褉褌	0.000300	0.116534	0.000035
褌邪褉褌邪谢械褌泻懈	0.000599	0.040822	0.000024
褌邪褌邪褉褋泻邪褟	0.000300	0.116534	0.000035
褌胁械褉写褘泄	0.004194	0.562119	0.002358
褌胁芯懈	0.000599	0.116534	0.000070
褌胁芯褉懈	0.000300	0.116534	0.000035
褌胁芯褉芯谐	0.000599	0.040822	0.000024
褌胁芯褉芯谐芯屑	0.000300	0.105361	0.000032
褌胁芯褉芯卸薪芯械	0.000300	0.116534	0.000035
褌胁芯褉芯卸薪褘械	0.000599	0.116534	0.000070
褌胁芯褉芯卸薪褘泄	0.002097	0.116534	0.000244
褌械泻褋褌褍褉芯泄	0.000300	4.605170	0.001380
褌械谢械谐褉邪屑	0.000300	0.040822	0.000012
褌械谢褟褌懈薪褘	0.001198	0.116534	0.000140
褌械锌谢芯屑	0.000300	0.116534	0.000035
褌械褉褉懈薪	0.000300	0.040822	0.000012
褌械褋褌	0.001498	0.127833	0.000191
褌械褋褌邪	0.001797	0.105361	0.000189
褌械褋褌芯	0.002696	0.040822	0.000110
褌械褏薪懈泻邪	0.001498	0.105361	0.000158
褌械褖懈薪	0.000300	0.040822	0.000012
褌懈褉邪屑懈褋褍	0.000599	4.605170	0.002759
褌屑	0.001198	0.127833	0.000153
褌芯屑邪褌薪芯屑	0.000599	4.605170	0.002759
褌芯屑邪褌褘	0.000300	2.302585	0.000690
褌芯锌谢械薪芯械	0.000300	0.116534	0.000035
褌芯褉褌	0.005692	0.040822	0.000232
褌芯褉褌邪	0.000599	2.120264	0.001270
褌芯褉褌褘	0.004494	0.116534	0.000524
褌褉邪胁褘	0.000300	0.105361	0.000032
褌褉邪写懈褑懈懈	0.000300	0.116534	0.000035
褌褉邪写懈褑懈泄	0.001198	0.116534	0.000140
褌褉邪写懈褑懈褟褏	0.000300	0.116534	0.000035
褌褉械褏谢械褌懈械屑	0.000300	0.116534	0.000035
褌褉褍斜芯褔泻懈	0.000300	0.040822	0.000012
褌褍	0.000300	4.605170	0.001380
褌褍薪懈褋褋泻邪褟	0.000300	0.116534	0.000035
褌褍薪褑芯屑	0.000300	0.116534	0.000035
褌褍褉械褑泻邪褟	0.000300	0.116534	0.000035
褌褍褕懈褌褜	0.000300	4.605170	0.001380
褌褘泻胁邪	0.000300	0.040822	0.000012
褍斜械褉械褔褜	0.000300	4.605170	0.001380
褍胁械写芯屑谢械薪懈褟	0.000300	0.040822	0.000012
褍写邪褔薪邪褟	0.000300	0.116534	0.000035
褍写懈胁懈	0.000300	0.116534	0.000035
褍写懈胁谢褟泄褌械	0.001198	0.116534	0.000140
褍写芯胁芯谢褜褋褌胁懈械屑	0.000300	0.116534	0.000035
褍卸懈薪	0.002097	0.094311	0.000198
褍卸懈薪邪	0.000599	2.207275	0.001323
褍蟹斜械泻褋泻邪褟	0.000300	0.116534	0.000035
褍泻褉邪懈薪褋泻邪褟	0.000300	0.116534	0.000035
褍泻褉邪褋懈褌	0.000300	1.560648	0.000468
褍泻褉邪褕械薪懈褟	0.002397	0.116534	0.000279
褍泻褉芯锌	0.001498	0.562119	0.000842
褍泻褋褍褋	0.000599	0.634878	0.000380
褍锌芯褌褉械斜谢械薪懈械屑	0.000300	0.116534	0.000035
褍褉邪谢褜褋泻邪褟	0.000300	0.116534	0.000035
褍褉芯卸邪泄	0.000300	0.105361	0.000032
褍褋懈谢懈褟	0.000300	3.912023	0.001172
褍褌泻懈	0.000899	0.116534	0.000105
褍褏邪	0.000300	0.040822	0.000012
褍褔邪褋褌胁芯胁邪褌褜	0.000300	0.040822	0.000012
褍褕泻懈	0.000300	4.605170	0.001380
褎邪蟹械薪写褘	0.000300	0.127833	0.000038
褎邪薪褌邪蟹懈懈	0.001797	0.116534	0.000209
褎邪薪褌邪蟹懈泄	0.000300	0.116534	0.000035
褎邪薪褌邪蟹懈褟	0.000300	0.116534	0.000035
褎邪褉褕	0.002397	1.021651	0.002449
褎邪褉褕邪	0.004194	0.040822	0.000171
褎邪褉褕械屑	0.000899	1.966113	0.001767
褎邪褉褕懈褉芯胁邪薪薪邪褟	0.000599	0.116534	0.000070
褎邪褉褕懈褉芯胁邪薪薪芯械	0.000300	0.116534	0.000035
褎邪褉褕懈褉芯胁邪薪薪褘械	0.000899	0.040822	0.000037
褎邪褉褕懈褉芯胁邪薪薪褘泄	0.000599	0.040822	0.000024
褎邪褋芯谢褜	0.000300	0.040822	0.000012
褎械胁褉邪谢褟	0.000300	0.105361	0.000032
褎械泄械褉胁械褉泻	0.000599	0.116534	0.000070
褎懈谐褍褉械	0.000300	0.116534	0.000035
褎懈谢械	0.000300	0.916291	0.000275
褎懈薪褋泻邪褟	0.000300	0.116534	0.000035
褎懈褉屑械薪薪芯械	0.000300	0.116534	0.000035
褎懈褋褌邪褕械泻	0.000300	4.605170	0.001380
褎懈褋褌邪褕泻懈	0.000599	3.218876	0.001929
褎懈褋褌邪褕泻芯胁褘泄	0.000300	4.605170	0.001380
褎懈褋褌邪褕泻芯胁褘屑	0.000300	4.605170	0.001380
褎懈褋褌邪褕泻芯胁褘屑懈	0.000300	4.605170	0.001380
褎芯薪写褞	0.000300	0.040822	0.000012
褎芯褉械褋褌	0.000300	3.912023	0.001172
褎芯褉屑褘	0.000300	0.116534	0.000035
褎芯褉褍屑械	0.000599	0.040822	0.000024
褎芯褉褕屑邪泻	0.000300	0.040822	0.000012
褎褉邪薪褑懈懈	0.000300	0.116534	0.000035
褎褉邪薪褑褍蟹泻邪褟	0.000300	4.605170	0.001380
褎褉邪薪褑褍蟹褋泻邪褟	0.000300	0.116534	0.000035
褎褉邪褍	0.001198	0.116534	0.000140
褎褉褍泻褌芯胁	0.001198	0.116534	0.000140
褎褉褍泻褌芯胁芯	0.000300	0.116534	0.000035
褎褉褍泻褌芯胁褘械	0.002097	0.040822	0.000086
褎褍写	0.000300	0.116534	0.000035
褎褍褉褕械褌	0.000300	0.116534	0.000035
褏邪谢胁邪	0.000300	0.040822	0.000012
褏邪谢褟胁邪	0.000300	3.912023	0.001172
褏邪褉胁械褋褌褎械褋褌	0.000599	0.116534	0.000070
褏邪褉褔芯	0.000599	0.040822	0.000024
褏邪褕	0.000300	0.040822	0.000012
褏胁芯褉芯褋褌	0.000300	0.040822	0.000012
褏懈谢谢褋	0.000300	3.912023	0.001172
褏懈薪泻邪谢懈	0.000300	0.116534	0.000035
褏懈褌	0.002097	0.116534	0.000244
褏谢械斜	0.000899	0.040822	0.000037
褏谢械斜芯锌械褔泻懈	0.000300	0.116534	0.000035
褏谢芯锌芯褌	0.000300	2.995732	0.000897
褏谢芯锌褜褟	0.000599	0.105361	0.000063
褏屑械谢懈	0.000599	2.207275	0.001323
褏芯蟹褟泄泻懈	0.000300	0.127833	0.000038
褏芯谢芯写械褑	0.000300	0.040822	0.000012
褏芯谢芯写薪褘械	0.000599	0.116534	0.000070
褏芯谢芯写薪褘泄	0.000599	0.116534	0.000070
褏芯褉胁邪褌褋泻邪褟	0.000300	0.116534	0.000035
褏芯褉芯褕芯	0.001498	0.105361	0.000158
褏芯褉褋	0.000300	0.116534	0.000035
褏芯褌懈褌械	0.000300	0.040822	0.000012
褏芯褔械褌褋褟	0.000300	1.469676	0.000440
褏褍屑褍褋	0.000300	0.040822	0.000012
褑邪褉褋褌胁芯	0.000300	0.127833	0.000038
褑邪褉褜	0.000300	0.116534	0.000035
褑胁械褌薪邪褟	0.000300	0.040822	0.000012
褑械薪薪褘褏	0.000300	0.040822	0.000012
褑械薪褌褉	0.000300	0.116534	0.000035
褔邪械屑	0.000300	0.116534	0.000035
褔邪泄	0.000899	0.040822	0.000037
褔邪泄薪褘泄	0.000599	4.605170	0.002759
褔械斜褍褉械泻懈	0.000599	0.040822	0.000024
褔械谐芯	0.000300	1.203973	0.000361
褔械褉泻懈蟹芯胁芯	0.000599	0.116534	0.000070
褔械褉薪褘泄	0.004494	0.371064	0.001667
褔械褋薪芯泻	0.005093	0.314711	0.001603
褔械褋褌薪褘屑懈	0.000300	0.040822	0.000012
褔械褔械胁懈褑邪	0.000300	0.040822	0.000012
褔械褕褋泻邪褟	0.000300	0.116534	0.000035
褔懈蟹泻械泄泻	0.001198	0.040822	0.000049
褔懈谢懈	0.000599	1.237874	0.000742
褔懈谢懈泄褋泻邪褟	0.000300	0.116534	0.000035
褔懈锌褋褘	0.000300	0.040822	0.000012
褔懈褋谢褍	0.000300	0.261365	0.000078
褔褍写械褋	0.000300	0.116534	0.000035
褕邪褉懈泻懈	0.000300	0.040822	0.000012
褕邪褉谢芯褌泻邪	0.000300	0.040822	0.000012
褕邪褉谢芯褌泻懈	0.000300	0.127833	0.000038
褕邪褉屑	0.000300	0.116534	0.000035
褕邪褕谢褘泻	0.003595	0.040822	0.000147
褕邪褕谢褘泻懈	0.000300	0.040822	0.000012
褕胁械写褋泻邪褟	0.000300	0.116534	0.000035
褕胁械泄褑邪褉褋泻邪褟	0.000300	0.116534	0.000035
褕械写械胁褉褘	0.000300	0.116534	0.000035
褕械褎	0.000300	0.127833	0.000038
褕懈锌褍褔泻邪	0.000300	0.040822	0.000012
褕懈褉芯泻邪褟	0.000300	0.127833	0.000038
褕泻芯谢褍	0.000300	0.116534	0.000035
褕芯泻芯谢邪写	0.000300	0.040822	0.000012
褕芯褌谢邪薪写褋泻邪褟	0.000300	0.116534	0.000035
褕褌褉褍写械谢褜	0.000300	0.040822	0.000012
褕褍褉锌邪	0.000300	0.040822	0.000012
褖邪褋	0.000300	0.116534	0.000035
褖械写褉邪褟	0.000300	0.116534	0.000035
褖懈	0.000599	0.040822	0.000024
褝泻蟹芯褌懈褔械褋泻芯械	0.000300	3.912023	0.001172
褝泻芯屑懈谢泻	0.000300	0.127833	0.000038
褝褋泻邪谢芯锌	0.000899	3.912023	0.003516
褝褋褌芯薪褋泻邪褟	0.000300	0.116534	0.000035
褝褌邪锌械	0.000300	4.605170	0.001380
褝褌芯谐芯	0.000599	0.415515	0.000249
褝褌芯泄	0.000300	1.427116	0.000428
褝褌褍	0.000300	1.272966	0.000381
褞谐芯褋谢邪胁褋泻邪褟	0.000300	0.116534	0.000035
褟斜谢芯泻芯	0.000599	1.427116	0.000855
褟斜谢芯褔薪褘泄	0.000300	1.832581	0.000549
褟谐芯写薪褘械	0.000599	0.116534	0.000070
褟谐芯写薪褘泄	0.000599	0.116534	0.000070
褟蟹褘泻	0.000300	0.040822	0.000012
褟懈褑	0.001198	0.116534	0.000140
褟泄褑邪	0.000300	0.040822	0.000012
褟泄褑芯	0.003595	0.261365	0.000940
褟薪胁邪褉褟	0.002097	0.733969	0.001539
褟薪写械泻褋	0.000300	0.072571	0.000022
褟锌芯薪褋泻邪褟	0.000300	0.116534	0.000035
褟锌芯薪褋泻芯泄	0.000300	0.061875	0.000019
褟褉泻邪褟	0.000300	3.218876	0.000964
褟褉泻懈械	0.000300	0.116534	0.000035
褟褉泻芯	0.000300	0.105361	0.000032
