褌芯泻械薪	TF	IDF	TF-IDF
邪胁谐褍褋褌	0.001147	4.605170	0.005281
邪胁褌芯屑邪褌懈褔械褋泻芯械	0.000382	4.605170	0.001760
邪胁褌芯褉邪屑	0.000382	0.040822	0.000016
邪胁褌芯褉懈蟹邪褑懈懈	0.000382	3.912023	0.001495
邪谐褉芯	0.000765	0.116534	0.000089
邪写卸懈泻邪	0.000382	0.040822	0.000016
邪写褉械褋邪	0.000382	4.605170	0.001760
邪泄褉邪薪	0.000382	0.040822	0.000016
邪泻褑懈褟	0.000382	4.605170	0.001760
邪谢褜褟薪褋	0.000765	0.116534	0.000089
邪薪褌邪褉械褋	0.000382	4.605170	0.001760
邪锌褉械谢褜	0.001147	4.605170	0.005281
邪褌谢邪薪褌芯屑	0.000382	4.605170	0.001760
斜邪泻谢邪卸邪薪褘	0.000382	0.040822	0.000016
斜邪褋褌褍褉屑邪	0.000382	0.040822	0.000016
斜械蟹械	0.000382	0.040822	0.000016
斜械谢械斜械械胁褋泻懈泄	0.000765	0.116534	0.000089
斜械褋锌谢邪褌薪邪褟	0.000382	4.605170	0.001760
斜懈褋泻胁懈褌	0.000382	0.040822	0.000016
斜谢懈卸械	0.000765	0.116534	0.000089
斜谢懈蟹泻懈褏	0.000765	0.116534	0.000089
斜谢懈薪褘	0.001147	0.040822	0.000047
斜谢褞写	0.000765	0.094311	0.000072
斜谢褞写邪	0.001911	0.040822	0.000078
斜谢褞写芯	0.002294	0.040822	0.000094
斜谢褞写褍	0.000765	0.116534	0.000089
斜芯谢褜褕械	0.002294	0.105361	0.000242
斜芯褉褖	0.000382	0.040822	0.000016
斜芯褌胁懈薪褜褟	0.000382	0.040822	0.000016
斜褉邪褍蟹械褉械	0.000382	0.040822	0.000016
斜褉邪褍薪懈	0.000382	0.040822	0.000016
斜褉械薪写邪	0.002676	4.605170	0.012323
斜褉芯泻泻芯谢懈	0.000382	0.040822	0.000016
斜褍卸械薪懈薪邪	0.000382	0.040822	0.000016
斜褍谢芯褔泻邪屑懈	0.000765	0.116534	0.000089
斜褍谢芯褔泻懈	0.000382	0.040822	0.000016
斜褍谢褜芯薪	0.001147	0.040822	0.000047
斜褍褉谐械褉	0.000382	0.040822	0.000016
斜褍褌械褉斜褉芯写褘	0.000382	0.040822	0.000016
斜褘褋褌褉芯	0.000765	0.094311	0.000072
斜褘褋褌褉芯泄	0.000765	0.116534	0.000089
胁邪卸薪褘械	0.000765	0.116534	0.000089
胁邪褉械薪褜械	0.000382	0.040822	0.000016
胁邪褉泻懈	0.000382	2.407946	0.000920
胁邪褌褉褍褕泻懈	0.000382	0.040822	0.000016
胁邪褎谢懈	0.000382	0.040822	0.000016
胁邪褕械泄	0.000382	0.040822	0.000016
胁邪褕懈屑	0.000382	2.040221	0.000780
胁胁芯写褟	0.000382	0.040822	0.000016
胁写芯褏薪芯胁械薪懈械	0.001529	0.116534	0.000178
胁写芯褏薪芯胁械薪懈械屑	0.000765	0.116534	0.000089
胁写芯褏薪芯胁谢褟泄褋褟	0.000765	0.116534	0.000089
胁械谢懈泻懈泄	0.000765	0.116534	0.000089
胁械褋械谢邪褟	0.000765	4.605170	0.003521
胁械褋械薪薪械械	0.000765	3.912023	0.002991
胁械褋械薪薪懈械	0.000382	0.051293	0.000020
胁械褋薪邪	0.004587	0.116534	0.000535
胁械褋薪褘	0.000765	0.116534	0.000089
胁械褔械褉	0.001529	2.407946	0.003682
胁懈写械芯	0.000765	0.116534	0.000089
胁懈写械褌褜	0.000382	4.605170	0.001760
胁懈泻褌芯褉懈薪邪	0.000765	3.912023	0.002991
胁懈泻褌芯褉懈薪褘	0.000382	4.605170	0.001760
胁懈薪芯	0.000382	0.040822	0.000016
胁泻褍褋	0.002294	0.105361	0.000242
胁泻褍褋邪	0.003058	0.116534	0.000356
胁泻褍褋薪邪褟	0.002676	0.061875	0.000166
胁泻褍褋薪械械	0.002294	0.116534	0.000267
胁泻褍褋薪械泄	0.000765	0.116534	0.000089
胁泻褍褋薪芯	0.002294	0.094311	0.000216
胁泻褍褋薪褘械	0.001529	0.105361	0.000161
胁泻褍褋芯胁	0.000765	3.218876	0.002461
胁泻褍褋芯屑	0.000382	0.105361	0.000040
胁泻褍褋褘	0.000765	2.120264	0.001621
胁屑械褋褌械	0.000765	0.916291	0.000701
胁薪械	0.000382	3.912023	0.001495
胁薪懈屑邪薪懈械	0.000382	2.813411	0.001075
胁芯	0.001147	0.061875	0.000071
胁芯蟹屑芯卸薪芯	0.000382	1.469676	0.000562
胁芯泄褌懈	0.000382	0.000000	0.000000
胁芯谢褕械斜薪褘械	0.000765	0.116534	0.000089
胁芯谢褕械斜褋褌胁邪	0.000382	4.605170	0.001760
胁芯谢褕械斜褋褌胁芯	0.000765	0.116534	0.000089
胁芯锌褉芯褋褘	0.000382	0.000000	0.000000
胁褉械屑械薪邪	0.000765	0.116534	0.000089
胁褉械屑械薪械屑	0.000765	0.116534	0.000089
胁褋械泄	0.002294	0.105361	0.000242
胁褋械屑褍	0.000382	0.061875	0.000024
胁褋锌芯屑薪懈褌褜	0.000382	0.040822	0.000016
胁褏芯写	0.001147	0.030459	0.000035
胁褘写邪褞褌褋褟	0.000382	4.605170	0.001760
胁褘泄褌懈	0.000382	0.040822	0.000016
胁褘锌械褔泻邪	0.002676	0.040822	0.000109
胁褘锌械褔泻懈	0.000382	0.072571	0.000028
谐邪屑屑邪	0.000765	3.912023	0.002991
谐邪褉薪懈褉	0.000382	0.040822	0.000016
谐邪褋锌邪褔芯	0.000382	0.040822	0.000016
谐械芯谐褉邪褎懈褟	0.000765	0.116534	0.000089
谐谢邪胁薪邪褟	0.000382	3.506558	0.001340
谐谢邪胁薪褘泄	0.000382	0.040822	0.000016
谐谢邪蟹褍褉褜	0.000382	0.040822	0.000016
谐谢懈薪褌胁械泄薪	0.000382	0.040822	0.000016
谐芯写	0.006881	0.105361	0.000725
谐芯写邪	0.000765	0.248461	0.000190
谐芯褉芯写邪	0.000765	0.116534	0.000089
谐芯褉芯褏	0.000765	0.116534	0.000089
谐芯褉褔懈褑邪	0.000382	0.040822	0.000016
谐芯褉褕芯褔泻械	0.000382	0.040822	0.000016
谐芯褉褟褔懈械	0.000765	0.105361	0.000081
谐芯褉褟褔懈泄	0.001529	0.116534	0.000178
谐芯褌芯胁懈屑	0.002294	0.094311	0.000216
谐芯褌芯胁懈褌褜	0.001911	0.105361	0.000201
谐芯褌芯胁褜	0.000765	0.116534	0.000089
谐芯褌芯胁褟褌	0.000765	0.116534	0.000089
谐褉械薪泻懈	0.000382	0.040822	0.000016
谐褉械褔泻邪	0.000382	0.040822	0.000016
谐褉懈斜薪褘械	0.000382	0.040822	0.000016
谐褉懈斜褘	0.000382	0.040822	0.000016
谐褉懈谢褜	0.000765	0.116534	0.000089
谐褉懈谢褜屑邪薪懈褟	0.000765	0.116534	0.000089
谐褉懈谢褟	0.000765	0.116534	0.000089
谐褉芯谐	0.000382	0.040822	0.000016
谐褉褍锌锌	0.000382	3.506558	0.001340
谐褉褍锌锌褘	0.000765	0.061875	0.000047
谐褍褉屑邪薪懈褟	0.000765	0.116534	0.000089
写邪械褌	0.000382	0.040822	0.000016
写邪薪薪褘械	0.000382	0.040822	0.000016
写邪褉褘	0.000765	0.116534	0.000089
写邪褔薪芯械	0.000765	0.116534	0.000089
写械泻邪斜褉褟	0.000382	0.597837	0.000229
写械谢邪械褌	0.001529	0.116534	0.000178
写械谢懈屑褋褟	0.000382	0.040822	0.000016
写械谢芯屑	0.000765	0.116534	0.000089
写械薪褜	0.000765	0.083382	0.000064
写械褋械褉褌邪褑懈褟	0.000765	0.116534	0.000089
写械褋械褉褌褘	0.001147	0.040822	0.000047
写械褌褋泻懈械	0.000382	3.912023	0.001495
写械褌褟屑	0.001147	2.995732	0.003435
写卸械屑	0.000382	0.040822	0.000016
写蟹械薪	0.008028	0.116534	0.000935
写懈械褌邪	0.000765	0.116534	0.000089
写懈泻懈泄	0.000765	0.116534	0.000089
写懈泻芯谐芯	0.000765	0.116534	0.000089
写薪械胁薪懈泻邪褏	0.000382	0.061875	0.000024
写薪械泄	0.001911	0.116534	0.000223
写薪褟	0.000382	0.040822	0.000016
写芯斜邪胁谢械薪懈械	0.000382	3.218876	0.001230
写芯斜邪胁谢褟褌褜	0.000382	0.040822	0.000016
写芯斜邪胁褜	0.000765	0.116534	0.000089
写芯胁械褉褟械褕褜	0.000765	0.116534	0.000089
写芯屑	0.003058	0.040822	0.000125
写芯屑邪褕薪械械	0.000382	0.040822	0.000016
写芯屑邪褕薪懈械	0.000382	0.040822	0.000016
写芯屑芯胁	0.000382	0.040822	0.000016
写芯褋褌邪胁泻邪	0.000382	4.605170	0.001760
写芯褋褌邪胁泻懈	0.000382	4.605170	0.001760
写芯褋褌邪胁谢械薪	0.000382	4.605170	0.001760
写芯褋褌褍锌薪芯	0.000382	3.912023	0.001495
写褉褍谐懈屑懈	0.000382	0.040822	0.000016
写褉褍蟹械泄	0.000765	1.514128	0.001158
写褉褍蟹褜褟屑	0.000382	1.660731	0.000635
写褍褕懈	0.002294	0.105361	0.000242
械写械褌	0.000382	4.605170	0.001760
械写懈薪褘泄	0.000382	0.040822	0.000016
卸邪褉泻芯械	0.000382	0.040822	0.000016
卸械谢械	0.000382	0.040822	0.000016
卸械薪褋泻芯屑	0.000382	0.061875	0.000024
卸械薪褖懈薪褘	0.000765	0.116534	0.000089
卸懈胁械褌械	0.000382	4.605170	0.001760
卸懈胁芯褌薪褘褏	0.000765	4.605170	0.003521
卸懈蟹薪懈	0.000382	0.040822	0.000016
卸懈蟹薪褜	0.000765	0.116534	0.000089
卸褍谢褜械薪	0.000382	0.040822	0.000016
卸褍褉薪邪谢	0.000382	2.659260	0.001017
卸褞谢褜械薪	0.000382	0.040822	0.000016
蟹邪胁械褉褕械薪薪褘械	0.000382	4.605170	0.001760
蟹邪胁褌褉邪泻	0.002294	0.094311	0.000216
蟹邪谐芯褌芯胁泻懈	0.000382	0.040822	0.000016
蟹邪写邪胁邪褌褜	0.000382	0.040822	0.000016
蟹邪泻胁邪褋泻邪	0.000382	0.040822	0.000016
蟹邪泻胁邪褋泻邪屑懈	0.001529	0.116534	0.000178
蟹邪泻褍褋泻懈	0.000382	0.040822	0.000016
蟹邪泻褍褋芯薪褔懈泻	0.000765	0.116534	0.000089
蟹邪泻褍褋芯褔泻邪	0.000765	0.116534	0.000089
蟹邪谢懈胁薪芯械	0.000382	0.040822	0.000016
蟹邪芯	0.000382	4.605170	0.001760
蟹邪锌邪写	0.000765	0.116534	0.000089
蟹邪锌械泻邪薪泻懈	0.000382	0.040822	0.000016
蟹邪锌褉邪胁泻邪	0.000382	0.040822	0.000016
蟹邪褉械谐懈褋褌褉懈褉芯胁邪胁褕懈褋褜	0.000382	0.040822	0.000016
蟹邪褉械谐懈褋褌褉懈褉芯胁邪薪薪褘械	0.000382	2.207275	0.000844
蟹邪褉械谐懈褋褌褉懈褉芯胁邪褌褜褋褟	0.000382	0.030459	0.000012
蟹邪褉械谐懈褋褌褉懈褉褍泄褌械褋褜	0.000382	4.605170	0.001760
蟹胁械蟹写芯泄	0.000382	4.605170	0.001760
蟹写芯褉芯胁芯械	0.001529	0.116534	0.000178
蟹写芯褉芯胁褘泄	0.000765	0.116534	0.000089
蟹械褎懈褉	0.000382	0.040822	0.000016
蟹懈屑薪懈械	0.000382	0.051293	0.000020
蟹懈屑褍	0.001147	0.040822	0.000047
蟹芯谢芯褌邪褟	0.000765	0.116534	0.000089
懈胁谢械胁褘屑	0.000382	4.605170	0.001760
懈写械邪谢褜薪邪褟	0.000765	0.116534	0.000089
懈写械邪谢褜薪芯谐芯	0.001529	0.116534	0.000178
懈写械邪谢褜薪芯械	0.000765	0.116534	0.000089
懈写械泄泻懈	0.000765	0.116534	0.000089
懈写械薪褌懈褎懈泻邪褌芯褉邪	0.000382	4.605170	0.001760
懈蟹写邪褌械谢褜褋褌胁邪	0.000382	4.605170	0.001760
懈泻褉邪	0.000382	0.040822	0.000016
懈屑械薪械屑	0.000382	0.040822	0.000016
懈薪写械泄泻懈	0.000765	0.094311	0.000072
懈薪写械泄泻芯泄	0.000765	0.116534	0.000089
懈薪写懈谢邪泄褌	0.002294	0.116534	0.000267
懈薪写懈褉械褋薪褘械	0.000765	0.116534	0.000089
懈薪褋褌褉褍泻褑懈褟屑懈	0.000382	0.040822	0.000016
懈褋泻褉械薪薪械	0.000765	0.116534	0.000089
懈褋锌械泻懈	0.000765	0.116534	0.000089
懈褋褌芯褉懈懈	0.003823	0.116534	0.000445
懈褋褌芯褉懈褞	0.000765	0.116534	0.000089
懈褌邪谢懈懈	0.001529	0.105361	0.000161
懈褌芯谐懈	0.086391	4.605170	0.397847
懈褌芯谐芯胁	0.000765	4.605170	0.003521
懈褞谢褜	0.001147	4.605170	0.005281
懈褞薪褜	0.000765	4.605170	0.003521
泄芯谐褍褉褌	0.000382	0.040822	0.000016
泻邪斜邪褔泻懈	0.000382	0.040822	0.000016
泻邪斜懈薪械褌械	0.000382	4.605170	0.001760
泻邪泻邪芯	0.000382	0.040822	0.000016
泻邪谢械泄写芯褋泻芯锌	0.000765	0.116534	0.000089
泻邪谢褜屑邪褉	0.000382	0.040822	0.000016
泻邪屑械褉邪	0.000765	0.116534	0.000089
泻邪薪邪谢	0.000765	0.040822	0.000031
泻邪薪邪谢械	0.000382	0.040822	0.000016
泻邪薪邪锌械	0.000382	0.040822	0.000016
泻邪锌褍褋褌邪	0.000765	0.040822	0.000031
泻邪锌褍褋褌薪褟泻	0.000382	0.040822	0.000016
泻邪锌褍褋褌褘	0.000382	0.040822	0.000016
泻邪褉邪屑械谢褜	0.000382	0.040822	0.000016
泻邪褉褌芯褎械谢褜	0.000382	0.040822	0.000016
泻邪褉褌芯褎械谢褜薪芯械	0.000382	0.040822	0.000016
泻邪褉褌芯褕泻邪	0.000765	0.040822	0.000031
泻邪褋邪薪懈械	0.000765	4.605170	0.003521
泻邪褔械褋褌胁芯	0.000765	0.116534	0.000089
泻邪褕邪	0.000382	0.040822	0.000016
泻邪褕褍	0.000765	0.094311	0.000072
泻胁邪褋	0.000765	0.040822	0.000031
泻胁邪褋薪芯械	0.000765	0.116534	0.000089
泻械泻褋	0.000382	0.040822	0.000016
泻械褎懈褉	0.000382	0.040822	0.000016
泻懈屑褔懈	0.000382	0.040822	0.000016
泻懈薪芯谢械薪褌邪	0.000765	0.116534	0.000089
泻懈褋械谢褜	0.000382	0.040822	0.000016
泻谢邪褋褋	0.003823	0.116534	0.000445
泻谢邪褋褋邪	0.003823	4.605170	0.017604
泻谢邪褋褋芯胁	0.000382	4.605170	0.001760
泻谢邪褋褋褘	0.000382	0.116534	0.000045
泻薪懈谐褍	0.000382	0.040822	0.000016
泻芯泻褌械泄谢褜	0.001147	0.040822	0.000047
泻芯谢斜邪褋邪	0.000382	0.040822	0.000016
泻芯屑锌邪薪懈懈	0.009939	3.218876	0.031992
泻芯屑锌邪薪懈泄	0.000382	0.105361	0.000040
泻芯屑锌邪薪懈褟	0.000765	3.912023	0.002991
泻芯屑锌芯蟹懈褑懈褟	0.000765	4.605170	0.003521
泻芯屑锌芯薪械薪褌芯胁	0.000765	4.605170	0.003521
泻芯屑锌芯褌	0.000382	0.040822	0.000016
泻芯薪泻褍褉褋	0.074541	0.105361	0.007854
泻芯薪泻褍褉褋邪	0.075306	0.116534	0.008776
泻芯薪泻褍褉褋邪褏	0.001147	0.040822	0.000047
泻芯薪泻褍褉褋械	0.000765	2.302585	0.001760
泻芯薪泻褍褉褋芯胁	0.000382	3.912023	0.001495
泻芯薪泻褍褉褋褘	0.001529	3.506558	0.005362
泻芯薪褋械褉胁懈褉芯胁邪薪懈械	0.000382	0.040822	0.000016
泻芯薪褋褌邪薪褌懈薪芯屑	0.000382	4.605170	0.001760
泻芯薪褎械褌褌懈	0.000765	0.116534	0.000089
泻芯薪褎械褌褘	0.000382	0.040822	0.000016
泻芯薪褎懈写械薪褑懈邪谢褜薪芯褋褌懈	0.000382	0.040822	0.000016
泻芯薪褎懈褌褞褉	0.000382	0.040822	0.000016
泻芯褉械泄褋泻懈	0.000382	0.040822	0.000016
泻芯褉卸懈泻懈	0.000382	0.040822	0.000016
泻芯褉芯谢械胁邪	0.000765	3.506558	0.002681
泻芯褌谢械褌褘	0.000382	0.040822	0.000016
泻芯褌芯褉芯屑褍	0.000765	0.116534	0.000089
泻芯褎械	0.000382	0.040822	0.000016
泻褉邪褋泻懈	0.000765	0.116534	0.000089
泻褉械屑	0.000382	0.040822	0.000016
泻褉芯屑械	0.000382	0.061875	0.000024
泻褉芯褏懈	0.000765	0.116534	0.000089
泻褉褍谐褍	0.001529	0.116534	0.000178
泻褉褍锌邪屑懈	0.000382	3.912023	0.001495
泻褉褍锌褟薪褘械	0.000765	0.116534	0.000089
泻褍谢械褕	0.000382	0.040822	0.000016
泻褍谢懈薪邪褉懈懈	0.001529	0.094311	0.000144
泻褍谢懈薪邪褉懈褟	0.000765	2.813411	0.002151
泻褍谢懈薪邪褉薪邪褟	0.001911	0.116534	0.000223
泻褍谢懈薪邪褉薪芯谐芯	0.000382	3.912023	0.001495
泻褍谢懈薪邪褉薪芯械	0.000765	0.116534	0.000089
泻褍谢懈薪邪褉薪褍褞	0.000382	0.040822	0.000016
泻褍谢懈薪邪褉薪褘械	0.001529	2.525729	0.003862
泻褍谢懈薪邪褉薪褘泄	0.000382	0.072571	0.000028
泻褍谢懈薪邪褉薪褘褏	0.001529	0.116534	0.000178
泻褍谢懈褔	0.000382	0.040822	0.000016
泻褍褉懈褑邪	0.000382	0.040822	0.000016
泻褍褉芯褔泻芯泄	0.000765	0.116534	0.000089
泻褍褋泻褍褋	0.000382	0.040822	0.000016
泻褍褏薪械泄	0.000382	0.040822	0.000016
泻褍褏薪懈	0.001147	0.040822	0.000047
谢邪胁邪褕	0.000382	0.040822	0.000016
谢邪谐屑邪薪	0.000382	0.040822	0.000016
谢邪泻芯屑褋褌胁芯	0.000765	0.116534	0.000089
谢邪锌褕邪	0.000382	0.040822	0.000016
谢械谐泻邪褟	0.000765	0.116534	0.000089
谢械谐泻芯	0.002294	0.116534	0.000267
谢械写	0.000765	3.912023	0.002991
谢械锌械褕泻懈	0.000382	0.040822	0.000016
谢械褌邪	0.001529	0.116534	0.000178
谢械褌薪懈械	0.000382	0.040822	0.000016
谢械褌薪褟褟	0.000765	0.116534	0.000089
谢械褌芯	0.002294	0.116534	0.000267
谢械褔芯	0.000382	0.040822	0.000016
谢懈谐邪	0.000765	0.116534	0.000089
谢懈泻械褉	0.000382	0.040822	0.000016
谢懈屑芯薪邪写	0.000382	0.040822	0.000016
谢懈褔薪芯屑	0.000382	3.912023	0.001495
谢褍褔褕懈械	0.001529	0.116534	0.000178
谢褍褔褕懈泄	0.001147	0.040822	0.000047
谢褍褔褕懈褏	0.000765	0.116534	0.000089
谢褞斜胁懈	0.000765	0.105361	0.000081
谢褞斜懈屑芯屑褍	0.000765	0.116534	0.000089
谢褞斜懈屑褘褏	0.003440	0.116534	0.000401
谢褞斜芯胁褜	0.000765	0.116534	0.000089
谢褞斜芯泄	0.000765	0.116534	0.000089
屑邪泄	0.001911	0.116534	0.000223
屑邪泻邪褉芯薪褘	0.000382	0.040822	0.000016
屑邪薪薪懈泻	0.000382	0.040822	0.000016
屑邪薪褢胁褉褘	0.000765	0.116534	0.000089
屑邪褉邪褎芯薪	0.002676	0.116534	0.000312
屑邪褉邪褎芯薪邪	0.000382	4.605170	0.001760
屑邪褉懈薪邪写	0.000382	0.040822	0.000016
屑邪褉泻懈	0.001147	4.605170	0.005281
屑邪褉屑械谢邪写	0.000382	0.040822	0.000016
屑邪褉褌	0.000765	4.605170	0.003521
屑邪褉褌邪	0.002676	0.105361	0.000282
屑邪褋泻邪褉锌芯薪械	0.000382	0.040822	0.000016
屑邪褋谢械薪懈褑邪	0.001147	0.040822	0.000047
屑邪褋谢械薪懈褔薪芯械	0.000765	0.116534	0.000089
屑邪褋褌械褉	0.008410	0.116534	0.000980
屑邪褋褌懈泻邪	0.000382	0.040822	0.000016
屑邪褌械褉懈邪谢褘	0.000765	3.912023	0.002991
屑邪褏械械胁褗	0.002676	0.116534	0.000312
屑械写懈邪褎芯褉褌	0.001147	0.000000	0.000000
屑械卸锌芯褉褌邪谢褜薪芯谐芯	0.000382	4.605170	0.001760
屑械卸锌芯褉褌邪谢褜薪褘泄	0.000382	4.605170	0.001760
屑械薪褞	0.000765	0.116534	0.000089
屑械薪褟	0.000765	0.083382	0.000064
屑械薪褟械褌褋褟	0.000765	0.116534	0.000089
屑械褋褟褑邪	0.000765	3.912023	0.002991
屑械褋褟褑械胁	0.000382	2.207275	0.000844
屑械褔褌褘	0.000382	0.040822	0.000016
屑懈写懈懈	0.000382	0.040822	0.000016
屑懈谢褜械	0.000765	0.116534	0.000089
屑懈芯	0.000765	0.116534	0.000089
屑懈褉	0.000765	0.116534	0.000089
屑懈褉邪	0.000765	0.116534	0.000089
屑懈褉械	0.000765	2.659260	0.002033
屑懈褉芯胁邪褟	0.000765	0.116534	0.000089
屑懈褋芯	0.000382	0.040822	0.000016
屑懈褋褌械褉懈褟	0.000765	0.116534	0.000089
屑懈褋褌褉邪谢褜	0.016437	0.116534	0.001916
屑薪芯卸械褋褌胁芯屑	0.000382	0.040822	0.000016
屑芯斜懈谢褜薪芯屑	0.000382	4.605170	0.001760
屑芯械	0.001529	0.116534	0.000178
屑芯卸械褌械	0.000382	0.000000	0.000000
屑芯泄	0.001529	0.105361	0.000161
屑芯谢芯褔薪褘泄	0.000765	0.040822	0.000031
屑芯屑械薪褌	0.001529	0.116534	0.000178
屑芯屑械薪褌邪	0.000765	3.506558	0.002681
屑芯褉械	0.000765	0.116534	0.000089
屑芯褉械锌褉芯写褍泻褌芯胁	0.000382	0.040822	0.000016
屑芯褉泻芯胁褜	0.000382	0.040822	0.000016
屑芯褉芯卸械薪芯械	0.000382	0.040822	0.000016
屑芯褉褋	0.000382	0.040822	0.000016
屑芯褌芯褉	0.000765	0.116534	0.000089
屑芯褏懈褌芯	0.000382	0.040822	0.000016
屑褍卸褔懈薪褘	0.000765	0.116534	0.000089
屑褍谢褜褌懈锌械泻邪褉械泄	0.000765	0.116534	0.000089
屑褍褋褋	0.000382	0.040822	0.000016
屑褟褋薪褘械	0.000382	0.040822	0.000016
屑褟褋芯	0.001147	0.040822	0.000047
屑褟褋芯屑	0.000382	0.040822	0.000016
薪邪谢懈胁泻邪	0.000382	0.040822	0.000016
薪邪锌懈褌泻懈	0.000765	0.040822	0.000031
薪邪锌懈褌芯泻	0.000382	0.040822	0.000016
薪邪褋褌芯泄泻邪	0.000382	0.040822	0.000016
薪邪褋褌褉芯械薪懈械	0.002294	0.116534	0.000267
薪邪褔懈薪邪褞褖懈褏	0.000765	4.605170	0.003521
薪邪褔懈薪泻邪	0.000382	0.040822	0.000016
薪邪褕械泄	0.000382	1.347074	0.000515
薪邪褕械屑	0.000382	0.040822	0.000016
薪邪褕懈	0.000382	0.061875	0.000024
薪邪褕懈褏	0.000382	1.514128	0.000579
薪械写械谢懈	0.001529	2.120264	0.003242
薪械写械谢褟	0.001147	0.061875	0.000071
薪械卸薪芯泄	0.000765	0.116534	0.000089
薪械屑	0.000382	1.203973	0.000460
薪械芯斜褏芯写懈屑芯	0.000382	2.813411	0.001075
薪芯胁邪褟	0.000765	0.116534	0.000089
薪芯胁芯谐芯写薪械谐芯	0.001147	0.116534	0.000134
薪芯胁芯谐芯写薪械械	0.002294	0.116534	0.000267
薪芯胁芯谐芯写薪械屑	0.000765	2.995732	0.002290
薪芯胁芯谐芯写薪懈械	0.004969	0.040822	0.000203
薪芯胁芯谐芯写薪懈泄	0.006116	0.116534	0.000713
薪芯胁芯谐芯写薪褟褟	0.001529	0.105361	0.000161
薪芯胁芯褋褌械泄	0.000765	3.912023	0.002991
薪芯胁芯褋褌褟褏	0.000382	0.061875	0.000024
薪芯胁褘械	0.000382	0.051293	0.000020
薪芯胁褘泄	0.006881	0.094311	0.000649
薪芯屑械褉	0.000382	4.605170	0.001760
薪芯褟斜褉褜	0.000382	4.605170	0.001760
薪芯褟斜褉褟	0.000382	0.527633	0.000202
芯斜械蟹褜褟薪褘	0.000765	0.116534	0.000089
芯斜褉邪褌懈褌械	0.000382	4.605170	0.001760
芯斜褖邪褌褜褋褟	0.000382	0.040822	0.000016
芯胁芯褖薪邪褟	0.000382	0.040822	0.000016
芯胁芯褖薪芯泄	0.000765	0.105361	0.000081
芯胁芯褖薪褘械	0.000382	0.040822	0.000016
芯谐薪械薪薪芯泄	0.000765	0.116534	0.000089
芯谐薪褟	0.000765	0.116534	0.000089
芯谐芯胁芯褉械薪芯	0.000382	4.605170	0.001760
芯写薪邪卸写褘	0.000765	2.407946	0.001841
芯写薪芯屑	0.000382	1.771957	0.000677
芯泻褉芯褕泻邪	0.000382	0.040822	0.000016
芯泻褌褟斜褉褜	0.000765	4.605170	0.003521
芯泻褌褟斜褉褟	0.000382	0.562119	0.000215
芯谢邪写褜懈	0.000382	0.040822	0.000016
芯谢械泄薪邪	0.001529	0.116534	0.000178
芯谢械泄薪芯泄	0.003058	0.116534	0.000356
芯屑谢械褌	0.000382	0.040822	0.000016
芯锌邪褉邪	0.000382	0.040822	0.000016
芯锌褉芯褋	0.000382	0.061875	0.000024
芯褋械薪薪械械	0.002294	0.116534	0.000267
芯褋械薪薪懈械	0.000382	0.051293	0.000020
芯褋械薪薪懈泄	0.001529	0.116534	0.000178
芯褋械薪褜	0.005352	0.105361	0.000564
芯褋薪芯胁薪芯械	0.000382	0.040822	0.000016
芯褋褌邪械褌褋褟	0.000765	0.116534	0.000089
芯褋褍褖械褋褌胁谢褟械褌褋褟	0.000765	4.605170	0.003521
芯褌胁械褌懈褌褜	0.000382	0.051293	0.000020
芯褌胁械褌芯胁	0.000382	0.051293	0.000020
芯褌胁械褌褘	0.000382	0.000000	0.000000
芯褌泻褉芯泄	0.001147	4.605170	0.005281
芯褌屑械薪懈褌褜	0.000382	0.040822	0.000016
芯褏谢邪写懈褌褜	0.000765	0.116534	0.000089
锌邪泻械褌懈泻邪褏	0.000382	0.105361	0.000040
锌邪谢芯褔泻懈	0.000382	0.040822	0.000016
锌邪褉邪	0.000765	0.116534	0.000089
锌邪褉邪写	0.000765	0.116534	0.000089
锌邪褉芯胁邪褉泻邪	0.000765	4.605170	0.003521
锌邪褉芯谢褜	0.000382	0.020203	0.000008
锌邪褋褌邪	0.000382	0.040822	0.000016
锌邪褋褌褉芯屑邪	0.000382	0.040822	0.000016
锌邪褋褏邪	0.000382	0.040822	0.000016
锌邪褋褏邪谢褜薪邪褟	0.001529	0.116534	0.000178
锌邪褕褌械褌	0.000382	0.040822	0.000016
锌械褉胁芯械	0.000382	0.040822	0.000016
锌械褉胁褘屑	0.000765	0.116534	0.000089
锌械褉械泄褌懈	0.000382	0.040822	0.000016
锌械褉械泻褍褋	0.000765	0.116534	0.000089
锌械褉械褑	0.000382	0.040822	0.000016
锌械褉褋芯薪褘	0.000765	0.116534	0.000089
锌械褔械薪芯褔薪褘泄	0.000382	0.040822	0.000016
锌械褔械薪褜械	0.000382	0.040822	0.000016
锌懈泻薪懈泻	0.003058	0.116534	0.000356
锌懈泻薪懈泻邪	0.000765	0.116534	0.000089
锌懈泻薪懈泻褍	0.000382	0.105361	0.000040
锌懈褉	0.000765	0.116534	0.000089
锌懈褉芯谐	0.000382	0.040822	0.000016
锌懈褉芯卸泻懈	0.000382	0.040822	0.000016
锌懈褉芯卸薪芯械	0.000382	0.040822	0.000016
锌懈褌邪薪懈械	0.001529	0.105361	0.000161
锌懈褑褑邪	0.000382	0.040822	0.000016
锌谢邪屑褟	0.000765	0.116534	0.000089
锌谢邪薪械褌褘	0.000765	3.912023	0.002991
锌芯斜械写懈褌械谢懈	0.000382	4.605170	0.001760
锌芯斜械写褘	0.000765	2.995732	0.002290
锌芯胁邪褉械薪泻械	0.001147	0.040822	0.000047
锌芯胁邪褉械薪芯泻	0.000382	0.061875	0.000024
锌芯胁邪褉褟褌邪屑懈	0.000382	0.040822	0.000016
锌芯胁邪褉褢薪泻邪	0.000765	0.116534	0.000089
锌芯胁邪褉褢薪泻械	0.000382	3.506558	0.001340
锌芯胁邪褉褢薪芯泻	0.000765	2.525729	0.001931
锌芯胁懈写谢芯	0.000382	0.040822	0.000016
锌芯写邪褉懈	0.000765	3.218876	0.002461
锌芯写邪褉泻懈	0.000382	4.605170	0.001760
锌芯写邪褉泻芯胁	0.000765	0.116534	0.000089
锌芯写邪褉芯泻	0.001911	3.218876	0.006152
锌芯写谢懈胁泻邪	0.000382	0.040822	0.000016
锌芯写锌懈褋邪褌褜褋褟	0.000382	0.040822	0.000016
锌芯写锌懈褋褔懈泻褍	0.000382	4.605170	0.001760
锌芯写锌懈褕懈褌械褋褜	0.000765	0.040822	0.000031
锌芯写褉芯斜薪械械	0.000382	4.605170	0.001760
锌芯写褌胁械褉写懈褌械	0.000382	4.605170	0.001760
锌芯械写懈薪泻懈	0.003823	0.116534	0.000445
锌芯蟹写褉邪胁褜	0.000765	0.116534	0.000089
锌芯懈褋泻	0.000382	0.051293	0.000020
锌芯谢械蟹薪芯	0.000765	0.116534	0.000089
锌芯谢械蟹薪褘褏	0.001147	2.995732	0.003435
锌芯谢懈褌懈泻芯泄	0.000382	0.040822	0.000016
锌芯谢芯胁懈薪邪	0.001529	0.116534	0.000178
锌芯谢褍褔邪泄褌械	0.000382	0.040822	0.000016
锌芯谢褍褔邪褌褜	0.000382	0.040822	0.000016
锌芯谢褍褔懈	0.000382	4.605170	0.001760
锌芯谢褜蟹芯胁邪褌械谢懈	0.000382	2.120264	0.000810
锌芯谢褜蟹芯泄	0.000765	0.116534	0.000089
锌芯屑邪写泻邪	0.000382	0.040822	0.000016
锌芯屑芯褖褜	0.000382	2.995732	0.001145
锌芯薪褉邪胁懈胁褕懈械褋褟	0.000382	0.040822	0.000016
锌芯薪褔懈泻懈	0.000382	0.040822	0.000016
锌芯锌邪写懈	0.000382	4.605170	0.001760
锌芯褉邪	0.001529	0.116534	0.000178
锌芯褋械褖邪械褌械	0.000382	0.061875	0.000024
锌芯褋褌	0.003823	0.105361	0.000403
锌芯褋褌懈屑褋褟	0.000765	2.995732	0.002290
锌芯褋褌薪褘械	0.000382	0.040822	0.000016
锌芯褋褌薪褘泄	0.000765	0.116534	0.000089
锌芯褋褌薪褘褏	0.000765	4.605170	0.003521
锌芯褋褌芯褟薪薪芯	0.000382	0.040822	0.000016
锌芯褋褍写邪	0.000765	0.094311	0.000072
锌芯褋褘谢泻邪	0.000382	4.605170	0.001760
锌芯褋褘谢泻懈	0.000382	4.605170	0.001760
锌芯褔褌褍	0.000382	0.040822	0.000016
锌芯褕邪谐芯胁褘屑懈	0.000765	0.040822	0.000031
锌褉邪蟹写薪懈泻邪	0.000765	0.116534	0.000089
锌褉邪蟹写薪懈褔薪芯	0.000765	0.116534	0.000089
锌褉邪蟹写薪懈褔薪芯谐芯	0.000765	0.116534	0.000089
锌褉邪泻褌懈泻褍屑	0.000382	0.116534	0.000045
锌褉械胁芯褋褏芯写薪褘械	0.000765	0.116534	0.000089
锌褉械胁褉邪褖械薪懈褟	0.000765	0.116534	0.000089
锌褉械写械谢邪褏	0.000382	4.605170	0.001760
锌褉械写械谢芯胁	0.000382	4.605170	0.001760
锌褉械写褋褌邪胁懈褌械谢褟	0.000382	4.605170	0.001760
锌褉懈谐芯褌芯胁懈屑	0.000765	0.116534	0.000089
锌褉懈谐芯褌芯胁谢械薪懈褞	0.000382	0.040822	0.000016
锌褉懈蟹	0.000765	4.605170	0.003521
锌褉懈蟹邪	0.000382	4.605170	0.001760
锌褉懈蟹械褉褘	0.002294	4.605170	0.010562
锌褉懈蟹薪邪薪懈械	0.000765	0.116534	0.000089
锌褉懈蟹芯胁	0.001529	0.040822	0.000062
锌褉懈蟹褘	0.001529	4.605170	0.007042
锌褉懈谢芯卸械薪懈懈	0.000382	4.605170	0.001760
锌褉懈薪懈屑邪褌褜	0.000382	4.605170	0.001760
锌褉懈薪褟褌褜	0.000382	4.605170	0.001760
锌褉懈锌褉邪胁邪	0.000382	0.040822	0.000016
锌褉懈褉芯写褘	0.000765	0.116534	0.000089
锌褉懈褋谢邪谢	0.000382	4.605170	0.001760
锌褉懈褋褌褍锌懈褌褜	0.000382	0.040822	0.000016
锌褉芯胁械写懈	0.000765	0.116534	0.000089
锌褉芯胁械褉械薪芯	0.000765	0.116534	0.000089
锌褉芯胁芯写懈屑褘褏	0.000382	0.040822	0.000016
锌褉芯胁芯卸邪械屑	0.000765	0.116534	0.000089
锌褉芯写芯谢卸械薪懈械	0.001529	4.605170	0.007042
锌褉芯写褍泻褌	0.000382	2.525729	0.000965
锌褉芯械泻褌	0.004969	4.605170	0.022885
锌褉芯械泻褌邪	0.000765	4.605170	0.003521
锌褉芯械泻褌褘	0.000382	0.061875	0.000024
锌褉芯褋褌芯	0.001529	0.083382	0.000127
锌褉芯褋褌芯泻胁邪褕邪	0.000382	0.040822	0.000016
锌褉芯褎懈谢褜	0.000382	0.040822	0.000016
锌褉褟屑芯	0.000382	0.040822	0.000016
锌褉褟薪懈泻	0.000382	0.040822	0.000016
锌褍写懈薪谐	0.000382	0.040822	0.000016
锌褍薪褕	0.000382	0.040822	0.000016
锌褍褌械褕械褋褌胁懈械	0.001911	0.116534	0.000223
锌褍褌褜	0.000765	0.116534	0.000089
锌褘褕泻懈	0.000382	0.040822	0.000016
锌褞褉械	0.000765	0.040822	0.000031
褉邪写芯褋褌褜	0.001147	3.912023	0.004486
褉邪蟹屑械褖邪褌褜	0.000382	2.302585	0.000880
褉邪蟹屑械褖械薪懈褟	0.000765	3.912023	0.002991
褉邪蟹薪褘械	0.000765	0.116534	0.000089
褉邪褋褋芯谢褜薪懈泻	0.000382	0.040822	0.000016
褉邪褋褋芯谢褜薪懈泻邪	0.000765	0.116534	0.000089
褉邪褋褋褘谢泻邪	0.000382	3.506558	0.001340
褉邪褋褋褘谢泻懈	0.000382	0.061875	0.000024
褉械谐懈褋褌褉邪褑懈懈	0.000765	0.010050	0.000008
褉械谐懈褋褌褉邪褑懈褟	0.000382	0.000000	0.000000
褉械蟹褍谢褜褌邪褌	0.001529	0.967584	0.001479
褉械蟹褍谢褜褌邪褌褘	0.003823	4.605170	0.017604
褉械褑械锌褌	0.003440	0.040822	0.000140
褉械褑械锌褌邪屑	0.000765	2.659260	0.002033
褉械褑械锌褌邪褏	0.000382	0.061875	0.000024
褉械褑械锌褌芯胁	0.053135	0.040822	0.002169
褉械褑械锌褌褘	0.008792	0.040822	0.000359
褉懈褋	0.000382	0.040822	0.000016
褉懈褋邪	0.000765	0.116534	0.000089
褉懈褋芯屑	0.000382	1.660731	0.000635
褉懈褌屑械	0.000765	0.116534	0.000089
褉芯谐邪谢懈泻懈	0.000382	0.040822	0.000016
褉芯写薪芯械	0.000765	0.116534	0.000089
褉芯写褋褌胁械薪薪懈泻邪屑	0.000382	3.912023	0.001495
褉芯蟹褘谐褉褘褕	0.000382	4.605170	0.001760
褉芯谢谢褌芯薪	0.000765	0.116534	0.000089
褉芯谢谢褘	0.000382	0.040822	0.000016
褉芯屑	0.000382	0.040822	0.000016
褉芯褋褋懈懈	0.001147	2.659260	0.003050
褉褍	0.000765	2.659260	0.002033
褉褍斜褉懈泻邪褌芯褉	0.000382	0.051293	0.000020
褉褍谢械褌	0.000382	0.040822	0.000016
褉褍屑褟薪褘械	0.000765	0.116534	0.000089
褉褍薪械褌械	0.000382	0.020203	0.000008
褉褍褔泻懈	0.000765	2.525729	0.001931
褉褘斜邪	0.001147	0.040822	0.000047
褉褘斜薪邪褟	0.000765	0.116534	0.000089
褋邪泄褌	0.001147	0.000000	0.000000
褋邪泄褌邪	0.000382	1.108663	0.000424
褋邪泄褌械	0.000765	0.462035	0.000353
褋邪泄褌褍	0.000765	0.061875	0.000047
褋邪谢邪褌	0.000765	0.094311	0.000072
褋邪谢邪褌褘	0.001911	0.040822	0.000078
褋邪屑芯谐芯薪	0.000382	0.040822	0.000016
褋邪屑褘褏	0.001529	0.116534	0.000178
褋邪褎	0.001911	0.116534	0.000223
褋邪褎褋械屑	0.000765	0.116534	0.000089
褋斜懈褌械薪褜	0.000382	0.040822	0.000016
褋胁械卸械褋褌褜	0.000765	0.105361	0.000081
褋胁械泻谢邪	0.000382	0.040822	0.000016
褋胁械泻芯谢褜薪懈泻	0.000382	0.040822	0.000016
褋胁械褌邪	0.002294	0.116534	0.000267
褋胁械褌芯褎芯褉	0.000765	4.605170	0.003521
褋胁懈薪懈薪邪	0.000382	0.040822	0.000016
褋胁芯械	0.000765	0.116534	0.000089
褋胁芯械屑	0.000382	0.040822	0.000016
褋胁芯懈屑	0.000382	0.040822	0.000016
褋胁芯褞	0.000382	0.040822	0.000016
褋谐褍褖械薪泻邪	0.000382	0.040822	0.000016
褋写械谢邪褌褜	0.000382	1.021651	0.000391
褋械蟹芯薪	0.000765	0.116534	0.000089
褋械泄褔邪褋	0.000382	0.030459	0.000012
褋械泻褉械褌薪褘械	0.000765	3.912023	0.002991
褋械泻褉械褌褘	0.001529	0.116534	0.000178
褋械谢械写泻邪	0.000382	0.040822	0.000016
褋械屑谐邪	0.000382	0.040822	0.000016
褋械屑械泄薪芯械	0.000765	3.912023	0.002991
褋械屑械泄薪褘泄	0.000765	0.116534	0.000089
褋械屑褜懈	0.000765	0.116534	0.000089
褋械褉写褑械	0.000765	1.832581	0.001401
褋懈写褉	0.000382	0.040822	0.000016
褋懈褉芯锌	0.000382	0.040822	0.000016
褋懈褋褌械屑褘	0.000382	0.040822	0.000016
褋泻邪蟹芯泻	0.000765	0.116534	0.000089
褋谢邪写泻邪褟	0.001529	0.116534	0.000178
褋谢邪写泻懈械	0.001529	0.040822	0.000062
褋谢邪写泻懈泄	0.002294	0.105361	0.000242
褋谢邪写泻懈褏	0.001529	0.116534	0.000178
褋谢邪写泻芯	0.000765	0.116534	0.000089
褋谢懈胁芯褔薪芯械	0.000765	0.116534	0.000089
褋谢芯泄泻邪	0.000382	0.040822	0.000016
褋屑芯卸械褌械	0.000382	0.040822	0.000016
褋屑褍蟹懈	0.000382	0.040822	0.000016
褋芯斜懈褉邪械褌械褋褜	0.000382	0.040822	0.000016
褋芯胁械褉褕械薪褋褌胁芯	0.000765	0.116534	0.000089
褋芯胁械褌邪屑懈	0.000382	0.040822	0.000016
褋芯胁械褌芯胁	0.001147	3.506558	0.004021
褋芯谐谢邪褕邪械褌械褋褜	0.000382	0.040822	0.000016
褋芯蟹写邪械褌	0.000765	0.116534	0.000089
褋芯泻邪	0.001147	0.105361	0.000121
褋芯泻懈	0.000382	0.040822	0.000016
褋芯谢薪械褔薪邪褟	0.000382	4.605170	0.001760
褋芯谢薪褑械屑	0.000765	4.605170	0.003521
褋芯谢褟薪泻邪	0.000382	0.040822	0.000016
褋芯褋褌邪胁褜	0.000765	0.116534	0.000089
褋芯褍褋	0.000382	0.040822	0.000016
褋芯褍褋芯屑	0.000765	0.116534	0.000089
褋芯褏褉邪薪褟褌褜	0.000382	0.040822	0.000016
褋芯褑褋械褌懈	0.000382	0.040822	0.000016
褋芯褔械褌邪薪懈械	0.000765	0.116534	0.000089
褋芯褔薪芯械	0.000765	0.116534	0.000089
褋锌械褑懈邪谢褜薪褘泄	0.004969	4.605170	0.022885
褋锌械褑锌褉芯械泻褌	0.000382	0.116534	0.000045
褋锌芯褞	0.000765	0.116534	0.000089
褋褌邪薪褜	0.000382	4.605170	0.001760
褋褌邪褉懈薪薪褘屑	0.000765	3.912023	0.002991
褋褌邪褌褜褟褏	0.000382	0.061875	0.000024
褋褌懈谢械	0.001529	0.116534	0.000178
褋褌懈谢褟	0.001147	0.116534	0.000134
褋褌芯谢	0.000765	0.105361	0.000081
褋褌芯谢邪	0.001529	0.116534	0.000178
褋褌褉邪薪褘	0.000382	2.995732	0.001145
褋褌褉芯懈褌械谢褜褋褌胁械	0.000382	0.040822	0.000016
褋褌褉芯懈褌械谢褜褋褌胁褍	0.000382	0.040822	0.000016
褋褌褉芯懈褌褜	0.000382	0.040822	0.000016
褋褌褉芯泄薪芯泄	0.000765	0.116534	0.000089
褋褍锌	0.000382	0.040822	0.000016
褋褍锌邪	0.000382	0.040822	0.000016
褋褍锌褘	0.000382	0.040822	0.000016
褋褍褎谢械	0.000382	0.040822	0.000016
褋褍褏邪褉懈	0.000382	0.040822	0.000016
褋褍褕懈	0.000382	0.040822	0.000016
褋褘褉	0.001147	0.040822	0.000047
褋褘褉薪懈泻	0.000382	0.040822	0.000016
褋褘褉薪褘械	0.000765	0.040822	0.000031
褋褞褉锌褉懈蟹	0.000765	0.116534	0.000089
褌邪薪谐芯	0.000765	4.605170	0.003521
褌邪褉褌邪谢械褌泻懈	0.000382	0.040822	0.000016
褌胁芯懈	0.001529	0.116534	0.000178
褌胁芯褉懈	0.000765	0.116534	0.000089
褌胁芯褉芯谐	0.000382	0.040822	0.000016
褌胁芯褉褔械褋褌胁邪	0.000382	4.605170	0.001760
褌械泻褍褖械谐芯	0.000382	4.605170	0.001760
褌械泻褍褖懈械	0.000382	4.605170	0.001760
褌械谢械谐褉邪屑	0.000382	0.040822	0.000016
褌械谢械褎芯薪邪	0.000382	4.605170	0.001760
褌械屑	0.000382	0.967584	0.000370
褌械锌谢芯屑	0.000765	0.116534	0.000089
褌械褉褉懈薪	0.000382	0.040822	0.000016
褌械褉褉懈褌芯褉懈懈	0.000382	4.605170	0.001760
褌械褋褌芯	0.000382	0.040822	0.000016
褌械褏薪懈泻邪	0.000765	0.105361	0.000081
褌械褔械薪懈械	0.000765	2.995732	0.002290
褌械褖懈薪	0.000382	0.040822	0.000016
褌芯谐芯	0.000382	1.427116	0.000546
褌芯褉褌	0.000765	0.040822	0.000031
褌褉邪写懈褑懈懈	0.000765	0.116534	0.000089
褌褉邪写懈褑懈泄	0.000765	0.116534	0.000089
褌褉邪写懈褑懈褟褏	0.000765	0.116534	0.000089
褌褉械褏谢械褌懈械屑	0.000765	0.116534	0.000089
褌褉褍斜芯褔泻懈	0.000382	0.040822	0.000016
褌褍薪褑芯屑	0.000765	0.116534	0.000089
褌褘泻胁邪	0.000382	0.040822	0.000016
褍胁械写芯屑谢械薪懈褟	0.000382	0.040822	0.000016
褍写邪褔薪邪褟	0.000765	0.116534	0.000089
褍写懈胁懈	0.000765	0.116534	0.000089
褍写懈胁谢褟泄褌械	0.001911	0.116534	0.000223
褍写芯胁谢械褌胁芯褉褟褞褖懈械	0.000382	4.605170	0.001760
褍写芯胁芯谢褜褋褌胁懈械屑	0.001529	0.116534	0.000178
褍卸懈薪	0.000765	0.094311	0.000072
褍泻邪卸懈褌械	0.000382	4.605170	0.001760
褍泻邪蟹褘胁邪械褌械	0.000382	4.605170	0.001760
褍锌芯褌褉械斜谢械薪懈械屑	0.000765	0.116534	0.000089
褍褉芯卸邪泄	0.000765	0.105361	0.000081
褍褋谢芯胁懈褟屑	0.000382	3.506558	0.001340
褍褋谢芯胁懈褟屑懈	0.000382	3.912023	0.001495
褍褌芯屑谢械薪薪褘械	0.000765	4.605170	0.003521
褍褏邪	0.000382	0.040822	0.000016
褍褔邪褋褌胁芯胁邪褌褜	0.000765	0.040822	0.000031
褍褔邪褋褌懈械	0.001147	3.506558	0.004021
褍褔邪褋褌薪懈泻邪屑	0.000382	3.912023	0.001495
褍褔邪褋褌薪懈褑	0.000382	4.605170	0.001760
褍褔懈褋褜	0.000382	4.605170	0.001760
褎邪蟹械薪写邪	0.000382	4.605170	0.001760
褎邪薪褌邪蟹懈懈	0.002294	0.116534	0.000267
褎邪薪褌邪蟹懈泄	0.000765	0.116534	0.000089
褎邪薪褌邪蟹懈褟	0.000765	0.116534	0.000089
褎邪褉褕邪	0.000382	0.040822	0.000016
褎邪褉褕懈褉芯胁邪薪薪褘械	0.000382	0.040822	0.000016
褎邪褉褕懈褉芯胁邪薪薪褘泄	0.000382	0.040822	0.000016
褎邪褋芯谢褜	0.000382	0.040822	0.000016
褎械胁褉邪谢褜	0.000382	4.605170	0.001760
褎械泄械褉胁械褉泻	0.001529	0.116534	0.000178
褎懈谐褍褉械	0.000765	0.116534	0.000089
褎懈褉屑械薪薪芯械	0.000765	0.116534	0.000089
褎懈褌芯屑褍褑懈谢	0.000382	4.605170	0.001760
褎芯薪写褞	0.000382	0.040822	0.000016
褎芯褉屑褘	0.000765	0.116534	0.000089
褎芯褉褍屑械	0.000765	0.040822	0.000031
褎芯褉褕屑邪泻	0.000382	0.040822	0.000016
褎芯褌芯	0.000765	2.040221	0.001560
褎芯褌芯谐褉邪褎懈褟屑懈	0.001147	4.605170	0.005281
褎芯褌芯泻芯薪泻褍褉褋	0.003058	4.605170	0.014083
褎芯褌芯泻芯薪泻褍褉褋邪	0.003440	4.605170	0.015843
褎褉邪薪褑懈懈	0.001529	0.116534	0.000178
褎褉邪褍	0.001911	0.116534	0.000223
褎褉褍泻褌芯胁褘械	0.001147	0.040822	0.000047
褎褍写	0.000382	0.116534	0.000045
褎褍褉褕械褌	0.000765	0.116534	0.000089
褎褍褉褕械褌邪	0.000765	3.506558	0.002681
褏邪谢胁邪	0.000382	0.040822	0.000016
褏邪褉胁械褋褌褎械褋褌	0.000765	0.116534	0.000089
褏邪褉褔芯	0.000382	0.040822	0.000016
褏邪褕	0.000382	0.040822	0.000016
褏胁芯褉芯褋褌	0.000382	0.040822	0.000016
褏懈褌	0.000765	0.116534	0.000089
褏谢械斜	0.000382	0.040822	0.000016
褏谢械斜褑邪屑懈	0.000765	4.605170	0.003521
褏谢芯锌褜褟屑懈	0.000382	3.912023	0.001495
褏芯谢芯写械褑	0.000382	0.040822	0.000016
褏芯谢芯写懈谢褜薪懈泻	0.001147	2.407946	0.002761
褏芯褉芯褕芯	0.001529	0.105361	0.000161
褏芯褌懈褌械	0.000382	0.040822	0.000016
褏褍屑褍褋	0.000382	0.040822	0.000016
褑邪褉褜	0.000765	0.116534	0.000089
褑胁械褌薪邪褟	0.000382	0.040822	0.000016
褑械薪薪褘泄	0.000382	3.912023	0.001495
褑械薪薪褘褏	0.000382	0.040822	0.000016
褔邪械屑	0.001529	0.116534	0.000178
褔邪械锌懈褌懈械	0.000765	4.605170	0.003521
褔邪泄	0.000382	0.040822	0.000016
褔邪褋褌褜	0.000765	2.525729	0.001931
褔械斜褍褉械泻懈	0.000382	0.040822	0.000016
褔械屑锌懈芯薪邪褌	0.000382	4.605170	0.001760
褔械屑锌懈芯薪邪褌邪	0.000382	4.605170	0.001760
褔械褉泻懈蟹芯胁芯	0.000765	0.116534	0.000089
褔械褋褌薪褘屑懈	0.000382	0.040822	0.000016
褔械褔械胁懈褑邪	0.000382	0.040822	0.000016
褔懈蟹泻械泄泻	0.000382	0.040822	0.000016
褔懈锌褋褘	0.000382	0.040822	0.000016
褔褍写械褋	0.000765	0.116534	0.000089
褕邪褉懈泻懈	0.000382	0.040822	0.000016
褕邪褉谢芯褌泻邪	0.000382	0.040822	0.000016
褕邪褉屑	0.000765	0.116534	0.000089
褕邪褕谢褘泻	0.001911	0.040822	0.000078
褕邪褕谢褘泻懈	0.000382	0.040822	0.000016
褕械写械胁褉褘	0.001529	0.116534	0.000178
褕懈锌褍褔泻邪	0.000382	0.040822	0.000016
褕泻芯谢褍	0.000765	0.116534	0.000089
褕泻芯谢褜薪邪褟	0.000765	4.605170	0.003521
褕泻芯谢褜薪褘褏	0.000765	4.605170	0.003521
褕芯泻芯谢邪写	0.000382	0.040822	0.000016
褕芯褍	0.000382	4.605170	0.001760
褕褌褉褍写械谢褜	0.000382	0.040822	0.000016
褕褌褍褔泻懈	0.000765	2.120264	0.001621
褕褍褉锌邪	0.000382	0.040822	0.000016
褖邪褋	0.000765	0.116534	0.000089
褖械写褉邪褟	0.000765	0.116534	0.000089
褖械写褉褘械	0.000765	4.605170	0.003521
褖懈	0.000382	0.040822	0.000016
褝泻褋泻谢褞蟹懈胁薪芯谐芯	0.000382	4.605170	0.001760
褝泻褋屑芯	0.000382	4.605170	0.001760
褟谐芯写薪褘械	0.001529	0.116534	0.000178
褟蟹褘泻	0.000382	0.040822	0.000016
褟泄褑邪	0.000382	0.040822	0.000016
褟薪写械泻褋	0.008028	0.072571	0.000583
褟锌芯薪褋泻芯泄	0.000382	0.061875	0.000024
褟褉泻懈械	0.000765	0.116534	0.000089
褟褉泻芯	0.000765	0.105361	0.000081
褟褉泻芯械	0.000765	3.912023	0.002991
