褌芯泻械薪	TF	IDF	TF-IDF
邪胁褌芯褉	0.029674	1.427116	0.042348
邪胁褌芯褉邪屑	0.001484	0.040822	0.000061
邪写卸懈泻邪	0.001484	0.040822	0.000061
邪泄褉邪薪	0.001484	0.040822	0.000061
邪泻褔褍褔	0.001484	2.995732	0.004445
邪谢懈械胁邪	0.001484	3.506558	0.005203
邪薪芯薪懈屑	0.007418	4.605170	0.034163
斜邪泻谢邪卸邪薪褘	0.001484	0.040822	0.000061
斜邪褉褏邪褌芯胁邪	0.001484	3.506558	0.005203
斜邪褋褌褍褉屑邪	0.001484	0.040822	0.000061
斜械蟹械	0.001484	0.040822	0.000061
斜械谢芯泄	0.001484	3.912023	0.005804
斜械谢芯泻芯褔邪薪薪芯泄	0.001484	3.218876	0.004776
斜械谢褘屑	0.001484	4.605170	0.006833
斜懈褋泻胁懈褌	0.001484	0.040822	0.000061
斜谢懈薪褘	0.001484	0.040822	0.000061
斜谢褞写邪	0.005935	0.040822	0.000242
斜谢褞写芯	0.002967	0.040822	0.000121
斜芯谢褜褕懈薪褋褌胁邪	0.001484	4.605170	0.006833
斜芯褉褖	0.001484	0.040822	0.000061
斜芯褌胁懈薪褜褟	0.001484	0.040822	0.000061
斜褉邪褍蟹械褉械	0.001484	0.040822	0.000061
斜褉邪褍薪懈	0.001484	0.040822	0.000061
斜褉芯泻泻芯谢懈	0.001484	0.040822	0.000061
斜褍卸械薪懈薪邪	0.001484	0.040822	0.000061
斜褍谢芯褔泻懈	0.001484	0.040822	0.000061
斜褍谢芯褔薪褘褏	0.001484	4.605170	0.006833
斜褍谢褜芯薪	0.001484	0.040822	0.000061
斜褍褉谐械褉	0.001484	0.040822	0.000061
斜褍褌械褉斜褉芯写褘	0.001484	0.040822	0.000061
斜褍褕械	0.001484	3.506558	0.005203
胁邪褉械薪褜械	0.001484	0.040822	0.000061
胁邪褌褉褍褕泻懈	0.001484	0.040822	0.000061
胁邪褎谢懈	0.001484	0.040822	0.000061
胁邪褕械泄	0.002967	0.040822	0.000121
胁胁芯写褟	0.001484	0.040822	0.000061
胁械褋械薪薪懈械	0.001484	0.051293	0.000076
胁蟹斜懈褌褘泄	0.001484	3.912023	0.005804
胁懈写械	0.001484	1.171183	0.001738
胁懈薪芯	0.001484	0.040822	0.000061
胁芯泄褌懈	0.001484	0.000000	0.000000
胁芯谢褜褔械泻邪	0.001484	4.605170	0.006833
胁芯锌褉芯褋	0.004451	1.771957	0.007887
胁芯锌褉芯褋邪屑	0.001484	4.605170	0.006833
胁芯锌褉芯褋邪褏	0.004451	4.605170	0.020498
胁芯锌褉芯褋褘	0.010386	0.000000	0.000000
胁褋锌芯屑薪懈褌褜	0.001484	0.040822	0.000061
胁褏芯写	0.004451	0.030459	0.000136
胁褘斜芯褉	0.007418	2.995732	0.022224
胁褘泄褌懈	0.001484	0.040822	0.000061
胁褘锌械褔泻邪	0.004451	0.040822	0.000182
胁褘锌械褔泻懈	0.001484	0.072571	0.000108
胁褘褉邪褖懈胁邪械屑	0.001484	4.605170	0.006833
胁褘褉械蟹泻懈	0.001484	4.605170	0.006833
谐邪褉薪懈褉	0.001484	0.040822	0.000061
谐邪褋锌邪褔芯	0.001484	0.040822	0.000061
谐谢邪胁薪邪褟	0.001484	3.506558	0.005203
谐谢邪胁薪褘泄	0.001484	0.040822	0.000061
谐谢邪蟹褍褉褜	0.001484	0.040822	0.000061
谐谢懈薪褌胁械泄薪	0.001484	0.040822	0.000061
谐芯褉懈褌	0.001484	4.605170	0.006833
谐芯褉芯褕械泻	0.001484	2.407946	0.003573
谐芯褉褔懈褑邪	0.001484	0.040822	0.000061
谐芯褉褕芯褔泻械	0.001484	0.040822	0.000061
谐褉械薪泻懈	0.001484	0.040822	0.000061
谐褉械褔泻邪	0.001484	0.040822	0.000061
谐褉懈斜薪褘械	0.001484	0.040822	0.000061
谐褉懈斜褘	0.001484	0.040822	0.000061
谐褉芯谐	0.001484	0.040822	0.000061
写邪械褌	0.001484	0.040822	0.000061
写邪薪薪褘械	0.001484	0.040822	0.000061
写邪褌褜	0.001484	2.120264	0.003146
写械谢懈屑褋褟	0.001484	0.040822	0.000061
写械褋械褉褌褘	0.001484	0.040822	0.000061
写卸械屑	0.001484	0.040822	0.000061
写懈械褌懈褔械褋泻懈	0.001484	3.912023	0.005804
写薪褟	0.001484	0.040822	0.000061
写芯斜邪胁谢褟褌褜	0.001484	0.040822	0.000061
写芯屑	0.008902	0.040822	0.000363
写芯屑邪褕薪械械	0.001484	0.040822	0.000061
写芯屑邪褕薪械屑褍	0.001484	3.506558	0.005203
写芯屑邪褕薪懈械	0.001484	0.040822	0.000061
写芯屑芯胁	0.001484	0.040822	0.000061
写褉褍谐懈屑懈	0.001484	0.040822	0.000061
写褉褍谐懈褏	0.001484	1.714798	0.002544
写褍褏芯胁泻械	0.001484	0.867501	0.001287
械写懈薪褘泄	0.001484	0.040822	0.000061
械褋褌械褋褌胁械薪薪褘泄	0.001484	2.995732	0.004445
卸邪褉泻芯械	0.001484	0.040822	0.000061
卸械谢械	0.001484	0.040822	0.000061
卸懈蟹薪懈	0.001484	0.040822	0.000061
卸褍谢褜械薪	0.001484	0.040822	0.000061
卸褞谢褜械薪	0.001484	0.040822	0.000061
蟹邪谐芯褌芯胁泻懈	0.001484	0.040822	0.000061
蟹邪写邪胁邪褌褜	0.001484	0.040822	0.000061
蟹邪写邪褌褜	0.002967	4.605170	0.013665
蟹邪泻胁邪褋泻邪	0.001484	0.040822	0.000061
蟹邪泻褉褍褌泻邪褏	0.001484	4.605170	0.006833
蟹邪泻褍褋泻懈	0.001484	0.040822	0.000061
蟹邪谢懈胁薪芯械	0.001484	0.040822	0.000061
蟹邪屑芯褉芯卸械薪薪褘泄	0.001484	3.912023	0.005804
蟹邪屑芯褉芯卸械薪褘械	0.001484	4.605170	0.006833
蟹邪锌械泻邪薪泻懈	0.001484	0.040822	0.000061
蟹邪锌褉邪胁泻邪	0.001484	0.040822	0.000061
蟹邪褉械谐懈褋褌褉懈褉芯胁邪胁褕懈褋褜	0.001484	0.040822	0.000061
蟹邪褉械谐懈褋褌褉懈褉芯胁邪褌褜褋褟	0.001484	0.030459	0.000045
蟹胁谐芯褌芯胁懈褌褜	0.001484	4.605170	0.006833
蟹械褎懈褉	0.001484	0.040822	0.000061
蟹懈屑薪懈械	0.001484	0.051293	0.000076
蟹懈屑褍	0.002967	0.040822	0.000121
蟹谢邪泻芯胁褘械	0.001484	4.605170	0.006833
懈蟹斜械卸邪褌褜	0.001484	4.605170	0.006833
懈泻褉邪	0.001484	0.040822	0.000061
懈屑械薪械屑	0.001484	0.040822	0.000061
懈薪写械泄泻懈	0.001484	0.094311	0.000140
懈薪褋褌褉褍泻褑懈褟屑懈	0.001484	0.040822	0.000061
懈薪褌械褉械褋薪褘械	0.001484	2.659260	0.003945
懈薪褌械褉械褋褍褞褖械泄	0.001484	4.605170	0.006833
懈褋锌械褔褜	0.001484	1.966113	0.002917
懈褋锌芯谢褜蟹芯胁邪褌褜	0.001484	1.514128	0.002246
泄芯谐褍褉褌	0.001484	0.040822	0.000061
泻邪斜邪褔泻懈	0.001484	0.040822	0.000061
泻邪胁邪褉褌邪	0.001484	4.605170	0.006833
泻邪泻邪芯	0.001484	0.040822	0.000061
泻邪泻芯屑	0.001484	2.120264	0.003146
泻邪谢芯褉懈泄薪芯褋褌褜	0.001484	3.506558	0.005203
泻邪谢褜屑邪褉	0.001484	0.040822	0.000061
泻邪薪邪谢	0.002967	0.040822	0.000121
泻邪薪邪谢械	0.001484	0.040822	0.000061
泻邪薪邪锌械	0.001484	0.040822	0.000061
泻邪锌褍褋褌邪	0.002967	0.040822	0.000121
泻邪锌褍褋褌薪褟泻	0.001484	0.040822	0.000061
泻邪锌褍褋褌褘	0.002967	0.040822	0.000121
泻邪褉邪屑械谢褜	0.001484	0.040822	0.000061
泻邪褉泻邪褋薪褘泄	0.005935	0.116534	0.000692
泻邪褉褌芯褎械谢褜	0.001484	0.040822	0.000061
泻邪褉褌芯褎械谢褜薪芯械	0.001484	0.040822	0.000061
泻邪褉褌芯褕泻邪	0.002967	0.040822	0.000121
泻邪褕邪	0.001484	0.040822	0.000061
泻胁邪褋	0.001484	0.040822	0.000061
泻械泻褋	0.001484	0.040822	0.000061
泻械褎懈褉	0.001484	0.040822	0.000061
泻懈屑褔懈	0.001484	0.040822	0.000061
泻懈褉	0.001484	4.605170	0.006833
泻懈褋械谢褜	0.001484	0.040822	0.000061
泻懈褕泻邪褏	0.001484	4.605170	0.006833
泻薪懈谐褍	0.001484	0.040822	0.000061
泻芯泻褌械泄谢褜	0.001484	0.040822	0.000061
泻芯谢斜邪褋邪	0.001484	0.040822	0.000061
泻芯屑锌芯褌	0.001484	0.040822	0.000061
泻芯薪泻褍褉褋邪褏	0.001484	0.040822	0.000061
泻芯薪褋械褉胁懈褉芯胁邪薪懈械	0.001484	0.040822	0.000061
泻芯薪褎械褌褘	0.001484	0.040822	0.000061
泻芯薪褎懈写械薪褑懈邪谢褜薪芯褋褌懈	0.001484	0.040822	0.000061
泻芯薪褎懈褌褞褉	0.001484	0.040822	0.000061
泻芯褉械泄褋泻懈	0.001484	0.040822	0.000061
泻芯褉卸懈泻懈	0.001484	0.040822	0.000061
泻芯褌谢械褌褘	0.001484	0.040822	0.000061
泻芯褎械	0.001484	0.040822	0.000061
泻芯褔械褉褉褘卸泻褍	0.001484	4.605170	0.006833
泻褉械屑	0.001484	0.040822	0.000061
泻褍谢械褕	0.001484	0.040822	0.000061
泻褍谢懈薪邪褉懈懈	0.001484	0.094311	0.000140
泻褍谢懈薪邪褉懈褟	0.004451	2.813411	0.012523
泻褍谢懈薪邪褉薪褍褞	0.001484	0.040822	0.000061
泻褍谢懈褔	0.001484	0.040822	0.000061
泻褍褉懈薪褍褞	0.001484	4.605170	0.006833
泻褍褉懈褑邪	0.001484	0.040822	0.000061
泻褍褋泻褍褋	0.001484	0.040822	0.000061
泻褍褏薪械泄	0.001484	0.040822	0.000061
泻褍褏薪懈	0.001484	0.040822	0.000061
泻褍褏芯薪薪邪褟	0.001484	4.605170	0.006833
谢邪胁邪褕	0.001484	0.040822	0.000061
谢邪谐屑邪薪	0.001484	0.040822	0.000061
谢邪锌褕邪	0.001484	0.040822	0.000061
谢械泄泻褋	0.001484	4.605170	0.006833
谢械锌械褕泻懈	0.001484	0.040822	0.000061
谢械褌薪懈械	0.001484	0.040822	0.000061
谢械褔芯	0.001484	0.040822	0.000061
谢懈泻械褉	0.001484	0.040822	0.000061
谢懈屑芯薪邪写	0.001484	0.040822	0.000061
谢芯谢懈褌邪胁械褌褍	0.001484	4.605170	0.006833
谢褍褔褕懈泄	0.001484	0.040822	0.000061
谢褞谢褟	0.001484	3.506558	0.005203
屑邪泻邪褉芯薪褘	0.001484	0.040822	0.000061
屑邪薪薪懈泻	0.001484	0.040822	0.000061
屑邪褉懈薪邪	0.001484	2.813411	0.004174
屑邪褉懈薪邪写	0.001484	0.040822	0.000061
屑邪褉屑械谢邪写	0.001484	0.040822	0.000061
屑邪褋泻邪褉锌芯薪械	0.001484	0.040822	0.000061
屑邪褋谢械薪懈褑邪	0.001484	0.040822	0.000061
屑邪褋褌懈泻邪	0.001484	0.040822	0.000061
屑械写懈邪褎芯褉褌	0.002967	0.000000	0.000000
屑械褋褟褑械胁	0.029674	2.207275	0.065498
屑械褔褌褘	0.002967	0.040822	0.000121
屑懈写懈懈	0.001484	0.040822	0.000061
屑懈褋芯	0.001484	0.040822	0.000061
屑薪械薪懈械	0.001484	2.995732	0.004445
屑薪芯卸械褋褌胁芯屑	0.001484	0.040822	0.000061
屑芯卸械褌械	0.002967	0.000000	0.000000
屑芯谢芯褔薪褘泄	0.001484	0.040822	0.000061
屑芯褉械锌褉芯写褍泻褌芯胁	0.001484	0.040822	0.000061
屑芯褉泻芯胁泻邪	0.001484	3.218876	0.004776
屑芯褉泻芯胁褜	0.001484	0.040822	0.000061
屑芯褉芯卸械薪芯械	0.001484	0.040822	0.000061
屑芯褉褋	0.001484	0.040822	0.000061
屑芯褏懈褌芯	0.001484	0.040822	0.000061
屑褍褋泻邪褌薪褘泄	0.001484	1.832581	0.002719
屑褍褋褋	0.001484	0.040822	0.000061
屑褟褋薪褘械	0.001484	0.040822	0.000061
屑褟褋芯	0.001484	0.040822	0.000061
屑褟褋芯屑	0.001484	0.040822	0.000061
薪邪蟹邪写	0.029674	0.967584	0.028712
薪邪泄褌懈	0.002967	1.714798	0.005088
薪邪谢懈胁泻邪	0.001484	0.040822	0.000061
薪邪锌懈褌泻懈	0.002967	0.040822	0.000121
薪邪锌懈褌芯泻	0.001484	0.040822	0.000061
薪邪褋褌芯泄泻邪	0.001484	0.040822	0.000061
薪邪褔懈薪泻邪	0.001484	0.040822	0.000061
薪邪褕械屑	0.001484	0.040822	0.000061
薪械写械谢褞	0.001484	1.897120	0.002815
薪芯胁芯谐芯写薪懈械	0.001484	0.040822	0.000061
薪芯胁芯谐芯写薪褟褟	0.001484	0.105361	0.000156
薪芯胁褘械	0.001484	0.051293	0.000076
薪褜褞泻邪褋谢	0.001484	4.605170	0.006833
芯斜芯谢芯褔泻械	0.001484	4.605170	0.006833
芯斜褉邪斜芯褌泻邪	0.005935	3.912023	0.023217
芯斜褖邪褌褜褋褟	0.001484	0.040822	0.000061
芯胁芯褖薪邪褟	0.001484	0.040822	0.000061
芯胁芯褖薪褘械	0.001484	0.040822	0.000061
芯谐芯褉芯写	0.001484	4.605170	0.006833
芯泻褉芯褕泻邪	0.001484	0.040822	0.000061
芯谢邪写褜懈	0.001484	0.040822	0.000061
芯屑谢械褌	0.001484	0.040822	0.000061
芯锌邪褉邪	0.001484	0.040822	0.000061
芯锌褘褌芯屑	0.001484	3.506558	0.005203
芯褉械褏	0.001484	1.660731	0.002464
芯褉械褏芯胁芯械	0.001484	4.605170	0.006833
芯褋械薪薪懈械	0.001484	0.051293	0.000076
芯褋薪芯胁薪芯械	0.001484	0.040822	0.000061
芯褌胁械褌	0.019288	2.040221	0.039351
芯褌胁械褌邪	0.010386	4.605170	0.047828
芯褌胁械褌邪屑	0.001484	3.912023	0.005804
芯褌胁械褌懈褌褜	0.001484	0.051293	0.000076
芯褌胁械褌芯胁	0.002967	0.051293	0.000152
芯褌胁械褌褘	0.005935	0.000000	0.000000
芯褌胁械褔邪褟	0.001484	4.605170	0.006833
芯褌屑械薪懈褌褜	0.001484	0.040822	0.000061
芯褌屑褘褌褜	0.001484	4.605170	0.006833
锌邪谢芯褔泻懈	0.001484	0.040822	0.000061
锌邪褉芯谢褜	0.001484	0.020203	0.000030
锌邪褋褌邪	0.001484	0.040822	0.000061
锌邪褋褌褉芯屑邪	0.001484	0.040822	0.000061
锌邪褋褏邪	0.001484	0.040822	0.000061
锌邪褕褌械褌	0.001484	0.040822	0.000061
锌械褉胁芯械	0.001484	0.040822	0.000061
锌械褉谐邪屑械薪褌褍	0.001484	4.605170	0.006833
锌械褉械泄褌懈	0.001484	0.040822	0.000061
锌械褉械褑	0.001484	0.040822	0.000061
锌械褔械薪芯褔薪褘泄	0.001484	0.040822	0.000061
锌械褔械薪褜	0.001484	2.407946	0.003573
锌械褔械薪褜械	0.001484	0.040822	0.000061
锌械褔械薪褜褟	0.001484	2.995732	0.004445
锌懈褉芯谐	0.002967	0.040822	0.000121
锌懈褉芯卸泻懈	0.001484	0.040822	0.000061
锌懈褉芯卸薪芯械	0.002967	0.040822	0.000121
锌懈褌邪薪懈褟	0.001484	2.302585	0.003416
锌懈褌械褉械	0.001484	2.407946	0.003573
锌懈褑褑邪	0.001484	0.040822	0.000061
锌芯胁邪褉械薪泻械	0.001484	0.040822	0.000061
锌芯胁邪褉褟褌邪屑懈	0.001484	0.040822	0.000061
锌芯胁邪褉褢薪芯泻	0.001484	2.525729	0.003747
锌芯胁懈写谢芯	0.001484	0.040822	0.000061
锌芯写械谢懈褌褜褋褟	0.001484	0.478036	0.000709
锌芯写谢懈胁泻邪	0.001484	0.040822	0.000061
锌芯写芯泻芯薪薪懈泻械	0.001484	4.605170	0.006833
锌芯写锌懈褋邪褌褜褋褟	0.001484	0.040822	0.000061
锌芯写锌懈褕懈褌械褋褜	0.002967	0.040822	0.000121
锌芯懈褋泻	0.001484	0.051293	0.000076
锌芯泻邪蟹褘胁邪褌褜	0.001484	3.912023	0.005804
锌芯泻褍锌泻邪	0.007418	4.605170	0.034163
锌芯谢懈褌懈泻芯泄	0.001484	0.040822	0.000061
锌芯谢褍褔邪泄褌械	0.001484	0.040822	0.000061
锌芯谢褍褔邪褌褜	0.001484	0.040822	0.000061
锌芯谢褜蟹芯胁邪褌械谢褟屑	0.001484	4.605170	0.006833
锌芯屑邪写泻邪	0.001484	0.040822	0.000061
锌芯薪褉邪胁懈胁褕懈械褋褟	0.001484	0.040822	0.000061
锌芯薪褔懈泻懈	0.001484	0.040822	0.000061
锌芯褋芯胁械褌芯胁邪褌褜	0.001484	4.605170	0.006833
锌芯褋芯胁械褌褍泄褌械	0.001484	4.605170	0.006833
锌芯褋褌薪褘械	0.001484	0.040822	0.000061
锌芯褋褌芯褟薪薪芯	0.001484	0.040822	0.000061
锌芯褋褌褉芯懈屑	0.001484	0.116534	0.000173
锌芯褋褍写邪	0.001484	0.094311	0.000140
锌芯褔械屑褍	0.002967	1.203973	0.003573
锌芯褔懈褋褌懈褌褜	0.001484	4.605170	0.006833
锌芯褔褌褍	0.001484	0.040822	0.000061
锌芯褕邪谐芯胁褘屑懈	0.001484	0.040822	0.000061
锌褉邪胁懈谢邪	0.001484	4.605170	0.006833
锌褉邪胁懈谢褜薪芯	0.001484	2.040221	0.003027
锌褉懈谐芯褌芯胁懈褌褜	0.005935	0.342490	0.002033
锌褉懈谐芯褌芯胁谢械薪懈械	0.013353	0.105361	0.001407
锌褉懈谐芯褌芯胁谢械薪懈褞	0.001484	0.040822	0.000061
锌褉懈蟹芯胁	0.001484	0.040822	0.000061
锌褉懈谢懈锌邪械褌	0.001484	4.605170	0.006833
锌褉懈屑械薪械薪懈械	0.005935	3.912023	0.023217
锌褉懈锌褉邪胁邪	0.001484	0.040822	0.000061
锌褉懈褋褌褍锌懈褌褜	0.001484	0.040822	0.000061
锌褉芯胁芯写懈屑褘褏	0.001484	0.040822	0.000061
锌褉芯写褍泻褌	0.001484	2.525729	0.003747
锌褉芯写褍泻褌芯胁	0.002967	0.094311	0.000280
锌褉芯写褍泻褌褘	0.001484	1.386294	0.002057
锌褉芯械泻褌芯胁	0.001484	0.116534	0.000173
锌褉芯褋褌芯泻胁邪褕邪	0.001484	0.040822	0.000061
锌褉芯褎懈谢褜	0.001484	0.040822	0.000061
锌褉褟屑芯	0.001484	0.040822	0.000061
锌褉褟薪懈泻	0.001484	0.040822	0.000061
锌褍写懈薪谐	0.001484	0.040822	0.000061
锌褍薪褕	0.001484	0.040822	0.000061
锌褘褕泻懈	0.001484	0.040822	0.000061
锌褞褉械	0.002967	0.040822	0.000121
锌褟褌薪邪	0.001484	4.605170	0.006833
褉邪蟹写械谢邪	0.001484	4.605170	0.006833
褉邪蟹薪芯械	0.001484	3.506558	0.005203
褉邪褋褋芯谢褜薪懈泻	0.001484	0.040822	0.000061
褉邪褋褔懈褌褘胁邪械褌褋褟	0.001484	4.605170	0.006833
褉械胁械薪械屑	0.001484	4.605170	0.006833
褉械谐懈褋褌褉邪褑懈懈	0.002967	0.010050	0.000030
褉械谐懈褋褌褉邪褑懈褟	0.001484	0.000000	0.000000
褉械泄褌懈薪谐	0.002967	4.605170	0.013665
褉械泻芯屑械薪写邪褑懈褞	0.001484	4.605170	0.006833
褉械褑械锌褌	0.004451	0.040822	0.000182
褉械褑械锌褌芯胁	0.002967	0.040822	0.000121
褉械褑械锌褌褘	0.011869	0.040822	0.000485
褉械褕械薪懈械	0.002967	2.813411	0.008348
褉械褕械薪懈褟	0.001484	4.605170	0.006833
褉懈褋	0.001484	0.040822	0.000061
褉芯谐邪谢懈泻懈	0.001484	0.040822	0.000061
褉芯谢谢褘	0.001484	0.040822	0.000061
褉芯屑	0.001484	0.040822	0.000061
褉芯褟谢褜	0.001484	4.605170	0.006833
褉褍	0.001484	2.659260	0.003945
褉褍斜褉懈泻邪褌芯褉	0.001484	0.051293	0.000076
褉褍谢械褌	0.001484	0.040822	0.000061
褉褘斜邪	0.001484	0.040822	0.000061
褋邪泄褌	0.004451	0.000000	0.000000
褋邪泄褌邪	0.001484	1.108663	0.001645
褋邪泄褌械	0.001484	0.462035	0.000686
褋邪谢邪褌褘	0.004451	0.040822	0.000182
褋邪屑芯谐芯薪	0.001484	0.040822	0.000061
褋邪屑褘械	0.001484	1.832581	0.002719
褋斜懈褌械薪褜	0.001484	0.040822	0.000061
褋胁械泻谢邪	0.001484	0.040822	0.000061
褋胁械泻芯谢褜薪懈泻	0.001484	0.040822	0.000061
褋胁懈薪懈薪邪	0.001484	0.040822	0.000061
褋胁芯械屑	0.001484	0.040822	0.000061
褋胁芯懈屑	0.002967	0.040822	0.000121
褋胁芯泄褋褌胁邪	0.002967	4.605170	0.013665
褋胁芯褞	0.002967	0.040822	0.000121
褋谐褍褖械薪泻邪	0.001484	0.040822	0.000061
褋谐褍褖械薪泻芯泄	0.001484	3.912023	0.005804
褋写械谢邪褌褜	0.002967	1.021651	0.003032
褋械泄褔邪褋	0.001484	0.030459	0.000045
褋械谢械写泻邪	0.001484	0.040822	0.000061
褋械屑谐邪	0.001484	0.040822	0.000061
褋懈写褉	0.001484	0.040822	0.000061
褋懈谢懈泻芯薪芯胁褍褞	0.001484	4.605170	0.006833
褋懈薪懈泄	0.001484	4.605170	0.006833
褋懈褉芯锌	0.001484	0.040822	0.000061
褋懈褋褌械屑褘	0.001484	0.040822	0.000061
褋泻芯谢褜泻芯	0.001484	1.832581	0.002719
褋谢邪写泻懈械	0.002967	0.040822	0.000121
褋谢芯泄泻邪	0.001484	0.040822	0.000061
褋屑芯卸械褌械	0.001484	0.040822	0.000061
褋屑褍蟹懈	0.001484	0.040822	0.000061
褋芯斜懈褉邪械褌械褋褜	0.001484	0.040822	0.000061
褋芯胁械褌邪屑懈	0.001484	0.040822	0.000061
褋芯谐谢邪褕邪械褌械褋褜	0.001484	0.040822	0.000061
褋芯泻懈	0.001484	0.040822	0.000061
褋芯谢褟薪泻邪	0.001484	0.040822	0.000061
褋芯褍褋	0.001484	0.040822	0.000061
褋芯褏褉邪薪褟褌褜	0.001484	0.040822	0.000061
褋芯褑褋械褌懈	0.001484	0.040822	0.000061
褋芯褔械褌邪薪懈懈	0.001484	3.506558	0.005203
褋锌邪谢褜薪褟屑懈	0.001484	0.446287	0.000662
褋褌械泻谢芯泻械褉邪屑懈泻械	0.001484	4.605170	0.006833
褋褌褉芯懈褌械谢褜褋褌胁械	0.001484	0.040822	0.000061
褋褌褉芯懈褌械谢褜褋褌胁褍	0.001484	0.040822	0.000061
褋褌褉芯懈褌褜	0.001484	0.040822	0.000061
褋褍锌	0.001484	0.040822	0.000061
褋褍锌邪	0.001484	0.040822	0.000061
褋褍锌褘	0.001484	0.040822	0.000061
褋褍褎谢械	0.001484	0.040822	0.000061
褋褍褏邪褉懈	0.001484	0.040822	0.000061
褋褍褕懈	0.001484	0.040822	0.000061
褋褘褉	0.001484	0.040822	0.000061
褋褘褉薪懈泻	0.001484	0.040822	0.000061
褋褘褉薪褘械	0.002967	0.040822	0.000121
褌邪褉褌邪谢械褌泻懈	0.001484	0.040822	0.000061
褌胁芯褉芯谐	0.001484	0.040822	0.000061
褌胁芯褉芯卸薪芯泄	0.001484	3.506558	0.005203
褌械谢械谐褉邪屑	0.001484	0.040822	0.000061
褌械屑邪	0.029674	3.912023	0.116084
褌械屑邪屑	0.001484	4.605170	0.006833
褌械屑械	0.001484	3.912023	0.005804
褌械屑锌械	0.001484	4.605170	0.006833
褌械褉褉懈薪	0.001484	0.040822	0.000061
褌械褋褌芯	0.001484	0.040822	0.000061
褌械褏薪懈泻邪	0.001484	0.105361	0.000156
褌械褖懈薪	0.001484	0.040822	0.000061
褌芯褉褌	0.002967	0.040822	0.000121
褌芯褉褌械	0.001484	3.912023	0.005804
褌褉褍斜芯褔泻懈	0.001484	0.040822	0.000061
褌褘泻胁邪	0.001484	0.040822	0.000061
褍胁械写芯屑谢械薪懈褟	0.001484	0.040822	0.000061
褍蟹薪邪褌褜	0.001484	4.605170	0.006833
褍褌胁邪褉褜	0.001484	4.605170	0.006833
褍褏邪	0.001484	0.040822	0.000061
褍褏芯写	0.005935	4.605170	0.027330
褍褔邪褋褌胁芯胁邪褌褜	0.001484	0.040822	0.000061
褎邪褉褕邪	0.001484	0.040822	0.000061
褎邪褉褕懈褉芯胁邪薪薪褘械	0.001484	0.040822	0.000061
褎邪褉褕懈褉芯胁邪薪薪褘泄	0.001484	0.040822	0.000061
褎邪褋芯谢褜	0.001484	0.040822	0.000061
褎芯薪写褞	0.001484	0.040822	0.000061
褎芯褉屑褍	0.001484	1.832581	0.002719
褎芯褉褍屑械	0.001484	0.040822	0.000061
褎芯褉褕屑邪泻	0.001484	0.040822	0.000061
褎褉褍泻褌芯胁褘械	0.001484	0.040822	0.000061
褏邪泄褌械泻	0.001484	4.605170	0.006833
褏邪谢胁邪	0.001484	0.040822	0.000061
褏邪褉褔芯	0.001484	0.040822	0.000061
褏邪褕	0.001484	0.040822	0.000061
褏胁芯褉芯褋褌	0.001484	0.040822	0.000061
褏谢械斜	0.001484	0.040822	0.000061
褏谢芯锌褜褟	0.001484	0.105361	0.000156
褏芯蟹褟泄褋褌胁芯	0.001484	3.506558	0.005203
褏芯蟹褟泄褋褌胁褍	0.001484	4.605170	0.006833
褏芯谢芯写械褑	0.001484	0.040822	0.000061
褏芯褌懈褌械	0.001484	0.040822	0.000061
褏褉邪薪械薪懈械	0.005935	3.506558	0.020810
褏褉邪薪懈褌褜褋褟	0.001484	3.912023	0.005804
褏褍屑褍褋	0.001484	0.040822	0.000061
褑胁械褌	0.001484	2.302585	0.003416
褑胁械褌薪邪褟	0.001484	0.040822	0.000061
褑械薪薪褘褏	0.001484	0.040822	0.000061
褔邪泄	0.001484	0.040822	0.000061
褔械斜褍褉械泻懈	0.001484	0.040822	0.000061
褔械屑	0.001484	0.994252	0.001475
褔械褉械褕薪褞	0.001484	4.605170	0.006833
褔械褋薪芯泻	0.001484	0.314711	0.000467
褔械褋褌薪褘屑懈	0.001484	0.040822	0.000061
褔械褔械胁懈褑邪	0.001484	0.040822	0.000061
褔懈蟹泻械泄泻	0.001484	0.040822	0.000061
褔懈锌褋褘	0.001484	0.040822	0.000061
褕邪褉懈泻懈	0.001484	0.040822	0.000061
褕邪褉谢芯褌泻邪	0.001484	0.040822	0.000061
褕邪褕谢褘泻	0.001484	0.040822	0.000061
褕邪褕谢褘泻懈	0.001484	0.040822	0.000061
褕懈锌褍褔泻邪	0.001484	0.040822	0.000061
褕芯泻芯谢邪写	0.002967	0.040822	0.000121
褕褌褉褍写械谢褜	0.001484	0.040822	0.000061
褕褍褉锌邪	0.001484	0.040822	0.000061
褖懈	0.001484	0.040822	0.000061
褝泻褋锌械褉褌芯胁	0.001484	4.605170	0.006833
褝谢械泻褌褉懈褔械褋泻芯泄	0.001484	4.605170	0.006833
褝褌芯谐芯	0.001484	0.415515	0.000616
褟蟹褘泻	0.001484	0.040822	0.000061
褟泄褑邪	0.001484	0.040822	0.000061
褢谢芯褔泻邪	0.001484	4.605170	0.006833
