褌芯泻械薪	TF	IDF	TF-IDF
邪斜写褞褕械胁邪	0.006073	4.605170	0.027967
邪斜褉懈泻芯褋芯胁褘泄	0.001012	3.912023	0.003960
邪胁褌芯褉邪屑	0.001012	0.040822	0.000041
邪写卸懈泻邪	0.001012	0.040822	0.000041
邪泄褉邪薪	0.001012	0.040822	0.000041
邪泻褔褍褔	0.006073	2.995732	0.018193
邪薪邪谢芯谐懈褔薪芯	0.001012	4.605170	0.004661
邪褉芯屑邪褌薪邪褟	0.001012	1.832581	0.001855
斜邪泻谢邪卸邪薪褘	0.001012	0.040822	0.000041
斜邪谢泻芯薪芯屑	0.001012	2.302585	0.002331
斜邪薪邪薪	0.001012	3.218876	0.003258
斜邪薪邪薪芯屑	0.001012	4.605170	0.004661
斜邪褋褌褍褉屑邪	0.001012	0.040822	0.000041
斜械蟹械	0.001012	0.040822	0.000041
斜械谢泻芯	0.002024	4.605170	0.009322
斜懈褋泻胁懈褌	0.001012	0.040822	0.000041
斜谢懈薪	0.001012	3.506558	0.003549
斜谢懈薪褔懈泻懈	0.003036	2.040221	0.006195
斜谢懈薪褘	0.006073	0.040822	0.000248
斜谢褞写邪	0.003036	0.040822	0.000124
斜谢褞写芯	0.004049	0.040822	0.000165
斜芯谢褜褕械	0.002024	0.105361	0.000213
斜芯谢褜褕芯械	0.004049	1.560648	0.006318
斜芯褉褖	0.001012	0.040822	0.000041
斜芯褌胁懈薪褜褟	0.001012	0.040822	0.000041
斜褉邪褍蟹械褉械	0.001012	0.040822	0.000041
斜褉邪褍薪懈	0.001012	0.040822	0.000041
斜褉芯泻泻芯谢懈	0.001012	0.040822	0.000041
斜褍写褍	0.001012	1.427116	0.001444
斜褍卸械薪懈薪邪	0.001012	0.040822	0.000041
斜褍谢芯褔泻懈	0.001012	0.040822	0.000041
斜褍谢褜芯薪	0.001012	0.040822	0.000041
斜褍褉谐械褉	0.001012	0.040822	0.000041
斜褍褌械褉斜褉芯写褘	0.001012	0.040822	0.000041
斜褘褋褌褉芯	0.001012	0.094311	0.000095
胁邪褉械薪褜械	0.002024	0.040822	0.000083
胁邪褉懈邪薪褌	0.001012	0.562119	0.000569
胁邪褉懈邪薪褌褍	0.001012	4.605170	0.004661
胁邪褉懈谢邪	0.001012	4.605170	0.004661
胁邪褉泻懈	0.001012	2.407946	0.002437
胁邪褉褞	0.001012	3.912023	0.003960
胁邪褌褉褍褕泻懈	0.001012	0.040822	0.000041
胁邪褎谢懈	0.001012	0.040822	0.000041
胁邪褕械泄	0.002024	0.040822	0.000083
胁胁械褉褏	0.001012	4.605170	0.004661
胁胁芯写褟	0.001012	0.040822	0.000041
胁械褋械薪薪懈械	0.001012	0.051293	0.000052
胁械褋械薪薪懈泄	0.001012	3.218876	0.003258
胁械褌褔懈薪褘	0.001012	0.105361	0.000107
胁蟹褟谢邪	0.001012	2.525729	0.002556
胁懈写械	0.001012	1.171183	0.001185
胁懈薪薪褍褞	0.001012	4.605170	0.004661
胁懈薪芯	0.001012	0.040822	0.000041
胁泻褍褋	0.002024	0.105361	0.000213
胁泻褍褋邪屑懈	0.001012	4.605170	0.004661
胁泻褍褋薪邪褟	0.002024	0.061875	0.000125
胁泻褍褋薪芯	0.008097	0.094311	0.000764
胁泻褍褋薪芯械	0.001012	0.994252	0.001006
胁泻褍褋薪褘械	0.003036	0.105361	0.000320
胁泻褍褋薪褘泄	0.002024	0.385662	0.000781
胁泻褍褋芯屑	0.001012	0.105361	0.000107
胁屑械褋褌械	0.002024	0.916291	0.001855
胁屑械褋褌芯	0.002024	2.407946	0.004874
胁芯	0.002024	0.061875	0.000125
胁芯写械	0.001012	0.105361	0.000107
胁芯写芯泄	0.001012	2.525729	0.002556
胁芯泄褌懈	0.001012	0.000000	0.000000
胁芯锌褉芯褋褘	0.001012	0.000000	0.000000
胁褋械谐写邪	0.001012	0.653926	0.000662
胁褋械屑褍	0.001012	0.061875	0.000063
胁褋锌芯屑薪懈褌褜	0.001012	0.040822	0.000041
胁褌芯褉芯泄	0.001012	2.813411	0.002848
胁褌芯褉芯屑褍	0.001012	4.605170	0.004661
胁褏芯写	0.003036	0.030459	0.000092
胁褘泄褌懈	0.001012	0.040822	0.000041
胁褘锌械褔泻邪	0.001012	0.040822	0.000041
胁褘褉邪卸械薪薪褘泄	0.001012	3.912023	0.003960
谐邪褉薪懈褉	0.001012	0.040822	0.000041
谐邪褋锌邪褔芯	0.001012	0.040822	0.000041
谐谢邪胁薪褘泄	0.001012	0.040822	0.000041
谐谢邪蟹褍褉褜	0.001012	0.040822	0.000041
谐谢懈薪褌胁械泄薪	0.001012	0.040822	0.000041
谐芯褉褔懈褑邪	0.001012	0.040822	0.000041
谐芯褉褕芯褔泻邪褏	0.001012	0.105361	0.000107
谐芯褉褕芯褔泻械	0.001012	0.040822	0.000041
谐芯褌芯胁懈谢邪	0.008097	0.733969	0.005943
谐芯褌芯胁懈谢懈	0.001012	1.560648	0.001580
谐芯褌芯胁懈屑	0.003036	0.094311	0.000286
谐芯褌芯胁谢褞	0.001012	1.049822	0.001063
谐芯褌芯胁褍褞	0.001012	4.605170	0.004661
谐褉械薪泻懈	0.001012	0.040822	0.000041
谐褉械褔泻邪	0.001012	0.040822	0.000041
谐褉械褕邪屑	0.001012	4.605170	0.004661
谐褉懈斜薪褘械	0.001012	0.040822	0.000041
谐褉懈斜褘	0.001012	0.040822	0.000041
谐褉芯谐	0.001012	0.040822	0.000041
谐褉褍锌锌褘	0.001012	0.061875	0.000063
谐褍褋褌芯胁邪褌芯	0.001012	4.605170	0.004661
谐褍褋褌芯泄	0.001012	2.407946	0.002437
谐褍褋褌芯褌械	0.001012	4.605170	0.004661
谐褍褋褟	0.001012	0.105361	0.000107
写邪胁薪芯	0.001012	0.967584	0.000979
写邪械褌	0.001012	0.040822	0.000041
写邪谢邪	0.001012	3.506558	0.003549
写邪谢械械	0.005061	2.813411	0.014238
写邪薪薪芯屑褍	0.001012	4.605170	0.004661
写邪薪薪褘械	0.001012	0.040822	0.000041
写邪薪薪褘屑	0.001012	3.912023	0.003960
写械胁芯褔泻懈	0.001012	1.427116	0.001444
写械谢邪谢邪	0.001012	1.469676	0.001488
写械谢懈屑褋褟	0.001012	0.040822	0.000041
写械薪褜	0.001012	0.083382	0.000084
写械褉械胁械薪褋泻懈泄	0.001012	2.813411	0.002848
写械褋械褉褌褘	0.001012	0.040822	0.000041
写卸械屑	0.004049	0.040822	0.000165
写卸械屑邪	0.001012	4.605170	0.004661
写懈械褌懈褔械褋泻邪褟	0.001012	2.995732	0.003032
写懈械褌懈褔械褋泻懈	0.001012	3.912023	0.003960
写薪械胁薪懈泻邪褏	0.001012	0.061875	0.000063
写薪褟	0.001012	0.040822	0.000041
写芯斜邪胁懈谢	0.020243	4.605170	0.093222
写芯斜邪胁懈谢邪	0.005061	1.897120	0.009601
写芯斜邪胁懈褌褜	0.001012	1.514128	0.001533
写芯斜邪胁谢械薪懈械	0.001012	3.218876	0.003258
写芯斜邪胁谢褟褌褜	0.001012	0.040822	0.000041
写芯谢褜褕械	0.001012	2.525729	0.002556
写芯屑	0.006073	0.040822	0.000248
写芯屑邪褕薪械械	0.001012	0.040822	0.000041
写芯屑邪褕薪械泄	0.001012	1.771957	0.001793
写芯屑邪褕薪懈械	0.001012	0.040822	0.000041
写芯屑邪褕薪褟褟	0.001012	0.105361	0.000107
写芯屑芯胁	0.001012	0.040822	0.000041
写芯褔褜	0.001012	3.506558	0.003549
写褉褍谐懈屑懈	0.001012	0.040822	0.000041
写褍褏芯胁泻械	0.001012	0.867501	0.000878
械写懈薪褘泄	0.001012	0.040822	0.000041
卸邪褉泻芯械	0.002024	0.040822	0.000083
卸写邪谢	0.001012	4.605170	0.004661
卸械谢械	0.001012	0.040822	0.000041
卸械薪褋泻芯屑	0.001012	0.061875	0.000063
卸懈胁芯泄	0.001012	3.912023	0.003960
卸懈蟹薪懈	0.001012	0.040822	0.000041
卸褍谢褜械薪	0.001012	0.040822	0.000041
卸褞谢褜械薪	0.001012	0.040822	0.000041
蟹邪胁褌褉邪泻	0.001012	0.094311	0.000095
蟹邪谐芯褌芯胁泻懈	0.001012	0.040822	0.000041
蟹邪写邪胁邪褌褜	0.001012	0.040822	0.000041
蟹邪泻胁邪褋泻邪	0.001012	0.040822	0.000041
蟹邪泻懈写邪褞褌	0.001012	4.605170	0.004661
蟹邪泻褍褋泻邪	0.002024	1.347074	0.002727
蟹邪泻褍褋泻懈	0.001012	0.040822	0.000041
蟹邪谢械卸邪谢懈褋褜	0.001012	4.605170	0.004661
蟹邪谢懈胁邪褞	0.001012	4.605170	0.004661
蟹邪谢懈胁薪芯械	0.001012	0.040822	0.000041
蟹邪屑械褔褌邪褌械谢褜薪褘械	0.001012	4.605170	0.004661
蟹邪屑芯褉芯卸械薪薪芯泄	0.001012	4.605170	0.004661
蟹邪屑芯褉芯卸械薪薪褘泄	0.001012	3.912023	0.003960
蟹邪锌械泻邪薪泻懈	0.001012	0.040822	0.000041
蟹邪锌褉邪胁泻邪	0.001012	0.040822	0.000041
蟹邪褉邪薪械械	0.001012	1.660731	0.001681
蟹邪褉械谐懈褋褌褉懈褉芯胁邪胁褕懈褋褜	0.001012	0.040822	0.000041
蟹邪褉械谐懈褋褌褉懈褉芯胁邪褌褜褋褟	0.001012	0.030459	0.000031
蟹械谢褢薪芯谐芯	0.001012	3.912023	0.003960
蟹械褎懈褉	0.001012	0.040822	0.000041
蟹懈屑薪懈械	0.001012	0.051293	0.000052
蟹懈屑褍	0.001012	0.040822	0.000041
蟹薪邪褞	0.001012	0.755023	0.000764
懈蟹屑械谢褜褔懈褌褜	0.001012	4.605170	0.004661
懈蟹褞屑邪	0.001012	3.912023	0.003960
懈泻褉邪	0.001012	0.040822	0.000041
懈屑斜懈褉褟	0.001012	4.605170	0.004661
懈屑械械褌	0.001012	1.832581	0.001855
懈屑械薪械屑	0.001012	0.040822	0.000041
懈薪芯谐写邪	0.001012	1.897120	0.001920
懈薪褋褌褉褍泻褑懈褟屑懈	0.001012	0.040822	0.000041
懈褋锌芯谢褜蟹芯胁邪谢邪	0.001012	2.995732	0.003032
懈褋锌芯谢褜蟹芯胁邪褌褜	0.001012	1.514128	0.001533
懈褋锌芯谢褜蟹褍褞	0.001012	2.995732	0.003032
懈褌邪谢褜褟薪褋泻懈械	0.001012	3.218876	0.003258
懈褌邪谢褜褟薪褑褘	0.001012	3.218876	0.003258
泄芯谐褍褉褌	0.001012	0.040822	0.000041
泻邪斜邪褔泻懈	0.001012	0.040822	0.000041
泻邪泻邪芯	0.001012	0.040822	0.000041
泻邪泻懈屑懈	0.001012	3.506558	0.003549
泻邪谢褜屑邪褉	0.001012	0.040822	0.000041
泻邪薪邪谢	0.002024	0.040822	0.000083
泻邪薪邪谢械	0.001012	0.040822	0.000041
泻邪薪邪锌械	0.001012	0.040822	0.000041
泻邪锌褍褋褌邪	0.002024	0.040822	0.000083
泻邪锌褍褋褌薪褟泻	0.001012	0.040822	0.000041
泻邪锌褍褋褌褘	0.001012	0.040822	0.000041
泻邪锌褍褔懈薪芯	0.001012	4.605170	0.004661
泻邪褉邪屑械谢褜	0.001012	0.040822	0.000041
泻邪褉泻邪褋薪褘泄	0.004049	0.116534	0.000472
泻邪褉褌芯褎械谢械屑	0.001012	2.813411	0.002848
泻邪褉褌芯褎械谢褜	0.001012	0.040822	0.000041
泻邪褉褌芯褎械谢褜薪芯械	0.001012	0.040822	0.000041
泻邪褉褌芯褕泻邪	0.002024	0.040822	0.000083
泻邪褕邪	0.006073	0.040822	0.000248
泻邪褕懈	0.001012	0.105361	0.000107
泻邪褕褍	0.002024	0.094311	0.000191
泻胁邪褋	0.001012	0.040822	0.000041
泻械泻褋	0.001012	0.040822	0.000041
泻械褎懈褉	0.001012	0.040822	0.000041
泻械褎懈褉邪	0.001012	4.605170	0.004661
泻懈屑褔懈	0.001012	0.040822	0.000041
泻懈褋械谢褜	0.001012	0.040822	0.000041
泻懈褋谢褟褌	0.001012	4.605170	0.004661
泻泻	0.001012	3.506558	0.003549
泻薪懈谐褍	0.001012	0.040822	0.000041
泻芯泻褌械泄谢褜	0.003036	0.040822	0.000124
泻芯谢斜邪褋邪	0.001012	0.040822	0.000041
泻芯屑锌芯褌	0.001012	0.040822	0.000041
泻芯屑褍	0.001012	1.347074	0.001363
泻芯薪械褔薪芯	0.001012	0.527633	0.000534
泻芯薪泻褍褉褋邪褏	0.001012	0.040822	0.000041
泻芯薪褋械褉胁懈褉芯胁邪薪懈械	0.001012	0.040822	0.000041
泻芯薪褎械褌褘	0.001012	0.040822	0.000041
泻芯薪褎懈写械薪褑懈邪谢褜薪芯褋褌懈	0.001012	0.040822	0.000041
泻芯薪褎懈褌褞褉	0.001012	0.040822	0.000041
泻芯褉械泄褋泻懈	0.001012	0.040822	0.000041
泻芯褉械泄褋泻芯泄	0.001012	4.605170	0.004661
泻芯褉卸懈泻懈	0.001012	0.040822	0.000041
泻芯褉懈褑械泄	0.002024	4.605170	0.009322
泻芯褉懈褑褍	0.001012	3.912023	0.003960
泻芯褌谢械褌褘	0.001012	0.040822	0.000041
泻芯褎械	0.002024	0.040822	0.000083
泻褉邪斜芯胁褘泄	0.001012	3.912023	0.003960
泻褉邪斜芯胁褘屑懈	0.001012	3.912023	0.003960
泻褉械屑	0.001012	0.040822	0.000041
泻褉芯屑械	0.001012	0.061875	0.000063
泻褍斜懈泻	0.001012	3.912023	0.003960
泻褍写褉褟胁褘泄	0.001012	4.605170	0.004661
泻褍谢械褕	0.001012	0.040822	0.000041
泻褍谢懈薪邪褉薪褍褞	0.001012	0.040822	0.000041
泻褍谢懈褔	0.001012	0.040822	0.000041
泻褍褉懈薪褘泄	0.001012	0.105361	0.000107
泻褍褉懈褑邪	0.001012	0.040822	0.000041
泻褍褋泻褍褋	0.001012	0.040822	0.000041
泻褍褏薪械泄	0.001012	0.040822	0.000041
泻褍褏薪懈	0.001012	0.040822	0.000041
泻褝蟹褝	0.001012	4.605170	0.004661
谢邪胁邪褕	0.001012	0.040822	0.000041
谢邪谐屑邪薪	0.001012	0.040822	0.000041
谢邪锌褕邪	0.001012	0.040822	0.000041
谢邪锌褕懈褔泻邪	0.001012	4.605170	0.004661
谢邪锌褕芯泄	0.001012	3.506558	0.003549
谢邪褌褌械	0.002024	4.605170	0.009322
谢械谐泻懈屑	0.001012	2.995732	0.003032
谢械锌械褋褌泻邪屑懈	0.001012	4.605170	0.004661
谢械锌械褕泻懈	0.001012	0.040822	0.000041
谢械褌	0.001012	0.843970	0.000854
谢械褌薪懈械	0.001012	0.040822	0.000041
谢械褔芯	0.001012	0.040822	0.000041
谢懈泻械褉	0.001012	0.040822	0.000041
谢懈屑芯薪邪写	0.001012	0.040822	0.000041
谢懈屑芯薪薪芯谐芯	0.001012	3.912023	0.003960
谢懈屑芯薪芯屑	0.001012	3.506558	0.003549
谢褍泻邪	0.001012	2.207275	0.002234
谢褍褔褕懈泄	0.001012	0.040822	0.000041
谢褝薪谐谢懈	0.001012	3.912023	0.003960
谢褞斜懈屑	0.001012	2.995732	0.003032
谢褞斜谢褞	0.001012	1.514128	0.001533
谢褞斜芯械	0.001012	2.525729	0.002556
谢褟	0.002024	1.771957	0.003587
谢褢谐泻懈泄	0.001012	2.525729	0.002556
屑邪泻邪褉芯薪褘	0.001012	0.040822	0.000041
屑邪薪薪懈泻	0.001012	0.040822	0.000041
屑邪褉懈薪邪写	0.001012	0.040822	0.000041
屑邪褉屑械谢邪写	0.001012	0.040822	0.000041
屑邪褉褕屑械谢谢芯褍	0.001012	3.912023	0.003960
屑邪褋泻邪褉锌芯薪械	0.001012	0.040822	0.000041
屑邪褋谢械薪懈褑邪	0.001012	0.040822	0.000041
屑邪褋谢芯屑	0.001012	0.116534	0.000118
屑邪褋褌懈泻邪	0.001012	0.040822	0.000041
屑械写	0.001012	1.832581	0.001855
屑械写懈邪褎芯褉褌	0.003036	0.000000	0.000000
屑械薪褟	0.004049	0.083382	0.000338
屑械褔褌褘	0.002024	0.040822	0.000083
屑懈写懈懈	0.001012	0.040822	0.000041
屑懈泻褉芯胁芯谢薪芯胁泻芯泄	0.001012	4.605170	0.004661
屑懈薪写邪谢褜薪褘屑懈	0.001012	3.912023	0.003960
屑懈薪褍褌	0.002024	0.755023	0.001528
屑懈薪褍褌褍	0.002024	2.659260	0.005383
屑懈薪褍褌褘	0.003036	1.171183	0.003556
屑懈褋芯	0.001012	0.040822	0.000041
屑薪芯谐芯	0.001012	0.776529	0.000786
屑薪芯卸械褋褌胁芯屑	0.001012	0.040822	0.000041
屑芯械泄	0.001012	1.427116	0.001444
屑芯卸械褌械	0.001012	0.000000	0.000000
屑芯谢芯泻邪	0.001012	1.714798	0.001736
屑芯谢芯泻械	0.001012	0.105361	0.000107
屑芯谢芯褔薪褘泄	0.001012	0.040822	0.000041
屑芯褉械锌褉芯写褍泻褌芯胁	0.001012	0.040822	0.000041
屑芯褉泻芯胁褜	0.001012	0.040822	0.000041
屑芯褉泻芯胁褜褞	0.001012	3.218876	0.003258
屑芯褉芯卸械薪芯械	0.001012	0.040822	0.000041
屑芯褉芯蟹懈谢泻械	0.001012	2.813411	0.002848
屑芯褉褋	0.001012	0.040822	0.000041
屑芯褏懈褌芯	0.001012	0.040822	0.000041
屑芯褟	0.001012	1.427116	0.001444
屑褍褋褋	0.001012	0.040822	0.000041
屑褟褋薪褘械	0.001012	0.040822	0.000041
屑褟褋芯	0.001012	0.040822	0.000041
屑褟褋芯屑	0.001012	0.040822	0.000041
屑褟褌褘	0.001012	3.912023	0.003960
薪邪写械褞褋褜	0.001012	1.609438	0.001629
薪邪蟹邪写	0.020243	0.967584	0.019587
薪邪谢懈胁泻邪	0.001012	0.040822	0.000041
薪邪屑薪芯谐芯	0.001012	2.407946	0.002437
薪邪锌懈褌泻懈	0.002024	0.040822	0.000083
薪邪锌懈褌芯泻	0.001012	0.040822	0.000041
薪邪锌芯屑薪褞	0.001012	4.605170	0.004661
薪邪褋褌芯泄泻邪	0.001012	0.040822	0.000041
薪邪褋褌芯褟褌褜褋褟	0.001012	3.912023	0.003960
薪邪褋褘褖械薪薪芯械	0.001012	4.605170	0.004661
薪邪褔懈薪泻邪	0.002024	0.040822	0.000083
薪邪褕械屑	0.001012	0.040822	0.000041
薪邪褕懈	0.001012	0.061875	0.000063
薪械胁泻褍褋薪褘械	0.001012	4.605170	0.004661
薪械谐芯	0.001012	0.941609	0.000953
薪械写邪胁薪芯	0.001012	2.120264	0.002146
薪械写械谢褟	0.001012	0.061875	0.000063
薪械卸薪褘械	0.001012	1.660731	0.001681
薪械屑薪芯谐芯	0.001012	1.203973	0.001219
薪械屑褍	0.001012	2.525729	0.002556
薪械芯斜褘褔薪芯	0.001012	2.813411	0.002848
薪懈屑	0.001012	1.897120	0.001920
薪芯胁芯谐芯写薪懈械	0.001012	0.040822	0.000041
薪芯胁芯褋褌褟褏	0.001012	0.061875	0.000063
薪芯胁褘械	0.001012	0.051293	0.000052
薪芯褉屑褘	0.002024	4.605170	0.009322
薪芯褔褜	0.001012	2.813411	0.002848
薪褢屑	0.001012	2.525729	0.002556
芯斜械写	0.001012	0.105361	0.000107
芯斜芯褕谢邪褋褜	0.002024	4.605170	0.009322
芯斜褖邪褌褜褋褟	0.001012	0.040822	0.000041
芯胁芯褖薪邪褟	0.001012	0.040822	0.000041
芯胁芯褖薪褘械	0.001012	0.040822	0.000041
芯胁褋褟薪邪褟	0.001012	3.912023	0.003960
芯胁褋褟薪芯泄	0.001012	4.605170	0.004661
芯胁褋褟薪芯褔泻邪	0.001012	4.605170	0.004661
芯胁褋褟薪褘屑懈	0.001012	4.605170	0.004661
芯谐芯薪褜	0.001012	3.218876	0.003258
芯写薪芯屑褍	0.001012	3.912023	0.003960
芯泻褉芯褕泻邪	0.001012	0.040822	0.000041
芯泻褋薪邪褉写	0.001012	4.605170	0.004661
芯谢邪写褜懈	0.001012	0.040822	0.000041
芯谢褟	0.006073	2.120264	0.012876
芯屑谢械褌	0.001012	0.040822	0.000041
芯锌邪褉邪	0.001012	0.040822	0.000041
芯锌褉芯褋	0.001012	0.061875	0.000063
芯褋械薪薪懈械	0.001012	0.051293	0.000052
芯褋薪芯胁薪芯械	0.001012	0.040822	0.000041
芯褋芯斜芯	0.001012	2.302585	0.002331
芯褋褌邪褌泻芯胁	0.001012	3.912023	0.003960
芯褌胁械褌懈褌褜	0.001012	0.051293	0.000052
芯褌胁械褌芯胁	0.001012	0.051293	0.000052
芯褌胁械褌褘	0.001012	0.000000	0.000000
芯褌写械谢褜薪芯	0.001012	3.506558	0.003549
芯褌蟹褘胁	0.005061	2.302585	0.011653
芯褌蟹褘胁褍	0.015182	4.605170	0.069917
芯褌谢懈褔薪芯	0.002024	1.514128	0.003065
芯褌屑械薪懈褌褜	0.001012	0.040822	0.000041
芯褑械薪泻邪	0.020243	4.605170	0.093222
芯褔	0.001012	4.605170	0.004661
锌邪谢芯褔泻邪屑懈	0.001012	3.506558	0.003549
锌邪谢芯褔泻懈	0.001012	0.040822	0.000041
锌邪褉芯谢褜	0.001012	0.020203	0.000020
锌邪褋褌邪	0.001012	0.040822	0.000041
锌邪褋褌褉芯屑邪	0.001012	0.040822	0.000041
锌邪褋褏邪	0.001012	0.040822	0.000041
锌邪褕褌械褌	0.001012	0.040822	0.000041
锌械褉胁芯械	0.001012	0.040822	0.000041
锌械褉械胁芯褉邪褔懈胁邪谢懈褋褜	0.001012	4.605170	0.004661
锌械褉械卸懈胁邪谢邪	0.001012	4.605170	0.004661
锌械褉械泄褌懈	0.016194	0.040822	0.000661
锌械褉械褑	0.001012	0.040822	0.000041
锌械褋芯褔薪芯械	0.001012	0.105361	0.000107
锌械褌褉褍褕泻邪	0.001012	0.693147	0.000702
锌械褔械薪芯褔薪褘泄	0.001012	0.040822	0.000041
锌械褔械薪褜械	0.001012	0.040822	0.000041
锌懈泻邪薪褌薪邪褟	0.001012	4.605170	0.004661
锌懈褉芯谐	0.002024	0.040822	0.000083
锌懈褉芯谐懈	0.001012	0.105361	0.000107
锌懈褉芯卸泻懈	0.001012	0.040822	0.000041
锌懈褉芯卸薪芯械	0.001012	0.040822	0.000041
锌懈褑褑邪	0.001012	0.040822	0.000041
锌谢懈褌械	0.001012	4.605170	0.004661
锌芯胁邪褉械薪泻械	0.001012	0.040822	0.000041
锌芯胁邪褉械薪芯泻	0.002024	0.061875	0.000125
锌芯胁邪褉褟褌邪屑懈	0.001012	0.040822	0.000041
锌芯胁懈写谢芯	0.001012	0.040822	0.000041
锌芯写谢懈胁泻邪	0.001012	0.040822	0.000041
锌芯写锌懈褋邪褌褜褋褟	0.001012	0.040822	0.000041
锌芯写锌懈褕懈褌械褋褜	0.002024	0.040822	0.000083
锌芯写褋褍褕懈胁邪谢邪	0.001012	4.605170	0.004661
锌芯懈褋泻	0.001012	0.051293	0.000052
锌芯谢	0.001012	2.995732	0.003032
锌芯谢懈褌懈泻芯泄	0.001012	0.040822	0.000041
锌芯谢薪芯褉屑褘	0.001012	4.605170	0.004661
锌芯谢芯胁懈薪褍	0.001012	2.525729	0.002556
锌芯谢褍褔邪械褌褋褟	0.001012	0.400478	0.000405
锌芯谢褍褔邪泄褌械	0.001012	0.040822	0.000041
锌芯谢褍褔邪褌褜	0.001012	0.040822	0.000041
锌芯谢褍褔懈谢懈褋褜	0.001012	2.659260	0.002692
锌芯谢褍褔懈谢芯褋褜	0.004049	0.994252	0.004025
锌芯谢褍褔懈谢褋褟	0.003036	2.525729	0.007669
锌芯谢褍褔懈褌褋褟	0.001012	1.714798	0.001736
锌芯谢褜蟹芯胁邪褌褜褋褟	0.001012	2.813411	0.002848
锌芯屑邪写泻邪	0.001012	0.040822	0.000041
锌芯薪褉邪胁懈胁褕懈械褋褟	0.001012	0.040822	0.000041
锌芯薪褉邪胁懈谢懈褋褜	0.001012	3.912023	0.003960
锌芯薪褉邪胁懈谢褋褟	0.002024	1.714798	0.003471
锌芯薪褔懈泻懈	0.001012	0.040822	0.000041
锌芯芯斜械写邪谢邪	0.001012	4.605170	0.004661
锌芯锌褉芯斜芯胁邪褌褜	0.002024	0.798508	0.001616
锌芯褋械褖邪械褌械	0.001012	0.061875	0.000063
锌芯褋褌薪褘械	0.001012	0.040822	0.000041
锌芯褋褌芯褟薪薪芯	0.001012	0.040822	0.000041
锌芯褋褌褉芯懈屑	0.001012	0.116534	0.000118
锌芯褋褘锌邪谢邪	0.001012	3.912023	0.003960
锌芯褔褌褍	0.001012	0.040822	0.000041
锌芯褕邪谐芯胁褘屑懈	0.001012	0.040822	0.000041
锌褉邪胁写邪	0.001012	1.139434	0.001153
锌褉械写胁邪褉懈褌械谢褜薪芯泄	0.001012	4.605170	0.004661
锌褉懈谐芯褌芯胁懈谢邪	0.001012	1.386294	0.001403
锌褉懈谐芯褌芯胁懈褌褜	0.003036	0.342490	0.001040
锌褉懈谐芯褌芯胁谢械薪懈褞	0.001012	0.040822	0.000041
锌褉懈蟹芯胁	0.001012	0.040822	0.000041
锌褉懈薪械褋谢邪	0.001012	2.659260	0.002692
锌褉懈锌褉邪胁邪	0.001012	0.040822	0.000041
锌褉懈褋褌褉邪懈胁邪谢邪	0.001012	4.605170	0.004661
锌褉懈褋褌褉芯懈褌褜	0.001012	4.605170	0.004661
锌褉懈褋褌褍锌懈褌褜	0.001012	0.040822	0.000041
锌褉芯斜谢械屑褘	0.001012	3.506558	0.003549
锌褉芯胁芯写懈谢邪	0.001012	4.605170	0.004661
锌褉芯胁芯写懈屑褘褏	0.001012	0.040822	0.000041
锌褉芯械泻褌芯胁	0.001012	0.116534	0.000118
锌褉芯械泻褌褘	0.001012	0.061875	0.000063
锌褉芯蟹褉邪褔薪褘泄	0.001012	3.506558	0.003549
锌褉芯褋褌芯	0.001012	0.083382	0.000084
锌褉芯褋褌芯泻胁邪褕邪	0.001012	0.040822	0.000041
锌褉芯褎懈谢褜	0.001012	0.040822	0.000041
锌褉褟屑芯	0.001012	0.040822	0.000041
锌褉褟薪懈泻	0.001012	0.040822	0.000041
锌褍写懈薪谐	0.001012	0.040822	0.000041
锌褍薪褕	0.001012	0.040822	0.000041
锌褕械薪薪邪褟	0.001012	3.912023	0.003960
锌褘褕泻懈	0.001012	0.040822	0.000041
锌褜褞	0.001012	4.605170	0.004661
锌褞褉械	0.002024	0.040822	0.000083
褉邪蟹	0.001012	0.446287	0.000452
褉邪蟹薪褘屑懈	0.001012	2.813411	0.002848
褉邪薪褜褕械	0.001012	1.560648	0.001580
褉邪褋褋芯谢褜薪懈泻	0.001012	0.040822	0.000041
褉邪褋褋褘谢泻懈	0.001012	0.061875	0.000063
褉邪褋褋褘锌褔邪褌芯械	0.001012	3.912023	0.003960
褉邪褋褌懈褌械谢褜薪芯械	0.001012	0.235722	0.000239
褉械胁懈蟹懈褞	0.001012	4.605170	0.004661
褉械谐懈褋褌褉邪褑懈懈	0.002024	0.010050	0.000020
褉械谐懈褋褌褉邪褑懈褟	0.001012	0.000000	0.000000
褉械泻芯屑械薪写褍褞	0.001012	1.049822	0.001063
褉械褑械锌褌	0.010121	0.040822	0.000413
褉械褑械锌褌邪	0.020243	0.462035	0.009353
褉械褑械锌褌邪褏	0.001012	0.061875	0.000063
褉械褑械锌褌芯胁	0.002024	0.040822	0.000083
褉械褑械锌褌芯屑	0.001012	0.693147	0.000702
褉械褑械锌褌褍	0.023279	0.891598	0.020756
褉械褑械锌褌褘	0.010121	0.040822	0.000413
褉械褕懈谢邪	0.003036	0.820981	0.002493
褉懈褋	0.001012	0.040822	0.000041
褉懈褋芯胁邪褟	0.001012	2.995732	0.003032
褉芯谐邪谢懈泻懈	0.001012	0.040822	0.000041
褉芯谢谢褘	0.001012	0.040822	0.000041
褉芯屑	0.001012	0.040822	0.000041
褉褌褍	0.001012	1.469676	0.001488
褉褍	0.001012	2.659260	0.002692
褉褍斜褉懈泻邪褌芯褉	0.001012	0.051293	0.000052
褉褍谢械褌	0.001012	0.040822	0.000041
褉褍谢械褌懈泻懈	0.001012	2.525729	0.002556
褉褍薪械褌械	0.001012	0.020203	0.000020
褉褘斜邪	0.001012	0.040822	0.000041
褋邪泄褌	0.003036	0.000000	0.000000
褋邪泄褌邪	0.001012	1.108663	0.001122
褋邪泄褌褍	0.002024	0.061875	0.000125
褋邪谢邪褌	0.002024	0.094311	0.000191
褋邪谢邪褌褘	0.003036	0.040822	0.000124
褋邪屑芯谐芯薪	0.001012	0.040822	0.000041
褋邪褏邪褉邪	0.001012	2.995732	0.003032
褋斜懈褌械薪褜	0.001012	0.040822	0.000041
褋胁械卸懈泄	0.001012	2.659260	0.002692
褋胁械泻谢邪	0.001012	0.040822	0.000041
褋胁械泻芯谢褜薪懈泻	0.001012	0.040822	0.000041
褋胁懈薪懈薪邪	0.001012	0.040822	0.000041
褋胁芯械谐芯	0.001012	1.897120	0.001920
褋胁芯械屑	0.001012	0.040822	0.000041
褋胁芯懈屑	0.001012	0.040822	0.000041
褋胁芯褞	0.001012	0.040822	0.000041
褋谐褍褖械薪泻邪	0.001012	0.040822	0.000041
褋写芯斜薪褘械	0.001012	4.605170	0.004661
褋械泄褔邪褋	0.002024	0.030459	0.000062
褋械谢械写泻邪	0.001012	0.040822	0.000041
褋械谢褜写械褉械褟	0.001012	4.605170	0.004661
褋械屑谐邪	0.001012	0.040822	0.000041
褋懈写褉	0.001012	0.040822	0.000041
褋懈褉芯锌	0.001012	0.040822	0.000041
褋懈褋褌械屑褘	0.001012	0.040822	0.000041
褋谢邪写泻懈械	0.002024	0.040822	0.000083
褋谢械写褍褞褖懈泄	0.001012	2.995732	0.003032
褋谢懈胁芯褔薪褘屑	0.001012	1.966113	0.001990
褋谢芯泄泻邪	0.001012	0.040822	0.000041
褋屑邪蟹褘胁邪谢邪	0.001012	4.605170	0.004661
褋屑械褌邪薪邪	0.001012	0.105361	0.000107
褋屑械褌邪薪薪褘泄	0.001012	3.912023	0.003960
褋屑芯卸械褌械	0.001012	0.040822	0.000041
褋屑芯褌褉褟	0.001012	2.995732	0.003032
褋屑褍蟹懈	0.001012	0.040822	0.000041
褋芯斜懈褉邪械褌械褋褜	0.001012	0.040822	0.000041
褋芯胁械褌邪屑懈	0.001012	0.040822	0.000041
褋芯胁械褌褍褞	0.001012	1.139434	0.001153
褋芯谐谢邪褕邪械褌械褋褜	0.001012	0.040822	0.000041
褋芯泻邪	0.001012	0.105361	0.000107
褋芯泻懈	0.001012	0.040822	0.000041
褋芯谢褜	0.001012	0.150823	0.000153
褋芯谢褟薪泻邪	0.001012	0.040822	0.000041
褋芯褋械写褋褌胁褍	0.001012	4.605170	0.004661
褋芯褍褋	0.001012	0.040822	0.000041
褋芯褏褉邪薪褟褌褜	0.001012	0.040822	0.000041
褋芯褑褋械褌懈	0.001012	0.040822	0.000041
褋锌邪谢褜薪褟屑懈	0.001012	0.446287	0.000452
褋锌邪褋懈斜芯	0.008097	0.673345	0.005452
褋锌械褑懈邪谢褜薪芯	0.001012	2.813411	0.002848
褋锌械褑懈泄	0.001012	1.966113	0.001990
褋褉邪蟹褍	0.001012	0.733969	0.000743
褋褌邪褌褜褟褏	0.001012	0.061875	0.000063
褋褌芯谢芯胁褋泻懈械	0.001012	4.605170	0.004661
褋褌褉芯懈褌械谢褜褋褌胁械	0.001012	0.040822	0.000041
褋褌褉芯懈褌械谢褜褋褌胁褍	0.001012	0.040822	0.000041
褋褌褉芯懈褌褜	0.001012	0.040822	0.000041
褋褍锌	0.005061	0.040822	0.000207
褋褍锌邪	0.001012	0.040822	0.000041
褋褍锌褘	0.001012	0.040822	0.000041
褋褍褎谢械	0.001012	0.040822	0.000041
褋褍褏邪褉懈	0.001012	0.040822	0.000041
褋褍褏邪褉懈泻懈	0.002024	2.659260	0.005383
褋褍褕械薪褘泄	0.001012	4.605170	0.004661
褋褍褕懈	0.001012	0.040822	0.000041
褋褘褉	0.001012	0.040822	0.000041
褋褘褉薪懈泻	0.001012	0.040822	0.000041
褋褘褉薪褘械	0.002024	0.040822	0.000083
褋褘褌薪芯	0.001012	1.771957	0.001793
褋褘褌薪褘泄	0.001012	0.105361	0.000107
褌邪泻芯屑	0.001012	1.897120	0.001920
褌邪锌泻邪屑懈	0.001012	3.506558	0.003549
褌邪褉褌邪谢械褌泻懈	0.001012	0.040822	0.000041
褌邪褞褖懈械	0.001012	3.912023	0.003960
褌胁械褉写褘械	0.001012	4.605170	0.004661
褌胁芯褉芯谐	0.002024	0.040822	0.000083
褌胁芯褉芯谐芯屑	0.001012	0.105361	0.000107
褌械谢械谐褉邪屑	0.001012	0.040822	0.000041
褌械屑褍	0.001012	2.995732	0.003032
褌械褉褉邪褋芯泄	0.001012	0.798508	0.000808
褌械褉褉懈薪	0.001012	0.040822	0.000041
褌械褋褌芯	0.003036	0.040822	0.000124
褌械褖懈薪	0.001012	0.040822	0.000041
褌芯薪械薪褜泻懈械	0.001012	3.912023	0.003960
褌芯薪泻懈械	0.002024	3.506558	0.007098
褌芯褉褌	0.002024	0.040822	0.000083
褌褉邪胁褘	0.001012	0.105361	0.000107
褌褉褍斜芯褔泻懈	0.001012	0.040822	0.000041
褌褘泻胁邪	0.001012	0.040822	0.000041
褌褘泻胁械薪薪褘泄	0.002024	3.218876	0.006516
褌褘泻胁芯泄	0.001012	4.605170	0.004661
褌褘泻胁褍	0.001012	3.912023	0.003960
褌褘泻胁褘	0.001012	3.912023	0.003960
褌褢锌谢褘泄	0.001012	3.912023	0.003960
褍胁械写芯屑谢械薪懈褟	0.001012	0.040822	0.000041
褍泻褉芯锌	0.001012	0.562119	0.000569
褍褌褉芯屑	0.001012	2.207275	0.002234
褍褏邪	0.001012	0.040822	0.000041
褍褔邪褋褌胁芯胁邪褌褜	0.001012	0.040822	0.000041
褎邪褉褕邪	0.001012	0.040822	0.000041
褎邪褉褕懈褉芯胁邪薪薪褘械	0.001012	0.040822	0.000041
褎邪褉褕懈褉芯胁邪薪薪褘泄	0.001012	0.040822	0.000041
褎邪褋芯谢褜	0.001012	0.040822	0.000041
褎芯薪写褞	0.001012	0.040822	0.000041
褎芯褉褍屑械	0.002024	0.040822	0.000083
褎芯褉褕屑邪泻	0.001012	0.040822	0.000041
褎芯褌芯谐褉邪褎懈褞	0.020243	4.605170	0.093222
褎褉邪薪褑褍蟹褋泻懈泄	0.001012	2.995732	0.003032
褎褉褍泻褌芯胁褘械	0.001012	0.040822	0.000041
褏邪谢胁邪	0.001012	0.040822	0.000041
褏邪褉褔芯	0.001012	0.040822	0.000041
褏邪褕	0.001012	0.040822	0.000041
褏胁芯褉芯褋褌	0.001012	0.040822	0.000041
褏谢械斜	0.002024	0.040822	0.000083
褏谢芯锌褜褟	0.001012	0.105361	0.000107
褏谢芯锌褜褟屑懈	0.001012	3.912023	0.003960
褏芯谢芯写械褑	0.001012	0.040822	0.000041
褏芯褉芯褕芯	0.001012	0.105361	0.000107
褏芯褌懈褌械	0.001012	0.040822	0.000041
褏芯褌褜	0.001012	1.897120	0.001920
褏芯褔褍	0.001012	0.562119	0.000569
褏褉褍褋褌褟褖械	0.001012	4.605170	0.004661
褏褍屑褍褋	0.001012	0.040822	0.000041
褑胁械褌	0.001012	2.302585	0.002331
褑胁械褌薪邪褟	0.001012	0.040822	0.000041
褑械薪薪褘褏	0.001012	0.040822	0.000041
褔邪械泻	0.001012	4.605170	0.004661
褔邪泄	0.004049	0.040822	0.000165
褔邪褋	0.001012	2.525729	0.002556
褔邪褋邪	0.003036	1.514128	0.004598
褔邪褋芯胁	0.010121	2.040221	0.020650
褔邪褋褌褜	0.001012	2.525729	0.002556
褔械斜褍褉械泻懈	0.001012	0.040822	0.000041
褔械褋薪芯泻	0.001012	0.314711	0.000319
褔械褋褌薪褘屑懈	0.001012	0.040822	0.000041
褔械褔械胁懈褑邪	0.001012	0.040822	0.000041
褔懈蟹泻械泄泻	0.001012	0.040822	0.000041
褔懈锌褋褘	0.001012	0.040822	0.000041
褔懈褌邪褌褜	0.005061	1.966113	0.009950
褔褍褌褜	0.001012	1.771957	0.001793
褔褢褉褋褌胁褘泄	0.001012	4.605170	0.004661
褕邪褉懈泻懈	0.001012	0.040822	0.000041
褕邪褉谢芯褌泻邪	0.001012	0.040822	0.000041
褕邪褕谢褘泻	0.001012	0.040822	0.000041
褕邪褕谢褘泻懈	0.001012	0.040822	0.000041
褕械谢泻芯胁懈褋褌褘泄	0.001012	4.605170	0.004661
褕懈锌褍褔泻邪	0.001012	0.040822	0.000041
褕芯泻芯谢邪写	0.001012	0.040822	0.000041
褕芯锌锌械	0.001012	4.605170	0.004661
褕褌褉褍写械谢褜	0.001012	0.040822	0.000041
褕褍褉锌邪	0.001012	0.040822	0.000041
褖懈	0.001012	0.040822	0.000041
褝谢邪褋褌懈褔薪褘械	0.001012	4.605170	0.004661
褟斜谢芯泻	0.001012	3.912023	0.003960
褟斜谢芯泻懈	0.001012	2.995732	0.003032
褟斜谢芯褔薪褘泄	0.003036	1.832581	0.005565
褟蟹褘泻	0.001012	0.040822	0.000041
褟泄褑邪	0.001012	0.040822	0.000041
褟锌芯薪褋泻芯泄	0.001012	0.061875	0.000063
褟褉泻芯	0.001012	0.105361	0.000107
