褌芯泻械薪	TF	IDF	TF-IDF
邪胁褌芯褉邪屑	0.001357	0.040822	0.000055
邪写卸懈泻邪	0.001357	0.040822	0.000055
邪泄褉邪薪	0.001357	0.040822	0.000055
邪泻褔褍褔	0.001357	2.995732	0.004065
邪谢邪屑械写邪	0.001357	3.912023	0.005308
斜邪泻谢邪卸邪薪褘	0.001357	0.040822	0.000055
斜邪薪芯褔泻懈	0.001357	3.912023	0.005308
斜邪褉写邪泻邪	0.001357	4.605170	0.006249
斜邪褋褌褍褉屑邪	0.001357	0.040822	0.000055
斜械蟹械	0.001357	0.040822	0.000055
斜械蟹泻邪蟹械懈薪芯胁芯泄	0.001357	4.605170	0.006249
斜懈褋泻胁懈褌	0.002714	0.040822	0.000111
斜懈褋泻胁懈褌薪褘泄	0.001357	0.105361	0.000143
斜懈褋泻胁懈褌薪褘屑懈	0.001357	4.605170	0.006249
斜谢懈蟹泻懈屑	0.001357	2.995732	0.004065
斜谢懈薪褘	0.001357	0.040822	0.000055
斜谢褞写邪	0.004071	0.040822	0.000166
斜谢褞写芯	0.004071	0.040822	0.000166
斜芯谢褜褕懈薪褋褌胁械	0.001357	4.605170	0.006249
斜芯褉褖	0.001357	0.040822	0.000055
斜芯褌胁懈薪褜褟	0.001357	0.040822	0.000055
斜褉邪褍蟹械褉械	0.001357	0.040822	0.000055
斜褉邪褍薪懈	0.001357	0.040822	0.000055
斜褉芯泻泻芯谢懈	0.001357	0.040822	0.000055
斜褉褝写褎芯褉写	0.001357	4.605170	0.006249
斜褍写械褌械	0.001357	2.302585	0.003124
斜褍卸械薪懈薪邪	0.001357	0.040822	0.000055
斜褍谢芯褔泻懈	0.001357	0.040822	0.000055
斜褍谢褜芯薪	0.001357	0.040822	0.000055
斜褍屑邪谐懈	0.001357	4.605170	0.006249
斜褍褉谐械褉	0.001357	0.040822	0.000055
斜褍褌械褉斜褉芯写褘	0.001357	0.040822	0.000055
斜褘胁邪褞褌	0.001357	2.995732	0.004065
斜褘褋褌褉芯	0.001357	0.094311	0.000128
斜褘褋褌褉褘泄	0.002714	0.105361	0.000286
胁邪褉械薪褜械	0.001357	0.040822	0.000055
胁邪褉懈邪薪褌	0.001357	0.562119	0.000763
胁邪褌褉褍褕泻懈	0.001357	0.040822	0.000055
胁邪褎谢懈	0.001357	0.040822	0.000055
胁邪褕械泄	0.002714	0.040822	0.000111
胁胁芯写褟	0.001357	0.040822	0.000055
胁谐芯薪褟褟	0.001357	4.605170	0.006249
胁写褉褍谐	0.001357	2.407946	0.003267
胁械薪谐械褉泻懈	0.001357	4.605170	0.006249
胁械褋械薪薪懈械	0.001357	0.051293	0.000070
胁懈写械	0.002714	1.171183	0.003178
胁懈薪芯	0.001357	0.040822	0.000055
胁泻褍褋薪邪褟	0.001357	0.061875	0.000084
胁泻褍褋薪械泄褕懈械	0.001357	2.120264	0.002877
胁泻褍褋薪芯谐芯	0.001357	2.207275	0.002995
胁屑械褋褌芯	0.001357	2.407946	0.003267
胁薪邪褔邪谢械	0.002714	0.248461	0.000674
胁薪懈屑邪薪懈褟	0.001357	2.995732	0.004065
胁芯	0.001357	0.061875	0.000084
胁芯蟹屑芯卸薪芯褋褌懈	0.001357	2.813411	0.003817
胁芯泄褌懈	0.001357	0.000000	0.000000
胁芯锌褉芯褋	0.001357	1.771957	0.002404
胁芯锌褉芯褋褘	0.001357	0.000000	0.000000
胁锌械褉械写懈	0.001357	2.407946	0.003267
胁褋械谐写邪	0.005427	0.653926	0.003549
胁褋械屑褍	0.001357	0.061875	0.000084
胁褋锌芯屑薪懈褌褜	0.001357	0.040822	0.000055
胁褋褌邪胁邪谢	0.001357	4.605170	0.006249
胁褏芯写	0.004071	0.030459	0.000124
胁褘斜懈褉邪褌褜褋褟	0.001357	3.912023	0.005308
胁褘泄褌懈	0.001357	0.040822	0.000055
胁褘锌械褔泻邪	0.001357	0.040822	0.000055
胁褘锌械褔泻懈	0.001357	0.072571	0.000098
胁褘褉芯褋	0.001357	3.912023	0.005308
谐邪褉薪懈褉	0.001357	0.040822	0.000055
谐邪褋锌邪褔芯	0.001357	0.040822	0.000055
谐邪褋褌芯薪懈邪	0.001357	4.605170	0.006249
谐谢邪胁薪褘泄	0.001357	0.040822	0.000055
谐谢邪蟹褍褉褜	0.001357	0.040822	0.000055
谐谢懈薪褌胁械泄薪	0.001357	0.040822	0.000055
谐芯胁芯褉褟褌	0.001357	3.218876	0.004368
谐芯褉褔懈褑邪	0.001357	0.040822	0.000055
谐芯褉褔懈褑褘	0.001357	3.912023	0.005308
谐芯褉褕芯褔泻械	0.001357	0.040822	0.000055
谐芯褌芯胁芯械	0.001357	3.912023	0.005308
谐芯褌芯胁褘械	0.001357	3.218876	0.004368
谐褉械薪泻懈	0.001357	0.040822	0.000055
谐褉械褔泻邪	0.001357	0.040822	0.000055
谐褉懈斜薪褘械	0.001357	0.040822	0.000055
谐褉懈斜褘	0.001357	0.040822	0.000055
谐褉芯谐	0.001357	0.040822	0.000055
谐褉褍锌锌褘	0.001357	0.061875	0.000084
写邪械褌	0.001357	0.040822	0.000055
写邪谢械械	0.013569	2.813411	0.038174
写邪薪薪褘械	0.001357	0.040822	0.000055
写邪褌械	0.002714	0.248461	0.000674
写械谢邪褌褜	0.002714	1.386294	0.003762
写械谢械	0.001357	2.302585	0.003124
写械谢懈屑褋褟	0.001357	0.040822	0.000055
写械褉卸懈褌	0.001357	4.605170	0.006249
写械褋械褉褌褘	0.001357	0.040822	0.000055
写械褌懈	0.001357	2.659260	0.003608
写卸械屑	0.001357	0.040822	0.000055
写懈械褌械	0.001357	3.506558	0.004758
写薪械胁薪懈泻邪褏	0.001357	0.061875	0.000084
写薪褟	0.001357	0.040822	0.000055
写芯斜邪胁懈褌褜	0.001357	1.514128	0.002054
写芯斜邪胁谢械薪懈褟屑	0.001357	0.274437	0.000372
写芯斜邪胁谢褟褌褜	0.001357	0.040822	0.000055
写芯斜褉褍褞	0.001357	4.605170	0.006249
写芯谢褜褕械	0.001357	2.525729	0.003427
写芯屑	0.008141	0.040822	0.000332
写芯屑邪褕薪械械	0.002714	0.040822	0.000111
写芯屑邪褕薪懈械	0.001357	0.040822	0.000055
写芯屑芯胁	0.001357	0.040822	0.000055
写芯褋泻械	0.001357	4.605170	0.006249
写褉褍谐懈屑懈	0.001357	0.040822	0.000055
写褉褍卸懈谢邪	0.001357	4.605170	0.006249
写褉褍蟹褜褟	0.005427	1.966113	0.010671
写褍屑邪褞	0.001357	1.427116	0.001936
械写懈薪褘泄	0.001357	0.040822	0.000055
卸邪褉泻芯械	0.001357	0.040822	0.000055
卸械谢械	0.001357	0.040822	0.000055
卸械薪褋泻芯屑	0.001357	0.061875	0.000084
卸械薪褖懈薪	0.001357	2.995732	0.004065
卸懈胁邪褟	0.001357	4.605170	0.006249
卸懈胁芯屑	0.001357	4.605170	0.006249
卸懈蟹薪懈	0.002714	0.040822	0.000111
卸褍谢褜械薪	0.001357	0.040822	0.000055
卸褞谢褜械薪	0.001357	0.040822	0.000055
蟹邪胁褟蟹邪薪	0.001357	4.605170	0.006249
蟹邪谐芯褌芯胁泻懈	0.001357	0.040822	0.000055
蟹邪写邪胁邪褌褜	0.001357	0.040822	0.000055
蟹邪泻邪褉锌邪褌褋泻芯泄	0.001357	4.605170	0.006249
蟹邪泻胁邪褋泻邪	0.001357	0.040822	0.000055
蟹邪泻褍褋泻懈	0.001357	0.040822	0.000055
蟹邪谢懈胁薪芯械	0.001357	0.040822	0.000055
蟹邪屑芯褉芯蟹泻邪	0.001357	0.105361	0.000143
蟹邪屑芯褉芯蟹泻懈	0.001357	3.912023	0.005308
蟹邪锌械泻邪薪泻懈	0.001357	0.040822	0.000055
蟹邪锌褉邪胁泻邪	0.001357	0.040822	0.000055
蟹邪褉械谐懈褋褌褉懈褉芯胁邪胁褕懈褋褜	0.001357	0.040822	0.000055
蟹邪褉械谐懈褋褌褉懈褉芯胁邪褌褜褋褟	0.001357	0.030459	0.000041
蟹邪褋胁械褌懈谢懈	0.001357	4.605170	0.006249
蟹写芯褉芯胁褜械	0.001357	2.813411	0.003817
蟹械谢械薪褜	0.001357	0.094311	0.000128
蟹械谢械薪褜褞	0.001357	2.525729	0.003427
蟹械褎懈褉	0.001357	0.040822	0.000055
蟹懈屑薪懈械	0.001357	0.051293	0.000070
蟹懈屑褍	0.001357	0.040822	0.000055
蟹薪邪褌褜	0.001357	3.912023	0.005308
懈斜芯	0.001357	4.605170	0.006249
懈谐褉械	0.001357	4.605170	0.006249
懈蟹斜褉邪薪薪芯械	0.001357	4.605170	0.006249
懈泻褉邪	0.001357	0.040822	0.000055
懈屑械薪械屑	0.001357	0.040822	0.000055
懈薪褋褌褉褍泻褑懈褟屑懈	0.001357	0.040822	0.000055
懈褋锌芯谢褜蟹芯胁邪薪懈褞	0.001357	4.605170	0.006249
泄芯谐褍褉褌	0.001357	0.040822	0.000055
泻邪斜邪褔泻懈	0.001357	0.040822	0.000055
泻邪蟹薪懈	0.001357	4.605170	0.006249
泻邪泻邪芯	0.001357	0.040822	0.000055
泻邪谢褜屑邪褉	0.001357	0.040822	0.000055
泻邪薪邪谢	0.002714	0.040822	0.000111
泻邪薪邪谢械	0.001357	0.040822	0.000055
泻邪薪邪锌械	0.001357	0.040822	0.000055
泻邪锌褍褋褌邪	0.002714	0.040822	0.000111
泻邪锌褍褋褌薪褟泻	0.001357	0.040822	0.000055
泻邪锌褍褋褌褘	0.001357	0.040822	0.000055
泻邪褉邪屑械谢褜	0.001357	0.040822	0.000055
泻邪褉泻邪褋薪褘泄	0.005427	0.116534	0.000632
泻邪褉褌芯	0.001357	4.605170	0.006249
泻邪褉褌芯褎械谢褜	0.001357	0.040822	0.000055
泻邪褉褌芯褎械谢褜薪芯械	0.001357	0.040822	0.000055
泻邪褉褌芯褕泻邪	0.002714	0.040822	0.000111
泻邪褕邪	0.001357	0.040822	0.000055
泻胁邪褋	0.001357	0.040822	0.000055
泻胁械褌泻邪	0.001357	4.605170	0.006249
泻械泻褋	0.001357	0.040822	0.000055
泻械褎懈褉	0.001357	0.040822	0.000055
泻懈屑褔懈	0.001357	0.040822	0.000055
泻懈褋械谢褜	0.001357	0.040822	0.000055
泻谢械懈褌褜	0.001357	4.605170	0.006249
泻谢褟褌胁褍	0.001357	4.605170	0.006249
泻薪懈谐褍	0.001357	0.040822	0.000055
泻芯泻褌械泄谢褜	0.001357	0.040822	0.000055
泻芯谢斜邪褋邪	0.001357	0.040822	0.000055
泻芯屑屑械薪褌邪褉懈械胁	0.001357	0.223144	0.000303
泻芯屑锌邪薪懈泄	0.001357	0.105361	0.000143
泻芯屑锌芯褌	0.001357	0.040822	0.000055
泻芯薪泻褍褉褋	0.004071	0.105361	0.000429
泻芯薪泻褍褉褋邪褏	0.001357	0.040822	0.000055
泻芯薪泻褍褉褋褘	0.001357	3.506558	0.004758
泻芯薪褋械褉胁懈褉芯胁邪薪懈械	0.001357	0.040822	0.000055
泻芯薪褎械褌褘	0.001357	0.040822	0.000055
泻芯薪褎懈写械薪褑懈邪谢褜薪芯褋褌懈	0.001357	0.040822	0.000055
泻芯薪褎懈褌褞褉	0.001357	0.040822	0.000055
泻芯褉械泄褋泻懈	0.001357	0.040822	0.000055
泻芯褉卸懈泻懈	0.001357	0.040822	0.000055
泻芯褌谢械褌芯泻	0.001357	3.912023	0.005308
泻芯褌谢械褌褘	0.002714	0.040822	0.000111
泻芯褎械	0.004071	0.040822	0.000166
泻褉邪褋懈胁芯谐芯	0.001357	3.506558	0.004758
泻褉邪褋懈胁芯屑	0.001357	3.912023	0.005308
泻褉邪褋芯褌邪	0.001357	3.912023	0.005308
泻褉械屑	0.001357	0.040822	0.000055
泻褉芯屑械	0.001357	0.061875	0.000084
泻褍谢械褕	0.001357	0.040822	0.000055
泻褍谢懈薪邪褉懈懈	0.001357	0.094311	0.000128
泻褍谢懈薪邪褉薪褍褞	0.001357	0.040822	0.000055
泻褍谢懈褔	0.001357	0.040822	0.000055
泻褍褉懈褑邪	0.001357	0.040822	0.000055
泻褍褋泻褍褋	0.001357	0.040822	0.000055
泻褍褏薪械	0.001357	1.237874	0.001680
泻褍褏薪械泄	0.001357	0.040822	0.000055
泻褍褏薪懈	0.001357	0.040822	0.000055
泻褍褏薪褟	0.001357	0.116534	0.000158
谢邪胁邪褕	0.001357	0.040822	0.000055
谢邪谐屑邪薪	0.001357	0.040822	0.000055
谢邪泄褎邪泻邪屑懈	0.001357	4.605170	0.006249
谢邪泄褎褏邪泻	0.001357	4.605170	0.006249
谢邪锌褕邪	0.001357	0.040822	0.000055
谢械薪褞褋褟	0.005427	4.605170	0.024994
谢械锌械褕泻懈	0.001357	0.040822	0.000055
谢械褌薪懈械	0.001357	0.040822	0.000055
谢械褔芯	0.001357	0.040822	0.000055
谢懈泻械褉	0.001357	0.040822	0.000055
谢懈屑芯薪邪写	0.001357	0.040822	0.000055
谢褍褔褕懈泄	0.001357	0.040822	0.000055
谢褞斜懈褌	0.001357	1.427116	0.001936
屑邪泻邪褉芯薪褘	0.001357	0.040822	0.000055
屑邪泻褋懈屑褍屑	0.001357	2.407946	0.003267
屑邪薪薪懈泻	0.001357	0.040822	0.000055
屑邪薪褋邪褉写芯泄	0.002714	0.755023	0.002049
屑邪褉懈薪邪写	0.001357	0.040822	0.000055
屑邪褉懈薪邪写邪	0.001357	3.506558	0.004758
屑邪褉屑械谢邪写	0.001357	0.040822	0.000055
屑邪褋泻邪褉锌芯薪械	0.001357	0.040822	0.000055
屑邪褋谢械薪懈褑邪	0.001357	0.040822	0.000055
屑邪褋褌懈泻邪	0.001357	0.040822	0.000055
屑邪褌械褉懈邪谢褘	0.001357	3.912023	0.005308
屑械写懈邪褎芯褉褌	0.004071	0.000000	0.000000
屑械谢懈褋褋褘	0.001357	4.605170	0.006249
屑械谢芯褔懈	0.001357	4.605170	0.006249
屑械薪褟	0.004071	0.083382	0.000339
屑械褔褌褘	0.002714	0.040822	0.000111
屑懈写懈懈	0.001357	0.040822	0.000055
屑懈薪褋泻	0.001357	4.605170	0.006249
屑懈褋芯	0.001357	0.040822	0.000055
屑薪芯谐芯	0.002714	0.776529	0.002107
屑薪芯卸械褋褌胁芯	0.001357	1.560648	0.002118
屑薪芯卸械褋褌胁芯屑	0.001357	0.040822	0.000055
屑芯卸械褌械	0.001357	0.000000	0.000000
屑芯懈	0.005427	1.078810	0.005855
屑芯泄	0.002714	0.105361	0.000286
屑芯谢芯泻邪	0.002714	1.714798	0.004653
屑芯谢芯泻芯屑	0.002714	3.218876	0.008735
屑芯谢芯褔薪褘泄	0.001357	0.040822	0.000055
屑芯褉械锌褉芯写褍泻褌芯胁	0.001357	0.040822	0.000055
屑芯褉泻芯胁褜	0.001357	0.040822	0.000055
屑芯褉芯卸械薪芯械	0.001357	0.040822	0.000055
屑芯褉褋	0.001357	0.040822	0.000055
屑芯褏懈褌芯	0.001357	0.040822	0.000055
屑芯褟	0.001357	1.427116	0.001936
屑褍褋褋	0.001357	0.040822	0.000055
屑褟褋薪褘械	0.001357	0.040822	0.000055
屑褟褋芯	0.001357	0.040822	0.000055
屑褟褋芯屑	0.001357	0.040822	0.000055
屑褟褌褘	0.004071	3.912023	0.015924
薪邪写械褞褋褜	0.001357	1.609438	0.002184
薪邪蟹胁邪薪懈褟	0.001357	2.120264	0.002877
薪邪谢懈胁泻邪	0.001357	0.040822	0.000055
薪邪锌懈褌泻懈	0.002714	0.040822	0.000111
薪邪锌懈褌芯泻	0.001357	0.040822	0.000055
薪邪褋褌芯泄泻邪	0.001357	0.040822	0.000055
薪邪褋褌芯褟褖懈泄	0.001357	2.995732	0.004065
薪邪褌邪	0.001357	3.218876	0.004368
薪邪褔懈薪泻邪	0.001357	0.040822	0.000055
薪邪褕械屑	0.001357	0.040822	0.000055
薪邪褕懈	0.001357	0.061875	0.000084
薪械写械谢褟	0.001357	0.061875	0.000084
薪械卸薪芯谐芯	0.001357	3.912023	0.005308
薪械蟹邪屑械薪懈屑	0.001357	4.605170	0.006249
薪械泻芯褌芯褉褘屑	0.001357	4.605170	0.006249
薪械泻芯褌芯褉褘屑懈	0.001357	2.995732	0.004065
薪械褋泻芯谢褜泻芯	0.001357	0.916291	0.001243
薪懈泻邪泻	0.001357	2.659260	0.003608
薪懈褏	0.001357	1.660731	0.002253
薪芯胁芯谐芯写薪懈械	0.002714	0.040822	0.000111
薪芯胁芯褋褌褟褏	0.001357	0.061875	0.000084
薪芯胁褘械	0.002714	0.051293	0.000139
薪褞邪薪褋褘	0.001357	2.995732	0.004065
芯斜懈谢褜薪褘泄	0.001357	3.912023	0.005308
芯斜褉邪斜芯褌泻邪	0.001357	3.912023	0.005308
芯斜褖邪褌褜褋褟	0.001357	0.040822	0.000055
芯斜褘泻薪芯胁械薪薪褘械	0.001357	4.605170	0.006249
芯斜褟蟹邪褌械谢褜薪芯	0.001357	0.967584	0.001313
芯胁芯褖械泄	0.001357	0.105361	0.000143
芯胁芯褖懈	0.001357	0.094311	0.000128
芯胁芯褖薪邪褟	0.001357	0.040822	0.000055
芯胁芯褖薪褘械	0.001357	0.040822	0.000055
芯谐芯褉芯写械	0.001357	3.506558	0.004758
芯谐褉芯屑薪芯械	0.001357	1.237874	0.001680
芯写薪褍	0.001357	2.813411	0.003817
芯卸懈褌褜	0.001357	4.605170	0.006249
芯泻褉芯褕泻邪	0.001357	0.040822	0.000055
芯谢邪写褜懈	0.001357	0.040822	0.000055
芯屑谢械褌	0.001357	0.040822	0.000055
芯锌邪褉邪	0.001357	0.040822	0.000055
芯锌褉芯褋	0.001357	0.061875	0.000084
芯褋械薪薪懈械	0.001357	0.051293	0.000070
芯褋薪芯胁薪芯械	0.001357	0.040822	0.000055
芯褌胁械褌懈褌褜	0.001357	0.051293	0.000070
芯褌胁械褌芯胁	0.001357	0.051293	0.000070
芯褌胁械褌褘	0.001357	0.000000	0.000000
芯褌泻邪蟹邪谢褋褟	0.001357	4.605170	0.006249
芯褌泻褉褘褌褘屑懈	0.001357	4.605170	0.006249
芯褌屑械薪懈褌褜	0.001357	0.040822	0.000055
芯褌褏芯写懈谢	0.001357	4.605170	0.006249
锌邪泻械褌	0.004071	4.605170	0.018746
锌邪泻械褌懈泻邪褏	0.001357	0.105361	0.000143
锌邪谢芯褔泻懈	0.001357	0.040822	0.000055
锌邪薪懈泻褍	0.001357	4.605170	0.006249
锌邪锌邪褉邪褑褜	0.001357	4.605170	0.006249
锌邪褉芯谢褜	0.001357	0.020203	0.000027
锌邪褋褌邪	0.001357	0.040822	0.000055
锌邪褋褌褉芯屑邪	0.001357	0.040822	0.000055
锌邪褋褏邪	0.001357	0.040822	0.000055
锌邪褕褌械褌	0.001357	0.040822	0.000055
锌械褉胁芯械	0.001357	0.040822	0.000055
锌械褉械泄褌懈	0.001357	0.040822	0.000055
锌械褉械褋褘谢邪褞	0.001357	4.605170	0.006249
锌械褉械褑	0.001357	0.040822	0.000055
锌械褔械薪芯褔薪褘泄	0.001357	0.040822	0.000055
锌械褔械薪褜械	0.001357	0.040822	0.000055
锌械褔褜	0.001357	1.966113	0.002668
锌懈泻薪懈泻褍	0.001357	0.105361	0.000143
锌懈褉芯谐	0.001357	0.040822	0.000055
锌懈褉芯卸泻懈	0.001357	0.040822	0.000055
锌懈褉芯卸薪芯械	0.002714	0.040822	0.000111
锌懈褑褑邪	0.001357	0.040822	0.000055
锌芯胁邪褉械薪泻械	0.001357	0.040822	0.000055
锌芯胁邪褉械薪芯泻	0.001357	0.061875	0.000084
锌芯胁邪褉褟褌邪屑懈	0.001357	0.040822	0.000055
锌芯胁懈写谢芯	0.001357	0.040822	0.000055
锌芯写械谢褞褋褜	0.001357	2.525729	0.003427
锌芯写谢懈胁泻邪	0.001357	0.040822	0.000055
锌芯写锌懈褋邪薪薪褘械	0.001357	4.605170	0.006249
锌芯写锌懈褋邪褌褜褋褟	0.001357	0.040822	0.000055
锌芯写锌懈褋褘胁邪褌褜	0.001357	4.605170	0.006249
锌芯写锌懈褕懈褌械褋褜	0.002714	0.040822	0.000111
锌芯懈褋泻	0.001357	0.051293	0.000070
锌芯泻邪卸械褌褋褟	0.001357	4.605170	0.006249
锌芯泻邪蟹邪谢邪	0.001357	3.912023	0.005308
锌芯泻褍锌邪褌褜	0.001357	2.995732	0.004065
锌芯泻褍锌邪褞	0.001357	2.995732	0.004065
锌芯谢械蟹薪芯褋褌懈	0.001357	4.605170	0.006249
锌芯谢械蟹薪褘械	0.002714	3.506558	0.009516
锌芯谢懈褌懈泻芯泄	0.001357	0.040822	0.000055
锌芯谢褍褔邪械褌褋褟	0.001357	0.400478	0.000543
锌芯谢褍褔邪泄褌械	0.001357	0.040822	0.000055
锌芯谢褍褔邪谢邪	0.001357	4.605170	0.006249
锌芯谢褍褔邪谢褋褟	0.001357	4.605170	0.006249
锌芯谢褍褔邪褌褜	0.001357	0.040822	0.000055
锌芯屑邪写泻邪	0.001357	0.040822	0.000055
锌芯薪褉邪胁懈胁褕懈械褋褟	0.001357	0.040822	0.000055
锌芯薪褔懈泻懈	0.001357	0.040822	0.000055
锌芯薪褟褌褜	0.001357	3.912023	0.005308
锌芯锌邪褋褌褜	0.001357	4.605170	0.006249
锌芯锌褉芯斜芯胁邪胁	0.001357	1.832581	0.002487
锌芯褋械褖邪械褌械	0.001357	0.061875	0.000084
锌芯褋褌	0.001357	0.105361	0.000143
锌芯褋褌薪褘械	0.001357	0.040822	0.000055
锌芯褋褌芯褟薪薪芯	0.001357	0.040822	0.000055
锌芯褋褌褉芯懈屑	0.001357	0.116534	0.000158
锌芯褋褍写邪	0.002714	0.094311	0.000256
锌芯褌械褉褟褌褜褋褟	0.001357	4.605170	0.006249
锌芯褔褌褍	0.001357	0.040822	0.000055
锌芯褕邪谐芯胁褘屑懈	0.001357	0.040822	0.000055
锌芯褝泻褋锌械褉械屑械薪褌懈褉芯胁邪褌褜	0.001357	4.605170	0.006249
锌褉邪蟹写薪懈泻懈	0.001357	1.771957	0.002404
锌褉邪泻褌懈泻邪	0.001357	3.912023	0.005308
锌褉邪泻褌懈褔薪芯	0.001357	2.525729	0.003427
锌褉械写写胁械褉懈懈	0.001357	4.605170	0.006249
锌褉械泻褉邪褋薪邪褟	0.001357	3.218876	0.004368
锌褉懈谐芯写懈褌褋褟	0.001357	1.609438	0.002184
锌褉懈谐芯褌芯胁懈褌褜	0.002714	0.342490	0.000929
锌褉懈谐芯褌芯胁谢械薪懈褞	0.001357	0.040822	0.000055
锌褉懈谐芯褌芯胁谢械薪懈褟	0.001357	0.371064	0.000503
锌褉懈蟹芯胁	0.001357	0.040822	0.000055
锌褉懈谢邪胁芯泻	0.001357	4.605170	0.006249
锌褉懈屑懈褌懈胁薪褘屑	0.001357	4.605170	0.006249
锌褉懈锌褉邪胁邪	0.001357	0.040822	0.000055
锌褉懈褋褌褍锌懈褌褜	0.001357	0.040822	0.000055
锌褉芯斜谢械屑	0.001357	2.659260	0.003608
锌褉芯胁芯写懈屑褘褏	0.001357	0.040822	0.000055
锌褉芯写褍泻褌芯胁	0.002714	0.094311	0.000256
锌褉芯械泻褌芯胁	0.001357	0.116534	0.000158
锌褉芯械泻褌褘	0.001357	0.061875	0.000084
锌褉芯褋屑芯褌褉邪屑	0.001357	0.274437	0.000372
锌褉芯褋褌芯	0.002714	0.083382	0.000226
锌褉芯褋褌芯泄	0.001357	0.755023	0.001024
锌褉芯褋褌芯泻胁邪褕邪	0.001357	0.040822	0.000055
锌褉芯褎懈谢褜	0.001357	0.040822	0.000055
锌褉芯褔械泄	0.001357	4.605170	0.006249
锌褉褟屑芯	0.001357	0.040822	0.000055
锌褉褟薪懈泻	0.001357	0.040822	0.000055
锌褉褟薪褘褏	0.001357	3.912023	0.005308
锌褍写懈薪谐	0.001357	0.040822	0.000055
锌褍薪褕	0.001357	0.040822	0.000055
锌褘褕泻懈	0.001357	0.040822	0.000055
锌褞褉械	0.002714	0.040822	0.000111
褉邪斜芯褌邪谢邪	0.001357	2.302585	0.003124
褉邪胁薪芯褋懈谢褜薪芯	0.001357	4.605170	0.006249
褉邪蟹	0.002714	0.446287	0.001211
褉邪蟹胁褟蟹邪褌褜	0.002714	4.605170	0.012497
褉邪蟹写械谢芯褔薪芯泄	0.001357	4.605170	0.006249
褉邪薪褜褕械	0.001357	1.560648	0.002118
褉邪褋泻褉褘谢邪	0.001357	4.605170	0.006249
褉邪褋褋泻邪蟹褘胁邪谢邪	0.001357	3.912023	0.005308
褉邪褋褋芯谢邪	0.001357	3.912023	0.005308
褉邪褋褋芯谢褜薪懈泻	0.001357	0.040822	0.000055
褉邪褋褋褘谢泻懈	0.001357	0.061875	0.000084
褉胁邪褌褜	0.001357	4.605170	0.006249
褉械谐懈褋褌褉邪褑懈懈	0.002714	0.010050	0.000027
褉械谐懈褋褌褉邪褑懈褟	0.001357	0.000000	0.000000
褉械泄褌懈薪谐褍	0.001357	0.248461	0.000337
褉械褋褌芯褉邪薪械	0.001357	2.525729	0.003427
褉械褑械锌褌	0.004071	0.040822	0.000166
褉械褑械锌褌邪褏	0.001357	0.061875	0.000084
褉械褑械锌褌械	0.001357	1.171183	0.001589
褉械褑械锌褌芯胁	0.002714	0.040822	0.000111
褉械褑械锌褌褘	0.013569	0.040822	0.000554
褉械褕懈谢邪	0.001357	0.820981	0.001114
褉懈褋	0.001357	0.040822	0.000055
褉芯谐邪谢懈泻懈	0.001357	0.040822	0.000055
褉芯谢谢褘	0.001357	0.040822	0.000055
褉芯屑	0.001357	0.040822	0.000055
褉褍斜褉懈泻邪	0.001357	4.605170	0.006249
褉褍斜褉懈泻邪褌芯褉	0.001357	0.051293	0.000070
褉褍谢械褌	0.002714	0.040822	0.000111
褉褍谢械褌邪	0.001357	2.813411	0.003817
褉褍谢械褌邪屑懈	0.001357	4.605170	0.006249
褉褍谢械褌泻褍	0.001357	4.605170	0.006249
褉褍薪械褌械	0.001357	0.020203	0.000027
褉褘斜邪	0.002714	0.040822	0.000111
褉褘斜邪屑	0.001357	4.605170	0.006249
褉褘薪芯泻	0.001357	3.912023	0.005308
褋邪泄褌	0.004071	0.000000	0.000000
褋邪泄褌褍	0.002714	0.061875	0.000168
褋邪谢邪褌芯胁	0.001357	2.995732	0.004065
褋邪谢邪褌褘	0.004071	0.040822	0.000166
褋邪屑芯谐芯薪	0.001357	0.040822	0.000055
褋邪屑芯屑	0.001357	2.120264	0.002877
褋斜懈褌械薪褜	0.001357	0.040822	0.000055
褋胁械卸械泄	0.001357	3.506558	0.004758
褋胁械卸械屑	0.001357	3.506558	0.004758
褋胁械卸械褋褌褜	0.002714	0.105361	0.000286
褋胁械泻谢邪	0.001357	0.040822	0.000055
褋胁械泻芯谢褜薪懈泻	0.001357	0.040822	0.000055
褋胁懈薪懈薪邪	0.001357	0.040822	0.000055
褋胁芯械屑	0.004071	0.040822	0.000166
褋胁芯懈屑	0.002714	0.040822	0.000111
褋胁芯褞	0.001357	0.040822	0.000055
褋谐褍褖械薪泻邪	0.001357	0.040822	0.000055
褋写械谢邪褌褜	0.001357	1.021651	0.001386
褋写械褉卸邪谢懈	0.001357	4.605170	0.006249
褋械谐芯写薪褟	0.001357	0.843970	0.001145
褋械泄褔邪褋	0.002714	0.030459	0.000083
褋械泻褉械褌薪褘械	0.001357	3.912023	0.005308
褋械谢械写泻邪	0.001357	0.040822	0.000055
褋械屑谐邪	0.001357	0.040822	0.000055
褋懈写褉	0.001357	0.040822	0.000055
褋懈褉芯锌	0.001357	0.040822	0.000055
褋懈褋褌械屑褘	0.001357	0.040822	0.000055
褋谢邪写泻懈械	0.002714	0.040822	0.000111
褋谢懈谢邪	0.001357	4.605170	0.006249
褋谢芯泄泻邪	0.001357	0.040822	0.000055
褋谢褍褔邪懈	0.002714	2.407946	0.006534
褋谢褍褔懈谢芯褋褜	0.001357	3.506558	0.004758
褋屑械褉褌薪芯泄	0.001357	4.605170	0.006249
褋屑芯卸械褌械	0.001357	0.040822	0.000055
褋屑褍蟹懈	0.001357	0.040822	0.000055
褋芯斜懈褉邪械褌械褋褜	0.001357	0.040822	0.000055
褋芯胁械褌	0.004071	3.218876	0.013103
褋芯胁械褌邪屑懈	0.001357	0.040822	0.000055
褋芯胁械褌芯胁	0.001357	3.506558	0.004758
褋芯胁械褌褋泻芯屑	0.001357	3.912023	0.005308
褋芯胁械褌褘	0.009498	3.912023	0.037156
褋芯谐谢邪褕邪械褌械褋褜	0.001357	0.040822	0.000055
褋芯蟹写邪胁邪褌褜	0.001357	3.912023	0.005308
褋芯蟹写邪薪懈褟	0.002714	0.261365	0.000709
褋芯泻懈	0.001357	0.040822	0.000055
褋芯谢褟薪泻邪	0.001357	0.040822	0.000055
褋芯褉褌懈褉芯胁邪褌褜	0.001357	0.248461	0.000337
褋芯褍褋	0.001357	0.040822	0.000055
褋芯褏褉邪薪懈褌褜	0.004071	3.506558	0.014274
褋芯褏褉邪薪褟褌褜	0.001357	0.040822	0.000055
褋芯褑褋械褌懈	0.001357	0.040822	0.000055
褋芯褞蟹械	0.001357	3.506558	0.004758
褋锌邪谢褜薪褟屑懈	0.004071	0.446287	0.001817
褋锌械褑懈邪谢褜薪褘械	0.001357	3.912023	0.005308
褋锌械褑懈懈	0.001357	0.105361	0.000143
褋锌械褑懈泄	0.002714	1.966113	0.005335
褋锌械褑懈褟褏	0.001357	4.605170	0.006249
褋锌芯褋芯斜	0.005427	1.427116	0.007746
褋锌芯褋芯斜芯屑	0.001357	2.207275	0.002995
褋褌邪褉褘械	0.001357	0.261365	0.000355
褋褌邪褌褜褟褏	0.001357	0.061875	0.000084
褋褌褉邪褋褌褜	0.001357	4.605170	0.006249
褋褌褉邪褏芯屑	0.001357	4.605170	0.006249
褋褌褉芯懈褌械谢褜褋褌胁械	0.001357	0.040822	0.000055
褋褌褉芯懈褌械谢褜褋褌胁褍	0.001357	0.040822	0.000055
褋褌褉芯懈褌褜	0.001357	0.040822	0.000055
褋褍锌	0.001357	0.040822	0.000055
褋褍锌邪	0.001357	0.040822	0.000055
褋褍锌褘	0.001357	0.040822	0.000055
褋褍褎谢械	0.001357	0.040822	0.000055
褋褍褏邪褉懈	0.001357	0.040822	0.000055
褋褍褕懈	0.001357	0.040822	0.000055
褋褘褉	0.001357	0.040822	0.000055
褋褘褉薪懈泻	0.001357	0.040822	0.000055
褋褘褉薪褘械	0.002714	0.040822	0.000111
褌邪泻懈屑	0.001357	1.021651	0.001386
褌邪褉褌邪谢械褌泻懈	0.001357	0.040822	0.000055
褌胁芯褉芯谐	0.001357	0.040822	0.000055
褌械谢械谐褉邪屑	0.001357	0.040822	0.000055
褌械褉褉邪褋芯泄	0.001357	0.798508	0.001083
褌械褉褉懈薪	0.001357	0.040822	0.000055
褌械褋褌芯	0.001357	0.040822	0.000055
褌械褌褞	0.001357	4.605170	0.006249
褌械褌褟	0.001357	3.506558	0.004758
褌械褏	0.001357	0.634878	0.000861
褌械褖懈薪	0.001357	0.040822	0.000055
褌芯褉褌	0.002714	0.040822	0.000111
褌褉邪胁	0.001357	3.912023	0.005308
褌褉褍斜芯褔泻懈	0.001357	0.040822	0.000055
褌褍谐芯	0.001357	4.605170	0.006249
褌褘泻胁邪	0.001357	0.040822	0.000055
褍胁械写芯屑谢械薪懈褟	0.001357	0.040822	0.000055
褍写邪械褌褋褟	0.001357	4.605170	0.006249
褍写械谢懈褌褜	0.001357	4.605170	0.006249
褍写芯斜薪褘泄	0.001357	3.912023	0.005308
褍褉芯卸邪泄	0.001357	0.105361	0.000143
褍褋锌械褌褜	0.001357	4.605170	0.006249
褍褏邪	0.001357	0.040822	0.000055
褍褔邪褋褌胁芯胁邪褌褜	0.001357	0.040822	0.000055
褍褔懈褌褘胁邪褟	0.001357	2.659260	0.003608
褎邪褉褕邪	0.001357	0.040822	0.000055
褎邪褉褕懈褉芯胁邪薪薪褘械	0.001357	0.040822	0.000055
褎邪褉褕懈褉芯胁邪薪薪褘泄	0.001357	0.040822	0.000055
褎邪褋芯谢褜	0.001357	0.040822	0.000055
褎芯谢褜谐懈	0.001357	4.605170	0.006249
褎芯薪写褞	0.001357	0.040822	0.000055
褎芯褉褍屑械	0.002714	0.040822	0.000111
褎芯褉褕屑邪泻	0.001357	0.040822	0.000055
褎褉褍泻褌芯胁褘械	0.001357	0.040822	0.000055
褏邪谢胁邪	0.001357	0.040822	0.000055
褏邪褉褔芯	0.001357	0.040822	0.000055
褏邪褕	0.001357	0.040822	0.000055
褏胁芯褉芯褋褌	0.001357	0.040822	0.000055
褏谢械斜	0.001357	0.040822	0.000055
褏谢芯锌芯褌	0.001357	2.995732	0.004065
褏芯蟹褟泄泻褍	0.001357	4.605170	0.006249
褏芯蟹褟泄褋褌胁芯	0.001357	3.506558	0.004758
褏芯谢芯写械褑	0.001357	0.040822	0.000055
褏芯褉褋	0.001357	0.116534	0.000158
褏芯褌懈褌械	0.001357	0.040822	0.000055
褏芯褔械褌褋褟	0.002714	1.469676	0.003988
褏褉邪薪械薪懈械	0.001357	3.506558	0.004758
褏褉邪薪械薪懈懈	0.001357	4.605170	0.006249
褏褉邪薪懈褌褜	0.002714	2.207275	0.005990
褏褍屑褍褋	0.001357	0.040822	0.000055
褑胁械褌薪邪褟	0.001357	0.040822	0.000055
褑械薪薪褘褏	0.001357	0.040822	0.000055
褑械薪褌褉	0.001357	0.116534	0.000158
褔邪泄	0.001357	0.040822	0.000055
褔邪褋褌芯	0.001357	0.994252	0.001349
褔邪褋褌褜	0.002714	2.525729	0.006854
褔械斜褍褉械泻懈	0.001357	0.040822	0.000055
褔械褋褌薪褘屑懈	0.001357	0.040822	0.000055
褔械褔械胁懈褑邪	0.001357	0.040822	0.000055
褔懈蟹泻械泄泻	0.001357	0.040822	0.000055
褔懈锌褋褘	0.001357	0.040822	0.000055
褔懈褋谢褍	0.001357	0.261365	0.000355
褔懈褋褌泻邪	0.001357	4.605170	0.006249
褔懈褌邪褌褜	0.013569	1.966113	0.026677
褕邪褉懈泻懈	0.001357	0.040822	0.000055
褕邪褉谢芯褌泻邪	0.001357	0.040822	0.000055
褕邪褕谢褘泻	0.002714	0.040822	0.000111
褕邪褕谢褘泻懈	0.001357	0.040822	0.000055
褕懈锌褍褔泻邪	0.001357	0.040822	0.000055
褕泻褍	0.001357	4.605170	0.006249
褕芯泻	0.001357	3.912023	0.005308
褕芯泻芯谢邪写	0.001357	0.040822	0.000055
褕褌褉褍写械谢褜	0.001357	0.040822	0.000055
褕褍褉锌邪	0.001357	0.040822	0.000055
褖懈	0.001357	0.040822	0.000055
褝褌懈褏	0.001357	1.714798	0.002327
褝褌芯屑	0.001357	0.843970	0.001145
褟蟹褘泻	0.001357	0.040822	0.000055
褟泄褑邪	0.001357	0.040822	0.000055
褟锌芯薪褋泻芯泄	0.001357	0.061875	0.000084
