褌芯泻械薪	TF	IDF	TF-IDF
邪胁褌芯褉邪屑	0.002141	0.040822	0.000087
邪写卸懈泻邪	0.002141	0.040822	0.000087
邪泄褉邪薪	0.002141	0.040822	0.000087
邪泻褔褍褔	0.002141	2.995732	0.006415
斜邪斜懈褔	0.002141	1.514128	0.003242
斜邪泻谢邪卸邪薪褘	0.002141	0.040822	0.000087
斜邪褋褌褍褉屑邪	0.002141	0.040822	0.000087
斜械蟹械	0.002141	0.040822	0.000087
斜懈褋泻胁懈褌	0.002141	0.040822	0.000087
斜谢懈薪褘	0.002141	0.040822	0.000087
斜谢褞写邪	0.006424	0.040822	0.000262
斜谢褞写芯	0.004283	0.040822	0.000175
斜芯褉褖	0.002141	0.040822	0.000087
斜芯褌胁懈薪褜褟	0.002141	0.040822	0.000087
斜褉邪褍蟹械褉械	0.002141	0.040822	0.000087
斜褉邪褍薪懈	0.002141	0.040822	0.000087
斜褉芯泻泻芯谢懈	0.002141	0.040822	0.000087
斜褍卸械薪懈薪邪	0.002141	0.040822	0.000087
斜褍谢芯褔泻懈	0.002141	0.040822	0.000087
斜褍谢褜芯薪	0.002141	0.040822	0.000087
斜褍褉谐械褉	0.002141	0.040822	0.000087
斜褍褌械褉斜褉芯写褘	0.002141	0.040822	0.000087
胁邪褉械薪褜械	0.002141	0.040822	0.000087
胁邪褌褉褍褕泻懈	0.002141	0.040822	0.000087
胁邪褎谢懈	0.002141	0.040822	0.000087
胁邪褕械泄	0.002141	0.040822	0.000087
胁胁芯写褟	0.002141	0.040822	0.000087
胁械褋械薪薪懈械	0.002141	0.051293	0.000110
胁懈薪芯	0.002141	0.040822	0.000087
胁泻褍褋薪邪褟	0.002141	0.061875	0.000132
胁薪邪褔邪谢械	0.004283	0.248461	0.001064
胁芯	0.002141	0.061875	0.000132
胁芯蟹褉邪褋褌邪薪懈褞	0.002141	4.605170	0.009861
胁芯泄褌懈	0.002141	0.000000	0.000000
胁芯锌褉芯褋褘	0.002141	0.000000	0.000000
胁褋械谐芯	0.002141	0.186330	0.000399
胁褋械屑褍	0.002141	0.061875	0.000132
胁褋锌芯屑薪懈褌褜	0.002141	0.040822	0.000087
胁褏芯写	0.006424	0.030459	0.000196
胁褘泄褌懈	0.002141	0.040822	0.000087
胁褘锌械褔泻邪	0.002141	0.040822	0.000087
谐邪褉薪懈褉	0.002141	0.040822	0.000087
谐邪褋锌邪褔芯	0.002141	0.040822	0.000087
谐谢邪胁薪褘泄	0.002141	0.040822	0.000087
谐谢邪蟹褍褉褜	0.002141	0.040822	0.000087
谐谢懈薪褌胁械泄薪	0.002141	0.040822	0.000087
谐芯褉褔懈褑邪	0.002141	0.040822	0.000087
谐芯褉褕芯褔泻械	0.002141	0.040822	0.000087
谐褉械薪泻懈	0.002141	0.040822	0.000087
谐褉械褔泻邪	0.002141	0.040822	0.000087
谐褉懈斜薪褘械	0.002141	0.040822	0.000087
谐褉懈斜褘	0.002141	0.040822	0.000087
谐褉芯谐	0.002141	0.040822	0.000087
谐褉褍锌锌褘	0.002141	0.061875	0.000132
写邪械褌	0.002141	0.040822	0.000087
写邪薪薪褘械	0.002141	0.040822	0.000087
写邪褌械	0.004283	0.248461	0.001064
写械谢懈屑褋褟	0.002141	0.040822	0.000087
写械屑褍褉懈褟	0.002141	3.912023	0.008377
写械褋械褉褌褘	0.002141	0.040822	0.000087
写卸械屑	0.002141	0.040822	0.000087
写薪械胁薪懈泻邪褏	0.002141	0.061875	0.000132
写薪褟	0.002141	0.040822	0.000087
写芯斜邪胁谢褟褌褜	0.002141	0.040822	0.000087
写芯屑	0.004283	0.040822	0.000175
写芯屑邪褕薪械械	0.002141	0.040822	0.000087
写芯屑邪褕薪懈械	0.002141	0.040822	0.000087
写芯屑芯胁	0.002141	0.040822	0.000087
写褉褍谐懈屑懈	0.002141	0.040822	0.000087
械写懈薪褘泄	0.002141	0.040822	0.000087
卸邪褉泻芯械	0.002141	0.040822	0.000087
卸械谢械	0.002141	0.040822	0.000087
卸械薪褋泻芯屑	0.002141	0.061875	0.000132
卸懈蟹薪懈	0.002141	0.040822	0.000087
卸褍谢褜械薪	0.002141	0.040822	0.000087
卸褞谢褜械薪	0.002141	0.040822	0.000087
蟹邪谐芯褌芯胁泻懈	0.002141	0.040822	0.000087
蟹邪写邪胁邪褌褜	0.002141	0.040822	0.000087
蟹邪泻胁邪褋泻邪	0.002141	0.040822	0.000087
蟹邪泻褍褋泻懈	0.002141	0.040822	0.000087
蟹邪谢懈胁薪芯械	0.002141	0.040822	0.000087
蟹邪锌械泻邪薪泻懈	0.002141	0.040822	0.000087
蟹邪锌褉邪胁泻邪	0.002141	0.040822	0.000087
蟹邪褉械谐懈褋褌褉懈褉芯胁邪胁褕懈褋褜	0.002141	0.040822	0.000087
蟹邪褉械谐懈褋褌褉懈褉芯胁邪薪芯	0.002141	4.605170	0.009861
蟹邪褉械谐懈褋褌褉懈褉芯胁邪褌褜褋褟	0.002141	0.030459	0.000065
蟹械褎懈褉	0.002141	0.040822	0.000087
蟹懈屑薪懈械	0.002141	0.051293	0.000110
蟹懈屑褍	0.002141	0.040822	0.000087
懈泻褉邪	0.002141	0.040822	0.000087
懈屑械薪械屑	0.002141	0.040822	0.000087
懈薪褋褌褉褍泻褑懈褟屑懈	0.002141	0.040822	0.000087
懈褉褍褕械薪褜泻邪	0.002141	2.525729	0.005408
泄芯谐褍褉褌	0.002141	0.040822	0.000087
泻邪斜邪褔泻懈	0.002141	0.040822	0.000087
泻邪泻邪芯	0.002141	0.040822	0.000087
泻邪谢褜屑邪褉	0.002141	0.040822	0.000087
泻邪薪邪谢	0.004283	0.040822	0.000175
泻邪薪邪谢械	0.002141	0.040822	0.000087
泻邪薪邪锌械	0.002141	0.040822	0.000087
泻邪锌褍褋褌邪	0.004283	0.040822	0.000175
泻邪锌褍褋褌薪褟泻	0.002141	0.040822	0.000087
泻邪锌褍褋褌褘	0.002141	0.040822	0.000087
泻邪褉邪屑械谢褜	0.002141	0.040822	0.000087
泻邪褉褌芯褎械谢褜	0.002141	0.040822	0.000087
泻邪褉褌芯褎械谢褜薪芯械	0.002141	0.040822	0.000087
泻邪褉褌芯褕泻邪	0.004283	0.040822	0.000175
泻邪褕邪	0.002141	0.040822	0.000087
泻胁邪褋	0.002141	0.040822	0.000087
泻械泻褋	0.002141	0.040822	0.000087
泻械褎懈褉	0.002141	0.040822	0.000087
泻懈屑褔懈	0.002141	0.040822	0.000087
泻懈褋械谢褜	0.002141	0.040822	0.000087
泻薪懈谐褍	0.002141	0.040822	0.000087
泻芯泻褌械泄谢褜	0.002141	0.040822	0.000087
泻芯谢斜邪褋邪	0.002141	0.040822	0.000087
泻芯屑锌芯褌	0.002141	0.040822	0.000087
泻芯薪泻褍褉褋邪褏	0.002141	0.040822	0.000087
泻芯薪褋械褉胁懈褉芯胁邪薪懈械	0.002141	0.040822	0.000087
泻芯薪褎械褌褘	0.002141	0.040822	0.000087
泻芯薪褎懈写械薪褑懈邪谢褜薪芯褋褌懈	0.002141	0.040822	0.000087
泻芯薪褎懈褌褞褉	0.002141	0.040822	0.000087
泻芯褉械泄褋泻懈	0.002141	0.040822	0.000087
泻芯褉卸懈泻懈	0.002141	0.040822	0.000087
泻芯褌谢械褌褘	0.002141	0.040822	0.000087
泻芯褎械	0.002141	0.040822	0.000087
泻褉械屑	0.002141	0.040822	0.000087
泻褉芯屑械	0.002141	0.061875	0.000132
泻褍谢械褕	0.002141	0.040822	0.000087
泻褍谢懈薪邪褉薪褍褞	0.002141	0.040822	0.000087
泻褍谢懈薪邪褉芯胁	0.004283	3.912023	0.016754
泻褍谢懈薪邪褉褘	0.002141	3.912023	0.008377
泻褍谢懈褔	0.002141	0.040822	0.000087
泻褍褉懈褑邪	0.002141	0.040822	0.000087
泻褍褋泻褍褋	0.002141	0.040822	0.000087
泻褍褏薪械泄	0.002141	0.040822	0.000087
泻褍褏薪懈	0.002141	0.040822	0.000087
谢邪胁邪褕	0.002141	0.040822	0.000087
谢邪谐屑邪薪	0.002141	0.040822	0.000087
谢邪锌褕邪	0.002141	0.040822	0.000087
谢械锌械褕泻懈	0.002141	0.040822	0.000087
谢械褌薪懈械	0.002141	0.040822	0.000087
谢械褔芯	0.002141	0.040822	0.000087
谢懈泻械褉	0.002141	0.040822	0.000087
谢懈屑芯薪邪写	0.002141	0.040822	0.000087
谢褍褔褕懈泄	0.002141	0.040822	0.000087
谢褞写屑懈谢邪	0.002141	1.771957	0.003794
屑邪泻邪褉芯薪褘	0.002141	0.040822	0.000087
屑邪薪薪懈泻	0.002141	0.040822	0.000087
屑邪褉懈薪邪写	0.002141	0.040822	0.000087
屑邪褉屑械谢邪写	0.002141	0.040822	0.000087
屑邪褋泻邪褉锌芯薪械	0.002141	0.040822	0.000087
屑邪褋谢械薪懈褑邪	0.002141	0.040822	0.000087
屑邪褋褌懈泻邪	0.002141	0.040822	0.000087
屑械写懈邪褎芯褉褌	0.006424	0.000000	0.000000
屑械褔褌褘	0.002141	0.040822	0.000087
屑懈写懈懈	0.002141	0.040822	0.000087
屑懈褋芯	0.002141	0.040822	0.000087
屑懈褋褋	0.002141	1.966113	0.004210
屑薪芯卸械褋褌胁芯屑	0.002141	0.040822	0.000087
屑芯卸械褌械	0.002141	0.000000	0.000000
屑芯谢芯褔薪褘泄	0.002141	0.040822	0.000087
屑芯褉械锌褉芯写褍泻褌芯胁	0.002141	0.040822	0.000087
屑芯褉泻芯胁褜	0.002141	0.040822	0.000087
屑芯褉芯卸械薪芯械	0.002141	0.040822	0.000087
屑芯褉褋	0.002141	0.040822	0.000087
屑芯褏懈褌芯	0.002141	0.040822	0.000087
屑褍褋褋	0.002141	0.040822	0.000087
屑褟褋薪褘械	0.002141	0.040822	0.000087
屑褟褋芯	0.002141	0.040822	0.000087
屑褟褋芯屑	0.002141	0.040822	0.000087
薪邪谢懈胁泻邪	0.002141	0.040822	0.000087
薪邪锌懈褌泻懈	0.004283	0.040822	0.000175
薪邪锌懈褌芯泻	0.002141	0.040822	0.000087
薪邪褋褌芯泄泻邪	0.002141	0.040822	0.000087
薪邪褔懈薪泻邪	0.002141	0.040822	0.000087
薪邪褕械屑	0.002141	0.040822	0.000087
薪邪褕懈	0.002141	0.061875	0.000132
薪械写械谢褟	0.002141	0.061875	0.000132
薪懈薪邪	0.002141	1.203973	0.002578
薪泻	0.002141	1.771957	0.003794
薪芯胁芯谐芯写薪懈械	0.002141	0.040822	0.000087
薪芯胁芯褋褌褟褏	0.002141	0.061875	0.000132
薪芯胁褘械	0.004283	0.051293	0.000220
芯斜褖邪褌褜褋褟	0.002141	0.040822	0.000087
芯胁芯褖薪邪褟	0.002141	0.040822	0.000087
芯胁芯褖薪褘械	0.002141	0.040822	0.000087
芯泻褉芯褕泻邪	0.002141	0.040822	0.000087
芯谢邪写褜懈	0.002141	0.040822	0.000087
芯谢褜谐邪	0.004283	1.427116	0.006112
芯屑谢械褌	0.002141	0.040822	0.000087
芯锌邪褉邪	0.002141	0.040822	0.000087
芯锌褉芯褋	0.002141	0.061875	0.000132
芯褋械薪薪懈械	0.002141	0.051293	0.000110
芯褋薪芯胁薪芯械	0.002141	0.040822	0.000087
芯褌胁械褌懈褌褜	0.002141	0.051293	0.000110
芯褌胁械褌芯胁	0.002141	0.051293	0.000110
芯褌胁械褌褘	0.002141	0.000000	0.000000
芯褌蟹褘胁褘	0.064240	2.207275	0.141795
芯褌屑械薪懈褌褜	0.002141	0.040822	0.000087
锌邪谢芯褔泻懈	0.002141	0.040822	0.000087
锌邪褉芯谢褜	0.002141	0.020203	0.000043
锌邪褋褌邪	0.002141	0.040822	0.000087
锌邪褋褌褉芯屑邪	0.002141	0.040822	0.000087
锌邪褋褏邪	0.002141	0.040822	0.000087
锌邪褕褌械褌	0.002141	0.040822	0.000087
锌械褉胁芯械	0.002141	0.040822	0.000087
锌械褉械泄褌懈	0.002141	0.040822	0.000087
锌械褉械褑	0.002141	0.040822	0.000087
锌械褔械薪芯褔薪褘泄	0.002141	0.040822	0.000087
锌械褔械薪褜械	0.002141	0.040822	0.000087
锌懈褉芯谐	0.002141	0.040822	0.000087
锌懈褉芯卸泻懈	0.002141	0.040822	0.000087
锌懈褉芯卸薪芯械	0.002141	0.040822	0.000087
锌懈褑褑邪	0.002141	0.040822	0.000087
锌芯胁邪褉械薪泻械	0.002141	0.040822	0.000087
锌芯胁邪褉械薪芯泻	0.002141	0.061875	0.000132
锌芯胁邪褉褟褌邪屑懈	0.002141	0.040822	0.000087
锌芯胁懈写谢芯	0.002141	0.040822	0.000087
锌芯写谢懈胁泻邪	0.002141	0.040822	0.000087
锌芯写锌懈褋邪褌褜褋褟	0.002141	0.040822	0.000087
锌芯写锌懈褕懈褌械褋褜	0.004283	0.040822	0.000175
锌芯懈褋泻	0.002141	0.051293	0.000110
锌芯泻褍褋邪械胁邪	0.002141	4.605170	0.009861
锌芯谢懈褌懈泻芯泄	0.002141	0.040822	0.000087
锌芯谢褍褔邪泄褌械	0.002141	0.040822	0.000087
锌芯谢褍褔邪褌褜	0.002141	0.040822	0.000087
锌芯屑邪写泻邪	0.002141	0.040822	0.000087
锌芯薪褉邪胁懈胁褕懈械褋褟	0.002141	0.040822	0.000087
锌芯薪褔懈泻懈	0.002141	0.040822	0.000087
锌芯褋械褖邪械褌械	0.002141	0.061875	0.000132
锌芯褋褌薪褘械	0.002141	0.040822	0.000087
锌芯褋褌芯褟薪薪芯	0.002141	0.040822	0.000087
锌芯褔褌褍	0.002141	0.040822	0.000087
锌芯褕邪谐芯胁褘屑懈	0.002141	0.040822	0.000087
锌褉懈谐芯褌芯胁谢械薪懈褞	0.002141	0.040822	0.000087
锌褉懈蟹芯胁	0.002141	0.040822	0.000087
锌褉懈锌褉邪胁邪	0.002141	0.040822	0.000087
锌褉懈褋褌褍锌懈褌褜	0.002141	0.040822	0.000087
锌褉芯胁芯写懈屑褘褏	0.002141	0.040822	0.000087
锌褉芯械泻褌褘	0.002141	0.061875	0.000132
锌褉芯褋褌芯泻胁邪褕邪	0.002141	0.040822	0.000087
锌褉芯褎懈谢褜	0.002141	0.040822	0.000087
锌褉褟屑芯	0.002141	0.040822	0.000087
锌褉褟薪懈泻	0.002141	0.040822	0.000087
锌褍写懈薪谐	0.002141	0.040822	0.000087
锌褍薪褕	0.002141	0.040822	0.000087
锌褘褕泻懈	0.002141	0.040822	0.000087
锌褞褉械	0.004283	0.040822	0.000175
褉邪褋褋芯谢褜薪懈泻	0.002141	0.040822	0.000087
褉邪褋褋褘谢泻懈	0.002141	0.061875	0.000132
褉械谐懈褋褌褉邪褑懈懈	0.008565	0.010050	0.000086
褉械谐懈褋褌褉邪褑懈褟	0.002141	0.000000	0.000000
褉械泄褌懈薪谐褍	0.004283	0.248461	0.001064
褉械褑械锌褌	0.004283	0.040822	0.000175
褉械褑械锌褌邪褏	0.002141	0.061875	0.000132
褉械褑械锌褌芯胁	0.004283	0.040822	0.000175
褉械褑械锌褌褘	0.021413	0.040822	0.000874
褉懈褋	0.002141	0.040822	0.000087
褉芯谐邪谢懈泻懈	0.002141	0.040822	0.000087
褉芯谢谢褘	0.002141	0.040822	0.000087
褉芯屑	0.002141	0.040822	0.000087
褉褍斜褉懈泻邪褌芯褉	0.002141	0.051293	0.000110
褉褍谢械褌	0.002141	0.040822	0.000087
褉褍薪械褌械	0.002141	0.020203	0.000043
褉褘斜邪	0.002141	0.040822	0.000087
褋邪泄褌	0.006424	0.000000	0.000000
褋邪泄褌褍	0.004283	0.061875	0.000265
褋邪谢邪褌褘	0.006424	0.040822	0.000262
褋邪屑芯谐芯薪	0.002141	0.040822	0.000087
褋斜懈褌械薪褜	0.002141	0.040822	0.000087
褋胁械泻谢邪	0.002141	0.040822	0.000087
褋胁械泻芯谢褜薪懈泻	0.002141	0.040822	0.000087
褋胁械褌谢邪薪泻邪	0.002141	3.506558	0.007509
褋胁懈薪懈薪邪	0.002141	0.040822	0.000087
褋胁芯械屑	0.002141	0.040822	0.000087
褋胁芯懈屑	0.002141	0.040822	0.000087
褋胁芯褞	0.002141	0.040822	0.000087
褋谐褍褖械薪泻邪	0.002141	0.040822	0.000087
褋械泄褔邪褋	0.002141	0.030459	0.000065
褋械谢械写泻邪	0.002141	0.040822	0.000087
褋械屑谐邪	0.002141	0.040822	0.000087
褋懈写褉	0.002141	0.040822	0.000087
褋懈褉芯锌	0.002141	0.040822	0.000087
褋懈褋褌械屑褘	0.002141	0.040822	0.000087
褋谢邪写泻懈械	0.004283	0.040822	0.000175
褋谢芯泄泻邪	0.002141	0.040822	0.000087
褋屑芯卸械褌械	0.002141	0.040822	0.000087
褋屑褍蟹懈	0.002141	0.040822	0.000087
褋芯斜懈褉邪械褌械褋褜	0.002141	0.040822	0.000087
褋芯胁械褌邪屑懈	0.002141	0.040822	0.000087
褋芯谐谢邪褕邪械褌械褋褜	0.002141	0.040822	0.000087
褋芯泻懈	0.002141	0.040822	0.000087
褋芯谢褟薪泻邪	0.002141	0.040822	0.000087
褋芯褉褌懈褉芯胁邪褌褜	0.002141	0.248461	0.000532
褋芯褍褋	0.002141	0.040822	0.000087
褋芯褏褉邪薪褟褌褜	0.002141	0.040822	0.000087
褋芯褑褋械褌懈	0.002141	0.040822	0.000087
褋锌懈褋芯泻	0.002141	0.116534	0.000250
褋褌邪褉褘械	0.002141	0.261365	0.000560
褋褌邪褌褜褟褏	0.002141	0.061875	0.000132
褋褌褉芯懈褌械谢褜褋褌胁械	0.002141	0.040822	0.000087
褋褌褉芯懈褌械谢褜褋褌胁褍	0.002141	0.040822	0.000087
褋褌褉芯懈褌褜	0.002141	0.040822	0.000087
褋褍锌	0.002141	0.040822	0.000087
褋褍锌邪	0.002141	0.040822	0.000087
褋褍锌械褉斜邪斜褍褕泻邪	0.002141	1.237874	0.002651
褋褍锌褘	0.002141	0.040822	0.000087
褋褍褉懈泻	0.002141	3.912023	0.008377
褋褍褎谢械	0.002141	0.040822	0.000087
褋褍褏邪褉懈	0.002141	0.040822	0.000087
褋褍褕懈	0.002141	0.040822	0.000087
褋褘褉	0.002141	0.040822	0.000087
褋褘褉薪懈泻	0.002141	0.040822	0.000087
褋褘褉薪褘械	0.004283	0.040822	0.000175
褌邪褉褌邪谢械褌泻懈	0.002141	0.040822	0.000087
褌胁芯褉芯谐	0.002141	0.040822	0.000087
褌械谢械谐褉邪屑	0.002141	0.040822	0.000087
褌械褉褉懈薪	0.002141	0.040822	0.000087
褌械褋褌芯	0.002141	0.040822	0.000087
褌械褖懈薪	0.002141	0.040822	0.000087
褌芯褉褌	0.004283	0.040822	0.000175
褌褉褍斜芯褔泻懈	0.002141	0.040822	0.000087
褌褘泻胁邪	0.002141	0.040822	0.000087
褍斜褘胁邪薪懈褞	0.002141	4.605170	0.009861
褍胁械写芯屑谢械薪懈褟	0.002141	0.040822	0.000087
褍褉芯胁械薪褜	0.064240	3.506558	0.225261
褍褏邪	0.002141	0.040822	0.000087
褍褔邪褋褌胁芯胁邪褌褜	0.002141	0.040822	0.000087
褎邪褉褕邪	0.002141	0.040822	0.000087
褎邪褉褕懈褉芯胁邪薪薪褘械	0.002141	0.040822	0.000087
褎邪褉褕懈褉芯胁邪薪薪褘泄	0.002141	0.040822	0.000087
褎邪褋芯谢褜	0.002141	0.040822	0.000087
褎芯薪写褞	0.002141	0.040822	0.000087
褎芯褉褍屑械	0.004283	0.040822	0.000175
褎芯褉褕屑邪泻	0.002141	0.040822	0.000087
褎褉褍泻褌芯胁褘械	0.002141	0.040822	0.000087
褏邪谢胁邪	0.002141	0.040822	0.000087
褏邪褉褔芯	0.002141	0.040822	0.000087
褏邪褕	0.002141	0.040822	0.000087
褏胁芯褉芯褋褌	0.002141	0.040822	0.000087
褏谢械斜	0.002141	0.040822	0.000087
褏芯谢芯写械褑	0.002141	0.040822	0.000087
褏芯褌懈褌械	0.002141	0.040822	0.000087
褏褍屑褍褋	0.002141	0.040822	0.000087
褑胁械褌薪邪褟	0.002141	0.040822	0.000087
褑械薪薪褘褏	0.002141	0.040822	0.000087
褔邪泄	0.002141	0.040822	0.000087
褔械斜褍褉械泻懈	0.002141	0.040822	0.000087
褔械褋褌薪褘屑懈	0.002141	0.040822	0.000087
褔械褔械胁懈褑邪	0.002141	0.040822	0.000087
褔懈蟹泻械泄泻	0.002141	0.040822	0.000087
褔懈锌褋褘	0.002141	0.040822	0.000087
褕邪褉懈泻懈	0.002141	0.040822	0.000087
褕邪褉谢芯褌泻邪	0.002141	0.040822	0.000087
褕邪褕谢褘泻	0.002141	0.040822	0.000087
褕邪褕谢褘泻懈	0.002141	0.040822	0.000087
褕懈锌褍褔泻邪	0.002141	0.040822	0.000087
褕芯泻芯谢邪写	0.002141	0.040822	0.000087
褕褌褉褍写械谢褜	0.002141	0.040822	0.000087
褕褍褉锌邪	0.002141	0.040822	0.000087
褖懈	0.002141	0.040822	0.000087
褟蟹褘泻	0.002141	0.040822	0.000087
褟泄褑邪	0.002141	0.040822	0.000087
褟谢芯褉懈褋	0.002141	1.771957	0.003794
褟锌芯薪褋泻芯泄	0.002141	0.061875	0.000132
