褌芯泻械薪	TF	IDF	TF-IDF
邪写褉械褋	0.014085	3.218876	0.045336
胁邪褕	0.014085	1.309333	0.018441
胁芯蟹薪懈泻谢懈	0.014085	3.218876	0.045336
胁芯泄褌懈	0.084507	0.000000	0.000000
胁芯锌褉芯褋褘	0.014085	0.000000	0.000000
谐谢褟薪械褑	0.014085	3.218876	0.045336
械写懈薪邪褟	0.014085	3.218876	0.045336
卸械薪褋泻懈泄	0.014085	3.218876	0.045336
卸械薪褖懈薪	0.014085	2.995732	0.042193
卸褍褉薪邪谢	0.014085	2.659260	0.037454
蟹邪褉械谐懈褋褌褉懈褉芯胁邪薪褘	0.014085	3.506558	0.049388
懈屑懈	0.014085	1.832581	0.025811
泻褉褍锌薪械泄褕懈泄	0.014085	3.218876	0.045336
泻褍谢懈薪邪褉薪褘泄	0.014085	0.072571	0.001022
屑邪屑	0.014085	2.995732	0.042193
屑械写懈邪褎芯褉褌	0.014085	0.000000	0.000000
屑械褋褟褑	0.014085	2.659260	0.037454
屑芯写械	0.014085	3.218876	0.045336
屑芯卸械褌械	0.028169	0.000000	0.000000
薪邪锌懈褕懈褌械	0.014085	3.218876	0.045336
薪邪褕谢懈	0.014085	2.407946	0.033915
薪械褋泻褍褔薪芯	0.014085	3.218876	0.045336
芯薪谢邪泄薪	0.028169	3.218876	0.090673
芯褉懈械薪褌懈褉芯胁邪薪薪邪褟	0.014085	3.218876	0.045336
芯褌胁械褌褘	0.028169	0.000000	0.000000
锌芯胁邪褉褢薪泻械	0.014085	3.506558	0.049388
锌芯胁邪褉褢薪芯泻	0.014085	2.525729	0.035574
锌芯卸邪谢褍泄褋褌邪	0.014085	1.966113	0.027692
锌芯屑芯褔褜	0.014085	3.218876	0.045336
锌芯屑芯褖褜	0.028169	2.995732	0.084387
锌芯褋褌邪褉邪械屑褋褟	0.014085	3.218876	0.045336
锌芯褔褌芯胁褘泄	0.014085	3.218876	0.045336
锌褉芯斜谢械屑械	0.014085	3.218876	0.045336
褉邪蟹写械谢械	0.014085	3.218876	0.045336
褉邪褋锌芯谢芯卸械薪	0.014085	2.813411	0.039626
褉械谐懈褋褌褉邪褑懈懈	0.014085	0.010050	0.000142
褉械谐懈褋褌褉邪褑懈褟	0.028169	0.000000	0.000000
褉芯写懈褌械谢械泄	0.014085	2.040221	0.028736
褉褍薪械褌械	0.014085	0.020203	0.000285
褋邪泄褌	0.056338	0.000000	0.000000
褋邪泄褌芯胁	0.014085	2.659260	0.037454
褋械褌褜	0.042254	2.995732	0.126580
褋芯芯斜褖懈褌械	0.014085	3.912023	0.055099
褋芯褑懈邪谢褜薪邪褟	0.028169	3.218876	0.090673
褋芯褑懈邪谢褜薪褍褞	0.014085	3.506558	0.049388
褋褌邪褌械泄	0.014085	2.995732	0.042193
褋褌邪褌褜	0.014085	1.966113	0.027692
褋褌褉邪薪邪	0.014085	2.525729	0.035574
褌械褏	0.014085	0.634878	0.008942
褌褉褍写薪芯褋褌懈	0.014085	3.218876	0.045336
褏芯褔械褌	0.014085	2.040221	0.028736
褏褍写械械屑	0.014085	2.995732	0.042193
褏褍写械褞褖懈褏	0.014085	3.218876	0.045336
褟薪写械泻褋	0.014085	0.072571	0.001022
褟褖懈泻	0.014085	3.218876	0.045336
