褌芯泻械薪	TF	IDF	TF-IDF
邪写褉械褋	0.026316	3.218876	0.084707
胁邪褕	0.026316	1.309333	0.034456
胁胁械写懈褌械	0.013158	3.912023	0.051474
胁胁械褋褌懈	0.013158	4.605170	0.060594
胁芯蟹薪懈泻谢懈	0.013158	3.218876	0.042354
胁芯泄褌懈	0.052632	0.000000	0.000000
胁芯锌褉芯褋褘	0.013158	0.000000	0.000000
胁褘褕谢械屑	0.013158	4.605170	0.060594
谐谢褟薪械褑	0.013158	3.218876	0.042354
械写懈薪邪褟	0.013158	3.218876	0.042354
卸械薪褋泻懈泄	0.013158	3.218876	0.042354
卸械薪褖懈薪	0.013158	2.995732	0.039418
卸褍褉薪邪谢	0.013158	2.659260	0.034990
蟹邪斜褘谢懈	0.013158	3.912023	0.051474
懈屑懈	0.013158	1.832581	0.024113
懈薪褋褌褉褍泻褑懈懈	0.013158	3.912023	0.051474
泻褉褍锌薪械泄褕懈泄	0.013158	3.218876	0.042354
泻褍谢懈薪邪褉薪褘泄	0.013158	0.072571	0.000955
屑邪屑	0.013158	2.995732	0.039418
屑械写懈邪褎芯褉褌	0.013158	0.000000	0.000000
屑械褋褟褑	0.013158	2.659260	0.034990
屑芯写械	0.013158	3.218876	0.042354
屑芯卸械褌械	0.013158	0.000000	0.000000
薪邪锌懈褕懈褌械	0.013158	3.218876	0.042354
薪邪褕谢懈	0.013158	2.407946	0.031683
薪械谐芯	0.013158	0.941609	0.012390
薪械褋泻褍褔薪芯	0.013158	3.218876	0.042354
薪芯胁褘泄	0.013158	0.094311	0.001241
芯薪谢邪泄薪	0.026316	3.218876	0.084707
芯褉懈械薪褌懈褉芯胁邪薪薪邪褟	0.013158	3.218876	0.042354
芯褌胁械褌褘	0.026316	0.000000	0.000000
锌邪褉芯谢褜	0.026316	0.020203	0.000532
锌邪褉芯谢褟	0.013158	2.120264	0.027898
锌芯胁邪褉褢薪芯泻	0.013158	2.525729	0.033233
锌芯谢褍褔懈褌褜	0.013158	3.506558	0.046139
锌芯屑芯褔褜	0.013158	3.218876	0.042354
锌芯屑芯褖褜	0.026316	2.995732	0.078835
锌芯褋褌邪褉邪械屑褋褟	0.013158	3.218876	0.042354
锌芯褔褌芯胁褘泄	0.013158	3.218876	0.042354
锌褉芯斜谢械屑械	0.013158	3.218876	0.042354
褉邪蟹写械谢械	0.013158	3.218876	0.042354
褉邪褋锌芯谢芯卸械薪	0.013158	2.813411	0.037019
褉械谐懈褋褌褉邪褑懈懈	0.013158	0.010050	0.000132
褉械谐懈褋褌褉邪褑懈褟	0.013158	0.000000	0.000000
褉芯写懈褌械谢械泄	0.013158	2.040221	0.026845
褉褍薪械褌械	0.013158	0.020203	0.000266
褋邪泄褌	0.039474	0.000000	0.000000
褋邪泄褌芯胁	0.013158	2.659260	0.034990
褋械褌褜	0.026316	2.995732	0.078835
褋谢械写褍械褌	0.013158	3.912023	0.051474
褋芯褑懈邪谢褜薪邪褟	0.026316	3.218876	0.084707
褋褌邪褌械泄	0.013158	2.995732	0.039418
褋褌邪褌褜	0.013158	1.966113	0.025870
褋褌褉邪薪邪	0.013158	2.525729	0.033233
褌械褏	0.013158	0.634878	0.008354
褌芯屑	0.013158	1.171183	0.015410
褌褉褍写薪芯褋褌懈	0.013158	3.218876	0.042354
褍泻邪蟹褘胁邪谢懈	0.013158	4.605170	0.060594
褏芯褔械褌	0.013158	2.040221	0.026845
褏褍写械械屑	0.013158	2.995732	0.039418
褏褍写械褞褖懈褏	0.013158	3.218876	0.042354
褟薪写械泻褋	0.013158	0.072571	0.000955
褟褖懈泻	0.013158	3.218876	0.042354
