褌芯泻械薪	TF	IDF	TF-IDF
邪胁褌芯褉邪屑	0.001504	0.040822	0.000061
邪胁褌芯褉懈蟹邪褑懈懈	0.001504	3.912023	0.005883
邪写卸懈泻邪	0.001504	0.040822	0.000061
邪写屑懈薪懈褋褌褉邪褌芯褉芯屑	0.001504	4.605170	0.006925
邪写褉械褋	0.006015	3.218876	0.019362
邪泄褉邪薪	0.001504	0.040822	0.000061
邪泻泻邪褍薪褌芯屑	0.001504	4.605170	0.006925
邪泻褌懈胁薪芯褋褌械泄	0.001504	4.605170	0.006925
邪泻褌褍邪谢褜薪芯泄	0.001504	4.605170	0.006925
邪薪邪谢懈褌懈泻懈	0.001504	4.605170	0.006925
邪薪泻械褌邪褏	0.001504	4.605170	0.006925
斜邪泻谢邪卸邪薪褘	0.001504	0.040822	0.000061
斜邪褋褌褍褉屑邪	0.001504	0.040822	0.000061
斜械蟹械	0.001504	0.040822	0.000061
斜懈褋泻胁懈褌	0.001504	0.040822	0.000061
斜谢懈薪褘	0.001504	0.040822	0.000061
斜谢芯泻懈褉芯胁泻懈	0.001504	4.605170	0.006925
斜谢褞写邪	0.004511	0.040822	0.000184
斜谢褞写芯	0.003008	0.040822	0.000123
斜芯褉褖	0.001504	0.040822	0.000061
斜芯褌胁懈薪褜褟	0.001504	0.040822	0.000061
斜褉邪褍蟹械褉邪	0.001504	4.605170	0.006925
斜褉邪褍蟹械褉械	0.003008	0.040822	0.000123
斜褉邪褍薪懈	0.001504	0.040822	0.000061
斜褉芯泻泻芯谢懈	0.001504	0.040822	0.000061
斜褍卸械薪懈薪邪	0.001504	0.040822	0.000061
斜褍谢芯褔泻懈	0.001504	0.040822	0.000061
斜褍谢褜芯薪	0.001504	0.040822	0.000061
斜褍褉谐械褉	0.001504	0.040822	0.000061
斜褍褌械褉斜褉芯写褘	0.001504	0.040822	0.000061
胁邪褉械薪褜械	0.001504	0.040822	0.000061
胁邪褌褉褍褕泻懈	0.001504	0.040822	0.000061
胁邪褎谢懈	0.001504	0.040822	0.000061
胁邪褕械泄	0.001504	0.040822	0.000061
胁胁芯写褟	0.001504	0.040822	0.000061
胁械褋械薪薪懈械	0.001504	0.051293	0.000077
胁蟹邪懈屑芯写械泄褋褌胁懈褟	0.001504	4.605170	0.006925
胁懈薪芯	0.001504	0.040822	0.000061
胁泻谢褞褔邪褟	0.003008	4.605170	0.013850
胁泻褍褋薪邪褟	0.001504	0.061875	0.000093
胁芯	0.001504	0.061875	0.000093
胁芯泄褌懈	0.001504	0.000000	0.000000
胁芯锌褉芯褋褘	0.001504	0.000000	0.000000
胁锌褉邪胁械	0.003008	4.605170	0.013850
胁褉械屑械薪懈	0.003008	0.967584	0.002910
胁褉械屑褟	0.001504	0.400478	0.000602
胁褋械屑褍	0.001504	0.061875	0.000093
胁褋锌芯屑薪懈褌褜	0.001504	0.040822	0.000061
胁褋褌褍锌邪械褌	0.001504	4.605170	0.006925
胁褏芯写	0.004511	0.030459	0.000137
胁褘泄褌懈	0.001504	0.040822	0.000061
胁褘锌械褔泻邪	0.001504	0.040822	0.000061
谐邪褉薪懈褉	0.001504	0.040822	0.000061
谐邪褋锌邪褔芯	0.001504	0.040822	0.000061
谐谢邪胁薪褘泄	0.001504	0.040822	0.000061
谐谢邪蟹褍褉褜	0.001504	0.040822	0.000061
谐谢懈薪褌胁械泄薪	0.001504	0.040822	0.000061
谐芯褉褔懈褑邪	0.001504	0.040822	0.000061
谐芯褉褕芯褔泻械	0.001504	0.040822	0.000061
谐芯褋褍写邪褉褋褌胁械薪薪褘褏	0.001504	4.605170	0.006925
谐褉械薪泻懈	0.001504	0.040822	0.000061
谐褉械褔泻邪	0.001504	0.040822	0.000061
谐褉懈斜薪褘械	0.001504	0.040822	0.000061
谐褉懈斜褘	0.001504	0.040822	0.000061
谐褉芯谐	0.001504	0.040822	0.000061
谐褉褍锌锌邪	0.003008	3.912023	0.011765
谐褉褍锌锌褘	0.001504	0.061875	0.000093
写邪械褌	0.001504	0.040822	0.000061
写邪谢械械	0.004511	2.813411	0.012692
写邪薪薪芯械	0.001504	3.506558	0.005273
写邪薪薪芯泄	0.001504	4.605170	0.006925
写邪薪薪褘械	0.012030	0.040822	0.000491
写邪薪薪褘褏	0.012030	3.912023	0.047062
写械谢懈屑褋褟	0.001504	0.040822	0.000061
写械褋械褉褌褘	0.001504	0.040822	0.000061
写卸械屑	0.001504	0.040822	0.000061
写薪械胁薪懈泻邪褏	0.001504	0.061875	0.000093
写薪褟	0.001504	0.040822	0.000061
写芯斜邪胁谢褟褌褜	0.001504	0.040822	0.000061
写芯斜褉芯胁芯谢褜薪芯	0.001504	4.605170	0.006925
写芯屑	0.003008	0.040822	0.000123
写芯屑邪褕薪械械	0.001504	0.040822	0.000061
写芯屑邪褕薪懈械	0.001504	0.040822	0.000061
写芯屑芯胁	0.001504	0.040822	0.000061
写芯褋褌懈卸械薪懈褟	0.001504	4.605170	0.006925
写芯褋褌褍锌邪	0.003008	4.605170	0.013850
写褉褍谐懈屑懈	0.001504	0.040822	0.000061
械写懈薪褘泄	0.001504	0.040822	0.000061
卸邪谢芯斜褘	0.001504	4.605170	0.006925
卸邪褉泻芯械	0.001504	0.040822	0.000061
卸械谢械	0.001504	0.040822	0.000061
卸械薪褋泻芯屑	0.001504	0.061875	0.000093
卸懈蟹薪懈	0.001504	0.040822	0.000061
卸褍谢褜械薪	0.001504	0.040822	0.000061
卸褞谢褜械薪	0.001504	0.040822	0.000061
蟹邪谐芯褌芯胁泻懈	0.001504	0.040822	0.000061
蟹邪写邪胁邪褌褜	0.001504	0.040822	0.000061
蟹邪泻胁邪褋泻邪	0.001504	0.040822	0.000061
蟹邪泻芯薪芯写邪褌械谢褜褋褌胁邪	0.004511	4.605170	0.020775
蟹邪泻芯薪芯写邪褌械谢褜褋褌胁芯屑	0.001504	4.605170	0.006925
蟹邪泻褍褋泻懈	0.001504	0.040822	0.000061
蟹邪谢懈胁薪芯械	0.001504	0.040822	0.000061
蟹邪锌械泻邪薪泻懈	0.001504	0.040822	0.000061
蟹邪锌褉邪胁泻邪	0.001504	0.040822	0.000061
蟹邪锌褉芯褋芯胁	0.001504	4.605170	0.006925
蟹邪锌褉芯褋褍	0.001504	2.207275	0.003319
蟹邪褉械谐懈褋褌褉懈褉芯胁邪胁褕懈褋褜	0.001504	0.040822	0.000061
蟹邪褉械谐懈褋褌褉懈褉芯胁邪褌褜褋褟	0.001504	0.030459	0.000046
蟹邪褖懈褌邪	0.001504	4.605170	0.006925
蟹邪褖懈褌褍	0.001504	4.605170	0.006925
蟹邪褖懈褌褘	0.001504	4.605170	0.006925
蟹械褎懈褉	0.001504	0.040822	0.000061
蟹懈屑薪懈械	0.001504	0.051293	0.000077
蟹懈屑褍	0.001504	0.040822	0.000061
懈写械薪褌懈褎懈泻邪褌芯褉褘	0.001504	4.605170	0.006925
懈蟹斜褉邪薪薪芯谐芯	0.001504	4.605170	0.006925
懈蟹屑械薪械薪懈褟	0.003008	3.912023	0.011765
懈蟹屑械薪褟褌褜	0.001504	3.912023	0.005883
懈泻褉邪	0.001504	0.040822	0.000061
懈屑械械褌	0.001504	1.832581	0.002756
懈屑械薪械屑	0.001504	0.040822	0.000061
懈屑褟	0.001504	2.995732	0.004505
懈薪薪	0.003008	4.605170	0.013850
懈薪褋褌褉褍泻褑懈褟屑懈	0.001504	0.040822	0.000061
懈薪褎芯褉屑邪褑懈懈	0.003008	3.912023	0.011765
懈薪褎芯褉屑邪褑懈芯薪薪褘褏	0.001504	4.605170	0.006925
懈薪褎芯褉屑邪褑懈褞	0.001504	4.605170	0.006925
懈薪褘械	0.001504	4.605170	0.006925
懈褋泻谢褞褔械薪懈械屑	0.001504	3.912023	0.005883
懈褋锌芯谢褜蟹芯胁邪薪懈械	0.001504	3.506558	0.005273
懈褋锌芯谢褜蟹芯胁邪褌褜	0.001504	1.514128	0.002277
懈褋锌芯谢褜蟹褍械褌	0.001504	4.605170	0.006925
懈褋锌芯谢褜蟹褍褟	0.001504	3.506558	0.005273
泄芯谐褍褉褌	0.001504	0.040822	0.000061
泻邪斜邪褔泻懈	0.001504	0.040822	0.000061
泻邪泻邪芯	0.001504	0.040822	0.000061
泻邪谢褜屑邪褉	0.001504	0.040822	0.000061
泻邪薪邪谢	0.003008	0.040822	0.000123
泻邪薪邪谢械	0.001504	0.040822	0.000061
泻邪薪邪锌械	0.001504	0.040822	0.000061
泻邪锌褍褋褌邪	0.003008	0.040822	0.000123
泻邪锌褍褋褌薪褟泻	0.001504	0.040822	0.000061
泻邪锌褍褋褌褘	0.001504	0.040822	0.000061
泻邪褉邪屑械谢褜	0.001504	0.040822	0.000061
泻邪褉褌芯褎械谢褜	0.001504	0.040822	0.000061
泻邪褉褌芯褎械谢褜薪芯械	0.001504	0.040822	0.000061
泻邪褉褌芯褕泻邪	0.003008	0.040822	0.000123
泻邪褔械褋褌胁邪	0.001504	3.912023	0.005883
泻邪褕邪	0.001504	0.040822	0.000061
泻胁邪褋	0.001504	0.040822	0.000061
泻械泻褋	0.001504	0.040822	0.000061
泻械褎懈褉	0.001504	0.040822	0.000061
泻懈屑褔懈	0.001504	0.040822	0.000061
泻懈褋械谢褜	0.001504	0.040822	0.000061
泻薪懈谐褍	0.001504	0.040822	0.000061
泻芯泻褌械泄谢褜	0.001504	0.040822	0.000061
泻芯谢斜邪褋邪	0.001504	0.040822	0.000061
泻芯屑屑械薪褌邪褉懈械胁	0.001504	0.223144	0.000336
泻芯屑屑械薪褌邪褉懈褟褏	0.001504	4.605170	0.006925
泻芯屑锌芯褌	0.001504	0.040822	0.000061
泻芯薪泻褍褉褋邪褏	0.001504	0.040822	0.000061
泻芯薪泻褍褉褋芯胁	0.001504	3.912023	0.005883
泻芯薪褋械褉胁懈褉芯胁邪薪懈械	0.001504	0.040822	0.000061
泻芯薪褌邪泻褌薪褘械	0.001504	4.605170	0.006925
泻芯薪褎械褌褘	0.001504	0.040822	0.000061
泻芯薪褎懈写械薪褑懈邪谢褜薪芯褋褌懈	0.007519	0.040822	0.000307
泻芯薪褎懈褌褞褉	0.001504	0.040822	0.000061
泻芯褉械泄褋泻懈	0.001504	0.040822	0.000061
泻芯褉卸懈泻懈	0.001504	0.040822	0.000061
泻芯褉褉械泻褌薪褍褞	0.001504	4.605170	0.006925
泻芯褌谢械褌褘	0.001504	0.040822	0.000061
泻芯褌芯褉芯谐芯	0.001504	2.120264	0.003188
泻芯褎械	0.001504	0.040822	0.000061
泻褉械屑	0.001504	0.040822	0.000061
泻褉芯屑械	0.001504	0.061875	0.000093
泻褍谢械褕	0.001504	0.040822	0.000061
泻褍谢懈薪邪褉薪褍褞	0.001504	0.040822	0.000061
泻褍谢懈褔	0.001504	0.040822	0.000061
泻褍褉懈褑邪	0.001504	0.040822	0.000061
泻褍褋泻褍褋	0.001504	0.040822	0.000061
泻褍褏薪械泄	0.001504	0.040822	0.000061
泻褍褏薪懈	0.001504	0.040822	0.000061
谢邪胁邪褕	0.001504	0.040822	0.000061
谢邪谐屑邪薪	0.001504	0.040822	0.000061
谢邪锌褕邪	0.001504	0.040822	0.000061
谢械锌械褕泻懈	0.001504	0.040822	0.000061
谢械褌薪懈械	0.001504	0.040822	0.000061
谢械褔芯	0.001504	0.040822	0.000061
谢懈泻械褉	0.001504	0.040822	0.000061
谢懈屑芯薪邪写	0.001504	0.040822	0.000061
谢懈褑邪屑	0.003008	4.605170	0.013850
谢芯谐懈薪	0.001504	4.605170	0.006925
谢褍褔褕懈泄	0.001504	0.040822	0.000061
谢褞斜芯械	0.001504	2.525729	0.003798
屑邪泻邪褉芯薪褘	0.001504	0.040822	0.000061
屑邪薪薪懈泻	0.001504	0.040822	0.000061
屑邪褉懈薪邪写	0.001504	0.040822	0.000061
屑邪褉泻械褌懈薪谐芯胁褘褏	0.001504	4.605170	0.006925
屑邪褉屑械谢邪写	0.001504	0.040822	0.000061
屑邪褋泻邪褉锌芯薪械	0.001504	0.040822	0.000061
屑邪褋谢械薪懈褑邪	0.001504	0.040822	0.000061
屑邪褋褌懈泻邪	0.001504	0.040822	0.000061
屑械写懈邪褎芯褉褌	0.007519	0.000000	0.000000
屑械褉褘	0.001504	4.605170	0.006925
屑械褔褌褘	0.001504	0.040822	0.000061
屑懈写懈懈	0.001504	0.040822	0.000061
屑懈褋芯	0.001504	0.040822	0.000061
屑懈褔褍褉懈薪褋泻懈泄	0.003008	4.605170	0.013850
屑薪芯卸械褋褌胁芯屑	0.001504	0.040822	0.000061
屑芯卸械褌械	0.001504	0.000000	0.000000
屑芯谢芯褔薪褘泄	0.001504	0.040822	0.000061
屑芯屑械薪褌邪	0.001504	3.506558	0.005273
屑芯褉械锌褉芯写褍泻褌芯胁	0.001504	0.040822	0.000061
屑芯褉泻芯胁褜	0.001504	0.040822	0.000061
屑芯褉芯卸械薪芯械	0.001504	0.040822	0.000061
屑芯褉褋	0.001504	0.040822	0.000061
屑芯褋泻胁邪	0.003008	3.912023	0.011765
屑芯褏懈褌芯	0.001504	0.040822	0.000061
屑褍褋褋	0.001504	0.040822	0.000061
屑褟褋薪褘械	0.001504	0.040822	0.000061
屑褟褋芯	0.001504	0.040822	0.000061
屑褟褋芯屑	0.001504	0.040822	0.000061
薪邪谢懈胁泻邪	0.001504	0.040822	0.000061
薪邪锌懈褌泻懈	0.003008	0.040822	0.000123
薪邪锌懈褌芯泻	0.001504	0.040822	0.000061
薪邪锌褉邪胁谢械薪懈械	0.001504	4.605170	0.006925
薪邪锌褉邪胁谢械薪薪褘械	0.001504	4.605170	0.006925
薪邪锌褉邪胁谢褟褌褜	0.001504	4.605170	0.006925
薪邪锌褉懈屑械褉	0.004511	1.771957	0.007994
薪邪褋褌芯泄泻邪	0.001504	0.040822	0.000061
薪邪褋褌芯褟褖邪褟	0.001504	2.207275	0.003319
薪邪褋褌芯褟褖褍褞	0.001504	3.218876	0.004840
薪邪褋褌褉芯械泻	0.001504	4.605170	0.006925
薪邪褋褌褉芯泄泻邪褏	0.001504	4.605170	0.006925
薪邪褔懈薪泻邪	0.001504	0.040822	0.000061
薪邪褕械屑	0.001504	0.040822	0.000061
薪邪褕懈	0.001504	0.061875	0.000093
薪械写械谢褟	0.001504	0.061875	0.000093
薪械写芯锌褍褖械薪懈械	0.001504	4.605170	0.006925
薪械泻芯褌芯褉褘褏	0.001504	3.506558	0.005273
薪械芯斜褏芯写懈屑芯谐芯	0.001504	4.605170	0.006925
薪械芯斜褏芯写懈屑褘械	0.001504	2.813411	0.004231
薪械褋邪薪泻褑懈芯薪懈褉芯胁邪薪薪芯谐芯	0.001504	4.605170	0.006925
薪芯胁芯谐芯写薪懈械	0.001504	0.040822	0.000061
薪芯胁芯褋褌褟褏	0.001504	0.061875	0.000093
薪芯胁褘械	0.001504	0.051293	0.000077
薪褟	0.003008	4.605170	0.013850
芯斜械褋锌械褔械薪懈械	0.001504	4.605170	0.006925
芯斜械褋锌械褔懈胁邪械褌	0.001504	4.605170	0.006925
芯斜薪芯胁谢褢薪薪邪褟	0.001504	4.605170	0.006925
芯斜褉邪斜邪褌褘胁邪褌褜	0.001504	4.605170	0.006925
芯斜褉邪斜邪褌褘胁邪褞褌褋褟	0.001504	4.605170	0.006925
芯斜褉邪斜芯褌泻懈	0.004511	3.506558	0.015819
芯斜褉邪斜芯褌泻褍	0.001504	4.605170	0.006925
芯斜褉邪褌薪邪褟	0.001504	4.605170	0.006925
芯斜褉邪褖械薪懈褟	0.001504	4.605170	0.006925
芯斜褖邪褌褜褋褟	0.001504	0.040822	0.000061
芯斜褖械褋褌胁芯	0.001504	4.605170	0.006925
芯胁芯褖薪邪褟	0.001504	0.040822	0.000061
芯胁芯褖薪褘械	0.001504	0.040822	0.000061
芯谐褉邪薪懈褔械薪薪芯泄	0.001504	4.605170	0.006925
芯泻褉芯褕泻邪	0.001504	0.040822	0.000061
芯谢邪写褜懈	0.001504	0.040822	0.000061
芯谢懈屑锌懈泄褋泻邪褟	0.003008	4.605170	0.013850
芯屑谢械褌	0.001504	0.040822	0.000061
芯芯芯	0.001504	4.605170	0.006925
芯锌邪褉邪	0.001504	0.040822	0.000061
芯锌械褉邪褌芯褉	0.007519	4.605170	0.034625
芯锌械褉邪褌芯褉邪	0.003008	4.605170	0.013850
芯锌褉械写械谢褟械褌	0.001504	4.605170	0.006925
芯锌褉芯褋	0.001504	0.061875	0.000093
芯锌褉芯褋芯胁	0.001504	4.605170	0.006925
芯锌褘褌邪	0.001504	4.605170	0.006925
芯褉谐邪薪懈蟹邪褑懈芯薪薪褘械	0.001504	4.605170	0.006925
芯褉谐邪薪芯胁	0.001504	4.605170	0.006925
芯褉谐邪薪褘	0.001504	4.605170	0.006925
芯褋械薪薪懈械	0.001504	0.051293	0.000077
芯褋薪芯胁薪芯械	0.001504	0.040822	0.000061
芯褌胁械褌懈褌褜	0.001504	0.051293	0.000077
芯褌胁械褌芯胁	0.001504	0.051293	0.000077
芯褌胁械褌褋褌胁械薪薪芯褋褌褜褞	0.001504	2.120264	0.003188
芯褌胁械褌褘	0.001504	0.000000	0.000000
芯褌写械谢褜薪褘褏	0.001504	4.605170	0.006925
芯褌泻谢褞褔懈褌褜	0.001504	4.605170	0.006925
芯褌屑械薪懈褌褜	0.001504	0.040822	0.000061
芯褌芯蟹胁邪褌褜	0.001504	4.605170	0.006925
锌邪谢芯褔泻懈	0.001504	0.040822	0.000061
锌邪褉芯谢褜	0.001504	0.020203	0.000030
锌邪褉褌薪褢褉芯胁	0.001504	4.605170	0.006925
锌邪褋褌邪	0.001504	0.040822	0.000061
锌邪褋褌褉芯屑邪	0.001504	0.040822	0.000061
锌邪褋褏邪	0.001504	0.040822	0.000061
锌邪褕褌械褌	0.001504	0.040822	0.000061
锌械褉胁芯械	0.001504	0.040822	0.000061
锌械褉械写邪褔邪	0.001504	3.912023	0.005883
锌械褉械写邪褢褌	0.001504	4.605170	0.006925
锌械褉械泄褌懈	0.001504	0.040822	0.000061
锌械褉械褑	0.001504	0.040822	0.000061
锌械褉械褔械薪褜	0.001504	4.605170	0.006925
锌械褉褋芯薪邪谢褜薪褘械	0.006015	4.605170	0.027700
锌械褉褋芯薪邪谢褜薪褘褏	0.006015	4.605170	0.027700
锌械褔械薪芯褔薪褘泄	0.001504	0.040822	0.000061
锌械褔械薪褜械	0.001504	0.040822	0.000061
锌懈褉芯谐	0.001504	0.040822	0.000061
锌懈褉芯卸泻懈	0.001504	0.040822	0.000061
锌懈褉芯卸薪芯械	0.001504	0.040822	0.000061
锌懈褑褑邪	0.001504	0.040822	0.000061
锌芯胁邪褉械薪泻械	0.001504	0.040822	0.000061
锌芯胁邪褉械薪芯泻	0.001504	0.061875	0.000093
锌芯胁邪褉褟褌邪屑懈	0.001504	0.040822	0.000061
锌芯胁懈写谢芯	0.001504	0.040822	0.000061
锌芯胁谢懈褟褌褜	0.001504	4.605170	0.006925
锌芯胁褘褕械薪懈褟	0.001504	4.605170	0.006925
锌芯写谢懈胁泻邪	0.001504	0.040822	0.000061
锌芯写锌懈褋邪褌褜褋褟	0.001504	0.040822	0.000061
锌芯写锌懈褕懈褌械褋褜	0.003008	0.040822	0.000123
锌芯写褉褟写褔懈泻芯胁	0.001504	4.605170	0.006925
锌芯懈褋泻	0.001504	0.051293	0.000077
锌芯谢懈褌懈泻邪	0.006015	4.605170	0.027700
锌芯谢懈褌懈泻懈	0.004511	4.605170	0.020775
锌芯谢懈褌懈泻芯泄	0.001504	0.040822	0.000061
锌芯谢懈褌懈泻褍	0.001504	4.605170	0.006925
锌芯谢褍褔邪泄褌械	0.001504	0.040822	0.000061
锌芯谢褍褔邪褌褜	0.003008	0.040822	0.000123
锌芯谢褜蟹芯胁邪褌械谢械泄	0.003008	4.605170	0.013850
锌芯谢褜蟹芯胁邪褌械谢械屑	0.001504	2.040221	0.003068
锌芯谢褜蟹芯胁邪褌械谢褜	0.004511	4.605170	0.020775
锌芯谢褜蟹芯胁邪褌械谢褜褋泻懈屑	0.001504	4.605170	0.006925
锌芯谢褜蟹芯胁邪褌械谢褜褋泻懈褏	0.001504	4.605170	0.006925
锌芯谢褜蟹芯胁邪褌械谢褜褋泻芯谐芯	0.001504	4.605170	0.006925
锌芯谢褜蟹芯胁邪褌械谢褟	0.004511	3.912023	0.017648
锌芯屑邪写泻邪	0.001504	0.040822	0.000061
锌芯薪褉邪胁懈胁褕懈械褋褟	0.001504	0.040822	0.000061
锌芯薪褔懈泻懈	0.001504	0.040822	0.000061
锌芯褉褟写芯泻	0.001504	4.605170	0.006925
锌芯褋械褖邪械褌械	0.001504	0.061875	0.000093
锌芯褋械褖邪褟	0.001504	4.605170	0.006925
锌芯褋褌薪褘械	0.001504	0.040822	0.000061
锌芯褋褌芯褟薪薪芯	0.001504	0.040822	0.000061
锌芯褔褌褍	0.001504	0.040822	0.000061
锌芯褔褌褘	0.001504	4.605170	0.006925
锌芯褕邪谐芯胁褘屑懈	0.001504	0.040822	0.000061
锌褉	0.003008	3.912023	0.011765
锌褉邪胁邪	0.001504	3.912023	0.005883
锌褉邪胁芯	0.001504	3.912023	0.005883
锌褉械写芯褋褌邪胁谢械薪薪褘械	0.001504	4.605170	0.006925
锌褉懈胁谢械褔械薪懈懈	0.001504	4.605170	0.006925
锌褉懈谐芯褌芯胁谢械薪懈褞	0.001504	0.040822	0.000061
锌褉懈蟹芯胁	0.001504	0.040822	0.000061
锌褉懈屑械薪褟械褌	0.001504	4.605170	0.006925
锌褉懈锌褉邪胁邪	0.001504	0.040822	0.000061
锌褉懈褋褌褍锌懈褌褜	0.001504	0.040822	0.000061
锌褉芯胁械写械薪懈械	0.001504	4.605170	0.006925
锌褉芯胁芯写懈屑褘褏	0.001504	0.040822	0.000061
锌褉芯写芯谢卸邪褟	0.001504	4.605170	0.006925
锌褉芯械泻褌褘	0.001504	0.061875	0.000093
锌褉芯褋褌芯泻胁邪褕邪	0.001504	0.040822	0.000061
锌褉芯褎懈谢褜	0.001504	0.040822	0.000061
锌褉褟屑芯	0.001504	0.040822	0.000061
锌褉褟薪懈泻	0.001504	0.040822	0.000061
锌褋械胁写芯薪懈屑	0.001504	4.605170	0.006925
锌褍斜谢懈泻邪褑懈褞	0.001504	4.605170	0.006925
锌褍斜谢懈泻褍械褌褋褟	0.001504	4.605170	0.006925
锌褍写懈薪谐	0.001504	0.040822	0.000061
锌褍薪褕	0.001504	0.040822	0.000061
锌褘褕泻懈	0.001504	0.040822	0.000061
锌褞褉械	0.003008	0.040822	0.000123
褉邪斜芯褌褍	0.001504	1.560648	0.002347
褉邪斜芯褌褘	0.003008	2.525729	0.007596
褉邪蟹屑械褖械薪懈褟	0.001504	3.912023	0.005883
褉邪屑泻邪褏	0.001504	1.832581	0.002756
褉邪薪械械	0.001504	2.407946	0.003621
褉邪褋锌褉芯褋褌褉邪薪械薪懈褟	0.001504	4.605170	0.006925
褉邪褋褋芯谢褜薪懈泻	0.001504	0.040822	0.000061
褉邪褋褋褘谢泻懈	0.003008	0.061875	0.000186
褉械邪谢懈蟹邪褑懈懈	0.001504	4.605170	0.006925
褉械谐懈褋褌褉邪褑懈懈	0.003008	0.010050	0.000030
褉械谐懈褋褌褉邪褑懈褟	0.003008	0.000000	0.000000
褉械写邪泻褑懈械泄	0.001504	4.605170	0.006925
褉械写邪泻褑懈褟	0.001504	4.605170	0.006925
褉械褑械锌褌	0.003008	0.040822	0.000123
褉械褑械锌褌邪褏	0.001504	0.061875	0.000093
褉械褑械锌褌芯胁	0.004511	0.040822	0.000184
褉械褑械锌褌褘	0.015038	0.040822	0.000614
褉懈褋	0.001504	0.040822	0.000061
褉芯谐邪谢懈泻懈	0.001504	0.040822	0.000061
褉芯谢谢褘	0.001504	0.040822	0.000061
褉芯屑	0.001504	0.040822	0.000061
褉芯褋泻芯屑薪邪写蟹芯褉	0.001504	4.605170	0.006925
褉褍斜褉懈泻邪褌芯褉	0.001504	0.051293	0.000077
褉褍谢械褌	0.001504	0.040822	0.000061
褉褍薪械褌械	0.001504	0.020203	0.000030
褉褎	0.001504	4.605170	0.006925
褉褘斜邪	0.001504	0.040822	0.000061
褋邪泄褌	0.010526	0.000000	0.000000
褋邪泄褌邪	0.007519	1.108663	0.008336
褋邪泄褌械	0.001504	0.462035	0.000695
褋邪泄褌芯屑	0.001504	2.813411	0.004231
褋邪泄褌褍	0.003008	0.061875	0.000186
褋邪谢邪褌褘	0.004511	0.040822	0.000184
褋邪屑芯谐芯	0.001504	2.813411	0.004231
褋邪屑芯谐芯薪	0.001504	0.040822	0.000061
褋斜懈褌械薪褜	0.001504	0.040822	0.000061
褋斜芯褉邪	0.003008	4.605170	0.013850
褋胁械泻谢邪	0.001504	0.040822	0.000061
褋胁械泻芯谢褜薪懈泻	0.001504	0.040822	0.000061
褋胁懈薪懈薪邪	0.001504	0.040822	0.000061
褋胁芯械谐芯	0.001504	1.897120	0.002853
褋胁芯械屑	0.001504	0.040822	0.000061
褋胁芯懈屑	0.001504	0.040822	0.000061
褋胁芯懈褏	0.003008	1.347074	0.004051
褋胁芯褞	0.001504	0.040822	0.000061
褋胁褟蟹褜	0.001504	4.605170	0.006925
褋谐褍褖械薪泻邪	0.001504	0.040822	0.000061
褋械泄褔邪褋	0.001504	0.030459	0.000046
褋械谢械写泻邪	0.001504	0.040822	0.000061
褋械屑谐邪	0.001504	0.040822	0.000061
褋械褉胁懈褋芯胁	0.001504	4.605170	0.006925
褋懈写褉	0.001504	0.040822	0.000061
褋懈谢褍	0.001504	3.912023	0.005883
褋懈褉芯锌	0.001504	0.040822	0.000061
褋懈褋褌械屑褘	0.001504	0.040822	0.000061
褋谢邪写泻懈械	0.003008	0.040822	0.000123
褋谢械写褍褞褖懈械	0.001504	4.605170	0.006925
褋谢械写褍褞褖懈褏	0.003008	2.207275	0.006638
褋谢芯泄泻邪	0.001504	0.040822	0.000061
褋谢褍褔邪械胁	0.001504	4.605170	0.006925
褋屑芯卸械褌械	0.001504	0.040822	0.000061
褋屑褍蟹懈	0.001504	0.040822	0.000061
褋芯斜懈褉邪械屑褘褏	0.001504	4.605170	0.006925
褋芯斜懈褉邪械褌械褋褜	0.001504	0.040822	0.000061
褋芯斜懈褉邪褞褌褋褟	0.001504	2.995732	0.004505
褋芯斜谢褞写械薪懈械	0.001504	4.605170	0.006925
褋芯斜谢褞写械薪懈褟	0.001504	4.605170	0.006925
褋芯胁械褌邪屑懈	0.001504	0.040822	0.000061
褋芯谐谢邪褋懈械	0.001504	4.605170	0.006925
褋芯谐谢邪褋懈褟	0.001504	4.605170	0.006925
褋芯谐谢邪褕邪械褌械褋褜	0.003008	0.040822	0.000123
褋芯谐谢邪褕邪械褌褋褟	0.001504	4.605170	0.006925
褋芯泻懈	0.001504	0.040822	0.000061
褋芯谢褟薪泻邪	0.001504	0.040822	0.000061
褋芯芯斜褖械薪懈泄	0.001504	4.605170	0.006925
褋芯芯斜褖械薪懈褟褏	0.001504	4.605170	0.006925
褋芯芯褌胁械褌褋褌胁懈懈	0.001504	3.912023	0.005883
褋芯褍褋	0.001504	0.040822	0.000061
褋芯褏褉邪薪械薪懈褟	0.001504	4.605170	0.006925
褋芯褏褉邪薪褟褌褜	0.001504	0.040822	0.000061
褋芯褑褋械褌懈	0.001504	0.040822	0.000061
褋褉芯泻懈	0.001504	4.605170	0.006925
褋褌邪褌褜褟褏	0.001504	0.061875	0.000093
褋褌褉芯懈褌械谢褜褋褌胁械	0.001504	0.040822	0.000061
褋褌褉芯懈褌械谢褜褋褌胁褍	0.001504	0.040822	0.000061
褋褌褉芯懈褌褜	0.001504	0.040822	0.000061
褋褍锌	0.001504	0.040822	0.000061
褋褍锌邪	0.001504	0.040822	0.000061
褋褍锌褘	0.001504	0.040822	0.000061
褋褍褎谢械	0.001504	0.040822	0.000061
褋褍褏邪褉懈	0.001504	0.040822	0.000061
褋褍褕懈	0.001504	0.040822	0.000061
褋褘褉	0.001504	0.040822	0.000061
褋褘褉薪懈泻	0.001504	0.040822	0.000061
褋褘褉薪褘械	0.003008	0.040822	0.000123
褌邪褉褌邪谢械褌泻懈	0.001504	0.040822	0.000061
褌胁芯褉芯谐	0.001504	0.040822	0.000061
褌械谢械谐褉邪屑	0.001504	0.040822	0.000061
褌械褉褉懈薪	0.001504	0.040822	0.000061
褌械褋褌芯	0.001504	0.040822	0.000061
褌械褏薪懈褔械褋泻懈械	0.003008	4.605170	0.013850
褌械褏薪懈褔械褋泻芯泄	0.001504	4.605170	0.006925
褌械褏薪芯谢芯谐懈懈	0.001504	2.407946	0.003621
褌械褏锌芯写写械褉卸泻邪	0.001504	4.605170	0.006925
褌械褔械薪懈械	0.001504	2.995732	0.004505
褌械褖懈薪	0.001504	0.040822	0.000061
褌芯褉褌	0.003008	0.040822	0.000123
褌褉械斜芯胁邪薪懈泄	0.001504	4.605170	0.006925
褌褉械斜芯胁邪薪懈褟屑懈	0.001504	4.605170	0.006925
褌褉械斜芯胁邪褌褜	0.001504	4.605170	0.006925
褌褉械褌褜懈屑	0.003008	4.605170	0.013850
褌褉褍斜芯褔泻懈	0.001504	0.040822	0.000061
褌褘泻胁邪	0.001504	0.040822	0.000061
褍胁械写芯屑谢械薪懈泄	0.001504	4.605170	0.006925
褍胁械写芯屑谢械薪懈褟	0.001504	0.040822	0.000061
褍写邪谢械薪懈褟	0.001504	3.218876	0.004840
褍写芯斜褋褌胁邪	0.001504	3.912023	0.005883
褍谢褍褔褕械薪懈械	0.001504	4.605170	0.006925
褍薪懈褔褌芯卸械薪懈褟	0.001504	4.605170	0.006925
褍锌芯谢薪芯屑芯褔械薪薪褘械	0.001504	4.605170	0.006925
褍锌褉邪胁谢械薪懈械	0.001504	4.605170	0.006925
褍褋谢芯胁懈懈	0.001504	4.605170	0.006925
褍褋谢芯胁懈褟屑懈	0.001504	3.912023	0.005883
褍褋褌邪薪芯胁谢械薪薪褘械	0.001504	4.605170	0.006925
褍褋褌褉芯泄褋褌胁械	0.001504	4.605170	0.006925
褍褌芯褔薪械薪懈褟	0.001504	4.605170	0.006925
褍褏邪	0.001504	0.040822	0.000061
褍褔邪褋褌胁芯胁邪褌褜	0.001504	0.040822	0.000061
褎邪泄谢褘	0.003008	4.605170	0.013850
褎邪褉褕邪	0.001504	0.040822	0.000061
褎邪褉褕懈褉芯胁邪薪薪褘械	0.001504	0.040822	0.000061
褎邪褉褕懈褉芯胁邪薪薪褘泄	0.001504	0.040822	0.000061
褎邪褋芯谢褜	0.001504	0.040822	0.000061
褎芯薪写褞	0.001504	0.040822	0.000061
褎芯褉褍屑械	0.003008	0.040822	0.000123
褎芯褉褕屑邪泻	0.001504	0.040822	0.000061
褎褉褍泻褌芯胁褘械	0.001504	0.040822	0.000061
褎褍薪泻褑懈泄	0.003008	4.605170	0.013850
褏邪谢胁邪	0.001504	0.040822	0.000061
褏邪褉褔芯	0.001504	0.040822	0.000061
褏邪褕	0.001504	0.040822	0.000061
褏胁芯褉芯褋褌	0.001504	0.040822	0.000061
褏谢械斜	0.001504	0.040822	0.000061
褏芯谢芯写械褑	0.001504	0.040822	0.000061
褏芯褌懈褌械	0.001504	0.040822	0.000061
褏褉邪薪械薪懈械	0.001504	3.506558	0.005273
褏褉邪薪褟褌褋褟	0.001504	4.605170	0.006925
褏褉邪薪褟褖懈褏褋褟	0.001504	4.605170	0.006925
褏褍屑褍褋	0.001504	0.040822	0.000061
褑胁械褌薪邪褟	0.001504	0.040822	0.000061
褑械谢械泄	0.001504	2.995732	0.004505
褑械谢懈	0.001504	4.605170	0.006925
褑械谢褟褏	0.001504	4.605170	0.006925
褑械薪薪褘褏	0.001504	0.040822	0.000061
褔邪泄	0.001504	0.040822	0.000061
褔械斜褍褉械泻懈	0.001504	0.040822	0.000061
褔械褋褌薪褘屑懈	0.001504	0.040822	0.000061
褔械褔械胁懈褑邪	0.001504	0.040822	0.000061
褔懈蟹泻械泄泻	0.001504	0.040822	0.000061
褔懈锌褋褘	0.001504	0.040822	0.000061
褕邪褉懈泻懈	0.001504	0.040822	0.000061
褕邪褉谢芯褌泻邪	0.001504	0.040822	0.000061
褕邪褕谢褘泻	0.001504	0.040822	0.000061
褕邪褕谢褘泻懈	0.001504	0.040822	0.000061
褕懈锌褍褔泻邪	0.001504	0.040822	0.000061
褕芯泻芯谢邪写	0.001504	0.040822	0.000061
褕褌褉褍写械谢褜	0.001504	0.040822	0.000061
褕褍褉锌邪	0.001504	0.040822	0.000061
褖懈	0.001504	0.040822	0.000061
褝谢械泻褌褉芯薪薪芯泄	0.001504	4.605170	0.006925
褞褉懈写懈褔械褋泻懈泄	0.003008	4.605170	0.013850
褟蟹褘泻	0.001504	0.040822	0.000061
褟泄褑邪	0.001504	0.040822	0.000061
褟锌芯薪褋泻芯泄	0.001504	0.061875	0.000093
