褌芯泻械薪	TF	IDF	TF-IDF
邪斜褋芯谢褞褌薪芯	0.000274	1.832581	0.000502
邪斜褏邪蟹褋泻邪褟	0.000274	0.116534	0.000032
邪胁谐褍褋褌邪	0.000823	0.867501	0.000714
邪胁褋褌褉邪谢懈泄褋泻邪褟	0.000274	0.116534	0.000032
邪胁褋褌褉懈泄褋泻邪褟	0.000274	0.116534	0.000032
邪胁褌芯泻谢邪胁邪	0.000274	0.116534	0.000032
邪胁褌芯褉邪屑	0.000274	0.040822	0.000011
邪谐褉芯	0.000274	0.116534	0.000032
邪写邪锌褌懈褉芯胁邪谢邪	0.000274	3.506558	0.000961
邪写卸懈泻邪	0.000274	0.040822	0.000011
邪蟹械褉斜邪泄写卸邪薪褋泻邪褟	0.000274	0.116534	0.000032
邪蟹懈邪褌褋泻邪褟	0.000274	0.127833	0.000035
邪蟹懈褟	0.000274	4.605170	0.001263
邪蟹褘	0.000274	0.127833	0.000035
邪泄褉邪薪	0.000274	0.040822	0.000011
邪泻胁邪褌懈泻邪	0.000823	0.127833	0.000105
邪泻褑懈懈	0.000274	2.120264	0.000581
邪谢械泻褋械褟	0.000274	0.127833	0.000035
邪谢泻芯谐芯谢褜	0.000548	0.116534	0.000064
邪谢泻芯谐芯谢褜薪褘械	0.000274	0.116534	0.000032
邪谢泻芯谐芯谢褟	0.000274	0.116534	0.000032
邪谢褜褟薪褋	0.000274	0.116534	0.000032
邪屑械褉懈泻邪薪褋泻邪褟	0.000274	0.116534	0.000032
邪屑械褉懈泻邪薪褋泻芯泄	0.000274	2.120264	0.000581
邪薪谐谢懈泄褋泻邪褟	0.000274	0.116534	0.000032
邪薪谐谢懈泄褋泻懈泄	0.000548	3.218876	0.001765
邪薪写褉械褟	0.000274	0.127833	0.000035
邪锌褉械谢褟	0.000274	0.579818	0.000159
邪褉邪斜褋泻邪褟	0.000274	0.116534	0.000032
邪褉谐械薪褌懈薪褋泻邪褟	0.000274	0.116534	0.000032
邪褉屑褟薪褋泻邪褟	0.000274	0.116534	0.000032
邪褉芯屑邪褌邪	0.000274	3.218876	0.000883
邪褉芯屑邪褌薪褘械	0.000548	2.207275	0.001210
邪褋褋芯褉褌懈	0.000548	0.116534	0.000064
邪褌谢邪薪褌	0.000274	0.127833	0.000035
邪褎谐邪薪褋泻邪褟	0.000274	0.116534	0.000032
邪褎褉懈泻邪薪褋泻邪褟	0.000274	0.116534	0.000032
邪褝褉芯谐褉懈谢械	0.002742	0.116534	0.000320
斜邪蟹懈谢懈泻	0.001097	1.609438	0.001765
斜邪泻谢邪卸邪薪褘	0.000274	0.040822	0.000011
斜邪谢芯胁邪谢邪	0.000274	4.605170	0.001263
斜邪谢褌懈屑芯褉	0.000274	4.605170	0.001263
斜邪谢褌泻芯屑	0.000274	0.127833	0.000035
斜邪薪泻械	0.000274	2.407946	0.000660
斜邪褉邪薪懈薪褘	0.001097	0.116534	0.000128
斜邪褉邪褏	0.000274	3.506558	0.000961
斜邪褋屑邪褌懈	0.000548	0.127833	0.000070
斜邪褋褌褍褉屑邪	0.000274	0.040822	0.000011
斜邪褌芯薪褔懈泻懈	0.000274	0.127833	0.000035
斜邪褕泻懈褉褋泻邪褟	0.000274	0.116534	0.000032
斜械蟹邪谢泻芯谐芯谢褜薪褘械	0.000274	0.116534	0.000032
斜械蟹谐谢褞褌械薪芯胁褘械	0.000274	0.116534	0.000032
斜械蟹械	0.001097	0.040822	0.000045
斜械蟹褍屑薪芯	0.000274	1.560648	0.000428
斜械谢械斜械械胁褋泻懈泄	0.000548	0.116534	0.000064
斜械谢芯屑褍	0.000274	4.605170	0.001263
斜械谢芯褉褍褋褋泻邪褟	0.000274	0.116534	0.000032
斜械谢褘泄	0.000548	1.609438	0.000883
斜械谢褜谐懈泄褋泻邪褟	0.000274	0.116534	0.000032
斜械褉械屑械薪薪褘褏	0.000274	0.116534	0.000032
斜械褋械写懈薪邪	0.000274	0.127833	0.000035
斜械褋褔懈褋谢械薪薪芯械	0.000274	4.605170	0.001263
斜械褎褋褌褉芯谐邪薪芯胁	0.000274	2.995732	0.000821
斜懈褋泻胁懈褌	0.000274	0.040822	0.000011
斜懈褋泻胁懈褌薪芯械	0.000548	0.116534	0.000064
斜懈褋泻胁懈褌薪褘泄	0.000274	0.105361	0.000029
斜懈褋泻胁懈褌褘	0.000274	0.127833	0.000035
斜懈褌芯褔泻懈	0.001097	1.897120	0.002081
斜谢懈卸械	0.000274	0.116534	0.000032
斜谢懈蟹泻懈褏	0.000274	0.116534	0.000032
斜谢懈薪芯胁	0.000548	0.116534	0.000064
斜谢懈薪褘	0.001097	0.040822	0.000045
斜谢褞写	0.001097	0.094311	0.000103
斜谢褞写邪	0.038662	0.040822	0.001578
斜谢褞写芯	0.003565	0.040822	0.000146
斜谢褞写芯屑	0.000274	0.994252	0.000273
斜谢褞写褍	0.000548	0.116534	0.000064
斜芯斜芯胁褘械	0.000548	0.127833	0.000070
斜芯斜芯胁褘褏	0.001645	0.116534	0.000192
斜芯谢谐邪褉褋泻邪褟	0.000274	0.116534	0.000032
斜芯谢谐邪褉褋泻懈泄	0.001645	0.843970	0.001388
斜芯谢褜薪懈褑械	0.000274	4.605170	0.001263
斜芯谢褜薪褘械	0.000274	4.605170	0.001263
斜芯谢褜褕械	0.001371	0.105361	0.000144
斜芯褉褖	0.000548	0.040822	0.000022
斜芯褌胁懈薪褜褟	0.000274	0.040822	0.000011
斜褉邪蟹懈谢褜褋泻邪褟	0.000274	0.116534	0.000032
斜褉邪褍蟹械褉械	0.000274	0.040822	0.000011
斜褉邪褍薪懈	0.000274	0.040822	0.000011
斜褉械褋褌	0.000274	0.127833	0.000035
斜褉懈蟹芯谢褜	0.000274	2.659260	0.000729
斜褉芯泻泻芯谢懈	0.000274	0.040822	0.000011
斜褍写褍	0.000274	1.427116	0.000391
斜褍卸械薪懈薪邪	0.000274	0.040822	0.000011
斜褍泻胁邪谢褜薪芯	0.000274	2.407946	0.000660
斜褍谢芯褔泻邪屑懈	0.000274	0.116534	0.000032
斜褍谢芯褔泻懈	0.000548	0.040822	0.000022
斜褍谢褜芯薪	0.001919	0.040822	0.000078
斜褍谢褜芯薪褘	0.001097	0.116534	0.000128
斜褍褉谐械褉	0.000274	0.040822	0.000011
斜褍褉谐械褉褘	0.000274	0.127833	0.000035
斜褍褉褟褌褋泻邪褟	0.000274	0.116534	0.000032
斜褍褌械褉斜褉芯写	0.000548	0.116534	0.000064
斜褍褌械褉斜褉芯写褘	0.000548	0.040822	0.000022
斜褘褋褌褉芯	0.000823	0.094311	0.000078
斜褘褋褌褉芯械	0.000274	2.525729	0.000693
斜褘褋褌褉芯泄	0.000274	0.116534	0.000032
斜褘褋褌褉褘泄	0.000548	0.105361	0.000058
斜褞写卸械褌	0.000274	4.605170	0.001263
胁邪卸薪褘械	0.000274	0.116534	0.000032
胁邪谢谢懈泄褋泻邪褟	0.000274	0.116534	0.000032
胁邪褉械薪懈泻懈	0.000274	0.116534	0.000032
胁邪褉械薪褜械	0.000548	0.040822	0.000022
胁邪褌褉褍褕泻懈	0.000274	0.040822	0.000011
胁邪褎谢懈	0.000548	0.040822	0.000022
胁邪褕	0.000274	1.309333	0.000359
胁邪褕械	0.000274	1.897120	0.000520
胁邪褕械泄	0.000548	0.040822	0.000022
胁胁芯写褟	0.000274	0.040822	0.000011
胁写芯褏薪芯胁械薪懈械	0.001097	0.116534	0.000128
胁写芯褏薪芯胁械薪懈械屑	0.000548	0.116534	0.000064
胁写芯褏薪芯胁谢褟泄褋褟	0.000274	0.116534	0.000032
胁械谐械褌邪褉懈邪薪褋泻懈械	0.000274	0.127833	0.000035
胁械谐械褌邪褉懈邪薪褋泻芯械	0.000274	0.116534	0.000032
胁械谢懈泻懈泄	0.000274	0.116534	0.000032
胁械薪谐械褉褋泻邪褟	0.000274	0.116534	0.000032
胁械薪械褉懈泻	0.000274	2.120264	0.000581
胁械褋械薪薪懈械	0.000274	0.051293	0.000014
胁械褋械薪薪懈泄	0.000274	3.218876	0.000883
胁械褋薪邪	0.001371	0.116534	0.000160
胁械褋薪褘	0.000274	0.116534	0.000032
胁械褌褔懈薪褘	0.000274	0.105361	0.000029
胁械褔械褉	0.000274	2.407946	0.000660
胁蟹褉褘胁	0.000274	2.995732	0.000821
胁懈写	0.000274	2.207275	0.000605
胁懈写械	0.000274	1.171183	0.000321
胁懈写械芯	0.000548	0.116534	0.000064
胁懈写械芯褉械褑械锌褌褘	0.000274	0.301105	0.000083
胁懈薪芯	0.001097	0.040822	0.000045
胁懈薪褍	0.000274	3.506558	0.000961
胁泻褍褋	0.000548	0.105361	0.000058
胁泻褍褋邪	0.002742	0.116534	0.000320
胁泻褍褋薪邪褟	0.001097	0.061875	0.000068
胁泻褍褋薪械械	0.000548	0.116534	0.000064
胁泻褍褋薪械泄	0.000274	0.116534	0.000032
胁泻褍褋薪械薪褜泻懈械	0.000274	3.912023	0.001073
胁泻褍褋薪芯	0.001645	0.094311	0.000155
胁泻褍褋薪芯械	0.000274	0.994252	0.000273
胁泻褍褋薪褘械	0.001371	0.105361	0.000144
胁泻褍褋薪褘泄	0.000274	0.385662	0.000106
胁泻褍褋芯屑	0.000274	0.105361	0.000029
胁谢褞斜懈谢懈褋褜	0.000274	2.120264	0.000581
胁谢褞斜谢械薪薪褘褏	0.000274	0.116534	0.000032
胁屑械褋褌械	0.000274	0.916291	0.000251
胁薪邪褔邪谢械	0.001097	0.248461	0.000273
胁薪褍褌褉械薪薪懈屑	0.000274	4.605170	0.001263
胁芯	0.000548	0.061875	0.000034
胁芯写械	0.000274	0.105361	0.000029
胁芯写芯褔泻械	0.000274	4.605170	0.001263
胁芯蟹屑芯卸薪芯褋褌懈	0.000274	2.813411	0.000771
胁芯泄褌懈	0.000274	0.000000	0.000000
胁芯谢芯胁邪薪褘	0.000274	0.116534	0.000032
胁芯谢褕械斜薪褍褞	0.000274	3.218876	0.000883
胁芯谢褕械斜薪褘械	0.000274	0.116534	0.000032
胁芯谢褕械斜褋褌胁芯	0.000274	0.116534	0.000032
胁芯锌褉芯褋褘	0.000274	0.000000	0.000000
胁芯褋褌芯泻械	0.000548	3.506558	0.001923
胁芯褋褌芯褔薪邪褟	0.000274	0.127833	0.000035
胁芯褋褏懈褌懈褌械谢褜薪褘	0.000274	3.218876	0.000883
胁锌械褔邪褌谢械薪懈械	0.000274	2.813411	0.000771
胁锌械褔邪褌谢懈谢邪	0.000274	3.506558	0.000961
胁褉械屑械薪邪	0.000274	0.116534	0.000032
胁褉械屑械薪械屑	0.001645	0.116534	0.000192
胁褉械屑械薪懈	0.000548	0.967584	0.000531
胁褉械屑褟	0.000548	0.400478	0.000220
胁褋械谐写邪	0.000823	0.653926	0.000538
胁褋械谐芯	0.000548	0.186330	0.000102
胁褋械泄	0.000823	0.105361	0.000087
胁褋械屑褍	0.000274	0.061875	0.000017
胁褋锌芯屑懈薪邪褌褜	0.000274	3.506558	0.000961
胁褋锌芯屑薪懈褌褜	0.000274	0.040822	0.000011
胁褋褌褉械褔邪谢懈	0.000274	2.995732	0.000821
胁褋褌褉械褔邪褌褜	0.000274	3.506558	0.000961
胁褌芯褉芯械	0.000274	0.116534	0.000032
胁褌芯褉褘械	0.000274	0.127833	0.000035
胁褏芯写	0.000823	0.030459	0.000025
胁褘胁械写邪褌褜	0.000274	3.506558	0.000961
胁褘泄褌懈	0.000274	0.040822	0.000011
胁褘锌械褔泻邪	0.003290	0.040822	0.000134
胁褘锌械褔泻懈	0.000548	0.072571	0.000040
胁褘锌械褔泻芯泄	0.000274	0.116534	0.000032
胁褘褉褍褔邪谢芯褔泻邪	0.000274	1.560648	0.000428
胁褜械褌薪邪屑褋泻邪褟	0.000274	0.116534	0.000032
谐邪胁邪泄褋泻邪褟	0.000274	0.116534	0.000032
谐邪褉薪懈褉	0.001645	0.040822	0.000067
谐邪褋锌邪褔芯	0.000274	0.040822	0.000011
谐械芯谐褉邪褎懈褟	0.000274	0.116534	0.000032
谐谢邪胁薪褘泄	0.000274	0.040822	0.000011
谐谢邪蟹褍褉褜	0.000823	0.040822	0.000034
谐谢懈薪褌胁械泄薪	0.000274	0.040822	0.000011
谐芯胁褟写懈薪褘	0.001097	0.116534	0.000128
谐芯写	0.003016	0.105361	0.000318
谐芯写邪	0.004113	0.248461	0.001022
谐芯写褍	0.000548	1.171183	0.000642
谐芯谢写褋斜芯褉芯	0.000274	4.605170	0.001263
谐芯谢谢邪薪写褋泻邪褟	0.000274	0.116534	0.000032
谐芯谢芯褋	0.000274	3.912023	0.001073
谐芯褉邪蟹写芯	0.000274	2.040221	0.000559
谐芯褉芯写邪	0.000274	0.116534	0.000032
谐芯褉芯褏	0.000274	0.116534	0.000032
谐芯褉褔懈褑邪	0.001097	0.040822	0.000045
谐芯褉褔懈褑邪屑懈	0.000274	0.127833	0.000035
谐芯褉褔懈褑械泄	0.000274	3.912023	0.001073
谐芯褉褕芯褔泻邪褏	0.000274	0.105361	0.000029
谐芯褉褕芯褔泻械	0.000274	0.040822	0.000011
谐芯褉褟褔械械	0.000823	0.116534	0.000096
谐芯褉褟褔械屑	0.000274	2.659260	0.000729
谐芯褉褟褔懈械	0.018920	0.105361	0.001993
谐芯褉褟褔懈泄	0.000548	0.116534	0.000064
谐芯褋褌懈	0.000548	0.116534	0.000064
谐芯褌芯胁懈谢邪	0.000274	0.733969	0.000201
谐芯褌芯胁懈谢懈	0.000274	1.560648	0.000428
谐芯褌芯胁懈屑	0.001645	0.094311	0.000155
谐芯褌芯胁懈褌褋褟	0.000548	0.478036	0.000262
谐芯褌芯胁懈褌褜	0.001371	0.105361	0.000144
谐芯褌芯胁谢褞	0.000274	1.049822	0.000288
谐芯褌芯胁褜	0.000548	0.116534	0.000064
谐芯褌芯胁褟褌	0.000548	0.116534	0.000064
谐芯褌芯胁褟褌褋褟	0.000274	1.660731	0.000455
谐褉邪褌械薪	0.000274	2.813411	0.000771
谐褉械薪泻懈	0.000548	0.040822	0.000022
谐褉械褔械褋泻邪褟	0.000274	0.116534	0.000032
谐褉械褔械褋泻懈	0.000548	3.912023	0.002145
谐褉械褔泻邪	0.000274	0.040822	0.000011
谐褉懈斜邪屑懈	0.001097	0.105361	0.000116
谐褉懈斜薪褘械	0.000548	0.040822	0.000022
谐褉懈斜芯胁	0.000823	0.116534	0.000096
谐褉懈斜褘	0.000823	0.040822	0.000034
谐褉懈谢械	0.001371	0.116534	0.000160
谐褉懈谢褜	0.000274	0.116534	0.000032
谐褉懈谢褜屑邪薪懈褟	0.000274	0.116534	0.000032
谐褉懈谢褟	0.001097	0.116534	0.000128
谐褉芯谐	0.000274	0.040822	0.000011
谐褉褍蟹懈薪褋泻邪褟	0.000274	0.116534	0.000032
谐褉褍锌锌褘	0.000274	0.061875	0.000017
谐褍褉屑邪薪懈褟	0.001645	0.116534	0.000192
谐褍褉屑械	0.000274	0.127833	0.000035
谐褍褋褟	0.000548	0.105361	0.000058
写邪械褌	0.000274	0.040822	0.000011
写邪谢褜薪械屑	0.000548	3.506558	0.001923
写邪薪薪褘械	0.000274	0.040822	0.000011
写邪褉褘	0.000274	0.116534	0.000032
写邪褌械	0.000548	0.248461	0.000136
写邪褌褋泻邪褟	0.000274	0.116534	0.000032
写邪褔薪芯械	0.000823	0.116534	0.000096
写械卸褍褉薪芯械	0.000274	4.605170	0.001263
写械泄褌芯薪	0.000274	4.605170	0.001263
写械泻邪斜褉褟	0.000548	0.597837	0.000328
写械泻芯褉	0.000274	0.127833	0.000035
写械谢邪	0.000274	4.605170	0.001263
写械谢邪械褌	0.000548	0.116534	0.000064
写械谢懈屑褋褟	0.000274	0.040822	0.000011
写械谢芯	0.000274	1.386294	0.000380
写械谢芯屑	0.000274	0.116534	0.000032
写械薪褜	0.001645	0.083382	0.000137
写械褋械褉褌	0.000823	0.116534	0.000096
写械褋械褉褌邪褑懈褟	0.000274	0.116534	0.000032
写械褋械褉褌薪芯械	0.000548	3.506558	0.001923
写械褋械褉褌薪褘械	0.000274	0.116534	0.000032
写械褋械褉褌褘	0.003839	0.040822	0.000157
写械褌械泄	0.000274	0.116534	0.000032
写卸械屑	0.000274	0.040822	0.000011
写蟹械薪	0.000274	0.116534	0.000032
写懈械褌邪	0.000274	0.116534	0.000032
写懈械褌褘	0.000274	0.116534	0.000032
写懈泻懈泄	0.000548	0.116534	0.000064
写懈泻芯谐芯	0.000274	0.116534	0.000032
写懈锌	0.000274	0.116534	0.000032
写懈褔懈	0.000548	0.116534	0.000064
写懈褔褜	0.000274	0.116534	0.000032
写薪械胁薪懈泻邪褏	0.000274	0.061875	0.000017
写薪械泄	0.000823	0.116534	0.000096
写薪褟	0.000274	0.040822	0.000011
写芯斜邪胁谢械薪懈械屑	0.000274	2.813411	0.000771
写芯斜邪胁谢械薪懈褟屑	0.000274	0.274437	0.000075
写芯斜邪胁谢褟谢邪	0.000274	3.218876	0.000883
写芯斜邪胁谢褟褌褜	0.000274	0.040822	0.000011
写芯斜邪胁褜	0.000274	0.116534	0.000032
写芯斜褉芯	0.000274	3.218876	0.000883
写芯斜褉芯褎谢芯褌	0.000274	0.127833	0.000035
写芯胁械褉褟械褕褜	0.000274	0.116534	0.000032
写芯胁芯谢褜薪芯	0.000274	1.609438	0.000441
写芯谢谐芯	0.000274	1.514128	0.000415
写芯屑	0.002468	0.040822	0.000101
写芯屑邪	0.001097	0.994252	0.001090
写芯屑邪褕薪械械	0.000823	0.040822	0.000034
写芯屑邪褕薪懈械	0.000548	0.040822	0.000022
写芯屑邪褕薪懈泄	0.001371	0.116534	0.000160
写芯屑邪褕薪褟褟	0.000548	0.105361	0.000058
写芯屑芯胁	0.000274	0.040822	0.000011
写芯锌芯谢薪械薪懈械	0.000274	2.659260	0.000729
写芯褋褌邪褌芯褔薪芯	0.000274	2.040221	0.000559
写褉邪谐芯褑械薪薪芯械	0.000274	4.605170	0.001263
写褉邪泄胁	0.001371	0.127833	0.000175
写褉芯卸卸械胁芯械	0.000274	0.116534	0.000032
写褉褍谐懈屑懈	0.000274	0.040822	0.000011
写褉褍蟹械泄	0.000274	1.514128	0.000415
写褍屑邪褞	0.000548	1.427116	0.000783
写褍褏芯胁泻邪	0.001097	0.127833	0.000140
写褍褕懈	0.000823	0.105361	0.000087
械胁褉械泄褋泻邪褟	0.000274	0.116534	0.000032
械谐懈锌械褌褋泻邪褟	0.000274	0.116534	0.000032
械写懈薪褘泄	0.000274	0.040822	0.000011
械泻芯	0.000274	0.127833	0.000035
卸邪褉械薪褘械	0.000548	3.218876	0.001765
卸邪褉泻芯械	0.000274	0.040822	0.000011
卸谐褍褔懈泄	0.001097	1.966113	0.002156
卸械谢邪械屑褘械	0.000274	1.469676	0.000403
卸械谢械	0.000823	0.040822	0.000034
卸械谢褌芯泻	0.000548	1.272966	0.000698
卸械薪褋泻邪褟	0.000274	0.127833	0.000035
卸械薪褋泻芯屑	0.000274	0.061875	0.000017
卸械薪褖懈薪褘	0.000823	0.116534	0.000096
卸懈胁褍	0.000274	3.912023	0.001073
卸懈蟹薪懈	0.000274	0.040822	0.000011
卸懈蟹薪褜	0.000274	0.116534	0.000032
卸褍谢褜械薪	0.000274	0.040822	0.000011
卸褍褉薪邪谢邪	0.000274	0.127833	0.000035
卸褍褌懈	0.000274	4.605170	0.001263
卸褞谢褜械薪	0.000274	0.040822	0.000011
蟹邪胁邪褉薪芯械	0.000274	0.116534	0.000032
蟹邪胁邪褉薪芯泄	0.000274	0.116534	0.000032
蟹邪胁褌褉邪泻	0.001919	0.094311	0.000181
蟹邪胁褌褉邪泻懈	0.000274	0.127833	0.000035
蟹邪谐芯褌芯胁泻懈	0.001097	0.040822	0.000045
蟹邪写邪胁邪褌褜	0.000274	0.040822	0.000011
蟹邪写械褉卸邪谢懈	0.000274	4.605170	0.001263
蟹邪懈薪褌械褉械褋芯胁邪谢	0.000274	2.407946	0.000660
蟹邪泄褑邪	0.000548	0.116534	0.000064
蟹邪泻胁邪褋泻邪	0.000274	0.040822	0.000011
蟹邪泻胁邪褋泻邪屑懈	0.000274	0.116534	0.000032
蟹邪泻胁邪褋芯泻	0.000274	0.127833	0.000035
蟹邪泻褉褘褌褘泄	0.000274	0.116534	0.000032
蟹邪泻褍褋泻邪	0.000548	1.347074	0.000739
蟹邪泻褍褋泻懈	0.004936	0.040822	0.000201
蟹邪泻褍褋泻褍	0.000823	0.116534	0.000096
蟹邪泻褍褋芯薪褔懈泻	0.000274	0.116534	0.000032
蟹邪泻褍褋芯褔泻邪	0.000274	0.116534	0.000032
蟹邪泻褍褋芯褔薪褘械	0.002468	0.116534	0.000288
蟹邪泻褍褋芯褔薪褘褏	0.000274	3.218876	0.000883
蟹邪谢懈胁薪芯械	0.000548	0.040822	0.000022
蟹邪屑芯褉芯蟹泻邪	0.000274	0.105361	0.000029
蟹邪锌邪写	0.000274	0.116534	0.000032
蟹邪锌械泻邪薪泻邪	0.001371	0.105361	0.000144
蟹邪锌械泻邪薪泻懈	0.001919	0.040822	0.000078
蟹邪锌褉邪胁泻邪	0.000548	0.040822	0.000022
蟹邪褉械谐懈褋褌褉懈褉芯胁邪胁褕懈褋褜	0.000274	0.040822	0.000011
蟹邪褉械谐懈褋褌褉懈褉芯胁邪褌褜褋褟	0.000274	0.030459	0.000008
蟹邪褋芯谢泻邪	0.000274	0.116534	0.000032
蟹邪褋褌芯谢懈泄	0.000274	4.605170	0.001263
蟹邪褏芯写懈褌械	0.000274	0.755023	0.000207
蟹胁邪薪褘泄	0.000274	0.127833	0.000035
蟹胁械蟹写邪	0.000274	0.127833	0.000035
蟹胁褢蟹写薪褘械	0.000274	0.116534	0.000032
蟹写芯褉芯胁芯械	0.000274	0.116534	0.000032
蟹写芯褉芯胁褘泄	0.000274	0.116534	0.000032
蟹械谢械薪褘泄	0.001645	1.021651	0.001681
蟹械谢械薪褜	0.001919	0.094311	0.000181
蟹械褎懈褉	0.000274	0.040822	0.000011
蟹懈屑薪懈械	0.000274	0.051293	0.000014
蟹懈屑褍	0.001097	0.040822	0.000045
蟹薪邪谢懈	0.000274	3.506558	0.000961
蟹薪邪屑械薪懈褌芯械	0.000274	4.605170	0.001263
蟹薪邪褞	0.000823	0.755023	0.000621
蟹芯谢芯褌邪褟	0.000274	0.116534	0.000032
懈胁邪薪芯胁邪	0.000274	0.127833	0.000035
懈写械邪谢褜薪邪褟	0.000274	0.116534	0.000032
懈写械邪谢褜薪芯谐芯	0.001371	0.116534	0.000160
懈写械邪谢褜薪芯械	0.000274	0.116534	0.000032
懈写械泄泻懈	0.000274	0.116534	0.000032
懈蟹胁械褋褌薪芯泄	0.000274	2.407946	0.000660
懈蟹胁械褋褌薪褘褏	0.000274	3.218876	0.000883
懈蟹写械谢懈褟	0.000823	0.116534	0.000096
懈蟹写械谢懈褟屑懈	0.000823	0.116534	0.000096
懈泻褉邪	0.000823	0.040822	0.000034
懈谢谢褞褋褌褉懈褉芯胁邪薪	0.000274	2.120264	0.000581
懈屑械薪械屑	0.000274	0.040822	0.000011
懈薪胁械褉褌芯褉薪芯泄	0.000274	0.127833	0.000035
懈薪谐褉械写懈械薪褌邪屑	0.000274	1.469676	0.000403
懈薪谐褉械写懈械薪褌褘	0.008774	0.139262	0.001222
懈薪写械泄泻懈	0.001371	0.094311	0.000129
懈薪写械泄泻芯泄	0.000274	0.116534	0.000032
懈薪写懈泄褋泻邪褟	0.000274	0.116534	0.000032
懈薪写懈谢邪泄褌	0.000823	0.116534	0.000096
懈薪写懈褉械褋薪褘械	0.000274	0.116534	0.000032
懈薪褋褌褉褍泻褑懈褟屑懈	0.000274	0.040822	0.000011
懈褉邪泻褋泻邪褟	0.000274	0.116534	0.000032
懈褉邪薪褋泻邪褟	0.000274	0.116534	0.000032
懈褉谢邪薪写褋泻邪褟	0.000274	0.116534	0.000032
懈褋泻谢褞褔懈褌褜	0.000274	1.469676	0.000403
懈褋泻褉械薪薪械	0.000548	0.116534	0.000064
懈褋谢邪薪写褋泻邪褟	0.000274	0.116534	0.000032
懈褋锌邪薪褋泻邪褟	0.000274	0.116534	0.000032
懈褋锌械泻懈	0.000274	0.116534	0.000032
懈褋褌芯褉懈懈	0.001371	0.116534	0.000160
懈褋褌芯褉懈褞	0.000274	0.116534	0.000032
懈褌邪泻	0.000274	1.609438	0.000441
懈褌邪谢懈懈	0.000548	0.105361	0.000058
懈褌邪谢褜褟薪褋泻邪褟	0.000274	0.116534	0.000032
懈褖褍褌	0.000274	1.609438	0.000441
懈褞薪褟	0.000274	0.579818	0.000159
泄芯谐褍褉褌	0.000823	0.040822	0.000034
泻邪斜邪褔泻懈	0.000274	0.040822	0.000011
泻邪胁泻邪蟹褋泻邪褟	0.000274	0.116534	0.000032
泻邪蟹邪谢芯褋褜	0.000274	1.609438	0.000441
泻邪蟹邪薪械	0.000274	0.116534	0.000032
泻邪蟹邪褏褋泻邪褟	0.000274	0.116534	0.000032
泻邪泻邪芯	0.000548	0.040822	0.000022
泻邪谢械泄写芯褋泻芯锌	0.001097	0.116534	0.000128
泻邪谢屑褘褑泻邪褟	0.000274	0.116534	0.000032
泻邪谢褜屑邪褉	0.006307	0.040822	0.000257
泻邪谢褜屑邪褉邪	0.000823	4.605170	0.003788
泻邪谢褜屑邪褉芯胁	0.000548	3.506558	0.001923
泻邪谢褜屑邪褉褔懈泻懈	0.000274	3.912023	0.001073
泻邪谢褜屑邪褉褘	0.002468	3.506558	0.008653
泻邪屑械褉邪	0.000274	0.116534	0.000032
泻邪薪邪写褋泻邪褟	0.000274	0.116534	0.000032
泻邪薪邪谢	0.000548	0.040822	0.000022
泻邪薪邪谢械	0.000274	0.040822	0.000011
泻邪薪邪锌械	0.000548	0.040822	0.000022
泻邪锌褍褋褌邪	0.000548	0.040822	0.000022
泻邪锌褍褋褌薪褟泻	0.000274	0.040822	0.000011
泻邪锌褍褋褌褘	0.000274	0.040822	0.000011
泻邪褉邪屑械谢褜	0.000274	0.040822	0.000011
泻邪褉泻邪褋薪褘泄	0.001097	0.116534	0.000128
泻邪褉褌芯褎械谢褜	0.000274	0.040822	0.000011
泻邪褉褌芯褎械谢褜薪邪褟	0.000274	2.995732	0.000821
泻邪褉褌芯褎械谢褜薪芯械	0.000548	0.040822	0.000022
泻邪褉褌芯褎械谢褜薪褘泄	0.000274	0.116534	0.000032
泻邪褉褌芯褕泻邪	0.000548	0.040822	0.000022
泻邪褌械谐芯褉懈懈	0.000548	0.116534	0.000064
泻邪褌械谐芯褉懈褟	0.004113	0.150823	0.000620
泻邪褔械褋褌胁芯	0.000274	0.116534	0.000032
泻邪褕邪	0.000274	0.040822	0.000011
泻邪褕懈	0.001371	0.105361	0.000144
泻邪褕褍	0.000274	0.094311	0.000026
泻胁邪褋	0.000823	0.040822	0.000034
泻胁邪褋薪芯械	0.000823	0.116534	0.000096
泻胁邪褋芯屑	0.000274	0.127833	0.000035
泻械斜邪斜	0.000274	2.995732	0.000821
泻械泻褋	0.000274	0.040822	0.000011
泻械泻褋褘	0.000548	0.116534	0.000064
泻械褌褔褍锌芯屑	0.000274	4.605170	0.001263
泻械褎懈褉	0.000274	0.040822	0.000011
泻懈屑褔懈	0.000274	0.040822	0.000011
泻懈薪芯邪	0.000548	0.127833	0.000070
泻懈薪芯谢械薪褌邪	0.000274	0.116534	0.000032
泻懈褋械谢褜	0.000548	0.040822	0.000022
泻懈褌邪泄褋泻邪褟	0.000274	0.116534	0.000032
泻懈褌邪泄褋泻懈	0.001097	3.218876	0.003530
泻懈褌邪泄褋泻懈泄	0.000274	2.813411	0.000771
泻懈褌邪泄褋泻懈褏	0.000274	2.659260	0.000729
泻懈褌邪泄褋泻褍褞	0.000548	3.912023	0.002145
泻谢邪褋褋	0.002194	0.116534	0.000256
泻谢邪褋褋褘	0.000274	0.116534	0.000032
泻谢褟褉械	0.000274	2.302585	0.000631
泻薪懈谐褍	0.000548	0.040822	0.000022
泻芯械	0.000274	3.506558	0.000961
泻芯泻褌械泄谢懈	0.000274	0.127833	0.000035
泻芯泻褌械泄谢褜	0.001371	0.040822	0.000056
泻芯谢斜邪褋邪	0.000274	0.040822	0.000011
泻芯谢斜邪褋薪褘屑懈	0.000823	0.116534	0.000096
泻芯屑邪薪写邪	0.000548	0.127833	0.000070
泻芯屑懈	0.000274	0.116534	0.000032
泻芯屑屑械薪褌邪褉懈械胁	0.000274	0.223144	0.000061
泻芯屑锌邪薪懈泄	0.000274	0.105361	0.000029
泻芯屑锌芯褌	0.000823	0.040822	0.000034
泻芯薪械褑	0.000274	3.506558	0.000961
泻芯薪械褔薪芯	0.000548	0.527633	0.000289
泻芯薪懈薪褘	0.000274	0.116534	0.000032
泻芯薪泻褍褉褋	0.058678	0.105361	0.006182
泻芯薪泻褍褉褋邪	0.000548	0.116534	0.000064
泻芯薪泻褍褉褋邪褏	0.000274	0.040822	0.000011
泻芯薪泻褍褉褋薪褘械	0.000274	0.127833	0.000035
泻芯薪褋械褉胁懈褉芯胁邪薪懈械	0.000274	0.040822	0.000011
泻芯薪褋械褉胁懈褉芯胁邪薪薪邪褟	0.000274	0.116534	0.000032
泻芯薪褋械褉胁懈褉芯胁邪薪薪芯械	0.000274	0.116534	0.000032
泻芯薪褋械褉胁懈褉芯胁邪薪薪褘械	0.000548	0.116534	0.000064
泻芯薪褋械褉胁懈褉芯胁邪薪薪褘泄	0.000274	0.116534	0.000032
泻芯薪褎械褌褌懈	0.000274	0.116534	0.000032
泻芯薪褎械褌褘	0.000823	0.040822	0.000034
泻芯薪褎懈写械薪褑懈邪谢褜薪芯褋褌懈	0.000274	0.040822	0.000011
泻芯薪褎懈褌褞褉	0.000274	0.040822	0.000011
泻芯锌褔械薪芯褋褌褟屑懈	0.000274	0.116534	0.000032
泻芯褉邪斜谢褟	0.000274	4.605170	0.001263
泻芯褉械泄褋泻邪褟	0.000274	0.116534	0.000032
泻芯褉械泄褋泻懈	0.000274	0.040822	0.000011
泻芯褉卸懈泻懈	0.000274	0.040822	0.000011
泻芯褉懈邪薪写褉	0.001097	1.469676	0.001612
泻芯褉屑褟褖懈褏	0.000274	0.116534	0.000032
泻芯褋屑懈褔械褋泻芯谐芯	0.000274	4.605170	0.001263
泻芯褌谢械褌泻懈	0.000548	2.813411	0.001543
泻芯褌谢械褌芯泻	0.000274	3.912023	0.001073
泻芯褌谢械褌褘	0.002194	0.040822	0.000090
泻芯褌芯褉芯屑褍	0.000274	0.116534	0.000032
泻芯褎械	0.000548	0.040822	0.000022
泻褉邪斜芯胁芯谐芯	0.000823	3.912023	0.003218
泻褉邪斜芯胁褘械	0.002742	2.659260	0.007292
泻褉邪斜芯胁褘屑懈	0.000274	3.912023	0.001073
泻褉邪斜芯胁褘褏	0.000274	4.605170	0.001263
泻褉邪褋泻懈	0.000274	0.116534	0.000032
泻褉邪褋薪褘泄	0.001097	1.171183	0.001285
泻褉邪褏屑邪谢	0.000548	0.891598	0.000489
泻褉械邪褌懈胁	0.000274	0.127833	0.000035
泻褉械胁械褌泻懈	0.002468	2.407946	0.005942
泻褉械胁械褌芯泻	0.000274	3.218876	0.000883
泻褉械屑	0.000274	0.040822	0.000011
泻褉械屑邪	0.000548	0.116534	0.000064
泻褉械锌泻懈泄	0.000274	0.116534	0.000032
泻褉懈褔邪褌	0.000274	3.912023	0.001073
泻褉芯谢懈泻邪	0.000548	0.116534	0.000064
泻褉芯屑械	0.000274	0.061875	0.000017
泻褉芯褏懈	0.000274	0.116534	0.000032
泻褉褍谐褍	0.000548	0.116534	0.000064
泻褉褍锌	0.001645	0.116534	0.000192
泻褉褍锌邪	0.000274	0.127833	0.000035
泻褉褍锌褘	0.000548	0.127833	0.000070
泻褉褍锌褟薪褘械	0.000274	0.116534	0.000032
泻褍斜懈薪褋泻邪褟	0.000274	0.116534	0.000032
泻褍泻褍褉褍蟹薪邪褟	0.000548	4.605170	0.002525
泻褍泻褍褉褍蟹薪褘械	0.000274	4.605170	0.001263
泻褍谢械褕	0.000274	0.040822	0.000011
泻褍谢懈薪邪褉懈懈	0.000823	0.094311	0.000078
泻褍谢懈薪邪褉薪邪褟	0.000274	0.116534	0.000032
泻褍谢懈薪邪褉薪芯械	0.000274	0.116534	0.000032
泻褍谢懈薪邪褉薪褍褞	0.000548	0.040822	0.000022
泻褍谢懈薪邪褉薪褘泄	0.000274	0.072571	0.000020
泻褍谢懈薪邪褉薪褘褏	0.000274	0.116534	0.000032
泻褍谢懈褔	0.000274	0.040822	0.000011
泻褍谢懈褔懈	0.000274	0.116534	0.000032
泻褍屑懈薪	0.000548	3.506558	0.001923
泻褍薪卸褍褌	0.000548	0.994252	0.000545
泻褍薪卸褍褌薪芯械	0.001097	2.659260	0.002917
泻褍薪卸褍褌薪褘屑懈	0.000274	4.605170	0.001263
泻褍褉写褋泻邪褟	0.000274	0.116534	0.000032
泻褍褉懈薪芯谐芯	0.000274	0.116534	0.000032
泻褍褉懈薪芯械	0.003016	0.127833	0.000386
泻褍褉懈薪褘泄	0.000274	0.105361	0.000029
泻褍褉懈褑邪	0.000274	0.040822	0.000011
泻褍褉懈褑褘	0.000823	0.116534	0.000096
泻褍褉泻褍屑邪	0.000548	2.040221	0.001119
泻褍褉芯褔泻芯泄	0.000274	0.116534	0.000032
泻褍褋泻褍褋	0.000274	0.040822	0.000011
泻褍褏薪械泄	0.000274	0.040822	0.000011
泻褍褏薪懈	0.000823	0.040822	0.000034
泻褍褏薪褞	0.001097	2.525729	0.002770
泻褍褏薪褟	0.001097	0.116534	0.000128
谢邪胁邪褕	0.000548	0.040822	0.000022
谢邪胁邪褕邪	0.001097	0.116534	0.000128
谢邪谐屑邪薪	0.000274	0.040822	0.000011
谢邪蟹邪薪褜褟	0.000274	2.995732	0.000821
谢邪泄屑	0.000548	3.506558	0.001923
谢邪泄屑邪	0.000274	3.912023	0.001073
谢邪泄屑芯胁芯屑	0.000274	3.912023	0.001073
谢邪泻芯屑褋褌胁芯	0.000274	0.116534	0.000032
谢邪锌褕邪	0.000823	0.040822	0.000034
谢邪褌褘褕褋泻邪褟	0.000274	0.116534	0.000032
谢械谐泻邪褟	0.000274	0.116534	0.000032
谢械谐泻懈泄	0.000548	0.116534	0.000064
谢械谐泻芯	0.001645	0.116534	0.000192
谢械卸邪谢邪	0.000274	4.605170	0.001263
谢械卸懈褌	0.000274	4.605170	0.001263
谢械锌械褕泻懈	0.000548	0.040822	0.000022
谢械褌	0.000274	0.843970	0.000231
谢械褌邪	0.000274	0.116534	0.000032
谢械褌薪懈械	0.000274	0.040822	0.000011
谢械褌薪褟褟	0.000274	0.116534	0.000032
谢械褌芯	0.001371	0.116534	0.000160
谢械褔芯	0.000274	0.040822	0.000011
谢懈谐邪	0.000823	0.116534	0.000096
谢懈泻械褉	0.000274	0.040822	0.000011
谢懈屑芯薪	0.000548	1.203973	0.000660
谢懈屑芯薪邪	0.000274	1.897120	0.000520
谢懈屑芯薪邪写	0.000548	0.040822	0.000022
谢懈屑芯薪薪褘泄	0.000548	0.798508	0.000438
谢懈褌芯胁褋泻	0.000274	0.127833	0.000035
谢懈褌芯胁褋泻邪褟	0.000274	0.116534	0.000032
谢褍泻	0.004387	0.301105	0.001321
谢褍泻邪	0.000274	2.207275	0.000605
谢褍褔褕懈械	0.000274	0.116534	0.000032
谢褍褔褕懈泄	0.000548	0.040822	0.000022
谢褍褔褕懈褏	0.000274	0.116534	0.000032
谢褞斜胁懈	0.000274	0.105361	0.000029
谢褞斜械蟹薪芯	0.000274	3.506558	0.000961
谢褞斜懈屑芯谐芯	0.000274	0.127833	0.000035
谢褞斜懈屑芯械	0.000548	3.218876	0.001765
谢褞斜懈屑芯屑褍	0.000274	0.116534	0.000032
谢褞斜懈屑褘褏	0.001645	0.116534	0.000192
谢褞斜懈褌	0.000274	1.427116	0.000391
谢褞斜懈褌械	0.000274	1.966113	0.000539
谢褞斜懈褌械谢懈	0.000548	3.218876	0.001765
谢褞斜芯胁褜	0.000274	0.116534	0.000032
谢褞斜芯泄	0.000274	0.116534	0.000032
谢褞斜褟褌	0.000274	1.832581	0.000502
谢褞写械泄	0.000274	3.218876	0.000883
谢褢写	0.000274	0.127833	0.000035
屑邪谐褉懈斜邪	0.000274	0.116534	0.000032
屑邪泄	0.000274	0.116534	0.000032
屑邪泄芯薪械蟹	0.001371	0.116534	0.000160
屑邪泻邪褉芯薪薪褘械	0.000274	0.116534	0.000032
屑邪泻邪褉芯薪褘	0.000274	0.040822	0.000011
屑邪泻褋懈屑褍屑	0.000548	2.407946	0.001321
屑邪谢邪蟹懈泄褋泻邪褟	0.000274	0.116534	0.000032
屑邪谢芯	0.000274	1.609438	0.000441
屑邪屑邪	0.000274	1.771957	0.000486
屑邪薪械褉	0.000274	3.506558	0.000961
屑邪薪薪懈泻	0.000274	0.040822	0.000011
屑邪薪褋邪褉写芯泄	0.000274	0.755023	0.000207
屑邪薪褌褘	0.000274	0.116534	0.000032
屑邪薪褢胁褉褘	0.000274	0.116534	0.000032
屑邪褉邪褎芯薪	0.000823	0.116534	0.000096
屑邪褉懈薪邪写	0.002468	0.040822	0.000101
屑邪褉懈薪邪写械	0.000274	2.302585	0.000631
屑邪褉懈薪邪写褘	0.000823	0.116534	0.000096
屑邪褉懈薪芯胁邪薪薪褘械	0.000274	0.116534	0.000032
屑邪褉屑械谢邪写	0.000274	0.040822	0.000011
屑邪褉芯泻泻邪薪褋泻邪褟	0.000274	0.116534	0.000032
屑邪褉褌邪	0.001919	0.105361	0.000202
屑邪褋泻邪褉锌芯薪械	0.000274	0.040822	0.000011
屑邪褋谢械薪懈褑邪	0.000823	0.040822	0.000034
屑邪褋谢械薪懈褔薪芯械	0.000274	0.116534	0.000032
屑邪褋谢芯	0.009049	0.116534	0.001054
屑邪褋谢芯屑	0.000274	0.116534	0.000032
屑邪褋褌械褉	0.002468	0.116534	0.000288
屑邪褋褌懈泻邪	0.000274	0.040822	0.000011
屑邪褋褌懈泻懈	0.000274	0.116534	0.000032
屑邪褌械褉懈泻械	0.000274	4.605170	0.001263
屑邪褎褎懈薪褘	0.000274	0.116534	0.000032
屑邪褏械械胁褗	0.001097	0.116534	0.000128
屑邪褟	0.000548	0.634878	0.000348
屑械写懈邪褎芯褉褌	0.000823	0.000000	0.000000
屑械写芯胁褘泄	0.000274	0.116534	0.000032
屑械写锌械褉褋芯薪邪谢	0.000274	4.605170	0.001263
屑械泻褋懈泻邪薪褋泻邪褟	0.000274	0.116534	0.000032
屑械薪褞	0.000274	0.116534	0.000032
屑械薪褟	0.001371	0.083382	0.000114
屑械薪褟械褌褋褟	0.000274	0.116534	0.000032
屑械褔褌邪	0.000274	0.116534	0.000032
屑械褔褌褘	0.000548	0.040822	0.000022
屑懈写懈懈	0.000823	0.040822	0.000034
屑懈写懈褟屑懈	0.000274	4.605170	0.001263
屑懈泻褉芯胁芯谢薪芯胁泻械	0.000274	0.116534	0.000032
屑懈谢褜械	0.000274	0.116534	0.000032
屑懈薪	0.000274	3.912023	0.001073
屑懈薪褍褌	0.000548	0.755023	0.000414
屑懈芯	0.000274	0.116534	0.000032
屑懈褉	0.000274	0.116534	0.000032
屑懈褉邪	0.000274	0.116534	0.000032
屑懈褉芯胁邪褟	0.000274	0.116534	0.000032
屑懈褋芯	0.000274	0.040822	0.000011
屑懈褋褋	0.000823	1.966113	0.001617
屑懈褋褌械褉懈褟	0.000274	0.116534	0.000032
屑懈褋褌褉邪谢褜	0.001919	0.116534	0.000224
屑薪芯谐懈械	0.000274	1.309333	0.000359
屑薪芯谐芯	0.000274	0.776529	0.000213
屑薪芯卸械褋褌胁芯	0.000274	1.560648	0.000428
屑薪芯卸械褋褌胁芯屑	0.000274	0.040822	0.000011
屑芯械	0.000548	0.116534	0.000064
屑芯械谐芯	0.000548	1.771957	0.000972
屑芯械屑褍	0.000274	1.897120	0.000520
屑芯卸械褌械	0.000274	0.000000	0.000000
屑芯泄	0.000274	0.105361	0.000029
屑芯谢写邪胁褋泻邪褟	0.000274	0.116534	0.000032
屑芯谢芯泻械	0.000274	0.105361	0.000029
屑芯谢芯泻芯	0.000274	0.116534	0.000032
屑芯谢芯褔薪褘泄	0.000548	0.040822	0.000022
屑芯谢芯褔薪褘褏	0.000274	0.116534	0.000032
屑芯屑械薪褌	0.000823	0.116534	0.000096
屑芯屑械薪褌褘	0.000274	2.813411	0.000771
屑芯薪谐芯谢褜褋泻邪褟	0.000274	0.116534	0.000032
屑芯褉械	0.000274	0.116534	0.000032
屑芯褉械锌褉芯写褍泻褌芯胁	0.013162	0.040822	0.000537
屑芯褉械锌褉芯写褍泻褌褘	0.000548	0.116534	0.000064
屑芯褉泻芯胁褜	0.001919	0.040822	0.000078
屑芯褉芯卸械薪芯械	0.000823	0.040822	0.000034
屑芯褉芯蟹懈谢泻械	0.000274	2.813411	0.000771
屑芯褉褋	0.000274	0.040822	0.000011
屑芯褉褋泻懈褏	0.000274	3.506558	0.000961
屑芯褉褋褘	0.000274	0.116534	0.000032
屑芯褌芯褉	0.000274	0.116534	0.000032
屑芯褏懈褌芯	0.000274	0.040822	0.000011
屑芯褟	0.000274	1.427116	0.000391
屑褍卸邪	0.000274	1.771957	0.000486
屑褍卸褋泻邪褟	0.000274	0.127833	0.000035
屑褍卸褍	0.000274	2.302585	0.000631
屑褍卸褔懈薪褘	0.000548	0.116534	0.000064
屑褍泻邪	0.001645	0.274437	0.000452
屑褍谢褜褌懈胁邪褉泻械	0.010420	0.116534	0.001214
屑褍谢褜褌懈锌械泻邪褉械泄	0.000823	0.116534	0.000096
屑褍褋泻邪褌薪褘泄	0.000548	1.832581	0.001005
屑褍褋褋	0.000274	0.040822	0.000011
屑褍褋褋褘	0.000548	0.116534	0.000064
屑褍褔薪褘械	0.000274	0.116534	0.000032
屑褝褉懈谢械薪写	0.000274	4.605170	0.001263
屑褞褋谢懈	0.000548	0.116534	0.000064
屑褟谐泻懈械	0.000274	3.218876	0.000883
屑褟谐泻懈屑懈	0.000274	3.218876	0.000883
屑褟褋邪	0.003016	0.116534	0.000351
屑褟褋薪芯谐芯	0.000548	0.116534	0.000064
屑褟褋薪芯泄	0.000274	0.116534	0.000032
屑褟褋薪褘械	0.001645	0.040822	0.000067
屑褟褋薪褘褏	0.000823	0.116534	0.000096
屑褟褋芯	0.002194	0.040822	0.000090
屑褟褋芯屑	0.001371	0.040822	0.000056
屑褟褋褍	0.000548	0.116534	0.000064
薪邪斜谢褞写邪褌褜	0.000274	3.506558	0.000961
薪邪胁械褉薪芯械	0.000274	2.207275	0.000605
薪邪胁褋械谐写邪	0.000274	2.040221	0.000559
薪邪蟹邪写	0.000274	0.967584	0.000265
薪邪蟹胁邪薪懈械屑	0.000274	1.203973	0.000330
薪邪蟹薪邪褔械薪懈褟	0.000274	0.116534	0.000032
薪邪懈斜芯谢械械	0.000274	3.506558	0.000961
薪邪泄写械褕褜	0.000274	4.605170	0.001263
薪邪泻懈薪褍谢懈褋褜	0.000274	4.605170	0.001263
薪邪谢懈胁泻邪	0.000274	0.040822	0.000011
薪邪屑懈	0.000274	2.995732	0.000821
薪邪锌懈褋邪谢邪	0.000274	4.605170	0.001263
薪邪锌懈褌泻懈	0.001645	0.040822	0.000067
薪邪锌懈褌芯泻	0.000274	0.040822	0.000011
薪邪锌芯屑懈薪邪褞褌	0.000274	3.218876	0.000883
薪邪褋褌芯泄泻邪	0.000274	0.040822	0.000011
薪邪褋褌褉芯械薪懈械	0.000274	0.116534	0.000032
薪邪褌褍谢褟	0.000274	3.912023	0.001073
薪邪褑懈芯薪邪谢褜薪褘械	0.000274	0.116534	0.000032
薪邪褔懈薪泻邪	0.000548	0.040822	0.000022
薪邪褔懈薪泻芯泄	0.000274	0.116534	0.000032
薪邪褕械屑	0.000274	0.040822	0.000011
薪邪褕懈	0.000274	0.061875	0.000017
薪邪褕谢懈	0.000274	2.407946	0.000660
薪械写械谢褟	0.002742	0.061875	0.000170
薪械械	0.000274	1.966113	0.000539
薪械卸薪械泄褕械械	0.000274	2.659260	0.000729
薪械卸薪芯	0.000274	2.659260	0.000729
薪械卸薪芯泄	0.000274	0.116534	0.000032
薪械卸薪褘械	0.000548	1.660731	0.000911
薪械屑械褑	0.000274	3.506558	0.000961
薪械屑械褑泻邪褟	0.000274	0.116534	0.000032
薪械屑械褑泻懈屑	0.000274	3.506558	0.000961
薪械屑械褑泻芯谐芯	0.000274	3.506558	0.000961
薪械芯斜褘褔薪褘械	0.000274	3.218876	0.000883
薪械芯写薪芯泻褉邪褌薪芯	0.000274	3.218876	0.000883
薪械芯卸懈写邪薪薪褘械	0.000274	0.116534	0.000032
薪械锌褉械屑械薪薪芯	0.000548	1.832581	0.001005
薪械褋泻芯谢褜泻芯	0.000274	0.916291	0.000251
薪械褋谢邪	0.000274	3.506558	0.000961
薪械褋谢邪写泻芯械	0.000274	0.116534	0.000032
薪械褋屑芯褌褉褟	0.000274	2.525729	0.000693
薪懈蟹泻芯泻邪谢芯褉懈泄薪芯械	0.000274	4.605170	0.001263
薪懈薪邪	0.000274	1.203973	0.000330
薪懈褏	0.000548	1.660731	0.000911
薪芯胁邪褟	0.000274	0.116534	0.000032
薪芯胁芯谐芯写薪械谐芯	0.001371	0.116534	0.000160
薪芯胁芯谐芯写薪械械	0.000823	0.116534	0.000096
薪芯胁芯谐芯写薪懈械	0.001645	0.040822	0.000067
薪芯胁芯谐芯写薪懈泄	0.001919	0.116534	0.000224
薪芯胁芯谐芯写薪褟褟	0.000274	0.105361	0.000029
薪芯胁芯褋褌褟褏	0.000274	0.061875	0.000017
薪芯胁褘械	0.000548	0.051293	0.000028
薪芯胁褘泄	0.003016	0.094311	0.000284
薪芯褉胁械卸褋泻邪褟	0.000274	0.116534	0.000032
薪芯褟斜褉褟	0.000274	0.527633	0.000145
薪褉邪胁懈褌褋褟	0.000274	1.427116	0.000391
薪褉邪胁褟褌褋褟	0.000274	1.771957	0.000486
芯斜邪谢写械薪薪芯	0.000274	2.120264	0.000581
芯斜械写	0.000823	0.105361	0.000087
芯斜械蟹褜褟薪褘	0.000274	0.116534	0.000032
芯斜褉邪斜芯褌泻懈	0.000274	3.506558	0.000961
芯斜褏芯写懈屑褋褟	0.000274	4.605170	0.001263
芯斜褖邪褌褜褋褟	0.000274	0.040822	0.000011
芯斜褖械屑	0.000274	2.040221	0.000559
芯斜褗褟褋薪懈褌褜	0.000548	3.218876	0.001765
芯斜褘褔薪芯	0.000274	1.714798	0.000470
芯胁芯褖邪屑懈	0.000548	0.116534	0.000064
芯胁芯褖械泄	0.003839	0.105361	0.000404
芯胁芯褖懈	0.001645	0.094311	0.000155
芯胁芯褖薪邪褟	0.000274	0.040822	0.000011
芯胁芯褖薪芯械	0.000274	0.116534	0.000032
芯胁芯褖薪芯泄	0.000548	0.105361	0.000058
芯胁芯褖薪褘械	0.001371	0.040822	0.000056
芯胁褋褟薪芯械	0.000274	0.116534	0.000032
芯谐薪械薪薪芯泄	0.000274	0.116534	0.000032
芯谐薪褟	0.000274	0.116534	0.000032
芯谐褍褉褑褘	0.000548	0.116534	0.000064
芯写薪懈屑	0.000274	1.309333	0.000359
芯泻褉芯褕泻邪	0.000823	0.040822	0.000034
芯泻褌褟斜褉褟	0.000274	0.562119	0.000154
芯谢邪写褍褕泻邪屑懈	0.000274	4.605170	0.001263
芯谢邪写褜懈	0.001097	0.040822	0.000045
芯谢械泄薪邪	0.000823	0.116534	0.000096
芯谢械泄薪芯泄	0.001097	0.116534	0.000128
芯谢械泄薪褘	0.000274	0.127833	0.000035
芯谢懈胁泻芯胁芯械	0.001097	0.544727	0.000597
芯谢褜褔懈泻	0.000274	3.218876	0.000883
芯屑谢械褌	0.000274	0.040822	0.000011
芯锌邪褉邪	0.000274	0.040822	0.000011
芯锌褉芯褋	0.000274	0.061875	0.000017
芯褉械褏	0.000548	1.660731	0.000911
芯褋械薪薪械械	0.000274	0.116534	0.000032
芯褋械薪薪懈械	0.000274	0.051293	0.000014
芯褋械薪薪懈泄	0.000548	0.116534	0.000064
芯褋械薪褜	0.002742	0.105361	0.000289
芯褋薪芯胁薪芯械	0.000274	0.040822	0.000011
芯褋薪芯胁薪褘械	0.000274	3.506558	0.000961
芯褋芯斜械薪薪芯	0.000548	1.469676	0.000806
芯褋褌邪械褌褋褟	0.000274	0.116534	0.000032
芯褋褜屑懈薪芯谐	0.000274	3.912023	0.001073
芯褋褜屑懈薪芯谐邪	0.000274	3.912023	0.001073
芯褌胁械褌懈褌褜	0.000274	0.051293	0.000014
芯褌胁械褌芯胁	0.000274	0.051293	0.000014
芯褌胁械褌褘	0.000274	0.000000	0.000000
芯褌写褘褏邪	0.000274	3.218876	0.000883
芯褌泻褉褘褌褘泄	0.000548	0.116534	0.000064
芯褌谢懈褔薪邪褟	0.000274	2.995732	0.000821
芯褌屑械薪懈褌褜	0.000274	0.040822	0.000011
芯褌薪芯褕械薪懈褟	0.000274	2.120264	0.000581
芯褌褋褌邪胁邪褌褜	0.000274	4.605170	0.001263
芯褎懈褑懈邪薪褌泻邪	0.000274	3.506558	0.000961
芯褏谢邪写懈褌褜	0.000274	0.116534	0.000032
芯褑械薪懈褌械	0.000274	3.218876	0.000883
锌邪泻械褌懈泻邪褏	0.000274	0.105361	0.000029
锌邪谢邪褌械	0.000274	4.605170	0.001263
锌邪谢芯褔械泻	0.000274	4.605170	0.001263
锌邪谢芯褔泻邪	0.000274	1.560648	0.000428
锌邪谢芯褔泻邪屑懈	0.000274	3.506558	0.000961
锌邪谢芯褔泻懈	0.002742	0.040822	0.000112
锌邪薪懈褉芯胁泻邪	0.002194	0.116534	0.000256
锌邪薪懈褉芯胁芯褔薪褘械	0.000548	1.309333	0.000718
锌邪锌褉懈泻邪	0.000548	1.203973	0.000660
锌邪褉邪	0.000274	0.116534	0.000032
锌邪褉邪写	0.001919	0.116534	0.000224
锌邪褉芯胁邪褉泻械	0.002468	0.116534	0.000288
锌邪褉芯谢褜	0.000274	0.020203	0.000006
锌邪褋褌邪	0.001097	0.040822	0.000045
锌邪褋褌褉芯屑邪	0.000274	0.040822	0.000011
锌邪褋褌褘	0.000274	3.912023	0.001073
锌邪褋褏邪	0.000548	0.040822	0.000022
锌邪褋褏邪谢褜薪邪褟	0.000548	0.116534	0.000064
锌邪褋褏邪谢褜薪褘泄	0.000274	0.127833	0.000035
锌邪褔泻邪	0.000274	3.912023	0.001073
锌邪褕褌械褌	0.000274	0.040822	0.000011
锌邪褕褌械褌褘	0.000548	0.116534	0.000064
锌械泻邪褉褟	0.000274	0.127833	0.000035
锌械谢褜屑械薪懈	0.000274	0.116534	0.000032
锌械褉胁芯械	0.000548	0.040822	0.000022
锌械褉胁褘械	0.000274	0.127833	0.000035
锌械褉胁褘屑	0.000274	0.116534	0.000032
锌械褉械泄褌懈	0.000274	0.040822	0.000011
锌械褉械泻褍褋	0.000548	0.116534	0.000064
锌械褉械锌懈褋邪谢懈	0.000274	4.605170	0.001263
锌械褉械锌懈褋褘胁邪械褌	0.000274	4.605170	0.001263
锌械褉械褑	0.005758	0.040822	0.000235
锌械褉褋芯薪褘	0.000274	0.116534	0.000032
锌械褉褍邪薪褋泻邪褟	0.000274	0.116534	0.000032
锌械褉褑械屑	0.000274	2.525729	0.000693
锌械褋芯褔薪芯械	0.000548	0.105361	0.000058
锌械褋芯褔薪褘泄	0.000274	0.116534	0.000032
锌械褌械谢懈薪泻懈	0.000274	0.127833	0.000035
锌械褌褉褍褕泻邪	0.001097	0.693147	0.000760
锌械褔械薪芯褔薪褘泄	0.000274	0.040822	0.000011
锌械褔械薪褜械	0.002468	0.040822	0.000101
锌械褔懈	0.000274	0.127833	0.000035
锌懈胁芯	0.000274	0.116534	0.000032
锌懈胁褍	0.000274	3.912023	0.001073
锌懈泻邪薪褌褘	0.000274	0.127833	0.000035
锌懈泻薪懈泻	0.000548	0.116534	0.000064
锌懈泻薪懈泻邪	0.000274	0.116534	0.000032
锌懈泻薪懈泻褍	0.000274	0.105361	0.000029
锌懈褉	0.000274	0.116534	0.000032
锌懈褉芯谐	0.000823	0.040822	0.000034
锌懈褉芯谐懈	0.000274	0.105361	0.000029
锌懈褉芯卸泻懈	0.000274	0.040822	0.000011
锌懈褉芯卸薪芯械	0.000274	0.040822	0.000011
锌懈褉芯卸薪褘械	0.000274	0.116534	0.000032
锌懈褌邪薪懈械	0.001371	0.105361	0.000144
锌懈褑褑邪	0.000548	0.040822	0.000022
锌谢邪胁谢械薪褘泄	0.000548	1.237874	0.000679
锌谢邪屑褟	0.000274	0.116534	0.000032
锌谢懈褌邪	0.001097	0.127833	0.000140
锌谢芯胁	0.000274	0.116534	0.000032
锌谢芯写褘	0.000274	0.116534	0.000032
锌芯胁邪褉邪	0.000274	1.514128	0.000415
锌芯胁邪褉械薪泻械	0.000274	0.040822	0.000011
锌芯胁邪褉械薪芯泻	0.000274	0.061875	0.000017
锌芯胁邪褉褟褌	0.000274	0.116534	0.000032
锌芯胁邪褉褟褌邪屑懈	0.000274	0.040822	0.000011
锌芯胁邪褉褢薪泻邪	0.000274	0.116534	0.000032
锌芯胁懈写谢芯	0.000274	0.040822	0.000011
锌芯写邪褉泻芯胁	0.000274	0.116534	0.000032
锌芯写邪褞褌	0.000274	2.659260	0.000729
锌芯写斜芯褉	0.000274	1.514128	0.000415
锌芯写谢懈胁邪	0.000274	0.116534	0.000032
锌芯写谢懈胁泻邪	0.000274	0.040822	0.000011
锌芯写锌懈褋邪褌褜褋褟	0.000274	0.040822	0.000011
锌芯写锌懈褕懈褌械褋褜	0.000548	0.040822	0.000022
锌芯写褋芯谢薪械褔薪芯械	0.001097	1.347074	0.001477
锌芯械写懈薪泻懈	0.003839	0.116534	0.000447
锌芯卸邪谢芯胁邪褌褜	0.000274	3.218876	0.000883
锌芯蟹写褉邪胁褜	0.000274	0.116534	0.000032
锌芯懈褋泻	0.000274	0.051293	0.000014
锌芯泻芯褉懈谢芯	0.000274	3.506558	0.000961
锌芯泻褍褕邪褌褜	0.000274	3.506558	0.000961
锌芯谢写薪懈泻	0.000548	0.116534	0.000064
锌芯谢械蟹薪芯	0.000274	0.116534	0.000032
锌芯谢懈褌懈泻芯泄	0.000274	0.040822	0.000011
锌芯谢懈褌褜	0.000274	3.506558	0.000961
锌芯谢芯胁懈薪邪	0.002194	0.116534	0.000256
锌芯谢褍褔邪泄褌械	0.000274	0.040822	0.000011
锌芯谢褍褔邪褌褜	0.000274	0.040822	0.000011
锌芯谢褍褔邪褞褌褋褟	0.000548	1.427116	0.000783
锌芯谢褜蟹邪	0.000274	0.127833	0.000035
锌芯谢褜蟹芯胁邪褌械谢械屑	0.000274	2.040221	0.000559
锌芯谢褜蟹芯泄	0.001097	0.116534	0.000128
锌芯谢褜褋泻邪褟	0.000274	0.116534	0.000032
锌芯屑邪写泻邪	0.000548	0.040822	0.000022
锌芯屑邪写泻懈	0.000274	0.116534	0.000032
锌芯屑懈写芯褉	0.000548	0.713350	0.000391
锌芯屑懈写芯褉泻懈	0.000274	0.127833	0.000035
锌芯屑懈写芯褉褘	0.000548	0.116534	0.000064
锌芯薪邪写芯斜懈褌褋褟	0.000274	2.525729	0.000693
锌芯薪褉邪胁懈胁褕懈械褋褟	0.000274	0.040822	0.000011
锌芯薪褔懈泻懈	0.000548	0.040822	0.000022
锌芯薪褟谢邪	0.000274	2.302585	0.000631
锌芯锌褉芯斜芯胁邪褌褜	0.000548	0.798508	0.000438
锌芯锌褉芯斜褍泄褌械	0.000274	0.562119	0.000154
锌芯锌褍谢褟褉薪褘泄	0.000274	2.040221	0.000559
锌芯褉	0.000548	1.469676	0.000806
锌芯褉邪	0.000274	0.116534	0.000032
锌芯褉械泄	0.000548	2.302585	0.001263
锌芯褉芯褕芯泻	0.000548	0.916291	0.000502
锌芯褉褌褍谐邪谢褜褋泻邪褟	0.000274	0.116534	0.000032
锌芯褉褍褔械薪芯	0.000274	4.605170	0.001263
锌芯褉褑懈褞	0.000274	2.995732	0.000821
锌芯褋械褖邪械褌械	0.000274	0.061875	0.000017
锌芯褋谢械写薪懈泄	0.000274	1.560648	0.000428
锌芯褋褌	0.001371	0.105361	0.000144
锌芯褋褌邪胁褖懈泻芯胁	0.000274	4.605170	0.001263
锌芯褋褌懈屑褋褟	0.000274	2.995732	0.000821
锌芯褋褌薪芯械	0.000274	0.116534	0.000032
锌芯褋褌薪褘械	0.000274	0.040822	0.000011
锌芯褋褌薪褘泄	0.000274	0.116534	0.000032
锌芯褋褌芯褟薪薪芯	0.000274	0.040822	0.000011
锌芯褋褌褉芯懈屑	0.000274	0.116534	0.000032
锌芯褋褍写邪	0.000548	0.094311	0.000052
锌芯褏芯卸懈	0.000274	2.995732	0.000821
锌芯褔械屑褍	0.000548	1.203973	0.000660
锌芯褔褌褍	0.000274	0.040822	0.000011
锌芯褕邪谐芯胁褘械	0.000274	0.301105	0.000083
锌芯褕邪谐芯胁褘屑懈	0.000274	0.040822	0.000011
锌芯褟胁谢褟褞褌褋褟	0.000274	3.912023	0.001073
锌褉邪胁写邪	0.000274	1.139434	0.000312
锌褉邪蟹写薪懈泻邪	0.000274	0.116534	0.000032
锌褉邪蟹写薪懈褔薪芯	0.000274	0.116534	0.000032
锌褉邪蟹写薪懈褔薪芯谐芯	0.000274	0.116534	0.000032
锌褉邪蟹写薪懈褔薪褘泄	0.000274	0.116534	0.000032
锌褉邪泻褌懈泻褍屑	0.000274	0.116534	0.000032
锌褉械胁芯褋褏芯写薪褘械	0.000274	0.116534	0.000032
锌褉械胁褉邪褖械薪懈褟	0.000274	0.116534	0.000032
锌褉械泻褉邪褋薪芯械	0.000274	2.525729	0.000693
锌褉械泻褉邪褋薪褘泄	0.000274	2.407946	0.000660
锌褉械褋薪芯械	0.000274	0.116534	0.000032
锌褉懈胁械褌	0.000274	2.659260	0.000729
锌褉懈胁泻褍褋邪	0.000274	4.605170	0.001263
锌褉懈谐谢邪褋懈谢	0.000274	3.506558	0.000961
锌褉懈谐谢邪褕邪褞	0.000274	2.207275	0.000605
锌褉懈谐芯褌芯胁懈屑	0.000274	0.116534	0.000032
锌褉懈谐芯褌芯胁懈褌褜	0.000274	0.342490	0.000094
锌褉懈谐芯褌芯胁谢械薪懈械	0.000823	0.105361	0.000087
锌褉懈谐芯褌芯胁谢械薪懈褞	0.000274	0.040822	0.000011
锌褉懈谐芯褌芯胁谢械薪懈褟	0.000274	0.371064	0.000102
锌褉懈谐芯褌芯胁谢械薪薪芯械	0.000274	2.302585	0.000631
锌褉懈谐芯褌芯胁谢褞	0.000274	3.218876	0.000883
锌褉懈蟹薪邪薪懈械	0.000274	0.116534	0.000032
锌褉懈蟹芯胁	0.000274	0.040822	0.000011
锌褉懈屑芯褉褋泻懈	0.000274	4.605170	0.001263
锌褉懈薪械褋谢邪	0.000274	2.659260	0.000729
锌褉懈锌褉邪胁邪	0.000274	0.040822	0.000011
锌褉懈褉芯写褍	0.000548	0.116534	0.000064
锌褉懈褉芯写褘	0.000274	0.116534	0.000032
锌褉懈褋褌褍锌懈褌褜	0.000274	0.040822	0.000011
锌褉芯斜芯胁邪谢懈	0.000548	2.407946	0.001321
锌褉芯胁械写懈	0.001097	0.116534	0.000128
锌褉芯胁械褉械薪芯	0.001645	0.116534	0.000192
锌褉芯胁芯写懈屑褘褏	0.000274	0.040822	0.000011
锌褉芯胁芯卸邪械屑	0.000274	0.116534	0.000032
锌褉芯写褍泻褌芯胁	0.000274	0.094311	0.000026
锌褉芯写褍泻褌褘	0.000274	1.386294	0.000380
锌褉芯械泻褌芯胁	0.000274	0.116534	0.000032
锌褉芯械泻褌褘	0.000274	0.061875	0.000017
锌褉芯懈蟹胁械谢邪	0.000274	3.506558	0.000961
锌褉芯褋屑芯褌褉邪屑	0.000274	0.274437	0.000075
锌褉芯褋褌芯	0.001371	0.083382	0.000114
锌褉芯褋褌芯泄	0.000274	0.755023	0.000207
锌褉芯褋褌芯泻胁邪褕邪	0.000274	0.040822	0.000011
锌褉芯褋褟褌	0.000274	2.040221	0.000559
锌褉芯褎懈谢褜	0.000274	0.040822	0.000011
锌褉褟屑芯	0.000274	0.040822	0.000011
锌褉褟薪懈泻	0.000274	0.040822	0.000011
锌褉褟薪懈泻懈	0.000274	0.116534	0.000032
锌褉褟薪懈褔薪芯械	0.000274	0.116534	0.000032
锌褌懈褑邪	0.001371	0.116534	0.000160
锌褌懈褑械	0.000548	0.116534	0.000064
锌褌懈褑械泄	0.000274	0.127833	0.000035
锌褌懈褑褘	0.003016	0.116534	0.000351
锌褍写懈薪谐	0.000274	0.040822	0.000011
锌褍写懈薪谐懈	0.000548	0.116534	0.000064
锌褍薪褕	0.000274	0.040822	0.000011
锌褍褌械褕械褋褌胁懈械	0.000548	0.116534	0.000064
锌褍褌褜	0.000274	0.116534	0.000032
锌褕械薪懈褔薪邪褟	0.001097	0.287682	0.000316
锌褘褕泻懈	0.000274	0.040822	0.000011
锌褞褉械	0.001371	0.040822	0.000056
褉邪斜芯褌械	0.000274	2.813411	0.000771
褉邪胁薪芯	0.000274	2.120264	0.000581
褉邪谐褍	0.000274	0.116534	0.000032
褉邪蟹胁械褉薪褍褌褜	0.000274	0.116534	0.000032
褉邪蟹写械谢褜薪芯械	0.000274	0.116534	0.000032
褉邪蟹薪褘械	0.000274	0.116534	0.000032
褉邪蟹薪褘褏	0.000274	2.120264	0.000581
褉邪蟹褉邪斜芯褌邪褌褜	0.000274	4.605170	0.001263
褉邪屑泻邪褏	0.000274	1.832581	0.000502
褉邪褋泻褉邪褋泻懈	0.000274	2.120264	0.000581
褉邪褋褋泻邪蟹褘胁邪褌褜	0.000274	2.995732	0.000821
褉邪褋褋芯谢褜薪懈泻	0.000548	0.040822	0.000022
褉邪褋褋芯谢褜薪懈泻邪	0.000274	0.116534	0.000032
褉邪褋褋褘谢泻懈	0.000274	0.061875	0.000017
褉邪褋褌懈褌械谢褜薪芯械	0.004936	0.235722	0.001163
褉械谐懈褋褌褉邪褑懈懈	0.000548	0.010050	0.000006
褉械谐懈褋褌褉邪褑懈褟	0.000274	0.000000	0.000000
褉械蟹懈薪芯胁褘屑懈	0.000274	4.605170	0.001263
褉械泄褌懈薪谐褍	0.000274	0.248461	0.000068
褉械泻芯屑械薪写褍褞	0.000274	1.049822	0.000288
褉械锌褔邪褌褘泄	0.002194	0.430783	0.000945
褉械褋褌芯褉邪薪邪褏	0.000274	3.912023	0.001073
褉械褋褌芯褉邪薪褔懈泻邪	0.000274	3.506558	0.000961
褉械褋褌芯褉邪薪褔懈泻邪褏	0.000274	3.506558	0.000961
褉械褋褌芯褉邪薪褔懈泻械	0.000274	2.995732	0.000821
褉械褑械锌褌	0.005484	0.040822	0.000224
褉械褑械锌褌邪	0.000274	0.462035	0.000127
褉械褑械锌褌邪褏	0.000274	0.061875	0.000017
褉械褑械锌褌懈泻	0.000274	1.660731	0.000455
褉械褑械锌褌芯胁	0.002194	0.040822	0.000090
褉械褑械锌褌褍	0.000274	0.891598	0.000244
褉械褑械锌褌褘	0.019742	0.040822	0.000806
褉械褕懈谢邪	0.000274	0.820981	0.000225
褉懈斜邪泄	0.000274	3.506558	0.000961
褉懈褋	0.003565	0.040822	0.000146
褉懈褋邪	0.000274	0.116534	0.000032
褉懈褋芯屑	0.000274	1.660731	0.000455
褉懈褌屑械	0.000274	0.116534	0.000032
褉芯谐邪谢懈泻懈	0.000274	0.040822	0.000011
褉芯写薪芯械	0.000274	0.116534	0.000032
褉芯卸写械薪懈褟	0.000274	0.105361	0.000029
褉芯卸写械褋褌胁芯	0.000274	0.116534	0.000032
褉芯谢谢褌芯薪	0.000274	0.116534	0.000032
褉芯谢谢褘	0.000548	0.040822	0.000022
褉芯屑	0.000274	0.040822	0.000011
褉芯褋械谢谢械	0.000274	3.912023	0.001073
褉芯褋褋懈泄褋泻懈械	0.000274	3.506558	0.000961
褉褍斜谢械薪薪褘械	0.000274	3.506558	0.000961
褉褍斜褉懈泻邪褌芯褉	0.000274	0.051293	0.000014
褉褍谢械褌	0.000274	0.040822	0.000011
褉褍谢械褌褘	0.002742	0.116534	0.000320
褉褍屑褘薪褋泻邪褟	0.000274	0.116534	0.000032
褉褍屑褟薪褘械	0.000274	0.116534	0.000032
褉褍薪械褌械	0.000274	0.020203	0.000006
褉褍褋褋泻邪褟	0.000274	0.116534	0.000032
褉褍褋褋泻懈械	0.000274	2.995732	0.000821
褉褘斜邪	0.002468	0.040822	0.000101
褉褘斜械	0.000548	0.116534	0.000064
褉褘斜薪邪褟	0.000274	0.116534	0.000032
褉褘斜薪芯谐芯	0.000548	0.116534	0.000064
褉褘斜薪芯械	0.000548	2.525729	0.001385
褉褘斜薪褘械	0.001371	0.116534	0.000160
褉褘斜薪褘泄	0.000548	0.116534	0.000064
褉褘斜薪褘褏	0.000274	0.116534	0.000032
褉褘斜芯泄	0.000548	0.116534	0.000064
褉褘斜褘	0.007952	0.116534	0.000927
褉褟卸械薪泻邪	0.000274	0.116534	0.000032
褋邪泄褌	0.000823	0.000000	0.000000
褋邪泄褌械	0.000274	0.462035	0.000127
褋邪泄褌褍	0.000548	0.061875	0.000034
褋邪谢邪褌	0.000274	0.094311	0.000026
褋邪谢邪褌懈泻	0.000274	2.302585	0.000631
褋邪谢邪褌薪邪褟	0.000274	0.116534	0.000032
褋邪谢邪褌褘	0.008500	0.040822	0.000347
褋邪屑芯谐芯薪	0.000274	0.040822	0.000011
褋邪屑褘褏	0.000548	0.116534	0.000064
褋邪褎	0.000823	0.116534	0.000096
褋邪褎褋械屑	0.000274	0.116534	0.000032
褋邪褏邪谢懈薪械	0.000274	4.605170	0.001263
褋邪褏邪褉	0.001645	0.116534	0.000192
褋斜懈褌械薪褜	0.000274	0.040822	0.000011
褋胁械卸械褋褌褜	0.000274	0.105361	0.000029
褋胁械卸懈褏	0.000274	2.659260	0.000729
褋胁械泻谢邪	0.000274	0.040822	0.000011
褋胁械泻芯谢褜薪懈泻	0.000548	0.040822	0.000022
褋胁械泻褉芯胁褜	0.000274	2.995732	0.000821
褋胁械褌邪	0.001097	0.116534	0.000128
褋胁懈薪懈薪邪	0.000274	0.040822	0.000011
褋胁懈薪懈薪褘	0.001097	0.116534	0.000128
褋胁芯械	0.000274	0.116534	0.000032
褋胁芯械屑	0.000274	0.040822	0.000011
褋胁芯懈屑	0.000274	0.040822	0.000011
褋胁芯懈褏	0.000274	1.347074	0.000369
褋胁芯褞	0.000274	0.040822	0.000011
褋谐褍褖械薪泻邪	0.000274	0.040822	0.000011
褋械蟹芯薪	0.000274	0.116534	0.000032
褋械泄褔邪褋	0.000274	0.030459	0.000008
褋械泻褉械褌褘	0.000548	0.116534	0.000064
褋械谢械写泻邪	0.000274	0.040822	0.000011
褋械谢褜写械褉械泄	0.000548	2.120264	0.001163
褋械屑谐邪	0.000274	0.040822	0.000011
褋械屑械泄薪褘泄	0.000274	0.116534	0.000032
褋械屑械泄褋褌胁邪	0.000274	3.218876	0.000883
褋械屑械褔泻邪屑懈	0.000274	4.605170	0.001263
褋械屑褜懈	0.000274	0.116534	0.000032
褋械薪褌褟斜褉褟	0.000274	0.673345	0.000185
褋械褉写褑械	0.000274	1.832581	0.000502
褋懈写褉	0.000274	0.040822	0.000011
褋懈屑褎芯薪懈褞	0.000274	3.506558	0.000961
褋懈褉懈泄褋泻邪褟	0.000274	0.116534	0.000032
褋懈褉芯锌	0.000274	0.040822	0.000011
褋懈褉芯锌褘	0.000274	0.116534	0.000032
褋懈褋褌械屑褘	0.000274	0.040822	0.000011
褋懈褌懈	0.000274	0.127833	0.000035
褋泻邪卸褍	0.000274	1.714798	0.000470
褋泻邪蟹芯泻	0.000274	0.116534	0.000032
褋泻谢邪写褘胁邪褞褌褋褟	0.000548	3.506558	0.001923
褋谢邪写泻邪褟	0.001097	0.116534	0.000128
褋谢邪写泻懈械	0.001645	0.040822	0.000067
褋谢邪写泻懈泄	0.002468	0.105361	0.000260
褋谢邪写泻懈屑	0.000274	3.218876	0.000883
褋谢邪写泻懈褏	0.000548	0.116534	0.000064
褋谢邪写泻芯	0.000274	0.116534	0.000032
褋谢械写褍褞褖懈泄	0.000548	2.995732	0.001643
褋谢懈胁泻懈	0.000548	1.078810	0.000592
褋谢懈胁芯褔薪芯械	0.000823	0.116534	0.000096
褋谢懈胁芯褔薪芯屑	0.000274	2.813411	0.000771
褋谢芯械薪芯谐芯	0.000274	0.127833	0.000035
褋谢芯械薪芯械	0.000274	0.116534	0.000032
褋谢芯械薪褘泄	0.000274	0.116534	0.000032
褋谢芯卸懈谢懈褋褜	0.000274	3.506558	0.000961
褋谢芯泄泻邪	0.000274	0.040822	0.000011
褋谢芯泄泻懈	0.000274	0.116534	0.000032
褋屑械褌邪薪邪	0.001919	0.105361	0.000202
褋屑械褌邪薪械	0.000274	3.506558	0.000961
褋屑械褕邪薪薪芯谐芯	0.000274	0.116534	0.000032
褋屑械褕薪芯	0.000274	3.506558	0.000961
褋屑械褟谢懈褋褜	0.000274	4.605170	0.001263
褋屑芯谐谢邪	0.000274	3.506558	0.000961
褋屑芯谐谢懈	0.000274	3.506558	0.000961
褋屑芯卸械褌械	0.000274	0.040822	0.000011
褋屑褍蟹懈	0.000823	0.040822	0.000034
褋薪褝泻	0.000274	0.116534	0.000032
褋芯斜懈褉邪械褌械褋褜	0.000274	0.040822	0.000011
褋芯斜懈褉邪褞褌褋褟	0.000274	2.995732	0.000821
褋芯斜褋褌胁械薪薪芯屑	0.000274	2.407946	0.000660
褋芯胁械褉褕械薪褋褌胁芯	0.001371	0.116534	0.000160
褋芯胁械褌邪屑懈	0.000274	0.040822	0.000011
褋芯胁褋械屑	0.001097	1.139434	0.001250
褋芯谐谢邪褕邪械褌械褋褜	0.000274	0.040822	0.000011
褋芯写械褉卸邪薪懈械屑	0.000274	4.605170	0.001263
褋芯械胁褘泄	0.002194	0.798508	0.001752
褋芯械写懈薪械薪薪褘褏	0.000274	4.605170	0.001263
褋芯蟹写邪械褌	0.000274	0.116534	0.000032
褋芯蟹写邪薪懈褟	0.000548	0.261365	0.000143
褋芯泻	0.000823	0.116534	0.000096
褋芯泻邪	0.000274	0.105361	0.000029
褋芯泻懈	0.000274	0.040822	0.000011
褋芯泻芯屑	0.000274	2.207275	0.000605
褋芯泻褍	0.000274	2.407946	0.000660
褋芯谢械薪褘械	0.000823	0.116534	0.000096
褋芯谢械薪褜褟	0.000548	0.116534	0.000064
褋芯谢薪械褔薪芯泄	0.000274	0.127833	0.000035
褋芯谢褜	0.003839	0.150823	0.000579
褋芯谢褟薪泻邪	0.000823	0.040822	0.000034
褋芯褉褌懈褉芯胁邪褌褜	0.000274	0.248461	0.000068
褋芯褋械写芯泻	0.000274	4.605170	0.001263
褋芯褋褌邪胁褜	0.000274	0.116534	0.000032
褋芯褍褋	0.004936	0.040822	0.000201
褋芯褍褋械	0.000274	1.897120	0.000520
褋芯褍褋芯屑	0.001371	0.116534	0.000160
褋芯褍褋褘	0.001097	0.116534	0.000128
褋芯褏褉邪薪褟褌褜	0.000274	0.040822	0.000011
褋芯褑褋械褌懈	0.000274	0.040822	0.000011
褋芯褔械褌邪械屑褘械	0.000274	3.506558	0.000961
褋芯褔械褌邪薪懈械	0.000274	0.116534	0.000032
褋芯褔薪芯械	0.000274	0.116534	0.000032
褋芯褔薪褘械	0.000274	1.966113	0.000539
褋锌邪谐械褌褌懈	0.000548	3.218876	0.001765
褋锌邪谢褜薪械泄	0.000274	3.912023	0.001073
褋锌械褑懈邪谢褜薪芯械	0.000274	0.116534	0.000032
褋锌械褑懈懈	0.001371	0.105361	0.000144
褋锌械褑锌褉芯械泻褌	0.009049	0.116534	0.001054
褋锌懈褋芯泻	0.000274	0.116534	0.000032
褋锌芯褞	0.000274	0.116534	0.000032
褋锌褉邪褕懈胁邪褟	0.000274	3.506558	0.000961
褋褉械写懈蟹械屑薪芯屑芯褉褋泻邪褟	0.000274	0.127833	0.000035
褋褌邪褉邪褞褋褜	0.000274	2.813411	0.000771
褋褌邪褉械泄褕懈褏	0.000274	4.605170	0.001263
褋褌邪褉褘械	0.000274	0.261365	0.000072
褋褌邪褌褜褟褏	0.000274	0.061875	0.000017
褋褌械泄泻	0.000274	2.813411	0.000771
褋褌懈谢械	0.000274	0.116534	0.000032
褋褌懈谢褟	0.000274	0.116534	0.000032
褋褌芯谢	0.000548	0.105361	0.000058
褋褌芯谢邪	0.001645	0.116534	0.000192
褋褌褉邪薪邪	0.000274	2.525729	0.000693
褋褌褉邪薪褍	0.000274	3.506558	0.000961
褋褌褉芯懈褌械谢褜褋褌胁械	0.000274	0.040822	0.000011
褋褌褉芯懈褌械谢褜褋褌胁褍	0.000274	0.040822	0.000011
褋褌褉芯懈褌褜	0.000274	0.040822	0.000011
褋褌褉芯泄薪芯泄	0.000274	0.116534	0.000032
褋褍斜锌褉芯写褍泻褌芯胁	0.001919	0.116534	0.000224
褋褍斜锌褉芯写褍泻褌褘	0.000823	0.116534	0.000096
褋褍锌	0.002468	0.040822	0.000101
褋褍锌邪	0.000274	0.040822	0.000011
褋褍锌械褉	0.000548	2.302585	0.001263
褋褍锌械褉斜邪斜褍褕泻邪	0.000274	1.237874	0.000339
褋褍锌褘	0.002468	0.040822	0.000101
褋褍褎谢械	0.001097	0.040822	0.000045
褋褍褏邪褉懈	0.000823	0.040822	0.000034
褋褍褕懈	0.000548	0.040822	0.000022
褋褕邪	0.000548	2.813411	0.001543
褋褘褉	0.003565	0.040822	0.000146
褋褘褉邪	0.001371	0.116534	0.000160
褋褘褉邪屑懈	0.000274	0.127833	0.000035
褋褘褉薪懈泻	0.000274	0.040822	0.000011
褋褘褉薪懈泻懈	0.000548	0.116534	0.000064
褋褘褉薪芯	0.000274	2.813411	0.000771
褋褘褉薪褘械	0.001097	0.040822	0.000045
褋褘褉芯屑	0.000274	0.713350	0.000196
褋褘褌薪芯	0.000274	1.771957	0.000486
褋褘褌薪褘泄	0.000548	0.105361	0.000058
褋褘褔褍卸薪褘屑懈	0.000274	0.127833	0.000035
褋褝泻芯薪芯屑褟褌	0.000274	4.605170	0.001263
褋褝薪写胁懈褔懈	0.000274	0.127833	0.000035
褋褞褉锌褉懈蟹	0.000274	0.116534	0.000032
褌邪写卸懈泻褋泻邪褟	0.000274	0.116534	0.000032
褌邪懈谢邪薪写邪	0.000274	3.506558	0.000961
褌邪泄谢邪薪写械	0.000274	3.506558	0.000961
褌邪泄褋泻邪褟	0.000274	0.116534	0.000032
褌邪泄褋泻芯谐芯	0.000274	3.506558	0.000961
褌邪泄褑褘	0.000548	3.506558	0.001923
褌邪泻懈	0.000274	1.237874	0.000339
褌邪泻懈屑懈	0.000274	2.659260	0.000729
褌邪泻褍褞	0.000274	1.427116	0.000391
褌邪褉褌	0.000274	0.116534	0.000032
褌邪褉褌邪谢械褌泻懈	0.000548	0.040822	0.000022
褌邪褌邪褉褋泻邪褟	0.000274	0.116534	0.000032
褌胁械褉写褘泄	0.002194	0.562119	0.001233
褌胁芯懈	0.000548	0.116534	0.000064
褌胁芯褉懈	0.000274	0.116534	0.000032
褌胁芯褉芯谐	0.001097	0.040822	0.000045
褌胁芯褉芯谐芯屑	0.000274	0.105361	0.000029
褌胁芯褉芯卸薪芯械	0.000274	0.116534	0.000032
褌胁芯褉芯卸薪褘械	0.000823	0.116534	0.000096
褌胁芯褉芯卸薪褘泄	0.000274	0.116534	0.000032
褌械谢械谐褉邪屑	0.000274	0.040822	0.000011
褌械谢褟褌懈薪褘	0.001097	0.116534	0.000128
褌械屑	0.000274	0.967584	0.000265
褌械锌械褉褜	0.000548	0.916291	0.000502
褌械锌谢芯屑	0.000274	0.116534	0.000032
褌械褉屑懈褔械褋泻芯泄	0.000274	4.605170	0.001263
褌械褉褉邪褋芯泄	0.000274	0.798508	0.000219
褌械褉褉懈薪	0.000274	0.040822	0.000011
褌械褋褌	0.001371	0.127833	0.000175
褌械褋褌邪	0.001371	0.105361	0.000144
褌械褋褌芯	0.002468	0.040822	0.000101
褌械褏	0.000823	0.634878	0.000522
褌械褏薪懈泻邪	0.001371	0.105361	0.000144
褌械褖懈薪	0.000274	0.040822	0.000011
褌屑	0.001097	0.127833	0.000140
褌芯屑	0.000274	1.171183	0.000321
褌芯锌谢械薪芯械	0.000274	0.116534	0.000032
褌芯褉褌	0.003016	0.040822	0.000123
褌芯褉褌褘	0.002468	0.116534	0.000288
褌褉邪胁褘	0.000274	0.105361	0.000029
褌褉邪写懈褑懈懈	0.000274	0.116534	0.000032
褌褉邪写懈褑懈泄	0.001097	0.116534	0.000128
褌褉邪写懈褑懈芯薪薪芯	0.000274	2.995732	0.000821
褌褉邪写懈褑懈褟褏	0.000274	0.116534	0.000032
褌褉械斜芯胁邪薪懈械屑	0.000274	4.605170	0.001263
褌褉械褏谢械褌懈械屑	0.000274	0.116534	0.000032
褌褉褍斜芯褔泻懈	0.000274	0.040822	0.000011
褌褍薪懈褋褋泻邪褟	0.000274	0.116534	0.000032
褌褍薪褑芯屑	0.000274	0.116534	0.000032
褌褍褉械褑泻邪褟	0.000274	0.116534	0.000032
褌褘泻胁邪	0.000274	0.040822	0.000011
褌褘褋褟褔懈	0.000274	3.506558	0.000961
褍胁械写芯屑谢械薪懈褟	0.000274	0.040822	0.000011
褍谐芯褋褌懈谢邪	0.000274	2.995732	0.000821
褍谐芯褖褍	0.000274	3.218876	0.000883
褍写邪褔薪邪褟	0.000274	0.116534	0.000032
褍写懈胁懈	0.000274	0.116534	0.000032
褍写懈胁谢褟泄褌械	0.001097	0.116534	0.000128
褍写芯胁芯谢褜褋褌胁懈械屑	0.000274	0.116534	0.000032
褍卸	0.000274	0.693147	0.000190
褍卸懈薪	0.001645	0.094311	0.000155
褍卸懈薪邪	0.000274	2.207275	0.000605
褍卸懈薪邪褌褜	0.000274	3.506558	0.000961
褍蟹斜械泻褋泻邪褟	0.000274	0.116534	0.000032
褍蟹薪邪胁邪谢懈	0.000274	3.506558	0.000961
褍蟹薪邪谢邪	0.000274	2.302585	0.000631
褍泻褉邪懈薪褋泻邪褟	0.000274	0.116534	0.000032
褍泻褉邪褕械薪懈褟	0.002194	0.116534	0.000256
褍泻褉芯锌	0.000548	0.562119	0.000308
褍泻褋褍褋	0.000548	0.634878	0.000348
褍谢褘斜泻芯泄	0.000274	3.506558	0.000961
褍谢褘斜芯泻	0.000274	3.506558	0.000961
褍锌芯褌褉械斜谢械薪懈械屑	0.000274	0.116534	0.000032
褍褉邪谢褜褋泻邪褟	0.000274	0.116534	0.000032
褍褉芯卸邪泄	0.000274	0.105361	0.000029
褍褌泻懈	0.000823	0.116534	0.000096
褍褏邪	0.000274	0.040822	0.000011
褍褏芯写懈褌	0.000274	2.525729	0.000693
褍褔邪褋褌胁芯胁邪褌褜	0.000274	0.040822	0.000011
褎邪蟹械薪写褘	0.000274	0.127833	0.000035
褎邪薪褌	0.000274	4.605170	0.001263
褎邪薪褌邪蟹懈懈	0.001645	0.116534	0.000192
褎邪薪褌邪蟹懈泄	0.000274	0.116534	0.000032
褎邪薪褌邪蟹懈褟	0.000274	0.116534	0.000032
褎邪褉褕邪	0.003565	0.040822	0.000146
褎邪褉褕懈褉芯胁邪薪薪邪褟	0.000548	0.116534	0.000064
褎邪褉褕懈褉芯胁邪薪薪芯谐芯	0.000274	2.995732	0.000821
褎邪褉褕懈褉芯胁邪薪薪芯械	0.000274	0.116534	0.000032
褎邪褉褕懈褉芯胁邪薪薪褘械	0.000548	0.040822	0.000022
褎邪褉褕懈褉芯胁邪薪薪褘泄	0.000548	0.040822	0.000022
褎邪褋芯谢褜	0.000274	0.040822	0.000011
褎械胁褉邪谢褟	0.000274	0.105361	0.000029
褎械泄械褉胁械褉泻	0.000548	0.116534	0.000064
褎懈谐褍褉械	0.000274	0.116534	0.000032
褎懈谢械	0.000823	0.916291	0.000754
褎懈薪褋泻邪褟	0.000274	0.116534	0.000032
褎懈褉屑械薪薪芯械	0.000274	0.116534	0.000032
褎懈褉屑械薪薪芯屑褍	0.000274	3.506558	0.000961
褎懈褉屑褘	0.000274	4.605170	0.001263
褎芯薪写褞	0.000274	0.040822	0.000011
褎芯褉屑褘	0.000274	0.116534	0.000032
褎芯褉褍屑械	0.000548	0.040822	0.000022
褎芯褉褕屑邪泻	0.000274	0.040822	0.000011
褎褉邪薪褑懈懈	0.000274	0.116534	0.000032
褎褉邪薪褑褍蟹褋泻邪褟	0.000274	0.116534	0.000032
褎褉邪褍	0.001097	0.116534	0.000128
褎褉褍泻褌芯胁	0.001097	0.116534	0.000128
褎褉褍泻褌芯胁芯	0.000274	0.116534	0.000032
褎褉褍泻褌芯胁褘械	0.001919	0.040822	0.000078
褎褍写	0.000274	0.116534	0.000032
褎褍褉褕械褌	0.000274	0.116534	0.000032
褎褝写谢懈	0.000548	4.605170	0.002525
褏邪谢胁邪	0.000274	0.040822	0.000011
褏邪褉胁械褋褌褎械褋褌	0.000548	0.116534	0.000064
褏邪褉褔芯	0.000548	0.040822	0.000022
褏邪褕	0.000274	0.040822	0.000011
褏胁芯褉芯褋褌	0.000274	0.040822	0.000011
褏懈薪泻邪谢懈	0.000274	0.116534	0.000032
褏懈褌	0.001919	0.116534	0.000224
褏谢械斜	0.000823	0.040822	0.000034
褏谢械斜芯锌械褔泻懈	0.000274	0.116534	0.000032
褏谢芯锌褜褟	0.000548	0.105361	0.000058
褏芯写懈谢懈	0.000274	2.995732	0.000821
褏芯蟹褟懈薪	0.000548	3.218876	0.001765
褏芯蟹褟泄泻懈	0.000274	0.127833	0.000035
褏芯谢芯写械褑	0.000274	0.040822	0.000011
褏芯谢芯写薪芯械	0.000274	3.506558	0.000961
褏芯谢芯写薪芯屑	0.000274	2.525729	0.000693
褏芯谢芯写薪褘械	0.000823	0.116534	0.000096
褏芯谢芯写薪褘泄	0.000548	0.116534	0.000064
褏芯褉胁邪褌褋泻邪褟	0.000274	0.116534	0.000032
褏芯褉芯褕械谐芯	0.000274	3.506558	0.000961
褏芯褉芯褕芯	0.001371	0.105361	0.000144
褏芯褉褋	0.000274	0.116534	0.000032
褏芯褌懈屑	0.000548	3.218876	0.001765
褏芯褌懈褌械	0.000274	0.040822	0.000011
褏芯褔褍	0.000274	0.562119	0.000154
褏褍屑褍褋	0.000274	0.040822	0.000011
褑邪褉褋褌胁芯	0.000274	0.127833	0.000035
褑邪褉褜	0.000274	0.116534	0.000032
褑胁械褌薪邪褟	0.000274	0.040822	0.000011
褑械薪薪褘褏	0.000274	0.040822	0.000011
褑械薪褌褉	0.000274	0.116534	0.000032
褔邪械屑	0.000274	0.116534	0.000032
褔邪泄	0.000823	0.040822	0.000034
褔邪褋褌芯	0.000274	0.994252	0.000273
褔械斜褍褉械泻懈	0.000548	0.040822	0.000022
褔械谐芯	0.000274	1.203973	0.000330
褔械褉械褕泻芯胁褘泄	0.000548	2.659260	0.001458
褔械褉泻懈蟹芯胁芯	0.000548	0.116534	0.000064
褔械褉薪褘泄	0.002194	0.371064	0.000814
褔械褋薪芯泻	0.006032	0.314711	0.001898
褔械褋薪芯褔薪芯	0.000274	4.605170	0.001263
褔械褋薪芯褔薪褘泄	0.000548	1.660731	0.000911
褔械褋褌薪褘屑懈	0.000274	0.040822	0.000011
褔械褔械胁懈褑邪	0.000274	0.040822	0.000011
褔械褕褋泻邪褟	0.000274	0.116534	0.000032
褔懈蟹泻械泄泻	0.001097	0.040822	0.000045
褔懈谢懈泄褋泻邪褟	0.000274	0.116534	0.000032
褔懈锌褋褘	0.000274	0.040822	0.000011
褔懈褋谢械	0.000274	2.207275	0.000605
褔懈褋谢褍	0.000274	0.261365	0.000072
褔懈褋褌芯	0.000274	3.506558	0.000961
褔褍胁褋褌胁褍褞褌褋褟	0.000274	4.605170	0.001263
褔褍写械褋	0.000274	0.116534	0.000032
褔褍褌芯褔泻褍	0.000274	3.506558	0.000961
褕邪屑锌邪薪褋泻芯屑褍	0.000274	4.605170	0.001263
褕邪褉懈泻懈	0.000274	0.040822	0.000011
褕邪褉谢芯褌泻邪	0.000274	0.040822	0.000011
褕邪褉谢芯褌泻懈	0.000274	0.127833	0.000035
褕邪褉屑	0.000274	0.116534	0.000032
褕邪褕谢褘泻	0.003290	0.040822	0.000134
褕邪褕谢褘泻懈	0.000274	0.040822	0.000011
褕胁械写褋泻邪褟	0.000274	0.116534	0.000032
褕胁械泄褑邪褉褋泻邪褟	0.000274	0.116534	0.000032
褕械写械胁褉褘	0.000274	0.116534	0.000032
褕械谢谢	0.000274	3.506558	0.000961
褕械褎	0.000274	0.127833	0.000035
褕懈锌褍褔泻邪	0.000274	0.040822	0.000011
褕懈褉芯泻邪褟	0.000274	0.127833	0.000035
褕泻芯谢褍	0.000274	0.116534	0.000032
褕芯泻芯谢邪写	0.000274	0.040822	0.000011
褕芯泻芯谢邪写薪邪褟	0.000274	3.506558	0.000961
褕芯褌谢邪薪写褋泻邪褟	0.000274	0.116534	0.000032
褕褌邪褌	0.000274	4.605170	0.001263
褕褌邪褌芯胁	0.000274	4.605170	0.001263
褕褌褉褍写械谢褜	0.000274	0.040822	0.000011
褕褍褉锌邪	0.000274	0.040822	0.000011
褖邪褋	0.000274	0.116534	0.000032
褖械写褉邪褟	0.000274	0.116534	0.000032
褖懈	0.000548	0.040822	0.000022
褝泻懈锌邪卸邪	0.000274	4.605170	0.001263
褝泻芯屑懈谢泻	0.000274	0.127833	0.000035
褝泻芯薪芯屑	0.000274	4.605170	0.001263
褝褋褌芯薪褋泻邪褟	0.000274	0.116534	0.000032
褝褌懈褏	0.000274	1.714798	0.000470
褝褌芯谐芯	0.000274	0.415515	0.000114
褝褌芯屑	0.000823	0.843970	0.000694
褝褌芯屑褍	0.000274	1.272966	0.000349
褝褌褍	0.000274	1.272966	0.000349
褞谐芯褋谢邪胁褋泻邪褟	0.000274	0.116534	0.000032
褞谢褟褕泻邪	0.000274	4.605170	0.001263
褟谐芯写薪褘械	0.000548	0.116534	0.000064
褟谐芯写薪褘泄	0.000548	0.116534	0.000064
褟蟹褘泻	0.000274	0.040822	0.000011
褟懈褑	0.001371	0.116534	0.000160
褟懈褔薪褘泄	0.000548	1.049822	0.000576
褟泄褑邪	0.000274	0.040822	0.000011
褟泄褑芯	0.002742	0.261365	0.000717
褟薪胁邪褉褟	0.000274	0.733969	0.000201
褟薪写械泻褋	0.000274	0.072571	0.000020
褟锌芯薪褋泻邪褟	0.000274	0.116534	0.000032
褟锌芯薪褋泻芯泄	0.000274	0.061875	0.000017
褟褉泻懈械	0.000274	0.116534	0.000032
褟褉泻芯	0.000274	0.105361	0.000029
