褌芯泻械薪	TF	IDF	TF-IDF
邪斜褏邪蟹褋泻邪褟	0.000283	0.116534	0.000033
邪胁褋褌褉邪谢懈泄褋泻邪褟	0.000283	0.116534	0.000033
邪胁褋褌褉懈泄褋泻邪褟	0.000283	0.116534	0.000033
邪胁褌芯泻谢邪胁邪	0.000283	0.116534	0.000033
邪胁褌芯褉邪屑	0.000283	0.040822	0.000012
邪谐褉芯	0.000283	0.116534	0.000033
邪写卸懈泻邪	0.000283	0.040822	0.000012
邪蟹械褉斜邪泄写卸邪薪褋泻邪褟	0.000283	0.116534	0.000033
邪蟹懈邪褌褋泻邪褟	0.000283	0.127833	0.000036
邪蟹褘	0.000283	0.127833	0.000036
邪泄褉邪薪	0.000283	0.040822	0.000012
邪泻胁邪褌懈泻邪	0.000848	0.127833	0.000108
邪泻褑械薪褌芯屑	0.000283	4.605170	0.001302
邪谢械泻褋械褟	0.000283	0.127833	0.000036
邪谢泻芯谐芯谢褜	0.000565	0.116534	0.000066
邪谢泻芯谐芯谢褜薪褘械	0.000283	0.116534	0.000033
邪谢泻芯谐芯谢褟	0.000283	0.116534	0.000033
邪谢褜褟薪褋	0.000283	0.116534	0.000033
邪屑械褉懈泻邪薪褋泻邪褟	0.000283	0.116534	0.000033
邪屑褍褉邪	0.000283	4.605170	0.001302
邪薪谐谢懈泄褋泻邪褟	0.000283	0.116534	0.000033
邪薪写褉械褟	0.000283	0.127833	0.000036
邪锌邪泄褟	0.000283	4.605170	0.001302
邪锌褉械谢褟	0.001131	0.579818	0.000656
邪褉邪斜褋泻邪褟	0.000283	0.116534	0.000033
邪褉谐械薪褌懈薪褋泻邪褟	0.000283	0.116534	0.000033
邪褉屑褟薪褋泻邪褟	0.000283	0.116534	0.000033
邪褉屑褟薪褋泻懈泄	0.000283	4.605170	0.001302
邪褉芯屑邪褌薪芯	0.000283	2.659260	0.000752
邪褋褋芯褉褌懈	0.000565	0.116534	0.000066
邪褌谢邪薪褌	0.000283	0.127833	0.000036
邪褎谐邪薪褋泻邪褟	0.000283	0.116534	0.000033
邪褎褉懈泻邪薪褋泻邪褟	0.000283	0.116534	0.000033
邪褝褉芯谐褉懈谢械	0.002826	0.116534	0.000329
斜邪斜褍褕泻邪	0.000283	2.659260	0.000752
斜邪泻谢邪卸邪薪	0.000565	2.207275	0.001248
斜邪泻谢邪卸邪薪褘	0.000283	0.040822	0.000012
斜邪谢褌泻芯屑	0.000283	0.127833	0.000036
斜邪薪蟹邪泄	0.000283	4.605170	0.001302
斜邪褉邪薪懈薪邪	0.001131	2.995732	0.003387
斜邪褉邪薪懈薪芯泄	0.000283	3.912023	0.001106
斜邪褉邪薪懈薪褘	0.001131	0.116534	0.000132
斜邪褋屑邪褌懈	0.000565	0.127833	0.000072
斜邪褋褌褍褉屑邪	0.000283	0.040822	0.000012
斜邪褌芯薪褔懈泻懈	0.000283	0.127833	0.000036
斜邪褕泻懈褉褋泻邪褟	0.000283	0.116534	0.000033
斜械蟹邪谢泻芯谐芯谢褜薪褘械	0.000283	0.116534	0.000033
斜械蟹谐谢褞褌械薪芯胁褘械	0.000283	0.116534	0.000033
斜械蟹械	0.001131	0.040822	0.000046
斜械泻芯薪	0.000565	1.966113	0.001111
斜械谢械斜械械胁褋泻懈泄	0.000565	0.116534	0.000066
斜械谢芯泻	0.000565	2.120264	0.001199
斜械谢芯泻芯褔邪薪薪邪褟	0.001131	0.994252	0.001124
斜械谢芯褉褍褋褋泻邪褟	0.000283	0.116534	0.000033
斜械谢褘泄	0.001131	1.609438	0.001820
斜械谢褜谐懈泄褋泻邪褟	0.000283	0.116534	0.000033
斜械褉械谐褍	0.000565	4.605170	0.002603
斜械褉械屑械薪薪褘褏	0.000283	0.116534	0.000033
斜械褋械写懈薪邪	0.000283	0.127833	0.000036
斜懈褋泻胁懈褌	0.000283	0.040822	0.000012
斜懈褋泻胁懈褌薪芯械	0.000565	0.116534	0.000066
斜懈褋泻胁懈褌薪褘泄	0.000283	0.105361	0.000030
斜懈褋泻胁懈褌褘	0.000283	0.127833	0.000036
斜谢邪谐芯胁械褖械薪褋泻	0.000283	4.605170	0.001302
斜谢邪谐芯胁械褖械薪褑褘	0.000565	4.605170	0.002603
斜谢邪谐芯写邪褉薪芯褋褌褜	0.000283	2.813411	0.000795
斜谢懈卸械	0.000283	0.116534	0.000033
斜谢懈蟹泻邪	0.000283	3.912023	0.001106
斜谢懈蟹泻懈屑	0.000283	2.995732	0.000847
斜谢懈蟹泻懈褏	0.000283	0.116534	0.000033
斜谢懈薪芯胁	0.000565	0.116534	0.000066
斜谢懈薪褘	0.001131	0.040822	0.000046
斜谢褞写	0.001131	0.094311	0.000107
斜谢褞写邪	0.032504	0.040822	0.001327
斜谢褞写芯	0.002544	0.040822	0.000104
斜谢褞写芯屑	0.000283	0.994252	0.000281
斜谢褞写褍	0.000283	0.116534	0.000033
斜芯斜芯胁褘械	0.000565	0.127833	0.000072
斜芯斜芯胁褘褏	0.001979	0.116534	0.000231
斜芯谢谐邪褉褋泻邪褟	0.000283	0.116534	0.000033
斜芯谢谐邪褉褋泻懈泄	0.002826	0.843970	0.002385
斜芯谢褜褕械	0.000565	0.105361	0.000060
斜芯谢褜褕褍褞	0.000283	3.912023	0.001106
斜芯褉褖	0.000848	0.040822	0.000035
斜芯褉褖懈	0.000283	3.506558	0.000991
斜芯褌胁懈薪褜褟	0.000283	0.040822	0.000012
斜褉邪蟹懈谢褜褋泻邪褟	0.000283	0.116534	0.000033
斜褉邪褍蟹械褉械	0.000283	0.040822	0.000012
斜褉邪褍薪懈	0.000283	0.040822	0.000012
斜褉械褋褌	0.000283	0.127833	0.000036
斜褉芯泻泻芯谢懈	0.000283	0.040822	0.000012
斜褍卸械薪懈薪邪	0.000283	0.040822	0.000012
斜褍谢芯褔泻邪屑懈	0.000283	0.116534	0.000033
斜褍谢芯褔泻懈	0.000565	0.040822	0.000023
斜褍谢褜芯薪	0.002544	0.040822	0.000104
斜褍谢褜芯薪褘	0.002544	0.116534	0.000296
斜褍褉谐械褉	0.000283	0.040822	0.000012
斜褍褉谐械褉褘	0.000283	0.127833	0.000036
斜褍褉褟褌褋泻邪褟	0.000283	0.116534	0.000033
斜褍褌械褉斜褉芯写	0.000565	0.116534	0.000066
斜褍褌械褉斜褉芯写褘	0.000565	0.040822	0.000023
斜褘胁邪械褌	0.000283	2.407946	0.000681
斜褘褋褌褉芯	0.000565	0.094311	0.000053
斜褘褋褌褉芯泄	0.000283	0.116534	0.000033
斜褘褋褌褉褘泄	0.000565	0.105361	0.000060
胁邪卸薪褘械	0.000283	0.116534	0.000033
胁邪谢谢懈泄褋泻邪褟	0.000283	0.116534	0.000033
胁邪屑懈	0.000283	0.843970	0.000239
胁邪褉械薪懈泻懈	0.000283	0.116534	0.000033
胁邪褉械薪褜械	0.000565	0.040822	0.000023
胁邪褉懈邪薪褌	0.000848	0.562119	0.000477
胁邪褉懈邪薪褌芯胁	0.000283	2.120264	0.000599
胁邪褉泻懈	0.000283	2.407946	0.000681
胁邪褌褉褍褕泻懈	0.000283	0.040822	0.000012
胁邪褎谢懈	0.000565	0.040822	0.000023
胁邪褕械泄	0.000565	0.040822	0.000023
胁胁芯写褟	0.000283	0.040822	0.000012
胁写芯褏薪芯胁械薪懈械	0.001131	0.116534	0.000132
胁写芯褏薪芯胁械薪懈械屑	0.000565	0.116534	0.000066
胁写芯褏薪芯胁谢褟泄褋褟	0.000283	0.116534	0.000033
胁械谐械褌邪褉懈邪薪褋泻懈械	0.000283	0.127833	0.000036
胁械谐械褌邪褉懈邪薪褋泻芯械	0.000283	0.116534	0.000033
胁械谢懈泻懈泄	0.000283	0.116534	0.000033
胁械薪谐械褉褋泻邪褟	0.000283	0.116534	0.000033
胁械薪械褉懈泻	0.000283	2.120264	0.000599
胁械褋械薪薪懈械	0.000283	0.051293	0.000014
胁械褋薪邪	0.001413	0.116534	0.000165
胁械褋薪褘	0.000283	0.116534	0.000033
胁械褌褔懈薪褘	0.000283	0.105361	0.000030
胁蟹谐谢褟写	0.000283	1.427116	0.000403
胁懈写械	0.000565	1.171183	0.000662
胁懈写械芯	0.000565	0.116534	0.000066
胁懈写械芯褉械褑械锌褌褘	0.000283	0.301105	0.000085
胁懈薪芯	0.000565	0.040822	0.000023
胁泻谢褞褔邪褞褖懈褏	0.000283	0.634878	0.000179
胁泻芯薪褌邪泻褌械	0.000283	3.912023	0.001106
胁泻褍褋	0.000565	0.105361	0.000060
胁泻褍褋邪	0.002261	0.116534	0.000264
胁泻褍褋薪邪褟	0.001131	0.061875	0.000070
胁泻褍褋薪械械	0.001131	0.116534	0.000132
胁泻褍褋薪械泄	0.000283	0.116534	0.000033
胁泻褍褋薪芯	0.001413	0.094311	0.000133
胁泻褍褋薪褘械	0.000565	0.105361	0.000060
胁泻褍褋薪褘泄	0.001413	0.385662	0.000545
胁泻褍褋芯屑	0.000283	0.105361	0.000030
胁谢褞斜谢械薪薪褘褏	0.000283	0.116534	0.000033
胁屑械褋褌械	0.000283	0.916291	0.000259
胁薪邪褔邪谢械	0.001131	0.248461	0.000281
胁薪褍褔泻邪	0.000283	4.605170	0.001302
胁芯	0.000283	0.061875	0.000017
胁芯写邪	0.002826	0.287682	0.000813
胁芯写械	0.000283	0.105361	0.000030
胁芯蟹薪懈泻薪褍褌	0.000283	4.605170	0.001302
胁芯泄褌懈	0.000283	0.000000	0.000000
胁芯谢芯胁邪薪褘	0.000283	0.116534	0.000033
胁芯谢褕械斜薪褘械	0.000283	0.116534	0.000033
胁芯谢褕械斜褋褌胁芯	0.000283	0.116534	0.000033
胁芯芯斜褖械	0.000283	1.386294	0.000392
胁芯锌褉芯褋褘	0.000283	0.000000	0.000000
胁芯褋褌芯褔薪邪褟	0.000283	0.127833	0.000036
胁芯褋褌芯褔薪芯屑	0.000283	3.912023	0.001106
胁芯褋褏懈褌懈褌械谢褜薪褘屑	0.000283	4.605170	0.001302
胁褉械屑械薪邪	0.000283	0.116534	0.000033
胁褉械屑械薪械屑	0.001696	0.116534	0.000198
胁褋械谐写邪	0.000283	0.653926	0.000185
胁褋械谐芯	0.000283	0.186330	0.000053
胁褋械泄	0.000848	0.105361	0.000089
胁褋械屑褍	0.000283	0.061875	0.000017
胁褋锌芯屑薪懈褌褜	0.000283	0.040822	0.000012
胁褌芯褉芯械	0.000848	0.116534	0.000099
胁褌芯褉褘械	0.000283	0.127833	0.000036
胁褏芯写	0.000848	0.030459	0.000026
胁褘泄褌懈	0.000283	0.040822	0.000012
胁褘锌械褔泻邪	0.003392	0.040822	0.000138
胁褘锌械褔泻懈	0.000565	0.072571	0.000041
胁褘锌械褔泻芯泄	0.000283	0.116534	0.000033
胁褘褏芯写薪褘械	0.000283	2.302585	0.000651
胁褜械褌薪邪屑褋泻邪褟	0.000283	0.116534	0.000033
谐邪胁邪泄褋泻邪褟	0.000283	0.116534	0.000033
谐邪褉薪懈褉	0.001413	0.040822	0.000058
谐邪褋锌邪褔芯	0.000283	0.040822	0.000012
谐械芯谐褉邪褎懈褟	0.000283	0.116534	0.000033
谐谢邪胁薪芯械	0.000283	1.139434	0.000322
谐谢邪胁薪褘泄	0.000283	0.040822	0.000012
谐谢邪蟹褍褉褜	0.000848	0.040822	0.000035
谐谢懈薪褌胁械泄薪	0.000283	0.040822	0.000012
谐谢褍褌邪屑邪褌	0.000565	4.605170	0.002603
谐芯胁芯褉懈褌褜	0.000283	2.659260	0.000752
谐芯胁褟写懈薪邪	0.001131	2.302585	0.002603
谐芯胁褟写懈薪褘	0.001979	0.116534	0.000231
谐芯写	0.002544	0.105361	0.000268
谐芯写邪	0.004240	0.248461	0.001053
谐芯谢谢邪薪写褋泻邪褟	0.000283	0.116534	0.000033
谐芯褉芯写	0.000565	3.506558	0.001982
谐芯褉芯写邪	0.000565	0.116534	0.000066
谐芯褉芯褏	0.000283	0.116534	0.000033
谐芯褉褔懈褑邪	0.000565	0.040822	0.000023
谐芯褉褔懈褑邪屑懈	0.000283	0.127833	0.000036
谐芯褉褕芯褔泻邪褏	0.000283	0.105361	0.000030
谐芯褉褕芯褔泻械	0.000283	0.040822	0.000012
谐芯褉褟褔械谐芯	0.000283	3.218876	0.000910
谐芯褉褟褔械械	0.000565	0.116534	0.000066
谐芯褉褟褔械屑	0.000283	2.659260	0.000752
谐芯褉褟褔懈械	0.015263	0.105361	0.001608
谐芯褉褟褔懈泄	0.000848	0.116534	0.000099
谐芯褉褟褔懈屑	0.000283	3.218876	0.000910
谐芯褋褌懈	0.000283	0.116534	0.000033
谐芯褋褌褜	0.000283	3.506558	0.000991
谐芯褌芯胁懈屑	0.001696	0.094311	0.000160
谐芯褌芯胁懈褌	0.000283	3.218876	0.000910
谐芯褌芯胁懈褌褜	0.001413	0.105361	0.000149
谐芯褌芯胁谢褞	0.000283	1.049822	0.000297
谐芯褌芯胁褜	0.000565	0.116534	0.000066
谐芯褌芯胁褟褌	0.000283	0.116534	0.000033
谐褉械薪泻懈	0.000565	0.040822	0.000023
谐褉械褔械褋泻邪褟	0.000283	0.116534	0.000033
谐褉械褔泻邪	0.000283	0.040822	0.000012
谐褉懈斜邪屑懈	0.001696	0.105361	0.000179
谐褉懈斜薪褘械	0.000565	0.040822	0.000023
谐褉懈斜芯胁	0.001696	0.116534	0.000198
谐褉懈斜褘	0.001979	0.040822	0.000081
谐褉懈谢械	0.001413	0.116534	0.000165
谐褉懈谢褜	0.000283	0.116534	0.000033
谐褉懈谢褜屑邪薪懈褟	0.000283	0.116534	0.000033
谐褉懈谢褟	0.001131	0.116534	0.000132
谐褉芯谐	0.000283	0.040822	0.000012
谐褉褍蟹懈薪褋泻邪褟	0.000283	0.116534	0.000033
谐褉褍锌锌褘	0.000283	0.061875	0.000017
谐褍褉屑邪薪懈褟	0.001696	0.116534	0.000198
谐褍褉屑械	0.000283	0.127833	0.000036
谐褍褋褟	0.000565	0.105361	0.000060
写邪械褌	0.000283	0.040822	0.000012
写邪薪薪褘械	0.000283	0.040822	0.000012
写邪褉褘	0.000283	0.116534	0.000033
写邪褌械	0.000565	0.248461	0.000140
写邪褌褋泻邪褟	0.000283	0.116534	0.000033
写邪褔薪芯械	0.000848	0.116534	0.000099
写胁邪	0.000283	1.171183	0.000331
写械胁芯褔泻懈	0.000283	1.427116	0.000403
写械胁褍褕泻邪	0.000283	3.912023	0.001106
写械泻芯褉	0.000283	0.127833	0.000036
写械谢邪械褌	0.000565	0.116534	0.000066
写械谢邪褞	0.000283	1.386294	0.000392
写械谢懈屑褋褟	0.000283	0.040822	0.000012
写械谢芯屑	0.000283	0.116534	0.000033
写械薪褜	0.000848	0.083382	0.000071
写械褋械褉褌	0.000848	0.116534	0.000099
写械褋械褉褌邪褑懈褟	0.000283	0.116534	0.000033
写械褋械褉褌薪褘械	0.000283	0.116534	0.000033
写械褋械褉褌褘	0.003957	0.040822	0.000162
写械褌械泄	0.000283	0.116534	0.000033
写卸械屑	0.000283	0.040822	0.000012
写蟹械薪	0.000283	0.116534	0.000033
写懈械褌邪	0.000283	0.116534	0.000033
写懈械褌褘	0.000283	0.116534	0.000033
写懈泻懈泄	0.000565	0.116534	0.000066
写懈泻芯谐芯	0.000283	0.116534	0.000033
写懈锌	0.000283	0.116534	0.000033
写懈褔懈	0.000565	0.116534	0.000066
写懈褔褜	0.000283	0.116534	0.000033
写薪械胁薪懈泻邪褏	0.000283	0.061875	0.000017
写薪械泄	0.001131	0.116534	0.000132
写薪械屑	0.000283	3.912023	0.001106
写薪褟	0.000848	0.040822	0.000035
写芯斜邪胁谢械薪懈褟屑	0.000283	0.274437	0.000078
写芯斜邪胁谢褟褌褜	0.000283	0.040822	0.000012
写芯斜邪胁褜	0.000283	0.116534	0.000033
写芯斜褉芯褎谢芯褌	0.000283	0.127833	0.000036
写芯胁械褉褟械褕褜	0.000283	0.116534	0.000033
写芯胁芯谢褜薪芯	0.000283	1.609438	0.000455
写芯屑	0.002544	0.040822	0.000104
写芯屑邪	0.000283	0.994252	0.000281
写芯屑邪褕薪械械	0.000848	0.040822	0.000035
写芯屑邪褕薪械屑褍	0.000283	3.506558	0.000991
写芯屑邪褕薪懈械	0.000848	0.040822	0.000035
写芯屑邪褕薪懈泄	0.001413	0.116534	0.000165
写芯屑邪褕薪褟褟	0.000565	0.105361	0.000060
写芯屑芯胁	0.000283	0.040822	0.000012
写褉邪泄胁	0.001413	0.127833	0.000181
写褉芯卸卸械胁芯械	0.000283	0.116534	0.000033
写褉褍谐懈屑懈	0.000283	0.040822	0.000012
写褉褍卸懈屑	0.000283	3.912023	0.001106
写褍屑邪谢邪	0.000283	1.272966	0.000360
写褍褏芯胁泻邪	0.001131	0.127833	0.000145
写褍褕懈	0.000848	0.105361	0.000089
写褍褕懈褋褌褘泄	0.000565	1.237874	0.000700
械胁褉械泄褋泻邪褟	0.000283	0.116534	0.000033
械谐懈锌械褌褋泻邪褟	0.000283	0.116534	0.000033
械写懈薪褘泄	0.000283	0.040822	0.000012
械蟹写懈屑	0.000283	4.605170	0.001302
械泻芯	0.000283	0.127833	0.000036
械谢邪	0.000283	2.659260	0.000752
械谢懈	0.000283	2.995732	0.000847
卸邪谢褜	0.000283	3.218876	0.000910
卸邪褉泻芯械	0.000283	0.040822	0.000012
卸谐褍褔懈泄	0.001696	1.966113	0.003334
卸械谢械	0.000848	0.040822	0.000035
卸械谢褌芯泻	0.000565	1.272966	0.000720
卸械薪褋泻邪褟	0.000283	0.127833	0.000036
卸械薪褋泻芯屑	0.000283	0.061875	0.000017
卸械薪褖懈薪褘	0.000565	0.116534	0.000066
卸懈蟹薪懈	0.000283	0.040822	0.000012
卸懈蟹薪褜	0.000283	0.116534	0.000033
卸褍谢褜械薪	0.000283	0.040822	0.000012
卸褍褉薪邪谢邪	0.000283	0.127833	0.000036
卸褞谢褜械薪	0.000283	0.040822	0.000012
蟹邪胁邪褉薪芯械	0.000283	0.116534	0.000033
蟹邪胁邪褉薪芯泄	0.000283	0.116534	0.000033
蟹邪胁械褉褕械薪懈械	0.000283	3.912023	0.001106
蟹邪胁褌褉邪泻	0.001979	0.094311	0.000187
蟹邪胁褌褉邪泻懈	0.000283	0.127833	0.000036
蟹邪胁褌褉邪褕薪械谐芯	0.000283	4.605170	0.001302
蟹邪谐芯褌芯胁泻懈	0.001131	0.040822	0.000046
蟹邪写邪胁邪褌褜	0.000283	0.040822	0.000012
蟹邪泄褑邪	0.000565	0.116534	0.000066
蟹邪泻胁邪褋泻邪	0.000283	0.040822	0.000012
蟹邪泻胁邪褋泻邪屑懈	0.000283	0.116534	0.000033
蟹邪泻胁邪褋芯泻	0.000283	0.127833	0.000036
蟹邪泻褉褘褌褘泄	0.000283	0.116534	0.000033
蟹邪泻褍褋泻邪	0.000283	1.347074	0.000381
蟹邪泻褍褋泻懈	0.005088	0.040822	0.000208
蟹邪泻褍褋泻褍	0.000848	0.116534	0.000099
蟹邪泻褍褋芯薪褔懈泻	0.000283	0.116534	0.000033
蟹邪泻褍褋芯褔泻邪	0.000283	0.116534	0.000033
蟹邪泻褍褋芯褔薪褘械	0.002544	0.116534	0.000296
蟹邪谢懈胁薪芯械	0.000565	0.040822	0.000023
蟹邪屑械褔邪褌械谢褜薪芯谐芯	0.000283	2.120264	0.000599
蟹邪屑芯褉芯蟹泻邪	0.000283	0.105361	0.000030
蟹邪芯写薪芯	0.000283	3.506558	0.000991
蟹邪锌邪写	0.000283	0.116534	0.000033
蟹邪锌械泻邪薪泻邪	0.001131	0.105361	0.000119
蟹邪锌械泻邪薪泻懈	0.001979	0.040822	0.000081
蟹邪锌芯谢薪褟褌褜	0.000283	3.912023	0.001106
蟹邪锌褉邪胁泻邪	0.000565	0.040822	0.000023
蟹邪褉械谐懈褋褌褉懈褉芯胁邪胁褕懈褋褜	0.000283	0.040822	0.000012
蟹邪褉械谐懈褋褌褉懈褉芯胁邪褌褜褋褟	0.000283	0.030459	0.000009
蟹邪褋芯谢泻邪	0.000283	0.116534	0.000033
蟹胁邪薪懈械	0.000283	4.605170	0.001302
蟹胁邪薪褘泄	0.000283	0.127833	0.000036
蟹胁械蟹写邪	0.000283	0.127833	0.000036
蟹胁褢蟹写薪褘械	0.000283	0.116534	0.000033
蟹写芯褉芯胁芯械	0.000283	0.116534	0.000033
蟹写芯褉芯胁褘泄	0.000283	0.116534	0.000033
蟹械谢械薪褘泄	0.000565	1.021651	0.000578
蟹械谢械薪褜	0.004805	0.094311	0.000453
蟹械褎懈褉	0.000283	0.040822	0.000012
蟹懈屑薪懈械	0.000283	0.051293	0.000014
蟹懈屑褍	0.001131	0.040822	0.000046
蟹薪邪褞	0.000565	0.755023	0.000427
蟹薪邪褞褌	0.000283	2.525729	0.000714
蟹芯谢芯褌邪褟	0.000283	0.116534	0.000033
懈胁邪薪	0.000283	2.525729	0.000714
懈胁邪薪芯胁邪	0.000283	0.127833	0.000036
懈胁邪薪褘褔	0.000283	2.525729	0.000714
懈写械邪谢褜薪邪褟	0.000283	0.116534	0.000033
懈写械邪谢褜薪芯谐芯	0.001413	0.116534	0.000165
懈写械邪谢褜薪芯械	0.000283	0.116534	0.000033
懈写械泄泻懈	0.000283	0.116534	0.000033
懈蟹写械谢懈褟	0.000848	0.116534	0.000099
懈蟹写械谢懈褟屑懈	0.000848	0.116534	0.000099
懈泻褉邪	0.000848	0.040822	0.000035
懈屑械薪械屑	0.000283	0.040822	0.000012
懈薪胁械褉褌芯褉薪芯泄	0.000283	0.127833	0.000036
懈薪谐褉械写懈械薪褌	0.000283	3.912023	0.001106
懈薪谐褉械写懈械薪褌芯胁	0.000283	1.771957	0.000501
懈薪谐褉械写懈械薪褌褘	0.008479	0.139262	0.001181
懈薪写械泄泻懈	0.001413	0.094311	0.000133
懈薪写械泄泻芯泄	0.000283	0.116534	0.000033
懈薪写懈泄褋泻邪褟	0.000283	0.116534	0.000033
懈薪写懈谢邪泄褌	0.000848	0.116534	0.000099
懈薪写懈褉械褋薪褘械	0.000283	0.116534	0.000033
懈薪褋褌褉褍泻褑懈褟屑懈	0.000283	0.040822	0.000012
懈薪褌械褉械褋薪褘屑	0.000283	2.995732	0.000847
懈褉邪泻褋泻邪褟	0.000283	0.116534	0.000033
懈褉邪薪褋泻邪褟	0.000283	0.116534	0.000033
懈褉谢邪薪写褋泻邪褟	0.000283	0.116534	0.000033
懈褋泻谢褞褔械薪懈械屑	0.000283	3.912023	0.001106
懈褋泻褉械薪薪械	0.000283	0.116534	0.000033
懈褋谢邪薪写褋泻邪褟	0.000283	0.116534	0.000033
懈褋锌邪薪褋泻邪褟	0.000283	0.116534	0.000033
懈褋锌械泻懈	0.000283	0.116534	0.000033
懈褋锌芯谢褜蟹芯胁邪褌褜	0.000283	1.514128	0.000428
懈褋褌芯褉懈懈	0.001413	0.116534	0.000165
懈褋褌芯褉懈褞	0.000283	0.116534	0.000033
懈褌邪谢懈懈	0.000565	0.105361	0.000060
懈褌邪谢褜褟薪褋泻邪褟	0.000283	0.116534	0.000033
懈褞谢褟	0.000565	0.597837	0.000338
懈褞薪褟	0.000283	0.579818	0.000164
泄芯谐褍褉褌	0.000848	0.040822	0.000035
泻邪	0.000283	3.912023	0.001106
泻邪斜邪褔泻懈	0.000283	0.040822	0.000012
泻邪胁泻邪蟹褋泻邪褟	0.000283	0.116534	0.000033
泻邪卸写褘屑	0.000283	2.302585	0.000651
泻邪蟹邪薪械	0.000565	0.116534	0.000066
泻邪蟹邪褏褋泻邪褟	0.000283	0.116534	0.000033
泻邪泻邪芯	0.000565	0.040822	0.000023
泻邪谢械泄写芯褋泻芯锌	0.001131	0.116534	0.000132
泻邪谢卸邪	0.000565	4.605170	0.002603
泻邪谢屑褘褑泻邪褟	0.000283	0.116534	0.000033
泻邪谢褜屑邪褉	0.000848	0.040822	0.000035
泻邪谢褜屑邪褉邪屑懈	0.000565	3.912023	0.002211
泻邪屑械褉邪	0.000283	0.116534	0.000033
泻邪薪邪写褋泻邪褟	0.000283	0.116534	0.000033
泻邪薪邪谢	0.000565	0.040822	0.000023
泻邪薪邪谢械	0.000283	0.040822	0.000012
泻邪薪邪锌械	0.000565	0.040822	0.000023
泻邪锌械谢褜泻懈	0.000283	4.605170	0.001302
泻邪锌褍褋褌邪	0.002826	0.040822	0.000115
泻邪锌褍褋褌薪褟泻	0.000283	0.040822	0.000012
泻邪锌褍褋褌褘	0.000283	0.040822	0.000012
泻邪褉邪屑械谢褜	0.000283	0.040822	0.000012
泻邪褉泻邪褋薪褘泄	0.001131	0.116534	0.000132
泻邪褉褌芯褎械谢褜	0.003109	0.040822	0.000127
泻邪褉褌芯褎械谢褜薪芯械	0.000283	0.040822	0.000012
泻邪褉褌芯褎械谢褜薪褘泄	0.000283	0.116534	0.000033
泻邪褉褌芯褕泻邪	0.000565	0.040822	0.000023
泻邪褋褟	0.000283	3.506558	0.000991
泻邪褌械谐芯褉懈懈	0.000565	0.116534	0.000066
泻邪褌械谐芯褉懈褟	0.004240	0.150823	0.000639
泻邪褌褟	0.000283	3.912023	0.001106
泻邪褎械褕泻邪褏	0.000283	4.605170	0.001302
泻邪褔械褋褌胁芯	0.000283	0.116534	0.000033
泻邪褕邪	0.000283	0.040822	0.000012
泻邪褕懈	0.001413	0.105361	0.000149
泻邪褕褍	0.000283	0.094311	0.000027
泻胁邪褋	0.000848	0.040822	0.000035
泻胁邪褋薪芯械	0.000848	0.116534	0.000099
泻胁邪褋芯屑	0.000283	0.127833	0.000036
泻械泻褋	0.000283	0.040822	0.000012
泻械泻褋褘	0.000565	0.116534	0.000066
泻械褋屑械	0.000565	4.605170	0.002603
泻械褎懈褉	0.000283	0.040822	0.000012
泻懈屑褔懈	0.000283	0.040822	0.000012
泻懈薪蟹邪	0.000565	2.407946	0.001361
泻懈薪芯邪	0.000565	0.127833	0.000072
泻懈薪芯谢械薪褌邪	0.000283	0.116534	0.000033
泻懈褉谐懈蟹褋泻懈	0.000565	4.605170	0.002603
泻懈褋械谢褜	0.000565	0.040822	0.000023
泻懈褌邪械	0.000283	3.912023	0.001106
泻懈褌邪泄	0.000283	4.605170	0.001302
泻懈褌邪泄褋泻邪褟	0.000565	0.116534	0.000066
泻懈褌邪泄褋泻懈械	0.000565	3.912023	0.002211
泻谢邪褋褋	0.002261	0.116534	0.000264
泻谢邪褋褋褘	0.000283	0.116534	0.000033
泻薪懈谐褍	0.000565	0.040822	0.000023
泻芯写懈邪泻	0.000283	4.605170	0.001302
泻芯械屑	0.000283	2.995732	0.000847
泻芯蟹懈泄	0.000565	4.605170	0.002603
泻芯泻褌械泄谢懈	0.000283	0.127833	0.000036
泻芯泻褌械泄谢褜	0.001413	0.040822	0.000058
泻芯谢斜邪褋邪	0.000283	0.040822	0.000012
泻芯谢斜邪褋薪褘屑懈	0.000848	0.116534	0.000099
泻芯谢懈褔械褋褌胁芯屑	0.000283	3.218876	0.000910
泻芯屑邪薪写邪	0.000565	0.127833	0.000072
泻芯屑懈	0.000283	0.116534	0.000033
泻芯屑屑械薪褌邪褉懈械胁	0.000283	0.223144	0.000063
泻芯屑锌邪薪懈泄	0.000283	0.105361	0.000030
泻芯屑锌芯褌	0.000848	0.040822	0.000035
泻芯屑褍	0.000283	1.347074	0.000381
泻芯薪懈薪褘	0.000283	0.116534	0.000033
泻芯薪泻褍褉褋	0.060769	0.105361	0.006403
泻芯薪泻褍褉褋邪	0.000283	0.116534	0.000033
泻芯薪泻褍褉褋邪褏	0.000283	0.040822	0.000012
泻芯薪泻褍褉褋械	0.000283	2.302585	0.000651
泻芯薪泻褍褉褋薪褘械	0.000283	0.127833	0.000036
泻芯薪褋械褉胁懈褉芯胁邪薪懈械	0.000283	0.040822	0.000012
泻芯薪褋械褉胁懈褉芯胁邪薪薪邪褟	0.000283	0.116534	0.000033
泻芯薪褋械褉胁懈褉芯胁邪薪薪芯械	0.000283	0.116534	0.000033
泻芯薪褋械褉胁懈褉芯胁邪薪薪褘械	0.000565	0.116534	0.000066
泻芯薪褋械褉胁懈褉芯胁邪薪薪褘泄	0.000283	0.116534	0.000033
泻芯薪褎械褌褌懈	0.000283	0.116534	0.000033
泻芯薪褎械褌褘	0.000848	0.040822	0.000035
泻芯薪褎懈写械薪褑懈邪谢褜薪芯褋褌懈	0.000283	0.040822	0.000012
泻芯薪褎懈褌褞褉	0.000283	0.040822	0.000012
泻芯锌褔械薪芯褋褌褟屑懈	0.000283	0.116534	0.000033
泻芯褉械泄褋泻邪褟	0.000283	0.116534	0.000033
泻芯褉械泄褋泻懈	0.000283	0.040822	0.000012
泻芯褉械泄褋泻懈褏	0.000283	4.605170	0.001302
泻芯褉械薪褜褟	0.000565	3.506558	0.001982
泻芯褉卸懈泻懈	0.000283	0.040822	0.000012
泻芯褉懈邪薪写褉	0.001696	1.469676	0.002492
泻芯褉屑褟褖懈褏	0.000283	0.116534	0.000033
泻芯褉薪械胁芯泄	0.000565	2.995732	0.001693
泻芯褋褍褕泻懈	0.000283	4.605170	0.001302
泻芯褌谢械褌褘	0.000283	0.040822	0.000012
泻芯褌芯褉芯屑褍	0.000283	0.116534	0.000033
泻芯褌芯褉褍褞	0.000283	1.966113	0.000556
泻芯褎械	0.000565	0.040822	0.000023
泻褉邪褋泻懈	0.000283	0.116534	0.000033
泻褉邪褋薪褘泄	0.002261	1.171183	0.002648
泻褉械邪褌懈胁	0.000283	0.127833	0.000036
泻褉械屑	0.000283	0.040822	0.000012
泻褉械屑邪	0.000565	0.116534	0.000066
泻褉械锌泻懈泄	0.000283	0.116534	0.000033
泻褉芯谢懈泻邪	0.000565	0.116534	0.000066
泻褉芯屑械	0.000565	0.061875	0.000035
泻褉芯褏懈	0.000283	0.116534	0.000033
泻褉褍谐褍	0.000565	0.116534	0.000066
泻褉褍锌	0.001696	0.116534	0.000198
泻褉褍锌邪	0.000848	0.127833	0.000108
泻褉褍锌褘	0.000565	0.127833	0.000072
泻褉褍锌褟薪褘械	0.000283	0.116534	0.000033
泻褍斜懈薪褋泻邪褟	0.000283	0.116534	0.000033
泻褍泻褋懈	0.000283	4.605170	0.001302
泻褍谢械褕	0.000283	0.040822	0.000012
泻褍谢懈薪邪褉懈懈	0.000848	0.094311	0.000080
泻褍谢懈薪邪褉薪邪褟	0.000283	0.116534	0.000033
泻褍谢懈薪邪褉薪芯械	0.000283	0.116534	0.000033
泻褍谢懈薪邪褉薪褍褞	0.000565	0.040822	0.000023
泻褍谢懈薪邪褉薪褘泄	0.000283	0.072571	0.000021
泻褍谢懈薪邪褉薪褘褏	0.000283	0.116534	0.000033
泻褍谢懈褔	0.000283	0.040822	0.000012
泻褍谢懈褔懈	0.000283	0.116534	0.000033
泻褍薪卸褍褌薪芯械	0.001131	2.659260	0.003007
泻褍褉写褋泻邪褟	0.000283	0.116534	0.000033
泻褍褉懈薪芯谐芯	0.000283	0.116534	0.000033
泻褍褉懈薪芯械	0.002544	0.127833	0.000325
泻褍褉懈薪褘泄	0.000283	0.105361	0.000030
泻褍褉懈褑邪	0.001413	0.040822	0.000058
泻褍褉懈褑褘	0.001696	0.116534	0.000198
泻褍褉芯褔泻芯泄	0.000283	0.116534	0.000033
泻褍褋泻褍褋	0.000283	0.040822	0.000012
泻褍褏薪械泄	0.000283	0.040822	0.000012
泻褍褏薪懈	0.000848	0.040822	0.000035
泻褍褏薪褟	0.001131	0.116534	0.000132
泻褍褕邪谢懈	0.000283	4.605170	0.001302
谢邪胁邪褕	0.000565	0.040822	0.000023
谢邪胁邪褕邪	0.001131	0.116534	0.000132
谢邪胁褉芯胁褘泄	0.000565	1.139434	0.000644
谢邪谐屑邪薪	0.002261	0.040822	0.000092
谢邪泻芯屑褋褌胁芯	0.000283	0.116534	0.000033
谢邪锌褕邪	0.009893	0.040822	0.000404
谢邪锌褕芯泄	0.000848	3.506558	0.002973
谢邪褌褘褕褋泻邪褟	0.000283	0.116534	0.000033
谢械谐泻邪褟	0.000283	0.116534	0.000033
谢械谐泻懈泄	0.000565	0.116534	0.000066
谢械谐泻芯	0.001696	0.116534	0.000198
谢械锌械褕泻懈	0.000565	0.040822	0.000023
谢械锌泻懈	0.000283	4.605170	0.001302
谢械褌邪	0.000283	0.116534	0.000033
谢械褌薪懈械	0.000283	0.040822	0.000012
谢械褌薪褟褟	0.000283	0.116534	0.000033
谢械褌芯	0.001413	0.116534	0.000165
谢械褔芯	0.000283	0.040822	0.000012
谢懈谐邪	0.000848	0.116534	0.000099
谢懈泻械褉	0.000283	0.040822	0.000012
谢懈屑芯薪邪写	0.000565	0.040822	0.000023
谢懈屑芯薪薪褘泄	0.000565	0.798508	0.000451
谢懈褋褌	0.000565	1.139434	0.000644
谢懈褌芯胁褋泻	0.000283	0.127833	0.000036
谢懈褌芯胁褋泻邪褟	0.000283	0.116534	0.000033
谢褍泻	0.007349	0.301105	0.002213
谢褍褔褕懈械	0.000283	0.116534	0.000033
谢褍褔褕懈泄	0.000565	0.040822	0.000023
谢褍褔褕懈褏	0.000283	0.116534	0.000033
谢褞斜胁懈	0.000283	0.105361	0.000030
谢褞斜懈屑芯谐芯	0.000565	0.127833	0.000072
谢褞斜懈屑芯屑褍	0.000283	0.116534	0.000033
谢褞斜懈屑褘褏	0.001696	0.116534	0.000198
谢褞斜懈褌	0.000283	1.427116	0.000403
谢褞斜芯胁褜	0.000565	0.116534	0.000066
谢褞斜芯泄	0.000283	0.116534	0.000033
谢褞斜芯屑	0.000283	2.525729	0.000714
谢褞写褟屑	0.000283	3.218876	0.000910
谢褟	0.000283	1.771957	0.000501
谢褢写	0.000283	0.127833	0.000036
屑邪谐褉懈斜邪	0.000283	0.116534	0.000033
屑邪泄	0.000283	0.116534	0.000033
屑邪泄芯薪械蟹	0.000283	0.116534	0.000033
屑邪泻邪褉芯薪薪褘械	0.000283	0.116534	0.000033
屑邪泻邪褉芯薪褘	0.000283	0.040822	0.000012
屑邪谢邪蟹懈泄褋泻邪褟	0.000283	0.116534	0.000033
屑邪谢褜褔懈泻懈	0.000283	3.218876	0.000910
屑邪屑邪	0.000283	1.771957	0.000501
屑邪屑芯褔泻懈	0.000283	3.506558	0.000991
屑邪薪薪邪褟	0.000565	1.609438	0.000910
屑邪薪薪懈泻	0.000283	0.040822	0.000012
屑邪薪褌褘	0.000283	0.116534	0.000033
屑邪薪褢胁褉褘	0.000283	0.116534	0.000033
屑邪褉邪褎芯薪	0.000848	0.116534	0.000099
屑邪褉懈薪邪写	0.002544	0.040822	0.000104
屑邪褉懈薪邪写褘	0.000848	0.116534	0.000099
屑邪褉懈薪芯胁邪薪薪褘械	0.000283	0.116534	0.000033
屑邪褉屑械谢邪写	0.000283	0.040822	0.000012
屑邪褉芯泻泻邪薪褋泻邪褟	0.000283	0.116534	0.000033
屑邪褉褌邪	0.002261	0.105361	0.000238
屑邪褋泻邪褉锌芯薪械	0.000283	0.040822	0.000012
屑邪褋谢械薪懈褑邪	0.000848	0.040822	0.000035
屑邪褋谢械薪懈褔薪芯械	0.000283	0.116534	0.000033
屑邪褋谢芯	0.006501	0.116534	0.000758
屑邪褋谢芯屑	0.000283	0.116534	0.000033
屑邪褋褌械褉	0.002544	0.116534	0.000296
屑邪褋褌懈泻邪	0.000283	0.040822	0.000012
屑邪褋褌懈泻懈	0.000283	0.116534	0.000033
屑邪褎褎懈薪褘	0.000283	0.116534	0.000033
屑邪褏械械胁褗	0.001131	0.116534	0.000132
屑邪褕械薪褜泻械	0.000283	4.605170	0.001302
屑械写懈邪褎芯褉褌	0.000848	0.000000	0.000000
屑械写芯胁褘泄	0.000283	0.116534	0.000033
屑械泻褋懈泻邪薪褋泻邪褟	0.000283	0.116534	0.000033
屑械薪褞	0.000283	0.116534	0.000033
屑械薪褟	0.000565	0.083382	0.000047
屑械薪褟械褌褋褟	0.000283	0.116534	0.000033
屑械褔褌邪	0.000283	0.116534	0.000033
屑械褔褌褘	0.000565	0.040822	0.000023
屑懈写懈懈	0.000283	0.040822	0.000012
屑懈泻褉芯胁芯谢薪芯胁泻械	0.000283	0.116534	0.000033
屑懈谢褜械	0.000283	0.116534	0.000033
屑懈薪懈屑邪谢褜薪褘屑	0.000283	4.605170	0.001302
屑懈芯	0.000283	0.116534	0.000033
屑懈褉	0.000283	0.116534	0.000033
屑懈褉邪	0.000283	0.116534	0.000033
屑懈褉芯胁邪褟	0.000283	0.116534	0.000033
屑懈褋芯	0.000283	0.040822	0.000012
屑懈褋褋	0.000283	1.966113	0.000556
屑懈褋褌械褉懈褟	0.000283	0.116534	0.000033
屑懈褋褌褉邪谢褜	0.001979	0.116534	0.000231
屑薪芯谐懈械	0.000565	1.309333	0.000740
屑薪芯卸械褋褌胁芯屑	0.000283	0.040822	0.000012
屑芯谐褍	0.000283	0.798508	0.000226
屑芯械	0.000283	0.116534	0.000033
屑芯械泄	0.000565	1.427116	0.000807
屑芯卸械褌械	0.000283	0.000000	0.000000
屑芯懈	0.000283	1.078810	0.000305
屑芯泄	0.001413	0.105361	0.000149
屑芯谢写邪胁褋泻邪褟	0.000283	0.116534	0.000033
屑芯谢芯泻械	0.000283	0.105361	0.000030
屑芯谢芯泻芯	0.000283	0.116534	0.000033
屑芯谢芯褔薪褘泄	0.000565	0.040822	0.000023
屑芯谢芯褔薪褘褏	0.000283	0.116534	0.000033
屑芯屑械薪褌	0.000848	0.116534	0.000099
屑芯薪谐芯谢褜褋泻邪褟	0.000283	0.116534	0.000033
屑芯褉械	0.000283	0.116534	0.000033
屑芯褉械锌褉芯写褍泻褌芯胁	0.003674	0.040822	0.000150
屑芯褉械锌褉芯写褍泻褌褘	0.000565	0.116534	0.000066
屑芯褉泻芯胁褜	0.007066	0.040822	0.000288
屑芯褉芯卸械薪芯械	0.000848	0.040822	0.000035
屑芯褉芯蟹芯胁芯泄	0.000283	4.605170	0.001302
屑芯褉褋	0.000283	0.040822	0.000012
屑芯褉褋褘	0.000283	0.116534	0.000033
屑芯褌芯褉	0.000283	0.116534	0.000033
屑芯褏懈褌芯	0.000283	0.040822	0.000012
屑芯褟	0.000283	1.427116	0.000403
屑褍卸	0.000565	1.171183	0.000662
屑褍卸邪	0.000283	1.771957	0.000501
屑褍卸褋泻邪褟	0.000283	0.127833	0.000036
屑褍卸褔懈薪邪屑	0.000283	3.912023	0.001106
屑褍卸褔懈薪褘	0.000565	0.116534	0.000066
屑褍谢褜褌懈胁邪褉泻械	0.010741	0.116534	0.001252
屑褍谢褜褌懈锌械泻邪褉械泄	0.000848	0.116534	0.000099
屑褍褋褋	0.000283	0.040822	0.000012
屑褍褋褋褘	0.000565	0.116534	0.000066
屑褍褔薪褘械	0.000283	0.116534	0.000033
屑褞褋谢懈	0.000565	0.116534	0.000066
屑褟褋邪	0.003109	0.116534	0.000362
屑褟褋薪邪褟	0.000283	2.813411	0.000795
屑褟褋薪芯谐芯	0.000565	0.116534	0.000066
屑褟褋薪芯泄	0.000848	0.116534	0.000099
屑褟褋薪褘械	0.001413	0.040822	0.000058
屑褟褋薪褘褏	0.000848	0.116534	0.000099
屑褟褋芯	0.004522	0.040822	0.000185
屑褟褋芯屑	0.001413	0.040822	0.000058
屑褟褋褍	0.000565	0.116534	0.000066
薪邪胁械褉薪芯	0.000283	2.407946	0.000681
薪邪写芯械谢懈	0.000283	3.912023	0.001106
薪邪蟹胁邪薪懈械	0.000283	0.941609	0.000266
薪邪蟹胁邪薪懈褟	0.000283	2.120264	0.000599
薪邪蟹薪邪褔械薪懈褟	0.000283	0.116534	0.000033
薪邪谢懈胁泻邪	0.000283	0.040822	0.000012
薪邪锌懈褌泻懈	0.001696	0.040822	0.000069
薪邪锌懈褌芯泻	0.000283	0.040822	0.000012
薪邪褋褌芯泄泻邪	0.000283	0.040822	0.000012
薪邪褋褌褉芯械薪懈械	0.000283	0.116534	0.000033
薪邪褋褘褖械薪薪褘泄	0.000283	1.897120	0.000536
薪邪褌褉懈褟	0.000565	3.912023	0.002211
薪邪褑懈芯薪邪谢褜薪芯械	0.000283	3.912023	0.001106
薪邪褑懈芯薪邪谢褜薪褘械	0.000283	0.116534	0.000033
薪邪褔懈薪泻邪	0.000565	0.040822	0.000023
薪邪褔懈薪泻芯泄	0.000283	0.116534	0.000033
薪邪褕械泄	0.000283	1.347074	0.000381
薪邪褕械屑	0.000283	0.040822	0.000012
薪邪褕懈	0.000283	0.061875	0.000017
薪械胁械褉芯褟褌薪芯	0.000283	1.386294	0.000392
薪械谐芯	0.000283	0.941609	0.000266
薪械写械谢懈	0.000283	2.120264	0.000599
薪械写械谢褟	0.002826	0.061875	0.000175
薪械卸薪芯泄	0.000283	0.116534	0.000033
薪械卸薪褘泄	0.000283	0.891598	0.000252
薪械泄	0.000283	1.897120	0.000536
薪械屑	0.000283	1.203973	0.000340
薪械屑械褑泻邪褟	0.000283	0.116534	0.000033
薪械芯卸懈写邪薪薪褘械	0.000283	0.116534	0.000033
薪械褋泻芯谢褜泻芯	0.000283	0.916291	0.000259
薪械褋谢邪写泻芯械	0.000283	0.116534	0.000033
薪械褔邪褋褌芯	0.000283	4.605170	0.001302
薪懈薪邪	0.000848	1.203973	0.001021
薪懈褔械谐芯	0.000283	0.941609	0.000266
薪芯胁邪褟	0.000283	0.116534	0.000033
薪芯胁芯谐芯写薪械谐芯	0.001413	0.116534	0.000165
薪芯胁芯谐芯写薪械械	0.000848	0.116534	0.000099
薪芯胁芯谐芯写薪懈械	0.001696	0.040822	0.000069
薪芯胁芯谐芯写薪懈泄	0.001979	0.116534	0.000231
薪芯胁芯谐芯写薪褟褟	0.000283	0.105361	0.000030
薪芯胁芯褋褌褟褏	0.000283	0.061875	0.000017
薪芯胁褘械	0.000565	0.051293	0.000029
薪芯胁褘泄	0.002544	0.094311	0.000240
薪芯褉胁械卸褋泻邪褟	0.000283	0.116534	0.000033
薪芯褟斜褉褟	0.000283	0.527633	0.000149
薪褉邪胁懈褌褋褟	0.000283	1.427116	0.000403
薪褉邪胁褟褌褋褟	0.000283	1.771957	0.000501
芯斜邪谢写械谢	0.000283	4.605170	0.001302
芯斜械写	0.000848	0.105361	0.000089
芯斜械蟹褜褟薪褘	0.000283	0.116534	0.000033
芯斜懈写	0.000283	4.605170	0.001302
芯斜芯卸邪褞	0.000283	1.897120	0.000536
芯斜褖邪褌褜褋褟	0.000283	0.040822	0.000012
芯斜褘褔薪芯	0.000283	1.714798	0.000485
芯胁芯褖邪屑懈	0.000848	0.116534	0.000099
芯胁芯褖械泄	0.005370	0.105361	0.000566
芯胁芯褖懈	0.001979	0.094311	0.000187
芯胁芯褖薪邪褟	0.000283	0.040822	0.000012
芯胁芯褖薪芯械	0.000283	0.116534	0.000033
芯胁芯褖薪芯泄	0.000565	0.105361	0.000060
芯胁芯褖薪褘械	0.001413	0.040822	0.000058
芯胁褋褟薪芯械	0.000283	0.116534	0.000033
芯谐薪械薪薪芯泄	0.000283	0.116534	0.000033
芯谐薪褟	0.000283	0.116534	0.000033
芯谐褍褉械褑	0.001696	1.237874	0.002099
芯谐褍褉褑褘	0.000565	0.116534	0.000066
芯写薪懈屑	0.000283	1.309333	0.000370
芯写薪芯懈屑械薪薪芯谐芯	0.000283	4.605170	0.001302
芯泻褉芯褕泻邪	0.000848	0.040822	0.000035
芯泻褌褟斜褉褟	0.000283	0.562119	0.000159
芯谢邪写褜懈	0.000848	0.040822	0.000035
芯谢械泄薪邪	0.000848	0.116534	0.000099
芯谢械泄薪芯泄	0.001131	0.116534	0.000132
芯谢械泄薪褘	0.000283	0.127833	0.000036
芯谢懈胁泻芯胁芯械	0.000565	0.544727	0.000308
芯屑谢械褌	0.000283	0.040822	0.000012
芯锌邪褉邪	0.000283	0.040822	0.000012
芯锌褉芯褋	0.000283	0.061875	0.000017
芯褉械谐邪薪芯	0.001131	2.525729	0.002856
芯褉懈谐懈薪邪谢	0.000283	4.605170	0.001302
芯褋械薪薪械械	0.000283	0.116534	0.000033
芯褋械薪薪懈械	0.000283	0.051293	0.000014
芯褋械薪薪懈泄	0.000565	0.116534	0.000066
芯褋械薪褜	0.002826	0.105361	0.000298
芯褋薪芯胁薪芯械	0.000283	0.040822	0.000012
芯褋芯斜械薪薪芯	0.000283	1.469676	0.000415
芯褋芯斜械薪薪芯褋褌懈	0.000283	3.912023	0.001106
芯褋褌邪械褌褋褟	0.000283	0.116534	0.000033
芯褋褌褉芯	0.000283	4.605170	0.001302
芯褋褌褉褍褞	0.000283	4.605170	0.001302
芯褋褌褉褘泄	0.000283	2.995732	0.000847
芯褌胁械褌懈褌褜	0.000283	0.051293	0.000014
芯褌胁械褌芯胁	0.000283	0.051293	0.000014
芯褌胁械褌褘	0.000283	0.000000	0.000000
芯褌谐邪写邪谢邪	0.000283	3.912023	0.001106
芯褌泻褉褘褌褘泄	0.000565	0.116534	0.000066
芯褌谢懈褔邪械褌褋褟	0.000283	1.771957	0.000501
芯褌屑械薪懈褌褜	0.000283	0.040822	0.000012
芯褌薪械褋褌懈	0.000283	4.605170	0.001302
芯褏谢邪写懈褌褜	0.000283	0.116534	0.000033
锌邪泻械褌懈泻邪褏	0.000283	0.105361	0.000030
锌邪谢芯褔泻懈	0.000283	0.040822	0.000012
锌邪薪懈	0.000283	2.995732	0.000847
锌邪薪懈褉芯胁泻邪	0.002261	0.116534	0.000264
锌邪锌褉懈泻邪	0.001131	1.203973	0.001361
锌邪褉邪	0.000283	0.116534	0.000033
锌邪褉邪写	0.001979	0.116534	0.000231
锌邪褉芯胁邪褉泻械	0.002544	0.116534	0.000296
锌邪褉芯谢褜	0.000283	0.020203	0.000006
锌邪褋褌邪	0.001979	0.040822	0.000081
锌邪褋褌褉芯屑邪	0.000283	0.040822	0.000012
锌邪褋褏邪	0.000565	0.040822	0.000023
锌邪褋褏邪谢褜薪邪褟	0.000565	0.116534	0.000066
锌邪褋褏邪谢褜薪褘泄	0.000283	0.127833	0.000036
锌邪褍褌懈薪泻邪	0.000565	4.605170	0.002603
锌邪褕褌械褌	0.000283	0.040822	0.000012
锌邪褕褌械褌褘	0.000565	0.116534	0.000066
锌械泻邪褉褟	0.000283	0.127833	0.000036
锌械泻懈薪褋泻邪褟	0.001131	2.407946	0.002722
锌械谢褜屑械薪懈	0.000283	0.116534	0.000033
锌械褉胁芯械	0.001131	0.040822	0.000046
锌械褉胁褘械	0.000283	0.127833	0.000036
锌械褉胁褘屑	0.000283	0.116534	0.000033
锌械褉械泄褌懈	0.000283	0.040822	0.000012
锌械褉械泻褍褋	0.000565	0.116534	0.000066
锌械褉械薪褟谢懈	0.000283	4.605170	0.001302
锌械褉械褑	0.007631	0.040822	0.000312
锌械褉褋芯薪褘	0.000283	0.116534	0.000033
锌械褉褍邪薪褋泻邪褟	0.000283	0.116534	0.000033
锌械褋芯褔薪芯械	0.000565	0.105361	0.000060
锌械褋芯褔薪褘泄	0.000283	0.116534	0.000033
锌械褌械谢懈薪泻懈	0.000283	0.127833	0.000036
锌械褌械褉斜褍褉谐邪	0.000283	3.912023	0.001106
锌械褌褉芯胁邪	0.000283	3.912023	0.001106
锌械褌褉褍褕泻邪	0.000565	0.693147	0.000392
锌械褔械薪芯褔薪褘泄	0.000283	0.040822	0.000012
锌械褔械薪褜械	0.002544	0.040822	0.000104
锌械褔懈	0.000283	0.127833	0.000036
锌懈胁芯	0.000283	0.116534	0.000033
锌懈泻邪薪褌薪褘泄	0.000283	2.407946	0.000681
锌懈泻邪薪褌褘	0.000283	0.127833	0.000036
锌懈泻薪懈泻	0.000565	0.116534	0.000066
锌懈泻薪懈泻邪	0.000565	0.116534	0.000066
锌懈泻薪懈泻褍	0.000283	0.105361	0.000030
锌懈泻薪懈褔薪邪褟	0.000283	4.605170	0.001302
锌懈褉	0.000283	0.116534	0.000033
锌懈褉芯谐	0.000848	0.040822	0.000035
锌懈褉芯谐懈	0.000283	0.105361	0.000030
锌懈褉芯卸泻懈	0.000283	0.040822	0.000012
锌懈褉芯卸薪芯械	0.000283	0.040822	0.000012
锌懈褉芯卸薪褘械	0.000283	0.116534	0.000033
锌懈褌邪薪懈械	0.001413	0.105361	0.000149
锌懈褑褑邪	0.000565	0.040822	0.000023
锌懈褖褍	0.000283	3.506558	0.000991
锌谢邪屑褟	0.000283	0.116534	0.000033
锌谢懈褌邪	0.001131	0.127833	0.000145
锌谢芯胁	0.000283	0.116534	0.000033
锌谢芯写褘	0.000283	0.116534	0.000033
锌芯胁邪褉邪	0.000283	1.514128	0.000428
锌芯胁邪褉械薪泻械	0.000283	0.040822	0.000012
锌芯胁邪褉械薪芯泻	0.000283	0.061875	0.000017
锌芯胁邪褉褟褌	0.000283	0.116534	0.000033
锌芯胁邪褉褟褌邪屑懈	0.000283	0.040822	0.000012
锌芯胁邪褉褢薪泻邪	0.000283	0.116534	0.000033
锌芯胁懈写谢芯	0.000283	0.040822	0.000012
锌芯写邪胁邪褌褜	0.000283	2.120264	0.000599
锌芯写邪褉泻芯胁	0.000283	0.116534	0.000033
锌芯写械谢懈褌褜褋褟	0.000565	0.478036	0.000270
锌芯写谢懈胁邪	0.000283	0.116534	0.000033
锌芯写谢懈胁泻邪	0.000283	0.040822	0.000012
锌芯写芯斜薪褘械	0.000283	3.218876	0.000910
锌芯写锌懈褋邪褌褜褋褟	0.000283	0.040822	0.000012
锌芯写锌懈褕懈褌械褋褜	0.000565	0.040822	0.000023
锌芯械写懈薪泻懈	0.003957	0.116534	0.000461
锌芯蟹写褉邪胁褜	0.000283	0.116534	0.000033
锌芯懈褋泻	0.000283	0.051293	0.000014
锌芯泄屑褍褌	0.000283	4.605170	0.001302
锌芯泻邪蟹邪褌褜	0.000565	1.714798	0.000969
锌芯泻谢芯薪	0.000283	4.605170	0.001302
锌芯谢写薪懈泻	0.000565	0.116534	0.000066
锌芯谢械	0.000283	3.912023	0.001106
锌芯谢械蟹薪芯	0.000283	0.116534	0.000033
锌芯谢懈褌懈泻芯泄	0.000283	0.040822	0.000012
锌芯谢芯胁懈薪邪	0.002261	0.116534	0.000264
锌芯谢褍褔邪械褌褋褟	0.000283	0.400478	0.000113
锌芯谢褍褔邪泄褌械	0.000283	0.040822	0.000012
锌芯谢褍褔邪褌褜	0.000283	0.040822	0.000012
锌芯谢褍褔邪褞褌	0.000283	4.605170	0.001302
锌芯谢褍褔懈谢	0.000283	3.912023	0.001106
锌芯谢褍褔懈褌褋褟	0.000283	1.714798	0.000485
锌芯谢褜蟹邪	0.000283	0.127833	0.000036
锌芯谢褜蟹芯泄	0.001131	0.116534	0.000132
锌芯谢褜褋泻邪褟	0.000283	0.116534	0.000033
锌芯屑邪写泻邪	0.000565	0.040822	0.000023
锌芯屑邪写泻懈	0.000283	0.116534	0.000033
锌芯屑懈写芯褉	0.002826	0.713350	0.002016
锌芯屑懈写芯褉泻懈	0.000283	0.127833	0.000036
锌芯屑懈写芯褉褘	0.000565	0.116534	0.000066
锌芯屑芯薪邪	0.000283	4.605170	0.001302
锌芯薪褉邪胁懈胁褕懈械褋褟	0.000283	0.040822	0.000012
锌芯薪褔懈泻懈	0.000565	0.040822	0.000023
锌芯锌械褉械泻	0.000283	4.605170	0.001302
锌芯锌褉芯斜芯胁邪谢邪	0.000283	1.469676	0.000415
锌芯锌褉芯斜褍泄	0.000283	3.506558	0.000991
锌芯锌褉芯斜褍泄褌械	0.000283	0.562119	0.000159
锌芯锌褍谢褟褉薪芯褋褌褜	0.000283	3.912023	0.001106
锌芯褉邪	0.000283	0.116534	0.000033
锌芯褉械泄	0.000565	2.302585	0.001302
锌芯褉芯谐械	0.000283	2.813411	0.000795
锌芯褉褌褍谐邪谢褜褋泻邪褟	0.000283	0.116534	0.000033
锌芯褋械褖邪械褌械	0.000283	0.061875	0.000017
锌芯褋褌	0.001413	0.105361	0.000149
锌芯褋褌懈屑褋褟	0.000283	2.995732	0.000847
锌芯褋褌懈褌褋褟	0.000283	2.659260	0.000752
锌芯褋褌薪芯械	0.000283	0.116534	0.000033
锌芯褋褌薪褘械	0.000283	0.040822	0.000012
锌芯褋褌薪褘泄	0.000283	0.116534	0.000033
锌芯褋褌芯褟薪薪芯	0.000283	0.040822	0.000012
锌芯褋褌褉芯懈屑	0.000283	0.116534	0.000033
锌芯褋褍写邪	0.000565	0.094311	0.000053
锌芯褍卸懈薪邪褌褜	0.000283	4.605170	0.001302
锌芯褍褔邪褋褌胁芯胁邪褌褜	0.000283	4.605170	0.001302
锌芯褔褌褍	0.000283	0.040822	0.000012
锌芯褕邪谐芯胁褘械	0.000283	0.301105	0.000085
锌芯褕邪谐芯胁褘屑懈	0.000283	0.040822	0.000012
锌褉邪蟹写薪懈泻邪	0.000283	0.116534	0.000033
锌褉邪蟹写薪懈褔薪芯	0.000283	0.116534	0.000033
锌褉邪蟹写薪懈褔薪芯谐芯	0.000283	0.116534	0.000033
锌褉邪蟹写薪懈褔薪褘泄	0.000283	0.116534	0.000033
锌褉邪泻褌懈泻褍屑	0.000283	0.116534	0.000033
锌褉械胁芯褋褏芯写薪褘械	0.000283	0.116534	0.000033
锌褉械胁褉邪褖械薪懈褟	0.000283	0.116534	0.000033
锌褉械写褋褌邪胁懈褌褜	0.000283	1.660731	0.000469
锌褉械泻褉邪褋薪芯	0.000283	1.714798	0.000485
锌褉械泻褉邪褋薪芯械	0.000283	2.525729	0.000714
锌褉械褋薪芯械	0.000283	0.116534	0.000033
锌褉械褌械薪写褍褞	0.000283	3.506558	0.000991
锌褉械褌械薪蟹懈懈	0.000283	4.605170	0.001302
锌褉懈谐芯胁邪褉懈胁邪谢邪	0.000283	4.605170	0.001302
锌褉懈谐芯褌芯胁懈屑	0.000283	0.116534	0.000033
锌褉懈谐芯褌芯胁懈褌褜	0.000283	0.342490	0.000097
锌褉懈谐芯褌芯胁谢械薪懈械	0.000283	0.105361	0.000030
锌褉懈谐芯褌芯胁谢械薪懈懈	0.000283	0.798508	0.000226
锌褉懈谐芯褌芯胁谢械薪懈褞	0.000283	0.040822	0.000012
锌褉懈谐芯褌芯胁谢械薪懈褟	0.000283	0.371064	0.000105
锌褉懈谐褉邪薪懈褔薪褘泄	0.000283	4.605170	0.001302
锌褉懈蟹薪邪薪懈械	0.000283	0.116534	0.000033
锌褉懈蟹芯胁	0.000283	0.040822	0.000012
锌褉懈薪械褋谢邪	0.000283	2.659260	0.000752
锌褉懈薪懈屑邪泄褌械	0.000283	4.605170	0.001302
锌褉懈芯斜褉械谢	0.000283	4.605170	0.001302
锌褉懈锌褉邪胁邪	0.000848	0.040822	0.000035
锌褉懈褉芯写褍	0.000283	0.116534	0.000033
锌褉懈褉芯写褘	0.000283	0.116534	0.000033
锌褉懈褋褌褍锌懈褌褜	0.000283	0.040822	0.000012
锌褉懈褔械屑	0.000283	4.605170	0.001302
锌褉芯胁械写懈	0.001131	0.116534	0.000132
锌褉芯胁械褉械薪芯	0.001696	0.116534	0.000198
锌褉芯胁芯写懈屑褘褏	0.000283	0.040822	0.000012
锌褉芯胁芯卸邪械屑	0.000283	0.116534	0.000033
锌褉芯写褍泻褌芯胁	0.000283	0.094311	0.000027
锌褉芯械泻褌芯胁	0.000283	0.116534	0.000033
锌褉芯械泻褌褘	0.000283	0.061875	0.000017
锌褉芯蟹褉邪褔薪褘泄	0.000283	3.506558	0.000991
锌褉芯褋屑芯褌褉邪屑	0.000283	0.274437	0.000078
锌褉芯褋褌	0.000283	2.525729	0.000714
锌褉芯褋褌芯	0.001979	0.083382	0.000165
锌褉芯褋褌芯泻胁邪褕邪	0.000283	0.040822	0.000012
锌褉芯褌懈胁芯锌芯谢芯卸薪芯屑	0.000283	4.605170	0.001302
锌褉芯褎懈谢褜	0.000283	0.040822	0.000012
锌褉褟屑芯	0.000565	0.040822	0.000023
锌褉褟薪懈泻	0.000283	0.040822	0.000012
锌褉褟薪懈泻懈	0.000283	0.116534	0.000033
锌褉褟薪懈褔薪芯械	0.000283	0.116534	0.000033
锌褌懈褑邪	0.001413	0.116534	0.000165
锌褌懈褑械	0.000565	0.116534	0.000066
锌褌懈褑械泄	0.000283	0.127833	0.000036
锌褌懈褑褘	0.003674	0.116534	0.000428
锌褍写懈薪谐	0.000283	0.040822	0.000012
锌褍写懈薪谐懈	0.000565	0.116534	0.000066
锌褍薪褕	0.000283	0.040822	0.000012
锌褍褋褌褍褞	0.000283	3.912023	0.001106
锌褍褌械褕械褋褌胁懈械	0.000848	0.116534	0.000099
锌褍褌褜	0.000283	0.116534	0.000033
锌褘褕泻懈	0.000283	0.040822	0.000012
锌褞褉械	0.001131	0.040822	0.000046
褉邪谐褍	0.000283	0.116534	0.000033
褉邪蟹	0.000283	0.446287	0.000126
褉邪蟹胁械褉薪褍褌褜	0.000283	0.116534	0.000033
褉邪蟹写械谢褜薪芯械	0.000283	0.116534	0.000033
褉邪蟹薪褘械	0.000565	0.116534	0.000066
褉邪薪褜褕械	0.000283	1.560648	0.000441
褉邪褋锌芯谢芯卸械薪	0.000283	2.813411	0.000795
褉邪褋褋芯谢褜薪懈泻	0.000565	0.040822	0.000023
褉邪褋褋芯谢褜薪懈泻邪	0.000283	0.116534	0.000033
褉邪褋褋褘谢泻懈	0.000283	0.061875	0.000017
褉邪褋褌懈褌械谢褜薪芯械	0.003957	0.235722	0.000933
褉械谐懈褋褌褉邪褑懈懈	0.000565	0.010050	0.000006
褉械谐懈褋褌褉邪褑懈褟	0.000283	0.000000	0.000000
褉械写褜泻邪	0.001696	4.605170	0.007810
褉械泄褌懈薪谐褍	0.000283	0.248461	0.000070
褉械锌褔邪褌褘泄	0.005088	0.430783	0.002192
褉械褑械锌褌	0.003392	0.040822	0.000138
褉械褑械锌褌邪屑	0.000283	2.659260	0.000752
褉械褑械锌褌邪褏	0.000283	0.061875	0.000017
褉械褑械锌褌懈泻芯屑	0.000283	4.605170	0.001302
褉械褑械锌褌芯胁	0.001979	0.040822	0.000081
褉械褑械锌褌褘	0.020633	0.040822	0.000842
褉懈褋	0.001131	0.040822	0.000046
褉懈褋邪	0.000283	0.116534	0.000033
褉懈褌屑械	0.000283	0.116534	0.000033
褉芯谐邪谢懈泻懈	0.000283	0.040822	0.000012
褉芯写薪芯械	0.000283	0.116534	0.000033
褉芯写薪芯泄	0.000283	3.912023	0.001106
褉芯卸写械薪懈褟	0.000283	0.105361	0.000030
褉芯卸写械褋褌胁芯	0.000283	0.116534	0.000033
褉芯谢谢褌芯薪	0.000283	0.116534	0.000033
褉芯谢谢褘	0.000565	0.040822	0.000023
褉芯屑	0.000283	0.040822	0.000012
褉芯褋褋懈懈	0.000283	2.659260	0.000752
褉褍斜褉懈泻邪褌芯褉	0.000283	0.051293	0.000014
褉褍谢械褌	0.000283	0.040822	0.000012
褉褍谢械褌褘	0.002826	0.116534	0.000329
褉褍屑褘薪褋泻邪褟	0.000283	0.116534	0.000033
褉褍屑褟薪褘械	0.000283	0.116534	0.000033
褉褍薪械褌械	0.000283	0.020203	0.000006
褉褍褋褋泻邪褟	0.000283	0.116534	0.000033
褉褍褋褋泻懈械	0.000283	2.995732	0.000847
褉褍褔泻懈	0.000283	2.525729	0.000714
褉褘斜邪	0.002544	0.040822	0.000104
褉褘斜械	0.000565	0.116534	0.000066
褉褘斜薪邪褟	0.000283	0.116534	0.000033
褉褘斜薪芯谐芯	0.000565	0.116534	0.000066
褉褘斜薪褘械	0.001131	0.116534	0.000132
褉褘斜薪褘泄	0.000565	0.116534	0.000066
褉褘斜薪褘褏	0.000283	0.116534	0.000033
褉褘斜芯泄	0.000565	0.116534	0.000066
褉褘斜褘	0.003674	0.116534	0.000428
褉褟卸械薪泻邪	0.000283	0.116534	0.000033
褋邪泄褌	0.000848	0.000000	0.000000
褋邪泄褌械	0.000283	0.462035	0.000131
褋邪泄褌褍	0.000565	0.061875	0.000035
褋邪谢邪褌	0.002261	0.094311	0.000213
褋邪谢邪褌薪邪褟	0.000283	0.116534	0.000033
褋邪谢邪褌芯屑	0.000283	2.207275	0.000624
褋邪谢邪褌褘	0.011306	0.040822	0.000462
褋邪屑芯谐芯薪	0.000283	0.040822	0.000012
褋邪屑褘褏	0.000565	0.116534	0.000066
褋邪薪泻褌	0.000283	3.912023	0.001106
褋邪褎	0.000848	0.116534	0.000099
褋邪褎褋械屑	0.000283	0.116534	0.000033
褋邪褏邪褉	0.002826	0.116534	0.000329
褋斜懈褌械薪褜	0.000283	0.040822	0.000012
褋胁邪写械斜薪褘泄	0.000283	2.813411	0.000795
褋胁械卸械褋褌褜	0.000283	0.105361	0.000030
褋胁械泻谢邪	0.000283	0.040822	0.000012
褋胁械泻芯谢褜薪懈泻	0.000565	0.040822	0.000023
褋胁械褌邪	0.001131	0.116534	0.000132
褋胁械褌谢邪薪泻邪	0.000283	3.506558	0.000991
褋胁懈薪懈薪邪	0.000283	0.040822	0.000012
褋胁懈薪懈薪褘	0.001131	0.116534	0.000132
褋胁芯械	0.000565	0.116534	0.000066
褋胁芯械屑	0.000283	0.040822	0.000012
褋胁芯懈屑	0.000283	0.040822	0.000012
褋胁芯褞	0.000283	0.040822	0.000012
褋谐褍褖械薪泻邪	0.000283	0.040822	0.000012
褋写械谢邪褌褜	0.000283	1.021651	0.000289
褋械谐芯写薪褟	0.000565	0.843970	0.000477
褋械蟹芯薪	0.000283	0.116534	0.000033
褋械泄褔邪褋	0.000565	0.030459	0.000017
褋械泻褉械褌懈泻芯屑	0.000283	3.912023	0.001106
褋械泻褉械褌褘	0.000565	0.116534	0.000066
褋械谢械写泻邪	0.000283	0.040822	0.000012
褋械谢褜写械褉械泄	0.000565	2.120264	0.001199
褋械屑谐邪	0.000283	0.040822	0.000012
褋械屑械泄薪褘泄	0.000283	0.116534	0.000033
褋械屑褜械	0.000283	1.309333	0.000370
褋械屑褜懈	0.000283	0.116534	0.000033
褋械屑褜褟屑懈	0.000283	3.912023	0.001106
褋械褉懈懈	0.000283	2.407946	0.000681
褋懈写褉	0.000283	0.040822	0.000012
褋懈褉懈泄褋泻邪褟	0.000283	0.116534	0.000033
褋懈褉芯锌	0.000283	0.040822	0.000012
褋懈褉芯锌褘	0.000283	0.116534	0.000033
褋懈褋褌械屑褘	0.000283	0.040822	0.000012
褋懈褌懈	0.000283	0.127833	0.000036
褋泻邪蟹邪谢邪	0.000283	1.832581	0.000518
褋泻邪蟹邪褌褜	0.000283	0.653926	0.000185
褋泻邪蟹芯泻	0.000283	0.116534	0.000033
褋泻芯谢褜泻芯	0.000283	1.832581	0.000518
褋谢邪写泻邪褟	0.001696	0.116534	0.000198
褋谢邪写泻懈械	0.001696	0.040822	0.000069
褋谢邪写泻懈泄	0.003674	0.105361	0.000387
褋谢邪写泻懈褏	0.000565	0.116534	0.000066
褋谢邪写泻芯	0.000283	0.116534	0.000033
褋谢懈胁芯褔薪芯械	0.000848	0.116534	0.000099
褋谢懈褕泻芯屑	0.000283	2.120264	0.000599
褋谢芯械薪芯谐芯	0.000283	0.127833	0.000036
褋谢芯械薪芯械	0.000283	0.116534	0.000033
褋谢芯械薪褘泄	0.000283	0.116534	0.000033
褋谢芯泄泻邪	0.000283	0.040822	0.000012
褋谢芯泄泻懈	0.000283	0.116534	0.000033
褋谢褍褔邪械	0.000283	1.897120	0.000536
褋屑械谢芯	0.000283	2.120264	0.000599
褋屑械褋褜	0.001131	1.660731	0.001878
褋屑械褌邪薪邪	0.000283	0.105361	0.000030
褋屑械褕邪薪薪芯谐芯	0.000283	0.116534	0.000033
褋屑芯卸械褌械	0.000283	0.040822	0.000012
褋屑褍蟹懈	0.000848	0.040822	0.000035
褋薪褝泻	0.000283	0.116534	0.000033
褋芯斜懈褉邪械褌械褋褜	0.000283	0.040822	0.000012
褋芯胁械褉褕械薪薪芯	0.000283	1.171183	0.000331
褋芯胁械褉褕械薪褋褌胁芯	0.001413	0.116534	0.000165
褋芯胁械褌邪屑懈	0.000283	0.040822	0.000012
褋芯胁褋械屑	0.000283	1.139434	0.000322
褋芯谐谢邪褕邪械褌械褋褜	0.000283	0.040822	0.000012
褋芯械胁褘泄	0.001696	0.798508	0.001354
褋芯蟹写邪械褌	0.000283	0.116534	0.000033
褋芯蟹写邪薪懈褟	0.000565	0.261365	0.000148
褋芯泻	0.000848	0.116534	0.000099
褋芯泻邪	0.000283	0.105361	0.000030
褋芯泻懈	0.000283	0.040822	0.000012
褋芯谢械薪褘械	0.000848	0.116534	0.000099
褋芯谢械薪褜褟	0.000565	0.116534	0.000066
褋芯谢薪械褔薪芯泄	0.000283	0.127833	0.000036
褋芯谢褜	0.005088	0.150823	0.000767
褋芯谢褟薪泻邪	0.000565	0.040822	0.000023
褋芯芯褌胁械褌褋褌胁褍褞褖懈械	0.000283	4.605170	0.001302
褋芯褉褌懈褉芯胁邪褌褜	0.000283	0.248461	0.000070
褋芯褋褌邪胁褜	0.000283	0.116534	0.000033
褋芯褍褋	0.004522	0.040822	0.000185
褋芯褍褋芯屑	0.001413	0.116534	0.000165
褋芯褍褋褘	0.001131	0.116534	0.000132
褋芯褏褉邪薪褟褌褜	0.000283	0.040822	0.000012
褋芯褑褋械褌懈	0.000283	0.040822	0.000012
褋芯褔械褌邪薪懈械	0.000283	0.116534	0.000033
褋芯褔薪芯械	0.000283	0.116534	0.000033
褋芯褔薪褘屑懈	0.000283	3.218876	0.000910
褋锌邪谢褜薪褟屑懈	0.000848	0.446287	0.000378
褋锌械褑懈邪谢褜薪芯械	0.000283	0.116534	0.000033
褋锌械褑懈懈	0.001413	0.105361	0.000149
褋锌械褑懈泄	0.001131	1.966113	0.002223
褋锌械褑锌褉芯械泻褌	0.009327	0.116534	0.001087
褋锌懈褋芯泻	0.000283	0.116534	0.000033
褋锌芯褋芯斜芯屑	0.000283	2.207275	0.000624
褋锌芯褞	0.000283	0.116534	0.000033
褋褉邪蟹褍	0.000283	0.733969	0.000207
褋褉械写懈蟹械屑薪芯屑芯褉褋泻邪褟	0.000283	0.127833	0.000036
褋褉械写薪械邪蟹懈邪褌褋泻懈屑	0.000283	4.605170	0.001302
褋褉械写薪械械	0.000283	3.218876	0.000910
褋褉械写薪械褉褍褋褋泻懈	0.000283	4.605170	0.001302
褋褌邪薪芯胁懈谢褋褟	0.000283	3.912023	0.001106
褋褌邪薪芯胁懈褌褋褟	0.000283	3.506558	0.000991
褋褌邪褉懈薪薪褘屑	0.000283	3.912023	0.001106
褋褌邪褉褘械	0.000283	0.261365	0.000074
褋褌邪褌褜褟褏	0.000283	0.061875	0.000017
褋褌懈谢械	0.000565	0.116534	0.000066
褋褌懈谢褟	0.000283	0.116534	0.000033
褋褌芯谢	0.000565	0.105361	0.000060
褋褌芯谢邪	0.001696	0.116534	0.000198
褋褌芯谢褜泻芯	0.000283	2.040221	0.000577
褋褌褉邪薪懈褔泻械	0.000283	4.605170	0.001302
褋褌褉芯谐芯	0.000283	2.407946	0.000681
褋褌褉芯懈褌械谢褜褋褌胁械	0.000283	0.040822	0.000012
褋褌褉芯懈褌械谢褜褋褌胁褍	0.000283	0.040822	0.000012
褋褌褉芯懈褌褜	0.000283	0.040822	0.000012
褋褌褉芯泄薪芯泄	0.000283	0.116534	0.000033
褋褌褍写械薪褌褘	0.000283	4.605170	0.001302
褋褍斜锌褉芯写褍泻褌芯胁	0.001979	0.116534	0.000231
褋褍斜锌褉芯写褍泻褌褘	0.000848	0.116534	0.000099
褋褍写懈褌械	0.000283	2.813411	0.000795
褋褍锌	0.005936	0.040822	0.000242
褋褍锌邪	0.000283	0.040822	0.000012
褋褍锌械褉斜邪斜褍褕泻邪	0.000848	1.237874	0.001050
褋褍锌褔懈泻	0.000283	2.302585	0.000651
褋褍锌褔懈泻邪	0.000283	3.912023	0.001106
褋褍锌褘	0.007066	0.040822	0.000288
褋褍褎谢械	0.000848	0.040822	0.000035
褋褍褏邪褉懈	0.000283	0.040822	0.000012
褋褍褕懈	0.000565	0.040822	0.000023
褋褗械谢邪	0.000283	2.659260	0.000752
褋褘褉	0.001413	0.040822	0.000058
褋褘褉邪	0.001979	0.116534	0.000231
褋褘褉邪屑懈	0.000283	0.127833	0.000036
褋褘褉薪懈泻	0.000283	0.040822	0.000012
褋褘褉薪懈泻懈	0.000565	0.116534	0.000066
褋褘褉薪褘械	0.001131	0.040822	0.000046
褋褘褌薪芯	0.000283	1.771957	0.000501
褋褘褌薪褘泄	0.000848	0.105361	0.000089
褋褘褌薪褘屑	0.000283	2.995732	0.000847
褋褘褔褍卸薪褘屑懈	0.000283	0.127833	0.000036
褋褝薪写胁懈褔懈	0.000283	0.127833	0.000036
褋褞褉锌褉懈蟹	0.000565	0.116534	0.000066
褌邪写卸懈泻褋泻邪褟	0.000283	0.116534	0.000033
褌邪泄褋泻邪褟	0.000283	0.116534	0.000033
褌邪泻懈屑	0.001131	1.021651	0.001155
褌邪泻懈褏	0.000283	1.660731	0.000469
褌邪褉械谢泻褍	0.000283	3.506558	0.000991
褌邪褉械谢芯褔泻邪	0.000283	4.605170	0.001302
褌邪褉褌	0.000283	0.116534	0.000033
褌邪褉褌邪谢械褌泻懈	0.000565	0.040822	0.000023
褌邪褌邪褉褋泻邪褟	0.000283	0.116534	0.000033
褌邪褌邪褉褋泻芯械	0.000283	4.605170	0.001302
褌胁芯懈	0.000565	0.116534	0.000066
褌胁芯褉懈	0.000283	0.116534	0.000033
褌胁芯褉芯谐	0.000565	0.040822	0.000023
褌胁芯褉芯谐芯屑	0.000283	0.105361	0.000030
褌胁芯褉芯卸薪芯械	0.000283	0.116534	0.000033
褌胁芯褉芯卸薪褘械	0.000565	0.116534	0.000066
褌胁芯褉芯卸薪褘泄	0.000283	0.116534	0.000033
褌械谢械谐褉邪屑	0.000283	0.040822	0.000012
褌械谢褟褌懈薪褘	0.001131	0.116534	0.000132
褌械屑	0.000565	0.967584	0.000547
褌械屑懈	0.000283	3.218876	0.000910
褌械锌谢芯屑	0.000283	0.116534	0.000033
褌械褉褉邪褋芯泄	0.000565	0.798508	0.000451
褌械褉褉懈薪	0.000283	0.040822	0.000012
褌械褋褌	0.001413	0.127833	0.000181
褌械褋褌邪	0.001413	0.105361	0.000149
褌械褋褌芯	0.002544	0.040822	0.000104
褌械褏	0.000283	0.634878	0.000179
褌械褏薪懈泻邪	0.001413	0.105361	0.000149
褌械褖懈薪	0.000283	0.040822	0.000012
褌屑	0.001131	0.127833	0.000145
褌芯谐芯	0.000283	1.427116	0.000403
褌芯屑邪褌薪邪褟	0.001131	1.560648	0.001764
褌芯屑褍	0.000283	2.659260	0.000752
褌芯锌谢械薪芯械	0.000283	0.116534	0.000033
褌芯褉褌	0.003109	0.040822	0.000127
褌芯褉褌褘	0.002544	0.116534	0.000296
褌褉邪胁褘	0.000283	0.105361	0.000030
褌褉邪写懈褑懈懈	0.000283	0.116534	0.000033
褌褉邪写懈褑懈泄	0.001131	0.116534	0.000132
褌褉邪写懈褑懈芯薪薪芯	0.000283	2.995732	0.000847
褌褉邪写懈褑懈褟褏	0.000283	0.116534	0.000033
褌褉械褏谢械褌懈械屑	0.000283	0.116534	0.000033
褌褉懈	0.000283	1.386294	0.000392
褌褉褍斜芯褔泻懈	0.000283	0.040822	0.000012
褌褍薪懈褋褋泻邪褟	0.000283	0.116534	0.000033
褌褍薪褑芯屑	0.000283	0.116534	0.000033
褌褍褉械褑泻邪褟	0.000283	0.116534	0.000033
褌褘泻胁邪	0.000283	0.040822	0.000012
褍胁械写芯屑谢械薪懈褟	0.000283	0.040822	0.000012
褍胁懈写械谢邪	0.000283	1.427116	0.000403
褍谐邪写邪泄	0.000565	3.912023	0.002211
褍谐芯褋褌懈谢邪	0.000283	2.995732	0.000847
褍谐芯褖邪泄褌械褋褜	0.000848	1.021651	0.000866
褍写邪谢褞	0.000283	1.771957	0.000501
褍写邪褔薪邪褟	0.000283	0.116534	0.000033
褍写懈胁懈	0.000283	0.116534	0.000033
褍写懈胁懈褌械谢褜薪褘泄	0.000283	3.506558	0.000991
褍写懈胁谢褟泄褌械	0.001131	0.116534	0.000132
褍写芯斜薪芯	0.000283	2.659260	0.000752
褍写芯胁芯谢褜褋褌胁懈械屑	0.000283	0.116534	0.000033
褍卸	0.000283	0.693147	0.000196
褍卸懈薪	0.001696	0.094311	0.000160
褍蟹斜械泻褋泻邪褟	0.000283	0.116534	0.000033
褍泻褉邪懈薪褋泻邪褟	0.000283	0.116534	0.000033
褍泻褉邪褕械薪懈褟	0.002261	0.116534	0.000264
褍泻褋褍褋	0.002261	0.634878	0.001436
褍谢褘斜邪褟褋褜	0.000283	3.912023	0.001106
褍锌芯褌褉械斜谢械薪懈械屑	0.000283	0.116534	0.000033
褍锌芯褌褉械斜谢褟褌褜	0.000283	2.525729	0.000714
褍褉邪谢褜褋泻邪褟	0.000283	0.116534	0.000033
褍褉芯卸邪泄	0.000283	0.105361	0.000030
褍褌胁械褉卸写邪械褌	0.000283	3.506558	0.000991
褍褌泻懈	0.000848	0.116534	0.000099
褍褏邪	0.000283	0.040822	0.000012
褍褔邪褋褌胁芯胁邪褌褜	0.000283	0.040822	0.000012
褎邪蟹械薪写褘	0.000283	0.127833	0.000036
褎邪薪褌邪蟹懈懈	0.001696	0.116534	0.000198
褎邪薪褌邪蟹懈泄	0.000283	0.116534	0.000033
褎邪薪褌邪蟹懈褟	0.000283	0.116534	0.000033
褎邪褉褕	0.000565	1.021651	0.000578
褎邪褉褕邪	0.003674	0.040822	0.000150
褎邪褉褕懈褉芯胁邪薪薪邪褟	0.000565	0.116534	0.000066
褎邪褉褕懈褉芯胁邪薪薪芯械	0.000283	0.116534	0.000033
褎邪褉褕懈褉芯胁邪薪薪褘械	0.000565	0.040822	0.000023
褎邪褉褕懈褉芯胁邪薪薪褘泄	0.000283	0.040822	0.000012
褎邪褋芯谢褜	0.000283	0.040822	0.000012
褎械胁褉邪谢褟	0.000848	0.105361	0.000089
褎械泄械褉胁械褉泻	0.000565	0.116534	0.000066
褎懈谐褍褉械	0.000283	0.116534	0.000033
褎懈谢械	0.000565	0.916291	0.000518
褎懈薪褋泻邪褟	0.000283	0.116534	0.000033
褎懈褉屑械薪薪芯械	0.000283	0.116534	0.000033
褎芯薪写褞	0.000283	0.040822	0.000012
褎芯褉屑褘	0.000283	0.116534	0.000033
褎芯褉褍屑械	0.000565	0.040822	0.000023
褎芯褉褕屑邪泻	0.000283	0.040822	0.000012
褎芯褌芯谐褉邪褎懈褟褏	0.000283	4.605170	0.001302
褎褉邪薪褑懈懈	0.000283	0.116534	0.000033
褎褉邪薪褑褍蟹褋泻邪褟	0.000283	0.116534	0.000033
褎褉邪褍	0.001131	0.116534	0.000132
褎褉懈泻邪写械谢械泻	0.000283	3.912023	0.001106
褎褉懈泻邪写械谢褜泻邪屑懈	0.000565	4.605170	0.002603
褎褉懈褋泻芯	0.000283	3.506558	0.000991
褎褉褍泻褌芯胁	0.001131	0.116534	0.000132
褎褉褍泻褌芯胁芯	0.000283	0.116534	0.000033
褎褉褍泻褌芯胁褘械	0.001979	0.040822	0.000081
褎褍写	0.000283	0.116534	0.000033
褎褍薪褔芯蟹邪	0.000283	3.912023	0.001106
褎褍薪褔芯蟹褍	0.000283	4.605170	0.001302
褎褍褉褕械褌	0.000283	0.116534	0.000033
褏邪谢胁邪	0.000283	0.040822	0.000012
褏邪褉胁械褋褌褎械褋褌	0.000565	0.116534	0.000066
褏邪褉褔芯	0.000565	0.040822	0.000023
褏邪褕	0.000283	0.040822	0.000012
褏胁芯褉芯褋褌	0.000283	0.040822	0.000012
褏懈薪泻邪谢懈	0.000283	0.116534	0.000033
褏懈褌	0.001979	0.116534	0.000231
褏懈褌褉芯	0.000283	3.912023	0.001106
褏谢械斜	0.000848	0.040822	0.000035
褏谢械斜芯锌械褔泻懈	0.000283	0.116534	0.000033
褏谢芯锌褜褟	0.000565	0.105361	0.000060
褏芯蟹褟械泻	0.000283	3.218876	0.000910
褏芯蟹褟泄泻懈	0.000283	0.127833	0.000036
褏芯谢芯写械褑	0.000283	0.040822	0.000012
褏芯谢芯写懈谢褜薪懈泻械	0.000283	1.609438	0.000455
褏芯谢芯写薪芯屑	0.000283	2.525729	0.000714
褏芯谢芯写薪褘械	0.000565	0.116534	0.000066
褏芯谢芯写薪褘泄	0.000565	0.116534	0.000066
褏芯谢芯写薪褘屑	0.000283	3.912023	0.001106
褏芯褉胁邪褌褋泻邪褟	0.000283	0.116534	0.000033
褏芯褉芯褕芯	0.001696	0.105361	0.000179
褏芯褉褋	0.000283	0.116534	0.000033
褏芯褌懈褌械	0.000283	0.040822	0.000012
褏芯褔褍	0.001131	0.562119	0.000636
褏褉邪薪懈褌褋褟	0.000283	2.525729	0.000714
褏褍屑褍褋	0.000283	0.040822	0.000012
褏褝泄褏褝	0.001131	4.605170	0.005207
褑邪褉褋褌胁芯	0.000283	0.127833	0.000036
褑邪褉褜	0.000283	0.116534	0.000033
褑胁械褌薪邪褟	0.000283	0.040822	0.000012
褑械薪薪褘褏	0.000283	0.040822	0.000012
褑械薪褌褉	0.000283	0.116534	0.000033
褔邪械屑	0.000283	0.116534	0.000033
褔邪泄	0.000848	0.040822	0.000035
褔邪褋褌芯	0.000283	0.994252	0.000281
褔械斜褍褉械泻懈	0.000565	0.040822	0.000023
褔械褉泻懈蟹芯胁芯	0.000565	0.116534	0.000066
褔械褉薪褘泄	0.000565	0.371064	0.000210
褔械褋薪芯泻	0.004522	0.314711	0.001423
褔械褋褌薪褘屑懈	0.000283	0.040822	0.000012
褔械褔械胁懈褑邪	0.000283	0.040822	0.000012
褔械褕褋泻邪褟	0.000283	0.116534	0.000033
褔懈蟹泻械泄泻	0.001131	0.040822	0.000046
褔懈谢懈	0.000565	1.237874	0.000700
褔懈谢懈泄褋泻邪褟	0.000283	0.116534	0.000033
褔懈锌褋褘	0.000283	0.040822	0.000012
褔懈褋谢褍	0.000283	0.261365	0.000074
褔褍写械褋	0.000283	0.116534	0.000033
褔褍写芯	0.000283	1.309333	0.000370
褕邪屑锌懈薪褜芯薪褘	0.000565	1.309333	0.000740
褕邪褉懈泻懈	0.000283	0.040822	0.000012
褕邪褉谢芯褌泻邪	0.000283	0.040822	0.000012
褕邪褉谢芯褌泻懈	0.000283	0.127833	0.000036
褕邪褉屑	0.000283	0.116534	0.000033
褕邪褕谢褘泻	0.003392	0.040822	0.000138
褕邪褕谢褘泻懈	0.000283	0.040822	0.000012
褕胁械写褋泻邪褟	0.000283	0.116534	0.000033
褕胁械泄褑邪褉褋泻邪褟	0.000283	0.116534	0.000033
褕械写械胁褉褘	0.000283	0.116534	0.000033
褕械谢泻芯胁褘泄	0.000283	3.912023	0.001106
褕械褎	0.000565	0.127833	0.000072
褕懈锌褍褔泻邪	0.000283	0.040822	0.000012
褕懈褉芯泻邪褟	0.000283	0.127833	0.000036
褕泻芯谢褍	0.000283	0.116534	0.000033
褕芯泻芯谢邪写	0.000283	0.040822	0.000012
褕芯锌锌懈薪谐	0.000283	4.605170	0.001302
褕芯褌谢邪薪写褋泻邪褟	0.000283	0.116534	0.000033
褕褌褉褍写械谢褜	0.000283	0.040822	0.000012
褕褍褉锌邪	0.000283	0.040822	0.000012
褖邪褋	0.000283	0.116534	0.000033
褖械写褉邪褟	0.000283	0.116534	0.000033
褖懈	0.000565	0.040822	0.000023
褝泻芯屑懈谢泻	0.000283	0.127833	0.000036
褝褉泻械褉芯屑	0.000283	2.040221	0.000577
褝褋褌芯薪褋泻邪褟	0.000283	0.116534	0.000033
褝褌懈屑	0.000283	1.108663	0.000313
褝褌芯谐芯	0.000283	0.415515	0.000117
褞谐芯褋谢邪胁褋泻邪褟	0.000283	0.116534	0.000033
褟谐芯写薪褘械	0.000565	0.116534	0.000066
褟谐芯写薪褘泄	0.000565	0.116534	0.000066
褟蟹褘泻	0.000283	0.040822	0.000012
褟懈褑	0.001131	0.116534	0.000132
褟懈褔薪褘泄	0.001131	1.049822	0.001187
褟泄褑邪	0.000283	0.040822	0.000012
褟泄褑芯	0.001696	0.261365	0.000443
褟薪胁邪褉褟	0.000283	0.733969	0.000207
褟薪写械泻褋	0.000283	0.072571	0.000021
褟锌芯薪褋泻邪褟	0.000283	0.116534	0.000033
褟锌芯薪褋泻芯泄	0.000283	0.061875	0.000017
褟褉泻懈械	0.000283	0.116534	0.000033
褟褉泻芯	0.000283	0.105361	0.000030
