褌芯泻械薪	TF	IDF	TF-IDF
邪斜褏邪蟹褋泻邪褟	0.000265	0.116534	0.000031
邪胁谐褍褋褌邪	0.000265	0.867501	0.000230
邪胁褋褌褉邪谢懈泄褋泻邪褟	0.000265	0.116534	0.000031
邪胁褋褌褉懈泄褋泻邪褟	0.000265	0.116534	0.000031
邪胁褌芯泻谢邪胁邪	0.000265	0.116534	0.000031
邪胁褌芯褉邪屑	0.000265	0.040822	0.000011
邪谐褉芯	0.000265	0.116534	0.000031
邪写卸懈泻邪	0.000265	0.040822	0.000011
邪蟹械褉斜邪泄写卸邪薪褋泻邪褟	0.000265	0.116534	0.000031
邪蟹懈邪褌褋泻邪褟	0.000265	0.127833	0.000034
邪蟹褘	0.000265	0.127833	0.000034
邪泄褉邪薪	0.000265	0.040822	0.000011
邪泻胁邪褌懈泻邪	0.000796	0.127833	0.000102
邪泻泻褍褉邪褌薪芯	0.000265	3.506558	0.000930
邪谢械泻褋械褟	0.000265	0.127833	0.000034
邪谢泻芯谐芯谢褜	0.000531	0.116534	0.000062
邪谢泻芯谐芯谢褜薪褘械	0.000265	0.116534	0.000031
邪谢泻芯谐芯谢褟	0.000265	0.116534	0.000031
邪谢褜褟薪褋	0.000265	0.116534	0.000031
邪屑械褉懈泻邪薪褋泻邪褟	0.000265	0.116534	0.000031
邪薪谐谢懈泄褋泻邪褟	0.000265	0.116534	0.000031
邪薪写褉械褟	0.000265	0.127833	0.000034
邪薪泻谢	0.000265	4.605170	0.001222
邪锌褉械谢褟	0.000265	0.579818	0.000154
邪褉邪斜褋泻邪褟	0.000265	0.116534	0.000031
邪褉谐械薪褌懈薪褋泻邪褟	0.000265	0.116534	0.000031
邪褉屑褟薪褋泻邪褟	0.000265	0.116534	0.000031
邪褋褋芯褉褌懈	0.000531	0.116534	0.000062
邪褌谢邪薪褌	0.000265	0.127833	0.000034
邪褎谐邪薪褋泻邪褟	0.000265	0.116534	0.000031
邪褎褉懈泻邪薪褋泻邪褟	0.000265	0.116534	0.000031
邪褝褉芯谐褉懈谢械	0.002653	0.116534	0.000309
斜邪泻谢邪卸邪薪	0.001327	2.207275	0.002928
斜邪泻谢邪卸邪薪芯胁	0.000265	2.659260	0.000706
斜邪泻谢邪卸邪薪褘	0.000265	0.040822	0.000011
斜邪谢褌泻芯屑	0.000265	0.127833	0.000034
斜邪薪泻械	0.000265	2.407946	0.000639
斜邪薪芯褔械泻	0.000265	3.506558	0.000930
斜邪薪芯褔泻懈	0.000531	3.912023	0.002076
斜邪褉邪薪懈薪褘	0.001061	0.116534	0.000124
斜邪褋泻芯胁	0.000265	4.605170	0.001222
斜邪褋屑邪褌懈	0.000531	0.127833	0.000068
斜邪褋褌褍褉屑邪	0.000265	0.040822	0.000011
斜邪褌芯薪	0.000531	1.660731	0.000881
斜邪褌芯薪褔懈泻懈	0.000265	0.127833	0.000034
斜邪褕泻懈褉褋泻邪褟	0.000265	0.116534	0.000031
斜械蟹邪谢泻芯谐芯谢褜薪褘械	0.000265	0.116534	0.000031
斜械蟹谐谢褞褌械薪芯胁褘械	0.000265	0.116534	0.000031
斜械蟹械	0.001061	0.040822	0.000043
斜械蟹芯斜褉邪蟹懈褟	0.000265	2.525729	0.000670
斜械蟹褍屑薪芯	0.000531	1.560648	0.000828
斜械谢械斜械械胁褋泻懈泄	0.000531	0.116534	0.000062
斜械谢芯泻芯褔邪薪薪邪褟	0.000531	0.994252	0.000528
斜械谢芯褉褍褋褋泻邪褟	0.000265	0.116534	0.000031
斜械谢褜谐懈泄褋泻邪褟	0.000265	0.116534	0.000031
斜械薪褋	0.000265	4.605170	0.001222
斜械褉械屑械薪薪褘褏	0.000265	0.116534	0.000031
斜械褋械写懈薪邪	0.000265	0.127833	0.000034
斜懈褋泻胁懈褌	0.000265	0.040822	0.000011
斜懈褋泻胁懈褌薪芯械	0.000531	0.116534	0.000062
斜懈褋泻胁懈褌薪褘泄	0.000265	0.105361	0.000028
斜懈褋泻胁懈褌褘	0.000265	0.127833	0.000034
斜谢邪谐芯写邪褉薪芯褋褌褜	0.000265	2.813411	0.000746
斜谢邪谐芯锌芯谢褍褔薪芯	0.000265	3.506558	0.000930
斜谢懈卸械	0.000265	0.116534	0.000031
斜谢懈蟹泻懈褏	0.000265	0.116534	0.000031
斜谢懈薪芯胁	0.000531	0.116534	0.000062
斜谢懈薪褘	0.001061	0.040822	0.000043
斜谢褞写	0.000531	0.094311	0.000050
斜谢褞写邪	0.026532	0.040822	0.001083
斜谢褞写邪屑	0.000531	2.813411	0.001493
斜谢褞写芯	0.001061	0.040822	0.000043
斜谢褞写褍	0.000265	0.116534	0.000031
斜芯斜芯胁褘械	0.000531	0.127833	0.000068
斜芯斜芯胁褘褏	0.001592	0.116534	0.000186
斜芯谢谐邪褉褋泻邪褟	0.000265	0.116534	0.000031
斜芯谢谐邪褉褋泻懈泄	0.008756	0.843970	0.007389
斜芯谢械蟹薪褜	0.000265	3.506558	0.000930
斜芯谢褜薪芯	0.000265	1.966113	0.000522
斜芯谢褜褕械	0.000796	0.105361	0.000084
斜芯谢褜褕芯泄	0.000265	1.560648	0.000414
斜芯芯芯芯芯谢褜褕懈屑	0.000265	3.218876	0.000854
斜芯褉褖	0.000531	0.040822	0.000022
斜芯褌胁懈薪褜褟	0.000265	0.040822	0.000011
斜褉邪蟹懈谢褜褋泻邪褟	0.000265	0.116534	0.000031
斜褉邪褍蟹械褉械	0.000265	0.040822	0.000011
斜褉邪褍薪懈	0.000265	0.040822	0.000011
斜褉械褋褌	0.000265	0.127833	0.000034
斜褉芯泻泻芯谢懈	0.000265	0.040822	0.000011
斜褍卸械薪懈薪邪	0.000265	0.040822	0.000011
斜褍谢芯褔泻邪屑懈	0.000265	0.116534	0.000031
斜褍谢芯褔泻懈	0.000531	0.040822	0.000022
斜褍谢褜芯薪	0.002388	0.040822	0.000097
斜褍谢褜芯薪褘	0.001592	0.116534	0.000186
斜褍褉谐械褉	0.000265	0.040822	0.000011
斜褍褉谐械褉褘	0.000265	0.127833	0.000034
斜褍褉褟褌褋泻邪褟	0.000265	0.116534	0.000031
斜褍褌械褉斜褉芯写	0.000531	0.116534	0.000062
斜褍褌械褉斜褉芯写褘	0.000531	0.040822	0.000022
斜褘褋褌褉芯	0.001327	0.094311	0.000125
斜褘褋褌褉芯泄	0.000265	0.116534	0.000031
斜褘褋褌褉褘泄	0.000531	0.105361	0.000056
胁邪卸薪褘械	0.000265	0.116534	0.000031
胁邪谢谢懈泄褋泻邪褟	0.000265	0.116534	0.000031
胁邪屑懈	0.000265	0.843970	0.000224
胁邪褉械薪懈泻懈	0.000265	0.116534	0.000031
胁邪褉械薪褜械	0.000796	0.040822	0.000032
胁邪褉懈邪薪褌	0.000265	0.562119	0.000149
胁邪褌褉褍褕泻懈	0.000265	0.040822	0.000011
胁邪褎谢懈	0.000531	0.040822	0.000022
胁邪褕械泄	0.000531	0.040822	0.000022
胁邪褕懈	0.000265	2.302585	0.000611
胁胁芯写褟	0.000265	0.040822	0.000011
胁写芯胁芯谢褜	0.000265	3.912023	0.001038
胁写芯褏薪芯胁械薪懈械	0.001061	0.116534	0.000124
胁写芯褏薪芯胁械薪懈械屑	0.000531	0.116534	0.000062
胁写芯褏薪芯胁谢褟泄褋褟	0.000265	0.116534	0.000031
胁写褉褍谐	0.000531	2.407946	0.001278
胁械谐械褌邪褉懈邪薪褋泻懈械	0.000265	0.127833	0.000034
胁械谐械褌邪褉懈邪薪褋泻芯械	0.000265	0.116534	0.000031
胁械谢懈泻懈泄	0.000265	0.116534	0.000031
胁械薪谐械褉褋泻邪褟	0.000265	0.116534	0.000031
胁械褋械薪薪懈械	0.000265	0.051293	0.000014
胁械褋薪邪	0.001327	0.116534	0.000155
胁械褋薪褍	0.000265	3.218876	0.000854
胁械褋薪褘	0.000265	0.116534	0.000031
胁械褌褔懈薪褘	0.000265	0.105361	0.000028
胁械褔械褉芯屑	0.000265	2.407946	0.000639
胁蟹谐谢褟写	0.000531	1.427116	0.000757
胁懈写	0.000265	2.207275	0.000586
胁懈写邪	0.000265	2.813411	0.000746
胁懈写械芯	0.000531	0.116534	0.000062
胁懈写械芯褉械褑械锌褌褘	0.000265	0.301105	0.000080
胁懈薪芯	0.000531	0.040822	0.000022
胁懈褕薪懈	0.000265	3.506558	0.000930
胁泻谢褞褔邪褞褖懈褏	0.000265	0.634878	0.000168
胁泻褍褋	0.001592	0.105361	0.000168
胁泻褍褋邪	0.002123	0.116534	0.000247
胁泻褍褋薪邪褟	0.001061	0.061875	0.000066
胁泻褍褋薪械械	0.000531	0.116534	0.000062
胁泻褍褋薪械泄	0.000265	0.116534	0.000031
胁泻褍褋薪芯	0.001857	0.094311	0.000175
胁泻褍褋薪芯褋褌懈	0.000265	3.506558	0.000930
胁泻褍褋薪褘械	0.000531	0.105361	0.000056
胁泻褍褋薪褘泄	0.000531	0.385662	0.000205
胁泻褍褋薪褘屑	0.000531	1.049822	0.000557
胁泻褍褋薪褟褌懈薪褍	0.000265	2.995732	0.000795
胁泻褍褋芯屑	0.000265	0.105361	0.000028
胁谢褞斜懈谢邪褋褜	0.000265	1.832581	0.000486
胁谢褞斜谢械薪薪褘褏	0.000265	0.116534	0.000031
胁薪邪褔邪谢械	0.001061	0.248461	0.000264
胁薪械褋谢邪	0.000265	2.995732	0.000795
胁芯	0.000531	0.061875	0.000033
胁芯写邪	0.001592	0.287682	0.000458
胁芯写械	0.000265	0.105361	0.000028
胁芯写泻邪	0.000531	2.302585	0.001222
胁芯蟹写褍褕薪褘屑懈	0.000265	2.995732	0.000795
胁芯蟹薪邪谐褉邪卸写械薪褘	0.000265	4.605170	0.001222
胁芯蟹薪懈	0.000265	3.912023	0.001038
胁芯泄褌懈	0.000265	0.000000	0.000000
胁芯谢芯胁邪薪褘	0.000265	0.116534	0.000031
胁芯谢褕械斜薪褘械	0.000265	0.116534	0.000031
胁芯谢褕械斜褋褌胁芯	0.000265	0.116534	0.000031
胁芯锌褉芯褋褘	0.000265	0.000000	0.000000
胁芯褋褌芯褉谐械	0.000531	1.469676	0.000780
胁芯褋褌芯褔薪邪褟	0.000265	0.127833	0.000034
胁锌械褉胁褘械	0.000265	1.560648	0.000414
胁锌褉芯泻	0.000265	2.813411	0.000746
胁褉械屑械薪邪	0.000265	0.116534	0.000031
胁褉械屑械薪械屑	0.001592	0.116534	0.000186
胁褉械屑械薪懈	0.000265	0.967584	0.000257
胁褉械屑褟	0.000265	0.400478	0.000106
胁褉芯写械	0.000265	1.897120	0.000503
胁褋械谐写邪	0.000265	0.653926	0.000174
胁褋械谐芯	0.000531	0.186330	0.000099
胁褋械泄	0.001061	0.105361	0.000112
胁褋械屑褍	0.000265	0.061875	0.000016
胁褋谢械锌褍褞	0.000265	3.912023	0.001038
胁褋锌芯屑薪懈褌褜	0.000265	0.040822	0.000011
胁褋褌褉械褔邪谢邪	0.000265	3.506558	0.000930
胁褋褞	0.000265	1.966113	0.000522
胁褌芯褉芯械	0.000265	0.116534	0.000031
胁褌芯褉褘械	0.000265	0.127833	0.000034
胁褌芯褉褘屑	0.000265	3.218876	0.000854
胁褏芯写	0.000796	0.030459	0.000024
胁褘泄褌懈	0.000265	0.040822	0.000011
胁褘谢芯卸懈褌褜	0.000265	2.302585	0.000611
胁褘锌械褔泻邪	0.003715	0.040822	0.000152
胁褘锌械褔泻懈	0.000531	0.072571	0.000039
胁褘锌械褔泻芯泄	0.000265	0.116534	0.000031
胁褘锌褉芯褋懈谢邪	0.000265	2.525729	0.000670
胁褘褏芯写薪褘械	0.000265	2.302585	0.000611
胁褜械褌薪邪屑褋泻邪褟	0.000265	0.116534	0.000031
谐邪胁邪泄褋泻邪褟	0.000265	0.116534	0.000031
谐邪褉邪卸芯屑	0.000265	1.078810	0.000286
谐邪褉薪懈褉	0.001327	0.040822	0.000054
谐邪褉薪懈褉邪	0.000265	3.218876	0.000854
谐邪褋锌邪褔芯	0.000265	0.040822	0.000011
谐械芯谐褉邪褎懈褟	0.000265	0.116534	0.000031
谐谢邪胁薪褘泄	0.000265	0.040822	0.000011
谐谢邪蟹邪	0.000531	2.525729	0.001340
谐谢邪蟹褍褉褜	0.000796	0.040822	0.000032
谐谢械褏褍褉邪写	0.000265	3.218876	0.000854
谐谢懈薪褌胁械泄薪	0.000265	0.040822	0.000011
谐薪械蟹写芯	0.000265	2.302585	0.000611
谐芯胁褟写懈薪褘	0.001061	0.116534	0.000124
谐芯写	0.003184	0.105361	0.000335
谐芯写邪	0.004510	0.248461	0.001121
谐芯谢谢邪薪写褋泻邪褟	0.000265	0.116534	0.000031
谐芯谢谢邪薪写褋泻懈泄	0.000531	1.966113	0.001043
谐芯谢褍斜褑芯胁	0.000796	3.912023	0.003114
谐芯谢褍斜褑褘	0.000531	2.813411	0.001493
谐芯褉芯写邪	0.000265	0.116534	0.000031
谐芯褉芯写械	0.000265	3.506558	0.000930
谐芯褉芯褏	0.000265	0.116534	0.000031
谐芯褉褔懈褑邪	0.000531	0.040822	0.000022
谐芯褉褔懈褑邪屑懈	0.000265	0.127833	0.000034
谐芯褉褕芯褔泻邪褏	0.000265	0.105361	0.000028
谐芯褉褕芯褔泻械	0.000265	0.040822	0.000011
谐芯褉褟褔械械	0.000531	0.116534	0.000062
谐芯褉褟褔懈械	0.011409	0.105361	0.001202
谐芯褉褟褔懈泄	0.000531	0.116534	0.000062
谐芯褋褌懈	0.000265	0.116534	0.000031
谐芯褋褌褟屑	0.000265	2.525729	0.000670
谐芯褌芯胁懈谢邪	0.000265	0.733969	0.000195
谐芯褌芯胁懈屑	0.001592	0.094311	0.000150
谐芯褌芯胁懈褌	0.000265	3.218876	0.000854
谐芯褌芯胁懈褌褋褟	0.000265	0.478036	0.000127
谐芯褌芯胁懈褌褜	0.001327	0.105361	0.000140
谐芯褌芯胁谢褞	0.000531	1.049822	0.000557
谐芯褌芯胁褜	0.000531	0.116534	0.000062
谐芯褌芯胁褟褌	0.000265	0.116534	0.000031
谐芯褌芯胁褟褌褋褟	0.000265	1.660731	0.000441
谐褉械薪泻懈	0.000531	0.040822	0.000022
谐褉械褑泻懈械	0.000531	1.469676	0.000780
谐褉械褔械褋泻邪褟	0.000265	0.116534	0.000031
谐褉械褔泻邪	0.000265	0.040822	0.000011
谐褉懈斜邪屑懈	0.001061	0.105361	0.000112
谐褉懈斜薪褘械	0.000531	0.040822	0.000022
谐褉懈斜芯胁	0.001061	0.116534	0.000124
谐褉懈斜褘	0.001327	0.040822	0.000054
谐褉懈谢械	0.001327	0.116534	0.000155
谐褉懈谢褜	0.000265	0.116534	0.000031
谐褉懈谢褜屑邪薪懈褟	0.000265	0.116534	0.000031
谐褉懈谢褟	0.001061	0.116534	0.000124
谐褉芯谐	0.000265	0.040822	0.000011
谐褉褍蟹懈薪褋泻邪褟	0.000265	0.116534	0.000031
谐褉褍锌锌褘	0.000265	0.061875	0.000016
谐褍褉屑邪薪懈褟	0.001592	0.116534	0.000186
谐褍褉屑械	0.000265	0.127833	0.000034
谐褍褋褟	0.000531	0.105361	0.000056
写邪胁薪芯	0.000265	0.967584	0.000257
写邪械褌	0.000265	0.040822	0.000011
写邪薪薪芯屑	0.000265	3.506558	0.000930
写邪薪薪褘械	0.000265	0.040822	0.000011
写邪褉懈薪邪	0.000265	4.605170	0.001222
写邪褉褘	0.000265	0.116534	0.000031
写邪褌械	0.000531	0.248461	0.000132
写邪褌褋泻邪褟	0.000265	0.116534	0.000031
写邪褔薪芯械	0.000796	0.116534	0.000093
写邪褔褍	0.000265	2.995732	0.000795
写胁邪	0.000531	1.171183	0.000621
写胁芯泄薪芯泄	0.000265	3.912023	0.001038
写械泻邪斜褉褟	0.000265	0.597837	0.000159
写械泻芯褉	0.000265	0.127833	0.000034
写械谢邪械褌	0.000531	0.116534	0.000062
写械谢懈屑褋褟	0.000265	0.040822	0.000011
写械谢芯	0.000265	1.386294	0.000368
写械谢芯屑	0.000265	0.116534	0.000031
写械谢褞褋褜	0.000265	2.407946	0.000639
写械薪褜	0.001061	0.083382	0.000088
写械褋械褉褌	0.000796	0.116534	0.000093
写械褋械褉褌邪褑懈褟	0.000265	0.116534	0.000031
写械褋械褉褌薪褘械	0.000265	0.116534	0.000031
写械褋械褉褌褘	0.003715	0.040822	0.000152
写械褌械泄	0.000265	0.116534	0.000031
写械褑邪褌褍褉	0.000265	4.605170	0.001222
写械褕械胁谢械	0.000265	3.506558	0.000930
写卸械屑	0.000265	0.040822	0.000011
写蟹械薪	0.000265	0.116534	0.000031
写懈械褌邪	0.000265	0.116534	0.000031
写懈械褌懈褔械褋泻懈泄	0.000265	2.302585	0.000611
写懈械褌褘	0.000265	0.116534	0.000031
写懈泻懈泄	0.000531	0.116534	0.000062
写懈泻芯谐芯	0.000265	0.116534	0.000031
写懈锌	0.000265	0.116534	0.000031
写懈褔懈	0.000531	0.116534	0.000062
写懈褔褜	0.000265	0.116534	0.000031
写谢懈褌械谢褜薪褘械	0.000265	4.605170	0.001222
写薪械胁薪懈泻邪褏	0.000265	0.061875	0.000016
写薪械泄	0.000796	0.116534	0.000093
写薪懈	0.000265	2.207275	0.000586
写薪褍	0.000265	2.813411	0.000746
写薪褟	0.000265	0.040822	0.000011
写芯斜邪胁谢械薪懈褟屑	0.000265	0.274437	0.000073
写芯斜邪胁谢褟褌褜	0.000531	0.040822	0.000022
写芯斜邪胁谢褟褞褌	0.000265	4.605170	0.001222
写芯斜邪胁褜	0.000265	0.116534	0.000031
写芯斜褉芯褎谢芯褌	0.000265	0.127833	0.000034
写芯胁械褉褟械褕褜	0.000265	0.116534	0.000031
写芯谢谐褍褞	0.000265	3.218876	0.000854
写芯谢卸薪邪	0.000265	2.207275	0.000586
写芯屑	0.002388	0.040822	0.000097
写芯屑邪	0.000265	0.994252	0.000264
写芯屑邪褕薪械械	0.000796	0.040822	0.000032
写芯屑邪褕薪械泄	0.000265	1.771957	0.000470
写芯屑邪褕薪懈械	0.000531	0.040822	0.000022
写芯屑邪褕薪懈泄	0.001327	0.116534	0.000155
写芯屑邪褕薪褟褟	0.000531	0.105361	0.000056
写芯屑芯胁	0.000265	0.040822	0.000011
写芯锌芯谢薪械薪懈械	0.000265	2.659260	0.000706
写芯锌芯谢薪褟褞褌	0.000265	2.659260	0.000706
写芯褉芯谐懈械	0.000265	1.272966	0.000338
写芯褋褌芯泄薪褘褏	0.000265	3.506558	0.000930
写芯褔泻芯泄	0.000265	3.506558	0.000930
写芯褕谢邪	0.000265	3.506558	0.000930
写褉邪谐芯褑械薪薪芯谐芯	0.000265	3.506558	0.000930
写褉邪泄胁	0.001327	0.127833	0.000170
写褉芯卸卸械胁芯械	0.000796	0.116534	0.000093
写褉褍谐懈屑懈	0.000265	0.040822	0.000011
写褉褍谐懈褏	0.000265	1.714798	0.000455
写褉褍蟹械泄	0.000265	1.514128	0.000402
写褍屑邪谢邪	0.000265	1.272966	0.000338
写褍褏芯胁泻邪	0.001061	0.127833	0.000136
写褍褏芯胁泻械	0.000265	0.867501	0.000230
写褍褕懈	0.001061	0.105361	0.000112
写褍褕懈褋褌褘泄	0.000531	1.237874	0.000657
械胁褉械泄褋泻邪褟	0.000265	0.116534	0.000031
械谐懈锌械褌褋泻邪褟	0.000265	0.116534	0.000031
械写懈薪褘泄	0.000265	0.040822	0.000011
械写褟褌	0.000265	2.813411	0.000746
械泻芯	0.000265	0.127833	0.000034
卸邪谢械褞	0.000265	4.605170	0.001222
卸邪褉泻芯械	0.000265	0.040822	0.000011
卸谐褍褔懈泄	0.000531	1.966113	0.001043
卸械谢械	0.000796	0.040822	0.000032
卸械薪褋泻邪褟	0.000265	0.127833	0.000034
卸械薪褋泻芯屑	0.000265	0.061875	0.000016
卸械薪褖懈薪褘	0.000531	0.116534	0.000062
卸懈蟹薪懈	0.000265	0.040822	0.000011
卸懈蟹薪褜	0.000531	0.116534	0.000062
卸褍谢褜械薪	0.000265	0.040822	0.000011
卸褍褉薪邪谢邪	0.000265	0.127833	0.000034
卸褞谢褜械薪	0.000265	0.040822	0.000011
蟹邪斜械谐邪谢邪	0.000265	3.506558	0.000930
蟹邪斜褘胁邪褞	0.000265	3.912023	0.001038
蟹邪斜褘谢邪	0.000265	2.302585	0.000611
蟹邪斜褘褌	0.000265	3.218876	0.000854
蟹邪胁邪褉薪芯械	0.000265	0.116534	0.000031
蟹邪胁邪褉薪芯泄	0.000265	0.116534	0.000031
蟹邪胁械写械薪懈褟	0.000265	2.525729	0.000670
蟹邪胁褌褉邪泻	0.001857	0.094311	0.000175
蟹邪胁褌褉邪泻懈	0.000265	0.127833	0.000034
蟹邪胁褟蟹褘胁邪褌褜	0.000265	3.912023	0.001038
蟹邪谐芯褌邪胁谢懈胁邪械屑	0.000265	4.605170	0.001222
蟹邪谐芯褌邪胁谢懈胁邪谢懈	0.000265	4.605170	0.001222
蟹邪谐芯褌芯胁泻邪	0.000265	3.506558	0.000930
蟹邪谐芯褌芯胁泻懈	0.002388	0.040822	0.000097
蟹邪写邪胁邪褌褜	0.000265	0.040822	0.000011
蟹邪泄褑邪	0.000531	0.116534	0.000062
蟹邪泻胁邪褋泻邪	0.000265	0.040822	0.000011
蟹邪泻胁邪褋泻邪屑懈	0.000265	0.116534	0.000031
蟹邪泻胁邪褋芯泻	0.000265	0.127833	0.000034
蟹邪泻褉褘褌褘泄	0.000265	0.116534	0.000031
蟹邪泻褍褋泻邪	0.000796	1.347074	0.001072
蟹邪泻褍褋泻懈	0.005306	0.040822	0.000217
蟹邪泻褍褋泻褍	0.000796	0.116534	0.000093
蟹邪泻褍褋芯薪褔懈泻	0.000265	0.116534	0.000031
蟹邪泻褍褋芯褔泻邪	0.000265	0.116534	0.000031
蟹邪泻褍褋芯褔薪褘械	0.002388	0.116534	0.000278
蟹邪谢懈胁薪邪褟	0.000265	3.506558	0.000930
蟹邪谢懈胁薪芯械	0.000531	0.040822	0.000022
蟹邪屑械褌懈胁	0.000265	3.912023	0.001038
蟹邪屑械褔邪褌械谢褜薪褘泄	0.000265	1.514128	0.000402
蟹邪屑芯褉芯蟹泻邪	0.000265	0.105361	0.000028
蟹邪锌邪写	0.000265	0.116534	0.000031
蟹邪锌械泻邪薪泻邪	0.001061	0.105361	0.000112
蟹邪锌械泻邪薪泻懈	0.001857	0.040822	0.000076
蟹邪锌懈褋邪薪	0.000265	4.605170	0.001222
蟹邪锌褉邪胁泻邪	0.000531	0.040822	0.000022
蟹邪褉械谐懈褋褌褉懈褉芯胁邪胁褕懈褋褜	0.000265	0.040822	0.000011
蟹邪褉械谐懈褋褌褉懈褉芯胁邪褌褜褋褟	0.000265	0.030459	0.000008
蟹邪褋芯谢泻邪	0.000265	0.116534	0.000031
蟹邪褌褟薪褍谢邪褋褜	0.000265	3.506558	0.000930
蟹邪褏芯写懈褌械	0.000796	0.755023	0.000601
蟹邪褑械锌懈谢褋褟	0.000265	3.506558	0.000930
蟹邪褔械褌	0.000531	3.506558	0.001861
蟹胁邪薪褘泄	0.000265	0.127833	0.000034
蟹胁械蟹写邪	0.000265	0.127833	0.000034
蟹胁褍褔懈褌	0.000265	2.995732	0.000795
蟹胁褢蟹写薪褘械	0.000265	0.116534	0.000031
蟹写芯褉芯胁芯械	0.000265	0.116534	0.000031
蟹写芯褉芯胁褘泄	0.000265	0.116534	0.000031
蟹写褉邪胁褋褌胁褍泄褌械	0.000265	2.407946	0.000639
蟹械谢械薪褜	0.003449	0.094311	0.000325
蟹械褎懈褉	0.000265	0.040822	0.000011
蟹懈屑械	0.000265	4.605170	0.001222
蟹懈屑薪懈械	0.000265	0.051293	0.000014
蟹懈屑褍	0.002123	0.040822	0.000087
蟹薪邪泻芯屑芯泄	0.000265	2.525729	0.000670
蟹薪邪泻芯屑褘泄	0.000265	2.813411	0.000746
蟹薪邪谢邪	0.000265	2.995732	0.000795
蟹薪邪褞	0.000531	0.755023	0.000401
蟹芯谢芯褌邪褟	0.000265	0.116534	0.000031
蟹褉褟	0.000265	3.506558	0.000930
懈胁邪薪芯胁邪	0.000265	0.127833	0.000034
懈写械邪谢褜薪邪褟	0.000265	0.116534	0.000031
懈写械邪谢褜薪芯谐芯	0.001327	0.116534	0.000155
懈写械邪谢褜薪芯械	0.000531	0.116534	0.000062
懈写械邪谢褜薪褍褞	0.000265	4.605170	0.001222
懈写械泄泻懈	0.000265	0.116534	0.000031
懈写械褌	0.000265	2.120264	0.000563
懈蟹写械谢懈褟	0.001327	0.116534	0.000155
懈蟹写械谢懈褟屑懈	0.000796	0.116534	0.000093
懈蟹褉械写泻邪	0.000265	3.218876	0.000854
懈蟹褞屑懈薪泻邪	0.000265	2.302585	0.000611
懈泻褉邪	0.000796	0.040822	0.000032
懈屑械薪械屑	0.000265	0.040822	0.000011
懈屑褟	0.000265	2.995732	0.000795
懈薪胁械褉褌芯褉薪芯泄	0.000265	0.127833	0.000034
懈薪谐褉械写懈械薪褌褘	0.007960	0.139262	0.001108
懈薪写械泄泻懈	0.001592	0.094311	0.000150
懈薪写械泄泻芯泄	0.000265	0.116534	0.000031
懈薪写懈泄褋泻邪褟	0.000265	0.116534	0.000031
懈薪写懈谢邪泄褌	0.000796	0.116534	0.000093
懈薪写懈褉械褋薪褘械	0.000265	0.116534	0.000031
懈薪褋褌褉褍泻褑懈褟屑懈	0.000265	0.040822	0.000011
懈薪褌械褉薪械褌械	0.000265	1.309333	0.000347
懈褉邪泻褋泻邪褟	0.000265	0.116534	0.000031
懈褉邪薪褋泻邪褟	0.000265	0.116534	0.000031
懈褉谢邪薪写褋泻邪褟	0.000265	0.116534	0.000031
懈褋泻褉械薪薪械	0.000265	0.116534	0.000031
懈褋谢邪薪写褋泻邪褟	0.000265	0.116534	0.000031
懈褋锌邪薪褋泻邪褟	0.000265	0.116534	0.000031
懈褋锌械泻懈	0.000265	0.116534	0.000031
懈褋锌芯谢褜蟹芯胁邪褌褜	0.000265	1.514128	0.000402
懈褋褌芯褉懈懈	0.001327	0.116534	0.000155
懈褋褌芯褉懈褞	0.000265	0.116534	0.000031
懈褋褏芯写褟	0.000265	2.995732	0.000795
懈褌邪泻	0.000265	1.609438	0.000427
懈褌邪谢懈懈	0.000796	0.105361	0.000084
懈褌邪谢褜褟薪褋泻邪褟	0.000265	0.116534	0.000031
懈褌邪谢褜褟薪褋泻懈泄	0.000265	2.995732	0.000795
懈褌邪谢褜褟薪褑邪	0.000265	4.605170	0.001222
懈褌邪谢褜褟褕泻邪	0.000265	4.605170	0.001222
懈褞薪褟	0.000531	0.579818	0.000308
泄芯谐褍褉褌	0.000796	0.040822	0.000032
泻邪斜邪褔泻懈	0.000265	0.040822	0.000011
泻邪斜邪褔泻芯胁褘泄	0.000265	3.218876	0.000854
泻邪斜邪褔芯泻	0.000531	1.771957	0.000940
泻邪胁泻邪蟹褋泻邪褟	0.000265	0.116534	0.000031
泻邪蟹邪谢芯褋褜	0.000265	1.609438	0.000427
泻邪蟹邪薪械	0.000265	0.116534	0.000031
泻邪蟹邪褏褋泻邪褟	0.000265	0.116534	0.000031
泻邪泻邪芯	0.000531	0.040822	0.000022
泻邪谢械泄写芯褋泻芯锌	0.001061	0.116534	0.000124
泻邪谢屑褘褑泻邪褟	0.000265	0.116534	0.000031
泻邪谢褜屑邪褉	0.000265	0.040822	0.000011
泻邪屑械褉邪	0.000265	0.116534	0.000031
泻邪屑薪褟褏	0.000265	4.605170	0.001222
泻邪薪邪写褋泻邪褟	0.000265	0.116534	0.000031
泻邪薪邪谢	0.000531	0.040822	0.000022
泻邪薪邪谢械	0.000265	0.040822	0.000011
泻邪薪邪锌械	0.000531	0.040822	0.000022
泻邪锌褍褋褌邪	0.001061	0.040822	0.000043
泻邪锌褍褋褌薪褟泻	0.000265	0.040822	0.000011
泻邪锌褍褋褌褘	0.000265	0.040822	0.000011
泻邪褉邪屑械谢褜	0.000265	0.040822	0.000011
泻邪褉懈屑邪	0.000265	3.506558	0.000930
泻邪褉泻邪褋薪褘泄	0.001061	0.116534	0.000124
泻邪褉褌芯褎械谢褜	0.000796	0.040822	0.000032
泻邪褉褌芯褎械谢褜薪芯械	0.000265	0.040822	0.000011
泻邪褉褌芯褎械谢褜薪褘泄	0.000265	0.116534	0.000031
泻邪褉褌芯褕泻邪	0.000531	0.040822	0.000022
泻邪褋褋芯胁芯泄	0.000531	4.605170	0.002444
泻邪褌械谐芯褉懈懈	0.000265	0.116534	0.000031
泻邪褌械谐芯褉懈褟	0.003980	0.150823	0.000600
泻邪褎械	0.000265	2.207275	0.000586
泻邪褔械褋褌胁械	0.000265	1.609438	0.000427
泻邪褔械褋褌胁芯	0.000265	0.116534	0.000031
泻邪褕邪	0.000265	0.040822	0.000011
泻邪褕懈	0.001327	0.105361	0.000140
泻邪褕褍	0.000265	0.094311	0.000025
泻胁邪褋	0.000796	0.040822	0.000032
泻胁邪褋薪芯械	0.000796	0.116534	0.000093
泻胁邪褋芯屑	0.000265	0.127833	0.000034
泻械泻褋	0.000265	0.040822	0.000011
泻械泻褋褘	0.000531	0.116534	0.000062
泻械褌褔褍锌	0.000531	1.560648	0.000828
泻械褎懈褉	0.000265	0.040822	0.000011
泻懈屑褔懈	0.000265	0.040822	0.000011
泻懈薪芯邪	0.000531	0.127833	0.000068
泻懈薪芯谢械薪褌邪	0.000265	0.116534	0.000031
泻懈褋械谢褜	0.000531	0.040822	0.000022
泻懈褌邪泄褋泻邪褟	0.000265	0.116534	0.000031
泻谢邪褋褋	0.002123	0.116534	0.000247
泻谢邪褋褋懈褔械褋泻懈褏	0.000265	2.407946	0.000639
泻谢邪褋褋褘	0.000265	0.116534	0.000031
泻薪懈谐褍	0.000531	0.040822	0.000022
泻芯	0.000265	1.469676	0.000390
泻芯泻褌械泄谢懈	0.000265	0.127833	0.000034
泻芯泻褌械泄谢褜	0.001327	0.040822	0.000054
泻芯谢斜邪褋邪	0.000796	0.040822	0.000032
泻芯谢斜邪褋薪褘械	0.000265	4.605170	0.001222
泻芯谢斜邪褋薪褘屑懈	0.000796	0.116534	0.000093
泻芯谢谢械谐邪	0.000265	3.506558	0.000930
泻芯屑邪薪写邪	0.000531	0.127833	0.000068
泻芯屑懈	0.000265	0.116534	0.000031
泻芯屑屑械薪褌邪褉懈械胁	0.000265	0.223144	0.000059
泻芯屑屑械薪褌邪褉懈懈	0.000265	1.966113	0.000522
泻芯屑锌邪薪懈泄	0.000265	0.105361	0.000028
泻芯屑锌芯褌	0.000796	0.040822	0.000032
泻芯薪械褔薪芯	0.000531	0.527633	0.000280
泻芯薪懈薪褘	0.000265	0.116534	0.000031
泻芯薪泻褍褉褋	0.056779	0.105361	0.005982
泻芯薪泻褍褉褋邪	0.000265	0.116534	0.000031
泻芯薪泻褍褉褋邪褏	0.000265	0.040822	0.000011
泻芯薪泻褍褉褋薪褘械	0.000265	0.127833	0.000034
泻芯薪褋械褉胁邪褑懈褞	0.000265	4.605170	0.001222
泻芯薪褋械褉胁懈褉芯胁邪薪懈械	0.000265	0.040822	0.000011
泻芯薪褋械褉胁懈褉芯胁邪薪薪邪褟	0.000265	0.116534	0.000031
泻芯薪褋械褉胁懈褉芯胁邪薪薪芯械	0.000265	0.116534	0.000031
泻芯薪褋械褉胁懈褉芯胁邪薪薪褘械	0.000531	0.116534	0.000062
泻芯薪褋械褉胁懈褉芯胁邪薪薪褘泄	0.000265	0.116534	0.000031
泻芯薪褎械褌褌懈	0.000265	0.116534	0.000031
泻芯薪褎械褌褘	0.000796	0.040822	0.000032
泻芯薪褎懈写械薪褑懈邪谢褜薪芯褋褌懈	0.000265	0.040822	0.000011
泻芯薪褎懈褌褞褉	0.001327	0.040822	0.000054
泻芯锌褔械薪芯褋褌褟屑懈	0.000265	0.116534	0.000031
泻芯褉械泄褋泻邪褟	0.000265	0.116534	0.000031
泻芯褉械泄褋泻懈	0.000265	0.040822	0.000011
泻芯褉卸懈泻懈	0.000265	0.040822	0.000011
泻芯褉懈褔薪械胁褘泄	0.000531	1.386294	0.000736
泻芯褉屑褟褖懈褏	0.000265	0.116534	0.000031
泻芯褉芯褔械	0.000265	2.995732	0.000795
泻芯褉褉械泻褌懈胁褘	0.000265	3.218876	0.000854
泻芯褋屑懈褔械褋泻懈械	0.000265	4.605170	0.001222
泻芯褌谢械褌邪褏	0.000265	2.525729	0.000670
泻芯褌谢械褌褘	0.000531	0.040822	0.000022
泻芯褌芯褉芯屑褍	0.000265	0.116534	0.000031
泻芯褎械	0.000531	0.040822	0.000022
泻芯褎懈褌褞褉	0.000265	4.605170	0.001222
泻褉邪褋懈胁褘械	0.000265	1.897120	0.000503
泻褉邪褋懈胁褘屑	0.000265	2.120264	0.000563
泻褉邪褋泻懈	0.000265	0.116534	0.000031
泻褉邪褋薪褘泄	0.001592	1.171183	0.001864
泻褉械邪褌懈胁	0.000265	0.127833	0.000034
泻褉械屑	0.000265	0.040822	0.000011
泻褉械屑邪	0.000531	0.116534	0.000062
泻褉械锌泻懈泄	0.000265	0.116534	0.000031
泻褉芯谢懈泻邪	0.000531	0.116534	0.000062
泻褉芯屑械	0.000265	0.061875	0.000016
泻褉芯褏懈	0.000265	0.116534	0.000031
泻褉褍谐谢褘泄	0.000265	3.218876	0.000854
泻褉褍谐褍	0.000531	0.116534	0.000062
泻褉褍锌	0.001592	0.116534	0.000186
泻褉褍锌邪	0.000265	0.127833	0.000034
泻褉褍锌褘	0.000531	0.127833	0.000068
泻褉褍锌褟薪褘械	0.000265	0.116534	0.000031
泻褉褘屑褋泻懈械	0.000265	3.506558	0.000930
泻褉褘屑褋泻芯泄	0.000265	3.506558	0.000930
泻褉褘屑褍	0.000265	2.407946	0.000639
泻褍斜懈薪褋泻邪褟	0.000265	0.116534	0.000031
泻褍谢械褕	0.000265	0.040822	0.000011
泻褍谢懈薪邪褉懈懈	0.000796	0.094311	0.000075
泻褍谢懈薪邪褉薪邪褟	0.000265	0.116534	0.000031
泻褍谢懈薪邪褉薪芯械	0.000265	0.116534	0.000031
泻褍谢懈薪邪褉薪芯泄	0.000531	2.525729	0.001340
泻褍谢懈薪邪褉薪褍褞	0.000531	0.040822	0.000022
泻褍谢懈薪邪褉薪褘泄	0.000265	0.072571	0.000019
泻褍谢懈薪邪褉薪褘褏	0.000265	0.116534	0.000031
泻褍谢懈褔	0.000265	0.040822	0.000011
泻褍谢懈褔懈	0.000265	0.116534	0.000031
泻褍薪卸褍褌	0.000531	0.994252	0.000528
泻褍锌懈谢邪	0.000265	4.605170	0.001222
泻褍褉写褋泻邪褟	0.000265	0.116534	0.000031
泻褍褉懈薪芯谐芯	0.000265	0.116534	0.000031
泻褍褉懈薪芯械	0.002919	0.127833	0.000373
泻褍褉懈薪褘泄	0.000265	0.105361	0.000028
泻褍褉懈褑邪	0.000796	0.040822	0.000032
泻褍褉懈褑褘	0.000796	0.116534	0.000093
泻褍褉芯褔泻芯泄	0.000265	0.116534	0.000031
泻褍褋泻褍褋	0.000265	0.040822	0.000011
泻褍褋芯褔械泻	0.000265	2.525729	0.000670
泻褍褋芯褔泻芯屑	0.000265	2.995732	0.000795
泻褍褏薪械泄	0.000265	0.040822	0.000011
泻褍褏薪懈	0.000796	0.040822	0.000032
泻褍褏薪褟	0.000796	0.116534	0.000093
谢邪胁邪褕	0.000531	0.040822	0.000022
谢邪胁邪褕邪	0.001061	0.116534	0.000124
谢邪胁褉芯胁褘泄	0.000531	1.139434	0.000605
谢邪谐屑邪薪	0.000265	0.040822	0.000011
谢邪泻芯屑褋褌胁芯	0.000265	0.116534	0.000031
谢邪锌褕邪	0.000531	0.040822	0.000022
谢邪褋褌芯褔泻懈薪芯	0.000265	2.302585	0.000611
谢邪褌褘褕褋泻邪褟	0.000265	0.116534	0.000031
谢械谐泻邪褟	0.000265	0.116534	0.000031
谢械谐泻懈泄	0.001061	0.116534	0.000124
谢械谐泻芯	0.001592	0.116534	0.000186
谢械薪懈胁褘械	0.000265	2.995732	0.000795
谢械薪褌褘	0.000531	4.605170	0.002444
谢械锌械褕泻懈	0.000531	0.040822	0.000022
谢械褌邪	0.000531	0.116534	0.000062
谢械褌薪懈械	0.000265	0.040822	0.000011
谢械褌薪褟褟	0.000265	0.116534	0.000031
谢械褌芯	0.001327	0.116534	0.000155
谢械褔芯	0.000796	0.040822	0.000032
谢懈谐邪	0.000796	0.116534	0.000093
谢懈泻械褉	0.000265	0.040822	0.000011
谢懈屑芯薪邪写	0.000531	0.040822	0.000022
谢懈屑芯薪薪褘泄	0.000531	0.798508	0.000424
谢懈褋褌	0.000531	1.139434	0.000605
谢懈褋褌褜褟	0.001061	1.514128	0.001607
谢懈褌芯胁褋泻	0.000265	0.127833	0.000034
谢懈褌芯胁褋泻邪褟	0.000265	0.116534	0.000031
谢褍泻	0.006368	0.301105	0.001917
谢褍褔褕邪褟	0.000265	4.605170	0.001222
谢褍褔褕懈械	0.000265	0.116534	0.000031
谢褍褔褕懈泄	0.000531	0.040822	0.000022
谢褍褔褕懈褏	0.000265	0.116534	0.000031
谢褞斜胁懈	0.000265	0.105361	0.000028
谢褞斜懈屑邪褟	0.000265	2.525729	0.000670
谢褞斜懈屑芯谐芯	0.000265	0.127833	0.000034
谢褞斜懈屑芯屑褍	0.000265	0.116534	0.000031
谢褞斜懈屑褘褏	0.001592	0.116534	0.000186
谢褞斜懈褌	0.000265	1.427116	0.000379
谢褞斜懈褌械谢懈	0.000265	3.218876	0.000854
谢褞斜谢褞	0.000265	1.514128	0.000402
谢褞斜芯胁褜	0.000265	0.116534	0.000031
谢褞斜芯泄	0.000265	0.116534	0.000031
谢褞斜褟褌	0.000265	1.832581	0.000486
谢褟	0.000265	1.771957	0.000470
谢褢写	0.000265	0.127833	0.000034
屑邪谐褉懈斜邪	0.000265	0.116534	0.000031
屑邪泄	0.000265	0.116534	0.000031
屑邪泄芯薪械蟹	0.002388	0.116534	0.000278
屑邪泄芯褉邪薪	0.000531	3.912023	0.002076
屑邪泻邪褉芯薪薪褘械	0.000265	0.116534	0.000031
屑邪泻邪褉芯薪褘	0.000265	0.040822	0.000011
屑邪谢邪蟹懈泄褋泻邪褟	0.000265	0.116534	0.000031
屑邪屑邪	0.000265	1.771957	0.000470
屑邪薪写邪褉懈薪芯胁褘泄	0.000531	2.525729	0.001340
屑邪薪械褉	0.000265	3.506558	0.000930
屑邪薪薪懈泻	0.000265	0.040822	0.000011
屑邪薪褋邪褉写芯泄	0.000265	0.755023	0.000200
屑邪薪褌褘	0.000265	0.116534	0.000031
屑邪薪褢胁褉褘	0.000265	0.116534	0.000031
屑邪褉邪褎芯薪	0.000796	0.116534	0.000093
屑邪褉懈薪邪写	0.002388	0.040822	0.000097
屑邪褉懈薪邪写褘	0.001061	0.116534	0.000124
屑邪褉懈薪芯胁邪薪薪褘械	0.000531	0.116534	0.000062
屑邪褉屑械谢邪写	0.000265	0.040822	0.000011
屑邪褉芯泻泻邪薪褋泻邪褟	0.000265	0.116534	0.000031
屑邪褉褌邪	0.001592	0.105361	0.000168
屑邪褋泻邪褉锌芯薪械	0.000265	0.040822	0.000011
屑邪褋谢械薪懈褑邪	0.000796	0.040822	0.000032
屑邪褋谢械薪懈褔薪芯械	0.000265	0.116534	0.000031
屑邪褋谢芯	0.005837	0.116534	0.000680
屑邪褋谢芯屑	0.000265	0.116534	0.000031
屑邪褋褋褍	0.000265	2.407946	0.000639
屑邪褋褌械褉	0.002388	0.116534	0.000278
屑邪褋褌懈泻邪	0.000265	0.040822	0.000011
屑邪褋褌懈泻懈	0.000265	0.116534	0.000031
屑邪褎褎懈薪褘	0.000265	0.116534	0.000031
屑邪褏械械胁褗	0.001061	0.116534	0.000124
屑邪褟	0.000796	0.634878	0.000505
屑械写懈邪褎芯褉褌	0.000796	0.000000	0.000000
屑械写芯胁褘泄	0.000265	0.116534	0.000031
屑械泄锌谢	0.000265	4.605170	0.001222
屑械泻褋懈泻邪薪褋泻邪褟	0.000265	0.116534	0.000031
屑械薪褞	0.000531	0.116534	0.000062
屑械薪褟	0.001327	0.083382	0.000111
屑械薪褟械褌褋褟	0.000265	0.116534	0.000031
屑械褋褟褑械胁	0.000265	2.207275	0.000586
屑械褔褌邪	0.000265	0.116534	0.000031
屑械褔褌邪谢邪	0.000265	4.605170	0.001222
屑械褔褌邪谢懈	0.000265	3.218876	0.000854
屑械褔褌褘	0.000531	0.040822	0.000022
屑懈写懈懈	0.000265	0.040822	0.000011
屑懈泻褉芯胁芯谢薪芯胁泻械	0.000265	0.116534	0.000031
屑懈谢褘泄	0.000265	4.605170	0.001222
屑懈谢褜械	0.000265	0.116534	0.000031
屑懈芯	0.000265	0.116534	0.000031
屑懈褉	0.000265	0.116534	0.000031
屑懈褉邪	0.000265	0.116534	0.000031
屑懈褉芯胁邪褟	0.000265	0.116534	0.000031
屑懈褋芯	0.000265	0.040822	0.000011
屑懈褋褌械褉懈褟	0.000265	0.116534	0.000031
屑懈褋褌褉邪谢褜	0.001857	0.116534	0.000216
屑薪芯谐懈械	0.000531	1.309333	0.000695
屑薪芯谐芯	0.000265	0.776529	0.000206
屑薪芯卸械褋褌胁芯屑	0.000265	0.040822	0.000011
屑芯谐褍	0.000265	0.798508	0.000212
屑芯械	0.000531	0.116534	0.000062
屑芯卸械褌械	0.000265	0.000000	0.000000
屑芯懈	0.000265	1.078810	0.000286
屑芯泄	0.000796	0.105361	0.000084
屑芯谢写邪胁褋泻邪褟	0.000265	0.116534	0.000031
屑芯谢芯写芯泄	0.000265	3.912023	0.001038
屑芯谢芯泻械	0.000265	0.105361	0.000028
屑芯谢芯泻芯	0.000265	0.116534	0.000031
屑芯谢芯褔薪褘泄	0.000531	0.040822	0.000022
屑芯谢芯褔薪褘褏	0.000265	0.116534	0.000031
屑芯屑械薪褌	0.000796	0.116534	0.000093
屑芯薪谐芯谢褜褋泻邪褟	0.000265	0.116534	0.000031
屑芯褉械	0.000531	0.116534	0.000062
屑芯褉械锌褉芯写褍泻褌芯胁	0.003184	0.040822	0.000130
屑芯褉械锌褉芯写褍泻褌褘	0.000531	0.116534	0.000062
屑芯褉泻芯胁褜	0.002388	0.040822	0.000097
屑芯褉芯卸械薪芯械	0.000796	0.040822	0.000032
屑芯褉褋	0.000265	0.040822	0.000011
屑芯褉褋褘	0.000265	0.116534	0.000031
屑芯褌芯褉	0.000265	0.116534	0.000031
屑芯褏懈褌芯	0.000265	0.040822	0.000011
屑褍卸	0.000531	1.171183	0.000621
屑褍卸械屑	0.000265	2.995732	0.000795
屑褍卸褋泻邪褟	0.000265	0.127833	0.000034
屑褍卸褋泻芯泄	0.000265	2.813411	0.000746
屑褍卸褍	0.000265	2.302585	0.000611
屑褍卸褔懈薪褘	0.000531	0.116534	0.000062
屑褍泻邪	0.001592	0.274437	0.000437
屑褍谢褜褌懈胁邪褉泻械	0.010082	0.116534	0.001175
屑褍谢褜褌懈锌械泻邪褉械泄	0.000796	0.116534	0.000093
屑褍褋褋	0.000265	0.040822	0.000011
屑褍褋褋褘	0.000531	0.116534	0.000062
屑褍褔薪褘械	0.000265	0.116534	0.000031
屑褞褋谢懈	0.000531	0.116534	0.000062
屑褟褋邪	0.002653	0.116534	0.000309
屑褟褋薪芯谐芯	0.001061	0.116534	0.000124
屑褟褋薪芯泄	0.002123	0.116534	0.000247
屑褟褋薪褘械	0.001327	0.040822	0.000054
屑褟褋薪褘屑	0.000265	2.207275	0.000586
屑褟褋薪褘褏	0.000796	0.116534	0.000093
屑褟褋芯	0.002123	0.040822	0.000087
屑褟褋芯屑	0.001327	0.040822	0.000054
屑褟褋褍	0.000531	0.116534	0.000062
薪邪谐褉邪写芯泄	0.000265	3.912023	0.001038
薪邪写锌懈褋褜褞	0.000265	4.605170	0.001222
薪邪蟹邪写	0.000796	0.967584	0.000770
薪邪蟹胁邪薪懈械	0.000265	0.941609	0.000250
薪邪蟹胁邪薪懈懈	0.000265	2.813411	0.000746
薪邪蟹薪邪褔械薪懈褟	0.000265	0.116534	0.000031
薪邪蟹褘胁邪械褌褋褟	0.000265	2.040221	0.000541
薪邪懈泻褉褍褌械泄褕褍褞	0.000265	4.605170	0.001222
薪邪泄褌懈	0.000265	1.714798	0.000455
薪邪泻芯薪械褑	0.000265	1.609438	0.000427
薪邪谢懈胁泻邪	0.000265	0.040822	0.000011
薪邪谢懈谢邪	0.000265	3.506558	0.000930
薪邪锌懈褌泻懈	0.001592	0.040822	0.000065
薪邪锌懈褌芯泻	0.000265	0.040822	0.000011
薪邪锌褉邪褕懈胁邪械褌褋褟	0.000265	3.218876	0.000854
薪邪褋谢邪写懈谢懈褋褜	0.000265	4.605170	0.001222
薪邪褋褌芯泄泻邪	0.000265	0.040822	0.000011
薪邪褋褌芯褟褌械谢褜薪芯	0.000265	2.040221	0.000541
薪邪褋褌芯褟褖懈褏	0.000265	2.813411	0.000746
薪邪褋褌褉芯械薪懈械	0.000265	0.116534	0.000031
薪邪褍褔懈褌褜褋褟	0.000265	3.912023	0.001038
薪邪褑懈芯薪邪谢褜薪褘械	0.000265	0.116534	0.000031
薪邪褔邪谢懈	0.000265	2.407946	0.000639
薪邪褔懈薪泻邪	0.000796	0.040822	0.000032
薪邪褔懈薪泻芯泄	0.000265	0.116534	0.000031
薪邪褕械屑	0.000531	0.040822	0.000022
薪邪褕懈	0.000265	0.061875	0.000016
薪邪褕懈褏	0.000265	1.514128	0.000402
薪邪褕谢邪	0.000265	0.579818	0.000154
薪械斜芯谢褜褕懈械	0.000265	3.912023	0.001038
薪械胁械褉芯褟褌薪芯	0.000265	1.386294	0.000368
薪械胁械褉芯褟褌薪芯械	0.000265	3.218876	0.000854
薪械谐芯	0.000531	0.941609	0.000500
薪械写邪胁薪芯	0.000531	2.120264	0.001125
薪械写械谢懈	0.000265	2.120264	0.000563
薪械写械谢褟	0.002653	0.061875	0.000164
薪械卸薪芯	0.000265	2.659260	0.000706
薪械卸薪芯泄	0.000265	0.116534	0.000031
薪械卸薪褘泄	0.000265	0.891598	0.000237
薪械卸薪褘屑懈	0.000265	2.207275	0.000586
薪械懈蟹屑械薪薪芯	0.000265	2.525729	0.000670
薪械泻芯褌芯褉褘械	0.000265	2.813411	0.000746
薪械屑	0.000531	1.203973	0.000639
薪械屑械褑泻邪褟	0.000265	0.116534	0.000031
薪械芯斜褘褔薪芯械	0.000265	2.813411	0.000746
薪械芯斜褘褔薪褘泄	0.000265	1.347074	0.000357
薪械芯卸懈写邪薪薪褘械	0.000265	0.116534	0.000031
薪械褋泻芯谢褜泻芯	0.000531	0.916291	0.000486
薪械褋谢邪写泻芯械	0.000265	0.116534	0.000031
薪懈泻褌芯	0.000265	1.897120	0.000503
薪懈屑懈	0.000265	2.995732	0.000795
薪懈薪邪	0.000531	1.203973	0.000639
薪懈褏	0.000265	1.660731	0.000441
薪懈褔械谐芯	0.000796	0.941609	0.000749
薪芯胁邪褟	0.000265	0.116534	0.000031
薪芯胁芯谐芯写薪械谐芯	0.001592	0.116534	0.000186
薪芯胁芯谐芯写薪械械	0.000796	0.116534	0.000093
薪芯胁芯谐芯写薪懈械	0.001592	0.040822	0.000065
薪芯胁芯谐芯写薪懈泄	0.002123	0.116534	0.000247
薪芯胁芯谐芯写薪褟褟	0.000265	0.105361	0.000028
薪芯胁芯褋褌褟褏	0.000265	0.061875	0.000016
薪芯胁褘械	0.000531	0.051293	0.000027
薪芯胁褘泄	0.003184	0.094311	0.000300
薪芯褉胁械卸褋泻邪褟	0.000265	0.116534	0.000031
薪芯褋懈褌	0.000265	4.605170	0.001222
薪芯褟斜褉褟	0.000531	0.527633	0.000280
芯斜邪谢写械薪薪邪褟	0.000265	4.605170	0.001222
芯斜械写	0.000796	0.105361	0.000084
芯斜械写邪	0.000265	2.813411	0.000746
芯斜械蟹褜褟薪褘	0.000265	0.116534	0.000031
芯斜械褖邪薪薪邪褟	0.000265	3.506558	0.000930
芯斜卸邪褉械薪褘褏	0.000265	2.995732	0.000795
芯斜薪邪褉褍卸懈谢邪	0.000265	3.218876	0.000854
芯斜褉褘胁芯泻	0.000265	4.605170	0.001222
芯斜褖邪褌褜褋褟	0.000265	0.040822	0.000011
芯斜褖械屑	0.000265	2.040221	0.000541
芯斜褟蟹邪褌械谢褜薪芯	0.000265	0.967584	0.000257
芯胁芯褖邪屑懈	0.000531	0.116534	0.000062
芯胁芯褖械泄	0.005041	0.105361	0.000531
芯胁芯褖懈	0.002123	0.094311	0.000200
芯胁芯褖薪邪褟	0.000265	0.040822	0.000011
芯胁芯褖薪芯械	0.000265	0.116534	0.000031
芯胁芯褖薪芯泄	0.000796	0.105361	0.000084
芯胁芯褖薪褘械	0.002123	0.040822	0.000087
芯胁褋褟薪芯械	0.000265	0.116534	0.000031
芯谐薪械薪薪芯泄	0.000265	0.116534	0.000031
芯谐薪褟	0.000265	0.116534	0.000031
芯谐褉芯屑薪芯泄	0.000265	2.525729	0.000670
芯谐褍褉械褑	0.000531	1.237874	0.000657
芯谐褍褉褑芯胁	0.000265	2.995732	0.000795
芯谐褍褉褑褘	0.000796	0.116534	0.000093
芯写薪懈屑	0.000265	1.309333	0.000347
芯写薪芯谐芯	0.000531	1.660731	0.000881
芯卸懈写邪谢邪	0.000265	2.525729	0.000670
芯泻褉芯褕泻邪	0.000796	0.040822	0.000032
芯泻褌褟斜褉褟	0.000265	0.562119	0.000149
芯谢邪写褜懈	0.000796	0.040822	0.000032
芯谢械泄薪邪	0.000796	0.116534	0.000093
芯谢械泄薪芯泄	0.001061	0.116534	0.000124
芯谢械泄薪褘	0.000265	0.127833	0.000034
芯谢懈胁泻芯胁芯械	0.001061	0.544727	0.000578
芯屑谢械褌	0.000265	0.040822	0.000011
芯锌邪褉邪	0.000265	0.040822	0.000011
芯锌褉芯褋	0.000265	0.061875	0.000016
芯褉械褏懈	0.000531	1.139434	0.000605
芯褉械褕懈薪泻邪	0.000265	3.218876	0.000854
芯褋械薪薪械械	0.000531	0.116534	0.000062
芯褋械薪薪懈械	0.000265	0.051293	0.000014
芯褋械薪薪懈泄	0.000531	0.116534	0.000062
芯褋械薪褜	0.002653	0.105361	0.000280
芯褋薪芯胁薪芯械	0.000265	0.040822	0.000011
芯褋褌邪械褌褋褟	0.000265	0.116534	0.000031
芯褋褌邪谢芯褋褜	0.000265	3.506558	0.000930
芯褋褌芯褉芯卸薪芯褋褌褜褞	0.000265	4.605170	0.001222
芯褋褌褉芯谐芯	0.000531	3.506558	0.001861
芯褋褌褉褘泄	0.000265	2.995732	0.000795
芯褋褌褉褘褏	0.000265	4.605170	0.001222
芯褌胁械褌懈褌褜	0.000531	0.051293	0.000027
芯褌胁械褌芯胁	0.000265	0.051293	0.000014
芯褌胁械褌褘	0.000265	0.000000	0.000000
芯褌泻谢邪写褘胁邪械褌褋褟	0.000265	3.506558	0.000930
芯褌泻褉褘褌褘泄	0.000531	0.116534	0.000062
芯褌谢懈褔邪械褌褋褟	0.000265	1.771957	0.000470
芯褌屑械薪懈褌褜	0.000265	0.040822	0.000011
芯褌屑械薪褟谢	0.000265	3.506558	0.000930
芯褌屑械褔邪谢懈	0.000265	2.407946	0.000639
芯褌芯褉胁邪谢懈褋褜	0.000265	3.218876	0.000854
芯褎懈谐懈褌械谢褜薪褘泄	0.000265	3.506558	0.000930
芯褏谢邪写懈褌褜	0.000265	0.116534	0.000031
芯褔械褉械写褜	0.000265	1.966113	0.000522
芯褕械谢芯屑懈谢	0.000531	3.218876	0.001708
芯褕懈斜泻懈	0.000265	3.218876	0.000854
芯褖褍褖械薪懈泄	0.000265	4.605170	0.001222
锌邪泻械褌懈泻邪褏	0.000265	0.105361	0.000028
锌邪谢芯褔泻懈	0.000265	0.040822	0.000011
锌邪薪懈褉芯胁泻邪	0.002123	0.116534	0.000247
锌邪锌褉懈泻邪	0.000531	1.203973	0.000639
锌邪褉邪	0.000265	0.116534	0.000031
锌邪褉邪写	0.001857	0.116534	0.000216
锌邪褉芯胁邪褉泻械	0.002388	0.116534	0.000278
锌邪褉芯谢褜	0.000265	0.020203	0.000005
锌邪褋褌邪	0.000796	0.040822	0.000032
锌邪褋褌褉芯屑邪	0.000265	0.040822	0.000011
锌邪褋褏邪	0.000531	0.040822	0.000022
锌邪褋褏邪谢褜薪邪褟	0.000531	0.116534	0.000062
锌邪褋褏邪谢褜薪褘泄	0.000265	0.127833	0.000034
锌邪褕褌械褌	0.000265	0.040822	0.000011
锌邪褕褌械褌褘	0.000531	0.116534	0.000062
锌械泻邪褉褟	0.000265	0.127833	0.000034
锌械泻褍褌	0.000265	3.506558	0.000930
锌械谢褜屑械薪懈	0.000265	0.116534	0.000031
锌械锌锌械褉芯薪懈	0.000265	4.605170	0.001222
锌械褉胁芯械	0.000531	0.040822	0.000022
锌械褉胁褘械	0.000265	0.127833	0.000034
锌械褉胁褘屑	0.000531	0.116534	0.000062
锌械褉械泄褌懈	0.000265	0.040822	0.000011
锌械褉械泻褍褋	0.000531	0.116534	0.000062
锌械褉械锌械谢懈薪芯械	0.000531	2.813411	0.001493
锌械褉械褑	0.013531	0.040822	0.000552
锌械褉褋芯薪褘	0.000265	0.116534	0.000031
锌械褉褍邪薪褋泻邪褟	0.000265	0.116534	0.000031
锌械褉褑邪	0.000531	4.605170	0.002444
锌械褉褑褘	0.000265	4.605170	0.001222
锌械褋芯褔薪芯械	0.000531	0.105361	0.000056
锌械褋芯褔薪褘泄	0.000265	0.116534	0.000031
锌械褌械谢懈薪泻懈	0.000265	0.127833	0.000034
锌械褌褉褍褕泻邪	0.001061	0.693147	0.000736
锌械褔械薪芯褔薪褘泄	0.000265	0.040822	0.000011
锌械褔械薪褜械	0.002388	0.040822	0.000097
锌械褔懈	0.000265	0.127833	0.000034
锌懈胁芯	0.000265	0.116534	0.000031
锌懈泻邪薪褌薪褘泄	0.000265	2.407946	0.000639
锌懈泻邪薪褌褘	0.000265	0.127833	0.000034
锌懈泻薪懈泻	0.000531	0.116534	0.000062
锌懈泻薪懈泻邪	0.000265	0.116534	0.000031
锌懈泻薪懈泻褍	0.000265	0.105361	0.000028
锌懈褉	0.000265	0.116534	0.000031
锌懈褉芯谐	0.000796	0.040822	0.000032
锌懈褉芯谐懈	0.000265	0.105361	0.000028
锌懈褉芯卸泻懈	0.000265	0.040822	0.000011
锌懈褉芯卸薪芯械	0.000265	0.040822	0.000011
锌懈褉芯卸薪褘械	0.000265	0.116534	0.000031
锌懈褌邪薪懈械	0.001327	0.105361	0.000140
锌懈褌械褉械	0.000265	2.407946	0.000639
锌懈褑褑邪	0.001592	0.040822	0.000065
锌懈褑褑械褉懈褞	0.000265	3.912023	0.001038
锌懈褑褑褍	0.000796	2.995732	0.002385
锌懈褑褑褘	0.000265	2.207275	0.000586
锌谢邪屑褟	0.000265	0.116534	0.000031
锌谢邪薪懈褉褍械屑	0.000265	3.912023	0.001038
锌谢懈褌邪	0.001061	0.127833	0.000136
锌谢芯胁	0.000265	0.116534	0.000031
锌谢芯写褘	0.000265	0.116534	0.000031
锌芯胁邪褉	0.000265	2.407946	0.000639
锌芯胁邪褉邪	0.000265	1.514128	0.000402
锌芯胁邪褉械薪泻械	0.000265	0.040822	0.000011
锌芯胁邪褉械薪芯泻	0.000265	0.061875	0.000016
锌芯胁邪褉褟褌	0.000265	0.116534	0.000031
锌芯胁邪褉褟褌邪	0.000265	1.897120	0.000503
锌芯胁邪褉褟褌邪屑懈	0.000265	0.040822	0.000011
锌芯胁邪褉褢薪泻邪	0.000265	0.116534	0.000031
锌芯胁懈写谢芯	0.000265	0.040822	0.000011
锌芯写邪褉泻芯胁	0.000265	0.116534	0.000031
锌芯写械谢懈谢邪褋褜	0.000265	2.813411	0.000746
锌芯写谢懈胁邪	0.000265	0.116534	0.000031
锌芯写谢懈胁泻邪	0.000265	0.040822	0.000011
锌芯写芯斜薪芯谐芯	0.000265	2.525729	0.000670
锌芯写芯蟹胁邪谢	0.000265	4.605170	0.001222
锌芯写锌懈褋邪褌褜褋褟	0.000265	0.040822	0.000011
锌芯写锌懈褕懈褌械褋褜	0.000531	0.040822	0.000022
锌芯写褍屑邪谢邪	0.000265	2.659260	0.000706
锌芯写褍褕械褔械泻	0.000265	3.218876	0.000854
锌芯写褏芯写懈褌	0.000265	1.897120	0.000503
锌芯写褘褋泻懈胁邪褌褜	0.000265	2.525729	0.000670
锌芯械写懈薪泻懈	0.003715	0.116534	0.000433
锌芯械蟹写泻邪	0.000265	3.218876	0.000854
锌芯蟹胁芯薪懈谢	0.000265	2.995732	0.000795
锌芯蟹写薪芯	0.000265	3.506558	0.000930
锌芯蟹写褉邪胁褜	0.000265	0.116534	0.000031
锌芯懈褋泻	0.000265	0.051293	0.000014
锌芯懈褋泻懈	0.000265	3.912023	0.001038
锌芯谢写薪懈泻	0.000531	0.116534	0.000062
锌芯谢械蟹薪芯	0.000265	0.116534	0.000031
锌芯谢懈褌懈泻芯泄	0.000265	0.040822	0.000011
锌芯谢芯胁懈薪邪	0.002123	0.116534	0.000247
锌芯谢芯胁懈薪褍	0.000265	2.525729	0.000670
锌芯谢褌芯褉褘	0.000265	3.218876	0.000854
锌芯谢褍褔邪械褌褋褟	0.000265	0.400478	0.000106
锌芯谢褍褔邪泄褌械	0.000265	0.040822	0.000011
锌芯谢褍褔邪褌褜	0.000265	0.040822	0.000011
锌芯谢褍褔邪褞褌褋褟	0.000265	1.427116	0.000379
锌芯谢褜蟹邪	0.000265	0.127833	0.000034
锌芯谢褜蟹芯泄	0.001061	0.116534	0.000124
锌芯谢褜蟹褍械褌褋褟	0.000265	2.207275	0.000586
锌芯谢褜褋泻邪褟	0.000265	0.116534	0.000031
锌芯屑邪写泻邪	0.000531	0.040822	0.000022
锌芯屑邪写泻懈	0.000265	0.116534	0.000031
锌芯屑懈写芯褉	0.004245	0.713350	0.003028
锌芯屑懈写芯褉泻懈	0.000265	0.127833	0.000034
锌芯屑懈写芯褉芯胁	0.000265	2.525729	0.000670
锌芯屑懈写芯褉褘	0.001327	0.116534	0.000155
锌芯薪褉邪胁懈胁褕懈械褋褟	0.000265	0.040822	0.000011
锌芯薪褉邪胁懈谢褋褟	0.000265	1.714798	0.000455
锌芯薪褉邪胁懈褌褋褟	0.000265	1.427116	0.000379
锌芯薪褔懈泻懈	0.000531	0.040822	0.000022
锌芯薪褟谢邪	0.000265	2.302585	0.000611
锌芯锌邪谢褋褟	0.000265	3.218876	0.000854
锌芯锌褉芯斜芯胁邪胁	0.000265	1.832581	0.000486
锌芯锌褉芯斜芯胁邪谢邪	0.000531	1.469676	0.000780
锌芯锌褉芯斜芯胁邪谢懈	0.000265	2.813411	0.000746
锌芯锌褉芯斜芯胁邪褌褜	0.000531	0.798508	0.000424
锌芯锌褉芯斜褍泄褌械	0.000531	0.562119	0.000298
锌芯锌褍谢褟褉薪芯褋褌褜褞	0.000265	2.525729	0.000670
锌芯褉	0.000531	1.469676	0.000780
锌芯褉邪	0.000265	0.116534	0.000031
锌芯褉邪写芯胁邪褌褜	0.000265	2.407946	0.000639
锌芯褉褌褍谐邪谢褜褋泻邪褟	0.000265	0.116534	0.000031
锌芯褋械褖邪械褌械	0.000265	0.061875	0.000016
锌芯褋泻芯谢褜泻褍	0.000265	2.040221	0.000541
锌芯褋谢械写薪懈泄	0.000265	1.560648	0.000414
锌芯褋褌	0.001327	0.105361	0.000140
锌芯褋褌邪胁懈褌褜	0.000265	2.525729	0.000670
锌芯褋褌懈谐薪械褌械	0.000265	4.605170	0.001222
锌芯褋褌薪芯械	0.000265	0.116534	0.000031
锌芯褋褌薪褘械	0.000265	0.040822	0.000011
锌芯褋褌薪褘泄	0.000265	0.116534	0.000031
锌芯褋褌芯褟薪薪芯	0.000531	0.040822	0.000022
锌芯褋褌褉芯懈屑	0.000265	0.116534	0.000031
锌芯褋褍写邪	0.000531	0.094311	0.000050
锌芯褌褉褟褋邪褞褖邪褟	0.000265	4.605170	0.001222
锌芯褔褌懈	0.000531	1.021651	0.000542
锌芯褔褌褍	0.000265	0.040822	0.000011
锌芯褕邪谐芯胁褘械	0.000265	0.301105	0.000080
锌芯褕邪谐芯胁褘屑懈	0.000265	0.040822	0.000011
锌芯褟胁褟褌褋褟	0.000265	2.995732	0.000795
锌褉邪胁懈谢	0.000265	3.506558	0.000930
锌褉邪蟹写薪懈泻邪	0.000265	0.116534	0.000031
锌褉邪蟹写薪懈泻懈	0.000265	1.771957	0.000470
锌褉邪蟹写薪懈褔薪芯	0.000265	0.116534	0.000031
锌褉邪蟹写薪懈褔薪芯谐芯	0.000265	0.116534	0.000031
锌褉邪蟹写薪懈褔薪芯屑	0.000265	1.771957	0.000470
锌褉邪蟹写薪懈褔薪褘械	0.000265	2.995732	0.000795
锌褉邪蟹写薪懈褔薪褘泄	0.000265	0.116534	0.000031
锌褉邪泻褌懈泻褍屑	0.000265	0.116534	0.000031
锌褉邪泻褌懈褔械褋泻懈	0.000265	1.386294	0.000368
锌褉械胁芯褋褏芯写薪褘械	0.000265	0.116534	0.000031
锌褉械胁褉邪褖械薪懈褟	0.000265	0.116534	0.000031
锌褉械写谢邪谐邪褞	0.000265	0.693147	0.000184
锌褉械写谢芯卸懈谢	0.000265	4.605170	0.001222
锌褉械写谢芯卸懈褌褜	0.000265	1.237874	0.000328
锌褉械卸写械	0.000265	3.218876	0.000854
锌褉械泻褉邪褋薪芯	0.000265	1.714798	0.000455
锌褉械褋薪芯械	0.000265	0.116534	0.000031
锌褉懈谐芯褌芯胁懈谢邪	0.000265	1.386294	0.000368
锌褉懈谐芯褌芯胁懈屑	0.000265	0.116534	0.000031
锌褉懈谐芯褌芯胁谢械薪懈械	0.000531	0.105361	0.000056
锌褉懈谐芯褌芯胁谢械薪懈懈	0.000265	0.798508	0.000212
锌褉懈谐芯褌芯胁谢械薪懈褞	0.000265	0.040822	0.000011
锌褉懈谐芯褌芯胁谢械薪懈褟	0.000531	0.371064	0.000197
锌褉懈写邪械褌	0.000265	2.302585	0.000611
锌褉懈写褟	0.000265	3.218876	0.000854
锌褉懈械谢褋褟	0.000265	3.218876	0.000854
锌褉懈蟹薪邪薪懈械	0.000265	0.116534	0.000031
锌褉懈蟹芯胁	0.000265	0.040822	0.000011
锌褉懈谢邪胁泻邪褏	0.000265	3.218876	0.000854
锌褉懈锌褉邪胁邪	0.000796	0.040822	0.000032
锌褉懈褉芯写褍	0.000265	0.116534	0.000031
锌褉懈褉芯写褘	0.000265	0.116534	0.000031
锌褉懈褋褌褍锌懈褌褜	0.000265	0.040822	0.000011
锌褉芯斜芯胁邪谢	0.000265	2.525729	0.000670
锌褉芯斜褍	0.000265	3.506558	0.000930
锌褉芯胁械写懈	0.001061	0.116534	0.000124
锌褉芯胁械褉械薪芯	0.001592	0.116534	0.000186
锌褉芯胁芯写懈屑褘褏	0.000265	0.040822	0.000011
锌褉芯胁芯卸邪械屑	0.000265	0.116534	0.000031
锌褉芯谐褍谢懈胁邪谢邪褋褜	0.000265	4.605170	0.001222
锌褉芯写褍泻褌邪屑懈	0.000265	2.995732	0.000795
锌褉芯写褍泻褌芯胁	0.000265	0.094311	0.000025
锌褉芯械泻褌芯胁	0.000265	0.116534	0.000031
锌褉芯械泻褌褘	0.000265	0.061875	0.000016
锌褉芯褋屑芯褌褉邪屑	0.000265	0.274437	0.000073
锌褉芯褋褌芯	0.002123	0.083382	0.000177
锌褉芯褋褌芯泄	0.000531	0.755023	0.000401
锌褉芯褋褌芯泻胁邪褕邪	0.000265	0.040822	0.000011
锌褉芯褎懈谢褜	0.000265	0.040822	0.000011
锌褉芯褑械褋褋	0.000531	2.813411	0.001493
锌褉芯褔懈械	0.000265	4.605170	0.001222
锌褉褟屑芯	0.000265	0.040822	0.000011
锌褉褟薪懈泻	0.000265	0.040822	0.000011
锌褉褟薪懈泻懈	0.000265	0.116534	0.000031
锌褉褟薪懈褔薪芯械	0.000265	0.116534	0.000031
锌褌懈褑邪	0.001327	0.116534	0.000155
锌褌懈褑械	0.000531	0.116534	0.000062
锌褌懈褑械泄	0.000265	0.127833	0.000034
锌褌懈褑褘	0.003184	0.116534	0.000371
锌褍写懈薪谐	0.000265	0.040822	0.000011
锌褍写懈薪谐懈	0.000531	0.116534	0.000062
锌褍薪褕	0.000265	0.040822	0.000011
锌褍褌械屑	0.000265	3.912023	0.001038
锌褍褌械褕械褋褌胁懈械	0.000531	0.116534	0.000062
锌褍褌褜	0.000265	0.116534	0.000031
锌褕械薪懈褔薪邪褟	0.001592	0.287682	0.000458
锌褘褕泻懈	0.000265	0.040822	0.000011
锌褞褉械	0.001061	0.040822	0.000043
褉邪斜芯褌褍	0.000265	1.560648	0.000414
褉邪斜芯褌褘	0.000265	2.525729	0.000670
褉邪谐褍	0.000531	0.116534	0.000062
褉邪蟹	0.000531	0.446287	0.000237
褉邪蟹胁械褉薪褍褌褜	0.000265	0.116534	0.000031
褉邪蟹写械谢褜薪芯械	0.000265	0.116534	0.000031
褉邪蟹谢懈褔薪褘屑	0.000265	4.605170	0.001222
褉邪蟹谢褍泻邪	0.000265	3.506558	0.000930
褉邪蟹薪褘械	0.000531	0.116534	0.000062
褉邪蟹褍蟹薪邪褌褜	0.000265	2.525729	0.000670
褉邪薪褜褕械	0.000796	1.560648	0.001242
褉邪褋褋芯谢褜薪懈泻	0.000531	0.040822	0.000022
褉邪褋褋芯谢褜薪懈泻邪	0.000265	0.116534	0.000031
褉邪褋褋褘谢泻懈	0.000265	0.061875	0.000016
褉邪褋褌懈褌械谢褜薪芯械	0.003184	0.235722	0.000751
褉械谐懈褋褌褉邪褑懈懈	0.000531	0.010050	0.000005
褉械谐懈褋褌褉邪褑懈褟	0.000265	0.000000	0.000000
褉械写懈褋	0.000531	2.995732	0.001590
褉械泄褌懈薪谐褍	0.000265	0.248461	0.000066
褉械锌褔邪褌褘泄	0.005306	0.430783	0.002286
褉械褑械锌褌	0.005572	0.040822	0.000227
褉械褑械锌褌邪褏	0.000265	0.061875	0.000016
褉械褑械锌褌械	0.000265	1.171183	0.000311
褉械褑械锌褌懈泻	0.000265	1.660731	0.000441
褉械褑械锌褌芯胁	0.001857	0.040822	0.000076
褉械褑械锌褌芯屑	0.000796	0.693147	0.000552
褉械褑械锌褌褘	0.019369	0.040822	0.000791
褉械褕懈谢邪	0.000265	0.820981	0.000218
褉懈写卸	0.000265	4.605170	0.001222
褉懈褋	0.001592	0.040822	0.000065
褉懈褋邪	0.000265	0.116534	0.000031
褉懈褌屑械	0.000265	0.116534	0.000031
褉芯胁薪芯	0.000265	3.506558	0.000930
褉芯谐邪谢懈泻懈	0.000265	0.040822	0.000011
褉芯写薪芯械	0.000265	0.116534	0.000031
褉芯写薪褘褏	0.000265	2.995732	0.000795
褉芯卸写械薪懈褟	0.000265	0.105361	0.000028
褉芯卸写械褋褌胁芯	0.000265	0.116534	0.000031
褉芯谢谢褌芯薪	0.000265	0.116534	0.000031
褉芯谢谢褘	0.000531	0.040822	0.000022
褉芯屑	0.000265	0.040822	0.000011
褉褍斜褉懈泻邪褌芯褉	0.000265	0.051293	0.000014
褉褍谢械褌	0.000265	0.040822	0.000011
褉褍谢械褌褘	0.002653	0.116534	0.000309
褉褍屑褘薪褋泻邪褟	0.000265	0.116534	0.000031
褉褍屑褟薪褘械	0.000531	0.116534	0.000062
褉褍薪械褌械	0.000265	0.020203	0.000005
褉褍褋褋泻邪褟	0.000265	0.116534	0.000031
褉褍褋褋泻芯谐芯	0.000265	3.506558	0.000930
褉褘斜邪	0.002919	0.040822	0.000119
褉褘斜械	0.000531	0.116534	0.000062
褉褘斜薪邪褟	0.000265	0.116534	0.000031
褉褘斜薪芯谐芯	0.000531	0.116534	0.000062
褉褘斜薪芯械	0.000531	2.525729	0.001340
褉褘斜薪褘械	0.001061	0.116534	0.000124
褉褘斜薪褘泄	0.000531	0.116534	0.000062
褉褘斜薪褘褏	0.000265	0.116534	0.000031
褉褘斜芯泄	0.000531	0.116534	0.000062
褉褘斜褘	0.003715	0.116534	0.000433
褉褟卸械薪泻邪	0.000265	0.116534	0.000031
褋邪泄褌	0.001061	0.000000	0.000000
褋邪泄褌褍	0.000531	0.061875	0.000033
褋邪谢邪褌	0.003184	0.094311	0.000300
褋邪谢邪褌邪	0.001327	1.078810	0.001431
褋邪谢邪褌械	0.000265	2.659260	0.000706
褋邪谢邪褌薪邪褟	0.000265	0.116534	0.000031
褋邪谢邪褌薪懈泻邪	0.000265	2.995732	0.000795
褋邪谢邪褌褘	0.010613	0.040822	0.000433
褋邪屑芯谐芯	0.000265	2.813411	0.000746
褋邪屑芯谐芯薪	0.000265	0.040822	0.000011
褋邪屑褘屑	0.000531	1.386294	0.000736
褋邪屑褘褏	0.000531	0.116534	0.000062
褋邪褎	0.000796	0.116534	0.000093
褋邪褎褋械屑	0.000265	0.116534	0.000031
褋邪褏邪褉	0.004245	0.116534	0.000495
褋斜懈褌械薪褜	0.000265	0.040822	0.000011
褋胁邪褉懈谢邪	0.000265	3.218876	0.000854
褋胁械卸械褋褌褜	0.000265	0.105361	0.000028
褋胁械卸懈械	0.000531	2.659260	0.001411
褋胁械卸懈泄	0.000265	2.659260	0.000706
褋胁械卸懈褏	0.000265	2.659260	0.000706
褋胁械泻谢邪	0.000265	0.040822	0.000011
褋胁械泻芯谢褜薪懈泻	0.000531	0.040822	0.000022
褋胁械褌邪	0.001061	0.116534	0.000124
褋胁懈薪懈薪邪	0.000796	0.040822	0.000032
褋胁懈薪懈薪褘	0.001061	0.116534	0.000124
褋胁芯械	0.000265	0.116534	0.000031
褋胁芯械谐芯	0.000265	1.897120	0.000503
褋胁芯械泄	0.000265	1.347074	0.000357
褋胁芯械屑	0.000265	0.040822	0.000011
褋胁芯懈屑	0.000265	0.040822	0.000011
褋胁芯褞	0.000531	0.040822	0.000022
褋谐褍褖械薪泻邪	0.000265	0.040822	0.000011
褋写械谢邪谢邪	0.000265	2.659260	0.000706
褋写械谢邪谢懈	0.000265	2.813411	0.000746
褋写械谢邪褌褜	0.000265	1.021651	0.000271
褋械谐芯写薪褟	0.000531	0.843970	0.000448
褋械蟹芯薪	0.000531	0.116534	0.000062
褋械泄褔邪褋	0.000531	0.030459	0.000016
褋械泻褉械褌	0.000265	1.609438	0.000427
褋械泻褉械褌褘	0.000531	0.116534	0.000062
褋械谢械写泻邪	0.000265	0.040822	0.000011
褋械屑谐邪	0.000265	0.040822	0.000011
褋械屑械泄薪芯屑	0.000265	2.407946	0.000639
褋械屑械泄薪褘泄	0.000265	0.116534	0.000031
褋械屑褜懈	0.000265	0.116534	0.000031
褋械屑褜褞	0.000265	2.207275	0.000586
褋械薪褌褟斜褉褟	0.000796	0.673345	0.000536
褋懈写褉	0.000265	0.040822	0.000011
褋懈褉懈泄褋泻邪褟	0.000265	0.116534	0.000031
褋懈褉芯锌	0.000265	0.040822	0.000011
褋懈褉芯锌褘	0.000265	0.116534	0.000031
褋懈褋褌械屑褘	0.000265	0.040822	0.000011
褋懈褌懈	0.000265	0.127833	0.000034
褋泻邪蟹邪谢	0.000265	1.771957	0.000470
褋泻邪蟹邪谢邪	0.000265	1.832581	0.000486
褋泻邪蟹邪褌褜	0.000796	0.653926	0.000521
褋泻邪蟹芯泻	0.000265	0.116534	0.000031
褋泻芯胁芯褉芯写泻械	0.000265	2.207275	0.000586
褋泻芯褌邪	0.000796	3.506558	0.002791
褋泻芯褌芯屑	0.000265	3.506558	0.000930
褋泻褉械斜谢懈	0.000265	3.218876	0.000854
褋泻褉芯屑薪芯	0.000265	4.605170	0.001222
褋谢邪写泻邪褟	0.001061	0.116534	0.000124
褋谢邪写泻懈械	0.001592	0.040822	0.000065
褋谢邪写泻懈泄	0.002388	0.105361	0.000252
褋谢邪写泻懈褏	0.000531	0.116534	0.000062
褋谢邪写泻芯	0.000265	0.116534	0.000031
褋谢懈胁芯褔薪芯械	0.001327	0.116534	0.000155
褋谢芯胁邪屑懈	0.000265	2.407946	0.000639
褋谢芯械薪芯谐芯	0.000265	0.127833	0.000034
褋谢芯械薪芯械	0.000265	0.116534	0.000031
褋谢芯械薪褘泄	0.000265	0.116534	0.000031
褋谢芯卸械薪薪褘泄	0.000265	4.605170	0.001222
褋谢芯泄泻邪	0.000265	0.040822	0.000011
褋谢芯泄泻懈	0.000265	0.116534	0.000031
褋谢褍褔邪泄薪芯	0.000265	2.407946	0.000639
褋屑械褌邪薪邪	0.000796	0.105361	0.000084
褋屑械褕邪薪薪芯谐芯	0.000265	0.116534	0.000031
褋屑芯卸械褌械	0.000265	0.040822	0.000011
褋屑褍蟹懈	0.000796	0.040822	0.000032
褋薪邪褔邪谢邪	0.000265	2.120264	0.000563
褋薪械卸泻	0.000265	3.912023	0.001038
褋薪褝泻	0.000265	0.116534	0.000031
褋芯斜懈褉邪械褌械褋褜	0.000265	0.040822	0.000011
褋芯斜褋褌胁械薪薪芯屑	0.000531	2.407946	0.001278
褋芯胁械褉褕械薪薪芯	0.000265	1.171183	0.000311
褋芯胁械褉褕械薪褋褌胁芯	0.001327	0.116534	0.000155
褋芯胁械褌邪屑懈	0.000265	0.040822	0.000011
褋芯胁械褌褍褞	0.000265	1.139434	0.000302
褋芯胁褋械屑	0.000265	1.139434	0.000302
褋芯谐谢邪褋懈谢邪褋褜	0.000265	4.605170	0.001222
褋芯谐谢邪褕邪械褌械褋褜	0.000265	0.040822	0.000011
褋芯械胁褘泄	0.001061	0.798508	0.000847
褋芯卸邪谢械薪懈褞	0.000265	2.525729	0.000670
褋芯蟹写邪械褌	0.000265	0.116534	0.000031
褋芯蟹写邪薪懈褟	0.000531	0.261365	0.000139
褋芯蟹褉械褞褌	0.000265	3.218876	0.000854
褋芯泻	0.001327	0.116534	0.000155
褋芯泻邪	0.000265	0.105361	0.000028
褋芯泻懈	0.000265	0.040822	0.000011
褋芯泻褍	0.000531	2.407946	0.001278
褋芯谢械薪褘械	0.000796	0.116534	0.000093
褋芯谢械薪褜褟	0.000531	0.116534	0.000062
褋芯谢薪械褔薪芯泄	0.000265	0.127833	0.000034
褋芯谢褜	0.005306	0.150823	0.000800
褋芯谢褟薪泻邪	0.000531	0.040822	0.000022
褋芯谢褟薪泻械	0.000265	3.506558	0.000930
褋芯褉褌懈褉芯胁邪褌褜	0.000265	0.248461	0.000066
褋芯褋泻褍褔懈谢邪褋褜	0.000265	3.506558	0.000930
褋芯褋褌邪胁懈谢芯	0.000265	2.525729	0.000670
褋芯褋褌邪胁褜	0.000265	0.116534	0.000031
褋芯褋褌芯懈褌	0.000265	2.525729	0.000670
褋芯褌褘泄	0.000265	3.506558	0.000930
褋芯褍褋	0.003184	0.040822	0.000130
褋芯褍褋邪	0.000265	1.897120	0.000503
褋芯褍褋芯屑	0.001327	0.116534	0.000155
褋芯褍褋褘	0.001061	0.116534	0.000124
褋芯褏褉邪薪褟褌褜	0.000265	0.040822	0.000011
褋芯褑褋械褌懈	0.000265	0.040822	0.000011
褋芯褔械褌邪薪懈械	0.000531	0.116534	0.000062
褋芯褔薪芯	0.000265	2.120264	0.000563
褋芯褔薪芯械	0.000265	0.116534	0.000031
褋芯褔薪褘械	0.000265	1.966113	0.000522
褋锌械褑懈邪谢褜薪芯械	0.000265	0.116534	0.000031
褋锌械褑懈懈	0.002388	0.105361	0.000252
褋锌械褑锌褉芯械泻褌	0.008756	0.116534	0.001020
褋锌懈褋芯泻	0.000265	0.116534	0.000031
褋锌芯褞	0.000265	0.116534	0.000031
褋褉邪蟹褍	0.000265	0.733969	0.000195
褋褉械写懈蟹械屑薪芯屑芯褉褋泻邪褟	0.000265	0.127833	0.000034
褋褌邪谢芯	0.000265	2.995732	0.000795
褋褌邪褉褘械	0.000265	0.261365	0.000069
褋褌邪褌褜褟褏	0.000265	0.061875	0.000016
褋褌懈谢械	0.000265	0.116534	0.000031
褋褌懈谢褟	0.000265	0.116534	0.000031
褋褌芯谢	0.000796	0.105361	0.000084
褋褌芯谢邪	0.001592	0.116534	0.000186
褋褌芯谢械	0.000265	1.469676	0.000390
褋褌芯褟谢懈	0.000265	2.659260	0.000706
褋褌褉邪薪褘	0.000265	2.995732	0.000795
褋褌褉芯谐芯	0.000265	2.407946	0.000639
褋褌褉芯懈褌械谢褜褋褌胁械	0.000265	0.040822	0.000011
褋褌褉芯懈褌械谢褜褋褌胁褍	0.000265	0.040822	0.000011
褋褌褉芯懈褌褜	0.000265	0.040822	0.000011
褋褌褉芯泄薪芯泄	0.000265	0.116534	0.000031
褋褍斜锌褉芯写褍泻褌芯胁	0.001857	0.116534	0.000216
褋褍斜锌褉芯写褍泻褌褘	0.000796	0.116534	0.000093
褋褍写懈褌械	0.000265	2.813411	0.000746
褋褍锌	0.004510	0.040822	0.000184
褋褍锌邪	0.000265	0.040822	0.000011
褋褍锌械褉斜邪斜褍褕泻邪	0.000531	1.237874	0.000657
褋褍锌褉褍谐邪	0.000265	3.506558	0.000930
褋褍锌褍	0.000265	3.506558	0.000930
褋褍锌褔懈泻	0.000265	2.302585	0.000611
褋褍锌褘	0.004245	0.040822	0.000173
褋褍褎谢械	0.000796	0.040822	0.000032
褋褍褏邪褉懈	0.000265	0.040822	0.000011
褋褍褕懈	0.000531	0.040822	0.000022
褋褎芯褌泻邪褌褜	0.000265	3.912023	0.001038
褋褏芯写懈谢懈	0.000265	4.605170	0.001222
褋褗械谢懈	0.000265	3.912023	0.001038
褋褗械谢懈褋褜	0.000265	4.605170	0.001222
褋褘薪	0.000265	2.407946	0.000639
褋褘薪褍	0.000265	3.506558	0.000930
褋褘褉	0.004510	0.040822	0.000184
褋褘褉邪	0.001857	0.116534	0.000216
褋褘褉邪屑懈	0.000265	0.127833	0.000034
褋褘褉薪懈泻	0.000265	0.040822	0.000011
褋褘褉薪懈泻懈	0.000531	0.116534	0.000062
褋褘褉薪褘械	0.001327	0.040822	0.000054
褋褘褉薪褘屑懈	0.000265	2.995732	0.000795
褋褘褉芯屑	0.000531	0.713350	0.000379
褋褘褌薪褘泄	0.000531	0.105361	0.000056
褋褘褔褍卸薪褘屑懈	0.000265	0.127833	0.000034
褋褝薪写胁懈褔懈	0.000265	0.127833	0.000034
褋褞褉锌褉懈蟹	0.000265	0.116534	0.000031
褌邪写卸懈泻褋泻邪褟	0.000265	0.116534	0.000031
褌邪泄褋泻邪褟	0.000265	0.116534	0.000031
褌邪泻懈	0.000265	1.237874	0.000328
褌邪泻懈屑懈	0.000265	2.659260	0.000706
褌邪泻褍褞	0.000265	1.427116	0.000379
褌邪锌械懈	0.000531	3.506558	0.001861
褌邪褉褌	0.000265	0.116534	0.000031
褌邪褉褌邪谢械褌泻懈	0.000531	0.040822	0.000022
褌邪褌邪褉褋泻邪褟	0.000265	0.116534	0.000031
褌胁械褉写褘泄	0.002123	0.562119	0.001193
褌胁芯懈	0.000531	0.116534	0.000062
褌胁芯褉懈	0.000265	0.116534	0.000031
褌胁芯褉芯谐	0.000531	0.040822	0.000022
褌胁芯褉芯谐芯屑	0.000265	0.105361	0.000028
褌胁芯褉芯卸薪芯械	0.000265	0.116534	0.000031
褌胁芯褉芯卸薪褘械	0.000531	0.116534	0.000062
褌胁芯褉芯卸薪褘泄	0.000796	0.116534	0.000093
褌械谢械谐褉邪屑	0.000265	0.040822	0.000011
褌械谢褟褌懈薪褘	0.001061	0.116534	0.000124
褌械屑	0.000531	0.967584	0.000513
褌械锌械褉褜	0.000531	0.916291	0.000486
褌械锌谢芯屑	0.000265	0.116534	0.000031
褌械褉褉邪褋芯泄	0.000265	0.798508	0.000212
褌械褉褉懈薪	0.000265	0.040822	0.000011
褌械褋褌	0.001327	0.127833	0.000170
褌械褋褌邪	0.001592	0.105361	0.000168
褌械褋褌械	0.000265	2.040221	0.000541
褌械褋褌芯	0.002919	0.040822	0.000119
褌械褌褉邪写泻械	0.000265	4.605170	0.001222
褌械褏	0.000531	0.634878	0.000337
褌械褏薪懈泻邪	0.001327	0.105361	0.000140
褌械褖懈薪	0.000265	0.040822	0.000011
褌屑	0.001061	0.127833	0.000136
褌芯谐芯	0.000531	1.427116	0.000757
褌芯屑	0.000265	1.171183	0.000311
褌芯屑邪褌褘	0.000531	2.302585	0.001222
褌芯薪泻芯褋褌懈	0.000265	2.995732	0.000795
褌芯锌谢械薪芯械	0.000265	0.116534	0.000031
褌芯褉谐芯胁邪谢	0.000265	4.605170	0.001222
褌芯褉谐芯胁褑邪	0.000796	3.506558	0.002791
褌芯褉褌	0.002919	0.040822	0.000119
褌芯褉褌褘	0.002388	0.116534	0.000278
褌褉邪胁褘	0.000265	0.105361	0.000028
褌褉邪写懈褑懈懈	0.000265	0.116534	0.000031
褌褉邪写懈褑懈泄	0.001061	0.116534	0.000124
褌褉邪写懈褑懈褟褏	0.000265	0.116534	0.000031
褌褉邪褌懈屑	0.000265	3.912023	0.001038
褌褉械褏谢械褌懈械屑	0.000265	0.116534	0.000031
褌褉懈	0.000531	1.386294	0.000736
褌褉褍斜芯褔泻懈	0.000265	0.040822	0.000011
褌褉褍写邪	0.000265	2.407946	0.000639
褌褉褍写芯屑	0.000265	3.218876	0.000854
褌褉褍写褘	0.000265	3.912023	0.001038
褌褍薪懈褋褋泻邪褟	0.000265	0.116534	0.000031
褌褍薪褑芯屑	0.000265	0.116534	0.000031
褌褍褉械褑泻邪褟	0.000265	0.116534	0.000031
褌褘泻胁邪	0.000265	0.040822	0.000011
褍胁械写芯屑谢械薪懈褟	0.000265	0.040822	0.000011
褍胁械褉械薪邪	0.000265	1.272966	0.000338
褍谐芯谢芯褔泻械	0.000265	4.605170	0.001222
褍谐芯褖邪泄褌械褋褜	0.000265	1.021651	0.000271
褍写邪褔薪邪褟	0.000265	0.116534	0.000031
褍写懈胁懈	0.000265	0.116534	0.000031
褍写懈胁懈谢	0.000265	3.218876	0.000854
褍写懈胁懈褌褜	0.000265	1.771957	0.000470
褍写懈胁谢褟泄褌械	0.001061	0.116534	0.000124
褍写芯胁芯谢褜褋褌胁懈械屑	0.000265	0.116534	0.000031
褍卸	0.000796	0.693147	0.000552
褍卸懈薪	0.001592	0.094311	0.000150
褍卸懈薪芯屑	0.000265	2.659260	0.000706
褍蟹斜械泻褋泻邪褟	0.000265	0.116534	0.000031
褍蟹薪邪谢邪	0.000265	2.302585	0.000611
褍泻褉邪懈薪褋泻邪褟	0.000265	0.116534	0.000031
褍泻褉邪褕械薪懈褟	0.002123	0.116534	0.000247
褍泻褉芯锌	0.001061	0.562119	0.000597
褍泻褋褍褋	0.002123	0.634878	0.001348
褍泻褋褍褋薪邪褟	0.000531	4.605170	0.002444
褍锌芯褌褉械斜谢械薪懈械屑	0.000265	0.116534	0.000031
褍褉邪	0.000265	2.120264	0.000563
褍褉邪谢褜褋泻邪褟	0.000265	0.116534	0.000031
褍褉芯卸邪泄	0.000265	0.105361	0.000028
褍褌泻懈	0.000796	0.116534	0.000093
褍褏邪	0.000265	0.040822	0.000011
褍褔邪褋褌胁芯胁邪褌褜	0.000265	0.040822	0.000011
褍褞褌薪芯屑	0.000265	2.525729	0.000670
褎邪蟹械薪写褘	0.000265	0.127833	0.000034
褎邪薪褌邪蟹懈懈	0.001592	0.116534	0.000186
褎邪薪褌邪蟹懈泄	0.000265	0.116534	0.000031
褎邪薪褌邪蟹懈褟	0.000265	0.116534	0.000031
褎邪褉褕	0.001592	1.021651	0.001626
褎邪褉褕邪	0.004510	0.040822	0.000184
褎邪褉褕械屑	0.000265	1.966113	0.000522
褎邪褉褕懈褉芯胁邪薪薪邪褟	0.000531	0.116534	0.000062
褎邪褉褕懈褉芯胁邪薪薪芯械	0.000265	0.116534	0.000031
褎邪褉褕懈褉芯胁邪薪薪褘械	0.000531	0.040822	0.000022
褎邪褉褕懈褉芯胁邪薪薪褘泄	0.000265	0.040822	0.000011
褎邪褋芯谢褜	0.000265	0.040822	0.000011
褎械胁褉邪谢褟	0.000265	0.105361	0.000028
褎械泄械褉胁械褉泻	0.000531	0.116534	0.000062
褎懈谐褍褉械	0.000265	0.116534	0.000031
褎懈谢械	0.001061	0.916291	0.000972
褎懈薪褋泻邪褟	0.000265	0.116534	0.000031
褎懈褉屑械薪薪邪褟	0.000265	3.506558	0.000930
褎懈褉屑械薪薪芯械	0.000265	0.116534	0.000031
褎芯薪写褞	0.000265	0.040822	0.000011
褎芯褉屑褘	0.000265	0.116534	0.000031
褎芯褉褍屑械	0.000531	0.040822	0.000022
褎芯褉褕屑邪泻	0.000265	0.040822	0.000011
褎芯褌泻邪褌褜	0.000265	3.912023	0.001038
褎褉邪薪褑懈懈	0.000265	0.116534	0.000031
褎褉邪薪褑褍蟹褋泻邪褟	0.000265	0.116534	0.000031
褎褉邪褍	0.001061	0.116534	0.000124
褎褉褍泻褌芯胁	0.001061	0.116534	0.000124
褎褉褍泻褌芯胁芯	0.000265	0.116534	0.000031
褎褉褍泻褌芯胁褘械	0.001857	0.040822	0.000076
褎褍写	0.000265	0.116534	0.000031
褎褍褉褕械褌	0.000265	0.116534	0.000031
褏邪谢胁邪	0.000265	0.040822	0.000011
褏邪屑写械薪	0.000265	4.605170	0.001222
褏邪褉胁械褋褌褎械褋褌	0.000531	0.116534	0.000062
褏邪褉褔芯	0.000531	0.040822	0.000022
褏邪褕	0.000265	0.040822	0.000011
褏胁芯褉芯褋褌	0.000265	0.040822	0.000011
褏懈薪泻邪谢懈	0.000265	0.116534	0.000031
褏懈褌	0.001857	0.116534	0.000216
褏谢械斜	0.001327	0.040822	0.000054
褏谢械斜芯屑	0.000265	2.525729	0.000670
褏谢械斜芯锌械褔泻懈	0.000265	0.116534	0.000031
褏谢芯锌褜褟	0.000531	0.105361	0.000056
褏芯写懈谢懈	0.000265	2.995732	0.000795
褏芯蟹褟泄泻邪	0.000265	1.897120	0.000503
褏芯蟹褟泄泻懈	0.000531	0.127833	0.000068
褏芯谢芯写械褑	0.000265	0.040822	0.000011
褏芯谢芯写懈谢褜薪懈泻械	0.000265	1.609438	0.000427
褏芯谢芯写薪褘械	0.000531	0.116534	0.000062
褏芯谢芯写薪褘泄	0.000531	0.116534	0.000062
褏芯褉胁邪褌褋泻邪褟	0.000265	0.116534	0.000031
褏芯褉芯褕芯	0.001592	0.105361	0.000168
褏芯褉褋	0.000265	0.116534	0.000031
褏芯褌械谢邪	0.000265	2.659260	0.000706
褏芯褌懈褌械	0.000265	0.040822	0.000011
褏芯褔褍	0.000265	0.562119	0.000149
褏褉褍褋褌褟褖懈械	0.000265	2.407946	0.000639
褏褍屑褍褋	0.000265	0.040822	0.000011
褑邪褉褋泻邪褟	0.000265	3.912023	0.001038
褑邪褉褋褌胁芯	0.000265	0.127833	0.000034
褑邪褉褜	0.000265	0.116534	0.000031
褑胁械褌薪邪褟	0.000265	0.040822	0.000011
褑械薪邪	0.000265	4.605170	0.001222
褑械薪薪褘褏	0.000265	0.040822	0.000011
褑械薪褌褉	0.000265	0.116534	0.000031
褑械薪褘	0.000265	4.605170	0.001222
褔邪械屑	0.000265	0.116534	0.000031
褔邪泄	0.000796	0.040822	0.000032
褔械斜褍褉械泻懈	0.001327	0.040822	0.000054
褔械斜褍褉械褔薪芯泄	0.000265	3.506558	0.000930
褔械谢芯胁械泻	0.000265	1.966113	0.000522
褔械屑	0.000531	0.994252	0.000528
褔械褉泻懈蟹芯胁芯	0.000531	0.116534	0.000062
褔械褉薪芯泄	0.000265	4.605170	0.001222
褔械褉薪褘泄	0.003184	0.371064	0.001181
褔械褉褉懈	0.000531	2.040221	0.001083
褔械褋薪芯泻	0.003184	0.314711	0.001002
褔械褋褌薪褘屑懈	0.000265	0.040822	0.000011
褔械褔械胁懈褑邪	0.000265	0.040822	0.000011
褔械褕褋泻邪褟	0.000265	0.116534	0.000031
褔懈蟹泻械泄泻	0.001061	0.040822	0.000043
褔懈谢懈泄褋泻邪褟	0.000265	0.116534	0.000031
褔懈锌褋褘	0.000265	0.040822	0.000011
褔懈褋谢褍	0.000265	0.261365	0.000069
褔褍写械褋	0.000265	0.116534	0.000031
褔褍写芯	0.000531	1.309333	0.000695
褕邪褉懈泻邪屑懈	0.000265	2.995732	0.000795
褕邪褉懈泻懈	0.000531	0.040822	0.000022
褕邪褉谢芯褌泻邪	0.000265	0.040822	0.000011
褕邪褉谢芯褌泻懈	0.000265	0.127833	0.000034
褕邪褉谢芯褌褌邪	0.000265	4.605170	0.001222
褕邪褉屑	0.000265	0.116534	0.000031
褕邪褕谢褘泻	0.003184	0.040822	0.000130
褕邪褕谢褘泻懈	0.000265	0.040822	0.000011
褕胁械写褋泻邪褟	0.000265	0.116534	0.000031
褕胁械泄褑邪褉褋泻邪褟	0.000265	0.116534	0.000031
褕械写械胁褉褘	0.000265	0.116534	0.000031
褕械褎	0.000265	0.127833	0.000034
褕懈锌褍褔泻邪	0.000265	0.040822	0.000011
褕懈褉芯泻邪褟	0.000265	0.127833	0.000034
褕泻芯谢褍	0.000265	0.116534	0.000031
褕芯泻芯谢邪写	0.000265	0.040822	0.000011
褕芯褌谢邪薪写褋泻邪褟	0.000265	0.116534	0.000031
褕褌褉褍写械谢褜	0.000265	0.040822	0.000011
褕褍褉锌邪	0.000265	0.040822	0.000011
褖邪褋	0.000265	0.116534	0.000031
褖械写褉邪褟	0.000265	0.116534	0.000031
褖懈	0.000531	0.040822	0.000022
褝泻芯屑懈谢泻	0.000265	0.127833	0.000034
褝泻褋泻谢褞蟹懈胁薪邪褟	0.000265	3.506558	0.000930
褝泻褋锌械褉懈屑械薪褌芯胁	0.000265	2.995732	0.000795
褝褋锌械谢械褌	0.000531	4.605170	0.002444
褝褋褋械薪褑懈褟	0.000531	3.912023	0.002076
褝褋褌芯薪褋泻邪褟	0.000265	0.116534	0.000031
褝褌懈屑	0.000265	1.108663	0.000294
褝褌芯屑	0.000265	0.843970	0.000224
褝褌褍	0.000265	1.272966	0.000338
褞斜懈谢械泄	0.000265	2.040221	0.000541
褞谐芯褋谢邪胁褋泻邪褟	0.000265	0.116534	0.000031
褟谐芯写薪褘械	0.000531	0.116534	0.000062
褟谐芯写薪褘泄	0.000531	0.116534	0.000062
褟蟹褘泻	0.000265	0.040822	0.000011
褟蟹褘泻邪	0.000265	2.813411	0.000746
褟懈褑	0.001061	0.116534	0.000124
褟泄褑邪	0.000265	0.040822	0.000011
褟泄褑芯	0.002653	0.261365	0.000693
褟薪写械泻褋	0.000265	0.072571	0.000019
褟锌芯薪褋泻邪褟	0.000265	0.116534	0.000031
褟锌芯薪褋泻芯泄	0.000265	0.061875	0.000016
褟褉泻懈械	0.000265	0.116534	0.000031
褟褉泻芯	0.000265	0.105361	0.000028
褟褉屑邪褉泻械	0.000265	4.605170	0.001222
