褌芯泻械薪	TF	IDF	TF-IDF
邪斜褏邪蟹褋泻邪褟	0.000286	0.116534	0.000033
邪胁邪薪褌褞褉懈蟹屑	0.000286	4.605170	0.001316
邪胁谐褍褋褌邪	0.000286	0.867501	0.000248
邪胁褋褌褉邪谢懈泄褋泻邪褟	0.000286	0.116534	0.000033
邪胁褋褌褉懈泄褋泻邪褟	0.000286	0.116534	0.000033
邪胁褌芯泻谢邪胁邪	0.000286	0.116534	0.000033
邪胁褌芯褉邪	0.000286	2.407946	0.000688
邪胁褌芯褉邪屑	0.000286	0.040822	0.000012
邪谐褉芯	0.000286	0.116534	0.000033
邪写卸懈泻邪	0.000857	0.040822	0.000035
邪蟹械褉斜邪泄写卸邪薪褋泻邪褟	0.000286	0.116534	0.000033
邪蟹懈邪褌褋泻邪褟	0.000286	0.127833	0.000037
邪蟹褘	0.000286	0.127833	0.000037
邪泄褉邪薪	0.000286	0.040822	0.000012
邪泻胁邪褌懈泻邪	0.000857	0.127833	0.000110
邪谢械泻褋械褟	0.000286	0.127833	0.000037
邪谢泻芯谐芯谢褜	0.000571	0.116534	0.000067
邪谢泻芯谐芯谢褜薪褘械	0.000286	0.116534	0.000033
邪谢泻芯谐芯谢褟	0.000286	0.116534	0.000033
邪谢褜褟薪褋	0.000286	0.116534	0.000033
邪屑械褉懈泻邪薪褋泻邪褟	0.000286	0.116534	0.000033
邪薪谐谢懈泄褋泻邪褟	0.000286	0.116534	0.000033
邪薪写褉械褟	0.000286	0.127833	0.000037
邪褉邪斜褋泻邪褟	0.000286	0.116534	0.000033
邪褉谐械薪褌懈薪褋泻邪褟	0.000286	0.116534	0.000033
邪褉屑褟薪褋泻邪褟	0.000286	0.116534	0.000033
邪褋褋芯褉褌懈	0.000571	0.116534	0.000067
邪褌谢邪薪褌	0.000286	0.127833	0.000037
邪褎谐邪薪褋泻邪褟	0.000286	0.116534	0.000033
邪褎褉懈泻邪薪褋泻邪褟	0.000286	0.116534	0.000033
邪褝褉芯谐褉懈谢械	0.002857	0.116534	0.000333
斜邪斜懈褔	0.000286	1.514128	0.000433
斜邪泻谢邪卸邪薪褘	0.000286	0.040822	0.000012
斜邪谢褌泻芯屑	0.000286	0.127833	0.000037
斜邪褉邪薪懈薪褘	0.001143	0.116534	0.000133
斜邪褋屑邪褌懈	0.000571	0.127833	0.000073
斜邪褋褌褍褉屑邪	0.000286	0.040822	0.000012
斜邪褌芯薪	0.000286	1.660731	0.000474
斜邪褌芯薪褔懈泻懈	0.000286	0.127833	0.000037
斜邪褕泻懈褉褋泻邪褟	0.000286	0.116534	0.000033
斜械蟹邪谢泻芯谐芯谢褜薪褘械	0.000286	0.116534	0.000033
斜械蟹谐谢褞褌械薪芯胁褘械	0.000286	0.116534	0.000033
斜械蟹械	0.001143	0.040822	0.000047
斜械蟹褍屑薪芯	0.000286	1.560648	0.000446
斜械谢械斜械械胁褋泻懈泄	0.000571	0.116534	0.000067
斜械谢芯泻芯褔邪薪薪邪褟	0.001143	0.994252	0.001136
斜械谢芯褉褍褋褋泻邪褟	0.000286	0.116534	0.000033
斜械谢褜谐懈泄褋泻邪褟	0.000286	0.116534	0.000033
斜械褉械屑械薪薪褘褏	0.000286	0.116534	0.000033
斜械褋械写懈薪邪	0.000286	0.127833	0.000037
斜懈褋泻胁懈褌	0.000286	0.040822	0.000012
斜懈褋泻胁懈褌薪芯械	0.000571	0.116534	0.000067
斜懈褋泻胁懈褌薪褘泄	0.000286	0.105361	0.000030
斜懈褋泻胁懈褌褘	0.000286	0.127833	0.000037
斜谢邪谐芯写邪褉薪邪	0.000286	1.660731	0.000474
斜谢懈卸械	0.000286	0.116534	0.000033
斜谢懈蟹泻懈褏	0.000286	0.116534	0.000033
斜谢懈薪芯胁	0.000571	0.116534	0.000067
斜谢懈薪褘	0.001429	0.040822	0.000058
斜谢褞写	0.000571	0.094311	0.000054
斜谢褞写邪	0.028286	0.040822	0.001155
斜谢褞写芯	0.001429	0.040822	0.000058
斜谢褞写褍	0.000286	0.116534	0.000033
斜芯斜芯胁褘械	0.000571	0.127833	0.000073
斜芯斜芯胁褘褏	0.002000	0.116534	0.000233
斜芯谐邪	0.000286	4.605170	0.001316
斜芯谢谐邪褉褋泻邪褟	0.000286	0.116534	0.000033
斜芯谢谐邪褉褋泻懈械	0.000286	2.407946	0.000688
斜芯谢谐邪褉褋泻懈泄	0.000571	0.843970	0.000482
斜芯谢褜褕械	0.001143	0.105361	0.000120
斜芯褉褖	0.000571	0.040822	0.000023
斜芯褌胁懈薪褜褟	0.000286	0.040822	0.000012
斜褉邪蟹懈谢褜褋泻邪褟	0.000286	0.116534	0.000033
斜褉邪褍蟹械褉械	0.000286	0.040822	0.000012
斜褉邪褍薪懈	0.000286	0.040822	0.000012
斜褉械褋褌	0.000286	0.127833	0.000037
斜褉芯泻泻芯谢懈	0.000286	0.040822	0.000012
斜褍写褍	0.000286	1.427116	0.000408
斜褍卸械薪懈薪邪	0.000286	0.040822	0.000012
斜褍谢芯褔泻邪屑懈	0.000286	0.116534	0.000033
斜褍谢芯褔泻懈	0.000571	0.040822	0.000023
斜褍谢褜芯薪	0.002000	0.040822	0.000082
斜褍谢褜芯薪褘	0.001143	0.116534	0.000133
斜褍褉谐械褉	0.000286	0.040822	0.000012
斜褍褉谐械褉褘	0.000286	0.127833	0.000037
斜褍褉褟褌褋泻邪褟	0.000286	0.116534	0.000033
斜褍褌械褉斜褉芯写	0.000571	0.116534	0.000067
斜褍褌械褉斜褉芯写褘	0.000571	0.040822	0.000023
斜褘褋褌褉械械	0.000286	2.525729	0.000722
斜褘褋褌褉芯	0.000857	0.094311	0.000081
斜褘褋褌褉芯泄	0.000286	0.116534	0.000033
斜褘褋褌褉褘械	0.000286	1.832581	0.000524
斜褘褋褌褉褘泄	0.000857	0.105361	0.000090
胁邪卸薪褘械	0.000286	0.116534	0.000033
胁邪谢谢懈泄褋泻邪褟	0.000286	0.116534	0.000033
胁邪褉械薪懈泻懈	0.000286	0.116534	0.000033
胁邪褉械薪褜械	0.000571	0.040822	0.000023
胁邪褉懈邪薪褌械	0.000286	2.659260	0.000760
胁邪褌褉褍褕泻懈	0.000286	0.040822	0.000012
胁邪褎谢懈	0.000571	0.040822	0.000023
胁邪褕	0.000286	1.309333	0.000374
胁邪褕械泄	0.000571	0.040822	0.000023
胁胁芯写褟	0.000286	0.040822	0.000012
胁写芯褏薪芯胁械薪懈械	0.001143	0.116534	0.000133
胁写芯褏薪芯胁械薪懈械屑	0.000571	0.116534	0.000067
胁写芯褏薪芯胁谢褟泄褋褟	0.000286	0.116534	0.000033
胁械谐械褌邪褉懈邪薪褋泻懈械	0.000286	0.127833	0.000037
胁械谐械褌邪褉懈邪薪褋泻芯械	0.000286	0.116534	0.000033
胁械谢懈泻懈泄	0.000286	0.116534	0.000033
胁械谢懈泻芯谢械锌薪械泄褕械械械	0.000286	2.659260	0.000760
胁械谢懈褔懈薪械	0.000286	4.605170	0.001316
胁械薪谐械褉褋泻邪褟	0.000286	0.116534	0.000033
胁械薪械褉懈泻	0.000286	2.120264	0.000606
胁械褋械薪薪懈械	0.000286	0.051293	0.000015
胁械褋薪邪	0.001429	0.116534	0.000166
胁械褋薪褘	0.000286	0.116534	0.000033
胁械褌褔懈薪褘	0.000286	0.105361	0.000030
胁蟹褟谢邪	0.000286	2.525729	0.000722
胁懈写械芯	0.000571	0.116534	0.000067
胁懈写械芯褉械褑械锌褌褘	0.000286	0.301105	0.000086
胁懈薪芯	0.000571	0.040822	0.000023
胁泻谢褞褔邪褞褖懈褏	0.000286	0.634878	0.000181
胁泻褍褋	0.000571	0.105361	0.000060
胁泻褍褋邪	0.002286	0.116534	0.000266
胁泻褍褋薪邪褟	0.001143	0.061875	0.000071
胁泻褍褋薪械械	0.001143	0.116534	0.000133
胁泻褍褋薪械泄	0.000286	0.116534	0.000033
胁泻褍褋薪芯	0.002000	0.094311	0.000189
胁泻褍褋薪芯械	0.000286	0.994252	0.000284
胁泻褍褋薪褘械	0.000857	0.105361	0.000090
胁泻褍褋薪褘泄	0.000286	0.385662	0.000110
胁泻褍褋薪褘屑	0.000286	1.049822	0.000300
胁泻褍褋芯屑	0.000286	0.105361	0.000030
胁谢褞斜懈谢邪褋褜	0.000286	1.832581	0.000524
胁谢褞斜谢械薪薪褘褏	0.000286	0.116534	0.000033
胁薪邪褔邪谢械	0.001143	0.248461	0.000284
胁芯	0.000571	0.061875	0.000035
胁芯胁褋械	0.000286	3.912023	0.001118
胁芯写邪	0.001714	0.287682	0.000493
胁芯写械	0.000286	0.105361	0.000030
胁芯写泻邪	0.001143	2.302585	0.002632
胁芯写泻械	0.000286	4.605170	0.001316
胁芯写褍	0.000286	3.218876	0.000920
胁芯蟹屑芯卸薪芯	0.000286	1.469676	0.000420
胁芯泄褌懈	0.000286	0.000000	0.000000
胁芯谢芯胁邪薪褘	0.000286	0.116534	0.000033
胁芯谢褕械斜薪褘械	0.000286	0.116534	0.000033
胁芯谢褕械斜褋褌胁芯	0.000286	0.116534	0.000033
胁芯锌褉芯褋	0.000286	1.771957	0.000506
胁芯锌褉芯褋褘	0.000286	0.000000	0.000000
胁芯褋泻褉械褋薪芯谐芯	0.000286	2.407946	0.000688
胁芯褋褌芯褔薪邪褟	0.000286	0.127833	0.000037
胁锌懈褌邪械褌	0.000286	4.605170	0.001316
胁褉械屑械薪邪	0.000286	0.116534	0.000033
胁褉械屑械薪械屑	0.001714	0.116534	0.000200
胁褋械谐写邪	0.000571	0.653926	0.000374
胁褋械谐芯	0.000571	0.186330	0.000106
胁褋械泄	0.001143	0.105361	0.000120
胁褋械屑褍	0.000571	0.061875	0.000035
胁褋锌芯屑薪懈褌褜	0.000286	0.040822	0.000012
胁褌芯褉芯械	0.000286	0.116534	0.000033
胁褌芯褉褘械	0.000286	0.127833	0.000037
胁褍	0.000286	4.605170	0.001316
胁褏芯写	0.000857	0.030459	0.000026
胁褘斜芯褉	0.000286	2.995732	0.000856
胁褘斜褉邪卸懈胁邪薪懈褟	0.000286	4.605170	0.001316
胁褘泄褌懈	0.000286	0.040822	0.000012
胁褘锌械褔泻邪	0.005714	0.040822	0.000233
胁褘锌械褔泻械	0.000286	2.659260	0.000760
胁褘锌械褔泻懈	0.000571	0.072571	0.000041
胁褘锌械褔泻芯泄	0.000286	0.116534	0.000033
胁褜械褌薪邪屑褋泻邪褟	0.000286	0.116534	0.000033
谐邪胁邪泄褋泻邪褟	0.000286	0.116534	0.000033
谐邪褉邪卸芯屑	0.000286	1.078810	0.000308
谐邪褉薪懈褉	0.001429	0.040822	0.000058
谐邪褋锌邪褔芯	0.000286	0.040822	0.000012
谐械芯谐褉邪褎懈褟	0.000286	0.116534	0.000033
谐谢邪胁薪褘泄	0.000286	0.040822	0.000012
谐谢邪蟹褍褉褜	0.000857	0.040822	0.000035
谐谢懈薪褌胁械泄薪	0.000286	0.040822	0.000012
谐芯胁褟写懈薪邪	0.000857	2.302585	0.001974
谐芯胁褟写懈薪褘	0.001429	0.116534	0.000166
谐芯写	0.002571	0.105361	0.000271
谐芯写邪	0.004286	0.248461	0.001065
谐芯写邪屑懈	0.000286	4.605170	0.001316
谐芯谢谢邪薪写褋泻邪褟	0.000286	0.116534	0.000033
谐芯褉芯写邪	0.000286	0.116534	0.000033
谐芯褉芯褏	0.000286	0.116534	0.000033
谐芯褉褔懈褑邪	0.000571	0.040822	0.000023
谐芯褉褔懈褑邪屑懈	0.000286	0.127833	0.000037
谐芯褉褕芯褔泻邪褏	0.000286	0.105361	0.000030
谐芯褉褕芯褔泻械	0.000286	0.040822	0.000012
谐芯褉褟褔械械	0.000571	0.116534	0.000067
谐芯褉褟褔懈械	0.011429	0.105361	0.001204
谐芯褉褟褔懈泄	0.000571	0.116534	0.000067
谐芯褋褌械泄	0.000286	1.272966	0.000364
谐芯褋褌懈	0.000286	0.116534	0.000033
谐芯褋褌褟屑	0.000286	2.525729	0.000722
谐芯褌芯胁懈谢邪	0.000857	0.733969	0.000629
谐芯褌芯胁懈屑	0.001714	0.094311	0.000162
谐芯褌芯胁懈褌褋褟	0.000286	0.478036	0.000137
谐芯褌芯胁懈褌褜	0.001429	0.105361	0.000151
谐芯褌芯胁谢褞	0.000286	1.049822	0.000300
谐芯褌芯胁褜	0.000571	0.116534	0.000067
谐芯褌芯胁褟褌	0.000286	0.116534	0.000033
谐褉械薪泻懈	0.000571	0.040822	0.000023
谐褉械褔械褋泻邪褟	0.000286	0.116534	0.000033
谐褉械褔械褋泻懈屑	0.000286	2.525729	0.000722
谐褉械褔械褋泻芯泄	0.000286	2.525729	0.000722
谐褉械褔泻邪	0.000286	0.040822	0.000012
谐褉懈斜邪屑懈	0.001143	0.105361	0.000120
谐褉懈斜薪褘械	0.000571	0.040822	0.000023
谐褉懈斜芯胁	0.001429	0.116534	0.000166
谐褉懈斜褘	0.001429	0.040822	0.000058
谐褉懈谢械	0.001429	0.116534	0.000166
谐褉懈谢褜	0.000286	0.116534	0.000033
谐褉懈谢褜屑邪薪懈褟	0.000286	0.116534	0.000033
谐褉懈谢褟	0.001143	0.116534	0.000133
谐褉芯谐	0.000286	0.040822	0.000012
谐褉褍斜褘屑	0.000286	4.605170	0.001316
谐褉褍蟹懈薪褋泻邪褟	0.000286	0.116534	0.000033
谐褉褍锌锌褘	0.000286	0.061875	0.000018
谐褍褉屑邪薪懈褟	0.001714	0.116534	0.000200
谐褍褉屑械	0.000286	0.127833	0.000037
谐褍褋褟	0.000571	0.105361	0.000060
写邪胁邪褌褜	0.000286	3.218876	0.000920
写邪胁薪芯	0.000286	0.967584	0.000276
写邪械褌	0.000286	0.040822	0.000012
写邪薪薪褘械	0.000286	0.040822	0.000012
写邪褉褘	0.000286	0.116534	0.000033
写邪褌械	0.000571	0.248461	0.000142
写邪褌褋泻邪褟	0.000286	0.116534	0.000033
写邪褔薪芯械	0.000857	0.116534	0.000100
写械泻芯褉	0.000286	0.127833	0.000037
写械谢邪械褌	0.000857	0.116534	0.000100
写械谢邪褞褌褋褟	0.000286	2.407946	0.000688
写械谢懈屑褋褟	0.000286	0.040822	0.000012
写械谢芯屑	0.000286	0.116534	0.000033
写械薪褜	0.001429	0.083382	0.000119
写械褋械褉褌	0.000857	0.116534	0.000100
写械褋械褉褌邪褑懈褟	0.000286	0.116534	0.000033
写械褋械褉褌薪褘械	0.000286	0.116534	0.000033
写械褋械褉褌褘	0.004000	0.040822	0.000163
写械褌械泄	0.000286	0.116534	0.000033
写卸械屑	0.000286	0.040822	0.000012
写蟹械薪	0.000286	0.116534	0.000033
写懈械褌邪	0.000286	0.116534	0.000033
写懈械褌褘	0.000286	0.116534	0.000033
写懈泻懈泄	0.000571	0.116534	0.000067
写懈泻芯谐芯	0.000286	0.116534	0.000033
写懈锌	0.000286	0.116534	0.000033
写懈褔懈	0.000571	0.116534	0.000067
写懈褔褜	0.000286	0.116534	0.000033
写薪械胁薪懈泻邪褏	0.000286	0.061875	0.000018
写薪械泄	0.000857	0.116534	0.000100
写薪褟	0.000286	0.040822	0.000012
写薪褟褏	0.000286	1.897120	0.000542
写芯斜邪胁懈谢邪	0.000286	1.897120	0.000542
写芯斜邪胁懈褌褜	0.000286	1.514128	0.000433
写芯斜邪胁谢械薪懈褟屑	0.000286	0.274437	0.000078
写芯斜邪胁谢褟褌褜	0.000286	0.040822	0.000012
写芯斜邪胁谢褟褞褌褋褟	0.000286	4.605170	0.001316
写芯斜邪胁褜	0.000286	0.116534	0.000033
写芯斜褉芯褎谢芯褌	0.000286	0.127833	0.000037
写芯胁械褉褟械褕褜	0.000286	0.116534	0.000033
写芯写褍屑邪谢邪褋褜	0.000286	4.605170	0.001316
写芯谢谐芯	0.000286	1.514128	0.000433
写芯谢卸薪邪	0.000286	2.207275	0.000631
写芯谢卸薪芯	0.000571	1.832581	0.001047
写芯谢卸薪褘	0.000286	2.407946	0.000688
写芯屑	0.002571	0.040822	0.000105
写芯屑邪褕薪械械	0.000857	0.040822	0.000035
写芯屑邪褕薪械泄	0.000286	1.771957	0.000506
写芯屑邪褕薪懈械	0.000571	0.040822	0.000023
写芯屑邪褕薪懈泄	0.001429	0.116534	0.000166
写芯屑邪褕薪褟褟	0.000571	0.105361	0.000060
写芯屑芯胁	0.000286	0.040822	0.000012
写褉邪泄胁	0.001429	0.127833	0.000183
写褉芯卸卸械胁芯械	0.000571	0.116534	0.000067
写褉芯卸卸懈	0.000571	0.941609	0.000538
写褉褍谐	0.000286	2.040221	0.000583
写褉褍谐懈屑懈	0.000286	0.040822	0.000012
写褉褍蟹械泄	0.000286	1.514128	0.000433
写褉褍蟹褜褟屑	0.000286	1.660731	0.000474
写褍屑邪谢邪	0.000286	1.272966	0.000364
写褍褏芯胁泻邪	0.001143	0.127833	0.000146
写褍褕懈	0.000857	0.105361	0.000090
械胁褉械泄褋泻邪褟	0.000286	0.116534	0.000033
械谐懈锌械褌褋泻邪褟	0.000286	0.116534	0.000033
械写邪谢邪	0.000286	4.605170	0.001316
械写懈薪褘泄	0.000286	0.040822	0.000012
械泻芯	0.000286	0.127833	0.000037
械谢	0.000286	3.218876	0.000920
卸邪褉泻芯械	0.000286	0.040822	0.000012
卸械谢械	0.000857	0.040822	0.000035
卸械薪褋泻邪褟	0.000286	0.127833	0.000037
卸械薪褋泻芯屑	0.000286	0.061875	0.000018
卸械薪褖懈薪褘	0.000571	0.116534	0.000067
卸懈写泻芯褋褌褜褞	0.000286	4.605170	0.001316
卸懈蟹薪懈	0.000286	0.040822	0.000012
卸懈蟹薪褜	0.000286	0.116534	0.000033
卸懈褉邪	0.000286	3.218876	0.000920
卸懈褉褘	0.000571	2.207275	0.001261
卸褍谢褜械薪	0.000286	0.040822	0.000012
卸褍褉薪邪谢邪	0.000286	0.127833	0.000037
卸褞谢褜械薪	0.000286	0.040822	0.000012
蟹邪斜褘胁邪泄褌械	0.000286	4.605170	0.001316
蟹邪斜褘褌	0.000286	3.218876	0.000920
蟹邪胁邪谢	0.000286	4.605170	0.001316
蟹邪胁邪褉薪芯械	0.000286	0.116534	0.000033
蟹邪胁邪褉薪芯泄	0.000286	0.116534	0.000033
蟹邪胁懈褋懈屑芯褋褌懈	0.000286	3.506558	0.001002
蟹邪胁褌褉邪泻	0.002286	0.094311	0.000216
蟹邪胁褌褉邪泻懈	0.000286	0.127833	0.000037
蟹邪谐芯褌芯胁泻懈	0.001143	0.040822	0.000047
蟹邪写邪胁邪褌褜	0.000286	0.040822	0.000012
蟹邪泄褑邪	0.000571	0.116534	0.000067
蟹邪泻胁邪褋泻邪	0.000286	0.040822	0.000012
蟹邪泻胁邪褋泻邪屑懈	0.000286	0.116534	0.000033
蟹邪泻胁邪褋芯泻	0.000286	0.127833	0.000037
蟹邪泻褉械锌懈褌褋褟	0.000286	4.605170	0.001316
蟹邪泻褉褘褌褘泄	0.000286	0.116534	0.000033
蟹邪泻褍褋泻邪	0.000286	1.347074	0.000385
蟹邪泻褍褋泻懈	0.005714	0.040822	0.000233
蟹邪泻褍褋泻褍	0.000857	0.116534	0.000100
蟹邪泻褍褋芯薪褔懈泻	0.000286	0.116534	0.000033
蟹邪泻褍褋芯褔泻邪	0.000286	0.116534	0.000033
蟹邪泻褍褋芯褔薪褘械	0.002571	0.116534	0.000300
蟹邪谢懈胁薪芯械	0.000571	0.040822	0.000023
蟹邪谢懈胁薪褘褏	0.000286	3.506558	0.001002
蟹邪屑芯褉芯蟹泻邪	0.000286	0.105361	0.000030
蟹邪锌邪写	0.000286	0.116534	0.000033
蟹邪锌械泻邪薪泻邪	0.001143	0.105361	0.000120
蟹邪锌械泻邪薪泻懈	0.002000	0.040822	0.000082
蟹邪锌懈褋懈	0.000286	3.506558	0.001002
蟹邪锌褉邪胁泻邪	0.000571	0.040822	0.000023
蟹邪褉械谐懈褋褌褉懈褉芯胁邪胁褕懈褋褜	0.000286	0.040822	0.000012
蟹邪褉械谐懈褋褌褉懈褉芯胁邪褌褜褋褟	0.000286	0.030459	0.000009
蟹邪褋芯谢泻邪	0.000286	0.116534	0.000033
蟹邪褏芯写懈褌械	0.000286	0.755023	0.000216
蟹胁邪薪褘泄	0.000286	0.127833	0.000037
蟹胁械蟹写邪	0.000286	0.127833	0.000037
蟹胁褢蟹写薪褘械	0.000286	0.116534	0.000033
蟹写芯褉芯胁芯械	0.000286	0.116534	0.000033
蟹写芯褉芯胁褘泄	0.000286	0.116534	0.000033
蟹械谢械薪懈	0.000286	2.120264	0.000606
蟹械谢械薪褘泄	0.010286	1.021651	0.010508
蟹械谢械薪褘屑	0.000571	3.218876	0.001839
蟹械谢械薪褜	0.000857	0.094311	0.000081
蟹械褎懈褉	0.000286	0.040822	0.000012
蟹懈屑薪懈械	0.000286	0.051293	0.000015
蟹懈屑褍	0.001143	0.040822	0.000047
蟹薪邪褞	0.000286	0.755023	0.000216
蟹芯谢芯褌邪褟	0.000286	0.116534	0.000033
蟹褍斜芯泻	0.000286	4.605170	0.001316
懈胁邪薪芯胁邪	0.000286	0.127833	0.000037
懈写械邪谢褜薪邪褟	0.000286	0.116534	0.000033
懈写械邪谢褜薪芯	0.000286	1.514128	0.000433
懈写械邪谢褜薪芯谐芯	0.001429	0.116534	0.000166
懈写械邪谢褜薪芯械	0.000286	0.116534	0.000033
懈写械泄泻懈	0.000286	0.116534	0.000033
懈写械褌	0.000286	2.120264	0.000606
懈蟹写械谢懈褟	0.002857	0.116534	0.000333
懈蟹写械谢懈褟屑懈	0.000857	0.116534	0.000100
懈蟹褞屑懈薪泻褍	0.000286	3.506558	0.001002
懈泻褉邪	0.000857	0.040822	0.000035
懈屑斜懈褉褜	0.000571	1.897120	0.001084
懈屑械薪械屑	0.000286	0.040822	0.000012
懈屑械褞褌褋褟	0.000286	2.659260	0.000760
懈薪邪褔械	0.000286	1.897120	0.000542
懈薪胁械褉褌芯褉薪芯泄	0.000286	0.127833	0.000037
懈薪谐褉械写懈械薪褌褘	0.008857	0.139262	0.001233
懈薪写械泄泻懈	0.001429	0.094311	0.000135
懈薪写械泄泻芯泄	0.000286	0.116534	0.000033
懈薪写懈泄褋泻邪褟	0.000286	0.116534	0.000033
懈薪写懈谢邪泄褌	0.000857	0.116534	0.000100
懈薪写懈褉械褋薪褘械	0.000286	0.116534	0.000033
懈薪芯谐写邪	0.000286	1.897120	0.000542
懈薪芯械	0.000286	2.302585	0.000658
懈薪褋褌褉褍泻褑懈褟屑懈	0.000286	0.040822	0.000012
懈薪褌械褉械褋薪芯	0.000286	1.660731	0.000474
懈薪褌械褉械褋薪褘褏	0.000286	3.912023	0.001118
懈褉邪泻褋泻邪褟	0.000286	0.116534	0.000033
懈褉邪薪褋泻邪褟	0.000286	0.116534	0.000033
懈褉谢邪薪写褋泻邪褟	0.000286	0.116534	0.000033
懈褋泻谢褞褔懈褌械谢褜薪邪褟	0.000286	4.605170	0.001316
懈褋泻褉械薪薪械	0.000286	0.116534	0.000033
懈褋谢邪薪写褋泻邪褟	0.000286	0.116534	0.000033
懈褋锌邪薪褋泻邪褟	0.000286	0.116534	0.000033
懈褋锌械泻懈	0.000286	0.116534	0.000033
懈褋褌芯褉懈懈	0.001429	0.116534	0.000166
懈褋褌芯褉懈褞	0.000286	0.116534	0.000033
懈褌邪谢懈懈	0.000571	0.105361	0.000060
懈褌邪谢褜褟薪褋泻邪褟	0.000286	0.116534	0.000033
懈褞谢褟	0.000286	0.597837	0.000171
懈褞薪褟	0.000571	0.579818	0.000331
泄芯谐褍褉褌	0.000857	0.040822	0.000035
泻邪斜邪褔泻懈	0.000286	0.040822	0.000012
泻邪胁泻邪蟹褋泻邪褟	0.000286	0.116534	0.000033
泻邪卸写芯屑	0.000286	2.525729	0.000722
泻邪卸械褌褋褟	0.000286	1.714798	0.000490
泻邪蟹邪薪械	0.000286	0.116534	0.000033
泻邪蟹邪褌褜褋褟	0.000286	4.605170	0.001316
泻邪蟹邪褏褋泻邪褟	0.000286	0.116534	0.000033
泻邪泻邪芯	0.000571	0.040822	0.000023
泻邪谢械泄写芯褋泻芯锌	0.001143	0.116534	0.000133
泻邪谢屑褘褑泻邪褟	0.000286	0.116534	0.000033
泻邪谢褜屑邪褉	0.000286	0.040822	0.000012
泻邪屑械褉邪	0.000286	0.116534	0.000033
泻邪薪邪写褋泻邪褟	0.000286	0.116534	0.000033
泻邪薪邪谢	0.000571	0.040822	0.000023
泻邪薪邪谢械	0.000286	0.040822	0.000012
泻邪薪邪锌械	0.000571	0.040822	0.000023
泻邪锌褍褋褌邪	0.002571	0.040822	0.000105
泻邪锌褍褋褌薪褟泻	0.000286	0.040822	0.000012
泻邪锌褍褋褌芯泄	0.000571	1.966113	0.001123
泻邪锌褍褋褌褘	0.000286	0.040822	0.000012
泻邪褉邪屑械谢褜	0.000286	0.040822	0.000012
泻邪褉泻邪褋薪褘泄	0.001143	0.116534	0.000133
泻邪褉褌芯褎械谢褜	0.002286	0.040822	0.000093
泻邪褉褌芯褎械谢褜薪芯械	0.000286	0.040822	0.000012
泻邪褉褌芯褎械谢褜薪褘泄	0.000286	0.116534	0.000033
泻邪褉褌芯褎械谢褟	0.000286	1.897120	0.000542
泻邪褉褌芯褕泻邪	0.000571	0.040822	0.000023
泻邪褌械谐芯褉懈懈	0.000286	0.116534	0.000033
泻邪褌械谐芯褉懈褟	0.004286	0.150823	0.000646
泻邪褔械褋褌胁械	0.000286	1.609438	0.000460
泻邪褔械褋褌胁芯	0.000286	0.116534	0.000033
泻邪褕邪	0.000286	0.040822	0.000012
泻邪褕懈	0.001429	0.105361	0.000151
泻邪褕褍	0.000286	0.094311	0.000027
泻胁邪褋	0.000857	0.040822	0.000035
泻胁邪褋薪芯械	0.000857	0.116534	0.000100
泻胁邪褋芯屑	0.000286	0.127833	0.000037
泻械泻褋	0.000286	0.040822	0.000012
泻械泻褋褘	0.000571	0.116534	0.000067
泻械褎懈褉	0.001429	0.040822	0.000058
泻械褎懈褉械	0.000286	2.659260	0.000760
泻械褎懈褉薪褘泄	0.000286	4.605170	0.001316
泻懈屑褔懈	0.000286	0.040822	0.000012
泻懈薪芯邪	0.000571	0.127833	0.000073
泻懈薪芯谢械薪褌邪	0.000286	0.116534	0.000033
泻懈褋械谢褜	0.000571	0.040822	0.000023
泻懈褌邪泄褋泻邪褟	0.000286	0.116534	0.000033
泻懈褌邪泄褑械胁	0.000286	4.605170	0.001316
泻谢邪褋褋	0.002286	0.116534	0.000266
泻谢邪褋褋懈褔械褋泻懈泄	0.000286	1.897120	0.000542
泻谢邪褋褋褘	0.000286	0.116534	0.000033
泻谢械泄泻芯胁懈薪邪	0.000286	4.605170	0.001316
泻薪懈谐褍	0.000571	0.040822	0.000023
泻芯	0.000286	1.469676	0.000420
泻芯泻褌械泄谢懈	0.000286	0.127833	0.000037
泻芯泻褌械泄谢褜	0.001429	0.040822	0.000058
泻芯谢	0.000571	4.605170	0.002632
泻芯谢斜邪褋邪	0.000286	0.040822	0.000012
泻芯谢斜邪褋薪褘屑懈	0.000857	0.116534	0.000100
泻芯屑邪薪写邪	0.000571	0.127833	0.000073
泻芯屑懈	0.000286	0.116534	0.000033
泻芯屑屑械薪褌邪褉懈械胁	0.000286	0.223144	0.000064
泻芯屑锌邪薪懈泄	0.000286	0.105361	0.000030
泻芯屑锌芯褌	0.000857	0.040822	0.000035
泻芯薪械褔薪芯	0.000286	0.527633	0.000151
泻芯薪懈薪褘	0.000286	0.116534	0.000033
泻芯薪泻褍褉褋	0.061143	0.105361	0.006442
泻芯薪泻褍褉褋邪	0.000286	0.116534	0.000033
泻芯薪泻褍褉褋邪褏	0.000286	0.040822	0.000012
泻芯薪泻褍褉褋薪褘械	0.000286	0.127833	0.000037
泻芯薪褋械褉胁懈褉芯胁邪薪懈械	0.000286	0.040822	0.000012
泻芯薪褋械褉胁懈褉芯胁邪薪薪邪褟	0.000286	0.116534	0.000033
泻芯薪褋械褉胁懈褉芯胁邪薪薪芯械	0.000286	0.116534	0.000033
泻芯薪褋械褉胁懈褉芯胁邪薪薪褘械	0.000571	0.116534	0.000067
泻芯薪褋械褉胁懈褉芯胁邪薪薪褘泄	0.000286	0.116534	0.000033
泻芯薪褋械褉胁褘	0.000571	2.813411	0.001608
泻芯薪褋懈褋褌械薪褑懈懈	0.000286	2.813411	0.000804
泻芯薪褎械褌褌懈	0.000286	0.116534	0.000033
泻芯薪褎械褌褘	0.000857	0.040822	0.000035
泻芯薪褎懈写械薪褑懈邪谢褜薪芯褋褌懈	0.000286	0.040822	0.000012
泻芯薪褎懈褌褞褉	0.000286	0.040822	0.000012
泻芯薪褑械	0.000286	2.995732	0.000856
泻芯锌褔械薪芯褋褌褟屑懈	0.000286	0.116534	0.000033
泻芯褉械泄褋泻邪褟	0.000286	0.116534	0.000033
泻芯褉械泄褋泻懈	0.000286	0.040822	0.000012
泻芯褉卸懈泻懈	0.000286	0.040822	0.000012
泻芯褉懈邪薪写褉	0.000571	1.469676	0.000840
泻芯褉屑褟褖懈褏	0.000286	0.116534	0.000033
泻芯褌谢械褌褘	0.000286	0.040822	0.000012
泻芯褌芯褉芯屑褍	0.000286	0.116534	0.000033
泻芯褎械	0.000571	0.040822	0.000023
泻褉邪褋泻懈	0.000286	0.116534	0.000033
泻褉邪褏屑邪谢	0.000571	0.891598	0.000509
泻褉邪褏屑邪谢芯胁	0.000286	4.605170	0.001316
泻褉邪褏屑邪谢褘	0.000286	4.605170	0.001316
泻褉械邪褌懈胁	0.000286	0.127833	0.000037
泻褉械胁械褌泻邪屑懈	0.000286	3.218876	0.000920
泻褉械胁械褌泻懈	0.001143	2.407946	0.002752
泻褉械屑	0.000286	0.040822	0.000012
泻褉械屑邪	0.000571	0.116534	0.000067
泻褉械锌泻懈泄	0.000286	0.116534	0.000033
泻褉芯谢懈泻邪	0.000571	0.116534	0.000067
泻褉芯屑械	0.000286	0.061875	0.000018
泻褉芯褏懈	0.000286	0.116534	0.000033
泻褉褍谐褍	0.000571	0.116534	0.000067
泻褉褍锌	0.002000	0.116534	0.000233
泻褉褍锌邪	0.000286	0.127833	0.000037
泻褉褍锌褘	0.000571	0.127833	0.000073
泻褉褍锌褟薪褘械	0.000286	0.116534	0.000033
泻褉褍褌褘屑	0.000286	4.605170	0.001316
泻褋褌邪褌懈	0.000286	1.237874	0.000354
泻褍斜懈薪褋泻邪褟	0.000286	0.116534	0.000033
泻褍谢械褕	0.000286	0.040822	0.000012
泻褍谢懈薪邪褉	0.000286	2.659260	0.000760
泻褍谢懈薪邪褉懈懈	0.000857	0.094311	0.000081
泻褍谢懈薪邪褉薪邪褟	0.000286	0.116534	0.000033
泻褍谢懈薪邪褉薪芯械	0.000286	0.116534	0.000033
泻褍谢懈薪邪褉薪褍褞	0.000571	0.040822	0.000023
泻褍谢懈薪邪褉薪褘械	0.000286	2.525729	0.000722
泻褍谢懈薪邪褉薪褘泄	0.000286	0.072571	0.000021
泻褍谢懈薪邪褉薪褘褏	0.000286	0.116534	0.000033
泻褍谢懈褔	0.000286	0.040822	0.000012
泻褍谢懈褔懈	0.000286	0.116534	0.000033
泻褍薪卸褍褌	0.000571	0.994252	0.000568
泻褍褉写褋泻邪褟	0.000286	0.116534	0.000033
泻褍褉懈薪芯谐芯	0.000286	0.116534	0.000033
泻褍褉懈薪芯械	0.006571	0.127833	0.000840
泻褍褉懈薪褘泄	0.000286	0.105361	0.000030
泻褍褉懈褑邪	0.000286	0.040822	0.000012
泻褍褉懈褑褘	0.000857	0.116534	0.000100
泻褍褉芯褔泻芯泄	0.000286	0.116534	0.000033
泻褍褋泻褍褋	0.000286	0.040822	0.000012
泻褍褏薪械泄	0.000286	0.040822	0.000012
泻褍褏薪懈	0.001143	0.040822	0.000047
泻褍褏薪褟	0.000857	0.116534	0.000100
谢邪胁邪褕	0.000571	0.040822	0.000023
谢邪胁邪褕邪	0.001143	0.116534	0.000133
谢邪谐屑邪薪	0.000286	0.040822	0.000012
谢邪泻芯屑褋褌胁芯	0.000286	0.116534	0.000033
谢邪锌褕邪	0.000571	0.040822	0.000023
谢邪褉懈褋械	0.000286	2.525729	0.000722
谢邪褌褘褕褋泻邪褟	0.000286	0.116534	0.000033
谢邪褏邪薪芯褉懈蟹芯	0.000571	2.407946	0.001376
谢械谐泻邪褟	0.000286	0.116534	0.000033
谢械谐泻懈泄	0.000571	0.116534	0.000067
谢械谐泻芯	0.001714	0.116534	0.000200
谢械谐泻芯谐芯	0.000286	2.040221	0.000583
谢械薪懈胁褘泄	0.000286	1.897120	0.000542
谢械锌械褕泻懈	0.001429	0.040822	0.000058
谢械锌褢褕泻懈	0.000286	3.912023	0.001118
谢械褌	0.000286	0.843970	0.000241
谢械褌邪	0.000286	0.116534	0.000033
谢械褌薪懈械	0.000286	0.040822	0.000012
谢械褌薪褟褟	0.000286	0.116534	0.000033
谢械褌芯	0.001429	0.116534	0.000166
谢械褔芯	0.000286	0.040822	0.000012
谢懈谐邪	0.000857	0.116534	0.000100
谢懈泻械褉	0.000286	0.040822	0.000012
谢懈屑芯薪邪写	0.000571	0.040822	0.000023
谢懈锌薪褍褌褜	0.000286	4.605170	0.001316
谢懈锌薪褍褖懈屑	0.000286	4.605170	0.001316
谢懈褌芯胁褋泻	0.000286	0.127833	0.000037
谢懈褌芯胁褋泻邪褟	0.000286	0.116534	0.000033
谢芯褉褏械薪	0.000286	3.912023	0.001118
谢褍泻	0.011429	0.301105	0.003441
谢褍泻邪	0.000286	2.207275	0.000631
谢褍泻芯胁褘泄	0.000286	2.659260	0.000760
谢褍泻芯屑	0.000286	2.207275	0.000631
谢褍褔褕械械	0.000286	2.407946	0.000688
谢褍褔褕懈械	0.000286	0.116534	0.000033
谢褍褔褕懈泄	0.000571	0.040822	0.000023
谢褍褔褕懈褏	0.000286	0.116534	0.000033
谢褞斜胁懈	0.000286	0.105361	0.000030
谢褞斜懈屑芯谐芯	0.000286	0.127833	0.000037
谢褞斜懈屑芯屑褍	0.000286	0.116534	0.000033
谢褞斜懈屑褘褏	0.002000	0.116534	0.000233
谢褞斜芯胁褜	0.000286	0.116534	0.000033
谢褞斜芯泄	0.000286	0.116534	0.000033
谢褢写	0.000286	0.127833	0.000037
屑邪谐褉懈斜邪	0.000286	0.116534	0.000033
屑邪泄	0.000286	0.116534	0.000033
屑邪泄芯薪械蟹	0.003714	0.116534	0.000433
屑邪泄芯薪械蟹邪	0.000286	2.813411	0.000804
屑邪泻邪褉芯薪薪褘械	0.000286	0.116534	0.000033
屑邪泻邪褉芯薪褘	0.000286	0.040822	0.000012
屑邪泻褋懈屑邪谢褜薪芯	0.000286	2.040221	0.000583
屑邪谢邪蟹懈泄褋泻邪褟	0.000286	0.116534	0.000033
屑邪谢芯	0.000571	1.609438	0.000920
屑邪薪薪懈泻	0.000286	0.040822	0.000012
屑邪薪褌褘	0.000286	0.116534	0.000033
屑邪薪褢胁褉褘	0.000286	0.116534	0.000033
屑邪褉邪褎芯薪	0.000857	0.116534	0.000100
屑邪褉懈薪邪写	0.002571	0.040822	0.000105
屑邪褉懈薪邪写褘	0.000857	0.116534	0.000100
屑邪褉懈薪芯胁邪薪薪邪褟	0.000286	1.966113	0.000562
屑邪褉懈薪芯胁邪薪薪褘械	0.000286	0.116534	0.000033
屑邪褉屑械谢邪写	0.000286	0.040822	0.000012
屑邪褉芯泻泻邪薪褋泻邪褟	0.000286	0.116534	0.000033
屑邪褉褌邪	0.001714	0.105361	0.000181
屑邪褋泻邪褉锌芯薪械	0.000286	0.040822	0.000012
屑邪褋谢械薪懈褑邪	0.000857	0.040822	0.000035
屑邪褋谢械薪懈褔薪芯械	0.000286	0.116534	0.000033
屑邪褋谢懈薪褘	0.000571	1.966113	0.001123
屑邪褋谢芯	0.007714	0.116534	0.000899
屑邪褋谢芯屑	0.000286	0.116534	0.000033
屑邪褋褌械褉	0.002571	0.116534	0.000300
屑邪褋褌懈泻邪	0.000286	0.040822	0.000012
屑邪褋褌懈泻懈	0.000286	0.116534	0.000033
屑邪褎褎懈薪褘	0.000286	0.116534	0.000033
屑邪褏械械胁褗	0.001143	0.116534	0.000133
屑邪褟	0.001143	0.634878	0.000726
屑械写懈邪褎芯褉褌	0.000857	0.000000	0.000000
屑械写芯胁褘泄	0.000286	0.116534	0.000033
屑械泻褋懈泻邪薪褋泻邪褟	0.000286	0.116534	0.000033
屑械薪褜褕械	0.000286	2.207275	0.000631
屑械薪褞	0.000571	0.116534	0.000067
屑械薪褟	0.001143	0.083382	0.000095
屑械薪褟械褌褋褟	0.000286	0.116534	0.000033
屑械褔褌邪	0.000286	0.116534	0.000033
屑械褔褌褘	0.000571	0.040822	0.000023
屑械褕芯褔械泻	0.000286	3.912023	0.001118
屑懈写懈懈	0.000286	0.040822	0.000012
屑懈泻褉芯胁芯谢薪芯胁泻械	0.000286	0.116534	0.000033
屑懈谢褜械	0.000286	0.116534	0.000033
屑懈屑芯蟹邪	0.000286	3.218876	0.000920
屑懈屑芯蟹褍	0.000286	4.605170	0.001316
屑懈屑芯蟹褘	0.000286	4.605170	0.001316
屑懈薪褍褌	0.000286	0.755023	0.000216
屑懈芯	0.000286	0.116534	0.000033
屑懈褉	0.000286	0.116534	0.000033
屑懈褉邪	0.000286	0.116534	0.000033
屑懈褉芯胁邪褟	0.000286	0.116534	0.000033
屑懈褋芯	0.000286	0.040822	0.000012
屑懈褋褋	0.000286	1.966113	0.000562
屑懈褋褌械褉懈褟	0.000286	0.116534	0.000033
屑懈褋褌褉邪谢褜	0.002000	0.116534	0.000233
屑薪芯谐懈械	0.000286	1.309333	0.000374
屑薪芯谐芯	0.000571	0.776529	0.000444
屑薪芯卸械褋褌胁芯	0.000286	1.560648	0.000446
屑薪芯卸械褋褌胁芯屑	0.000286	0.040822	0.000012
屑芯械	0.000286	0.116534	0.000033
屑芯械屑褍	0.000286	1.897120	0.000542
屑芯卸械褌械	0.000286	0.000000	0.000000
屑芯泄	0.000571	0.105361	0.000060
屑芯谢写邪胁褋泻邪褟	0.000286	0.116534	0.000033
屑芯谢械泻褍谢褘	0.000571	4.605170	0.002632
屑芯谢芯泻械	0.000286	0.105361	0.000030
屑芯谢芯泻芯	0.001714	0.116534	0.000200
屑芯谢芯泻芯屑	0.000286	3.218876	0.000920
屑芯谢芯褔薪褘泄	0.000571	0.040822	0.000023
屑芯谢芯褔薪褘褏	0.000286	0.116534	0.000033
屑芯屑械薪褌	0.000857	0.116534	0.000100
屑芯薪谐芯谢褜褋泻邪褟	0.000286	0.116534	0.000033
屑芯褉械	0.000286	0.116534	0.000033
屑芯褉械锌褉芯写褍泻褌芯胁	0.003714	0.040822	0.000152
屑芯褉械锌褉芯写褍泻褌褘	0.000571	0.116534	0.000067
屑芯褉泻芯胁褜	0.001714	0.040822	0.000070
屑芯褉芯卸械薪芯械	0.000857	0.040822	0.000035
屑芯褉褋	0.000286	0.040822	0.000012
屑芯褉褋褘	0.000286	0.116534	0.000033
屑芯褌芯褉	0.000286	0.116534	0.000033
屑芯褏懈褌芯	0.000286	0.040822	0.000012
屑褍卸邪	0.000571	1.771957	0.001013
屑褍卸褋泻邪褟	0.000286	0.127833	0.000037
屑褍卸褔懈薪褘	0.000571	0.116534	0.000067
屑褍泻邪	0.005143	0.274437	0.001411
屑褍泻懈	0.000857	2.040221	0.001749
屑褍泻褍	0.000286	2.813411	0.000804
屑褍谢褜褌懈胁邪褉泻械	0.010857	0.116534	0.001265
屑褍谢褜褌懈锌械泻邪褉械泄	0.000857	0.116534	0.000100
屑褍褋褋	0.000286	0.040822	0.000012
屑褍褋褋褘	0.000571	0.116534	0.000067
屑褍褔薪褘械	0.000286	0.116534	0.000033
屑褞褋谢懈	0.000571	0.116534	0.000067
屑褟谐泻懈屑懈	0.000286	3.218876	0.000920
屑褟褋邪	0.003143	0.116534	0.000366
屑褟褋薪芯谐芯	0.000571	0.116534	0.000067
屑褟褋薪芯泄	0.000286	0.116534	0.000033
屑褟褋薪褘械	0.001714	0.040822	0.000070
屑褟褋薪褘屑	0.000286	2.207275	0.000631
屑褟褋薪褘褏	0.000857	0.116534	0.000100
屑褟褋芯	0.002571	0.040822	0.000105
屑褟褋芯屑	0.001429	0.040822	0.000058
屑褟褋褍	0.000571	0.116534	0.000067
薪邪斜褍褏薪械褌	0.000286	4.605170	0.001316
薪邪斜褍褏薪褍褌	0.000286	4.605170	0.001316
薪邪胁褋械谐写邪	0.000286	2.040221	0.000583
薪邪写械卸薪芯	0.000286	2.813411	0.000804
薪邪写芯谢谐芯	0.000286	3.912023	0.001118
薪邪蟹薪邪褔械薪懈褟	0.000286	0.116534	0.000033
薪邪谢懈胁泻邪	0.000286	0.040822	0.000012
薪邪谢褜械褌械	0.000571	4.605170	0.002632
薪邪锌懈褌泻懈	0.001714	0.040822	0.000070
薪邪锌懈褌芯泻	0.000286	0.040822	0.000012
薪邪褋泻芯谢褜泻芯	0.000286	1.427116	0.000408
薪邪褋褌芯泄泻邪	0.000286	0.040822	0.000012
薪邪褋褌芯褟褖械谐芯	0.000286	3.912023	0.001118
薪邪褋褌芯褟褖褍褞	0.000286	3.218876	0.000920
薪邪褋褌褉芯械薪懈械	0.000286	0.116534	0.000033
薪邪褌泻薪褍谢邪褋褜	0.000286	1.966113	0.000562
薪邪褑懈芯薪邪谢褜薪褘械	0.000286	0.116534	0.000033
薪邪褔懈薪泻邪	0.000571	0.040822	0.000023
薪邪褔懈薪泻懈	0.000571	2.207275	0.001261
薪邪褔懈薪泻芯泄	0.000571	0.116534	0.000067
薪邪褕械泄	0.000571	1.347074	0.000770
薪邪褕械屑	0.000857	0.040822	0.000035
薪邪褕懈	0.000286	0.061875	0.000018
薪械斜芯谢褜褕褍褞	0.000286	3.912023	0.001118
薪械胁芯蟹写褍褕薪褘屑	0.000286	4.605170	0.001316
薪械胁芯蟹屑芯卸薪芯	0.000286	1.347074	0.000385
薪械谐芯	0.000286	0.941609	0.000269
薪械写械谢褟	0.002857	0.061875	0.000177
薪械卸薪芯泄	0.000286	0.116534	0.000033
薪械卸薪褘泄	0.000286	0.891598	0.000255
薪械卸薪褘屑	0.000571	2.040221	0.001166
薪械卸薪褘屑懈	0.000286	2.207275	0.000631
薪械蟹邪褋谢褍卸械薪薪芯	0.000286	2.995732	0.000856
薪械屑械褑泻邪褟	0.000286	0.116534	0.000033
薪械芯卸懈写邪薪薪褘械	0.000286	0.116534	0.000033
薪械褋泻芯谢褜泻芯	0.000286	0.916291	0.000262
薪械褋谢邪写泻芯械	0.000286	0.116534	0.000033
薪械褋屑芯褌褉褟	0.000286	2.525729	0.000722
薪懈褏	0.000286	1.660731	0.000474
薪懈褔械谐芯	0.000857	0.941609	0.000807
薪芯胁邪褟	0.000286	0.116534	0.000033
薪芯胁芯谐芯写薪械谐芯	0.001429	0.116534	0.000166
薪芯胁芯谐芯写薪械械	0.000857	0.116534	0.000100
薪芯胁芯谐芯写薪懈械	0.001714	0.040822	0.000070
薪芯胁芯谐芯写薪懈泄	0.002000	0.116534	0.000233
薪芯胁芯谐芯写薪褟褟	0.000286	0.105361	0.000030
薪芯胁芯褋褌褟褏	0.000286	0.061875	0.000018
薪芯胁褘械	0.000571	0.051293	0.000029
薪芯胁褘泄	0.002571	0.094311	0.000243
薪芯褉胁械卸褋泻邪褟	0.000286	0.116534	0.000033
薪芯褟斜褉褟	0.000571	0.527633	0.000302
薪褉邪胁懈褌褋褟	0.000286	1.427116	0.000408
芯斜胁芯谢邪泻懈胁邪褞褌	0.000286	4.605170	0.001316
芯斜械写	0.001143	0.105361	0.000120
芯斜械写邪	0.000286	2.813411	0.000804
芯斜械蟹褜褟薪褘	0.000286	0.116534	0.000033
芯斜褖邪褌褜褋褟	0.000286	0.040822	0.000012
芯斜褖械屑	0.000286	2.040221	0.000583
芯斜褟蟹邪褌械谢褜薪芯	0.000286	0.967584	0.000276
芯胁芯褖邪屑懈	0.000286	0.116534	0.000033
芯胁芯褖械泄	0.005143	0.105361	0.000542
芯胁芯褖懈	0.001714	0.094311	0.000162
芯胁芯褖薪邪褟	0.000286	0.040822	0.000012
芯胁芯褖薪芯械	0.000286	0.116534	0.000033
芯胁芯褖薪芯泄	0.000571	0.105361	0.000060
芯胁芯褖薪褘械	0.001429	0.040822	0.000058
芯胁褋褟薪芯械	0.000286	0.116534	0.000033
芯谐薪械薪薪芯泄	0.000286	0.116534	0.000033
芯谐薪褟	0.000286	0.116534	0.000033
芯谐褉芯屑薪芯械	0.000286	1.237874	0.000354
芯谐褍褉械褑	0.000571	1.237874	0.000707
芯谐褍褉褑褘	0.000571	0.116534	0.000067
芯写薪邪卸写褘	0.000286	2.407946	0.000688
芯写薪芯褝褌邪卸薪褘泄	0.000286	2.302585	0.000658
芯泻褉芯褕泻邪	0.000857	0.040822	0.000035
芯泻褌褟斜褉褟	0.000571	0.562119	0.000321
芯谢邪写褜懈	0.002000	0.040822	0.000082
芯谢械泄薪邪	0.000857	0.116534	0.000100
芯谢械泄薪芯泄	0.001143	0.116534	0.000133
芯谢械泄薪褘	0.000286	0.127833	0.000037
芯谢懈胁泻芯胁芯械	0.001143	0.544727	0.000623
芯谢懈胁褜械	0.000286	2.995732	0.000856
芯谢褜谐邪	0.000286	1.427116	0.000408
芯屑谢械褌	0.000286	0.040822	0.000012
芯锌邪褉邪	0.000286	0.040822	0.000012
芯锌褉芯褋	0.000286	0.061875	0.000018
芯褉懈谐懈薪邪谢褜薪芯屑	0.000286	2.813411	0.000804
芯褋械薪薪械械	0.000286	0.116534	0.000033
芯褋械薪薪懈械	0.000286	0.051293	0.000015
芯褋械薪薪懈泄	0.000571	0.116534	0.000067
芯褋械薪褜	0.002857	0.105361	0.000301
芯褋械薪褜褞	0.000286	3.912023	0.001118
芯褋薪芯胁薪芯械	0.000286	0.040822	0.000012
芯褋褌邪械褌褋褟	0.000286	0.116534	0.000033
芯褌胁械褌懈褌褜	0.000286	0.051293	0.000015
芯褌胁械褌芯胁	0.000286	0.051293	0.000015
芯褌胁械褌褘	0.000286	0.000000	0.000000
芯褌泻褉褘褌懈械屑	0.000286	2.525729	0.000722
芯褌泻褉褘褌褘泄	0.000571	0.116534	0.000067
芯褌屑械薪懈褌褜	0.000286	0.040822	0.000012
芯褏谢邪写懈褌褜	0.000286	0.116534	0.000033
锌邪泻械褌懈泻邪褏	0.000286	0.105361	0.000030
锌邪谢芯褔泻懈	0.000286	0.040822	0.000012
锌邪薪懈褉芯胁泻邪	0.002286	0.116534	0.000266
锌邪褉邪	0.000286	0.116534	0.000033
锌邪褉邪写	0.002000	0.116534	0.000233
锌邪褉芯胁邪褉泻械	0.002571	0.116534	0.000300
锌邪褉芯谢褜	0.000286	0.020203	0.000006
锌邪褋褌邪	0.000857	0.040822	0.000035
锌邪褋褌褉芯屑邪	0.000286	0.040822	0.000012
锌邪褋褏邪	0.000571	0.040822	0.000023
锌邪褋褏邪谢褜薪邪褟	0.000571	0.116534	0.000067
锌邪褋褏邪谢褜薪褘泄	0.000286	0.127833	0.000037
锌邪褕褌械褌	0.000286	0.040822	0.000012
锌邪褕褌械褌褘	0.000571	0.116534	0.000067
锌械泻邪褉褟	0.000286	0.127833	0.000037
锌械泻懈薪褋泻邪褟	0.000571	2.407946	0.001376
锌械泻褍	0.000286	2.302585	0.000658
锌械谢褜屑械薪懈	0.000286	0.116534	0.000033
锌械褉胁芯械	0.000571	0.040822	0.000023
锌械褉胁褘械	0.000286	0.127833	0.000037
锌械褉胁褘泄	0.000286	1.309333	0.000374
锌械褉胁褘屑	0.000286	0.116534	0.000033
锌械褉械泄褌懈	0.000286	0.040822	0.000012
锌械褉械泻褍褋	0.000571	0.116534	0.000067
锌械褉械泻褍褋邪	0.000286	2.813411	0.000804
锌械褉械屑械褕邪薪邪	0.000286	4.605170	0.001316
锌械褉械褑	0.004286	0.040822	0.000175
锌械褉褋芯薪褘	0.000286	0.116534	0.000033
锌械褉褍邪薪褋泻邪褟	0.000286	0.116534	0.000033
锌械褋芯褔薪芯械	0.000571	0.105361	0.000060
锌械褋芯褔薪褘泄	0.000286	0.116534	0.000033
锌械褌械谢懈薪泻懈	0.000286	0.127833	0.000037
锌械褌褉褍褕泻邪	0.001143	0.693147	0.000792
锌械褔械薪芯褔薪褘泄	0.000286	0.040822	0.000012
锌械褔械薪褜械	0.002571	0.040822	0.000105
锌械褔懈	0.000286	0.127833	0.000037
锌懈胁芯	0.000286	0.116534	0.000033
锌懈泻邪薪褌褘	0.000286	0.127833	0.000037
锌懈泻薪懈泻	0.000571	0.116534	0.000067
锌懈泻薪懈泻邪	0.000286	0.116534	0.000033
锌懈泻薪懈泻褍	0.000286	0.105361	0.000030
锌懈褉	0.000286	0.116534	0.000033
锌懈褉芯谐	0.002857	0.040822	0.000117
锌懈褉芯谐邪	0.000286	1.309333	0.000374
锌懈褉芯谐懈	0.001714	0.105361	0.000181
锌懈褉芯谐芯胁	0.000286	3.218876	0.000920
锌懈褉芯卸泻懈	0.000857	0.040822	0.000035
锌懈褉芯卸泻芯胁	0.000286	1.966113	0.000562
锌懈褉芯卸薪芯械	0.000286	0.040822	0.000012
锌懈褉芯卸薪褘械	0.000286	0.116534	0.000033
锌懈褋邪褌褜	0.000286	2.659260	0.000760
锌懈褌邪薪懈械	0.001429	0.105361	0.000151
锌懈褑褑邪	0.000571	0.040822	0.000023
锌谢邪屑褟	0.000286	0.116534	0.000033
锌谢懈褌邪	0.001143	0.127833	0.000146
锌谢芯胁	0.000286	0.116534	0.000033
锌谢芯写褘	0.000286	0.116534	0.000033
锌谢芯褏芯	0.000286	3.912023	0.001118
锌芯胁邪褉	0.000286	2.407946	0.000688
锌芯胁邪褉械薪泻械	0.000286	0.040822	0.000012
锌芯胁邪褉械薪芯泻	0.000286	0.061875	0.000018
锌芯胁邪褉褟褌	0.000286	0.116534	0.000033
锌芯胁邪褉褟褌邪屑懈	0.000286	0.040822	0.000012
锌芯胁邪褉褢薪泻邪	0.000286	0.116534	0.000033
锌芯胁懈写谢芯	0.000286	0.040822	0.000012
锌芯写邪褉懈谢	0.000286	4.605170	0.001316
锌芯写邪褉泻芯胁	0.000286	0.116534	0.000033
锌芯写谢懈胁邪	0.000286	0.116534	0.000033
锌芯写谢懈胁泻邪	0.000286	0.040822	0.000012
锌芯写锌懈褋邪褌褜褋褟	0.000286	0.040822	0.000012
锌芯写锌懈褕懈褌械褋褜	0.000571	0.040822	0.000023
锌芯写褋屑芯褌褉械谢邪	0.000286	3.506558	0.001002
锌芯写褋芯谢薪械褔薪芯械	0.001714	1.347074	0.002309
锌芯械写懈薪泻懈	0.004000	0.116534	0.000466
锌芯械谢邪	0.000286	4.605170	0.001316
锌芯蟹写褉邪胁褜	0.000286	0.116534	0.000033
锌芯懈褋泻	0.000286	0.051293	0.000015
锌芯泻芯谢械薪懈褟	0.000286	2.525729	0.000722
锌芯谢写薪懈泻	0.000571	0.116534	0.000067
锌芯谢械蟹薪芯	0.000286	0.116534	0.000033
锌芯谢懈褌懈泻芯泄	0.000286	0.040822	0.000012
锌芯谢芯胁懈薪邪	0.002286	0.116534	0.000266
锌芯谢褍褌胁械褉写褘泄	0.000571	2.525729	0.001443
锌芯谢褍褔邪械褌褋褟	0.000571	0.400478	0.000229
锌芯谢褍褔邪泄褌械	0.000286	0.040822	0.000012
锌芯谢褍褔邪褌褜	0.000286	0.040822	0.000012
锌芯谢褍褔邪褞褌褋褟	0.000286	1.427116	0.000408
锌芯谢褍褔懈谢芯褋褜	0.000571	0.994252	0.000568
锌芯谢褍褔懈褌褋褟	0.000286	1.714798	0.000490
锌芯谢褜蟹邪	0.000286	0.127833	0.000037
锌芯谢褜蟹芯泄	0.001143	0.116534	0.000133
锌芯谢褜褋泻邪褟	0.000286	0.116534	0.000033
锌芯屑邪写泻邪	0.000571	0.040822	0.000023
锌芯屑邪写泻懈	0.000286	0.116534	0.000033
锌芯屑械褖懈褔懈泄	0.000286	3.912023	0.001118
锌芯屑械褖懈褔褜械谐芯	0.000286	3.912023	0.001118
锌芯屑懈写芯褉邪屑懈	0.000286	2.995732	0.000856
锌芯屑懈写芯褉泻懈	0.000286	0.127833	0.000037
锌芯屑懈写芯褉褘	0.000571	0.116534	0.000067
锌芯薪褉邪胁懈胁褕懈械褋褟	0.000286	0.040822	0.000012
锌芯薪褔懈泻懈	0.000571	0.040822	0.000023
锌芯锌褉芯斜芯胁邪胁	0.000286	1.832581	0.000524
锌芯锌褉芯斜芯胁邪谢邪	0.000286	1.469676	0.000420
锌芯锌褉芯斜芯胁邪褌褜	0.000286	0.798508	0.000228
锌芯锌褉芯斜褍泄褌械	0.000857	0.562119	0.000482
锌芯褉邪	0.000286	0.116534	0.000033
锌芯褉邪蟹懈谢	0.000286	3.912023	0.001118
锌芯褉懈褋褌芯谐芯	0.000286	2.659260	0.000760
锌芯褉褌褍谐邪谢褜褋泻邪褟	0.000286	0.116534	0.000033
锌芯褋械褖邪械褌械	0.000286	0.061875	0.000018
锌芯褋褌	0.001429	0.105361	0.000151
锌芯褋褌薪芯械	0.000286	0.116534	0.000033
锌芯褋褌薪褘械	0.000286	0.040822	0.000012
锌芯褋褌薪褘泄	0.000286	0.116534	0.000033
锌芯褋褌芯褟薪薪芯	0.000286	0.040822	0.000012
锌芯褋褌褉芯懈屑	0.000286	0.116534	0.000033
锌芯褋褍写邪	0.000571	0.094311	0.000054
锌芯褏芯卸懈	0.000286	2.995732	0.000856
锌芯褔褌褍	0.000286	0.040822	0.000012
锌芯褕邪谐芯胁褘械	0.000286	0.301105	0.000086
锌芯褕邪谐芯胁褘屑懈	0.000286	0.040822	0.000012
锌褉邪蟹写薪懈泻邪	0.000286	0.116534	0.000033
锌褉邪蟹写薪懈褔薪芯	0.000286	0.116534	0.000033
锌褉邪蟹写薪懈褔薪芯谐芯	0.000286	0.116534	0.000033
锌褉邪蟹写薪懈褔薪褘泄	0.000286	0.116534	0.000033
锌褉邪泻褌懈泻褍屑	0.000286	0.116534	0.000033
锌褉械胁芯褋褏芯写薪褘械	0.000286	0.116534	0.000033
锌褉械胁褉邪褖械薪懈褟	0.000286	0.116534	0.000033
锌褉械褋薪芯械	0.000571	0.116534	0.000067
锌褉懈谐芯褌芯胁懈屑	0.000286	0.116534	0.000033
锌褉懈谐芯褌芯胁谢械薪懈械	0.000571	0.105361	0.000060
锌褉懈谐芯褌芯胁谢械薪懈褞	0.000286	0.040822	0.000012
锌褉懈谐芯褌芯胁谢械薪薪芯械	0.000286	2.302585	0.000658
锌褉懈写褍屑邪褌褜	0.000286	2.525729	0.000722
锌褉懈蟹薪邪薪懈械	0.000286	0.116534	0.000033
锌褉懈蟹芯胁	0.000286	0.040822	0.000012
锌褉懈锌褉邪胁邪	0.000286	0.040822	0.000012
锌褉懈褉芯写褍	0.000286	0.116534	0.000033
锌褉懈褉芯写褘	0.000286	0.116534	0.000033
锌褉懈褋褌褍锌懈褌褜	0.000286	0.040822	0.000012
锌褉懈褋褍褌褋褌胁懈械	0.000286	3.912023	0.001118
锌褉懈褏芯写懈褌褋褟	0.000286	3.506558	0.001002
锌褉芯斜芯胁邪褌褜	0.000286	3.218876	0.000920
锌褉芯胁械写懈	0.001143	0.116534	0.000133
锌褉芯胁械褉械薪薪褘泄	0.000286	3.506558	0.001002
锌褉芯胁械褉械薪芯	0.002000	0.116534	0.000233
锌褉芯胁芯写懈屑褘褏	0.000286	0.040822	0.000012
锌褉芯胁芯卸邪械屑	0.000286	0.116534	0.000033
锌褉芯写褍泻褌芯胁	0.000286	0.094311	0.000027
锌褉芯写褍泻褌褘	0.000286	1.386294	0.000396
锌褉芯械泻褌芯胁	0.000286	0.116534	0.000033
锌褉芯械泻褌褘	0.000286	0.061875	0.000018
锌褉芯谢懈褋褌邪谢邪	0.000286	3.506558	0.001002
锌褉芯锌懈褋邪谢懈褋褜	0.000286	4.605170	0.001316
锌褉芯锌芯褉褑懈懈	0.000286	1.714798	0.000490
锌褉芯褋屑芯褌褉邪屑	0.000286	0.274437	0.000078
锌褉芯褋褌械泄褕懈泄	0.000286	2.995732	0.000856
锌褉芯褋褌芯	0.001429	0.083382	0.000119
锌褉芯褋褌芯械	0.000286	1.514128	0.000433
锌褉芯褋褌芯泻胁邪褕邪	0.000286	0.040822	0.000012
锌褉芯褎械褋褋懈芯薪邪谢褜薪芯泄	0.000286	4.605170	0.001316
锌褉芯褎懈谢褜	0.000286	0.040822	0.000012
锌褉芯褔懈褌邪谢邪	0.000286	1.832581	0.000524
锌褉芯褖械	0.000286	1.660731	0.000474
锌褉褟屑芯	0.000286	0.040822	0.000012
锌褉褟薪懈泻	0.000286	0.040822	0.000012
锌褉褟薪懈泻懈	0.000286	0.116534	0.000033
锌褉褟薪懈褔薪芯械	0.000286	0.116534	0.000033
锌褌懈褑邪	0.001429	0.116534	0.000166
锌褌懈褑械	0.000571	0.116534	0.000067
锌褌懈褑械泄	0.000286	0.127833	0.000037
锌褌懈褑褘	0.003143	0.116534	0.000366
锌褍写懈薪谐	0.000286	0.040822	0.000012
锌褍写懈薪谐懈	0.000571	0.116534	0.000067
锌褍薪褕	0.000286	0.040822	0.000012
锌褍褌械褕械褋褌胁懈械	0.000571	0.116534	0.000067
锌褍褌褜	0.000286	0.116534	0.000033
锌褕械薪懈褔薪邪褟	0.004571	0.287682	0.001315
锌褘褕泻懈	0.000286	0.040822	0.000012
锌褞褉械	0.001143	0.040822	0.000047
褉邪斜芯褌械	0.000286	2.813411	0.000804
褉邪胁薪芯	0.000286	2.120264	0.000606
褉邪胁薪褘屑	0.000286	4.605170	0.001316
褉邪谐褍	0.000286	0.116534	0.000033
褉邪蟹	0.000571	0.446287	0.000255
褉邪蟹胁械褉薪褍褌褜	0.000286	0.116534	0.000033
褉邪蟹写械谢褜薪芯械	0.000286	0.116534	0.000033
褉邪蟹薪褘械	0.000286	0.116534	0.000033
褉邪蟹薪褘褏	0.000286	2.120264	0.000606
褉邪蟹褉褘褏谢懈褌械谢褜	0.001143	1.237874	0.001415
褉邪薪褜褕械	0.000286	1.560648	0.000446
褉邪褋褋芯谢褜薪懈泻	0.000571	0.040822	0.000023
褉邪褋褋芯谢褜薪懈泻邪	0.000286	0.116534	0.000033
褉邪褋褋褘谢泻懈	0.000286	0.061875	0.000018
褉邪褋褌懈褌械谢褜薪芯械	0.003429	0.235722	0.000808
褉械谐懈褋褌褉邪褑懈懈	0.000571	0.010050	0.000006
褉械谐懈褋褌褉邪褑懈褟	0.000286	0.000000	0.000000
褉械写屑芯薪写	0.000286	4.605170	0.001316
褉械蟹褍谢褜褌邪褌	0.000286	0.967584	0.000276
褉械泄褌懈薪谐褍	0.000286	0.248461	0.000071
褉械泻芯屑械薪写褍褞	0.000286	1.049822	0.000300
褉械锌褔邪褌褘泄	0.001143	0.430783	0.000492
褉械褑械锌褌	0.004857	0.040822	0.000198
褉械褑械锌褌邪	0.000286	0.462035	0.000132
褉械褑械锌褌邪褏	0.000286	0.061875	0.000018
褉械褑械锌褌械	0.000286	1.171183	0.000335
褉械褑械锌褌芯胁	0.002000	0.040822	0.000082
褉械褑械锌褌褘	0.020857	0.040822	0.000851
褉懈褋	0.002571	0.040822	0.000105
褉懈褋邪	0.000286	0.116534	0.000033
褉懈褋芯屑	0.000286	1.660731	0.000474
褉懈褌屑械	0.000286	0.116534	0.000033
褉芯胁薪芯	0.000286	3.506558	0.001002
褉芯谐邪谢懈泻懈	0.000286	0.040822	0.000012
褉芯写邪	0.000286	2.525729	0.000722
褉芯写薪芯械	0.000286	0.116534	0.000033
褉芯卸写械薪懈褟	0.000286	0.105361	0.000030
褉芯卸写械褋褌胁芯	0.000286	0.116534	0.000033
褉芯谢谢褌芯薪	0.000286	0.116534	0.000033
褉芯谢谢褘	0.000857	0.040822	0.000035
褉芯屑	0.000286	0.040822	0.000012
褉褍斜褉懈泻邪褌芯褉	0.000286	0.051293	0.000015
褉褍谐褍胁邪褔泻懈	0.000857	2.659260	0.002279
褉褍卸	0.000286	3.506558	0.001002
褉褍谢械褌	0.000286	0.040822	0.000012
褉褍谢械褌懈泻懈	0.000286	2.525729	0.000722
褉褍谢械褌褘	0.003143	0.116534	0.000366
褉褍屑褘薪褋泻邪褟	0.000286	0.116534	0.000033
褉褍屑褟薪褘械	0.000286	0.116534	0.000033
褉褍薪械褌械	0.000286	0.020203	0.000006
褉褍褋褋泻邪褟	0.000286	0.116534	0.000033
褉褘斜邪	0.002571	0.040822	0.000105
褉褘斜械	0.000571	0.116534	0.000067
褉褘斜薪邪褟	0.000286	0.116534	0.000033
褉褘斜薪芯谐芯	0.000571	0.116534	0.000067
褉褘斜薪褘械	0.002286	0.116534	0.000266
褉褘斜薪褘泄	0.000571	0.116534	0.000067
褉褘斜薪褘褏	0.000286	0.116534	0.000033
褉褘斜芯泄	0.000571	0.116534	0.000067
褉褘斜褘	0.004000	0.116534	0.000466
褉褟卸械薪泻邪	0.000286	0.116534	0.000033
褋邪泄褌	0.000857	0.000000	0.000000
褋邪泄褌褍	0.000571	0.061875	0.000035
褋邪谢邪褌	0.002000	0.094311	0.000189
褋邪谢邪褌邪	0.000857	1.078810	0.000925
褋邪谢邪褌薪邪褟	0.000286	0.116534	0.000033
褋邪谢邪褌芯屑	0.000286	2.207275	0.000631
褋邪谢邪褌褘	0.011714	0.040822	0.000478
褋邪屑芯谐芯薪	0.000286	0.040822	0.000012
褋邪屑芯屑	0.000286	2.120264	0.000606
褋邪屑褘褏	0.000571	0.116534	0.000067
褋邪薪	0.000286	3.218876	0.000920
褋邪褎	0.000857	0.116534	0.000100
褋邪褎褋械屑	0.000286	0.116534	0.000033
褋邪褏邪褉	0.002286	0.116534	0.000266
褋斜懈褌械薪褜	0.000286	0.040822	0.000012
褋胁械卸械褋褌褜	0.000286	0.105361	0.000030
褋胁械泻谢邪	0.000857	0.040822	0.000035
褋胁械泻谢褘	0.000286	2.659260	0.000760
褋胁械泻芯谢褜薪懈泻	0.000571	0.040822	0.000023
褋胁械褌邪	0.001143	0.116534	0.000133
褋胁懈薪懈薪邪	0.000857	0.040822	0.000035
褋胁懈薪懈薪褘	0.001429	0.116534	0.000166
褋胁芯械	0.000286	0.116534	0.000033
褋胁芯械谐芯	0.000286	1.897120	0.000542
褋胁芯械屑	0.000286	0.040822	0.000012
褋胁芯懈屑	0.000286	0.040822	0.000012
褋胁芯懈屑懈	0.000286	2.302585	0.000658
褋胁芯懈褏	0.000286	1.347074	0.000385
褋胁芯褞	0.000286	0.040822	0.000012
褋谐褍褖械薪泻邪	0.000286	0.040822	0.000012
褋写械谢邪褌褜	0.000571	1.021651	0.000584
褋械蟹芯薪	0.000286	0.116534	0.000033
褋械泄褔邪褋	0.000571	0.030459	0.000017
褋械泻褉械褌邪屑懈	0.000286	2.120264	0.000606
褋械泻褉械褌褘	0.000571	0.116534	0.000067
褋械谢械写泻邪	0.000286	0.040822	0.000012
褋械屑谐邪	0.000857	0.040822	0.000035
褋械屑械泄薪芯谐芯	0.000286	2.407946	0.000688
褋械屑械泄薪褘泄	0.000286	0.116534	0.000033
褋械屑褜械	0.000571	1.309333	0.000748
褋械屑褜懈	0.000286	0.116534	0.000033
褋械薪褌褟斜褉褟	0.000286	0.673345	0.000192
褋械褉懈懈	0.000286	2.407946	0.000688
褋懈写褉	0.000286	0.040822	0.000012
褋懈褉懈泄褋泻邪褟	0.000286	0.116534	0.000033
褋懈褉芯锌	0.000286	0.040822	0.000012
褋懈褉芯锌褘	0.000286	0.116534	0.000033
褋懈褋褌械屑褘	0.000286	0.040822	0.000012
褋懈褌懈	0.000286	0.127833	0.000037
褋泻邪卸褍	0.000571	1.714798	0.000980
褋泻邪蟹芯泻	0.000286	0.116534	0.000033
褋谢邪写泻邪褟	0.000571	0.116534	0.000067
褋谢邪写泻懈械	0.001714	0.040822	0.000070
褋谢邪写泻懈泄	0.002571	0.105361	0.000271
褋谢邪写泻懈褏	0.000571	0.116534	0.000067
褋谢邪写泻芯	0.000286	0.116534	0.000033
褋谢懈胁泻懈	0.000571	1.078810	0.000616
褋谢懈胁芯褔薪芯械	0.001429	0.116534	0.000166
褋谢芯胁邪	0.000571	2.302585	0.001316
褋谢芯械薪芯谐芯	0.000286	0.127833	0.000037
褋谢芯械薪芯械	0.000286	0.116534	0.000033
褋谢芯械薪褘械	0.000286	2.995732	0.000856
褋谢芯械薪褘泄	0.000286	0.116534	0.000033
褋谢芯卸懈谢芯褋褜	0.000286	4.605170	0.001316
褋谢芯泄泻邪	0.000286	0.040822	0.000012
褋谢芯泄泻懈	0.000286	0.116534	0.000033
褋屑邪褔懈胁邪械褌	0.000286	4.605170	0.001316
褋屑邪褔懈胁邪褞褌褋褟	0.000286	4.605170	0.001316
褋屑械褌邪薪邪	0.001429	0.105361	0.000151
褋屑械褕邪薪薪芯谐芯	0.000286	0.116534	0.000033
褋屑芯卸械褌械	0.000286	0.040822	0.000012
褋屑褍蟹懈	0.000857	0.040822	0.000035
褋薪邪褔邪谢邪	0.000286	2.120264	0.000606
褋薪褝泻	0.000286	0.116534	0.000033
褋芯斜懈褉邪械褌械褋褜	0.000286	0.040822	0.000012
褋芯胁械褉褕械薪褋褌胁芯	0.001429	0.116534	0.000166
褋芯胁械褌邪屑懈	0.000286	0.040822	0.000012
褋芯胁械褌褍褞	0.000571	1.139434	0.000651
褋芯谐谢邪褕邪械褌械褋褜	0.000286	0.040822	0.000012
褋芯写邪	0.001143	0.967584	0.001106
褋芯械胁褘泄	0.000571	0.798508	0.000456
褋芯蟹写邪械褌	0.000286	0.116534	0.000033
褋芯蟹写邪薪懈褟	0.000571	0.261365	0.000149
褋芯泻	0.000857	0.116534	0.000100
褋芯泻邪	0.000286	0.105361	0.000030
褋芯泻懈	0.000286	0.040822	0.000012
褋芯谢械薪褘械	0.000857	0.116534	0.000100
褋芯谢械薪褜褟	0.000571	0.116534	0.000067
褋芯谢薪械褔薪芯泄	0.000286	0.127833	0.000037
褋芯谢褜	0.006857	0.150823	0.001034
褋芯谢褟薪泻邪	0.000571	0.040822	0.000023
褋芯屑薪械胁邪谢邪褋褜	0.000286	2.995732	0.000856
褋芯褉褌懈褉芯胁邪褌褜	0.000286	0.248461	0.000071
褋芯褋褌邪胁褜	0.000286	0.116534	0.000033
褋芯褍褋	0.002857	0.040822	0.000117
褋芯褍褋芯屑	0.001429	0.116534	0.000166
褋芯褍褋褘	0.001143	0.116534	0.000133
褋芯褏褉邪薪褟褌褜	0.000286	0.040822	0.000012
褋芯褑褋械褌懈	0.000286	0.040822	0.000012
褋芯褔械褌邪薪懈械	0.000286	0.116534	0.000033
褋芯褔薪芯	0.000286	2.120264	0.000606
褋芯褔薪芯械	0.000286	0.116534	0.000033
褋芯褔薪芯泄	0.000286	2.813411	0.000804
褋锌邪谢褜薪褟屑懈	0.000571	0.446287	0.000255
褋锌械褑懈邪谢褜薪芯械	0.000286	0.116534	0.000033
褋锌械褑懈懈	0.000286	0.105361	0.000030
褋锌械褑锌褉芯械泻褌	0.009429	0.116534	0.001099
褋锌懈褋芯泻	0.000286	0.116534	0.000033
褋锌芯褋芯斜芯屑	0.000286	2.207275	0.000631
褋锌芯褞	0.000286	0.116534	0.000033
褋褉邪蟹褍	0.000286	0.733969	0.000210
褋褉械写懈蟹械屑薪芯屑芯褉褋泻邪褟	0.000286	0.127833	0.000037
褋褉械写薪懈屑懈	0.000286	4.605170	0.001316
褋褌邪谢芯	0.000286	2.995732	0.000856
褋褌邪薪械褌	0.000571	1.832581	0.001047
褋褌邪褉褘械	0.000571	0.261365	0.000149
褋褌邪褌褜褟褏	0.000286	0.061875	0.000018
褋褌懈谢械	0.000286	0.116534	0.000033
褋褌懈谢褟	0.000286	0.116534	0.000033
褋褌芯懈褌	0.000286	1.771957	0.000506
褋褌芯谢	0.000571	0.105361	0.000060
褋褌芯谢邪	0.001714	0.116534	0.000200
褋褌褉邪褋褌褜褞	0.000286	4.605170	0.001316
褋褌褉芯谐芯泄	0.000286	4.605170	0.001316
褋褌褉芯懈褌械谢褜褋褌胁械	0.000286	0.040822	0.000012
褋褌褉芯懈褌械谢褜褋褌胁褍	0.000286	0.040822	0.000012
褋褌褉芯懈褌褜	0.000286	0.040822	0.000012
褋褌褉芯泄薪芯泄	0.000286	0.116534	0.000033
褋褍斜锌褉芯写褍泻褌芯胁	0.002000	0.116534	0.000233
褋褍斜锌褉芯写褍泻褌褘	0.000857	0.116534	0.000100
褋褍锌	0.002571	0.040822	0.000105
褋褍锌邪	0.000286	0.040822	0.000012
褋褍锌褘	0.002571	0.040822	0.000105
褋褍褎谢械	0.000857	0.040822	0.000035
褋褍褏邪褉懈	0.000286	0.040822	0.000012
褋褍褏褍褞	0.000286	3.912023	0.001118
褋褍褕懈	0.000571	0.040822	0.000023
褋褘褉	0.003143	0.040822	0.000128
褋褘褉邪	0.002000	0.116534	0.000233
褋褘褉邪屑懈	0.000286	0.127833	0.000037
褋褘褉薪懈泻	0.000286	0.040822	0.000012
褋褘褉薪懈泻懈	0.000857	0.116534	0.000100
褋褘褉薪褘械	0.001143	0.040822	0.000047
褋褘褉芯屑	0.000571	0.713350	0.000408
褋褘褌薪芯	0.000286	1.771957	0.000506
褋褘褌薪褘泄	0.000857	0.105361	0.000090
褋褘褌薪褘屑	0.000286	2.995732	0.000856
褋褘褔褍卸薪褘屑懈	0.000286	0.127833	0.000037
褋褝薪写胁懈褔懈	0.000286	0.127833	0.000037
褋褞褉锌褉懈蟹	0.000857	0.116534	0.000100
褌邪写卸懈泻褋泻邪褟	0.000286	0.116534	0.000033
褌邪泄褋泻邪褟	0.000286	0.116534	0.000033
褌邪泻懈	0.000571	1.237874	0.000707
褌邪泻懈屑	0.000286	1.021651	0.000292
褌邪泻懈褏	0.000286	1.660731	0.000474
褌邪褉褌	0.000286	0.116534	0.000033
褌邪褉褌邪谢械褌泻懈	0.000571	0.040822	0.000023
褌邪褌邪褉褋泻邪褟	0.000286	0.116534	0.000033
褌胁械褉写褘泄	0.001714	0.562119	0.000964
褌胁芯懈	0.000571	0.116534	0.000067
褌胁芯褉懈	0.000286	0.116534	0.000033
褌胁芯褉芯谐	0.001143	0.040822	0.000047
褌胁芯褉芯谐邪	0.000286	1.897120	0.000542
褌胁芯褉芯谐芯屑	0.000286	0.105361	0.000030
褌胁芯褉芯卸薪芯械	0.000286	0.116534	0.000033
褌胁芯褉芯卸薪褘械	0.000571	0.116534	0.000067
褌胁芯褉芯卸薪褘泄	0.000286	0.116534	0.000033
褌械谢械谐褉邪屑	0.000286	0.040822	0.000012
褌械谢褟褌懈薪褘	0.001143	0.116534	0.000133
褌械锌械褉褜	0.000571	0.916291	0.000524
褌械锌谢芯屑	0.000286	0.116534	0.000033
褌械褉褉懈薪	0.000286	0.040822	0.000012
褌械褋褌	0.001429	0.127833	0.000183
褌械褋褌邪	0.005429	0.105361	0.000572
褌械褋褌芯	0.004857	0.040822	0.000198
褌械褏薪懈泻邪	0.001429	0.105361	0.000151
褌械褖懈薪	0.000286	0.040822	0.000012
褌屑	0.001143	0.127833	0.000146
褌芯屑邪褌薪褘泄	0.000571	1.897120	0.001084
褌芯薪泻芯谐芯	0.000286	2.302585	0.000658
褌芯薪泻芯褋褌褜	0.000286	4.605170	0.001316
褌芯锌谢械薪芯械	0.000286	0.116534	0.000033
褌芯褉褌	0.003143	0.040822	0.000128
褌芯褉褌褘	0.002571	0.116534	0.000300
褌褉邪胁褘	0.000286	0.105361	0.000030
褌褉邪写懈褑懈懈	0.000286	0.116534	0.000033
褌褉邪写懈褑懈泄	0.001143	0.116534	0.000133
褌褉邪写懈褑懈芯薪薪褘械	0.000286	2.525729	0.000722
褌褉邪写懈褑懈褟褏	0.000286	0.116534	0.000033
褌褉械褏谢械褌懈械屑	0.000286	0.116534	0.000033
褌褉褍斜芯褔泻懈	0.000286	0.040822	0.000012
褌褍薪懈褋褋泻邪褟	0.000286	0.116534	0.000033
褌褍薪褑芯屑	0.000286	0.116534	0.000033
褌褍褉械褑泻邪褟	0.000286	0.116534	0.000033
褌褘泻胁邪	0.000286	0.040822	0.000012
褌褟薪褍褖懈屑褋褟	0.000286	4.605170	0.001316
褍胁邪卸邪褞褖械屑	0.000286	3.506558	0.001002
褍胁械写芯屑谢械薪懈褟	0.000286	0.040822	0.000012
褍谐芯褖邪泄褌械褋褜	0.000571	1.021651	0.000584
褍写邪谢褋褟	0.000286	4.605170	0.001316
褍写邪褔薪邪褟	0.000286	0.116534	0.000033
褍写懈胁懈	0.000286	0.116534	0.000033
褍写懈胁懈褌械谢褜薪褘屑	0.000286	4.605170	0.001316
褍写懈胁懈褌褜	0.000571	1.771957	0.001013
褍写懈胁谢褟泄褌械	0.001143	0.116534	0.000133
褍写芯胁芯谢褜褋褌胁懈械屑	0.000286	0.116534	0.000033
褍写芯胁芯谢褜褋褌胁懈褟	0.000286	2.302585	0.000658
褍卸懈薪	0.002286	0.094311	0.000216
褍蟹斜械泻褋泻邪褟	0.000286	0.116534	0.000033
褍泻褉邪懈薪褋泻邪褟	0.000286	0.116534	0.000033
褍泻褉邪褕械薪懈褟	0.002286	0.116534	0.000266
褍泻褉芯锌	0.001714	0.562119	0.000964
褍泻褋褍褋	0.000571	0.634878	0.000363
褍谢褢褌薪褘械	0.000286	3.912023	0.001118
褍锌芯褌褉械斜谢械薪懈械屑	0.000286	0.116534	0.000033
褍褉邪	0.000286	2.120264	0.000606
褍褉邪谢褜褋泻邪褟	0.000286	0.116534	0.000033
褍褉芯卸邪泄	0.000286	0.105361	0.000030
褍褌泻懈	0.000857	0.116534	0.000100
褍褏邪	0.000286	0.040822	0.000012
褍褔邪褋褌胁芯胁邪褌褜	0.000286	0.040822	0.000012
褍褔械斜薪懈泻械	0.000286	4.605170	0.001316
褎邪蟹械薪写褘	0.000286	0.127833	0.000037
褎邪薪褌邪蟹懈懈	0.001714	0.116534	0.000200
褎邪薪褌邪蟹懈泄	0.000286	0.116534	0.000033
褎邪薪褌邪蟹懈褟	0.000286	0.116534	0.000033
褎邪褉褕邪	0.003714	0.040822	0.000152
褎邪褉褕械屑	0.000286	1.966113	0.000562
褎邪褉褕懈褉芯胁邪薪薪邪褟	0.000571	0.116534	0.000067
褎邪褉褕懈褉芯胁邪薪薪芯械	0.000286	0.116534	0.000033
褎邪褉褕懈褉芯胁邪薪薪褘械	0.000571	0.040822	0.000023
褎邪褉褕懈褉芯胁邪薪薪褘泄	0.000286	0.040822	0.000012
褎邪褋芯谢褜	0.000286	0.040822	0.000012
褎械胁褉邪谢褟	0.000857	0.105361	0.000090
褎械泄械褉胁械褉泻	0.000571	0.116534	0.000067
褎懈谐褍褉械	0.000286	0.116534	0.000033
褎懈薪褋泻邪褟	0.000286	0.116534	0.000033
褎懈褉屑械薪薪芯械	0.000286	0.116534	0.000033
褎芯薪写褞	0.000286	0.040822	0.000012
褎芯褉屑褘	0.000286	0.116534	0.000033
褎芯褉褍屑邪	0.000286	1.832581	0.000524
褎芯褉褍屑械	0.000571	0.040822	0.000023
褎芯褉褕屑邪泻	0.000286	0.040822	0.000012
褎褉邪薪褑懈懈	0.000286	0.116534	0.000033
褎褉邪薪褑褍蟹褋泻邪褟	0.000286	0.116534	0.000033
褎褉邪褍	0.001143	0.116534	0.000133
褎褉褍泻褌芯胁	0.001143	0.116534	0.000133
褎褉褍泻褌芯胁芯	0.000286	0.116534	0.000033
褎褉褍泻褌芯胁褘械	0.002000	0.040822	0.000082
褎褍写	0.000286	0.116534	0.000033
褎褍褉褕械褌	0.000286	0.116534	0.000033
褏邪谢胁邪	0.000286	0.040822	0.000012
褏邪褉胁械褋褌褎械褋褌	0.000571	0.116534	0.000067
褏邪褉褔芯	0.000571	0.040822	0.000023
褏邪褕	0.000286	0.040822	0.000012
褏胁芯褉芯褋褌	0.000286	0.040822	0.000012
褏懈薪泻邪谢懈	0.000286	0.116534	0.000033
褏懈褌	0.002000	0.116534	0.000233
褏谢械斜	0.000857	0.040822	0.000035
褏谢械斜芯锌械褔泻邪	0.000286	3.912023	0.001118
褏谢械斜芯锌械褔泻懈	0.000286	0.116534	0.000033
褏谢芯锌褜褟	0.000571	0.105361	0.000060
褏芯蟹褟泄泻懈	0.000286	0.127833	0.000037
褏芯谢芯写械褑	0.000286	0.040822	0.000012
褏芯谢芯写懈谢褜薪懈泻械	0.000286	1.609438	0.000460
褏芯谢芯写薪褘械	0.000571	0.116534	0.000067
褏芯谢芯写薪褘泄	0.000571	0.116534	0.000067
褏芯褉胁邪褌褋泻邪褟	0.000286	0.116534	0.000033
褏芯褉芯褕芯	0.002000	0.105361	0.000211
褏芯褉褋	0.000286	0.116534	0.000033
褏芯褋械	0.000286	3.506558	0.001002
褏芯褌械谢邪	0.000286	2.659260	0.000760
褏芯褌械谢芯褋褜	0.000286	2.407946	0.000688
褏芯褌懈褌械	0.000286	0.040822	0.000012
褏褉褍褋褌褟褖懈械	0.000286	2.407946	0.000688
褏褍屑褍褋	0.000286	0.040822	0.000012
褑邪褉褋褌胁芯	0.000286	0.127833	0.000037
褑邪褉褜	0.000286	0.116534	0.000033
褑胁械褌薪邪褟	0.000286	0.040822	0.000012
褑械薪懈褌褜	0.000286	4.605170	0.001316
褑械薪薪褘褏	0.000286	0.040822	0.000012
褑械薪褌褉	0.000286	0.116534	0.000033
褔邪械屑	0.000571	0.116534	0.000067
褔邪泄	0.000857	0.040822	0.000035
褔邪褋褌芯	0.000286	0.994252	0.000284
褔械斜褍褉械泻懈	0.000857	0.040822	0.000035
褔械斜褍褉械泻芯胁	0.000571	2.659260	0.001520
褔械褉泻懈蟹芯胁芯	0.000571	0.116534	0.000067
褔械褉薪褘泄	0.002857	0.371064	0.001060
褔械褋薪芯泻	0.002286	0.314711	0.000719
褔械褋薪芯泻芯屑	0.000286	1.660731	0.000474
褔械褋褌薪芯	0.000571	1.203973	0.000688
褔械褋褌薪褘屑懈	0.000286	0.040822	0.000012
褔械褔械胁懈褑邪	0.000286	0.040822	0.000012
褔械褕褋泻邪褟	0.000286	0.116534	0.000033
褔懈蟹泻械泄泻	0.001143	0.040822	0.000047
褔懈谢懈	0.000571	1.237874	0.000707
褔懈谢懈泄褋泻邪褟	0.000286	0.116534	0.000033
褔懈锌褋褘	0.000286	0.040822	0.000012
褔懈褋谢褍	0.000286	0.261365	0.000075
褔褍写械褋	0.000286	0.116534	0.000033
褔褍褌褜	0.000286	1.771957	0.000506
褔褍褔械谢泻懈	0.000571	4.605170	0.002632
褕邪褉懈泻懈	0.000286	0.040822	0.000012
褕邪褉谢芯褌泻邪	0.000286	0.040822	0.000012
褕邪褉谢芯褌泻懈	0.000286	0.127833	0.000037
褕邪褉屑	0.000286	0.116534	0.000033
褕邪褕谢褘泻	0.003429	0.040822	0.000140
褕邪褕谢褘泻懈	0.000286	0.040822	0.000012
褕胁械写褋泻邪褟	0.000286	0.116534	0.000033
褕胁械泄褑邪褉褋泻邪褟	0.000286	0.116534	0.000033
褕械写械胁褉褘	0.000286	0.116534	0.000033
褕械褎	0.000286	0.127833	0.000037
褕懈锌褍褔泻邪	0.000286	0.040822	0.000012
褕懈褉芯泻邪褟	0.000286	0.127833	0.000037
褕泻芯谢褍	0.000286	0.116534	0.000033
褕芯泻芯谢邪写	0.000286	0.040822	0.000012
褕芯褌谢邪薪写褋泻邪褟	0.000286	0.116534	0.000033
褕褌褉褍写械谢褜	0.000286	0.040822	0.000012
褕褌褍褔泻懈	0.000286	2.120264	0.000606
褕褍褉锌邪	0.000286	0.040822	0.000012
褖邪褋	0.000286	0.116534	0.000033
褖械写褉邪褟	0.000286	0.116534	0.000033
褖懈	0.000571	0.040822	0.000023
褝泻芯屑懈谢泻	0.000286	0.127833	0.000037
褝泻褋锌械褉懈屑械薪褌懈褉芯胁邪褌褜	0.000286	3.912023	0.001118
褝谢邪褋褌懈褔薪褘屑	0.000286	4.605170	0.001316
褝褋褌芯薪褋泻邪褟	0.000286	0.116534	0.000033
褝褌芯谐芯	0.000857	0.415515	0.000356
褝褌褍	0.000286	1.272966	0.000364
褞谐芯褋谢邪胁褋泻邪褟	0.000286	0.116534	0.000033
褟谐芯写薪褘械	0.000571	0.116534	0.000067
褟谐芯写薪褘泄	0.000571	0.116534	0.000067
褟蟹褘泻	0.000286	0.040822	0.000012
褟懈褑	0.001714	0.116534	0.000200
褟泄褑邪	0.000286	0.040822	0.000012
褟泄褑芯	0.006286	0.261365	0.001643
褟谢芯褉懈褋	0.000286	1.771957	0.000506
褟薪写械泻褋	0.000286	0.072571	0.000021
褟锌芯薪褋泻邪褟	0.000286	0.116534	0.000033
褟锌芯薪褋泻懈	0.000286	4.605170	0.001316
褟锌芯薪褋泻芯泄	0.000286	0.061875	0.000018
褟锌芯薪褑械胁	0.000286	4.605170	0.001316
褟褉泻懈械	0.000286	0.116534	0.000033
褟褉泻芯	0.000286	0.105361	0.000030
