褌芯泻械薪	TF	IDF	TF-IDF
邪斜褋芯谢褞褌薪芯	0.000282	1.832581	0.000517
邪斜褏邪蟹褋泻邪褟	0.000282	0.116534	0.000033
邪胁谐褍褋褌邪	0.000564	0.867501	0.000490
邪胁褋褌褉邪谢懈泄褋泻邪褟	0.000282	0.116534	0.000033
邪胁褋褌褉懈泄褋泻邪褟	0.000282	0.116534	0.000033
邪胁褌芯泻谢邪胁邪	0.000282	0.116534	0.000033
邪胁褌芯褉邪屑	0.000282	0.040822	0.000012
邪胁褌芯褉褍	0.000564	1.660731	0.000937
邪谐褉芯	0.000282	0.116534	0.000033
邪写卸懈泻邪	0.000282	0.040822	0.000012
邪卸褍褉械	0.000282	2.525729	0.000713
邪卸褍褉薪褘械	0.000564	2.659260	0.001501
邪蟹械褉斜邪泄写卸邪薪褋泻邪褟	0.000282	0.116534	0.000033
邪蟹懈邪褌褋泻邪褟	0.000282	0.127833	0.000036
邪蟹褘	0.000282	0.127833	0.000036
邪泄褉邪薪	0.000282	0.040822	0.000012
邪泻胁邪褌懈泻邪	0.000847	0.127833	0.000108
邪谢械泻褋械褟	0.000282	0.127833	0.000036
邪谢泻芯谐芯谢褜	0.000564	0.116534	0.000066
邪谢泻芯谐芯谢褜薪褘械	0.000282	0.116534	0.000033
邪谢泻芯谐芯谢褟	0.000282	0.116534	0.000033
邪谢褜褟薪褋	0.000282	0.116534	0.000033
邪屑械褉懈泻邪薪褋泻邪褟	0.000282	0.116534	0.000033
邪屑械褉懈泻邪薪褋泻芯泄	0.000282	2.120264	0.000598
邪薪谐谢懈泄褋泻邪褟	0.000282	0.116534	0.000033
邪薪写褉械褟	0.000282	0.127833	0.000036
邪锌锌械褌懈褌薪褘械	0.000282	2.995732	0.000846
邪锌褉械谢褟	0.000564	0.579818	0.000327
邪褉邪斜褋泻邪褟	0.000282	0.116534	0.000033
邪褉谐械薪褌懈薪褋泻邪褟	0.000282	0.116534	0.000033
邪褉屑褟薪褋泻邪褟	0.000282	0.116534	0.000033
邪褋褋芯褉褌懈	0.000564	0.116534	0.000066
邪褌谢邪薪褌	0.000282	0.127833	0.000036
邪褎谐邪薪褋泻邪褟	0.000282	0.116534	0.000033
邪褎褉懈泻邪薪褋泻邪褟	0.000282	0.116534	0.000033
邪褝褉芯谐褉懈谢械	0.002822	0.116534	0.000329
邪褝褉芯锌芯褉褌褍	0.000282	2.525729	0.000713
斜邪泻谢邪卸邪薪褘	0.000282	0.040822	0.000012
斜邪谢褌泻芯屑	0.000282	0.127833	0.000036
斜邪薪泻械	0.000282	2.407946	0.000680
斜邪褉邪薪懈薪褘	0.001129	0.116534	0.000132
斜邪褋屑邪褌懈	0.000564	0.127833	0.000072
斜邪褋褌褍褉屑邪	0.000282	0.040822	0.000012
斜邪褌芯薪褔懈泻懈	0.000282	0.127833	0.000036
斜邪褕泻懈褉褋泻邪褟	0.000282	0.116534	0.000033
斜械蟹邪谢泻芯谐芯谢褜薪褘械	0.000282	0.116534	0.000033
斜械蟹谐谢褞褌械薪芯胁褘械	0.000282	0.116534	0.000033
斜械蟹械	0.001129	0.040822	0.000046
斜械蟹屑械褉薪芯	0.000282	2.659260	0.000751
斜械谢械斜械械胁褋泻懈泄	0.000564	0.116534	0.000066
斜械谢芯泻芯褔邪薪薪邪褟	0.000564	0.994252	0.000561
斜械谢芯褉褍褋褋懈懈	0.000282	3.506558	0.000990
斜械谢芯褉褍褋褋泻邪褟	0.000282	0.116534	0.000033
斜械谢褜谐懈泄褋泻邪褟	0.000282	0.116534	0.000033
斜械褉械屑械薪薪褘褏	0.000282	0.116534	0.000033
斜械褋械写懈薪邪	0.000282	0.127833	0.000036
斜懈蟹薪械褋	0.000282	2.525729	0.000713
斜懈褋泻胁懈褌	0.001129	0.040822	0.000046
斜懈褋泻胁懈褌薪芯械	0.000564	0.116534	0.000066
斜懈褋泻胁懈褌薪褘泄	0.000564	0.105361	0.000059
斜懈褋泻胁懈褌褘	0.000282	0.127833	0.000036
斜谢邪谐芯写邪褉薪邪	0.000282	1.660731	0.000469
斜谢邪谐芯写邪褉褟	0.000282	1.897120	0.000535
斜谢懈卸械	0.000282	0.116534	0.000033
斜谢懈蟹泻懈褏	0.000282	0.116534	0.000033
斜谢懈薪芯胁	0.000564	0.116534	0.000066
斜谢懈薪褔懈泻懈	0.000847	2.040221	0.001728
斜谢懈薪褘	0.003669	0.040822	0.000150
斜谢懈褑	0.000282	2.207275	0.000623
斜谢褞写	0.000564	0.094311	0.000053
斜谢褞写邪	0.027660	0.040822	0.001129
斜谢褞写芯	0.001976	0.040822	0.000081
斜谢褞写褍	0.000282	0.116534	0.000033
斜芯斜芯胁褘械	0.000564	0.127833	0.000072
斜芯斜芯胁褘褏	0.001693	0.116534	0.000197
斜芯谢谐邪褉褋泻邪褟	0.000282	0.116534	0.000033
斜芯谢谐邪褉褋泻懈械	0.000282	2.407946	0.000680
斜芯谢褜薪芯	0.000282	1.966113	0.000555
斜芯谢褜褕械	0.000847	0.105361	0.000089
斜芯谢褜褕芯械	0.000282	1.560648	0.000440
斜芯谢褜褕芯泄	0.000564	1.560648	0.000881
斜芯褉褌	0.000282	2.525729	0.000713
斜芯褉褌芯胁芯谐芯	0.000282	2.525729	0.000713
斜芯褉褖	0.000564	0.040822	0.000023
斜芯褌胁懈薪褜褟	0.000282	0.040822	0.000012
斜芯褟谢邪褋褜	0.000282	2.995732	0.000846
斜褉邪蟹懈谢褜褋泻邪褟	0.000282	0.116534	0.000033
斜褉邪褍蟹械褉械	0.000282	0.040822	0.000012
斜褉邪褍薪懈	0.000282	0.040822	0.000012
斜褉械褋褌	0.000282	0.127833	0.000036
斜褉芯泻泻芯谢懈	0.000282	0.040822	0.000012
斜褉褘蟹谐	0.000282	2.659260	0.000751
斜褍写械褌械	0.000282	2.302585	0.000650
斜褍卸械薪懈薪邪	0.000282	0.040822	0.000012
斜褍谢芯褔泻邪屑懈	0.000282	0.116534	0.000033
斜褍谢芯褔泻懈	0.000564	0.040822	0.000023
斜褍谢褜芯薪	0.001976	0.040822	0.000081
斜褍谢褜芯薪褘	0.001129	0.116534	0.000132
斜褍褉谐械褉	0.000282	0.040822	0.000012
斜褍褉谐械褉褘	0.000282	0.127833	0.000036
斜褍褉褟褌褋泻邪褟	0.000282	0.116534	0.000033
斜褍褌械褉斜褉芯写	0.000564	0.116534	0.000066
斜褍褌械褉斜褉芯写褘	0.000564	0.040822	0.000023
斜褍褌褘谢泻械	0.000564	2.813411	0.001588
斜褍褌褘谢泻褍	0.000282	2.995732	0.000846
斜褍褌褘谢芯褔泻械	0.000282	2.995732	0.000846
斜褘胁邪褞褌	0.000282	2.995732	0.000846
斜褘褋褌褉芯	0.001129	0.094311	0.000106
斜褘褋褌褉芯泄	0.000282	0.116534	0.000033
斜褘褋褌褉褘械	0.000282	1.832581	0.000517
斜褘褋褌褉褘泄	0.000564	0.105361	0.000059
胁邪卸薪褘械	0.000282	0.116534	0.000033
胁邪谢谢懈泄褋泻邪褟	0.000282	0.116534	0.000033
胁邪薪懈谢褜薪褘泄	0.000564	1.427116	0.000806
胁邪褉械薪懈泻懈	0.000282	0.116534	0.000033
胁邪褉械薪懈泻芯胁	0.000564	2.659260	0.001501
胁邪褉械薪褜械	0.000564	0.040822	0.000023
胁邪褉懈邪薪褌	0.000564	0.562119	0.000317
胁邪褉泻械	0.000282	2.659260	0.000751
胁邪褌褉褍褕泻懈	0.000282	0.040822	0.000012
胁邪褎谢懈	0.000564	0.040822	0.000023
胁邪褕	0.000282	1.309333	0.000370
胁邪褕械谐芯	0.000282	2.040221	0.000576
胁邪褕械泄	0.000564	0.040822	0.000023
胁邪褕械屑褍	0.000282	1.560648	0.000440
胁邪褕懈褏	0.000282	2.040221	0.000576
胁胁芯写褟	0.000282	0.040822	0.000012
胁写芯褏薪芯胁械薪懈械	0.001129	0.116534	0.000132
胁写芯褏薪芯胁械薪懈械屑	0.000564	0.116534	0.000066
胁写芯褏薪芯胁谢褟泄褋褟	0.000282	0.116534	0.000033
胁械谐械褌邪褉懈邪薪褋泻懈械	0.000282	0.127833	0.000036
胁械谐械褌邪褉懈邪薪褋泻芯械	0.000282	0.116534	0.000033
胁械泻邪	0.000282	2.207275	0.000623
胁械谢懈泻懈泄	0.000282	0.116534	0.000033
胁械谢懈泻芯泄	0.000282	2.302585	0.000650
胁械谢懈泻芯谢械锌薪械泄褕械械械	0.000282	2.659260	0.000751
胁械谢懈泻芯谢械锌薪褘泄	0.000564	1.832581	0.001034
胁械薪谐械褉褋泻邪褟	0.000282	0.116534	0.000033
胁械褋械薪薪懈械	0.000282	0.051293	0.000014
胁械褋薪邪	0.001411	0.116534	0.000164
胁械褋薪褘	0.000282	0.116534	0.000033
胁械褌褔懈薪褘	0.000282	0.105361	0.000030
胁蟹斜懈胁邪褌褜	0.000282	2.995732	0.000846
胁蟹谐谢褟写	0.000564	1.427116	0.000806
胁懈写械	0.000282	1.171183	0.000331
胁懈写械芯	0.000564	0.116534	0.000066
胁懈写械芯褉械褑械锌褌褘	0.000282	0.301105	0.000085
胁懈薪芯	0.000564	0.040822	0.000023
胁懈褉写卸懈薪懈褟	0.000282	4.605170	0.001300
胁懈褕薪褟	0.000564	2.040221	0.001152
胁泻谢褞褔邪褞褖懈褏	0.000282	0.634878	0.000179
胁泻褍褋	0.001129	0.105361	0.000119
胁泻褍褋邪	0.002258	0.116534	0.000263
胁泻褍褋薪邪褟	0.001129	0.061875	0.000070
胁泻褍褋薪械械	0.000564	0.116534	0.000066
胁泻褍褋薪械泄	0.000282	0.116534	0.000033
胁泻褍褋薪械泄褕邪褟	0.000282	2.813411	0.000794
胁泻褍褋薪芯	0.001411	0.094311	0.000133
胁泻褍褋薪褍褞	0.000282	2.207275	0.000623
胁泻褍褋薪褘械	0.000847	0.105361	0.000089
胁泻褍褋薪褘泄	0.000282	0.385662	0.000109
胁泻褍褋薪褘屑	0.000282	1.049822	0.000296
胁泻褍褋薪褘屑懈	0.000282	2.302585	0.000650
胁泻褍褋芯屑	0.000282	0.105361	0.000030
胁谢褞斜谢械薪薪褘褏	0.000282	0.116534	0.000033
胁薪邪褔邪谢械	0.001129	0.248461	0.000281
胁薪懈屑邪薪懈褞	0.000282	1.609438	0.000454
胁芯	0.000564	0.061875	0.000035
胁芯写邪	0.003387	0.287682	0.000974
胁芯写械	0.000282	0.105361	0.000030
胁芯泄褌懈	0.000282	0.000000	0.000000
胁芯谢芯胁邪薪褘	0.000282	0.116534	0.000033
胁芯谢褕械斜薪褘械	0.000282	0.116534	0.000033
胁芯谢褕械斜褋褌胁芯	0.000564	0.116534	0.000066
胁芯锌褉芯褋	0.000282	1.771957	0.000500
胁芯锌褉芯褋褘	0.000282	0.000000	0.000000
胁芯褋褌芯褉谐械	0.000282	1.469676	0.000415
胁芯褋褌芯褔薪邪褟	0.000282	0.127833	0.000036
胁褉械屑械薪邪	0.000564	0.116534	0.000066
胁褉械屑械薪械屑	0.001693	0.116534	0.000197
胁褉械屑械薪懈	0.000282	0.967584	0.000273
胁褉械屑褟	0.000564	0.400478	0.000226
胁褋械谐芯	0.000564	0.186330	0.000105
胁褋械泄	0.000847	0.105361	0.000089
胁褋械屑褍	0.000282	0.061875	0.000017
胁褋锌芯屑薪懈褌褜	0.000282	0.040822	0.000012
胁褌芯褉芯械	0.000282	0.116534	0.000033
胁褌芯褉褘械	0.000282	0.127833	0.000036
胁褏芯写	0.000847	0.030459	0.000026
胁褘谐谢褟写懈褌	0.000282	2.120264	0.000598
胁褘泄褌懈	0.000282	0.040822	0.000012
胁褘泻谢邪写褘胁邪褞	0.000282	2.407946	0.000680
胁褘锌械褔泻邪	0.005645	0.040822	0.000230
胁褘锌械褔泻懈	0.000564	0.072571	0.000041
胁褘锌械褔泻芯泄	0.000282	0.116534	0.000033
胁褘褟褋薪懈谢芯褋褜	0.000282	3.912023	0.001104
胁褜械褌薪邪屑褋泻邪褟	0.000282	0.116534	0.000033
胁褟蟹邪谢褜薪褘泄	0.000282	2.995732	0.000846
谐邪胁邪泄褋泻邪褟	0.000282	0.116534	0.000033
谐邪褉邪卸芯屑	0.000282	1.078810	0.000304
谐邪褉薪懈褉	0.002258	0.040822	0.000092
谐邪褋锌邪褔芯	0.000282	0.040822	0.000012
谐械芯谐褉邪褎懈褟	0.000282	0.116534	0.000033
谐谢邪胁薪芯械	0.000282	1.139434	0.000322
谐谢邪胁薪褘泄	0.000282	0.040822	0.000012
谐谢邪蟹褍褉褜	0.000847	0.040822	0.000035
谐谢懈薪褌胁械泄薪	0.000282	0.040822	0.000012
谐谢芯斜械	0.000282	4.605170	0.001300
谐芯胁褟写懈薪褘	0.001129	0.116534	0.000132
谐芯写	0.002540	0.105361	0.000268
谐芯写邪	0.004234	0.248461	0.001052
谐芯写邪褏	0.000282	2.207275	0.000623
谐芯谢谢邪薪写褋泻邪褟	0.000282	0.116534	0.000033
谐芯褉芯写邪	0.000282	0.116534	0.000033
谐芯褉芯褏	0.000282	0.116534	0.000033
谐芯褉褔懈褑邪	0.001129	0.040822	0.000046
谐芯褉褔懈褑邪屑懈	0.000282	0.127833	0.000036
谐芯褉褕芯褔泻邪褏	0.000282	0.105361	0.000030
谐芯褉褕芯褔泻械	0.000282	0.040822	0.000012
谐芯褉褟褔械械	0.000847	0.116534	0.000099
谐芯褉褟褔懈械	0.011572	0.105361	0.001219
谐芯褉褟褔懈泄	0.000564	0.116534	0.000066
谐芯褋褌懈	0.000564	0.116534	0.000066
谐芯褌芯胁邪褟	0.000564	2.525729	0.001426
谐芯褌芯胁懈谢邪	0.000282	0.733969	0.000207
谐芯褌芯胁懈谢懈	0.000282	1.560648	0.000440
谐芯褌芯胁懈屑	0.001693	0.094311	0.000160
谐芯褌芯胁懈褌褋褟	0.000564	0.478036	0.000270
谐芯褌芯胁懈褌褜	0.001693	0.105361	0.000178
谐芯褌芯胁泻懈	0.000282	2.207275	0.000623
谐芯褌芯胁芯屑	0.000282	2.525729	0.000713
谐芯褌芯胁褘褏	0.000282	2.659260	0.000751
谐芯褌芯胁褜	0.000564	0.116534	0.000066
谐芯褌芯胁褟褌	0.000282	0.116534	0.000033
谐褉械薪泻懈	0.000564	0.040822	0.000023
谐褉械褔械褋泻邪褟	0.000282	0.116534	0.000033
谐褉械褔泻邪	0.000282	0.040822	0.000012
谐褉懈斜邪屑懈	0.001129	0.105361	0.000119
谐褉懈斜薪褘械	0.000564	0.040822	0.000023
谐褉懈斜芯胁	0.000847	0.116534	0.000099
谐褉懈斜褘	0.000847	0.040822	0.000035
谐褉懈谢械	0.001411	0.116534	0.000164
谐褉懈谢褜	0.000282	0.116534	0.000033
谐褉懈谢褜屑邪薪懈褟	0.000282	0.116534	0.000033
谐褉懈谢褟	0.001129	0.116534	0.000132
谐褉芯谐	0.000282	0.040822	0.000012
谐褉褍写泻邪	0.000564	1.108663	0.000626
谐褉褍蟹懈薪褋泻邪褟	0.000282	0.116534	0.000033
谐褉褍锌锌褘	0.000282	0.061875	0.000017
谐褍褉屑邪薪懈褟	0.001693	0.116534	0.000197
谐褍褉屑械	0.000282	0.127833	0.000036
谐褍褋褟	0.000564	0.105361	0.000059
写邪胁薪芯	0.000282	0.967584	0.000273
写邪胁薪褘屑	0.000282	2.407946	0.000680
写邪械褌	0.000282	0.040822	0.000012
写邪薪薪褘械	0.000282	0.040822	0.000012
写邪褉褘	0.000282	0.116534	0.000033
写邪褌械	0.000564	0.248461	0.000140
写邪褌褋泻邪褟	0.000282	0.116534	0.000033
写邪褔薪芯械	0.000847	0.116534	0.000099
写邪褔薪褘褏	0.000282	3.912023	0.001104
写械胁芯褔泻懈	0.000282	1.427116	0.000403
写械泻邪斜褉褟	0.000564	0.597837	0.000337
写械泻芯褉	0.000282	0.127833	0.000036
写械谢邪械褌	0.000847	0.116534	0.000099
写械谢邪械褌褋褟	0.000282	1.347074	0.000380
写械谢邪褌褜	0.000282	1.386294	0.000391
写械谢邪褞褌褋褟	0.000282	2.407946	0.000680
写械谢懈屑褋褟	0.000282	0.040822	0.000012
写械谢芯	0.000282	1.386294	0.000391
写械谢芯屑	0.000282	0.116534	0.000033
写械薪褜	0.000847	0.083382	0.000071
写械锌褉械褋褋懈懈	0.000282	2.302585	0.000650
写械褉卸邪褌褜	0.000282	2.995732	0.000846
写械褋械褉褌	0.000847	0.116534	0.000099
写械褋械褉褌邪褑懈褟	0.000282	0.116534	0.000033
写械褋械褉褌薪褘械	0.000282	0.116534	0.000033
写械褋械褉褌褘	0.004234	0.040822	0.000173
写械褌械泄	0.000282	0.116534	0.000033
写卸械屑	0.000282	0.040822	0.000012
写蟹械薪	0.000282	0.116534	0.000033
写懈械褌邪	0.000282	0.116534	0.000033
写懈械褌褘	0.000282	0.116534	0.000033
写懈泻懈泄	0.000564	0.116534	0.000066
写懈泻芯谐芯	0.000282	0.116534	0.000033
写懈锌	0.000282	0.116534	0.000033
写懈褔懈	0.000564	0.116534	0.000066
写懈褔褜	0.000282	0.116534	0.000033
写谢懈褌械谢褜薪芯谐芯	0.000282	2.525729	0.000713
写薪械胁薪懈泻邪褏	0.000282	0.061875	0.000017
写薪械泄	0.000847	0.116534	0.000099
写薪褟	0.000282	0.040822	0.000012
写芯斜邪胁谢械薪懈褟屑	0.000282	0.274437	0.000077
写芯斜邪胁谢褟褌褜	0.000282	0.040822	0.000012
写芯斜邪胁褜	0.000282	0.116534	0.000033
写芯斜褉芯褎谢芯褌	0.000282	0.127833	0.000036
写芯胁械褉褟械褕褜	0.000282	0.116534	0.000033
写芯胁芯谢褜薪褘	0.000282	2.407946	0.000680
写芯谢卸薪芯	0.001411	1.832581	0.002586
写芯屑	0.002540	0.040822	0.000104
写芯屑邪褕薪械械	0.000847	0.040822	0.000035
写芯屑邪褕薪懈械	0.000564	0.040822	0.000023
写芯屑邪褕薪懈泄	0.001693	0.116534	0.000197
写芯屑邪褕薪褟褟	0.000564	0.105361	0.000059
写芯屑芯胁	0.000282	0.040822	0.000012
写芯褋褌芯懈薪褋褌胁邪	0.000282	2.302585	0.000650
写褉邪泄胁	0.001411	0.127833	0.000180
写褉芯卸卸械胁芯谐芯	0.000282	2.407946	0.000680
写褉芯卸卸械胁芯械	0.000282	0.116534	0.000033
写褉芯卸卸懈	0.000564	0.941609	0.000532
写褉褍谐懈屑懈	0.000282	0.040822	0.000012
写褉褍谐懈褏	0.000282	1.714798	0.000484
写褍屑邪褞	0.000564	1.427116	0.000806
写褍褏芯胁泻邪	0.001129	0.127833	0.000144
写褍褏芯胁泻褍	0.000282	1.771957	0.000500
写褍褕懈	0.000847	0.105361	0.000089
写褘褉芯褔泻邪褏	0.000282	2.995732	0.000846
械胁褉械泄褋泻邪褟	0.000282	0.116534	0.000033
械谐懈锌械褌褋泻邪褟	0.000282	0.116534	0.000033
械写懈薪褘泄	0.000282	0.040822	0.000012
械泻芯	0.000282	0.127833	0.000036
卸邪褉械薪褘泄	0.000282	2.120264	0.000598
卸邪褉懈褌褋褟	0.000282	2.207275	0.000623
卸邪褉懈褌褜	0.000282	1.966113	0.000555
卸邪褉懈褕褜	0.000282	2.659260	0.000751
卸邪褉泻芯械	0.000282	0.040822	0.000012
卸邪褉褞	0.000282	2.659260	0.000751
卸械谢邪薪懈褟	0.000282	2.302585	0.000650
卸械谢械	0.000847	0.040822	0.000035
卸械薪褋泻邪褟	0.000282	0.127833	0.000036
卸械薪褋泻芯屑	0.000282	0.061875	0.000017
卸械薪褖懈薪褘	0.000564	0.116534	0.000066
卸懈蟹薪懈	0.000282	0.040822	0.000012
卸懈蟹薪褜	0.000282	0.116534	0.000033
卸懈褉薪褘屑	0.000282	2.995732	0.000846
卸褍谢褜械薪	0.000282	0.040822	0.000012
卸褍褉薪邪谢邪	0.000282	0.127833	0.000036
卸褞谢褜械薪	0.000282	0.040822	0.000012
蟹邪胁邪褉薪芯谐芯	0.000282	2.525729	0.000713
蟹邪胁邪褉薪芯械	0.000282	0.116534	0.000033
蟹邪胁邪褉薪芯泄	0.000282	0.116534	0.000033
蟹邪胁懈褋懈褌	0.000282	2.120264	0.000598
蟹邪胁褌褉邪泻	0.002540	0.094311	0.000240
蟹邪胁褌褉邪泻懈	0.000282	0.127833	0.000036
蟹邪谐芯褌芯胁泻懈	0.001693	0.040822	0.000069
蟹邪谐芯褌芯胁芯褔泻邪	0.000282	3.912023	0.001104
蟹邪写邪胁邪褌褜	0.000282	0.040822	0.000012
蟹邪写邪谢懈	0.000282	2.659260	0.000751
蟹邪懈薪褌械褉械褋芯胁邪谢	0.000282	2.407946	0.000680
蟹邪泄褑邪	0.000564	0.116534	0.000066
蟹邪泻胁邪褋泻邪	0.000282	0.040822	0.000012
蟹邪泻胁邪褋泻邪屑懈	0.000282	0.116534	0.000033
蟹邪泻胁邪褋芯泻	0.000282	0.127833	0.000036
蟹邪泻褉褘褌褘泄	0.000282	0.116534	0.000033
蟹邪泻褍褋泻懈	0.005080	0.040822	0.000207
蟹邪泻褍褋泻褍	0.000847	0.116534	0.000099
蟹邪泻褍褋芯薪褔懈泻	0.000282	0.116534	0.000033
蟹邪泻褍褋芯褔泻邪	0.000282	0.116534	0.000033
蟹邪泻褍褋芯褔薪褘械	0.002540	0.116534	0.000296
蟹邪谢懈胁薪芯械	0.000564	0.040822	0.000023
蟹邪屑邪褔懈胁邪褌褜	0.000282	3.912023	0.001104
蟹邪屑械褋邪	0.000282	2.659260	0.000751
蟹邪屑械褔邪褌械谢褜薪褘械	0.000282	2.207275	0.000623
蟹邪屑械褔邪褌械谢褜薪褘泄	0.000282	1.514128	0.000427
蟹邪屑芯褉芯蟹泻邪	0.000282	0.105361	0.000030
蟹邪锌邪写	0.000282	0.116534	0.000033
蟹邪锌械泻邪薪泻邪	0.001976	0.105361	0.000208
蟹邪锌械泻邪薪泻懈	0.002258	0.040822	0.000092
蟹邪锌褉邪胁泻邪	0.000564	0.040822	0.000023
蟹邪褉邪薪械械	0.000282	1.660731	0.000469
蟹邪褉械谐懈褋褌褉懈褉芯胁邪胁褕懈褋褜	0.000282	0.040822	0.000012
蟹邪褉械谐懈褋褌褉懈褉芯胁邪褌褜褋褟	0.000282	0.030459	0.000009
蟹邪褋械褔褜	0.000282	2.659260	0.000751
蟹邪褋芯谢泻邪	0.000282	0.116534	0.000033
蟹邪褏芯写懈褌械	0.000282	0.755023	0.000213
蟹胁邪薪褘泄	0.000282	0.127833	0.000036
蟹胁械蟹写	0.000282	2.995732	0.000846
蟹胁械蟹写邪	0.000282	0.127833	0.000036
蟹胁褢蟹写薪褘械	0.000282	0.116534	0.000033
蟹写芯褉芯胁芯械	0.000282	0.116534	0.000033
蟹写芯褉芯胁褘泄	0.000282	0.116534	0.000033
蟹械谢械薪懈	0.000282	2.120264	0.000598
蟹械谢械薪褘泄	0.000564	1.021651	0.000577
蟹械谢械薪褜	0.000847	0.094311	0.000080
蟹械褎懈褉	0.000282	0.040822	0.000012
蟹懈屑薪懈械	0.000282	0.051293	0.000014
蟹懈屑褍	0.001693	0.040822	0.000069
蟹薪邪褔懈褌械谢褜薪芯	0.000282	3.506558	0.000990
蟹薪邪褞	0.001129	0.755023	0.000852
蟹芯谢芯褌邪褟	0.000282	0.116534	0.000033
蟹褉邪蟹褘	0.000282	2.040221	0.000576
懈胁邪薪芯胁邪	0.000282	0.127833	0.000036
懈写械邪谢褜薪邪褟	0.000282	0.116534	0.000033
懈写械邪谢褜薪芯	0.000282	1.514128	0.000427
懈写械邪谢褜薪芯谐芯	0.001411	0.116534	0.000164
懈写械邪谢褜薪芯械	0.000282	0.116534	0.000033
懈写械泄泻邪	0.000282	2.995732	0.000846
懈写械泄泻懈	0.000282	0.116534	0.000033
懈蟹胁械褋褌薪褘泄	0.000282	1.897120	0.000535
懈蟹写械谢懈褟	0.002258	0.116534	0.000263
懈蟹写械谢懈褟屑懈	0.000847	0.116534	0.000099
懈蟹褍屑懈褌械谢褜薪械泄褕懈泄	0.000282	2.659260	0.000751
懈泻褉邪	0.000847	0.040822	0.000035
懈屑械薪械屑	0.000282	0.040822	0.000012
懈屑械褟	0.000282	2.813411	0.000794
懈薪邪褔械	0.000282	1.897120	0.000535
懈薪胁械褉褌芯褉薪芯泄	0.000282	0.127833	0.000036
懈薪谐褉械写懈械薪褌褘	0.008750	0.139262	0.001218
懈薪写械泄泻懈	0.001411	0.094311	0.000133
懈薪写械泄泻芯泄	0.000282	0.116534	0.000033
懈薪写懈泄褋泻邪褟	0.000282	0.116534	0.000033
懈薪写懈谢邪泄褌	0.000847	0.116534	0.000099
懈薪写懈褉械褋薪褘械	0.000282	0.116534	0.000033
懈薪械褌邪	0.000282	1.832581	0.000517
懈薪械褌械	0.000282	2.813411	0.000794
懈薪褋褌褉褍泻褑懈褟屑懈	0.000282	0.040822	0.000012
懈薪褌械褉械褋械薪	0.000282	3.218876	0.000909
懈薪褌械褉械褋薪邪褟	0.000282	2.659260	0.000751
懈薪褌械褉薪械褌邪	0.000282	1.771957	0.000500
懈褉邪泻褋泻邪褟	0.000282	0.116534	0.000033
懈褉邪薪褋泻邪褟	0.000282	0.116534	0.000033
懈褉谢邪薪写褋泻邪褟	0.000282	0.116534	0.000033
懈褉褉械蟹	0.000282	1.347074	0.000380
懈褋泻褉械薪薪械	0.000282	0.116534	0.000033
懈褋谢邪薪写褋泻邪褟	0.000282	0.116534	0.000033
懈褋锌邪薪褋泻邪褟	0.000282	0.116534	0.000033
懈褋锌械泻懈	0.000282	0.116534	0.000033
懈褋褌芯褉懈懈	0.001411	0.116534	0.000164
懈褋褌芯褉懈褞	0.000282	0.116534	0.000033
懈褌邪谢懈懈	0.000564	0.105361	0.000059
懈褌邪谢褜褟薪褋泻邪褟	0.000282	0.116534	0.000033
懈褞薪褟	0.000564	0.579818	0.000327
泄芯谐褍褉褌	0.000847	0.040822	0.000035
泻邪斜邪褔泻懈	0.000282	0.040822	0.000012
泻邪斜邪褔泻芯胁	0.000282	2.040221	0.000576
泻邪斜邪褔泻芯胁邪褟	0.000282	3.218876	0.000909
泻邪斜邪褔芯泻	0.000564	1.771957	0.001000
泻邪胁泻邪蟹褋泻邪褟	0.000282	0.116534	0.000033
泻邪卸写芯泄	0.000282	1.832581	0.000517
泻邪卸械褌褋褟	0.000282	1.714798	0.000484
泻邪蟹邪谢芯褋褜	0.000282	1.609438	0.000454
泻邪蟹邪薪械	0.000282	0.116534	0.000033
泻邪蟹邪褏褋泻邪褟	0.000282	0.116534	0.000033
泻邪泻邪芯	0.001693	0.040822	0.000069
泻邪谢械泄写芯褋泻芯锌	0.001129	0.116534	0.000132
泻邪谢屑褘褑泻邪褟	0.000282	0.116534	0.000033
泻邪谢芯褉懈泄薪芯泄	0.000282	2.659260	0.000751
泻邪谢褜屑邪褉	0.000282	0.040822	0.000012
泻邪屑械褉邪	0.000282	0.116534	0.000033
泻邪薪邪写褋泻邪褟	0.000282	0.116534	0.000033
泻邪薪邪谢	0.000564	0.040822	0.000023
泻邪薪邪谢械	0.000282	0.040822	0.000012
泻邪薪邪锌械	0.000564	0.040822	0.000023
泻邪锌褍褋褌邪	0.001129	0.040822	0.000046
泻邪锌褍褋褌薪褟泻	0.000282	0.040822	0.000012
泻邪锌褍褋褌芯泄	0.000282	1.966113	0.000555
泻邪锌褍褋褌褘	0.000282	0.040822	0.000012
泻邪褉邪屑械谢褜	0.000282	0.040822	0.000012
泻邪褉泻邪褋薪褘泄	0.001129	0.116534	0.000132
泻邪褉褌芯褎械谢褜	0.001693	0.040822	0.000069
泻邪褉褌芯褎械谢褜薪芯械	0.000282	0.040822	0.000012
泻邪褉褌芯褎械谢褜薪褘泄	0.000564	0.116534	0.000066
泻邪褉褌芯褎械谢褟	0.000282	1.897120	0.000535
泻邪褉褌芯褕泻邪	0.000564	0.040822	0.000023
泻邪褉褌芯褕泻褍	0.000282	2.207275	0.000623
泻邪褋褝褉芯谢	0.000282	3.218876	0.000909
泻邪褌械谐芯褉懈懈	0.000282	0.116534	0.000033
泻邪褌械谐芯褉懈褟	0.004234	0.150823	0.000639
泻邪褔械褋褌胁芯	0.000282	0.116534	0.000033
泻邪褕邪	0.000282	0.040822	0.000012
泻邪褕懈	0.001411	0.105361	0.000149
泻邪褕褍	0.000282	0.094311	0.000027
泻胁邪褋	0.000847	0.040822	0.000035
泻胁邪褋薪芯械	0.000847	0.116534	0.000099
泻胁邪褋芯屑	0.000282	0.127833	0.000036
泻械泻褋	0.000282	0.040822	0.000012
泻械泻褋褘	0.000564	0.116534	0.000066
泻械褎懈褉	0.000847	0.040822	0.000035
泻懈谢芯谐褉邪屑屑芯胁	0.000282	2.659260	0.000751
泻懈屑褔懈	0.000282	0.040822	0.000012
泻懈薪芯邪	0.000564	0.127833	0.000072
泻懈薪芯谢械薪褌邪	0.000282	0.116534	0.000033
泻懈褋械谢褜	0.000564	0.040822	0.000023
泻懈褌邪泄褋泻邪褟	0.000282	0.116534	0.000033
泻谢邪褋褋	0.002540	0.116534	0.000296
泻谢邪褋褋褘	0.000282	0.116534	0.000033
泻薪懈谐褍	0.000564	0.040822	0.000023
泻芯	0.000282	1.469676	0.000415
泻芯泻褌械泄谢懈	0.000282	0.127833	0.000036
泻芯泻褌械泄谢褜	0.001411	0.040822	0.000058
泻芯谢斜邪褋邪	0.000282	0.040822	0.000012
泻芯谢斜邪褋薪褘屑懈	0.000847	0.116534	0.000099
泻芯屑邪薪写邪	0.000564	0.127833	0.000072
泻芯屑懈	0.000282	0.116534	0.000033
泻芯屑屑械薪褌邪褉懈械胁	0.000282	0.223144	0.000063
泻芯屑锌邪薪懈泄	0.000282	0.105361	0.000030
泻芯屑锌芯褌	0.000847	0.040822	0.000035
泻芯薪械褔薪芯	0.000282	0.527633	0.000149
泻芯薪懈薪褘	0.000282	0.116534	0.000033
泻芯薪泻褍褉褋	0.060401	0.105361	0.006364
泻芯薪泻褍褉褋邪	0.000282	0.116534	0.000033
泻芯薪泻褍褉褋邪褏	0.000282	0.040822	0.000012
泻芯薪泻褍褉褋薪褘械	0.000282	0.127833	0.000036
泻芯薪褋械褉胁懈褉芯胁邪薪懈械	0.000282	0.040822	0.000012
泻芯薪褋械褉胁懈褉芯胁邪薪薪邪褟	0.000282	0.116534	0.000033
泻芯薪褋械褉胁懈褉芯胁邪薪薪芯械	0.000282	0.116534	0.000033
泻芯薪褋械褉胁懈褉芯胁邪薪薪褘械	0.000564	0.116534	0.000066
泻芯薪褋械褉胁懈褉芯胁邪薪薪褘泄	0.000282	0.116534	0.000033
泻芯薪褎械褌褌懈	0.000282	0.116534	0.000033
泻芯薪褎械褌褘	0.000847	0.040822	0.000035
泻芯薪褎懈写械薪褑懈邪谢褜薪芯褋褌懈	0.000282	0.040822	0.000012
泻芯薪褎懈褌褞褉	0.000282	0.040822	0.000012
泻芯锌褔械薪芯褋褌褟屑懈	0.000282	0.116534	0.000033
泻芯褉械泄褋泻邪褟	0.000282	0.116534	0.000033
泻芯褉械泄褋泻懈	0.000282	0.040822	0.000012
泻芯褉卸	0.000282	2.302585	0.000650
泻芯褉卸懈泻懈	0.000282	0.040822	0.000012
泻芯褉屑褟褖懈褏	0.000282	0.116534	0.000033
泻芯褌谢械褌褘	0.000282	0.040822	0.000012
泻芯褌芯褉芯泄	0.000282	2.207275	0.000623
泻芯褌芯褉芯屑褍	0.000282	0.116534	0.000033
泻芯褎械	0.000564	0.040822	0.000023
泻芯褎械泄泻芯屑	0.000282	2.659260	0.000751
泻褉邪褋懈胁褘械	0.000282	1.897120	0.000535
泻褉邪褋泻懈	0.000282	0.116534	0.000033
泻褉邪褏屑邪谢	0.001129	0.891598	0.001007
泻褉械邪褌懈胁	0.000282	0.127833	0.000036
泻褉械屑	0.000282	0.040822	0.000012
泻褉械屑邪	0.000564	0.116534	0.000066
泻褉械锌泻懈泄	0.000282	0.116534	0.000033
泻褉芯谢懈泻邪	0.000564	0.116534	0.000066
泻褉芯屑械	0.000282	0.061875	0.000017
泻褉芯褏懈	0.000282	0.116534	0.000033
泻褉褍谐褍	0.000564	0.116534	0.000066
泻褉褍锌	0.001693	0.116534	0.000197
泻褉褍锌邪	0.000847	0.127833	0.000108
泻褉褍锌褘	0.000564	0.127833	0.000072
泻褉褍锌褟薪褘械	0.000282	0.116534	0.000033
泻褉褘谢褜褑芯屑	0.000282	3.506558	0.000990
泻褋褌邪褌懈	0.000282	1.237874	0.000349
泻褍斜懈薪褋泻邪褟	0.000282	0.116534	0.000033
泻褍谢械褕	0.000282	0.040822	0.000012
泻褍谢懈薪邪褉懈懈	0.000847	0.094311	0.000080
泻褍谢懈薪邪褉薪邪褟	0.000282	0.116534	0.000033
泻褍谢懈薪邪褉薪芯械	0.000282	0.116534	0.000033
泻褍谢懈薪邪褉薪褍褞	0.000564	0.040822	0.000023
泻褍谢懈薪邪褉薪褘泄	0.000282	0.072571	0.000020
泻褍谢懈薪邪褉薪褘褏	0.000282	0.116534	0.000033
泻褍谢懈褔	0.000282	0.040822	0.000012
泻褍谢懈褔懈	0.000282	0.116534	0.000033
泻褍褉写褋泻邪褟	0.000282	0.116534	0.000033
泻褍褉懈薪邪褟	0.000564	1.021651	0.000577
泻褍褉懈薪芯谐芯	0.000282	0.116534	0.000033
泻褍褉懈薪芯械	0.005645	0.127833	0.000722
泻褍褉懈薪褘泄	0.000282	0.105361	0.000030
泻褍褉懈褑邪	0.000564	0.040822	0.000023
泻褍褉懈褑褘	0.001129	0.116534	0.000132
泻褍褉芯褔泻芯泄	0.000282	0.116534	0.000033
泻褍褋泻褍褋	0.000282	0.040822	0.000012
泻褍褏薪械	0.000282	1.237874	0.000349
泻褍褏薪械泄	0.000282	0.040822	0.000012
泻褍褏薪懈	0.001129	0.040822	0.000046
泻褍褏薪褟	0.000847	0.116534	0.000099
谢邪胁邪褕	0.000564	0.040822	0.000023
谢邪胁邪褕邪	0.001129	0.116534	0.000132
谢邪谐屑邪薪	0.000282	0.040822	0.000012
谢邪泻芯屑褋褌胁芯	0.000282	0.116534	0.000033
谢邪锌褕邪	0.000564	0.040822	0.000023
谢邪褌褘褕褋泻邪褟	0.000282	0.116534	0.000033
谢械谐械薪写械	0.000282	2.207275	0.000623
谢械谐泻邪褟	0.000282	0.116534	0.000033
谢械谐泻懈泄	0.000564	0.116534	0.000066
谢械谐泻芯	0.002258	0.116534	0.000263
谢械谐泻芯谐芯	0.000282	2.040221	0.000576
谢械薪懈胁褘泄	0.000282	1.897120	0.000535
谢械锌械褕泻懈	0.001129	0.040822	0.000046
谢械锌泻械	0.000282	2.659260	0.000751
谢械褌邪	0.000282	0.116534	0.000033
谢械褌薪懈械	0.000282	0.040822	0.000012
谢械褌薪褟褟	0.000282	0.116534	0.000033
谢械褌芯	0.001411	0.116534	0.000164
谢械褔芯	0.000282	0.040822	0.000012
谢懈谐邪	0.000847	0.116534	0.000099
谢懈泻械褉	0.000282	0.040822	0.000012
谢懈屑芯薪邪写	0.000564	0.040822	0.000023
谢懈屑芯薪薪褘泄	0.000564	0.798508	0.000451
谢懈褌芯胁褋泻	0.000282	0.127833	0.000036
谢懈褌芯胁褋泻邪褟	0.000282	0.116534	0.000033
谢懈褌褜	0.000282	2.995732	0.000846
谢懈褕薪懈褏	0.000282	1.966113	0.000555
谢褍泻	0.002822	0.301105	0.000850
谢褍褔褕械械	0.000282	2.407946	0.000680
谢褍褔褕懈械	0.000282	0.116534	0.000033
谢褍褔褕懈泄	0.000564	0.040822	0.000023
谢褍褔褕懈屑	0.000282	2.302585	0.000650
谢褍褔褕懈褏	0.000282	0.116534	0.000033
谢褞斜胁懈	0.000282	0.105361	0.000030
谢褞斜懈屑芯谐芯	0.000282	0.127833	0.000036
谢褞斜懈屑芯屑褍	0.000282	0.116534	0.000033
谢褞斜懈屑褘褏	0.001693	0.116534	0.000197
谢褞斜芯胁褜	0.000282	0.116534	0.000033
谢褞斜芯泄	0.000564	0.116534	0.000066
谢褟	0.000282	1.771957	0.000500
谢褢写	0.000282	0.127833	0.000036
屑邪谐褉懈斜邪	0.000282	0.116534	0.000033
屑邪泄	0.000282	0.116534	0.000033
屑邪泄芯薪械蟹	0.001693	0.116534	0.000197
屑邪泻邪褉芯薪薪褘械	0.000282	0.116534	0.000033
屑邪泻邪褉芯薪褘	0.000282	0.040822	0.000012
屑邪谢邪蟹懈泄褋泻邪褟	0.000282	0.116534	0.000033
屑邪薪薪懈泻	0.000564	0.040822	0.000023
屑邪薪褌褘	0.000282	0.116534	0.000033
屑邪薪褢胁褉褘	0.000282	0.116534	0.000033
屑邪褉邪褎芯薪	0.000847	0.116534	0.000099
屑邪褉懈薪邪写	0.002540	0.040822	0.000104
屑邪褉懈薪邪写褘	0.000847	0.116534	0.000099
屑邪褉懈薪芯胁邪薪薪褘械	0.000282	0.116534	0.000033
屑邪褉屑械谢邪写	0.000282	0.040822	0.000012
屑邪褉芯泻泻邪薪褋泻邪褟	0.000282	0.116534	0.000033
屑邪褉褌邪	0.001693	0.105361	0.000178
屑邪褋泻邪褉锌芯薪械	0.000282	0.040822	0.000012
屑邪褋谢邪	0.000282	1.237874	0.000349
屑邪褋谢械薪懈褑邪	0.000847	0.040822	0.000035
屑邪褋谢械薪懈褔薪芯械	0.000282	0.116534	0.000033
屑邪褋谢芯	0.011008	0.116534	0.001283
屑邪褋谢芯屑	0.000282	0.116534	0.000033
屑邪褋谢褟薪褘褏	0.000282	2.659260	0.000751
屑邪褋褌械褉	0.002540	0.116534	0.000296
屑邪褋褌懈泻邪	0.000282	0.040822	0.000012
屑邪褋褌懈泻懈	0.000282	0.116534	0.000033
屑邪褎褎懈薪褘	0.000282	0.116534	0.000033
屑邪褏械械胁褗	0.001129	0.116534	0.000132
屑邪褟	0.000564	0.634878	0.000358
屑械写懈邪褎芯褉褌	0.000847	0.000000	0.000000
屑械写芯胁褘泄	0.000282	0.116534	0.000033
屑械泻褋懈泻邪薪褋泻邪褟	0.000282	0.116534	0.000033
屑械薪褞	0.000282	0.116534	0.000033
屑械薪褟	0.001976	0.083382	0.000165
屑械薪褟械褌褋褟	0.000282	0.116534	0.000033
屑械褉械	0.000282	2.813411	0.000794
屑械褔褌邪	0.000282	0.116534	0.000033
屑械褔褌褘	0.000564	0.040822	0.000023
屑懈写懈懈	0.000282	0.040822	0.000012
屑懈泻褉芯胁芯谢薪芯胁泻械	0.000847	0.116534	0.000099
屑懈谢芯褋褌懈	0.000282	1.897120	0.000535
屑懈谢褜械	0.000282	0.116534	0.000033
屑懈薪懈屑褍屑邪	0.000282	2.659260	0.000751
屑懈薪褍褌	0.000564	0.755023	0.000426
屑懈薪褍褌褘	0.000564	1.171183	0.000661
屑懈芯	0.000282	0.116534	0.000033
屑懈褉	0.000282	0.116534	0.000033
屑懈褉邪	0.000282	0.116534	0.000033
屑懈褉芯胁邪褟	0.000282	0.116534	0.000033
屑懈褋芯	0.000282	0.040822	0.000012
屑懈褋褌械褉懈褟	0.000282	0.116534	0.000033
屑懈褋褌褉邪谢褜	0.001976	0.116534	0.000230
屑薪芯谐芯	0.000282	0.776529	0.000219
屑薪芯卸械褋褌胁芯屑	0.000282	0.040822	0.000012
屑芯谐褍	0.000564	0.798508	0.000451
屑芯械	0.000282	0.116534	0.000033
屑芯卸械褌械	0.000282	0.000000	0.000000
屑芯泄	0.000847	0.105361	0.000089
屑芯谢写邪胁褋泻邪褟	0.000282	0.116534	0.000033
屑芯谢芯泻邪	0.000282	1.714798	0.000484
屑芯谢芯泻械	0.000564	0.105361	0.000059
屑芯谢芯泻芯	0.003105	0.116534	0.000362
屑芯谢芯褔薪褘泄	0.001129	0.040822	0.000046
屑芯谢芯褔薪褘褏	0.000282	0.116534	0.000033
屑芯屑械薪褌	0.000847	0.116534	0.000099
屑芯屑械薪褌褘	0.000282	2.813411	0.000794
屑芯薪谐芯谢褜褋泻邪褟	0.000282	0.116534	0.000033
屑芯褉械	0.000282	0.116534	0.000033
屑芯褉械锌褉芯写褍泻褌芯胁	0.003105	0.040822	0.000127
屑芯褉械锌褉芯写褍泻褌褘	0.000564	0.116534	0.000066
屑芯褉泻芯胁褜	0.001976	0.040822	0.000081
屑芯褉芯卸械薪芯械	0.000847	0.040822	0.000035
屑芯褉褋	0.000282	0.040822	0.000012
屑芯褉褋褘	0.000282	0.116534	0.000033
屑芯褌芯褉	0.000282	0.116534	0.000033
屑芯褏懈褌芯	0.000282	0.040822	0.000012
屑褍卸褋泻邪褟	0.000282	0.127833	0.000036
屑褍卸褔懈薪褘	0.000564	0.116534	0.000066
屑褍泻邪	0.005645	0.274437	0.001549
屑褍谢褜褌懈胁邪褉泻械	0.010725	0.116534	0.001250
屑褍谢褜褌懈锌械泻邪褉械泄	0.000847	0.116534	0.000099
屑褍褋褋	0.000282	0.040822	0.000012
屑褍褋褋褘	0.000564	0.116534	0.000066
屑褍褔薪褘械	0.000282	0.116534	0.000033
屑褘褌褜	0.000282	2.659260	0.000751
屑褞褋谢懈	0.000564	0.116534	0.000066
屑褟谐泻懈屑	0.000282	2.120264	0.000598
屑褟褋邪	0.002258	0.116534	0.000263
屑褟褋薪芯谐芯	0.000564	0.116534	0.000066
屑褟褋薪芯泄	0.000282	0.116534	0.000033
屑褟褋薪芯屑褍	0.000282	2.659260	0.000751
屑褟褋薪褘械	0.001411	0.040822	0.000058
屑褟褋薪褘褏	0.000847	0.116534	0.000099
屑褟褋芯	0.002258	0.040822	0.000092
屑褟褋芯屑	0.001693	0.040822	0.000069
屑褟褋褍	0.000564	0.116534	0.000066
薪邪胁械褉薪芯	0.000282	2.407946	0.000680
薪邪写械卸薪芯	0.000282	2.813411	0.000794
薪邪写芯斜薪芯褋褌懈	0.000282	2.995732	0.000846
薪邪蟹胁邪褌褜	0.000282	2.040221	0.000576
薪邪蟹薪邪褔械薪懈褟	0.000282	0.116534	0.000033
薪邪蟹褘胁邪械褌褋褟	0.000282	2.040221	0.000576
薪邪泄褌懈	0.000282	1.714798	0.000484
薪邪谢懈胁泻邪	0.000282	0.040822	0.000012
薪邪锌懈褌泻懈	0.001693	0.040822	0.000069
薪邪锌懈褌芯泻	0.000282	0.040822	0.000012
薪邪褋泻芯谢褜泻芯	0.000282	1.427116	0.000403
薪邪褋褌芯泄泻邪	0.000282	0.040822	0.000012
薪邪褋褌芯褟褌械谢褜薪芯	0.000282	2.040221	0.000576
薪邪褋褌褉邪懈胁邪褞	0.000282	2.995732	0.000846
薪邪褋褌褉芯械薪懈械	0.000282	0.116534	0.000033
薪邪褌泻薪褍谢邪褋褜	0.000282	1.966113	0.000555
薪邪褏芯写泻邪	0.000282	2.525729	0.000713
薪邪褑懈芯薪邪谢褜薪褘械	0.000282	0.116534	0.000033
薪邪褔邪谢邪	0.000282	2.120264	0.000598
薪邪褔懈薪泻邪	0.001129	0.040822	0.000046
薪邪褔懈薪泻芯泄	0.000564	0.116534	0.000066
薪邪褕械	0.000282	2.407946	0.000680
薪邪褕械泄	0.000282	1.347074	0.000380
薪邪褕械屑	0.000282	0.040822	0.000012
薪邪褕懈	0.000282	0.061875	0.000017
薪邪褕谢邪	0.000564	0.579818	0.000327
薪械斜械	0.000282	2.813411	0.000794
薪械写械谢褟	0.002822	0.061875	0.000175
薪械卸薪芯泄	0.000282	0.116534	0.000033
薪械卸薪褘屑懈	0.000282	2.207275	0.000623
薪械屑	0.000282	1.203973	0.000340
薪械屑邪谢芯胁邪卸薪芯	0.000282	2.207275	0.000623
薪械屑械褑泻邪褟	0.000282	0.116534	0.000033
薪械屑薪芯谐芯	0.000282	1.203973	0.000340
薪械薪褍卸薪褘褏	0.000282	2.659260	0.000751
薪械芯斜褏芯写懈屑芯	0.000282	2.813411	0.000794
薪械芯斜褘泻薪芯胁械薪薪芯	0.000282	1.897120	0.000535
薪械芯斜褘褔薪褘泄	0.000282	1.347074	0.000380
薪械芯卸懈写邪薪薪褘械	0.000282	0.116534	0.000033
薪械褋泻芯谢褜泻芯	0.001129	0.916291	0.001034
薪械褋谢邪写泻芯械	0.000282	0.116534	0.000033
薪懈泻邪泻芯泄	0.000282	2.207275	0.000623
薪懈褔械谐芯	0.000564	0.941609	0.000532
薪芯胁邪褟	0.000282	0.116534	0.000033
薪芯胁芯谐芯写薪械谐芯	0.001411	0.116534	0.000164
薪芯胁芯谐芯写薪械械	0.000847	0.116534	0.000099
薪芯胁芯谐芯写薪懈械	0.001693	0.040822	0.000069
薪芯胁芯谐芯写薪懈泄	0.001976	0.116534	0.000230
薪芯胁芯谐芯写薪褟褟	0.000282	0.105361	0.000030
薪芯胁芯褋褌褟褏	0.000282	0.061875	0.000017
薪芯胁褘械	0.000564	0.051293	0.000029
薪芯胁褘泄	0.002540	0.094311	0.000240
薪芯褉胁械卸褋泻邪褟	0.000282	0.116534	0.000033
薪芯褟斜褉褟	0.000564	0.527633	0.000298
芯斜邪谢写械薪薪芯	0.000282	2.120264	0.000598
芯斜械写	0.001129	0.105361	0.000119
芯斜械蟹褜褟薪褘	0.000282	0.116534	0.000033
芯斜卸邪褉懈胁邪褌褜	0.000282	3.218876	0.000909
芯斜谢邪写邪褌褜	0.000282	2.659260	0.000751
芯斜薪邪褉褍卸懈褌褋褟	0.000282	2.302585	0.000650
芯斜芯卸邪褞	0.000282	1.897120	0.000535
芯斜褉械蟹	0.000282	3.506558	0.000990
芯斜褖邪褌褜褋褟	0.000282	0.040822	0.000012
芯斜褘褔薪芯	0.000282	1.714798	0.000484
芯斜褘褔薪褘泄	0.000282	1.897120	0.000535
芯斜褟蟹邪褌械谢褜薪芯	0.000282	0.967584	0.000273
芯胁芯褖邪屑懈	0.000564	0.116534	0.000066
芯胁芯褖械泄	0.003951	0.105361	0.000416
芯胁芯褖懈	0.001693	0.094311	0.000160
芯胁芯褖薪邪褟	0.000282	0.040822	0.000012
芯胁芯褖薪芯械	0.000282	0.116534	0.000033
芯胁芯褖薪芯泄	0.000564	0.105361	0.000059
芯胁芯褖薪褘械	0.001411	0.040822	0.000058
芯胁褋褟薪芯械	0.000282	0.116534	0.000033
芯谐薪械薪薪芯泄	0.000282	0.116534	0.000033
芯谐薪褟	0.000282	0.116534	0.000033
芯谐褉芯屑薪芯械	0.000282	1.237874	0.000349
芯谐褍褉械褑	0.000564	1.237874	0.000699
芯谐褍褉褑褘	0.000564	0.116534	0.000066
芯泻褉芯褕泻邪	0.000847	0.040822	0.000035
芯泻褌褟斜褉褟	0.000282	0.562119	0.000159
芯谢邪写褜懈	0.001411	0.040822	0.000058
芯谢械泄薪邪	0.000847	0.116534	0.000099
芯谢械泄薪芯泄	0.001129	0.116534	0.000132
芯谢械泄薪褘	0.000282	0.127833	0.000036
芯谢懈胁泻芯胁芯械	0.000564	0.544727	0.000307
芯屑谢械褌	0.000282	0.040822	0.000012
芯锌邪褉邪	0.000282	0.040822	0.000012
芯锌褉械写械谢械薪薪褘械	0.000282	2.659260	0.000751
芯锌褉械写械谢械薪薪褘屑懈	0.000282	2.525729	0.000713
芯锌褉芯褋	0.000282	0.061875	0.000017
芯褉懈谐懈薪邪谢褜薪邪褟	0.000282	2.302585	0.000650
芯褉谢械邪薪	0.000282	4.605170	0.001300
芯褋械薪薪械械	0.000282	0.116534	0.000033
芯褋械薪薪懈械	0.000282	0.051293	0.000014
芯褋械薪薪懈泄	0.000564	0.116534	0.000066
芯褋械薪褜	0.002822	0.105361	0.000297
芯褋薪芯胁薪芯械	0.000282	0.040822	0.000012
芯褋褌邪械褌褋褟	0.000282	0.116534	0.000033
芯褋褌邪褞褌褋褟	0.000282	2.207275	0.000623
芯褌胁邪褉懈胁邪褌褜	0.000282	3.912023	0.001104
芯褌胁械褌懈褌褜	0.000282	0.051293	0.000014
芯褌胁械褌芯胁	0.000282	0.051293	0.000014
芯褌胁械褌褘	0.000282	0.000000	0.000000
芯褌写褘褏邪械褌	0.000282	2.302585	0.000650
芯褌写褘褏邪褞	0.000282	2.659260	0.000751
芯褌泻褉褘褌懈械屑	0.000282	2.525729	0.000713
芯褌泻褉褘褌褘泄	0.000564	0.116534	0.000066
芯褌谢懈褔薪褘泄	0.000282	1.560648	0.000440
芯褌屑械薪懈褌褜	0.000282	0.040822	0.000012
芯褌褌懈褉邪褌褜	0.000282	2.659260	0.000751
芯褏谢邪写懈褌褜	0.000282	0.116534	0.000033
芯褔械褉械写薪芯泄	0.000282	1.771957	0.000500
锌邪泻械褌懈泻邪褏	0.000282	0.105361	0.000030
锌邪谢芯褔泻懈	0.000282	0.040822	0.000012
锌邪薪懈褉芯胁泻邪	0.002258	0.116534	0.000263
锌邪褉邪	0.000282	0.116534	0.000033
锌邪褉邪写	0.001976	0.116534	0.000230
锌邪褉泻	0.000282	2.659260	0.000751
锌邪褉芯胁邪褉泻械	0.002540	0.116534	0.000296
锌邪褉芯谢褜	0.000282	0.020203	0.000006
锌邪褋褌邪	0.000847	0.040822	0.000035
锌邪褋褌褉芯屑邪	0.000282	0.040822	0.000012
锌邪褋褏邪	0.000564	0.040822	0.000023
锌邪褋褏邪谢褜薪邪褟	0.000564	0.116534	0.000066
锌邪褋褏邪谢褜薪褘泄	0.000282	0.127833	0.000036
锌邪褕褌械褌	0.000282	0.040822	0.000012
锌邪褕褌械褌褘	0.000564	0.116534	0.000066
锌械泻邪褉褟	0.000282	0.127833	0.000036
锌械谢褜屑械薪械泄	0.000564	2.525729	0.001426
锌械谢褜屑械薪懈	0.000282	0.116534	0.000033
锌械谢褜屑械薪薪芯谐芯	0.000282	2.659260	0.000751
锌械谢褜屑械薪薪芯械	0.000282	2.659260	0.000751
锌械褉胁芯械	0.000564	0.040822	0.000023
锌械褉胁褘械	0.000282	0.127833	0.000036
锌械褉胁褘泄	0.000282	1.309333	0.000370
锌械褉胁褘屑	0.000282	0.116534	0.000033
锌械褉械泄褌懈	0.000282	0.040822	0.000012
锌械褉械泻褍褋	0.000564	0.116534	0.000066
锌械褉械褑	0.001411	0.040822	0.000058
锌械褉谢芯胁邪褟	0.000564	3.218876	0.001817
锌械褉谢芯胁泻芯泄	0.000282	3.912023	0.001104
锌械褉褋芯薪褘	0.000282	0.116534	0.000033
锌械褉褍邪薪褋泻邪褟	0.000282	0.116534	0.000033
锌械褋芯褔薪芯械	0.000564	0.105361	0.000059
锌械褋芯褔薪褘泄	0.000282	0.116534	0.000033
锌械褌械谢懈薪泻懈	0.000282	0.127833	0.000036
锌械褌褉褍褕泻邪	0.001129	0.693147	0.000783
锌械褔械薪芯褔薪褘泄	0.000282	0.040822	0.000012
锌械褔械薪褜械	0.002540	0.040822	0.000104
锌械褔懈	0.000282	0.127833	0.000036
锌械褔褜	0.000282	1.966113	0.000555
锌懈胁芯	0.000282	0.116534	0.000033
锌懈泻邪薪褌褘	0.000282	0.127833	0.000036
锌懈泻薪懈泻	0.000564	0.116534	0.000066
锌懈泻薪懈泻邪	0.000282	0.116534	0.000033
锌懈泻薪懈泻褍	0.000282	0.105361	0.000030
锌懈褉	0.000282	0.116534	0.000033
锌懈褉芯谐	0.001693	0.040822	0.000069
锌懈褉芯谐懈	0.001129	0.105361	0.000119
锌懈褉芯卸泻懈	0.001411	0.040822	0.000058
锌懈褉芯卸泻芯胁	0.000282	1.966113	0.000555
锌懈褉芯卸薪芯械	0.000282	0.040822	0.000012
锌懈褉芯卸薪褘械	0.000282	0.116534	0.000033
锌懈褌邪薪懈械	0.001411	0.105361	0.000149
锌懈褌邪薪懈褟	0.000282	2.302585	0.000650
锌懈褑褑邪	0.000564	0.040822	0.000023
锌谢邪胁谢械薪褘泄	0.000564	1.237874	0.000699
锌谢邪屑褟	0.000282	0.116534	0.000033
锌谢懈褌邪	0.001129	0.127833	0.000144
锌谢懈褌芯泄	0.000282	2.659260	0.000751
锌谢懈褌褍	0.000282	2.659260	0.000751
锌谢芯胁	0.000282	0.116534	0.000033
锌谢芯写褘	0.000282	0.116534	0.000033
锌芯胁邪褉邪	0.000564	1.514128	0.000855
锌芯胁邪褉械薪泻械	0.000282	0.040822	0.000012
锌芯胁邪褉械薪芯泻	0.000282	0.061875	0.000017
锌芯胁邪褉褟褌	0.000282	0.116534	0.000033
锌芯胁邪褉褟褌邪屑懈	0.000282	0.040822	0.000012
锌芯胁邪褉褢薪泻邪	0.000282	0.116534	0.000033
锌芯胁懈写谢芯	0.000282	0.040822	0.000012
锌芯谐褍谢褟褌褜	0.000282	2.659260	0.000751
锌芯写邪褉泻芯胁	0.000282	0.116534	0.000033
锌芯写写邪胁邪褌褜褋褟	0.000282	2.659260	0.000751
锌芯写械谢懈褌褜褋褟	0.000282	0.478036	0.000135
锌芯写谢懈胁邪	0.000282	0.116534	0.000033
锌芯写谢懈胁泻邪	0.000282	0.040822	0.000012
锌芯写锌懈褋邪褌褜褋褟	0.000282	0.040822	0.000012
锌芯写锌懈褕懈褌械褋褜	0.000564	0.040822	0.000023
锌芯写褋泻邪卸械褌械	0.000282	2.525729	0.000713
锌芯械写邪薪懈懈	0.000282	2.207275	0.000623
锌芯械写懈薪泻懈	0.003951	0.116534	0.000460
锌芯卸邪谢褍泄	0.000282	2.040221	0.000576
锌芯卸邪谢褍泄褋褌邪	0.000282	1.966113	0.000555
锌芯蟹写褉邪胁褜	0.000282	0.116534	0.000033
锌芯蟹卸械	0.000282	3.218876	0.000909
锌芯懈褋泻	0.000282	0.051293	0.000014
锌芯懈褋泻褍	0.000282	2.302585	0.000650
锌芯泄褌懈	0.000282	2.659260	0.000751
锌芯泻邪蟹邪褌褜	0.000282	1.714798	0.000484
锌芯泻邪蟹邪褌褜褋褟	0.000282	2.659260	0.000751
锌芯泻邪蟹褘胁邪谢邪	0.000282	2.407946	0.000680
锌芯泻芯谢械薪懈褟	0.000282	2.525729	0.000713
锌芯谢写薪懈泻	0.000564	0.116534	0.000066
锌芯谢械蟹薪芯	0.000282	0.116534	0.000033
锌芯谢懈褌懈泻芯泄	0.000282	0.040822	0.000012
锌芯谢薪芯褋褌褜褞	0.000282	1.347074	0.000380
锌芯谢芯胁懈薪邪	0.002258	0.116534	0.000263
锌芯谢褌芯褉邪	0.000282	2.525729	0.000713
锌芯谢褍褔邪械褌褋褟	0.001693	0.400478	0.000678
锌芯谢褍褔邪泄褌械	0.000282	0.040822	0.000012
锌芯谢褍褔邪褌褜	0.000282	0.040822	0.000012
锌芯谢褍褔邪褞褌褋褟	0.000564	1.427116	0.000806
锌芯谢褍褔械薪懈褟	0.000282	2.659260	0.000751
锌芯谢褍褔懈谢芯褋褜	0.000282	0.994252	0.000281
锌芯谢褍褔懈褌褋褟	0.000282	1.714798	0.000484
锌芯谢褜蟹邪	0.000282	0.127833	0.000036
锌芯谢褜蟹芯泄	0.001129	0.116534	0.000132
锌芯谢褜褋泻邪褟	0.000282	0.116534	0.000033
锌芯屑邪写泻邪	0.000564	0.040822	0.000023
锌芯屑邪写泻懈	0.000282	0.116534	0.000033
锌芯屑懈写芯褉	0.001129	0.713350	0.000805
锌芯屑懈写芯褉泻懈	0.000282	0.127833	0.000036
锌芯屑懈写芯褉褘	0.000564	0.116534	0.000066
锌芯屑芯卸械褌	0.000282	2.995732	0.000846
锌芯薪褉邪胁懈胁褕懈械褋褟	0.000282	0.040822	0.000012
锌芯薪褉邪胁懈谢芯褋褜	0.000282	1.514128	0.000427
锌芯薪褉邪胁懈谢褋褟	0.000282	1.714798	0.000484
锌芯薪褔懈泻懈	0.000564	0.040822	0.000023
锌芯锌褉芯斜芯胁邪谢	0.000282	2.407946	0.000680
锌芯锌褉芯斜芯胁邪褌褜	0.000847	0.798508	0.000676
锌芯锌褉芯斜褍泄褌械	0.000564	0.562119	0.000317
锌芯锌褍谢褟褉薪褘泄	0.000282	2.040221	0.000576
锌芯褉邪	0.000282	0.116534	0.000033
锌芯褉懈褋褌芯谐芯	0.000282	2.659260	0.000751
锌芯褉懈褋褌褘泄	0.000282	2.207275	0.000623
锌芯褉芯褕芯泻	0.001129	0.916291	0.001034
锌芯褉褌褍谐邪谢褜褋泻邪褟	0.000282	0.116534	0.000033
锌芯褋械褖邪械褌械	0.000282	0.061875	0.000017
锌芯褋褌	0.001411	0.105361	0.000149
锌芯褋褌邪胁懈褌褜	0.000282	2.525729	0.000713
锌芯褋褌邪胁褜褌械	0.000282	2.995732	0.000846
锌芯褋褌薪芯械	0.000282	0.116534	0.000033
锌芯褋褌薪褘械	0.000282	0.040822	0.000012
锌芯褋褌薪褘泄	0.000282	0.116534	0.000033
锌芯褋褌芯褟薪薪芯	0.000282	0.040822	0.000012
锌芯褋褌褉芯懈屑	0.000282	0.116534	0.000033
锌芯褋褍写邪	0.000564	0.094311	0.000053
锌芯褏芯卸懈械	0.000282	1.832581	0.000517
锌芯褔械屑褍	0.000282	1.203973	0.000340
锌芯褔褌褍	0.000282	0.040822	0.000012
锌芯褕邪谐芯胁褘械	0.000282	0.301105	0.000085
锌芯褕邪谐芯胁褘屑懈	0.000282	0.040822	0.000012
锌芯褝褎褎械泻褌薪械械	0.000282	2.525729	0.000713
锌褉邪胁懈谢褜薪芯械	0.000282	2.659260	0.000751
锌褉邪胁懈谢褜薪褘械	0.000282	2.659260	0.000751
锌褉邪蟹写薪懈泻邪	0.000282	0.116534	0.000033
锌褉邪蟹写薪懈褔薪芯	0.000282	0.116534	0.000033
锌褉邪蟹写薪懈褔薪芯谐芯	0.000282	0.116534	0.000033
锌褉邪蟹写薪懈褔薪褘泄	0.000282	0.116534	0.000033
锌褉邪泻褌懈泻褍屑	0.000282	0.116534	0.000033
锌褉邪泻褌懈褔薪芯	0.000282	2.525729	0.000713
锌褉械胁芯褋褏芯写薪褘械	0.000282	0.116534	0.000033
锌褉械胁褉邪褖械薪懈褟	0.000282	0.116534	0.000033
锌褉械写谢邪谐邪褞	0.000847	0.693147	0.000587
锌褉械写谢芯卸懈褌褜	0.000282	1.237874	0.000349
锌褉械褋薪芯械	0.000564	0.116534	0.000066
锌褉懈斜邪胁谢械薪懈褟	0.000282	2.659260	0.000751
锌褉懈胁械蟹谢邪	0.000282	2.813411	0.000794
锌褉懈谐芯褌芯胁懈屑	0.000282	0.116534	0.000033
锌褉懈谐芯褌芯胁懈褌褜	0.000282	0.342490	0.000097
锌褉懈谐芯褌芯胁谢械薪懈械	0.000282	0.105361	0.000030
锌褉懈谐芯褌芯胁谢械薪懈懈	0.000282	0.798508	0.000225
锌褉懈谐芯褌芯胁谢械薪懈褞	0.000282	0.040822	0.000012
锌褉懈谐芯褌芯胁谢械薪懈褟	0.000564	0.371064	0.000209
锌褉懈谐芯褌芯胁褜褌械	0.000282	1.897120	0.000535
锌褉懈写褍屑邪薪	0.000282	2.207275	0.000623
锌褉懈械褏邪谢	0.000282	3.912023	0.001104
锌褉懈蟹薪邪薪懈械	0.000282	0.116534	0.000033
锌褉懈蟹芯胁	0.000282	0.040822	0.000012
锌褉懈屑械褉薪芯	0.000282	1.966113	0.000555
锌褉懈屑械褉褍	0.000282	2.659260	0.000751
锌褉懈锌褉邪胁邪	0.000847	0.040822	0.000035
锌褉懈褉芯写褍	0.000282	0.116534	0.000033
锌褉懈褉芯写褘	0.000282	0.116534	0.000033
锌褉懈褋褌褍锌懈褌褜	0.000282	0.040822	0.000012
锌褉懈褟褌薪褘屑	0.000282	2.207275	0.000623
锌褉芯斜谢械屑	0.000282	2.659260	0.000751
锌褉芯胁械写懈	0.001129	0.116534	0.000132
锌褉芯胁械褉械薪芯	0.001693	0.116534	0.000197
锌褉芯胁芯写懈屑褘褏	0.000282	0.040822	0.000012
锌褉芯胁芯卸邪械屑	0.000282	0.116534	0.000033
锌褉芯写褍泻褌芯胁	0.000282	0.094311	0.000027
锌褉芯写褍泻褌褘	0.000282	1.386294	0.000391
锌褉芯械泻褌芯胁	0.000282	0.116534	0.000033
锌褉芯械泻褌褘	0.000282	0.061875	0.000017
锌褉芯锌芯褉褑懈懈	0.000282	1.714798	0.000484
锌褉芯褋屑芯褌褉邪屑	0.000282	0.274437	0.000077
锌褉芯褋屑芯褌褉械谢邪	0.000282	1.832581	0.000517
锌褉芯褋褌芯	0.002258	0.083382	0.000188
锌褉芯褋褌芯泻胁邪褕邪	0.000282	0.040822	0.000012
锌褉芯褋褌芯褉邪褏	0.000282	1.771957	0.000500
锌褉芯褋褔懈褌邪薪褘	0.000282	2.659260	0.000751
锌褉芯褎懈谢褜	0.000282	0.040822	0.000012
锌褉芯褕谢芯谐芯	0.000282	2.302585	0.000650
锌褉芯褕褍	0.000564	1.139434	0.000643
锌褉褟屑芯	0.000282	0.040822	0.000012
锌褉褟薪懈泻	0.000282	0.040822	0.000012
锌褉褟薪懈泻懈	0.000282	0.116534	0.000033
锌褉褟薪懈褔薪芯械	0.000282	0.116534	0.000033
锌褌懈褑邪	0.001693	0.116534	0.000197
锌褌懈褑械	0.000564	0.116534	0.000066
锌褌懈褑械泄	0.000282	0.127833	0.000036
锌褌懈褑褘	0.003669	0.116534	0.000428
锌褍写懈薪谐	0.000282	0.040822	0.000012
锌褍写懈薪谐懈	0.000564	0.116534	0.000066
锌褍薪褕	0.000282	0.040822	0.000012
锌褍褌械褕械褋褌胁懈械	0.000564	0.116534	0.000066
锌褍褌褜	0.000282	0.116534	0.000033
锌褕械薪懈褔薪邪褟	0.005645	0.287682	0.001624
锌褘褕泻懈	0.000282	0.040822	0.000012
锌褞褉械	0.001129	0.040822	0.000046
褉邪斜芯褌邪谢邪	0.000282	2.302585	0.000650
褉邪谐褍	0.000282	0.116534	0.000033
褉邪蟹	0.000564	0.446287	0.000252
褉邪蟹斜褍褏邪褌褜	0.000282	2.659260	0.000751
褉邪蟹胁械褉薪褍褌褜	0.000282	0.116534	0.000033
褉邪蟹写械谢褜薪芯械	0.000282	0.116534	0.000033
褉邪蟹屑械褖邪褌褜	0.000282	2.302585	0.000650
褉邪蟹薪褘械	0.000282	0.116534	0.000033
褉邪蟹褉褘褏谢懈褌械谢褜	0.000564	1.237874	0.000699
褉邪蟹褉褟写邪	0.000282	2.525729	0.000713
褉邪褋泻邪褌褘胁邪褌褜褋褟	0.000282	2.659260	0.000751
褉邪褋褋屑邪褌褉懈胁邪褌褜	0.000282	2.659260	0.000751
褉邪褋褋芯谢褜薪懈泻	0.000847	0.040822	0.000035
褉邪褋褋芯谢褜薪懈泻邪	0.000564	0.116534	0.000066
褉邪褋褋褌芯泄泻懈	0.000282	2.659260	0.000751
褉邪褋褋褔懈褌邪薪	0.000282	2.302585	0.000650
褉邪褋褋褘谢泻懈	0.000282	0.061875	0.000017
褉邪褋褌懈褌械谢褜薪芯械	0.009314	0.235722	0.002196
褉邪褋褌褍褌	0.000282	3.912023	0.001104
褉械谐懈褋褌褉邪褑懈懈	0.000564	0.010050	0.000006
褉械谐懈褋褌褉邪褑懈褟	0.000282	0.000000	0.000000
褉械泄褌懈薪谐褍	0.000282	0.248461	0.000070
褉械泻芯屑械薪写褍褞	0.000282	1.049822	0.000296
褉械锌褔邪褌褘泄	0.002258	0.430783	0.000973
褉械褑械锌褌	0.007056	0.040822	0.000288
褉械褑械锌褌邪	0.000847	0.462035	0.000391
褉械褑械锌褌邪褏	0.000282	0.061875	0.000017
褉械褑械锌褌芯胁	0.001693	0.040822	0.000069
褉械褑械锌褌芯屑	0.000282	0.693147	0.000196
褉械褑械锌褌褘	0.020886	0.040822	0.000853
褉械褕懈谢邪	0.000564	0.820981	0.000463
褉械褕懈谢邪褋褜	0.000282	2.525729	0.000713
褉懈褋	0.001129	0.040822	0.000046
褉懈褋邪	0.000282	0.116534	0.000033
褉懈褋泻	0.000282	2.659260	0.000751
褉懈褌屑械	0.000282	0.116534	0.000033
褉芯谐邪谢懈泻懈	0.000282	0.040822	0.000012
褉芯写邪	0.000282	2.525729	0.000713
褉芯写薪芯械	0.000282	0.116534	0.000033
褉芯卸写械薪懈褟	0.000282	0.105361	0.000030
褉芯卸写械褋褌胁芯	0.000282	0.116534	0.000033
褉芯谢谢褌芯薪	0.000282	0.116534	0.000033
褉芯谢谢褘	0.000564	0.040822	0.000023
褉芯屑	0.000282	0.040822	0.000012
褉褍斜褉懈泻邪褌芯褉	0.000282	0.051293	0.000014
褉褍谐褍胁邪褔泻懈	0.000847	2.659260	0.002252
褉褍谢械褌	0.000282	0.040822	0.000012
褉褍谢械褌褘	0.002822	0.116534	0.000329
褉褍屑褘薪褋泻邪褟	0.000282	0.116534	0.000033
褉褍屑褟薪褘械	0.000282	0.116534	0.000033
褉褍屑褟薪褘褏	0.000282	2.659260	0.000751
褉褍薪械褌械	0.000282	0.020203	0.000006
褉褍褋褋泻邪褟	0.000282	0.116534	0.000033
褉褘斜邪	0.002540	0.040822	0.000104
褉褘斜械	0.000564	0.116534	0.000066
褉褘斜薪邪褟	0.000282	0.116534	0.000033
褉褘斜薪芯谐芯	0.000564	0.116534	0.000066
褉褘斜薪褘械	0.001129	0.116534	0.000132
褉褘斜薪褘泄	0.000564	0.116534	0.000066
褉褘斜薪褘褏	0.000282	0.116534	0.000033
褉褘斜芯泄	0.000564	0.116534	0.000066
褉褘斜褘	0.003387	0.116534	0.000395
褉褟卸械薪泻邪	0.000282	0.116534	0.000033
褋邪泄褌	0.000847	0.000000	0.000000
褋邪泄褌邪	0.000282	1.108663	0.000313
褋邪泄褌邪褏	0.000282	2.120264	0.000598
褋邪泄褌械	0.000564	0.462035	0.000261
褋邪泄褌褍	0.000564	0.061875	0.000035
褋邪谢邪褌	0.000282	0.094311	0.000027
褋邪谢邪褌薪邪褟	0.000282	0.116534	0.000033
褋邪谢邪褌褘	0.008750	0.040822	0.000357
褋邪屑芯谐芯薪	0.000282	0.040822	0.000012
褋邪屑芯谢械褌邪	0.000282	2.525729	0.000713
褋邪屑芯褋褌芯褟褌械谢褜薪芯械	0.000282	2.207275	0.000623
褋邪屑褘屑	0.000282	1.386294	0.000391
褋邪屑褘褏	0.000564	0.116534	0.000066
褋邪薪谐邪褉懈	0.000282	2.659260	0.000751
褋邪褎	0.000847	0.116534	0.000099
褋邪褎褋械屑	0.000282	0.116534	0.000033
褋邪褏邪褉	0.004516	0.116534	0.000526
褋斜懈褌械薪褜	0.000282	0.040822	0.000012
褋胁械卸械褋褌褜	0.000282	0.105361	0.000030
褋胁械卸懈屑懈	0.000282	2.525729	0.000713
褋胁械泻谢邪	0.000282	0.040822	0.000012
褋胁械泻芯谢褜薪懈泻	0.000564	0.040822	0.000023
褋胁械褌邪	0.001129	0.116534	0.000132
褋胁懈薪懈薪邪	0.000282	0.040822	0.000012
褋胁懈薪懈薪褘	0.001129	0.116534	0.000132
褋胁芯写懈屑	0.000282	2.659260	0.000751
褋胁芯械	0.000282	0.116534	0.000033
褋胁芯械谐芯	0.000282	1.897120	0.000535
褋胁芯械屑	0.000282	0.040822	0.000012
褋胁芯懈屑	0.000282	0.040822	0.000012
褋胁芯褞	0.000282	0.040822	0.000012
褋谐褍褖械薪泻邪	0.000282	0.040822	0.000012
褋写械谢邪褌褜	0.000282	1.021651	0.000288
褋写械谢邪褞	0.000282	2.659260	0.000751
褋械蟹芯薪	0.000282	0.116534	0.000033
褋械泄	0.000282	2.995732	0.000846
褋械泄褔邪褋	0.000282	0.030459	0.000009
褋械泻褉械褌褘	0.000564	0.116534	0.000066
褋械泻褍薪写	0.000564	2.995732	0.001691
褋械谢械写泻邪	0.000282	0.040822	0.000012
褋械屑谐邪	0.000282	0.040822	0.000012
褋械屑械泄薪褘泄	0.000282	0.116534	0.000033
褋械屑褜械	0.000282	1.309333	0.000370
褋械屑褜懈	0.000282	0.116534	0.000033
褋懈谐邪褉褘	0.000282	2.525729	0.000713
褋懈写褉	0.000282	0.040822	0.000012
褋懈褉懈泄褋泻邪褟	0.000282	0.116534	0.000033
褋懈褉芯锌	0.000282	0.040822	0.000012
褋懈褉芯锌褘	0.000282	0.116534	0.000033
褋懈褋褌械屑褘	0.000282	0.040822	0.000012
褋懈褌懈	0.000282	0.127833	0.000036
褋泻邪蟹邪褌褜	0.000847	0.653926	0.000554
褋泻邪蟹芯泻	0.000282	0.116534	0.000033
褋泻芯胁芯褉芯写泻褍	0.000282	2.407946	0.000680
褋谢邪写泻邪褟	0.000564	0.116534	0.000066
褋谢邪写泻懈械	0.001693	0.040822	0.000069
褋谢邪写泻懈泄	0.002540	0.105361	0.000268
褋谢邪写泻懈褏	0.000564	0.116534	0.000066
褋谢邪写泻芯	0.000282	0.116534	0.000033
褋谢械写懈褌褜	0.000282	2.659260	0.000751
褋谢懈胁芯褔薪芯谐芯	0.000282	1.771957	0.000500
褋谢懈胁芯褔薪芯械	0.000847	0.116534	0.000099
褋谢懈褕泻芯屑	0.000282	2.120264	0.000598
褋谢芯械薪芯谐芯	0.000282	0.127833	0.000036
褋谢芯械薪芯械	0.000282	0.116534	0.000033
褋谢芯械薪褘泄	0.000282	0.116534	0.000033
褋谢芯泄泻邪	0.000282	0.040822	0.000012
褋谢芯泄泻懈	0.000282	0.116534	0.000033
褋谢褍褔邪械	0.000282	1.897120	0.000535
褋屑	0.000282	2.040221	0.000576
褋屑械谢芯	0.000282	2.120264	0.000598
褋屑械褌邪薪邪	0.001411	0.105361	0.000149
褋屑械褕邪薪薪芯谐芯	0.000282	0.116534	0.000033
褋屑芯卸械褌械	0.000282	0.040822	0.000012
褋屑褍蟹懈	0.000847	0.040822	0.000035
褋屑褍褖邪褞褌	0.000282	2.995732	0.000846
褋薪褝泻	0.000282	0.116534	0.000033
褋芯斜邪泻芯泄	0.000282	2.659260	0.000751
褋芯斜懈褉邪械褌械褋褜	0.000282	0.040822	0.000012
褋芯斜懈褉邪谢邪褋褜	0.000282	2.525729	0.000713
褋芯胁械褉褕械薪褋褌胁芯	0.001411	0.116534	0.000164
褋芯胁械褌邪屑懈	0.000282	0.040822	0.000012
褋芯胁械褌褍	0.000282	2.995732	0.000846
褋芯胁械褌褍褞	0.000282	1.139434	0.000322
褋芯胁褋械屑	0.000282	1.139434	0.000322
褋芯谐谢邪褋薪芯	0.000282	2.302585	0.000650
褋芯谐谢邪褕邪械褌械褋褜	0.000282	0.040822	0.000012
褋芯写邪	0.001129	0.967584	0.001092
褋芯械胁褘泄	0.000564	0.798508	0.000451
褋芯蟹写邪械褌	0.000282	0.116534	0.000033
褋芯蟹写邪薪懈褟	0.000564	0.261365	0.000148
褋芯泻	0.000847	0.116534	0.000099
褋芯泻邪	0.000282	0.105361	0.000030
褋芯泻懈	0.000282	0.040822	0.000012
褋芯谢械薪褘械	0.000847	0.116534	0.000099
褋芯谢械薪褜褟	0.000564	0.116534	0.000066
褋芯谢薪械褔薪芯泄	0.000282	0.127833	0.000036
褋芯谢褜	0.006774	0.150823	0.001022
褋芯谢褟薪泻邪	0.000564	0.040822	0.000023
褋芯褉褌懈褉芯胁邪褌褜	0.000282	0.248461	0.000070
褋芯褋褌邪胁	0.000282	1.897120	0.000535
褋芯褋褌邪胁械	0.000282	2.407946	0.000680
褋芯褋褌邪胁褜	0.000282	0.116534	0.000033
褋芯褍褋	0.003105	0.040822	0.000127
褋芯褍褋芯屑	0.001411	0.116534	0.000164
褋芯褍褋褘	0.001411	0.116534	0.000164
褋芯褏褉邪薪褟褌褜	0.000282	0.040822	0.000012
褋芯褑褋械褌懈	0.000282	0.040822	0.000012
褋芯褔械褌邪薪懈械	0.000282	0.116534	0.000033
褋芯褔薪芯械	0.000282	0.116534	0.000033
褋锌邪谢褜薪褟屑懈	0.000282	0.446287	0.000126
褋锌邪褋懈斜芯	0.000564	0.673345	0.000380
褋锌械褑懈邪谢褜薪芯械	0.000282	0.116534	0.000033
褋锌械褑懈懈	0.000847	0.105361	0.000089
褋锌械褑锌褉芯械泻褌	0.009314	0.116534	0.001085
褋锌械褕褍	0.000282	2.040221	0.000576
褋锌懈褋芯泻	0.000282	0.116534	0.000033
褋锌芯褋芯斜	0.000282	1.427116	0.000403
褋锌芯褋芯斜械	0.000282	2.525729	0.000713
褋锌芯褞	0.000282	0.116534	0.000033
褋褉邪蟹褍	0.000282	0.733969	0.000207
褋褉械写懈蟹械屑薪芯屑芯褉褋泻邪褟	0.000282	0.127833	0.000036
褋褉芯褔薪芯	0.000282	3.218876	0.000909
褋褌邪褉褘械	0.000282	0.261365	0.000074
褋褌邪褌褜褟褏	0.000282	0.061875	0.000017
褋褌懈谢械	0.000282	0.116534	0.000033
褋褌懈谢褟	0.000282	0.116534	0.000033
褋褌芯谢	0.000847	0.105361	0.000089
褋褌芯谢邪	0.001693	0.116534	0.000197
褋褌褉邪薪薪芯	0.000282	2.659260	0.000751
褋褌褉芯懈褌械谢褜褋褌胁械	0.000282	0.040822	0.000012
褋褌褉芯懈褌械谢褜褋褌胁褍	0.000282	0.040822	0.000012
褋褌褉芯懈褌褜	0.000282	0.040822	0.000012
褋褌褉芯泄薪芯泄	0.000282	0.116534	0.000033
褋褌褉褍泄泻芯泄	0.000282	2.995732	0.000846
褋褍斜锌褉芯写褍泻褌芯胁	0.001976	0.116534	0.000230
褋褍斜锌褉芯写褍泻褌褘	0.000847	0.116534	0.000099
褋褍写	0.000282	2.525729	0.000713
褋褍屑邪褋褕械写褕懈泄	0.000282	2.207275	0.000623
褋褍锌	0.002822	0.040822	0.000115
褋褍锌邪	0.000282	0.040822	0.000012
褋褍锌褘	0.002540	0.040822	0.000104
褋褍褌泻懈	0.000282	2.120264	0.000598
褋褍褌芯泻	0.000282	2.525729	0.000713
褋褍褎谢械	0.000847	0.040822	0.000035
褋褍褏邪褉懈	0.000282	0.040822	0.000012
褋褍褕懈	0.000564	0.040822	0.000023
褋褕邪	0.000282	2.813411	0.000794
褋褘褉	0.003105	0.040822	0.000127
褋褘褉邪	0.001411	0.116534	0.000164
褋褘褉邪屑懈	0.000282	0.127833	0.000036
褋褘褉薪懈泻	0.000282	0.040822	0.000012
褋褘褉薪懈泻懈	0.001129	0.116534	0.000132
褋褘褉薪褘械	0.001129	0.040822	0.000046
褋褘褉褘械	0.000282	2.995732	0.000846
褋褘褌薪褘泄	0.000564	0.105361	0.000059
褋褘褔褍卸薪褘屑懈	0.000282	0.127833	0.000036
褋褝薪写胁懈褔懈	0.000282	0.127833	0.000036
褋褞褉锌褉懈蟹	0.000282	0.116534	0.000033
褌邪写卸懈泻褋泻邪褟	0.000282	0.116534	0.000033
褌邪泄褋泻邪褟	0.000282	0.116534	0.000033
褌邪泻懈	0.000282	1.237874	0.000349
褌邪泻芯谐芯	0.000282	1.078810	0.000304
褌邪泻芯屑	0.000282	1.897120	0.000535
褌邪泻褍褞	0.000282	1.427116	0.000403
褌邪褉械谢泻械	0.000282	1.897120	0.000535
褌邪褉褌	0.000282	0.116534	0.000033
褌邪褉褌邪谢械褌泻懈	0.000564	0.040822	0.000023
褌邪褌邪褉褋泻邪褟	0.000282	0.116534	0.000033
褌胁械褉写褘泄	0.001693	0.562119	0.000952
褌胁芯懈	0.000564	0.116534	0.000066
褌胁芯褉懈	0.000282	0.116534	0.000033
褌胁芯褉芯谐	0.001129	0.040822	0.000046
褌胁芯褉芯谐邪	0.000282	1.897120	0.000535
褌胁芯褉芯谐芯屑	0.000282	0.105361	0.000030
褌胁芯褉芯卸薪芯械	0.000282	0.116534	0.000033
褌胁芯褉芯卸薪褘械	0.000564	0.116534	0.000066
褌胁芯褉芯卸薪褘泄	0.000282	0.116534	0.000033
褌械谢械谐褉邪屑	0.000282	0.040822	0.000012
褌械谢褟褌懈薪褘	0.001129	0.116534	0.000132
褌械屑	0.000564	0.967584	0.000546
褌械锌械褉褜	0.000564	0.916291	0.000517
褌械锌谢芯屑	0.000282	0.116534	0.000033
褌械褉褉邪褋芯泄	0.000282	0.798508	0.000225
褌械褉褉懈薪	0.000282	0.040822	0.000012
褌械褋褌	0.001411	0.127833	0.000180
褌械褋褌邪	0.004798	0.105361	0.000506
褌械褋褌芯	0.005080	0.040822	0.000207
褌械褋褌芯屑	0.000282	2.302585	0.000650
褌械褏薪懈泻邪	0.001411	0.105361	0.000149
褌械褏薪芯谢芯谐懈懈	0.000282	2.407946	0.000680
褌械褖懈薪	0.000282	0.040822	0.000012
褌屑	0.001129	0.127833	0.000144
褌芯屑	0.000282	1.171183	0.000331
褌芯薪泻懈屑懈	0.000282	2.659260	0.000751
褌芯薪泻芯	0.000282	2.407946	0.000680
褌芯薪泻芯谐芯	0.000564	2.302585	0.001300
褌芯薪泻芯泄	0.000282	2.302585	0.000650
褌芯锌谢械薪芯械	0.000282	0.116534	0.000033
褌芯褉褌	0.003669	0.040822	0.000150
褌芯褉褌褘	0.002822	0.116534	0.000329
褌褉邪胁褘	0.000282	0.105361	0.000030
褌褉邪写懈褑懈懈	0.000282	0.116534	0.000033
褌褉邪写懈褑懈泄	0.001129	0.116534	0.000132
褌褉邪写懈褑懈芯薪薪褘械	0.000282	2.525729	0.000713
褌褉邪写懈褑懈褟褏	0.000282	0.116534	0.000033
褌褉械斜芯胁邪薪懈褟屑	0.000282	2.659260	0.000751
褌褉械斜褍械褌褋褟	0.000282	2.302585	0.000650
褌褉械褏谢械褌懈械屑	0.000282	0.116534	0.000033
褌褉褍斜芯褔泻懈	0.000282	0.040822	0.000012
褌褍薪懈褋褋泻邪褟	0.000282	0.116534	0.000033
褌褍薪褑芯屑	0.000282	0.116534	0.000033
褌褍褉械褑泻邪褟	0.000282	0.116534	0.000033
褌褘泻胁邪	0.000282	0.040822	0.000012
褌褟卸械谢芯	0.000282	2.995732	0.000846
褍胁械写芯屑谢械薪懈褟	0.000282	0.040822	0.000012
褍胁械褉械薪邪	0.000564	1.272966	0.000719
褍谐芯褖邪泄褌械褋褜	0.000282	1.021651	0.000288
褍写邪谢褞	0.000282	1.771957	0.000500
褍写邪褔薪邪褟	0.000282	0.116534	0.000033
褍写懈胁懈	0.000282	0.116534	0.000033
褍写懈胁谢褟泄褌械	0.001129	0.116534	0.000132
褍写芯胁谢械褌胁芯褉褟械褌	0.000282	2.659260	0.000751
褍写芯胁芯谢褜褋褌胁懈械屑	0.000282	0.116534	0.000033
褍卸	0.000847	0.693147	0.000587
褍卸懈薪	0.001976	0.094311	0.000186
褍蟹斜械泻褋泻邪褟	0.000282	0.116534	0.000033
褍泻褉邪懈薪褋泻邪褟	0.000282	0.116534	0.000033
褍泻褉邪褋懈褌	0.000282	1.560648	0.000440
褍泻褉邪褕械薪懈褟	0.002258	0.116534	0.000263
褍泻褉芯锌	0.001129	0.562119	0.000635
褍泻褋褍褋	0.001129	0.634878	0.000717
褍锌芯褌褉械斜谢械薪懈械屑	0.000282	0.116534	0.000033
褍褉邪谢褜褋泻邪褟	0.000282	0.116534	0.000033
褍褉芯卸邪泄	0.000282	0.105361	0.000030
褍褌泻懈	0.000847	0.116534	0.000099
褍褌芯褔薪褟褞	0.000282	2.995732	0.000846
褍褌褉芯屑	0.000282	2.207275	0.000623
褍褏邪	0.000282	0.040822	0.000012
褍褔邪褋褌胁芯胁邪褌褜	0.000282	0.040822	0.000012
褍褔邪褋褌泻邪褏	0.000282	3.912023	0.001104
褍褕谢芯	0.000282	2.302585	0.000650
褎邪蟹械薪写褘	0.000282	0.127833	0.000036
褎邪薪褌邪蟹懈懈	0.001693	0.116534	0.000197
褎邪薪褌邪蟹懈泄	0.000282	0.116534	0.000033
褎邪薪褌邪蟹懈褟	0.000282	0.116534	0.000033
褎邪褉褕邪	0.003669	0.040822	0.000150
褎邪褉褕懈褉芯胁邪薪薪邪褟	0.000564	0.116534	0.000066
褎邪褉褕懈褉芯胁邪薪薪芯械	0.000282	0.116534	0.000033
褎邪褉褕懈褉芯胁邪薪薪褘械	0.000564	0.040822	0.000023
褎邪褉褕懈褉芯胁邪薪薪褘泄	0.000282	0.040822	0.000012
褎邪褋芯谢褜	0.000282	0.040822	0.000012
褎械胁褉邪谢褟	0.000564	0.105361	0.000059
褎械泄械褉胁械褉泻	0.000564	0.116534	0.000066
褎懈谐褍褉械	0.000282	0.116534	0.000033
褎懈谢械	0.000847	0.916291	0.000776
褎懈薪褋泻邪褟	0.000282	0.116534	0.000033
褎懈褉屑械薪薪芯械	0.000282	0.116534	0.000033
褎芯薪写褞	0.000282	0.040822	0.000012
褎芯褉屑褍	0.000282	1.832581	0.000517
褎芯褉屑褘	0.000282	0.116534	0.000033
褎芯褉褍屑械	0.000564	0.040822	0.000023
褎芯褉褕屑邪泻	0.000282	0.040822	0.000012
褎褉邪薪褑懈懈	0.000282	0.116534	0.000033
褎褉邪薪褑褍蟹褋泻邪褟	0.000282	0.116534	0.000033
褎褉邪褍	0.001129	0.116534	0.000132
褎褉褍泻褌芯胁	0.001129	0.116534	0.000132
褎褉褍泻褌芯胁芯	0.000282	0.116534	0.000033
褎褉褍泻褌芯胁褘械	0.001976	0.040822	0.000081
褎褍写	0.000282	0.116534	0.000033
褎褍褉褕械褌	0.000282	0.116534	0.000033
褏邪谢胁邪	0.000282	0.040822	0.000012
褏邪褉邪泻褌械褉懈褋褌懈泻邪屑懈	0.000282	2.659260	0.000751
褏邪褉胁械褋褌褎械褋褌	0.000564	0.116534	0.000066
褏邪褉褔芯	0.000564	0.040822	0.000023
褏邪褔邪锌褍褉懈	0.000564	2.407946	0.001359
褏邪褕	0.000282	0.040822	0.000012
褏胁芯褉芯褋褌	0.000282	0.040822	0.000012
褏懈薪泻邪谢懈	0.000282	0.116534	0.000033
褏懈褌	0.001976	0.116534	0.000230
褏懈褌褉芯褋褌懈	0.000282	2.659260	0.000751
褏谢械斜	0.000847	0.040822	0.000035
褏谢械斜芯锌械褔泻懈	0.000282	0.116534	0.000033
褏谢芯锌褜褟	0.000564	0.105361	0.000059
褏芯蟹褟泄泻邪	0.000282	1.897120	0.000535
褏芯蟹褟泄泻懈	0.000282	0.127833	0.000036
褏芯谢芯写械褑	0.000282	0.040822	0.000012
褏芯谢芯写懈谢褜薪懈泻	0.000564	2.407946	0.001359
褏芯谢芯写薪褘械	0.000564	0.116534	0.000066
褏芯谢芯写薪褘泄	0.000564	0.116534	0.000066
褏芯褉胁邪褌褋泻邪褟	0.000282	0.116534	0.000033
褏芯褉芯褕械械	0.000282	2.525729	0.000713
褏芯褉芯褕懈泄	0.000282	1.966113	0.000555
褏芯褉芯褕芯	0.001976	0.105361	0.000208
褏芯褉褋	0.000282	0.116534	0.000033
褏芯褌懈褌械	0.000282	0.040822	0.000012
褏芯褔褍	0.000282	0.562119	0.000159
褏褉褍褋褌褟褖械谐芯	0.000282	2.407946	0.000680
褏褍屑褍褋	0.000282	0.040822	0.000012
褑邪褉褋褌胁芯	0.000282	0.127833	0.000036
褑邪褉褜	0.000282	0.116534	0.000033
褑胁械褌薪邪褟	0.000282	0.040822	0.000012
褑械薪薪褘褏	0.000282	0.040822	0.000012
褑械薪褌褉	0.000282	0.116534	0.000033
褑械褏械	0.000282	2.525729	0.000713
褑懈褌邪褌薪懈泻	0.000282	2.995732	0.000846
褔邪械屑	0.000564	0.116534	0.000066
褔邪泄	0.000847	0.040822	0.000035
褔邪褋邪	0.000564	1.514128	0.000855
褔械斜褍褉械泻懈	0.000847	0.040822	0.000035
褔械斜褍褉械泻芯胁	0.000564	2.659260	0.001501
褔械屑褍	0.000282	2.407946	0.000680
褔械褉泻懈蟹芯胁芯	0.000564	0.116534	0.000066
褔械褉薪褘泄	0.001129	0.371064	0.000419
褔械褋薪芯泻	0.000564	0.314711	0.000178
褔械褋褌薪芯	0.000282	1.203973	0.000340
褔械褋褌薪褘屑懈	0.000282	0.040822	0.000012
褔械褔械胁懈褑邪	0.000282	0.040822	0.000012
褔械褕褋泻邪褟	0.000282	0.116534	0.000033
褔懈蟹泻械泄泻	0.001129	0.040822	0.000046
褔懈谢懈泄褋泻邪褟	0.000282	0.116534	0.000033
褔懈锌褋褘	0.000282	0.040822	0.000012
褔懈褋谢褍	0.000282	0.261365	0.000074
褔褍写械褋	0.000282	0.116534	0.000033
褔褍写芯	0.000282	1.309333	0.000370
褕邪褉懈泻懈	0.000282	0.040822	0.000012
褕邪褉谢芯褌泻邪	0.000282	0.040822	0.000012
褕邪褉谢芯褌泻懈	0.000282	0.127833	0.000036
褕邪褉屑	0.000282	0.116534	0.000033
褕邪褕谢褘泻	0.003387	0.040822	0.000138
褕邪褕谢褘泻懈	0.000282	0.040822	0.000012
褕胁械写褋泻邪褟	0.000282	0.116534	0.000033
褕胁械泄褑邪褉褋泻邪褟	0.000282	0.116534	0.000033
褕械写械胁褉褘	0.000282	0.116534	0.000033
褕械褎	0.000282	0.127833	0.000036
褕懈锌褍褔泻邪	0.000282	0.040822	0.000012
褕懈褉芯泻邪褟	0.000282	0.127833	0.000036
褕泻芯谢褍	0.000282	0.116534	0.000033
褕芯泻芯谢邪写	0.000847	0.040822	0.000035
褕芯泻芯谢邪写薪褘泄	0.000282	1.660731	0.000469
褕芯褌谢邪薪写褋泻邪褟	0.000282	0.116534	0.000033
褕褌褉褍写械谢褜	0.000282	0.040822	0.000012
褕褍褉锌邪	0.000282	0.040822	0.000012
褖邪褋	0.000282	0.116534	0.000033
褖械写褉邪褟	0.000282	0.116534	0.000033
褖懈	0.000564	0.040822	0.000023
褝泻芯屑懈谢泻	0.000282	0.127833	0.000036
褝泻芯薪芯屑懈褌	0.000282	3.506558	0.000990
褝谢谢懈褋邪	0.000282	2.407946	0.000680
褝褉泻械褉芯屑	0.000282	2.040221	0.000576
褝褋褌芯薪褋泻邪褟	0.000282	0.116534	0.000033
褝褌懈屑	0.000282	1.108663	0.000313
褝褌芯谐芯	0.000282	0.415515	0.000117
褝褌芯屑	0.000282	0.843970	0.000238
褞谐芯褋谢邪胁褋泻邪褟	0.000282	0.116534	0.000033
褞谢懈懈	0.000282	2.525729	0.000713
褞谢懈褟	0.000282	2.813411	0.000794
褟谐芯写薪褘械	0.000564	0.116534	0.000066
褟谐芯写薪褘泄	0.000564	0.116534	0.000066
褟蟹褘泻	0.000282	0.040822	0.000012
褟懈褑	0.001411	0.116534	0.000164
褟泄褑	0.000282	2.995732	0.000846
褟泄褑邪	0.000564	0.040822	0.000023
褟泄褑芯	0.004516	0.261365	0.001180
褟薪写械泻褋	0.000282	0.072571	0.000020
褟锌芯薪褋泻邪褟	0.000282	0.116534	0.000033
褟锌芯薪褋泻芯泄	0.000282	0.061875	0.000017
褟褉泻懈械	0.000282	0.116534	0.000033
褟褉泻芯	0.000282	0.105361	0.000030
