褌芯泻械薪	TF	IDF	TF-IDF
邪斜褏邪蟹褋泻邪褟	0.000573	0.116534	0.000067
邪斜褏邪蟹褋泻芯谐芯	0.000287	3.912023	0.001122
邪胁谐褍褋褌邪	0.000287	0.867501	0.000249
邪胁褋褌褉邪谢懈泄褋泻邪褟	0.000287	0.116534	0.000033
邪胁褋褌褉懈泄褋泻邪褟	0.000287	0.116534	0.000033
邪胁褌芯泻谢邪胁邪	0.000287	0.116534	0.000033
邪胁褌芯褉邪屑	0.000287	0.040822	0.000012
邪谐褉芯	0.000287	0.116534	0.000033
邪写邪锌褌懈褉芯胁邪薪薪褘泄	0.000287	3.912023	0.001122
邪写卸懈泻邪	0.000860	0.040822	0.000035
邪写卸懈泻懈	0.000287	3.912023	0.001122
邪蟹械褉斜邪泄写卸邪薪褋泻邪褟	0.000287	0.116534	0.000033
邪蟹懈邪褌褋泻邪褟	0.000287	0.127833	0.000037
邪蟹褘	0.000287	0.127833	0.000037
邪泄褉邪薪	0.000287	0.040822	0.000012
邪泻胁邪褌懈泻邪	0.000860	0.127833	0.000110
邪谢械泻褋械褟	0.000287	0.127833	0.000037
邪谢泻芯谐芯谢褜	0.000573	0.116534	0.000067
邪谢泻芯谐芯谢褜薪褘械	0.000287	0.116534	0.000033
邪谢泻芯谐芯谢褟	0.000287	0.116534	0.000033
邪谢褜褟薪褋	0.000287	0.116534	0.000033
邪屑械褉懈泻邪薪褋泻邪褟	0.000287	0.116534	0.000033
邪薪谐谢懈泄褋泻邪褟	0.000287	0.116534	0.000033
邪薪写褉械褟	0.000287	0.127833	0.000037
邪锌锌械褌懈褌薪芯	0.000287	3.506558	0.001005
邪褉邪斜褋泻邪褟	0.000287	0.116534	0.000033
邪褉邪褏懈褋	0.001147	2.995732	0.003435
邪褉谐械薪褌懈薪褋泻邪褟	0.000287	0.116534	0.000033
邪褉屑褟薪褋泻邪褟	0.000287	0.116534	0.000033
邪褉芯屑邪褌	0.000287	1.660731	0.000476
邪褉芯屑邪褌芯屑	0.000287	1.514128	0.000434
邪褋褋芯褉褌懈	0.000573	0.116534	0.000067
邪褌谢邪薪褌	0.000287	0.127833	0.000037
邪褎谐邪薪褋泻邪褟	0.000287	0.116534	0.000033
邪褎褉懈泻邪薪褋泻邪褟	0.000287	0.116534	0.000033
邪褝褉芯谐褉懈谢械	0.002867	0.116534	0.000334
斜邪写褜褟薪	0.000573	3.218876	0.001846
斜邪蟹懈谢懈泻	0.001147	1.609438	0.001846
斜邪泻谢邪卸邪薪	0.001147	2.207275	0.002531
斜邪泻谢邪卸邪薪芯胁	0.000287	2.659260	0.000762
斜邪泻谢邪卸邪薪褘	0.001147	0.040822	0.000047
斜邪谢褌泻芯屑	0.000287	0.127833	0.000037
斜邪薪邪谢褜薪芯械	0.000287	3.506558	0.001005
斜邪褉邪薪懈薪褘	0.001147	0.116534	0.000134
斜邪褋屑邪褌懈	0.000573	0.127833	0.000073
斜邪褋褌褍褉屑邪	0.000573	0.040822	0.000023
斜邪褋褌褍褉屑芯泄	0.000287	4.605170	0.001320
斜邪褋褌褍褉屑褍	0.000287	4.605170	0.001320
斜邪褌芯薪褔懈泻懈	0.000287	0.127833	0.000037
斜邪褕泻懈褉褋泻邪褟	0.000287	0.116534	0.000033
斜械蟹邪谢泻芯谐芯谢褜薪褘械	0.000287	0.116534	0.000033
斜械蟹谐谢褞褌械薪芯胁褘械	0.000287	0.116534	0.000033
斜械蟹械	0.001147	0.040822	0.000047
斜械谢械斜械械胁褋泻懈泄	0.000573	0.116534	0.000067
斜械谢芯械	0.000573	2.407946	0.001381
斜械谢芯泻芯褔邪薪薪邪褟	0.001147	0.994252	0.001140
斜械谢芯褉褍褋褋泻邪褟	0.000287	0.116534	0.000033
斜械谢褜谐懈泄褋泻邪褟	0.000287	0.116534	0.000033
斜械褉械屑械薪薪褘褏	0.000287	0.116534	0.000033
斜械褋械写懈薪邪	0.000287	0.127833	0.000037
斜懈褋泻胁懈褌	0.000287	0.040822	0.000012
斜懈褋泻胁懈褌薪芯械	0.000573	0.116534	0.000067
斜懈褋泻胁懈褌薪褘泄	0.000287	0.105361	0.000030
斜懈褋泻胁懈褌褘	0.000287	0.127833	0.000037
斜谢邪谐芯写邪褉薪邪	0.000287	1.660731	0.000476
斜谢懈卸械	0.000287	0.116534	0.000033
斜谢懈蟹泻懈褏	0.000287	0.116534	0.000033
斜谢懈薪芯胁	0.000573	0.116534	0.000067
斜谢懈薪褘	0.001147	0.040822	0.000047
斜谢懈褋褌邪褌械谢褜薪褘褏	0.000287	3.912023	0.001122
斜谢褞写	0.000860	0.094311	0.000081
斜谢褞写邪	0.030390	0.040822	0.001241
斜谢褞写械	0.000287	2.302585	0.000660
斜谢褞写芯	0.002007	0.040822	0.000082
斜谢褞写褍	0.000287	0.116534	0.000033
斜芯斜芯胁褘械	0.000573	0.127833	0.000073
斜芯斜芯胁褘褏	0.002294	0.116534	0.000267
斜芯谢谐邪褉褋泻邪褟	0.000287	0.116534	0.000033
斜芯谢谐邪褉褋泻懈泄	0.001147	0.843970	0.000968
斜芯谢褜薪芯	0.000287	1.966113	0.000564
斜芯谢褜褕械	0.000573	0.105361	0.000060
斜芯褉褖	0.000573	0.040822	0.000023
斜芯褉褖懈	0.000287	3.506558	0.001005
斜芯褌胁懈薪褜褟	0.000287	0.040822	0.000012
斜褉邪蟹懈谢褜褋泻邪褟	0.000287	0.116534	0.000033
斜褉邪褍蟹械褉械	0.000287	0.040822	0.000012
斜褉邪褍薪懈	0.000287	0.040822	0.000012
斜褉械褋褌	0.000287	0.127833	0.000037
斜褉芯泻泻芯谢懈	0.000287	0.040822	0.000012
斜褍卸械薪懈薪邪	0.000287	0.040822	0.000012
斜褍泻胁邪谢褜薪芯	0.000287	2.407946	0.000690
斜褍谢芯褔泻邪屑懈	0.000287	0.116534	0.000033
斜褍谢芯褔泻懈	0.000573	0.040822	0.000023
斜褍谢褜芯薪	0.002007	0.040822	0.000082
斜褍谢褜芯薪褘	0.001433	0.116534	0.000167
斜褍褉谐械褉	0.000287	0.040822	0.000012
斜褍褉谐械褉褘	0.000287	0.127833	0.000037
斜褍褉褟褌褋泻邪褟	0.000287	0.116534	0.000033
斜褍褌械褉斜褉芯写	0.000573	0.116534	0.000067
斜褍褌械褉斜褉芯写褘	0.000573	0.040822	0.000023
斜褘褋褌褉芯	0.000860	0.094311	0.000081
斜褘褋褌褉芯泄	0.000287	0.116534	0.000033
斜褘褋褌褉褘泄	0.000573	0.105361	0.000060
胁邪卸薪褘械	0.000287	0.116534	0.000033
胁邪谢谢懈泄褋泻邪褟	0.000287	0.116534	0.000033
胁邪屑懈	0.000287	0.843970	0.000242
胁邪褉械薪懈泻懈	0.000287	0.116534	0.000033
胁邪褉械薪褜械	0.000573	0.040822	0.000023
胁邪褉懈邪薪褌芯胁	0.000287	2.120264	0.000608
胁邪褌褉褍褕泻懈	0.000287	0.040822	0.000012
胁邪褎谢懈	0.000573	0.040822	0.000023
胁邪褕械泄	0.000573	0.040822	0.000023
胁胁芯写褟	0.000287	0.040822	0.000012
胁写芯褏薪芯胁械薪懈械	0.001147	0.116534	0.000134
胁写芯褏薪芯胁械薪懈械屑	0.000573	0.116534	0.000067
胁写芯褏薪芯胁谢褟泄褋褟	0.000287	0.116534	0.000033
胁械谐械褌邪褉懈邪薪褋泻懈械	0.000287	0.127833	0.000037
胁械谐械褌邪褉懈邪薪褋泻芯械	0.000287	0.116534	0.000033
胁械谢懈泻懈泄	0.000287	0.116534	0.000033
胁械薪谐械褉褋泻邪褟	0.000287	0.116534	0.000033
胁械薪械褉懈泻	0.000573	2.120264	0.001216
胁械褉薪械械	0.000287	2.995732	0.000859
胁械褉褋懈褞	0.000287	3.218876	0.000923
胁械褋械薪薪懈械	0.000287	0.051293	0.000015
胁械褋薪邪	0.001433	0.116534	0.000167
胁械褋薪褘	0.000287	0.116534	0.000033
胁械褋褢谢芯械	0.000287	3.218876	0.000923
胁械褌褔懈薪褘	0.000287	0.105361	0.000030
胁械褔械褉芯屑	0.000573	2.407946	0.001381
胁蟹褉褘胁	0.000287	2.995732	0.000859
胁蟹褟褌邪	0.000287	3.912023	0.001122
胁懈写械	0.000287	1.171183	0.000336
胁懈写械芯	0.000573	0.116534	0.000067
胁懈写械芯褉械褑械锌褌褘	0.000287	0.301105	0.000086
胁懈薪芯	0.001147	0.040822	0.000047
胁泻谢褞褔邪褞褖懈褏	0.000287	0.634878	0.000182
胁泻褍褋	0.001147	0.105361	0.000121
胁泻褍褋邪	0.002867	0.116534	0.000334
胁泻褍褋薪邪褟	0.001147	0.061875	0.000071
胁泻褍褋薪械械	0.000573	0.116534	0.000067
胁泻褍褋薪械泄	0.000287	0.116534	0.000033
胁泻褍褋薪芯	0.001147	0.094311	0.000108
胁泻褍褋薪芯械	0.000287	0.994252	0.000285
胁泻褍褋薪褘械	0.000860	0.105361	0.000091
胁泻褍褋芯屑	0.000860	0.105361	0.000091
胁谢褞斜谢械薪薪褘褏	0.000287	0.116534	0.000033
胁薪邪褔邪谢械	0.001147	0.248461	0.000285
胁芯	0.000287	0.061875	0.000018
胁芯斜褖械屑	0.000287	4.605170	0.001320
胁芯写邪	0.002867	0.287682	0.000825
胁芯写械	0.000287	0.105361	0.000030
胁芯泄褌懈	0.000287	0.000000	0.000000
胁芯谢芯胁邪薪褘	0.000287	0.116534	0.000033
胁芯谢褕械斜薪褘械	0.000287	0.116534	0.000033
胁芯谢褕械斜褋褌胁芯	0.000287	0.116534	0.000033
胁芯锌褉芯褋褘	0.000287	0.000000	0.000000
胁芯褋褌芯褔薪邪褟	0.000287	0.127833	0.000037
胁褉械屑械薪邪	0.000287	0.116534	0.000033
胁褉械屑械薪械屑	0.001720	0.116534	0.000200
胁褉械屑械薪懈	0.000287	0.967584	0.000277
胁褉械屑褟	0.000287	0.400478	0.000115
胁褋械谐写邪	0.000860	0.653926	0.000562
胁褋械谐芯	0.000573	0.186330	0.000107
胁褋械泄	0.001147	0.105361	0.000121
胁褋械屑褍	0.000287	0.061875	0.000018
胁褋锌芯屑懈薪邪褟	0.000287	3.912023	0.001122
胁褋锌芯屑薪懈褌褜	0.000287	0.040822	0.000012
胁褋褞	0.000287	1.966113	0.000564
胁褋褟泻懈褏	0.000287	3.218876	0.000923
胁褌芯褉芯械	0.000287	0.116534	0.000033
胁褌芯褉褘械	0.000287	0.127833	0.000037
胁褏芯写	0.000860	0.030459	0.000026
胁褘泄褌懈	0.000287	0.040822	0.000012
胁褘锌械褔泻邪	0.003440	0.040822	0.000140
胁褘锌械褔泻懈	0.000573	0.072571	0.000042
胁褘锌械褔泻芯泄	0.000287	0.116534	0.000033
胁褜械褌薪邪屑褋泻邪褟	0.000287	0.116534	0.000033
胁褟谢械薪芯械	0.000287	3.506558	0.001005
谐邪胁邪泄褋泻邪褟	0.000287	0.116534	0.000033
谐邪蟹械褌械	0.000287	2.302585	0.000660
谐邪褉邪卸芯屑	0.000287	1.078810	0.000309
谐邪褉薪懈褉	0.001433	0.040822	0.000059
谐邪褋锌邪褔芯	0.000287	0.040822	0.000012
谐胁芯蟹写懈泻邪	0.000573	2.302585	0.001320
谐械芯谐褉邪褎懈褟	0.000287	0.116534	0.000033
谐谢邪胁薪芯械	0.000287	1.139434	0.000327
谐谢邪胁薪褍褞	0.000287	4.605170	0.001320
谐谢邪胁薪褘泄	0.000287	0.040822	0.000012
谐谢邪蟹褍褉褜	0.000860	0.040822	0.000035
谐谢懈薪褌胁械泄薪	0.000287	0.040822	0.000012
谐芯胁芯褉懈褌褜	0.000287	2.659260	0.000762
谐芯胁褟写懈薪褘	0.001433	0.116534	0.000167
谐芯写	0.002867	0.105361	0.000302
谐芯写邪	0.004300	0.248461	0.001068
谐芯写褍	0.000287	1.171183	0.000336
谐芯谢谢邪薪写褋泻邪褟	0.000287	0.116534	0.000033
谐芯谢芯胁芯泻褉褍卸懈褌械谢褜薪褘屑	0.000287	4.605170	0.001320
谐芯褉芯写邪	0.000287	0.116534	0.000033
谐芯褉芯褏	0.000287	0.116534	0.000033
谐芯褉褔懈褑邪	0.000573	0.040822	0.000023
谐芯褉褔懈褑邪屑懈	0.000287	0.127833	0.000037
谐芯褉褕芯褔泻邪褏	0.000287	0.105361	0.000030
谐芯褉褕芯褔泻械	0.000287	0.040822	0.000012
谐芯褉褟褔械械	0.000573	0.116534	0.000067
谐芯褉褟褔懈械	0.012901	0.105361	0.001359
谐芯褉褟褔懈泄	0.000573	0.116534	0.000067
谐芯褋褌懈	0.000287	0.116534	0.000033
谐芯褌芯胁懈屑	0.002007	0.094311	0.000189
谐芯褌芯胁懈褌褋褟	0.000860	0.478036	0.000411
谐芯褌芯胁懈褌褜	0.001433	0.105361	0.000151
谐芯褌芯胁懈褕褜	0.000287	4.605170	0.001320
谐芯褌芯胁薪芯褋褌懈	0.000287	4.605170	0.001320
谐芯褌芯胁褘	0.000287	2.407946	0.000690
谐芯褌芯胁褜	0.000573	0.116534	0.000067
谐芯褌芯胁褟褌	0.000573	0.116534	0.000067
谐芯褌芯胁褟褌褋褟	0.000287	1.660731	0.000476
谐褉械薪泻懈	0.000573	0.040822	0.000023
谐褉械褔械褋泻邪褟	0.000287	0.116534	0.000033
谐褉械褔械褋泻懈屑	0.000287	2.525729	0.000724
谐褉械褔械褋泻芯泄	0.000287	2.525729	0.000724
谐褉械褔泻邪	0.000287	0.040822	0.000012
谐褉懈斜邪屑懈	0.001147	0.105361	0.000121
谐褉懈斜薪芯泄	0.000287	2.120264	0.000608
谐褉懈斜薪褘械	0.000573	0.040822	0.000023
谐褉懈斜薪褘屑	0.000287	4.605170	0.001320
谐褉懈斜芯胁	0.002294	0.116534	0.000267
谐褉懈斜芯褔泻懈	0.000287	3.506558	0.001005
谐褉懈斜芯褔泻芯胁	0.000287	4.605170	0.001320
谐褉懈斜褘	0.002007	0.040822	0.000082
谐褉懈谢械	0.001433	0.116534	0.000167
谐褉懈谢褜	0.000287	0.116534	0.000033
谐褉懈谢褜屑邪薪懈褟	0.000287	0.116534	0.000033
谐褉懈谢褟	0.001147	0.116534	0.000134
谐褉芯谐	0.000287	0.040822	0.000012
谐褉褍蟹懈薪褋泻邪褟	0.000287	0.116534	0.000033
谐褉褍锌锌褘	0.000287	0.061875	0.000018
谐褍褉屑邪薪懈褟	0.001720	0.116534	0.000200
谐褍褉屑械	0.000287	0.127833	0.000037
谐褍褋褟	0.000573	0.105361	0.000060
写邪胁薪芯	0.000573	0.967584	0.000555
写邪械褌	0.000287	0.040822	0.000012
写邪薪薪芯械	0.000287	3.506558	0.001005
写邪薪薪褘械	0.000287	0.040822	0.000012
写邪褉褘	0.000287	0.116534	0.000033
写邪褌械	0.000573	0.248461	0.000142
写邪褌褋泻邪褟	0.000287	0.116534	0.000033
写邪褔薪芯械	0.000860	0.116534	0.000100
写械泄褋褌胁懈褌械谢褜薪芯	0.000573	1.832581	0.001051
写械泻邪斜褉褟	0.000860	0.597837	0.000514
写械泻芯褉	0.000287	0.127833	0.000037
写械谢邪械褌	0.000573	0.116534	0.000067
写械谢懈屑褋褟	0.000287	0.040822	0.000012
写械谢芯屑	0.000287	0.116534	0.000033
写械薪褜	0.000860	0.083382	0.000072
写械褋械褉褌	0.000860	0.116534	0.000100
写械褋械褉褌邪褑懈褟	0.000287	0.116534	0.000033
写械褋械褉褌薪褘械	0.000287	0.116534	0.000033
写械褋械褉褌褘	0.004014	0.040822	0.000164
写械褌械泄	0.000287	0.116534	0.000033
写卸械屑	0.000287	0.040822	0.000012
写蟹械薪	0.000287	0.116534	0.000033
写懈械褌邪	0.000287	0.116534	0.000033
写懈械褌褘	0.000287	0.116534	0.000033
写懈泻懈泄	0.000573	0.116534	0.000067
写懈泻芯谐芯	0.000287	0.116534	0.000033
写懈锌	0.000287	0.116534	0.000033
写懈褔懈	0.000573	0.116534	0.000067
写懈褔褜	0.000287	0.116534	0.000033
写薪械胁薪懈泻邪褏	0.000287	0.061875	0.000018
写薪械泄	0.001147	0.116534	0.000134
写薪褟	0.000287	0.040822	0.000012
写芯斜邪胁谢械薪懈褟屑	0.000287	0.274437	0.000079
写芯斜邪胁谢褟褌褜	0.000287	0.040822	0.000012
写芯斜邪胁谢褟褞	0.000287	3.506558	0.001005
写芯斜邪胁褜	0.000287	0.116534	0.000033
写芯斜褉芯褎谢芯褌	0.000287	0.127833	0.000037
写芯胁械褉褟械褕褜	0.000287	0.116534	0.000033
写芯卸写邪褌褜褋褟	0.000287	3.912023	0.001122
写芯谢谐芯	0.000287	1.514128	0.000434
写芯屑	0.002580	0.040822	0.000105
写芯屑邪褕薪械械	0.001147	0.040822	0.000047
写芯屑邪褕薪械泄	0.000287	1.771957	0.000508
写芯屑邪褕薪懈械	0.000573	0.040822	0.000023
写芯屑邪褕薪懈泄	0.001433	0.116534	0.000167
写芯屑邪褕薪懈褏	0.000287	1.714798	0.000492
写芯屑邪褕薪褟褟	0.000573	0.105361	0.000060
写芯屑芯胁	0.000287	0.040822	0.000012
写芯褉芯谐懈械	0.000287	1.272966	0.000365
写芯褉芯谐芯械	0.000287	4.605170	0.001320
写芯褋褌邪褌芯褔薪芯	0.000287	2.040221	0.000585
写芯褋褌芯泄薪褘械	0.000287	4.605170	0.001320
写芯褔褜	0.000287	3.506558	0.001005
写褉邪泄胁	0.001433	0.127833	0.000183
写褉芯卸卸械胁芯械	0.000287	0.116534	0.000033
写褉褍谐懈屑懈	0.000287	0.040822	0.000012
写褉褍蟹械泄	0.000287	1.514128	0.000434
写褉褍蟹褜褟	0.000287	1.966113	0.000564
写褉褍蟹褜褟屑	0.000287	1.660731	0.000476
写褍屑邪谢邪	0.000287	1.272966	0.000365
写褍屑邪褟	0.000287	4.605170	0.001320
写褍褏芯胁泻邪	0.001147	0.127833	0.000147
写褍褏芯胁泻械	0.000287	0.867501	0.000249
写褍褏芯胁泻懈	0.000287	2.659260	0.000762
写褍褕懈	0.001147	0.105361	0.000121
写褍褕懈褋褌褘泄	0.000573	1.237874	0.000710
械胁褉械泄褋泻邪褟	0.000287	0.116534	0.000033
械谐懈锌械褌褋泻邪褟	0.000287	0.116534	0.000033
械写懈薪褋褌胁械薪薪褘泄	0.000287	3.912023	0.001122
械写懈薪褘泄	0.000287	0.040822	0.000012
械泻芯	0.000287	0.127833	0.000037
械谢	0.000287	3.218876	0.000923
卸邪褉泻芯械	0.000287	0.040822	0.000012
卸械谢械	0.000860	0.040822	0.000035
卸械薪褋泻邪褟	0.000287	0.127833	0.000037
卸械薪褋泻芯屑	0.000287	0.061875	0.000018
卸械薪褖懈薪褘	0.000573	0.116534	0.000067
卸懈蟹薪懈	0.000287	0.040822	0.000012
卸懈蟹薪褜	0.000287	0.116534	0.000033
卸褍谢褜械薪	0.000287	0.040822	0.000012
卸褍褉薪邪谢邪	0.000287	0.127833	0.000037
卸褞谢褜械薪	0.000287	0.040822	0.000012
蟹邪胁邪褉薪芯械	0.000287	0.116534	0.000033
蟹邪胁邪褉薪芯泄	0.000287	0.116534	0.000033
蟹邪胁械褉懈褌褜	0.000287	3.912023	0.001122
蟹邪胁褌褉邪泻	0.002007	0.094311	0.000189
蟹邪胁褌褉邪泻懈	0.000287	0.127833	0.000037
蟹邪谐芯褌芯胁泻懈	0.002294	0.040822	0.000094
蟹邪写邪胁邪褌褜	0.000287	0.040822	0.000012
蟹邪泄褑邪	0.000573	0.116534	0.000067
蟹邪泻胁邪褋泻邪	0.000287	0.040822	0.000012
蟹邪泻胁邪褋泻邪屑懈	0.000287	0.116534	0.000033
蟹邪泻胁邪褋芯泻	0.000287	0.127833	0.000037
蟹邪泻褉褘褌褘泄	0.000287	0.116534	0.000033
蟹邪泻褍褋泻懈	0.006307	0.040822	0.000257
蟹邪泻褍褋泻芯泄	0.000287	3.912023	0.001122
蟹邪泻褍褋泻褍	0.000860	0.116534	0.000100
蟹邪泻褍褋芯薪褔懈泻	0.000287	0.116534	0.000033
蟹邪泻褍褋芯褔泻邪	0.000287	0.116534	0.000033
蟹邪泻褍褋芯褔薪褘械	0.002867	0.116534	0.000334
蟹邪谢懈胁薪芯械	0.000573	0.040822	0.000023
蟹邪屑械薪褟械褌	0.000287	3.912023	0.001122
蟹邪屑械褔邪褌械谢褜薪芯谐芯	0.000287	2.120264	0.000608
蟹邪屑芯褉芯蟹泻邪	0.000287	0.105361	0.000030
蟹邪锌邪写	0.000287	0.116534	0.000033
蟹邪锌械泻邪薪泻邪	0.001147	0.105361	0.000121
蟹邪锌械泻邪薪泻懈	0.002007	0.040822	0.000082
蟹邪锌械褔械薪薪褘械	0.000287	2.302585	0.000660
蟹邪锌褉邪胁泻邪	0.000573	0.040822	0.000023
蟹邪褉械谐懈褋褌褉懈褉芯胁邪胁褕懈褋褜	0.000287	0.040822	0.000012
蟹邪褉械谐懈褋褌褉懈褉芯胁邪褌褜褋褟	0.000287	0.030459	0.000009
蟹邪褋芯谢懈褌褜	0.000287	3.912023	0.001122
蟹邪褋芯谢泻邪	0.000287	0.116534	0.000033
蟹邪褌褉邪褌薪械械	0.000287	4.605170	0.001320
蟹邪褏芯写懈褌械	0.000287	0.755023	0.000216
蟹胁邪薪褘泄	0.000287	0.127833	0.000037
蟹胁械蟹写邪	0.000287	0.127833	0.000037
蟹胁褢蟹写薪褘械	0.000287	0.116534	0.000033
蟹写芯褉芯胁芯械	0.000287	0.116534	0.000033
蟹写芯褉芯胁褘泄	0.000287	0.116534	0.000033
蟹械谢械薪褘泄	0.001720	1.021651	0.001757
蟹械谢械薪褜	0.000287	0.094311	0.000027
蟹械褎懈褉	0.000287	0.040822	0.000012
蟹懈屑薪懈械	0.000287	0.051293	0.000015
蟹懈屑芯泄	0.000287	2.995732	0.000859
蟹懈屑褍	0.001147	0.040822	0.000047
蟹芯谢芯褌邪褟	0.000287	0.116534	0.000033
懈胁邪薪芯胁邪	0.000287	0.127833	0.000037
懈谐褉邪械褌	0.000287	3.218876	0.000923
懈写械邪谢褜薪邪褟	0.000287	0.116534	0.000033
懈写械邪谢褜薪芯谐芯	0.001433	0.116534	0.000167
懈写械邪谢褜薪芯械	0.000287	0.116534	0.000033
懈写械泄泻懈	0.000287	0.116534	0.000033
懈写械褟	0.000287	2.207275	0.000633
懈蟹胁械谢	0.000287	4.605170	0.001320
懈蟹胁械褋褌薪械泄褕械械	0.000287	3.912023	0.001122
懈蟹胁械褋褌薪芯	0.000287	2.525729	0.000724
懈蟹写械谢懈褟	0.000860	0.116534	0.000100
懈蟹写械谢懈褟屑懈	0.000860	0.116534	0.000100
懈蟹芯斜褉邪蟹懈褌褜	0.000287	4.605170	0.001320
懈蟹褍屑懈褌械谢褜薪芯械	0.000287	3.912023	0.001122
懈蟹褍屑懈褌械谢褜薪芯泄	0.000287	3.912023	0.001122
懈泻褉邪	0.000860	0.040822	0.000035
懈屑斜懈褉褜	0.001147	1.897120	0.002176
懈屑械薪械屑	0.000287	0.040822	0.000012
懈薪胁械褉褌芯褉薪芯泄	0.000287	0.127833	0.000037
懈薪谐褉械写懈械薪褌褘	0.008601	0.139262	0.001198
懈薪写械泄泻懈	0.001433	0.094311	0.000135
懈薪写械泄泻芯泄	0.000287	0.116534	0.000033
懈薪写懈泄褋泻邪褟	0.000287	0.116534	0.000033
懈薪写懈谢邪泄褌	0.000860	0.116534	0.000100
懈薪写懈褉械褋薪褘械	0.000287	0.116534	0.000033
懈薪芯械	0.000287	2.302585	0.000660
懈薪褋褌褉褍泻褑懈褟屑懈	0.000287	0.040822	0.000012
懈薪褌械褉械褋薪芯	0.000287	1.660731	0.000476
懈薪褌械褉械褋薪褘泄	0.000287	1.897120	0.000544
懈薪褌械褉薪械褌械	0.000287	1.309333	0.000375
懈褉邪泻褋泻邪褟	0.000287	0.116534	0.000033
懈褉邪薪褋泻邪褟	0.000287	0.116534	0.000033
懈褉谢邪薪写褋泻邪褟	0.000287	0.116534	0.000033
懈褋泻褉械薪薪械	0.000287	0.116534	0.000033
懈褋谢邪薪写褋泻邪褟	0.000287	0.116534	0.000033
懈褋锌邪薪褋泻邪褟	0.000287	0.116534	0.000033
懈褋锌械泻懈	0.000287	0.116534	0.000033
懈褋锌芯谢褜蟹芯胁邪薪懈械屑	0.000287	3.912023	0.001122
懈褋锌芯谢褜蟹褍褞	0.000287	2.995732	0.000859
懈褋褌芯褉懈懈	0.001433	0.116534	0.000167
懈褋褌芯褉懈褞	0.000287	0.116534	0.000033
懈褌邪泻	0.000287	1.609438	0.000461
懈褌邪谢懈懈	0.000573	0.105361	0.000060
懈褌邪谢褜褟薪褋泻邪褟	0.000287	0.116534	0.000033
懈褌邪谢褜褟薪褋泻芯泄	0.000287	3.506558	0.001005
懈褞谢褟	0.000573	0.597837	0.000343
懈褞薪褟	0.000287	0.579818	0.000166
泄芯谐褍褉褌	0.000860	0.040822	0.000035
泻邪斜邪褔泻懈	0.001433	0.040822	0.000059
泻邪斜邪褔芯泻	0.001147	1.771957	0.002032
泻邪胁泻邪蟹械	0.000287	3.912023	0.001122
泻邪胁泻邪蟹褋泻邪褟	0.000287	0.116534	0.000033
泻邪蟹邪薪械	0.000287	0.116534	0.000033
泻邪蟹邪褏褋泻邪褟	0.000287	0.116534	0.000033
泻邪泻邪芯	0.000573	0.040822	0.000023
泻邪谢械泄写芯褋泻芯锌	0.001147	0.116534	0.000134
泻邪谢屑褘褑泻邪褟	0.000287	0.116534	0.000033
泻邪谢褜屑邪褉	0.000287	0.040822	0.000012
泻邪屑械褉邪	0.000287	0.116534	0.000033
泻邪薪邪写褋泻邪褟	0.000287	0.116534	0.000033
泻邪薪邪谢	0.000573	0.040822	0.000023
泻邪薪邪谢械	0.000287	0.040822	0.000012
泻邪薪邪锌械	0.000573	0.040822	0.000023
泻邪锌褍褋褌邪	0.002007	0.040822	0.000082
泻邪锌褍褋褌薪褟泻	0.000287	0.040822	0.000012
泻邪锌褍褋褌褘	0.000287	0.040822	0.000012
泻邪褉邪屑械谢褜	0.000287	0.040822	0.000012
泻邪褉泻邪褋薪褘泄	0.001147	0.116534	0.000134
泻邪褉褌芯褎械谢褜	0.000287	0.040822	0.000012
泻邪褉褌芯褎械谢褜薪芯械	0.000287	0.040822	0.000012
泻邪褉褌芯褎械谢褜薪褘泄	0.000287	0.116534	0.000033
泻邪褉褌芯褕泻邪	0.000573	0.040822	0.000023
泻邪褉褌芯褕泻芯泄	0.000287	2.302585	0.000660
泻邪褌械谐芯褉懈懈	0.000287	0.116534	0.000033
泻邪褌械谐芯褉懈褟	0.004300	0.150823	0.000649
泻邪褔械褋褌胁芯	0.000287	0.116534	0.000033
泻邪褕邪	0.000573	0.040822	0.000023
泻邪褕懈	0.001433	0.105361	0.000151
泻邪褕褍	0.000287	0.094311	0.000027
泻胁邪褋	0.000860	0.040822	0.000035
泻胁邪褋薪芯械	0.000860	0.116534	0.000100
泻胁邪褋芯屑	0.000287	0.127833	0.000037
泻械泻褋	0.000287	0.040822	0.000012
泻械泻褋褘	0.000573	0.116534	0.000067
泻械褎懈褉	0.000287	0.040822	0.000012
泻懈屑褔懈	0.000287	0.040822	0.000012
泻懈薪芯邪	0.000573	0.127833	0.000073
泻懈薪芯谢械薪褌邪	0.000287	0.116534	0.000033
泻懈褋械谢褜	0.000573	0.040822	0.000023
泻懈褋谢芯胁邪褌芯	0.000287	4.605170	0.001320
泻懈褌邪泄褋泻邪褟	0.000287	0.116534	0.000033
泻懈褌邪泄褋泻懈褏	0.000287	2.659260	0.000762
泻懈褌邪泄褋泻芯泄	0.000573	2.995732	0.001718
泻懈褌邪泄褋泻芯屑	0.000287	3.218876	0.000923
泻谢邪褋褋	0.002294	0.116534	0.000267
泻谢邪褋褋褘	0.000287	0.116534	0.000033
泻薪懈谐褍	0.000573	0.040822	0.000023
泻芯泻褌械泄谢懈	0.000287	0.127833	0.000037
泻芯泻褌械泄谢褜	0.001433	0.040822	0.000059
泻芯谢斜邪褋邪	0.000287	0.040822	0.000012
泻芯谢斜邪褋薪褘屑懈	0.000860	0.116534	0.000100
泻芯屑邪薪写邪	0.000573	0.127833	0.000073
泻芯屑懈	0.000287	0.116534	0.000033
泻芯屑屑械薪褌邪褉懈械胁	0.000287	0.223144	0.000064
泻芯屑锌邪薪懈泄	0.000287	0.105361	0.000030
泻芯屑锌芯褌	0.000860	0.040822	0.000035
泻芯薪懈薪褘	0.000287	0.116534	0.000033
泻芯薪泻褍褉褋	0.061353	0.105361	0.006464
泻芯薪泻褍褉褋邪	0.000287	0.116534	0.000033
泻芯薪泻褍褉褋邪褏	0.000287	0.040822	0.000012
泻芯薪泻褍褉褋薪褘械	0.000287	0.127833	0.000037
泻芯薪褋械褉胁邪薪褌芯胁	0.000287	4.605170	0.001320
泻芯薪褋械褉胁懈褉芯胁邪薪懈械	0.000287	0.040822	0.000012
泻芯薪褋械褉胁懈褉芯胁邪薪薪邪褟	0.000287	0.116534	0.000033
泻芯薪褋械褉胁懈褉芯胁邪薪薪芯械	0.000573	0.116534	0.000067
泻芯薪褋械褉胁懈褉芯胁邪薪薪褘械	0.000860	0.116534	0.000100
泻芯薪褋械褉胁懈褉芯胁邪薪薪褘泄	0.000287	0.116534	0.000033
泻芯薪褎械褌褌懈	0.000287	0.116534	0.000033
泻芯薪褎械褌褘	0.000860	0.040822	0.000035
泻芯薪褎懈写械薪褑懈邪谢褜薪芯褋褌懈	0.000287	0.040822	0.000012
泻芯薪褎懈褌褞褉	0.000287	0.040822	0.000012
泻芯锌褔械薪芯褋褌褟屑懈	0.000287	0.116534	0.000033
泻芯褉械泄褋泻邪褟	0.000287	0.116534	0.000033
泻芯褉械泄褋泻懈	0.000573	0.040822	0.000023
泻芯褉卸懈泻懈	0.000287	0.040822	0.000012
泻芯褉懈邪薪写褉	0.002294	1.469676	0.003371
泻芯褉懈褔薪械胁褘泄	0.000573	1.386294	0.000795
泻芯褉屑褟褖懈褏	0.000287	0.116534	0.000033
泻芯褉薪械胁芯泄	0.000573	2.995732	0.001718
泻芯褉芯薪薪褘泄	0.000287	3.912023	0.001122
泻芯褌谢械褌褘	0.000287	0.040822	0.000012
泻芯褌芯褉芯屑褍	0.000287	0.116534	0.000033
泻芯褌芯褉褘屑懈	0.000287	2.995732	0.000859
泻芯褎械	0.000860	0.040822	0.000035
泻褉邪褋泻懈	0.000287	0.116534	0.000033
泻褉邪褋薪褘泄	0.000573	1.171183	0.000672
泻褉邪褏屑邪谢	0.001147	0.891598	0.001022
泻褉械邪褌懈胁	0.000287	0.127833	0.000037
泻褉械屑	0.000287	0.040822	0.000012
泻褉械屑邪	0.000573	0.116534	0.000067
泻褉械锌泻懈泄	0.000287	0.116534	0.000033
泻褉芯谢懈泻邪	0.000573	0.116534	0.000067
泻褉芯屑械	0.000287	0.061875	0.000018
泻褉芯褏懈	0.000287	0.116534	0.000033
泻褉褍谐褍	0.000573	0.116534	0.000067
泻褉褍锌	0.001720	0.116534	0.000200
泻褉褍锌邪	0.000287	0.127833	0.000037
泻褉褍锌褘	0.000573	0.127833	0.000073
泻褉褍锌褟薪褘械	0.000287	0.116534	0.000033
泻褋褌邪褌懈	0.000287	1.237874	0.000355
泻褍斜懈薪褋泻邪褟	0.000287	0.116534	0.000033
泻褍谢械褕	0.000287	0.040822	0.000012
泻褍谢懈薪邪褉懈懈	0.000860	0.094311	0.000081
泻褍谢懈薪邪褉薪邪褟	0.000287	0.116534	0.000033
泻褍谢懈薪邪褉薪芯械	0.000287	0.116534	0.000033
泻褍谢懈薪邪褉薪褍褞	0.000573	0.040822	0.000023
泻褍谢懈薪邪褉薪褘泄	0.000287	0.072571	0.000021
泻褍谢懈薪邪褉薪褘褏	0.000287	0.116534	0.000033
泻褍谢懈褔	0.000287	0.040822	0.000012
泻褍谢懈褔懈	0.000287	0.116534	0.000033
泻褍薪谐	0.001433	3.506558	0.005027
泻褍薪卸褍褌薪芯械	0.000573	2.659260	0.001525
泻褍褉写褋泻邪褟	0.000287	0.116534	0.000033
泻褍褉懈薪芯谐芯	0.000287	0.116534	0.000033
泻褍褉懈薪芯械	0.000860	0.127833	0.000110
泻褍褉懈薪褘泄	0.000287	0.105361	0.000030
泻褍褉懈褑邪	0.002294	0.040822	0.000094
泻褍褉懈褑褍	0.000860	2.407946	0.002071
泻褍褉懈褑褘	0.001720	0.116534	0.000200
泻褍褉芯褔泻芯泄	0.000287	0.116534	0.000033
泻褍褋泻褍褋	0.000287	0.040822	0.000012
泻褍褏薪械泄	0.000287	0.040822	0.000012
泻褍褏薪懈	0.002007	0.040822	0.000082
泻褍褏薪褟	0.000860	0.116534	0.000100
谢邪胁邪褕	0.000573	0.040822	0.000023
谢邪胁邪褕邪	0.001147	0.116534	0.000134
谢邪胁褉芯胁褘泄	0.001720	1.139434	0.001960
谢邪谐屑邪薪	0.000287	0.040822	0.000012
谢邪泻芯屑褋褌胁芯	0.000287	0.116534	0.000033
谢邪锌褕邪	0.000573	0.040822	0.000023
谢邪褉懈褋械	0.000287	2.525729	0.000724
谢邪褌褘褕褋泻邪褟	0.000287	0.116534	0.000033
谢邪褏邪薪芯褉懈蟹芯	0.000573	2.407946	0.001381
谢械谐泻邪褟	0.000287	0.116534	0.000033
谢械谐泻懈泄	0.000573	0.116534	0.000067
谢械谐泻芯	0.002007	0.116534	0.000234
谢械谐泻芯泄	0.000287	4.605170	0.001320
谢械锌械褕泻懈	0.000573	0.040822	0.000023
谢械褌邪	0.000287	0.116534	0.000033
谢械褌薪懈械	0.000287	0.040822	0.000012
谢械褌薪褟褟	0.000287	0.116534	0.000033
谢械褌芯	0.001433	0.116534	0.000167
谢械褔芯	0.000287	0.040822	0.000012
谢懈谐邪	0.000860	0.116534	0.000100
谢懈泻械褉	0.000287	0.040822	0.000012
谢懈屑芯薪邪写	0.000573	0.040822	0.000023
谢懈屑芯薪薪褘泄	0.000573	0.798508	0.000458
谢懈褋褌	0.001720	1.139434	0.001960
谢懈褌芯胁褋泻	0.000287	0.127833	0.000037
谢懈褌芯胁褋泻邪褟	0.000287	0.116534	0.000033
谢芯胁懈褌械	0.000287	4.605170	0.001320
谢褍泻	0.003440	0.301105	0.001036
谢褍褔褕懈械	0.000287	0.116534	0.000033
谢褍褔褕懈泄	0.000573	0.040822	0.000023
谢褍褔褕懈褏	0.000287	0.116534	0.000033
谢褞斜胁懈	0.000287	0.105361	0.000030
谢褞斜懈屑	0.000287	2.995732	0.000859
谢褞斜懈屑芯谐芯	0.000287	0.127833	0.000037
谢褞斜懈屑芯屑褍	0.000287	0.116534	0.000033
谢褞斜懈屑褘泄	0.000573	1.609438	0.000923
谢褞斜懈屑褘褏	0.001720	0.116534	0.000200
谢褞斜芯胁褜	0.000287	0.116534	0.000033
谢褞斜芯泄	0.000287	0.116534	0.000033
谢褞写屑懈谢邪	0.000287	1.771957	0.000508
谢褢写	0.000287	0.127833	0.000037
屑邪谐褉懈斜邪	0.000287	0.116534	0.000033
屑邪泄	0.000287	0.116534	0.000033
屑邪泄芯薪械蟹	0.000287	0.116534	0.000033
屑邪泻邪褉芯薪薪褘械	0.000287	0.116534	0.000033
屑邪泻邪褉芯薪褘	0.000287	0.040822	0.000012
屑邪谢邪蟹懈泄褋泻邪褟	0.000287	0.116534	0.000033
屑邪谢芯	0.000573	1.609438	0.000923
屑邪薪薪懈泻	0.000287	0.040822	0.000012
屑邪薪褋邪褉写芯泄	0.000287	0.755023	0.000216
屑邪薪褌褘	0.000287	0.116534	0.000033
屑邪薪褢胁褉褘	0.000287	0.116534	0.000033
屑邪褉邪褎芯薪	0.000860	0.116534	0.000100
屑邪褉懈薪邪写	0.002580	0.040822	0.000105
屑邪褉懈薪邪写褘	0.001147	0.116534	0.000134
屑邪褉懈薪芯胁邪薪薪褘械	0.000860	0.116534	0.000100
屑邪褉懈薪褘	0.000287	3.912023	0.001122
屑邪褉屑械谢邪写	0.000287	0.040822	0.000012
屑邪褉芯泻泻邪薪褋泻邪褟	0.000287	0.116534	0.000033
屑邪褉褌邪	0.001720	0.105361	0.000181
屑邪褋泻邪褉锌芯薪械	0.000287	0.040822	0.000012
屑邪褋谢械	0.000573	2.659260	0.001525
屑邪褋谢械薪懈褑邪	0.000860	0.040822	0.000035
屑邪褋谢械薪懈褔薪芯械	0.000287	0.116534	0.000033
屑邪褋谢芯	0.007167	0.116534	0.000835
屑邪褋谢芯屑	0.000287	0.116534	0.000033
屑邪褋褌械褉	0.002580	0.116534	0.000301
屑邪褋褌懈泻邪	0.000287	0.040822	0.000012
屑邪褋褌懈泻懈	0.000287	0.116534	0.000033
屑邪褎褎懈薪褘	0.000287	0.116534	0.000033
屑邪褏械械胁褗	0.001147	0.116534	0.000134
屑械写懈邪褎芯褉褌	0.000860	0.000000	0.000000
屑械写芯胁褘泄	0.000287	0.116534	0.000033
屑械泻褋懈泻邪薪褋泻邪褟	0.000287	0.116534	0.000033
屑械薪褞	0.000287	0.116534	0.000033
屑械薪褟	0.000860	0.083382	0.000072
屑械薪褟械褌褋褟	0.000287	0.116534	0.000033
屑械褔褌邪	0.000287	0.116534	0.000033
屑械褔褌褘	0.000573	0.040822	0.000023
屑懈写懈懈	0.000287	0.040822	0.000012
屑懈泻褉芯胁芯谢薪芯胁泻械	0.000287	0.116534	0.000033
屑懈谢褜械	0.000287	0.116534	0.000033
屑懈薪懈屑褍屑	0.000287	1.427116	0.000409
屑懈薪褍褌	0.000287	0.755023	0.000216
屑懈芯	0.000287	0.116534	0.000033
屑懈褉	0.000287	0.116534	0.000033
屑懈褉邪	0.000287	0.116534	0.000033
屑懈褉芯胁邪褟	0.000287	0.116534	0.000033
屑懈褋芯	0.000287	0.040822	0.000012
屑懈褋褌械褉懈褟	0.000287	0.116534	0.000033
屑懈褋褌褉邪谢褜	0.002007	0.116534	0.000234
屑薪械薪懈械	0.000287	2.995732	0.000859
屑薪芯卸械褋褌胁芯屑	0.000287	0.040822	0.000012
屑芯谐褍	0.000287	0.798508	0.000229
屑芯械	0.000287	0.116534	0.000033
屑芯械泄	0.000287	1.427116	0.000409
屑芯卸械褌械	0.000287	0.000000	0.000000
屑芯泄	0.000860	0.105361	0.000091
屑芯谢写邪胁褋泻邪褟	0.000287	0.116534	0.000033
屑芯谢芯泻械	0.000287	0.105361	0.000030
屑芯谢芯泻芯	0.000287	0.116534	0.000033
屑芯谢芯褔薪褘泄	0.000573	0.040822	0.000023
屑芯谢芯褔薪褘褏	0.000287	0.116534	0.000033
屑芯屑械薪褌	0.001147	0.116534	0.000134
屑芯薪谐芯谢褜褋泻邪褟	0.000287	0.116534	0.000033
屑芯褉械	0.000287	0.116534	0.000033
屑芯褉械锌褉芯写褍泻褌芯胁	0.003154	0.040822	0.000129
屑芯褉械锌褉芯写褍泻褌褘	0.000573	0.116534	0.000067
屑芯褉泻芯胁褜	0.002007	0.040822	0.000082
屑芯褉芯卸械薪芯械	0.000860	0.040822	0.000035
屑芯褉褋	0.000287	0.040822	0.000012
屑芯褉褋褘	0.000287	0.116534	0.000033
屑芯褌芯褉	0.000287	0.116534	0.000033
屑芯褏懈褌芯	0.000287	0.040822	0.000012
屑褍卸	0.000573	1.171183	0.000672
屑褍卸械屑	0.000573	2.995732	0.001718
屑褍卸褋泻邪褟	0.000287	0.127833	0.000037
屑褍卸褔懈薪褘	0.000573	0.116534	0.000067
屑褍谢褜褌懈胁邪褉泻械	0.010894	0.116534	0.001270
屑褍谢褜褌懈锌械泻邪褉械泄	0.000860	0.116534	0.000100
屑褍褋褋	0.000287	0.040822	0.000012
屑褍褋褋褘	0.000573	0.116534	0.000067
屑褍褔薪褘械	0.000287	0.116534	0.000033
屑褘褔邪谢	0.000287	3.912023	0.001122
屑褞褋谢懈	0.000573	0.116534	0.000067
屑褟谐泻邪褟	0.000287	3.912023	0.001122
屑褟褋邪	0.002580	0.116534	0.000301
屑褟褋薪芯谐芯	0.000573	0.116534	0.000067
屑褟褋薪芯泄	0.000287	0.116534	0.000033
屑褟褋薪褘械	0.001433	0.040822	0.000059
屑褟褋薪褘褏	0.000860	0.116534	0.000100
屑褟褋芯	0.004300	0.040822	0.000176
屑褟褋芯屑	0.001433	0.040822	0.000059
屑褟褋褍	0.000573	0.116534	0.000067
薪邪蟹胁邪薪懈械	0.000287	0.941609	0.000270
薪邪蟹薪邪褔械薪懈褟	0.000287	0.116534	0.000033
薪邪谢懈胁泻邪	0.000287	0.040822	0.000012
薪邪锌懈褌泻懈	0.001720	0.040822	0.000070
薪邪锌懈褌芯泻	0.000287	0.040822	0.000012
薪邪锌芯屑懈薪邪褞褖懈械	0.000287	4.605170	0.001320
薪邪褋泻芯谢褜泻芯	0.000287	1.427116	0.000409
薪邪褋褌芯泄泻邪	0.000287	0.040822	0.000012
薪邪褋褌芯谢褜泻芯	0.000287	1.514128	0.000434
薪邪褋褌芯褟褖邪褟	0.000287	2.207275	0.000633
薪邪褋褌褉芯械薪懈械	0.000287	0.116534	0.000033
薪邪褋褘褖械薪薪褘泄	0.000287	1.897120	0.000544
薪邪褑懈芯薪邪谢褜薪褘械	0.000287	0.116534	0.000033
薪邪褔懈薪泻邪	0.000573	0.040822	0.000023
薪邪褔懈薪泻芯泄	0.000287	0.116534	0.000033
薪邪褕械泄	0.000287	1.347074	0.000386
薪邪褕械屑	0.000573	0.040822	0.000023
薪邪褕懈	0.000287	0.061875	0.000018
薪邪褕懈屑	0.000287	3.506558	0.001005
薪邪褕谢邪	0.000287	0.579818	0.000166
薪械胁芯蟹屑芯卸薪芯	0.000573	1.347074	0.000772
薪械写械谢褟	0.002867	0.061875	0.000177
薪械写芯谢谐芯	0.000287	3.912023	0.001122
薪械写芯褋褌邪褌芯泻	0.000287	3.506558	0.001005
薪械写褍褉薪芯	0.000287	3.912023	0.001122
薪械卸薪械泄褕懈屑	0.000287	2.407946	0.000690
薪械卸薪芯泄	0.000287	0.116534	0.000033
薪械谢褜蟹褟	0.000287	2.302585	0.000660
薪械屑械褑泻邪褟	0.000287	0.116534	0.000033
薪械芯斜褘泻薪芯胁械薪薪褘屑	0.000287	4.605170	0.001320
薪械芯卸懈写邪薪薪褘械	0.000287	0.116534	0.000033
薪械锌芯褏芯卸懈械	0.000287	4.605170	0.001320
薪械锌褉械屑械薪薪芯	0.000287	1.832581	0.000525
薪械褋泻芯谢褜泻懈屑懈	0.000287	2.525729	0.000724
薪械褋泻芯谢褜泻芯	0.000573	0.916291	0.000525
薪械褋谢邪写泻芯械	0.000287	0.116534	0.000033
薪械褔械谐芯	0.000287	3.218876	0.000923
薪械褔褌芯	0.000287	3.218876	0.000923
薪泻	0.000287	1.771957	0.000508
薪芯胁邪褟	0.000287	0.116534	0.000033
薪芯胁芯谐芯写薪械谐芯	0.001433	0.116534	0.000167
薪芯胁芯谐芯写薪械械	0.000860	0.116534	0.000100
薪芯胁芯谐芯写薪懈械	0.001720	0.040822	0.000070
薪芯胁芯谐芯写薪懈泄	0.002007	0.116534	0.000234
薪芯胁芯谐芯写薪褟褟	0.000287	0.105361	0.000030
薪芯胁芯屑	0.000287	3.506558	0.001005
薪芯胁芯褋褌褟褏	0.000287	0.061875	0.000018
薪芯胁褘械	0.000573	0.051293	0.000029
薪芯胁褘泄	0.002867	0.094311	0.000270
薪芯褉胁械卸褋泻邪褟	0.000287	0.116534	0.000033
薪褢屑	0.000287	2.525729	0.000724
芯斜械写	0.001147	0.105361	0.000121
芯斜械蟹褜褟薪褘	0.000287	0.116534	0.000033
芯斜芯卸邪褞褌	0.000287	2.302585	0.000660
芯斜褉邪写芯胁邪谢	0.000287	3.912023	0.001122
芯斜褖邪褌褜褋褟	0.000287	0.040822	0.000012
芯斜褟蟹邪褌械谢械薪	0.000287	4.605170	0.001320
芯斜褟蟹邪褌械谢褜薪芯	0.000287	0.967584	0.000277
芯胁芯褖邪屑懈	0.000287	0.116534	0.000033
芯胁芯褖械泄	0.006594	0.105361	0.000695
芯胁芯褖懈	0.002007	0.094311	0.000189
芯胁芯褖薪邪褟	0.000287	0.040822	0.000012
芯胁芯褖薪芯械	0.000860	0.116534	0.000100
芯胁芯褖薪芯泄	0.000573	0.105361	0.000060
芯胁芯褖薪褘械	0.001720	0.040822	0.000070
芯胁褋褟薪芯械	0.000287	0.116534	0.000033
芯谐薪械薪薪芯泄	0.000287	0.116534	0.000033
芯谐薪褟	0.000287	0.116534	0.000033
芯谐芯褉芯写械	0.000287	3.506558	0.001005
芯谐褍褉械褑	0.000573	1.237874	0.000710
芯谐褍褉褑褘	0.000860	0.116534	0.000100
芯谐褍褉褔懈泻懈	0.000287	3.218876	0.000923
芯写薪芯谐芯	0.000287	1.660731	0.000476
芯蟹邪谐谢邪胁懈褌褜	0.000287	3.218876	0.000923
芯蟹薪邪褔邪械褌	0.000287	2.995732	0.000859
芯泻褉芯褕泻邪	0.000860	0.040822	0.000035
芯泻褌褟斜褉褟	0.000573	0.562119	0.000322
芯谢邪写褜懈	0.000860	0.040822	0.000035
芯谢械泄薪邪	0.000860	0.116534	0.000100
芯谢械泄薪芯泄	0.001147	0.116534	0.000134
芯谢械泄薪褘	0.000287	0.127833	0.000037
芯谢懈胁泻芯胁芯械	0.001147	0.544727	0.000625
芯屑谢械褌	0.000287	0.040822	0.000012
芯锌邪褉邪	0.000287	0.040822	0.000012
芯锌褉芯褋	0.000287	0.061875	0.000018
芯锌褘褌	0.000287	2.995732	0.000859
芯褋械薪薪械械	0.000287	0.116534	0.000033
芯褋械薪薪懈械	0.000287	0.051293	0.000015
芯褋械薪薪懈泄	0.000573	0.116534	0.000067
芯褋械薪褜	0.002867	0.105361	0.000302
芯褋薪芯胁薪芯械	0.000287	0.040822	0.000012
芯褋褌邪械褌褋褟	0.000287	0.116534	0.000033
芯褋褌褉懈薪泻芯泄	0.000287	4.605170	0.001320
芯褋褌褉芯胁邪褌芯	0.000287	4.605170	0.001320
芯褋褌褉褘械	0.000287	3.912023	0.001122
芯褌胁械褌	0.000287	2.040221	0.000585
芯褌胁械褌懈褌褜	0.000287	0.051293	0.000015
芯褌胁械褌芯胁	0.000287	0.051293	0.000015
芯褌胁械褌褋褌胁械薪薪芯褋褌褜褞	0.000287	2.120264	0.000608
芯褌胁械褌褘	0.000287	0.000000	0.000000
芯褌泻褉褘胁	0.000287	4.605170	0.001320
芯褌泻褉褘褌褘泄	0.000573	0.116534	0.000067
芯褌谢懈褔薪芯泄	0.000287	3.506558	0.001005
芯褌屑械薪懈褌褜	0.000287	0.040822	0.000012
芯褌芯褉胁邪褌褜褋褟	0.000287	2.813411	0.000807
芯褏谢邪写懈褌褜	0.000287	0.116534	0.000033
锌邪泻械褌懈泻邪褏	0.000287	0.105361	0.000030
锌邪谢芯褔泻懈	0.000287	0.040822	0.000012
锌邪薪懈褉芯胁泻邪	0.002294	0.116534	0.000267
锌邪芯	0.001433	3.506558	0.005027
锌邪锌褉懈泻邪	0.001720	1.203973	0.002071
锌邪褉邪	0.000287	0.116534	0.000033
锌邪褉邪写	0.002007	0.116534	0.000234
锌邪褉泻褋胁懈谢谢	0.000287	4.605170	0.001320
锌邪褉芯胁邪褉泻械	0.002580	0.116534	0.000301
锌邪褉芯谢褜	0.000287	0.020203	0.000006
锌邪褉褍	0.000287	1.966113	0.000564
锌邪褋褌邪	0.001433	0.040822	0.000059
锌邪褋褌褉芯屑邪	0.000287	0.040822	0.000012
锌邪褋褏邪	0.000573	0.040822	0.000023
锌邪褋褏邪谢褜薪邪褟	0.000573	0.116534	0.000067
锌邪褋褏邪谢褜薪褘泄	0.000287	0.127833	0.000037
锌邪褕褌械褌	0.000287	0.040822	0.000012
锌邪褕褌械褌褘	0.000573	0.116534	0.000067
锌械泻邪褉褟	0.000287	0.127833	0.000037
锌械谢褜屑械薪懈	0.000287	0.116534	0.000033
锌械褉胁芯械	0.000573	0.040822	0.000023
锌械褉胁褘械	0.000287	0.127833	0.000037
锌械褉胁褘泄	0.000287	1.309333	0.000375
锌械褉胁褘屑	0.000287	0.116534	0.000033
锌械褉械胁芯写械	0.000287	2.813411	0.000807
锌械褉械泄褌懈	0.000287	0.040822	0.000012
锌械褉械泻褍褋	0.000573	0.116534	0.000067
锌械褉械褑	0.014335	0.040822	0.000585
锌械褉褋芯薪褘	0.000287	0.116534	0.000033
锌械褉褍邪薪褋泻邪褟	0.000287	0.116534	0.000033
锌械褉褑械胁	0.000573	2.659260	0.001525
锌械褋薪褟	0.000573	2.407946	0.001381
锌械褋芯褔薪芯械	0.000573	0.105361	0.000060
锌械褋芯褔薪褘泄	0.000287	0.116534	0.000033
锌械褌械谢懈薪泻懈	0.000287	0.127833	0.000037
锌械褌褉褍褕泻邪	0.002294	0.693147	0.001590
锌械褔械薪芯褔薪褘泄	0.000287	0.040822	0.000012
锌械褔械薪褜械	0.002580	0.040822	0.000105
锌械褔懈	0.000287	0.127833	0.000037
锌懈胁芯	0.000287	0.116534	0.000033
锌懈胁芯屑	0.000287	4.605170	0.001320
锌懈泻邪薪褌薪芯褋褌褜	0.000287	3.912023	0.001122
锌懈泻邪薪褌褘	0.000287	0.127833	0.000037
锌懈泻薪懈泻	0.000573	0.116534	0.000067
锌懈泻薪懈泻邪	0.000287	0.116534	0.000033
锌懈泻薪懈泻褍	0.000287	0.105361	0.000030
锌懈褉	0.000287	0.116534	0.000033
锌懈褉芯谐	0.000860	0.040822	0.000035
锌懈褉芯谐懈	0.000287	0.105361	0.000030
锌懈褉芯卸泻懈	0.000287	0.040822	0.000012
锌懈褉芯卸薪芯械	0.000287	0.040822	0.000012
锌懈褉芯卸薪褘械	0.000287	0.116534	0.000033
锌懈褌邪薪懈械	0.001433	0.105361	0.000151
锌懈褑褑邪	0.000573	0.040822	0.000023
锌谢邪屑褟	0.000287	0.116534	0.000033
锌谢懈褌邪	0.001147	0.127833	0.000147
锌谢芯胁	0.000287	0.116534	0.000033
锌谢芯写褘	0.000573	0.116534	0.000067
锌芯胁邪褉械薪泻械	0.000287	0.040822	0.000012
锌芯胁邪褉械薪芯泻	0.000287	0.061875	0.000018
锌芯胁邪褉芯胁	0.000287	2.995732	0.000859
锌芯胁邪褉褟褌	0.000287	0.116534	0.000033
锌芯胁邪褉褟褌邪屑懈	0.000287	0.040822	0.000012
锌芯胁邪褉褢薪泻邪	0.000287	0.116534	0.000033
锌芯胁械褉懈谢懈	0.000287	4.605170	0.001320
锌芯胁懈写谢芯	0.000287	0.040822	0.000012
锌芯胁芯写	0.000287	2.813411	0.000807
锌芯写邪褉泻芯胁	0.000287	0.116534	0.000033
锌芯写械谢懈褌褜褋褟	0.000287	0.478036	0.000137
锌芯写谢懈胁邪	0.000287	0.116534	0.000033
锌芯写谢懈胁泻邪	0.000287	0.040822	0.000012
锌芯写谢懈胁泻械	0.000287	3.912023	0.001122
锌芯写锌懈褋邪褌褜褋褟	0.000287	0.040822	0.000012
锌芯写锌懈褕懈褌械褋褜	0.000573	0.040822	0.000023
锌芯写褋芯谢薪械褔薪芯械	0.000573	1.347074	0.000772
锌芯械写懈薪泻懈	0.004014	0.116534	0.000468
锌芯卸邪谢械械褌械	0.000287	1.897120	0.000544
锌芯卸械胁邪褌褜	0.000287	4.605170	0.001320
锌芯蟹胁芯薪懈谢	0.000287	2.995732	0.000859
锌芯蟹写褉邪胁褜	0.000287	0.116534	0.000033
锌芯懈褋泻	0.000287	0.051293	0.000015
锌芯泄写械褌	0.000287	3.506558	0.001005
锌芯泻褍锌邪褌褜	0.000287	2.995732	0.000859
锌芯谢写薪懈泻	0.000573	0.116534	0.000067
锌芯谢械蟹薪芯	0.000287	0.116534	0.000033
锌芯谢懈褌懈泻芯泄	0.000287	0.040822	0.000012
锌芯谢薪芯谐芯	0.000287	3.506558	0.001005
锌芯谢芯胁懈薪邪	0.002294	0.116534	0.000267
锌芯谢褍褔邪械褌褋褟	0.000287	0.400478	0.000115
锌芯谢褍褔邪泄褌械	0.000287	0.040822	0.000012
锌芯谢褍褔邪褌褜	0.000287	0.040822	0.000012
锌芯谢褍褔懈谢芯褋褜	0.000573	0.994252	0.000570
锌芯谢褜蟹邪	0.000287	0.127833	0.000037
锌芯谢褜蟹芯泄	0.001147	0.116534	0.000134
锌芯谢褜蟹褍褞褋褜	0.000287	2.407946	0.000690
锌芯谢褜褋泻邪褟	0.000287	0.116534	0.000033
锌芯屑邪写泻邪	0.000573	0.040822	0.000023
锌芯屑邪写泻懈	0.000287	0.116534	0.000033
锌芯屑械薪褟谢芯褋褜	0.000287	3.912023	0.001122
锌芯屑懈写芯褉	0.000573	0.713350	0.000409
锌芯屑懈写芯褉泻懈	0.000287	0.127833	0.000037
锌芯屑懈写芯褉褘	0.001147	0.116534	0.000134
锌芯薪褉邪胁懈胁褕懈械褋褟	0.000287	0.040822	0.000012
锌芯薪褔懈泻懈	0.000573	0.040822	0.000023
锌芯锌褉芯斜芯胁邪褌褜	0.000287	0.798508	0.000229
锌芯锌褉芯斜褍泄褌械	0.000573	0.562119	0.000322
锌芯褉	0.000287	1.469676	0.000421
锌芯褉邪	0.000287	0.116534	0.000033
锌芯褉邪写薪懈褑褟	0.000287	4.605170	0.001320
锌芯褉邪蟹懈谢芯	0.000287	3.912023	0.001122
锌芯褉邪蟹懈褌	0.000287	3.506558	0.001005
锌芯褉芯谐械	0.000287	2.813411	0.000807
锌芯褉褌褍谐邪谢褜褋泻邪褟	0.000287	0.116534	0.000033
锌芯褉褘胁褕懈褋褜	0.000287	4.605170	0.001320
锌芯褋械褖邪械褌械	0.000287	0.061875	0.000018
锌芯褋泻芯谢褜泻褍	0.000287	2.040221	0.000585
锌芯褋褌	0.001433	0.105361	0.000151
锌芯褋褌薪芯械	0.000287	0.116534	0.000033
锌芯褋褌薪褘械	0.000287	0.040822	0.000012
锌芯褋褌薪褘泄	0.000287	0.116534	0.000033
锌芯褋褌芯褟薪薪芯	0.000287	0.040822	0.000012
锌芯褋褌褉芯懈屑	0.000287	0.116534	0.000033
锌芯褋褍写邪	0.000573	0.094311	0.000054
锌芯褏芯卸懈械	0.000287	1.832581	0.000525
锌芯褔褌褍	0.000287	0.040822	0.000012
锌芯褕邪谐芯胁褘械	0.000287	0.301105	0.000086
锌芯褕邪谐芯胁褘屑懈	0.000287	0.040822	0.000012
锌褉邪蟹写薪懈泻邪	0.000287	0.116534	0.000033
锌褉邪蟹写薪懈褔薪芯	0.000287	0.116534	0.000033
锌褉邪蟹写薪懈褔薪芯谐芯	0.000287	0.116534	0.000033
锌褉邪蟹写薪懈褔薪褘泄	0.000287	0.116534	0.000033
锌褉邪泻褌懈泻褍屑	0.000287	0.116534	0.000033
锌褉械胁芯褋褏芯写薪褘械	0.000287	0.116534	0.000033
锌褉械胁褉邪褌懈谢芯	0.000287	4.605170	0.001320
锌褉械胁褉邪褖械薪懈褟	0.000287	0.116534	0.000033
锌褉械写谢邪谐邪褞	0.000287	0.693147	0.000199
锌褉械褋薪芯械	0.000287	0.116534	0.000033
锌褉懈谐谢邪褕邪褞	0.000287	2.207275	0.000633
锌褉懈谐芯褌芯胁懈屑	0.000287	0.116534	0.000033
锌褉懈谐芯褌芯胁谢械薪懈械	0.000573	0.105361	0.000060
锌褉懈谐芯褌芯胁谢械薪懈懈	0.000287	0.798508	0.000229
锌褉懈谐芯褌芯胁谢械薪懈褞	0.000287	0.040822	0.000012
锌褉懈谐芯褌芯胁谢械薪薪芯械	0.000287	2.302585	0.000660
锌褉懈谐芯褌芯胁谢械薪薪褘褏	0.000287	3.912023	0.001122
锌褉懈蟹薪邪薪懈械	0.000287	0.116534	0.000033
锌褉懈蟹芯胁	0.000287	0.040822	0.000012
锌褉懈锌褉邪胁邪	0.000860	0.040822	0.000035
锌褉懈褉芯写褍	0.000287	0.116534	0.000033
锌褉懈褉芯写褘	0.000287	0.116534	0.000033
锌褉懈褋械褋褌	0.000287	3.912023	0.001122
锌褉懈褋褌褍锌懈褌褜	0.000287	0.040822	0.000012
锌褉芯斜芯胁邪谢懈	0.000287	2.407946	0.000690
锌褉芯斜褍泄褌械	0.000287	2.302585	0.000660
锌褉芯胁械写懈	0.001147	0.116534	0.000134
锌褉芯胁械褉械薪芯	0.001720	0.116534	0.000200
锌褉芯胁芯写懈屑褘褏	0.000287	0.040822	0.000012
锌褉芯胁芯卸邪械屑	0.000287	0.116534	0.000033
锌褉芯写褍泻褌	0.000287	2.525729	0.000724
锌褉芯写褍泻褌械	0.000287	3.912023	0.001122
锌褉芯写褍泻褌芯胁	0.000287	0.094311	0.000027
锌褉芯械泻褌芯胁	0.000287	0.116534	0.000033
锌褉芯械泻褌褘	0.000287	0.061875	0.000018
锌褉芯懈褋褏芯卸写械薪懈褟	0.000287	3.912023	0.001122
锌褉芯褋屑芯褌褉邪屑	0.000287	0.274437	0.000079
锌褉芯褋屑芯褌褉械胁	0.000287	3.912023	0.001122
锌褉芯褋褌	0.000287	2.525729	0.000724
锌褉芯褋褌芯	0.002007	0.083382	0.000167
锌褉芯褋褌芯械	0.000287	1.514128	0.000434
锌褉芯褋褌芯泻胁邪褕邪	0.000287	0.040822	0.000012
锌褉芯褎懈谢褜	0.000287	0.040822	0.000012
锌褉芯褕褍	0.000287	1.139434	0.000327
锌褉褟屑芯	0.000287	0.040822	0.000012
锌褉褟薪懈泻	0.000287	0.040822	0.000012
锌褉褟薪懈泻懈	0.000287	0.116534	0.000033
锌褉褟薪懈褔薪芯械	0.000287	0.116534	0.000033
锌褌懈褑邪	0.001433	0.116534	0.000167
锌褌懈褑械	0.000573	0.116534	0.000067
锌褌懈褑械泄	0.000287	0.127833	0.000037
锌褌懈褑褘	0.004014	0.116534	0.000468
锌褍写懈薪谐	0.000287	0.040822	0.000012
锌褍写懈薪谐懈	0.000573	0.116534	0.000067
锌褍薪褕	0.000287	0.040822	0.000012
锌褍褌械褕械褋褌胁懈械	0.000573	0.116534	0.000067
锌褍褌褜	0.000287	0.116534	0.000033
锌褘褕泻懈	0.000287	0.040822	0.000012
锌褞褉械	0.001147	0.040822	0.000047
褉邪谐褍	0.001147	0.116534	0.000134
褉邪蟹胁械褉薪褍褌褜	0.000287	0.116534	0.000033
褉邪蟹写械谢褜薪芯械	0.000287	0.116534	0.000033
褉邪蟹薪褘械	0.000287	0.116534	0.000033
褉邪褋褋芯谢褜薪懈泻	0.000573	0.040822	0.000023
褉邪褋褋芯谢褜薪懈泻邪	0.000287	0.116534	0.000033
褉邪褋褋褘谢泻懈	0.000287	0.061875	0.000018
褉邪褋褌懈褌械谢褜薪芯械	0.004587	0.235722	0.001081
褉邪褋褕懈褉械薪薪褍褞	0.000287	3.912023	0.001122
褉械谐懈褋褌褉邪褑懈懈	0.000573	0.010050	0.000006
褉械谐懈褋褌褉邪褑懈褟	0.000287	0.000000	0.000000
褉械泄褌懈薪谐褍	0.000287	0.248461	0.000071
褉械锌褔邪褌褘泄	0.001720	0.430783	0.000741
褉械褑械锌褌	0.004874	0.040822	0.000199
褉械褑械锌褌邪	0.000573	0.462035	0.000265
褉械褑械锌褌邪褏	0.000287	0.061875	0.000018
褉械褑械锌褌械	0.000287	1.171183	0.000336
褉械褑械锌褌芯胁	0.001720	0.040822	0.000070
褉械褑械锌褌褘	0.021502	0.040822	0.000878
褉械褔褜	0.000287	3.506558	0.001005
褉械褕懈谢邪	0.000287	0.820981	0.000235
褉械褕懈谢懈	0.000287	3.912023	0.001122
褉懈褋	0.001720	0.040822	0.000070
褉懈褋邪	0.000287	0.116534	0.000033
褉懈褋芯屑	0.000287	1.660731	0.000476
褉懈褌屑械	0.000287	0.116534	0.000033
褉芯谐邪谢懈泻懈	0.000287	0.040822	0.000012
褉芯写薪芯械	0.000287	0.116534	0.000033
褉芯卸写械薪懈褟	0.000287	0.105361	0.000030
褉芯卸写械褋褌胁芯	0.000287	0.116534	0.000033
褉芯蟹屑邪褉懈薪	0.000573	1.609438	0.000923
褉芯谢谢褌芯薪	0.000287	0.116534	0.000033
褉芯谢谢褘	0.000573	0.040822	0.000023
褉芯屑	0.000287	0.040822	0.000012
褉褍斜褉懈泻邪褌芯褉	0.000287	0.051293	0.000015
褉褍谢械褌	0.000287	0.040822	0.000012
褉褍谢械褌褘	0.002867	0.116534	0.000334
褉褍屑褘薪褋泻邪褟	0.000287	0.116534	0.000033
褉褍屑褟薪褘械	0.000287	0.116534	0.000033
褉褍薪械褌械	0.000287	0.020203	0.000006
褉褍褋褋泻邪褟	0.000287	0.116534	0.000033
褉褍褋褋泻懈泄	0.000287	2.813411	0.000807
褉褘斜邪	0.002580	0.040822	0.000105
褉褘斜械	0.000573	0.116534	0.000067
褉褘斜薪邪褟	0.000287	0.116534	0.000033
褉褘斜薪芯谐芯	0.000573	0.116534	0.000067
褉褘斜薪褘械	0.001147	0.116534	0.000134
褉褘斜薪褘泄	0.000573	0.116534	0.000067
褉褘斜薪褘褏	0.000287	0.116534	0.000033
褉褘斜芯泄	0.000573	0.116534	0.000067
褉褘斜褍	0.000287	2.525729	0.000724
褉褘斜褘	0.003440	0.116534	0.000401
褉褟卸械薪泻邪	0.000287	0.116534	0.000033
褋邪泄褌	0.000860	0.000000	0.000000
褋邪泄褌械	0.000860	0.462035	0.000397
褋邪泄褌褍	0.000573	0.061875	0.000035
褋邪谢邪褌	0.000287	0.094311	0.000027
褋邪谢邪褌薪邪褟	0.000287	0.116534	0.000033
褋邪谢邪褌褘	0.010894	0.040822	0.000445
褋邪屑芯谐芯薪	0.000287	0.040822	0.000012
褋邪屑芯械	0.000287	1.897120	0.000544
褋邪屑褘泄	0.000287	1.021651	0.000293
褋邪屑褘褏	0.000573	0.116534	0.000067
褋邪褎	0.000860	0.116534	0.000100
褋邪褎褋械屑	0.000287	0.116534	0.000033
褋邪褏邪褉	0.004587	0.116534	0.000535
褋斜懈褌械薪褜	0.000287	0.040822	0.000012
褋胁械卸械褋褌褜	0.000287	0.105361	0.000030
褋胁械泻谢邪	0.000287	0.040822	0.000012
褋胁械泻芯谢褜薪懈泻	0.000573	0.040822	0.000023
褋胁械褌邪	0.001147	0.116534	0.000134
褋胁懈薪懈薪邪	0.000860	0.040822	0.000035
褋胁懈薪懈薪褘	0.001147	0.116534	0.000134
褋胁芯械	0.000287	0.116534	0.000033
褋胁芯械屑	0.000287	0.040822	0.000012
褋胁芯懈屑	0.000287	0.040822	0.000012
褋胁芯懈屑懈	0.000287	2.302585	0.000660
褋胁芯懈褏	0.000287	1.347074	0.000386
褋胁芯褞	0.000287	0.040822	0.000012
褋谐褍褖械薪泻邪	0.000287	0.040822	0.000012
褋械蟹芯薪	0.000573	0.116534	0.000067
褋械泄褔邪褋	0.000287	0.030459	0.000009
褋械泻褉械褌邪屑懈	0.000287	2.120264	0.000608
褋械泻褉械褌薪邪褟	0.000287	2.659260	0.000762
褋械泻褉械褌褘	0.000573	0.116534	0.000067
褋械谢械写泻邪	0.000287	0.040822	0.000012
褋械谢褜写械褉械泄	0.000573	2.120264	0.001216
褋械屑谐邪	0.000287	0.040822	0.000012
褋械屑械泄薪褘泄	0.000287	0.116534	0.000033
褋械屑械褔泻懈	0.000287	3.218876	0.000923
褋械屑褜械	0.000573	1.309333	0.000751
褋械屑褜懈	0.000287	0.116534	0.000033
褋械薪褌褟斜褉褟	0.000860	0.673345	0.000579
褋械褉写褑械	0.000287	1.832581	0.000525
褋懈写褉	0.000287	0.040822	0.000012
褋懈褉懈泄褋泻邪褟	0.000287	0.116534	0.000033
褋懈褉芯锌	0.000287	0.040822	0.000012
褋懈褉芯锌褘	0.000287	0.116534	0.000033
褋懈褋褌械屑褘	0.000287	0.040822	0.000012
褋懈褌懈	0.000287	0.127833	0.000037
褋泻邪蟹邪褌褜	0.000573	0.653926	0.000375
褋泻邪蟹芯泻	0.000287	0.116534	0.000033
褋泻芯胁芯褉芯写泻褍	0.000287	2.407946	0.000690
褋泻褉懈锌泻褍	0.000287	4.605170	0.001320
褋谢邪写泻邪褟	0.002294	0.116534	0.000267
褋谢邪写泻懈械	0.001720	0.040822	0.000070
褋谢邪写泻懈泄	0.003727	0.105361	0.000393
褋谢邪写泻懈褏	0.000573	0.116534	0.000067
褋谢邪写泻芯	0.000287	0.116534	0.000033
褋谢邪写泻芯胁邪褌褘泄	0.000287	3.506558	0.001005
褋谢懈胁芯褔薪芯械	0.000287	0.116534	0.000033
褋谢芯胁芯	0.000287	2.302585	0.000660
褋谢芯械薪芯谐芯	0.000287	0.127833	0.000037
褋谢芯械薪芯械	0.000287	0.116534	0.000033
褋谢芯械薪褘泄	0.000287	0.116534	0.000033
褋谢芯卸薪械械	0.000287	3.912023	0.001122
褋谢芯泄泻邪	0.000287	0.040822	0.000012
褋谢芯泄泻懈	0.000287	0.116534	0.000033
褋屑械褋褜	0.000573	1.660731	0.000952
褋屑械褌邪薪邪	0.000287	0.105361	0.000030
褋屑械褏邪	0.000287	3.912023	0.001122
褋屑械褕邪薪薪芯谐芯	0.000287	0.116534	0.000033
褋屑芯卸械褌械	0.000287	0.040822	0.000012
褋屑褍蟹懈	0.000860	0.040822	0.000035
褋薪邪褔邪谢邪	0.000287	2.120264	0.000608
褋薪褝泻	0.000287	0.116534	0.000033
褋芯斜懈褉邪械褌械褋褜	0.000287	0.040822	0.000012
褋芯斜褋褌胁械薪薪芯	0.000287	2.120264	0.000608
褋芯胁械褉褕械薪褋褌胁芯	0.001720	0.116534	0.000200
褋芯胁械褌邪屑懈	0.000287	0.040822	0.000012
褋芯胁械褌褍褞	0.000287	1.139434	0.000327
褋芯谐谢邪褋懈褌械褋褜	0.000287	3.218876	0.000923
褋芯谐谢邪褕邪械褌械褋褜	0.000287	0.040822	0.000012
褋芯械胁褘泄	0.003154	0.798508	0.002518
褋芯蟹写邪械褌	0.000287	0.116534	0.000033
褋芯蟹写邪薪懈褟	0.000573	0.261365	0.000150
褋芯蟹褉械胁邪薪懈褟	0.000287	4.605170	0.001320
褋芯泻	0.001433	0.116534	0.000167
褋芯泻邪	0.000287	0.105361	0.000030
褋芯泻懈	0.000287	0.040822	0.000012
褋芯谢械薪褘械	0.000860	0.116534	0.000100
褋芯谢械薪褘泄	0.000573	2.813411	0.001613
褋芯谢械薪褜褟	0.000573	0.116534	0.000067
褋芯谢薪械褔薪芯泄	0.000287	0.127833	0.000037
褋芯谢芯屑泻邪	0.000287	4.605170	0.001320
褋芯谢褜	0.008314	0.150823	0.001254
褋芯谢褟薪泻邪	0.000573	0.040822	0.000023
褋芯褉褌懈褉芯胁邪褌褜	0.000287	0.248461	0.000071
褋芯褋褌邪胁褜	0.000287	0.116534	0.000033
褋芯褍褋	0.006021	0.040822	0.000246
褋芯褍褋芯屑	0.001433	0.116534	0.000167
褋芯褍褋褘	0.001720	0.116534	0.000200
褋芯褏褉邪薪褟褌褜	0.000287	0.040822	0.000012
褋芯褑褋械褌懈	0.000287	0.040822	0.000012
褋芯褔械褌邪薪懈械	0.000573	0.116534	0.000067
褋芯褔薪芯械	0.000287	0.116534	0.000033
褋芯褔薪芯褋褌褜	0.000287	3.506558	0.001005
褋芯褔薪褘屑	0.000287	2.302585	0.000660
褋锌邪谐械褌褌懈	0.000287	3.218876	0.000923
褋锌邪谢褜薪褟屑懈	0.000287	0.446287	0.000128
褋锌械褑懈邪谢褜薪芯械	0.000287	0.116534	0.000033
褋锌械褑懈懈	0.000860	0.105361	0.000091
褋锌械褑锌褉芯械泻褌	0.009461	0.116534	0.001103
褋锌懈褋芯泻	0.000287	0.116534	0.000033
褋锌芯褞	0.000287	0.116534	0.000033
褋锌褉芯褋懈谢	0.000287	3.912023	0.001122
褋褉邪蟹褍	0.000287	0.733969	0.000210
褋褉械写懈蟹械屑薪芯屑芯褉褋泻邪褟	0.000287	0.127833	0.000037
褋褌邪褉褘械	0.000287	0.261365	0.000075
褋褌邪褉褘泄	0.000287	2.040221	0.000585
褋褌邪褌褜褟褏	0.000287	0.061875	0.000018
褋褌懈谢械	0.000573	0.116534	0.000067
褋褌懈谢褟	0.000287	0.116534	0.000033
褋褌芯谢	0.000573	0.105361	0.000060
褋褌芯谢邪	0.001720	0.116534	0.000200
褋褌褉芯谐芯	0.000287	2.407946	0.000690
褋褌褉芯懈褌械谢褜褋褌胁械	0.000287	0.040822	0.000012
褋褌褉芯懈褌械谢褜褋褌胁褍	0.000287	0.040822	0.000012
褋褌褉芯懈褌褜	0.000287	0.040822	0.000012
褋褌褉芯泄薪芯泄	0.000287	0.116534	0.000033
褋褍斜锌褉芯写褍泻褌芯胁	0.002007	0.116534	0.000234
褋褍斜锌褉芯写褍泻褌褘	0.000860	0.116534	0.000100
褋褍写懈褌械	0.000287	2.813411	0.000807
褋褍锌	0.003154	0.040822	0.000129
褋褍锌邪	0.000287	0.040822	0.000012
褋褍锌械褉屑邪褉泻械褌械	0.000287	4.605170	0.001320
褋褍锌褘	0.003727	0.040822	0.000152
褋褍褌芯褔薪褘械	0.000287	4.605170	0.001320
褋褍褎谢械	0.000860	0.040822	0.000035
褋褍褏邪褉懈	0.000287	0.040822	0.000012
褋褍褏芯械	0.000573	1.660731	0.000952
褋褍褕懈	0.000573	0.040822	0.000023
褋褗械写械薪邪	0.000287	3.912023	0.001122
褋褗械褋褌褜	0.000573	2.995732	0.001718
褋褘褉	0.000860	0.040822	0.000035
褋褘褉邪	0.002007	0.116534	0.000234
褋褘褉邪屑懈	0.000287	0.127833	0.000037
褋褘褉薪懈泻	0.000287	0.040822	0.000012
褋褘褉薪懈泻懈	0.000573	0.116534	0.000067
褋褘褉薪褘械	0.001147	0.040822	0.000047
褋褘褉芯胁褟谢械薪薪芯械	0.000287	4.605170	0.001320
褋褘褌薪褘泄	0.000573	0.105361	0.000060
褋褘褔褍卸薪褘屑懈	0.000287	0.127833	0.000037
褋褝薪写胁懈褔懈	0.000287	0.127833	0.000037
褋褞褉锌褉懈蟹	0.000287	0.116534	0.000033
褌邪写卸懈泻褋泻邪褟	0.000287	0.116534	0.000033
褌邪泄褋泻邪褟	0.000287	0.116534	0.000033
褌邪褉褌	0.000287	0.116534	0.000033
褌邪褉褌邪谢械褌泻懈	0.000573	0.040822	0.000023
褌邪褌邪褉褋泻邪褟	0.000860	0.116534	0.000100
褌胁械褉写芯	0.000287	3.912023	0.001122
褌胁芯懈	0.000573	0.116534	0.000067
褌胁芯褉懈	0.000287	0.116534	0.000033
褌胁芯褉芯谐	0.000573	0.040822	0.000023
褌胁芯褉芯谐芯屑	0.000287	0.105361	0.000030
褌胁芯褉芯卸薪芯械	0.000287	0.116534	0.000033
褌胁芯褉芯卸薪褘械	0.000573	0.116534	0.000067
褌胁芯褉芯卸薪褘泄	0.000287	0.116534	0.000033
褌械谢械谐褉邪屑	0.000287	0.040822	0.000012
褌械谢褟褌懈薪褘	0.001147	0.116534	0.000134
褌械锌谢芯屑	0.000287	0.116534	0.000033
褌械褉褉邪褋芯泄	0.000287	0.798508	0.000229
褌械褉褉懈薪	0.000287	0.040822	0.000012
褌械褋褌	0.001433	0.127833	0.000183
褌械褋褌邪	0.001433	0.105361	0.000151
褌械褋褌芯	0.002580	0.040822	0.000105
褌械褏	0.000287	0.634878	0.000182
褌械褏薪懈泻邪	0.001433	0.105361	0.000151
褌械褖懈薪	0.000287	0.040822	0.000012
褌屑	0.001147	0.127833	0.000147
褌屑懈薪	0.000573	2.407946	0.001381
褌芯屑	0.000287	1.171183	0.000336
褌芯屑邪褌薪邪褟	0.000573	1.560648	0.000895
褌芯屑邪褌薪褘泄	0.000573	1.897120	0.001088
褌芯锌谢械薪芯械	0.000287	0.116534	0.000033
褌芯褉褌	0.003154	0.040822	0.000129
褌芯褉褌褘	0.002580	0.116534	0.000301
褌芯褋泻邪薪褋泻懈泄	0.000287	4.605170	0.001320
褌褉邪胁褘	0.000287	0.105361	0.000030
褌褉邪写懈褑懈懈	0.000287	0.116534	0.000033
褌褉邪写懈褑懈泄	0.001147	0.116534	0.000134
褌褉邪写懈褑懈芯薪薪芯械	0.000287	3.218876	0.000923
褌褉邪写懈褑懈褟褏	0.000287	0.116534	0.000033
褌褉械褏谢械褌懈械屑	0.000287	0.116534	0.000033
褌褉褍斜芯褔泻懈	0.000287	0.040822	0.000012
褌褉褍写薪芯	0.000287	2.040221	0.000585
褌褍薪懈褋褋泻邪褟	0.000287	0.116534	0.000033
褌褍薪褑芯屑	0.000287	0.116534	0.000033
褌褍褉械褑泻邪褟	0.000287	0.116534	0.000033
褌褘泻胁邪	0.000287	0.040822	0.000012
褍胁械写芯屑谢械薪懈褟	0.000287	0.040822	0.000012
褍谐芯褋褌懈谢懈	0.000287	3.912023	0.001122
褍谐芯褖邪泄褌械褋褜	0.000287	1.021651	0.000293
褍写邪褔薪邪褟	0.000287	0.116534	0.000033
褍写邪褔薪芯械	0.000287	3.912023	0.001122
褍写懈胁懈	0.000287	0.116534	0.000033
褍写懈胁懈褌褜	0.000287	1.771957	0.000508
褍写懈胁谢褟泄褌械	0.001147	0.116534	0.000134
褍写芯胁芯谢褜褋褌胁懈械	0.000287	2.813411	0.000807
褍写芯胁芯谢褜褋褌胁懈械屑	0.000287	0.116534	0.000033
褍写芯胁芯谢褜褋褌胁懈褟	0.000287	2.302585	0.000660
褍卸	0.000573	0.693147	0.000397
褍卸懈薪	0.002294	0.094311	0.000216
褍蟹斜械泻褋泻邪褟	0.000287	0.116534	0.000033
褍泻褉邪懈薪褋泻邪褟	0.000287	0.116534	0.000033
褍泻褉邪褕械薪懈褟	0.002294	0.116534	0.000267
褍泻褉芯锌	0.001147	0.562119	0.000645
褍泻褋褍褋	0.004587	0.634878	0.002912
褍屑芯锌芯屑褉邪褔懈褌械谢褜薪褘泄	0.000287	2.995732	0.000859
褍锌芯褌褉械斜谢械薪懈械屑	0.000287	0.116534	0.000033
褍褉邪谢褜褋泻邪褟	0.000287	0.116534	0.000033
褍褉芯卸邪泄	0.000287	0.105361	0.000030
褍褋谢芯胁懈褟屑	0.000287	3.506558	0.001005
褍褋谢芯胁懈褟褏	0.000287	1.771957	0.000508
褍褋褌芯褟褌褜	0.000287	3.506558	0.001005
褍褌泻懈	0.000860	0.116534	0.000100
褍褌褉芯屑	0.000287	2.207275	0.000633
褍褏邪	0.000287	0.040822	0.000012
褍褔邪褋褌胁芯胁邪褌褜	0.000287	0.040822	0.000012
褎邪蟹械薪写褘	0.000287	0.127833	0.000037
褎邪薪褌邪蟹懈懈	0.001720	0.116534	0.000200
褎邪薪褌邪蟹懈泄	0.000287	0.116534	0.000033
褎邪薪褌邪蟹懈褟	0.000287	0.116534	0.000033
褎邪褉褕邪	0.003727	0.040822	0.000152
褎邪褉褕懈褉芯胁邪薪薪邪褟	0.000573	0.116534	0.000067
褎邪褉褕懈褉芯胁邪薪薪芯械	0.000287	0.116534	0.000033
褎邪褉褕懈褉芯胁邪薪薪褘械	0.000573	0.040822	0.000023
褎邪褉褕懈褉芯胁邪薪薪褘泄	0.000287	0.040822	0.000012
褎邪褋芯谢械胁褘屑	0.000287	4.605170	0.001320
褎邪褋芯谢褜	0.001433	0.040822	0.000059
褎邪褋芯谢褜褞	0.000287	2.813411	0.000807
褎械胁褉邪谢褟	0.000287	0.105361	0.000030
褎械泄械褉胁械褉泻	0.000573	0.116534	0.000067
褎懈谐褍褉械	0.000287	0.116534	0.000033
褎懈谢械	0.000860	0.916291	0.000788
褎懈薪褋泻邪褟	0.000287	0.116534	0.000033
褎懈褉屑械薪薪芯械	0.000287	0.116534	0.000033
褎芯薪写褞	0.000287	0.040822	0.000012
褎芯褉屑褘	0.000287	0.116534	0.000033
褎芯褉褍屑械	0.000573	0.040822	0.000023
褎芯褉褕屑邪泻	0.000287	0.040822	0.000012
褎褉邪薪褑懈懈	0.000287	0.116534	0.000033
褎褉邪薪褑褍蟹褋泻邪褟	0.000287	0.116534	0.000033
褎褉邪褍	0.001147	0.116534	0.000134
褎褉褍泻褌芯胁	0.001147	0.116534	0.000134
褎褉褍泻褌芯胁芯	0.000287	0.116534	0.000033
褎褉褍泻褌芯胁褘械	0.002007	0.040822	0.000082
褎褍写	0.000287	0.116534	0.000033
褎褍褉褕械褌	0.000287	0.116534	0.000033
褏邪谢胁邪	0.000287	0.040822	0.000012
褏邪褉胁械褋褌褎械褋褌	0.000573	0.116534	0.000067
褏邪褉褔芯	0.000573	0.040822	0.000023
褏邪褕	0.000287	0.040822	0.000012
褏胁芯褉芯褋褌	0.000287	0.040822	0.000012
褏械褉褋芯薪褋泻懈	0.000287	4.605170	0.001320
褏懈薪泻邪谢懈	0.000287	0.116534	0.000033
褏懈褌	0.002294	0.116534	0.000267
褏谢械斜	0.000860	0.040822	0.000035
褏谢械斜芯锌械褔泻懈	0.000287	0.116534	0.000033
褏谢芯锌褜褟	0.000573	0.105361	0.000060
褏芯蟹褟泄泻懈	0.000287	0.127833	0.000037
褏芯谢芯写械褑	0.000287	0.040822	0.000012
褏芯谢芯写薪褘械	0.000573	0.116534	0.000067
褏芯谢芯写薪褘泄	0.000573	0.116534	0.000067
褏芯褉胁邪褌褋泻邪褟	0.000287	0.116534	0.000033
褏芯褉芯褕芯	0.001720	0.105361	0.000181
褏芯褉褋	0.000287	0.116534	0.000033
褏芯褌懈褌械	0.000287	0.040822	0.000012
褏芯褔褍	0.000573	0.562119	0.000322
褏褉褍褋褌褟褖邪褟	0.000287	2.302585	0.000660
褏褉褍褋褌褟褖懈械	0.000287	2.407946	0.000690
褏褍屑褍褋	0.000287	0.040822	0.000012
褑邪褉褋褌胁芯	0.000287	0.127833	0.000037
褑邪褉褜	0.000287	0.116534	0.000033
褑胁械褌薪邪褟	0.000287	0.040822	0.000012
褑械薪薪褘褏	0.000287	0.040822	0.000012
褑械薪褌褉	0.000287	0.116534	0.000033
褑褘锌谢械薪芯泻	0.000287	2.995732	0.000859
褔邪械屑	0.000287	0.116534	0.000033
褔邪泄	0.000860	0.040822	0.000035
褔邪褋芯胁	0.000287	2.040221	0.000585
褔械斜褍褉械泻懈	0.000573	0.040822	0.000023
褔械褉泻懈蟹芯胁芯	0.000573	0.116534	0.000067
褔械褉薪褘泄	0.001720	0.371064	0.000638
褔械褋薪芯泻	0.006881	0.314711	0.002165
褔械褋褌薪褘屑懈	0.000287	0.040822	0.000012
褔械褔械胁懈褑邪	0.000287	0.040822	0.000012
褔械褕褋泻邪褟	0.000287	0.116534	0.000033
褔懈蟹泻械泄泻	0.001147	0.040822	0.000047
褔懈谢懈	0.009461	1.237874	0.011712
褔懈谢懈泄褋泻邪褟	0.000287	0.116534	0.000033
褔懈锌褋褘	0.000287	0.040822	0.000012
褔懈褋谢褍	0.000287	0.261365	0.000075
褔懈褋褌芯械	0.000287	3.506558	0.001005
褔褍写械褋	0.000287	0.116534	0.000033
褕邪褉懈泻懈	0.000287	0.040822	0.000012
褕邪褉谢芯褌泻邪	0.000287	0.040822	0.000012
褕邪褉谢芯褌泻懈	0.000287	0.127833	0.000037
褕邪褉屑	0.000287	0.116534	0.000033
褕邪褕谢褘泻	0.003440	0.040822	0.000140
褕邪褕谢褘泻懈	0.000287	0.040822	0.000012
褕胁械写褋泻邪褟	0.000287	0.116534	0.000033
褕胁械泄褑邪褉褋泻邪褟	0.000287	0.116534	0.000033
褕械写械胁褉褘	0.000287	0.116534	0.000033
褕械褎	0.000573	0.127833	0.000073
褕懈锌褍褔泻邪	0.000287	0.040822	0.000012
褕懈褉芯泻邪褟	0.000287	0.127833	0.000037
褕泻芯谢褍	0.000287	0.116534	0.000033
褕芯泻芯谢邪写	0.000287	0.040822	0.000012
褕芯褌谢邪薪写褋泻邪褟	0.000287	0.116534	0.000033
褕褉懈胁锌芯褉褌	0.000287	4.605170	0.001320
褕褌褉褍写械谢褜	0.000287	0.040822	0.000012
褕褍褉锌邪	0.000287	0.040822	0.000012
褕褝褉懈写邪薪	0.000287	4.605170	0.001320
褖邪褋	0.000287	0.116534	0.000033
褖械写褉邪褟	0.000287	0.116534	0.000033
褖懈	0.000573	0.040822	0.000023
褝泻芯谢芯谐懈褔械褋泻懈	0.000287	4.605170	0.001320
褝泻芯屑懈谢泻	0.000287	0.127833	0.000037
褝褉泻械褉芯屑	0.000287	2.040221	0.000585
褝褋褌芯薪褋泻邪褟	0.000287	0.116534	0.000033
褝褌芯谐芯	0.000287	0.415515	0.000119
褝褌芯屑	0.000287	0.843970	0.000242
褞谐芯褋谢邪胁褋泻邪褟	0.000287	0.116534	0.000033
褟斜谢芯泻芯	0.000573	1.427116	0.000818
褟谐芯写薪褘械	0.000573	0.116534	0.000067
褟谐芯写薪褘泄	0.000573	0.116534	0.000067
褟蟹褘泻	0.000287	0.040822	0.000012
褟懈褑	0.001147	0.116534	0.000134
褟泄褑邪	0.000287	0.040822	0.000012
褟薪胁邪褉褟	0.000573	0.733969	0.000421
褟薪写械泻褋	0.000287	0.072571	0.000021
褟锌芯薪褋泻邪褟	0.000287	0.116534	0.000033
褟锌芯薪褋泻芯泄	0.000287	0.061875	0.000018
褟褉泻懈械	0.000287	0.116534	0.000033
褟褉泻芯	0.000287	0.105361	0.000030
