褌芯泻械薪	TF	IDF	TF-IDF
邪斜褏邪蟹褋泻邪褟	0.000321	0.116534	0.000037
邪胁褋褌褉邪谢懈泄褋泻邪褟	0.000321	0.116534	0.000037
邪胁褋褌褉懈泄褋泻邪褟	0.000321	0.116534	0.000037
邪胁褌芯泻谢邪胁邪	0.000321	0.116534	0.000037
邪胁褌芯褉	0.000641	1.427116	0.000915
邪胁褌芯褉邪屑	0.000321	0.040822	0.000013
邪谐褉芯	0.000321	0.116534	0.000037
邪写卸懈泻邪	0.000321	0.040822	0.000013
邪蟹械褉斜邪泄写卸邪薪褋泻邪褟	0.000321	0.116534	0.000037
邪蟹懈邪褌褋泻邪褟	0.000321	0.127833	0.000041
邪蟹褘	0.000321	0.127833	0.000041
邪泄褉邪薪	0.000321	0.040822	0.000013
邪泻胁邪褌懈泻邪	0.000962	0.127833	0.000123
邪泻泻褍褉邪褌薪芯	0.000321	3.506558	0.001124
邪谢械泻褋械褟	0.000321	0.127833	0.000041
邪谢泻芯谐芯谢褜	0.000641	0.116534	0.000075
邪谢泻芯谐芯谢褜薪褘械	0.000321	0.116534	0.000037
邪谢泻芯谐芯谢褟	0.000321	0.116534	0.000037
邪谢褜褟薪褋	0.000321	0.116534	0.000037
邪屑械褉懈泻邪薪褋泻邪褟	0.000321	0.116534	0.000037
邪薪邪薪邪褋芯胁	0.000321	3.912023	0.001254
邪薪谐谢懈泄褋泻邪褟	0.000321	0.116534	0.000037
邪薪写褉械褟	0.000321	0.127833	0.000041
邪褉邪斜褋泻邪褟	0.000321	0.116534	0.000037
邪褉谐械薪褌懈薪褋泻邪褟	0.000321	0.116534	0.000037
邪褉屑褟薪褋泻邪褟	0.000321	0.116534	0.000037
邪褋褋芯褉褌懈	0.000641	0.116534	0.000075
邪褌谢邪薪褌	0.000321	0.127833	0.000041
邪褎谐邪薪褋泻邪褟	0.000321	0.116534	0.000037
邪褎褉懈泻邪薪褋泻邪褟	0.000321	0.116534	0.000037
邪褝褉芯谐褉懈谢械	0.003205	0.116534	0.000374
斜邪胁邪褉褋泻懈	0.000321	4.605170	0.001476
斜邪泻谢邪卸邪薪薪邪褟	0.000321	4.605170	0.001476
斜邪泻谢邪卸邪薪褘	0.000321	0.040822	0.000013
斜邪泻芯胁	0.000321	4.605170	0.001476
斜邪谢褌泻芯屑	0.000321	0.127833	0.000041
斜邪褉邪薪懈薪褘	0.001282	0.116534	0.000149
斜邪褋屑邪褌懈	0.000641	0.127833	0.000082
斜邪褋褌褍褉屑邪	0.000321	0.040822	0.000013
斜邪褌芯薪褔懈泻懈	0.000321	0.127833	0.000041
斜邪褕泻懈褉褋泻邪褟	0.000321	0.116534	0.000037
斜械蟹邪谢泻芯谐芯谢褜薪褘械	0.000321	0.116534	0.000037
斜械蟹谐谢褞褌械薪芯胁褘械	0.000641	0.116534	0.000075
斜械蟹械	0.001282	0.040822	0.000052
斜械谢械斜械械胁褋泻懈泄	0.000641	0.116534	0.000075
斜械谢泻懈	0.000641	2.407946	0.001544
斜械谢芯褉褍褋褋泻邪褟	0.000321	0.116534	0.000037
斜械谢褜谐懈泄褋泻邪褟	0.000321	0.116534	0.000037
斜械褉械屑械薪薪褘褏	0.000321	0.116534	0.000037
斜械褋械写懈薪邪	0.000321	0.127833	0.000041
斜懈褋泻胁懈褌	0.000321	0.040822	0.000013
斜懈褋泻胁懈褌薪芯械	0.000641	0.116534	0.000075
斜懈褋泻胁懈褌薪褘泄	0.000321	0.105361	0.000034
斜懈褋泻胁懈褌褘	0.000321	0.127833	0.000041
斜懈褌芯褔泻懈	0.000321	1.897120	0.000608
斜谢懈卸械	0.000321	0.116534	0.000037
斜谢懈蟹泻懈褏	0.000321	0.116534	0.000037
斜谢懈薪芯胁	0.000641	0.116534	0.000075
斜谢懈薪褘	0.001282	0.040822	0.000052
斜谢芯谐邪	0.000321	2.407946	0.000772
斜谢芯谐邪褏	0.000321	2.407946	0.000772
斜谢褞写	0.000641	0.094311	0.000060
斜谢褞写邪	0.034615	0.040822	0.001413
斜谢褞写芯	0.001282	0.040822	0.000052
斜谢褞写褍	0.000321	0.116534	0.000037
斜芯斜芯胁褘械	0.000641	0.127833	0.000082
斜芯斜芯胁褘褏	0.003526	0.116534	0.000411
斜芯谢谐邪褉褋泻邪褟	0.000321	0.116534	0.000037
斜芯谢褜褕械	0.000962	0.105361	0.000101
斜芯谢褜褕芯械	0.000321	1.560648	0.000500
斜芯谢褜褕芯泄	0.000321	1.560648	0.000500
斜芯褉褖	0.000641	0.040822	0.000026
斜芯褌胁懈薪褜褟	0.000321	0.040822	0.000013
斜褉邪胁懈褋褋懈屑芯	0.000321	4.605170	0.001476
斜褉邪蟹懈谢褜褋泻邪褟	0.000321	0.116534	0.000037
斜褉邪褍蟹械褉械	0.000321	0.040822	0.000013
斜褉邪褍薪懈	0.000321	0.040822	0.000013
斜褉械褋褌	0.000321	0.127833	0.000041
斜褉芯泻泻芯谢懈	0.000321	0.040822	0.000013
斜褉褘薪蟹芯泄	0.000321	4.605170	0.001476
斜褍卸械薪懈薪邪	0.000321	0.040822	0.000013
斜褍谢谐褍褉芯屑	0.000321	4.605170	0.001476
斜褍谢芯褔泻邪屑懈	0.000321	0.116534	0.000037
斜褍谢芯褔泻懈	0.000641	0.040822	0.000026
斜褍谢褜芯薪	0.002244	0.040822	0.000092
斜褍谢褜芯薪褘	0.001282	0.116534	0.000149
斜褍褉谐械褉	0.000321	0.040822	0.000013
斜褍褉谐械褉褘	0.000321	0.127833	0.000041
斜褍褉褟褌褋泻邪褟	0.000321	0.116534	0.000037
斜褍褌械褉斜褉芯写	0.000641	0.116534	0.000075
斜褍褌械褉斜褉芯写褘	0.000641	0.040822	0.000026
斜褘褋褌褉芯	0.000641	0.094311	0.000060
斜褘褋褌褉芯泄	0.000321	0.116534	0.000037
斜褘褋褌褉褘泄	0.000641	0.105361	0.000068
胁邪卸薪褘械	0.000321	0.116534	0.000037
胁邪谢谢懈泄褋泻邪褟	0.000321	0.116534	0.000037
胁邪褉械薪懈泻懈	0.000321	0.116534	0.000037
胁邪褉械薪褜械	0.000641	0.040822	0.000026
胁邪褌褉褍褕泻懈	0.000321	0.040822	0.000013
胁邪褎谢懈	0.000641	0.040822	0.000026
胁邪褕械泄	0.000641	0.040822	0.000026
胁胁芯写邪	0.000321	2.302585	0.000738
胁胁芯写褟	0.000321	0.040822	0.000013
胁写芯褏薪芯胁械薪懈械	0.001282	0.116534	0.000149
胁写芯褏薪芯胁械薪懈械屑	0.000641	0.116534	0.000075
胁写芯褏薪芯胁谢褟泄褋褟	0.000321	0.116534	0.000037
胁械谐械褌邪褉懈邪薪褋泻懈械	0.000321	0.127833	0.000041
胁械谐械褌邪褉懈邪薪褋泻芯械	0.000641	0.116534	0.000075
胁械谢懈泻懈泄	0.000321	0.116534	0.000037
胁械谢懈泻芯谢械锌薪芯	0.000321	3.506558	0.001124
胁械薪谐械褉褋泻邪褟	0.000321	0.116534	0.000037
胁械褉褋懈褟	0.000321	2.407946	0.000772
胁械褋械薪薪懈械	0.000321	0.051293	0.000016
胁械褋薪邪	0.001603	0.116534	0.000187
胁械褋薪褘	0.000321	0.116534	0.000037
胁械褋芯屑	0.000321	4.605170	0.001476
胁械褌褔懈薪褘	0.000321	0.105361	0.000034
胁懈写	0.000321	2.207275	0.000707
胁懈写邪褌褜	0.000321	4.605170	0.001476
胁懈写械	0.002564	1.171183	0.003003
胁懈写械芯	0.000641	0.116534	0.000075
胁懈薪芯	0.000641	0.040822	0.000026
胁泻谢褞褔懈褌褜	0.000321	3.912023	0.001254
胁泻褍褋	0.000641	0.105361	0.000068
胁泻褍褋邪	0.002564	0.116534	0.000299
胁泻褍褋薪邪褟	0.001282	0.061875	0.000079
胁泻褍褋薪械械	0.000641	0.116534	0.000075
胁泻褍褋薪械泄	0.000321	0.116534	0.000037
胁泻褍褋薪芯	0.001923	0.094311	0.000181
胁泻褍褋薪褘械	0.000641	0.105361	0.000068
胁泻褍褋芯屑	0.000321	0.105361	0.000034
胁泻褍褋褍	0.000962	1.272966	0.001224
胁泻褍褋褘	0.000641	2.120264	0.001359
胁谢褞斜谢械薪薪褘褏	0.000321	0.116534	0.000037
胁屑械褋褌械	0.000321	0.916291	0.000294
胁芯	0.000321	0.061875	0.000020
胁芯写械	0.000321	0.105361	0.000034
胁芯泄褌懈	0.001282	0.000000	0.000000
胁芯谢芯胁邪薪褘	0.000321	0.116534	0.000037
胁芯谢褕械斜薪褘械	0.000321	0.116534	0.000037
胁芯谢褕械斜褋褌胁芯	0.000321	0.116534	0.000037
胁芯锌褉芯褋褘	0.000641	0.000000	0.000000
胁芯褋锌芯谢褜蟹芯胁邪胁褕懈褋褜	0.000321	2.302585	0.000738
胁芯褋褌芯褔薪邪褟	0.000321	0.127833	0.000041
胁褉械屑械薪邪	0.000321	0.116534	0.000037
胁褉械屑械薪械屑	0.001923	0.116534	0.000224
胁褉械屑褟	0.000962	0.400478	0.000385
胁褋械谐芯	0.000321	0.186330	0.000060
胁褋械泄	0.000962	0.105361	0.000101
胁褋械屑褍	0.000321	0.061875	0.000020
胁褋锌芯屑薪懈褌褜	0.000321	0.040822	0.000013
胁褋褌邪胁泻懈	0.000641	2.407946	0.001544
胁褋褌褍锌邪泄褌械	0.000321	2.407946	0.000772
胁褌芯褉芯械	0.000641	0.116534	0.000075
胁褌芯褉褘械	0.000321	0.127833	0.000041
胁褏芯写	0.000962	0.030459	0.000029
胁褘谐谢褟写械褌褜	0.000321	2.302585	0.000738
胁褘谐谢褟写懈褌	0.000321	2.120264	0.000680
胁褘泄褌懈	0.000321	0.040822	0.000013
胁褘锌械褔泻邪	0.003846	0.040822	0.000157
胁褘锌械褔泻懈	0.000641	0.072571	0.000047
胁褘锌械褔泻芯泄	0.000321	0.116534	0.000037
胁褘褉械蟹邪胁	0.000321	4.605170	0.001476
胁褘褋褍褕懈褌褜	0.000321	4.605170	0.001476
胁褜械褌薪邪屑褋泻邪褟	0.000321	0.116534	0.000037
谐邪胁邪泄褋泻邪褟	0.000321	0.116534	0.000037
谐邪蟹芯胁褘械	0.000321	4.605170	0.001476
谐邪褉薪懈褉	0.002244	0.040822	0.000092
谐邪褋锌邪褔芯	0.000321	0.040822	0.000013
谐械芯谐褉邪褎懈褟	0.000321	0.116534	0.000037
谐谢邪胁薪褘泄	0.000321	0.040822	0.000013
谐谢邪蟹褍褉褜	0.000962	0.040822	0.000039
谐谢懈薪褌胁械泄薪	0.000321	0.040822	0.000013
谐芯胁褟写懈薪褘	0.001282	0.116534	0.000149
谐芯写	0.002885	0.105361	0.000304
谐芯写蟹懈谢谢邪	0.000321	4.605170	0.001476
谐芯谢谢邪薪写褋泻邪褟	0.000321	0.116534	0.000037
谐芯褉芯写邪	0.000321	0.116534	0.000037
谐芯褉芯褏	0.000321	0.116534	0.000037
谐芯褉褔懈褑邪	0.000641	0.040822	0.000026
谐芯褉褔懈褑邪屑懈	0.000321	0.127833	0.000041
谐芯褉褕芯褔泻邪褏	0.000321	0.105361	0.000034
谐芯褉褕芯褔泻械	0.000321	0.040822	0.000013
谐芯褉褟褔械械	0.000962	0.116534	0.000112
谐芯褉褟褔懈械	0.014423	0.105361	0.001520
谐芯褉褟褔懈泄	0.000641	0.116534	0.000075
谐芯褋褌懈	0.000321	0.116534	0.000037
谐芯褌芯胁懈谢	0.000321	2.659260	0.000852
谐芯褌芯胁懈屑	0.002244	0.094311	0.000212
谐芯褌芯胁懈褌褜	0.001603	0.105361	0.000169
谐芯褌芯胁芯谐芯	0.000321	2.302585	0.000738
谐芯褌芯胁褜	0.000962	0.116534	0.000112
谐芯褌芯胁褟褌	0.000321	0.116534	0.000037
谐褉邪写褍褋芯胁	0.000321	2.659260	0.000852
谐褉邪屑屑	0.000321	3.912023	0.001254
谐褉械薪泻懈	0.000641	0.040822	0.000026
谐褉械褔械褋泻邪褟	0.000321	0.116534	0.000037
谐褉械褔泻邪	0.000321	0.040822	0.000013
谐褉懈斜邪屑懈	0.001282	0.105361	0.000135
谐褉懈斜薪褘械	0.000641	0.040822	0.000026
谐褉懈斜芯胁	0.002564	0.116534	0.000299
谐褉懈斜褘	0.000962	0.040822	0.000039
谐褉懈谢械	0.001923	0.116534	0.000224
谐褉懈谢褜	0.000321	0.116534	0.000037
谐褉懈谢褜屑邪薪懈褟	0.000321	0.116534	0.000037
谐褉懈谢褟	0.001282	0.116534	0.000149
谐褉芯谐	0.000321	0.040822	0.000013
谐褉褍写泻懈	0.000321	2.525729	0.000810
谐褉褍蟹懈薪褋泻邪褟	0.000321	0.116534	0.000037
谐褉褍锌锌褍	0.000641	2.407946	0.001544
谐褉褍锌锌褘	0.000321	0.061875	0.000020
谐褍褉屑邪薪懈褟	0.001923	0.116534	0.000224
谐褍褉屑械	0.000321	0.127833	0.000041
谐褍褋褟	0.000641	0.105361	0.000068
写邪械褌	0.000321	0.040822	0.000013
写邪薪薪褘械	0.000321	0.040822	0.000013
写邪褉褘	0.000321	0.116534	0.000037
写邪褌褋泻邪褟	0.000321	0.116534	0.000037
写邪褔薪芯械	0.000962	0.116534	0.000112
写邪褕邪	0.000321	3.912023	0.001254
写胁邪	0.000321	1.171183	0.000375
写械泻芯褉	0.000321	0.127833	0.000041
写械谢邪械褌	0.000641	0.116534	0.000075
写械谢邪谢	0.000321	3.912023	0.001254
写械谢懈屑褋褟	0.000321	0.040822	0.000013
写械谢芯屑	0.000321	0.116534	0.000037
写械薪褜	0.001603	0.083382	0.000134
写械褉械胁褟薪薪褘械	0.000321	4.605170	0.001476
写械褋械褉褌	0.000962	0.116534	0.000112
写械褋械褉褌邪褑懈褟	0.000321	0.116534	0.000037
写械褋械褉褌薪褘械	0.000321	0.116534	0.000037
写械褋械褉褌褘	0.004487	0.040822	0.000183
写械褋褟褌懈	0.000321	3.506558	0.001124
写械褋褟褌褜	0.000321	2.207275	0.000707
写械褌械泄	0.000321	0.116534	0.000037
写械褕褢胁褘泄	0.000321	4.605170	0.001476
写卸械屑	0.000321	0.040822	0.000013
写蟹械薪	0.000321	0.116534	0.000037
写懈械褌邪	0.000321	0.116534	0.000037
写懈械褌褘	0.000321	0.116534	0.000037
写懈泻懈泄	0.000641	0.116534	0.000075
写懈泻芯谐芯	0.000321	0.116534	0.000037
写懈锌	0.000321	0.116534	0.000037
写懈褔懈	0.000641	0.116534	0.000075
写懈褔褜	0.000321	0.116534	0.000037
写薪械胁薪懈泻邪褏	0.000321	0.061875	0.000020
写薪械泄	0.000962	0.116534	0.000112
写薪褟	0.000321	0.040822	0.000013
写芯斜邪胁懈褌褜	0.000321	1.514128	0.000485
写芯斜邪胁谢褟褌褜	0.000321	0.040822	0.000013
写芯斜邪胁褜	0.000321	0.116534	0.000037
写芯斜褉芯褎谢芯褌	0.000321	0.127833	0.000041
写芯胁械褉褟械褕褜	0.000321	0.116534	0.000037
写芯谢褜泻懈	0.000641	3.912023	0.002508
写芯屑	0.002885	0.040822	0.000118
写芯屑邪褕薪械械	0.000962	0.040822	0.000039
写芯屑邪褕薪懈械	0.000641	0.040822	0.000026
写芯屑邪褕薪懈泄	0.001603	0.116534	0.000187
写芯屑邪褕薪褟褟	0.000641	0.105361	0.000068
写芯屑芯胁	0.000321	0.040822	0.000013
写芯褉芯谐芯泄	0.000321	3.912023	0.001254
写芯褉芯卸械	0.000321	4.605170	0.001476
写褉邪泄胁	0.001603	0.127833	0.000205
写褉芯卸卸械胁芯械	0.000321	0.116534	0.000037
写褉褍谐懈屑懈	0.001603	0.040822	0.000065
写褉褍蟹褜褟屑懈	0.000321	2.040221	0.000654
写褍褏芯胁泻邪	0.001603	0.127833	0.000205
写褍褏芯胁泻械	0.001282	0.867501	0.001112
写褍褏芯胁泻褍	0.000321	1.771957	0.000568
写褍褕懈	0.000962	0.105361	0.000101
械胁褉械泄褋泻邪褟	0.000321	0.116534	0.000037
械谐懈锌械褌褋泻邪褟	0.000321	0.116534	0.000037
械写懈薪褘泄	0.000321	0.040822	0.000013
械泻芯	0.000321	0.127833	0.000041
械谢	0.000321	3.218876	0.001032
卸邪褉械薪褘泄	0.001923	2.120264	0.004077
卸邪褉懈褌褜	0.001282	1.966113	0.002521
卸邪褉泻芯械	0.000321	0.040822	0.000013
卸械谢邪薪懈械屑	0.000321	4.605170	0.001476
卸械谢械	0.000962	0.040822	0.000039
卸械薪褋泻邪褟	0.000321	0.127833	0.000041
卸械薪褋泻芯屑	0.000321	0.061875	0.000020
卸械薪褖懈薪褘	0.000641	0.116534	0.000075
卸懈蟹薪懈	0.000321	0.040822	0.000013
卸懈蟹薪褜	0.000321	0.116534	0.000037
卸懈褉褘	0.000641	2.207275	0.001415
卸褍谢褜械薪	0.000321	0.040822	0.000013
卸褍褉薪邪谢邪	0.000321	0.127833	0.000041
卸褞谢褜械薪	0.000321	0.040822	0.000013
蟹邪斜褉邪谢邪	0.000321	4.605170	0.001476
蟹邪胁邪褉薪芯械	0.000321	0.116534	0.000037
蟹邪胁邪褉薪芯泄	0.000321	0.116534	0.000037
蟹邪胁褌褉邪泻	0.002244	0.094311	0.000212
蟹邪胁褌褉邪泻懈	0.000321	0.127833	0.000041
蟹邪谐芯褌芯胁泻懈	0.001282	0.040822	0.000052
蟹邪写邪胁邪褌褜	0.000321	0.040822	0.000013
蟹邪泄褑邪	0.000641	0.116534	0.000075
蟹邪泻胁邪褋泻邪	0.000321	0.040822	0.000013
蟹邪泻胁邪褋泻邪屑懈	0.000321	0.116534	0.000037
蟹邪泻胁邪褋芯泻	0.000321	0.127833	0.000041
蟹邪泻褉褘褌褘泄	0.000321	0.116534	0.000037
蟹邪泻褍褋泻邪	0.001282	1.347074	0.001727
蟹邪泻褍褋泻懈	0.005769	0.040822	0.000236
蟹邪泻褍褋泻褍	0.001603	0.116534	0.000187
蟹邪泻褍褋芯薪褔懈泻	0.000321	0.116534	0.000037
蟹邪泻褍褋芯褔泻邪	0.000321	0.116534	0.000037
蟹邪泻褍褋芯褔薪褘械	0.002885	0.116534	0.000336
蟹邪谢懈胁薪芯械	0.000641	0.040822	0.000026
蟹邪屑芯褉芯蟹泻邪	0.000321	0.105361	0.000034
蟹邪锌邪写	0.000321	0.116534	0.000037
蟹邪锌械泻邪薪懈褟	0.001603	1.560648	0.002501
蟹邪锌械泻邪薪泻邪	0.001282	0.105361	0.000135
蟹邪锌械泻邪薪泻懈	0.002244	0.040822	0.000092
蟹邪锌械泻邪褌褜	0.001923	2.813411	0.005410
蟹邪锌械泻邪褞	0.000321	4.605170	0.001476
蟹邪锌械褔械薪薪褘械	0.000321	2.302585	0.000738
蟹邪锌械褔械薪薪褘泄	0.000321	1.897120	0.000608
蟹邪锌械褔褢薪薪褘泄	0.003526	2.995732	0.010562
蟹邪锌懈褋褜褞	0.000321	2.302585	0.000738
蟹邪锌褉邪胁泻邪	0.000641	0.040822	0.000026
蟹邪褉械谐懈褋褌褉懈褉芯胁邪胁褕懈褋褜	0.000321	0.040822	0.000013
蟹邪褉械谐懈褋褌褉懈褉芯胁邪薪薪褘械	0.000321	2.207275	0.000707
蟹邪褉械谐懈褋褌褉懈褉芯胁邪褌褜褋褟	0.000641	0.030459	0.000020
蟹邪褋芯谢泻邪	0.000321	0.116534	0.000037
蟹胁邪薪褘泄	0.000321	0.127833	0.000041
蟹胁械蟹写邪	0.000321	0.127833	0.000041
蟹胁褢蟹写薪褘械	0.000321	0.116534	0.000037
蟹写芯褉芯胁芯械	0.000321	0.116534	0.000037
蟹写芯褉芯胁褘泄	0.000321	0.116534	0.000037
蟹写芯褉芯胁褜械	0.000321	2.813411	0.000902
蟹械谢械薪懈	0.000321	2.120264	0.000680
蟹械谢械薪褜	0.002564	0.094311	0.000242
蟹械褎懈褉	0.000321	0.040822	0.000013
蟹懈屑薪懈械	0.000321	0.051293	0.000016
蟹懈屑薪懈泄	0.000321	3.218876	0.001032
蟹懈屑褍	0.001282	0.040822	0.000052
蟹芯谢芯褌邪褟	0.000321	0.116534	0.000037
蟹褉褟	0.000321	3.506558	0.001124
蟹褍斜	0.000321	3.506558	0.001124
懈胁邪薪芯胁邪	0.000321	0.127833	0.000041
懈写械邪谢褜薪邪褟	0.000321	0.116534	0.000037
懈写械邪谢褜薪芯	0.000321	1.514128	0.000485
懈写械邪谢褜薪芯谐芯	0.001603	0.116534	0.000187
懈写械邪谢褜薪芯械	0.000321	0.116534	0.000037
懈写械泄泻懈	0.000321	0.116534	0.000037
懈蟹写械谢懈褟	0.000962	0.116534	0.000112
懈蟹写械谢懈褟屑懈	0.000962	0.116534	0.000112
懈泻褉邪	0.001282	0.040822	0.000052
懈屑械薪械屑	0.000321	0.040822	0.000013
懈薪胁械褉褌芯褉薪芯泄	0.000321	0.127833	0.000041
懈薪谐褉械写懈械薪褌褘	0.001923	0.139262	0.000268
懈薪写械泄泻懈	0.001603	0.094311	0.000151
懈薪写械泄泻芯泄	0.000321	0.116534	0.000037
懈薪写懈泄褋泻邪褟	0.000321	0.116534	0.000037
懈薪写懈谢邪泄褌	0.000962	0.116534	0.000112
懈薪写懈褉械褋薪褘械	0.000321	0.116534	0.000037
懈薪芯谐写邪	0.000321	1.897120	0.000608
懈薪褋褌褉褍泻褑懈褟屑懈	0.000321	0.040822	0.000013
懈薪褌械褉械褋薪芯	0.000641	1.660731	0.001065
懈薪褌械褉械褋薪褘泄	0.000321	1.897120	0.000608
懈褉邪泻褋泻邪褟	0.000321	0.116534	0.000037
懈褉邪薪褋泻邪褟	0.000321	0.116534	0.000037
懈褉谢邪薪写褋泻邪褟	0.000321	0.116534	0.000037
懈褉褍褕械薪褜泻邪	0.000321	2.525729	0.000810
懈褋泻褉械薪薪械	0.000321	0.116534	0.000037
懈褋谢邪薪写褋泻邪褟	0.000321	0.116534	0.000037
懈褋锌邪薪褋泻邪褟	0.000321	0.116534	0.000037
懈褋锌械泻懈	0.000321	0.116534	0.000037
懈褋锌芯谢褜蟹褍械褌褋褟	0.000641	1.714798	0.001099
懈褋褌芯褉懈懈	0.001603	0.116534	0.000187
懈褋褌芯褉懈褞	0.000321	0.116534	0.000037
懈褌邪谢懈懈	0.000641	0.105361	0.000068
懈褌邪谢褜褟薪褋泻邪褟	0.000321	0.116534	0.000037
泄芯谐褍褉褌	0.000962	0.040822	0.000039
泻邪斜邪褔泻懈	0.000321	0.040822	0.000013
泻邪胁泻邪蟹褋泻邪褟	0.000321	0.116534	0.000037
泻邪蟹邪薪械	0.000321	0.116534	0.000037
泻邪蟹邪褏褋泻邪褟	0.000321	0.116534	0.000037
泻邪泻邪芯	0.000641	0.040822	0.000026
泻邪谢械泄写芯褋泻芯锌	0.001282	0.116534	0.000149
泻邪谢屑褘褑泻邪褟	0.000321	0.116534	0.000037
泻邪谢褜屑邪褉	0.000321	0.040822	0.000013
泻邪屑械褉邪	0.000321	0.116534	0.000037
泻邪薪邪写褋泻邪褟	0.000321	0.116534	0.000037
泻邪薪邪谢	0.000641	0.040822	0.000026
泻邪薪邪谢械	0.000321	0.040822	0.000013
泻邪薪邪锌械	0.000641	0.040822	0.000026
泻邪锌褍褋褌邪	0.000641	0.040822	0.000026
泻邪锌褍褋褌薪褟泻	0.000321	0.040822	0.000013
泻邪锌褍褋褌褘	0.000641	0.040822	0.000026
泻邪褉邪屑械谢褜	0.000321	0.040822	0.000013
泻邪褉泻邪褋薪褘泄	0.001282	0.116534	0.000149
泻邪褉褌芯褎械谢褜	0.001282	0.040822	0.000052
泻邪褉褌芯褎械谢褜薪芯械	0.000321	0.040822	0.000013
泻邪褉褌芯褎械谢褜薪褘泄	0.000321	0.116534	0.000037
泻邪褉褌芯褕泻邪	0.000641	0.040822	0.000026
泻邪褉褌芯褕泻芯泄	0.000321	2.302585	0.000738
泻邪褋褌械褉	0.000321	4.605170	0.001476
泻邪褌械谐芯褉懈懈	0.000321	0.116534	0.000037
泻邪褌械谐芯褉懈褟	0.000962	0.150823	0.000145
泻邪褔械褋褌胁芯	0.000321	0.116534	0.000037
泻邪褕邪	0.000321	0.040822	0.000013
泻邪褕懈	0.001603	0.105361	0.000169
泻邪褕褍	0.000321	0.094311	0.000030
泻胁邪褋	0.000962	0.040822	0.000039
泻胁邪褋薪芯械	0.000962	0.116534	0.000112
泻胁邪褋芯屑	0.000321	0.127833	0.000041
泻械泻褋	0.000321	0.040822	0.000013
泻械泻褋褘	0.000641	0.116534	0.000075
泻械褎懈褉	0.000321	0.040822	0.000013
泻懈谢芯	0.000321	4.605170	0.001476
泻懈谢芯谐褉邪屑屑	0.000321	3.912023	0.001254
泻懈屑褔懈	0.000321	0.040822	0.000013
泻懈薪芯邪	0.000641	0.127833	0.000082
泻懈薪芯谢械薪褌邪	0.000321	0.116534	0.000037
泻懈褋械谢褜	0.000641	0.040822	0.000026
泻懈褌邪泄褋泻邪褟	0.000321	0.116534	0.000037
泻泻邪谢	0.001282	2.302585	0.002952
泻谢邪褋褋	0.002564	0.116534	0.000299
泻谢邪褋褋褘	0.000321	0.116534	0.000037
泻谢械薪芯胁褘泄	0.001603	2.813411	0.004509
泻谢褍斜薪褟	0.000321	4.605170	0.001476
泻薪懈谐褍	0.000321	0.040822	0.000013
泻芯写	0.001603	2.407946	0.003859
泻芯泻褌械泄谢懈	0.000321	0.127833	0.000041
泻芯泻褌械泄谢褜	0.001603	0.040822	0.000065
泻芯谢斜邪褋邪	0.000321	0.040822	0.000013
泻芯谢斜邪褋薪褘屑懈	0.000962	0.116534	0.000112
泻芯屑邪薪写邪	0.000641	0.127833	0.000082
泻芯屑懈	0.000321	0.116534	0.000037
泻芯屑屑械薪褌邪褉懈懈	0.000962	1.966113	0.001890
泻芯屑屑械薪褌邪褉懈泄	0.000641	2.302585	0.001476
泻芯屑锌邪薪懈泄	0.000321	0.105361	0.000034
泻芯屑锌芯褌	0.000962	0.040822	0.000039
泻芯薪懈薪褘	0.000321	0.116534	0.000037
泻芯薪泻褍褉褋	0.068590	0.105361	0.007227
泻芯薪泻褍褉褋邪	0.000321	0.116534	0.000037
泻芯薪泻褍褉褋邪褏	0.000321	0.040822	0.000013
泻芯薪泻褍褉褋薪褘械	0.000321	0.127833	0.000041
泻芯薪褋械褉胁懈褉芯胁邪薪懈械	0.000321	0.040822	0.000013
泻芯薪褋械褉胁懈褉芯胁邪薪薪邪褟	0.000321	0.116534	0.000037
泻芯薪褋械褉胁懈褉芯胁邪薪薪芯械	0.000321	0.116534	0.000037
泻芯薪褋械褉胁懈褉芯胁邪薪薪褘械	0.000641	0.116534	0.000075
泻芯薪褋械褉胁懈褉芯胁邪薪薪褘泄	0.000321	0.116534	0.000037
泻芯薪褌邪泻褌械	0.000321	2.407946	0.000772
泻芯薪褎械褌褌懈	0.000321	0.116534	0.000037
泻芯薪褎械褌褘	0.000962	0.040822	0.000039
泻芯薪褎懈写械薪褑懈邪谢褜薪芯褋褌懈	0.000321	0.040822	0.000013
泻芯薪褎懈褌褞褉	0.000321	0.040822	0.000013
泻芯薪褑褘	0.000321	3.912023	0.001254
泻芯锌褔械薪芯褋褌褟屑懈	0.000321	0.116534	0.000037
泻芯褉械泄褋泻邪褟	0.000321	0.116534	0.000037
泻芯褉械泄褋泻懈	0.000321	0.040822	0.000013
泻芯褉卸懈泻懈	0.000321	0.040822	0.000013
泻芯褉屑褟褖懈褏	0.000321	0.116534	0.000037
泻芯褌谢械褌褘	0.000321	0.040822	0.000013
泻芯褌芯褉芯屑褍	0.000321	0.116534	0.000037
泻芯褎械	0.000641	0.040822	0.000026
泻褉邪褋泻懈	0.000321	0.116534	0.000037
泻褉邪褋芯褌芯褔泻械	0.000321	4.605170	0.001476
泻褉械邪褌懈胁	0.000321	0.127833	0.000041
泻褉械屑	0.000321	0.040822	0.000013
泻褉械屑邪	0.000641	0.116534	0.000075
泻褉械锌泻懈泄	0.000321	0.116534	0.000037
泻褉芯谢懈泻邪	0.000641	0.116534	0.000075
泻褉芯屑械	0.000321	0.061875	0.000020
泻褉芯褏懈	0.000321	0.116534	0.000037
泻褉褍谐褍	0.000641	0.116534	0.000075
泻褉褍锌	0.001923	0.116534	0.000224
泻褉褍锌邪	0.000321	0.127833	0.000041
泻褉褍锌褘	0.000641	0.127833	0.000082
泻褉褍锌褟薪褘械	0.000321	0.116534	0.000037
泻褍斜懈薪褋泻邪褟	0.000321	0.116534	0.000037
泻褍谢械褕	0.000321	0.040822	0.000013
泻褍谢懈薪邪褉懈懈	0.000962	0.094311	0.000091
泻褍谢懈薪邪褉薪邪褟	0.000321	0.116534	0.000037
泻褍谢懈薪邪褉薪芯械	0.000321	0.116534	0.000037
泻褍谢懈薪邪褉薪芯屑	0.000321	2.659260	0.000852
泻褍谢懈薪邪褉薪褍褞	0.000321	0.040822	0.000013
泻褍谢懈薪邪褉薪褘泄	0.000641	0.072571	0.000047
泻褍谢懈薪邪褉薪褘褏	0.000321	0.116534	0.000037
泻褍谢懈褔	0.000321	0.040822	0.000013
泻褍谢懈褔懈	0.000321	0.116534	0.000037
泻褍褉写褋泻邪褟	0.000321	0.116534	0.000037
泻褍褉懈薪芯谐芯	0.000321	0.116534	0.000037
泻褍褉懈薪芯械	0.000321	0.127833	0.000041
泻褍褉懈薪芯泄	0.000321	2.120264	0.000680
泻褍褉懈薪褘械	0.000321	1.832581	0.000587
泻褍褉懈薪褘泄	0.000321	0.105361	0.000034
泻褍褉懈褑邪	0.000321	0.040822	0.000013
泻褍褉懈褑褘	0.000962	0.116534	0.000112
泻褍褉芯褔泻芯泄	0.000321	0.116534	0.000037
泻褍褋泻褍褋	0.000321	0.040822	0.000013
泻褍褏薪械泄	0.000321	0.040822	0.000013
泻褍褏薪懈	0.000962	0.040822	0.000039
泻褍褏薪褟	0.000962	0.116534	0.000112
谢邪胁邪褕	0.000641	0.040822	0.000026
谢邪胁邪褕邪	0.001282	0.116534	0.000149
谢邪谐屑邪薪	0.000321	0.040822	0.000013
谢邪泻芯屑褋褌胁芯	0.000321	0.116534	0.000037
谢邪锌褕邪	0.000641	0.040822	0.000026
谢邪褌褘褕褋泻邪褟	0.000321	0.116534	0.000037
谢械谐泻邪褟	0.000321	0.116534	0.000037
谢械谐泻懈泄	0.000962	0.116534	0.000112
谢械谐泻芯	0.001923	0.116534	0.000224
谢械薪褌芯褔泻懈	0.000321	4.605170	0.001476
谢械锌械褕泻懈	0.000641	0.040822	0.000026
谢械褌邪	0.000321	0.116534	0.000037
谢械褌薪懈械	0.000321	0.040822	0.000013
谢械褌薪褟褟	0.000321	0.116534	0.000037
谢械褌芯	0.001603	0.116534	0.000187
谢械褔芯	0.000321	0.040822	0.000013
谢懈谐邪	0.000962	0.116534	0.000112
谢懈泻械褉	0.000321	0.040822	0.000013
谢懈屑芯薪邪写	0.000641	0.040822	0.000026
谢懈褌芯胁褋泻	0.000321	0.127833	0.000041
谢懈褌芯胁褋泻邪褟	0.000321	0.116534	0.000037
谢芯屑褌懈泻懈	0.000321	3.912023	0.001254
谢褍泻	0.000321	0.301105	0.000097
谢褍褔褕懈械	0.000321	0.116534	0.000037
谢褍褔褕懈泄	0.000641	0.040822	0.000026
谢褍褔褕懈褏	0.000321	0.116534	0.000037
谢褞斜胁懈	0.000321	0.105361	0.000034
谢褞斜懈屑芯谐芯	0.000321	0.127833	0.000041
谢褞斜懈屑芯屑褍	0.000321	0.116534	0.000037
谢褞斜懈屑褘褏	0.001923	0.116534	0.000224
谢褞斜谢褞	0.000321	1.514128	0.000485
谢褞斜芯胁褜	0.000321	0.116534	0.000037
谢褞斜芯泄	0.000321	0.116534	0.000037
谢褟	0.000321	1.771957	0.000568
谢褢写	0.000321	0.127833	0.000041
屑邪谐褉懈斜邪	0.000321	0.116534	0.000037
屑邪泄	0.000321	0.116534	0.000037
屑邪泄芯薪械蟹	0.000321	0.116534	0.000037
屑邪泻邪褉芯薪薪褘械	0.000321	0.116534	0.000037
屑邪泻邪褉芯薪褘	0.000321	0.040822	0.000013
屑邪谢邪蟹懈泄褋泻邪褟	0.000321	0.116534	0.000037
屑邪薪谐芯	0.000321	4.605170	0.001476
屑邪薪薪懈泻	0.000321	0.040822	0.000013
屑邪薪褌褘	0.000321	0.116534	0.000037
屑邪薪褢胁褉褘	0.000321	0.116534	0.000037
屑邪褉邪褎芯薪	0.000962	0.116534	0.000112
屑邪褉懈薪邪	0.000321	2.813411	0.000902
屑邪褉懈薪邪写	0.002885	0.040822	0.000118
屑邪褉懈薪邪写褘	0.000962	0.116534	0.000112
屑邪褉懈薪芯胁邪薪薪褘械	0.000321	0.116534	0.000037
屑邪褉懈薪芯褔泻邪	0.000321	4.605170	0.001476
屑邪褉屑械谢邪写	0.000321	0.040822	0.000013
屑邪褉芯泻泻邪薪褋泻邪褟	0.000321	0.116534	0.000037
屑邪褉褌邪	0.001603	0.105361	0.000169
屑邪褋泻邪褉锌芯薪械	0.000321	0.040822	0.000013
屑邪褋谢邪	0.001282	1.237874	0.001587
屑邪褋谢械薪懈褑邪	0.000962	0.040822	0.000039
屑邪褋谢械薪懈褔薪芯械	0.000321	0.116534	0.000037
屑邪褋谢芯	0.002564	0.116534	0.000299
屑邪褋谢芯屑	0.000641	0.116534	0.000075
屑邪褋褌械褉	0.002885	0.116534	0.000336
屑邪褋褌懈泻邪	0.000321	0.040822	0.000013
屑邪褋褌懈泻懈	0.000321	0.116534	0.000037
屑邪褎褎懈薪褘	0.000321	0.116534	0.000037
屑邪褏械械胁褗	0.001282	0.116534	0.000149
屑械写懈邪褎芯褉褌	0.000962	0.000000	0.000000
屑械写芯胁褘泄	0.000321	0.116534	0.000037
屑械泻褋懈泻邪薪褋泻邪褟	0.000321	0.116534	0.000037
屑械薪褞	0.000321	0.116534	0.000037
屑械薪褟	0.001282	0.083382	0.000107
屑械薪褟械褌褋褟	0.000321	0.116534	0.000037
屑械褔褌邪	0.000321	0.116534	0.000037
屑械褔褌邪褞	0.000321	4.605170	0.001476
屑械褔褌褘	0.000641	0.040822	0.000026
屑懈写懈懈	0.000321	0.040822	0.000013
屑懈泻褉芯胁芯谢薪芯胁泻械	0.000321	0.116534	0.000037
屑懈谢褜械	0.000321	0.116534	0.000037
屑懈薪褍褌	0.001923	0.755023	0.001452
屑懈芯	0.000321	0.116534	0.000037
屑懈褉	0.000321	0.116534	0.000037
屑懈褉邪	0.000321	0.116534	0.000037
屑懈褉芯胁邪褟	0.000321	0.116534	0.000037
屑懈褋芯	0.000321	0.040822	0.000013
屑懈褋褌械褉懈褟	0.000321	0.116534	0.000037
屑懈褋褌褉邪谢褜	0.002244	0.116534	0.000261
屑薪芯卸械褋褌胁芯屑	0.000321	0.040822	0.000013
屑芯械	0.000321	0.116534	0.000037
屑芯卸械褌械	0.000962	0.000000	0.000000
屑芯泄	0.000321	0.105361	0.000034
屑芯谢写邪胁褋泻邪褟	0.000321	0.116534	0.000037
屑芯谢芯泻械	0.000321	0.105361	0.000034
屑芯谢芯泻芯	0.000321	0.116534	0.000037
屑芯谢芯褌褘泄	0.000321	3.912023	0.001254
屑芯谢芯褔薪褘泄	0.000641	0.040822	0.000026
屑芯谢芯褔薪褘褏	0.000321	0.116534	0.000037
屑芯屑械薪褌	0.000962	0.116534	0.000112
屑芯薪谐芯谢褜褋泻邪褟	0.000321	0.116534	0.000037
屑芯褉械	0.000321	0.116534	0.000037
屑芯褉械锌褉芯写褍泻褌芯胁	0.003526	0.040822	0.000144
屑芯褉械锌褉芯写褍泻褌褘	0.000641	0.116534	0.000075
屑芯褉泻芯胁褜	0.000321	0.040822	0.000013
屑芯褉芯卸械薪芯械	0.000962	0.040822	0.000039
屑芯褉褋	0.000321	0.040822	0.000013
屑芯褉褋褘	0.000321	0.116534	0.000037
屑芯褌芯褉	0.000321	0.116534	0.000037
屑芯褏懈褌芯	0.000321	0.040822	0.000013
屑褍卸褋泻邪褟	0.000321	0.127833	0.000041
屑褍卸褔懈薪褘	0.000641	0.116534	0.000075
屑褍谢褜褌懈胁邪褉泻械	0.012179	0.116534	0.001419
屑褍谢褜褌懈锌械泻邪褉械泄	0.000962	0.116534	0.000112
屑褍褋褋	0.000321	0.040822	0.000013
屑褍褋褋褘	0.000641	0.116534	0.000075
屑褍褔薪褘械	0.000321	0.116534	0.000037
屑褞褋谢懈	0.000641	0.116534	0.000075
屑褟褋邪	0.002564	0.116534	0.000299
屑褟褋薪芯谐芯	0.000641	0.116534	0.000075
屑褟褋薪芯泄	0.000321	0.116534	0.000037
屑褟褋薪褘械	0.001603	0.040822	0.000065
屑褟褋薪褘褏	0.000962	0.116534	0.000112
屑褟褋芯	0.002564	0.040822	0.000105
屑褟褋芯屑	0.001603	0.040822	0.000065
屑褟褋褍	0.000641	0.116534	0.000075
薪邪胁械褉褏	0.000321	2.302585	0.000738
薪邪谐褉褍蟹泻芯泄	0.000321	4.605170	0.001476
薪邪蟹邪写	0.002564	0.967584	0.002481
薪邪蟹薪邪褔械薪懈械	0.000321	2.407946	0.000772
薪邪蟹薪邪褔械薪懈褟	0.000641	0.116534	0.000075
薪邪谢懈胁泻邪	0.000321	0.040822	0.000013
薪邪锌懈褌泻懈	0.001923	0.040822	0.000079
薪邪锌懈褌芯泻	0.000321	0.040822	0.000013
薪邪锌褉懈屑械褉	0.000321	1.771957	0.000568
薪邪褉械蟹邪褌褜	0.000321	2.525729	0.000810
薪邪褋褌芯泄泻邪	0.000321	0.040822	0.000013
薪邪褋褌褉芯械薪懈械	0.000321	0.116534	0.000037
薪邪褑懈芯薪邪谢褜薪褘械	0.000321	0.116534	0.000037
薪邪褔懈薪泻邪	0.000641	0.040822	0.000026
薪邪褔懈薪泻芯泄	0.000321	0.116534	0.000037
薪邪褕械屑	0.000321	0.040822	0.000013
薪邪褕懈	0.000641	0.061875	0.000040
薪邪褕褍	0.000321	2.407946	0.000772
薪械写械谢褟	0.003205	0.061875	0.000198
薪械卸薪芯泄	0.000321	0.116534	0.000037
薪械卸薪褘械	0.000321	1.660731	0.000532
薪械谢谢械褔泻邪	0.000321	3.912023	0.001254
薪械谢谢懈褔泻邪	0.000641	3.506558	0.002248
薪械屑械褑泻邪褟	0.000321	0.116534	0.000037
薪械芯斜褘褔薪芯	0.000321	2.813411	0.000902
薪械芯斜褟蟹邪褌械谢褜薪芯	0.000321	4.605170	0.001476
薪械芯卸懈写邪薪薪褘械	0.000321	0.116534	0.000037
薪械褋谢邪写泻芯械	0.000321	0.116534	0.000037
薪懈褔械谐芯	0.000321	0.941609	0.000302
薪芯胁邪褟	0.000321	0.116534	0.000037
薪芯胁芯谐芯写薪械谐芯	0.001603	0.116534	0.000187
薪芯胁芯谐芯写薪械械	0.000962	0.116534	0.000112
薪芯胁芯谐芯写薪懈械	0.001923	0.040822	0.000079
薪芯胁芯谐芯写薪懈泄	0.002244	0.116534	0.000261
薪芯胁芯谐芯写薪褟褟	0.000321	0.105361	0.000034
薪芯胁芯褋褌褟褏	0.000321	0.061875	0.000020
薪芯胁褘械	0.000641	0.051293	0.000033
薪芯胁褘泄	0.002885	0.094311	0.000272
薪芯胁褘褏	0.000321	1.966113	0.000630
薪芯褉胁械卸褋泻邪褟	0.000321	0.116534	0.000037
薪褉邪胁褟褌褋褟	0.000321	1.771957	0.000568
芯斜械写	0.002564	0.105361	0.000270
芯斜械蟹褜褟薪褘	0.000321	0.116534	0.000037
芯斜褖邪褌褜褋褟	0.000321	0.040822	0.000013
芯斜褟蟹邪褌械谢褜薪芯	0.000321	0.967584	0.000310
芯胁芯褖邪屑懈	0.000321	0.116534	0.000037
芯胁芯褖械泄	0.007692	0.105361	0.000810
芯胁芯褖懈	0.001923	0.094311	0.000181
芯胁芯褖薪邪褟	0.000321	0.040822	0.000013
芯胁芯褖薪芯械	0.000321	0.116534	0.000037
芯胁芯褖薪芯泄	0.001282	0.105361	0.000135
芯胁芯褖薪褘械	0.001603	0.040822	0.000065
芯胁芯褖薪褘屑	0.000321	4.605170	0.001476
芯胁褋褟薪芯械	0.000321	0.116534	0.000037
芯谐薪械薪薪芯泄	0.000321	0.116534	0.000037
芯谐薪褟	0.000321	0.116534	0.000037
芯谐芯	0.001923	4.605170	0.008856
芯谐芯谐芯谐懈褖械	0.000321	4.605170	0.001476
芯谐褍褉褑邪屑懈	0.000321	4.605170	0.001476
芯谐褍褉褑褘	0.000641	0.116534	0.000075
芯写械褋褋泻懈	0.000321	4.605170	0.001476
芯写薪芯泻谢邪褋褋薪懈泻邪褏	0.000321	2.407946	0.000772
芯泻芯褉芯褔泻邪	0.000321	4.605170	0.001476
芯泻褉芯褕泻邪	0.000962	0.040822	0.000039
芯谢邪写褜懈	0.000962	0.040822	0.000039
芯谢械泄薪邪	0.000962	0.116534	0.000112
芯谢械泄薪芯泄	0.001282	0.116534	0.000149
芯谢械泄薪褘	0.000321	0.127833	0.000041
芯谢懈胁泻芯胁芯械	0.001603	0.544727	0.000873
芯谢懈胁泻芯胁褘屑	0.000321	4.605170	0.001476
芯屑谢械褌	0.000321	0.040822	0.000013
芯锌邪褉邪	0.000321	0.040822	0.000013
芯锌褉芯褋	0.000321	0.061875	0.000020
芯锌褟褌褜	0.000962	2.040221	0.001962
芯褋械薪薪械械	0.000321	0.116534	0.000037
芯褋械薪薪懈械	0.000321	0.051293	0.000016
芯褋械薪薪懈泄	0.000641	0.116534	0.000075
芯褋械薪褜	0.003205	0.105361	0.000338
芯褋薪芯胁薪芯械	0.000321	0.040822	0.000013
芯褋芯斜械薪薪芯	0.000321	1.469676	0.000471
芯褋褌邪胁懈褌褜	0.000641	2.302585	0.001476
芯褋褌邪胁谢褟褌褜	0.000321	1.897120	0.000608
芯褋褌邪械褌褋褟	0.000321	0.116534	0.000037
芯褋褌邪谢褋褟	0.000321	3.218876	0.001032
芯褋褌褉褘泄	0.000321	2.995732	0.000960
芯褌胁邪褉薪芯屑	0.000321	4.605170	0.001476
芯褌胁械褌懈褌褜	0.000321	0.051293	0.000016
芯褌胁械褌芯胁	0.000321	0.051293	0.000016
芯褌胁械褌褘	0.000321	0.000000	0.000000
芯褌蟹褘胁	0.000321	2.302585	0.000738
芯褌蟹褘胁褘	0.000962	2.207275	0.002122
芯褌泻褉褘褌褘泄	0.000641	0.116534	0.000075
芯褌谢懈褔薪芯	0.001603	1.514128	0.002426
芯褌谢芯卸懈褌褜	0.000321	3.912023	0.001254
芯褌屑械薪懈褌褜	0.000962	0.040822	0.000039
芯褌褉械蟹邪褌褜	0.000321	3.912023	0.001254
芯褏谢邪写懈褌褜	0.000321	0.116534	0.000037
锌邪泻械褌懈泻邪褏	0.000321	0.105361	0.000034
锌邪谢芯褔泻懈	0.000321	0.040822	0.000013
锌邪薪懈褉芯胁泻邪	0.002564	0.116534	0.000299
锌邪褉邪	0.000321	0.116534	0.000037
锌邪褉邪写	0.002244	0.116534	0.000261
锌邪褉芯胁邪褉泻械	0.002885	0.116534	0.000336
锌邪褉芯谢褜	0.000321	0.020203	0.000006
锌邪褉芯谢褟	0.000321	2.120264	0.000680
锌邪褉褍	0.000321	1.966113	0.000630
锌邪褋褌邪	0.000962	0.040822	0.000039
锌邪褋褌褉芯屑邪	0.000321	0.040822	0.000013
锌邪褋褏邪	0.000641	0.040822	0.000026
锌邪褋褏邪谢褜薪邪褟	0.000641	0.116534	0.000075
锌邪褋褏邪谢褜薪褘泄	0.000321	0.127833	0.000041
锌邪褕褌械褌	0.000321	0.040822	0.000013
锌邪褕褌械褌褘	0.000641	0.116534	0.000075
锌械泻邪褉褟	0.000321	0.127833	0.000041
锌械谢褜屑械薪懈	0.000321	0.116534	0.000037
锌械褉胁芯械	0.000641	0.040822	0.000026
锌械褉胁褘械	0.000321	0.127833	0.000041
锌械褉胁褘屑	0.000321	0.116534	0.000037
锌械褉械胁械褉薪褍褌褜	0.000321	3.912023	0.001254
锌械褉械泄褌懈	0.000321	0.040822	0.000013
锌械褉械泻褍褋	0.000641	0.116534	0.000075
锌械褉械屑械褕邪褌褜	0.000321	2.995732	0.000960
锌械褉械褑	0.002885	0.040822	0.000118
锌械褉褋芯薪褘	0.000321	0.116534	0.000037
锌械褉褍邪薪褋泻邪褟	0.000321	0.116534	0.000037
锌械褉褑械屑	0.000641	2.525729	0.001619
锌械褋芯褔薪芯械	0.000641	0.105361	0.000068
锌械褋芯褔薪褘泄	0.000321	0.116534	0.000037
锌械褌械谢懈薪泻懈	0.000321	0.127833	0.000041
锌械褌褉褍褕泻邪	0.000321	0.693147	0.000222
锌械褔邪褌懈	0.000321	2.407946	0.000772
锌械褔械薪芯褔薪褘泄	0.000321	0.040822	0.000013
锌械褔械薪褜	0.000321	2.407946	0.000772
锌械褔械薪褜械	0.002885	0.040822	0.000118
锌械褔懈	0.000321	0.127833	0.000041
锌械褔泻褍	0.000321	3.218876	0.001032
锌懈胁芯	0.000321	0.116534	0.000037
锌懈泻邪薪褌褘	0.000321	0.127833	0.000041
锌懈泻薪懈泻	0.000641	0.116534	0.000075
锌懈泻薪懈泻邪	0.000321	0.116534	0.000037
锌懈泻薪懈泻褍	0.000321	0.105361	0.000034
锌懈褉	0.000321	0.116534	0.000037
锌懈褉芯谐	0.000962	0.040822	0.000039
锌懈褉芯谐懈	0.000321	0.105361	0.000034
锌懈褉芯卸泻懈	0.000321	0.040822	0.000013
锌懈褉芯卸薪芯械	0.000321	0.040822	0.000013
锌懈褉芯卸薪褘械	0.000321	0.116534	0.000037
锌懈褌邪薪懈械	0.002244	0.105361	0.000236
锌懈褑褑邪	0.000641	0.040822	0.000026
锌懈褖械胁邪褟	0.000321	2.407946	0.000772
锌谢邪屑褟	0.000321	0.116534	0.000037
锌谢懈褌邪	0.001282	0.127833	0.000164
锌谢芯胁	0.000321	0.116534	0.000037
锌谢芯写褘	0.000321	0.116534	0.000037
锌芯胁邪褉械薪泻械	0.000321	0.040822	0.000013
锌芯胁邪褉械薪芯泻	0.000641	0.061875	0.000040
锌芯胁邪褉褟褌	0.000321	0.116534	0.000037
锌芯胁邪褉褟褌邪屑懈	0.000321	0.040822	0.000013
锌芯胁邪褉褢薪泻邪	0.000641	0.116534	0.000075
锌芯胁懈写谢芯	0.000321	0.040822	0.000013
锌芯写邪胁邪谢邪	0.000321	3.912023	0.001254
锌芯写邪褉泻芯胁	0.000321	0.116534	0.000037
锌芯写械谢懈褌褜褋褟	0.000321	0.478036	0.000153
锌芯写谢懈胁邪	0.000321	0.116534	0.000037
锌芯写谢懈胁泻邪	0.000321	0.040822	0.000013
锌芯写锌懈褋邪褌褜褋褟	0.000321	0.040822	0.000013
锌芯写锌懈褋褘胁邪泄褌械褋褜	0.000321	2.407946	0.000772
锌芯写锌懈褕懈褌械褋褜	0.000641	0.040822	0.000026
锌芯写褏芯写懈褌	0.000321	1.897120	0.000608
锌芯械写懈薪泻懈	0.004487	0.116534	0.000523
锌芯蟹写褉邪胁褜	0.000321	0.116534	0.000037
锌芯懈褋泻	0.000321	0.051293	0.000016
锌芯泻邪蟹邪褌褜	0.000321	1.714798	0.000550
锌芯谢	0.000321	2.995732	0.000960
锌芯谢写薪懈泻	0.000962	0.116534	0.000112
锌芯谢械蟹薪芯	0.000641	0.116534	0.000075
锌芯谢懈褌懈泻芯泄	0.000321	0.040822	0.000013
锌芯谢薪芯褋褌褜褞	0.000641	1.347074	0.000864
锌芯谢芯胁懈薪邪	0.002564	0.116534	0.000299
锌芯谢芯卸懈褌褜	0.000321	2.525729	0.000810
锌芯谢褍褔邪泄褌械	0.000962	0.040822	0.000039
锌芯谢褍褔邪褌褜	0.000321	0.040822	0.000013
锌芯谢褍褔懈谢褋褟	0.000321	2.525729	0.000810
锌芯谢褔邪褋邪	0.000321	4.605170	0.001476
锌芯谢褜蟹邪	0.000321	0.127833	0.000041
锌芯谢褜蟹芯胁邪褌械谢懈	0.000321	2.120264	0.000680
锌芯谢褜蟹芯泄	0.001282	0.116534	0.000149
锌芯谢褜褋泻邪褟	0.000321	0.116534	0.000037
锌芯屑邪写泻邪	0.000641	0.040822	0.000026
锌芯屑邪写泻懈	0.000321	0.116534	0.000037
锌芯屑懈写芯褉泻懈	0.000321	0.127833	0.000041
锌芯屑懈写芯褉褘	0.000641	0.116534	0.000075
锌芯屑褘褌褜	0.000321	4.605170	0.001476
锌芯屑褟谐褔械	0.000321	4.605170	0.001476
锌芯薪褉邪胁懈胁褕懈械褋褟	0.000321	0.040822	0.000013
锌芯薪褉邪胁懈谢褋褟	0.000321	1.714798	0.000550
锌芯薪褔懈泻懈	0.000641	0.040822	0.000026
锌芯锌芯谢邪屑	0.000321	4.605170	0.001476
锌芯锌褉芯斜褍泄褌械	0.000321	0.562119	0.000180
锌芯褉邪	0.000321	0.116534	0.000037
锌芯褉芯褕芯泻	0.000321	0.916291	0.000294
锌芯褉褌褍谐邪谢褜褋泻邪褟	0.000321	0.116534	0.000037
锌芯褋械褖邪械褌械	0.000321	0.061875	0.000020
锌芯褋褌	0.001603	0.105361	0.000169
锌芯褋褌薪芯械	0.000321	0.116534	0.000037
锌芯褋褌薪褘械	0.000321	0.040822	0.000013
锌芯褋褌薪褘泄	0.000321	0.116534	0.000037
锌芯褋褌芯褟薪薪芯	0.000321	0.040822	0.000013
锌芯褋褌褉芯懈屑	0.000321	0.116534	0.000037
锌芯褋褍写邪	0.000641	0.094311	0.000060
锌芯褌褉械斜褍械褌褋褟	0.000321	2.659260	0.000852
锌芯褏芯卸懈械	0.000321	1.832581	0.000587
锌芯褔械屑褍	0.000321	1.203973	0.000386
锌芯褔褌褍	0.000641	0.040822	0.000026
锌芯褕邪谐芯胁褘屑懈	0.000321	0.040822	0.000013
锌褉邪蟹写薪懈泻邪	0.000321	0.116534	0.000037
锌褉邪蟹写薪懈褔薪芯	0.000321	0.116534	0.000037
锌褉邪蟹写薪懈褔薪芯谐芯	0.000321	0.116534	0.000037
锌褉邪蟹写薪懈褔薪褘泄	0.000641	0.116534	0.000075
锌褉邪泻褌懈泻褍屑	0.000321	0.116534	0.000037
锌褉械胁芯褋褏芯写薪褘械	0.000321	0.116534	0.000037
锌褉械胁褉邪褖械薪懈褟	0.000321	0.116534	0.000037
锌褉械写褋褌邪胁谢褟褞	0.000321	2.302585	0.000738
锌褉械褋薪芯械	0.000321	0.116534	0.000037
锌褉懈谐芯褌芯胁懈屑	0.000321	0.116534	0.000037
锌褉懈谐芯褌芯胁懈褌褜	0.002564	0.342490	0.000878
锌褉懈谐芯褌芯胁谢械薪懈械	0.000321	0.105361	0.000034
锌褉懈谐芯褌芯胁谢械薪懈褞	0.000321	0.040822	0.000013
锌褉懈谐芯褌芯胁谢械薪懈褟	0.000321	0.371064	0.000119
锌褉懈蟹薪邪薪懈械	0.000321	0.116534	0.000037
锌褉懈蟹芯胁	0.000321	0.040822	0.000013
锌褉懈薪褑	0.000321	4.605170	0.001476
锌褉懈锌褉邪胁邪	0.000321	0.040822	0.000013
锌褉懈锌褉邪胁懈褌褜	0.000321	4.605170	0.001476
锌褉懈褉芯写褍	0.000321	0.116534	0.000037
锌褉懈褉芯写褘	0.000321	0.116534	0.000037
锌褉懈褋褌褍锌懈褌褜	0.000321	0.040822	0.000013
锌褉懈褟褌薪芯	0.000321	2.813411	0.000902
锌褉芯斜芯胁邪谢懈	0.001282	2.407946	0.003087
锌褉芯胁械写懈	0.001282	0.116534	0.000149
锌褉芯胁械褉械薪芯	0.001923	0.116534	0.000224
锌褉芯胁懈写械薪褋	0.000321	4.605170	0.001476
锌褉芯胁芯写懈屑褘褏	0.000321	0.040822	0.000013
锌褉芯胁芯卸邪械屑	0.000321	0.116534	0.000037
锌褉芯写褍泻褌邪屑懈	0.001282	2.995732	0.003841
锌褉芯写褍泻褌芯胁	0.000321	0.094311	0.000030
锌褉芯械泻褌芯胁	0.000321	0.116534	0.000037
锌褉芯械泻褌褘	0.000321	0.061875	0.000020
锌褉芯褋褌芯	0.001282	0.083382	0.000107
锌褉芯褋褌芯泻胁邪褕邪	0.000321	0.040822	0.000013
锌褉芯褎懈谢褜	0.000321	0.040822	0.000013
锌褉褟屑芯	0.000321	0.040822	0.000013
锌褉褟薪懈泻	0.000321	0.040822	0.000013
锌褉褟薪懈泻懈	0.000321	0.116534	0.000037
锌褉褟薪懈褔薪芯械	0.000321	0.116534	0.000037
锌褌懈褑邪	0.001603	0.116534	0.000187
锌褌懈褑械	0.000641	0.116534	0.000075
锌褌懈褑械泄	0.000321	0.127833	0.000041
锌褌懈褑褘	0.003526	0.116534	0.000411
锌褍写懈薪谐	0.000321	0.040822	0.000013
锌褍写懈薪谐懈	0.000641	0.116534	0.000075
锌褍薪褕	0.000321	0.040822	0.000013
锌褍褌械褕械褋褌胁懈械	0.000641	0.116534	0.000075
锌褍褌褜	0.000321	0.116534	0.000037
锌褕械薪械	0.000321	4.605170	0.001476
锌褕械薪芯	0.000321	3.506558	0.001124
锌褘褕泻懈	0.000321	0.040822	0.000013
锌褞褉械	0.001923	0.040822	0.000079
锌褟褌褜	0.000962	1.832581	0.001762
锌褟褌褜写械褋褟褌	0.000321	3.912023	0.001254
褉邪谐褍	0.000321	0.116534	0.000037
褉邪蟹	0.000962	0.446287	0.000429
褉邪蟹胁械褉薪褍褌褜	0.000321	0.116534	0.000037
褉邪蟹写械谢褜薪芯械	0.000321	0.116534	0.000037
褉邪蟹谢懈褔薪褘屑懈	0.001282	2.995732	0.003841
褉邪蟹薪褘械	0.000321	0.116534	0.000037
褉邪蟹芯谐褉械胁邪	0.000321	3.912023	0.001254
褉邪蟹褉械蟹邪褌褜	0.000321	4.605170	0.001476
褉邪褋褋芯谢褜薪懈泻	0.000641	0.040822	0.000026
褉邪褋褋芯谢褜薪懈泻邪	0.000321	0.116534	0.000037
褉邪褋褋褘谢泻懈	0.000321	0.061875	0.000020
褉械邪泻褑懈褟	0.000321	4.605170	0.001476
褉械谐懈褋褌褉邪褑懈懈	0.000962	0.010050	0.000010
褉械谐懈褋褌褉邪褑懈褟	0.000321	0.000000	0.000000
褉械谐懈褋褌褉懈褉芯胁邪谢懈褋褜	0.000321	2.302585	0.000738
褉械写泻芯	0.000321	3.218876	0.001032
褉械褑械锌褌	0.006090	0.040822	0.000249
褉械褑械锌褌邪	0.000962	0.462035	0.000444
褉械褑械锌褌邪褏	0.000321	0.061875	0.000020
褉械褑械锌褌械	0.000321	1.171183	0.000375
褉械褑械锌褌芯胁	0.002244	0.040822	0.000092
褉械褑械锌褌芯屑	0.000321	0.693147	0.000222
褉械褑械锌褌褍	0.001603	0.891598	0.001429
褉械褑械锌褌褘	0.024038	0.040822	0.000981
褉懈褋	0.001282	0.040822	0.000052
褉懈褋邪	0.000321	0.116534	0.000037
褉懈褋芯屑	0.000321	1.660731	0.000532
褉懈褌屑械	0.000321	0.116534	0.000037
褉芯谐邪谢懈泻懈	0.000321	0.040822	0.000013
褉芯写薪芯械	0.000321	0.116534	0.000037
褉芯卸写械薪懈褟	0.000321	0.105361	0.000034
褉芯卸写械褋褌胁芯	0.000321	0.116534	0.000037
褉芯谢谢褌芯薪	0.000321	0.116534	0.000037
褉芯谢谢褘	0.000641	0.040822	0.000026
褉芯屑	0.000321	0.040822	0.000013
褉褍斜褉懈泻邪褌芯褉	0.000321	0.051293	0.000016
褉褍谢械褌	0.000321	0.040822	0.000013
褉褍谢械褌褘	0.003205	0.116534	0.000374
褉褍屑褘薪褋泻邪褟	0.000321	0.116534	0.000037
褉褍屑褟薪褘械	0.000321	0.116534	0.000037
褉褍薪械褌械	0.000321	0.020203	0.000006
褉褍褋褋泻邪褟	0.000321	0.116534	0.000037
褉褘斜邪	0.002885	0.040822	0.000118
褉褘斜械	0.000962	0.116534	0.000112
褉褘斜薪邪褟	0.000321	0.116534	0.000037
褉褘斜薪芯谐芯	0.000641	0.116534	0.000075
褉褘斜薪褘械	0.001282	0.116534	0.000149
褉褘斜薪褘泄	0.000641	0.116534	0.000075
褉褘斜薪褘褏	0.000321	0.116534	0.000037
褉褘斜芯泄	0.000641	0.116534	0.000075
褉褘斜褘	0.003846	0.116534	0.000448
褉褟卸械薪泻邪	0.000321	0.116534	0.000037
褋邪泄褌	0.001282	0.000000	0.000000
褋邪泄褌邪	0.000321	1.108663	0.000355
褋邪泄褌邪褏	0.000321	2.120264	0.000680
褋邪泄褌褍	0.000641	0.061875	0.000040
褋邪谢邪褌	0.000641	0.094311	0.000060
褋邪谢邪褌邪	0.001282	1.078810	0.001383
褋邪谢邪褌薪邪褟	0.000321	0.116534	0.000037
褋邪谢邪褌褘	0.009936	0.040822	0.000406
褋邪屑芯谐芯薪	0.000321	0.040822	0.000013
褋邪屑褘褏	0.000641	0.116534	0.000075
褋邪褎	0.000962	0.116534	0.000112
褋邪褎褋械屑	0.000321	0.116534	0.000037
褋邪褏邪褉	0.000641	0.116534	0.000075
褋斜懈褌械薪褜	0.000321	0.040822	0.000013
褋斜褉褘蟹薪褍褌褜	0.000321	4.605170	0.001476
褋胁械卸械褋褌褜	0.000321	0.105361	0.000034
褋胁械泻谢邪	0.000321	0.040822	0.000013
褋胁械泻芯谢褜薪懈泻	0.000641	0.040822	0.000026
褋胁械褌邪	0.001282	0.116534	0.000149
褋胁懈薪懈薪邪	0.000321	0.040822	0.000013
褋胁懈薪懈薪褘	0.001282	0.116534	0.000149
褋胁芯械	0.000321	0.116534	0.000037
褋胁芯械泄	0.000321	1.347074	0.000432
褋胁芯械屑	0.000321	0.040822	0.000013
褋胁芯懈屑	0.000321	0.040822	0.000013
褋胁芯褞	0.000321	0.040822	0.000013
褋谐褍褖械薪泻邪	0.000321	0.040822	0.000013
褋写械褉卸邪谢	0.000321	3.912023	0.001254
褋械蟹芯薪	0.000321	0.116534	0.000037
褋械泄谢械屑	0.000321	4.605170	0.001476
褋械泄褔邪褋	0.000641	0.030459	0.000020
褋械泻褉械褌褘	0.000641	0.116534	0.000075
褋械谢械写泻邪	0.000321	0.040822	0.000013
褋械屑谐邪	0.000321	0.040822	0.000013
褋械屑械泄薪褘泄	0.000321	0.116534	0.000037
褋械屑褜懈	0.000321	0.116534	0.000037
褋械褉写褑械胁懈薪褍	0.000321	4.605170	0.001476
褋懈写褉	0.000321	0.040822	0.000013
褋懈褉懈泄褋泻邪褟	0.000321	0.116534	0.000037
褋懈褉芯锌	0.001923	0.040822	0.000079
褋懈褉芯锌褘	0.000321	0.116534	0.000037
褋懈褋褌械屑褘	0.000321	0.040822	0.000013
褋懈褌懈	0.000321	0.127833	0.000041
褋泻邪蟹芯泻	0.000321	0.116534	0.000037
褋泻芯胁芯褉芯写械	0.001282	1.560648	0.002001
褋泻芯胁芯褉芯写泻邪褏	0.000321	4.605170	0.001476
褋谢邪写泻邪褟	0.000641	0.116534	0.000075
褋谢邪写泻懈械	0.001923	0.040822	0.000079
褋谢邪写泻懈泄	0.003205	0.105361	0.000338
褋谢邪写泻懈褏	0.000641	0.116534	0.000075
褋谢邪写泻芯	0.000321	0.116534	0.000037
褋谢械写褍褞褖懈褏	0.000321	2.207275	0.000707
褋谢懈胁芯褔薪芯械	0.000321	0.116534	0.000037
褋谢芯械薪芯谐芯	0.000321	0.127833	0.000041
褋谢芯械薪芯械	0.000321	0.116534	0.000037
褋谢芯械薪褘泄	0.000321	0.116534	0.000037
褋谢芯泄泻邪	0.000321	0.040822	0.000013
褋谢芯泄泻懈	0.000321	0.116534	0.000037
褋屑械褌邪薪邪	0.000321	0.105361	0.000034
褋屑械褕邪胁	0.000321	4.605170	0.001476
褋屑械褕邪薪薪芯谐芯	0.000321	0.116534	0.000037
褋屑芯卸械褌械	0.000321	0.040822	0.000013
褋屑芯褌褉懈褌褋褟	0.000321	3.218876	0.001032
褋屑褍蟹懈	0.000962	0.040822	0.000039
褋屑褘褋谢械	0.000321	2.813411	0.000902
褋薪褝泻	0.000321	0.116534	0.000037
褋芯斜懈褉邪械褌械褋褜	0.000321	0.040822	0.000013
褋芯胁械褉褕械薪褋褌胁芯	0.001603	0.116534	0.000187
褋芯胁械褌邪屑懈	0.000321	0.040822	0.000013
褋芯胁械褌褍褞	0.001282	1.139434	0.001461
褋芯谐谢邪褕邪械褌械褋褜	0.000321	0.040822	0.000013
褋芯蟹写邪械褌	0.000321	0.116534	0.000037
褋芯泻	0.000321	0.116534	0.000037
褋芯泻邪	0.000321	0.105361	0.000034
褋芯泻懈	0.000321	0.040822	0.000013
褋芯谢械薪褘械	0.000962	0.116534	0.000112
褋芯谢械薪褜褟	0.000641	0.116534	0.000075
褋芯谢懈	0.000321	2.525729	0.000810
褋芯谢薪械褔薪芯泄	0.000321	0.127833	0.000041
褋芯谢褜	0.001282	0.150823	0.000193
褋芯谢褜褞	0.000321	3.218876	0.001032
褋芯谢褟薪泻邪	0.000641	0.040822	0.000026
褋芯褋褌邪胁褜	0.000321	0.116534	0.000037
褋芯褍褋	0.002564	0.040822	0.000105
褋芯褍褋芯屑	0.001923	0.116534	0.000224
褋芯褍褋褘	0.001282	0.116534	0.000149
褋芯褏褉邪薪褟褌褜	0.000321	0.040822	0.000013
褋芯褑褋械褌懈	0.000641	0.040822	0.000026
褋芯褔械褌邪械褌褋褟	0.001282	2.659260	0.003409
褋芯褔械褌邪薪懈械	0.000321	0.116534	0.000037
褋芯褔薪芯械	0.000321	0.116534	0.000037
褋锌邪谢褜薪褟屑懈	0.000962	0.446287	0.000429
褋锌邪褋懈斜芯	0.000962	0.673345	0.000647
褋锌械褑懈邪谢褜薪芯械	0.000641	0.116534	0.000075
褋锌械褑懈懈	0.000321	0.105361	0.000034
褋锌械褑锌褉芯械泻褌	0.010577	0.116534	0.001233
褋锌懈褋芯泻	0.000321	0.116534	0.000037
褋锌芯褞	0.000321	0.116534	0.000037
褋褉械写懈蟹械屑薪芯屑芯褉褋泻邪褟	0.000321	0.127833	0.000041
褋褉芯褔薪芯	0.000321	3.218876	0.001032
褋褌	0.001282	2.659260	0.003409
褋褌邪褌褜褟褏	0.000321	0.061875	0.000020
褋褌懈谢械	0.000321	0.116534	0.000037
褋褌懈谢褟	0.000321	0.116534	0.000037
褋褌芯	0.000321	3.912023	0.001254
褋褌芯谢	0.000962	0.105361	0.000101
褋褌芯谢邪	0.001923	0.116534	0.000224
褋褌芯褉芯薪褍	0.000321	2.813411	0.000902
褋褌褉芯懈褌械谢褜褋褌胁械	0.000321	0.040822	0.000013
褋褌褉芯懈褌械谢褜褋褌胁褍	0.000321	0.040822	0.000013
褋褌褉芯懈褌褜	0.000321	0.040822	0.000013
褋褌褉芯泄薪芯泄	0.000321	0.116534	0.000037
褋褍斜锌褉芯写褍泻褌芯胁	0.002244	0.116534	0.000261
褋褍斜锌褉芯写褍泻褌褘	0.000962	0.116534	0.000112
褋褍屑邪褏	0.001282	3.218876	0.004127
褋褍屑邪褏芯屑	0.000321	4.605170	0.001476
褋褍锌	0.002885	0.040822	0.000118
褋褍锌邪	0.000321	0.040822	0.000013
褋褍锌褘	0.002885	0.040822	0.000118
褋褍褎谢械	0.000962	0.040822	0.000039
褋褍褏邪褉懈	0.000321	0.040822	0.000013
褋褍褕懈	0.000641	0.040822	0.000026
褋褘褉	0.000962	0.040822	0.000039
褋褘褉邪	0.001603	0.116534	0.000187
褋褘褉邪屑懈	0.000321	0.127833	0.000041
褋褘褉薪懈泻	0.000321	0.040822	0.000013
褋褘褉薪懈泻懈	0.000641	0.116534	0.000075
褋褘褉薪褘械	0.001282	0.040822	0.000052
褋褘褉芯屑	0.001282	0.713350	0.000915
褋褘褌薪褘泄	0.000641	0.105361	0.000068
褋褘褔褍卸薪褘屑懈	0.000321	0.127833	0.000041
褋褝薪写胁懈褔懈	0.000321	0.127833	0.000041
褋褞褉锌褉懈蟹	0.000321	0.116534	0.000037
褌邪写卸懈泻褋泻邪褟	0.000321	0.116534	0.000037
褌邪泄褋泻邪褟	0.000321	0.116534	0.000037
褌邪褉械谢芯褔泻械	0.000321	4.605170	0.001476
褌邪褉褌	0.000321	0.116534	0.000037
褌邪褉褌邪谢械褌泻懈	0.000641	0.040822	0.000026
褌邪褌邪褉褋泻邪褟	0.000321	0.116534	0.000037
褌胁芯懈	0.000641	0.116534	0.000075
褌胁芯褉懈	0.000321	0.116534	0.000037
褌胁芯褉芯谐	0.000641	0.040822	0.000026
褌胁芯褉芯谐芯屑	0.000321	0.105361	0.000034
褌胁芯褉芯卸薪芯械	0.000321	0.116534	0.000037
褌胁芯褉芯卸薪褘械	0.000641	0.116534	0.000075
褌胁芯褉芯卸薪褘泄	0.000321	0.116534	0.000037
褌械谐懈	0.000321	2.407946	0.000772
褌械谢械谐褉邪屑	0.000321	0.040822	0.000013
褌械谢褟褌懈薪褘	0.001282	0.116534	0.000149
褌械锌谢芯屑	0.000321	0.116534	0.000037
褌械褉褉邪褋芯泄	0.000321	0.798508	0.000256
褌械褉褉懈薪	0.000321	0.040822	0.000013
褌械褋褌	0.001603	0.127833	0.000205
褌械褋褌邪	0.001603	0.105361	0.000169
褌械褋褌芯	0.002885	0.040822	0.000118
褌械褏薪懈泻邪	0.001603	0.105361	0.000169
褌械褔械薪懈械	0.000321	2.995732	0.000960
褌械褖懈薪	0.000321	0.040822	0.000013
褌屑	0.001282	0.127833	0.000164
褌芯屑邪褌薪褘屑	0.000321	4.605170	0.001476
褌芯锌谢械薪芯械	0.000321	0.116534	0.000037
褌芯褉褌	0.003846	0.040822	0.000157
褌芯褉褌褘	0.002885	0.116534	0.000336
褌褉邪胁褘	0.000321	0.105361	0.000034
褌褉邪写懈褑懈懈	0.000321	0.116534	0.000037
褌褉邪写懈褑懈泄	0.001282	0.116534	0.000149
褌褉邪写懈褑懈褟褏	0.000321	0.116534	0.000037
褌褉械褏谢械褌懈械屑	0.000321	0.116534	0.000037
褌褉懈	0.000321	1.386294	0.000444
褌褉懈写褑邪褌褜	0.000321	4.605170	0.001476
褌褉懈褋褌邪	0.000321	4.605170	0.001476
褌褉褍斜芯褔泻懈	0.000321	0.040822	0.000013
褌褍薪懈褋褋泻邪褟	0.000321	0.116534	0.000037
褌褍薪褑芯屑	0.000321	0.116534	0.000037
褌褍褉械褑泻邪褟	0.000321	0.116534	0.000037
褌褘泻胁邪	0.000321	0.040822	0.000013
褌褘泻胁械薪薪褘械	0.000321	3.912023	0.001254
褌褝谐懈	0.001282	2.407946	0.003087
褌褢褉褌褘泄	0.000321	4.605170	0.001476
褍胁械写芯屑谢械薪懈褟	0.000321	0.040822	0.000013
褍胁械谢懈褔懈褌褜	0.000321	3.912023	0.001254
褍胁械谢懈褔褜褌械	0.000321	4.605170	0.001476
褍谐谢械胁芯写褘	0.000641	2.407946	0.001544
褍写邪谢懈褌褜	0.000321	3.912023	0.001254
褍写邪褔薪邪褟	0.000321	0.116534	0.000037
褍写懈胁懈	0.000321	0.116534	0.000037
褍写懈胁谢褟泄褌械	0.001282	0.116534	0.000149
褍写芯胁芯谢褜褋褌胁懈械屑	0.000321	0.116534	0.000037
褍卸	0.000321	0.693147	0.000222
褍卸懈薪	0.003526	0.094311	0.000333
褍蟹斜械泻褋泻邪褟	0.000321	0.116534	0.000037
褍懈薪褋褌芯薪	0.000321	4.605170	0.001476
褍泻褉邪懈薪褋泻邪褟	0.000321	0.116534	0.000037
褍泻褉邪褕械薪懈褟	0.002564	0.116534	0.000299
褍泻褉芯锌	0.000321	0.562119	0.000180
褍锌芯褌褉械斜谢械薪懈械屑	0.000321	0.116534	0.000037
褍锌芯褌褉械斜谢褟褌褜	0.001282	2.525729	0.003238
褍褉邪谢褜褋泻邪褟	0.000321	0.116534	0.000037
褍褉芯胁薪褟	0.000321	2.302585	0.000738
褍褉芯卸邪泄	0.000321	0.105361	0.000034
褍褌泻懈	0.000962	0.116534	0.000112
褍褏邪	0.000321	0.040822	0.000013
褍褔邪褋褌胁芯胁邪褌褜	0.000321	0.040822	0.000013
褍褔械褌薪芯泄	0.000321	2.302585	0.000738
褎邪蟹械薪写褘	0.000321	0.127833	0.000041
褎邪薪褌邪蟹懈懈	0.001923	0.116534	0.000224
褎邪薪褌邪蟹懈泄	0.000321	0.116534	0.000037
褎邪薪褌邪蟹懈褟	0.000321	0.116534	0.000037
褎邪褉褕邪	0.004167	0.040822	0.000170
褎邪褉褕懈褉芯胁邪薪薪邪褟	0.000641	0.116534	0.000075
褎邪褉褕懈褉芯胁邪薪薪芯械	0.000321	0.116534	0.000037
褎邪褉褕懈褉芯胁邪薪薪褘械	0.000641	0.040822	0.000026
褎邪褉褕懈褉芯胁邪薪薪褘泄	0.000321	0.040822	0.000013
褎邪褋芯谢褜	0.000321	0.040822	0.000013
褎械胁褉邪谢褟	0.000641	0.105361	0.000068
褎械泄械褉胁械褉泻	0.000641	0.116534	0.000075
褎械薪褏械谢褜	0.009295	2.995732	0.027845
褎械薪褏械谢褟	0.002244	3.506558	0.007867
褎懈谐褍褉械	0.000321	0.116534	0.000037
褎懈薪褋泻邪褟	0.000321	0.116534	0.000037
褎懈褉屑械薪薪芯械	0.000321	0.116534	0.000037
褎芯薪写褞	0.000321	0.040822	0.000013
褎芯褉屑邪	0.000321	3.218876	0.001032
褎芯褉屑褍	0.000321	1.832581	0.000587
褎芯褉屑褘	0.000321	0.116534	0.000037
褎芯褉褍屑邪	0.000321	1.832581	0.000587
褎芯褉褍屑邪褏	0.000321	2.407946	0.000772
褎芯褉褍屑械	0.000641	0.040822	0.000026
褎芯褉褕屑邪泻	0.000321	0.040822	0.000013
褎褉邪薪褑懈懈	0.000321	0.116534	0.000037
褎褉邪薪褑褍蟹褋泻邪褟	0.000321	0.116534	0.000037
褎褉邪褍	0.001282	0.116534	0.000149
褎褉褍泻褌芯胁	0.001282	0.116534	0.000149
褎褉褍泻褌芯胁芯	0.000321	0.116534	0.000037
褎褉褍泻褌芯胁褘械	0.002244	0.040822	0.000092
褎褍写	0.000321	0.116534	0.000037
褎褍褉褕械褌	0.000321	0.116534	0.000037
褏邪谢胁邪	0.000321	0.040822	0.000013
褏邪褉胁械褋褌褎械褋褌	0.000641	0.116534	0.000075
褏邪褉褔芯	0.000641	0.040822	0.000026
褏邪褕	0.000321	0.040822	0.000013
褏胁芯褉芯褋褌	0.000321	0.040822	0.000013
褏懈薪泻邪谢懈	0.000321	0.116534	0.000037
褏懈褌	0.002244	0.116534	0.000261
褏谢械斜	0.000962	0.040822	0.000039
褏谢械斜芯锌械褔泻懈	0.000321	0.116534	0.000037
褏谢芯锌褜褟	0.000641	0.105361	0.000068
褏芯蟹褟泄泻懈	0.000321	0.127833	0.000041
褏芯谢芯写械褑	0.000321	0.040822	0.000013
褏芯谢芯写薪褘械	0.000641	0.116534	0.000075
褏芯谢芯写薪褘泄	0.000641	0.116534	0.000075
褏芯褉胁邪褌褋泻邪褟	0.000321	0.116534	0.000037
褏芯褉芯褕芯	0.001603	0.105361	0.000169
褏芯褉褋	0.000321	0.116534	0.000037
褏芯褌懈褌械	0.000641	0.040822	0.000026
褏芯褔械褌褋褟	0.000321	1.469676	0.000471
褏褉褍褋褌褟褖懈泄	0.000641	2.040221	0.001308
褏褍屑褍褋	0.000321	0.040822	0.000013
褑邪褉褋褌胁芯	0.000321	0.127833	0.000041
褑邪褉褜	0.000321	0.116534	0.000037
褑胁械褌薪邪褟	0.000321	0.040822	0.000013
褑械薪薪芯褋褌褜	0.000321	2.407946	0.000772
褑械薪薪褘褏	0.000321	0.040822	0.000013
褑械薪褌褉	0.000321	0.116534	0.000037
褑懈褌邪褌邪	0.000321	2.302585	0.000738
褔邪械屑	0.000321	0.116534	0.000037
褔邪泄	0.000962	0.040822	0.000039
褔邪褋邪	0.000321	1.514128	0.000485
褔邪褋芯胁	0.001923	2.040221	0.003924
褔械斜褍褉械泻懈	0.000641	0.040822	0.000026
褔械褉泻懈蟹芯胁芯	0.000641	0.116534	0.000075
褔械褉薪褘泄	0.001603	0.371064	0.000595
褔械褋薪芯泻	0.001603	0.314711	0.000504
褔械褋薪芯褔薪芯谐芯	0.001282	4.605170	0.005904
褔械褋薪芯褔薪芯械	0.000641	4.605170	0.002952
褔械褋薪芯褔薪褘泄	0.000321	1.660731	0.000532
褔械褋褌薪褘屑懈	0.000321	0.040822	0.000013
褔械褌褘褉械	0.000321	2.995732	0.000960
褔械褔械胁懈褑邪	0.000321	0.040822	0.000013
褔械褕褋泻邪褟	0.000321	0.116534	0.000037
褔懈蟹泻械泄泻	0.001282	0.040822	0.000052
褔懈谢懈	0.001603	1.237874	0.001984
褔懈谢懈泄褋泻邪褟	0.000321	0.116534	0.000037
褔懈锌褋褘	0.000321	0.040822	0.000013
褔懈褌邪谢	0.000321	4.605170	0.001476
褔懈褌邪褌褜	0.000962	1.966113	0.001890
褔褍写械褋	0.000321	0.116534	0.000037
褕邪褉懈泻懈	0.000321	0.040822	0.000013
褕邪褉谢芯褌泻邪	0.000321	0.040822	0.000013
褕邪褉谢芯褌泻懈	0.000321	0.127833	0.000041
褕邪褉屑	0.000321	0.116534	0.000037
褕邪褕谢褘泻	0.003846	0.040822	0.000157
褕邪褕谢褘泻懈	0.000321	0.040822	0.000013
褕胁械写褋泻邪褟	0.000321	0.116534	0.000037
褕胁械泄褑邪褉褋泻邪褟	0.000321	0.116534	0.000037
褕械写械胁褉褘	0.000321	0.116534	0.000037
褕械褋褌褜	0.000321	3.912023	0.001254
褕械褎	0.000321	0.127833	0.000041
褕懈锌褍褔泻邪	0.000321	0.040822	0.000013
褕懈褉芯泻邪褟	0.000321	0.127833	0.000041
褕泻芯谢褍	0.000321	0.116534	0.000037
褕薪懈褌	0.000321	4.605170	0.001476
褕芯泻芯谢邪写	0.000321	0.040822	0.000013
褕芯褌谢邪薪写褋泻邪褟	0.000321	0.116534	0.000037
褕褌	0.000321	2.525729	0.000810
褕褌褉褍写械谢褜	0.000321	0.040822	0.000013
褕褍褉锌邪	0.000321	0.040822	0.000013
褖邪褋	0.000321	0.116534	0.000037
褖械写褉邪褟	0.000321	0.116534	0.000037
褖械锌芯褌泻邪	0.000641	3.912023	0.002508
褖懈	0.000641	0.040822	0.000026
褝泻芯屑懈谢泻	0.000321	0.127833	0.000041
褝谢械泻褌褉懈褔械褋泻邪褟	0.000321	4.605170	0.001476
褝屑芯褑懈泄	0.000321	3.912023	0.001254
褝薪械褉谐械褌懈褔械褋泻邪褟	0.000321	2.407946	0.000772
褝褉泻械褉芯屑	0.000321	2.040221	0.000654
褝褋褌芯薪褋泻邪褟	0.000321	0.116534	0.000037
褝褌芯屑褍	0.001282	1.272966	0.001632
褞谐芯褋谢邪胁褋泻邪褟	0.000321	0.116534	0.000037
褟谐芯写薪褘械	0.000641	0.116534	0.000075
褟谐芯写薪褘泄	0.000641	0.116534	0.000075
褟蟹褘泻	0.000321	0.040822	0.000013
褟懈褑	0.001282	0.116534	0.000149
褟泄褑邪	0.000321	0.040822	0.000013
褟泄褑芯屑	0.000321	2.302585	0.000738
褟薪写械泻褋	0.000321	0.072571	0.000023
褟锌芯薪褋泻邪褟	0.000321	0.116534	0.000037
褟锌芯薪褋泻芯泄	0.000321	0.061875	0.000020
褟褉泻懈械	0.000321	0.116534	0.000037
褟褉泻芯	0.000321	0.105361	0.000034
