褌芯泻械薪	TF	IDF	TF-IDF
邪斜褋芯谢褞褌薪芯	0.000277	1.832581	0.000508
邪斜褏邪蟹褋泻邪褟	0.000277	0.116534	0.000032
邪胁谐褍褋褌邪	0.000277	0.867501	0.000240
邪胁褋褌褉邪谢懈泄褋泻邪褟	0.000277	0.116534	0.000032
邪胁褋褌褉懈泄褋泻邪褟	0.000277	0.116534	0.000032
邪胁褌芯泻谢邪胁邪	0.000277	0.116534	0.000032
邪胁褌芯褉	0.000277	1.427116	0.000395
邪胁褌芯褉邪屑	0.000277	0.040822	0.000011
邪谐褉芯	0.000277	0.116534	0.000032
邪写卸懈泻邪	0.000277	0.040822	0.000011
邪蟹械褉斜邪泄写卸邪薪褋泻邪褟	0.000277	0.116534	0.000032
邪蟹械褉斜邪泄写卸邪薪褋泻芯泄	0.000277	4.605170	0.001276
邪蟹懈邪褌褋泻邪褟	0.000277	0.127833	0.000035
邪蟹褘	0.000277	0.127833	0.000035
邪泄薪褌芯锌褎	0.000831	3.912023	0.003251
邪泄褉邪薪	0.000277	0.040822	0.000011
邪泻胁邪褌懈泻邪	0.000831	0.127833	0.000106
邪泻泻褍褉邪褌薪芯	0.000277	3.506558	0.000971
邪谢械泻褋械褟	0.000277	0.127833	0.000035
邪谢懈械胁邪	0.000277	3.506558	0.000971
邪谢懈械胁褘褏	0.000277	4.605170	0.001276
邪谢泻芯谐芯谢褜	0.000554	0.116534	0.000065
邪谢泻芯谐芯谢褜薪褘械	0.000277	0.116534	0.000032
邪谢泻芯谐芯谢褟	0.000277	0.116534	0.000032
邪谢褜褟薪褋	0.000277	0.116534	0.000032
邪屑械褉懈泻邪薪褋泻邪褟	0.000277	0.116534	0.000032
邪薪谐谢懈泄褋泻邪褟	0.000277	0.116534	0.000032
邪薪写褉械褟	0.000277	0.127833	0.000035
邪薪懈褋	0.000554	4.605170	0.002551
邪褉邪斜褋泻邪褟	0.000277	0.116534	0.000032
邪褉谐械薪褌懈薪褋泻邪褟	0.000277	0.116534	0.000032
邪褉屑褟薪褋泻邪褟	0.000277	0.116534	0.000032
邪褉芯屑邪褌薪芯	0.000277	2.659260	0.000737
邪褋褋芯褉褌懈	0.000554	0.116534	0.000065
邪褌谢邪薪褌	0.000277	0.127833	0.000035
邪褎谐邪薪褋泻邪褟	0.000277	0.116534	0.000032
邪褎褉懈泻邪薪褋泻邪褟	0.000277	0.116534	0.000032
邪褝褉芯谐褉懈谢械	0.002770	0.116534	0.000323
斜邪蟹懈谢懈泻	0.001108	1.609438	0.001783
斜邪蟹芯胁芯谐芯	0.000277	4.605170	0.001276
斜邪蟹芯胁褘泄	0.000277	3.912023	0.001084
斜邪泄褉邪屑	0.000277	4.605170	0.001276
斜邪泻懈薪褋泻懈泄	0.000277	4.605170	0.001276
斜邪泻谢邪卸邪薪褘	0.000277	0.040822	0.000011
斜邪谢褌泻芯屑	0.000277	0.127833	0.000035
斜邪薪邪薪	0.000554	3.218876	0.001783
斜邪薪邪薪芯胁褘泄	0.000277	3.506558	0.000971
斜邪褉邪薪懈薪褘	0.001108	0.116534	0.000129
斜邪褉褏邪褌薪褘泄	0.000554	3.218876	0.001783
斜邪褋屑邪褌懈	0.000554	0.127833	0.000071
斜邪褋褌褍褉屑邪	0.000277	0.040822	0.000011
斜邪褌芯薪褔懈泻懈	0.000277	0.127833	0.000035
斜邪褕泻懈褉褋泻邪褟	0.000277	0.116534	0.000032
斜械蟹邪谢泻芯谐芯谢褜薪褘械	0.000277	0.116534	0.000032
斜械蟹谐谢褞褌械薪芯胁褘械	0.000277	0.116534	0.000032
斜械蟹械	0.001108	0.040822	0.000045
斜械谢械斜械械胁褋泻懈泄	0.000554	0.116534	0.000065
斜械谢芯械	0.001108	2.407946	0.002668
斜械谢芯泻芯褔邪薪薪邪褟	0.000554	0.994252	0.000551
斜械谢芯褉褍褋褋泻邪褟	0.000277	0.116534	0.000032
斜械谢褘泄	0.001385	1.609438	0.002229
斜械谢褜谐懈泄褋泻邪褟	0.000277	0.116534	0.000032
斜械薪薪懈褌芯	0.000277	3.912023	0.001084
斜械褉械屑械薪薪褘褏	0.000277	0.116534	0.000032
斜械褉谢懈薪械	0.000277	4.605170	0.001276
斜械褋械写懈薪邪	0.000277	0.127833	0.000035
斜械褋锌芯写芯斜薪芯	0.000277	1.966113	0.000545
斜懈褋泻胁懈褌	0.000277	0.040822	0.000011
斜懈褋泻胁懈褌薪芯械	0.000554	0.116534	0.000065
斜懈褋泻胁懈褌薪褘泄	0.000277	0.105361	0.000029
斜懈褋泻胁懈褌褘	0.000277	0.127833	0.000035
斜谢懈卸械	0.000277	0.116534	0.000032
斜谢懈蟹泻懈褏	0.000277	0.116534	0.000032
斜谢懈薪邪屑懈	0.000277	3.218876	0.000892
斜谢懈薪芯胁	0.000554	0.116534	0.000065
斜谢懈薪褘	0.001108	0.040822	0.000045
斜谢褞写	0.000554	0.094311	0.000052
斜谢褞写邪	0.027147	0.040822	0.001108
斜谢褞写芯	0.001939	0.040822	0.000079
斜谢褞写芯屑	0.000277	0.994252	0.000275
斜谢褞写褍	0.000277	0.116534	0.000032
斜芯斜芯胁褘械	0.000554	0.127833	0.000071
斜芯斜芯胁褘褏	0.001662	0.116534	0.000194
斜芯写褉褟褖懈泄	0.000277	4.605170	0.001276
斜芯谢谐邪褉褋泻邪褟	0.000277	0.116534	0.000032
斜芯谢褜褕械	0.000554	0.105361	0.000058
斜芯薪褍褋	0.000277	3.912023	0.001084
斜芯褉褖	0.000554	0.040822	0.000023
斜芯褌胁懈薪褜褟	0.000277	0.040822	0.000011
斜褉邪蟹懈谢褜褋泻邪褟	0.000277	0.116534	0.000032
斜褉邪褍蟹械褉械	0.000277	0.040822	0.000011
斜褉邪褍薪懈	0.000277	0.040822	0.000011
斜褉械褋褌	0.000277	0.127833	0.000035
斜褉芯泻泻芯谢懈	0.000277	0.040822	0.000011
斜褍写褍	0.000277	1.427116	0.000395
斜褍卸械薪懈薪邪	0.000277	0.040822	0.000011
斜褍谢芯褔泻邪屑懈	0.000277	0.116534	0.000032
斜褍谢芯褔泻懈	0.000554	0.040822	0.000023
斜褍谢褜芯薪	0.003878	0.040822	0.000158
斜褍谢褜芯薪邪	0.000554	3.912023	0.002167
斜褍谢褜芯薪褘	0.001662	0.116534	0.000194
斜褍褉邪	0.000277	4.605170	0.001276
斜褍褉谐械褉	0.000277	0.040822	0.000011
斜褍褉谐械褉褘	0.000277	0.127833	0.000035
斜褍褉褟褌褋泻邪褟	0.000277	0.116534	0.000032
斜褍褌械褉斜褉芯写	0.000554	0.116534	0.000065
斜褍褌械褉斜褉芯写褘	0.000554	0.040822	0.000023
斜褘胁邪褞褌	0.000277	2.995732	0.000830
斜褘褋褌褉芯	0.000277	0.094311	0.000026
斜褘褋褌褉芯泄	0.000277	0.116534	0.000032
斜褘褋褌褉褘泄	0.000831	0.105361	0.000088
胁邪卸薪褘械	0.000277	0.116534	0.000032
胁邪谢谢懈泄褋泻邪褟	0.000277	0.116534	0.000032
胁邪薪懈谢懈薪	0.000554	1.609438	0.000892
胁邪薪懈谢褜	0.000554	3.218876	0.001783
胁邪褉械薪懈泻懈	0.000277	0.116534	0.000032
胁邪褉械薪褜械	0.000554	0.040822	0.000023
胁邪褉懈邪薪褌邪	0.000277	2.659260	0.000737
胁邪褉懈邪薪褌芯胁	0.000277	2.120264	0.000587
胁邪褉褜懈褉芯胁邪褌褜	0.000277	4.605170	0.001276
胁邪褌褉褍褕泻懈	0.000277	0.040822	0.000011
胁邪褎谢懈	0.000554	0.040822	0.000023
胁邪褕	0.000554	1.309333	0.000725
胁邪褕械泄	0.000554	0.040822	0.000023
胁邪褕械屑	0.000277	2.995732	0.000830
胁胁芯写褟	0.000277	0.040822	0.000011
胁写芯褏薪芯胁械薪懈械	0.001108	0.116534	0.000129
胁写芯褏薪芯胁械薪懈械屑	0.000554	0.116534	0.000065
胁写芯褏薪芯胁谢褟泄褋褟	0.000277	0.116534	0.000032
胁械谐械褌邪褉懈邪薪褋泻懈械	0.000277	0.127833	0.000035
胁械谐械褌邪褉懈邪薪褋泻芯械	0.000277	0.116534	0.000032
胁械泻芯胁芯泄	0.000277	4.605170	0.001276
胁械谢懈泻懈泄	0.000277	0.116534	0.000032
胁械薪谐械褉褋泻邪褟	0.000277	0.116534	0.000032
胁械褋械薪薪懈械	0.000277	0.051293	0.000014
胁械褋薪邪	0.001385	0.116534	0.000161
胁械褋薪褘	0.000554	0.116534	0.000065
胁械褌褔懈薪褘	0.000277	0.105361	0.000029
胁懈写械	0.000277	1.171183	0.000324
胁懈写械芯	0.000554	0.116534	0.000065
胁懈写械芯褉械褑械锌褌褘	0.000277	0.301105	0.000083
胁懈薪芯	0.001662	0.040822	0.000068
胁懈褕薪械胁芯	0.000277	4.605170	0.001276
胁懈褕薪褟	0.000554	2.040221	0.001130
胁泻谢褞褔邪褞褖懈褏	0.000277	0.634878	0.000176
胁泻褍褋	0.001662	0.105361	0.000175
胁泻褍褋邪	0.002216	0.116534	0.000258
胁泻褍褋薪邪褟	0.001662	0.061875	0.000103
胁泻褍褋薪械械	0.000554	0.116534	0.000065
胁泻褍褋薪械泄	0.000277	0.116534	0.000032
胁泻褍褋薪芯	0.001662	0.094311	0.000157
胁泻褍褋薪褘械	0.000831	0.105361	0.000088
胁泻褍褋薪褘泄	0.000831	0.385662	0.000320
胁泻褍褋芯屑	0.000554	0.105361	0.000058
胁谢褞斜谢械薪薪褘褏	0.000277	0.116534	0.000032
胁薪邪褔邪谢械	0.001108	0.248461	0.000275
胁芯	0.000277	0.061875	0.000017
胁芯写邪	0.002216	0.287682	0.000638
胁芯写械	0.000277	0.105361	0.000029
胁芯写褘	0.000277	2.813411	0.000779
胁芯蟹褉芯卸写械薪懈褟	0.000277	4.605170	0.001276
胁芯泄褋泻邪褏	0.000277	4.605170	0.001276
胁芯泄褌懈	0.000277	0.000000	0.000000
胁芯谢芯胁邪薪褘	0.000277	0.116534	0.000032
胁芯谢褕械斜薪芯屑	0.000277	4.605170	0.001276
胁芯谢褕械斜薪褘械	0.000277	0.116534	0.000032
胁芯谢褕械斜褋褌胁芯	0.000277	0.116534	0.000032
胁芯锌褉芯褋褘	0.000277	0.000000	0.000000
胁芯褋锌芯谢褜蟹芯胁邪褌褜褋褟	0.000277	3.506558	0.000971
胁芯褋锌芯屑懈薪邪薪懈褟	0.000277	3.912023	0.001084
胁芯褋褌芯褔薪邪褟	0.000277	0.127833	0.000035
胁锌械褉胁褘械	0.000554	1.560648	0.000865
胁褉械屑械薪邪	0.000277	0.116534	0.000032
胁褉械屑械薪械屑	0.001662	0.116534	0.000194
胁褉械屑械薪懈	0.000277	0.967584	0.000268
胁褉械屑褟	0.000277	0.400478	0.000111
胁褋械谐写邪	0.000554	0.653926	0.000362
胁褋械谐芯	0.000277	0.186330	0.000052
胁褋械泄	0.000831	0.105361	0.000088
胁褋械屑褍	0.000277	0.061875	0.000017
胁褋锌芯屑薪懈谢邪褋褜	0.000277	4.605170	0.001276
胁褋锌芯屑薪懈褌褜	0.000277	0.040822	0.000011
胁褌芯褉芯械	0.000277	0.116534	0.000032
胁褌芯褉褘械	0.000277	0.127833	0.000035
胁褏芯写	0.000831	0.030459	0.000025
胁褘斜芯褉	0.000277	2.995732	0.000830
胁褘泄褌懈	0.000277	0.040822	0.000011
胁褘锌械褔泻邪	0.004155	0.040822	0.000170
胁褘锌械褔泻懈	0.000554	0.072571	0.000040
胁褘锌械褔泻芯泄	0.000277	0.116534	0.000032
胁褜械褌薪邪屑褋泻邪褟	0.000277	0.116534	0.000032
谐邪胁邪泄褋泻邪褟	0.000277	0.116534	0.000032
谐邪褉邪卸芯屑	0.000277	1.078810	0.000299
谐邪褉写械薪	0.000277	3.506558	0.000971
谐邪褉薪懈褉	0.001385	0.040822	0.000057
谐邪褋锌邪褔芯	0.000277	0.040822	0.000011
谐邪褋褌褉芯薪芯屑邪	0.000277	3.912023	0.001084
谐胁芯蟹写懈泻邪	0.000554	2.302585	0.001276
谐械芯谐褉邪褎懈褟	0.000277	0.116534	0.000032
谐械褉屑邪薪懈懈	0.000554	3.506558	0.001943
谐谢邪胁薪褘泄	0.000277	0.040822	0.000011
谐谢邪蟹褍褉褜	0.000831	0.040822	0.000034
谐谢懈薪褌胁械泄薪	0.000277	0.040822	0.000011
谐芯胁芯褉懈褌褜	0.000277	2.659260	0.000737
谐芯胁芯褉褟	0.000277	2.207275	0.000611
谐芯胁褟写懈薪褘	0.001108	0.116534	0.000129
谐芯谐邪谢	0.001385	4.605170	0.006378
谐芯谐邪谢芯屑	0.000277	4.605170	0.001276
谐芯谐邪谢褔懈泻	0.000277	4.605170	0.001276
谐芯写	0.002493	0.105361	0.000263
谐芯写邪	0.004155	0.248461	0.001032
谐芯写褍	0.000277	1.171183	0.000324
谐芯谢谢邪薪写褋泻邪褟	0.000277	0.116534	0.000032
谐芯褉写芯薪邪	0.000277	4.605170	0.001276
谐芯褉芯写邪	0.000277	0.116534	0.000032
谐芯褉芯褏	0.000277	0.116534	0.000032
谐芯褉褔懈褑邪	0.000554	0.040822	0.000023
谐芯褉褔懈褑邪屑懈	0.000277	0.127833	0.000035
谐芯褉褕芯褔泻邪褏	0.000277	0.105361	0.000029
谐芯褉褕芯褔泻械	0.000277	0.040822	0.000011
谐芯褉褟褔械械	0.000554	0.116534	0.000065
谐芯褉褟褔械泄	0.000277	3.506558	0.000971
谐芯褉褟褔懈械	0.011357	0.105361	0.001197
谐芯褉褟褔懈泄	0.000554	0.116534	0.000065
谐芯褋褌懈	0.000277	0.116534	0.000032
谐芯褋褌褟屑	0.000277	2.525729	0.000700
谐芯褌芯胁懈屑	0.001662	0.094311	0.000157
谐芯褌芯胁懈褌褋褟	0.000277	0.478036	0.000132
谐芯褌芯胁懈褌褜	0.001662	0.105361	0.000175
谐芯褌芯胁褜	0.000554	0.116534	0.000065
谐芯褌芯胁褟褌	0.000554	0.116534	0.000065
谐褉械薪泻懈	0.000554	0.040822	0.000023
谐褉械褔械褋泻邪褟	0.000277	0.116534	0.000032
谐褉械褔泻邪	0.000277	0.040822	0.000011
谐褉懈斜邪屑懈	0.001385	0.105361	0.000146
谐褉懈斜薪褘械	0.000554	0.040822	0.000023
谐褉懈斜芯胁	0.000831	0.116534	0.000097
谐褉懈斜褘	0.001385	0.040822	0.000057
谐褉懈谢械	0.001385	0.116534	0.000161
谐褉懈谢褜	0.000277	0.116534	0.000032
谐褉懈谢褜屑邪薪懈褟	0.000277	0.116534	0.000032
谐褉懈谢褟	0.001108	0.116534	0.000129
谐褉芯谐	0.000277	0.040822	0.000011
谐褉褍胁	0.000277	3.506558	0.000971
谐褉褍写懈薪泻邪	0.000554	3.506558	0.001943
谐褉褍写懈薪泻懈	0.000554	4.605170	0.002551
谐褉褍蟹懈薪褋泻邪褟	0.000277	0.116534	0.000032
谐褉褍锌锌褘	0.000277	0.061875	0.000017
谐褋胁谐	0.000277	4.605170	0.001276
谐褍褉屑邪薪	0.000277	3.912023	0.001084
谐褍褉屑邪薪懈褟	0.001662	0.116534	0.000194
谐褍褉屑械	0.000277	0.127833	0.000035
谐褍褋褌芯泄	0.000277	2.407946	0.000667
谐褍褋褟	0.000554	0.105361	0.000058
写邪械褌	0.000277	0.040822	0.000011
写邪薪薪褘械	0.000277	0.040822	0.000011
写邪褉褘	0.000277	0.116534	0.000032
写邪褌械	0.000554	0.248461	0.000138
写邪褌褋泻邪褟	0.000277	0.116534	0.000032
写邪褔薪芯械	0.000831	0.116534	0.000097
写胁邪卸写褘	0.000277	2.525729	0.000700
写胁褍屑褟	0.000277	3.912023	0.001084
写械泻邪斜褉褟	0.000831	0.597837	0.000497
写械泻芯褉	0.000277	0.127833	0.000035
写械谢邪械褌	0.000554	0.116534	0.000065
写械谢邪褌褜	0.000277	1.386294	0.000384
写械谢邪褞褌	0.000277	2.659260	0.000737
写械谢邪褞褌褋褟	0.000277	2.407946	0.000667
写械谢懈谢褋褟	0.000277	4.605170	0.001276
写械谢懈屑褋褟	0.000277	0.040822	0.000011
写械谢芯屑	0.000277	0.116534	0.000032
写械薪褜	0.001108	0.083382	0.000092
写械褋械褉褌	0.000831	0.116534	0.000097
写械褋械褉褌邪褑懈褟	0.000277	0.116534	0.000032
写械褋械褉褌薪邪褟	0.000277	4.605170	0.001276
写械褋械褉褌薪褘械	0.000277	0.116534	0.000032
写械褋械褉褌芯屑	0.000277	3.506558	0.000971
写械褋械褉褌褘	0.003878	0.040822	0.000158
写械褌械泄	0.000277	0.116534	0.000032
写卸械泄屑懈	0.000277	2.659260	0.000737
写卸械屑	0.000277	0.040822	0.000011
写蟹械薪	0.000277	0.116534	0.000032
写懈械褌邪	0.000277	0.116534	0.000032
写懈械褌褘	0.000277	0.116534	0.000032
写懈泻懈泄	0.000554	0.116534	0.000065
写懈泻芯谐芯	0.000277	0.116534	0.000032
写懈锌	0.000277	0.116534	0.000032
写懈褔懈	0.000554	0.116534	0.000065
写懈褔褜	0.000277	0.116534	0.000032
写薪械胁薪懈泻邪褏	0.000277	0.061875	0.000017
写薪械泄	0.000831	0.116534	0.000097
写薪褟	0.000277	0.040822	0.000011
写芯斜邪胁懈褌褜	0.000277	1.514128	0.000419
写芯斜邪胁谢械薪懈褟屑	0.000277	0.274437	0.000076
写芯斜邪胁谢褟褌褜	0.000277	0.040822	0.000011
写芯斜邪胁褜	0.000277	0.116534	0.000032
写芯斜邪胁褜褌械	0.000277	3.912023	0.001084
写芯斜褉芯褎谢芯褌	0.000277	0.127833	0.000035
写芯胁械褉褟械褕褜	0.000277	0.116534	0.000032
写芯屑	0.002493	0.040822	0.000102
写芯屑邪	0.000831	0.994252	0.000826
写芯屑邪褏	0.000277	4.605170	0.001276
写芯屑邪褕薪械械	0.000831	0.040822	0.000034
写芯屑邪褕薪懈械	0.000554	0.040822	0.000023
写芯屑邪褕薪懈泄	0.002216	0.116534	0.000258
写芯屑邪褕薪懈褏	0.000277	1.714798	0.000475
写芯屑邪褕薪褟褟	0.000554	0.105361	0.000058
写芯屑芯胁	0.000277	0.040822	0.000011
写芯褉芯谐懈械	0.000277	1.272966	0.000353
写褉邪泄胁	0.001385	0.127833	0.000177
写褉芯卸卸械胁芯械	0.000277	0.116534	0.000032
写褉芯卸卸懈	0.001662	0.941609	0.001565
写褉褍谐懈屑懈	0.000277	0.040822	0.000011
写褉褍谐懈褏	0.000277	1.714798	0.000475
写褉褍蟹褜褟	0.000277	1.966113	0.000545
写褍褏芯胁泻邪	0.001108	0.127833	0.000142
写褍褕懈	0.000831	0.105361	0.000088
写褍褕懈褋褌褘泄	0.000554	1.237874	0.000686
械胁褉械泄褋泻邪褟	0.000277	0.116534	0.000032
械谐懈锌械褌褋泻邪褟	0.000277	0.116534	0.000032
械写懈薪褋褌胁械薪薪芯械	0.000277	3.912023	0.001084
械写懈薪褘泄	0.000277	0.040822	0.000011
械泻芯	0.000277	0.127833	0.000035
械屑	0.000277	3.912023	0.001084
卸邪褉泻芯械	0.000277	0.040822	0.000011
卸谐褍褔懈泄	0.000554	1.966113	0.001089
卸械谢械	0.000831	0.040822	0.000034
卸械谢褌芯泻	0.001108	1.272966	0.001410
卸械薪褋泻邪褟	0.000277	0.127833	0.000035
卸械薪褋泻芯屑	0.000277	0.061875	0.000017
卸械薪褖懈薪褘	0.000554	0.116534	0.000065
卸懈胁褟	0.000277	4.605170	0.001276
卸懈蟹薪懈	0.000277	0.040822	0.000011
卸懈蟹薪褜	0.000277	0.116534	0.000032
卸懈谢懈	0.000277	3.912023	0.001084
卸褍谢褜械薪	0.000277	0.040822	0.000011
卸褍褉薪邪谢邪	0.000277	0.127833	0.000035
卸褞谢褜械薪	0.000277	0.040822	0.000011
蟹邪胁邪褉薪芯械	0.000277	0.116534	0.000032
蟹邪胁邪褉薪芯泄	0.000277	0.116534	0.000032
蟹邪胁褌褉邪泻	0.002493	0.094311	0.000235
蟹邪胁褌褉邪泻邪	0.000277	2.995732	0.000830
蟹邪胁褌褉邪泻械	0.000277	4.605170	0.001276
蟹邪胁褌褉邪泻懈	0.000277	0.127833	0.000035
蟹邪谐芯褌芯胁泻邪	0.000277	3.506558	0.000971
蟹邪谐芯褌芯胁泻械	0.000277	4.605170	0.001276
蟹邪谐芯褌芯胁泻懈	0.001662	0.040822	0.000068
蟹邪写邪胁邪褌褜	0.000277	0.040822	0.000011
蟹邪泄褑邪	0.000554	0.116534	0.000065
蟹邪泻胁邪褋泻邪	0.000277	0.040822	0.000011
蟹邪泻胁邪褋泻邪屑懈	0.000277	0.116534	0.000032
蟹邪泻胁邪褋芯泻	0.000277	0.127833	0.000035
蟹邪泻褉褘褌褘泄	0.000277	0.116534	0.000032
蟹邪泻褍褋泻邪	0.000554	1.347074	0.000746
蟹邪泻褍褋泻懈	0.006648	0.040822	0.000271
蟹邪泻褍褋泻褍	0.001108	0.116534	0.000129
蟹邪泻褍褋芯薪褔懈泻	0.000277	0.116534	0.000032
蟹邪泻褍褋芯褔泻邪	0.000277	0.116534	0.000032
蟹邪泻褍褋芯褔薪褘械	0.002493	0.116534	0.000291
蟹邪谢懈胁薪芯械	0.000554	0.040822	0.000023
蟹邪屑械褌褜褌械	0.000277	4.605170	0.001276
蟹邪屑械褔邪褌械谢褜薪褘泄	0.000277	1.514128	0.000419
蟹邪屑芯褉芯蟹泻邪	0.000277	0.105361	0.000029
蟹邪薪械褋懈褌械	0.000277	4.605170	0.001276
蟹邪锌邪写	0.000277	0.116534	0.000032
蟹邪锌械泻邪薪泻邪	0.001108	0.105361	0.000117
蟹邪锌械泻邪薪泻懈	0.001939	0.040822	0.000079
蟹邪锌械褔械薪薪褘泄	0.000277	1.897120	0.000526
蟹邪锌芯屑懈薪邪褞	0.000277	4.605170	0.001276
蟹邪锌褉邪胁泻邪	0.000554	0.040822	0.000023
蟹邪褉械谐懈褋褌褉懈褉芯胁邪胁褕懈褋褜	0.000277	0.040822	0.000011
蟹邪褉械谐懈褋褌褉懈褉芯胁邪褌褜褋褟	0.000277	0.030459	0.000008
蟹邪褋芯谢泻邪	0.000277	0.116534	0.000032
蟹邪褋褌邪胁懈褌褜	0.000277	4.605170	0.001276
蟹邪褌褉邪褌薪芯	0.000277	4.605170	0.001276
蟹邪褏芯写懈褌械	0.000554	0.755023	0.000418
蟹邪褏芯褌械谢芯褋褜	0.000277	2.407946	0.000667
蟹胁邪薪褘泄	0.000277	0.127833	0.000035
蟹胁械蟹写邪	0.000277	0.127833	0.000035
蟹胁褢蟹写薪褘械	0.000277	0.116534	0.000032
蟹写芯褉芯胁芯械	0.000277	0.116534	0.000032
蟹写芯褉芯胁褘泄	0.000277	0.116534	0.000032
蟹械谢械薪褘泄	0.000554	1.021651	0.000566
蟹械谢械薪褜	0.001662	0.094311	0.000157
蟹械褎懈褉	0.000277	0.040822	0.000011
蟹懈屑薪懈械	0.000277	0.051293	0.000014
蟹懈屑褍	0.001108	0.040822	0.000045
蟹懈褉邪	0.000554	3.218876	0.001783
蟹薪邪褞褌	0.000277	2.525729	0.000700
蟹芯谢芯褌邪褟	0.000277	0.116534	0.000032
懈胁邪薪芯胁邪	0.000277	0.127833	0.000035
懈写械邪谢褜薪邪褟	0.000277	0.116534	0.000032
懈写械邪谢褜薪芯谐芯	0.001385	0.116534	0.000161
懈写械邪谢褜薪芯械	0.000277	0.116534	0.000032
懈写械泄泻懈	0.000277	0.116534	0.000032
懈蟹胁械褋褌械薪	0.000277	3.912023	0.001084
懈蟹写械谢懈褟	0.001662	0.116534	0.000194
懈蟹写械谢懈褟屑懈	0.000831	0.116534	0.000097
懈蟹褞屑懈薪泻邪	0.000277	2.302585	0.000638
懈泻褉邪	0.000831	0.040822	0.000034
懈屑械薪械屑	0.000277	0.040822	0.000011
懈屑械薪褍褞褌	0.000277	4.605170	0.001276
懈屑懈褌邪褑懈械泄	0.000277	4.605170	0.001276
懈薪邪褔械	0.000277	1.897120	0.000526
懈薪胁械褉褌芯褉薪芯泄	0.000277	0.127833	0.000035
懈薪谐褉械写懈械薪褌褘	0.008310	0.139262	0.001157
懈薪写械泄泻懈	0.001385	0.094311	0.000131
懈薪写械泄泻芯泄	0.000277	0.116534	0.000032
懈薪写懈泄褋泻邪褟	0.000277	0.116534	0.000032
懈薪写懈谢邪泄褌	0.000831	0.116534	0.000097
懈薪写懈褉械褋薪褘械	0.000277	0.116534	0.000032
懈薪褋褌褉褍泻褑懈褟屑懈	0.000277	0.040822	0.000011
懈薪褌械褉薪械褌械	0.000277	1.309333	0.000363
懈褉邪泻褋泻邪褟	0.000277	0.116534	0.000032
懈褉邪薪褋泻邪褟	0.000277	0.116534	0.000032
懈褉胁邪泄薪	0.000277	4.605170	0.001276
懈褉谢邪薪写褋泻邪褟	0.000277	0.116534	0.000032
懈褋泻褉械薪薪械	0.000277	0.116534	0.000032
懈褋谢邪薪写褋泻邪褟	0.000277	0.116534	0.000032
懈褋锌邪薪褋泻邪褟	0.000277	0.116534	0.000032
懈褋锌械泻懈	0.000277	0.116534	0.000032
懈褋锌芯谢薪械薪懈械	0.000277	4.605170	0.001276
懈褋褌芯褉懈械泄	0.000277	3.912023	0.001084
懈褋褌芯褉懈懈	0.001385	0.116534	0.000161
懈褋褌芯褉懈褞	0.000277	0.116534	0.000032
懈褌邪泻	0.000277	1.609438	0.000446
懈褌邪谢懈懈	0.000554	0.105361	0.000058
懈褌邪谢褜褟薪褋泻邪褟	0.000277	0.116534	0.000032
懈褌邪谢褜褟薪褋泻懈	0.000277	3.218876	0.000892
泄芯谐褍褉褌	0.001385	0.040822	0.000057
泻邪斜邪褔泻懈	0.000277	0.040822	0.000011
泻邪胁泻邪蟹褋泻邪褟	0.000277	0.116534	0.000032
泻邪卸写芯泄	0.000277	1.832581	0.000508
泻邪卸写芯屑	0.000277	2.525729	0.000700
泻邪蟹邪薪械	0.000277	0.116534	0.000032
泻邪蟹邪褏褋泻邪褟	0.000277	0.116534	0.000032
泻邪泻邪芯	0.001108	0.040822	0.000045
泻邪谢械泄写芯褋泻芯锌	0.001108	0.116534	0.000129
泻邪谢屑褘褑泻邪褟	0.000277	0.116534	0.000032
泻邪谢褜屑邪褉	0.000277	0.040822	0.000011
泻邪屑械褉邪	0.000277	0.116534	0.000032
泻邪薪邪写褋泻邪褟	0.000277	0.116534	0.000032
泻邪薪邪谢	0.000554	0.040822	0.000023
泻邪薪邪谢械	0.000277	0.040822	0.000011
泻邪薪邪锌械	0.000554	0.040822	0.000023
泻邪锌褍褋褌邪	0.001108	0.040822	0.000045
泻邪锌褍褋褌薪褟泻	0.000277	0.040822	0.000011
泻邪锌褍褋褌褘	0.000277	0.040822	0.000011
泻邪褉邪屑械谢褜	0.000277	0.040822	0.000011
泻邪褉邪屑械谢褜薪芯	0.000277	4.605170	0.001276
泻邪褉写邪屑芯薪	0.000554	3.218876	0.001783
泻邪褉泻邪褋薪褘泄	0.001108	0.116534	0.000129
泻邪褉褌懈薪泻邪	0.000277	3.912023	0.001084
泻邪褉褌芯褎械谢械	0.000277	4.605170	0.001276
泻邪褉褌芯褎械谢褜	0.001385	0.040822	0.000057
泻邪褉褌芯褎械谢褜薪芯械	0.000277	0.040822	0.000011
泻邪褉褌芯褎械谢褜薪褘泄	0.000554	0.116534	0.000065
泻邪褉褌芯褎械谢褜薪褘屑	0.000277	4.605170	0.001276
泻邪褉褌芯褕泻邪	0.000554	0.040822	0.000023
泻邪褌械谐芯褉懈懈	0.000277	0.116534	0.000032
泻邪褌械谐芯褉懈褟	0.004155	0.150823	0.000627
泻邪褔械褋褌胁芯	0.000277	0.116534	0.000032
泻邪褕邪	0.000277	0.040822	0.000011
泻邪褕械泄	0.000277	3.506558	0.000971
泻邪褕懈	0.002216	0.105361	0.000233
泻邪褕褍	0.000277	0.094311	0.000026
泻胁邪褋	0.000831	0.040822	0.000034
泻胁邪褋薪芯械	0.000831	0.116534	0.000097
泻胁邪褋芯屑	0.000277	0.127833	0.000035
泻胁邪褕械薪褘褏	0.000277	4.605170	0.001276
泻谐	0.000277	3.912023	0.001084
泻械泻褋	0.000277	0.040822	0.000011
泻械泻褋褘	0.000554	0.116534	0.000065
泻械褌褔褍锌	0.000554	1.560648	0.000865
泻械褌褔褍锌芯胁	0.000277	4.605170	0.001276
泻械褎懈褉	0.000277	0.040822	0.000011
泻械褕褜褞	0.000554	2.995732	0.001660
泻懈屑褔懈	0.000277	0.040822	0.000011
泻懈薪蟹邪	0.000554	2.407946	0.001334
泻懈薪芯邪	0.000554	0.127833	0.000071
泻懈薪芯谢械薪褌邪	0.000277	0.116534	0.000032
泻懈褋械谢褜	0.000554	0.040822	0.000023
泻懈褌邪泄褋泻邪褟	0.000277	0.116534	0.000032
泻谢邪褋褋	0.002216	0.116534	0.000258
泻谢邪褋褋懈褔械褋泻芯谐芯	0.000277	3.506558	0.000971
泻谢邪褋褋褘	0.000277	0.116534	0.000032
泻谢褞泻胁邪	0.000554	3.218876	0.001783
泻谢褞泻胁芯泄	0.000277	4.605170	0.001276
泻薪懈谐	0.000277	3.912023	0.001084
泻薪懈谐褍	0.000554	0.040822	0.000023
泻芯泻芯褋芯胁邪褟	0.001108	3.218876	0.003567
泻芯泻芯褋芯胁褘泄	0.000277	3.912023	0.001084
泻芯泻褌械泄谢懈	0.000277	0.127833	0.000035
泻芯泻褌械泄谢褜	0.001385	0.040822	0.000057
泻芯谢斜邪褋邪	0.000277	0.040822	0.000011
泻芯谢斜邪褋泻懈	0.000554	2.995732	0.001660
泻芯谢斜邪褋薪褘屑懈	0.000831	0.116534	0.000097
泻芯屑邪薪写邪	0.000554	0.127833	0.000071
泻芯屑懈	0.000277	0.116534	0.000032
泻芯屑屑械薪褌邪褉懈械胁	0.000277	0.223144	0.000062
泻芯屑锌邪薪懈泄	0.000277	0.105361	0.000029
泻芯屑锌芯褌	0.000831	0.040822	0.000034
泻芯薪懈薪褘	0.000277	0.116534	0.000032
泻芯薪泻褍褉褋	0.059280	0.105361	0.006246
泻芯薪泻褍褉褋邪	0.000277	0.116534	0.000032
泻芯薪泻褍褉褋邪褏	0.000277	0.040822	0.000011
泻芯薪泻褍褉褋薪褘械	0.000277	0.127833	0.000035
泻芯薪褋械褉胁懈褉芯胁邪薪懈械	0.000277	0.040822	0.000011
泻芯薪褋械褉胁懈褉芯胁邪薪薪邪褟	0.000277	0.116534	0.000032
泻芯薪褋械褉胁懈褉芯胁邪薪薪芯械	0.000277	0.116534	0.000032
泻芯薪褋械褉胁懈褉芯胁邪薪薪褘械	0.000554	0.116534	0.000065
泻芯薪褋械褉胁懈褉芯胁邪薪薪褘泄	0.000277	0.116534	0.000032
泻芯薪褋懈褋褌械薪褑懈懈	0.000277	2.813411	0.000779
泻芯薪褎械褌褌懈	0.000277	0.116534	0.000032
泻芯薪褎械褌褘	0.000831	0.040822	0.000034
泻芯薪褎懈写械薪褑懈邪谢褜薪芯褋褌懈	0.000277	0.040822	0.000011
泻芯薪褎懈褌褞褉	0.000277	0.040822	0.000011
泻芯锌懈谢芯褔泻褍	0.000277	4.605170	0.001276
泻芯锌褔械薪芯褋褌褟屑懈	0.000277	0.116534	0.000032
泻芯褉械泄褋泻邪褟	0.000277	0.116534	0.000032
泻芯褉械泄褋泻懈	0.000277	0.040822	0.000011
泻芯褉卸懈泻懈	0.000277	0.040822	0.000011
泻芯褉懈邪薪写褉	0.001662	1.469676	0.002443
泻芯褉懈褑邪	0.000554	1.427116	0.000791
泻芯褉懈褔薪械胁褘泄	0.001662	1.386294	0.002304
泻芯褉屑褟褖懈褏	0.000277	0.116534	0.000032
泻芯褉芯谢械胁械	0.000277	4.605170	0.001276
泻芯褉芯褔泻邪	0.000277	2.525729	0.000700
泻芯褌谢械褌褘	0.000277	0.040822	0.000011
泻芯褌芯褉芯屑褍	0.000277	0.116534	0.000032
泻芯褎械	0.001108	0.040822	0.000045
泻芯褎械泄薪芯	0.000277	3.912023	0.001084
泻褉邪斜芯胁	0.000277	4.605170	0.001276
泻褉邪斜芯胁芯谐芯	0.000277	3.912023	0.001084
泻褉邪斜芯胁芯械	0.000831	3.912023	0.003251
泻褉邪斜芯胁褘泄	0.000277	3.912023	0.001084
泻褉邪褋懈胁邪褟	0.000277	2.525729	0.000700
泻褉邪褋懈胁芯谐芯	0.000277	3.506558	0.000971
泻褉邪褋泻懈	0.000277	0.116534	0.000032
泻褉邪褋薪褘泄	0.000554	1.171183	0.000649
泻褉械邪褌懈胁	0.000277	0.127833	0.000035
泻褉械屑	0.000554	0.040822	0.000023
泻褉械屑邪	0.000554	0.116534	0.000065
泻褉械锌泻懈泄	0.000277	0.116534	0.000032
泻褉械锌泻芯屑褍	0.000277	4.605170	0.001276
泻褉芯谢懈泻邪	0.000554	0.116534	0.000065
泻褉芯屑械	0.000277	0.061875	0.000017
泻褉芯褏懈	0.000277	0.116534	0.000032
泻褉褍谐褍	0.000554	0.116534	0.000065
泻褉褍锌	0.001662	0.116534	0.000194
泻褉褍锌邪	0.000277	0.127833	0.000035
泻褉褍锌褘	0.000554	0.127833	0.000071
泻褉褍锌褟薪褘械	0.000277	0.116534	0.000032
泻褍斜懈薪褋泻邪褟	0.000277	0.116534	0.000032
泻褍谢械褕	0.000277	0.040822	0.000011
泻褍谢懈薪邪褉懈懈	0.000831	0.094311	0.000078
泻褍谢懈薪邪褉薪邪褟	0.000277	0.116534	0.000032
泻褍谢懈薪邪褉薪芯械	0.000277	0.116534	0.000032
泻褍谢懈薪邪褉薪褍褞	0.000831	0.040822	0.000034
泻褍谢懈薪邪褉薪褘泄	0.000277	0.072571	0.000020
泻褍谢懈薪邪褉薪褘褏	0.000277	0.116534	0.000032
泻褍谢懈褔	0.000277	0.040822	0.000011
泻褍谢懈褔懈	0.000277	0.116534	0.000032
泻褍薪卸褍褌	0.001108	0.994252	0.001102
泻褍锌懈褌褜	0.000277	2.407946	0.000667
泻褍褉写褋泻邪褟	0.000277	0.116534	0.000032
泻褍褉懈薪邪褟	0.001385	1.021651	0.001415
泻褍褉懈薪芯谐芯	0.000277	0.116534	0.000032
泻褍褉懈薪芯械	0.001939	0.127833	0.000248
泻褍褉懈薪芯泄	0.000554	2.120264	0.001175
泻褍褉懈薪褘泄	0.000277	0.105361	0.000029
泻褍褉懈褑邪	0.000277	0.040822	0.000011
泻褍褉懈褑褘	0.000831	0.116534	0.000097
泻褍褉泻褍屑邪	0.000554	2.040221	0.001130
泻褍褉芯褔泻芯泄	0.000277	0.116534	0.000032
泻褍褋泻褍褋	0.000277	0.040822	0.000011
泻褍褋芯褔泻芯屑	0.000277	2.995732	0.000830
泻褍褏薪械泄	0.000277	0.040822	0.000011
泻褍褏薪懈	0.001385	0.040822	0.000057
泻褍褏薪褟	0.000831	0.116534	0.000097
谢邪胁邪褕	0.000554	0.040822	0.000023
谢邪胁邪褕邪	0.001108	0.116534	0.000129
谢邪谐屑邪薪	0.000277	0.040822	0.000011
谢邪泻芯屑褋褌胁芯	0.000277	0.116534	0.000032
谢邪锌褕邪	0.000554	0.040822	0.000023
谢邪褋泻芯胁芯	0.000277	4.605170	0.001276
谢邪褌褘褕褋泻邪褟	0.000277	0.116534	0.000032
谢械谐泻邪褟	0.000277	0.116534	0.000032
谢械谐泻懈泄	0.000554	0.116534	0.000065
谢械谐泻芯	0.001662	0.116534	0.000194
谢械薪懈胁邪褟	0.000277	2.813411	0.000779
谢械薪懈胁芯泄	0.000277	4.605170	0.001276
谢械锌械褕泻懈	0.000554	0.040822	0.000023
谢械褌	0.000277	0.843970	0.000234
谢械褌邪	0.000277	0.116534	0.000032
谢械褌薪懈械	0.000277	0.040822	0.000011
谢械褌薪褟褟	0.000277	0.116534	0.000032
谢械褌芯	0.001385	0.116534	0.000161
谢械褔芯	0.000277	0.040822	0.000011
谢懈谐邪	0.000831	0.116534	0.000097
谢懈泻械褉	0.000277	0.040822	0.000011
谢懈屑芯薪	0.001108	1.203973	0.001334
谢懈屑芯薪邪写	0.000554	0.040822	0.000023
谢懈屑芯薪邪褏	0.000277	4.605170	0.001276
谢懈屑芯薪褘	0.000277	4.605170	0.001276
谢懈褌芯胁褋泻	0.000277	0.127833	0.000035
谢懈褌芯胁褋泻邪褟	0.000277	0.116534	0.000032
谢芯卸泻芯泄	0.000277	3.506558	0.000971
谢芯褋芯褋械胁芯谐芯	0.000277	4.605170	0.001276
谢芯褋芯褋械屑	0.000277	3.506558	0.000971
谢芯褋芯褋褜	0.000554	3.218876	0.001783
谢褍泻	0.003324	0.301105	0.001001
谢褍褔褕械泄	0.000277	4.605170	0.001276
谢褍褔褕懈械	0.000277	0.116534	0.000032
谢褍褔褕懈泄	0.000554	0.040822	0.000023
谢褍褔褕懈褏	0.000277	0.116534	0.000032
谢褞斜胁懈	0.000277	0.105361	0.000029
谢褞斜懈屑芯谐芯	0.000277	0.127833	0.000035
谢褞斜懈屑芯屑	0.000277	3.218876	0.000892
谢褞斜懈屑芯屑褍	0.000277	0.116534	0.000032
谢褞斜懈屑褘褏	0.001662	0.116534	0.000194
谢褞斜懈褌	0.000277	1.427116	0.000395
谢褞斜懈褌械	0.000277	1.966113	0.000545
谢褞斜懈褌械谢褟屑懈	0.000277	3.912023	0.001084
谢褞斜芯胁褜	0.000277	0.116534	0.000032
谢褞斜芯泄	0.000277	0.116534	0.000032
谢褢写	0.000277	0.127833	0.000035
屑邪谐褉懈斜邪	0.000277	0.116534	0.000032
屑邪谐褉懈斜褋泻懈械	0.000277	4.605170	0.001276
屑邪谐褉懈斜褋泻懈褏	0.000277	4.605170	0.001276
屑邪泄	0.000277	0.116534	0.000032
屑邪泄芯薪械蟹	0.000277	0.116534	0.000032
屑邪泻	0.000554	3.506558	0.001943
屑邪泻邪褉芯薪薪褘械	0.000277	0.116534	0.000032
屑邪泻邪褉芯薪褘	0.000277	0.040822	0.000011
屑邪泻褋懈屑褍屑	0.000277	2.407946	0.000667
屑邪谢邪蟹懈泄褋泻邪褟	0.000277	0.116534	0.000032
屑邪谢械薪褜泻懈屑懈	0.000277	3.912023	0.001084
屑邪薪薪懈泻	0.000277	0.040822	0.000011
屑邪薪褌褘	0.000277	0.116534	0.000032
屑邪薪褢胁褉褘	0.000277	0.116534	0.000032
屑邪褉邪褎芯薪	0.000831	0.116534	0.000097
屑邪褉懈薪邪写	0.002493	0.040822	0.000102
屑邪褉懈薪邪写褘	0.000831	0.116534	0.000097
屑邪褉懈薪芯胁邪薪薪褘械	0.000277	0.116534	0.000032
屑邪褉懈薪芯胁邪薪薪褘泄	0.000277	2.813411	0.000779
屑邪褉屑械谢邪写	0.000277	0.040822	0.000011
屑邪褉芯泻泻邪薪褋泻邪褟	0.000277	0.116534	0.000032
屑邪褉褌邪	0.002216	0.105361	0.000233
屑邪褋泻邪褉锌芯薪械	0.000277	0.040822	0.000011
屑邪褋谢械薪懈褑邪	0.000831	0.040822	0.000034
屑邪褋谢械薪懈褔薪芯械	0.000277	0.116534	0.000032
屑邪褋谢懈薪邪屑懈	0.000277	3.506558	0.000971
屑邪褋谢懈薪褘	0.000554	1.966113	0.001089
屑邪褋谢芯	0.006925	0.116534	0.000807
屑邪褋谢芯屑	0.000277	0.116534	0.000032
屑邪褋褌械褉	0.002493	0.116534	0.000291
屑邪褋褌懈泻邪	0.000277	0.040822	0.000011
屑邪褋褌懈泻懈	0.000277	0.116534	0.000032
屑邪褎褎懈薪褘	0.000277	0.116534	0.000032
屑邪褏械械胁褗	0.001108	0.116534	0.000129
屑邪褕懈薪褘	0.000277	2.407946	0.000667
屑械写懈邪褎芯褉褌	0.000831	0.000000	0.000000
屑械写芯胁褘泄	0.000277	0.116534	0.000032
屑械泻褋懈泻邪薪褋泻邪褟	0.000277	0.116534	0.000032
屑械薪褞	0.000277	0.116534	0.000032
屑械薪褟	0.000554	0.083382	0.000046
屑械薪褟械褌褋褟	0.000277	0.116534	0.000032
屑械褋褟褑	0.000277	2.659260	0.000737
屑械褔褌邪	0.000277	0.116534	0.000032
屑械褔褌褘	0.000554	0.040822	0.000023
屑懈写懈懈	0.000277	0.040822	0.000011
屑懈泻褉芯胁芯谢薪芯胁泻械	0.000277	0.116534	0.000032
屑懈谢褜械	0.000277	0.116534	0.000032
屑懈薪写邪谢褜薪邪褟	0.000554	4.605170	0.002551
屑懈薪懈屑褍屑	0.000277	1.427116	0.000395
屑懈薪褍褌褍	0.000277	2.659260	0.000737
屑懈芯	0.000277	0.116534	0.000032
屑懈褉	0.000554	0.116534	0.000065
屑懈褉邪	0.000277	0.116534	0.000032
屑懈褉芯胁邪褟	0.000277	0.116534	0.000032
屑懈褋芯	0.000277	0.040822	0.000011
屑懈褋褋	0.000554	1.966113	0.001089
屑懈褋褌械褉懈褟	0.000277	0.116534	0.000032
屑懈褋褌褉邪谢褜	0.001939	0.116534	0.000226
屑谢	0.000277	2.813411	0.000779
屑薪芯谐懈械	0.000277	1.309333	0.000363
屑薪芯卸械褋褌胁芯屑	0.000277	0.040822	0.000011
屑芯谐褍	0.000277	0.798508	0.000221
屑芯械	0.000277	0.116534	0.000032
屑芯卸械褌械	0.000831	0.000000	0.000000
屑芯懈	0.000277	1.078810	0.000299
屑芯泄	0.000277	0.105361	0.000029
屑芯谢写邪胁褋泻邪褟	0.000277	0.116534	0.000032
屑芯谢芯泻械	0.000277	0.105361	0.000029
屑芯谢芯泻芯	0.001385	0.116534	0.000161
屑芯谢芯褔薪褘泄	0.000554	0.040822	0.000023
屑芯谢芯褔薪褘褏	0.000277	0.116534	0.000032
屑芯屑械薪褌	0.000831	0.116534	0.000097
屑芯薪谐芯谢褜褋泻邪褟	0.000277	0.116534	0.000032
屑芯褉械	0.000277	0.116534	0.000032
屑芯褉械锌褉芯写褍泻褌芯胁	0.003324	0.040822	0.000136
屑芯褉械锌褉芯写褍泻褌褘	0.000554	0.116534	0.000065
屑芯褉泻芯胁褜	0.001939	0.040822	0.000079
屑芯褉芯卸械薪芯械	0.000831	0.040822	0.000034
屑芯褉褋	0.000277	0.040822	0.000011
屑芯褉褋褘	0.000277	0.116534	0.000032
屑芯褌芯褉	0.000277	0.116534	0.000032
屑芯褏懈褌芯	0.000277	0.040822	0.000011
屑褍卸	0.000277	1.171183	0.000324
屑褍卸褋泻邪褟	0.000277	0.127833	0.000035
屑褍卸褔懈薪褘	0.000554	0.116534	0.000065
屑褍泻邪	0.003878	0.274437	0.001064
屑褍谢褜褌懈胁邪褉泻械	0.010526	0.116534	0.001227
屑褍谢褜褌懈锌械泻邪褉械泄	0.000831	0.116534	0.000097
屑褍褋泻邪褌薪褘泄	0.001108	1.832581	0.002031
屑褍褋褋	0.000277	0.040822	0.000011
屑褍褋褋褘	0.000554	0.116534	0.000065
屑褍褔薪褘械	0.000277	0.116534	0.000032
屑褞褋谢懈	0.000554	0.116534	0.000065
屑褟泻懈褕	0.000277	4.605170	0.001276
屑褟褋邪	0.002770	0.116534	0.000323
屑褟褋薪芯谐芯	0.000554	0.116534	0.000065
屑褟褋薪芯泄	0.000554	0.116534	0.000065
屑褟褋薪褘械	0.001385	0.040822	0.000057
屑褟褋薪褘褏	0.000831	0.116534	0.000097
屑褟褋芯	0.003047	0.040822	0.000124
屑褟褋芯屑	0.001385	0.040822	0.000057
屑褟褋褍	0.000554	0.116534	0.000065
薪邪蟹邪写	0.000554	0.967584	0.000536
薪邪蟹胁邪褌褜	0.000277	2.040221	0.000565
薪邪蟹薪邪褔械薪懈褟	0.000277	0.116534	0.000032
薪邪谢懈胁泻邪	0.000277	0.040822	0.000011
薪邪锌懈褌泻懈	0.001662	0.040822	0.000068
薪邪锌懈褌泻褍	0.000277	3.912023	0.001084
薪邪锌懈褌芯泻	0.000277	0.040822	0.000011
薪邪锌芯屑懈薪邪械褌	0.000277	2.813411	0.000779
薪邪锌褉懈屑械褉	0.000277	1.771957	0.000491
薪邪褋谢褘褕邪薪褘	0.000277	4.605170	0.001276
薪邪褋褌芯泄泻邪	0.000277	0.040822	0.000011
薪邪褋褌芯谢褜泻芯	0.000277	1.514128	0.000419
薪邪褋褌褉芯械薪懈械	0.000277	0.116534	0.000032
薪邪褋褘褖械薪薪褘泄	0.000277	1.897120	0.000526
薪邪褋褘褖械薪薪褘屑	0.000277	3.506558	0.000971
薪邪褌泻薪褍谢邪褋褜	0.000277	1.966113	0.000545
薪邪褌褍褉邪谢褜薪邪褟	0.000277	3.912023	0.001084
薪邪褌褍褉邪谢褜薪褘泄	0.000554	2.813411	0.001559
薪邪褑懈芯薪邪谢褜薪褘械	0.000277	0.116534	0.000032
薪邪褔懈薪泻邪	0.000554	0.040822	0.000023
薪邪褔懈薪泻邪屑懈	0.000277	3.506558	0.000971
薪邪褔懈薪泻芯泄	0.000554	0.116534	0.000065
薪邪褕械泄	0.000554	1.347074	0.000746
薪邪褕械屑	0.000554	0.040822	0.000023
薪邪褕懈	0.000277	0.061875	0.000017
薪邪褕谢邪	0.000554	0.579818	0.000321
薪械斜械	0.000277	2.813411	0.000779
薪械写邪胁薪芯	0.000277	2.120264	0.000587
薪械写械谢褟	0.002770	0.061875	0.000171
薪械卸薪邪褟	0.000277	1.966113	0.000545
薪械卸薪芯泄	0.000277	0.116534	0.000032
薪械卸薪褘泄	0.000277	0.891598	0.000247
薪械泄	0.000554	1.897120	0.001051
薪械屑械褑泻邪褟	0.000277	0.116534	0.000032
薪械屑械褑泻芯泄	0.000277	3.912023	0.001084
薪械屑薪芯谐芯	0.000277	1.203973	0.000334
薪械芯斜褘褔械薪	0.000277	3.912023	0.001084
薪械芯斜褘褔薪邪褟	0.000277	3.506558	0.000971
薪械芯斜褘褔薪褘泄	0.000277	1.347074	0.000373
薪械芯卸懈写邪薪薪褘械	0.000277	0.116534	0.000032
薪械褋泻芯谢褜泻芯	0.000277	0.916291	0.000254
薪械褋谢邪写泻芯械	0.000277	0.116534	0.000032
薪械褋谢芯卸薪芯	0.000277	2.207275	0.000611
薪懈薪芯褔泻械	0.000277	4.605170	0.001276
薪芯胁邪褟	0.000554	0.116534	0.000065
薪芯胁芯谐芯写薪械谐芯	0.001385	0.116534	0.000161
薪芯胁芯谐芯写薪械械	0.000831	0.116534	0.000097
薪芯胁芯谐芯写薪懈械	0.001662	0.040822	0.000068
薪芯胁芯谐芯写薪懈泄	0.001939	0.116534	0.000226
薪芯胁芯谐芯写薪褟褟	0.000277	0.105361	0.000029
薪芯胁芯械	0.000277	3.912023	0.001084
薪芯胁芯屑褍	0.000277	3.912023	0.001084
薪芯胁芯褋褌褟褏	0.000277	0.061875	0.000017
薪芯胁褉褍蟹	0.000554	4.605170	0.002551
薪芯胁褘械	0.000554	0.051293	0.000028
薪芯胁褘泄	0.002493	0.094311	0.000235
薪芯褉胁械卸褋泻邪褟	0.000277	0.116534	0.000032
薪芯褟斜褉褟	0.000554	0.527633	0.000292
芯斜械写	0.001108	0.105361	0.000117
芯斜械蟹褜褟薪褘	0.000277	0.116534	0.000032
芯斜卸邪褉械薪薪芯谐芯	0.000277	4.605170	0.001276
芯斜薪芯胁谢械薪懈褟	0.000277	4.605170	0.001276
芯斜褖邪褌褜褋褟	0.000277	0.040822	0.000011
芯胁芯褖邪屑懈	0.000277	0.116534	0.000032
芯胁芯褖械泄	0.003878	0.105361	0.000409
芯胁芯褖懈	0.001939	0.094311	0.000183
芯胁芯褖薪邪褟	0.000554	0.040822	0.000023
芯胁芯褖薪芯械	0.000277	0.116534	0.000032
芯胁芯褖薪芯泄	0.000554	0.105361	0.000058
芯胁芯褖薪褘械	0.001385	0.040822	0.000057
芯胁褋褟薪泻邪	0.000277	4.605170	0.001276
芯胁褋褟薪泻械	0.000277	4.605170	0.001276
芯胁褋褟薪泻懈	0.000277	3.912023	0.001084
芯胁褋褟薪芯械	0.000277	0.116534	0.000032
芯胁褋褟薪褘械	0.000554	2.302585	0.001276
芯谐薪械薪薪芯泄	0.000277	0.116534	0.000032
芯谐薪褟	0.000277	0.116534	0.000032
芯谐褍褉褑褘	0.000554	0.116534	0.000065
芯写薪懈屑	0.000277	1.309333	0.000363
芯写薪芯泄	0.000277	1.237874	0.000343
芯写薪芯屑	0.000277	1.771957	0.000491
芯写薪芯褝褌邪卸薪褘泄	0.000277	2.302585	0.000638
芯写薪褍	0.000277	2.813411	0.000779
芯泻邪蟹邪谢褋褟	0.000277	3.506558	0.000971
芯泻褉芯褕泻邪	0.000831	0.040822	0.000034
芯泻褌褟斜褉褟	0.000277	0.562119	0.000156
芯谢邪写褜懈	0.000831	0.040822	0.000034
芯谢械泄薪邪	0.000831	0.116534	0.000097
芯谢械泄薪芯泄	0.001108	0.116534	0.000129
芯谢械泄薪褘	0.000277	0.127833	0.000035
芯谢懈胁械褉邪	0.000277	2.525729	0.000700
芯谢懈胁泻芯胁芯械	0.001662	0.544727	0.000905
芯屑谢械褌	0.000277	0.040822	0.000011
芯锌邪褉邪	0.000277	0.040822	0.000011
芯锌褉械写械谢械薪薪褘屑	0.000277	4.605170	0.001276
芯锌褉芯褋	0.000277	0.061875	0.000017
芯褉械褏	0.001108	1.660731	0.001840
芯褉械褏懈	0.000554	1.139434	0.000631
芯褋械薪薪械械	0.000277	0.116534	0.000032
芯褋械薪薪懈械	0.000277	0.051293	0.000014
芯褋械薪薪懈泄	0.000554	0.116534	0.000065
芯褋械薪褜	0.002770	0.105361	0.000292
芯褋薪芯胁薪芯械	0.000277	0.040822	0.000011
芯褋芯斜械薪薪芯	0.000277	1.469676	0.000407
芯褋褌邪械褌褋褟	0.000277	0.116534	0.000032
芯褌胁械褌懈褌褜	0.000277	0.051293	0.000014
芯褌胁械褌芯胁	0.000277	0.051293	0.000014
芯褌胁械褌褘	0.000277	0.000000	0.000000
芯褌泻褉褘褌褘泄	0.000554	0.116534	0.000065
芯褌谢懈褔邪褌褜褋褟	0.000277	4.605170	0.001276
芯褌谢懈褔邪褞褌褋褟	0.000277	2.813411	0.000779
芯褌屑械薪懈褌褜	0.000277	0.040822	0.000011
芯褌薪芯褋懈褌褋褟	0.000277	2.120264	0.000587
芯褌褌械薪褟械褌	0.000277	4.605170	0.001276
芯褏谢邪写懈褌褜	0.000277	0.116534	0.000032
芯褖褍褖邪械褌褋褟	0.000277	4.605170	0.001276
锌邪泻械褌懈泻邪褏	0.000277	0.105361	0.000029
锌邪谢芯褔泻懈	0.000277	0.040822	0.000011
锌邪薪懈褉芯胁泻邪	0.002216	0.116534	0.000258
锌邪薪褌械褉褉褉芯褔泻邪	0.000277	2.813411	0.000779
锌邪锌褉懈泻邪	0.000554	1.203973	0.000667
锌邪褉邪	0.000277	0.116534	0.000032
锌邪褉邪写	0.001939	0.116534	0.000226
锌邪褉芯胁邪褉泻械	0.002493	0.116534	0.000291
锌邪褉芯泄	0.000277	4.605170	0.001276
锌邪褉芯谢褜	0.000277	0.020203	0.000006
锌邪褋褌邪	0.000831	0.040822	0.000034
锌邪褋褌褉芯屑邪	0.000277	0.040822	0.000011
锌邪褋褏邪	0.000554	0.040822	0.000023
锌邪褋褏邪谢褜薪邪褟	0.000554	0.116534	0.000065
锌邪褋褏邪谢褜薪褘泄	0.000277	0.127833	0.000035
锌邪褏谢邪胁邪	0.000277	3.912023	0.001084
锌邪褏谢邪胁械	0.000277	4.605170	0.001276
锌邪褕褌械褌	0.001108	0.040822	0.000045
锌邪褕褌械褌邪	0.000277	3.912023	0.001084
锌邪褕褌械褌褘	0.001385	0.116534	0.000161
锌械写邪谢褜泻懈薪邪	0.000277	3.912023	0.001084
锌械泻邪褉薪懈	0.000277	4.605170	0.001276
锌械泻邪褉褟	0.000277	0.127833	0.000035
锌械泻褍	0.000277	2.302585	0.000638
锌械谢褜屑械薪懈	0.000277	0.116534	0.000032
锌械褉胁芯械	0.000554	0.040822	0.000023
锌械褉胁褘械	0.000277	0.127833	0.000035
锌械褉胁褘屑	0.000277	0.116534	0.000032
锌械褉械泄褌懈	0.000277	0.040822	0.000011
锌械褉械泻褍褋	0.000554	0.116534	0.000065
锌械褉械褑	0.006371	0.040822	0.000260
锌械褉褋芯薪褘	0.000277	0.116534	0.000032
锌械褉褍邪薪褋泻邪褟	0.000277	0.116534	0.000032
锌械褉褑械胁	0.001108	2.659260	0.002947
锌械褋芯褔薪芯械	0.000554	0.105361	0.000058
锌械褋芯褔薪褘泄	0.000277	0.116534	0.000032
锌械褌械谢懈薪泻懈	0.000277	0.127833	0.000035
锌械褌褉褍褕泻邪	0.001108	0.693147	0.000768
锌械褔械薪懈	0.000554	3.218876	0.001783
锌械褔械薪芯褔薪褘泄	0.000277	0.040822	0.000011
锌械褔械薪褜	0.001662	2.407946	0.004002
锌械褔械薪褜械	0.002493	0.040822	0.000102
锌械褔懈	0.000277	0.127833	0.000035
锌懈胁芯	0.000277	0.116534	0.000032
锌懈泻邪薪褌褘	0.000277	0.127833	0.000035
锌懈泻薪懈泻	0.000554	0.116534	0.000065
锌懈泻薪懈泻邪	0.000277	0.116534	0.000032
锌懈泻薪懈泻褍	0.000277	0.105361	0.000029
锌懈褉	0.000277	0.116534	0.000032
锌懈褉芯谐	0.000831	0.040822	0.000034
锌懈褉芯谐懈	0.000277	0.105361	0.000029
锌懈褉芯卸泻懈	0.000277	0.040822	0.000011
锌懈褉芯卸薪芯械	0.000277	0.040822	0.000011
锌懈褉芯卸薪褘械	0.000277	0.116534	0.000032
锌懈褌邪薪懈械	0.001385	0.105361	0.000146
锌懈褑褑邪	0.000554	0.040822	0.000023
锌谢邪屑褟	0.000277	0.116534	0.000032
锌谢邪薪械褌褘	0.000277	3.912023	0.001084
锌谢懈褌邪	0.001108	0.127833	0.000142
锌谢芯胁	0.000277	0.116534	0.000032
锌谢芯写褘	0.000277	0.116534	0.000032
锌芯胁邪褉械薪泻械	0.000277	0.040822	0.000011
锌芯胁邪褉械薪芯泻	0.000277	0.061875	0.000017
锌芯胁邪褉褟褌	0.000277	0.116534	0.000032
锌芯胁邪褉褟褌邪	0.000277	1.897120	0.000526
锌芯胁邪褉褟褌邪屑懈	0.000277	0.040822	0.000011
锌芯胁邪褉褢薪泻邪	0.000277	0.116534	0.000032
锌芯胁械褉懈褌褜	0.000277	3.912023	0.001084
锌芯胁懈写谢芯	0.000277	0.040822	0.000011
锌芯胁芯写邪	0.000277	3.912023	0.001084
锌芯胁芯褉邪褔懈胁邪械褌褋褟	0.000277	3.912023	0.001084
锌芯写邪胁邪褌褜	0.000277	2.120264	0.000587
锌芯写邪褉泻芯胁	0.000277	0.116534	0.000032
锌芯写械谢懈褌褜褋褟	0.000277	0.478036	0.000132
锌芯写械谢褞褋褜	0.000277	2.525729	0.000700
锌芯写谢懈胁邪	0.000277	0.116534	0.000032
锌芯写谢懈胁泻邪	0.000277	0.040822	0.000011
锌芯写锌懈褋邪褌褜褋褟	0.000277	0.040822	0.000011
锌芯写锌懈褕懈褌械褋褜	0.000554	0.040822	0.000023
锌芯械写懈薪泻懈	0.003878	0.116534	0.000452
锌芯蟹写褉邪胁褜	0.000277	0.116534	0.000032
锌芯蟹薪邪泻芯屑懈褌褜	0.000277	3.506558	0.000971
锌芯蟹薪邪泻芯屑谢褞	0.000277	4.605170	0.001276
锌芯懈褋泻	0.000277	0.051293	0.000014
锌芯谢谐芯写邪	0.000277	3.912023	0.001084
锌芯谢写薪懈泻	0.000554	0.116534	0.000065
锌芯谢械蟹薪芯	0.000554	0.116534	0.000065
锌芯谢懈褌懈泻芯泄	0.000277	0.040822	0.000011
锌芯谢芯胁懈薪邪	0.002216	0.116534	0.000258
锌芯谢褍褔邪泄褌械	0.000277	0.040822	0.000011
锌芯谢褍褔邪褌褜	0.000277	0.040822	0.000011
锌芯谢褍褔懈谢邪	0.000277	3.218876	0.000892
锌芯谢褍褔懈谢邪褋褜	0.000277	2.995732	0.000830
锌芯谢褍褔懈谢褋褟	0.000277	2.525729	0.000700
锌芯谢褜蟹邪	0.000277	0.127833	0.000035
锌芯谢褜蟹芯泄	0.001108	0.116534	0.000129
锌芯谢褜褋泻邪褟	0.000277	0.116534	0.000032
锌芯屑邪写泻邪	0.000554	0.040822	0.000023
锌芯屑邪写泻懈	0.000277	0.116534	0.000032
锌芯屑懈写芯褉	0.001662	0.713350	0.001186
锌芯屑懈写芯褉泻懈	0.000277	0.127833	0.000035
锌芯屑懈写芯褉褘	0.001108	0.116534	0.000129
锌芯薪邪写芯斜懈褌褋褟	0.000277	2.525729	0.000700
锌芯薪褉邪胁懈胁褕懈械褋褟	0.000277	0.040822	0.000011
锌芯薪褉邪胁懈谢褋褟	0.000277	1.714798	0.000475
锌芯薪褔懈泻懈	0.000554	0.040822	0.000023
锌芯锌褉芯斜芯胁邪谢邪	0.000554	1.469676	0.000814
锌芯锌褉芯斜褍泄褌械	0.000277	0.562119	0.000156
锌芯锌褍谢褟褉薪芯屑褍	0.000277	4.605170	0.001276
锌芯锌褍褌薪芯	0.000277	4.605170	0.001276
锌芯褉邪	0.000277	0.116534	0.000032
锌芯褉械泄	0.000554	2.302585	0.001276
锌芯褉芯褕芯泻	0.000554	0.916291	0.000508
锌芯褉褌褍谐邪谢褜褋泻邪褟	0.000277	0.116534	0.000032
锌芯褉褑懈褟屑懈	0.000277	4.605170	0.001276
锌芯褋胁褟褖邪褞	0.000277	4.605170	0.001276
锌芯褋械褖邪械褌械	0.000277	0.061875	0.000017
锌芯褋褌	0.001385	0.105361	0.000146
锌芯褋褌薪芯械	0.000277	0.116534	0.000032
锌芯褋褌薪褘械	0.000277	0.040822	0.000011
锌芯褋褌薪褘泄	0.000277	0.116534	0.000032
锌芯褋褌芯褟薪薪芯	0.000277	0.040822	0.000011
锌芯褋褌褉芯懈屑	0.000277	0.116534	0.000032
锌芯褋褍写邪	0.000554	0.094311	0.000052
锌芯褏芯卸	0.000277	3.218876	0.000892
锌芯褔械屑褍	0.000277	1.203973	0.000334
锌芯褔褌懈	0.000554	1.021651	0.000566
锌芯褔褌褍	0.000277	0.040822	0.000011
锌芯褕邪谐芯胁褘械	0.000277	0.301105	0.000083
锌芯褕邪谐芯胁褘屑懈	0.000277	0.040822	0.000011
锌褉邪蟹写薪懈泻	0.000554	1.832581	0.001015
锌褉邪蟹写薪懈泻邪	0.000277	0.116534	0.000032
锌褉邪蟹写薪懈泻褍	0.000277	3.912023	0.001084
锌褉邪蟹写薪懈褔薪邪褟	0.000277	4.605170	0.001276
锌褉邪蟹写薪懈褔薪芯	0.000277	0.116534	0.000032
锌褉邪蟹写薪懈褔薪芯谐芯	0.000277	0.116534	0.000032
锌褉邪蟹写薪懈褔薪芯械	0.000277	2.995732	0.000830
锌褉邪蟹写薪懈褔薪褘泄	0.000554	0.116534	0.000065
锌褉邪泻褌懈泻褍屑	0.000277	0.116534	0.000032
锌褉邪泻褌懈褔械褋泻懈	0.000277	1.386294	0.000384
锌褉械胁芯褋褏芯写薪褘械	0.000277	0.116534	0.000032
锌褉械胁褉邪褖械薪懈褟	0.000277	0.116534	0.000032
锌褉械写谢邪谐邪褞	0.000277	0.693147	0.000192
锌褉械泻褉邪褋薪芯	0.000277	1.714798	0.000475
锌褉械泻褉邪褋薪褍褞	0.000277	3.506558	0.000971
锌褉械褋薪芯械	0.000277	0.116534	0.000032
锌褉懈谐芯褌芯胁懈谢邪	0.000277	1.386294	0.000384
锌褉懈谐芯褌芯胁懈屑	0.000277	0.116534	0.000032
锌褉懈谐芯褌芯胁懈褌褜	0.000554	0.342490	0.000190
锌褉懈谐芯褌芯胁谢械薪懈械	0.000277	0.105361	0.000029
锌褉懈谐芯褌芯胁谢械薪懈懈	0.000277	0.798508	0.000221
锌褉懈谐芯褌芯胁谢械薪懈褞	0.000277	0.040822	0.000011
锌褉懈谐芯褌芯胁谢械薪懈褟	0.001662	0.371064	0.000617
锌褉懈蟹薪邪薪懈械	0.000277	0.116534	0.000032
锌褉懈蟹芯胁	0.000277	0.040822	0.000011
锌褉懈锌褉邪胁邪	0.000277	0.040822	0.000011
锌褉懈褉芯写褍	0.000277	0.116534	0.000032
锌褉懈褉芯写褘	0.000554	0.116534	0.000065
锌褉懈褋褌褍锌懈褌褜	0.000277	0.040822	0.000011
锌褉懈褟褌械薪	0.000277	4.605170	0.001276
锌褉芯斜芯胁邪谢邪	0.000277	1.897120	0.000526
锌褉芯胁械写懈	0.001108	0.116534	0.000129
锌褉芯胁械褉械薪芯	0.001662	0.116534	0.000194
锌褉芯胁芯写懈屑褘褏	0.000277	0.040822	0.000011
锌褉芯胁芯卸邪械屑	0.000277	0.116534	0.000032
锌褉芯写芯谢卸邪褞	0.000277	2.995732	0.000830
锌褉芯写褍泻褌芯胁	0.000554	0.094311	0.000052
锌褉芯械泻褌芯胁	0.000277	0.116534	0.000032
锌褉芯械泻褌褘	0.000277	0.061875	0.000017
锌褉芯锌芯褉褑懈懈	0.000277	1.714798	0.000475
锌褉芯褋屑芯褌褉邪屑	0.000277	0.274437	0.000076
锌褉芯褋褌芯	0.001939	0.083382	0.000162
锌褉芯褋褌芯泄	0.000277	0.755023	0.000209
锌褉芯褋褌芯泻胁邪褕邪	0.000277	0.040822	0.000011
锌褉芯褋褌芯褌邪	0.000277	1.966113	0.000545
锌褉芯褎懈谢褜	0.000277	0.040822	0.000011
锌褉褟屑	0.000277	3.912023	0.001084
锌褉褟屑芯	0.000277	0.040822	0.000011
锌褉褟薪懈泻	0.000277	0.040822	0.000011
锌褉褟薪懈泻懈	0.000277	0.116534	0.000032
锌褉褟薪懈褔薪芯械	0.000277	0.116534	0.000032
锌褌懈褑邪	0.001385	0.116534	0.000161
锌褌懈褑械	0.000554	0.116534	0.000065
锌褌懈褑械泄	0.000277	0.127833	0.000035
锌褌懈褑褘	0.003601	0.116534	0.000420
锌褍斜谢懈泻邪褑懈懈	0.000277	4.605170	0.001276
锌褍写懈薪谐	0.000277	0.040822	0.000011
锌褍写懈薪谐懈	0.000554	0.116534	0.000065
锌褍薪褕	0.000277	0.040822	0.000011
锌褍褌械褕械褋褌胁懈械	0.000554	0.116534	0.000065
锌褍褌褜	0.000277	0.116534	0.000032
锌褕械薪懈褔薪邪褟	0.003324	0.287682	0.000956
锌褘褕泻懈	0.000277	0.040822	0.000011
锌褞褉械	0.001662	0.040822	0.000068
褉邪谐褍	0.000277	0.116534	0.000032
褉邪写褘	0.000277	3.912023	0.001084
褉邪蟹	0.000277	0.446287	0.000124
褉邪蟹胁械写懈褌械	0.000277	4.605170	0.001276
褉邪蟹胁械褉薪褍褌褜	0.000277	0.116534	0.000032
褉邪蟹写械谢褜薪芯械	0.000277	0.116534	0.000032
褉邪蟹薪褘械	0.000277	0.116534	0.000032
褉邪蟹褉褟写褍	0.000277	4.605170	0.001276
褉邪屑蟹懈	0.000277	4.605170	0.001276
褉邪褋褋泻邪蟹	0.000277	3.218876	0.000892
褉邪褋褋芯谢褜薪懈泻	0.000554	0.040822	0.000023
褉邪褋褋芯谢褜薪懈泻邪	0.000277	0.116534	0.000032
褉邪褋褋褘谢泻懈	0.000277	0.061875	0.000017
褉邪褋褌懈褌械谢褜薪芯械	0.002216	0.235722	0.000522
褉邪褋褌芯褔懈褌械谢褜薪芯	0.000277	4.605170	0.001276
褉械谐懈褋褌褉邪褑懈懈	0.000554	0.010050	0.000006
褉械谐懈褋褌褉邪褑懈褟	0.000277	0.000000	0.000000
褉械泄褌懈薪谐褍	0.000277	0.248461	0.000069
褉械泻芯屑械薪写褍褞	0.000277	1.049822	0.000291
褉械锌褔邪褌褘泄	0.002216	0.430783	0.000955
褉械褋褌芯褉邪薪械	0.000277	2.525729	0.000700
褉械褑械锌褌	0.004155	0.040822	0.000170
褉械褑械锌褌邪	0.000277	0.462035	0.000128
褉械褑械锌褌邪褏	0.000277	0.061875	0.000017
褉械褑械锌褌械	0.000277	1.171183	0.000324
褉械褑械锌褌芯胁	0.001662	0.040822	0.000068
褉械褑械锌褌芯屑	0.000554	0.693147	0.000384
褉械褑械锌褌褘	0.020499	0.040822	0.000837
褉械褕懈谢邪	0.000831	0.820981	0.000682
褉懈褋	0.001108	0.040822	0.000045
褉懈褋邪	0.000277	0.116534	0.000032
褉懈褌屑械	0.000277	0.116534	0.000032
褉懈褔邪褉写褋芯薪	0.000277	4.605170	0.001276
褉芯谐邪谢懈泻懈	0.000277	0.040822	0.000011
褉芯写薪芯械	0.000277	0.116534	0.000032
褉芯卸写械薪懈褟	0.000277	0.105361	0.000029
褉芯卸写械褋褌胁芯	0.000277	0.116534	0.000032
褉芯蟹屑邪褉懈薪	0.001662	1.609438	0.002675
褉芯蟹芯胁芯	0.000277	4.605170	0.001276
褉芯谢谢褌芯薪	0.000277	0.116534	0.000032
褉芯谢谢褘	0.000554	0.040822	0.000023
褉芯屑	0.000277	0.040822	0.000011
褉褍斜褉懈泻邪褌芯褉	0.000277	0.051293	0.000014
褉褍泻芯泄	0.000277	2.525729	0.000700
褉褍谢械褌	0.000554	0.040822	0.000023
褉褍谢械褌邪	0.000277	2.813411	0.000779
褉褍谢械褌褘	0.002770	0.116534	0.000323
褉褍屑褘薪褋泻邪褟	0.000277	0.116534	0.000032
褉褍屑褟薪褘械	0.000277	0.116534	0.000032
褉褍薪械褌械	0.000277	0.020203	0.000006
褉褍褋褋泻邪褟	0.000277	0.116534	0.000032
褉褍褋褋泻芯屑褍	0.000277	4.605170	0.001276
褉褘斜邪	0.002493	0.040822	0.000102
褉褘斜械	0.000554	0.116534	0.000065
褉褘斜薪邪褟	0.000277	0.116534	0.000032
褉褘斜薪芯谐芯	0.000554	0.116534	0.000065
褉褘斜薪芯械	0.000277	2.525729	0.000700
褉褘斜薪褘械	0.001108	0.116534	0.000129
褉褘斜薪褘泄	0.000554	0.116534	0.000065
褉褘斜薪褘屑	0.000277	3.506558	0.000971
褉褘斜薪褘褏	0.000277	0.116534	0.000032
褉褘斜芯泄	0.000554	0.116534	0.000065
褉褘斜褘	0.003878	0.116534	0.000452
褉褟卸械薪泻邪	0.000277	0.116534	0.000032
褋邪泄褌	0.000831	0.000000	0.000000
褋邪泄褌芯胁	0.000277	2.659260	0.000737
褋邪泄褌褍	0.000554	0.061875	0.000034
褋邪谢邪褌	0.000277	0.094311	0.000026
褋邪谢邪褌薪邪褟	0.000277	0.116534	0.000032
褋邪谢邪褌褘	0.008587	0.040822	0.000351
褋邪屑芯谐芯薪	0.000277	0.040822	0.000011
褋邪屑褘泄	0.000277	1.021651	0.000283
褋邪屑褘褏	0.000554	0.116534	0.000065
褋邪褎	0.000831	0.116534	0.000097
褋邪褎褋械屑	0.000277	0.116534	0.000032
褋邪褏邪褉	0.004986	0.116534	0.000581
褋邪褏邪褉芯屑	0.000277	3.506558	0.000971
褋斜懈褌械薪褜	0.000277	0.040822	0.000011
褋胁邪褉懈褌褜	0.000277	3.218876	0.000892
褋胁械卸械褋褌褜	0.000277	0.105361	0.000029
褋胁械泻谢邪	0.000277	0.040822	0.000011
褋胁械泻芯谢褜薪懈泻	0.000554	0.040822	0.000023
褋胁械褌邪	0.001108	0.116534	0.000129
褋胁懈薪懈薪邪	0.000277	0.040822	0.000011
褋胁懈薪懈薪褘	0.001108	0.116534	0.000129
褋胁懈薪芯泄	0.000277	2.995732	0.000830
褋胁芯械	0.000277	0.116534	0.000032
褋胁芯械泄	0.000277	1.347074	0.000373
褋胁芯械屑	0.000277	0.040822	0.000011
褋胁芯懈屑	0.000277	0.040822	0.000011
褋胁芯褞	0.000277	0.040822	0.000011
褋谐褍褖械薪泻邪	0.000277	0.040822	0.000011
褋械谐芯写薪褟	0.000277	0.843970	0.000234
褋械蟹芯薪	0.000277	0.116534	0.000032
褋械泄褔邪褋	0.000277	0.030459	0.000008
褋械泻褉械褌褘	0.000554	0.116534	0.000065
褋械谢械写泻邪	0.000277	0.040822	0.000011
褋械谢褜写械褉械泄	0.000554	2.120264	0.001175
褋械屑谐邪	0.000277	0.040822	0.000011
褋械屑械泄薪褘泄	0.000277	0.116534	0.000032
褋械屑褜械	0.000277	1.309333	0.000363
褋械屑褜懈	0.000277	0.116534	0.000032
褋械薪褌褟斜褉褟	0.000554	0.673345	0.000373
褋械褉褜械蟹薪芯谐芯	0.000277	4.605170	0.001276
褋懈写褉	0.000277	0.040822	0.000011
褋懈屑胁芯谢懈蟹懈褉褍械褌	0.000831	4.605170	0.003827
褋懈褉懈泄褋泻邪褟	0.000277	0.116534	0.000032
褋懈褉芯锌	0.000277	0.040822	0.000011
褋懈褉芯锌褘	0.000277	0.116534	0.000032
褋懈褋褌械屑褘	0.000277	0.040822	0.000011
褋懈褌懈	0.000277	0.127833	0.000035
褋泻邪蟹邪褌褜	0.000277	0.653926	0.000181
褋泻邪蟹芯泻	0.000277	0.116534	0.000032
褋泻芯谢褜泻褍	0.000277	4.605170	0.001276
褋泻芯褉械械	0.000277	2.525729	0.000700
褋谢邪写泻邪褟	0.001108	0.116534	0.000129
褋谢邪写泻懈械	0.001939	0.040822	0.000079
褋谢邪写泻懈泄	0.002493	0.105361	0.000263
褋谢邪写泻懈褏	0.000831	0.116534	0.000097
褋谢邪写泻芯	0.000277	0.116534	0.000032
褋谢邪写泻芯泄	0.000277	2.813411	0.000779
褋谢懈胁泻懈	0.001662	1.078810	0.001793
褋谢懈胁芯褔薪芯械	0.003047	0.116534	0.000355
褋谢懈胁芯褔薪褘泄	0.000277	1.469676	0.000407
褋谢懈褕泻芯屑	0.000277	2.120264	0.000587
褋谢芯械胁	0.000277	3.912023	0.001084
褋谢芯械薪芯谐芯	0.000277	0.127833	0.000035
褋谢芯械薪芯械	0.000277	0.116534	0.000032
褋谢芯械薪褘泄	0.000277	0.116534	0.000032
褋谢芯懈	0.000277	4.605170	0.001276
褋谢芯泄泻邪	0.000277	0.040822	0.000011
褋谢芯泄泻懈	0.000554	0.116534	0.000065
褋谢褍卸懈谢	0.000277	3.912023	0.001084
褋屑械褋懈	0.000277	2.995732	0.000830
褋屑械褋褜	0.001385	1.660731	0.002300
褋屑械褌邪薪邪	0.000831	0.105361	0.000088
褋屑械褕邪薪薪芯谐芯	0.000277	0.116534	0.000032
褋屑芯卸械褌械	0.000277	0.040822	0.000011
褋屑芯褌褉褟	0.000277	2.995732	0.000830
褋屑褍蟹懈	0.000831	0.040822	0.000034
褋薪褝泻	0.000277	0.116534	0.000032
褋芯斜懈褉邪械褌械褋褜	0.000277	0.040822	0.000011
褋芯斜谢邪蟹薪	0.000277	4.605170	0.001276
褋芯胁械褉褕械薪褋褌胁芯	0.001385	0.116534	0.000161
褋芯胁械褌邪屑懈	0.000277	0.040822	0.000011
褋芯谐谢邪褕邪械褌械褋褜	0.000277	0.040822	0.000011
褋芯械胁褘泄	0.001662	0.798508	0.001327
褋芯蟹写邪械褌	0.000277	0.116534	0.000032
褋芯蟹写邪薪懈褟	0.000554	0.261365	0.000145
褋芯泻	0.001385	0.116534	0.000161
褋芯泻邪	0.000277	0.105361	0.000029
褋芯泻懈	0.000277	0.040822	0.000011
褋芯谢械薪芯泄	0.000277	2.995732	0.000830
褋芯谢械薪褘械	0.000831	0.116534	0.000097
褋芯谢械薪褜褟	0.000831	0.116534	0.000097
褋芯谢薪械褔薪芯泄	0.000277	0.127833	0.000035
褋芯谢薪褑械	0.000277	4.605170	0.001276
褋芯谢褜	0.007756	0.150823	0.001170
褋芯谢褟薪泻邪	0.000554	0.040822	0.000023
褋芯褉褌懈褉芯胁邪褌褜	0.000277	0.248461	0.000069
褋芯褋褌邪胁褜	0.000277	0.116534	0.000032
褋芯褍褋	0.003878	0.040822	0.000158
褋芯褍褋芯胁	0.000277	2.813411	0.000779
褋芯褍褋芯屑	0.001385	0.116534	0.000161
褋芯褍褋褘	0.002216	0.116534	0.000258
褋芯褏褉邪薪褟褌褜	0.000277	0.040822	0.000011
褋芯褑褋械褌懈	0.000277	0.040822	0.000011
褋芯褔械褌邪薪懈械	0.000277	0.116534	0.000032
褋芯褔械褌邪褞褖懈泄褋褟	0.000277	4.605170	0.001276
褋芯褔薪芯械	0.000277	0.116534	0.000032
褋锌邪谢褜薪褟屑懈	0.000277	0.446287	0.000124
褋锌械褑懈邪谢褜薪芯械	0.000277	0.116534	0.000032
褋锌械褑懈懈	0.000277	0.105361	0.000029
褋锌械褑锌褉芯械泻褌	0.009141	0.116534	0.001065
褋锌懈褋芯泻	0.000277	0.116534	0.000032
褋锌芯褋芯斜	0.000277	1.427116	0.000395
褋锌芯褞	0.000277	0.116534	0.000032
褋褉械写懈蟹械屑薪芯屑芯褉褋泻邪褟	0.000277	0.127833	0.000035
褋褌邪褉芯	0.000277	4.605170	0.001276
褋褌邪褉褘械	0.000277	0.261365	0.000072
褋褌邪褌褜褞	0.000277	3.506558	0.000971
褋褌邪褌褜褟褏	0.000277	0.061875	0.000017
褋褌懈谢械	0.000277	0.116534	0.000032
褋褌懈谢褟	0.000277	0.116534	0.000032
褋褌芯谢	0.000831	0.105361	0.000088
褋褌芯谢邪	0.001662	0.116534	0.000194
褋褌芯谢械	0.000554	1.469676	0.000814
褋褌褉芯懈褌械谢褜褋褌胁械	0.000277	0.040822	0.000011
褋褌褉芯懈褌械谢褜褋褌胁褍	0.000277	0.040822	0.000011
褋褌褉芯懈褌褜	0.000277	0.040822	0.000011
褋褌褉芯泄薪芯泄	0.000277	0.116534	0.000032
褋褌褉褍卸泻邪	0.001108	3.218876	0.003567
褋褍斜锌褉芯写褍泻褌芯胁	0.002216	0.116534	0.000258
褋褍斜锌褉芯写褍泻褌褘	0.001108	0.116534	0.000129
褋褍锌	0.003878	0.040822	0.000158
褋褍锌邪	0.000277	0.040822	0.000011
褋褍锌褘	0.003878	0.040822	0.000158
褋褍褉懈屑懈	0.000277	4.605170	0.001276
褋褍褎谢械	0.000831	0.040822	0.000034
褋褍褏邪褉懈	0.000277	0.040822	0.000011
褋褍褏芯械	0.001108	1.660731	0.001840
褋褍褕懈	0.000554	0.040822	0.000023
褋褗械谢邪	0.000277	2.659260	0.000737
褋褘胁芯褉芯褌泻邪	0.000554	3.912023	0.002167
褋褘褉	0.000831	0.040822	0.000034
褋褘褉邪	0.001385	0.116534	0.000161
褋褘褉邪屑懈	0.000277	0.127833	0.000035
褋褘褉薪懈泻	0.000277	0.040822	0.000011
褋褘褉薪懈泻懈	0.000554	0.116534	0.000065
褋褘褉薪褘械	0.001108	0.040822	0.000045
褋褘褌薪芯	0.000277	1.771957	0.000491
褋褘褌薪褘泄	0.000831	0.105361	0.000088
褋褘褔褍卸薪褘屑懈	0.000277	0.127833	0.000035
褋褝泻芯薪芯屑懈褌褜	0.000277	3.912023	0.001084
褋褝薪写胁懈褔懈	0.000277	0.127833	0.000035
褋褞褉锌褉懈蟹	0.000277	0.116534	0.000032
褌邪写卸懈泻褋泻邪褟	0.000277	0.116534	0.000032
褌邪泄褋泻邪褟	0.000277	0.116534	0.000032
褌邪褉械谢泻械	0.000277	1.897120	0.000526
褌邪褉褌	0.000277	0.116534	0.000032
褌邪褉褌邪谢械褌泻懈	0.000554	0.040822	0.000023
褌邪褌邪褉褋泻邪褟	0.000277	0.116534	0.000032
褌胁芯懈	0.000554	0.116534	0.000065
褌胁芯褉懈	0.000277	0.116534	0.000032
褌胁芯褉芯谐	0.000554	0.040822	0.000023
褌胁芯褉芯谐芯屑	0.000277	0.105361	0.000029
褌胁芯褉芯卸薪芯械	0.000277	0.116534	0.000032
褌胁芯褉芯卸薪褘械	0.000554	0.116534	0.000065
褌胁芯褉芯卸薪褘泄	0.000277	0.116534	0.000032
褌械泻褋褌褍褉械	0.000277	4.605170	0.001276
褌械谢械谐褉邪屑	0.000277	0.040822	0.000011
褌械谢褟褌懈薪褘	0.001108	0.116534	0.000129
褌械屑	0.000277	0.967584	0.000268
褌械屑懈	0.000277	3.218876	0.000892
褌械锌械褉褜	0.000277	0.916291	0.000254
褌械锌谢芯屑	0.000277	0.116534	0.000032
褌械褉褉懈薪	0.000277	0.040822	0.000011
褌械褋褌	0.001385	0.127833	0.000177
褌械褋褌邪	0.002216	0.105361	0.000233
褌械褋褌芯	0.002493	0.040822	0.000102
褌械褏薪懈泻邪	0.001385	0.105361	0.000146
褌械褖懈薪	0.000277	0.040822	0.000011
褌屑	0.001108	0.127833	0.000142
褌屑懈薪	0.000554	2.407946	0.001334
褌芯屑	0.000277	1.171183	0.000324
褌芯屑邪褌薪褘泄	0.000554	1.897120	0.001051
褌芯屑邪褌芯胁	0.000277	3.912023	0.001084
褌芯锌谢械薪芯械	0.000277	0.116534	0.000032
褌芯褉褌	0.003047	0.040822	0.000124
褌芯褉褌褘	0.002493	0.116534	0.000291
褌褉邪胁褘	0.000277	0.105361	0.000029
褌褉邪写懈褑懈懈	0.000277	0.116534	0.000032
褌褉邪写懈褑懈泄	0.001108	0.116534	0.000129
褌褉邪写懈褑懈芯薪薪褘屑	0.000277	3.218876	0.000892
褌褉邪写懈褑懈褟褏	0.000277	0.116534	0.000032
褌褉械褋泻懈	0.000277	3.912023	0.001084
褌褉械褏谢械褌懈械屑	0.000277	0.116534	0.000032
褌褉芯褋褌薪懈泻芯胁褘泄	0.000554	3.912023	0.002167
褌褉褍斜芯褔泻懈	0.000277	0.040822	0.000011
褌褍薪懈褋褋泻邪褟	0.000277	0.116534	0.000032
褌褍薪褑芯屑	0.000277	0.116534	0.000032
褌褍褉械褑泻邪褟	0.000277	0.116534	0.000032
褌褘泻胁邪	0.000277	0.040822	0.000011
褍斜褉邪褌褜	0.000277	3.218876	0.000892
褍胁械写芯屑谢械薪懈褟	0.000277	0.040822	0.000011
褍胁懈写械谢邪	0.000277	1.427116	0.000395
褍谐芯褋褌懈褌褜	0.000277	2.407946	0.000667
褍谐芯褖邪泄褌械褋褜	0.000277	1.021651	0.000283
褍谐芯褖邪褞	0.000277	3.912023	0.001084
褍谐芯褖械薪懈械	0.000277	4.605170	0.001276
褍谐芯褖械薪懈褟	0.000277	3.912023	0.001084
褍写邪褔薪邪褟	0.000277	0.116534	0.000032
褍写懈胁懈	0.000277	0.116534	0.000032
褍写懈胁谢褟泄褌械	0.001108	0.116534	0.000129
褍写芯胁芯谢褜褋褌胁懈械屑	0.000277	0.116534	0.000032
褍卸懈薪	0.001939	0.094311	0.000183
褍蟹斜械泻褋泻邪褟	0.000277	0.116534	0.000032
褍泻褉邪懈薪褋泻邪褟	0.000277	0.116534	0.000032
褍泻褉邪褕械薪懈褟	0.002216	0.116534	0.000258
褍泻褋褍褋	0.001662	0.634878	0.001055
褍屑褘褋谢芯屑	0.000277	4.605170	0.001276
褍锌邪泻芯胁芯泻	0.000277	4.605170	0.001276
褍锌芯褌褉械斜谢械薪懈械屑	0.000277	0.116534	0.000032
褍褉邪谢械	0.000277	4.605170	0.001276
褍褉邪谢褜褋泻邪褟	0.000277	0.116534	0.000032
褍褉芯卸邪泄	0.000277	0.105361	0.000029
褍褌泻邪	0.000831	3.912023	0.003251
褍褌泻懈	0.001108	0.116534	0.000129
褍褌褉芯屑	0.000554	2.207275	0.001223
褍褏邪	0.000277	0.040822	0.000011
褍褔邪褋褌胁芯胁邪褌褜	0.000277	0.040822	0.000011
褎邪蟹械薪写褘	0.000277	0.127833	0.000035
褎邪薪褌邪蟹懈懈	0.001662	0.116534	0.000194
褎邪薪褌邪蟹懈泄	0.000277	0.116534	0.000032
褎邪薪褌邪蟹懈褟	0.000277	0.116534	0.000032
褎邪褉褕邪	0.003878	0.040822	0.000158
褎邪褉褕懈褉芯胁邪薪薪邪褟	0.000831	0.116534	0.000097
褎邪褉褕懈褉芯胁邪薪薪芯械	0.000277	0.116534	0.000032
褎邪褉褕懈褉芯胁邪薪薪褘械	0.000554	0.040822	0.000023
褎邪褉褕懈褉芯胁邪薪薪褘泄	0.000277	0.040822	0.000011
褎邪褋芯谢褜	0.000277	0.040822	0.000011
褎械胁褉邪谢褟	0.001108	0.105361	0.000117
褎械泄械褉胁械褉泻	0.000554	0.116534	0.000065
褎械薪褏械谢褜	0.009141	2.995732	0.027385
褎懈谐褍褉械	0.000277	0.116534	0.000032
褎懈谢械	0.000554	0.916291	0.000508
褎懈薪懈泻	0.000554	3.506558	0.001943
褎懈薪褋泻邪褟	0.000277	0.116534	0.000032
褎懈褉屑械薪薪芯械	0.000277	0.116534	0.000032
褎芯泻邪褔褔邪	0.000277	3.506558	0.000971
褎芯薪写褞	0.000277	0.040822	0.000011
褎芯褉械谢褜	0.000831	2.995732	0.002490
褎芯褉屑褘	0.000277	0.116534	0.000032
褎芯褉褉械褋褌械褉	0.000277	4.605170	0.001276
褎芯褉褍屑械	0.000554	0.040822	0.000023
褎芯褉褕屑邪泻	0.000277	0.040822	0.000011
褎芯褌芯	0.000277	2.040221	0.000565
褎褉邪薪褑懈懈	0.000277	0.116534	0.000032
褎褉邪薪褑褍蟹褋泻邪褟	0.000277	0.116534	0.000032
褎褉邪褍	0.001108	0.116534	0.000129
褎褉芯褋褟	0.000277	3.912023	0.001084
褎褉褍泻褌芯胁	0.001108	0.116534	0.000129
褎褉褍泻褌芯胁芯	0.000277	0.116534	0.000032
褎褉褍泻褌芯胁褘械	0.001939	0.040822	0.000079
褎褍写	0.000277	0.116534	0.000032
褎褍褉褕械褌	0.000277	0.116534	0.000032
褏邪谢胁邪	0.000277	0.040822	0.000011
褏邪褉胁械褋褌褎械褋褌	0.000554	0.116534	0.000065
褏邪褉褔芯	0.000554	0.040822	0.000023
褏邪褕	0.000277	0.040822	0.000011
褏胁芯褉芯褋褌	0.000277	0.040822	0.000011
褏懈薪泻邪谢懈	0.000277	0.116534	0.000032
褏懈褌	0.001939	0.116534	0.000226
褏谢械斜	0.001662	0.040822	0.000068
褏谢械斜邪	0.000277	2.995732	0.000830
褏谢械斜芯屑	0.000277	2.525729	0.000700
褏谢械斜芯锌械褔泻懈	0.000277	0.116534	0.000032
褏谢械斜褍褕械泻	0.000277	2.120264	0.000587
褏谢芯锌褜褟	0.001108	0.105361	0.000117
褏芯蟹褟泄泻懈	0.000277	0.127833	0.000035
褏芯谢芯写械褑	0.000277	0.040822	0.000011
褏芯谢芯写薪褘械	0.000554	0.116534	0.000065
褏芯谢芯写薪褘泄	0.000554	0.116534	0.000065
褏芯褉胁邪褌褋泻邪褟	0.000277	0.116534	0.000032
褏芯褉芯褕懈泄	0.000277	1.966113	0.000545
褏芯褉芯褕芯	0.001385	0.105361	0.000146
褏芯褉褋	0.000277	0.116534	0.000032
褏芯褌懈褌械	0.000277	0.040822	0.000011
褏芯褔械褌褋褟	0.000277	1.469676	0.000407
褏芯褔褍	0.000554	0.562119	0.000311
褏褍屑褍褋	0.000277	0.040822	0.000011
褑邪褉褋泻懈	0.000277	4.605170	0.001276
褑邪褉褋褌胁芯	0.000277	0.127833	0.000035
褑邪褉褜	0.000277	0.116534	0.000032
褑胁械褌邪	0.000277	2.525729	0.000700
褑胁械褌薪邪褟	0.000277	0.040822	0.000011
褑械薪薪褘褏	0.000277	0.040822	0.000011
褑械薪褌褉	0.000277	0.116534	0.000032
褑懈褌褉褍褋邪	0.000277	4.605170	0.001276
褔邪斜褉械褑	0.000554	3.912023	0.002167
褔邪械屑	0.000277	0.116534	0.000032
褔邪泄	0.000831	0.040822	0.000034
褔械斜褍褉械泻懈	0.000554	0.040822	0.000023
褔械屑	0.000277	0.994252	0.000275
褔械褉械褕泻芯胁褘泄	0.000554	2.659260	0.001473
褔械褉泻懈蟹芯胁芯	0.000554	0.116534	0.000065
褔械褉薪褘泄	0.003324	0.371064	0.001233
褔械褉褉懈	0.000554	2.040221	0.001130
褔械褋薪芯泻	0.003878	0.314711	0.001220
褔械褋薪芯泻芯屑	0.000277	1.660731	0.000460
褔械褋褌薪芯	0.000277	1.203973	0.000334
褔械褋褌薪褘屑懈	0.000277	0.040822	0.000011
褔械褔械胁懈褑邪	0.000831	0.040822	0.000034
褔械褔械胁懈褑械泄	0.000554	3.912023	0.002167
褔械褔械胁懈褑褘	0.000277	4.605170	0.001276
褔械褕褋泻邪褟	0.000277	0.116534	0.000032
褔懈蟹泻械泄泻	0.001108	0.040822	0.000045
褔懈谢懈	0.000554	1.237874	0.000686
褔懈谢懈泄褋泻邪褟	0.000277	0.116534	0.000032
褔懈锌褋褘	0.000277	0.040822	0.000011
褔懈褋谢褍	0.000277	0.261365	0.000072
褔褍写械褋	0.000277	0.116534	0.000032
褔褍褌褜	0.000277	1.771957	0.000491
褕邪屑锌懈薪褜芯薪褘	0.000554	1.309333	0.000725
褕邪褉懈泻懈	0.000277	0.040822	0.000011
褕邪褉谢芯褌泻邪	0.000277	0.040822	0.000011
褕邪褉谢芯褌泻懈	0.000277	0.127833	0.000035
褕邪褉屑	0.000277	0.116534	0.000032
褕邪褎褉邪薪	0.000554	3.506558	0.001943
褕邪褕谢褘泻	0.003324	0.040822	0.000136
褕邪褕谢褘泻懈	0.000277	0.040822	0.000011
褕胁械写褋泻邪褟	0.000277	0.116534	0.000032
褕胁械泄褑邪褉褋泻邪褟	0.000277	0.116534	0.000032
褕械写械胁褉褘	0.000277	0.116534	0.000032
褕械泻械褉	0.000277	4.605170	0.001276
褕械褎	0.000277	0.127833	0.000035
褕懈锌褍褔泻邪	0.000277	0.040822	0.000011
褕懈褉懈薪	0.000277	4.605170	0.001276
褕懈褉芯泻邪褟	0.000277	0.127833	0.000035
褕泻芯谢褍	0.000277	0.116534	0.000032
褕泻芯谢褘	0.000277	4.605170	0.001276
褕芯泻芯谢邪写	0.000277	0.040822	0.000011
褕芯褉	0.000277	4.605170	0.001276
褕芯褌谢邪薪写褋泻邪褟	0.000277	0.116534	0.000032
褕锌懈薪邪褌	0.000554	3.506558	0.001943
褕褌褉褍写械谢褜	0.000277	0.040822	0.000011
褕褍褉锌邪	0.000277	0.040822	0.000011
褖邪褋	0.000277	0.116534	0.000032
褖械写褉邪褟	0.000277	0.116534	0.000032
褖懈	0.000554	0.040822	0.000023
褝泻芯屑懈谢泻	0.000277	0.127833	0.000035
褝褋褌芯薪褋泻邪褟	0.000277	0.116534	0.000032
褝褌芯谐芯	0.000277	0.415515	0.000115
褝褌芯泄	0.000554	1.427116	0.000791
褞谐芯褋谢邪胁褋泻邪褟	0.000277	0.116534	0.000032
褟斜谢芯泻芯	0.000554	1.427116	0.000791
褟斜谢芯褔薪褘泄	0.000277	1.832581	0.000508
褟胁薪芯	0.000277	3.506558	0.000971
褟谐芯写薪褘械	0.000554	0.116534	0.000065
褟谐芯写薪褘泄	0.000554	0.116534	0.000065
褟蟹褘泻	0.000554	0.040822	0.000023
褟懈褑	0.001108	0.116534	0.000129
褟懈褔薪褘泄	0.001108	1.049822	0.001163
褟泄褑邪	0.000277	0.040822	0.000011
褟泄褑芯	0.001108	0.261365	0.000290
褟薪写械泻褋	0.000277	0.072571	0.000020
褟锌芯薪褋泻邪褟	0.000277	0.116534	0.000032
褟锌芯薪褋泻芯泄	0.000277	0.061875	0.000017
褟褉泻懈械	0.000277	0.116534	0.000032
褟褉泻芯	0.000277	0.105361	0.000029
