褌芯泻械薪	TF	IDF	TF-IDF
邪斜褏邪蟹褋泻邪褟	0.000274	0.116534	0.000032
邪胁褋褌褉邪谢懈泄褋泻邪褟	0.000274	0.116534	0.000032
邪胁褋褌褉懈泄褋泻邪褟	0.000274	0.116534	0.000032
邪胁褌芯泻谢邪胁邪	0.000274	0.116534	0.000032
邪胁褌芯褉邪屑	0.000274	0.040822	0.000011
邪胁褌芯褉褍	0.000274	1.660731	0.000456
邪谐褉芯	0.000274	0.116534	0.000032
邪写卸懈泻邪	0.000274	0.040822	0.000011
邪写芯谢褜褎芯屑	0.000274	3.218876	0.000883
邪卸褍褉械	0.000274	2.525729	0.000693
邪蟹械褉斜邪泄写卸邪薪褋泻邪褟	0.000274	0.116534	0.000032
邪蟹懈邪褌褋泻邪褟	0.000274	0.127833	0.000035
邪蟹褘	0.000274	0.127833	0.000035
邪泄褉邪薪	0.000274	0.040822	0.000011
邪泻胁邪褌懈泻邪	0.000823	0.127833	0.000105
邪泻褑懈懈	0.000274	2.120264	0.000582
邪谢械泻褋械褟	0.000274	0.127833	0.000035
邪谢泻芯谐芯谢褜	0.000549	0.116534	0.000064
邪谢泻芯谐芯谢褜薪褘械	0.000274	0.116534	0.000032
邪谢泻芯谐芯谢褟	0.000274	0.116534	0.000032
邪谢褜褟薪褋	0.000274	0.116534	0.000032
邪屑械褉懈泻邪薪褋泻邪褟	0.000274	0.116534	0.000032
邪薪谐谢懈泄褋泻邪褟	0.000274	0.116534	0.000032
邪薪写褉械褟	0.000274	0.127833	0.000035
邪薪薪邪	0.000274	2.995732	0.000822
邪薪薪褘	0.000274	3.218876	0.000883
邪锌锌械褌懈褌薪褍褞	0.000274	3.218876	0.000883
邪锌褉械谢褟	0.000549	0.579818	0.000318
邪褉邪斜褋泻邪褟	0.000274	0.116534	0.000032
邪褉谐械薪褌懈薪褋泻邪褟	0.000274	0.116534	0.000032
邪褉懈蟹芯薪邪	0.000274	3.912023	0.001074
邪褉屑褟薪褋泻邪褟	0.000274	0.116534	0.000032
邪褉芯屑邪褌	0.000274	1.660731	0.000456
邪褋褋芯褉褌懈	0.000549	0.116534	0.000064
邪褌谢邪薪褌	0.000274	0.127833	0.000035
邪褎谐邪薪褋泻邪褟	0.000274	0.116534	0.000032
邪褎褉懈泻邪薪褋泻邪褟	0.000274	0.116534	0.000032
邪褝褉芯谐褉懈谢械	0.002744	0.116534	0.000320
邪褝褉芯锌芯褉褌褍	0.000274	2.525729	0.000693
斜邪泻谢邪卸邪薪褘	0.000274	0.040822	0.000011
斜邪谢褌泻芯屑	0.000274	0.127833	0.000035
斜邪褉邪薪懈薪褘	0.001098	0.116534	0.000128
斜邪褋屑邪褌懈	0.000549	0.127833	0.000070
斜邪褋褌褍褉屑邪	0.000274	0.040822	0.000011
斜邪褌芯薪	0.000549	1.660731	0.000911
斜邪褌芯薪褔懈泻懈	0.000274	0.127833	0.000035
斜邪褕泻懈褉褋泻邪褟	0.000274	0.116534	0.000032
斜械蟹邪谢泻芯谐芯谢褜薪褘械	0.000274	0.116534	0.000032
斜械蟹谐谢褞褌械薪芯胁褘械	0.000274	0.116534	0.000032
斜械蟹械	0.001098	0.040822	0.000045
斜械蟹褍屑薪芯	0.000274	1.560648	0.000428
斜械谢械斜械械胁褋泻懈泄	0.000549	0.116534	0.000064
斜械谢芯泻芯褔邪薪薪邪褟	0.000549	0.994252	0.000546
斜械谢芯褉褍褋褋泻邪褟	0.000274	0.116534	0.000032
斜械谢褘泄	0.000549	1.609438	0.000883
斜械谢褜谐懈泄褋泻邪褟	0.000274	0.116534	0.000032
斜械褉械屑械薪薪褘褏	0.000274	0.116534	0.000032
斜械褋械写懈薪邪	0.000274	0.127833	0.000035
斜懈蟹薪械褋	0.000274	2.525729	0.000693
斜懈褋泻胁懈褌	0.000274	0.040822	0.000011
斜懈褋泻胁懈褌薪芯械	0.000549	0.116534	0.000064
斜懈褋泻胁懈褌薪褘泄	0.000274	0.105361	0.000029
斜懈褋泻胁懈褌褘	0.000274	0.127833	0.000035
斜谢邪谐芯写邪褉薪邪	0.000274	1.660731	0.000456
斜谢懈卸械	0.000274	0.116534	0.000032
斜谢懈蟹泻懈褏	0.000274	0.116534	0.000032
斜谢懈薪芯胁	0.000549	0.116534	0.000064
斜谢懈薪褘	0.001098	0.040822	0.000045
斜谢褞写	0.000549	0.094311	0.000052
斜谢褞写邪	0.032656	0.040822	0.001333
斜谢褞写芯	0.003019	0.040822	0.000123
斜谢褞写褍	0.000823	0.116534	0.000096
斜芯斜芯胁褘械	0.000549	0.127833	0.000070
斜芯斜芯胁褘褏	0.001921	0.116534	0.000224
斜芯谢谐邪褉褋泻邪褟	0.000274	0.116534	0.000032
斜芯谢谐邪褉褋泻懈泄	0.001098	0.843970	0.000926
斜芯谢褜褕械	0.000823	0.105361	0.000087
斜芯褉褌	0.000274	2.525729	0.000693
斜芯褉褌芯胁芯谐芯	0.000274	2.525729	0.000693
斜芯褉褖	0.000549	0.040822	0.000022
斜芯褌胁懈薪褜褟	0.000274	0.040822	0.000011
斜褉邪蟹懈谢褜褋泻邪褟	0.000274	0.116534	0.000032
斜褉邪褍蟹械褉械	0.000274	0.040822	0.000011
斜褉邪褍薪懈	0.000274	0.040822	0.000011
斜褉械褋褌	0.000274	0.127833	0.000035
斜褉芯泻泻芯谢懈	0.000274	0.040822	0.000011
斜褍卸械薪懈薪邪	0.000549	0.040822	0.000022
斜褍谢芯褔泻邪屑懈	0.000274	0.116534	0.000032
斜褍谢芯褔泻懈	0.000549	0.040822	0.000022
斜褍谢褜芯薪	0.001921	0.040822	0.000078
斜褍谢褜芯薪褘	0.001372	0.116534	0.000160
斜褍褉谐械褉	0.000274	0.040822	0.000011
斜褍褉谐械褉褘	0.000274	0.127833	0.000035
斜褍褉褟褌褋泻邪褟	0.000274	0.116534	0.000032
斜褍褌械褉斜褉芯写	0.000549	0.116534	0.000064
斜褍褌械褉斜褉芯写褘	0.000549	0.040822	0.000022
斜褘褋褌褉芯	0.000823	0.094311	0.000078
斜褘褋褌褉芯泄	0.000274	0.116534	0.000032
斜褘褋褌褉褘泄	0.000549	0.105361	0.000058
胁邪卸薪褘械	0.000274	0.116534	0.000032
胁邪谢谢懈泄褋泻邪褟	0.000274	0.116534	0.000032
胁邪屑懈	0.000549	0.843970	0.000463
胁邪褉械薪懈泻懈	0.000274	0.116534	0.000032
胁邪褉械薪褜械	0.000549	0.040822	0.000022
胁邪褉懈邪薪褌	0.000274	0.562119	0.000154
胁邪褉泻懈	0.000274	2.407946	0.000661
胁邪褌械褉褎芯褉写	0.000274	4.605170	0.001264
胁邪褌褉褍褕泻懈	0.000274	0.040822	0.000011
胁邪褎谢懈	0.000549	0.040822	0.000022
胁邪褕械泄	0.000549	0.040822	0.000022
胁邪褕械屑褍	0.000274	1.560648	0.000428
胁胁芯写褟	0.000274	0.040822	0.000011
胁写芯褏薪芯胁械薪懈械	0.001098	0.116534	0.000128
胁写芯褏薪芯胁械薪懈械屑	0.000549	0.116534	0.000064
胁写芯褏薪芯胁谢褟泄褋褟	0.000274	0.116534	0.000032
胁械谐械褌邪褉懈邪薪褋泻懈械	0.000274	0.127833	0.000035
胁械谐械褌邪褉懈邪薪褋泻芯械	0.000274	0.116534	0.000032
胁械谢懈泻懈泄	0.000274	0.116534	0.000032
胁械薪谐械褉褋泻邪褟	0.000274	0.116534	0.000032
胁械褉薪褍谢懈褋褜	0.000274	3.218876	0.000883
胁械褋械薪薪懈械	0.000274	0.051293	0.000014
胁械褋薪邪	0.001372	0.116534	0.000160
胁械褋薪褘	0.000274	0.116534	0.000032
胁械褌褔懈薪邪	0.000549	1.469676	0.000807
胁械褌褔懈薪褘	0.000549	0.105361	0.000058
胁蟹谐谢褟写	0.000274	1.427116	0.000392
胁懈写械芯	0.000549	0.116534	0.000064
胁懈写械芯褉械褑械锌褌褘	0.000274	0.301105	0.000083
胁懈薪芯	0.000549	0.040822	0.000022
胁泻谢褞褔邪褞褖懈褏	0.000274	0.634878	0.000174
胁泻褍褋	0.001372	0.105361	0.000145
胁泻褍褋邪	0.002195	0.116534	0.000256
胁泻褍褋械薪	0.000274	1.560648	0.000428
胁泻褍褋薪邪褟	0.001098	0.061875	0.000068
胁泻褍褋薪械械	0.000549	0.116534	0.000064
胁泻褍褋薪械泄	0.000274	0.116534	0.000032
胁泻褍褋薪械泄褕懈械	0.000274	2.120264	0.000582
胁泻褍褋薪芯	0.001921	0.094311	0.000181
胁泻褍褋薪芯械	0.000549	0.994252	0.000546
胁泻褍褋薪芯泄	0.000549	1.609438	0.000883
胁泻褍褋薪芯褌懈褖褍	0.000274	3.218876	0.000883
胁泻褍褋薪褘械	0.000549	0.105361	0.000058
胁泻褍褋薪褘屑	0.000274	1.049822	0.000288
胁泻褍褋芯屑	0.000549	0.105361	0.000058
胁谢褞斜懈谢懈褋褜	0.000274	2.120264	0.000582
胁谢褞斜谢械薪薪褘褏	0.000274	0.116534	0.000032
胁薪邪褔邪谢械	0.001098	0.248461	0.000273
胁薪懈屑邪薪懈褞	0.000274	1.609438	0.000442
胁薪褍褌褉懈	0.000549	1.469676	0.000807
胁芯	0.001098	0.061875	0.000068
胁芯写邪	0.001647	0.287682	0.000474
胁芯写械	0.000274	0.105361	0.000029
胁芯写芯泄	0.000274	2.525729	0.000693
胁芯蟹屑芯卸薪芯	0.000274	1.469676	0.000403
胁芯蟹褉邪蟹懈褌	0.000274	3.218876	0.000883
胁芯泄褌懈	0.000274	0.000000	0.000000
胁芯谢芯胁邪薪褘	0.000274	0.116534	0.000032
胁芯谢褕械斜薪褘械	0.000274	0.116534	0.000032
胁芯谢褕械斜褋褌胁芯	0.000274	0.116534	0.000032
胁芯锌褉芯褋褘	0.000274	0.000000	0.000000
胁芯褋褌芯褉谐械	0.000274	1.469676	0.000403
胁芯褋褌芯褔薪邪褟	0.000274	0.127833	0.000035
胁锌械褉胁褘械	0.000274	1.560648	0.000428
胁褉械屑械薪邪	0.000274	0.116534	0.000032
胁褉械屑械薪械屑	0.001647	0.116534	0.000192
胁褋械谐写邪	0.000274	0.653926	0.000179
胁褋械谐芯	0.000549	0.186330	0.000102
胁褋械泄	0.001098	0.105361	0.000116
胁褋械屑褍	0.000274	0.061875	0.000017
胁褋锌芯屑薪懈褌褜	0.000274	0.040822	0.000011
胁褌芯褉芯械	0.000274	0.116534	0.000032
胁褌芯褉褘械	0.000274	0.127833	0.000035
胁褌芯褉褘褏	0.000274	2.407946	0.000661
胁褏芯写	0.000823	0.030459	0.000025
胁褘谐谢褟写懈褌	0.000549	2.120264	0.001164
胁褘泄褌懈	0.000274	0.040822	0.000011
胁褘锌械褔泻邪	0.003293	0.040822	0.000134
胁褘锌械褔泻懈	0.000549	0.072571	0.000040
胁褘锌械褔泻芯泄	0.000274	0.116534	0.000032
胁褘锌褉芯褋懈谢邪	0.000274	2.525729	0.000693
胁褘褉褍褔邪谢	0.000274	3.218876	0.000883
胁褘褉褍褔懈褌	0.000274	3.506558	0.000962
胁褜械褌薪邪屑褋泻邪褟	0.000274	0.116534	0.000032
谐邪胁邪泄褋泻邪褟	0.000274	0.116534	0.000032
谐邪褉薪懈褉	0.003019	0.040822	0.000123
谐邪褋锌邪褔芯	0.000274	0.040822	0.000011
谐械芯谐褉邪褎懈褟	0.000274	0.116534	0.000032
谐谢邪胁薪褘泄	0.000274	0.040822	0.000011
谐谢邪胁薪褘褏	0.000274	2.995732	0.000822
谐谢邪蟹褍褉褜	0.000823	0.040822	0.000034
谐谢懈薪褌胁械泄薪	0.000274	0.040822	0.000011
谐薪械蟹写芯	0.000274	2.302585	0.000632
谐芯胁褟写懈薪褘	0.001098	0.116534	0.000128
谐芯写	0.003019	0.105361	0.000318
谐芯写邪	0.004391	0.248461	0.001091
谐芯写褍	0.000549	1.171183	0.000643
谐芯谢谢邪薪写褋泻邪褟	0.000274	0.116534	0.000032
谐芯褉芯写邪	0.000274	0.116534	0.000032
谐芯褉芯褏	0.000274	0.116534	0.000032
谐芯褉褔懈褑邪	0.000549	0.040822	0.000022
谐芯褉褔懈褑邪屑懈	0.000274	0.127833	0.000035
谐芯褉褕芯褔泻邪褏	0.000274	0.105361	0.000029
谐芯褉褕芯褔泻械	0.000274	0.040822	0.000011
谐芯褉褟褔械械	0.001098	0.116534	0.000128
谐芯褉褟褔懈械	0.014819	0.105361	0.001561
谐芯褉褟褔懈泄	0.000549	0.116534	0.000064
谐芯褋褌懈	0.000549	0.116534	0.000064
谐芯褌芯胁懈谢邪	0.000549	0.733969	0.000403
谐芯褌芯胁懈谢懈	0.000274	1.560648	0.000428
谐芯褌芯胁懈屑	0.001647	0.094311	0.000155
谐芯褌芯胁懈褌褋褟	0.000549	0.478036	0.000262
谐芯褌芯胁懈褌褜	0.001647	0.105361	0.000173
谐芯褌芯胁谢褞	0.000274	1.049822	0.000288
谐芯褌芯胁芯	0.000274	2.302585	0.000632
谐芯褌芯胁褜	0.000549	0.116534	0.000064
谐芯褌芯胁褟褌	0.000823	0.116534	0.000096
谐芯褌芯胁褟褌褋褟	0.000274	1.660731	0.000456
谐褉械薪泻懈	0.000549	0.040822	0.000022
谐褉械褔械褋泻邪褟	0.000274	0.116534	0.000032
谐褉械褔械褋泻懈屑	0.000274	2.525729	0.000693
谐褉械褔械褋泻芯泄	0.000274	2.525729	0.000693
谐褉械褔泻邪	0.000274	0.040822	0.000011
谐褉懈斜邪屑懈	0.001098	0.105361	0.000116
谐褉懈斜薪褘械	0.000549	0.040822	0.000022
谐褉懈斜芯胁	0.001098	0.116534	0.000128
谐褉懈斜褘	0.000823	0.040822	0.000034
谐褉懈谢械	0.001372	0.116534	0.000160
谐褉懈谢褜	0.000274	0.116534	0.000032
谐褉懈谢褜屑邪薪懈褟	0.000274	0.116534	0.000032
谐褉懈谢褟	0.001098	0.116534	0.000128
谐褉芯谐	0.000274	0.040822	0.000011
谐褉褍写泻邪	0.001098	1.108663	0.001217
谐褉褍蟹懈薪褋泻邪褟	0.000274	0.116534	0.000032
谐褉褍锌锌褘	0.000274	0.061875	0.000017
谐褍褉屑邪薪懈褟	0.001647	0.116534	0.000192
谐褍褉屑械	0.000274	0.127833	0.000035
谐褍褋褟	0.000549	0.105361	0.000058
写邪胁薪芯	0.000549	0.967584	0.000531
写邪械褌	0.000274	0.040822	0.000011
写邪薪薪褘械	0.000274	0.040822	0.000011
写邪薪芯	0.000274	3.218876	0.000883
写邪褉褘	0.000274	0.116534	0.000032
写邪褌械	0.000549	0.248461	0.000136
写邪褌褋泻邪褟	0.000274	0.116534	0.000032
写邪褔薪芯械	0.000823	0.116534	0.000096
写胁邪	0.000274	1.171183	0.000321
写械胁褟薪芯褋褌褘械	0.000274	3.218876	0.000883
写械泻邪斜褉褟	0.000549	0.597837	0.000328
写械泻芯褉	0.000274	0.127833	0.000035
写械谢邪械褌	0.000549	0.116534	0.000064
写械谢邪械褌褋褟	0.000274	1.347074	0.000370
写械谢邪谢邪	0.000274	1.469676	0.000403
写械谢懈泻邪褌械褋芯屑	0.000274	3.218876	0.000883
写械谢懈屑褋褟	0.000274	0.040822	0.000011
写械谢懈芯薪	0.000274	3.218876	0.000883
写械谢芯屑	0.000274	0.116534	0.000032
写械薪褜	0.001098	0.083382	0.000092
写械褉械胁械薪褋泻懈	0.000549	2.995732	0.001644
写械褉械胁械薪褋泻懈泄	0.000274	2.813411	0.000772
写械褉械胁械薪褋泻芯泄	0.000274	3.218876	0.000883
写械褋械褉褌	0.000823	0.116534	0.000096
写械褋械褉褌邪褑懈褟	0.000274	0.116534	0.000032
写械褋械褉褌薪褘械	0.000274	0.116534	0.000032
写械褋械褉褌褘	0.003842	0.040822	0.000157
写械褌械泄	0.000274	0.116534	0.000032
写卸械屑	0.000274	0.040822	0.000011
写蟹械薪	0.000274	0.116534	0.000032
写懈械褌邪	0.000274	0.116534	0.000032
写懈械褌懈褔械褋泻邪褟	0.000549	2.995732	0.001644
写懈械褌懈褔械褋泻懈泄	0.000274	2.302585	0.000632
写懈械褌懈褔械褋泻懈屑	0.000274	3.218876	0.000883
写懈械褌褍	0.000274	3.218876	0.000883
写懈械褌褘	0.000274	0.116534	0.000032
写懈泻懈泄	0.000549	0.116534	0.000064
写懈泻芯谐芯	0.000274	0.116534	0.000032
写懈锌	0.000274	0.116534	0.000032
写懈褔懈	0.000549	0.116534	0.000064
写懈褔褜	0.000274	0.116534	0.000032
写薪械胁薪懈泻邪褏	0.000274	0.061875	0.000017
写薪械泄	0.000823	0.116534	0.000096
写薪褟	0.000274	0.040822	0.000011
写芯斜邪胁懈谢邪	0.000274	1.897120	0.000521
写芯斜邪胁谢械薪懈褟屑	0.000274	0.274437	0.000075
写芯斜邪胁谢褟褌褜	0.000274	0.040822	0.000011
写芯斜邪胁褜	0.000274	0.116534	0.000032
写芯斜褉芯褎谢芯褌	0.000274	0.127833	0.000035
写芯胁械褉褟械褕褜	0.000274	0.116534	0.000032
写芯谢卸薪褘	0.000274	2.407946	0.000661
写芯屑	0.002470	0.040822	0.000101
写芯屑邪	0.000274	0.994252	0.000273
写芯屑邪褕薪械械	0.000823	0.040822	0.000034
写芯屑邪褕薪械泄	0.000549	1.771957	0.000973
写芯屑邪褕薪懈械	0.000549	0.040822	0.000022
写芯屑邪褕薪懈泄	0.001372	0.116534	0.000160
写芯屑邪褕薪褟褟	0.000549	0.105361	0.000058
写芯屑械	0.000549	1.832581	0.001006
写芯屑芯胁	0.000274	0.040822	0.000011
写褉邪泄胁	0.001372	0.127833	0.000175
写褉芯卸卸械胁芯械	0.000274	0.116534	0.000032
写褉褍谐	0.000274	2.040221	0.000560
写褉褍谐懈屑懈	0.000274	0.040822	0.000011
写褉褍谐懈褏	0.000274	1.714798	0.000471
写褉褍谐芯屑	0.000274	2.659260	0.000730
写褉褍谐芯屑褍	0.000274	2.407946	0.000661
写褉褍蟹械泄	0.000274	1.514128	0.000416
写褉褍蟹褜褟屑	0.000274	1.660731	0.000456
写褍屑邪谢邪	0.000274	1.272966	0.000349
写褍屑邪褞	0.000274	1.427116	0.000392
写褍褏芯胁泻邪	0.001372	0.127833	0.000175
写褍褕懈	0.000823	0.105361	0.000087
写褍褕懈褋褌褘泄	0.000549	1.237874	0.000679
写褞谐谢械褉械	0.000274	3.218876	0.000883
械胁褉械泄褋泻邪褟	0.000274	0.116534	0.000032
械谐懈锌械褌褋泻邪褟	0.000274	0.116534	0.000032
械写懈薪褘泄	0.000274	0.040822	0.000011
械泻芯	0.000274	0.127833	0.000035
械褋褌械褋褌胁械薪薪褘泄	0.000274	2.995732	0.000822
卸邪褉泻芯械	0.000274	0.040822	0.000011
卸械谢械	0.000823	0.040822	0.000034
卸械薪褋泻邪褟	0.000274	0.127833	0.000035
卸械薪褋泻芯屑	0.000274	0.061875	0.000017
卸械薪褖懈薪邪	0.000274	2.659260	0.000730
卸械薪褖懈薪褘	0.000549	0.116534	0.000064
卸懈蟹薪懈	0.000274	0.040822	0.000011
卸懈蟹薪褜	0.000274	0.116534	0.000032
卸懈褌械谢懈	0.000274	2.995732	0.000822
卸泻褌	0.000274	3.506558	0.000962
卸褍谢褜械薪	0.000274	0.040822	0.000011
卸褍褉薪邪谢邪	0.000274	0.127833	0.000035
卸褍褉薪邪谢械	0.000274	2.207275	0.000606
卸褞谢褜械薪	0.000274	0.040822	0.000011
蟹邪斜芯谢械胁邪薪懈懈	0.000274	3.506558	0.000962
蟹邪斜褘谢邪	0.000274	2.302585	0.000632
蟹邪胁邪褉薪芯械	0.000274	0.116534	0.000032
蟹邪胁邪褉薪芯泄	0.000274	0.116534	0.000032
蟹邪胁械写械薪懈褟	0.000274	2.525729	0.000693
蟹邪胁褌褉邪泻	0.001921	0.094311	0.000181
蟹邪胁褌褉邪泻懈	0.000274	0.127833	0.000035
蟹邪谐谢褟薪懈褌械	0.000549	2.659260	0.001460
蟹邪谐芯褌芯胁泻懈	0.001098	0.040822	0.000045
蟹邪写邪胁邪褌褜	0.000274	0.040822	0.000011
蟹邪懈薪褌械褉械褋芯胁邪谢邪	0.000274	3.218876	0.000883
蟹邪泄褑邪	0.000549	0.116534	0.000064
蟹邪泻胁邪褋泻邪	0.000274	0.040822	0.000011
蟹邪泻胁邪褋泻邪屑懈	0.000274	0.116534	0.000032
蟹邪泻胁邪褋芯泻	0.000274	0.127833	0.000035
蟹邪泻褉褘褌褘泄	0.000274	0.116534	0.000032
蟹邪泻褍褋泻懈	0.005214	0.040822	0.000213
蟹邪泻褍褋泻褍	0.000823	0.116534	0.000096
蟹邪泻褍褋芯薪褔懈泻	0.000274	0.116534	0.000032
蟹邪泻褍褋芯褔泻邪	0.000274	0.116534	0.000032
蟹邪泻褍褋芯褔薪褘械	0.002744	0.116534	0.000320
蟹邪谢懈胁薪芯械	0.000549	0.040822	0.000022
蟹邪谢懈谢	0.000274	3.218876	0.000883
蟹邪屑械薪褟褌	0.000274	3.218876	0.000883
蟹邪屑芯褉芯蟹泻邪	0.000274	0.105361	0.000029
蟹邪锌邪写	0.000274	0.116534	0.000032
蟹邪锌械泻邪薪懈褟	0.000274	1.560648	0.000428
蟹邪锌械泻邪薪泻邪	0.001098	0.105361	0.000116
蟹邪锌械泻邪薪泻懈	0.001921	0.040822	0.000078
蟹邪锌械褔械薪薪芯械	0.000274	3.218876	0.000883
蟹邪锌械褔械薪薪芯泄	0.000274	2.995732	0.000822
蟹邪锌械褔械薪薪褘泄	0.000274	1.897120	0.000521
蟹邪锌褉邪胁泻邪	0.000549	0.040822	0.000022
蟹邪褉械谐懈褋褌褉懈褉芯胁邪胁褕懈褋褜	0.000274	0.040822	0.000011
蟹邪褉械谐懈褋褌褉懈褉芯胁邪褌褜褋褟	0.000274	0.030459	0.000008
蟹邪褋芯谢泻邪	0.000274	0.116534	0.000032
蟹邪褏芯写懈褌械	0.000823	0.755023	0.000622
蟹胁邪薪褘泄	0.000274	0.127833	0.000035
蟹胁械蟹写邪	0.000274	0.127833	0.000035
蟹胁褢蟹写薪褘械	0.000274	0.116534	0.000032
蟹写芯褉芯胁芯械	0.000274	0.116534	0.000032
蟹写芯褉芯胁褘泄	0.000274	0.116534	0.000032
蟹械谢械薪褘泄	0.000549	1.021651	0.000561
蟹械谢械薪褜	0.001921	0.094311	0.000181
蟹械褎懈褉	0.000274	0.040822	0.000011
蟹懈屑薪懈械	0.000274	0.051293	0.000014
蟹懈屑褍	0.001098	0.040822	0.000045
蟹薪邪械褌械	0.000274	2.302585	0.000632
蟹薪邪泻芯屑芯泄	0.000274	2.525729	0.000693
蟹薪邪褞	0.000549	0.755023	0.000414
蟹芯谢芯褌邪褟	0.000274	0.116534	0.000032
蟹褉邪蟹褘	0.000823	2.040221	0.001680
懈胁邪薪芯胁邪	0.000274	0.127833	0.000035
懈谐芯褉褜	0.000274	3.218876	0.000883
懈写械邪谢褜薪邪褟	0.000274	0.116534	0.000032
懈写械邪谢褜薪芯谐芯	0.001372	0.116534	0.000160
懈写械邪谢褜薪芯械	0.000274	0.116534	0.000032
懈写械泄泻懈	0.000274	0.116534	0.000032
懈写械褌	0.000274	2.120264	0.000582
懈蟹胁械褋褌薪芯谐芯	0.000274	2.995732	0.000822
懈蟹胁械褋褌薪芯泄	0.000549	2.407946	0.001322
懈蟹写械谢懈褟	0.000823	0.116534	0.000096
懈蟹写械谢懈褟屑懈	0.000823	0.116534	0.000096
懈蟹褍褔懈谢懈	0.000274	3.218876	0.000883
懈蟹褘褋泻懈	0.000274	3.506558	0.000962
懈蟹褞屑懈薪泻邪	0.000274	2.302585	0.000632
懈泻褉邪	0.000823	0.040822	0.000034
懈谢谢褞褋褌褉懈褉芯胁邪薪	0.000274	2.120264	0.000582
懈屑械薪械屑	0.000274	0.040822	0.000011
懈屑械褞褌	0.000274	2.302585	0.000632
懈屑械褞褌褋褟	0.000274	2.659260	0.000730
懈薪胁械褉褌芯褉薪芯泄	0.000274	0.127833	0.000035
懈薪谐褉械写懈械薪褌邪	0.000274	2.813411	0.000772
懈薪谐褉械写懈械薪褌褘	0.008233	0.139262	0.001147
懈薪写械泄泻懈	0.001647	0.094311	0.000155
懈薪写械泄泻芯泄	0.000274	0.116534	0.000032
懈薪写懈懈	0.000274	2.813411	0.000772
懈薪写懈泄褋泻邪褟	0.000274	0.116534	0.000032
懈薪写懈泄褋泻懈	0.000274	2.659260	0.000730
懈薪写懈谢邪泄褌	0.000823	0.116534	0.000096
懈薪写懈褉械褋薪褘械	0.000274	0.116534	0.000032
懈薪芯械	0.000274	2.302585	0.000632
懈薪褋褌褉褍泻褑懈褟屑懈	0.000274	0.040822	0.000011
懈薪褌械褉械褋薪芯	0.000274	1.660731	0.000456
懈褉邪泻褋泻邪褟	0.000274	0.116534	0.000032
懈褉邪薪褋泻邪褟	0.000274	0.116534	0.000032
懈褉谢邪薪写褋泻邪褟	0.000274	0.116534	0.000032
懈褋泻褉械薪薪械	0.000274	0.116534	0.000032
懈褋谢邪薪写褋泻邪褟	0.000274	0.116534	0.000032
懈褋锌邪薪褋泻邪褟	0.000274	0.116534	0.000032
懈褋锌械泻懈	0.000274	0.116534	0.000032
懈褋褌懈薪薪褘屑	0.000274	3.218876	0.000883
懈褋褌芯褉懈懈	0.001372	0.116534	0.000160
懈褋褌芯褉懈褞	0.000274	0.116534	0.000032
懈褋褌芯褔邪械褌	0.000274	3.218876	0.000883
懈褌邪谢懈懈	0.000549	0.105361	0.000058
懈褌邪谢褜褟薪褋泻邪褟	0.000274	0.116534	0.000032
懈褞谢褟	0.000274	0.597837	0.000164
泄芯谐褍褉褌	0.000823	0.040822	0.000034
泻邪斜邪褔泻懈	0.000274	0.040822	0.000011
泻邪胁泻邪蟹褋泻邪褟	0.000274	0.116534	0.000032
泻邪卸写芯屑	0.000549	2.525729	0.001386
泻邪卸写褘屑	0.000274	2.302585	0.000632
泻邪蟹邪薪械	0.000274	0.116534	0.000032
泻邪蟹邪褏褋泻邪褟	0.000274	0.116534	0.000032
泻邪泻邪芯	0.000549	0.040822	0.000022
泻邪谢械泄写芯褋泻芯锌	0.001098	0.116534	0.000128
泻邪谢屑褘褑泻邪褟	0.000274	0.116534	0.000032
泻邪谢褜屑邪褉	0.000274	0.040822	0.000011
泻邪屑械褉邪	0.000274	0.116534	0.000032
泻邪薪邪写褋泻邪褟	0.000274	0.116534	0.000032
泻邪薪邪谢	0.000549	0.040822	0.000022
泻邪薪邪谢械	0.000274	0.040822	0.000011
泻邪薪邪锌械	0.000549	0.040822	0.000022
泻邪锌械褉褋褘	0.000549	2.525729	0.001386
泻邪锌褍褋褌邪	0.001372	0.040822	0.000056
泻邪锌褍褋褌薪褟泻	0.000274	0.040822	0.000011
泻邪锌褍褋褌褘	0.000274	0.040822	0.000011
泻邪褉邪屑械谢懈蟹褍械褌褋褟	0.000274	3.218876	0.000883
泻邪褉邪屑械谢褜	0.000274	0.040822	0.000011
泻邪褉泻邪褋薪褘泄	0.001098	0.116534	0.000128
泻邪褉褌芯褎械谢褜	0.004116	0.040822	0.000168
泻邪褉褌芯褎械谢褜薪芯械	0.000274	0.040822	0.000011
泻邪褉褌芯褎械谢褜薪褘泄	0.000823	0.116534	0.000096
泻邪褉褌芯褎械谢褟	0.000823	1.897120	0.001562
泻邪褉褌芯褕械褔泻邪	0.000274	2.407946	0.000661
泻邪褉褌芯褕泻邪	0.000549	0.040822	0.000022
泻邪褉褌芯褕泻懈	0.000274	2.659260	0.000730
泻邪褌械谐芯褉懈懈	0.000274	0.116534	0.000032
泻邪褌械谐芯褉懈褟	0.004116	0.150823	0.000621
泻邪褎械	0.000549	2.207275	0.001211
泻邪褔械褋褌胁芯	0.000274	0.116534	0.000032
泻邪褕邪	0.000274	0.040822	0.000011
泻邪褕懈	0.001372	0.105361	0.000145
泻邪褕褍	0.000274	0.094311	0.000026
泻胁邪褋	0.000823	0.040822	0.000034
泻胁邪褋薪芯械	0.000823	0.116534	0.000096
泻胁邪褋芯屑	0.000274	0.127833	0.000035
泻械泻褋	0.000274	0.040822	0.000011
泻械泻褋褘	0.000549	0.116534	0.000064
泻械褌褔褍锌	0.000549	1.560648	0.000857
泻械褎懈褉	0.000274	0.040822	0.000011
泻懈屑褔懈	0.000274	0.040822	0.000011
泻懈薪芯邪	0.000549	0.127833	0.000070
泻懈薪芯谢械薪褌邪	0.000274	0.116534	0.000032
泻懈褋械谢褜	0.000549	0.040822	0.000022
泻懈褌邪泄褋泻邪褟	0.000274	0.116534	0.000032
泻谢邪褋褋	0.002470	0.116534	0.000288
泻谢邪褋褋懈褔械褋泻懈泄	0.000274	1.897120	0.000521
泻谢邪褋褋懈褔械褋泻懈褏	0.000274	2.407946	0.000661
泻谢邪褋褋褘	0.000274	0.116534	0.000032
泻薪懈谐褍	0.000549	0.040822	0.000022
泻芯	0.000274	1.469676	0.000403
泻芯泻褌械泄谢懈	0.000274	0.127833	0.000035
泻芯泻褌械泄谢褜	0.001372	0.040822	0.000056
泻芯谢斜邪褋邪	0.000274	0.040822	0.000011
泻芯谢斜邪褋薪褘屑懈	0.000823	0.116534	0.000096
泻芯谢写褍薪褘	0.000274	2.813411	0.000772
泻芯屑邪薪写邪	0.000549	0.127833	0.000070
泻芯屑懈	0.000274	0.116534	0.000032
泻芯屑屑械薪褌邪褉懈械胁	0.000274	0.223144	0.000061
泻芯屑锌邪薪懈泄	0.000274	0.105361	0.000029
泻芯屑锌芯褌	0.000823	0.040822	0.000034
泻芯薪械褔薪芯	0.000274	0.527633	0.000145
泻芯薪懈薪褘	0.000274	0.116534	0.000032
泻芯薪泻褍褉褋	0.058727	0.105361	0.006187
泻芯薪泻褍褉褋邪	0.000274	0.116534	0.000032
泻芯薪泻褍褉褋邪褏	0.000274	0.040822	0.000011
泻芯薪泻褍褉褋薪褘械	0.000274	0.127833	0.000035
泻芯薪褋械褉胁懈褉芯胁邪薪懈械	0.000274	0.040822	0.000011
泻芯薪褋械褉胁懈褉芯胁邪薪薪邪褟	0.000274	0.116534	0.000032
泻芯薪褋械褉胁懈褉芯胁邪薪薪芯械	0.000274	0.116534	0.000032
泻芯薪褋械褉胁懈褉芯胁邪薪薪褘械	0.000549	0.116534	0.000064
泻芯薪褋械褉胁懈褉芯胁邪薪薪褘泄	0.000274	0.116534	0.000032
泻芯薪褎械褌褌懈	0.000274	0.116534	0.000032
泻芯薪褎械褌褘	0.000823	0.040822	0.000034
泻芯薪褎懈写械薪褑懈邪谢褜薪芯褋褌懈	0.000274	0.040822	0.000011
泻芯薪褎懈褌褞褉	0.000274	0.040822	0.000011
泻芯锌褔械薪芯褋褌褟屑懈	0.000274	0.116534	0.000032
泻芯褉械泄褋泻邪褟	0.000274	0.116534	0.000032
泻芯褉械泄褋泻懈	0.000274	0.040822	0.000011
泻芯褉卸懈泻懈	0.000274	0.040822	0.000011
泻芯褉懈邪薪写褉	0.000549	1.469676	0.000807
泻芯褉屑褟褖懈褏	0.000274	0.116534	0.000032
泻芯褉芯褔泻邪	0.000274	2.525729	0.000693
泻芯褉芯褔泻褍	0.000274	3.218876	0.000883
泻芯褋褌懈	0.000549	3.218876	0.001767
泻芯褋褌褉邪屑	0.000274	2.407946	0.000661
泻芯褌谢械褌邪褏	0.000274	2.525729	0.000693
泻芯褌谢械褌褘	0.001372	0.040822	0.000056
泻芯褌芯褉芯屑褍	0.000274	0.116534	0.000032
泻芯褎械	0.000549	0.040822	0.000022
泻褉邪褋懈胁褘械	0.000274	1.897120	0.000521
泻褉邪褋懈胁褘屑	0.000274	2.120264	0.000582
泻褉邪褋泻懈	0.000274	0.116534	0.000032
泻褉邪褋薪褘泄	0.000549	1.171183	0.000643
泻褉邪褏屑邪谢	0.000549	0.891598	0.000489
泻褉械邪褌懈胁	0.000274	0.127833	0.000035
泻褉械屑	0.000274	0.040822	0.000011
泻褉械屑邪	0.000549	0.116534	0.000064
泻褉械锌泻懈泄	0.000274	0.116534	0.000032
泻褉懈褌懈泻	0.000274	3.218876	0.000883
泻褉芯谢懈泻邪	0.000549	0.116534	0.000064
泻褉芯屑械	0.000274	0.061875	0.000017
泻褉芯褏懈	0.000274	0.116534	0.000032
泻褉褍谐褍	0.000549	0.116534	0.000064
泻褉褍锌	0.001921	0.116534	0.000224
泻褉褍锌邪	0.000274	0.127833	0.000035
泻褉褍锌褘	0.000549	0.127833	0.000070
泻褉褍锌褟薪褘械	0.000274	0.116534	0.000032
泻褉褘屑褍	0.000274	2.407946	0.000661
泻褍斜懈薪褋泻邪褟	0.000274	0.116534	0.000032
泻褍谢械褕	0.000274	0.040822	0.000011
泻褍谢懈薪邪褉懈懈	0.000823	0.094311	0.000078
泻褍谢懈薪邪褉薪邪褟	0.000274	0.116534	0.000032
泻褍谢懈薪邪褉薪芯械	0.000274	0.116534	0.000032
泻褍谢懈薪邪褉薪褍褞	0.000549	0.040822	0.000022
泻褍谢懈薪邪褉薪褘泄	0.000274	0.072571	0.000020
泻褍谢懈薪邪褉薪褘褏	0.000274	0.116534	0.000032
泻褍谢懈褔	0.000274	0.040822	0.000011
泻褍谢懈褔懈	0.000274	0.116534	0.000032
泻褍薪卸褍褌	0.000549	0.994252	0.000546
泻褍褉写褋泻邪褟	0.000274	0.116534	0.000032
泻褍褉懈薪邪褟	0.001647	1.021651	0.001682
泻褍褉懈薪芯谐芯	0.000274	0.116534	0.000032
泻褍褉懈薪芯械	0.006037	0.127833	0.000772
泻褍褉懈薪褘泄	0.000274	0.105361	0.000029
泻褍褉懈褑邪	0.000549	0.040822	0.000022
泻褍褉懈褑褘	0.001098	0.116534	0.000128
泻褍褉泻褍屑邪	0.000549	2.040221	0.001120
泻褍褉芯褔泻芯泄	0.000274	0.116534	0.000032
泻褍褉褌懈蟹邪薪泻懈	0.000274	3.218876	0.000883
泻褍褋泻褍褋	0.000274	0.040822	0.000011
泻褍褏薪械泄	0.000274	0.040822	0.000011
泻褍褏薪懈	0.001647	0.040822	0.000067
泻褍褏薪褟	0.000823	0.116534	0.000096
谢邪胁邪褕	0.000549	0.040822	0.000022
谢邪胁邪褕邪	0.001098	0.116534	0.000128
谢邪胁褉芯胁褘泄	0.001098	1.139434	0.001251
谢邪谐屑邪薪	0.000274	0.040822	0.000011
谢邪泻芯屑褋褌胁芯	0.000274	0.116534	0.000032
谢邪锌褕邪	0.000549	0.040822	0.000022
谢邪褉懈褋械	0.000274	2.525729	0.000693
谢邪褋褌芯褔泻懈薪芯	0.000274	2.302585	0.000632
谢邪褌褘褕褋泻邪褟	0.000274	0.116534	0.000032
谢邪褏邪薪芯褉懈蟹芯	0.000549	2.407946	0.001322
谢械谐泻邪褟	0.000274	0.116534	0.000032
谢械谐泻懈泄	0.000549	0.116534	0.000064
谢械谐泻芯	0.001647	0.116534	0.000192
谢械薪懈胁褘泄	0.000274	1.897120	0.000521
谢械锌械褕泻懈	0.000549	0.040822	0.000022
谢械褌邪	0.000274	0.116534	0.000032
谢械褌薪懈械	0.000274	0.040822	0.000011
谢械褌薪褟褟	0.000274	0.116534	0.000032
谢械褌芯	0.001372	0.116534	0.000160
谢械褔芯	0.000274	0.040822	0.000011
谢懈谐邪	0.000823	0.116534	0.000096
谢懈泻械褉	0.000274	0.040822	0.000011
谢懈屑邪	0.000274	4.605170	0.001264
谢懈屑芯薪	0.000549	1.203973	0.000661
谢懈屑芯薪邪写	0.000549	0.040822	0.000022
谢懈褋褌	0.001098	1.139434	0.001251
谢懈褋褌褜褟	0.000549	1.514128	0.000831
谢懈褌芯胁褋泻	0.000274	0.127833	0.000035
谢懈褌芯胁褋泻邪褟	0.000274	0.116534	0.000032
谢懈褏懈械	0.000274	3.218876	0.000883
谢褍泻	0.004391	0.301105	0.001322
谢褍褔褕懈械	0.000274	0.116534	0.000032
谢褍褔褕懈泄	0.000549	0.040822	0.000022
谢褍褔褕懈褏	0.000274	0.116534	0.000032
谢褞斜胁懈	0.000274	0.105361	0.000029
谢褞斜懈屑芯谐芯	0.000274	0.127833	0.000035
谢褞斜懈屑芯屑褍	0.000274	0.116534	0.000032
谢褞斜懈屑褘褏	0.001647	0.116534	0.000192
谢褞斜芯胁褜	0.000274	0.116534	0.000032
谢褞斜芯泄	0.000549	0.116534	0.000064
谢褢写	0.000274	0.127833	0.000035
屑邪谐褉懈斜邪	0.000274	0.116534	0.000032
屑邪泄	0.000274	0.116534	0.000032
屑邪泄芯薪械蟹	0.002470	0.116534	0.000288
屑邪泻邪褉芯薪薪褘械	0.000274	0.116534	0.000032
屑邪泻邪褉芯薪褘	0.000274	0.040822	0.000011
屑邪谢邪蟹懈泄褋泻邪褟	0.000274	0.116534	0.000032
屑邪薪写邪褉懈薪芯胁褘泄	0.000549	2.525729	0.001386
屑邪薪薪懈泻	0.000274	0.040822	0.000011
屑邪薪褋邪褉写芯泄	0.000274	0.755023	0.000207
屑邪薪褌褘	0.000274	0.116534	0.000032
屑邪薪褢胁褉褘	0.000274	0.116534	0.000032
屑邪褉邪褎芯薪	0.000823	0.116534	0.000096
屑邪褉懈薪邪写	0.002470	0.040822	0.000101
屑邪褉懈薪邪写褘	0.000823	0.116534	0.000096
屑邪褉懈薪芯胁邪薪薪褘械	0.000274	0.116534	0.000032
屑邪褉屑械谢邪写	0.000274	0.040822	0.000011
屑邪褉芯泻泻邪薪褋泻邪褟	0.000274	0.116534	0.000032
屑邪褉褌邪	0.001372	0.105361	0.000145
屑邪褋泻邪褉锌芯薪械	0.000274	0.040822	0.000011
屑邪褋谢械薪懈褑邪	0.000823	0.040822	0.000034
屑邪褋谢械薪懈褔薪芯械	0.000274	0.116534	0.000032
屑邪褋谢懈薪褘	0.000549	1.966113	0.001079
屑邪褋谢芯	0.007409	0.116534	0.000863
屑邪褋谢芯屑	0.000274	0.116534	0.000032
屑邪褋褋褍	0.000274	2.407946	0.000661
屑邪褋褌械褉	0.002470	0.116534	0.000288
屑邪褋褌懈泻邪	0.000274	0.040822	0.000011
屑邪褋褌懈泻懈	0.000274	0.116534	0.000032
屑邪褎褎懈薪褘	0.000274	0.116534	0.000032
屑邪褏械械胁褗	0.001098	0.116534	0.000128
屑邪褟	0.000549	0.634878	0.000348
屑械写懈邪褎芯褉褌	0.000823	0.000000	0.000000
屑械写芯胁褘泄	0.000274	0.116534	0.000032
屑械泻褋懈泻邪薪褋泻邪褟	0.000274	0.116534	0.000032
屑械薪褞	0.000549	0.116534	0.000064
屑械薪褟	0.000274	0.083382	0.000023
屑械薪褟械褌褋褟	0.000274	0.116534	0.000032
屑械褉芯锌褉懈褟褌懈褟	0.000274	3.218876	0.000883
屑械褋褌薪褘械	0.000274	2.995732	0.000822
屑械褔褌邪	0.000274	0.116534	0.000032
屑械褔褌褘	0.000549	0.040822	0.000022
屑懈写懈懈	0.000274	0.040822	0.000011
屑懈泻褉芯胁芯谢薪芯胁泻械	0.000274	0.116534	0.000032
屑懈谢褜械	0.000274	0.116534	0.000032
屑懈薪懈屑褍屑	0.000274	1.427116	0.000392
屑懈芯	0.000274	0.116534	0.000032
屑懈褉	0.000274	0.116534	0.000032
屑懈褉邪	0.000274	0.116534	0.000032
屑懈褉芯胁邪褟	0.000274	0.116534	0.000032
屑懈褋芯	0.000274	0.040822	0.000011
屑懈褋褌械褉懈褟	0.000274	0.116534	0.000032
屑懈褋褌褉邪谢褜	0.001921	0.116534	0.000224
屑薪芯谐懈械	0.000274	1.309333	0.000359
屑薪芯卸械褋褌胁芯	0.000274	1.560648	0.000428
屑薪芯卸械褋褌胁芯屑	0.000274	0.040822	0.000011
屑芯谐褍	0.000274	0.798508	0.000219
屑芯械	0.000274	0.116534	0.000032
屑芯卸械褌械	0.000274	0.000000	0.000000
屑芯泄	0.000823	0.105361	0.000087
屑芯谢写邪胁褋泻邪褟	0.000274	0.116534	0.000032
屑芯谢芯泻械	0.000274	0.105361	0.000029
屑芯谢芯泻芯	0.001921	0.116534	0.000224
屑芯谢芯褔薪褘泄	0.000549	0.040822	0.000022
屑芯谢芯褔薪褘褏	0.000274	0.116534	0.000032
屑芯屑械薪褌	0.000823	0.116534	0.000096
屑芯薪谐芯谢褜褋泻邪褟	0.000274	0.116534	0.000032
屑芯褉械	0.000274	0.116534	0.000032
屑芯褉械锌褉芯写褍泻褌芯胁	0.003019	0.040822	0.000123
屑芯褉械锌褉芯写褍泻褌褘	0.000549	0.116534	0.000064
屑芯褉泻芯胁褜	0.001372	0.040822	0.000056
屑芯褉芯卸械薪芯械	0.000823	0.040822	0.000034
屑芯褉褋	0.000274	0.040822	0.000011
屑芯褉褋褘	0.000274	0.116534	0.000032
屑芯褌芯褉	0.000274	0.116534	0.000032
屑芯褏懈褌芯	0.000274	0.040822	0.000011
屑褍卸褋泻邪褟	0.000274	0.127833	0.000035
屑褍卸褔懈薪褘	0.000549	0.116534	0.000064
屑褍泻邪	0.002195	0.274437	0.000602
屑褍谢褜褌懈胁邪褉泻械	0.010428	0.116534	0.001215
屑褍谢褜褌懈锌械泻邪褉械泄	0.000823	0.116534	0.000096
屑褍褋泻邪褌薪褘泄	0.000549	1.832581	0.001006
屑褍褋褋	0.000274	0.040822	0.000011
屑褍褋褋褘	0.000549	0.116534	0.000064
屑褍褔薪褘械	0.000274	0.116534	0.000032
屑褞褋谢懈	0.000549	0.116534	0.000064
屑褟褋邪	0.003019	0.116534	0.000352
屑褟褋薪邪褟	0.000274	2.813411	0.000772
屑褟褋薪芯谐芯	0.001372	0.116534	0.000160
屑褟褋薪芯泄	0.001921	0.116534	0.000224
屑褟褋薪褘械	0.001647	0.040822	0.000067
屑褟褋薪褘褏	0.000823	0.116534	0.000096
屑褟褋芯	0.003568	0.040822	0.000146
屑褟褋芯屑	0.001647	0.040822	0.000067
屑褟褋褍	0.000549	0.116534	0.000064
薪邪蟹邪写	0.000274	0.967584	0.000266
薪邪蟹胁邪薪懈械	0.000274	0.941609	0.000258
薪邪蟹胁邪薪懈械屑	0.000549	1.203973	0.000661
薪邪蟹胁邪褌褜	0.000274	2.040221	0.000560
薪邪蟹薪邪褔械薪懈褟	0.000274	0.116534	0.000032
薪邪蟹芯胁懈褌械	0.000274	3.506558	0.000962
薪邪懈胁泻褍褋薪械泄褕械谐芯	0.000274	2.659260	0.000730
薪邪谢懈胁泻邪	0.000274	0.040822	0.000011
薪邪锌械褉械谐芯薪泻懈	0.000274	3.218876	0.000883
薪邪锌懈褌泻懈	0.001647	0.040822	0.000067
薪邪锌懈褌芯泻	0.000274	0.040822	0.000011
薪邪褉械蟹泻邪	0.000274	3.506558	0.000962
薪邪褋褌芯泄泻邪	0.000274	0.040822	0.000011
薪邪褋褌芯谢褜泻芯	0.000274	1.514128	0.000416
薪邪褋褌芯褟褌械谢褜薪芯	0.000274	2.040221	0.000560
薪邪褋褌芯褟褖邪褟	0.000274	2.207275	0.000606
薪邪褋褌芯褟褖械泄	0.000274	2.407946	0.000661
薪邪褋褌褉芯械薪懈械	0.000274	0.116534	0.000032
薪邪褑懈芯薪邪谢褜薪褘械	0.000274	0.116534	0.000032
薪邪褔邪谢懈	0.000274	2.407946	0.000661
薪邪褔懈薪泻邪	0.000549	0.040822	0.000022
薪邪褔懈薪泻芯泄	0.000274	0.116534	0.000032
薪邪褕	0.000274	2.525729	0.000693
薪邪褕械屑	0.000549	0.040822	0.000022
薪邪褕懈	0.000274	0.061875	0.000017
薪邪褕懈褏	0.000274	1.514128	0.000416
薪邪褕谢邪	0.000549	0.579818	0.000318
薪械谐芯	0.000274	0.941609	0.000258
薪械写械谢褟	0.002744	0.061875	0.000170
薪械卸薪械泄褕械械	0.000274	2.659260	0.000730
薪械卸薪械泄褕懈屑	0.000274	2.407946	0.000661
薪械卸薪芯泄	0.000274	0.116534	0.000032
薪械卸薪褘泄	0.000549	0.891598	0.000489
薪械卸薪褘屑	0.000274	2.040221	0.000560
薪械懈蟹屑械薪薪芯	0.000274	2.525729	0.000693
薪械谢褜蟹褟	0.000274	2.302585	0.000632
薪械屑械褑泻邪褟	0.000274	0.116534	0.000032
薪械芯斜褏芯写懈屑褘械	0.000274	2.813411	0.000772
薪械芯卸懈写邪薪薪褘械	0.000274	0.116534	0.000032
薪械锌芯胁褌芯褉懈屑褘屑	0.000274	3.218876	0.000883
薪械褋泻芯谢褜泻懈屑懈	0.000274	2.525729	0.000693
薪械褋谢邪写泻芯械	0.000274	0.116534	0.000032
薪械褌械	0.000274	3.218876	0.000883
薪械褍谐芯屑芯薪薪褘械	0.000274	3.218876	0.000883
薪懈泻邪泻芯谐芯	0.000274	2.040221	0.000560
薪懈泻芯谐写邪	0.000274	1.771957	0.000486
薪芯胁邪褟	0.000274	0.116534	0.000032
薪芯胁芯谐芯写薪械谐芯	0.001647	0.116534	0.000192
薪芯胁芯谐芯写薪械械	0.000823	0.116534	0.000096
薪芯胁芯谐芯写薪懈械	0.001921	0.040822	0.000078
薪芯胁芯谐芯写薪懈泄	0.002195	0.116534	0.000256
薪芯胁芯谐芯写薪褟褟	0.000274	0.105361	0.000029
薪芯胁芯褋褌褟褏	0.000274	0.061875	0.000017
薪芯胁褘械	0.001098	0.051293	0.000056
薪芯胁褘泄	0.003019	0.094311	0.000285
薪芯褉胁械卸褋泻邪褟	0.000274	0.116534	0.000032
薪芯褋懈谢懈褋褜	0.000274	3.218876	0.000883
薪芯褟斜褉褟	0.001372	0.527633	0.000724
薪褉邪胁懈褌褋褟	0.000274	1.427116	0.000392
薪褞褕泻邪	0.000274	3.218876	0.000883
薪褟屑	0.000549	3.218876	0.001767
芯斜械写	0.000823	0.105361	0.000087
芯斜械蟹褜褟薪褘	0.000274	0.116534	0.000032
芯斜谢邪写邪械褌	0.000274	2.040221	0.000560
芯斜褉邪蟹褍械褌	0.000274	2.995732	0.000822
芯斜褖邪褌褜褋褟	0.000274	0.040822	0.000011
芯斜褘写械薪薪褘械	0.000274	3.218876	0.000883
芯斜褘褔薪褘泄	0.000274	1.897120	0.000521
芯斜褟蟹邪褌械谢褜薪芯	0.000274	0.967584	0.000266
芯胁芯褖邪屑懈	0.000274	0.116534	0.000032
芯胁芯褖械泄	0.004391	0.105361	0.000463
芯胁芯褖懈	0.001647	0.094311	0.000155
芯胁芯褖薪邪褟	0.000274	0.040822	0.000011
芯胁芯褖薪芯械	0.000274	0.116534	0.000032
芯胁芯褖薪芯泄	0.000549	0.105361	0.000058
芯胁芯褖薪褘械	0.001372	0.040822	0.000056
芯胁褋褟薪芯械	0.000274	0.116534	0.000032
芯谐薪械薪薪芯泄	0.000274	0.116534	0.000032
芯谐薪褟	0.000274	0.116534	0.000032
芯谐褉芯屑薪械泄褕械械	0.000274	3.218876	0.000883
芯谐褉芯屑薪芯泄	0.000274	2.525729	0.000693
芯谐褉芯屑薪褍褞	0.000274	2.813411	0.000772
芯谐褍褉械褑	0.000549	1.237874	0.000679
芯谐褍褉褑褘	0.000549	0.116534	0.000064
芯写薪芯谐芯	0.000274	1.660731	0.000456
芯卸懈写邪薪懈褟	0.000274	2.120264	0.000582
芯泻褉芯褕泻邪	0.000823	0.040822	0.000034
芯泻褌褟斜褉褟	0.000274	0.562119	0.000154
芯谢邪写褜懈	0.000823	0.040822	0.000034
芯谢械泄薪邪	0.000823	0.116534	0.000096
芯谢械泄薪芯泄	0.001098	0.116534	0.000128
芯谢械泄薪褘	0.000274	0.127833	0.000035
芯谢懈胁泻芯胁芯械	0.001647	0.544727	0.000897
芯屑谢械褌	0.000274	0.040822	0.000011
芯锌邪褉邪	0.000274	0.040822	0.000011
芯锌褉芯褋	0.000274	0.061875	0.000017
芯褉械褏	0.000549	1.660731	0.000911
芯褉懈谐懈薪邪谢褜薪邪褟	0.000274	2.302585	0.000632
芯褉懈谐懈薪邪谢褜薪褘械	0.000274	2.995732	0.000822
芯褋械薪薪械械	0.000274	0.116534	0.000032
芯褋械薪薪懈械	0.000274	0.051293	0.000014
芯褋械薪薪懈泄	0.000549	0.116534	0.000064
芯褋械薪褜	0.002744	0.105361	0.000289
芯褋薪芯胁薪芯械	0.000274	0.040822	0.000011
芯褋褌邪械褌褋褟	0.000274	0.116534	0.000032
芯褋褌邪薪芯胁懈褌褜褋褟	0.000274	1.714798	0.000471
芯褌斜懈胁薪褘械	0.000274	2.207275	0.000606
芯褌胁械褌懈褌褜	0.000274	0.051293	0.000014
芯褌胁械褌芯胁	0.000274	0.051293	0.000014
芯褌胁械褌褘	0.000274	0.000000	0.000000
芯褌泻褉褘褌褘泄	0.000549	0.116534	0.000064
芯褌谢懈褔邪械褌褋褟	0.000274	1.771957	0.000486
芯褌屑械薪懈褌褜	0.000274	0.040822	0.000011
芯褌屑械褔邪谢懈	0.000274	2.407946	0.000661
芯褌薪芯褕械薪懈褟	0.000274	2.120264	0.000582
芯褏谢邪写懈褌褜	0.000274	0.116534	0.000032
芯褔械褉械写薪芯泄	0.000274	1.771957	0.000486
锌邪泻械褌懈泻邪褏	0.000274	0.105361	0.000029
锌邪谢邪褌泻褍	0.000549	3.218876	0.001767
锌邪谢芯褔泻懈	0.000274	0.040822	0.000011
锌邪薪懈褉芯胁泻邪	0.002195	0.116534	0.000256
锌邪薪懈褉芯胁芯褔薪褘械	0.001098	1.309333	0.001437
锌邪褉邪	0.000274	0.116534	0.000032
锌邪褉邪写	0.001921	0.116534	0.000224
锌邪褉懈卸褋泻芯谐芯	0.000274	3.218876	0.000883
锌邪褉芯胁邪褉泻械	0.002470	0.116534	0.000288
锌邪褉芯谢褜	0.000274	0.020203	0.000006
锌邪褋褌邪	0.001372	0.040822	0.000056
锌邪褋褌褉芯屑邪	0.000274	0.040822	0.000011
锌邪褋褏邪	0.000549	0.040822	0.000022
锌邪褋褏邪谢褜薪邪褟	0.000549	0.116534	0.000064
锌邪褋褏邪谢褜薪褘泄	0.000274	0.127833	0.000035
锌邪褕褌械褌	0.000274	0.040822	0.000011
锌邪褕褌械褌褘	0.000549	0.116534	0.000064
锌械泻邪褉褟	0.000274	0.127833	0.000035
锌械谢褜屑械薪懈	0.000274	0.116534	0.000032
锌械褉胁芯械	0.000549	0.040822	0.000022
锌械褉胁褘械	0.000274	0.127833	0.000035
锌械褉胁褘屑	0.000274	0.116534	0.000032
锌械褉胁褘褏	0.000274	2.120264	0.000582
锌械褉械泄褌懈	0.000274	0.040822	0.000011
锌械褉械泻褍褋	0.000549	0.116534	0.000064
锌械褉械褑	0.011526	0.040822	0.000471
锌械褉械褔械褋褌褜	0.000274	3.218876	0.000883
锌械褉褋芯薪褘	0.000274	0.116534	0.000032
锌械褉褍邪薪褋泻邪褟	0.000274	0.116534	0.000032
锌械褋芯褔薪芯械	0.000549	0.105361	0.000058
锌械褋芯褔薪褘泄	0.000274	0.116534	0.000032
锌械褌械谢懈薪泻懈	0.000274	0.127833	0.000035
锌械褌褉褍褕泻邪	0.001098	0.693147	0.000761
锌械褔械薪芯褔薪褘泄	0.000274	0.040822	0.000011
锌械褔械薪褜械	0.002470	0.040822	0.000101
锌械褔懈	0.000274	0.127833	0.000035
锌懈胁芯	0.000274	0.116534	0.000032
锌懈泻邪薪褌褘	0.000274	0.127833	0.000035
锌懈泻薪懈泻	0.000549	0.116534	0.000064
锌懈泻薪懈泻邪	0.000274	0.116534	0.000032
锌懈泻薪懈泻褍	0.000274	0.105361	0.000029
锌懈褉	0.000274	0.116534	0.000032
锌懈褉芯谐	0.000823	0.040822	0.000034
锌懈褉芯谐懈	0.000274	0.105361	0.000029
锌懈褉芯卸泻懈	0.000274	0.040822	0.000011
锌懈褉芯卸薪芯械	0.000274	0.040822	0.000011
锌懈褉芯卸薪褘械	0.000274	0.116534	0.000032
锌懈褌邪薪懈械	0.001372	0.105361	0.000145
锌懈褌邪薪懈褟	0.000274	2.302585	0.000632
锌懈褌械褉械	0.000274	2.407946	0.000661
锌懈褑褑邪	0.000549	0.040822	0.000022
锌谢邪屑褟	0.000274	0.116534	0.000032
锌谢懈褌邪	0.001098	0.127833	0.000140
锌谢芯胁	0.000274	0.116534	0.000032
锌谢芯写褘	0.000274	0.116534	0.000032
锌芯斜褘胁邪褌褜	0.000274	3.218876	0.000883
锌芯胁邪褉邪	0.000274	1.514128	0.000416
锌芯胁邪褉械薪泻械	0.000274	0.040822	0.000011
锌芯胁邪褉械薪芯泻	0.000274	0.061875	0.000017
锌芯胁邪褉懈谢	0.000274	3.218876	0.000883
锌芯胁邪褉懈褏懈	0.000274	3.218876	0.000883
锌芯胁邪褉芯屑	0.000274	3.218876	0.000883
锌芯胁邪褉褟褌	0.000274	0.116534	0.000032
锌芯胁邪褉褟褌邪屑懈	0.000274	0.040822	0.000011
锌芯胁邪褉褢薪泻邪	0.000274	0.116534	0.000032
锌芯胁懈写谢芯	0.000274	0.040822	0.000011
锌芯写邪褉泻芯胁	0.000274	0.116534	0.000032
锌芯写械谢懈谢褋褟	0.000274	2.813411	0.000772
锌芯写械谢懈褌褜褋褟	0.000549	0.478036	0.000262
锌芯写谢懈胁邪	0.000274	0.116534	0.000032
锌芯写谢懈胁泻邪	0.000274	0.040822	0.000011
锌芯写薪芯褋褟	0.000274	3.218876	0.000883
锌芯写锌懈褋邪褌褜褋褟	0.000274	0.040822	0.000011
锌芯写锌懈褕懈褌械褋褜	0.000549	0.040822	0.000022
锌芯写褋泻邪卸械褌械	0.000274	2.525729	0.000693
锌芯写褘褋泻懈胁邪褌褜	0.000274	2.525729	0.000693
锌芯械写邪薪懈懈	0.000274	2.207275	0.000606
锌芯械写懈薪泻懈	0.003842	0.116534	0.000448
锌芯卸邪谢褍泄	0.000274	2.040221	0.000560
锌芯蟹写褉邪胁褜	0.000274	0.116534	0.000032
锌芯懈褋泻	0.000274	0.051293	0.000014
锌芯泻邪蟹褘胁邪谢邪	0.000274	2.407946	0.000661
锌芯谢写薪懈泻	0.000549	0.116534	0.000064
锌芯谢械蟹薪芯	0.000274	0.116534	0.000032
锌芯谢械薪芯	0.000274	3.506558	0.000962
锌芯谢懈褌懈泻芯泄	0.000274	0.040822	0.000011
锌芯谢薪械泄褕械屑	0.000274	2.995732	0.000822
锌芯谢芯胁懈薪邪	0.002195	0.116534	0.000256
锌芯谢褍褔邪械褌褋褟	0.000274	0.400478	0.000110
锌芯谢褍褔邪泄褌械	0.000274	0.040822	0.000011
锌芯谢褍褔邪褌褜	0.000274	0.040822	0.000011
锌芯谢褍褔懈谢懈	0.000274	3.218876	0.000883
锌芯谢褜蟹邪	0.000274	0.127833	0.000035
锌芯谢褜蟹芯胁邪褌械谢械屑	0.000274	2.040221	0.000560
锌芯谢褜蟹芯泄	0.001098	0.116534	0.000128
锌芯谢褜蟹褍械褌褋褟	0.000274	2.207275	0.000606
锌芯谢褜褋泻邪褟	0.000274	0.116534	0.000032
锌芯屑邪写泻邪	0.000549	0.040822	0.000022
锌芯屑邪写泻懈	0.000274	0.116534	0.000032
锌芯屑懈写芯褉	0.000549	0.713350	0.000392
锌芯屑懈写芯褉泻懈	0.000274	0.127833	0.000035
锌芯屑懈写芯褉褘	0.000549	0.116534	0.000064
锌芯薪邪写芯斜懈褌褋褟	0.000274	2.525729	0.000693
锌芯薪邪写芯斜褟褌褋褟	0.000274	3.218876	0.000883
锌芯薪懈屑邪褞	0.000274	2.995732	0.000822
锌芯薪褉邪胁懈胁褕懈械褋褟	0.000274	0.040822	0.000011
锌芯薪褔懈泻懈	0.000549	0.040822	0.000022
锌芯锌邪谢	0.000274	2.407946	0.000661
锌芯锌褉芯斜芯胁邪胁	0.000274	1.832581	0.000503
锌芯锌褉芯斜芯胁邪谢	0.000274	2.407946	0.000661
锌芯锌褉芯斜芯胁邪谢邪	0.000549	1.469676	0.000807
锌芯锌褉芯斜芯胁邪褌褜	0.000274	0.798508	0.000219
锌芯锌褍谢褟褉薪芯褋褌褜褞	0.000274	2.525729	0.000693
锌芯褉	0.000274	1.469676	0.000403
锌芯褉邪	0.000274	0.116534	0.000032
锌芯褉褌褍谐邪谢褜褋泻邪褟	0.000274	0.116534	0.000032
锌芯褋械褖邪械褌械	0.000274	0.061875	0.000017
锌芯褋泻芯谢褜泻褍	0.000274	2.040221	0.000560
锌芯褋褌	0.001372	0.105361	0.000145
锌芯褋褌薪芯械	0.000274	0.116534	0.000032
锌芯褋褌薪褘械	0.000274	0.040822	0.000011
锌芯褋褌薪褘泄	0.000274	0.116534	0.000032
锌芯褋褌芯褟薪薪芯	0.000274	0.040822	0.000011
锌芯褋褌褉芯械薪薪芯屑	0.000274	3.218876	0.000883
锌芯褋褌褉芯懈屑	0.000274	0.116534	0.000032
锌芯褋褍写邪	0.000549	0.094311	0.000052
锌芯褋褍写褘	0.000274	2.525729	0.000693
锌芯褋褔邪褋褌谢懈胁懈谢芯褋褜	0.000274	3.218876	0.000883
锌芯褌褉褟褋邪褞褖械	0.000549	1.560648	0.000857
锌芯褏褉褍褋褌褘胁邪械褌	0.000274	3.218876	0.000883
锌芯褔褌褍	0.000274	0.040822	0.000011
锌芯褕邪谐芯胁褘械	0.000274	0.301105	0.000083
锌芯褕邪谐芯胁褘屑懈	0.000274	0.040822	0.000011
锌芯褝褎褎械泻褌薪械械	0.000274	2.525729	0.000693
锌褉邪胁懈谢褜薪芯	0.000549	2.040221	0.001120
锌褉邪蟹写薪械褋褌胁邪	0.000274	2.407946	0.000661
锌褉邪蟹写薪懈泻邪	0.000274	0.116534	0.000032
锌褉邪蟹写薪懈泻懈	0.000549	1.771957	0.000973
锌褉邪蟹写薪懈褔薪芯	0.000274	0.116534	0.000032
锌褉邪蟹写薪懈褔薪芯谐芯	0.000274	0.116534	0.000032
锌褉邪蟹写薪懈褔薪芯屑	0.000274	1.771957	0.000486
锌褉邪蟹写薪懈褔薪褘泄	0.000274	0.116534	0.000032
锌褉邪蟹写薪芯胁邪谢懈	0.000274	3.218876	0.000883
锌褉邪泻褌懈泻褍屑	0.000274	0.116534	0.000032
锌褉邪泻褌懈褔械褋泻懈	0.000549	1.386294	0.000761
锌褉械胁蟹芯褕械谢	0.000274	2.207275	0.000606
锌褉械胁芯褋褏芯写薪褘械	0.000274	0.116534	0.000032
锌褉械胁褉邪褖械薪懈褟	0.000274	0.116534	0.000032
锌褉械写谢邪谐邪褞	0.000274	0.693147	0.000190
锌褉械写谢芯卸懈褌褜	0.000274	1.237874	0.000340
锌褉械写褋褌邪胁谢褟谢	0.000274	2.995732	0.000822
锌褉械褋薪芯械	0.000274	0.116534	0.000032
锌褉懈谐谢邪褕械薪褘	0.000274	3.218876	0.000883
锌褉懈谐谢邪褕褢薪薪褘褏	0.000274	3.218876	0.000883
锌褉懈谐芯褌芯胁懈谢邪	0.000274	1.386294	0.000380
锌褉懈谐芯褌芯胁懈屑	0.000274	0.116534	0.000032
锌褉懈谐芯褌芯胁懈褌褜	0.000549	0.342490	0.000188
锌褉懈谐芯褌芯胁谢械薪懈械	0.000274	0.105361	0.000029
锌褉懈谐芯褌芯胁谢械薪懈懈	0.000274	0.798508	0.000219
锌褉懈谐芯褌芯胁谢械薪懈褞	0.000274	0.040822	0.000011
锌褉懈谐芯褌芯胁谢械薪懈褟	0.000823	0.371064	0.000305
锌褉懈谐芯褌芯胁谢械薪薪芯械	0.000274	2.302585	0.000632
锌褉懈谐芯褌芯胁谢械薪薪褍褞	0.000274	2.813411	0.000772
锌褉懈谐芯褌芯胁谢械薪薪褘泄	0.000274	2.525729	0.000693
锌褉懈写邪械褌	0.000274	2.302585	0.000632
锌褉懈写褍屑邪薪芯	0.000274	3.218876	0.000883
锌褉懈蟹薪邪薪懈械	0.000274	0.116534	0.000032
锌褉懈蟹芯胁	0.000274	0.040822	0.000011
锌褉懈薪褟褌芯	0.000274	2.659260	0.000730
锌褉懈锌褉邪胁邪	0.001372	0.040822	0.000056
锌褉懈褉芯写褍	0.000274	0.116534	0.000032
锌褉懈褉芯写褘	0.000274	0.116534	0.000032
锌褉懈褋褌褍锌懈褌褜	0.000274	0.040822	0.000011
锌褉芯胁械写懈	0.001098	0.116534	0.000128
锌褉芯胁械褉械薪芯	0.001647	0.116534	0.000192
锌褉芯胁芯写懈屑褘褏	0.000274	0.040822	0.000011
锌褉芯胁芯卸邪械屑	0.000274	0.116534	0.000032
锌褉芯写邪械褌褋褟	0.000274	2.813411	0.000772
锌褉芯写褍泻褌芯胁	0.000274	0.094311	0.000026
锌褉芯写褍泻褌褘	0.000274	1.386294	0.000380
锌褉芯械泻褌芯胁	0.000274	0.116534	0.000032
锌褉芯械泻褌褘	0.000274	0.061875	0.000017
锌褉芯褋屑芯褌褉邪屑	0.000274	0.274437	0.000075
锌褉芯褋屑芯褌褉械谢邪	0.000274	1.832581	0.000503
锌褉芯褋褌芯	0.001647	0.083382	0.000137
锌褉芯褋褌芯械	0.000274	1.514128	0.000416
锌褉芯褋褌芯泻胁邪褕邪	0.000274	0.040822	0.000011
锌褉芯褋褌褘褏	0.000274	2.207275	0.000606
锌褉芯褎懈谢褜	0.000274	0.040822	0.000011
锌褉芯褔懈褌邪谢邪	0.000274	1.832581	0.000503
锌褉芯褕褍	0.000274	1.139434	0.000313
锌褉褟屑芯	0.000274	0.040822	0.000011
锌褉褟薪懈泻	0.000274	0.040822	0.000011
锌褉褟薪懈泻懈	0.000274	0.116534	0.000032
锌褉褟薪懈褔薪芯械	0.000274	0.116534	0.000032
锌褌懈褑邪	0.001647	0.116534	0.000192
锌褌懈褑械	0.000549	0.116534	0.000064
锌褌懈褑械泄	0.000274	0.127833	0.000035
锌褌懈褑褘	0.003842	0.116534	0.000448
锌褌懈褔褜械	0.000549	1.832581	0.001006
锌褍写懈薪谐	0.000274	0.040822	0.000011
锌褍写懈薪谐懈	0.000549	0.116534	0.000064
锌褍薪褕	0.000274	0.040822	0.000011
锌褍褌械褕械褋褌胁懈械	0.000549	0.116534	0.000064
锌褍褌褜	0.000274	0.116534	0.000032
锌褕械薪懈褔薪邪褟	0.002195	0.287682	0.000632
锌褘褕泻懈	0.000274	0.040822	0.000011
锌褞褉械	0.001098	0.040822	0.000045
锌褟褌褜	0.000274	1.832581	0.000503
褉邪斜芯褌邪谢邪	0.000274	2.302585	0.000632
褉邪谐褍	0.000274	0.116534	0.000032
褉邪蟹	0.000549	0.446287	0.000245
褉邪蟹胁械褉薪褍褌褜	0.000274	0.116534	0.000032
褉邪蟹写械谢褜薪芯械	0.000274	0.116534	0.000032
褉邪蟹屑械褖械薪	0.000274	2.659260	0.000730
褉邪蟹薪褘械	0.000274	0.116534	0.000032
褉邪蟹芯屑	0.000274	2.407946	0.000661
褉邪蟹褍蟹薪邪褌褜	0.000274	2.525729	0.000693
褉邪屑泻邪褏	0.000274	1.832581	0.000503
褉邪薪褜褕械	0.000274	1.560648	0.000428
褉邪褋泻褉邪褋泻懈	0.000274	2.120264	0.000582
褉邪褋泻褉褘谢懈	0.000274	3.218876	0.000883
褉邪褋褋芯谢褜薪懈泻	0.000549	0.040822	0.000022
褉邪褋褋芯谢褜薪懈泻邪	0.000274	0.116534	0.000032
褉邪褋褋褘谢泻懈	0.000274	0.061875	0.000017
褉邪褋褌懈褌械谢褜薪芯械	0.002744	0.235722	0.000647
褉械谐懈褋褌褉邪褑懈懈	0.000549	0.010050	0.000006
褉械谐懈褋褌褉邪褑懈褟	0.000274	0.000000	0.000000
褉械蟹褍谢褜褌邪褌	0.000274	0.967584	0.000266
褉械泄褌懈薪谐褍	0.000274	0.248461	0.000068
褉械泻芯屑械薪写褍褞	0.000274	1.049822	0.000288
褉械锌褔邪褌褘泄	0.002744	0.430783	0.001182
褉械褋褌芯褉邪薪邪	0.000274	1.832581	0.000503
褉械褋褌芯褉邪薪薪褘泄	0.000274	3.218876	0.000883
褉械褑械锌褌	0.004940	0.040822	0.000202
褉械褑械锌褌邪	0.000274	0.462035	0.000127
褉械褑械锌褌邪褏	0.000274	0.061875	0.000017
褉械褑械锌褌懈泻	0.000274	1.660731	0.000456
褉械褑械锌褌芯胁	0.001921	0.040822	0.000078
褉械褑械锌褌褘	0.020033	0.040822	0.000818
褉懈褋	0.003293	0.040822	0.000134
褉懈褋邪	0.000274	0.116534	0.000032
褉懈褋芯屑	0.000274	1.660731	0.000456
褉懈褌屑械	0.000274	0.116534	0.000032
褉芯谐邪谢懈泻懈	0.000274	0.040822	0.000011
褉芯写薪芯械	0.000274	0.116534	0.000032
褉芯卸写械薪懈褟	0.000274	0.105361	0.000029
褉芯卸写械褋褌胁芯	0.000274	0.116534	0.000032
褉芯谢谢褌芯薪	0.000274	0.116534	0.000032
褉芯谢谢褘	0.000549	0.040822	0.000022
褉芯屑	0.000274	0.040822	0.000011
褉褍斜褉懈泻邪褌芯褉	0.000274	0.051293	0.000014
褉褍泻邪胁械	0.000274	2.813411	0.000772
褉褍泻芯泄	0.000274	2.525729	0.000693
褉褍谢械褌	0.000274	0.040822	0.000011
褉褍谢械褌褘	0.003293	0.116534	0.000384
褉褍屑褘薪褋泻邪褟	0.000274	0.116534	0.000032
褉褍屑褟薪褘械	0.000274	0.116534	0.000032
褉褍薪械褌械	0.000274	0.020203	0.000006
褉褍褋褋泻邪褟	0.000274	0.116534	0.000032
褉褘斜邪	0.002470	0.040822	0.000101
褉褘斜械	0.000549	0.116534	0.000064
褉褘斜薪邪褟	0.000274	0.116534	0.000032
褉褘斜薪芯谐芯	0.000549	0.116534	0.000064
褉褘斜薪褘械	0.001098	0.116534	0.000128
褉褘斜薪褘泄	0.000549	0.116534	0.000064
褉褘斜薪褘褏	0.000274	0.116534	0.000032
褉褘斜芯泄	0.000549	0.116534	0.000064
褉褘斜褘	0.003293	0.116534	0.000384
褉褟写芯屑	0.000274	2.995732	0.000822
褉褟卸械薪泻邪	0.000274	0.116534	0.000032
褋邪泄褌	0.000823	0.000000	0.000000
褋邪泄褌械	0.000549	0.462035	0.000254
褋邪泄褌褍	0.000549	0.061875	0.000034
褋邪谢邪褌	0.001647	0.094311	0.000155
褋邪谢邪褌邪	0.000549	1.078810	0.000592
褋邪谢邪褌薪邪褟	0.000274	0.116534	0.000032
褋邪谢邪褌褘	0.010154	0.040822	0.000414
褋邪屑芯谐芯薪	0.000274	0.040822	0.000011
褋邪屑芯谢械褌邪	0.000274	2.525729	0.000693
褋邪屑褘屑	0.000549	1.386294	0.000761
褋邪屑褘褏	0.000823	0.116534	0.000096
褋邪褎	0.000823	0.116534	0.000096
褋邪褎褋械屑	0.000274	0.116534	0.000032
褋邪褏邪褉	0.001098	0.116534	0.000128
褋斜懈褌械薪褜	0.000274	0.040822	0.000011
褋胁邪写械斜薪褘泄	0.000274	2.813411	0.000772
褋胁邪写褜斜械	0.000274	3.218876	0.000883
褋胁械卸械褋褌褜	0.000274	0.105361	0.000029
褋胁械泻谢邪	0.000274	0.040822	0.000011
褋胁械泻芯谢褜薪懈泻	0.000549	0.040822	0.000022
褋胁械褌邪	0.001098	0.116534	0.000128
褋胁械褌谢邪薪芯褔泻械	0.000274	3.218876	0.000883
褋胁懈薪懈薪邪	0.002195	0.040822	0.000090
褋胁懈薪懈薪褘	0.002470	0.116534	0.000288
褋胁芯械	0.000274	0.116534	0.000032
褋胁芯械屑	0.000274	0.040822	0.000011
褋胁芯懈屑	0.000274	0.040822	0.000011
褋胁芯褞	0.000274	0.040822	0.000011
褋谐褍褖械薪泻邪	0.000274	0.040822	0.000011
褋写械谢邪械褌	0.000274	2.995732	0.000822
褋写械谢邪谢懈	0.000274	2.813411	0.000772
褋械谐芯写薪褟	0.000274	0.843970	0.000232
褋械蟹芯薪	0.000274	0.116534	0.000032
褋械泄褔邪褋	0.000549	0.030459	0.000017
褋械泻褉械褌	0.000274	1.609438	0.000442
褋械泻褉械褌邪屑懈	0.000549	2.120264	0.001164
褋械泻褉械褌褘	0.000549	0.116534	0.000064
褋械谢械写泻邪	0.000274	0.040822	0.000011
褋械屑谐邪	0.000274	0.040822	0.000011
褋械屑械泄薪芯屑	0.000274	2.407946	0.000661
褋械屑械泄薪褘泄	0.000274	0.116534	0.000032
褋械屑褜械泄	0.000274	1.897120	0.000521
褋械屑褜懈	0.000274	0.116534	0.000032
褋械薪褌褟斜褉褟	0.000274	0.673345	0.000185
褋械褌懈	0.000274	2.995732	0.000822
褋懈写褉	0.000274	0.040822	0.000011
褋懈写褟褖邪褟	0.000274	3.218876	0.000883
褋懈褉懈泄褋泻邪褟	0.000274	0.116534	0.000032
褋懈褉芯锌	0.000274	0.040822	0.000011
褋懈褉芯锌褘	0.000274	0.116534	0.000032
褋懈褋褌械屑褘	0.000274	0.040822	0.000011
褋懈褌懈	0.000274	0.127833	0.000035
褋泻邪卸械褌	0.000274	2.813411	0.000772
褋泻邪卸褍	0.000274	1.714798	0.000471
褋泻邪蟹邪谢	0.000274	1.771957	0.000486
褋泻邪蟹邪褌褜	0.000274	0.653926	0.000179
褋泻邪蟹芯泻	0.000274	0.116534	0.000032
褋泻邪屑械泄泻邪屑懈	0.000274	3.218876	0.000883
褋泻芯胁芯褉芯写泻械	0.000274	2.207275	0.000606
褋泻芯褉芯	0.000274	2.813411	0.000772
褋谢邪写泻邪褟	0.000549	0.116534	0.000064
褋谢邪写泻懈械	0.001647	0.040822	0.000067
褋谢邪写泻懈泄	0.002470	0.105361	0.000260
褋谢邪写泻懈褏	0.000549	0.116534	0.000064
褋谢邪写泻芯	0.000274	0.116534	0.000032
褋谢懈胁芯褔薪芯械	0.002744	0.116534	0.000320
褋谢懈胁芯褔薪褘泄	0.000274	1.469676	0.000403
褋谢芯械薪芯谐芯	0.000274	0.127833	0.000035
褋谢芯械薪芯械	0.000274	0.116534	0.000032
褋谢芯械薪褘泄	0.000274	0.116534	0.000032
褋谢芯卸薪芯	0.000274	2.525729	0.000693
褋谢芯泄泻邪	0.000274	0.040822	0.000011
褋谢芯泄泻懈	0.000274	0.116534	0.000032
褋谢褍褔邪械	0.000274	1.897120	0.000521
褋屑械褌邪薪邪	0.000823	0.105361	0.000087
褋屑械褕邪薪薪芯谐芯	0.000549	0.116534	0.000064
褋屑芯谐褍	0.000274	2.659260	0.000730
褋屑芯卸械褌械	0.000274	0.040822	0.000011
褋屑褍蟹懈	0.000823	0.040822	0.000034
褋屑褘褋谢械	0.000274	2.813411	0.000772
褋薪邪褉褍卸懈	0.000274	2.525729	0.000693
褋薪褝泻	0.000274	0.116534	0.000032
褋芯斜懈褉邪械褌械褋褜	0.000274	0.040822	0.000011
褋芯斜谢褞写邪械褌	0.000274	2.995732	0.000822
褋芯斜褋褌胁械薪薪芯	0.000274	2.120264	0.000582
褋芯斜褘褌懈械	0.000274	2.995732	0.000822
褋芯胁械褉褕械薪褋褌胁芯	0.001372	0.116534	0.000160
褋芯胁械褌邪屑懈	0.000274	0.040822	0.000011
褋芯胁褋械屑	0.000274	1.139434	0.000313
褋芯谐谢邪褕邪械褌械褋褜	0.000274	0.040822	0.000011
褋芯械胁褘泄	0.001647	0.798508	0.001315
褋芯蟹写邪械褌	0.000274	0.116534	0.000032
褋芯蟹写邪薪懈褟	0.000549	0.261365	0.000143
褋芯泻	0.001372	0.116534	0.000160
褋芯泻邪	0.000274	0.105361	0.000029
褋芯泻懈	0.000274	0.040822	0.000011
褋芯谢械薪褘械	0.000823	0.116534	0.000096
褋芯谢械薪褜褟	0.000549	0.116534	0.000064
褋芯谢薪械褔薪芯泄	0.000274	0.127833	0.000035
褋芯谢褜	0.007135	0.150823	0.001076
褋芯谢褟薪泻邪	0.001372	0.040822	0.000056
褋芯谢褟薪泻懈	0.000549	2.995732	0.001644
褋芯谢褟薪泻褍	0.000274	2.995732	0.000822
褋芯褉褌懈褉芯胁邪褌褜	0.000274	0.248461	0.000068
褋芯褋褌邪胁懈谢芯	0.000274	2.525729	0.000693
褋芯褋褌邪胁褍	0.000274	3.218876	0.000883
褋芯褋褌邪胁褜	0.000274	0.116534	0.000032
褋芯褍褋	0.003842	0.040822	0.000157
褋芯褍褋芯屑	0.001372	0.116534	0.000160
褋芯褍褋褘	0.001098	0.116534	0.000128
褋芯褏褉邪薪褟褌褜	0.000274	0.040822	0.000011
褋芯褑褋械褌懈	0.000274	0.040822	0.000011
褋芯褔械褌邪薪懈械	0.000274	0.116534	0.000032
褋芯褔薪芯械	0.000549	0.116534	0.000064
褋芯褔薪褘屑	0.000274	2.302585	0.000632
褋锌邪谢褜薪褟屑懈	0.000274	0.446287	0.000122
褋锌邪褋懈斜芯	0.000274	0.673345	0.000185
褋锌械褑懈邪谢褜薪芯	0.000274	2.813411	0.000772
褋锌械褑懈邪谢褜薪芯械	0.000274	0.116534	0.000032
褋锌械褑懈懈	0.001372	0.105361	0.000145
褋锌械褑锌褉芯械泻褌	0.009056	0.116534	0.001055
褋锌懈褋芯泻	0.000274	0.116534	0.000032
褋锌芯褞	0.000274	0.116534	0.000032
褋褉邪蟹褍	0.000274	0.733969	0.000201
褋褉械写懈蟹械屑薪芯屑芯褉褋泻邪褟	0.000274	0.127833	0.000035
褋褌邪褉褘械	0.000274	0.261365	0.000072
褋褌邪褌褜	0.000274	1.966113	0.000540
褋褌邪褌褜褟褏	0.000274	0.061875	0.000017
褋褌械锌懈	0.000274	2.302585	0.000632
褋褌械锌薪芯屑褍	0.000274	2.407946	0.000661
褋褌懈谢械	0.000274	0.116534	0.000032
褋褌懈谢褟	0.000274	0.116534	0.000032
褋褌芯谢	0.000823	0.105361	0.000087
褋褌芯谢邪	0.001647	0.116534	0.000192
褋褌芯谢邪屑懈	0.000274	3.218876	0.000883
褋褌芯谢邪褏	0.000274	2.813411	0.000772
褋褌芯谢械	0.000274	1.469676	0.000403
褋褌芯褟谢懈	0.000274	2.659260	0.000730
褋褌褉芯懈褌械谢褜褋褌胁械	0.000274	0.040822	0.000011
褋褌褉芯懈褌械谢褜褋褌胁褍	0.000274	0.040822	0.000011
褋褌褉芯懈褌褜	0.000274	0.040822	0.000011
褋褌褉芯泄薪芯泄	0.000274	0.116534	0.000032
褋褍斜锌褉芯写褍泻褌芯胁	0.001921	0.116534	0.000224
褋褍斜锌褉芯写褍泻褌褘	0.000823	0.116534	0.000096
褋褍锌	0.002470	0.040822	0.000101
褋褍锌邪	0.000274	0.040822	0.000011
褋褍锌褘	0.003019	0.040822	0.000123
褋褍褎谢械	0.000823	0.040822	0.000034
褋褍褏邪褉懈	0.001372	0.040822	0.000056
褋褍褏芯械	0.000549	1.660731	0.000911
褋褍褕懈	0.000549	0.040822	0.000022
褋褘薪	0.000274	2.407946	0.000661
褋褘褉	0.004116	0.040822	0.000168
褋褘褉邪	0.001372	0.116534	0.000160
褋褘褉邪屑懈	0.000274	0.127833	0.000035
褋褘褉薪懈泻	0.000274	0.040822	0.000011
褋褘褉薪懈泻懈	0.000549	0.116534	0.000064
褋褘褉薪褘械	0.001098	0.040822	0.000045
褋褘褌薪褘泄	0.000549	0.105361	0.000058
褋褘褔褍卸薪褘屑懈	0.000274	0.127833	0.000035
褋褝薪写胁懈褔懈	0.000274	0.127833	0.000035
褋褞褉锌褉懈蟹	0.000274	0.116534	0.000032
褌邪写卸懈泻褋泻邪褟	0.000274	0.116534	0.000032
褌邪泄薪邪屑懈	0.000274	3.218876	0.000883
褌邪泄薪褘	0.000549	2.995732	0.001644
褌邪泄褋泻邪褟	0.000274	0.116534	0.000032
褌邪泻懈屑	0.000274	1.021651	0.000280
褌邪泻懈褏	0.000274	1.660731	0.000456
褌邪泻芯屑	0.000274	1.897120	0.000521
褌邪褉械谢泻械	0.000274	1.897120	0.000521
褌邪褉褌	0.000274	0.116534	0.000032
褌邪褉褌邪谢械褌泻懈	0.000549	0.040822	0.000022
褌邪褌邪褉褋泻邪褟	0.000274	0.116534	0.000032
褌胁械褉写褘泄	0.002744	0.562119	0.001543
褌胁芯懈	0.000549	0.116534	0.000064
褌胁芯褉懈	0.000274	0.116534	0.000032
褌胁芯褉芯谐	0.000549	0.040822	0.000022
褌胁芯褉芯谐芯屑	0.000274	0.105361	0.000029
褌胁芯褉芯卸薪芯械	0.000274	0.116534	0.000032
褌胁芯褉芯卸薪褘械	0.000549	0.116534	0.000064
褌胁芯褉芯卸薪褘泄	0.000823	0.116534	0.000096
褌械谢械谐褉邪屑	0.000274	0.040822	0.000011
褌械谢褟褌懈薪褘	0.001098	0.116534	0.000128
褌械锌谢芯屑	0.000274	0.116534	0.000032
褌械褉褉邪褋芯泄	0.000274	0.798508	0.000219
褌械褉褉懈薪	0.001098	0.040822	0.000045
褌械褉褉懈薪芯胁	0.000274	3.506558	0.000962
褌械褋褌	0.001372	0.127833	0.000175
褌械褋褌邪	0.001372	0.105361	0.000145
褌械褋褌芯	0.002470	0.040822	0.000101
褌械褏	0.000823	0.634878	0.000523
褌械褏薪懈泻邪	0.001372	0.105361	0.000145
褌械褖懈薪	0.000274	0.040822	0.000011
褌屑	0.001098	0.127833	0.000140
褌芯谐芯	0.000274	1.427116	0.000392
褌芯屑邪褌薪邪褟	0.000549	1.560648	0.000857
褌芯屑邪褌薪褘泄	0.000549	1.897120	0.001041
褌芯屑褍	0.000274	2.659260	0.000730
褌芯薪泻芯褋褌懈	0.000274	2.995732	0.000822
褌芯锌谢械薪芯械	0.000274	0.116534	0.000032
褌芯褉褌	0.003019	0.040822	0.000123
褌芯褉褌褘	0.002470	0.116534	0.000288
褌褉邪胁褘	0.000274	0.105361	0.000029
褌褉邪写懈褑懈懈	0.000274	0.116534	0.000032
褌褉邪写懈褑懈泄	0.001098	0.116534	0.000128
褌褉邪写懈褑懈褟褏	0.000274	0.116534	0.000032
褌褉械褏谢械褌懈械屑	0.000274	0.116534	0.000032
褌褉懈	0.000274	1.386294	0.000380
褌褉褍斜芯褔泻懈	0.000274	0.040822	0.000011
褌褉褍写邪	0.000274	2.407946	0.000661
褌褍薪懈褋褋泻邪褟	0.000274	0.116534	0.000032
褌褍薪褑芯屑	0.000274	0.116534	0.000032
褌褍褉械褑泻邪褟	0.000274	0.116534	0.000032
褌褘泻胁邪	0.000274	0.040822	0.000011
褍胁械写芯屑谢械薪懈褟	0.000274	0.040822	0.000011
褍胁械褉械薪邪	0.000274	1.272966	0.000349
褍谐芯褖邪泄褌械褋褜	0.000549	1.021651	0.000561
褍写邪褔薪邪褟	0.000274	0.116534	0.000032
褍写懈胁懈	0.000274	0.116534	0.000032
褍写懈胁谢褟泄褌械	0.001098	0.116534	0.000128
褍写芯胁芯谢褜褋褌胁懈械屑	0.000274	0.116534	0.000032
褍写芯胁芯谢褜褋褌胁懈褟	0.000274	2.302585	0.000632
褍卸懈薪	0.001647	0.094311	0.000155
褍蟹斜械泻褋泻邪褟	0.000274	0.116534	0.000032
褍泻褉邪懈薪褋泻邪褟	0.000274	0.116534	0.000032
褍泻褉邪褋懈褌	0.000274	1.560648	0.000428
褍泻褉邪褕械薪懈褟	0.002195	0.116534	0.000256
褍泻褉芯锌	0.000549	0.562119	0.000309
褍泻褋褍褋	0.000549	0.634878	0.000348
褍锌芯褌褉械斜谢械薪懈械屑	0.000274	0.116534	0.000032
褍褉邪谢褜褋泻邪褟	0.000274	0.116534	0.000032
褍褉芯卸邪泄	0.000274	0.105361	0.000029
褍褌泻懈	0.000823	0.116534	0.000096
褍褏邪	0.000274	0.040822	0.000011
褍褔邪褋褌胁芯胁邪褌褜	0.000274	0.040822	0.000011
褍褕泻芯	0.000274	3.218876	0.000883
褍褞褌薪芯屑	0.000274	2.525729	0.000693
褎邪蟹械薪写褘	0.000274	0.127833	0.000035
褎邪薪褌邪蟹懈懈	0.001647	0.116534	0.000192
褎邪薪褌邪蟹懈泄	0.000274	0.116534	0.000032
褎邪薪褌邪蟹懈褟	0.000274	0.116534	0.000032
褎邪褉褕	0.001647	1.021651	0.001682
褎邪褉褕邪	0.005763	0.040822	0.000235
褎邪褉褕懈褉芯胁邪薪薪邪褟	0.000549	0.116534	0.000064
褎邪褉褕懈褉芯胁邪薪薪芯械	0.000274	0.116534	0.000032
褎邪褉褕懈褉芯胁邪薪薪褘械	0.000549	0.040822	0.000022
褎邪褉褕懈褉芯胁邪薪薪褘泄	0.000274	0.040822	0.000011
褎邪褋芯谢褜	0.000274	0.040822	0.000011
褎邪褋褌	0.000274	3.218876	0.000883
褎械胁褉邪谢褟	0.000549	0.105361	0.000058
褎械泄械褉胁械褉泻	0.000549	0.116534	0.000064
褎懈谐褍褉械	0.000274	0.116534	0.000032
褎懈谢械	0.001921	0.916291	0.001760
褎懈薪褋泻邪褟	0.000274	0.116534	0.000032
褎懈褉屑械薪薪芯械	0.000274	0.116534	0.000032
褎懈褉屑械薪薪褘泄	0.000274	2.525729	0.000693
褎芯薪写褞	0.000274	0.040822	0.000011
褎芯褉屑褘	0.000274	0.116534	0.000032
褎芯褉褍屑械	0.000549	0.040822	0.000022
褎芯褉褕屑邪泻	0.000274	0.040822	0.000011
褎褉邪薪褑懈懈	0.000274	0.116534	0.000032
褎褉邪薪褑褍蟹褋泻邪褟	0.000274	0.116534	0.000032
褎褉邪薪褑褍蟹褋泻懈屑	0.000274	2.995732	0.000822
褎褉邪薪褑褍蟹褋泻芯泄	0.000274	2.525729	0.000693
褎褉邪褍	0.001098	0.116534	0.000128
褎褉懈	0.000274	2.995732	0.000822
褎褉褍泻褌芯胁	0.001098	0.116534	0.000128
褎褉褍泻褌芯胁芯	0.000274	0.116534	0.000032
褎褉褍泻褌芯胁褘械	0.001921	0.040822	0.000078
褎褍写	0.000274	0.116534	0.000032
褎褍写邪	0.000274	3.218876	0.000883
褎褍褉褕械褌	0.000274	0.116534	0.000032
褏邪谢胁邪	0.000274	0.040822	0.000011
褏邪褉胁械褋褌褎械褋褌	0.000549	0.116534	0.000064
褏邪褉褔芯	0.000549	0.040822	0.000022
褏邪褕	0.000274	0.040822	0.000011
褏胁芯褉芯褋褌	0.000274	0.040822	0.000011
褏懈薪泻邪谢懈	0.000274	0.116534	0.000032
褏懈褌	0.001921	0.116534	0.000224
褏谢械斜	0.001921	0.040822	0.000078
褏谢械斜芯锌械褔泻懈	0.000274	0.116534	0.000032
褏谢芯锌褜褟	0.000549	0.105361	0.000058
褏芯蟹褟泄泻邪	0.000274	1.897120	0.000521
褏芯蟹褟泄泻懈	0.000549	0.127833	0.000070
褏芯谢芯写械褑	0.000274	0.040822	0.000011
褏芯谢芯写薪褘械	0.000549	0.116534	0.000064
褏芯谢芯写薪褘泄	0.000549	0.116534	0.000064
褏芯褉胁邪褌褋泻邪褟	0.000274	0.116534	0.000032
褏芯褉芯褕懈泄	0.000274	1.966113	0.000540
褏芯褉芯褕芯	0.001372	0.105361	0.000145
褏芯褉褋	0.000274	0.116534	0.000032
褏芯褌懈褌械	0.000549	0.040822	0.000022
褏芯褔褍	0.000823	0.562119	0.000463
褏褉褍褋褌褟褖邪褟	0.000274	2.302585	0.000632
褏褍写械械褌	0.000274	3.506558	0.000962
褏褍屑褍褋	0.000274	0.040822	0.000011
褑邪褉褋褌胁芯	0.000274	0.127833	0.000035
褑邪褉褜	0.000274	0.116534	0.000032
褑胁械褌薪邪褟	0.000274	0.040822	0.000011
褑械谢械泄	0.000274	2.995732	0.000822
褑械薪薪褘褏	0.000274	0.040822	0.000011
褑械薪褌褉	0.000274	0.116534	0.000032
褑械褏械	0.000274	2.525729	0.000693
褔邪械屑	0.000274	0.116534	0.000032
褔邪泄	0.000823	0.040822	0.000034
褔械斜褍褉械泻懈	0.000549	0.040822	0.000022
褔械谐芯	0.000549	1.203973	0.000661
褔械谢芯胁械泻	0.000274	1.966113	0.000540
褔械屑	0.000274	0.994252	0.000273
褔械褉泻懈蟹芯胁芯	0.000549	0.116534	0.000064
褔械褉薪褘泄	0.009056	0.371064	0.003360
褔械褋薪芯泻	0.002195	0.314711	0.000691
褔械褋褌薪芯	0.000274	1.203973	0.000330
褔械褋褌薪褘屑懈	0.000274	0.040822	0.000011
褔械褋褌褜	0.000274	2.659260	0.000730
褔械褔械胁懈褑邪	0.000274	0.040822	0.000011
褔械褕褋泻邪褟	0.000274	0.116534	0.000032
褔懈蟹泻械泄泻	0.001098	0.040822	0.000045
褔懈谢懈	0.000549	1.237874	0.000679
褔懈谢懈泄褋泻邪褟	0.000274	0.116534	0.000032
褔懈锌褋褘	0.000274	0.040822	0.000011
褔懈褋谢械	0.000274	2.207275	0.000606
褔懈褋谢褍	0.000274	0.261365	0.000072
褔褍胁褋褌胁芯	0.000274	3.218876	0.000883
褔褍写械褋	0.000274	0.116534	0.000032
褔褍写械褋薪褘泄	0.000274	2.659260	0.000730
褔褍写芯	0.000274	1.309333	0.000359
褔褍褌褜	0.000274	1.771957	0.000486
褕邪谢邪褕械	0.000274	3.218876	0.000883
褕邪褉懈泻懈	0.000274	0.040822	0.000011
褕邪褉谢芯褌泻邪	0.000274	0.040822	0.000011
褕邪褉谢芯褌泻懈	0.000274	0.127833	0.000035
褕邪褉屑	0.000274	0.116534	0.000032
褕邪褕谢褘泻	0.003293	0.040822	0.000134
褕邪褕谢褘泻懈	0.000274	0.040822	0.000011
褕胁械写褋泻邪褟	0.000274	0.116534	0.000032
褕胁械泄褑邪褉褋泻邪褟	0.000274	0.116534	0.000032
褕械写械胁褉褘	0.000274	0.116534	0.000032
褕械锌薪褍谢邪	0.000274	3.218876	0.000883
褕械褎	0.000549	0.127833	0.000070
褕懈锌褍褔泻邪	0.000274	0.040822	0.000011
褕懈褉芯泻邪褟	0.000274	0.127833	0.000035
褕泻芯谢褍	0.000274	0.116534	0.000032
褕芯泻芯谢邪写	0.000274	0.040822	0.000011
褕芯褌谢邪薪写褋泻邪褟	0.000274	0.116534	0.000032
褕褌褉褍写械谢褜	0.000274	0.040822	0.000011
褕褍褉锌邪	0.000274	0.040822	0.000011
褖邪褋	0.000274	0.116534	0.000032
褖械写褉邪褟	0.000274	0.116534	0.000032
褖懈	0.000549	0.040822	0.000022
褝泻芯屑懈谢泻	0.000274	0.127833	0.000035
褝褋褌芯薪褋泻邪褟	0.000274	0.116534	0.000032
褝褌懈屑懈	0.000549	2.813411	0.001544
褝褌懈褏	0.000274	1.714798	0.000471
褝褌芯谐芯	0.000274	0.415515	0.000114
褝褌褍	0.000274	1.272966	0.000349
褞谐芯褋谢邪胁褋泻邪褟	0.000274	0.116534	0.000032
褟谐芯写薪褘械	0.000549	0.116534	0.000064
褟谐芯写薪褘泄	0.000549	0.116534	0.000064
褟蟹褘泻	0.000274	0.040822	0.000011
褟懈褑	0.001098	0.116534	0.000128
褟泄褑邪	0.000274	0.040822	0.000011
褟泄褑芯	0.003842	0.261365	0.001004
褟谢芯褉懈褋	0.000274	1.771957	0.000486
褟薪写械泻褋	0.000274	0.072571	0.000020
褟锌芯薪褋泻邪褟	0.000274	0.116534	0.000032
褟锌芯薪褋泻芯泄	0.000274	0.061875	0.000017
褟褉泻懈械	0.000274	0.116534	0.000032
褟褉泻芯	0.000274	0.105361	0.000029
褟褉褍褋邪	0.000274	3.218876	0.000883
