褌芯泻械薪	TF	IDF	TF-IDF
邪斜褏邪蟹褋泻邪褟	0.000287	0.116534	0.000033
邪胁褋褌褉邪谢懈泄褋泻邪褟	0.000287	0.116534	0.000033
邪胁褋褌褉邪谢懈泄褋泻懈泄	0.000287	3.506558	0.001008
邪胁褋褌褉懈泄褋泻邪褟	0.000287	0.116534	0.000033
邪胁褌芯泻谢邪胁邪	0.000287	0.116534	0.000033
邪胁褌芯褉邪	0.000575	2.407946	0.001384
邪胁褌芯褉邪屑	0.000287	0.040822	0.000012
邪谐褉芯	0.000287	0.116534	0.000033
邪写卸懈泻邪	0.000287	0.040822	0.000012
邪蟹械褉斜邪泄写卸邪薪褋泻邪褟	0.000287	0.116534	0.000033
邪蟹懈邪褌褋泻邪褟	0.000287	0.127833	0.000037
邪蟹褘	0.000287	0.127833	0.000037
邪泄褉邪薪	0.000287	0.040822	0.000012
邪泻胁邪褌懈泻邪	0.000862	0.127833	0.000110
邪谢械泻褋械褟	0.000287	0.127833	0.000037
邪谢泻芯谐芯谢褜	0.000575	0.116534	0.000067
邪谢泻芯谐芯谢褜薪褘械	0.000287	0.116534	0.000033
邪谢泻芯谐芯谢褟	0.000287	0.116534	0.000033
邪谢褜褌褉褍褋	0.000287	4.605170	0.001324
邪谢褜褟薪褋	0.000287	0.116534	0.000033
邪屑械褉懈泻邪薪褋泻邪褟	0.000287	0.116534	0.000033
邪薪谐谢懈泄褋泻邪褟	0.000287	0.116534	0.000033
邪薪写褉械褟	0.000287	0.127833	0.000037
邪锌褉械谢褟	0.000287	0.579818	0.000167
邪褉邪斜褋泻邪褟	0.000287	0.116534	0.000033
邪褉谐械薪褌懈薪褋泻邪褟	0.000287	0.116534	0.000033
邪褉屑褟薪褋泻邪褟	0.000287	0.116534	0.000033
邪褉芯屑邪褌芯胁	0.000287	2.813411	0.000809
邪褉芯屑邪褌芯屑	0.000575	1.514128	0.000870
邪褋褋芯褉褌懈	0.000575	0.116534	0.000067
邪褌谢邪薪褌	0.000287	0.127833	0.000037
邪褍褌械薪褌懈褔薪芯	0.000287	3.506558	0.001008
邪褎谐邪薪褋泻邪褟	0.000287	0.116534	0.000033
邪褎褉懈泻邪薪褋泻邪褟	0.000287	0.116534	0.000033
邪褝褉芯谐褉懈谢械	0.002874	0.116534	0.000335
斜邪泻谢邪卸邪薪褘	0.000287	0.040822	0.000012
斜邪谢褌泻芯屑	0.000287	0.127833	0.000037
斜邪薪谐芯褉	0.000287	3.912023	0.001124
斜邪褉邪薪懈薪褘	0.001150	0.116534	0.000134
斜邪褋屑邪褌懈	0.000575	0.127833	0.000073
斜邪褋褌褍褉屑邪	0.000287	0.040822	0.000012
斜邪褌芯薪	0.001437	1.660731	0.002387
斜邪褌芯薪褔懈泻懈	0.000287	0.127833	0.000037
斜邪褕泻懈褉褋泻邪褟	0.000287	0.116534	0.000033
斜械蟹邪谢泻芯谐芯谢褜薪褘械	0.000287	0.116534	0.000033
斜械蟹谐谢褞褌械薪芯胁褘械	0.000287	0.116534	0.000033
斜械蟹械	0.001150	0.040822	0.000047
斜械蟹芯斜褉邪蟹懈褟	0.000287	2.525729	0.000726
斜械蟹褍屑薪芯	0.000287	1.560648	0.000449
斜械谢械斜械械胁褋泻懈泄	0.000575	0.116534	0.000067
斜械谢芯泻芯褔邪薪薪邪褟	0.000575	0.994252	0.000572
斜械谢芯褉褍褋褋泻邪褟	0.000287	0.116534	0.000033
斜械谢褜谐懈泄褋泻邪褟	0.000287	0.116534	0.000033
斜械褉械屑械薪薪褘褏	0.000287	0.116534	0.000033
斜械褉褢屑	0.000287	3.506558	0.001008
斜械褋械写懈薪邪	0.000287	0.127833	0.000037
斜械褋锌芯写芯斜薪褘泄	0.000287	2.407946	0.000692
斜懈邪	0.000287	2.995732	0.000861
斜懈褋泻胁懈褌	0.000287	0.040822	0.000012
斜懈褋泻胁懈褌薪芯械	0.000575	0.116534	0.000067
斜懈褋泻胁懈褌薪褘泄	0.000287	0.105361	0.000030
斜懈褋泻胁懈褌褘	0.000287	0.127833	0.000037
斜谢邪谐芯写邪褉薪邪	0.000287	1.660731	0.000477
斜谢懈卸械	0.000287	0.116534	0.000033
斜谢懈蟹泻懈褏	0.000287	0.116534	0.000033
斜谢懈薪芯胁	0.000575	0.116534	0.000067
斜谢懈薪褘	0.001150	0.040822	0.000047
斜谢芯薪写懈薪芯褔泻邪	0.000287	3.218876	0.000925
斜谢褞写	0.000575	0.094311	0.000054
斜谢褞写邪	0.032481	0.040822	0.001326
斜谢褞写芯	0.002587	0.040822	0.000106
斜谢褞写芯屑	0.000287	0.994252	0.000286
斜谢褞写褍	0.000287	0.116534	0.000033
斜芯斜芯胁褘械	0.000575	0.127833	0.000073
斜芯斜芯胁褘褏	0.002012	0.116534	0.000234
斜芯谢谐邪褉褋泻邪褟	0.000287	0.116534	0.000033
斜芯谢谐邪褉褋泻懈泄	0.001150	0.843970	0.000970
斜芯谢褜褕械	0.000862	0.105361	0.000091
斜芯谢褜褕懈薪褋褌胁芯	0.000287	2.407946	0.000692
斜芯谢褜褕芯械	0.000287	1.560648	0.000449
斜芯褉褖	0.000575	0.040822	0.000023
斜芯褌胁懈薪褜褟	0.000287	0.040822	0.000012
斜褉邪蟹懈谢褜褋泻邪褟	0.000287	0.116534	0.000033
斜褉邪褍蟹械褉械	0.000287	0.040822	0.000012
斜褉邪褍薪懈	0.000287	0.040822	0.000012
斜褉械褋褌	0.000287	0.127833	0.000037
斜褉芯泻泻芯谢懈	0.000287	0.040822	0.000012
斜褉褍泻	0.000287	4.605170	0.001324
斜褉褘蟹谐	0.000287	2.659260	0.000764
斜褍卸械薪懈薪邪	0.000575	0.040822	0.000023
斜褍谢芯褔泻邪屑懈	0.000287	0.116534	0.000033
斜褍谢芯褔泻懈	0.000575	0.040822	0.000023
斜褍谢褜芯薪	0.002587	0.040822	0.000106
斜褍谢褜芯薪褘	0.001437	0.116534	0.000167
斜褍褉谐械褉	0.000287	0.040822	0.000012
斜褍褉谐械褉褘	0.000287	0.127833	0.000037
斜褍褉褟褌褋泻邪褟	0.000287	0.116534	0.000033
斜褍褌械褉斜褉芯写	0.000575	0.116534	0.000067
斜褍褌械褉斜褉芯写褘	0.000862	0.040822	0.000035
斜褘褋褌褉芯	0.000575	0.094311	0.000054
斜褘褋褌褉芯泄	0.000287	0.116534	0.000033
斜褘褋褌褉褘泄	0.000575	0.105361	0.000061
胁邪卸薪褘械	0.000287	0.116534	0.000033
胁邪谢谢懈泄褋泻邪褟	0.000287	0.116534	0.000033
胁邪屑懈	0.000575	0.843970	0.000485
胁邪褉械薪懈泻懈	0.000287	0.116534	0.000033
胁邪褉械薪褜械	0.000575	0.040822	0.000023
胁邪褌褉褍褕泻懈	0.000287	0.040822	0.000012
胁邪褎谢懈	0.000575	0.040822	0.000023
胁邪褕械泄	0.000575	0.040822	0.000023
胁邪褕械屑褍	0.000287	1.560648	0.000449
胁邪褕懈屑	0.000287	2.040221	0.000586
胁胁芯写褟	0.000287	0.040822	0.000012
胁写芯褏薪芯胁械薪懈械	0.001150	0.116534	0.000134
胁写芯褏薪芯胁械薪懈械屑	0.000575	0.116534	0.000067
胁写芯褏薪芯胁谢褟泄褋褟	0.000287	0.116534	0.000033
胁械谐械褌邪褉懈邪薪褋泻懈械	0.000287	0.127833	0.000037
胁械谐械褌邪褉懈邪薪褋泻芯械	0.000287	0.116534	0.000033
胁械谢懈泻懈泄	0.000575	0.116534	0.000067
胁械薪谐械褉褋泻邪褟	0.000287	0.116534	0.000033
胁械褉懈褌械	0.000287	2.995732	0.000861
胁械褋械薪薪懈械	0.000287	0.051293	0.000015
胁械褋薪邪	0.001437	0.116534	0.000167
胁械褋薪褘	0.000287	0.116534	0.000033
胁械褌褔懈薪褘	0.000287	0.105361	0.000030
胁蟹谐谢褟写	0.000287	1.427116	0.000410
胁蟹褟褌	0.000287	2.207275	0.000634
胁懈写械芯	0.000575	0.116534	0.000067
胁懈写械芯褉械褑械锌褌褘	0.000287	0.301105	0.000087
胁懈薪芯	0.000575	0.040822	0.000023
胁泻谢褞褔邪褞褖懈褏	0.000287	0.634878	0.000182
胁泻褍褋	0.000862	0.105361	0.000091
胁泻褍褋邪	0.002300	0.116534	0.000268
胁泻褍褋薪邪褟	0.001437	0.061875	0.000089
胁泻褍褋薪械械	0.000575	0.116534	0.000067
胁泻褍褋薪械泄	0.000287	0.116534	0.000033
胁泻褍褋薪械泄褕懈械	0.000287	2.120264	0.000609
胁泻褍褋薪芯	0.001437	0.094311	0.000136
胁泻褍褋薪褍褞	0.000287	2.207275	0.000634
胁泻褍褋薪褘械	0.000575	0.105361	0.000061
胁泻褍褋薪褘泄	0.000287	0.385662	0.000111
胁泻褍褋薪褘屑	0.000287	1.049822	0.000302
胁泻褍褋薪褟褌懈薪邪	0.000287	3.218876	0.000925
胁泻褍褋芯屑	0.000575	0.105361	0.000061
胁泻褍褋褍	0.000287	1.272966	0.000366
胁谢褞斜懈谢懈褋褜	0.000287	2.120264	0.000609
胁谢褞斜谢械薪薪褘褏	0.000287	0.116534	0.000033
胁薪邪褔邪谢械	0.001150	0.248461	0.000286
胁薪懈屑邪薪懈褞	0.000287	1.609438	0.000463
胁薪褍褌褉懈	0.000287	1.469676	0.000422
胁芯	0.000575	0.061875	0.000036
胁芯写邪	0.001725	0.287682	0.000496
胁芯写械	0.000287	0.105361	0.000030
胁芯泄褌懈	0.000287	0.000000	0.000000
胁芯谢芯胁邪薪褘	0.000287	0.116534	0.000033
胁芯谢褕械斜薪褘械	0.000287	0.116534	0.000033
胁芯谢褕械斜褋褌胁芯	0.000287	0.116534	0.000033
胁芯锌褉芯褋	0.000287	1.771957	0.000509
胁芯锌褉芯褋褘	0.000287	0.000000	0.000000
胁芯褋褌芯褉谐械	0.000287	1.469676	0.000422
胁芯褋褌芯褔薪邪褟	0.000287	0.127833	0.000037
胁锌械褉胁褘械	0.000575	1.560648	0.000897
胁褉械屑械薪邪	0.000287	0.116534	0.000033
胁褉械屑械薪械屑	0.001725	0.116534	0.000201
胁褉械屑褟	0.000575	0.400478	0.000230
胁褋械谐写邪	0.000287	0.653926	0.000188
胁褋械谐芯	0.000287	0.186330	0.000054
胁褋械泄	0.001150	0.105361	0.000121
胁褋械屑褍	0.000287	0.061875	0.000018
胁褋锌芯屑薪懈褌褜	0.000287	0.040822	0.000012
胁褌芯褉芯械	0.000287	0.116534	0.000033
胁褌芯褉褘械	0.000287	0.127833	0.000037
胁褏芯写	0.000862	0.030459	0.000026
胁褘泄褌懈	0.000287	0.040822	0.000012
胁褘泻谢邪写褘胁邪褞	0.000287	2.407946	0.000692
胁褘锌械褔泻邪	0.003737	0.040822	0.000153
胁褘锌械褔泻懈	0.000575	0.072571	0.000042
胁褘锌械褔泻芯泄	0.000287	0.116534	0.000033
胁褘锌褉芯褋懈谢邪	0.000287	2.525729	0.000726
胁褜械褌薪邪屑褋泻邪褟	0.000287	0.116534	0.000033
谐邪胁邪泄褋泻邪褟	0.000287	0.116534	0.000033
谐邪褉薪懈褉	0.003449	0.040822	0.000141
谐邪褋锌邪褔芯	0.000287	0.040822	0.000012
谐械芯谐褉邪褎懈褟	0.000287	0.116534	0.000033
谐谢邪胁薪芯械	0.000287	1.139434	0.000328
谐谢邪胁薪褘泄	0.000287	0.040822	0.000012
谐谢邪蟹褍褉褜	0.000862	0.040822	0.000035
谐谢懈薪褌胁械泄薪	0.000287	0.040822	0.000012
谐薪械蟹写芯	0.000287	2.302585	0.000662
谐芯胁褟写懈薪褘	0.001150	0.116534	0.000134
谐芯写	0.003162	0.105361	0.000333
谐芯写邪	0.004599	0.248461	0.001143
谐芯谢谢邪薪写褋泻邪褟	0.000287	0.116534	0.000033
谐芯谢谢邪薪写褋泻懈泄	0.000575	1.966113	0.001130
谐芯褉芯写邪	0.000287	0.116534	0.000033
谐芯褉芯褏	0.000287	0.116534	0.000033
谐芯褉褔懈褑邪	0.000575	0.040822	0.000023
谐芯褉褔懈褑邪屑懈	0.000287	0.127833	0.000037
谐芯褉褕芯褔泻邪褏	0.000287	0.105361	0.000030
谐芯褉褕芯褔泻械	0.000287	0.040822	0.000012
谐芯褉褟褔械械	0.000575	0.116534	0.000067
谐芯褉褟褔械薪褜泻懈械	0.000287	3.506558	0.001008
谐芯褉褟褔懈械	0.014659	0.105361	0.001545
谐芯褉褟褔懈泄	0.000575	0.116534	0.000067
谐芯褋褌懈	0.000862	0.116534	0.000100
谐芯褌芯胁懈谢邪	0.000287	0.733969	0.000211
谐芯褌芯胁懈屑	0.001725	0.094311	0.000163
谐芯褌芯胁懈褌褋褟	0.000575	0.478036	0.000275
谐芯褌芯胁懈褌褜	0.001437	0.105361	0.000151
谐芯褌芯胁泻懈	0.000287	2.207275	0.000634
谐芯褌芯胁谢褞	0.000287	1.049822	0.000302
谐芯褌芯胁褜	0.000575	0.116534	0.000067
谐芯褌芯胁褟褌	0.000287	0.116534	0.000033
谐芯褌芯胁褟褌褋褟	0.000287	1.660731	0.000477
谐褉械薪泻懈	0.001150	0.040822	0.000047
谐褉械褔械褋泻邪褟	0.000287	0.116534	0.000033
谐褉械褔泻邪	0.000287	0.040822	0.000012
谐褉懈斜邪屑懈	0.001437	0.105361	0.000151
谐褉懈斜薪褘械	0.000575	0.040822	0.000023
谐褉懈斜芯胁	0.001150	0.116534	0.000134
谐褉懈斜褘	0.000862	0.040822	0.000035
谐褉懈谢械	0.001437	0.116534	0.000167
谐褉懈谢褜	0.000287	0.116534	0.000033
谐褉懈谢褜屑邪薪懈褟	0.000287	0.116534	0.000033
谐褉懈谢褟	0.001150	0.116534	0.000134
谐褉芯谐	0.000287	0.040822	0.000012
谐褉褍蟹懈薪褋泻邪褟	0.000287	0.116534	0.000033
谐褉褍锌锌褘	0.000287	0.061875	0.000018
谐褍谢褜褔械褏褉邪	0.000575	3.218876	0.001850
谐褍褉屑邪薪懈褟	0.001725	0.116534	0.000201
谐褍褉屑械	0.000287	0.127833	0.000037
谐褍褋褟	0.000575	0.105361	0.000061
写邪胁薪械薪褜泻芯	0.000287	2.995732	0.000861
写邪胁薪芯	0.000575	0.967584	0.000556
写邪械褌	0.000287	0.040822	0.000012
写邪薪薪褘械	0.000287	0.040822	0.000012
写邪褉褘	0.000287	0.116534	0.000033
写邪褌械	0.000575	0.248461	0.000143
写邪褌褋泻邪褟	0.000287	0.116534	0.000033
写邪褔薪芯械	0.000862	0.116534	0.000100
写械胁芯褔泻懈	0.000287	1.427116	0.000410
写械泻芯褉	0.000287	0.127833	0.000037
写械谢邪械褌	0.000575	0.116534	0.000067
写械谢邪谢懈	0.000287	2.995732	0.000861
写械谢懈屑褋褟	0.000287	0.040822	0.000012
写械谢芯	0.000287	1.386294	0.000398
写械谢芯屑	0.000287	0.116534	0.000033
写械薪褜	0.000862	0.083382	0.000072
写械褋械褉褌	0.000862	0.116534	0.000100
写械褋械褉褌邪褑懈褟	0.000287	0.116534	0.000033
写械褋械褉褌薪褘械	0.000287	0.116534	0.000033
写械褋械褉褌褘	0.004024	0.040822	0.000164
写械褌械泄	0.000287	0.116534	0.000033
写卸械泄屑懈	0.000287	2.659260	0.000764
写卸械屑	0.000287	0.040822	0.000012
写蟹械薪	0.000287	0.116534	0.000033
写懈械褌邪	0.000287	0.116534	0.000033
写懈械褌褘	0.000287	0.116534	0.000033
写懈泻懈泄	0.000575	0.116534	0.000067
写懈泻芯谐芯	0.000287	0.116534	0.000033
写懈锌	0.000287	0.116534	0.000033
写懈褔懈	0.000575	0.116534	0.000067
写懈褔褜	0.000287	0.116534	0.000033
写薪械胁薪懈泻邪褏	0.000287	0.061875	0.000018
写薪械泄	0.000862	0.116534	0.000100
写薪褟	0.000287	0.040822	0.000012
写芯斜邪胁谢械薪懈褟屑	0.000287	0.274437	0.000079
写芯斜邪胁谢褟褌褜	0.000287	0.040822	0.000012
写芯斜邪胁褜	0.000287	0.116534	0.000033
写芯斜褉芯褎谢芯褌	0.000287	0.127833	0.000037
写芯胁械褉褟械褕褜	0.000287	0.116534	0.000033
写芯胁芯谢褜薪芯	0.000287	1.609438	0.000463
写芯屑	0.002587	0.040822	0.000106
写芯屑邪褕薪械械	0.000862	0.040822	0.000035
写芯屑邪褕薪懈械	0.000575	0.040822	0.000023
写芯屑邪褕薪懈泄	0.001725	0.116534	0.000201
写芯屑邪褕薪褟褟	0.000575	0.105361	0.000061
写芯屑芯胁	0.000287	0.040822	0.000012
写褉邪泄胁	0.001437	0.127833	0.000184
写褉芯卸卸械胁芯械	0.000287	0.116534	0.000033
写褉芯卸卸懈	0.000575	0.941609	0.000541
写褉褍谐懈屑懈	0.000287	0.040822	0.000012
写褉褍蟹械泄	0.000287	1.514128	0.000435
写褍屑邪谢邪	0.000287	1.272966	0.000366
写褍褏邪	0.000287	2.813411	0.000809
写褍褏芯胁泻邪	0.001437	0.127833	0.000184
写褍褏芯胁泻褍	0.000287	1.771957	0.000509
写褍褕懈	0.000862	0.105361	0.000091
写褍褕懈褋褌褘泄	0.000575	1.237874	0.000712
械胁褉械泄褋泻邪褟	0.000287	0.116534	0.000033
械谐懈锌械褌褋泻邪褟	0.000287	0.116534	0.000033
械写懈薪褘泄	0.000287	0.040822	0.000012
械泻芯	0.000287	0.127833	0.000037
械谢械薪邪	0.000287	2.995732	0.000861
卸邪褉械薪褘泄	0.000287	2.120264	0.000609
卸邪褉懈褌褋褟	0.000287	2.207275	0.000634
卸邪褉懈褕褜	0.000287	2.659260	0.000764
卸邪褉泻芯械	0.000287	0.040822	0.000012
卸邪褉褞	0.000287	2.659260	0.000764
卸械谢邪褌懈薪	0.000575	1.427116	0.000820
卸械谢械	0.000862	0.040822	0.000035
卸械薪褋泻邪褟	0.000287	0.127833	0.000037
卸械薪褋泻芯屑	0.000287	0.061875	0.000018
卸械薪褖懈薪褘	0.000575	0.116534	0.000067
卸懈蟹薪懈	0.000287	0.040822	0.000012
卸懈蟹薪褜	0.000287	0.116534	0.000033
卸褍谢褜械薪	0.000287	0.040822	0.000012
卸褍褉薪邪谢邪	0.000287	0.127833	0.000037
卸褍褉薪邪谢械	0.000287	2.207275	0.000634
卸褞谢褜械薪	0.000287	0.040822	0.000012
蟹邪斜褘谢邪	0.000287	2.302585	0.000662
蟹邪胁邪褉薪芯械	0.000287	0.116534	0.000033
蟹邪胁邪褉薪芯泄	0.000287	0.116534	0.000033
蟹邪胁械写械薪懈褟	0.000287	2.525729	0.000726
蟹邪胁褌褉邪泻	0.002012	0.094311	0.000190
蟹邪胁褌褉邪泻懈	0.000287	0.127833	0.000037
蟹邪谐芯褌芯胁泻懈	0.001150	0.040822	0.000047
蟹邪写邪胁邪褌褜	0.000287	0.040822	0.000012
蟹邪写邪谢懈	0.000287	2.659260	0.000764
蟹邪泄褑邪	0.000575	0.116534	0.000067
蟹邪泻胁邪褋泻邪	0.000287	0.040822	0.000012
蟹邪泻胁邪褋泻邪屑懈	0.000287	0.116534	0.000033
蟹邪泻胁邪褋芯泻	0.000287	0.127833	0.000037
蟹邪泻褉褘褌褘泄	0.000287	0.116534	0.000033
蟹邪泻褍褋泻懈	0.005749	0.040822	0.000235
蟹邪泻褍褋泻褍	0.000862	0.116534	0.000100
蟹邪泻褍褋芯薪褔懈泻	0.000287	0.116534	0.000033
蟹邪泻褍褋芯褔泻邪	0.000287	0.116534	0.000033
蟹邪泻褍褋芯褔薪褘械	0.002874	0.116534	0.000335
蟹邪谢懈胁薪芯械	0.000575	0.040822	0.000023
蟹邪屑械褔邪褌械谢褜薪褘泄	0.000287	1.514128	0.000435
蟹邪屑械褔邪褌械谢褜薪褘屑	0.000287	2.302585	0.000662
蟹邪屑芯褉芯蟹泻邪	0.000287	0.105361	0.000030
蟹邪锌邪写	0.000287	0.116534	0.000033
蟹邪锌械泻邪薪懈褟	0.000287	1.560648	0.000449
蟹邪锌械泻邪薪泻邪	0.001150	0.105361	0.000121
蟹邪锌械泻邪薪泻懈	0.002012	0.040822	0.000082
蟹邪锌械褔械薪薪芯泄	0.000287	2.995732	0.000861
蟹邪锌械褔械薪薪褘泄	0.000575	1.897120	0.001091
蟹邪锌褉邪胁泻邪	0.000575	0.040822	0.000023
蟹邪褉械谐懈褋褌褉懈褉芯胁邪胁褕懈褋褜	0.000287	0.040822	0.000012
蟹邪褉械谐懈褋褌褉懈褉芯胁邪褌褜褋褟	0.000287	0.030459	0.000009
蟹邪褋械褔褜	0.000287	2.659260	0.000764
蟹邪褋芯谢泻邪	0.000287	0.116534	0.000033
蟹邪褏芯写懈褌械	0.000287	0.755023	0.000217
蟹邪褏芯褌械谢芯褋褜	0.000287	2.407946	0.000692
蟹邪褟胁谢褟谢芯	0.000287	3.218876	0.000925
蟹胁邪薪褘泄	0.000287	0.127833	0.000037
蟹胁械蟹写邪	0.000287	0.127833	0.000037
蟹胁褢蟹写薪褘械	0.000287	0.116534	0.000033
蟹写芯褉芯胁芯械	0.000287	0.116534	0.000033
蟹写芯褉芯胁褘泄	0.000287	0.116534	0.000033
蟹械谢械薪褜	0.004312	0.094311	0.000407
蟹械褎懈褉	0.000287	0.040822	0.000012
蟹懈屑薪懈械	0.000287	0.051293	0.000015
蟹懈屑褍	0.001150	0.040822	0.000047
蟹薪邪泻芯屑芯泄	0.000287	2.525729	0.000726
蟹薪邪褞	0.000862	0.755023	0.000651
蟹芯谢芯褌邪褟	0.000287	0.116534	0.000033
懈胁邪薪芯胁邪	0.000287	0.127833	0.000037
懈谐褉褍褕邪	0.000287	2.995732	0.000861
懈写械邪谢褜薪邪褟	0.000287	0.116534	0.000033
懈写械邪谢褜薪芯谐芯	0.001437	0.116534	0.000167
懈写械邪谢褜薪芯械	0.000287	0.116534	0.000033
懈写械邪谢褜薪褘泄	0.000287	1.966113	0.000565
懈写械泄泻懈	0.000287	0.116534	0.000033
懈写械褟	0.000287	2.207275	0.000634
懈蟹写械谢懈褟	0.001150	0.116534	0.000134
懈蟹写械谢懈褟屑懈	0.001150	0.116534	0.000134
懈泻褉邪	0.000862	0.040822	0.000035
懈屑械薪械屑	0.000287	0.040822	0.000012
懈屑械褞褌	0.000287	2.302585	0.000662
懈薪胁械褉褌芯褉薪芯泄	0.000287	0.127833	0.000037
懈薪谐褉械写懈械薪褌褘	0.008623	0.139262	0.001201
懈薪写械泄泻懈	0.001725	0.094311	0.000163
懈薪写械泄泻芯泄	0.000287	0.116534	0.000033
懈薪写懈泄褋泻邪褟	0.000287	0.116534	0.000033
懈薪写懈谢邪泄褌	0.000862	0.116534	0.000100
懈薪写懈褉械褋薪褘械	0.000287	0.116534	0.000033
懈薪械褌邪	0.000287	1.832581	0.000527
懈薪褋褌褉褍泻褑懈褟屑懈	0.000287	0.040822	0.000012
懈薪褌械褉薪械褌邪	0.000287	1.771957	0.000509
懈褉邪泻褋泻邪褟	0.000287	0.116534	0.000033
懈褉邪薪褋泻邪褟	0.000287	0.116534	0.000033
懈褉谢邪薪写褋泻邪褟	0.000287	0.116534	0.000033
懈褉褉械蟹	0.000287	1.347074	0.000387
懈褋泻邪谢邪	0.000287	2.302585	0.000662
懈褋泻褉械薪薪械	0.000287	0.116534	0.000033
懈褋谢邪薪写褋泻邪褟	0.000287	0.116534	0.000033
懈褋锌邪薪褋泻邪褟	0.000287	0.116534	0.000033
懈褋锌械泻懈	0.000287	0.116534	0.000033
懈褋褌芯褉懈懈	0.001437	0.116534	0.000167
懈褋褌芯褉懈褞	0.000287	0.116534	0.000033
懈褌邪谢懈懈	0.000575	0.105361	0.000061
懈褌邪谢褜褟薪褋泻邪褟	0.000287	0.116534	0.000033
懈褞谢褟	0.000575	0.597837	0.000344
懈褞薪褟	0.000575	0.579818	0.000333
泄芯谐褍褉褌	0.000862	0.040822	0.000035
泻邪斜邪褔泻懈	0.000287	0.040822	0.000012
泻邪斜邪褔泻芯胁	0.000575	2.040221	0.001173
泻邪斜邪褔芯泻	0.000575	1.771957	0.001019
泻邪胁泻邪蟹褋泻邪褟	0.000287	0.116534	0.000033
泻邪卸写芯谐芯	0.000287	2.659260	0.000764
泻邪卸写褘屑	0.000287	2.302585	0.000662
泻邪卸械褌褋褟	0.000287	1.714798	0.000493
泻邪蟹邪薪械	0.000287	0.116534	0.000033
泻邪蟹邪褏褋泻邪褟	0.000287	0.116534	0.000033
泻邪泻邪芯	0.000575	0.040822	0.000023
泻邪谢械泄写芯褋泻芯锌	0.001150	0.116534	0.000134
泻邪谢屑褘褑泻邪褟	0.000287	0.116534	0.000033
泻邪谢芯褉懈泄薪芯泄	0.000287	2.659260	0.000764
泻邪谢褜屑邪褉	0.000287	0.040822	0.000012
泻邪屑械褉邪	0.000287	0.116534	0.000033
泻邪薪邪写褋泻邪褟	0.000287	0.116534	0.000033
泻邪薪邪谢	0.000575	0.040822	0.000023
泻邪薪邪谢械	0.000287	0.040822	0.000012
泻邪薪邪锌械	0.000575	0.040822	0.000023
泻邪锌褍褋褌邪	0.001150	0.040822	0.000047
泻邪锌褍褋褌薪褘褏	0.000287	2.813411	0.000809
泻邪锌褍褋褌薪褟泻	0.000287	0.040822	0.000012
泻邪锌褍褋褌褘	0.000287	0.040822	0.000012
泻邪褉邪屑械谢褜	0.000287	0.040822	0.000012
泻邪褉泻邪褋薪褘泄	0.001150	0.116534	0.000134
泻邪褉褌芯褎械谢褜	0.004886	0.040822	0.000199
泻邪褉褌芯褎械谢褜薪芯械	0.000287	0.040822	0.000012
泻邪褉褌芯褎械谢褜薪褘泄	0.001150	0.116534	0.000134
泻邪褉褌芯褕械褔泻邪	0.000287	2.407946	0.000692
泻邪褉褌芯褕泻邪	0.000575	0.040822	0.000023
泻邪褉褌芯褕泻褍	0.000575	2.207275	0.001269
泻邪褌械谐芯褉懈懈	0.000287	0.116534	0.000033
泻邪褌械谐芯褉懈褟	0.004312	0.150823	0.000650
泻邪褎械	0.000287	2.207275	0.000634
泻邪褔械褋褌胁芯	0.000287	0.116534	0.000033
泻邪褕邪	0.000287	0.040822	0.000012
泻邪褕懈	0.001437	0.105361	0.000151
泻邪褕褍	0.000287	0.094311	0.000027
泻胁邪褋	0.000862	0.040822	0.000035
泻胁邪褋薪芯械	0.000862	0.116534	0.000100
泻胁邪褋芯屑	0.000287	0.127833	0.000037
泻械泻褋	0.000287	0.040822	0.000012
泻械泻褋褘	0.000575	0.116534	0.000067
泻械褌褔褍锌	0.000575	1.560648	0.000897
泻械褎懈褉	0.000287	0.040822	0.000012
泻懈谢芯谐褉邪屑屑芯胁	0.000287	2.659260	0.000764
泻懈屑褔懈	0.000287	0.040822	0.000012
泻懈薪芯邪	0.000575	0.127833	0.000073
泻懈薪芯谢械薪褌邪	0.000287	0.116534	0.000033
泻懈褋械谢褜	0.000575	0.040822	0.000023
泻懈褌邪泄褋泻邪褟	0.000287	0.116534	0.000033
泻谢邪褋褋	0.002300	0.116534	0.000268
泻谢邪褋褋懈褔械褋泻懈褏	0.000287	2.407946	0.000692
泻谢邪褋褋褘	0.000287	0.116534	0.000033
泻薪懈谐褍	0.000575	0.040822	0.000023
泻芯	0.000287	1.469676	0.000422
泻芯泻褌械泄谢懈	0.000287	0.127833	0.000037
泻芯泻褌械泄谢褜	0.001437	0.040822	0.000059
泻芯谢斜邪褋邪	0.000862	0.040822	0.000035
泻芯谢斜邪褋薪褘屑懈	0.001150	0.116534	0.000134
泻芯屑邪薪写邪	0.000575	0.127833	0.000073
泻芯屑懈	0.000287	0.116534	0.000033
泻芯屑屑械薪褌邪褉懈械胁	0.000287	0.223144	0.000064
泻芯屑锌邪薪懈泄	0.000287	0.105361	0.000030
泻芯屑锌芯蟹懈褑懈械泄	0.000287	2.995732	0.000861
泻芯屑锌芯褌	0.000862	0.040822	0.000035
泻芯屑褍	0.000287	1.347074	0.000387
泻芯薪械褔薪芯	0.000287	0.527633	0.000152
泻芯薪懈薪褘	0.000287	0.116534	0.000033
泻芯薪泻褍褉褋	0.061512	0.105361	0.006481
泻芯薪泻褍褉褋邪	0.000287	0.116534	0.000033
泻芯薪泻褍褉褋邪褏	0.000287	0.040822	0.000012
泻芯薪泻褍褉褋薪褘械	0.000287	0.127833	0.000037
泻芯薪褋械褉胁懈褉芯胁邪薪懈械	0.000287	0.040822	0.000012
泻芯薪褋械褉胁懈褉芯胁邪薪薪邪褟	0.000287	0.116534	0.000033
泻芯薪褋械褉胁懈褉芯胁邪薪薪芯械	0.000287	0.116534	0.000033
泻芯薪褋械褉胁懈褉芯胁邪薪薪褘械	0.000575	0.116534	0.000067
泻芯薪褋械褉胁懈褉芯胁邪薪薪褘泄	0.000287	0.116534	0.000033
泻芯薪褎械褌褌懈	0.000287	0.116534	0.000033
泻芯薪褎械褌褘	0.000862	0.040822	0.000035
泻芯薪褎懈写械薪褑懈邪谢褜薪芯褋褌懈	0.000287	0.040822	0.000012
泻芯薪褎懈褌褞褉	0.000287	0.040822	0.000012
泻芯锌褔械薪芯褋褌褟屑懈	0.000287	0.116534	0.000033
泻芯褉械泄褋泻邪褟	0.000287	0.116534	0.000033
泻芯褉械泄褋泻懈	0.000287	0.040822	0.000012
泻芯褉卸懈泻懈	0.000287	0.040822	0.000012
泻芯褉屑褟褖懈褏	0.000287	0.116534	0.000033
泻芯褉芯褔泻械	0.000287	2.813411	0.000809
泻芯褋褌褉邪屑	0.000287	2.407946	0.000692
泻芯褌谢械褌	0.000287	2.302585	0.000662
泻芯褌谢械褌邪褏	0.000287	2.525729	0.000726
泻芯褌谢械褌褘	0.000862	0.040822	0.000035
泻芯褌芯褉芯屑褍	0.000287	0.116534	0.000033
泻芯褎械	0.000575	0.040822	0.000023
泻褉邪褋懈胁褘械	0.000287	1.897120	0.000545
泻褉邪褋懈胁褘屑	0.000575	2.120264	0.001219
泻褉邪褋泻懈	0.000287	0.116534	0.000033
泻褉邪褋薪褘泄	0.000575	1.171183	0.000673
泻褉械邪褌懈胁	0.000287	0.127833	0.000037
泻褉械屑	0.000287	0.040822	0.000012
泻褉械屑邪	0.000575	0.116534	0.000067
泻褉械锌泻懈泄	0.000287	0.116534	0.000033
泻褉械锌芯褋褌懈	0.000287	2.813411	0.000809
泻褉芯谢懈泻邪	0.000575	0.116534	0.000067
泻褉芯屑械	0.000287	0.061875	0.000018
泻褉芯褏懈	0.000287	0.116534	0.000033
泻褉褍谐褍	0.000575	0.116534	0.000067
泻褉褍锌	0.001725	0.116534	0.000201
泻褉褍锌邪	0.000862	0.127833	0.000110
泻褉褍锌褘	0.000575	0.127833	0.000073
泻褉褍锌褟薪褘械	0.000287	0.116534	0.000033
泻褉褘屑褍	0.000287	2.407946	0.000692
泻褍斜懈薪褋泻邪褟	0.000287	0.116534	0.000033
泻褍谢械褕	0.000287	0.040822	0.000012
泻褍谢懈薪邪褉懈懈	0.000862	0.094311	0.000081
泻褍谢懈薪邪褉薪邪褟	0.000287	0.116534	0.000033
泻褍谢懈薪邪褉薪芯械	0.000287	0.116534	0.000033
泻褍谢懈薪邪褉薪芯屑	0.000287	2.659260	0.000764
泻褍谢懈薪邪褉薪褍褞	0.000575	0.040822	0.000023
泻褍谢懈薪邪褉薪褘泄	0.000287	0.072571	0.000021
泻褍谢懈薪邪褉薪褘褏	0.000287	0.116534	0.000033
泻褍谢懈褔	0.000287	0.040822	0.000012
泻褍谢懈褔懈	0.000287	0.116534	0.000033
泻褍薪卸褍褌	0.000575	0.994252	0.000572
泻褍褉写褋泻邪褟	0.000287	0.116534	0.000033
泻褍褉懈薪芯谐芯	0.000287	0.116534	0.000033
泻褍褉懈薪芯械	0.002587	0.127833	0.000331
泻褍褉懈薪褘泄	0.000862	0.105361	0.000091
泻褍褉懈褑邪	0.001150	0.040822	0.000047
泻褍褉懈褑褘	0.001725	0.116534	0.000201
泻褍褉芯褔泻芯泄	0.000287	0.116534	0.000033
泻褍褋泻褍褋	0.000287	0.040822	0.000012
泻褍褏薪械	0.000287	1.237874	0.000356
泻褍褏薪械泄	0.000287	0.040822	0.000012
泻褍褏薪懈	0.000862	0.040822	0.000035
泻褍褏薪褟	0.000862	0.116534	0.000100
谢邪胁邪褕	0.000575	0.040822	0.000023
谢邪胁邪褕邪	0.001150	0.116534	0.000134
谢邪胁褉芯胁褘泄	0.001150	1.139434	0.001310
谢邪谐屑邪薪	0.000287	0.040822	0.000012
谢邪泻芯屑褋褌胁芯	0.000287	0.116534	0.000033
谢邪锌褕邪	0.000575	0.040822	0.000023
谢邪褋褌芯褔泻懈薪芯	0.000287	2.302585	0.000662
谢邪褌褘褕褋泻邪褟	0.000287	0.116534	0.000033
谢械谐泻邪褟	0.000287	0.116534	0.000033
谢械谐泻懈泄	0.000575	0.116534	0.000067
谢械谐泻芯	0.002012	0.116534	0.000234
谢械锌械褕泻懈	0.000575	0.040822	0.000023
谢械褌邪	0.000287	0.116534	0.000033
谢械褌薪懈械	0.000287	0.040822	0.000012
谢械褌薪褟褟	0.000287	0.116534	0.000033
谢械褌芯	0.001437	0.116534	0.000167
谢械褔芯	0.000287	0.040822	0.000012
谢懈谐邪	0.000862	0.116534	0.000100
谢懈泻械褉	0.000287	0.040822	0.000012
谢懈屑芯薪邪写	0.000575	0.040822	0.000023
谢懈褋褌	0.001150	1.139434	0.001310
谢懈褋褌褜褟	0.000575	1.514128	0.000870
谢懈褌芯胁褋泻	0.000287	0.127833	0.000037
谢懈褌芯胁褋泻邪褟	0.000287	0.116534	0.000033
谢懈褕薪懈褏	0.000287	1.966113	0.000565
谢褍泻	0.004024	0.301105	0.001212
谢褍褔褕懈械	0.000287	0.116534	0.000033
谢褍褔褕懈泄	0.000575	0.040822	0.000023
谢褍褔褕懈褏	0.000287	0.116534	0.000033
谢褞斜胁懈	0.000287	0.105361	0.000030
谢褞斜懈屑芯谐芯	0.000287	0.127833	0.000037
谢褞斜懈屑芯屑褍	0.000287	0.116534	0.000033
谢褞斜懈屑褘屑	0.000287	1.469676	0.000422
谢褞斜懈屑褘褏	0.001725	0.116534	0.000201
谢褞斜芯胁褜	0.000287	0.116534	0.000033
谢褞斜芯泄	0.000287	0.116534	0.000033
谢褞写屑懈谢邪	0.000287	1.771957	0.000509
谢褞写褜屑懈	0.000287	2.659260	0.000764
谢褢写	0.000287	0.127833	0.000037
屑邪谐褉懈斜邪	0.000287	0.116534	0.000033
屑邪泄	0.000287	0.116534	0.000033
屑邪泄芯薪械蟹	0.002587	0.116534	0.000301
屑邪泻邪褉芯薪薪褘械	0.000287	0.116534	0.000033
屑邪泻邪褉芯薪褘	0.000287	0.040822	0.000012
屑邪谢邪蟹懈泄褋泻邪褟	0.000287	0.116534	0.000033
屑邪薪写邪褉懈薪芯胁褘泄	0.000575	2.525729	0.001452
屑邪薪薪邪褟	0.000575	1.609438	0.000925
屑邪薪薪懈泻	0.000287	0.040822	0.000012
屑邪薪褋邪褉写芯泄	0.000287	0.755023	0.000217
屑邪薪褌褘	0.000287	0.116534	0.000033
屑邪薪褢胁褉褘	0.000287	0.116534	0.000033
屑邪褉邪褎芯薪	0.000862	0.116534	0.000100
屑邪褉懈薪邪写	0.002587	0.040822	0.000106
屑邪褉懈薪邪写褘	0.000862	0.116534	0.000100
屑邪褉懈薪芯胁邪薪薪褘械	0.000287	0.116534	0.000033
屑邪褉屑械谢邪写	0.000287	0.040822	0.000012
屑邪褉芯泻泻邪薪褋泻邪褟	0.000287	0.116534	0.000033
屑邪褉褌邪	0.001725	0.105361	0.000182
屑邪褋泻邪褉锌芯薪械	0.000287	0.040822	0.000012
屑邪褋谢械薪懈褑邪	0.000862	0.040822	0.000035
屑邪褋谢械薪懈褔薪芯械	0.000287	0.116534	0.000033
屑邪褋谢芯	0.006611	0.116534	0.000770
屑邪褋谢芯屑	0.000575	0.116534	0.000067
屑邪褋谢褟薪褘褏	0.000287	2.659260	0.000764
屑邪褋褌械褉	0.002587	0.116534	0.000301
屑邪褋褌懈泻邪	0.000287	0.040822	0.000012
屑邪褋褌懈泻懈	0.000287	0.116534	0.000033
屑邪褎褎懈薪褘	0.000287	0.116534	0.000033
屑邪褏械械胁褗	0.001150	0.116534	0.000134
屑邪褟	0.000862	0.634878	0.000547
屑械写懈邪褎芯褉褌	0.000862	0.000000	0.000000
屑械写芯胁褘泄	0.000287	0.116534	0.000033
屑械泻褋懈泻邪薪褋泻邪褟	0.000287	0.116534	0.000033
屑械薪褞	0.000575	0.116534	0.000067
屑械薪褟	0.001150	0.083382	0.000096
屑械薪褟械褌褋褟	0.000287	0.116534	0.000033
屑械褔褌邪	0.000287	0.116534	0.000033
屑械褔褌褘	0.000575	0.040822	0.000023
屑懈写懈懈	0.000287	0.040822	0.000012
屑懈泻褉芯胁芯谢薪芯胁泻械	0.000287	0.116534	0.000033
屑懈谢褜械	0.000287	0.116534	0.000033
屑懈薪懈屑褍屑	0.000287	1.427116	0.000410
屑懈薪懈屑褍屑邪	0.000287	2.659260	0.000764
屑懈芯	0.000287	0.116534	0.000033
屑懈褉	0.000287	0.116534	0.000033
屑懈褉邪	0.000575	0.116534	0.000067
屑懈褉芯胁邪褟	0.000287	0.116534	0.000033
屑懈褋芯	0.000287	0.040822	0.000012
屑懈褋褌械褉懈褟	0.000287	0.116534	0.000033
屑懈褋褌褉邪谢褜	0.002012	0.116534	0.000234
屑薪芯谐懈械	0.000287	1.309333	0.000376
屑薪芯卸械褋褌胁芯	0.000287	1.560648	0.000449
屑薪芯卸械褋褌胁芯屑	0.000287	0.040822	0.000012
屑芯谐	0.000287	2.659260	0.000764
屑芯谐褍	0.000287	0.798508	0.000230
屑芯械	0.000287	0.116534	0.000033
屑芯卸械褌械	0.000287	0.000000	0.000000
屑芯泄	0.000575	0.105361	0.000061
屑芯谢写邪胁褋泻邪褟	0.000287	0.116534	0.000033
屑芯谢芯泻械	0.000287	0.105361	0.000030
屑芯谢芯泻芯	0.000862	0.116534	0.000100
屑芯谢芯褔薪褘泄	0.000575	0.040822	0.000023
屑芯谢芯褔薪褘褏	0.000287	0.116534	0.000033
屑芯屑械薪褌	0.000862	0.116534	0.000100
屑芯薪谐芯谢褜褋泻邪褟	0.000287	0.116534	0.000033
屑芯褉械	0.000287	0.116534	0.000033
屑芯褉械锌褉芯写褍泻褌芯胁	0.003162	0.040822	0.000129
屑芯褉械锌褉芯写褍泻褌褘	0.000575	0.116534	0.000067
屑芯褉泻芯胁褜	0.001437	0.040822	0.000059
屑芯褉芯卸械薪芯械	0.000862	0.040822	0.000035
屑芯褉褋	0.000287	0.040822	0.000012
屑芯褉褋褘	0.000287	0.116534	0.000033
屑芯褌芯褉	0.000287	0.116534	0.000033
屑芯褏懈褌芯	0.000287	0.040822	0.000012
屑褉邪屑芯褉薪褘泄	0.000287	3.506558	0.001008
屑褍卸褋泻邪褟	0.000287	0.127833	0.000037
屑褍卸褔懈薪褘	0.000575	0.116534	0.000067
屑褍泻邪	0.002300	0.274437	0.000631
屑褍谢褜褌懈胁邪褉泻械	0.010923	0.116534	0.001273
屑褍谢褜褌懈锌械泻邪褉械泄	0.000862	0.116534	0.000100
屑褍褋褋	0.000287	0.040822	0.000012
屑褍褋褋褘	0.000575	0.116534	0.000067
屑褍褔薪褘械	0.000287	0.116534	0.000033
屑褘褌褜	0.000287	2.659260	0.000764
屑褞褋谢懈	0.000575	0.116534	0.000067
屑褟褋邪	0.003162	0.116534	0.000368
屑褟褋薪芯谐芯	0.000862	0.116534	0.000100
屑褟褋薪芯泄	0.000862	0.116534	0.000100
屑褟褋薪芯屑褍	0.000287	2.659260	0.000764
屑褟褋薪褘械	0.001725	0.040822	0.000070
屑褟褋薪褘褏	0.000862	0.116534	0.000100
屑褟褋芯	0.003162	0.040822	0.000129
屑褟褋芯屑	0.001437	0.040822	0.000059
屑褟褋褍	0.000575	0.116534	0.000067
薪邪写械褞褋褜	0.000575	1.609438	0.000925
薪邪蟹邪写	0.000287	0.967584	0.000278
薪邪蟹胁邪薪懈械	0.000287	0.941609	0.000271
薪邪蟹胁邪薪懈械屑	0.000575	1.203973	0.000692
薪邪蟹薪邪褔械薪懈褟	0.000287	0.116534	0.000033
薪邪蟹褘胁邪械褌褋褟	0.000287	2.040221	0.000586
薪邪懈胁泻褍褋薪械泄褕械谐芯	0.000287	2.659260	0.000764
薪邪泄写械褌械	0.000287	2.813411	0.000809
薪邪泄写褍褌褋褟	0.000287	3.218876	0.000925
薪邪谢懈胁泻邪	0.000287	0.040822	0.000012
薪邪锌懈褌泻懈	0.001725	0.040822	0.000070
薪邪锌懈褌芯泻	0.000287	0.040822	0.000012
薪邪褋谢邪写懈褌褜褋褟	0.000287	2.302585	0.000662
薪邪褋褌芯泄泻邪	0.000287	0.040822	0.000012
薪邪褋褌褉芯械薪懈械	0.000287	0.116534	0.000033
薪邪褑懈芯薪邪谢褜薪褘械	0.000287	0.116534	0.000033
薪邪褔邪谢懈	0.000287	2.407946	0.000692
薪邪褔懈薪泻邪	0.000575	0.040822	0.000023
薪邪褔懈薪泻芯泄	0.000287	0.116534	0.000033
薪邪褕械屑	0.000575	0.040822	0.000023
薪邪褕懈	0.000287	0.061875	0.000018
薪邪褕懈褏	0.000287	1.514128	0.000435
薪邪褕谢邪	0.001437	0.579818	0.000833
薪械写械谢褟	0.002874	0.061875	0.000178
薪械卸薪械泄褕械械	0.000287	2.659260	0.000764
薪械卸薪械泄褕懈屑	0.000287	2.407946	0.000692
薪械卸薪芯泄	0.000287	0.116534	0.000033
薪械卸薪褘泄	0.000862	0.891598	0.000769
薪械懈蟹屑械薪薪芯	0.000287	2.525729	0.000726
薪械屑邪谢芯胁邪卸薪芯	0.000287	2.207275	0.000634
薪械屑械褑泻邪褟	0.000287	0.116534	0.000033
薪械薪褍卸薪褘褏	0.000287	2.659260	0.000764
薪械芯卸懈写邪薪薪褘械	0.000287	0.116534	0.000033
薪械锌褉械屑械薪薪芯	0.000287	1.832581	0.000527
薪械褋谢邪写泻芯械	0.000287	0.116534	0.000033
薪懈泻邪泻芯谐芯	0.000287	2.040221	0.000586
薪懈泻芯谐写邪	0.000287	1.771957	0.000509
薪懈泻褌芯	0.000287	1.897120	0.000545
薪懈薪械	0.000575	3.506558	0.002016
薪懈褔械谐芯	0.000575	0.941609	0.000541
薪泻	0.000287	1.771957	0.000509
薪芯胁邪褟	0.000287	0.116534	0.000033
薪芯胁芯谐芯写薪械谐芯	0.001725	0.116534	0.000201
薪芯胁芯谐芯写薪械械	0.000862	0.116534	0.000100
薪芯胁芯谐芯写薪懈械	0.002012	0.040822	0.000082
薪芯胁芯谐芯写薪懈泄	0.002300	0.116534	0.000268
薪芯胁芯谐芯写薪褟褟	0.000287	0.105361	0.000030
薪芯胁芯褋褌褟褏	0.000287	0.061875	0.000018
薪芯胁褘械	0.000575	0.051293	0.000029
薪芯胁褘泄	0.003162	0.094311	0.000298
薪芯褉胁械卸褋泻邪褟	0.000287	0.116534	0.000033
薪芯褟斜褉褟	0.000575	0.527633	0.000303
薪褉邪胁懈褌褋褟	0.000287	1.427116	0.000410
芯斜邪谢写械薪薪芯	0.000287	2.120264	0.000609
芯斜械写	0.000862	0.105361	0.000091
芯斜械蟹褜褟薪懈泄	0.000287	2.407946	0.000692
芯斜械蟹褜褟薪褘	0.000287	0.116534	0.000033
芯斜谢邪写邪械褌	0.000287	2.040221	0.000586
芯斜谢邪褔泻芯	0.000287	2.995732	0.000861
芯斜褖邪褌褜褋褟	0.000287	0.040822	0.000012
芯斜褗械写械薪懈械	0.000287	2.407946	0.000692
芯斜褟蟹邪褌械谢褜薪芯	0.000287	0.967584	0.000278
芯胁芯褖邪屑懈	0.000287	0.116534	0.000033
芯胁芯褖械泄	0.004599	0.105361	0.000485
芯胁芯褖懈	0.001725	0.094311	0.000163
芯胁芯褖薪邪褟	0.000287	0.040822	0.000012
芯胁芯褖薪芯械	0.000287	0.116534	0.000033
芯胁芯褖薪芯泄	0.000575	0.105361	0.000061
芯胁芯褖薪褘械	0.001437	0.040822	0.000059
芯胁褋褟薪芯械	0.000287	0.116534	0.000033
芯谐薪械薪薪芯泄	0.000287	0.116534	0.000033
芯谐薪褟	0.000287	0.116534	0.000033
芯谐褉芯屑薪芯械	0.000287	1.237874	0.000356
芯谐褉芯屑薪芯泄	0.000287	2.525729	0.000726
芯谐褍褉褑褘	0.000575	0.116534	0.000067
芯写薪懈屑	0.000287	1.309333	0.000376
芯写薪芯谐芯	0.000287	1.660731	0.000477
芯写薪芯屑	0.000287	1.771957	0.000509
芯泻芯褉芯褔芯泻	0.000575	2.407946	0.001384
芯泻褉芯褕泻邪	0.000862	0.040822	0.000035
芯泻褉褍卸械薪懈械	0.000287	3.218876	0.000925
芯谢邪写褜懈	0.000862	0.040822	0.000035
芯谢械泄薪邪	0.000862	0.116534	0.000100
芯谢械泄薪芯泄	0.001150	0.116534	0.000134
芯谢械泄薪褘	0.000287	0.127833	0.000037
芯谢懈	0.000287	2.813411	0.000809
芯谢懈胁械褉邪	0.000287	2.525729	0.000726
芯谢懈胁泻芯胁芯械	0.001725	0.544727	0.000939
芯谢褟	0.000287	2.120264	0.000609
芯屑谢械褌	0.000287	0.040822	0.000012
芯锌邪褉邪	0.000287	0.040822	0.000012
芯锌褉械写械谢械薪薪褘械	0.000287	2.659260	0.000764
芯锌褉械写械谢懈褌褜	0.000287	2.813411	0.000809
芯锌褉芯褋	0.000287	0.061875	0.000018
芯褋械薪薪械械	0.000287	0.116534	0.000033
芯褋械薪薪懈械	0.000287	0.051293	0.000015
芯褋械薪薪懈泄	0.000575	0.116534	0.000067
芯褋械薪褜	0.002874	0.105361	0.000303
芯褋薪芯胁薪芯械	0.000287	0.040822	0.000012
芯褋褌邪械褌褋褟	0.000287	0.116534	0.000033
芯褌斜懈胁薪褘械	0.000287	2.207275	0.000634
芯褌胁械褌懈褌褜	0.000287	0.051293	0.000015
芯褌胁械褌芯胁	0.000287	0.051293	0.000015
芯褌胁械褌褘	0.000287	0.000000	0.000000
芯褌写褘褏邪械褌	0.000287	2.302585	0.000662
芯褌写褘褏邪褞	0.000287	2.659260	0.000764
芯褌泻褉褘褌褘泄	0.000575	0.116534	0.000067
芯褌屑械薪懈褌褜	0.000287	0.040822	0.000012
芯褌屑械褔邪谢懈	0.000287	2.407946	0.000692
芯褌薪芯褕械薪懈褟	0.000287	2.120264	0.000609
芯褌薪芯褕褍褋褜	0.000287	2.813411	0.000809
芯褌褌懈褉邪褌褜	0.000287	2.659260	0.000764
芯褏谢邪写懈褌褜	0.000287	0.116534	0.000033
芯褔械褉械写薪芯泄	0.000287	1.771957	0.000509
锌邪泻械褌械	0.000287	3.218876	0.000925
锌邪泻械褌懈泻邪褏	0.000287	0.105361	0.000030
锌邪谢芯褔泻懈	0.000287	0.040822	0.000012
锌邪薪懈褉芯胁泻邪	0.002300	0.116534	0.000268
锌邪薪懈褉芯胁芯褔薪褘械	0.000575	1.309333	0.000753
锌邪锌褉懈泻邪	0.000575	1.203973	0.000692
锌邪褉邪	0.000287	0.116534	0.000033
锌邪褉邪写	0.002012	0.116534	0.000234
锌邪褉泻	0.000287	2.659260	0.000764
锌邪褉芯胁邪褉泻械	0.002587	0.116534	0.000301
锌邪褉芯谢褜	0.000287	0.020203	0.000006
锌邪褋褌邪	0.000862	0.040822	0.000035
锌邪褋褌褉芯屑邪	0.000287	0.040822	0.000012
锌邪褋褏邪	0.000575	0.040822	0.000023
锌邪褋褏邪谢褜薪邪褟	0.000575	0.116534	0.000067
锌邪褋褏邪谢褜薪褘泄	0.000287	0.127833	0.000037
锌邪褕褌械褌	0.000287	0.040822	0.000012
锌邪褕褌械褌褘	0.000575	0.116534	0.000067
锌械泻邪褉褟	0.000287	0.127833	0.000037
锌械谢褜屑械薪懈	0.000287	0.116534	0.000033
锌械褉胁芯械	0.000575	0.040822	0.000023
锌械褉胁褘械	0.000287	0.127833	0.000037
锌械褉胁褘屑	0.000287	0.116534	0.000033
锌械褉械泄褌懈	0.000287	0.040822	0.000012
锌械褉械泻褍褋	0.000575	0.116534	0.000067
锌械褉械褑	0.004886	0.040822	0.000199
锌械褉褋芯薪褘	0.000287	0.116534	0.000033
锌械褉褍邪薪褋泻邪褟	0.000287	0.116534	0.000033
锌械褋芯褔薪芯械	0.000575	0.105361	0.000061
锌械褋芯褔薪褘泄	0.000287	0.116534	0.000033
锌械褌械谢懈薪泻懈	0.000287	0.127833	0.000037
锌械褔械薪芯褔薪褘泄	0.000287	0.040822	0.000012
锌械褔械薪褜械	0.002587	0.040822	0.000106
锌械褔懈	0.000287	0.127833	0.000037
锌懈胁芯	0.000287	0.116534	0.000033
锌懈泻邪薪褌褘	0.000287	0.127833	0.000037
锌懈泻薪懈泻	0.000575	0.116534	0.000067
锌懈泻薪懈泻邪	0.000287	0.116534	0.000033
锌懈泻薪懈泻褍	0.000287	0.105361	0.000030
锌懈褉	0.000287	0.116534	0.000033
锌懈褉芯谐	0.000862	0.040822	0.000035
锌懈褉芯谐懈	0.000287	0.105361	0.000030
锌懈褉芯卸泻懈	0.000287	0.040822	0.000012
锌懈褉芯卸薪芯械	0.000287	0.040822	0.000012
锌懈褉芯卸薪褘械	0.000287	0.116534	0.000033
锌懈褌邪薪懈械	0.001437	0.105361	0.000151
锌懈褌械褉械	0.000287	2.407946	0.000692
锌懈褑褑邪	0.000575	0.040822	0.000023
锌谢邪屑褟	0.000287	0.116534	0.000033
锌谢懈褌邪	0.001150	0.127833	0.000147
锌谢懈褌芯泄	0.000287	2.659260	0.000764
锌谢懈褌褍	0.000287	2.659260	0.000764
锌谢芯胁	0.000287	0.116534	0.000033
锌谢芯写褘	0.000287	0.116534	0.000033
锌芯胁邪褉械薪泻械	0.000287	0.040822	0.000012
锌芯胁邪褉械薪芯泻	0.000287	0.061875	0.000018
锌芯胁邪褉褟褌	0.000287	0.116534	0.000033
锌芯胁邪褉褟褌邪屑懈	0.000287	0.040822	0.000012
锌芯胁邪褉褢薪泻邪	0.000287	0.116534	0.000033
锌芯胁械褉褜褌械	0.000287	2.040221	0.000586
锌芯胁懈写谢芯	0.000287	0.040822	0.000012
锌芯谐褍谢褟褌褜	0.000287	2.659260	0.000764
锌芯写邪褉泻芯胁	0.000287	0.116534	0.000033
锌芯写邪褌褜	0.000287	1.560648	0.000449
锌芯写械谢懈褌褜褋褟	0.000575	0.478036	0.000275
锌芯写泻褍锌懈谢邪	0.000287	2.813411	0.000809
锌芯写谢懈胁邪	0.000287	0.116534	0.000033
锌芯写谢懈胁泻邪	0.000287	0.040822	0.000012
锌芯写芯斜薪褘泄	0.000287	2.813411	0.000809
锌芯写锌懈褋邪褌褜褋褟	0.000287	0.040822	0.000012
锌芯写锌懈褕懈褌械褋褜	0.000575	0.040822	0.000023
锌芯写褋泻邪卸械褌	0.000287	2.659260	0.000764
锌芯写褋芯谢薪械褔薪芯械	0.001725	1.347074	0.002323
锌芯写褘褋泻懈胁邪褌褜	0.000287	2.525729	0.000726
锌芯械写懈薪泻懈	0.004024	0.116534	0.000469
锌芯卸邪谢械械褌械	0.000287	1.897120	0.000545
锌芯蟹写褉邪胁褜	0.000287	0.116534	0.000033
锌芯懈褋泻	0.000287	0.051293	0.000015
锌芯懈褋泻芯屑	0.000287	2.995732	0.000861
锌芯泄褌懈	0.000287	2.659260	0.000764
锌芯谢写薪懈泻	0.000575	0.116534	0.000067
锌芯谢械蟹薪芯	0.000287	0.116534	0.000033
锌芯谢懈褌懈泻芯泄	0.000287	0.040822	0.000012
锌芯谢薪械泄褕械屑	0.000287	2.995732	0.000861
锌芯谢芯胁懈薪邪	0.002300	0.116534	0.000268
锌芯谢褌芯褉邪	0.000287	2.525729	0.000726
锌芯谢褍褔邪械褌褋褟	0.000287	0.400478	0.000115
锌芯谢褍褔邪泄褌械	0.000287	0.040822	0.000012
锌芯谢褍褔邪褌褜	0.000287	0.040822	0.000012
锌芯谢褍褔械薪薪芯屑褍	0.000287	2.995732	0.000861
锌芯谢褍褔懈谢芯褋褜	0.000287	0.994252	0.000286
锌芯谢褜蟹邪	0.000287	0.127833	0.000037
锌芯谢褜蟹芯胁邪褌褜褋褟	0.000287	2.813411	0.000809
锌芯谢褜蟹芯泄	0.001150	0.116534	0.000134
锌芯谢褜蟹褍械褌褋褟	0.000287	2.207275	0.000634
锌芯谢褜褋泻邪褟	0.000287	0.116534	0.000033
锌芯屑邪写泻邪	0.000575	0.040822	0.000023
锌芯屑邪写泻懈	0.000287	0.116534	0.000033
锌芯屑懈写芯褉	0.001725	0.713350	0.001230
锌芯屑懈写芯褉泻懈	0.000287	0.127833	0.000037
锌芯屑懈写芯褉褘	0.000575	0.116534	0.000067
锌芯屑薪褞	0.000287	1.966113	0.000565
锌芯薪邪写芯斜懈褌褋褟	0.000287	2.525729	0.000726
锌芯薪懈屑邪薪懈械	0.000287	2.813411	0.000809
锌芯薪褉邪胁懈胁褕懈械褋褟	0.000287	0.040822	0.000012
锌芯薪褔懈泻懈	0.000575	0.040822	0.000023
锌芯锌邪谢	0.000287	2.407946	0.000692
锌芯锌褉芯斜芯胁邪胁	0.000287	1.832581	0.000527
锌芯锌褉芯斜芯胁邪谢邪	0.000287	1.469676	0.000422
锌芯锌褉芯斜芯胁邪褌褜	0.000287	0.798508	0.000230
锌芯锌褉芯斜褍泄褌械	0.000575	0.562119	0.000323
锌芯锌褍谢褟褉薪芯褋褌褜褞	0.000287	2.525729	0.000726
锌芯褉	0.000287	1.469676	0.000422
锌芯褉邪	0.000287	0.116534	0.000033
锌芯褉褌褍谐邪谢褜褋泻邪褟	0.000287	0.116534	0.000033
锌芯褋械褖邪械褌械	0.000287	0.061875	0.000018
锌芯褋泻芯谢褜泻褍	0.000287	2.040221	0.000586
锌芯褋褌	0.001725	0.105361	0.000182
锌芯褋褌邪	0.000287	2.207275	0.000634
锌芯褋褌懈褌褋褟	0.000287	2.659260	0.000764
锌芯褋褌薪芯械	0.000287	0.116534	0.000033
锌芯褋褌薪褘械	0.000575	0.040822	0.000023
锌芯褋褌薪褘泄	0.000575	0.116534	0.000067
锌芯褋褌芯褟薪薪芯	0.000287	0.040822	0.000012
锌芯褋褌褉芯懈屑	0.000287	0.116534	0.000033
锌芯褋褍写邪	0.000575	0.094311	0.000054
锌芯褋褍写褘	0.000287	2.525729	0.000726
锌芯褌褉褟褋邪褞褖械泄	0.000287	2.995732	0.000861
锌芯褏芯卸械谐芯	0.000287	2.995732	0.000861
锌芯褔褌褍	0.000287	0.040822	0.000012
锌芯褕邪谐芯胁褘械	0.000287	0.301105	0.000087
锌芯褕邪谐芯胁褘屑懈	0.000287	0.040822	0.000012
锌褉邪蟹写薪械褋褌胁邪	0.000287	2.407946	0.000692
锌褉邪蟹写薪懈泻邪	0.000287	0.116534	0.000033
锌褉邪蟹写薪懈泻懈	0.000287	1.771957	0.000509
锌褉邪蟹写薪懈褔薪芯	0.000287	0.116534	0.000033
锌褉邪蟹写薪懈褔薪芯谐芯	0.000287	0.116534	0.000033
锌褉邪蟹写薪懈褔薪芯屑	0.000287	1.771957	0.000509
锌褉邪蟹写薪懈褔薪褘泄	0.000575	0.116534	0.000067
锌褉邪泻褌懈泻褍屑	0.000287	0.116534	0.000033
锌褉械胁芯褋褏芯写薪褘械	0.000287	0.116534	0.000033
锌褉械胁褉邪褖械薪懈褟	0.000287	0.116534	0.000033
锌褉械写谢邪谐邪褞	0.000287	0.693147	0.000199
锌褉械写谢芯卸懈褌褜	0.000287	1.237874	0.000356
锌褉械写锌芯谢芯卸械薪懈褟	0.000287	3.218876	0.000925
锌褉械写褋褌邪胁懈褌褜	0.000287	1.660731	0.000477
锌褉械泻谢芯薪褟褞褋褜	0.000287	2.813411	0.000809
锌褉械褋薪芯械	0.000287	0.116534	0.000033
锌褉懈斜邪胁谢械薪懈褟	0.000287	2.659260	0.000764
锌褉懈胁械褌懈泻	0.000287	3.218876	0.000925
锌褉懈谐芯写懈褌褋褟	0.000287	1.609438	0.000463
锌褉懈谐芯褌芯胁懈谢邪	0.000287	1.386294	0.000398
锌褉懈谐芯褌芯胁懈屑	0.000287	0.116534	0.000033
锌褉懈谐芯褌芯胁懈褌褜	0.001150	0.342490	0.000394
锌褉懈谐芯褌芯胁谢械薪	0.000287	2.302585	0.000662
锌褉懈谐芯褌芯胁谢械薪懈械	0.000287	0.105361	0.000030
锌褉懈谐芯褌芯胁谢械薪懈懈	0.000575	0.798508	0.000459
锌褉懈谐芯褌芯胁谢械薪懈褞	0.000287	0.040822	0.000012
锌褉懈谐芯褌芯胁谢械薪懈褟	0.000287	0.371064	0.000107
锌褉懈谐芯褌芯胁褜褌械	0.000287	1.897120	0.000545
锌褉懈蟹薪邪薪懈械	0.000287	0.116534	0.000033
锌褉懈蟹芯胁	0.000287	0.040822	0.000012
锌褉懈屑械褉褍	0.000287	2.659260	0.000764
锌褉懈薪邪写谢械卸懈褌	0.000287	3.218876	0.000925
锌褉懈锌褉邪胁邪	0.001437	0.040822	0.000059
锌褉懈褉芯写褍	0.000287	0.116534	0.000033
锌褉懈褉芯写褘	0.000287	0.116534	0.000033
锌褉懈褋褌褍锌懈褌褜	0.000287	0.040822	0.000012
锌褉懈褏芯写懈谢芯褋褜	0.000287	2.659260	0.000764
锌褉芯胁械写懈	0.001150	0.116534	0.000134
锌褉芯胁械褉械薪芯	0.001725	0.116534	0.000201
锌褉芯胁械褉懈褌褜	0.000287	1.832581	0.000527
锌褉芯胁械褋褌懈	0.000287	2.995732	0.000861
锌褉芯胁芯写懈屑褘褏	0.000287	0.040822	0.000012
锌褉芯胁芯卸邪械屑	0.000287	0.116534	0.000033
锌褉芯写褍泻褌芯胁	0.000287	0.094311	0.000027
锌褉芯写褍泻褌褘	0.000287	1.386294	0.000398
锌褉芯械泻褌芯胁	0.000287	0.116534	0.000033
锌褉芯械泻褌褘	0.000287	0.061875	0.000018
锌褉芯锌懈褌邪薪薪褘泄	0.000287	2.995732	0.000861
锌褉芯褋屑芯褌褉邪屑	0.000287	0.274437	0.000079
锌褉芯褋屑芯褌褉械谢邪	0.000575	1.832581	0.001054
锌褉芯褋褌芯	0.001437	0.083382	0.000120
锌褉芯褋褌芯谐芯	0.000575	2.040221	0.001173
锌褉芯褋褌芯泻胁邪褕邪	0.000287	0.040822	0.000012
锌褉芯褋褌芯褉邪褏	0.000287	1.771957	0.000509
锌褉芯褋褌芯褌邪	0.000287	1.966113	0.000565
锌褉芯褎懈谢褜	0.000287	0.040822	0.000012
锌褉芯褔懈褌邪谢邪	0.000287	1.832581	0.000527
锌褉芯褖械	0.000287	1.660731	0.000477
锌褉褟屑芯	0.000287	0.040822	0.000012
锌褉褟薪懈泻	0.000287	0.040822	0.000012
锌褉褟薪懈泻懈	0.000287	0.116534	0.000033
锌褉褟薪懈褔薪芯械	0.000287	0.116534	0.000033
锌褌懈褑邪	0.001437	0.116534	0.000167
锌褌懈褑械	0.000575	0.116534	0.000067
锌褌懈褑械泄	0.000287	0.127833	0.000037
锌褌懈褑褘	0.004024	0.116534	0.000469
锌褍写懈薪谐	0.000287	0.040822	0.000012
锌褍写懈薪谐懈	0.000575	0.116534	0.000067
锌褍薪褕	0.000287	0.040822	0.000012
锌褍褌械褕械褋褌胁懈械	0.000575	0.116534	0.000067
锌褍褌褜	0.000287	0.116534	0.000033
锌褕械薪懈褔薪邪褟	0.002300	0.287682	0.000662
锌褘褕泻懈	0.000287	0.040822	0.000012
锌褞褉械	0.001725	0.040822	0.000070
锌褟褌褜	0.000287	1.832581	0.000527
褉邪谐褍	0.000287	0.116534	0.000033
褉邪蟹	0.000575	0.446287	0.000257
褉邪蟹胁械褉薪褍褌褜	0.000287	0.116534	0.000033
褉邪蟹写械谢褜薪芯械	0.000287	0.116534	0.000033
褉邪蟹屑械褖邪褌褜	0.000287	2.302585	0.000662
褉邪蟹薪褘械	0.000575	0.116534	0.000067
褉邪蟹芯屑	0.000287	2.407946	0.000692
褉邪蟹褍蟹薪邪褌褜	0.000287	2.525729	0.000726
褉邪褋褋屑邪褌褉懈胁邪褌褜	0.000287	2.659260	0.000764
褉邪褋褋芯谢褜薪懈泻	0.000575	0.040822	0.000023
褉邪褋褋芯谢褜薪懈泻邪	0.000287	0.116534	0.000033
褉邪褋褋褘谢泻懈	0.000287	0.061875	0.000018
褉邪褋褌懈褌械谢褜薪芯械	0.001725	0.235722	0.000407
褉械谐懈褋褌褉邪褑懈懈	0.000575	0.010050	0.000006
褉械谐懈褋褌褉邪褑懈褟	0.000287	0.000000	0.000000
褉械泄褌懈薪谐褍	0.000287	0.248461	0.000071
褉械泻芯屑械薪写褍褞	0.000287	1.049822	0.000302
褉械锌褔邪褌褘泄	0.003449	0.430783	0.001486
褉械褑械锌褌	0.006324	0.040822	0.000258
褉械褑械锌褌邪褏	0.000287	0.061875	0.000018
褉械褑械锌褌懈泻	0.000287	1.660731	0.000477
褉械褑械锌褌芯胁	0.002012	0.040822	0.000082
褉械褑械锌褌芯屑	0.000287	0.693147	0.000199
褉械褑械锌褌褍	0.000287	0.891598	0.000256
褉械褑械锌褌褘	0.020983	0.040822	0.000857
褉械褕懈谢邪	0.000287	0.820981	0.000236
褉械褕懈谢邪褋褜	0.000287	2.525729	0.000726
褉懈褋	0.001150	0.040822	0.000047
褉懈褋邪	0.000287	0.116534	0.000033
褉懈褋泻	0.000287	2.659260	0.000764
褉懈褌屑械	0.000287	0.116534	0.000033
褉芯谐邪谢懈泻懈	0.000287	0.040822	0.000012
褉芯写薪芯械	0.000287	0.116534	0.000033
褉芯卸写械薪懈褟	0.000287	0.105361	0.000030
褉芯卸写械褋褌胁芯	0.000287	0.116534	0.000033
褉芯蟹屑邪褉懈薪	0.000575	1.609438	0.000925
褉芯谢谢褌芯薪	0.000287	0.116534	0.000033
褉芯谢谢褘	0.000575	0.040822	0.000023
褉芯屑	0.000287	0.040822	0.000012
褉褍斜褉懈泻邪褌芯褉	0.000287	0.051293	0.000015
褉褍泻邪胁械	0.000287	2.813411	0.000809
褉褍谢械褌	0.000862	0.040822	0.000035
褉褍谢械褌邪	0.000287	2.813411	0.000809
褉褍谢械褌褘	0.003449	0.116534	0.000402
褉褍屑褘薪褋泻邪褟	0.000287	0.116534	0.000033
褉褍屑褟薪褘械	0.000287	0.116534	0.000033
褉褍薪械褌械	0.000287	0.020203	0.000006
褉褍褋褋泻邪褟	0.000287	0.116534	0.000033
褉褘斜邪	0.002587	0.040822	0.000106
褉褘斜械	0.000575	0.116534	0.000067
褉褘斜薪邪褟	0.000287	0.116534	0.000033
褉褘斜薪芯谐芯	0.000575	0.116534	0.000067
褉褘斜薪褘械	0.001150	0.116534	0.000134
褉褘斜薪褘泄	0.000575	0.116534	0.000067
褉褘斜薪褘褏	0.000287	0.116534	0.000033
褉褘斜芯泄	0.000575	0.116534	0.000067
褉褘斜褘	0.003449	0.116534	0.000402
褉褟卸械薪泻邪	0.000287	0.116534	0.000033
褋邪泄褌	0.000862	0.000000	0.000000
褋邪泄褌械	0.000862	0.462035	0.000398
褋邪泄褌褍	0.000575	0.061875	0.000036
褋邪谢邪褌	0.001150	0.094311	0.000108
褋邪谢邪褌邪	0.000862	1.078810	0.000930
褋邪谢邪褌薪邪褟	0.000287	0.116534	0.000033
褋邪谢邪褌褘	0.010635	0.040822	0.000434
褋邪屑芯谐芯薪	0.000287	0.040822	0.000012
褋邪屑芯褋褌芯褟褌械谢褜薪芯械	0.000287	2.207275	0.000634
褋邪屑褘屑	0.000575	1.386294	0.000797
褋邪屑褘褏	0.000575	0.116534	0.000067
褋邪褎	0.000862	0.116534	0.000100
褋邪褎褋械屑	0.000287	0.116534	0.000033
褋邪褏邪褉	0.002300	0.116534	0.000268
褋斜懈褌械薪褜	0.000287	0.040822	0.000012
褋胁械卸械褋褌褜	0.000287	0.105361	0.000030
褋胁械泻谢邪	0.000287	0.040822	0.000012
褋胁械泻芯谢褜薪懈泻	0.000575	0.040822	0.000023
褋胁械褌邪	0.001150	0.116534	0.000134
褋胁懈薪懈薪邪	0.001725	0.040822	0.000070
褋胁懈薪懈薪褘	0.002300	0.116534	0.000268
褋胁芯写懈屑	0.000287	2.659260	0.000764
褋胁芯械	0.000287	0.116534	0.000033
褋胁芯械屑	0.000287	0.040822	0.000012
褋胁芯懈屑	0.000287	0.040822	0.000012
褋胁芯褞	0.000287	0.040822	0.000012
褋谐褍褖械薪泻邪	0.000287	0.040822	0.000012
褋写械谢邪械褌	0.000287	2.995732	0.000861
褋械蟹芯薪	0.000287	0.116534	0.000033
褋械泄褔邪褋	0.000575	0.030459	0.000018
褋械泻褉械褌褘	0.000575	0.116534	0.000067
褋械谢械写泻邪	0.000287	0.040822	0.000012
褋械屑谐邪	0.000287	0.040822	0.000012
褋械屑械泄薪芯屑	0.000287	2.407946	0.000692
褋械屑械泄薪褘泄	0.000287	0.116534	0.000033
褋械屑褜械泄	0.000287	1.897120	0.000545
褋械屑褜懈	0.000287	0.116534	0.000033
褋械薪褌褟斜褉褟	0.000287	0.673345	0.000194
褋懈写褉	0.000287	0.040822	0.000012
褋懈褉懈泄褋泻邪褟	0.000287	0.116534	0.000033
褋懈褉芯锌	0.000287	0.040822	0.000012
褋懈褉芯锌褘	0.000287	0.116534	0.000033
褋懈褋褌械屑褘	0.000287	0.040822	0.000012
褋懈褌懈	0.000287	0.127833	0.000037
褋泻邪卸褍	0.000287	1.714798	0.000493
褋泻邪卸褍褌	0.000287	3.218876	0.000925
褋泻邪蟹芯泻	0.000287	0.116534	0.000033
褋泻芯胁芯褉芯写泻械	0.000287	2.207275	0.000634
褋泻芯胁芯褉芯写泻褍	0.000287	2.407946	0.000692
褋谢邪写泻邪褟	0.001150	0.116534	0.000134
褋谢邪写泻懈械	0.001725	0.040822	0.000070
褋谢邪写泻懈泄	0.002587	0.105361	0.000273
褋谢邪写泻懈褏	0.000575	0.116534	0.000067
褋谢邪写泻芯	0.000287	0.116534	0.000033
褋谢械写懈褌褜	0.000287	2.659260	0.000764
褋谢懈胁泻懈	0.000575	1.078810	0.000620
褋谢懈胁芯褔薪芯械	0.001437	0.116534	0.000167
褋谢懈胁芯褔薪褘屑	0.000287	1.966113	0.000565
褋谢懈褕泻芯屑	0.000287	2.120264	0.000609
褋谢芯械薪芯谐芯	0.000287	0.127833	0.000037
褋谢芯械薪芯械	0.000287	0.116534	0.000033
褋谢芯械薪褘泄	0.000287	0.116534	0.000033
褋谢芯泄泻邪	0.000287	0.040822	0.000012
褋谢芯泄泻懈	0.000287	0.116534	0.000033
褋屑械谢芯	0.000287	2.120264	0.000609
褋屑械褌邪薪邪	0.001437	0.105361	0.000151
褋屑械褕邪薪薪芯谐芯	0.000287	0.116534	0.000033
褋屑芯谐褍	0.000287	2.659260	0.000764
褋屑芯卸械褌械	0.000287	0.040822	0.000012
褋屑褍蟹懈	0.000862	0.040822	0.000035
褋薪褝泻	0.000287	0.116534	0.000033
褋芯斜邪泻芯泄	0.000287	2.659260	0.000764
褋芯斜懈褉邪械褌械褋褜	0.000287	0.040822	0.000012
褋芯斜懈褉邪谢邪褋褜	0.000287	2.525729	0.000726
褋芯斜谢褞写邪褞褌	0.000287	2.813411	0.000809
褋芯胁械褉褕械薪褋褌胁芯	0.001437	0.116534	0.000167
褋芯胁械褌邪屑懈	0.000287	0.040822	0.000012
褋芯胁械褌褍褞	0.000287	1.139434	0.000328
褋芯谐谢邪褕邪械褌械褋褜	0.000287	0.040822	0.000012
褋芯械胁褘泄	0.001150	0.798508	0.000918
褋芯卸邪谢械薪懈褞	0.000287	2.525729	0.000726
褋芯蟹写邪械褌	0.000287	0.116534	0.000033
褋芯蟹写邪薪懈褟	0.000575	0.261365	0.000150
褋芯泻	0.000862	0.116534	0.000100
褋芯泻邪	0.000287	0.105361	0.000030
褋芯泻懈	0.000287	0.040822	0.000012
褋芯谢械薪褘械	0.000862	0.116534	0.000100
褋芯谢械薪褜褟	0.000575	0.116534	0.000067
褋芯谢薪械褔薪芯泄	0.000287	0.127833	0.000037
褋芯谢褜	0.004599	0.150823	0.000694
褋芯谢褟薪泻邪	0.000575	0.040822	0.000023
褋芯芯褌胁械褌褋褌胁褍械褌	0.000287	2.302585	0.000662
褋芯褉褌懈褉芯胁邪褌褜	0.000287	0.248461	0.000071
褋芯褋褌邪胁懈谢芯	0.000287	2.525729	0.000726
褋芯褋褌邪胁褜	0.000287	0.116534	0.000033
褋芯褍褋	0.003449	0.040822	0.000141
褋芯褍褋芯屑	0.001437	0.116534	0.000167
褋芯褍褋褘	0.001150	0.116534	0.000134
褋芯褏褉邪薪褟褌褜	0.000287	0.040822	0.000012
褋芯褑芯锌褉芯褋	0.000287	3.218876	0.000925
褋芯褑褋械褌懈	0.000287	0.040822	0.000012
褋芯褔械褌邪薪懈械	0.000287	0.116534	0.000033
褋芯褔薪芯械	0.000575	0.116534	0.000067
褋锌邪谢褜薪褟屑懈	0.000862	0.446287	0.000385
褋锌邪褋懈斜芯	0.000862	0.673345	0.000581
褋锌械褑懈邪谢褜薪芯械	0.000287	0.116534	0.000033
褋锌械褑懈懈	0.002012	0.105361	0.000212
褋锌械褑锌褉芯械泻褌	0.009485	0.116534	0.001105
褋锌懈褋芯泻	0.000287	0.116534	0.000033
褋锌芯褋芯斜械	0.000287	2.525729	0.000726
褋锌芯褞	0.000287	0.116534	0.000033
褋褉邪蟹褍	0.000575	0.733969	0.000422
褋褉械写懈蟹械屑薪芯屑芯褉褋泻邪褟	0.000287	0.127833	0.000037
褋褌邪薪械褌	0.000287	1.832581	0.000527
褋褌邪褉褘械	0.000287	0.261365	0.000075
褋褌邪褌褜褟褏	0.000287	0.061875	0.000018
褋褌械锌懈	0.000287	2.302585	0.000662
褋褌械锌薪芯屑褍	0.000287	2.407946	0.000692
褋褌懈谢械	0.000287	0.116534	0.000033
褋褌懈谢褟	0.000287	0.116534	0.000033
褋褌芯谢	0.000862	0.105361	0.000091
褋褌芯谢邪	0.001725	0.116534	0.000201
褋褌芯谢械	0.000287	1.469676	0.000422
褋褌芯褍薪	0.000287	4.605170	0.001324
褋褌褉芯懈褌械谢褜褋褌胁械	0.000287	0.040822	0.000012
褋褌褉芯懈褌械谢褜褋褌胁褍	0.000287	0.040822	0.000012
褋褌褉芯懈褌褜	0.000287	0.040822	0.000012
褋褌褉芯泄薪芯泄	0.000287	0.116534	0.000033
褋褌褘写薪芯	0.000287	2.120264	0.000609
褋褍斜锌褉芯写褍泻褌芯胁	0.002012	0.116534	0.000234
褋褍斜锌褉芯写褍泻褌褘	0.000862	0.116534	0.000100
褋褍薪械谢懈	0.000575	2.207275	0.001269
褋褍锌	0.004024	0.040822	0.000164
褋褍锌邪	0.000287	0.040822	0.000012
褋褍锌褔懈泻	0.000287	2.302585	0.000662
褋褍锌褘	0.003162	0.040822	0.000129
褋褍褎谢械	0.000862	0.040822	0.000035
褋褍褏邪褉懈	0.000862	0.040822	0.000035
褋褍褕懈	0.000575	0.040822	0.000023
褋褔邪褋褌褜褟	0.000287	2.407946	0.000692
褋褘褉	0.004312	0.040822	0.000176
褋褘褉邪	0.001437	0.116534	0.000167
褋褘褉邪屑懈	0.000287	0.127833	0.000037
褋褘褉薪懈泻	0.000287	0.040822	0.000012
褋褘褉薪懈泻懈	0.000575	0.116534	0.000067
褋褘褉薪褘械	0.001150	0.040822	0.000047
褋褘褉芯屑	0.000862	0.713350	0.000615
褋褘褌薪褘泄	0.000575	0.105361	0.000061
褋褘褔褍卸薪褘屑懈	0.000287	0.127833	0.000037
褋褝薪写胁懈褔懈	0.000287	0.127833	0.000037
褋褞褉锌褉懈蟹	0.000287	0.116534	0.000033
褌邪写卸懈泻褋泻邪褟	0.000287	0.116534	0.000033
褌邪泄褋泻邪褟	0.000287	0.116534	0.000033
褌邪泻懈	0.000287	1.237874	0.000356
褌邪泻懈屑	0.000862	1.021651	0.000881
褌邪泻懈褏	0.000287	1.660731	0.000477
褌邪泻芯屑	0.000287	1.897120	0.000545
褌邪泻褍褞	0.000575	1.427116	0.000820
褌邪褉褌	0.000287	0.116534	0.000033
褌邪褉褌邪谢械褌泻懈	0.000575	0.040822	0.000023
褌邪褌邪褉褋泻邪褟	0.000287	0.116534	0.000033
褌胁械褉写褘泄	0.002300	0.562119	0.001293
褌胁芯懈	0.000575	0.116534	0.000067
褌胁芯褉懈	0.000287	0.116534	0.000033
褌胁芯褉芯谐	0.000575	0.040822	0.000023
褌胁芯褉芯谐芯屑	0.000287	0.105361	0.000030
褌胁芯褉芯卸薪芯械	0.000287	0.116534	0.000033
褌胁芯褉芯卸薪褘械	0.000575	0.116534	0.000067
褌胁芯褉芯卸薪褘泄	0.000862	0.116534	0.000100
褌械谢械谐褉邪屑	0.000287	0.040822	0.000012
褌械谢褟褌懈薪褘	0.001150	0.116534	0.000134
褌械锌谢芯屑	0.000287	0.116534	0.000033
褌械褉褉邪褋芯泄	0.000287	0.798508	0.000230
褌械褉褉懈薪	0.000287	0.040822	0.000012
褌械褋褌	0.001437	0.127833	0.000184
褌械褋褌邪	0.001725	0.105361	0.000182
褌械褋褌芯	0.002587	0.040822	0.000106
褌械褏	0.000575	0.634878	0.000365
褌械褏薪懈泻邪	0.001437	0.105361	0.000151
褌械褖懈薪	0.000287	0.040822	0.000012
褌懈屑褜褟薪	0.000575	2.659260	0.001529
褌屑	0.001150	0.127833	0.000147
褌芯屑	0.000287	1.171183	0.000337
褌芯锌谢械薪芯械	0.000287	0.116534	0.000033
褌芯褉褌	0.003162	0.040822	0.000129
褌芯褉褌褘	0.002587	0.116534	0.000301
褌褉邪胁褘	0.000287	0.105361	0.000030
褌褉邪写懈褑懈懈	0.000287	0.116534	0.000033
褌褉邪写懈褑懈泄	0.001150	0.116534	0.000134
褌褉邪写懈褑懈褟褏	0.000287	0.116534	0.000033
褌褉械褏谢械褌懈械屑	0.000287	0.116534	0.000033
褌褉懈	0.000287	1.386294	0.000398
褌褉褍斜芯褔泻懈	0.000287	0.040822	0.000012
褌褉褍写邪	0.000287	2.407946	0.000692
褌褍薪懈褋褋泻邪褟	0.000287	0.116534	0.000033
褌褍薪褑芯屑	0.000287	0.116534	0.000033
褌褍褉械褑泻邪褟	0.000287	0.116534	0.000033
褌褘泻胁邪	0.000287	0.040822	0.000012
褍胁械写芯屑谢械薪懈褟	0.000287	0.040822	0.000012
褍胁械褉械薪邪	0.000287	1.272966	0.000366
褍胁懈写械谢邪	0.000287	1.427116	0.000410
褍谐芯褋褌懈褌褜	0.000287	2.407946	0.000692
褍写邪谢褞	0.000287	1.771957	0.000509
褍写邪褔薪邪褟	0.000287	0.116534	0.000033
褍写懈胁懈	0.000287	0.116534	0.000033
褍写懈胁谢褟泄褌械	0.001150	0.116534	0.000134
褍写芯胁芯谢褜褋褌胁懈械屑	0.000287	0.116534	0.000033
褍卸	0.000287	0.693147	0.000199
褍卸懈薪	0.001725	0.094311	0.000163
褍蟹斜械泻褋泻邪褟	0.000287	0.116534	0.000033
褍泻褉邪懈薪褋泻邪褟	0.000287	0.116534	0.000033
褍泻褉邪褕械薪懈褟	0.002300	0.116534	0.000268
褍泻褉芯锌	0.001725	0.562119	0.000969
褍泻褋褍褋	0.000575	0.634878	0.000365
褍屑械褞	0.000287	2.995732	0.000861
褍屑芯锌芯屑褉邪褔懈褌械谢褜薪褘屑	0.000287	2.302585	0.000662
褍锌芯褌褉械斜谢械薪懈械屑	0.000287	0.116534	0.000033
褍褉邪谢褜褋泻邪褟	0.000287	0.116534	0.000033
褍褉芯卸邪泄	0.000287	0.105361	0.000030
褍褌泻懈	0.000862	0.116534	0.000100
褍褏	0.000287	2.995732	0.000861
褍褏邪	0.000287	0.040822	0.000012
褍褔邪褋褌胁芯胁邪褌褜	0.000287	0.040822	0.000012
褍褞褌薪芯屑	0.000287	2.525729	0.000726
褎邪蟹械薪写褘	0.000287	0.127833	0.000037
褎邪薪褌邪蟹懈懈	0.001725	0.116534	0.000201
褎邪薪褌邪蟹懈泄	0.000287	0.116534	0.000033
褎邪薪褌邪蟹懈褟	0.000287	0.116534	0.000033
褎邪褉褕	0.000575	1.021651	0.000587
褎邪褉褕邪	0.004312	0.040822	0.000176
褎邪褉褕懈褉芯胁邪薪薪邪褟	0.000575	0.116534	0.000067
褎邪褉褕懈褉芯胁邪薪薪芯械	0.000287	0.116534	0.000033
褎邪褉褕懈褉芯胁邪薪薪褘械	0.000575	0.040822	0.000023
褎邪褉褕懈褉芯胁邪薪薪褘泄	0.000287	0.040822	0.000012
褎邪褋芯谢褜	0.000287	0.040822	0.000012
褎械胁褉邪谢褟	0.001150	0.105361	0.000121
褎械泄械褉胁械褉泻	0.000575	0.116534	0.000067
褎懈谐褍褉械	0.000287	0.116534	0.000033
褎懈谢械	0.001150	0.916291	0.001054
褎懈薪褋泻邪褟	0.000287	0.116534	0.000033
褎懈褉屑械薪薪芯械	0.000287	0.116534	0.000033
褎芯薪写褞	0.000287	0.040822	0.000012
褎芯褉屑褘	0.000287	0.116534	0.000033
褎芯褉褍屑邪	0.000287	1.832581	0.000527
褎芯褉褍屑械	0.000575	0.040822	0.000023
褎芯褉褕屑邪泻	0.000287	0.040822	0.000012
褎褉邪薪褑懈懈	0.000287	0.116534	0.000033
褎褉邪薪褑褍蟹褋泻邪褟	0.000287	0.116534	0.000033
褎褉邪褍	0.001150	0.116534	0.000134
褎褉褍泻褌芯胁	0.001150	0.116534	0.000134
褎褉褍泻褌芯胁芯	0.000287	0.116534	0.000033
褎褉褍泻褌芯胁褘械	0.002012	0.040822	0.000082
褎褍写	0.000287	0.116534	0.000033
褎褍褉褕械褌	0.000287	0.116534	0.000033
褏邪谢胁邪	0.000287	0.040822	0.000012
褏邪褉胁械褋褌褎械褋褌	0.000575	0.116534	0.000067
褏邪褉褔芯	0.000575	0.040822	0.000023
褏邪褕	0.000287	0.040822	0.000012
褏胁芯褉芯褋褌	0.000287	0.040822	0.000012
褏懈薪泻邪谢懈	0.000287	0.116534	0.000033
褏懈褌	0.002012	0.116534	0.000234
褏懈褌褉芯褋褌懈	0.000287	2.659260	0.000764
褏谢械斜	0.002300	0.040822	0.000094
褏谢械斜芯锌械褔泻懈	0.000287	0.116534	0.000033
褏谢械斜褍褕械泻	0.000287	2.120264	0.000609
褏谢芯锌褜褟	0.000575	0.105361	0.000061
褏屑械谢懈	0.000575	2.207275	0.001269
褏芯蟹褟泄泻邪	0.000575	1.897120	0.001091
褏芯蟹褟泄泻懈	0.000575	0.127833	0.000073
褏芯谢芯写械褑	0.000287	0.040822	0.000012
褏芯谢芯写懈谢褜薪懈泻械	0.000287	1.609438	0.000463
褏芯谢芯写薪褘械	0.000575	0.116534	0.000067
褏芯谢芯写薪褘泄	0.000575	0.116534	0.000067
褏芯褉胁邪褌褋泻邪褟	0.000287	0.116534	0.000033
褏芯褉芯褕芯	0.001437	0.105361	0.000151
褏芯褉褋	0.000287	0.116534	0.000033
褏芯褌懈褌械	0.000287	0.040822	0.000012
褏芯褔褍	0.000862	0.562119	0.000485
褏褉褍褋褌褟褖械泄	0.000287	1.609438	0.000463
褏褉褍褋褌褟褖懈泄	0.000287	2.040221	0.000586
褏褍屑褍褋	0.000287	0.040822	0.000012
褑邪褉褋褌胁芯	0.000287	0.127833	0.000037
褑邪褉褜	0.000287	0.116534	0.000033
褑胁械褌薪邪褟	0.000287	0.040822	0.000012
褑械薪薪褘褏	0.000287	0.040822	0.000012
褑械薪褌褉	0.000287	0.116534	0.000033
褔邪械屑	0.000287	0.116534	0.000033
褔邪泄	0.000862	0.040822	0.000035
褔邪褋邪	0.000287	1.514128	0.000435
褔械斜褍褉械泻懈	0.000575	0.040822	0.000023
褔械谐芯	0.000287	1.203973	0.000346
褔械屑褍	0.000287	2.407946	0.000692
褔械褉泻懈蟹芯胁芯	0.000575	0.116534	0.000067
褔械褉薪褘泄	0.002874	0.371064	0.001067
褔械褋薪芯泻	0.009485	0.314711	0.002985
褔械褋薪芯泻邪	0.000287	2.995732	0.000861
褔械褋薪芯泻芯屑	0.000575	1.660731	0.000955
褔械褋褌薪褘屑懈	0.000287	0.040822	0.000012
褔械褔械胁懈褑邪	0.000287	0.040822	0.000012
褔械褕褋泻邪褟	0.000287	0.116534	0.000033
褔懈蟹泻械泄泻	0.001150	0.040822	0.000047
褔懈谢懈泄褋泻邪褟	0.000287	0.116534	0.000033
褔懈锌褋褘	0.000287	0.040822	0.000012
褔懈褋谢褍	0.000287	0.261365	0.000075
褔褍写械褋	0.000287	0.116534	0.000033
褔褍写械褋薪褘屑	0.000287	2.407946	0.000692
褔褍写芯	0.000287	1.309333	0.000376
褔褍写芯屑	0.000287	2.407946	0.000692
褕邪褉懈泻懈	0.000287	0.040822	0.000012
褕邪褉谢芯褌泻邪	0.000287	0.040822	0.000012
褕邪褉谢芯褌泻懈	0.000287	0.127833	0.000037
褕邪褉屑	0.000287	0.116534	0.000033
褕邪褕谢褘泻	0.003449	0.040822	0.000141
褕邪褕谢褘泻懈	0.000575	0.040822	0.000023
褕胁械写褋泻邪褟	0.000287	0.116534	0.000033
褕胁械泄褑邪褉褋泻邪褟	0.000287	0.116534	0.000033
褕械写械胁褉褘	0.000287	0.116534	0.000033
褕械褎	0.000287	0.127833	0.000037
褕懈锌褍褔泻邪	0.000287	0.040822	0.000012
褕懈褉芯泻邪褟	0.000287	0.127833	0.000037
褕泻芯谢褍	0.000287	0.116534	0.000033
褕屑懈写褌	0.000287	3.506558	0.001008
褕芯泻芯谢邪写	0.000287	0.040822	0.000012
褕芯褌谢邪薪写褋泻邪褟	0.000287	0.116534	0.000033
褕褌褉褍写械谢褜	0.000287	0.040822	0.000012
褕褌褍褔泻懈	0.000287	2.120264	0.000609
褕褍褉锌邪	0.000287	0.040822	0.000012
褖邪褋	0.000287	0.116534	0.000033
褖械写褉邪褟	0.000287	0.116534	0.000033
褖懈	0.000575	0.040822	0.000023
褝泻芯屑懈谢泻	0.000287	0.127833	0.000037
褝褋褌芯薪褋泻邪褟	0.000287	0.116534	0.000033
褝褌懈屑	0.000287	1.108663	0.000319
褝褌芯谐芯	0.000575	0.415515	0.000239
褞谐芯褋谢邪胁褋泻邪褟	0.000287	0.116534	0.000033
褟谐芯写薪褘械	0.000575	0.116534	0.000067
褟谐芯写薪褘泄	0.000575	0.116534	0.000067
褟蟹褘泻	0.000287	0.040822	0.000012
褟懈褑	0.001150	0.116534	0.000134
褟泄褑邪	0.000287	0.040822	0.000012
褟泄褑芯	0.001150	0.261365	0.000301
褟谢芯褉懈褋	0.000287	1.771957	0.000509
褟薪写械泻褋	0.000287	0.072571	0.000021
褟锌芯薪褋泻邪褟	0.000287	0.116534	0.000033
褟锌芯薪褋泻芯泄	0.000287	0.061875	0.000018
褟褉泻懈械	0.000287	0.116534	0.000033
褟褉泻芯	0.000287	0.105361	0.000030
