褌芯泻械薪	TF	IDF	TF-IDF
邪斜褏邪蟹褋泻邪褟	0.000271	0.116534	0.000032
邪胁褋褌褉邪谢懈泄褋泻邪褟	0.000271	0.116534	0.000032
邪胁褋褌褉懈泄褋泻邪褟	0.000271	0.116534	0.000032
邪胁褌芯泻谢邪胁邪	0.000271	0.116534	0.000032
邪胁褌芯褉邪屑	0.000271	0.040822	0.000011
邪谐褉芯	0.000271	0.116534	0.000032
邪写卸懈泻邪	0.000271	0.040822	0.000011
邪蟹械褉斜邪泄写卸邪薪褋泻邪褟	0.000271	0.116534	0.000032
邪蟹懈邪褌褋泻邪褟	0.000271	0.127833	0.000035
邪蟹褘	0.000271	0.127833	0.000035
邪泄褉邪薪	0.000271	0.040822	0.000011
邪泻胁邪褌懈泻邪	0.000813	0.127833	0.000104
邪谢械泻褋械褟	0.000271	0.127833	0.000035
邪谢泻芯谐芯谢褜	0.000542	0.116534	0.000063
邪谢泻芯谐芯谢褜薪褘械	0.000271	0.116534	0.000032
邪谢泻芯谐芯谢褟	0.000271	0.116534	0.000032
邪谢褜褟薪褋	0.000271	0.116534	0.000032
邪屑械褉懈泻邪薪褋泻邪褟	0.000271	0.116534	0.000032
邪薪谐谢懈泄褋泻邪褟	0.000271	0.116534	0.000032
邪薪写褉械褟	0.000271	0.127833	0.000035
邪锌褉械谢褟	0.000813	0.579818	0.000472
邪褉邪斜褋泻邪褟	0.000271	0.116534	0.000032
邪褉谐械薪褌懈薪褋泻邪褟	0.000271	0.116534	0.000032
邪褉屑褟薪褋泻邪褟	0.000271	0.116534	0.000032
邪褉芯屑邪褌芯胁	0.000271	2.813411	0.000763
邪褉芯屑邪褌芯屑	0.000271	1.514128	0.000411
邪褋褋芯褉褌懈	0.000542	0.116534	0.000063
邪褌谢邪薪褌	0.000271	0.127833	0.000035
邪褎谐邪薪褋泻邪褟	0.000271	0.116534	0.000032
邪褎褉懈泻邪薪褋泻邪褟	0.000271	0.116534	0.000032
邪褔屑褘	0.000271	3.506558	0.000951
邪褝褉芯谐褉懈谢械	0.002711	0.116534	0.000316
斜邪泻谢邪卸邪薪褘	0.000271	0.040822	0.000011
斜邪谢泻芯薪芯屑	0.000271	2.302585	0.000624
斜邪谢褌泻芯屑	0.000271	0.127833	0.000035
斜邪褉邪薪懈薪褘	0.001085	0.116534	0.000126
斜邪褋屑邪褌懈	0.000542	0.127833	0.000069
斜邪褋褌褍褉屑邪	0.000271	0.040822	0.000011
斜邪褌芯薪	0.001356	1.660731	0.002252
斜邪褌芯薪邪	0.000271	2.995732	0.000812
斜邪褌芯薪褔懈泻懈	0.000271	0.127833	0.000035
斜邪褕泻懈褉褋泻邪褟	0.000271	0.116534	0.000032
斜械蟹邪谢泻芯谐芯谢褜薪褘械	0.000271	0.116534	0.000032
斜械蟹谐谢褞褌械薪芯胁褘械	0.000271	0.116534	0.000032
斜械蟹械	0.001085	0.040822	0.000044
斜械蟹芯斜褉邪蟹懈褟	0.000542	2.525729	0.001370
斜械谢械斜械械胁褋泻懈泄	0.000542	0.116534	0.000063
斜械谢芯泻芯褔邪薪薪邪褟	0.000542	0.994252	0.000539
斜械谢芯褉褍褋褋泻邪褟	0.000271	0.116534	0.000032
斜械谢褘泄	0.000542	1.609438	0.000873
斜械谢褜谐懈泄褋泻邪褟	0.000271	0.116534	0.000032
斜械褉械屑械薪薪褘褏	0.000271	0.116534	0.000032
斜械褋械写懈薪邪	0.000271	0.127833	0.000035
斜懈褋泻胁懈褌	0.000271	0.040822	0.000011
斜懈褋泻胁懈褌薪芯械	0.000542	0.116534	0.000063
斜懈褋泻胁懈褌薪褘泄	0.000271	0.105361	0.000029
斜懈褋泻胁懈褌褘	0.000271	0.127833	0.000035
斜懈褔	0.000271	3.912023	0.001061
斜谢懈卸械	0.000271	0.116534	0.000032
斜谢懈蟹泻懈褏	0.000271	0.116534	0.000032
斜谢懈薪芯胁	0.000542	0.116534	0.000063
斜谢懈薪褘	0.001085	0.040822	0.000044
斜谢褞写	0.000542	0.094311	0.000051
斜谢褞写邪	0.028200	0.040822	0.001151
斜谢褞写芯	0.002169	0.040822	0.000089
斜谢褞写芯屑	0.000542	0.994252	0.000539
斜谢褞写褍	0.000271	0.116534	0.000032
斜芯斜芯胁褘械	0.000542	0.127833	0.000069
斜芯斜芯胁褘褏	0.001898	0.116534	0.000221
斜芯谢谐邪褉褋泻邪褟	0.000271	0.116534	0.000032
斜芯谢谐邪褉褋泻懈泄	0.001627	0.843970	0.001373
斜芯谢褜褕械	0.000813	0.105361	0.000086
斜芯芯芯芯芯谢褜褕懈屑	0.000271	3.218876	0.000873
斜芯褉褖	0.000542	0.040822	0.000022
斜芯褌胁懈薪褜褟	0.000271	0.040822	0.000011
斜褉邪蟹懈谢褜褋泻邪褟	0.000271	0.116534	0.000032
斜褉邪褌芯屑	0.000271	3.218876	0.000873
斜褉邪褍蟹械褉械	0.000271	0.040822	0.000011
斜褉邪褍薪懈	0.000271	0.040822	0.000011
斜褉械褋褌	0.000271	0.127833	0.000035
斜褉芯泻泻芯谢懈	0.000271	0.040822	0.000011
斜褉褘蟹谐	0.000271	2.659260	0.000721
斜褍卸械薪懈薪邪	0.000271	0.040822	0.000011
斜褍谢芯褔泻邪屑懈	0.000271	0.116534	0.000032
斜褍谢芯褔泻懈	0.000542	0.040822	0.000022
斜褍谢褜芯薪	0.002440	0.040822	0.000100
斜褍谢褜芯薪褘	0.001356	0.116534	0.000158
斜褍褉谐械褉	0.000271	0.040822	0.000011
斜褍褉谐械褉褘	0.000271	0.127833	0.000035
斜褍褉褟褌褋泻邪褟	0.000271	0.116534	0.000032
斜褍褌械褉斜褉芯写	0.000542	0.116534	0.000063
斜褍褌械褉斜褉芯写褘	0.000813	0.040822	0.000033
斜褘褋褌褉芯	0.000542	0.094311	0.000051
斜褘褋褌褉芯泄	0.000271	0.116534	0.000032
斜褘褋褌褉褘泄	0.000542	0.105361	0.000057
胁邪卸薪褘械	0.000271	0.116534	0.000032
胁邪谢谢懈泄褋泻邪褟	0.000271	0.116534	0.000032
胁邪谢褋械薪斜褍褉谐	0.000271	4.605170	0.001249
胁邪屑懈	0.000271	0.843970	0.000229
胁邪褉械薪懈泻懈	0.000271	0.116534	0.000032
胁邪褉械薪褜械	0.000542	0.040822	0.000022
胁邪褌褉褍褕泻懈	0.000271	0.040822	0.000011
胁邪褎谢懈	0.000542	0.040822	0.000022
胁邪褕械	0.000271	1.897120	0.000514
胁邪褕械泄	0.000542	0.040822	0.000022
胁邪褕懈屑	0.000271	2.040221	0.000553
胁胁芯写褟	0.000271	0.040822	0.000011
胁写芯褏薪芯胁械薪懈械	0.001085	0.116534	0.000126
胁写芯褏薪芯胁械薪懈械屑	0.000542	0.116534	0.000063
胁写芯褏薪芯胁谢褟泄褋褟	0.000271	0.116534	0.000032
胁写褉褍谐	0.000271	2.407946	0.000653
胁械谐械褌邪褉懈邪薪褋泻懈械	0.000271	0.127833	0.000035
胁械谐械褌邪褉懈邪薪褋泻芯械	0.000271	0.116534	0.000032
胁械谢懈泻懈泄	0.000542	0.116534	0.000063
胁械薪谐械褉褋泻邪褟	0.000271	0.116534	0.000032
胁械褉薪褍谢懈褋褜	0.000271	3.218876	0.000873
胁械褋械薪薪懈械	0.000271	0.051293	0.000014
胁械褋薪邪	0.001356	0.116534	0.000158
胁械褋薪褍	0.000271	3.218876	0.000873
胁械褋薪褘	0.000271	0.116534	0.000032
胁械褌褔懈薪褘	0.000271	0.105361	0.000029
胁蟹谐谢褟写	0.000271	1.427116	0.000387
胁懈写械芯	0.000542	0.116534	0.000063
胁懈写械芯褉械褑械锌褌褘	0.000271	0.301105	0.000082
胁懈薪芯	0.000542	0.040822	0.000022
胁泻谢褞褔邪褞褖懈褏	0.000271	0.634878	0.000172
胁泻褍褋	0.001085	0.105361	0.000114
胁泻褍褋邪	0.002169	0.116534	0.000253
胁泻褍褋械薪	0.000271	1.560648	0.000423
胁泻褍褋薪邪褟	0.001085	0.061875	0.000067
胁泻褍褋薪械械	0.000542	0.116534	0.000063
胁泻褍褋薪械泄	0.000271	0.116534	0.000032
胁泻褍褋薪械泄褕懈械	0.000271	2.120264	0.000575
胁泻褍褋薪芯	0.002440	0.094311	0.000230
胁泻褍褋薪褍褞	0.000271	2.207275	0.000599
胁泻褍褋薪褘械	0.000542	0.105361	0.000057
胁泻褍褋薪褘泄	0.000542	0.385662	0.000209
胁泻褍褋薪褘屑	0.000271	1.049822	0.000285
胁泻褍褋芯屑	0.000271	0.105361	0.000029
胁谢褞斜懈谢懈褋褜	0.000271	2.120264	0.000575
胁谢褞斜谢械薪薪褘褏	0.000271	0.116534	0.000032
胁薪邪褔邪谢械	0.001085	0.248461	0.000269
胁薪懈屑邪薪懈械	0.000271	2.813411	0.000763
胁薪褍褌褉懈	0.000542	1.469676	0.000797
胁芯	0.001085	0.061875	0.000067
胁芯写邪	0.000542	0.287682	0.000156
胁芯写械	0.000271	0.105361	0.000029
胁芯蟹写褍褕薪褘屑懈	0.000271	2.995732	0.000812
胁芯泄褌懈	0.000271	0.000000	0.000000
胁芯谢芯胁邪薪褘	0.000271	0.116534	0.000032
胁芯谢褕械斜薪邪褟	0.000271	2.659260	0.000721
胁芯谢褕械斜薪芯	0.000271	2.525729	0.000685
胁芯谢褕械斜薪褘械	0.000271	0.116534	0.000032
胁芯谢褕械斜褋褌胁芯	0.000271	0.116534	0.000032
胁芯锌褉芯褋	0.000271	1.771957	0.000480
胁芯锌褉芯褋褘	0.000271	0.000000	0.000000
胁芯褋锌芯屑懈薪邪薪懈械	0.000271	3.218876	0.000873
胁芯褋褌芯褔薪邪褟	0.000271	0.127833	0.000035
胁锌械褉胁褘械	0.000271	1.560648	0.000423
胁褉械屑械薪邪	0.000271	0.116534	0.000032
胁褉械屑械薪械屑	0.001627	0.116534	0.000190
胁褉械屑褟	0.000813	0.400478	0.000326
胁褋械谐写邪	0.000813	0.653926	0.000532
胁褋械谐芯	0.000271	0.186330	0.000051
胁褋械泄	0.001085	0.105361	0.000114
胁褋械屑褍	0.000271	0.061875	0.000017
胁褋锌芯屑薪懈褌褜	0.000271	0.040822	0.000011
胁褋褞	0.000271	1.966113	0.000533
胁褌芯褉芯械	0.000271	0.116534	0.000032
胁褌芯褉褘械	0.000271	0.127833	0.000035
胁褌芯褉褘褏	0.000271	2.407946	0.000653
胁褏芯写	0.000813	0.030459	0.000025
胁褔械褉邪	0.000271	2.040221	0.000553
胁褘泄褌懈	0.000271	0.040822	0.000011
胁褘泻谢邪写褘胁邪褞	0.000271	2.407946	0.000653
胁褘锌械褔泻邪	0.003796	0.040822	0.000155
胁褘锌械褔泻懈	0.000542	0.072571	0.000039
胁褘锌械褔泻芯泄	0.000271	0.116534	0.000032
胁褘褌械褋薪械薪薪芯谐芯	0.000271	3.218876	0.000873
胁褜械褌薪邪屑褋泻邪褟	0.000271	0.116534	0.000032
谐邪胁邪泄褋泻邪褟	0.000271	0.116534	0.000032
谐邪褉邪卸芯屑	0.000271	1.078810	0.000293
谐邪褉薪懈褉	0.002711	0.040822	0.000111
谐邪褋锌邪褔芯	0.000271	0.040822	0.000011
谐械芯谐褉邪褎懈褟	0.000271	0.116534	0.000032
谐谢邪胁薪芯械	0.000271	1.139434	0.000309
谐谢邪胁薪褘泄	0.000271	0.040822	0.000011
谐谢邪蟹褍褉褜	0.000813	0.040822	0.000033
谐谢械褏褍褉邪写	0.000271	3.218876	0.000873
谐谢懈薪褌胁械泄薪	0.000271	0.040822	0.000011
谐芯胁褟写懈薪褘	0.001085	0.116534	0.000126
谐芯写	0.003254	0.105361	0.000343
谐芯写邪	0.004338	0.248461	0.001078
谐芯谢谢邪薪写褋泻邪褟	0.000271	0.116534	0.000032
谐芯谢谢邪薪写褋泻懈泄	0.000542	1.966113	0.001066
谐芯褉写褘泄	0.000271	3.506558	0.000951
谐芯褉芯写邪	0.000271	0.116534	0.000032
谐芯褉芯褏	0.000271	0.116534	0.000032
谐芯褉褔懈褑邪	0.000542	0.040822	0.000022
谐芯褉褔懈褑邪屑懈	0.000271	0.127833	0.000035
谐芯褉褕芯褔泻邪褏	0.000271	0.105361	0.000029
谐芯褉褕芯褔泻械	0.000271	0.040822	0.000011
谐芯褉褟褔械械	0.000542	0.116534	0.000063
谐芯褉褟褔懈械	0.011931	0.105361	0.001257
谐芯褉褟褔懈泄	0.000542	0.116534	0.000063
谐芯褋褌懈	0.000813	0.116534	0.000095
谐芯褌芯胁懈谢邪	0.000271	0.733969	0.000199
谐芯褌芯胁懈屑	0.001627	0.094311	0.000153
谐芯褌芯胁懈褌褜	0.001356	0.105361	0.000143
谐芯褌芯胁懈褌褜褋褟	0.000271	3.218876	0.000873
谐芯褌芯胁泻懈	0.000271	2.207275	0.000599
谐芯褌芯胁谢褞	0.000271	1.049822	0.000285
谐芯褌芯胁褜	0.000542	0.116534	0.000063
谐芯褌芯胁褟褌	0.000542	0.116534	0.000063
谐褉械薪泻懈	0.000542	0.040822	0.000022
谐褉械褑泻懈械	0.000542	1.469676	0.000797
谐褉械褔械褋泻邪褟	0.000271	0.116534	0.000032
谐褉械褔泻邪	0.000271	0.040822	0.000011
谐褉懈斜邪屑懈	0.001085	0.105361	0.000114
谐褉懈斜薪褘械	0.000542	0.040822	0.000022
谐褉懈斜芯胁	0.001356	0.116534	0.000158
谐褉懈斜褘	0.000813	0.040822	0.000033
谐褉懈谢械	0.001356	0.116534	0.000158
谐褉懈谢褜	0.000271	0.116534	0.000032
谐褉懈谢褜屑邪薪懈褟	0.000271	0.116534	0.000032
谐褉懈谢褟	0.001085	0.116534	0.000126
谐褉芯谐	0.000271	0.040822	0.000011
谐褉褍蟹懈薪褋泻邪褟	0.000271	0.116534	0.000032
谐褉褍锌锌褘	0.000271	0.061875	0.000017
谐褍褉屑邪薪懈褟	0.001627	0.116534	0.000190
谐褍褉屑械	0.000271	0.127833	0.000035
谐褍褋褟	0.000542	0.105361	0.000057
写邪胁薪芯	0.000271	0.967584	0.000262
写邪械褌	0.000271	0.040822	0.000011
写邪薪薪芯谐芯	0.000271	2.407946	0.000653
写邪薪薪褘械	0.000271	0.040822	0.000011
写邪褉褘	0.000271	0.116534	0.000032
写邪褌械	0.000542	0.248461	0.000135
写邪褌褋泻邪褟	0.000271	0.116534	0.000032
写邪褔薪芯械	0.000813	0.116534	0.000095
写胁邪	0.000271	1.171183	0.000318
写械胁芯褔泻懈	0.000271	1.427116	0.000387
写械胁褟薪芯褋褌褘械	0.000271	3.218876	0.000873
写械泻芯褉	0.000271	0.127833	0.000035
写械谢邪械褌	0.000542	0.116534	0.000063
写械谢懈屑褋褟	0.000271	0.040822	0.000011
写械谢芯	0.000271	1.386294	0.000376
写械谢芯屑	0.000271	0.116534	0.000032
写械薪褜	0.000813	0.083382	0.000068
写械褉械胁械薪褋泻懈泄	0.000271	2.813411	0.000763
写械褉械胁械薪褋泻芯泄	0.000271	3.218876	0.000873
写械褋械褉褌	0.000813	0.116534	0.000095
写械褋械褉褌邪褑懈褟	0.000271	0.116534	0.000032
写械褋械褉褌薪褘械	0.000271	0.116534	0.000032
写械褋械褉褌褘	0.003796	0.040822	0.000155
写械褌械泄	0.000271	0.116534	0.000032
写械褌褋褌胁邪	0.000271	2.207275	0.000599
写卸械泄屑懈	0.000271	2.659260	0.000721
写卸械屑	0.000271	0.040822	0.000011
写蟹械薪	0.000271	0.116534	0.000032
写懈械褌邪	0.000271	0.116534	0.000032
写懈械褌懈褔械褋泻懈泄	0.000271	2.302585	0.000624
写懈械褌褘	0.000271	0.116534	0.000032
写懈泻懈泄	0.000542	0.116534	0.000063
写懈泻芯谐芯	0.000271	0.116534	0.000032
写懈锌	0.000271	0.116534	0.000032
写懈褔懈	0.000542	0.116534	0.000063
写懈褔褜	0.000271	0.116534	0.000032
写薪械胁薪懈泻邪褏	0.000271	0.061875	0.000017
写薪械泄	0.000813	0.116534	0.000095
写薪褍	0.000271	2.813411	0.000763
写薪褟	0.000271	0.040822	0.000011
写芯斜邪胁懈谢邪	0.000271	1.897120	0.000514
写芯斜邪胁谢械薪懈褟屑	0.000271	0.274437	0.000074
写芯斜邪胁谢褟褌褜	0.000271	0.040822	0.000011
写芯斜邪胁褜	0.000271	0.116534	0.000032
写芯斜褉芯褎谢芯褌	0.000271	0.127833	0.000035
写芯胁械褉褟械褕褜	0.000271	0.116534	0.000032
写芯胁芯谢褜薪芯	0.000271	1.609438	0.000436
写芯谢谐褍褞	0.000271	3.218876	0.000873
写芯谢卸薪褘	0.000271	2.407946	0.000653
写芯屑	0.002440	0.040822	0.000100
写芯屑邪	0.000271	0.994252	0.000270
写芯屑邪褕薪械械	0.000813	0.040822	0.000033
写芯屑邪褕薪懈械	0.000542	0.040822	0.000022
写芯屑邪褕薪懈泄	0.001356	0.116534	0.000158
写芯屑邪褕薪褟褟	0.000542	0.105361	0.000057
写芯屑械	0.000542	1.832581	0.000994
写芯屑芯胁	0.000271	0.040822	0.000011
写芯锌芯谢薪褟褞褌	0.000271	2.659260	0.000721
写芯褉芯卸泻褍	0.000271	3.218876	0.000873
写褉邪泄胁	0.001356	0.127833	0.000173
写褉芯卸卸械胁芯械	0.000271	0.116534	0.000032
写褉褍谐	0.000271	2.040221	0.000553
写褉褍谐懈屑懈	0.000271	0.040822	0.000011
写褉褍谐芯屑	0.000271	2.659260	0.000721
写褉褍蟹械泄	0.000271	1.514128	0.000411
写褍褏邪	0.000271	2.813411	0.000763
写褍褏芯胁泻邪	0.001085	0.127833	0.000139
写褍褏芯胁泻械	0.000271	0.867501	0.000235
写褍褏芯胁泻褍	0.000271	1.771957	0.000480
写褍褕懈	0.000813	0.105361	0.000086
械胁褉械泄褋泻邪褟	0.000271	0.116534	0.000032
械谐懈锌械褌褋泻邪褟	0.000271	0.116534	0.000032
械写懈薪褘泄	0.000271	0.040822	0.000011
械泻芯	0.000271	0.127833	0.000035
械谢械薪邪	0.000271	2.995732	0.000812
械褏邪谢懈	0.000271	3.218876	0.000873
卸邪褉械薪褘泄	0.000271	2.120264	0.000575
卸邪褉懈谢邪	0.000271	2.995732	0.000812
卸邪褉懈褌褋褟	0.000271	2.207275	0.000599
卸邪褉懈褕褜	0.000271	2.659260	0.000721
卸邪褉泻芯械	0.000271	0.040822	0.000011
卸邪褉褞	0.000271	2.659260	0.000721
卸写邪谢懈	0.000271	3.218876	0.000873
卸械谢邪褌懈薪	0.000542	1.427116	0.000774
卸械谢械	0.000813	0.040822	0.000033
卸械薪褋泻邪褟	0.000271	0.127833	0.000035
卸械薪褋泻芯屑	0.000271	0.061875	0.000017
卸械薪褖懈薪邪	0.000271	2.659260	0.000721
卸械薪褖懈薪褘	0.000542	0.116534	0.000063
卸懈蟹薪懈	0.000271	0.040822	0.000011
卸懈蟹薪褜	0.000271	0.116534	0.000032
卸懈褌械谢懈	0.000271	2.995732	0.000812
卸褍谢褜械薪	0.000271	0.040822	0.000011
卸褍褉薪邪谢邪	0.000271	0.127833	0.000035
卸褍褉薪邪谢械	0.000271	2.207275	0.000599
卸褞谢褜械薪	0.000271	0.040822	0.000011
蟹邪胁邪褉薪芯械	0.000271	0.116534	0.000032
蟹邪胁邪褉薪芯泄	0.000271	0.116534	0.000032
蟹邪胁械写械薪懈褟	0.000271	2.525729	0.000685
蟹邪胁褌褉邪泻	0.001898	0.094311	0.000179
蟹邪胁褌褉邪泻懈	0.000271	0.127833	0.000035
蟹邪谐芯褌芯胁泻懈	0.001085	0.040822	0.000044
蟹邪写邪胁邪褌褜	0.000271	0.040822	0.000011
蟹邪写邪谢懈	0.000271	2.659260	0.000721
蟹邪懈薪褌械褉械褋芯胁邪谢邪	0.000271	3.218876	0.000873
蟹邪泄褑邪	0.000542	0.116534	0.000063
蟹邪泻胁邪褋泻邪	0.000271	0.040822	0.000011
蟹邪泻胁邪褋泻邪屑懈	0.000271	0.116534	0.000032
蟹邪泻胁邪褋芯泻	0.000271	0.127833	0.000035
蟹邪泻褉褘褌褘泄	0.000271	0.116534	0.000032
蟹邪泻褍褋泻邪	0.000271	1.347074	0.000365
蟹邪泻褍褋泻懈	0.005965	0.040822	0.000244
蟹邪泻褍褋泻褍	0.000813	0.116534	0.000095
蟹邪泻褍褋芯薪褔懈泻	0.000271	0.116534	0.000032
蟹邪泻褍褋芯褔泻邪	0.000271	0.116534	0.000032
蟹邪泻褍褋芯褔薪褘械	0.003254	0.116534	0.000379
蟹邪泻褍褋芯褔薪褘泄	0.000271	2.120264	0.000575
蟹邪谢懈胁薪芯械	0.000542	0.040822	0.000022
蟹邪屑械褔邪褌械谢褜薪褘泄	0.000271	1.514128	0.000411
蟹邪屑械褔邪褌械谢褜薪褘屑	0.000271	2.302585	0.000624
蟹邪屑芯褉芯蟹泻邪	0.000271	0.105361	0.000029
蟹邪锌邪写	0.000271	0.116534	0.000032
蟹邪锌械泻邪薪泻邪	0.001085	0.105361	0.000114
蟹邪锌械泻邪薪泻懈	0.001898	0.040822	0.000077
蟹邪锌械褔械薪薪褘泄	0.000542	1.897120	0.001029
蟹邪锌褉邪胁泻邪	0.000542	0.040822	0.000022
蟹邪褉械谐懈褋褌褉懈褉芯胁邪胁褕懈褋褜	0.000271	0.040822	0.000011
蟹邪褉械谐懈褋褌褉懈褉芯胁邪褌褜褋褟	0.000271	0.030459	0.000008
蟹邪褋械褔褜	0.000271	2.659260	0.000721
蟹邪褋芯谢泻邪	0.000271	0.116534	0.000032
蟹邪褋褌芯谢褜褟	0.000271	2.995732	0.000812
蟹邪褏芯写懈褌械	0.000813	0.755023	0.000614
蟹胁邪薪褘泄	0.000271	0.127833	0.000035
蟹胁械蟹写邪	0.000271	0.127833	0.000035
蟹胁褢蟹写薪褘械	0.000271	0.116534	0.000032
蟹写芯褉芯胁芯械	0.000271	0.116534	0.000032
蟹写芯褉芯胁褘泄	0.000271	0.116534	0.000032
蟹械谢械薪褘械	0.000542	2.302585	0.001249
蟹械谢械薪褜	0.009219	0.094311	0.000869
蟹械褎懈褉	0.000271	0.040822	0.000011
蟹懈屑薪懈械	0.000271	0.051293	0.000014
蟹懈屑褍	0.001356	0.040822	0.000055
蟹薪邪械褌	0.000271	2.302585	0.000624
蟹薪邪泻芯屑芯泄	0.000271	2.525729	0.000685
蟹薪邪泻芯屑褘泄	0.000271	2.813411	0.000763
蟹薪邪褞	0.000271	0.755023	0.000205
蟹芯谢芯褌邪褟	0.000542	0.116534	0.000063
蟹芯谢芯褌懈褋褌芯泄	0.000271	2.659260	0.000721
懈胁邪薪芯胁邪	0.000271	0.127833	0.000035
懈写械邪谢褜薪邪褟	0.000271	0.116534	0.000032
懈写械邪谢褜薪芯谐芯	0.001356	0.116534	0.000158
懈写械邪谢褜薪芯械	0.000271	0.116534	0.000032
懈写械邪谢褜薪褘泄	0.000271	1.966113	0.000533
懈写械械泄	0.000271	2.995732	0.000812
懈写械泄泻懈	0.000271	0.116534	0.000032
懈写械褟	0.000271	2.207275	0.000599
懈蟹写械谢懈褟	0.001085	0.116534	0.000126
懈蟹写械谢懈褟屑懈	0.000813	0.116534	0.000095
懈蟹褞屑懈薪泻邪	0.000271	2.302585	0.000624
懈泻褉邪	0.000813	0.040822	0.000033
懈屑械械褌	0.000271	1.832581	0.000497
懈屑械薪械屑	0.000271	0.040822	0.000011
懈屑械褞褌	0.000271	2.302585	0.000624
懈屑械褞褌褋褟	0.000271	2.659260	0.000721
懈薪胁械褉褌芯褉薪芯泄	0.000271	0.127833	0.000035
懈薪谐褉械写懈械薪褌褘	0.008134	0.139262	0.001133
懈薪写械泄泻懈	0.001627	0.094311	0.000153
懈薪写械泄泻芯泄	0.000271	0.116534	0.000032
懈薪写懈泄褋泻邪褟	0.000271	0.116534	0.000032
懈薪写懈谢邪泄褌	0.000813	0.116534	0.000095
懈薪写懈褉械褋薪褘械	0.000271	0.116534	0.000032
懈薪褋褌褉褍泻褑懈褟屑懈	0.000271	0.040822	0.000011
懈褉邪泻褋泻邪褟	0.000271	0.116534	0.000032
懈褉邪薪褋泻邪褟	0.000271	0.116534	0.000032
懈褉谢邪薪写褋泻邪褟	0.000271	0.116534	0.000032
懈褉褉械蟹	0.000271	1.347074	0.000365
懈褋泻邪谢邪	0.000271	2.302585	0.000624
懈褋泻褉械薪薪械	0.000271	0.116534	0.000032
懈褋谢邪薪写褋泻邪褟	0.000271	0.116534	0.000032
懈褋锌邪薪褋泻邪褟	0.000271	0.116534	0.000032
懈褋锌械泻懈	0.000271	0.116534	0.000032
懈褋褌懈薪械	0.000271	2.659260	0.000721
懈褋褌芯褉懈懈	0.001356	0.116534	0.000158
懈褋褌芯褉懈褞	0.000271	0.116534	0.000032
懈褋褌芯褔薪懈泻	0.000271	2.525729	0.000685
懈褋褔械蟹邪械褌	0.000271	3.506558	0.000951
懈褌邪谢懈懈	0.000542	0.105361	0.000057
懈褌邪谢褜褟薪褋泻邪褟	0.000271	0.116534	0.000032
懈褞谢褟	0.000271	0.597837	0.000162
懈褞薪褟	0.000542	0.579818	0.000314
泄芯谐褍褉褌	0.000813	0.040822	0.000033
泻邪斜邪褔泻懈	0.000271	0.040822	0.000011
泻邪胁泻邪蟹褋泻邪褟	0.000271	0.116534	0.000032
泻邪卸写芯屑	0.000542	2.525729	0.001370
泻邪卸写褘屑	0.000271	2.302585	0.000624
泻邪卸械褌褋褟	0.000271	1.714798	0.000465
泻邪蟹邪谢芯褋褜	0.000271	1.609438	0.000436
泻邪蟹邪薪械	0.000271	0.116534	0.000032
泻邪蟹邪褏褋泻邪褟	0.000271	0.116534	0.000032
泻邪泻邪芯	0.000542	0.040822	0.000022
泻邪谢械泄写芯褋泻芯锌	0.001085	0.116534	0.000126
泻邪谢屑褘褑泻邪褟	0.000271	0.116534	0.000032
泻邪谢芯褉懈泄薪芯泄	0.000271	2.659260	0.000721
泻邪谢褜屑邪褉	0.000271	0.040822	0.000011
泻邪屑械褉邪	0.000271	0.116534	0.000032
泻邪薪邪写褋泻邪褟	0.000271	0.116534	0.000032
泻邪薪邪谢	0.000542	0.040822	0.000022
泻邪薪邪谢械	0.000271	0.040822	0.000011
泻邪薪邪锌械	0.000542	0.040822	0.000022
泻邪锌褍褋褌邪	0.001085	0.040822	0.000044
泻邪锌褍褋褌薪褘褏	0.000271	2.813411	0.000763
泻邪锌褍褋褌薪褟泻	0.000271	0.040822	0.000011
泻邪锌褍褋褌褘	0.000271	0.040822	0.000011
泻邪褉邪屑械谢褜	0.000271	0.040822	0.000011
泻邪褉泻邪褋薪褘泄	0.001085	0.116534	0.000126
泻邪褉褌芯褎械谢褜	0.004338	0.040822	0.000177
泻邪褉褌芯褎械谢褜薪芯械	0.000271	0.040822	0.000011
泻邪褉褌芯褎械谢褜薪褘泄	0.000813	0.116534	0.000095
泻邪褉褌芯褕械褔泻芯泄	0.000271	2.525729	0.000685
泻邪褉褌芯褕泻邪	0.000542	0.040822	0.000022
泻邪褉褌芯褕泻褍	0.000271	2.207275	0.000599
泻邪褌械谐芯褉懈懈	0.000271	0.116534	0.000032
泻邪褌械谐芯褉懈褟	0.004067	0.150823	0.000613
泻邪褎械	0.000542	2.207275	0.001197
泻邪褔械褋褌胁芯	0.000271	0.116534	0.000032
泻邪褕邪	0.000271	0.040822	0.000011
泻邪褕懈	0.001356	0.105361	0.000143
泻邪褕褍	0.000271	0.094311	0.000026
泻胁邪褋	0.000813	0.040822	0.000033
泻胁邪褋薪芯械	0.000813	0.116534	0.000095
泻胁邪褋芯屑	0.000271	0.127833	0.000035
泻械泻褋	0.000271	0.040822	0.000011
泻械泻褋褘	0.000542	0.116534	0.000063
泻械褎懈褉	0.001356	0.040822	0.000055
泻懈谢芯谐褉邪屑屑芯胁	0.000271	2.659260	0.000721
泻懈屑褔懈	0.000271	0.040822	0.000011
泻懈薪芯邪	0.000542	0.127833	0.000069
泻懈薪芯谢械薪褌邪	0.000271	0.116534	0.000032
泻懈褋械谢褜	0.000542	0.040822	0.000022
泻懈褌邪泄褋泻邪褟	0.000271	0.116534	0.000032
泻谢邪褋褋	0.002169	0.116534	0.000253
泻谢邪褋褋懈褔械褋泻懈泄	0.000271	1.897120	0.000514
泻谢邪褋褋褘	0.000271	0.116534	0.000032
泻薪懈谐褍	0.000542	0.040822	0.000022
泻芯	0.000271	1.469676	0.000399
泻芯谐芯	0.000271	1.714798	0.000465
泻芯泻褌械泄谢懈	0.000271	0.127833	0.000035
泻芯泻褌械泄谢褜	0.001356	0.040822	0.000055
泻芯谢斜邪褋邪	0.000271	0.040822	0.000011
泻芯谢斜邪褋薪褘屑懈	0.000813	0.116534	0.000095
泻芯屑邪薪写邪	0.000542	0.127833	0.000069
泻芯屑懈	0.000271	0.116534	0.000032
泻芯屑屑械薪褌邪褉懈械胁	0.000271	0.223144	0.000061
泻芯屑锌邪薪懈泄	0.000271	0.105361	0.000029
泻芯屑锌芯蟹懈褑懈械泄	0.000271	2.995732	0.000812
泻芯屑锌芯褌	0.000813	0.040822	0.000033
泻芯薪懈薪褘	0.000271	0.116534	0.000032
泻芯薪泻褉械褌薪芯泄	0.000271	2.659260	0.000721
泻芯薪泻褍褉褋	0.058026	0.105361	0.006114
泻芯薪泻褍褉褋邪	0.000271	0.116534	0.000032
泻芯薪泻褍褉褋邪褏	0.000271	0.040822	0.000011
泻芯薪泻褍褉褋薪褘械	0.000271	0.127833	0.000035
泻芯薪褋械褉胁懈褉芯胁邪薪懈械	0.000271	0.040822	0.000011
泻芯薪褋械褉胁懈褉芯胁邪薪薪邪褟	0.000271	0.116534	0.000032
泻芯薪褋械褉胁懈褉芯胁邪薪薪芯械	0.000271	0.116534	0.000032
泻芯薪褋械褉胁懈褉芯胁邪薪薪褘械	0.000542	0.116534	0.000063
泻芯薪褋械褉胁懈褉芯胁邪薪薪褘泄	0.000271	0.116534	0.000032
泻芯薪褎械褌褌懈	0.000271	0.116534	0.000032
泻芯薪褎械褌褘	0.000813	0.040822	0.000033
泻芯薪褎懈写械薪褑懈邪谢褜薪芯褋褌懈	0.000271	0.040822	0.000011
泻芯薪褎懈褌褞褉	0.000271	0.040822	0.000011
泻芯锌褔械薪芯褋褌褟屑懈	0.000271	0.116534	0.000032
泻芯褉械泄褋泻邪褟	0.000271	0.116534	0.000032
泻芯褉械泄褋泻懈	0.000271	0.040822	0.000011
泻芯褉卸懈泻懈	0.000271	0.040822	0.000011
泻芯褉屑褟褖懈褏	0.000271	0.116534	0.000032
泻芯褉薪懈褕芯薪褘	0.000542	2.995732	0.001625
泻芯褉芯谢械胁褋泻芯械	0.000271	2.659260	0.000721
泻芯褉芯褔泻械	0.000271	2.813411	0.000763
泻芯褋褌褉邪屑	0.000271	2.407946	0.000653
泻芯褌谢械褌	0.000271	2.302585	0.000624
泻芯褌谢械褌褘	0.000542	0.040822	0.000022
泻芯褌芯褉芯屑褍	0.000271	0.116534	0.000032
泻芯褎械	0.000542	0.040822	0.000022
泻褉邪褋懈胁芯	0.000271	1.832581	0.000497
泻褉邪褋懈胁褘泄	0.000271	2.659260	0.000721
泻褉邪褋懈胁褘屑	0.000271	2.120264	0.000575
泻褉邪褋泻懈	0.000271	0.116534	0.000032
泻褉邪褋薪褘泄	0.001085	1.171183	0.001270
泻褉邪褏屑邪谢	0.000542	0.891598	0.000484
泻褉械邪褌懈胁	0.000271	0.127833	0.000035
泻褉械屑	0.000271	0.040822	0.000011
泻褉械屑邪	0.000542	0.116534	0.000063
泻褉械锌泻懈泄	0.000271	0.116534	0.000032
泻褉械锌芯褋褌懈	0.000271	2.813411	0.000763
泻褉芯谢懈泻邪	0.000542	0.116534	0.000063
泻褉芯屑械	0.000271	0.061875	0.000017
泻褉芯褏懈	0.000271	0.116534	0.000032
泻褉褍谐谢褘泄	0.000271	3.218876	0.000873
泻褉褍谐褍	0.000542	0.116534	0.000063
泻褉褍锌	0.001627	0.116534	0.000190
泻褉褍锌邪	0.000813	0.127833	0.000104
泻褉褍锌褘	0.000542	0.127833	0.000069
泻褉褍锌褟薪褘械	0.000271	0.116534	0.000032
泻褍斜懈薪褋泻邪褟	0.000271	0.116534	0.000032
泻褍谢械褕	0.000271	0.040822	0.000011
泻褍谢懈薪邪褉懈懈	0.000813	0.094311	0.000077
泻褍谢懈薪邪褉薪邪褟	0.000271	0.116534	0.000032
泻褍谢懈薪邪褉薪芯械	0.000271	0.116534	0.000032
泻褍谢懈薪邪褉薪芯屑	0.000271	2.659260	0.000721
泻褍谢懈薪邪褉薪褍褞	0.000542	0.040822	0.000022
泻褍谢懈薪邪褉薪褘泄	0.000271	0.072571	0.000020
泻褍谢懈薪邪褉薪褘褏	0.000271	0.116534	0.000032
泻褍谢懈褔	0.000271	0.040822	0.000011
泻褍谢懈褔懈	0.000271	0.116534	0.000032
泻褍薪卸褍褌	0.000542	0.994252	0.000539
泻褍褉写褋泻邪褟	0.000271	0.116534	0.000032
泻褍褉懈薪芯谐芯	0.000271	0.116534	0.000032
泻褍褉懈薪芯械	0.004610	0.127833	0.000589
泻褍褉懈薪褘泄	0.000271	0.105361	0.000029
泻褍褉懈褑邪	0.000271	0.040822	0.000011
泻褍褉懈褑褘	0.001085	0.116534	0.000126
泻褍褉芯褔泻芯泄	0.000271	0.116534	0.000032
泻褍褋泻褍褋	0.000271	0.040822	0.000011
泻褍褋芯褔泻邪	0.000271	1.897120	0.000514
泻褍褏薪械	0.000271	1.237874	0.000336
泻褍褏薪械泄	0.000271	0.040822	0.000011
泻褍褏薪懈	0.001085	0.040822	0.000044
泻褍褏薪褟	0.000813	0.116534	0.000095
泻褍褕邪褌褜	0.000271	2.525729	0.000685
泻褍褕邪褟	0.000271	3.506558	0.000951
谢邪胁邪褕	0.001085	0.040822	0.000044
谢邪胁邪褕邪	0.002169	0.116534	0.000253
谢邪胁邪褕懈泻芯屑	0.000271	3.218876	0.000873
谢邪胁褉芯胁褘泄	0.000542	1.139434	0.000618
谢邪谐屑邪薪	0.000271	0.040822	0.000011
谢邪泻芯屑褋褌胁芯	0.000271	0.116534	0.000032
谢邪锌褕邪	0.000542	0.040822	0.000022
谢邪褌褘褕褋泻邪褟	0.000271	0.116534	0.000032
谢械谐泻邪褟	0.000271	0.116534	0.000032
谢械谐泻懈泄	0.000813	0.116534	0.000095
谢械谐泻芯	0.001898	0.116534	0.000221
谢械锌械褕泻懈	0.001356	0.040822	0.000055
谢械褌邪	0.000542	0.116534	0.000063
谢械褌薪懈械	0.000271	0.040822	0.000011
谢械褌薪褟褟	0.000271	0.116534	0.000032
谢械褌芯	0.001356	0.116534	0.000158
谢械褔芯	0.000271	0.040822	0.000011
谢懈谐邪	0.000813	0.116534	0.000095
谢懈泻械褉	0.000271	0.040822	0.000011
谢懈屑芯薪	0.000542	1.203973	0.000653
谢懈屑芯薪邪写	0.000542	0.040822	0.000022
谢懈屑芯薪薪褘泄	0.000542	0.798508	0.000433
谢懈屑芯薪薪褘屑	0.000271	2.659260	0.000721
谢懈褋褌	0.000542	1.139434	0.000618
谢懈褋褌褜褟	0.001085	1.514128	0.001642
谢懈褌芯胁褋泻	0.000271	0.127833	0.000035
谢懈褌芯胁褋泻邪褟	0.000271	0.116534	0.000032
谢懈褏懈械	0.000271	3.218876	0.000873
谢懈褕薪懈褏	0.000271	1.966113	0.000533
谢褍泻	0.005423	0.301105	0.001633
谢褍褔泻芯屑	0.000271	2.407946	0.000653
谢褍褔褕懈械	0.000271	0.116534	0.000032
谢褍褔褕懈泄	0.000542	0.040822	0.000022
谢褍褔褕懈褏	0.000271	0.116534	0.000032
谢褞斜胁懈	0.000271	0.105361	0.000029
谢褞斜懈屑芯谐芯	0.000271	0.127833	0.000035
谢褞斜懈屑芯屑褍	0.000271	0.116534	0.000032
谢褞斜懈屑褘屑	0.000542	1.469676	0.000797
谢褞斜懈屑褘褏	0.001627	0.116534	0.000190
谢褞斜芯胁褜	0.000271	0.116534	0.000032
谢褞斜芯泄	0.000271	0.116534	0.000032
谢褞写褜屑懈	0.000271	2.659260	0.000721
谢褟锌	0.000271	3.912023	0.001061
谢褢写	0.000271	0.127833	0.000035
屑邪谐褉懈斜邪	0.000271	0.116534	0.000032
屑邪泄	0.000271	0.116534	0.000032
屑邪泄芯薪械蟹	0.002440	0.116534	0.000284
屑邪泄芯薪械蟹薪芯	0.000271	2.659260	0.000721
屑邪泻邪褉芯薪薪褘械	0.000271	0.116534	0.000032
屑邪泻邪褉芯薪褘	0.000271	0.040822	0.000011
屑邪谢邪蟹懈泄褋泻邪褟	0.000271	0.116534	0.000032
屑邪谢芯	0.000271	1.609438	0.000436
屑邪屑褍谢褟	0.000271	2.995732	0.000812
屑邪薪写邪褉懈薪芯胁褘泄	0.000542	2.525729	0.001370
屑邪薪薪邪褟	0.000542	1.609438	0.000873
屑邪薪薪懈泻	0.000271	0.040822	0.000011
屑邪薪褋邪褉写芯泄	0.000271	0.755023	0.000205
屑邪薪褌褘	0.000271	0.116534	0.000032
屑邪薪褢胁褉褘	0.000271	0.116534	0.000032
屑邪褉邪褎芯薪	0.000813	0.116534	0.000095
屑邪褉懈薪邪写	0.002440	0.040822	0.000100
屑邪褉懈薪邪写褘	0.000813	0.116534	0.000095
屑邪褉懈薪芯胁邪薪薪邪褟	0.000271	1.966113	0.000533
屑邪褉懈薪芯胁邪薪薪褘械	0.000271	0.116534	0.000032
屑邪褉屑械谢邪写	0.000271	0.040822	0.000011
屑邪褉芯泻泻邪薪褋泻邪褟	0.000271	0.116534	0.000032
屑邪褉褌邪	0.001356	0.105361	0.000143
屑邪褋泻邪褉锌芯薪械	0.000271	0.040822	0.000011
屑邪褋谢械薪懈褑邪	0.000813	0.040822	0.000033
屑邪褋谢械薪懈褔薪芯械	0.000271	0.116534	0.000032
屑邪褋谢芯	0.007321	0.116534	0.000853
屑邪褋谢芯屑	0.000542	0.116534	0.000063
屑邪褋谢褟薪褘褏	0.000271	2.659260	0.000721
屑邪褋褋褍	0.000271	2.407946	0.000653
屑邪褋褌械褉	0.002440	0.116534	0.000284
屑邪褋褌懈泻邪	0.000271	0.040822	0.000011
屑邪褋褌懈泻懈	0.000271	0.116534	0.000032
屑邪褎褎懈薪褘	0.000271	0.116534	0.000032
屑邪褏械械胁褗	0.001085	0.116534	0.000126
屑邪褟	0.000542	0.634878	0.000344
屑械写懈邪褎芯褉褌	0.000813	0.000000	0.000000
屑械写芯胁褘泄	0.000271	0.116534	0.000032
屑械泻褋懈泻邪薪褋泻邪褟	0.000271	0.116534	0.000032
屑械薪褞	0.000542	0.116534	0.000063
屑械薪褟	0.000813	0.083382	0.000068
屑械薪褟械褌褋褟	0.000271	0.116534	0.000032
屑械褉芯锌褉懈褟褌懈褟	0.000271	3.218876	0.000873
屑械褋褌薪褘械	0.000271	2.995732	0.000812
屑械褔褌邪	0.000271	0.116534	0.000032
屑械褔褌邪谢懈	0.000271	3.218876	0.000873
屑械褔褌褘	0.000542	0.040822	0.000022
屑懈写懈懈	0.000271	0.040822	0.000011
屑懈泻褉芯胁芯谢薪芯胁泻械	0.000271	0.116534	0.000032
屑懈谢褜械	0.000271	0.116534	0.000032
屑懈薪懈屑褍屑邪	0.000271	2.659260	0.000721
屑懈薪褍褌褘	0.000271	1.171183	0.000318
屑懈芯	0.000271	0.116534	0.000032
屑懈褉	0.000271	0.116534	0.000032
屑懈褉邪	0.000542	0.116534	0.000063
屑懈褉芯胁邪褟	0.000271	0.116534	0.000032
屑懈褋芯	0.000271	0.040822	0.000011
屑懈褋褌械褉懈褟	0.000271	0.116534	0.000032
屑懈褋褌褉邪谢褜	0.001898	0.116534	0.000221
屑薪芯谐懈械	0.000271	1.309333	0.000355
屑薪芯谐懈屑懈	0.000271	3.218876	0.000873
屑薪芯卸械褋褌胁芯屑	0.000271	0.040822	0.000011
屑芯谐褍	0.000271	0.798508	0.000217
屑芯械	0.000271	0.116534	0.000032
屑芯卸械褌械	0.000271	0.000000	0.000000
屑芯泄	0.000542	0.105361	0.000057
屑芯谢写邪胁褋泻邪褟	0.000271	0.116534	0.000032
屑芯谢芯泻械	0.000271	0.105361	0.000029
屑芯谢芯泻芯	0.000271	0.116534	0.000032
屑芯谢芯褔薪褘泄	0.000542	0.040822	0.000022
屑芯谢芯褔薪褘褏	0.000271	0.116534	0.000032
屑芯屑械薪褌	0.000813	0.116534	0.000095
屑芯薪谐芯谢褜褋泻邪褟	0.000271	0.116534	0.000032
屑芯褉械	0.000271	0.116534	0.000032
屑芯褉械锌褉芯写褍泻褌芯胁	0.003254	0.040822	0.000133
屑芯褉械锌褉芯写褍泻褌褘	0.000542	0.116534	0.000063
屑芯褉泻芯胁褜	0.001898	0.040822	0.000077
屑芯褉芯卸械薪芯械	0.000813	0.040822	0.000033
屑芯褉褋	0.000271	0.040822	0.000011
屑芯褉褋褘	0.000271	0.116534	0.000032
屑芯褌懈胁邪屑	0.000271	3.218876	0.000873
屑芯褌芯褉	0.000271	0.116534	0.000032
屑芯褏懈褌芯	0.000271	0.040822	0.000011
屑芯褟	0.000542	1.427116	0.000774
屑褉邪屑芯褉薪褘泄	0.000271	3.506558	0.000951
屑褍卸	0.000542	1.171183	0.000635
屑褍卸械屑	0.000271	2.995732	0.000812
屑褍卸褋泻邪褟	0.000271	0.127833	0.000035
屑褍卸褔懈薪褘	0.000542	0.116534	0.000063
屑褍泻邪	0.002711	0.274437	0.000744
屑褍谢褜褌懈胁邪褉泻械	0.010304	0.116534	0.001201
屑褍谢褜褌懈锌械泻邪褉械泄	0.000813	0.116534	0.000095
屑褍褋褋	0.000271	0.040822	0.000011
屑褍褋褋褘	0.000542	0.116534	0.000063
屑褍褔薪褘械	0.000271	0.116534	0.000032
屑褘褌褜	0.000271	2.659260	0.000721
屑褞褋谢懈	0.000542	0.116534	0.000063
屑褟褋邪	0.002711	0.116534	0.000316
屑褟褋邪屑	0.000271	3.506558	0.000951
屑褟褋薪芯谐芯	0.000542	0.116534	0.000063
屑褟褋薪芯泄	0.000542	0.116534	0.000063
屑褟褋薪芯屑褍	0.000271	2.659260	0.000721
屑褟褋薪褘械	0.001627	0.040822	0.000066
屑褟褋薪褘褏	0.000813	0.116534	0.000095
屑褟褋芯	0.002711	0.040822	0.000111
屑褟褋芯屑	0.001356	0.040822	0.000055
屑褟褋褍	0.000542	0.116534	0.000063
薪邪胁褋械谐写邪	0.000271	2.040221	0.000553
薪邪写械褞褋褜	0.000271	1.609438	0.000436
薪邪蟹邪写	0.000271	0.967584	0.000262
薪邪蟹胁邪薪懈械屑	0.000271	1.203973	0.000326
薪邪蟹胁邪薪懈褟	0.000271	2.120264	0.000575
薪邪蟹薪邪褔械薪懈褟	0.000271	0.116534	0.000032
薪邪懈胁泻褍褋薪械泄褕械谐芯	0.000271	2.659260	0.000721
薪邪泄写械褌械	0.000271	2.813411	0.000763
薪邪谢懈胁泻邪	0.000271	0.040822	0.000011
薪邪锌械褉械谐芯薪泻懈	0.000271	3.218876	0.000873
薪邪锌懈褌泻懈	0.001627	0.040822	0.000066
薪邪锌懈褌芯泻	0.000271	0.040822	0.000011
薪邪褋褌芯泄泻邪	0.000271	0.040822	0.000011
薪邪褋褌芯谢褜泻芯	0.000542	1.514128	0.000821
薪邪褋褌芯褟褖械泄	0.000271	2.407946	0.000653
薪邪褋褌褉芯械薪懈械	0.000271	0.116534	0.000032
薪邪褑懈芯薪邪谢褜薪褘械	0.000271	0.116534	0.000032
薪邪褔邪谢械	0.000271	3.506558	0.000951
薪邪褔邪谢懈	0.000271	2.407946	0.000653
薪邪褔懈薪泻邪	0.000542	0.040822	0.000022
薪邪褔懈薪泻芯泄	0.000271	0.116534	0.000032
薪邪褕	0.000271	2.525729	0.000685
薪邪褕械屑	0.000271	0.040822	0.000011
薪邪褕懈	0.000271	0.061875	0.000017
薪邪褕懈褏	0.000271	1.514128	0.000411
薪邪褕谢邪	0.000271	0.579818	0.000157
薪械胁械褉芯褟褌薪芯	0.000271	1.386294	0.000376
薪械胁械褉芯褟褌薪芯械	0.000271	3.218876	0.000873
薪械谐芯	0.000271	0.941609	0.000255
薪械写械谢褟	0.002711	0.061875	0.000168
薪械卸薪芯泄	0.000271	0.116534	0.000032
薪械卸薪褘泄	0.000271	0.891598	0.000242
薪械卸薪褘屑懈	0.000271	2.207275	0.000599
薪械懈蟹屑械薪薪芯	0.000271	2.525729	0.000685
薪械屑	0.000271	1.203973	0.000326
薪械屑邪谢芯胁邪卸薪芯	0.000271	2.207275	0.000599
薪械屑械褑泻邪褟	0.000271	0.116534	0.000032
薪械薪褍卸薪褘褏	0.000271	2.659260	0.000721
薪械芯斜褏芯写懈屑褘械	0.000271	2.813411	0.000763
薪械芯斜褘褔薪褘泄	0.000542	1.347074	0.000731
薪械芯斜褘褔薪褘褏	0.000271	2.995732	0.000812
薪械芯卸懈写邪薪薪褘械	0.000271	0.116534	0.000032
薪械褋谢邪写泻芯械	0.000271	0.116534	0.000032
薪械褋谢芯卸薪芯	0.000271	2.207275	0.000599
薪械褍谐芯屑芯薪薪褘械	0.000271	3.218876	0.000873
薪懈斜褍写褜	0.000271	1.832581	0.000497
薪懈泻邪泻芯谐芯	0.000271	2.040221	0.000553
薪懈薪邪	0.000271	1.203973	0.000326
薪懈薪械	0.000542	3.506558	0.001902
薪懈褔械谐芯	0.000542	0.941609	0.000511
薪芯胁邪褟	0.000271	0.116534	0.000032
薪芯胁芯谐芯写薪械谐芯	0.001627	0.116534	0.000190
薪芯胁芯谐芯写薪械械	0.000813	0.116534	0.000095
薪芯胁芯谐芯写薪懈械	0.001898	0.040822	0.000077
薪芯胁芯谐芯写薪懈泄	0.002169	0.116534	0.000253
薪芯胁芯谐芯写薪褟褟	0.000271	0.105361	0.000029
薪芯胁芯褋褌褟褏	0.000271	0.061875	0.000017
薪芯胁褘械	0.001085	0.051293	0.000056
薪芯胁褘泄	0.003254	0.094311	0.000307
薪芯褉胁械卸褋泻邪褟	0.000271	0.116534	0.000032
薪芯褋懈谢懈褋褜	0.000271	3.218876	0.000873
薪芯褟斜褉褟	0.000542	0.527633	0.000286
薪褉邪胁懈褌褋褟	0.000271	1.427116	0.000387
芯斜械写	0.000813	0.105361	0.000086
芯斜械蟹褜褟薪褘	0.000271	0.116534	0.000032
芯斜卸邪褉械薪褘褏	0.000271	2.995732	0.000812
芯斜谢邪写邪械褌	0.000271	2.040221	0.000553
芯斜谢邪褔泻芯	0.000271	2.995732	0.000812
芯斜褖邪褌褜褋褟	0.000271	0.040822	0.000011
芯斜褟蟹邪褌械谢褜薪芯	0.000271	0.967584	0.000262
芯胁芯褖邪屑懈	0.000271	0.116534	0.000032
芯胁芯褖械泄	0.005423	0.105361	0.000571
芯胁芯褖懈	0.001898	0.094311	0.000179
芯胁芯褖薪邪褟	0.000271	0.040822	0.000011
芯胁芯褖薪芯械	0.000271	0.116534	0.000032
芯胁芯褖薪芯泄	0.000813	0.105361	0.000086
芯胁芯褖薪褘械	0.001356	0.040822	0.000055
芯胁褋褟薪芯械	0.000271	0.116534	0.000032
芯谐薪械薪薪芯泄	0.000271	0.116534	0.000032
芯谐薪褟	0.000271	0.116534	0.000032
芯谐褉芯屑薪芯械	0.000271	1.237874	0.000336
芯谐褉芯屑薪芯泄	0.000271	2.525729	0.000685
芯谐褉芯屑薪褍褞	0.000271	2.813411	0.000763
芯谐褍褉械褑	0.000542	1.237874	0.000671
芯谐褍褉褑芯胁	0.000271	2.995732	0.000812
芯谐褍褉褑褘	0.000813	0.116534	0.000095
芯写薪懈屑	0.000271	1.309333	0.000355
芯写薪芯谐芯	0.000271	1.660731	0.000450
芯写薪芯泄	0.000271	1.237874	0.000336
芯写薪芯屑	0.000271	1.771957	0.000480
芯卸懈写邪谢邪	0.000271	2.525729	0.000685
芯泻褉芯褕泻邪	0.000813	0.040822	0.000033
芯泻褌褟斜褉褟	0.000271	0.562119	0.000152
芯谢邪写褜懈	0.000813	0.040822	0.000033
芯谢械泄薪邪	0.000813	0.116534	0.000095
芯谢械泄薪芯泄	0.001085	0.116534	0.000126
芯谢械泄薪褘	0.000271	0.127833	0.000035
芯谢懈	0.000271	2.813411	0.000763
芯谢懈胁械褉邪	0.000271	2.525729	0.000685
芯谢懈胁泻懈	0.000542	2.207275	0.001197
芯谢懈胁泻芯胁芯械	0.002169	0.544727	0.001182
芯谢褟	0.000271	2.120264	0.000575
芯屑谢械褌	0.000271	0.040822	0.000011
芯锌邪褉邪	0.000271	0.040822	0.000011
芯锌褉械写械谢械薪薪褘械	0.000271	2.659260	0.000721
芯锌褉芯褋	0.000271	0.061875	0.000017
芯褉械褏懈	0.000542	1.139434	0.000618
芯褉械褕懈薪泻邪	0.000271	3.218876	0.000873
芯褉懈谐懈薪邪谢褜薪褘泄	0.000271	2.120264	0.000575
芯褋械薪薪械械	0.000271	0.116534	0.000032
芯褋械薪薪懈械	0.000271	0.051293	0.000014
芯褋械薪薪懈泄	0.000542	0.116534	0.000063
芯褋械薪褜	0.002711	0.105361	0.000286
芯褋薪芯胁薪芯械	0.000271	0.040822	0.000011
芯褋褌邪械褌褋褟	0.000271	0.116534	0.000032
芯褋褌邪薪芯胁懈褌褜褋褟	0.000271	1.714798	0.000465
芯褌斜懈胁薪褘械	0.000271	2.207275	0.000599
芯褌胁械褌懈褌褜	0.000271	0.051293	0.000014
芯褌胁械褌芯胁	0.000271	0.051293	0.000014
芯褌胁械褌褘	0.000271	0.000000	0.000000
芯褌写褘褏邪械褌	0.000271	2.302585	0.000624
芯褌写褘褏邪褞	0.000271	2.659260	0.000721
芯褌泻褉褘褌褘泄	0.000542	0.116534	0.000063
芯褌屑械薪懈褌褜	0.000271	0.040822	0.000011
芯褌屑械褔邪谢懈	0.000271	2.407946	0.000653
芯褌薪芯褋懈褌褋褟	0.000271	2.120264	0.000575
芯褌薪芯褕械薪懈褟	0.000271	2.120264	0.000575
芯褌薪芯褕褍褋褜	0.000271	2.813411	0.000763
芯褌芯褉胁邪谢懈褋褜	0.000271	3.218876	0.000873
芯褌褌懈褉邪褌褜	0.000271	2.659260	0.000721
芯褏谢邪写懈褌褜	0.000271	0.116534	0.000032
芯褏芯褌邪	0.000271	3.218876	0.000873
芯褔械褉械写薪芯泄	0.000271	1.771957	0.000480
芯褕械谢芯屑懈谢	0.000542	3.218876	0.001746
锌邪泻械褌械	0.000271	3.218876	0.000873
锌邪泻械褌懈泻邪褏	0.000271	0.105361	0.000029
锌邪谢邪褌泻褍	0.000542	3.218876	0.001746
锌邪谢芯褔泻懈	0.000271	0.040822	0.000011
锌邪薪懈褉芯胁泻邪	0.002169	0.116534	0.000253
锌邪薪懈褉芯胁芯褔薪褘械	0.000542	1.309333	0.000710
锌邪锌褉懈泻邪	0.000542	1.203973	0.000653
锌邪褉邪	0.000271	0.116534	0.000032
锌邪褉邪写	0.001898	0.116534	0.000221
锌邪褉泻	0.000271	2.659260	0.000721
锌邪褉芯胁邪褉泻械	0.002440	0.116534	0.000284
锌邪褉芯谢褜	0.000271	0.020203	0.000005
锌邪褋褌邪	0.000813	0.040822	0.000033
锌邪褋褌褉芯屑邪	0.000271	0.040822	0.000011
锌邪褋褏邪	0.000542	0.040822	0.000022
锌邪褋褏邪谢褜薪邪褟	0.000542	0.116534	0.000063
锌邪褋褏邪谢褜薪褘泄	0.000271	0.127833	0.000035
锌邪褕褌械褌	0.000271	0.040822	0.000011
锌邪褕褌械褌褘	0.000542	0.116534	0.000063
锌械泻邪褉褟	0.000271	0.127833	0.000035
锌械谢褜屑械薪懈	0.000271	0.116534	0.000032
锌械褉胁芯谐芯	0.000271	2.120264	0.000575
锌械褉胁芯械	0.000542	0.040822	0.000022
锌械褉胁褘械	0.000271	0.127833	0.000035
锌械褉胁褘屑	0.000271	0.116534	0.000032
锌械褉胁褘褏	0.000271	2.120264	0.000575
锌械褉械泄褌懈	0.000271	0.040822	0.000011
锌械褉械泻褍褋	0.000542	0.116534	0.000063
锌械褉械褑	0.006236	0.040822	0.000255
锌械褉械褔械褋褌褜	0.000271	3.218876	0.000873
锌械褉褋芯薪褘	0.000271	0.116534	0.000032
锌械褉褍邪薪褋泻邪褟	0.000271	0.116534	0.000032
锌械褋芯褔薪芯械	0.000542	0.105361	0.000057
锌械褋芯褔薪褘泄	0.000271	0.116534	0.000032
锌械褌械谢懈薪泻懈	0.000271	0.127833	0.000035
锌械褔械薪芯褔薪褘泄	0.000271	0.040822	0.000011
锌械褔械薪褜械	0.002440	0.040822	0.000100
锌械褔懈	0.000271	0.127833	0.000035
锌懈胁芯	0.000271	0.116534	0.000032
锌懈泻邪薪褌薪褘泄	0.000271	2.407946	0.000653
锌懈泻邪薪褌褘	0.000271	0.127833	0.000035
锌懈泻薪懈泻	0.000542	0.116534	0.000063
锌懈泻薪懈泻邪	0.000271	0.116534	0.000032
锌懈泻薪懈泻褍	0.000271	0.105361	0.000029
锌懈褉	0.000271	0.116534	0.000032
锌懈褉芯谐	0.001627	0.040822	0.000066
锌懈褉芯谐邪	0.000271	1.309333	0.000355
锌懈褉芯谐懈	0.000271	0.105361	0.000029
锌懈褉芯卸泻懈	0.000542	0.040822	0.000022
锌懈褉芯卸泻芯胁	0.000271	1.966113	0.000533
锌懈褉芯卸薪芯械	0.000271	0.040822	0.000011
锌懈褉芯卸薪褘械	0.000271	0.116534	0.000032
锌懈褌邪薪懈械	0.001356	0.105361	0.000143
锌懈褌械褉械	0.000271	2.407946	0.000653
锌懈褑褑邪	0.000542	0.040822	0.000022
锌谢邪胁谢械薪褘泄	0.000542	1.237874	0.000671
锌谢邪屑褟	0.000271	0.116534	0.000032
锌谢懈褌邪	0.001085	0.127833	0.000139
锌谢懈褌芯泄	0.000271	2.659260	0.000721
锌谢懈褌褍	0.000271	2.659260	0.000721
锌谢芯胁	0.000271	0.116534	0.000032
锌谢芯写褘	0.000271	0.116534	0.000032
锌芯斜褘胁邪褌褜	0.000271	3.218876	0.000873
锌芯胁邪褉械薪泻械	0.000271	0.040822	0.000011
锌芯胁邪褉械薪芯泻	0.000271	0.061875	0.000017
锌芯胁邪褉懈褏懈	0.000271	3.218876	0.000873
锌芯胁邪褉褟褌	0.000271	0.116534	0.000032
锌芯胁邪褉褟褌邪屑懈	0.000271	0.040822	0.000011
锌芯胁邪褉褢薪泻邪	0.000271	0.116534	0.000032
锌芯胁懈写谢芯	0.000271	0.040822	0.000011
锌芯谐褍谢褟褌褜	0.000271	2.659260	0.000721
锌芯写邪褉泻芯胁	0.000271	0.116534	0.000032
锌芯写械谢懈褌褜褋褟	0.000271	0.478036	0.000130
锌芯写谢懈胁邪	0.000271	0.116534	0.000032
锌芯写谢懈胁泻邪	0.000271	0.040822	0.000011
锌芯写薪芯褋褟	0.000271	3.218876	0.000873
锌芯写锌懈褋邪褌褜褋褟	0.000271	0.040822	0.000011
锌芯写锌懈褕懈褌械褋褜	0.000542	0.040822	0.000022
锌芯写褍褕械褔械泻	0.000271	3.218876	0.000873
锌芯写褘褋泻懈胁邪褌褜	0.000271	2.525729	0.000685
锌芯械写邪薪懈懈	0.000271	2.207275	0.000599
锌芯械写懈薪泻懈	0.003796	0.116534	0.000442
锌芯械蟹写	0.000271	3.218876	0.000873
锌芯蟹写褉邪胁褜	0.000271	0.116534	0.000032
锌芯懈褋泻	0.000271	0.051293	0.000014
锌芯懈褋泻芯屑	0.000271	2.995732	0.000812
锌芯泄褌懈	0.000271	2.659260	0.000721
锌芯泻芯褉懈褌	0.000271	2.525729	0.000685
锌芯谢写薪懈泻	0.000542	0.116534	0.000063
锌芯谢械蟹薪芯	0.000271	0.116534	0.000032
锌芯谢懈褌懈泻芯泄	0.000271	0.040822	0.000011
锌芯谢芯胁懈薪邪	0.002169	0.116534	0.000253
锌芯谢芯胁懈薪褍	0.000542	2.525729	0.001370
锌芯谢褌芯褉邪	0.000271	2.525729	0.000685
锌芯谢褍褔邪械褌褋褟	0.000271	0.400478	0.000109
锌芯谢褍褔邪泄褌械	0.000271	0.040822	0.000011
锌芯谢褍褔邪褌褜	0.000271	0.040822	0.000011
锌芯谢褍褔邪褞褌褋褟	0.000271	1.427116	0.000387
锌芯谢褍褔懈谢懈	0.000271	3.218876	0.000873
锌芯谢褍褔懈谢芯褋褜	0.000542	0.994252	0.000539
锌芯谢褜蟹邪	0.000271	0.127833	0.000035
锌芯谢褜蟹芯胁邪褌褜褋褟	0.000271	2.813411	0.000763
锌芯谢褜蟹芯泄	0.001085	0.116534	0.000126
锌芯谢褜蟹褍械褌褋褟	0.000271	2.207275	0.000599
锌芯谢褜褋泻邪褟	0.000271	0.116534	0.000032
锌芯屑邪写泻邪	0.000542	0.040822	0.000022
锌芯屑邪写泻懈	0.000271	0.116534	0.000032
锌芯屑懈写芯褉	0.001627	0.713350	0.001161
锌芯屑懈写芯褉泻懈	0.000271	0.127833	0.000035
锌芯屑懈写芯褉芯胁	0.000271	2.525729	0.000685
锌芯屑懈写芯褉褘	0.000813	0.116534	0.000095
锌芯屑薪懈褌	0.000271	3.218876	0.000873
锌芯屑锌邪薪芯	0.000271	4.605170	0.001249
锌芯薪懈屑邪薪懈械	0.000271	2.813411	0.000763
锌芯薪褉邪胁懈胁褕懈械褋褟	0.000271	0.040822	0.000011
锌芯薪褉邪胁懈谢芯褋褜	0.000271	1.514128	0.000411
锌芯薪褔懈泻懈	0.000542	0.040822	0.000022
锌芯锌邪谢	0.000271	2.407946	0.000653
锌芯锌褉芯斜芯胁邪谢邪	0.000271	1.469676	0.000399
锌芯锌褉芯斜芯胁邪谢懈	0.000271	2.813411	0.000763
锌芯锌褉芯斜芯胁邪褌褜	0.000542	0.798508	0.000433
锌芯锌褉芯斜褍泄褌械	0.000813	0.562119	0.000457
锌芯锌褉芯斜褍褞	0.000271	2.813411	0.000763
锌芯锌褉芯褋懈谢	0.000271	3.218876	0.000873
锌芯锌褍谢褟褉薪芯褋褌褜褞	0.000271	2.525729	0.000685
锌芯褉	0.000271	1.469676	0.000399
锌芯褉邪	0.000271	0.116534	0.000032
锌芯褉褌褍谐邪谢褜褋泻邪褟	0.000271	0.116534	0.000032
锌芯褋械褖邪械褌械	0.000271	0.061875	0.000017
锌芯褋泻芯谢褜泻褍	0.000271	2.040221	0.000553
锌芯褋谢械写薪械械	0.000271	2.995732	0.000812
锌芯褋褌	0.001627	0.105361	0.000171
锌芯褋褌邪	0.000271	2.207275	0.000599
锌芯褋褌懈褌褋褟	0.000271	2.659260	0.000721
锌芯褋褌薪芯械	0.000271	0.116534	0.000032
锌芯褋褌薪褘械	0.000542	0.040822	0.000022
锌芯褋褌薪褘泄	0.000542	0.116534	0.000063
锌芯褋褌芯褟薪薪芯	0.000271	0.040822	0.000011
锌芯褋褌褉芯械薪薪芯屑	0.000271	3.218876	0.000873
锌芯褋褌褉芯懈屑	0.000271	0.116534	0.000032
锌芯褋褍写邪	0.000542	0.094311	0.000051
锌芯褋褔邪褋褌谢懈胁懈谢芯褋褜	0.000271	3.218876	0.000873
锌芯褌褉褟褋邪褞褖械泄	0.000271	2.995732	0.000812
锌芯褏芯卸械谐芯	0.000271	2.995732	0.000812
锌芯褔褌懈	0.000271	1.021651	0.000277
锌芯褔褌褍	0.000271	0.040822	0.000011
锌芯褕邪谐芯胁褘械	0.000271	0.301105	0.000082
锌芯褕邪谐芯胁褘屑懈	0.000271	0.040822	0.000011
锌芯褟胁褟褌褋褟	0.000271	2.995732	0.000812
锌褉邪蟹写薪械褋褌胁邪	0.000271	2.407946	0.000653
锌褉邪蟹写薪懈泻邪	0.000271	0.116534	0.000032
锌褉邪蟹写薪懈泻懈	0.000271	1.771957	0.000480
锌褉邪蟹写薪懈褔薪芯	0.000271	0.116534	0.000032
锌褉邪蟹写薪懈褔薪芯谐芯	0.000271	0.116534	0.000032
锌褉邪蟹写薪懈褔薪芯屑	0.000271	1.771957	0.000480
锌褉邪蟹写薪懈褔薪褘泄	0.000271	0.116534	0.000032
锌褉邪蟹写薪芯胁邪谢懈	0.000271	3.218876	0.000873
锌褉邪泻褌懈泻褍屑	0.000271	0.116534	0.000032
锌褉邪泻褌懈褔械褋泻懈	0.000542	1.386294	0.000752
锌褉械胁芯褋褏芯写薪褘械	0.000271	0.116534	0.000032
锌褉械胁褉邪褖械薪懈褟	0.000271	0.116534	0.000032
锌褉械写谢芯卸懈褌褜	0.000271	1.237874	0.000336
锌褉械写褋褌邪胁懈褌褜	0.000271	1.660731	0.000450
锌褉械写褋褌邪胁谢褟谢	0.000271	2.995732	0.000812
锌褉械泻谢芯薪褟褞褋褜	0.000271	2.813411	0.000763
锌褉械泻褉邪褋薪芯	0.000271	1.714798	0.000465
锌褉械褋薪芯械	0.000271	0.116534	0.000032
锌褉懈斜邪胁谢械薪懈褟	0.000271	2.659260	0.000721
锌褉懈胁谢械泻邪械褌	0.000271	3.912023	0.001061
锌褉懈谐谢邪褕械薪褘	0.000271	3.218876	0.000873
锌褉懈谐谢邪褕褢薪薪褘褏	0.000271	3.218876	0.000873
锌褉懈谐芯胁邪褉懈胁邪褟	0.000271	3.506558	0.000951
锌褉懈谐芯写懈褌褋褟	0.000271	1.609438	0.000436
锌褉懈谐芯褌芯胁懈谢邪	0.000271	1.386294	0.000376
锌褉懈谐芯褌芯胁懈屑	0.000271	0.116534	0.000032
锌褉懈谐芯褌芯胁懈褌褜	0.000271	0.342490	0.000093
锌褉懈谐芯褌芯胁谢械薪懈械	0.000271	0.105361	0.000029
锌褉懈谐芯褌芯胁谢械薪懈懈	0.000813	0.798508	0.000650
锌褉懈谐芯褌芯胁谢械薪懈褞	0.000271	0.040822	0.000011
锌褉懈谐芯褌芯胁谢械薪懈褟	0.000271	0.371064	0.000101
锌褉懈写邪械褌	0.000271	2.302585	0.000624
锌褉懈写褍屑邪谢	0.000271	3.218876	0.000873
锌褉懈械谢褋褟	0.000271	3.218876	0.000873
锌褉懈卸懈胁械褌褋褟	0.000271	2.813411	0.000763
锌褉懈蟹薪邪薪懈械	0.000271	0.116534	0.000032
锌褉懈蟹芯胁	0.000271	0.040822	0.000011
锌褉懈谢邪胁泻邪褏	0.000271	3.218876	0.000873
锌褉懈屑械褉褍	0.000271	2.659260	0.000721
锌褉懈薪邪写谢械卸懈褌	0.000271	3.218876	0.000873
锌褉懈薪褟褌芯	0.000271	2.659260	0.000721
锌褉懈锌褉邪胁邪	0.001356	0.040822	0.000055
锌褉懈褉芯写褍	0.000271	0.116534	0.000032
锌褉懈褉芯写褘	0.000271	0.116534	0.000032
锌褉懈褋褌褍锌懈褌褜	0.000271	0.040822	0.000011
锌褉芯胁械写懈	0.001085	0.116534	0.000126
锌褉芯胁械褉械薪芯	0.001627	0.116534	0.000190
锌褉芯胁芯写懈屑褘褏	0.000271	0.040822	0.000011
锌褉芯胁芯卸邪械屑	0.000271	0.116534	0.000032
锌褉芯写褍泻褌芯胁	0.000271	0.094311	0.000026
锌褉芯写褍泻褌褘	0.000271	1.386294	0.000376
锌褉芯械泻褌芯胁	0.000271	0.116534	0.000032
锌褉芯械泻褌褘	0.000271	0.061875	0.000017
锌褉芯锌懈褌邪薪薪褘泄	0.000271	2.995732	0.000812
锌褉芯褋屑芯褌褉邪屑	0.000271	0.274437	0.000074
锌褉芯褋褌芯	0.001627	0.083382	0.000136
锌褉芯褋褌芯谐芯	0.000271	2.040221	0.000553
锌褉芯褋褌芯泄	0.000271	0.755023	0.000205
锌褉芯褋褌芯泻胁邪褕邪	0.000271	0.040822	0.000011
锌褉芯褎懈谢褜	0.000271	0.040822	0.000011
锌褉芯褔懈褌邪谢邪	0.000271	1.832581	0.000497
锌褉褟屑芯	0.000271	0.040822	0.000011
锌褉褟薪懈泻	0.000271	0.040822	0.000011
锌褉褟薪懈泻懈	0.000271	0.116534	0.000032
锌褉褟薪懈褔薪芯械	0.000271	0.116534	0.000032
锌褌懈褑邪	0.001356	0.116534	0.000158
锌褌懈褑械	0.000542	0.116534	0.000063
锌褌懈褑械泄	0.000271	0.127833	0.000035
锌褌懈褑褘	0.003254	0.116534	0.000379
锌褍写懈薪谐	0.000271	0.040822	0.000011
锌褍写懈薪谐懈	0.000542	0.116534	0.000063
锌褍薪褕	0.000271	0.040822	0.000011
锌褍褌械褕械褋褌胁懈械	0.000542	0.116534	0.000063
锌褍褌褜	0.000542	0.116534	0.000063
锌褕械薪懈褔薪邪褟	0.002711	0.287682	0.000780
锌褘褕泻懈	0.000271	0.040822	0.000011
锌褞褉械	0.001085	0.040822	0.000044
锌褟褌褜	0.000271	1.832581	0.000497
褉邪谐褍	0.000271	0.116534	0.000032
褉邪蟹	0.000813	0.446287	0.000363
褉邪蟹胁械褉薪褍褌褜	0.000271	0.116534	0.000032
褉邪蟹写械谢褜薪芯械	0.000271	0.116534	0.000032
褉邪蟹屑械褖邪褌褜	0.000271	2.302585	0.000624
褉邪蟹薪褘械	0.000271	0.116534	0.000032
褉邪蟹芯屑	0.000271	2.407946	0.000653
褉邪蟹褍蟹薪邪褌褜	0.000271	2.525729	0.000685
褉邪薪褜褕械	0.000271	1.560648	0.000423
褉邪褋褋屑邪褌褉懈胁邪褌褜	0.000271	2.659260	0.000721
褉邪褋褋芯谢褜薪懈泻	0.000542	0.040822	0.000022
褉邪褋褋芯谢褜薪懈泻邪	0.000271	0.116534	0.000032
褉邪褋褋褘谢泻懈	0.000271	0.061875	0.000017
褉邪褋褌懈褌械谢褜薪芯械	0.002711	0.235722	0.000639
褉械谐懈褋褌褉邪褑懈懈	0.000542	0.010050	0.000005
褉械谐懈褋褌褉邪褑懈褟	0.000271	0.000000	0.000000
褉械写懈褋	0.000542	2.995732	0.001625
褉械泄褌懈薪谐褍	0.000271	0.248461	0.000067
褉械锌褔邪褌褘泄	0.003796	0.430783	0.001635
褉械褑械锌褌	0.004610	0.040822	0.000188
褉械褑械锌褌邪褏	0.000271	0.061875	0.000017
褉械褑械锌褌芯胁	0.001627	0.040822	0.000066
褉械褑械锌褌褍	0.000271	0.891598	0.000242
褉械褑械锌褌褘	0.019794	0.040822	0.000808
褉械褕懈谢邪	0.000542	0.820981	0.000445
褉械褕懈谢邪褋褜	0.000271	2.525729	0.000685
褉懈褋	0.001085	0.040822	0.000044
褉懈褋邪	0.000271	0.116534	0.000032
褉懈褋泻	0.000271	2.659260	0.000721
褉懈褌屑械	0.000271	0.116534	0.000032
褉芯谐邪谢懈泻懈	0.000271	0.040822	0.000011
褉芯写薪芯械	0.000271	0.116534	0.000032
褉芯卸写械薪懈褟	0.000271	0.105361	0.000029
褉芯卸写械褋褌胁芯	0.000271	0.116534	0.000032
褉芯蟹屑邪褉懈薪	0.000542	1.609438	0.000873
褉芯谢谢褌芯薪	0.000271	0.116534	0.000032
褉芯谢谢褘	0.000542	0.040822	0.000022
褉芯屑	0.000271	0.040822	0.000011
褉褍斜褉懈泻邪褌芯褉	0.000271	0.051293	0.000014
褉褍泻芯泄	0.000271	2.525729	0.000685
褉褍谢械褌	0.001085	0.040822	0.000044
褉褍谢械褌邪	0.000271	2.813411	0.000763
褉褍谢械褌懈泻	0.000271	3.912023	0.001061
褉褍谢械褌褘	0.004067	0.116534	0.000474
褉褍屑褘薪褋泻邪褟	0.000271	0.116534	0.000032
褉褍屑褟薪褘械	0.000271	0.116534	0.000032
褉褍薪械褌械	0.000271	0.020203	0.000005
褉褍褋褋泻邪褟	0.000271	0.116534	0.000032
褉褘斜邪	0.003796	0.040822	0.000155
褉褘斜械	0.000542	0.116534	0.000063
褉褘斜泻邪	0.000542	2.525729	0.001370
褉褘斜薪邪褟	0.000271	0.116534	0.000032
褉褘斜薪芯谐芯	0.000542	0.116534	0.000063
褉褘斜薪褘械	0.001356	0.116534	0.000158
褉褘斜薪褘泄	0.000542	0.116534	0.000063
褉褘斜薪褘褏	0.000271	0.116534	0.000032
褉褘斜芯泄	0.000542	0.116534	0.000063
褉褘斜褘	0.003796	0.116534	0.000442
褉褟写芯屑	0.000271	2.995732	0.000812
褉褟卸械薪泻邪	0.000271	0.116534	0.000032
褋邪泄褌	0.000813	0.000000	0.000000
褋邪泄褌械	0.000542	0.462035	0.000251
褋邪泄褌褍	0.000542	0.061875	0.000034
褋邪谢邪褌	0.003254	0.094311	0.000307
褋邪谢邪褌邪	0.001356	1.078810	0.001463
褋邪谢邪褌械	0.000271	2.659260	0.000721
褋邪谢邪褌薪邪褟	0.000271	0.116534	0.000032
褋邪谢邪褌薪懈泻邪	0.000271	2.995732	0.000812
褋邪谢邪褌芯屑	0.000271	2.207275	0.000599
褋邪谢邪褌褘	0.010846	0.040822	0.000443
褋邪屑芯谐芯薪	0.000271	0.040822	0.000011
褋邪屑芯屑	0.000271	2.120264	0.000575
褋邪屑芯褋褌芯褟褌械谢褜薪芯械	0.000271	2.207275	0.000599
褋邪屑褘屑	0.000542	1.386294	0.000752
褋邪屑褘褏	0.000813	0.116534	0.000095
褋邪褎	0.000813	0.116534	0.000095
褋邪褎褋械屑	0.000271	0.116534	0.000032
褋邪褏邪褉	0.001085	0.116534	0.000126
褋斜懈褌械薪褜	0.000271	0.040822	0.000011
褋胁邪写械斜薪褘泄	0.000271	2.813411	0.000763
褋胁邪写褜斜械	0.000271	3.218876	0.000873
褋胁械卸械褋褌褜	0.000271	0.105361	0.000029
褋胁械卸懈械	0.000542	2.659260	0.001442
褋胁械卸懈泄	0.000271	2.659260	0.000721
褋胁械卸懈褏	0.000271	2.659260	0.000721
褋胁械泻谢邪	0.000813	0.040822	0.000033
褋胁械泻芯谢褜薪懈泻	0.000542	0.040822	0.000022
褋胁械褌邪	0.001085	0.116534	0.000126
褋胁懈薪懈薪邪	0.001627	0.040822	0.000066
褋胁懈薪懈薪褘	0.001627	0.116534	0.000190
褋胁芯写懈屑	0.000271	2.659260	0.000721
褋胁芯械	0.000271	0.116534	0.000032
褋胁芯械泄	0.000271	1.347074	0.000365
褋胁芯械屑	0.000271	0.040822	0.000011
褋胁芯懈屑	0.000271	0.040822	0.000011
褋胁芯褞	0.000271	0.040822	0.000011
褋谐褍褖械薪泻邪	0.000271	0.040822	0.000011
褋写械谢邪泄	0.000271	3.506558	0.000951
褋写械谢邪谢懈	0.000271	2.813411	0.000763
褋写械谢邪褌褜	0.000542	1.021651	0.000554
褋械谐芯写薪褟	0.000542	0.843970	0.000458
褋械蟹芯薪	0.000271	0.116534	0.000032
褋械泄褔邪褋	0.000813	0.030459	0.000025
褋械泻褉械褌褘	0.000542	0.116534	0.000063
褋械谢械写泻邪	0.000271	0.040822	0.000011
褋械谢懈	0.000271	3.218876	0.000873
褋械谢褜写褜	0.000813	2.207275	0.001796
褋械屑谐邪	0.000271	0.040822	0.000011
褋械屑械泄薪芯屑	0.000271	2.407946	0.000653
褋械屑械泄薪褘泄	0.000271	0.116534	0.000032
褋械屑褜械泄	0.000271	1.897120	0.000514
褋械屑褜懈	0.000271	0.116534	0.000032
褋械薪褌褟斜褉褟	0.000271	0.673345	0.000183
褋械褉写褑械	0.000271	1.832581	0.000497
褋械褋褌褉芯泄	0.000271	3.218876	0.000873
褋懈写械谢	0.000271	3.506558	0.000951
褋懈写褉	0.000271	0.040822	0.000011
褋懈写褟褖邪褟	0.000271	3.218876	0.000873
褋懈褉懈泄褋泻邪褟	0.000271	0.116534	0.000032
褋懈褉芯锌	0.000271	0.040822	0.000011
褋懈褉芯锌褘	0.000271	0.116534	0.000032
褋懈褋褌械屑褘	0.000271	0.040822	0.000011
褋懈褌懈	0.000271	0.127833	0.000035
褋泻邪卸褍	0.000542	1.714798	0.000930
褋泻邪蟹邪谢邪	0.000271	1.832581	0.000497
褋泻邪蟹邪褌褜	0.000271	0.653926	0.000177
褋泻邪蟹芯泻	0.000271	0.116534	0.000032
褋泻邪屑械泄泻邪屑懈	0.000271	3.218876	0.000873
褋泻芯胁芯褉芯写泻褍	0.000271	2.407946	0.000653
褋泻褉械斜谢懈	0.000271	3.218876	0.000873
褋谢邪写泻邪褟	0.001085	0.116534	0.000126
褋谢邪写泻懈械	0.001627	0.040822	0.000066
褋谢邪写泻懈泄	0.002711	0.105361	0.000286
褋谢邪写泻懈褏	0.000542	0.116534	0.000063
褋谢邪写泻芯	0.000271	0.116534	0.000032
褋谢械写懈褌褜	0.000271	2.659260	0.000721
褋谢懈胁芯褔薪芯械	0.002440	0.116534	0.000284
褋谢懈胁芯褔薪褘屑	0.000271	1.966113	0.000533
褋谢懈褕泻芯屑	0.000271	2.120264	0.000575
褋谢芯械薪芯谐芯	0.000271	0.127833	0.000035
褋谢芯械薪芯械	0.000271	0.116534	0.000032
褋谢芯械薪褘泄	0.000271	0.116534	0.000032
褋谢芯卸薪芯	0.000271	2.525729	0.000685
褋谢芯泄泻邪	0.000271	0.040822	0.000011
褋谢芯泄泻懈	0.000271	0.116534	0.000032
褋谢褍褔邪械	0.000271	1.897120	0.000514
褋屑械谢芯	0.000271	2.120264	0.000575
褋屑械褌邪薪邪	0.000813	0.105361	0.000086
褋屑械褕邪薪薪芯谐芯	0.000271	0.116534	0.000032
褋屑芯卸械褌械	0.000271	0.040822	0.000011
褋屑褍蟹懈	0.000813	0.040822	0.000033
褋薪褝泻	0.000271	0.116534	0.000032
褋芯斜邪泻芯泄	0.000271	2.659260	0.000721
褋芯斜懈褉邪械褌械褋褜	0.000271	0.040822	0.000011
褋芯斜懈褉邪谢邪褋褜	0.000271	2.525729	0.000685
褋芯斜谢褞写邪褞褌	0.000271	2.813411	0.000763
褋芯斜褋褌胁械薪薪芯	0.000271	2.120264	0.000575
褋芯斜褘褌懈械	0.000271	2.995732	0.000812
褋芯胁械褉褕械薪褋褌胁芯	0.001356	0.116534	0.000158
褋芯胁械褌邪屑懈	0.000271	0.040822	0.000011
褋芯胁屑械褋褌懈胁	0.000271	3.218876	0.000873
褋芯谐谢邪褕邪械褌械褋褜	0.000271	0.040822	0.000011
褋芯械胁褘泄	0.001085	0.798508	0.000866
褋芯械胁褘屑	0.000271	2.525729	0.000685
褋芯蟹写邪械褌	0.000271	0.116534	0.000032
褋芯蟹写邪薪懈褟	0.000542	0.261365	0.000142
褋芯蟹褉械褞褌	0.000271	3.218876	0.000873
褋芯泻	0.001356	0.116534	0.000158
褋芯泻邪	0.000271	0.105361	0.000029
褋芯泻懈	0.000271	0.040822	0.000011
褋芯泻芯屑	0.000271	2.207275	0.000599
褋芯谢械薪褘械	0.000813	0.116534	0.000095
褋芯谢械薪褜褟	0.000542	0.116534	0.000063
褋芯谢薪械褔薪芯泄	0.000271	0.127833	0.000035
褋芯谢褜	0.004881	0.150823	0.000736
褋芯谢褟薪泻邪	0.000542	0.040822	0.000022
褋芯褉褌懈褉芯胁邪褌褜	0.000271	0.248461	0.000067
褋芯褋褌邪胁	0.000271	1.897120	0.000514
褋芯褋褌邪胁懈谢芯	0.000271	2.525729	0.000685
褋芯褋褌邪胁褜	0.000271	0.116534	0.000032
褋芯褍褋	0.003254	0.040822	0.000133
褋芯褍褋芯屑	0.001627	0.116534	0.000190
褋芯褍褋褘	0.001085	0.116534	0.000126
褋芯褏褉邪薪褟褌褜	0.000271	0.040822	0.000011
褋芯褑褋械褌懈	0.000271	0.040822	0.000011
褋芯褔械褌邪薪懈械	0.000271	0.116534	0.000032
褋芯褔薪芯械	0.000271	0.116534	0.000032
褋芯褔薪褘泄	0.000271	2.407946	0.000653
褋锌邪褋懈斜芯	0.000542	0.673345	0.000365
褋锌械褑懈邪谢褜薪芯	0.000271	2.813411	0.000763
褋锌械褑懈邪谢褜薪芯械	0.000271	0.116534	0.000032
褋锌械褑懈懈	0.001898	0.105361	0.000200
褋锌械褑懈褟屑懈	0.000271	2.525729	0.000685
褋锌械褑锌褉芯械泻褌	0.008948	0.116534	0.001043
褋锌懈褋芯泻	0.000271	0.116534	0.000032
褋锌芯褋芯斜械	0.000271	2.525729	0.000685
褋锌芯褞	0.000271	0.116534	0.000032
褋褉邪蟹褍	0.000813	0.733969	0.000597
褋褉械写懈蟹械屑薪芯屑芯褉褋泻邪褟	0.000271	0.127833	0.000035
褋褌邪薪械褌	0.000271	1.832581	0.000497
褋褌邪褉褘械	0.000271	0.261365	0.000071
褋褌邪褌褜褟褏	0.000271	0.061875	0.000017
褋褌械锌懈	0.000271	2.302585	0.000624
褋褌械锌薪芯屑褍	0.000271	2.407946	0.000653
褋褌懈谢械	0.000271	0.116534	0.000032
褋褌懈谢褟	0.000271	0.116534	0.000032
褋褌芯谢	0.000542	0.105361	0.000057
褋褌芯谢邪	0.001627	0.116534	0.000190
褋褌芯谢邪屑懈	0.000271	3.218876	0.000873
褋褌芯谢邪褏	0.000271	2.813411	0.000763
褋褌芯谢械	0.000271	1.469676	0.000399
褋褌芯褟谢懈	0.000271	2.659260	0.000721
褋褌褉芯懈褌械谢褜褋褌胁械	0.000271	0.040822	0.000011
褋褌褉芯懈褌械谢褜褋褌胁褍	0.000271	0.040822	0.000011
褋褌褉芯懈褌褜	0.000271	0.040822	0.000011
褋褌褉芯泄薪芯泄	0.000271	0.116534	0.000032
褋褍斜锌褉芯写褍泻褌芯胁	0.001898	0.116534	0.000221
褋褍斜锌褉芯写褍泻褌褘	0.000813	0.116534	0.000095
褋褍锌	0.002711	0.040822	0.000111
褋褍锌邪	0.000271	0.040822	0.000011
褋褍锌械褉斜邪斜褍褕泻邪	0.000271	1.237874	0.000336
褋褍锌褔懈泻	0.000271	2.302585	0.000624
褋褍锌褘	0.003254	0.040822	0.000133
褋褍褎谢械	0.000813	0.040822	0.000033
褋褍褏邪褉懈	0.000813	0.040822	0.000033
褋褍褕懈	0.000542	0.040822	0.000022
褋褔邪褋褌褜褟	0.000271	2.407946	0.000653
褋褘褉	0.004610	0.040822	0.000188
褋褘褉邪	0.001627	0.116534	0.000190
褋褘褉邪屑懈	0.000271	0.127833	0.000035
褋褘褉薪懈泻	0.000271	0.040822	0.000011
褋褘褉薪懈泻懈	0.000542	0.116534	0.000063
褋褘褉薪芯泄	0.000271	2.302585	0.000624
褋褘褉薪褘械	0.001356	0.040822	0.000055
褋褘褉薪褘屑懈	0.000271	2.995732	0.000812
褋褘褉芯屑	0.000542	0.713350	0.000387
褋褘褌薪褘泄	0.000542	0.105361	0.000057
褋褘褔褍卸薪褘屑懈	0.000271	0.127833	0.000035
褋褝薪写胁懈褔懈	0.000271	0.127833	0.000035
褋褞褉锌褉懈蟹	0.000271	0.116534	0.000032
褌邪写卸懈泻褋泻邪褟	0.000271	0.116534	0.000032
褌邪泄褋泻邪褟	0.000271	0.116534	0.000032
褌邪泻懈	0.000271	1.237874	0.000336
褌邪泻懈屑	0.000813	1.021651	0.000831
褌邪泻懈屑懈	0.000271	2.659260	0.000721
褌邪泻芯屑	0.000542	1.897120	0.001029
褌邪泻褍褞	0.000271	1.427116	0.000387
褌邪褉褌	0.000271	0.116534	0.000032
褌邪褉褌邪谢械褌泻懈	0.000542	0.040822	0.000022
褌邪褌邪褉褋泻邪褟	0.000271	0.116534	0.000032
褌胁械褉写褘泄	0.002169	0.562119	0.001219
褌胁芯懈	0.000542	0.116534	0.000063
褌胁芯褉懈	0.000271	0.116534	0.000032
褌胁芯褉芯谐	0.000542	0.040822	0.000022
褌胁芯褉芯谐芯屑	0.000271	0.105361	0.000029
褌胁芯褉芯卸薪芯械	0.000271	0.116534	0.000032
褌胁芯褉芯卸薪褘械	0.000542	0.116534	0.000063
褌胁芯褉芯卸薪褘泄	0.000813	0.116534	0.000095
褌械谢械谐褉邪屑	0.000271	0.040822	0.000011
褌械谢褟褌懈薪褘	0.001085	0.116534	0.000126
褌械屑	0.000271	0.967584	0.000262
褌械锌械褉褜	0.000271	0.916291	0.000248
褌械锌谢芯屑	0.000271	0.116534	0.000032
褌械褉褉邪褋芯泄	0.000271	0.798508	0.000217
褌械褉褉懈薪	0.000271	0.040822	0.000011
褌械褋褌	0.001356	0.127833	0.000173
褌械褋褌邪	0.001627	0.105361	0.000171
褌械褋褌芯	0.002440	0.040822	0.000100
褌械褏	0.000542	0.634878	0.000344
褌械褏薪懈泻邪	0.001356	0.105361	0.000143
褌械褖懈薪	0.000271	0.040822	0.000011
褌屑	0.001085	0.127833	0.000139
褌芯谐芯	0.000271	1.427116	0.000387
褌芯屑	0.000271	1.171183	0.000318
褌芯屑邪褌邪屑懈	0.000271	2.407946	0.000653
褌芯屑褍	0.000271	2.659260	0.000721
褌芯锌谢械薪芯械	0.000271	0.116534	0.000032
褌芯褉褌	0.002983	0.040822	0.000122
褌芯褉褌褘	0.002440	0.116534	0.000284
褌褉邪胁褘	0.000271	0.105361	0.000029
褌褉邪写懈褑懈懈	0.000271	0.116534	0.000032
褌褉邪写懈褑懈泄	0.001085	0.116534	0.000126
褌褉邪写懈褑懈褟褏	0.000271	0.116534	0.000032
褌褉械褏谢械褌懈械屑	0.000271	0.116534	0.000032
褌褉懈	0.000271	1.386294	0.000376
褌褉褍斜芯褔泻懈	0.000271	0.040822	0.000011
褌褉褍写邪	0.000271	2.407946	0.000653
褌褉褍写芯屑	0.000271	3.218876	0.000873
褌褍薪懈褋褋泻邪褟	0.000271	0.116534	0.000032
褌褍薪褑芯屑	0.000271	0.116534	0.000032
褌褍褉械褑泻邪褟	0.000271	0.116534	0.000032
褌褘泻胁邪	0.000271	0.040822	0.000011
褌褟锌	0.000271	3.912023	0.001061
褍斜械写懈褌械褋褜	0.000271	2.120264	0.000575
褍胁械写芯屑谢械薪懈褟	0.000271	0.040822	0.000011
褍胁械褉械薪邪	0.000271	1.272966	0.000345
褍胁懈写械谢邪	0.000271	1.427116	0.000387
褍谐芯褖邪泄褌械褋褜	0.000542	1.021651	0.000554
褍写邪谢褞	0.000271	1.771957	0.000480
褍写邪褔薪邪褟	0.000271	0.116534	0.000032
褍写懈胁懈	0.000271	0.116534	0.000032
褍写懈胁懈谢	0.000271	3.218876	0.000873
褍写懈胁懈谢邪褋褜	0.000271	3.218876	0.000873
褍写懈胁懈褌褜	0.000271	1.771957	0.000480
褍写懈胁懈褕褜	0.000271	2.813411	0.000763
褍写懈胁谢褟泄褌械	0.001085	0.116534	0.000126
褍写芯胁芯谢褜褋褌胁懈械屑	0.000271	0.116534	0.000032
褍写芯胁芯谢褜褋褌胁懈褟	0.000271	2.302585	0.000624
褍卸	0.000542	0.693147	0.000376
褍卸懈薪	0.001627	0.094311	0.000153
褍卸懈薪芯屑	0.000271	2.659260	0.000721
褍蟹斜械泻褋泻邪褟	0.000271	0.116534	0.000032
褍泻褉邪懈薪褋泻邪褟	0.000271	0.116534	0.000032
褍泻褉邪褕械薪懈褟	0.002169	0.116534	0.000253
褍泻褋褍褋	0.001627	0.634878	0.001033
褍屑械褞	0.000271	2.995732	0.000812
褍屑褟谢	0.000271	3.218876	0.000873
褍锌芯褌褉械斜谢械薪懈械屑	0.000271	0.116534	0.000032
褍褉邪谢褜褋泻邪褟	0.000271	0.116534	0.000032
褍褉芯卸邪泄	0.000271	0.105361	0.000029
褍褌泻懈	0.000813	0.116534	0.000095
褍褏邪	0.000271	0.040822	0.000011
褍褔邪褋褌胁芯胁邪褌褜	0.000271	0.040822	0.000011
褍褕泻芯	0.000271	3.218876	0.000873
褍褞褌薪芯屑	0.000271	2.525729	0.000685
褎邪蟹械薪写褘	0.000271	0.127833	0.000035
褎邪薪褌邪蟹懈懈	0.001898	0.116534	0.000221
褎邪薪褌邪蟹懈泄	0.000271	0.116534	0.000032
褎邪薪褌邪蟹懈褟	0.000542	0.116534	0.000063
褎邪褉褕邪	0.003525	0.040822	0.000144
褎邪褉褕懈褉芯胁邪薪薪邪褟	0.000542	0.116534	0.000063
褎邪褉褕懈褉芯胁邪薪薪芯谐芯	0.000271	2.995732	0.000812
褎邪褉褕懈褉芯胁邪薪薪芯械	0.000271	0.116534	0.000032
褎邪褉褕懈褉芯胁邪薪薪褘械	0.000542	0.040822	0.000022
褎邪褉褕懈褉芯胁邪薪薪褘泄	0.000271	0.040822	0.000011
褎邪褋芯谢褜	0.000271	0.040822	0.000011
褎械胁褉邪谢褟	0.000813	0.105361	0.000086
褎械泄械褉胁械褉泻	0.000542	0.116534	0.000063
褎懈谐褍褉械	0.000271	0.116534	0.000032
褎懈谢械	0.001085	0.916291	0.000994
褎懈薪褋泻邪褟	0.000271	0.116534	0.000032
褎懈褉屑械薪薪芯械	0.000271	0.116534	0.000032
褎懈褉屑械薪薪褘泄	0.000271	2.525729	0.000685
褎芯薪写褞	0.000271	0.040822	0.000011
褎芯褉屑褘	0.000271	0.116534	0.000032
褎芯褉褍屑邪	0.000271	1.832581	0.000497
褎芯褉褍屑械	0.000542	0.040822	0.000022
褎芯褉褕屑邪泻	0.000271	0.040822	0.000011
褎褉邪薪褑懈懈	0.000271	0.116534	0.000032
褎褉邪薪褑褍蟹褋泻邪褟	0.000271	0.116534	0.000032
褎褉邪薪褑褍蟹褋泻芯谐芯	0.000271	2.659260	0.000721
褎褉邪褍	0.001085	0.116534	0.000126
褎褉褍泻褌芯胁	0.001085	0.116534	0.000126
褎褉褍泻褌芯胁芯	0.000271	0.116534	0.000032
褎褉褍泻褌芯胁褘械	0.001898	0.040822	0.000077
褎褍写	0.000271	0.116534	0.000032
褎褍褉褕械褌	0.000271	0.116534	0.000032
褏邪谢胁邪	0.000271	0.040822	0.000011
褏邪褉胁械褋褌褎械褋褌	0.000542	0.116534	0.000063
褏邪褉褔芯	0.000542	0.040822	0.000022
褏邪褕	0.000271	0.040822	0.000011
褏胁芯褉芯褋褌	0.000271	0.040822	0.000011
褏懈薪泻邪谢懈	0.000271	0.116534	0.000032
褏懈褌	0.001898	0.116534	0.000221
褏懈褌褉芯褋褌懈	0.000271	2.659260	0.000721
褏谢械斜	0.001356	0.040822	0.000055
褏谢械斜芯锌械褔泻懈	0.000271	0.116534	0.000032
褏谢械斜褍褕械泻	0.000271	2.120264	0.000575
褏谢芯锌褜褟	0.000542	0.105361	0.000057
褏芯蟹褟泄泻邪	0.000542	1.897120	0.001029
褏芯蟹褟泄泻懈	0.000542	0.127833	0.000069
褏芯谢芯写械褑	0.000271	0.040822	0.000011
褏芯谢芯写薪褘械	0.000542	0.116534	0.000063
褏芯谢芯写薪褘泄	0.000542	0.116534	0.000063
褏芯褉胁邪褌褋泻邪褟	0.000271	0.116534	0.000032
褏芯褉芯褕芯	0.001356	0.105361	0.000143
褏芯褉褋	0.000271	0.116534	0.000032
褏芯褌懈褌械	0.000271	0.040822	0.000011
褏芯褔褍	0.000813	0.562119	0.000457
褏褉褍褋褌褟褖械泄	0.000271	1.609438	0.000436
褏褉褍褋褌褟褖懈泄	0.000271	2.040221	0.000553
褏褍屑褍褋	0.000271	0.040822	0.000011
褑邪褉褋褌胁芯	0.000271	0.127833	0.000035
褑邪褉褜	0.000271	0.116534	0.000032
褑胁械褌薪邪褟	0.000271	0.040822	0.000011
褑械谢械泄	0.000271	2.995732	0.000812
褑械薪薪褘褏	0.000271	0.040822	0.000011
褑械薪褌褉	0.000271	0.116534	0.000032
褑芯褉褌谢邪薪写	0.000271	4.605170	0.001249
褔邪械屑	0.000271	0.116534	0.000032
褔邪泄	0.000813	0.040822	0.000033
褔邪褋邪	0.000271	1.514128	0.000411
褔械斜褍褉械泻懈	0.000542	0.040822	0.000022
褔械谐芯	0.000271	1.203973	0.000326
褔械屑褍	0.000271	2.407946	0.000653
褔械褉泻懈蟹芯胁芯	0.000542	0.116534	0.000063
褔械褉薪褘泄	0.004338	0.371064	0.001610
褔械褋薪芯泻	0.004338	0.314711	0.001365
褔械褋薪芯泻邪	0.000271	2.995732	0.000812
褔械褋薪芯泻芯屑	0.000271	1.660731	0.000450
褔械褋褌薪芯	0.000271	1.203973	0.000326
褔械褋褌薪褘屑懈	0.000271	0.040822	0.000011
褔械褔械胁懈褑邪	0.000271	0.040822	0.000011
褔械褕褋泻邪褟	0.000271	0.116534	0.000032
褔懈蟹泻械泄泻	0.001085	0.040822	0.000044
褔懈谢懈泄褋泻邪褟	0.000271	0.116534	0.000032
褔懈锌褋褘	0.000271	0.040822	0.000011
褔懈褋谢械	0.000271	2.207275	0.000599
褔懈褋谢褍	0.000271	0.261365	0.000071
褔褍胁褋褌胁芯	0.000271	3.218876	0.000873
褔褍写械褋	0.000271	0.116534	0.000032
褔褍写械褋薪芯	0.000271	2.659260	0.000721
褔褍写械褋薪芯械	0.000271	2.525729	0.000685
褕邪谢邪褕械	0.000271	3.218876	0.000873
褕邪褉懈泻邪屑懈	0.000271	2.995732	0.000812
褕邪褉懈泻懈	0.000542	0.040822	0.000022
褕邪褉谢芯褌泻邪	0.000271	0.040822	0.000011
褕邪褉谢芯褌泻懈	0.000271	0.127833	0.000035
褕邪褉屑	0.000271	0.116534	0.000032
褕邪褕谢褘泻	0.003254	0.040822	0.000133
褕邪褕谢褘泻懈	0.000271	0.040822	0.000011
褕胁械写褋泻邪褟	0.000271	0.116534	0.000032
褕胁械泄褑邪褉褋泻邪褟	0.000271	0.116534	0.000032
褕械写械胁褉褘	0.000271	0.116534	0.000032
褕械锌薪褍谢邪	0.000271	3.218876	0.000873
褕械褎	0.000271	0.127833	0.000035
褕懈锌褍褔泻邪	0.000271	0.040822	0.000011
褕懈褉芯泻邪褟	0.000271	0.127833	0.000035
褕泻芯谢褍	0.000271	0.116534	0.000032
褕屑懈写褌	0.000271	3.506558	0.000951
褕芯泻芯谢邪写	0.000271	0.040822	0.000011
褕芯褌谢邪薪写褋泻邪褟	0.000271	0.116534	0.000032
褕褌褉褍写械谢褜	0.000271	0.040822	0.000011
褕褍斜邪	0.000271	3.218876	0.000873
褕褍斜械	0.000271	2.995732	0.000812
褕褍斜泻芯泄	0.000271	2.659260	0.000721
褕褍斜芯泄	0.000271	2.407946	0.000653
褕褍褉锌邪	0.000271	0.040822	0.000011
褖邪褋	0.000271	0.116534	0.000032
褖械写褉邪褟	0.000271	0.116534	0.000032
褖懈	0.000542	0.040822	0.000022
褝泻芯屑懈谢泻	0.000271	0.127833	0.000035
褝褋褌芯薪褋泻邪褟	0.000271	0.116534	0.000032
褝褌懈褏	0.000542	1.714798	0.000930
褝褌芯屑	0.000271	0.843970	0.000229
褞谐芯褋谢邪胁褋泻邪褟	0.000271	0.116534	0.000032
褟谐芯写薪褘械	0.000542	0.116534	0.000063
褟谐芯写薪褘泄	0.000542	0.116534	0.000063
褟蟹褘泻	0.000271	0.040822	0.000011
褟懈褑	0.001085	0.116534	0.000126
褟泄褑邪	0.000271	0.040822	0.000011
褟泄褑芯	0.003254	0.261365	0.000850
褟谢芯褉懈褋	0.000271	1.771957	0.000480
褟薪胁邪褉褟	0.000271	0.733969	0.000199
褟薪写械泻褋	0.000271	0.072571	0.000020
褟锌芯薪褋泻邪褟	0.000271	0.116534	0.000032
褟锌芯薪褋泻芯泄	0.000271	0.061875	0.000017
褟褉泻懈械	0.000271	0.116534	0.000032
褟褉泻芯	0.000271	0.105361	0.000029
褟褉褍褋邪	0.000271	3.218876	0.000873
