褌芯泻械薪	TF	IDF	TF-IDF
邪斜褏邪蟹褋泻邪褟	0.000272	0.116534	0.000032
邪胁褋褌褉邪谢懈泄褋泻邪褟	0.000272	0.116534	0.000032
邪胁褋褌褉懈泄褋泻邪褟	0.000272	0.116534	0.000032
邪胁褌芯泻谢邪胁邪	0.000272	0.116534	0.000032
邪胁褌芯褉邪屑	0.000272	0.040822	0.000011
邪谐褉芯	0.000272	0.116534	0.000032
邪写卸懈泻邪	0.000272	0.040822	0.000011
邪蟹械褉斜邪泄写卸邪薪褋泻邪褟	0.000272	0.116534	0.000032
邪蟹懈邪褌褋泻邪褟	0.000272	0.127833	0.000035
邪蟹褘	0.000272	0.127833	0.000035
邪泄褉邪薪	0.000272	0.040822	0.000011
邪泻胁邪褌懈泻邪	0.000817	0.127833	0.000104
邪谢械泻褋械褟	0.000272	0.127833	0.000035
邪谢泻芯谐芯谢械屑	0.000272	4.605170	0.001255
邪谢泻芯谐芯谢褜	0.000545	0.116534	0.000064
邪谢泻芯谐芯谢褜薪褘械	0.000272	0.116534	0.000032
邪谢泻芯谐芯谢褟	0.000272	0.116534	0.000032
邪谢褜褟薪褋	0.000272	0.116534	0.000032
邪屑械褉懈泻邪薪褋泻邪褟	0.000272	0.116534	0.000032
邪屑械褉懈泻邪薪褋泻芯屑	0.000272	4.605170	0.001255
邪薪谐谢懈泄褋泻邪褟	0.000272	0.116534	0.000032
邪薪谐谢懈泄褋泻懈泄	0.000817	3.218876	0.002631
邪薪谐谢懈泄褋泻芯谐芯	0.000272	4.605170	0.001255
邪薪写褉械褟	0.000272	0.127833	0.000035
邪锌械谢褜褋懈薪邪	0.000545	3.506558	0.001911
邪锌褉械谢褟	0.000272	0.579818	0.000158
邪褉邪斜褋泻邪褟	0.000272	0.116534	0.000032
邪褉谐械薪褌懈薪褋泻邪褟	0.000272	0.116534	0.000032
邪褉屑褟薪褋泻邪褟	0.000272	0.116534	0.000032
邪褉芯屑邪褌薪械泄褕懈泄	0.000272	4.605170	0.001255
邪褉芯屑邪褌薪褍褞	0.000272	3.506558	0.000955
邪褉芯屑邪褌薪褘械	0.000545	2.207275	0.001203
邪褉芯屑邪褌芯胁	0.000272	2.813411	0.000767
邪褉褏邪薪谐械谢褜褋泻械	0.000272	4.605170	0.001255
邪褋褋芯褉褌懈	0.000545	0.116534	0.000064
邪褌谢邪薪褌	0.000272	0.127833	0.000035
邪褎谐邪薪褋泻邪褟	0.000272	0.116534	0.000032
邪褎褉懈泻邪薪褋泻邪褟	0.000272	0.116534	0.000032
邪褝褉芯谐褉懈谢械	0.002725	0.116534	0.000318
斜邪泻谢邪卸邪薪褘	0.000272	0.040822	0.000011
斜邪谢褌泻芯屑	0.000272	0.127833	0.000035
斜邪谢褜蟹邪屑懈泻	0.000545	2.659260	0.001449
斜邪褉邪薪懈薪褘	0.001090	0.116534	0.000127
斜邪褉薪褏邪褍褋	0.000272	3.218876	0.000877
斜邪褋屑邪褌懈	0.000545	0.127833	0.000070
斜邪褋褌褍褉屑邪	0.000272	0.040822	0.000011
斜邪褌芯薪褔懈泻懈	0.000272	0.127833	0.000035
斜邪褕泻懈褉褋泻邪褟	0.000272	0.116534	0.000032
斜械蟹邪谢泻芯谐芯谢褜薪褘械	0.000272	0.116534	0.000032
斜械蟹谐谢褞褌械薪芯胁褘械	0.000272	0.116534	0.000032
斜械蟹写褉芯卸卸械胁芯泄	0.000272	4.605170	0.001255
斜械蟹械	0.001090	0.040822	0.000044
斜械蟹褍褋谢芯胁薪芯	0.000272	4.605170	0.001255
斜械谢械斜械械胁褋泻懈泄	0.000545	0.116534	0.000064
斜械谢芯泻	0.000545	2.120264	0.001155
斜械谢芯褉褍褋褋泻邪褟	0.000272	0.116534	0.000032
斜械谢芯褋薪械卸薪褘械	0.000272	4.605170	0.001255
斜械谢芯褔泻邪	0.000545	4.605170	0.002510
斜械谢褘泄	0.000545	1.609438	0.000877
斜械谢褜谐懈泄褋泻邪褟	0.000272	0.116534	0.000032
斜械薪薪懈褌芯	0.000272	3.912023	0.001066
斜械褉械屑械薪薪褘褏	0.000272	0.116534	0.000032
斜械褉懈褌械	0.000272	3.218876	0.000877
斜械褋械写懈薪邪	0.000272	0.127833	0.000035
斜懈褋泻胁懈褌	0.000272	0.040822	0.000011
斜懈褋泻胁懈褌薪芯械	0.001090	0.116534	0.000127
斜懈褋泻胁懈褌薪褘泄	0.000272	0.105361	0.000029
斜懈褋泻胁懈褌褘	0.000272	0.127833	0.000035
斜谢懈卸械	0.000272	0.116534	0.000032
斜谢懈蟹泻懈褏	0.000545	0.116534	0.000064
斜谢懈薪芯胁	0.000817	0.116534	0.000095
斜谢懈薪褘	0.001362	0.040822	0.000056
斜谢褞写	0.000817	0.094311	0.000077
斜谢褞写邪	0.025613	0.040822	0.001046
斜谢褞写芯	0.001362	0.040822	0.000056
斜谢褞写褍	0.000272	0.116534	0.000032
斜芯斜芯胁褘械	0.000545	0.127833	0.000070
斜芯斜芯胁褘褏	0.001635	0.116534	0.000191
斜芯谐邪褌械泄褕懈屑	0.000272	4.605170	0.001255
斜芯谐邪褌芯泄	0.000272	4.605170	0.001255
斜芯谐邪褌褘泄	0.000272	3.218876	0.000877
斜芯谢谐邪褉褋泻邪褟	0.000272	0.116534	0.000032
斜芯谢褜褕械	0.000545	0.105361	0.000057
斜芯褉褖	0.000545	0.040822	0.000022
斜芯褌胁懈薪褜褟	0.000272	0.040822	0.000011
斜褉邪蟹懈谢褜褋泻邪褟	0.000272	0.116534	0.000032
斜褉邪褍蟹械褉械	0.000272	0.040822	0.000011
斜褉邪褍薪懈	0.000272	0.040822	0.000011
斜褉械褋褌	0.000272	0.127833	0.000035
斜褉芯泻泻芯谢懈	0.000272	0.040822	0.000011
斜褍卸械薪懈薪邪	0.000272	0.040822	0.000011
斜褍谢芯褔泻邪屑懈	0.000272	0.116534	0.000032
斜褍谢芯褔泻懈	0.002180	0.040822	0.000089
斜褍谢褜芯薪	0.001907	0.040822	0.000078
斜褍谢褜芯薪褘	0.001090	0.116534	0.000127
斜褍褉谐械褉	0.000272	0.040822	0.000011
斜褍褉谐械褉褘	0.000272	0.127833	0.000035
斜褍褉褟褌褋泻邪褟	0.000272	0.116534	0.000032
斜褍褌械褉斜褉芯写	0.000545	0.116534	0.000064
斜褍褌械褉斜褉芯写褘	0.000545	0.040822	0.000022
斜褘褋褌褉芯	0.000817	0.094311	0.000077
斜褘褋褌褉芯泄	0.000272	0.116534	0.000032
斜褘褋褌褉褘泄	0.000545	0.105361	0.000057
斜褘褋褌褉褘褏	0.000272	4.605170	0.001255
斜褞写卸械褌薪褘泄	0.000272	3.218876	0.000877
胁邪卸薪褘械	0.000272	0.116534	0.000032
胁邪谢谢懈泄褋泻邪褟	0.000272	0.116534	0.000032
胁邪薪懈谢懈薪	0.000545	1.609438	0.000877
胁邪薪懈谢褜	0.000545	3.218876	0.001754
胁邪薪懈谢褜薪褘泄	0.000545	1.427116	0.000778
胁邪褉械薪懈泻懈	0.000272	0.116534	0.000032
胁邪褉械薪褜械	0.000545	0.040822	0.000022
胁邪褉懈邪薪褌	0.000545	0.562119	0.000306
胁邪褉懈邪褑懈懈	0.000272	2.813411	0.000767
胁邪褌褉褍褕泻懈	0.000272	0.040822	0.000011
胁邪褎谢懈	0.000545	0.040822	0.000022
胁邪褕械泄	0.000545	0.040822	0.000022
胁邪褕械屑褍	0.000272	1.560648	0.000425
胁邪褕懈屑	0.000272	2.040221	0.000556
胁邪褕懈褏	0.000545	2.040221	0.001112
胁胁芯写褟	0.000272	0.040822	0.000011
胁写芯褏薪芯胁械薪懈械	0.001090	0.116534	0.000127
胁写芯褏薪芯胁械薪懈械屑	0.000545	0.116534	0.000064
胁写芯褏薪芯胁谢褟泄褋褟	0.000272	0.116534	0.000032
胁械谐械褌邪褉懈邪薪褋泻懈械	0.000272	0.127833	0.000035
胁械谐械褌邪褉懈邪薪褋泻芯械	0.000272	0.116534	0.000032
胁械谢懈泻邪褟	0.000272	4.605170	0.001255
胁械谢懈泻懈泄	0.000272	0.116534	0.000032
胁械薪谐械褉褋泻邪褟	0.000272	0.116534	0.000032
胁械褋械薪薪懈械	0.000272	0.051293	0.000014
胁械褋械薪薪懈泄	0.000272	3.218876	0.000877
胁械褋薪邪	0.001635	0.116534	0.000191
胁械褋薪褘	0.000272	0.116534	0.000032
胁械褌褔懈薪褘	0.000272	0.105361	0.000029
胁蟹斜懈褌褘屑	0.000272	4.605170	0.001255
胁蟹褉芯褋谢褘褏	0.000272	2.995732	0.000816
胁懈写械芯	0.000545	0.116534	0.000064
胁懈写械芯褉械褑械锌褌褘	0.000272	0.301105	0.000082
胁懈薪芯	0.000545	0.040822	0.000022
胁泻谢褞褔邪褞褖懈褏	0.000272	0.634878	0.000173
胁泻褍褋	0.001090	0.105361	0.000115
胁泻褍褋邪	0.002180	0.116534	0.000254
胁泻褍褋薪邪褟	0.001362	0.061875	0.000084
胁泻褍褋薪械械	0.000817	0.116534	0.000095
胁泻褍褋薪械泄	0.000272	0.116534	0.000032
胁泻褍褋薪芯	0.001362	0.094311	0.000128
胁泻褍褋薪芯械	0.000272	0.994252	0.000271
胁泻褍褋薪褘械	0.000545	0.105361	0.000057
胁泻褍褋薪褘泄	0.000817	0.385662	0.000315
胁泻褍褋薪褘屑	0.000817	1.049822	0.000858
胁泻褍褋芯胁芯屑褍	0.000272	4.605170	0.001255
胁泻褍褋芯屑	0.000817	0.105361	0.000086
胁谢褞斜谢械薪薪褘褏	0.000272	0.116534	0.000032
胁薪邪褔邪谢械	0.001090	0.248461	0.000271
胁薪懈屑邪薪懈褞	0.000272	1.609438	0.000439
胁芯	0.000545	0.061875	0.000034
胁芯胁褋褞	0.000272	4.605170	0.001255
胁芯写邪	0.002725	0.287682	0.000784
胁芯写械	0.000272	0.105361	0.000029
胁芯写泻邪	0.000545	2.302585	0.001255
胁芯蟹写褍褕薪褘械	0.000272	4.605170	0.001255
胁芯蟹屑芯卸薪芯	0.000272	1.469676	0.000400
胁芯泄褌懈	0.000272	0.000000	0.000000
胁芯谢芯胁邪薪褘	0.000272	0.116534	0.000032
胁芯谢褕械斜薪褘械	0.000272	0.116534	0.000032
胁芯谢褕械斜褋褌胁芯	0.000272	0.116534	0.000032
胁芯锌褉芯褋褘	0.000272	0.000000	0.000000
胁芯褋褌芯褉谐	0.000272	2.813411	0.000767
胁芯褋褌芯褔薪邪褟	0.000272	0.127833	0.000035
胁褉械屑械薪邪	0.000272	0.116534	0.000032
胁褉械屑械薪械屑	0.001635	0.116534	0.000191
胁褉械屑褟	0.000545	0.400478	0.000218
胁褋械谐芯	0.000817	0.186330	0.000152
胁褋械泄	0.000817	0.105361	0.000086
胁褋械屑懈	0.000272	2.525729	0.000688
胁褋械屑褍	0.000272	0.061875	0.000017
胁褋锌芯屑薪懈谢邪	0.000272	3.506558	0.000955
胁褋锌芯屑薪懈褌褜	0.000272	0.040822	0.000011
胁褌芯褉芯械	0.000272	0.116534	0.000032
胁褌芯褉褍褞	0.000272	3.912023	0.001066
胁褌芯褉褘械	0.000272	0.127833	0.000035
胁褏芯写	0.000817	0.030459	0.000025
胁褘泄褌懈	0.000272	0.040822	0.000011
胁褘锌械泻邪褌褜	0.000272	3.912023	0.001066
胁褘锌械褔泻邪	0.005177	0.040822	0.000211
胁褘锌械褔泻懈	0.000545	0.072571	0.000040
胁褘锌械褔泻芯泄	0.000272	0.116534	0.000032
胁褘锌械褔泻褍	0.000545	2.813411	0.001533
胁褜械褌薪邪屑褋泻邪褟	0.000272	0.116534	0.000032
谐邪胁邪泄褋泻邪褟	0.000272	0.116534	0.000032
谐邪褉邪卸芯屑	0.000545	1.078810	0.000588
谐邪褉屑芯薪懈褔薪褘屑	0.000272	4.605170	0.001255
谐邪褉薪懈褉	0.001362	0.040822	0.000056
谐邪褋锌邪褔芯	0.000272	0.040822	0.000011
谐邪褕械薪邪褟	0.000545	2.207275	0.001203
谐胁芯蟹写懈泻邪	0.000545	2.302585	0.001255
谐械芯谐褉邪褎懈褟	0.000272	0.116534	0.000032
谐谢邪胁薪褘泄	0.000272	0.040822	0.000011
谐谢邪蟹	0.000272	3.506558	0.000955
谐谢邪蟹褍褉褜	0.000817	0.040822	0.000033
谐谢懈薪褌胁械泄薪	0.000272	0.040822	0.000011
谐芯胁褟写懈薪褘	0.001090	0.116534	0.000127
谐芯写	0.002452	0.105361	0.000258
谐芯写邪	0.004087	0.248461	0.001016
谐芯写褍	0.000272	1.171183	0.000319
谐芯谢谢邪薪写褋泻邪褟	0.000272	0.116534	0.000032
谐芯褉芯写邪	0.000272	0.116534	0.000032
谐芯褉芯褏	0.000272	0.116534	0.000032
谐芯褉褔懈褑邪	0.000545	0.040822	0.000022
谐芯褉褔懈褑邪屑懈	0.000272	0.127833	0.000035
谐芯褉褕芯褔泻邪褏	0.000272	0.105361	0.000029
谐芯褉褕芯褔泻械	0.000272	0.040822	0.000011
谐芯褉褟褔械械	0.000545	0.116534	0.000064
谐芯褉褟褔懈械	0.010354	0.105361	0.001091
谐芯褉褟褔懈泄	0.000545	0.116534	0.000064
谐芯褋褌械泄	0.000272	1.272966	0.000347
谐芯褋褌懈	0.000272	0.116534	0.000032
谐芯褌芯胁懈谢邪	0.000272	0.733969	0.000200
谐芯褌芯胁懈屑	0.001635	0.094311	0.000154
谐芯褌芯胁懈褌褋褟	0.000545	0.478036	0.000261
谐芯褌芯胁懈褌褜	0.001362	0.105361	0.000144
谐芯褌芯胁懈褌褜褋褟	0.000272	3.218876	0.000877
谐芯褌芯胁褘械	0.000272	3.218876	0.000877
谐芯褌芯胁褜	0.000545	0.116534	0.000064
谐芯褌芯胁褟褌	0.000272	0.116534	0.000032
谐褉械斜械褕泻芯胁	0.000272	3.912023	0.001066
谐褉械薪泻懈	0.000545	0.040822	0.000022
谐褉械褑泻懈械	0.000545	1.469676	0.000801
谐褉械褔械褋泻邪褟	0.000272	0.116534	0.000032
谐褉械褔泻邪	0.000272	0.040822	0.000011
谐褉械褔薪械胁褘械	0.000545	4.605170	0.002510
谐褉懈斜邪屑懈	0.001090	0.105361	0.000115
谐褉懈斜薪褘械	0.000545	0.040822	0.000022
谐褉懈斜芯胁	0.001362	0.116534	0.000159
谐褉懈斜褘	0.000817	0.040822	0.000033
谐褉懈谢械	0.001362	0.116534	0.000159
谐褉懈谢褜	0.000272	0.116534	0.000032
谐褉懈谢褜屑邪薪懈褟	0.000272	0.116534	0.000032
谐褉懈谢褟	0.001090	0.116534	0.000127
谐褉芯谐	0.000272	0.040822	0.000011
谐褉褍蟹懈薪褋泻邪褟	0.000272	0.116534	0.000032
谐褉褍锌锌褘	0.000272	0.061875	0.000017
谐褍褉屑邪薪懈褟	0.001635	0.116534	0.000191
谐褍褉屑械	0.000272	0.127833	0.000035
谐褍褋械薪懈褑邪	0.000272	4.605170	0.001255
谐褍褋褟	0.000545	0.105361	0.000057
写邪械褌	0.000272	0.040822	0.000011
写邪薪薪褘械	0.000272	0.040822	0.000011
写邪褉褘	0.000272	0.116534	0.000032
写邪褌械	0.000545	0.248461	0.000135
写邪褌褋泻邪褟	0.000272	0.116534	0.000032
写邪褌褜	0.000272	2.120264	0.000578
写邪褔薪芯械	0.000817	0.116534	0.000095
写胁邪	0.000817	1.171183	0.000957
写械泄褋褌胁懈褌械谢褜薪芯	0.000272	1.832581	0.000499
写械泻邪斜褉褟	0.000545	0.597837	0.000326
写械泻芯褉	0.000272	0.127833	0.000035
写械谢邪械褌	0.000545	0.116534	0.000064
写械谢懈屑褋褟	0.000272	0.040822	0.000011
写械谢芯屑	0.000272	0.116534	0.000032
写械薪褜	0.000817	0.083382	0.000068
写械褋械褉褌	0.001362	0.116534	0.000159
写械褋械褉褌邪褑懈褟	0.000272	0.116534	0.000032
写械褋械褉褌薪褘械	0.000545	0.116534	0.000064
写械褋械褉褌芯屑	0.000272	3.506558	0.000955
写械褋械褉褌褘	0.005722	0.040822	0.000234
写械褌械泄	0.000545	0.116534	0.000064
写卸械屑	0.000272	0.040822	0.000011
写蟹械薪	0.000272	0.116534	0.000032
写懈械褌邪	0.000272	0.116534	0.000032
写懈械褌褘	0.000272	0.116534	0.000032
写懈泻懈泄	0.000545	0.116534	0.000064
写懈泻芯谐芯	0.000272	0.116534	0.000032
写懈锌	0.000272	0.116534	0.000032
写懈褔懈	0.000545	0.116534	0.000064
写懈褔褜	0.000272	0.116534	0.000032
写薪械胁薪懈泻邪褏	0.000272	0.061875	0.000017
写薪械泄	0.000817	0.116534	0.000095
写薪褟	0.000272	0.040822	0.000011
写芯斜邪胁谢械薪懈褟屑	0.000272	0.274437	0.000075
写芯斜邪胁谢褟褌褜	0.000272	0.040822	0.000011
写芯斜邪胁褜	0.000272	0.116534	0.000032
写芯斜褉芯褎谢芯褌	0.000272	0.127833	0.000035
写芯胁械褉褟械褕褜	0.000272	0.116534	0.000032
写芯屑	0.002180	0.040822	0.000089
写芯屑邪褕薪械械	0.000817	0.040822	0.000033
写芯屑邪褕薪懈械	0.000545	0.040822	0.000022
写芯屑邪褕薪懈泄	0.001907	0.116534	0.000222
写芯屑邪褕薪褟褟	0.000545	0.105361	0.000057
写芯屑芯胁	0.000272	0.040822	0.000011
写芯屑芯褔邪写褑械胁	0.000272	3.912023	0.001066
写芯褉芯谐懈械	0.000272	1.272966	0.000347
写芯褉芯谐褍褖懈泄	0.000272	4.605170	0.001255
写芯褋褌邪褌芯褔薪芯	0.000545	2.040221	0.001112
写芯褋褌芯泄薪褘屑	0.000272	3.912023	0.001066
写芯褋褍谐	0.000272	4.605170	0.001255
写褉邪泄胁	0.001362	0.127833	0.000174
写褉芯卸卸械胁芯械	0.000272	0.116534	0.000032
写褉芯卸卸械泄	0.000272	3.506558	0.000955
写褉芯卸卸懈	0.001090	0.941609	0.001026
写褉褍谐懈屑懈	0.000272	0.040822	0.000011
写褍褏芯胁泻邪	0.001090	0.127833	0.000139
写褍褕械胁薪芯	0.000272	4.605170	0.001255
写褍褕懈	0.000817	0.105361	0.000086
械胁褉械泄褋泻邪褟	0.000272	0.116534	0.000032
械胁褉芯锌械	0.000272	4.605170	0.001255
械谐懈锌械褌褋泻邪褟	0.000272	0.116534	0.000032
械写懈薪褘泄	0.000272	0.040822	0.000011
械泻芯	0.000272	0.127833	0.000035
卸邪褉泻芯械	0.000272	0.040822	0.000011
卸写褍褌	0.000272	4.605170	0.001255
卸械谢邪褌懈薪	0.001090	1.427116	0.001555
卸械谢械	0.000817	0.040822	0.000033
卸械谢褌芯泻	0.001635	1.272966	0.002081
卸械薪褋泻邪褟	0.000272	0.127833	0.000035
卸械薪褋泻芯屑	0.000272	0.061875	0.000017
卸械薪褖懈薪褘	0.000817	0.116534	0.000095
卸懈蟹薪懈	0.000272	0.040822	0.000011
卸懈蟹薪褜	0.000272	0.116534	0.000032
卸褍谢褜械薪	0.000272	0.040822	0.000011
卸褍褉薪邪谢邪	0.000272	0.127833	0.000035
卸褞谢褜械薪	0.000272	0.040822	0.000011
蟹邪斜褘胁	0.000272	4.605170	0.001255
蟹邪胁邪褉薪芯械	0.000272	0.116534	0.000032
蟹邪胁邪褉薪芯泄	0.000272	0.116534	0.000032
蟹邪胁褌褉邪泻	0.001907	0.094311	0.000180
蟹邪胁褌褉邪泻懈	0.000272	0.127833	0.000035
蟹邪谐芯褌芯胁泻懈	0.001090	0.040822	0.000044
蟹邪写邪胁邪褌褜	0.000272	0.040822	0.000011
蟹邪懈薪褌械褉械褋芯胁邪谢	0.000272	2.407946	0.000656
蟹邪泄褑邪	0.000545	0.116534	0.000064
蟹邪泻胁邪褋泻邪	0.000272	0.040822	0.000011
蟹邪泻胁邪褋泻邪屑懈	0.000272	0.116534	0.000032
蟹邪泻胁邪褋芯泻	0.000272	0.127833	0.000035
蟹邪泻褉褘褌褘泄	0.000272	0.116534	0.000032
蟹邪泻褍褋泻懈	0.004905	0.040822	0.000200
蟹邪泻褍褋泻褍	0.000817	0.116534	0.000095
蟹邪泻褍褋芯薪褔懈泻	0.000272	0.116534	0.000032
蟹邪泻褍褋芯褔泻邪	0.000272	0.116534	0.000032
蟹邪泻褍褋芯褔薪褘械	0.002452	0.116534	0.000286
蟹邪谢懈胁薪芯械	0.000545	0.040822	0.000022
蟹邪屑械褌泻褍	0.000272	2.995732	0.000816
蟹邪屑械褔邪褌械谢褜薪褘泄	0.000272	1.514128	0.000413
蟹邪屑械褔邪褌械谢褜薪褘屑	0.000272	2.302585	0.000627
蟹邪屑芯褉芯蟹泻邪	0.000272	0.105361	0.000029
蟹邪锌邪写	0.000272	0.116534	0.000032
蟹邪锌械泻邪薪泻邪	0.001090	0.105361	0.000115
蟹邪锌械泻邪薪泻懈	0.001907	0.040822	0.000078
蟹邪锌褉邪胁泻邪	0.000545	0.040822	0.000022
蟹邪褉邪薪械械	0.000272	1.660731	0.000453
蟹邪褉械谐懈褋褌褉懈褉芯胁邪胁褕懈褋褜	0.000272	0.040822	0.000011
蟹邪褉械谐懈褋褌褉懈褉芯胁邪褌褜褋褟	0.000272	0.030459	0.000008
蟹邪褋芯谢泻邪	0.000272	0.116534	0.000032
蟹邪褏芯写懈褌械	0.000272	0.755023	0.000206
蟹胁邪薪褘泄	0.000272	0.127833	0.000035
蟹胁械蟹写邪	0.000272	0.127833	0.000035
蟹胁褍褔懈褌	0.000272	2.995732	0.000816
蟹胁褢蟹写薪褘械	0.000272	0.116534	0.000032
蟹写芯褉芯胁芯械	0.000272	0.116534	0.000032
蟹写芯褉芯胁褘泄	0.000272	0.116534	0.000032
蟹械谢械薪邪褟	0.000272	4.605170	0.001255
蟹械谢械薪褘泄	0.001635	1.021651	0.001670
蟹械谢械薪褜	0.000272	0.094311	0.000026
蟹械褎懈褉	0.000272	0.040822	0.000011
蟹懈屑薪懈械	0.000272	0.051293	0.000014
蟹懈屑褍	0.001090	0.040822	0.000044
蟹薪邪泻芯屑褘械	0.000272	2.813411	0.000767
蟹芯谢芯褌邪褟	0.000272	0.116534	0.000032
懈胁邪薪芯胁邪	0.000272	0.127833	0.000035
懈写械邪谢褜薪邪褟	0.000272	0.116534	0.000032
懈写械邪谢褜薪芯谐芯	0.001362	0.116534	0.000159
懈写械邪谢褜薪芯械	0.000272	0.116534	0.000032
懈写械泄泻懈	0.000272	0.116534	0.000032
懈写械褌	0.000272	2.120264	0.000578
懈蟹写械谢懈褟	0.002180	0.116534	0.000254
懈蟹写械谢懈褟屑懈	0.000817	0.116534	0.000095
懈蟹褉械写泻邪	0.000272	3.218876	0.000877
懈蟹褍屑懈褌械谢褜薪褘泄	0.000272	3.218876	0.000877
懈泻褉邪	0.000817	0.040822	0.000033
懈屑斜懈褉褜	0.000545	1.897120	0.001034
懈屑械薪械屑	0.000272	0.040822	0.000011
懈薪胁械褉褌芯褉薪芯泄	0.000272	0.127833	0.000035
懈薪谐褉械写懈械薪褌褘	0.008174	0.139262	0.001138
懈薪写械泄泻懈	0.001362	0.094311	0.000128
懈薪写械泄泻芯泄	0.000272	0.116534	0.000032
懈薪写懈泄褋泻邪褟	0.000272	0.116534	0.000032
懈薪写懈谢邪泄褌	0.000817	0.116534	0.000095
懈薪写懈褉械褋薪褘械	0.000272	0.116534	0.000032
懈薪褋褌褉褍泻褑懈褟屑懈	0.000272	0.040822	0.000011
懈薪褌械褉械褋薪芯	0.000272	1.660731	0.000453
懈薪褌械褉械褋薪芯械	0.000272	3.218876	0.000877
懈褉邪泻褋泻邪褟	0.000272	0.116534	0.000032
懈褉邪薪褋泻邪褟	0.000272	0.116534	0.000032
懈褉谢邪薪写褋泻邪褟	0.000272	0.116534	0.000032
懈褉褍褕械薪褜泻邪	0.000272	2.525729	0.000688
懈褋泻褉械薪薪械	0.000272	0.116534	0.000032
懈褋谢邪薪写褋泻邪褟	0.000272	0.116534	0.000032
懈褋锌邪薪褋泻邪褟	0.000272	0.116534	0.000032
懈褋锌械泻懈	0.000272	0.116534	0.000032
懈褋锌械褔褜	0.000272	1.966113	0.000536
懈褋锌芯谢薪械薪懈褟	0.000272	4.605170	0.001255
懈褋褌芯褉懈懈	0.001362	0.116534	0.000159
懈褋褌芯褉懈褞	0.000272	0.116534	0.000032
懈褋褔械蟹谢懈	0.000272	4.605170	0.001255
懈褌邪谢懈懈	0.000545	0.105361	0.000057
懈褌邪谢褜褟薪褋泻邪褟	0.000272	0.116534	0.000032
懈褌芯谐械	0.000545	3.218876	0.001754
泄芯谐褍褉褌	0.000817	0.040822	0.000033
泻邪斜邪褔泻懈	0.000272	0.040822	0.000011
泻邪胁泻邪蟹褋泻邪褟	0.000272	0.116534	0.000032
泻邪蟹邪薪械	0.000272	0.116534	0.000032
泻邪蟹邪褏褋泻邪褟	0.000272	0.116534	0.000032
泻邪泻邪芯	0.002180	0.040822	0.000089
泻邪谢械泄写芯褋泻芯锌	0.001090	0.116534	0.000127
泻邪谢屑褘褑泻邪褟	0.000272	0.116534	0.000032
泻邪谢芯褉懈泄薪褘泄	0.000272	3.912023	0.001066
泻邪谢褜屑邪褉	0.000272	0.040822	0.000011
泻邪屑械褉邪	0.000272	0.116534	0.000032
泻邪薪邪写褋泻邪褟	0.000272	0.116534	0.000032
泻邪薪邪写褋泻芯屑	0.000272	4.605170	0.001255
泻邪薪邪谢	0.000545	0.040822	0.000022
泻邪薪邪谢械	0.000272	0.040822	0.000011
泻邪薪邪锌械	0.000545	0.040822	0.000022
泻邪锌褍褋褌邪	0.001635	0.040822	0.000067
泻邪锌褍褋褌薪褟泻	0.000272	0.040822	0.000011
泻邪锌褍褋褌褘	0.000545	0.040822	0.000022
泻邪褉邪屑械谢懈	0.000272	3.912023	0.001066
泻邪褉邪屑械谢褜	0.000545	0.040822	0.000022
泻邪褉泻邪褋薪褘泄	0.001090	0.116534	0.000127
泻邪褉褌芯褎械谢褜	0.000272	0.040822	0.000011
泻邪褉褌芯褎械谢褜薪芯械	0.000272	0.040822	0.000011
泻邪褉褌芯褎械谢褜薪褘泄	0.000272	0.116534	0.000032
泻邪褉褌芯褕泻邪	0.000545	0.040822	0.000022
泻邪褌械谐芯褉懈懈	0.000272	0.116534	0.000032
泻邪褌械谐芯褉懈褟	0.004087	0.150823	0.000616
泻邪褔械褋褌胁芯	0.000272	0.116534	0.000032
泻邪褕邪	0.000272	0.040822	0.000011
泻邪褕懈	0.001362	0.105361	0.000144
泻邪褕褍	0.000272	0.094311	0.000026
泻胁邪写褉邪褌薪芯泄	0.000272	4.605170	0.001255
泻胁邪褋	0.000817	0.040822	0.000033
泻胁邪褋薪芯械	0.000817	0.116534	0.000095
泻胁邪褋芯屑	0.000272	0.127833	0.000035
泻械泻褋	0.001907	0.040822	0.000078
泻械泻褋邪	0.000272	3.912023	0.001066
泻械泻褋褘	0.000817	0.116534	0.000095
泻械褌褔褍锌	0.000545	1.560648	0.000850
泻械褎懈褉	0.000272	0.040822	0.000011
泻懈屑褔懈	0.000272	0.040822	0.000011
泻懈薪谐屑邪薪	0.000272	4.605170	0.001255
泻懈薪芯邪	0.000545	0.127833	0.000070
泻懈薪芯谢械薪褌邪	0.000272	0.116534	0.000032
泻懈褋械谢褜	0.000545	0.040822	0.000022
泻懈褋谢芯	0.000545	3.506558	0.001911
泻懈褌邪泄褋泻邪褟	0.000272	0.116534	0.000032
泻懈褌邪泄褋泻懈泄	0.000272	2.813411	0.000767
泻懈褌邪泄褋泻芯谐芯	0.000272	4.605170	0.001255
泻懈褌邪泄褋泻芯泄	0.000272	2.995732	0.000816
泻谢邪褋褋	0.002180	0.116534	0.000254
泻谢邪褋褋褘	0.000272	0.116534	0.000032
泻谢械薪芯胁褘泄	0.008992	2.813411	0.025298
泻谢械薪芯胁褘屑	0.000817	4.605170	0.003764
泻薪懈谐褍	0.000545	0.040822	0.000022
泻芯谐芯	0.000272	1.714798	0.000467
泻芯泻褌械泄谢懈	0.000272	0.127833	0.000035
泻芯泻褌械泄谢褜	0.001362	0.040822	0.000056
泻芯谢斜邪褋邪	0.000272	0.040822	0.000011
泻芯谢斜邪褋薪褘屑懈	0.000817	0.116534	0.000095
泻芯谢懈褔械褋褌胁芯	0.000272	1.832581	0.000499
泻芯屑邪薪写邪	0.000545	0.127833	0.000070
泻芯屑懈	0.000272	0.116534	0.000032
泻芯屑屑械薪褌邪褉懈械胁	0.000272	0.223144	0.000061
泻芯屑锌邪薪懈泄	0.000272	0.105361	0.000029
泻芯屑锌芯褌	0.000817	0.040822	0.000033
泻芯屑褍	0.000272	1.347074	0.000367
泻芯薪械褔薪芯	0.000272	0.527633	0.000144
泻芯薪懈薪褘	0.000272	0.116534	0.000032
泻芯薪泻褍褉褋	0.058311	0.105361	0.006144
泻芯薪泻褍褉褋邪	0.000272	0.116534	0.000032
泻芯薪泻褍褉褋邪褏	0.000272	0.040822	0.000011
泻芯薪泻褍褉褋薪褘械	0.000272	0.127833	0.000035
泻芯薪褋械褉胁懈褉芯胁邪薪懈械	0.000272	0.040822	0.000011
泻芯薪褋械褉胁懈褉芯胁邪薪薪邪褟	0.000272	0.116534	0.000032
泻芯薪褋械褉胁懈褉芯胁邪薪薪芯械	0.000272	0.116534	0.000032
泻芯薪褋械褉胁懈褉芯胁邪薪薪褘械	0.000545	0.116534	0.000064
泻芯薪褋械褉胁懈褉芯胁邪薪薪褘泄	0.000272	0.116534	0.000032
泻芯薪褎械褌褌懈	0.000272	0.116534	0.000032
泻芯薪褎械褌褘	0.001907	0.040822	0.000078
泻芯薪褎懈写械薪褑懈邪谢褜薪芯褋褌懈	0.000272	0.040822	0.000011
泻芯薪褎懈褌褞褉	0.000272	0.040822	0.000011
泻芯薪褜褟泻	0.000545	2.207275	0.001203
泻芯锌褔械薪芯褋褌褟屑懈	0.000272	0.116534	0.000032
泻芯褉械泄褋泻邪褟	0.000272	0.116534	0.000032
泻芯褉械泄褋泻懈	0.000272	0.040822	0.000011
泻芯褉卸懈泻懈	0.000272	0.040822	0.000011
泻芯褉懈褑邪	0.001635	1.427116	0.002333
泻芯褉懈褔薪械胁褘泄	0.002180	1.386294	0.003022
泻芯褉屑褟褖懈褏	0.000272	0.116534	0.000032
泻芯褌谢械褌褘	0.000272	0.040822	0.000011
泻芯褌芯褉芯屑褍	0.000272	0.116534	0.000032
泻芯褍谢	0.000272	4.605170	0.001255
泻芯褎械	0.002997	0.040822	0.000122
泻芯褎械泄薪芯	0.000272	3.912023	0.001066
泻褉邪褋懈褌械谢褜	0.000545	3.912023	0.002132
泻褉邪褋泻懈	0.000272	0.116534	0.000032
泻褉邪褋芯褔薪褘泄	0.000272	3.912023	0.001066
泻褉邪褏屑邪谢	0.000545	0.891598	0.000486
泻褉械邪褌懈胁	0.000272	0.127833	0.000035
泻褉械屑	0.000272	0.040822	0.000011
泻褉械屑邪	0.000817	0.116534	0.000095
泻褉械屑芯屑	0.000545	2.659260	0.001449
泻褉械锌泻懈泄	0.000272	0.116534	0.000032
泻褉芯谢懈泻邪	0.000545	0.116534	0.000064
泻褉芯屑械	0.000272	0.061875	0.000017
泻褉芯褏懈	0.000272	0.116534	0.000032
泻褉褍谐谢芯泄	0.000272	4.605170	0.001255
泻褉褍谐褍	0.000545	0.116534	0.000064
泻褉褍卸械胁邪	0.000272	4.605170	0.001255
泻褉褍锌	0.001635	0.116534	0.000191
泻褉褍锌邪	0.000272	0.127833	0.000035
泻褉褍锌褘	0.000545	0.127833	0.000070
泻褉褍锌褟薪褘械	0.000272	0.116534	0.000032
泻褍斜懈薪褋泻邪褟	0.000272	0.116534	0.000032
泻褍泻褍褉褍蟹邪	0.000545	2.659260	0.001449
泻褍泻褍褉褍蟹薪褘泄	0.000545	2.995732	0.001633
泻褍谢械褕	0.000272	0.040822	0.000011
泻褍谢懈薪邪褉懈懈	0.000817	0.094311	0.000077
泻褍谢懈薪邪褉薪邪褟	0.000272	0.116534	0.000032
泻褍谢懈薪邪褉薪芯械	0.000272	0.116534	0.000032
泻褍谢懈薪邪褉薪褍褞	0.000545	0.040822	0.000022
泻褍谢懈薪邪褉薪褘泄	0.000272	0.072571	0.000020
泻褍谢懈薪邪褉薪褘褏	0.000272	0.116534	0.000032
泻褍谢懈褔	0.000272	0.040822	0.000011
泻褍谢懈褔懈	0.000272	0.116534	0.000032
泻褍薪卸褍褌	0.001635	0.994252	0.001625
泻褍薪卸褍褌薪芯械	0.001635	2.659260	0.004348
泻褍锌懈褌褜	0.000272	2.407946	0.000656
泻褍褉写褋泻邪褟	0.000272	0.116534	0.000032
泻褍褉懈薪芯谐芯	0.000272	0.116534	0.000032
泻褍褉懈薪芯械	0.003542	0.127833	0.000453
泻褍褉懈薪褘泄	0.000272	0.105361	0.000029
泻褍褉懈褑邪	0.000272	0.040822	0.000011
泻褍褉懈褑褘	0.000817	0.116534	0.000095
泻褍褉芯褔泻芯泄	0.000272	0.116534	0.000032
泻褍褋泻褍褋	0.000272	0.040822	0.000011
泻褍褏薪械泄	0.000272	0.040822	0.000011
泻褍褏薪懈	0.000817	0.040822	0.000033
泻褍褏薪褟	0.000817	0.116534	0.000095
谢邪胁邪褕	0.000545	0.040822	0.000022
谢邪胁邪褕邪	0.001090	0.116534	0.000127
谢邪谐屑邪薪	0.000272	0.040822	0.000011
谢邪泻芯屑褋褌胁芯	0.000272	0.116534	0.000032
谢邪锌褕邪	0.000545	0.040822	0.000022
谢邪褌褘褕褋泻邪褟	0.000272	0.116534	0.000032
谢械谐泻邪褟	0.000272	0.116534	0.000032
谢械谐泻懈泄	0.000817	0.116534	0.000095
谢械谐泻芯	0.001635	0.116534	0.000191
谢械薪懈胁褘泄	0.000272	1.897120	0.000517
谢械锌械褕泻懈	0.000545	0.040822	0.000022
谢械褌	0.000272	0.843970	0.000230
谢械褌邪	0.000272	0.116534	0.000032
谢械褌懈褌	0.000272	4.605170	0.001255
谢械褌薪懈械	0.000272	0.040822	0.000011
谢械褌薪褟褟	0.000272	0.116534	0.000032
谢械褌芯	0.001362	0.116534	0.000159
谢械褔芯	0.000272	0.040822	0.000011
谢懈谐邪	0.000817	0.116534	0.000095
谢懈泻械褉	0.000272	0.040822	0.000011
谢懈屑芯薪邪写	0.000545	0.040822	0.000022
谢懈屑芯薪薪褘泄	0.001635	0.798508	0.001305
谢懈褌芯胁褋泻	0.000272	0.127833	0.000035
谢懈褌芯胁褋泻邪褟	0.000272	0.116534	0.000032
谢褍泻	0.001635	0.301105	0.000492
谢褍褔褕械	0.000272	2.659260	0.000725
谢褍褔褕懈械	0.000272	0.116534	0.000032
谢褍褔褕懈泄	0.000545	0.040822	0.000022
谢褍褔褕懈褏	0.000272	0.116534	0.000032
谢褜薪邪	0.000545	3.912023	0.002132
谢褞斜胁懈	0.000272	0.105361	0.000029
谢褞斜懈屑芯谐芯	0.000545	0.127833	0.000070
谢褞斜懈屑芯泄	0.000272	2.659260	0.000725
谢褞斜懈屑芯屑褍	0.000272	0.116534	0.000032
谢褞斜懈屑褘屑	0.000272	1.469676	0.000400
谢褞斜懈屑褘屑懈	0.000545	4.605170	0.002510
谢褞斜懈屑褘褏	0.001635	0.116534	0.000191
谢褞斜懈褌械	0.000545	1.966113	0.001071
谢褞斜芯胁褜	0.000272	0.116534	0.000032
谢褞斜芯胁褜褞	0.000272	4.605170	0.001255
谢褞斜芯泄	0.000272	0.116534	0.000032
谢褞斜褟褌	0.000272	1.832581	0.000499
谢褢写	0.000272	0.127833	0.000035
屑邪谐邪蟹懈薪械	0.000272	3.506558	0.000955
屑邪谐薪懈褌芯屑	0.000272	4.605170	0.001255
屑邪谐褉懈斜邪	0.000272	0.116534	0.000032
屑邪写谢械薪	0.000272	4.605170	0.001255
屑邪写谢械薪褘	0.000272	4.605170	0.001255
屑邪泄	0.000272	0.116534	0.000032
屑邪泄芯薪械蟹	0.000272	0.116534	0.000032
屑邪泻邪褉芯薪薪褘械	0.000272	0.116534	0.000032
屑邪泻邪褉芯薪褘	0.000272	0.040822	0.000011
屑邪谢邪蟹懈泄褋泻邪褟	0.000272	0.116534	0.000032
屑邪谢懈薪邪	0.000545	3.218876	0.001754
屑邪薪薪懈泻	0.000272	0.040822	0.000011
屑邪薪褌褘	0.000272	0.116534	0.000032
屑邪薪褢胁褉褘	0.000272	0.116534	0.000032
屑邪褉邪褎芯薪	0.000817	0.116534	0.000095
屑邪褉懈薪邪写	0.002452	0.040822	0.000100
屑邪褉懈薪邪写褘	0.000817	0.116534	0.000095
屑邪褉懈薪芯胁邪薪薪褘械	0.000272	0.116534	0.000032
屑邪褉屑械谢邪写	0.000272	0.040822	0.000011
屑邪褉芯泻泻邪薪褋泻邪褟	0.000272	0.116534	0.000032
屑邪褉褋泻邪锌芯薪械	0.000272	4.605170	0.001255
屑邪褉褌邪	0.002725	0.105361	0.000287
屑邪褋泻邪褉锌芯薪械	0.000817	0.040822	0.000033
屑邪褋谢械薪懈褑邪	0.000817	0.040822	0.000033
屑邪褋谢械薪懈褔薪芯械	0.000272	0.116534	0.000032
屑邪褋谢芯	0.011717	0.116534	0.001365
屑邪褋谢芯屑	0.000272	0.116534	0.000032
屑邪褋褌械褉	0.002452	0.116534	0.000286
屑邪褋褌懈泻邪	0.000272	0.040822	0.000011
屑邪褋褌懈泻懈	0.000272	0.116534	0.000032
屑邪褎褎懈薪褘	0.000272	0.116534	0.000032
屑邪褏械械胁褗	0.001090	0.116534	0.000127
屑邪褟	0.000545	0.634878	0.000346
屑械写	0.001090	1.832581	0.001997
屑械写懈邪褎芯褉褌	0.000817	0.000000	0.000000
屑械写芯胁褘泄	0.000272	0.116534	0.000032
屑械泻褋懈泻邪薪褋泻邪褟	0.000272	0.116534	0.000032
屑械薪褞	0.000272	0.116534	0.000032
屑械薪褟	0.000817	0.083382	0.000068
屑械薪褟械褌褋褟	0.000272	0.116534	0.000032
屑械褋懈褌褜	0.000272	4.605170	0.001255
屑械褔褌邪	0.000272	0.116534	0.000032
屑械褔褌邪薪懈泄	0.000272	4.605170	0.001255
屑械褔褌褘	0.000545	0.040822	0.000022
屑懈写懈懈	0.000272	0.040822	0.000011
屑懈泻褉芯胁芯谢薪芯胁泻械	0.000272	0.116534	0.000032
屑懈谢褜械	0.000272	0.116534	0.000032
屑懈薪写邪谢褜	0.001635	2.040221	0.003336
屑懈芯	0.000272	0.116534	0.000032
屑懈褉	0.000272	0.116534	0.000032
屑懈褉邪	0.000272	0.116534	0.000032
屑懈褉芯胁邪褟	0.000272	0.116534	0.000032
屑懈褋芯	0.000272	0.040822	0.000011
屑懈褋褌械褉懈褟	0.000272	0.116534	0.000032
屑懈褋褌褉邪谢褜	0.001907	0.116534	0.000222
屑薪芯谐芯	0.000545	0.776529	0.000423
屑薪芯卸械褋褌胁芯屑	0.000272	0.040822	0.000011
屑芯谐褍	0.000272	0.798508	0.000218
屑芯械	0.000272	0.116534	0.000032
屑芯卸械褌械	0.000272	0.000000	0.000000
屑芯泄	0.000817	0.105361	0.000086
屑芯谢写邪胁褋泻邪褟	0.000272	0.116534	0.000032
屑芯谢芯泻械	0.000272	0.105361	0.000029
屑芯谢芯泻芯	0.002725	0.116534	0.000318
屑芯谢芯褔薪褘泄	0.000545	0.040822	0.000022
屑芯谢芯褔薪褘屑	0.000272	4.605170	0.001255
屑芯谢芯褔薪褘褏	0.000272	0.116534	0.000032
屑芯屑械薪褌	0.000817	0.116534	0.000095
屑芯屑械薪褌邪谢褜薪芯	0.000272	2.813411	0.000767
屑芯薪谐芯谢褜褋泻邪褟	0.000272	0.116534	0.000032
屑芯褉械	0.000272	0.116534	0.000032
屑芯褉械锌褉芯写褍泻褌芯胁	0.002997	0.040822	0.000122
屑芯褉械锌褉芯写褍泻褌褘	0.000545	0.116534	0.000064
屑芯褉泻芯胁褜	0.001362	0.040822	0.000056
屑芯褉芯卸械薪芯械	0.000817	0.040822	0.000033
屑芯褉褋	0.000272	0.040822	0.000011
屑芯褉褋泻懈褏	0.000272	3.506558	0.000955
屑芯褉褋褘	0.000272	0.116534	0.000032
屑芯褌芯褉	0.000272	0.116534	0.000032
屑芯褏懈褌芯	0.000272	0.040822	0.000011
屑褍卸褋泻邪褟	0.000272	0.127833	0.000035
屑褍卸褋泻懈褏	0.000272	4.605170	0.001255
屑褍卸褔懈薪褘	0.001090	0.116534	0.000127
屑褍泻邪	0.004905	0.274437	0.001346
屑褍泻懈	0.000272	2.040221	0.000556
屑褍谢褜褌懈胁邪褉泻械	0.010354	0.116534	0.001207
屑褍谢褜褌懈锌械泻邪褉械泄	0.000817	0.116534	0.000095
屑褍褋泻邪褌薪褘泄	0.000545	1.832581	0.000999
屑褍褋褋	0.000272	0.040822	0.000011
屑褍褋褋褘	0.000545	0.116534	0.000064
屑褍褔薪褘械	0.000272	0.116534	0.000032
屑褞褋谢懈	0.000545	0.116534	0.000064
屑褟泻懈褕械屑	0.000272	4.605170	0.001255
屑褟褋邪	0.002452	0.116534	0.000286
屑褟褋薪芯谐芯	0.000545	0.116534	0.000064
屑褟褋薪芯泄	0.000272	0.116534	0.000032
屑褟褋薪褘械	0.001362	0.040822	0.000056
屑褟褋薪褘褏	0.000817	0.116534	0.000095
屑褟褋芯	0.002452	0.040822	0.000100
屑褟褋芯屑	0.001362	0.040822	0.000056
屑褟褋褍	0.000545	0.116534	0.000064
薪邪写械褞褋褜	0.000272	1.609438	0.000439
薪邪蟹胁邪薪懈械	0.000545	0.941609	0.000513
薪邪蟹胁邪薪懈械屑	0.000272	1.203973	0.000328
薪邪蟹薪邪褔械薪懈褟	0.000272	0.116534	0.000032
薪邪谢懈胁泻邪	0.000272	0.040822	0.000011
薪邪屑薪芯谐芯	0.000272	2.407946	0.000656
薪邪锌懈褌泻懈	0.002180	0.040822	0.000089
薪邪锌懈褌芯泻	0.000272	0.040822	0.000011
薪邪褋褌芯泄泻邪	0.000272	0.040822	0.000011
薪邪褋褌芯谢褜泻芯	0.000272	1.514128	0.000413
薪邪褋褌芯褟褖械屑褍	0.000545	3.506558	0.001911
薪邪褋褌芯褟褖懈泄	0.000272	2.995732	0.000816
薪邪褋褌褉芯械薪懈械	0.000272	0.116534	0.000032
薪邪褋褌褍锌邪褞褖懈屑懈	0.000272	4.605170	0.001255
薪邪褋褌褍锌懈谢邪	0.000272	3.912023	0.001066
薪邪褌褍褉邪谢褜薪褘泄	0.000545	2.813411	0.001533
薪邪褑懈芯薪邪谢褜薪褘械	0.000272	0.116534	0.000032
薪邪褔懈薪懈褌褜	0.000272	3.218876	0.000877
薪邪褔懈薪泻邪	0.001090	0.040822	0.000044
薪邪褔懈薪泻械	0.000272	2.659260	0.000725
薪邪褔懈薪泻芯泄	0.000272	0.116534	0.000032
薪邪褔薪械屑	0.000272	3.218876	0.000877
薪邪褕械谐芯	0.000272	2.120264	0.000578
薪邪褕械屑	0.000272	0.040822	0.000011
薪邪褕懈	0.000272	0.061875	0.000017
薪邪褕懈屑懈	0.000272	4.605170	0.001255
薪邪褕谢邪	0.000272	0.579818	0.000158
薪邪褕褢谢	0.000272	4.605170	0.001255
薪械斜芯谢褜褕懈褏	0.000272	3.912023	0.001066
薪械斜芯谢褜褕芯谐芯	0.000272	3.912023	0.001066
薪械胁械褉芯褟褌薪芯	0.000272	1.386294	0.000378
薪械胁械褋芯屑褘械	0.000545	4.605170	0.002510
薪械胁芯蟹屑芯卸薪芯	0.000272	1.347074	0.000367
薪械写械谢褜	0.000272	4.605170	0.001255
薪械写械谢褟	0.002725	0.061875	0.000169
薪械卸薪械泄褕懈械	0.000545	3.912023	0.002132
薪械卸薪械泄褕懈泄	0.000272	2.995732	0.000816
薪械卸薪械泄褕懈屑	0.000272	2.407946	0.000656
薪械卸薪芯泄	0.000272	0.116534	0.000032
薪械卸薪芯褋褌褜	0.000272	2.813411	0.000767
薪械卸薪褘械	0.000272	1.660731	0.000453
薪械卸薪褘泄	0.000272	0.891598	0.000243
薪械卸薪褘屑	0.000272	2.040221	0.000556
薪械蟹邪斜褘胁邪械屑	0.000272	4.605170	0.001255
薪械懈蟹屑械薪薪褘屑	0.000272	3.506558	0.000955
薪械屑械褑泻邪褟	0.000272	0.116534	0.000032
薪械芯卸懈写邪薪薪褘械	0.000272	0.116534	0.000032
薪械褋泻芯谢褜泻芯	0.000272	0.916291	0.000250
薪械褋谢邪写泻芯械	0.000272	0.116534	0.000032
薪械褋谢芯卸薪芯	0.000272	2.207275	0.000601
薪械褌褉邪写懈褑懈芯薪薪芯屑	0.000272	4.605170	0.001255
薪懈斜褍写褜	0.000272	1.832581	0.000499
薪懈泻邪泻	0.000272	2.659260	0.000725
薪懈泻芯屑褍	0.000272	2.659260	0.000725
薪懈薪褘	0.000272	4.605170	0.001255
薪懈褔械谐芯	0.000272	0.941609	0.000257
薪芯胁邪褟	0.000272	0.116534	0.000032
薪芯胁芯谐芯写薪械谐芯	0.001362	0.116534	0.000159
薪芯胁芯谐芯写薪械械	0.000817	0.116534	0.000095
薪芯胁芯谐芯写薪懈械	0.001635	0.040822	0.000067
薪芯胁芯谐芯写薪懈泄	0.001907	0.116534	0.000222
薪芯胁芯谐芯写薪褟褟	0.000272	0.105361	0.000029
薪芯胁芯屑褍	0.000272	3.912023	0.001066
薪芯胁芯褋褌褟褏	0.000272	0.061875	0.000017
薪芯胁褘械	0.000545	0.051293	0.000028
薪芯胁褘泄	0.002452	0.094311	0.000231
薪芯褉胁械卸褋泻邪褟	0.000272	0.116534	0.000032
薪芯褟斜褉褟	0.000817	0.527633	0.000431
薪褉邪胁褟褌褋褟	0.000272	1.771957	0.000483
芯斜械写	0.000817	0.105361	0.000086
芯斜械蟹褜褟薪褘	0.000272	0.116534	0.000032
芯斜芯泄写械屑褋褟	0.000272	4.605170	0.001255
芯斜褖邪褌褜褋褟	0.000272	0.040822	0.000011
芯斜褘褔薪芯	0.000272	1.714798	0.000467
芯斜褟蟹邪褌械谢褜薪芯	0.000272	0.967584	0.000264
芯胁芯褖邪屑懈	0.000272	0.116534	0.000032
芯胁芯褖械泄	0.004905	0.105361	0.000517
芯胁芯褖懈	0.001635	0.094311	0.000154
芯胁芯褖薪邪褟	0.000272	0.040822	0.000011
芯胁芯褖薪芯械	0.000272	0.116534	0.000032
芯胁芯褖薪芯泄	0.000545	0.105361	0.000057
芯胁芯褖薪褘械	0.001362	0.040822	0.000056
芯胁褋褟薪芯械	0.000272	0.116534	0.000032
芯胁褋褟薪褘械	0.000545	2.302585	0.001255
芯谐薪械薪薪芯泄	0.000272	0.116534	0.000032
芯谐薪褟	0.000272	0.116534	0.000032
芯谐褉芯屑薪械泄褕邪褟	0.000272	4.605170	0.001255
芯谐褍褉械褑	0.000545	1.237874	0.000675
芯谐褍褉褑褘	0.000545	0.116534	0.000064
芯泻褉芯褕泻邪	0.000817	0.040822	0.000033
芯泻褌褟斜褉褟	0.000272	0.562119	0.000153
芯谢邪写褜懈	0.001090	0.040822	0.000044
芯谢械泄薪邪	0.000817	0.116534	0.000095
芯谢械泄薪芯泄	0.001090	0.116534	0.000127
芯谢械泄薪褘	0.000272	0.127833	0.000035
芯谢懈胁泻芯胁芯械	0.001090	0.544727	0.000594
芯屑谢械褌	0.000272	0.040822	0.000011
芯锌邪褉邪	0.000272	0.040822	0.000011
芯锌懈褕褍	0.000272	3.912023	0.001066
芯锌褉芯褋	0.000272	0.061875	0.000017
芯褉械褏	0.000545	1.660731	0.000905
芯褉械褏邪屑懈	0.000272	2.659260	0.000725
芯褉械褏懈	0.001090	1.139434	0.001242
芯褉械褏芯胁	0.000272	3.218876	0.000877
芯褉懈谐懈薪邪谢褜薪褘泄	0.000272	2.120264	0.000578
芯褋械薪薪械械	0.000272	0.116534	0.000032
芯褋械薪薪懈械	0.000272	0.051293	0.000014
芯褋械薪薪懈泄	0.000545	0.116534	0.000064
芯褋械薪褜	0.002725	0.105361	0.000287
芯褋薪芯胁薪芯械	0.000272	0.040822	0.000011
芯褋褌邪胁懈褌	0.000272	2.995732	0.000816
芯褋褌邪械褌褋褟	0.000272	0.116534	0.000032
芯褋褌邪褌褜褋褟	0.000272	3.912023	0.001066
芯褋褌褉褘泄	0.000272	2.995732	0.000816
芯褌胁械褌	0.000272	2.040221	0.000556
芯褌胁械褌懈褌褜	0.000272	0.051293	0.000014
芯褌胁械褌芯胁	0.000272	0.051293	0.000014
芯褌胁械褌褘	0.000272	0.000000	0.000000
芯褌泻谢芯薪褟褟褋褜	0.000272	4.605170	0.001255
芯褌泻褉褘褌褘泄	0.001090	0.116534	0.000127
芯褌屑械薪懈褌褜	0.000272	0.040822	0.000011
芯褌屑械薪薪褘泄	0.000272	4.605170	0.001255
芯褌芯褉胁邪褌褜褋褟	0.000272	2.813411	0.000767
芯褏谢邪写懈褌褜	0.000272	0.116534	0.000032
锌邪泻械褌懈泻邪褏	0.000272	0.105361	0.000029
锌邪谢懈褌褉芯泄	0.000272	4.605170	0.001255
锌邪谢芯褔泻懈	0.000272	0.040822	0.000011
锌邪薪懈褉芯胁泻邪	0.002180	0.116534	0.000254
锌邪薪泻械泄泻懈	0.000545	4.605170	0.002510
锌邪薪褌械褉褉褉芯褔泻邪	0.000545	2.813411	0.001533
锌邪褉邪	0.000272	0.116534	0.000032
锌邪褉邪写	0.001907	0.116534	0.000222
锌邪褉芯胁邪褉泻械	0.002452	0.116534	0.000286
锌邪褉芯谢褜	0.000272	0.020203	0.000006
锌邪褋褌邪	0.000817	0.040822	0.000033
锌邪褋褌褉芯屑邪	0.000272	0.040822	0.000011
锌邪褋褏邪	0.000545	0.040822	0.000022
锌邪褋褏邪谢褜薪邪褟	0.000545	0.116534	0.000064
锌邪褋褏邪谢褜薪褘泄	0.000272	0.127833	0.000035
锌邪褕褌械褌	0.000272	0.040822	0.000011
锌邪褕褌械褌褘	0.000545	0.116534	0.000064
锌械泻邪褉褟	0.000272	0.127833	0.000035
锌械泻懈薪褋泻邪褟	0.001090	2.407946	0.002624
锌械谢褜屑械薪懈	0.000272	0.116534	0.000032
锌械芯褉懈褟	0.000272	3.912023	0.001066
锌械褉胁芯械	0.000545	0.040822	0.000022
锌械褉胁褘械	0.000545	0.127833	0.000070
锌械褉胁褘屑	0.000272	0.116534	0.000032
锌械褉械胁械谢邪	0.000272	3.912023	0.001066
锌械褉械胁芯写械	0.000272	2.813411	0.000767
锌械褉械泄褌懈	0.000272	0.040822	0.000011
锌械褉械泻褍褋	0.000545	0.116534	0.000064
锌械褉械屑械褕邪褌褜	0.000272	2.995732	0.000816
锌械褉械褑	0.001362	0.040822	0.000056
锌械褉褋懈泻	0.000545	3.506558	0.001911
锌械褉褋懈泻芯胁芯械	0.000272	4.605170	0.001255
锌械褉褋芯薪褘	0.000272	0.116534	0.000032
锌械褉褍邪薪褋泻邪褟	0.000272	0.116534	0.000032
锌械褋芯褔薪芯械	0.000545	0.105361	0.000057
锌械褋芯褔薪褘泄	0.000272	0.116534	0.000032
锌械褌械谢懈薪泻懈	0.000272	0.127833	0.000035
锌械褌褉褍褕泻邪	0.000545	0.693147	0.000378
锌械褔械薪芯褔薪褘泄	0.000272	0.040822	0.000011
锌械褔械薪褜械	0.003270	0.040822	0.000133
锌械褔懈	0.000272	0.127833	0.000035
锌懈胁芯	0.000272	0.116534	0.000032
锌懈泻邪薪褌薪褘泄	0.000272	2.407946	0.000656
锌懈泻邪薪褌褘	0.000272	0.127833	0.000035
锌懈泻薪懈泻	0.000545	0.116534	0.000064
锌懈泻薪懈泻邪	0.000272	0.116534	0.000032
锌懈泻薪懈泻褍	0.000272	0.105361	0.000029
锌懈褉	0.000272	0.116534	0.000032
锌懈褉芯谐	0.001635	0.040822	0.000067
锌懈褉芯谐懈	0.000272	0.105361	0.000029
锌懈褉芯卸泻懈	0.000272	0.040822	0.000011
锌懈褉芯卸薪芯械	0.000272	0.040822	0.000011
锌懈褉芯卸薪褘械	0.000817	0.116534	0.000095
锌懈褌邪薪懈械	0.001362	0.105361	0.000144
锌懈褑褑邪	0.000545	0.040822	0.000022
锌懈褖邪	0.000272	3.506558	0.000955
锌懈褖械胁芯泄	0.000545	3.912023	0.002132
锌谢邪屑褟	0.000272	0.116534	0.000032
锌谢懈褌邪	0.001090	0.127833	0.000139
锌谢芯胁	0.000272	0.116534	0.000032
锌谢芯写褘	0.000272	0.116534	0.000032
锌芯斜邪谢芯胁邪褌褜	0.000272	2.525729	0.000688
锌芯胁邪褉械薪泻械	0.000272	0.040822	0.000011
锌芯胁邪褉械薪芯泻	0.000272	0.061875	0.000017
锌芯胁邪褉褟褌	0.000272	0.116534	0.000032
锌芯胁邪褉褟褌邪	0.000272	1.897120	0.000517
锌芯胁邪褉褟褌邪屑懈	0.000272	0.040822	0.000011
锌芯胁邪褉褢薪泻邪	0.000272	0.116534	0.000032
锌芯胁懈写谢芯	0.000272	0.040822	0.000011
锌芯胁芯写褍	0.000272	3.912023	0.001066
锌芯胁芯蟹懈褌褜褋褟	0.000272	3.912023	0.001066
锌芯写邪谢褜褕械	0.000272	4.605170	0.001255
锌芯写邪褉泻芯胁	0.000272	0.116534	0.000032
锌芯写邪褉泻芯屑	0.000272	4.605170	0.001255
锌芯写邪褉芯泻	0.000272	3.218876	0.000877
锌芯写谢懈胁邪	0.000272	0.116534	0.000032
锌芯写谢懈胁泻邪	0.000272	0.040822	0.000011
锌芯写芯斜薪褘泄	0.000272	2.813411	0.000767
锌芯写锌邪懈胁邪褟	0.000272	4.605170	0.001255
锌芯写锌懈褋邪褌褜褋褟	0.000272	0.040822	0.000011
锌芯写锌懈褕懈褌械褋褜	0.000545	0.040822	0.000022
锌芯写褉褟写	0.000272	3.912023	0.001066
锌芯写褋芯谢薪褍褏邪	0.000545	3.912023	0.002132
锌芯写褍屑邪褌褜	0.000545	3.912023	0.002132
锌芯械写懈薪泻懈	0.003815	0.116534	0.000445
锌芯卸械谢邪薪懈褟屑懈	0.000272	4.605170	0.001255
锌芯蟹胁芯谢懈褌	0.000272	3.912023	0.001066
锌芯蟹写褉邪胁谢械薪懈褟屑懈	0.000272	4.605170	0.001255
锌芯蟹写褉邪胁褜	0.000272	0.116534	0.000032
锌芯蟹懈褑懈芯薪懈褉芯胁邪谢褋褟	0.000272	4.605170	0.001255
锌芯懈褋泻	0.000272	0.051293	0.000014
锌芯泄屑械褌	0.000272	3.912023	0.001066
锌芯泻谢芯薪薪懈褑邪	0.000272	4.605170	0.001255
锌芯泻褍锌邪褌褜	0.000272	2.995732	0.000816
锌芯谢写薪懈泻	0.000545	0.116534	0.000064
锌芯谢械蟹薪芯	0.000272	0.116534	0.000032
锌芯谢械蟹薪褘泄	0.000272	2.407946	0.000656
锌芯谢懈褌懈泻芯泄	0.000272	0.040822	0.000011
锌芯谢芯胁懈薪邪	0.002180	0.116534	0.000254
锌芯谢褍褔邪械褌褋褟	0.001090	0.400478	0.000436
锌芯谢褍褔邪泄褌械	0.000272	0.040822	0.000011
锌芯谢褍褔邪褌褜	0.000272	0.040822	0.000011
锌芯谢褍褔懈谢懈褋褜	0.000272	2.659260	0.000725
锌芯谢褍褔懈谢芯褋褜	0.000272	0.994252	0.000271
锌芯谢褍褔懈屑	0.000272	4.605170	0.001255
锌芯谢褜蟹邪	0.000545	0.127833	0.000070
锌芯谢褜蟹芯泄	0.001090	0.116534	0.000127
锌芯谢褜蟹褍械褌褋褟	0.000272	2.207275	0.000601
锌芯谢褜褋泻邪褟	0.000272	0.116534	0.000032
锌芯屑邪写泻邪	0.000545	0.040822	0.000022
锌芯屑邪写泻懈	0.000272	0.116534	0.000032
锌芯屑懈写芯褉泻懈	0.000272	0.127833	0.000035
锌芯屑懈写芯褉褘	0.000545	0.116534	0.000064
锌芯薪褉邪胁懈胁褕懈械褋褟	0.000272	0.040822	0.000011
锌芯薪褔懈泻懈	0.000545	0.040822	0.000022
锌芯锌褉芯斜芯胁邪褌褜	0.000272	0.798508	0.000218
锌芯锌褉芯斜褍泄褌械	0.000272	0.562119	0.000153
锌芯褉邪	0.000545	0.116534	0.000064
锌芯褉褌褍谐邪谢褜褋泻邪褟	0.000272	0.116534	0.000032
锌芯褉褑懈褞	0.000272	2.995732	0.000816
锌芯褋械褖邪械褌械	0.000272	0.061875	0.000017
锌芯褋褌	0.001362	0.105361	0.000144
锌芯褋褌薪芯械	0.000272	0.116534	0.000032
锌芯褋褌薪褘械	0.000272	0.040822	0.000011
锌芯褋褌薪褘泄	0.000545	0.116534	0.000064
锌芯褋褌芯褟薪薪芯	0.000272	0.040822	0.000011
锌芯褋褌褉芯懈屑	0.000272	0.116534	0.000032
锌芯褋褍写邪	0.000545	0.094311	0.000051
锌芯褌褉褟褋邪褞褖械	0.000272	1.560648	0.000425
锌芯褔褌懈	0.000545	1.021651	0.000557
锌芯褔褌褍	0.000272	0.040822	0.000011
锌芯褕邪谐芯胁褘械	0.000272	0.301105	0.000082
锌芯褕邪谐芯胁褘屑懈	0.000272	0.040822	0.000011
锌芯褟胁懈谢邪褋褜	0.000272	3.218876	0.000877
锌褉邪蟹写薪懈泻邪	0.000272	0.116534	0.000032
锌褉邪蟹写薪懈泻邪屑懈	0.000272	3.912023	0.001066
锌褉邪蟹写薪懈褔薪芯	0.000272	0.116534	0.000032
锌褉邪蟹写薪懈褔薪芯谐芯	0.000272	0.116534	0.000032
锌褉邪蟹写薪懈褔薪褍褞	0.000272	4.605170	0.001255
锌褉邪蟹写薪懈褔薪褘泄	0.000272	0.116534	0.000032
锌褉邪泻褌懈泻褍屑	0.000272	0.116534	0.000032
锌褉邪泻褌懈褔械褋泻懈	0.000272	1.386294	0.000378
锌褉械胁芯褋褏芯写薪褘械	0.000272	0.116534	0.000032
锌褉械胁褉邪褖械薪懈褟	0.000272	0.116534	0.000032
锌褉械写谢邪谐邪褞	0.000545	0.693147	0.000378
锌褉械写谢芯卸懈褌褜	0.000545	1.237874	0.000675
锌褉械写薪邪蟹薪邪褔邪械褌褋褟	0.000272	4.605170	0.001255
锌褉械卸写械	0.000272	3.218876	0.000877
锌褉械锌芯写薪械褋褌懈	0.000272	4.605170	0.001255
锌褉械褋薪芯械	0.000272	0.116534	0.000032
锌褉懈胁褘褔薪褘屑懈	0.000272	4.605170	0.001255
锌褉懈谐芯写懈褌褋褟	0.000272	1.609438	0.000439
锌褉懈谐芯褌芯胁懈屑	0.000272	0.116534	0.000032
锌褉懈谐芯褌芯胁懈褌褜	0.001090	0.342490	0.000373
锌褉懈谐芯褌芯胁谢械薪懈械	0.000272	0.105361	0.000029
锌褉懈谐芯褌芯胁谢械薪懈懈	0.000545	0.798508	0.000435
锌褉懈谐芯褌芯胁谢械薪懈褞	0.000272	0.040822	0.000011
锌褉懈谐芯褌芯胁谢械薪薪邪褟	0.000272	3.506558	0.000955
锌褉懈谐芯褌芯胁谢械薪薪褘泄	0.000272	2.525729	0.000688
锌褉懈写械褌褋褟	0.000272	2.995732	0.000816
锌褉懈蟹薪邪薪懈械	0.000272	0.116534	0.000032
锌褉懈蟹薪邪褞褋褜	0.000272	3.506558	0.000955
锌褉懈蟹芯胁	0.000272	0.040822	0.000011
锌褉懈谢懈褔薪芯	0.000272	3.506558	0.000955
锌褉懈锌褉邪胁邪	0.000272	0.040822	0.000011
锌褉懈褉芯写褍	0.000272	0.116534	0.000032
锌褉懈褉芯写褘	0.000272	0.116534	0.000032
锌褉懈褋褌褍锌懈褌褜	0.000272	0.040822	0.000011
锌褉懈褌褟谐懈胁邪械褌	0.000272	4.605170	0.001255
锌褉懈褕谢芯褋褜	0.000272	2.659260	0.000725
锌褉芯斜芯胁邪谢	0.000272	2.525729	0.000688
锌褉芯斜褍械屑	0.000272	3.218876	0.000877
锌褉芯胁械写懈	0.001090	0.116534	0.000127
锌褉芯胁械褉械薪芯	0.001635	0.116534	0.000191
锌褉芯胁芯写懈屑褘褏	0.000272	0.040822	0.000011
锌褉芯胁芯卸邪械屑	0.000272	0.116534	0.000032
锌褉芯写褍泻褌邪屑懈	0.000272	2.995732	0.000816
锌褉芯写褍泻褌芯胁	0.000272	0.094311	0.000026
锌褉芯械泻褌芯胁	0.000272	0.116534	0.000032
锌褉芯械泻褌褘	0.000272	0.061875	0.000017
锌褉芯锌懈褌邪褌褜	0.000272	4.605170	0.001255
锌褉芯褋屑芯褌褉邪屑	0.000272	0.274437	0.000075
锌褉芯褋褌芯	0.002180	0.083382	0.000182
锌褉芯褋褌芯泄	0.000272	0.755023	0.000206
锌褉芯褋褌芯泻胁邪褕邪	0.000272	0.040822	0.000011
锌褉芯褌褟卸械薪懈懈	0.000272	4.605170	0.001255
锌褉芯褎懈谢褜	0.000272	0.040822	0.000011
锌褉芯褖械	0.000272	1.660731	0.000453
锌褉褟屑芯	0.000272	0.040822	0.000011
锌褉褟屑芯褍谐芯谢褜薪芯泄	0.000272	4.605170	0.001255
锌褉褟薪懈泻	0.000272	0.040822	0.000011
锌褉褟薪懈泻懈	0.000272	0.116534	0.000032
锌褉褟薪懈褔薪芯械	0.000272	0.116534	0.000032
锌褋懈谢谢懈褍屑	0.000545	4.605170	0.002510
锌褌懈褑邪	0.001362	0.116534	0.000159
锌褌懈褑械	0.000545	0.116534	0.000064
锌褌懈褑械泄	0.000272	0.127833	0.000035
锌褌懈褑褘	0.002997	0.116534	0.000349
锌褌懈褔褜械	0.000272	1.832581	0.000499
锌褍写懈薪谐	0.000272	0.040822	0.000011
锌褍写懈薪谐懈	0.000545	0.116534	0.000064
锌褍写褉邪	0.001635	1.897120	0.003102
锌褍薪褕	0.000272	0.040822	0.000011
锌褍褌械褕械褋褌胁懈械	0.000545	0.116534	0.000064
锌褍褌褜	0.000272	0.116534	0.000032
锌褕械薪懈褔薪邪褟	0.004905	0.287682	0.001411
锌褘褕泻懈	0.000272	0.040822	0.000011
锌褞褉械	0.001090	0.040822	0.000044
褉邪斜芯褌褘	0.000545	2.525729	0.001376
褉邪胁薪芯写褍褕薪褘屑	0.000272	2.813411	0.000767
褉邪胁薪芯写褍褕薪褘屑懈	0.000272	3.912023	0.001066
褉邪谐褍	0.000272	0.116534	0.000032
褉邪蟹	0.000545	0.446287	0.000243
褉邪蟹胁械褉薪褍褌褜	0.000272	0.116534	0.000032
褉邪蟹写械谢褜薪芯械	0.000272	0.116534	0.000032
褉邪蟹屑械褉邪	0.000272	4.605170	0.001255
褉邪蟹薪褘械	0.000272	0.116534	0.000032
褉邪蟹褉褘褏谢懈褌械谢褜	0.001635	1.237874	0.002024
褉邪褋泻褉褘胁邪械褌	0.000272	3.912023	0.001066
褉邪褋锌褍褋褌懈谢懈褋褜	0.000272	4.605170	0.001255
褉邪褋褋芯谢褜薪懈泻	0.000545	0.040822	0.000022
褉邪褋褋芯谢褜薪懈泻邪	0.000272	0.116534	0.000032
褉邪褋褋褘谢泻懈	0.000272	0.061875	0.000017
褉邪褋褌胁芯褉懈屑褘泄	0.000545	4.605170	0.002510
褉邪褋褌懈褌械谢褜薪芯械	0.002725	0.235722	0.000642
褉械谐懈褋褌褉邪褑懈懈	0.000545	0.010050	0.000005
褉械谐懈褋褌褉邪褑懈褟	0.000272	0.000000	0.000000
褉械蟹褍谢褜褌邪褌	0.000272	0.967584	0.000264
褉械泄褌懈薪谐褍	0.000272	0.248461	0.000068
褉械褑械锌褌	0.004360	0.040822	0.000178
褉械褑械锌褌邪	0.000545	0.462035	0.000252
褉械褑械锌褌邪褏	0.000272	0.061875	0.000017
褉械褑械锌褌械	0.000272	1.171183	0.000319
褉械褑械锌褌芯胁	0.001907	0.040822	0.000078
褉械褑械锌褌褍	0.000545	0.891598	0.000486
褉械褑械锌褌褘	0.019619	0.040822	0.000801
褉懈褋	0.001090	0.040822	0.000044
褉懈褋邪	0.000272	0.116534	0.000032
褉懈褋褍薪泻芯屑	0.000272	4.605170	0.001255
褉懈褌屑械	0.000272	0.116534	0.000032
褉芯谐邪谢懈泻懈	0.000272	0.040822	0.000011
褉芯写薪芯械	0.000272	0.116534	0.000032
褉芯卸写械薪懈褟	0.000272	0.105361	0.000029
褉芯卸写械褋褌胁械薪褋泻懈泄	0.000545	2.995732	0.001633
褉芯卸写械褋褌胁械薪褋泻芯谐芯	0.000272	4.605170	0.001255
褉芯卸写械褋褌胁芯	0.000817	0.116534	0.000095
褉芯卸写械褋褌胁褍	0.000272	4.605170	0.001255
褉芯谢谢褌芯薪	0.000272	0.116534	0.000032
褉芯谢谢褘	0.000545	0.040822	0.000022
褉芯屑	0.000272	0.040822	0.000011
褉芯屑邪薪褌懈褔械褋泻懈屑	0.000272	4.605170	0.001255
褉褍斜褉懈泻邪褌芯褉	0.000272	0.051293	0.000014
褉褍泻邪屑懈	0.000272	2.995732	0.000816
褉褍谢械褌	0.000272	0.040822	0.000011
褉褍谢械褌褘	0.002725	0.116534	0.000318
褉褍屑褘薪褋泻邪褟	0.000272	0.116534	0.000032
褉褍屑褟薪褘械	0.000272	0.116534	0.000032
褉褍薪械褌械	0.000272	0.020203	0.000006
褉褍褋褋泻邪褟	0.000272	0.116534	0.000032
褉褍褔薪芯泄	0.000545	4.605170	0.002510
褉褘斜邪	0.002452	0.040822	0.000100
褉褘斜械	0.000545	0.116534	0.000064
褉褘斜薪邪褟	0.000272	0.116534	0.000032
褉褘斜薪芯谐芯	0.000545	0.116534	0.000064
褉褘斜薪褘械	0.001090	0.116534	0.000127
褉褘斜薪褘泄	0.000545	0.116534	0.000064
褉褘斜薪褘褏	0.000272	0.116534	0.000032
褉褘斜芯泄	0.000545	0.116534	0.000064
褉褘斜褘	0.003270	0.116534	0.000381
褉褟卸械薪泻邪	0.000272	0.116534	0.000032
褋邪泄褌	0.000817	0.000000	0.000000
褋邪泄褌械	0.001090	0.462035	0.000504
褋邪泄褌褍	0.000545	0.061875	0.000034
褋邪谢邪褌	0.000817	0.094311	0.000077
褋邪谢邪褌邪	0.000272	1.078810	0.000294
褋邪谢邪褌懈泻	0.000545	2.302585	0.001255
褋邪谢邪褌薪邪褟	0.000272	0.116534	0.000032
褋邪谢邪褌褘	0.010082	0.040822	0.000412
褋邪屑芯谐芯	0.000545	2.813411	0.001533
褋邪屑芯谐芯薪	0.000272	0.040822	0.000011
褋邪屑芯写芯褋褌邪褌芯褔薪褘屑	0.000272	4.605170	0.001255
褋邪屑褘褏	0.000545	0.116534	0.000064
褋邪褎	0.000817	0.116534	0.000095
褋邪褎褋械屑	0.000272	0.116534	0.000032
褋邪褏邪褉	0.006540	0.116534	0.000762
褋邪褏邪褉邪	0.000272	2.995732	0.000816
褋邪褏邪褉薪邪褟	0.001635	1.897120	0.003102
褋斜懈褌械薪褜	0.000272	0.040822	0.000011
褋胁械卸械褋褌褜	0.000272	0.105361	0.000029
褋胁械卸懈泄	0.000272	2.659260	0.000725
褋胁械泻谢邪	0.000272	0.040822	0.000011
褋胁械泻芯谢褜薪懈泻	0.000545	0.040822	0.000022
褋胁械褌邪	0.001090	0.116534	0.000127
褋胁械褌谢芯谐芯	0.000272	4.605170	0.001255
褋胁懈薪懈薪邪	0.001090	0.040822	0.000044
褋胁懈薪懈薪褘	0.001635	0.116534	0.000191
褋胁芯写懈褌	0.000272	3.506558	0.000955
褋胁芯械	0.000272	0.116534	0.000032
褋胁芯械屑	0.000272	0.040822	0.000011
褋胁芯懈屑	0.000272	0.040822	0.000011
褋胁芯褞	0.000272	0.040822	0.000011
褋谐褍褖械薪泻邪	0.000272	0.040822	0.000011
褋械谐芯写薪褟	0.000272	0.843970	0.000230
褋械蟹芯薪	0.000272	0.116534	0.000032
褋械泄褔邪褋	0.000272	0.030459	0.000008
褋械泻褉械褌褘	0.000545	0.116534	0.000064
褋械谢械写泻邪	0.000272	0.040822	0.000011
褋械屑谐邪	0.000272	0.040822	0.000011
褋械屑械泄薪褘泄	0.000272	0.116534	0.000032
褋械屑械薪邪	0.001090	3.218876	0.003508
褋械屑械褔泻懈	0.001635	3.218876	0.005262
褋械屑褜懈	0.000272	0.116534	0.000032
褋懈写褉	0.000272	0.040822	0.000011
褋懈薪薪邪斜芯薪	0.000272	3.912023	0.001066
褋懈褉懈泄褋泻邪褟	0.000272	0.116534	0.000032
褋懈褉芯锌	0.009809	0.040822	0.000400
褋懈褉芯锌芯屑	0.000817	4.605170	0.003764
褋懈褉芯锌褘	0.000272	0.116534	0.000032
褋懈褋褌械屑褘	0.000272	0.040822	0.000011
褋懈褌懈	0.000272	0.127833	0.000035
褋泻邪卸褍	0.000272	1.714798	0.000467
褋泻邪蟹邪褌褜	0.000272	0.653926	0.000178
褋泻邪蟹芯泻	0.000272	0.116534	0.000032
褋谢邪写泻邪褟	0.000545	0.116534	0.000064
褋谢邪写泻懈械	0.001635	0.040822	0.000067
褋谢邪写泻懈泄	0.002725	0.105361	0.000287
褋谢邪写泻懈褏	0.000545	0.116534	0.000064
褋谢邪写泻芯	0.000272	0.116534	0.000032
褋谢邪写泻芯胁邪褌芯	0.000272	3.912023	0.001066
褋谢邪写泻芯械卸械泻	0.000272	4.605170	0.001255
褋谢邪写泻芯泄	0.000272	2.813411	0.000767
褋谢邪写泻芯屑	0.000272	4.605170	0.001255
褋谢懈胁泻懈	0.002725	1.078810	0.002940
褋谢懈胁芯泻	0.000272	2.995732	0.000816
褋谢懈胁芯褔薪芯械	0.005177	0.116534	0.000603
褋谢懈胁芯褔薪褘屑	0.000272	1.966113	0.000536
褋谢芯械薪芯谐芯	0.000272	0.127833	0.000035
褋谢芯械薪芯械	0.000272	0.116534	0.000032
褋谢芯械薪褘泄	0.000272	0.116534	0.000032
褋谢芯泄泻邪	0.000272	0.040822	0.000011
褋谢芯泄泻懈	0.000272	0.116534	0.000032
褋谢芯褍	0.000272	4.605170	0.001255
褋屑械褌邪薪邪	0.000817	0.105361	0.000086
褋屑械褌邪薪褘	0.000272	2.659260	0.000725
褋屑械褕邪薪薪芯谐芯	0.000272	0.116534	0.000032
褋屑芯卸械褌械	0.000272	0.040822	0.000011
褋屑褍蟹懈	0.000817	0.040822	0.000033
褋薪械谐	0.000272	3.912023	0.001066
褋薪械谐芯屑	0.000272	4.605170	0.001255
褋薪褝泻	0.000272	0.116534	0.000032
褋芯斜懈褉邪械褌械褋褜	0.000272	0.040822	0.000011
褋芯斜懈褉邪褌褜	0.000272	3.912023	0.001066
褋芯胁械褉褕械薪褋褌胁芯	0.001362	0.116534	0.000159
褋芯胁械褌邪屑懈	0.000272	0.040822	0.000011
褋芯胁屑械褋褌懈谢邪	0.000272	4.605170	0.001255
褋芯胁褋械屑	0.000817	1.139434	0.000931
褋芯谐谢邪褕邪械褌械褋褜	0.000272	0.040822	0.000011
褋芯写邪	0.001635	0.967584	0.001582
褋芯械胁褘泄	0.001635	0.798508	0.001305
褋芯蟹写邪械褌	0.000272	0.116534	0.000032
褋芯蟹写邪薪懈褟	0.000545	0.261365	0.000142
褋芯蟹褉械褌褜	0.000272	4.605170	0.001255
褋芯泻	0.001907	0.116534	0.000222
褋芯泻邪	0.000272	0.105361	0.000029
褋芯泻懈	0.000272	0.040822	0.000011
褋芯谢械薪褘械	0.000817	0.116534	0.000095
褋芯谢械薪褜褟	0.000545	0.116534	0.000064
褋芯谢懈	0.000272	2.525729	0.000688
褋芯谢薪械褔薪芯泄	0.000272	0.127833	0.000035
褋芯谢褜	0.003815	0.150823	0.000575
褋芯谢褜褞	0.000272	3.218876	0.000877
褋芯谢褟薪泻邪	0.000545	0.040822	0.000022
褋芯褉褌懈褉芯胁邪褌褜	0.000272	0.248461	0.000068
褋芯褋褌邪胁褜	0.000272	0.116534	0.000032
褋芯褍褋	0.004905	0.040822	0.000200
褋芯褍褋械	0.000272	1.897120	0.000517
褋芯褍褋芯屑	0.001635	0.116534	0.000191
褋芯褍褋褘	0.001090	0.116534	0.000127
褋芯褏褉邪薪褟褌褜	0.000272	0.040822	0.000011
褋芯褑褋械褌懈	0.000272	0.040822	0.000011
褋芯褔械褌邪薪懈械	0.000817	0.116534	0.000095
褋芯褔械褌邪薪懈褞	0.000272	4.605170	0.001255
褋芯褔薪芯械	0.000272	0.116534	0.000032
褋锌邪谢褜薪褟屑懈	0.000545	0.446287	0.000243
褋锌械褑懈邪谢褜薪芯械	0.000272	0.116534	0.000032
褋锌械褑懈懈	0.001362	0.105361	0.000144
褋锌械褑锌褉芯械泻褌	0.008992	0.116534	0.001048
褋锌懈褋芯泻	0.000272	0.116534	0.000032
褋锌芯褞	0.000272	0.116534	0.000032
褋褉邪蟹褍	0.000272	0.733969	0.000200
褋褉械写懈蟹械屑薪芯屑芯褉褋泻邪褟	0.000272	0.127833	0.000035
褋褌邪薪械褌	0.000272	1.832581	0.000499
褋褌邪褉褘械	0.000272	0.261365	0.000071
褋褌邪褌褜	0.000272	1.966113	0.000536
褋褌邪褌褜褟褏	0.000272	0.061875	0.000017
褋褌懈谢械	0.000272	0.116534	0.000032
褋褌懈谢褟	0.000272	0.116534	0.000032
褋褌芯谢	0.000545	0.105361	0.000057
褋褌芯谢邪	0.001907	0.116534	0.000222
褋褌褉芯谐芯	0.000272	2.407946	0.000656
褋褌褉芯懈褌械谢褜褋褌胁械	0.000272	0.040822	0.000011
褋褌褉芯懈褌械谢褜褋褌胁褍	0.000272	0.040822	0.000011
褋褌褉芯懈褌褜	0.000272	0.040822	0.000011
褋褌褉芯泄薪芯泄	0.000272	0.116534	0.000032
褋褍斜锌褉芯写褍泻褌芯胁	0.001907	0.116534	0.000222
褋褍斜锌褉芯写褍泻褌褘	0.000817	0.116534	0.000095
褋褍锌	0.002452	0.040822	0.000100
褋褍锌邪	0.000272	0.040822	0.000011
褋褍锌褘	0.002452	0.040822	0.000100
褋褍褎谢械	0.001090	0.040822	0.000044
褋褍褏邪褉懈	0.000272	0.040822	0.000011
褋褍褏芯械	0.000545	1.660731	0.000905
褋褍褏芯褎褉褍泻褌邪屑懈	0.000272	4.605170	0.001255
褋褍褏芯褎褉褍泻褌褘	0.000545	3.912023	0.002132
褋褍褕懈	0.000545	0.040822	0.000022
褋褘褉	0.001362	0.040822	0.000056
褋褘褉邪	0.001907	0.116534	0.000222
褋褘褉邪屑懈	0.000272	0.127833	0.000035
褋褘褉薪懈泻	0.000272	0.040822	0.000011
褋褘褉薪懈泻懈	0.000817	0.116534	0.000095
褋褘褉薪褘械	0.001090	0.040822	0.000044
褋褘褌薪褘泄	0.000817	0.105361	0.000086
褋褘褔褍卸薪褘屑懈	0.000272	0.127833	0.000035
褋褝薪写胁懈褔懈	0.000272	0.127833	0.000035
褋褞褉锌褉懈蟹	0.000272	0.116534	0.000032
褌邪写卸懈泻褋泻邪褟	0.000272	0.116534	0.000032
褌邪泄褋泻邪褟	0.000272	0.116534	0.000032
褌邪褉褌	0.000545	0.116534	0.000064
褌邪褉褌邪谢械褌泻懈	0.000545	0.040822	0.000022
褌邪褌邪褉褋泻邪褟	0.000272	0.116534	0.000032
褌胁芯懈	0.000545	0.116534	0.000064
褌胁芯褉懈	0.000272	0.116534	0.000032
褌胁芯褉芯谐	0.000545	0.040822	0.000022
褌胁芯褉芯谐芯屑	0.000272	0.105361	0.000029
褌胁芯褉芯卸薪芯械	0.000272	0.116534	0.000032
褌胁芯褉芯卸薪褘械	0.000545	0.116534	0.000064
褌胁芯褉芯卸薪褘泄	0.000817	0.116534	0.000095
褌械谢械谐褉邪屑	0.000272	0.040822	0.000011
褌械谢褟褌懈薪褘	0.001090	0.116534	0.000127
褌械屑薪褘泄	0.000545	2.040221	0.001112
褌械锌谢芯屑	0.000272	0.116534	0.000032
褌械褉褉懈薪	0.000272	0.040822	0.000011
褌械褉褌芯械	0.000545	4.605170	0.002510
褌械褋褌	0.001362	0.127833	0.000174
褌械褋褌邪	0.004360	0.105361	0.000459
褌械褋褌芯	0.002452	0.040822	0.000100
褌械褏薪懈泻邪	0.001362	0.105361	0.000144
褌械褖懈薪	0.000272	0.040822	0.000011
褌屑	0.001090	0.127833	0.000139
褌芯锌谢械薪芯械	0.000272	0.116534	0.000032
褌芯褉褌	0.003815	0.040822	0.000156
褌芯褉褌邪	0.000272	2.120264	0.000578
褌芯褉褌褘	0.002725	0.116534	0.000318
褌褉邪胁泻邪	0.000272	4.605170	0.001255
褌褉邪胁褘	0.000272	0.105361	0.000029
褌褉邪写懈褑懈懈	0.000272	0.116534	0.000032
褌褉邪写懈褑懈泄	0.001090	0.116534	0.000127
褌褉邪写懈褑懈芯薪薪褘泄	0.000545	2.995732	0.001633
褌褉邪写懈褑懈褟褏	0.000272	0.116534	0.000032
褌褉械褏谢械褌懈械屑	0.000272	0.116534	0.000032
褌褉褍斜芯褔泻懈	0.000272	0.040822	0.000011
褌褍薪懈褋褋泻邪褟	0.000272	0.116534	0.000032
褌褍薪褑芯屑	0.000272	0.116534	0.000032
褌褍褉械褑泻邪褟	0.000272	0.116534	0.000032
褌褘泻胁邪	0.000817	0.040822	0.000033
褌褘泻胁械薪薪邪褟	0.000272	4.605170	0.001255
褌褘泻胁械薪薪褘械	0.001090	3.912023	0.004264
褍斜褉邪褌褜	0.000272	3.218876	0.000877
褍胁械写芯屑谢械薪懈褟	0.000272	0.040822	0.000011
褍胁谢械泻邪褌械谢褜薪褘泄	0.000272	4.605170	0.001255
褍谐芯胁芯褉懈谢邪	0.000272	4.605170	0.001255
褍谐芯褖邪褞	0.000272	3.912023	0.001066
褍写邪褔薪邪褟	0.000272	0.116534	0.000032
褍写懈胁懈	0.000272	0.116534	0.000032
褍写懈胁谢褟泄褌械	0.001090	0.116534	0.000127
褍写芯胁芯谢褜褋褌胁懈械屑	0.000272	0.116534	0.000032
褍卸懈薪	0.001635	0.094311	0.000154
褍蟹斜械泻褋泻邪褟	0.000272	0.116534	0.000032
褍泻褉邪懈薪褋泻邪褟	0.000272	0.116534	0.000032
褍泻褉邪褕械薪懈褟	0.002180	0.116534	0.000254
褍泻褉芯锌	0.000545	0.562119	0.000306
褍泻褋褍褋	0.000545	0.634878	0.000346
褍泻褋褍褋芯屑	0.000545	2.120264	0.001155
褍屑邪	0.000272	3.218876	0.000877
褍屑械薪褜褕懈谢邪	0.000272	4.605170	0.001255
褍锌芯褌褉械斜谢械薪懈械屑	0.000272	0.116534	0.000032
褍褉邪谢褜褋泻邪褟	0.000272	0.116534	0.000032
褍褉芯卸邪泄	0.000272	0.105361	0.000029
褍褋锌械褏芯屑	0.000272	3.506558	0.000955
褍褌泻懈	0.000817	0.116534	0.000095
褍褌褉邪	0.000272	3.218876	0.000877
褍褍褍	0.000272	4.605170	0.001255
褍褏邪	0.000272	0.040822	0.000011
褍褔邪褋褌胁芯胁邪褌褜	0.000272	0.040822	0.000011
褎邪蟹械薪写褘	0.000272	0.127833	0.000035
褎邪薪褌邪蟹懈懈	0.001635	0.116534	0.000191
褎邪薪褌邪蟹懈泄	0.000272	0.116534	0.000032
褎邪薪褌邪蟹懈褟	0.000272	0.116534	0.000032
褎邪褉褕邪	0.003542	0.040822	0.000145
褎邪褉褕懈褉芯胁邪薪薪邪褟	0.000545	0.116534	0.000064
褎邪褉褕懈褉芯胁邪薪薪芯械	0.000272	0.116534	0.000032
褎邪褉褕懈褉芯胁邪薪薪褘械	0.000545	0.040822	0.000022
褎邪褉褕懈褉芯胁邪薪薪褘泄	0.000272	0.040822	0.000011
褎邪褋芯谢褜	0.000272	0.040822	0.000011
褎械胁褉邪谢褟	0.000545	0.105361	0.000057
褎械泄械褉胁械褉泻	0.000545	0.116534	0.000064
褎懈谐褍褉械	0.000272	0.116534	0.000032
褎懈薪褋泻邪褟	0.000272	0.116534	0.000032
褎懈褉屑械薪薪芯械	0.000272	0.116534	0.000032
褎懈褋褌邪褕泻懈	0.000545	3.218876	0.001754
褎芯薪写褞	0.000272	0.040822	0.000011
褎芯褉屑械	0.000545	2.995732	0.001633
褎芯褉屑褘	0.000272	0.116534	0.000032
褎芯褉褍屑械	0.000545	0.040822	0.000022
褎芯褉褕屑邪泻	0.000272	0.040822	0.000011
褎褉	0.000272	3.912023	0.001066
褎褉邪薪褑懈懈	0.000545	0.116534	0.000064
褎褉邪薪褑褍蟹褋泻邪褟	0.000272	0.116534	0.000032
褎褉邪薪褑褍蟹褋泻芯械	0.000272	4.605170	0.001255
褎褉邪褍	0.001090	0.116534	0.000127
褎褉械写械褉懈泻褌芯薪	0.000272	4.605170	0.001255
褎褉褍泻褌芯胁	0.001362	0.116534	0.000159
褎褉褍泻褌芯胁芯	0.000272	0.116534	0.000032
褎褉褍泻褌芯胁褘械	0.001907	0.040822	0.000078
褎褍写	0.000272	0.116534	0.000032
褎褍薪写褍泻	0.001090	3.218876	0.003508
褎褍褉褕械褌	0.000272	0.116534	0.000032
褏邪谢胁邪	0.000817	0.040822	0.000033
褏邪谢胁芯泄	0.000272	4.605170	0.001255
褏邪谢胁褍	0.000272	4.605170	0.001255
褏邪褉胁械褋褌褎械褋褌	0.000545	0.116534	0.000064
褏邪褉褔芯	0.000545	0.040822	0.000022
褏邪褕	0.000272	0.040822	0.000011
褏胁芯褉芯褋褌	0.000272	0.040822	0.000011
褏懈薪泻邪谢懈	0.000272	0.116534	0.000032
褏懈褌	0.001907	0.116534	0.000222
褏谢械斜	0.001907	0.040822	0.000078
褏谢械斜芯屑	0.000272	2.525729	0.000688
褏谢械斜芯锌械褔泻懈	0.000272	0.116534	0.000032
褏谢芯锌褜械胁	0.000272	4.605170	0.001255
褏谢芯锌褜褟	0.001635	0.105361	0.000172
褏芯蟹褟泄泻懈	0.000272	0.127833	0.000035
褏芯谢芯写	0.000272	4.605170	0.001255
褏芯谢芯写械褑	0.000272	0.040822	0.000011
褏芯谢芯写薪褘械	0.000545	0.116534	0.000064
褏芯谢芯写薪褘泄	0.000545	0.116534	0.000064
褏芯褉胁邪褌褋泻邪褟	0.000272	0.116534	0.000032
褏芯褉芯褕械薪褜泻芯	0.000272	4.605170	0.001255
褏芯褉芯褕芯	0.001362	0.105361	0.000144
褏芯褉褋	0.000272	0.116534	0.000032
褏芯褌懈褌械	0.000272	0.040822	0.000011
褏芯褔褍	0.000817	0.562119	0.000459
褏褉褍褋褌褟褖懈泄	0.000272	2.040221	0.000556
褏褍屑褍褋	0.000272	0.040822	0.000011
褑邪褉褋褌胁芯	0.000272	0.127833	0.000035
褑邪褉褜	0.000272	0.116534	0.000032
褑胁械褌薪邪褟	0.000272	0.040822	0.000011
褑胁械褌褘	0.000272	3.506558	0.000955
褑械写褉邪	0.000545	1.832581	0.000999
褑械薪薪褘褏	0.000272	0.040822	0.000011
褑械薪褌褉	0.000272	0.116534	0.000032
褑褍泻邪褌邪屑懈	0.000272	4.605170	0.001255
褑褍泻邪褌褘	0.000545	4.605170	0.002510
褔邪械屑	0.000272	0.116534	0.000032
褔邪泄	0.000817	0.040822	0.000033
褔械斜褍褉械泻懈	0.000545	0.040822	0.000022
褔械屑	0.000272	0.994252	0.000271
褔械褉泻懈蟹芯胁芯	0.000545	0.116534	0.000064
褔械褉薪褘泄	0.001090	0.371064	0.000404
褔械褋薪芯泻	0.000545	0.314711	0.000172
褔械褋褌薪褘屑懈	0.000272	0.040822	0.000011
褔械褔械胁懈褑邪	0.000272	0.040822	0.000011
褔械褕褋泻邪褟	0.000272	0.116534	0.000032
褔懈蟹泻械泄泻	0.001090	0.040822	0.000044
褔懈谢懈泄褋泻邪褟	0.000272	0.116534	0.000032
褔懈锌褋褘	0.000272	0.040822	0.000011
褔懈褋谢褍	0.000272	0.261365	0.000071
褔褍写械褋	0.000272	0.116534	0.000032
褕邪谐	0.000272	4.605170	0.001255
褕邪褉懈泻懈	0.000272	0.040822	0.000011
褕邪褉谢芯褌泻邪	0.000272	0.040822	0.000011
褕邪褉谢芯褌泻懈	0.000272	0.127833	0.000035
褕邪褉屑	0.000272	0.116534	0.000032
褕邪褕谢褘泻	0.003270	0.040822	0.000133
褕邪褕谢褘泻懈	0.000272	0.040822	0.000011
褕胁械写褋泻邪褟	0.000272	0.116534	0.000032
褕胁械泄褑邪褉褋泻邪褟	0.000272	0.116534	0.000032
褕械写械胁褉褘	0.000272	0.116534	0.000032
褕械褎	0.000272	0.127833	0.000035
褕懈锌褍褔泻邪	0.000272	0.040822	0.000011
褕懈褉芯泻邪褟	0.000272	0.127833	0.000035
褕泻芯谢褍	0.000272	0.116534	0.000032
褕芯泻芯谢邪写	0.001635	0.040822	0.000067
褕芯泻芯谢邪写薪褘械	0.000545	3.218876	0.001754
褕芯褌谢邪薪写褋泻邪褟	0.000272	0.116534	0.000032
褕褌褉褍写械谢褜	0.000272	0.040822	0.000011
褕褍褉锌邪	0.000272	0.040822	0.000011
褖邪褋	0.000272	0.116534	0.000032
褖械写褉邪褟	0.000272	0.116534	0.000032
褖械写褉芯	0.000272	3.912023	0.001066
褖懈	0.000545	0.040822	0.000022
褝泻芯屑懈谢泻	0.000272	0.127833	0.000035
褝褋褌芯薪褋泻邪褟	0.000272	0.116534	0.000032
褝褌芯谐芯	0.001090	0.415515	0.000453
褝褌芯屑	0.000545	0.843970	0.000460
褝褌芯屑褍	0.000272	1.272966	0.000347
褝褌褍	0.000272	1.272966	0.000347
褞谐芯褋谢邪胁褋泻邪褟	0.000272	0.116534	0.000032
褟谐芯写薪褘械	0.000545	0.116534	0.000064
褟谐芯写薪褘泄	0.000545	0.116534	0.000064
褟蟹褘泻	0.000272	0.040822	0.000011
褟懈褑	0.001090	0.116534	0.000127
褟懈褔薪褘泄	0.002180	1.049822	0.002288
褟泄褑邪	0.000272	0.040822	0.000011
褟泄褑芯	0.003270	0.261365	0.000855
褟薪写械泻褋	0.000272	0.072571	0.000020
褟锌芯薪褋泻邪褟	0.000272	0.116534	0.000032
褟锌芯薪褋泻芯泄	0.000272	0.061875	0.000017
褟褉泻懈械	0.000272	0.116534	0.000032
褟褉泻芯	0.000272	0.105361	0.000029
