褌芯泻械薪	TF	IDF	TF-IDF
邪斜褏邪蟹褋泻邪褟	0.000316	0.116534	0.000037
邪胁褋褌褉邪谢懈泄褋泻邪褟	0.000316	0.116534	0.000037
邪胁褋褌褉懈泄褋泻邪褟	0.000316	0.116534	0.000037
邪胁褌芯泻谢邪胁邪	0.000316	0.116534	0.000037
邪胁褌芯褉	0.002848	1.427116	0.004065
邪胁褌芯褉邪屑	0.000316	0.040822	0.000013
邪谐褉芯	0.000316	0.116534	0.000037
邪写卸懈泻邪	0.000316	0.040822	0.000013
邪蟹械褉斜邪泄写卸邪薪褋泻邪褟	0.000316	0.116534	0.000037
邪蟹懈邪褌褋泻邪褟	0.000316	0.127833	0.000040
邪蟹褘	0.000316	0.127833	0.000040
邪泄褉邪薪	0.000316	0.040822	0.000013
邪泻胁邪褌懈泻邪	0.000949	0.127833	0.000121
邪谢械泻褋械褟	0.000316	0.127833	0.000040
邪谢泻芯谐芯谢褜	0.000633	0.116534	0.000074
邪谢泻芯谐芯谢褜薪褘械	0.000316	0.116534	0.000037
邪谢泻芯谐芯谢褟	0.000316	0.116534	0.000037
邪谢褜褟薪褋	0.000316	0.116534	0.000037
邪屑械褉懈泻邪薪褋泻邪褟	0.000316	0.116534	0.000037
邪薪谐谢懈泄褋泻邪褟	0.000316	0.116534	0.000037
邪薪写褉械褟	0.000316	0.127833	0.000040
邪褉邪斜褋泻邪褟	0.000316	0.116534	0.000037
邪褉谐械薪褌懈薪褋泻邪褟	0.000316	0.116534	0.000037
邪褉屑褟薪褋泻邪褟	0.000316	0.116534	0.000037
邪褉芯屑邪褌	0.000316	1.660731	0.000526
邪褉芯屑邪褌薪芯械	0.000316	2.813411	0.000890
邪褋褋芯褉褌懈	0.000633	0.116534	0.000074
邪褌谢邪薪褌	0.000316	0.127833	0.000040
邪褎谐邪薪褋泻邪褟	0.000316	0.116534	0.000037
邪褎褉懈泻邪薪褋泻邪褟	0.000316	0.116534	0.000037
邪褝褉芯谐褉懈谢械	0.003165	0.116534	0.000369
斜邪泻谢邪卸邪薪褘	0.000633	0.040822	0.000026
斜邪谢褌泻芯屑	0.000316	0.127833	0.000040
斜邪褉邪薪懈薪褘	0.001266	0.116534	0.000148
斜邪褋屑邪褌懈	0.000633	0.127833	0.000081
斜邪褋褌褍褉屑邪	0.000316	0.040822	0.000013
斜邪褌芯薪褔懈泻懈	0.000316	0.127833	0.000040
斜邪褕泻懈褉褋泻邪褟	0.000316	0.116534	0.000037
斜械蟹邪谢泻芯谐芯谢褜薪褘械	0.000316	0.116534	0.000037
斜械蟹谐谢褞褌械薪芯胁褘械	0.000316	0.116534	0.000037
斜械蟹械	0.001266	0.040822	0.000052
斜械谢械斜械械胁褋泻懈泄	0.000633	0.116534	0.000074
斜械谢泻懈	0.000633	2.407946	0.001524
斜械谢芯泻芯褔邪薪薪邪褟	0.001266	0.994252	0.001259
斜械谢芯褉褍褋褋泻邪褟	0.000316	0.116534	0.000037
斜械谢褜谐懈泄褋泻邪褟	0.000316	0.116534	0.000037
斜械褉械屑械薪薪褘褏	0.000316	0.116534	0.000037
斜械褋械写懈薪邪	0.000316	0.127833	0.000040
斜械褌	0.000316	4.605170	0.001457
斜懈褋泻胁懈褌	0.000316	0.040822	0.000013
斜懈褋泻胁懈褌薪芯械	0.000633	0.116534	0.000074
斜懈褋泻胁懈褌薪褘泄	0.000316	0.105361	0.000033
斜懈褋泻胁懈褌褘	0.000316	0.127833	0.000040
斜谢懈卸械	0.000316	0.116534	0.000037
斜谢懈蟹泻懈褏	0.000316	0.116534	0.000037
斜谢懈薪芯胁	0.000633	0.116534	0.000074
斜谢懈薪褘	0.001266	0.040822	0.000052
斜谢芯谐邪	0.000316	2.407946	0.000762
斜谢芯谐邪褏	0.000316	2.407946	0.000762
斜谢褞写	0.000633	0.094311	0.000060
斜谢褞写邪	0.034494	0.040822	0.001408
斜谢褞写芯	0.001266	0.040822	0.000052
斜谢褞写褍	0.000316	0.116534	0.000037
斜芯斜芯胁褘械	0.000633	0.127833	0.000081
斜芯斜芯胁褘褏	0.003481	0.116534	0.000406
斜芯谢谐邪褉褋泻邪褟	0.000316	0.116534	0.000037
斜芯谢褜褕械	0.000949	0.105361	0.000100
斜芯谢褜褕懈褏	0.000316	3.506558	0.001110
斜芯褉褖	0.000633	0.040822	0.000026
斜芯褌胁懈薪褜褟	0.000316	0.040822	0.000013
斜褉邪胁懈褋褋懈懈屑屑屑芯芯芯	0.000316	4.605170	0.001457
斜褉邪蟹懈谢褜褋泻邪褟	0.000316	0.116534	0.000037
斜褉邪褍蟹械褉械	0.000316	0.040822	0.000013
斜褉邪褍薪懈	0.000316	0.040822	0.000013
斜褉械褋褌	0.000316	0.127833	0.000040
斜褉芯泻泻芯谢懈	0.000316	0.040822	0.000013
斜褍写褍	0.000316	1.427116	0.000452
斜褍卸械薪懈薪邪	0.000316	0.040822	0.000013
斜褍泻胁邪谢褜薪芯	0.000633	2.407946	0.001524
斜褍谢芯褔泻邪屑懈	0.000316	0.116534	0.000037
斜褍谢芯褔泻懈	0.000633	0.040822	0.000026
斜褍谢褜芯薪	0.002215	0.040822	0.000090
斜褍谢褜芯薪褘	0.001266	0.116534	0.000148
斜褍褉谐械褉	0.000316	0.040822	0.000013
斜褍褉谐械褉褘	0.000316	0.127833	0.000040
斜褍褉褟褌褋泻邪褟	0.000316	0.116534	0.000037
斜褍褌械褉斜褉芯写	0.000633	0.116534	0.000074
斜褍褌械褉斜褉芯写褘	0.000633	0.040822	0.000026
斜褍褏谐邪谢褌械褉	0.000316	4.605170	0.001457
斜褘胁邪械褌	0.000633	2.407946	0.001524
斜褘褋褌褉械械	0.000316	2.525729	0.000799
斜褘褋褌褉芯	0.001582	0.094311	0.000149
斜褘褋褌褉芯泄	0.000316	0.116534	0.000037
斜褘褋褌褉褘泄	0.000633	0.105361	0.000067
胁邪卸薪褘械	0.000316	0.116534	0.000037
胁邪泄	0.000949	4.605170	0.004372
胁邪谢谢懈泄褋泻邪褟	0.000316	0.116534	0.000037
胁邪褉械薪懈泻懈	0.000316	0.116534	0.000037
胁邪褉械薪褜械	0.000633	0.040822	0.000026
胁邪褉懈邪薪褌	0.000316	0.562119	0.000178
胁邪褌褉褍褕泻懈	0.000316	0.040822	0.000013
胁邪褎谢懈	0.000633	0.040822	0.000026
胁邪褏	0.000316	4.605170	0.001457
胁邪褕	0.000316	1.309333	0.000414
胁邪褕械泄	0.000949	0.040822	0.000039
胁邪褕懈屑	0.000316	2.040221	0.000646
胁胁芯写邪	0.000316	2.302585	0.000729
胁胁芯写褟	0.000316	0.040822	0.000013
胁写芯褏薪芯胁械薪懈械	0.001266	0.116534	0.000148
胁写芯褏薪芯胁械薪懈械屑	0.000633	0.116534	0.000074
胁写芯褏薪芯胁谢褟泄褋褟	0.000316	0.116534	0.000037
胁械谐械褌邪褉懈邪薪褋泻懈械	0.000316	0.127833	0.000040
胁械谐械褌邪褉懈邪薪褋泻芯械	0.000316	0.116534	0.000037
胁械谢懈泻懈泄	0.000316	0.116534	0.000037
胁械谢懈泻芯谢械锌薪芯谐芯	0.000316	3.506558	0.001110
胁械薪谐械褉褋泻邪褟	0.000316	0.116534	0.000037
胁械褉褋懈褟	0.000316	2.407946	0.000762
胁械褉褞	0.000316	3.218876	0.001019
胁械褋械薪薪懈械	0.000316	0.051293	0.000016
胁械褋薪邪	0.001582	0.116534	0.000184
胁械褋薪芯泄	0.000316	3.912023	0.001238
胁械褋薪褘	0.000316	0.116534	0.000037
胁械褌褔懈薪褘	0.000316	0.105361	0.000033
胁蟹褟褌褜	0.000316	2.207275	0.000699
胁懈写邪	0.000316	2.813411	0.000890
胁懈写械芯	0.000633	0.116534	0.000074
胁懈谢芯泻	0.000316	4.605170	0.001457
胁懈薪芯	0.000633	0.040822	0.000026
胁泻褍褋	0.000949	0.105361	0.000100
胁泻褍褋邪	0.002532	0.116534	0.000295
胁泻褍褋械	0.000316	3.912023	0.001238
胁泻褍褋薪邪褟	0.001266	0.061875	0.000078
胁泻褍褋薪械械	0.000633	0.116534	0.000074
胁泻褍褋薪械泄	0.000316	0.116534	0.000037
胁泻褍褋薪芯	0.003165	0.094311	0.000298
胁泻褍褋薪褘械	0.000633	0.105361	0.000067
胁泻褍褋芯屑	0.000316	0.105361	0.000033
胁泻褍褋褍	0.000633	1.272966	0.000806
胁泻褍褋褘	0.000633	2.120264	0.001342
胁谢褞斜谢械薪薪褘褏	0.000316	0.116534	0.000037
胁屑械褋褌械	0.000316	0.916291	0.000290
胁芯	0.000633	0.061875	0.000039
胁芯胁褋械	0.000316	3.912023	0.001238
胁芯写邪	0.001266	0.287682	0.000364
胁芯写械	0.000316	0.105361	0.000033
胁芯写褍	0.000316	3.218876	0.001019
胁芯写褘	0.000316	2.813411	0.000890
胁芯蟹屑芯卸薪芯	0.000316	1.469676	0.000465
胁芯泄褌懈	0.001266	0.000000	0.000000
胁芯谢芯胁邪薪褘	0.000316	0.116534	0.000037
胁芯谢褕械斜薪褘械	0.000316	0.116534	0.000037
胁芯谢褕械斜褋褌胁芯	0.000316	0.116534	0.000037
胁芯芯斜褖械	0.001266	1.386294	0.001755
胁芯锌褉芯褋褘	0.000633	0.000000	0.000000
胁芯褋锌芯谢褜蟹芯胁邪胁褕懈褋褜	0.000316	2.302585	0.000729
胁芯褋褌芯褔薪邪褟	0.000316	0.127833	0.000040
胁褉械屑械薪邪	0.000316	0.116534	0.000037
胁褉械屑械薪械屑	0.001899	0.116534	0.000221
胁褉械屑褟	0.000316	0.400478	0.000127
胁褋械泄	0.000949	0.105361	0.000100
胁褋械屑褍	0.000316	0.061875	0.000020
胁褋锌芯屑薪懈褌褜	0.000316	0.040822	0.000013
胁褋褌邪胁泻懈	0.000633	2.407946	0.001524
胁褋褌褉械褔邪械褌褋褟	0.000316	4.605170	0.001457
胁褋褌褍锌邪泄褌械	0.000316	2.407946	0.000762
胁褌芯褉芯械	0.000316	0.116534	0.000037
胁褌芯褉褘械	0.000316	0.127833	0.000040
胁褏芯写	0.000949	0.030459	0.000029
胁褘谐谢褟写械褌褜	0.000316	2.302585	0.000729
胁褘写邪褞褖懈泄	0.000316	4.605170	0.001457
胁褘泄褌懈	0.000316	0.040822	0.000013
胁褘谢芯卸懈谢邪	0.000316	4.605170	0.001457
胁褘锌械褔泻邪	0.003797	0.040822	0.000155
胁褘锌械褔泻懈	0.000633	0.072571	0.000046
胁褘锌械褔泻芯泄	0.000316	0.116534	0.000037
胁褜械褌薪邪屑褋泻邪褟	0.000316	0.116534	0.000037
谐邪胁邪泄褋泻邪褟	0.000316	0.116534	0.000037
谐邪褉邪卸芯屑	0.000316	1.078810	0.000341
谐邪褉薪懈褉	0.001899	0.040822	0.000078
谐邪褋锌邪褔芯	0.000316	0.040822	0.000013
谐械芯谐褉邪褎懈褟	0.000316	0.116534	0.000037
谐谢邪胁薪褘泄	0.000316	0.040822	0.000013
谐谢邪蟹褍褉褜	0.000949	0.040822	0.000039
谐谢懈薪褌胁械泄薪	0.000316	0.040822	0.000013
谐芯胁芯褉懈褌	0.000316	2.813411	0.000890
谐芯胁褟写懈薪褘	0.001266	0.116534	0.000148
谐芯写	0.002848	0.105361	0.000300
谐芯谢谢邪薪写褋泻邪褟	0.000316	0.116534	0.000037
谐芯褉械谢邪褟	0.000316	4.605170	0.001457
谐芯褉械谢芯械	0.000316	4.605170	0.001457
谐芯褉芯写邪	0.000316	0.116534	0.000037
谐芯褉芯褏	0.000316	0.116534	0.000037
谐芯褉褔懈褑邪	0.000633	0.040822	0.000026
谐芯褉褔懈褑邪屑懈	0.000316	0.127833	0.000040
谐芯褉褕芯褔泻邪褏	0.000316	0.105361	0.000033
谐芯褉褕芯褔泻械	0.000316	0.040822	0.000013
谐芯褉褟褔械械	0.000633	0.116534	0.000074
谐芯褉褟褔懈械	0.014241	0.105361	0.001500
谐芯褉褟褔懈泄	0.000633	0.116534	0.000074
谐芯褋褌懈	0.000316	0.116534	0.000037
谐芯褌芯胁懈谢邪	0.001582	0.733969	0.001161
谐芯褌芯胁懈谢懈	0.000316	1.560648	0.000494
谐芯褌芯胁懈屑	0.001899	0.094311	0.000179
谐芯褌芯胁懈褌褋褟	0.001266	0.478036	0.000605
谐芯褌芯胁懈褌褜	0.001899	0.105361	0.000200
谐芯褌芯胁芯谐芯	0.000316	2.302585	0.000729
谐芯褌芯胁芯械	0.000316	3.912023	0.001238
谐芯褌芯胁褜	0.000633	0.116534	0.000074
谐芯褌芯胁褟褌	0.000316	0.116534	0.000037
谐褉械薪泻懈	0.000633	0.040822	0.000026
谐褉械褔械褋泻邪褟	0.000316	0.116534	0.000037
谐褉械褔泻邪	0.000316	0.040822	0.000013
谐褉懈斜邪屑懈	0.001582	0.105361	0.000167
谐褉懈斜薪褘械	0.000633	0.040822	0.000026
谐褉懈斜芯胁	0.002532	0.116534	0.000295
谐褉懈斜褘	0.000949	0.040822	0.000039
谐褉懈谢械	0.001582	0.116534	0.000184
谐褉懈谢褜	0.000316	0.116534	0.000037
谐褉懈谢褜屑邪薪懈褟	0.000316	0.116534	0.000037
谐褉懈谢褟	0.001266	0.116534	0.000148
谐褉芯谐	0.000316	0.040822	0.000013
谐褉褍蟹懈薪褋泻邪褟	0.000316	0.116534	0.000037
谐褉褍锌锌褍	0.000633	2.407946	0.001524
谐褉褍锌锌褘	0.000316	0.061875	0.000020
谐褍褉屑邪薪懈褟	0.001899	0.116534	0.000221
谐褍褉屑械	0.000316	0.127833	0.000040
谐褍褋褟	0.000633	0.105361	0.000067
写邪械褌	0.000316	0.040822	0.000013
写邪谢褜褕械	0.000316	3.218876	0.001019
写邪薪斜褍褉	0.000316	3.912023	0.001238
写邪薪薪褘械	0.000316	0.040822	0.000013
写邪褉褘	0.000316	0.116534	0.000037
写邪褌褋泻邪褟	0.000316	0.116534	0.000037
写邪褔薪芯械	0.000949	0.116534	0.000111
写胁邪	0.000316	1.171183	0.000371
写械械锌褉懈褔邪褋褌懈械	0.000316	4.605170	0.001457
写械泻芯褉	0.000316	0.127833	0.000040
写械谢邪械褌	0.000633	0.116534	0.000074
写械谢邪褌褜	0.000316	1.386294	0.000439
写械谢邪褞	0.000316	1.386294	0.000439
写械谢懈屑褋褟	0.000316	0.040822	0.000013
写械谢芯屑	0.000316	0.116534	0.000037
写械屑芯薪褋褌褉邪褑懈懈	0.000316	4.605170	0.001457
写械薪褜	0.001582	0.083382	0.000132
写械褋械褉褌	0.000949	0.116534	0.000111
写械褋械褉褌邪褑懈褟	0.000316	0.116534	0.000037
写械褋械褉褌薪褘械	0.000316	0.116534	0.000037
写械褋械褉褌褘	0.004430	0.040822	0.000181
写械褋褟褌褜	0.000633	2.207275	0.001397
写械褌械泄	0.000316	0.116534	0.000037
写卸械屑	0.000316	0.040822	0.000013
写蟹械薪	0.000316	0.116534	0.000037
写懈械褌邪	0.000316	0.116534	0.000037
写懈械褌褘	0.000316	0.116534	0.000037
写懈泻懈泄	0.000633	0.116534	0.000074
写懈泻芯谐芯	0.000316	0.116534	0.000037
写懈锌	0.000316	0.116534	0.000037
写懈褔懈	0.000633	0.116534	0.000074
写懈褔褜	0.000316	0.116534	0.000037
写薪械胁薪懈泻邪褏	0.000316	0.061875	0.000020
写薪械泄	0.000949	0.116534	0.000111
写薪褟	0.000633	0.040822	0.000026
写芯斜邪胁懈谢邪	0.000949	1.897120	0.001801
写芯斜邪胁谢褟械屑	0.000316	4.605170	0.001457
写芯斜邪胁谢褟谢邪	0.000316	3.218876	0.001019
写芯斜邪胁谢褟褌褜	0.000316	0.040822	0.000013
写芯斜邪胁褜	0.000316	0.116534	0.000037
写芯斜褉芯褎谢芯褌	0.000316	0.127833	0.000040
写芯斜褘胁邪械屑芯械	0.000316	4.605170	0.001457
写芯胁械褉褟械褕褜	0.000316	0.116534	0.000037
写芯谢懈	0.000316	4.605170	0.001457
写芯屑	0.002848	0.040822	0.000116
写芯屑邪	0.000316	0.994252	0.000315
写芯屑邪褕薪械械	0.000949	0.040822	0.000039
写芯屑邪褕薪懈械	0.000633	0.040822	0.000026
写芯屑邪褕薪懈泄	0.001582	0.116534	0.000184
写芯屑邪褕薪褟褟	0.000633	0.105361	0.000067
写芯屑芯胁	0.000316	0.040822	0.000013
写褉邪泄胁	0.001582	0.127833	0.000202
写褉芯卸卸械胁芯械	0.000316	0.116534	0.000037
写褉褍谐懈屑懈	0.000316	0.040822	0.000013
写褉褍蟹褜褟屑懈	0.000316	2.040221	0.000646
写褍屑邪褞	0.000316	1.427116	0.000452
写褍褏芯胁泻邪	0.001899	0.127833	0.000243
写褍褏芯胁泻械	0.000949	0.867501	0.000824
写褍褕懈	0.000949	0.105361	0.000100
械胁褉械泄褋泻邪褟	0.000316	0.116534	0.000037
械谐懈锌械褌褋泻邪褟	0.000316	0.116534	0.000037
械写懈薪褘泄	0.000316	0.040822	0.000013
械泻芯	0.000316	0.127833	0.000040
械褎械薪褌褎	0.000316	4.605170	0.001457
卸邪谢褜	0.000316	3.218876	0.001019
卸邪褉械薪邪褟	0.003481	2.995732	0.010428
卸邪褉械薪芯泄	0.000316	4.605170	0.001457
卸邪褉懈谢懈	0.000633	4.605170	0.002915
卸邪褉懈褌褜	0.000316	1.966113	0.000622
卸邪褉泻芯械	0.000316	0.040822	0.000013
卸写邪褌褜	0.000316	3.912023	0.001238
卸械谢械	0.000949	0.040822	0.000039
卸械薪褋泻邪褟	0.000316	0.127833	0.000040
卸械薪褋泻芯谐芯	0.000316	3.912023	0.001238
卸械薪褋泻芯屑	0.000316	0.061875	0.000020
卸械薪褖懈薪邪	0.000316	2.659260	0.000842
卸械薪褖懈薪褘	0.000633	0.116534	0.000074
卸懈胁芯泄	0.000316	3.912023	0.001238
卸懈胁褜褢屑	0.000316	4.605170	0.001457
卸懈蟹薪懈	0.000316	0.040822	0.000013
卸懈蟹薪褜	0.000316	0.116534	0.000037
卸懈褉褘	0.000633	2.207275	0.001397
卸褍谢褜械薪	0.000316	0.040822	0.000013
卸褍褉薪邪谢邪	0.000316	0.127833	0.000040
卸褞谢褜械薪	0.000316	0.040822	0.000013
蟹邪胁邪褉薪芯械	0.000316	0.116534	0.000037
蟹邪胁邪褉薪芯泄	0.000316	0.116534	0.000037
蟹邪胁褌褉邪泻	0.002532	0.094311	0.000239
蟹邪胁褌褉邪泻懈	0.000316	0.127833	0.000040
蟹邪谐芯褌芯胁泻懈	0.001266	0.040822	0.000052
蟹邪写邪胁邪褌褜	0.000316	0.040822	0.000013
蟹邪写邪褔邪	0.000316	4.605170	0.001457
蟹邪泄褑邪	0.000633	0.116534	0.000074
蟹邪泻胁邪褋泻邪	0.000316	0.040822	0.000013
蟹邪泻胁邪褋泻邪屑懈	0.000316	0.116534	0.000037
蟹邪泻胁邪褋芯泻	0.000316	0.127833	0.000040
蟹邪泻褉褘褌褘泄	0.000316	0.116534	0.000037
蟹邪泻褍褋泻懈	0.005696	0.040822	0.000233
蟹邪泻褍褋泻褍	0.000949	0.116534	0.000111
蟹邪泻褍褋芯薪褔懈泻	0.000316	0.116534	0.000037
蟹邪泻褍褋芯褔泻邪	0.000316	0.116534	0.000037
蟹邪泻褍褋芯褔薪褘械	0.002848	0.116534	0.000332
蟹邪谢懈胁薪芯械	0.000633	0.040822	0.000026
蟹邪屑芯褉芯蟹泻邪	0.000316	0.105361	0.000033
蟹邪锌邪写	0.000316	0.116534	0.000037
蟹邪锌械泻邪薪泻邪	0.001266	0.105361	0.000133
蟹邪锌械泻邪薪泻懈	0.002215	0.040822	0.000090
蟹邪锌械褔械薪薪褘械	0.000316	2.302585	0.000729
蟹邪锌械褔械薪薪褘屑	0.000316	4.605170	0.001457
蟹邪锌械褔褜	0.000633	3.506558	0.002219
蟹邪锌械褔褢薪薪邪褟	0.000316	4.605170	0.001457
蟹邪锌懈褋褜褞	0.000316	2.302585	0.000729
蟹邪锌褉邪胁泻邪	0.000633	0.040822	0.000026
蟹邪褉械谐懈褋褌褉懈褉芯胁邪胁褕懈褋褜	0.000316	0.040822	0.000013
蟹邪褉械谐懈褋褌褉懈褉芯胁邪薪薪褘械	0.000316	2.207275	0.000699
蟹邪褉械谐懈褋褌褉懈褉芯胁邪褌褜褋褟	0.000633	0.030459	0.000019
蟹邪褉锌谢邪褌褍	0.000316	4.605170	0.001457
蟹邪褋芯谢泻邪	0.000316	0.116534	0.000037
蟹邪褌褉褍写薪械薪懈泄	0.001266	3.506558	0.004439
蟹胁邪薪褘泄	0.000316	0.127833	0.000040
蟹胁械蟹写邪	0.000316	0.127833	0.000040
蟹胁褢蟹写薪褘械	0.000316	0.116534	0.000037
蟹写芯褉芯胁芯械	0.000316	0.116534	0.000037
蟹写芯褉芯胁褘泄	0.000316	0.116534	0.000037
蟹写芯褉芯胁褜械	0.000633	2.813411	0.001781
蟹写褉邪胁褋褌胁褍泄褌械	0.000316	2.407946	0.000762
蟹械谢械薪褜	0.000316	0.094311	0.000030
蟹械谢械薪褜褞	0.000316	2.525729	0.000799
蟹械褎懈褉	0.000316	0.040822	0.000013
蟹懈屑薪懈械	0.000316	0.051293	0.000016
蟹懈屑褍	0.001266	0.040822	0.000052
蟹薪邪褔懈褌	0.000316	2.659260	0.000842
蟹芯谢芯褌邪褟	0.000316	0.116534	0.000037
懈胁邪薪	0.003797	2.525729	0.009591
懈胁邪薪芯胁邪	0.000316	0.127833	0.000040
懈胁邪薪褘褔	0.003797	2.525729	0.009591
懈写械邪谢褜薪邪褟	0.000316	0.116534	0.000037
懈写械邪谢褜薪芯谐芯	0.001582	0.116534	0.000184
懈写械邪谢褜薪芯械	0.000316	0.116534	0.000037
懈写械泄泻懈	0.000316	0.116534	0.000037
懈写褌懈	0.001266	3.506558	0.004439
懈蟹写械谢懈褟	0.000949	0.116534	0.000111
懈蟹写械谢懈褟屑懈	0.000949	0.116534	0.000111
懈蟹谢邪谐邪械褌械	0.000316	4.605170	0.001457
懈泻褉邪	0.000949	0.040822	0.000039
懈屑械薪械屑	0.000316	0.040822	0.000013
懈屑械薪懈	0.001266	3.506558	0.004439
懈薪胁械褉褌芯褉薪芯泄	0.000316	0.127833	0.000040
懈薪谐褉械写懈械薪褌褘	0.001266	0.139262	0.000176
懈薪写械泄泻懈	0.001582	0.094311	0.000149
懈薪写械泄泻芯泄	0.000316	0.116534	0.000037
懈薪写懈泄褋泻邪褟	0.000316	0.116534	0.000037
懈薪写懈谢邪泄褌	0.000949	0.116534	0.000111
懈薪写懈褉械褋薪褘械	0.000316	0.116534	0.000037
懈薪褋褌褉褍泻褑懈褟屑懈	0.000316	0.040822	0.000013
懈褉邪泻褋泻邪褟	0.000316	0.116534	0.000037
懈褉邪薪褋泻邪褟	0.000316	0.116534	0.000037
懈褉卸泻邪	0.000949	3.912023	0.003714
懈褉谢邪薪写褋泻邪褟	0.000316	0.116534	0.000037
懈褉褍褕械薪褜泻邪	0.000316	2.525729	0.000799
懈褋泻褉械薪薪械	0.000316	0.116534	0.000037
懈褋谢邪薪写褋泻邪褟	0.000316	0.116534	0.000037
懈褋锌邪薪褋泻邪褟	0.000316	0.116534	0.000037
懈褋锌邪褉械薪懈褟	0.000316	4.605170	0.001457
懈褋锌械泻懈	0.000316	0.116534	0.000037
懈褋锌芯谢褜蟹褍械褌褋褟	0.000633	1.714798	0.001085
懈褋褌芯褉懈懈	0.001582	0.116534	0.000184
懈褋褌芯褉懈褞	0.000316	0.116534	0.000037
懈褌邪谢懈懈	0.000633	0.105361	0.000067
懈褌邪谢褜褟薪褋泻邪褟	0.000316	0.116534	0.000037
泄芯谐褍褉褌	0.000949	0.040822	0.000039
泻邪斜邪褔泻懈	0.000316	0.040822	0.000013
泻邪胁泻邪蟹褋泻邪褟	0.000316	0.116534	0.000037
泻邪蟹邪薪械	0.000316	0.116534	0.000037
泻邪蟹邪褏褋泻邪褟	0.000316	0.116534	0.000037
泻邪泻邪芯	0.000633	0.040822	0.000026
泻邪泻懈褏	0.001582	2.525729	0.003996
泻邪谢械泄写芯褋泻芯锌	0.001266	0.116534	0.000148
泻邪谢屑褘褑泻邪褟	0.000316	0.116534	0.000037
泻邪谢褜屑邪褉	0.000316	0.040822	0.000013
泻邪屑械褉邪	0.000316	0.116534	0.000037
泻邪薪邪写褋泻邪褟	0.000316	0.116534	0.000037
泻邪薪邪谢	0.000633	0.040822	0.000026
泻邪薪邪谢械	0.000316	0.040822	0.000013
泻邪薪邪锌械	0.000633	0.040822	0.000026
泻邪锌褍褋褌邪	0.007911	0.040822	0.000323
泻邪锌褍褋褌械	0.000316	4.605170	0.001457
泻邪锌褍褋褌薪芯泄	0.000316	3.912023	0.001238
泻邪锌褍褋褌薪褘泄	0.000316	2.302585	0.000729
泻邪锌褍褋褌薪褟泻	0.000316	0.040822	0.000013
泻邪锌褍褋褌褍	0.002215	2.659260	0.005891
泻邪锌褍褋褌褘	0.000949	0.040822	0.000039
泻邪褉邪屑械谢懈蟹邪褑懈懈	0.000316	4.605170	0.001457
泻邪褉邪屑械谢褜	0.000316	0.040822	0.000013
泻邪褉泻邪褋薪褘泄	0.001266	0.116534	0.000148
泻邪褉褌芯褎械谢褜	0.000316	0.040822	0.000013
泻邪褉褌芯褎械谢褜薪芯械	0.000316	0.040822	0.000013
泻邪褉褌芯褎械谢褜薪褘械	0.000316	2.525729	0.000799
泻邪褉褌芯褎械谢褜薪褘泄	0.000316	0.116534	0.000037
泻邪褉褌芯褕泻邪	0.000633	0.040822	0.000026
泻邪褌械谐芯褉懈懈	0.000316	0.116534	0.000037
泻邪褌械谐芯褉懈褟	0.000949	0.150823	0.000143
泻邪褔械褋褌胁芯	0.000316	0.116534	0.000037
泻邪褕邪	0.000316	0.040822	0.000013
泻邪褕懈	0.001582	0.105361	0.000167
泻邪褕褍	0.000316	0.094311	0.000030
泻胁邪褋	0.000949	0.040822	0.000039
泻胁邪褋薪芯械	0.000949	0.116534	0.000111
泻胁邪褋芯屑	0.000316	0.127833	0.000040
泻械泻褋	0.000316	0.040822	0.000013
泻械泻褋褘	0.000633	0.116534	0.000074
泻械褎懈褉	0.000316	0.040822	0.000013
泻懈屑褔懈	0.000316	0.040822	0.000013
泻懈薪芯邪	0.000633	0.127833	0.000081
泻懈薪芯谢械薪褌邪	0.000316	0.116534	0.000037
泻懈褋械谢褜	0.000633	0.040822	0.000026
泻懈褌邪泄褋泻邪褟	0.000316	0.116534	0.000037
泻泻邪谢	0.001266	2.302585	0.002915
泻谢邪褋褋	0.002532	0.116534	0.000295
泻谢邪褋褋褘	0.000316	0.116534	0.000037
泻薪懈谐褍	0.000316	0.040822	0.000013
泻芯写	0.001582	2.407946	0.003810
泻芯泻褌械泄谢懈	0.000316	0.127833	0.000040
泻芯泻褌械泄谢褜	0.001582	0.040822	0.000065
泻芯谢斜邪褋邪	0.000316	0.040822	0.000013
泻芯谢斜邪褋薪褘屑懈	0.000949	0.116534	0.000111
泻芯屑邪薪写邪	0.000633	0.127833	0.000081
泻芯屑懈	0.000316	0.116534	0.000037
泻芯屑屑械薪褌邪褉懈懈	0.000949	1.966113	0.001867
泻芯屑屑械薪褌邪褉懈泄	0.000633	2.302585	0.001457
泻芯屑锌邪薪懈泄	0.000316	0.105361	0.000033
泻芯屑锌芯褌	0.000949	0.040822	0.000039
泻芯薪械褔薪芯	0.001899	0.527633	0.001002
泻芯薪懈薪褘	0.000316	0.116534	0.000037
泻芯薪泻褍褉褋	0.067722	0.105361	0.007135
泻芯薪泻褍褉褋邪	0.000316	0.116534	0.000037
泻芯薪泻褍褉褋邪褏	0.000316	0.040822	0.000013
泻芯薪泻褍褉褋薪褘械	0.000316	0.127833	0.000040
泻芯薪褋械褉胁懈褉芯胁邪薪懈械	0.000316	0.040822	0.000013
泻芯薪褋械褉胁懈褉芯胁邪薪薪邪褟	0.000316	0.116534	0.000037
泻芯薪褋械褉胁懈褉芯胁邪薪薪芯械	0.000316	0.116534	0.000037
泻芯薪褋械褉胁懈褉芯胁邪薪薪褘械	0.000633	0.116534	0.000074
泻芯薪褋械褉胁懈褉芯胁邪薪薪褘泄	0.000316	0.116534	0.000037
泻芯薪褌邪泻褌械	0.000316	2.407946	0.000762
泻芯薪褎械褌褌懈	0.000316	0.116534	0.000037
泻芯薪褎械褌褘	0.000949	0.040822	0.000039
泻芯薪褎懈写械薪褑懈邪谢褜薪芯褋褌懈	0.000316	0.040822	0.000013
泻芯薪褎懈褌褞褉	0.000316	0.040822	0.000013
泻芯锌褔械薪芯褋褌褟屑懈	0.000633	0.116534	0.000074
泻芯褉械泄褋泻邪褟	0.000316	0.116534	0.000037
泻芯褉械泄褋泻懈	0.000316	0.040822	0.000013
泻芯褉卸懈泻懈	0.000316	0.040822	0.000013
泻芯褉屑褟褖懈褏	0.000316	0.116534	0.000037
泻芯褌谢械褌褘	0.000633	0.040822	0.000026
泻芯褌芯褉芯屑褍	0.000316	0.116534	0.000037
泻芯褎械	0.000633	0.040822	0.000026
泻芯褔邪薪	0.000633	4.605170	0.002915
泻褉邪褋泻懈	0.000316	0.116534	0.000037
泻褉邪褋芯褌懈褖邪	0.000316	4.605170	0.001457
泻褉械邪褌懈胁	0.000316	0.127833	0.000040
泻褉械屑	0.000316	0.040822	0.000013
泻褉械屑邪	0.000633	0.116534	0.000074
泻褉械锌泻懈泄	0.000316	0.116534	0.000037
泻褉芯谢懈泻邪	0.000633	0.116534	0.000074
泻褉芯屑械	0.000316	0.061875	0.000020
泻褉芯褏懈	0.000316	0.116534	0.000037
泻褉褍谐褍	0.000633	0.116534	0.000074
泻褉褍锌	0.001899	0.116534	0.000221
泻褉褍锌邪	0.000316	0.127833	0.000040
泻褉褍锌褘	0.000633	0.127833	0.000081
泻褉褍锌褟薪褘械	0.000316	0.116534	0.000037
泻褉褘褕泻芯泄	0.000316	3.506558	0.001110
泻褍斜懈薪褋泻邪褟	0.000316	0.116534	0.000037
泻褍谢械褕	0.000316	0.040822	0.000013
泻褍谢懈薪邪褉懈懈	0.000949	0.094311	0.000090
泻褍谢懈薪邪褉薪邪褟	0.000316	0.116534	0.000037
泻褍谢懈薪邪褉薪芯械	0.000316	0.116534	0.000037
泻褍谢懈薪邪褉薪褍褞	0.000316	0.040822	0.000013
泻褍谢懈薪邪褉薪褘泄	0.000633	0.072571	0.000046
泻褍谢懈薪邪褉薪褘褏	0.000316	0.116534	0.000037
泻褍谢懈褔	0.000316	0.040822	0.000013
泻褍谢懈褔懈	0.000316	0.116534	0.000037
泻褍褉写褋泻邪褟	0.000316	0.116534	0.000037
泻褍褉懈薪芯谐芯	0.000316	0.116534	0.000037
泻褍褉懈薪芯械	0.000316	0.127833	0.000040
泻褍褉懈薪褘泄	0.000316	0.105361	0.000033
泻褍褉懈褑邪	0.000316	0.040822	0.000013
泻褍褉懈褑褘	0.000949	0.116534	0.000111
泻褍褉芯褔泻芯泄	0.000316	0.116534	0.000037
泻褍褋泻褍褋	0.000316	0.040822	0.000013
泻褍褏薪械泄	0.000316	0.040822	0.000013
泻褍褏薪懈	0.000949	0.040822	0.000039
泻褍褏薪褟	0.000949	0.116534	0.000111
谢邪胁邪褕	0.000633	0.040822	0.000026
谢邪胁邪褕邪	0.001266	0.116534	0.000148
谢邪谐屑邪薪	0.000316	0.040822	0.000013
谢邪泻芯屑褋褌胁芯	0.000316	0.116534	0.000037
谢邪锌褕邪	0.000633	0.040822	0.000026
谢邪褌褘褕褋泻邪褟	0.000316	0.116534	0.000037
谢械谐泻邪褟	0.000316	0.116534	0.000037
谢械谐泻懈泄	0.000633	0.116534	0.000074
谢械谐泻芯	0.001899	0.116534	0.000221
谢械锌械褕泻懈	0.000633	0.040822	0.000026
谢械褌	0.000316	0.843970	0.000267
谢械褌邪	0.000633	0.116534	0.000074
谢械褌薪懈械	0.000316	0.040822	0.000013
谢械褌薪褟褟	0.000316	0.116534	0.000037
谢械褌芯	0.001899	0.116534	0.000221
谢械褔芯	0.000316	0.040822	0.000013
谢懈谐邪	0.000949	0.116534	0.000111
谢懈泻械褉	0.000316	0.040822	0.000013
谢懈屑芯薪邪写	0.000633	0.040822	0.000026
谢懈褌芯胁褋泻	0.000316	0.127833	0.000040
谢懈褌芯胁褋泻邪褟	0.000316	0.116534	0.000037
谢懈褑邪	0.000316	4.605170	0.001457
谢芯屑褌懈	0.000633	4.605170	0.002915
谢芯屑褌懈泻懈	0.000316	3.912023	0.001238
谢褍褔褕懈械	0.000316	0.116534	0.000037
谢褍褔褕懈泄	0.000633	0.040822	0.000026
谢褍褔褕懈褏	0.000316	0.116534	0.000037
谢褞斜胁懈	0.000316	0.105361	0.000033
谢褞斜懈屑邪褟	0.001266	2.525729	0.003197
谢褞斜懈屑芯谐芯	0.000316	0.127833	0.000040
谢褞斜懈屑芯屑褍	0.000316	0.116534	0.000037
谢褞斜懈屑褘褏	0.001899	0.116534	0.000221
谢褞斜芯胁褜	0.000316	0.116534	0.000037
谢褞斜芯泄	0.000316	0.116534	0.000037
谢褢写	0.000316	0.127833	0.000040
屑邪谐褉懈斜邪	0.000316	0.116534	0.000037
屑邪械	0.000316	3.912023	0.001238
屑邪泄	0.000316	0.116534	0.000037
屑邪泄芯薪械蟹	0.000633	0.116534	0.000074
屑邪泻邪褉芯薪薪褘械	0.000316	0.116534	0.000037
屑邪泻邪褉芯薪褘	0.000316	0.040822	0.000013
屑邪谢邪蟹懈泄褋泻邪褟	0.000316	0.116534	0.000037
屑邪薪薪懈泻	0.000316	0.040822	0.000013
屑邪薪褌褘	0.000316	0.116534	0.000037
屑邪薪褢胁褉褘	0.000316	0.116534	0.000037
屑邪褉邪褎芯薪	0.000949	0.116534	0.000111
屑邪褉懈薪邪	0.000633	2.813411	0.001781
屑邪褉懈薪邪写	0.002848	0.040822	0.000116
屑邪褉懈薪邪写褘	0.000949	0.116534	0.000111
屑邪褉懈薪芯胁邪薪薪邪褟	0.000316	1.966113	0.000622
屑邪褉懈薪芯胁邪薪薪褘械	0.000316	0.116534	0.000037
屑邪褉屑械谢邪写	0.000316	0.040822	0.000013
屑邪褉芯泻泻邪薪褋泻邪褟	0.000316	0.116534	0.000037
屑邪褉褌邪	0.001582	0.105361	0.000167
屑邪褋泻邪褉锌芯薪械	0.000316	0.040822	0.000013
屑邪褋谢械薪懈褑邪	0.000949	0.040822	0.000039
屑邪褋谢械薪懈褔薪芯械	0.000316	0.116534	0.000037
屑邪褋谢芯	0.003165	0.116534	0.000369
屑邪褋谢芯屑	0.000316	0.116534	0.000037
屑邪褋褌械褉	0.002848	0.116534	0.000332
屑邪褋褌懈泻邪	0.000316	0.040822	0.000013
屑邪褋褌懈泻懈	0.000316	0.116534	0.000037
屑邪褎褎懈薪褘	0.000316	0.116534	0.000037
屑邪褏械械胁褗	0.001266	0.116534	0.000148
屑械写懈邪褎芯褉褌	0.000949	0.000000	0.000000
屑械写芯胁褘泄	0.000316	0.116534	0.000037
屑械泻褋懈泻邪薪褋泻邪褟	0.000316	0.116534	0.000037
屑械薪褜褕械	0.000316	2.207275	0.000699
屑械薪褞	0.000316	0.116534	0.000037
屑械薪褟	0.000949	0.083382	0.000079
屑械薪褟械褌褋褟	0.000316	0.116534	0.000037
屑械褔褌邪	0.000316	0.116534	0.000037
屑械褔褌褘	0.000633	0.040822	0.000026
屑懈写懈懈	0.000316	0.040822	0.000013
屑懈泻褉芯	0.000316	3.912023	0.001238
屑懈泻褉芯胁芯谢薪芯胁泻械	0.000316	0.116534	0.000037
屑懈泻褉芯胁芯谢薪芯胁泻褍	0.000316	4.605170	0.001457
屑懈泻褉芯胁芯谢薪褘	0.000316	4.605170	0.001457
屑懈谢谢懈屑械褌褉芯胁	0.000316	4.605170	0.001457
屑懈谢褜械	0.000316	0.116534	0.000037
屑懈薪褍褌	0.001266	0.755023	0.000956
屑懈薪褍褌褘	0.000316	1.171183	0.000371
屑懈芯	0.000316	0.116534	0.000037
屑懈褉	0.000316	0.116534	0.000037
屑懈褉邪	0.000316	0.116534	0.000037
屑懈褉芯胁邪褟	0.000316	0.116534	0.000037
屑懈褋芯	0.000316	0.040822	0.000013
屑懈褋褌械褉懈褟	0.000316	0.116534	0.000037
屑懈褋褌褉邪谢褜	0.002215	0.116534	0.000258
屑薪芯谐芯	0.000316	0.776529	0.000246
屑薪芯卸械褋褌胁芯屑	0.000316	0.040822	0.000013
屑芯械	0.000316	0.116534	0.000037
屑芯卸械褌械	0.000949	0.000000	0.000000
屑芯泄	0.000316	0.105361	0.000033
屑芯谢写邪胁褋泻邪褟	0.000316	0.116534	0.000037
屑芯谢芯写邪褟	0.005380	3.506558	0.018864
屑芯谢芯泻械	0.000316	0.105361	0.000033
屑芯谢芯泻芯	0.000316	0.116534	0.000037
屑芯谢芯褔薪褘泄	0.000633	0.040822	0.000026
屑芯谢芯褔薪褘褏	0.000316	0.116534	0.000037
屑芯屑械薪褌	0.001266	0.116534	0.000148
屑芯薪谐芯谢褜褋泻邪褟	0.000316	0.116534	0.000037
屑芯薪褌邪薪邪	0.000316	4.605170	0.001457
屑芯褉械	0.000316	0.116534	0.000037
屑芯褉械锌褉芯写褍泻褌芯胁	0.003481	0.040822	0.000142
屑芯褉械锌褉芯写褍泻褌褘	0.000633	0.116534	0.000074
屑芯褉泻芯胁褜	0.000316	0.040822	0.000013
屑芯褉芯卸械薪芯械	0.000949	0.040822	0.000039
屑芯褉褋	0.000316	0.040822	0.000013
屑芯褉褋褘	0.000316	0.116534	0.000037
屑芯褌芯褉	0.000316	0.116534	0.000037
屑芯褏懈褌芯	0.000316	0.040822	0.000013
屑褍卸褋泻邪褟	0.000316	0.127833	0.000040
屑褍卸褔懈薪褘	0.000633	0.116534	0.000074
屑褍谢褜褌懈胁邪褉泻械	0.012025	0.116534	0.001401
屑褍谢褜褌懈锌械泻邪褉械泄	0.000949	0.116534	0.000111
屑褍褋褋	0.000316	0.040822	0.000013
屑褍褋褋褘	0.000633	0.116534	0.000074
屑褍褔薪褘械	0.000316	0.116534	0.000037
屑褜褟褟褟褋邪	0.000316	4.605170	0.001457
屑褞褋谢懈	0.000633	0.116534	0.000074
屑褟褋邪	0.003797	0.116534	0.000443
屑褟褋薪芯谐芯	0.000633	0.116534	0.000074
屑褟褋薪芯泄	0.000316	0.116534	0.000037
屑褟褋薪褘械	0.001582	0.040822	0.000065
屑褟褋薪褘褏	0.000949	0.116534	0.000111
屑褟褋芯	0.002532	0.040822	0.000103
屑褟褋芯屑	0.001582	0.040822	0.000065
屑褟褋褍	0.000633	0.116534	0.000074
薪邪胁械褉褏	0.000316	2.302585	0.000729
薪邪谐褉械胁	0.000316	4.605170	0.001457
薪邪谐褉械胁械	0.000316	4.605170	0.001457
薪邪写褢卸薪械械	0.000316	4.605170	0.001457
薪邪蟹邪写	0.006646	0.967584	0.006430
薪邪蟹胁邪薪懈懈	0.000316	2.813411	0.000890
薪邪蟹薪邪褔械薪懈械	0.000316	2.407946	0.000762
薪邪蟹薪邪褔械薪懈褟	0.000633	0.116534	0.000074
薪邪谢懈胁泻邪	0.000316	0.040822	0.000013
薪邪锌懈褌泻懈	0.001899	0.040822	0.000078
薪邪锌懈褌芯泻	0.000316	0.040822	0.000013
薪邪锌芯屑懈薪邪谢泻褍	0.000316	4.605170	0.001457
薪邪锌褉懈屑械褉	0.000316	1.771957	0.000561
薪邪褉褟写褍	0.000316	3.912023	0.001238
薪邪褋褌芯泄泻邪	0.000316	0.040822	0.000013
薪邪褋褌褉芯械薪懈械	0.000316	0.116534	0.000037
薪邪褑懈芯薪邪谢褜薪褘械	0.000316	0.116534	0.000037
薪邪褔邪谢懈	0.000316	2.407946	0.000762
薪邪褔懈薪泻邪	0.000633	0.040822	0.000026
薪邪褔懈薪泻芯泄	0.000633	0.116534	0.000074
薪邪褕械屑	0.000316	0.040822	0.000013
薪邪褕懈	0.000633	0.061875	0.000039
薪邪褕褍	0.000316	2.407946	0.000762
薪械斜芯谢褜褕芯泄	0.000316	2.995732	0.000948
薪械斜褘胁邪谢邪褟	0.000316	4.605170	0.001457
薪械写械谢褟	0.003165	0.061875	0.000196
薪械卸薪芯械	0.000316	1.309333	0.000414
薪械卸薪芯泄	0.000316	0.116534	0.000037
薪械屑械褑泻邪褟	0.000316	0.116534	0.000037
薪械屑薪芯谐芯	0.000316	1.203973	0.000381
薪械屑褍	0.000316	2.525729	0.000799
薪械芯卸懈写邪薪薪褘械	0.000316	0.116534	0.000037
薪械褋谢邪写泻芯械	0.000316	0.116534	0.000037
薪芯胁邪褟	0.000316	0.116534	0.000037
薪芯胁芯谐芯写薪械谐芯	0.001582	0.116534	0.000184
薪芯胁芯谐芯写薪械械	0.000949	0.116534	0.000111
薪芯胁芯谐芯写薪懈械	0.001899	0.040822	0.000078
薪芯胁芯谐芯写薪懈泄	0.002215	0.116534	0.000258
薪芯胁芯谐芯写薪褟褟	0.000316	0.105361	0.000033
薪芯胁芯褋褌褟褏	0.000316	0.061875	0.000020
薪芯胁褘械	0.000633	0.051293	0.000032
薪芯胁褘泄	0.002848	0.094311	0.000269
薪芯胁褘褏	0.000316	1.966113	0.000622
薪芯褉胁械卸褋泻邪褟	0.000316	0.116534	0.000037
薪芯褋褌邪谢褜谐懈褔械褋泻褍褞	0.000316	4.605170	0.001457
薪褉邪胁褟褌褋褟	0.000316	1.771957	0.000561
薪褜褞	0.000316	2.207275	0.000699
芯斜胁邪褉懈胁邪谢懈	0.000633	4.605170	0.002915
芯斜胁邪褉懈胁邪褌褜	0.000316	4.605170	0.001457
芯斜械写	0.001266	0.105361	0.000133
芯斜械蟹褜褟薪褘	0.000316	0.116534	0.000037
芯斜褖邪褌褜褋褟	0.000316	0.040822	0.000013
芯胁芯褖邪屑	0.000316	4.605170	0.001457
芯胁芯褖邪屑懈	0.000316	0.116534	0.000037
芯胁芯褖械泄	0.007595	0.105361	0.000800
芯胁芯褖懈	0.001899	0.094311	0.000179
芯胁芯褖薪邪褟	0.000633	0.040822	0.000026
芯胁芯褖薪芯械	0.001266	0.116534	0.000148
芯胁芯褖薪芯泄	0.000633	0.105361	0.000067
芯胁芯褖薪褘械	0.001582	0.040822	0.000065
芯胁褋褟薪芯械	0.000316	0.116534	0.000037
芯谐薪械薪薪芯泄	0.000316	0.116534	0.000037
芯谐薪褟	0.000316	0.116534	0.000037
芯谐芯薪褜	0.000633	3.218876	0.002037
芯谐褍褉褑褘	0.000633	0.116534	0.000074
芯写薪芯泻谢邪褋褋薪懈泻邪褏	0.000316	2.407946	0.000762
芯泻褉芯褕泻邪	0.000949	0.040822	0.000039
芯谢邪写褜懈	0.000949	0.040822	0.000039
芯谢械泄薪邪	0.000949	0.116534	0.000111
芯谢械泄薪芯泄	0.001266	0.116534	0.000148
芯谢械泄薪褘	0.000316	0.127833	0.000040
芯屑谢械褌	0.000316	0.040822	0.000013
芯芯芯褔械薪褜	0.000316	3.218876	0.001019
芯锌邪褉邪	0.000316	0.040822	0.000013
芯锌褉芯褋	0.000316	0.061875	0.000020
芯锌褟褌褜	0.000316	2.040221	0.000646
芯褋械薪薪械械	0.000316	0.116534	0.000037
芯褋械薪薪懈械	0.000316	0.051293	0.000016
芯褋械薪薪懈泄	0.000633	0.116534	0.000074
芯褋械薪褜	0.003165	0.105361	0.000333
芯褋薪芯胁薪芯械	0.000316	0.040822	0.000013
芯褋褌邪胁懈褌褜	0.000633	2.302585	0.001457
芯褋褌邪胁谢褟褌褜	0.000316	1.897120	0.000600
芯褋褌邪械褌褋褟	0.000316	0.116534	0.000037
芯褌胁械褌	0.000316	2.040221	0.000646
芯褌胁械褌懈褌褜	0.000316	0.051293	0.000016
芯褌胁械褌芯胁	0.000316	0.051293	0.000016
芯褌胁械褌褘	0.000316	0.000000	0.000000
芯褌蟹褘胁	0.000316	2.302585	0.000729
芯褌蟹褘胁褘	0.000949	2.207275	0.002096
芯褌泻褉褘褌褘泄	0.000633	0.116534	0.000074
芯褌谢懈褔薪褘泄	0.000316	1.560648	0.000494
芯褌屑械薪懈褌褜	0.000949	0.040822	0.000039
芯褌芯褉胁褍褋褜	0.000316	4.605170	0.001457
芯褏	0.000316	3.912023	0.001238
芯褏谢邪写懈褌褜	0.000316	0.116534	0.000037
锌邪泻械褌懈泻邪褏	0.000316	0.105361	0.000033
锌邪谢芯褔泻懈	0.000316	0.040822	0.000013
锌邪薪懈褉芯胁泻邪	0.002532	0.116534	0.000295
锌邪薪懈褉芯胁泻械	0.000316	3.912023	0.001238
锌邪薪懈褉芯胁泻懈	0.000316	4.605170	0.001457
锌邪褉邪	0.000316	0.116534	0.000037
锌邪褉邪写	0.002215	0.116534	0.000258
锌邪褉芯胁邪褉泻械	0.002848	0.116534	0.000332
锌邪褉芯谢褜	0.000316	0.020203	0.000006
锌邪褉芯谢褟	0.000316	2.120264	0.000671
锌邪褋褌邪	0.000949	0.040822	0.000039
锌邪褋褌褉芯屑邪	0.000316	0.040822	0.000013
锌邪褋褏邪	0.000633	0.040822	0.000026
锌邪褋褏邪谢褜薪邪褟	0.000633	0.116534	0.000074
锌邪褋褏邪谢褜薪褘泄	0.000316	0.127833	0.000040
锌邪褕褌械褌	0.000316	0.040822	0.000013
锌邪褕褌械褌褘	0.000633	0.116534	0.000074
锌械泻邪褉褟	0.000316	0.127833	0.000040
锌械泻懈薪褋泻邪褟	0.000316	2.407946	0.000762
锌械谢褜屑械薪懈	0.000316	0.116534	0.000037
锌械褉胁芯械	0.000633	0.040822	0.000026
锌械褉胁褘械	0.000316	0.127833	0.000040
锌械褉胁褘屑	0.000316	0.116534	0.000037
锌械褉械泄褌懈	0.000316	0.040822	0.000013
锌械褉械泻褍褋	0.000633	0.116534	0.000074
锌械褉械褑	0.000316	0.040822	0.000013
锌械褉褋芯薪褘	0.000316	0.116534	0.000037
锌械褉褍邪薪褋泻邪褟	0.000316	0.116534	0.000037
锌械褋芯褔薪芯械	0.000633	0.105361	0.000067
锌械褋芯褔薪褘泄	0.000316	0.116534	0.000037
锌械褌械谢懈薪泻懈	0.000316	0.127833	0.000040
锌械褔邪褌懈	0.000316	2.407946	0.000762
锌械褔械薪芯褔薪褘泄	0.000316	0.040822	0.000013
锌械褔械薪褜械	0.003165	0.040822	0.000129
锌械褔懈	0.000316	0.127833	0.000040
锌懈胁芯	0.000316	0.116534	0.000037
锌懈泻邪薪褌械	0.000316	4.605170	0.001457
锌懈泻邪薪褌褘	0.000316	0.127833	0.000040
锌懈泻薪懈泻	0.000633	0.116534	0.000074
锌懈泻薪懈泻邪	0.000316	0.116534	0.000037
锌懈泻薪懈泻褍	0.000316	0.105361	0.000033
锌懈褉	0.000316	0.116534	0.000037
锌懈褉芯谐	0.000949	0.040822	0.000039
锌懈褉芯谐懈	0.000316	0.105361	0.000033
锌懈褉芯卸泻懈	0.000316	0.040822	0.000013
锌懈褉芯卸薪芯械	0.000316	0.040822	0.000013
锌懈褉芯卸薪褘械	0.000316	0.116534	0.000037
锌懈褌邪薪懈械	0.001582	0.105361	0.000167
锌懈褑褑邪	0.000633	0.040822	0.000026
锌懈褖械胁邪褟	0.000316	2.407946	0.000762
锌谢邪屑褟	0.000316	0.116534	0.000037
锌谢懈褌邪	0.001266	0.127833	0.000162
锌谢芯胁	0.000316	0.116534	0.000037
锌谢芯写褘	0.000316	0.116534	0.000037
锌谢褞薪褍谢懈	0.000316	4.605170	0.001457
锌芯胁邪褉械薪泻械	0.000316	0.040822	0.000013
锌芯胁邪褉械薪芯泻	0.000633	0.061875	0.000039
锌芯胁邪褉褟褌	0.000316	0.116534	0.000037
锌芯胁邪褉褟褌邪屑懈	0.000316	0.040822	0.000013
锌芯胁邪褉褢薪泻邪	0.000633	0.116534	0.000074
锌芯胁械褉褜褌械	0.000316	2.040221	0.000646
锌芯胁懈写谢芯	0.000316	0.040822	0.000013
锌芯写邪褉泻芯胁	0.000316	0.116534	0.000037
锌芯写胁褟谢懈褌褜	0.000316	4.605170	0.001457
锌芯写械谢懈褌褜褋褟	0.000316	0.478036	0.000151
锌芯写谢懈胁邪	0.000316	0.116534	0.000037
锌芯写谢懈胁泻邪	0.000316	0.040822	0.000013
锌芯写锌懈褋邪褌褜褋褟	0.000316	0.040822	0.000013
锌芯写锌懈褋褘胁邪泄褌械褋褜	0.000316	2.407946	0.000762
锌芯写锌懈褕懈褌械褋褜	0.000633	0.040822	0.000026
锌芯写褉褍屑褟薪懈谢懈褋褜	0.000316	4.605170	0.001457
锌芯写褍谐谢懈胁褕邪褟褋褟	0.000316	4.605170	0.001457
锌芯械写懈薪泻懈	0.004430	0.116534	0.000516
锌芯卸邪谢械械褌械	0.000316	1.897120	0.000600
锌芯卸邪谢褍泄褋褌邪	0.000633	1.966113	0.001244
锌芯蟹写褉邪胁褜	0.000316	0.116534	0.000037
锌芯懈褋泻	0.000316	0.051293	0.000016
锌芯泻邪蟹邪褌褜	0.000316	1.714798	0.000543
锌芯谢写薪懈泻	0.000633	0.116534	0.000074
锌芯谢械蟹薪芯	0.000316	0.116534	0.000037
锌芯谢懈褌懈泻芯泄	0.000316	0.040822	0.000013
锌芯谢薪芯谐芯	0.000316	3.506558	0.001110
锌芯谢薪芯褋褌褜褞	0.000633	1.347074	0.000853
锌芯谢芯胁懈薪邪	0.002532	0.116534	0.000295
锌芯谢褍褔邪泄褌械	0.000949	0.040822	0.000039
锌芯谢褍褔邪褌褜	0.000316	0.040822	0.000013
锌芯谢褜蟹邪	0.000316	0.127833	0.000040
锌芯谢褜蟹芯胁邪褌械谢懈	0.000316	2.120264	0.000671
锌芯谢褜蟹芯泄	0.001266	0.116534	0.000148
锌芯谢褜褋泻邪褟	0.000316	0.116534	0.000037
锌芯屑邪写泻邪	0.000633	0.040822	0.000026
锌芯屑邪写泻懈	0.000316	0.116534	0.000037
锌芯屑懈写芯褉泻懈	0.000316	0.127833	0.000040
锌芯屑懈写芯褉褘	0.000949	0.116534	0.000111
锌芯薪褉邪胁懈胁褕懈械褋褟	0.000316	0.040822	0.000013
锌芯薪褉邪胁懈谢褋褟	0.000316	1.714798	0.000543
锌芯薪褔懈泻懈	0.000633	0.040822	0.000026
锌芯锌褉芯斜褍泄褌械	0.000316	0.562119	0.000178
锌芯褉邪	0.000633	0.116534	0.000074
锌芯褉褌褍谐邪谢褜褋泻邪褟	0.000316	0.116534	0.000037
锌芯褋械褖邪械褌械	0.000316	0.061875	0.000020
锌芯褋芯谢懈谢邪	0.000633	3.912023	0.002476
锌芯褋褌	0.001582	0.105361	0.000167
锌芯褋褌邪胁懈谢邪	0.000633	3.912023	0.002476
锌芯褋褌薪芯械	0.000316	0.116534	0.000037
锌芯褋褌薪褘械	0.000316	0.040822	0.000013
锌芯褋褌薪褘泄	0.000316	0.116534	0.000037
锌芯褋褌芯褟薪薪芯	0.000316	0.040822	0.000013
锌芯褋褌褉芯懈屑	0.000316	0.116534	0.000037
锌芯褋褍写邪	0.000633	0.094311	0.000060
锌芯褋褍写褘	0.000316	2.525729	0.000799
锌芯褏芯卸懈械	0.000316	1.832581	0.000580
锌芯褔械屑褍	0.000633	1.203973	0.000762
锌芯褔褌褍	0.000633	0.040822	0.000026
锌芯褕邪谐芯胁褘屑懈	0.000316	0.040822	0.000013
锌芯褟胁谢械薪懈褟	0.000316	4.605170	0.001457
锌芯褟胁谢褟谢邪褋褜	0.000316	4.605170	0.001457
锌褉邪胁写邪	0.000316	1.139434	0.000361
锌褉邪胁懈谢褜薪芯	0.000316	2.040221	0.000646
锌褉邪蟹写薪懈泻邪	0.000316	0.116534	0.000037
锌褉邪蟹写薪懈褔薪芯	0.000316	0.116534	0.000037
锌褉邪蟹写薪懈褔薪芯谐芯	0.000316	0.116534	0.000037
锌褉邪蟹写薪懈褔薪褘泄	0.000316	0.116534	0.000037
锌褉邪泻褌懈泻褍屑	0.000316	0.116534	0.000037
锌褉械胁芯褋褏芯写薪褘械	0.000316	0.116534	0.000037
锌褉械胁褉邪褖械薪懈褟	0.000316	0.116534	0.000037
锌褉械褋薪芯械	0.000316	0.116534	0.000037
锌褉懈谐芯褌芯胁懈屑	0.000316	0.116534	0.000037
锌褉懈谐芯褌芯胁懈褌褜	0.000316	0.342490	0.000108
锌褉懈谐芯褌芯胁谢械薪懈械	0.000316	0.105361	0.000033
锌褉懈谐芯褌芯胁谢械薪懈褞	0.000316	0.040822	0.000013
锌褉懈谐芯褌芯胁谢械薪懈褟	0.000633	0.371064	0.000235
锌褉懈蟹薪邪泻芯胁	0.000316	4.605170	0.001457
锌褉懈蟹薪邪薪懈械	0.000316	0.116534	0.000037
锌褉懈蟹芯胁	0.000316	0.040822	0.000013
锌褉懈泻芯褋薪芯胁械薪懈械	0.000316	4.605170	0.001457
锌褉懈薪褑懈锌邪	0.000316	4.605170	0.001457
锌褉懈薪褑懈锌械	0.000316	2.659260	0.000842
锌褉懈锌褉邪胁邪	0.000316	0.040822	0.000013
锌褉懈褉芯写褍	0.000316	0.116534	0.000037
锌褉懈褉芯写褘	0.000316	0.116534	0.000037
锌褉懈褋褌褍锌懈褌褜	0.000316	0.040822	0.000013
锌褉懈褋褍褌褋褌胁褍械褌	0.000316	3.506558	0.001110
锌褉懈褋褍褖邪褟	0.000316	4.605170	0.001457
锌褉懈褟褌薪械械	0.000316	4.605170	0.001457
锌褉芯斜芯胁邪谢	0.000316	2.525729	0.000799
锌褉芯胁械写懈	0.001266	0.116534	0.000148
锌褉芯胁械褉械薪芯	0.001899	0.116534	0.000221
锌褉芯胁芯写懈屑褘褏	0.000316	0.040822	0.000013
锌褉芯胁芯卸邪械屑	0.000316	0.116534	0.000037
锌褉芯谐褉械谢邪	0.000316	4.605170	0.001457
锌褉芯写邪卸械	0.000316	3.218876	0.001019
锌褉芯写褍泻褌芯胁	0.000316	0.094311	0.000030
锌褉芯械泻褌芯胁	0.000316	0.116534	0.000037
锌褉芯械泻褌褘	0.000316	0.061875	0.000020
锌褉芯褋褌芯	0.000949	0.083382	0.000079
锌褉芯褋褌芯泻胁邪褕邪	0.000316	0.040822	0.000013
锌褉芯褎懈谢褜	0.000316	0.040822	0.000013
锌褉褟屑芯	0.000316	0.040822	0.000013
锌褉褟薪懈泻	0.000316	0.040822	0.000013
锌褉褟薪懈泻懈	0.000316	0.116534	0.000037
锌褉褟薪懈褔薪芯械	0.000316	0.116534	0.000037
锌褌懈褑邪	0.001582	0.116534	0.000184
锌褌懈褑械	0.000633	0.116534	0.000074
锌褌懈褑械泄	0.000316	0.127833	0.000040
锌褌懈褑褘	0.003481	0.116534	0.000406
锌褍写懈薪谐	0.000316	0.040822	0.000013
锌褍写懈薪谐懈	0.000633	0.116534	0.000074
锌褍薪褕	0.000316	0.040822	0.000013
锌褍褋泻邪褌褜	0.000316	4.605170	0.001457
锌褍褌械褕械褋褌胁懈械	0.000633	0.116534	0.000074
锌褍褌褜	0.000316	0.116534	0.000037
锌褘褕泻懈	0.000316	0.040822	0.000013
锌褞褉械	0.001266	0.040822	0.000052
锌褟褌褜	0.000633	1.832581	0.001160
褉邪谐褍	0.001266	0.116534	0.000148
褉邪蟹	0.000633	0.446287	0.000282
褉邪蟹胁械褉薪褍褌褜	0.000316	0.116534	0.000037
褉邪蟹写械谢褜薪芯械	0.000316	0.116534	0.000037
褉邪蟹屑械褉芯胁	0.000316	3.912023	0.001238
褉邪蟹薪褘械	0.000316	0.116534	0.000037
褉邪蟹芯谐褉械胁邪谢懈	0.000316	4.605170	0.001457
褉邪蟹芯谐褉械胁邪褌褜	0.000316	4.605170	0.001457
褉邪蟹褉械蟹邪谢邪	0.000633	3.912023	0.002476
褉邪蟹褉械蟹邪谢懈	0.000316	4.605170	0.001457
褉邪薪褜褕械	0.000316	1.560648	0.000494
褉邪褋褋泻邪蟹	0.001266	3.218876	0.004075
褉邪褋褋芯谢褜薪懈泻	0.000633	0.040822	0.000026
褉邪褋褋芯谢褜薪懈泻邪	0.000316	0.116534	0.000037
褉邪褋褋褘谢泻懈	0.000316	0.061875	0.000020
褉邪褋褌懈褌械谢褜薪芯谐芯	0.000316	3.912023	0.001238
褉邪褋褌懈褌械谢褜薪芯械	0.001266	0.235722	0.000298
褉械谐懈褋褌褉邪褑懈懈	0.000949	0.010050	0.000010
褉械谐懈褋褌褉邪褑懈褟	0.000316	0.000000	0.000000
褉械谐懈褋褌褉懈褉芯胁邪谢懈褋褜	0.000316	2.302585	0.000729
褉械写泻芯	0.000316	3.218876	0.001019
褉械泻邪	0.000316	4.605170	0.001457
褉械褑械锌褌	0.005696	0.040822	0.000233
褉械褑械锌褌邪	0.003481	0.462035	0.001608
褉械褑械锌褌邪褏	0.000316	0.061875	0.000020
褉械褑械锌褌械	0.000316	1.171183	0.000371
褉械褑械锌褌芯胁	0.002215	0.040822	0.000090
褉械褑械锌褌芯屑	0.000633	0.693147	0.000439
褉械褑械锌褌褍	0.000316	0.891598	0.000282
褉械褑械锌褌褘	0.023418	0.040822	0.000956
褉懈褋	0.001266	0.040822	0.000052
褉懈褋邪	0.000316	0.116534	0.000037
褉懈褌屑械	0.000316	0.116534	0.000037
褉芯谐邪谢懈泻懈	0.000316	0.040822	0.000013
褉芯写邪	0.000316	2.525729	0.000799
褉芯写薪芯械	0.000316	0.116534	0.000037
褉芯卸写械薪懈褟	0.000316	0.105361	0.000033
褉芯卸写械褋褌胁芯	0.000316	0.116534	0.000037
褉芯谢谢褌芯薪	0.000316	0.116534	0.000037
褉芯谢谢褘	0.000633	0.040822	0.000026
褉芯屑	0.000316	0.040822	0.000013
褉芯褔械谢谢械	0.000316	4.605170	0.001457
褉褍斜褉懈泻邪褌芯褉	0.000316	0.051293	0.000016
褉褍谐邪褞褌	0.000316	4.605170	0.001457
褉褍谢械褌	0.000316	0.040822	0.000013
褉褍谢械褌懈泻懈	0.000316	2.525729	0.000799
褉褍谢械褌褘	0.003165	0.116534	0.000369
褉褍屑褘薪褋泻邪褟	0.000316	0.116534	0.000037
褉褍屑褟薪褘械	0.000316	0.116534	0.000037
褉褍薪械褌械	0.000316	0.020203	0.000006
褉褍褋褋泻邪褟	0.000316	0.116534	0.000037
褉褘斜邪	0.002848	0.040822	0.000116
褉褘斜械	0.000633	0.116534	0.000074
褉褘斜薪邪褟	0.000316	0.116534	0.000037
褉褘斜薪芯谐芯	0.000633	0.116534	0.000074
褉褘斜薪褘械	0.001266	0.116534	0.000148
褉褘斜薪褘泄	0.000633	0.116534	0.000074
褉褘斜薪褘褏	0.000316	0.116534	0.000037
褉褘斜芯泄	0.000633	0.116534	0.000074
褉褘斜褘	0.003797	0.116534	0.000443
褉褟卸械薪泻邪	0.000316	0.116534	0.000037
褋邪泄褌	0.001266	0.000000	0.000000
褋邪泄褌邪	0.000316	1.108663	0.000351
褋邪泄褌邪褏	0.000316	2.120264	0.000671
褋邪泄褌褍	0.000633	0.061875	0.000039
褋邪谢邪褌	0.000633	0.094311	0.000060
褋邪谢邪褌薪邪褟	0.000316	0.116534	0.000037
褋邪谢邪褌褘	0.009810	0.040822	0.000400
褋邪屑芯谐芯薪	0.000316	0.040822	0.000013
褋邪屑褘褏	0.000633	0.116534	0.000074
褋邪褎	0.000949	0.116534	0.000111
褋邪褎褋械屑	0.000316	0.116534	0.000037
褋邪褏邪褉	0.000633	0.116534	0.000074
褋斜懈褌械薪褜	0.000316	0.040822	0.000013
褋胁械卸械褋褌褜	0.000316	0.105361	0.000033
褋胁械泻谢邪	0.000316	0.040822	0.000013
褋胁械泻芯谢褜薪懈泻	0.000633	0.040822	0.000026
褋胁械褌邪	0.001266	0.116534	0.000148
褋胁懈薪懈薪邪	0.000316	0.040822	0.000013
褋胁懈薪懈薪褘	0.001266	0.116534	0.000148
褋胁芯械	0.000316	0.116534	0.000037
褋胁芯械泄	0.000316	1.347074	0.000426
褋胁芯械屑	0.000316	0.040822	0.000013
褋胁芯懈屑	0.000316	0.040822	0.000013
褋胁芯褞	0.000316	0.040822	0.000013
褋谐褍褖械薪泻邪	0.000316	0.040822	0.000013
褋写械褉卸邪谢	0.000316	3.912023	0.001238
褋械蟹芯薪	0.000316	0.116534	0.000037
褋械泄褔邪褋	0.000316	0.030459	0.000010
褋械泻褉械褌褘	0.000633	0.116534	0.000074
褋械谢械写泻邪	0.000316	0.040822	0.000013
褋械屑谐邪	0.000316	0.040822	0.000013
褋械屑械泄薪褘泄	0.000316	0.116534	0.000037
褋械屑褜懈	0.000316	0.116534	0.000037
褋懈写褉	0.000316	0.040822	0.000013
褋懈谢褜薪芯	0.000316	3.218876	0.001019
褋懈褉懈泄褋泻邪褟	0.000316	0.116534	0.000037
褋懈褉芯锌	0.000316	0.040822	0.000013
褋懈褉芯锌褘	0.000316	0.116534	0.000037
褋懈褋褌械屑褘	0.000316	0.040822	0.000013
褋懈褌懈	0.000316	0.127833	0.000040
褋泻邪卸懈褌械	0.000633	4.605170	0.002915
褋泻邪蟹芯泻	0.000316	0.116534	0.000037
褋泻芯胁芯褉芯写褍	0.000949	2.813411	0.002671
褋泻芯褉芯	0.000316	2.813411	0.000890
褋谢邪写泻邪褟	0.000633	0.116534	0.000074
褋谢邪写泻懈械	0.001899	0.040822	0.000078
褋谢邪写泻懈泄	0.002848	0.105361	0.000300
褋谢邪写泻懈褏	0.000633	0.116534	0.000074
褋谢邪写泻芯	0.000316	0.116534	0.000037
褋谢邪写泻芯胁邪褌芯褋褌褜	0.000316	4.605170	0.001457
褋谢械谐泻邪	0.000633	2.525729	0.001599
褋谢械写褍褞褖懈褏	0.000316	2.207275	0.000699
褋谢懈胁芯褔薪芯谐芯	0.000316	1.771957	0.000561
褋谢懈胁芯褔薪芯械	0.000316	0.116534	0.000037
褋谢芯械薪芯谐芯	0.000316	0.127833	0.000040
褋谢芯械薪芯械	0.000316	0.116534	0.000037
褋谢芯械薪褘泄	0.000316	0.116534	0.000037
褋谢芯卸薪芯褋芯褔懈薪械薪薪褘泄	0.000316	4.605170	0.001457
褋谢芯泄泻邪	0.000316	0.040822	0.000013
褋谢芯泄泻懈	0.000316	0.116534	0.000037
褋屑邪泻	0.000633	4.605170	0.002915
褋屑械褋褜	0.000316	1.660731	0.000526
褋屑械褌邪薪邪	0.000633	0.105361	0.000067
褋屑械褕邪薪薪芯谐芯	0.000316	0.116534	0.000037
褋屑芯卸械褌械	0.000316	0.040822	0.000013
褋屑褍蟹懈	0.000949	0.040822	0.000039
褋屑褟谐褔懈褌褜	0.000316	4.605170	0.001457
褋薪邪褔邪谢邪	0.000316	2.120264	0.000671
褋薪褝泻	0.000316	0.116534	0.000037
褋芯斜懈褉邪械褌械褋褜	0.000316	0.040822	0.000013
褋芯胁械褉褕械薪褋褌胁芯	0.001582	0.116534	0.000184
褋芯胁械褌邪屑懈	0.000316	0.040822	0.000013
褋芯谐谢邪褕邪械褌械褋褜	0.000316	0.040822	0.000013
褋芯蟹写邪械褌	0.000316	0.116534	0.000037
褋芯泻	0.000316	0.116534	0.000037
褋芯泻邪	0.000316	0.105361	0.000033
褋芯泻懈	0.000316	0.040822	0.000013
褋芯谢械薪褘械	0.000949	0.116534	0.000111
褋芯谢械薪褜褟	0.000633	0.116534	0.000074
褋芯谢薪械褔薪芯泄	0.000316	0.127833	0.000040
褋芯谢褜	0.001266	0.150823	0.000191
褋芯谢褟薪泻邪	0.000633	0.040822	0.000026
褋芯褋褌邪胁褜	0.000316	0.116534	0.000037
褋芯褍褋	0.002848	0.040822	0.000116
褋芯褍褋邪	0.000316	1.897120	0.000600
褋芯褍褋芯屑	0.001582	0.116534	0.000184
褋芯褍褋褘	0.001266	0.116534	0.000148
褋芯褏褉邪薪褟褌褜	0.000316	0.040822	0.000013
褋芯褑褋械褌懈	0.000633	0.040822	0.000026
褋芯褔械褌邪薪懈械	0.000316	0.116534	0.000037
褋芯褔薪芯械	0.000316	0.116534	0.000037
褋锌邪谢褜薪褟屑懈	0.000316	0.446287	0.000141
褋锌邪褋懈斜芯	0.000316	0.673345	0.000213
褋锌械褑懈邪谢褜薪芯械	0.000316	0.116534	0.000037
褋锌械褑懈懈	0.000316	0.105361	0.000033
褋锌械褑锌褉芯械泻褌	0.010443	0.116534	0.001217
褋锌懈褋芯泻	0.000316	0.116534	0.000037
褋锌芯褞	0.000316	0.116534	0.000037
褋褉械写懈蟹械屑薪芯屑芯褉褋泻邪褟	0.000316	0.127833	0.000040
褋褉械写薪械屑	0.000316	3.506558	0.001110
褋褉械写薪懈泄	0.000316	4.605170	0.001457
褋褌	0.000633	2.659260	0.001683
褋褌邪褌褜褟褏	0.000316	0.061875	0.000020
褋褌懈谢械	0.000316	0.116534	0.000037
褋褌懈谢褟	0.000316	0.116534	0.000037
褋褌芯谢	0.000633	0.105361	0.000067
褋褌芯谢邪	0.001899	0.116534	0.000221
褋褌芯褉芯薪	0.000316	4.605170	0.001457
褋褌芯褟谢邪	0.000316	4.605170	0.001457
褋褌褉芯懈褌械谢褜褋褌胁械	0.000316	0.040822	0.000013
褋褌褉芯懈褌械谢褜褋褌胁褍	0.000316	0.040822	0.000013
褋褌褉芯懈褌褜	0.000316	0.040822	0.000013
褋褌褉芯泄薪芯泄	0.000316	0.116534	0.000037
褋褍斜锌褉芯写褍泻褌芯胁	0.002215	0.116534	0.000258
褋褍斜锌褉芯写褍泻褌褘	0.000949	0.116534	0.000111
褋褍锌	0.002848	0.040822	0.000116
褋褍锌邪	0.000316	0.040822	0.000013
褋褍锌褘	0.002848	0.040822	0.000116
褋褍褎谢械	0.000949	0.040822	0.000039
褋褍褏邪褉懈	0.000316	0.040822	0.000013
褋褍褏邪褉懈泻懈	0.000316	2.659260	0.000842
褋褍褏褍褞	0.000316	3.912023	0.001238
褋褍褕懈	0.000633	0.040822	0.000026
褋褘褉	0.000949	0.040822	0.000039
褋褘褉邪	0.001582	0.116534	0.000184
褋褘褉邪屑懈	0.000316	0.127833	0.000040
褋褘褉薪懈泻	0.000316	0.040822	0.000013
褋褘褉薪懈泻懈	0.000633	0.116534	0.000074
褋褘褉薪褘械	0.001266	0.040822	0.000052
褋褘褉芯屑	0.000633	0.713350	0.000451
褋褘褌薪褘泄	0.000633	0.105361	0.000067
褋褘褔褍卸薪褘屑懈	0.000316	0.127833	0.000040
褋褝薪写胁懈褔懈	0.000316	0.127833	0.000040
褋褞褉锌褉懈蟹	0.000316	0.116534	0.000037
褌邪写卸懈泻褋泻邪褟	0.000316	0.116534	0.000037
褌邪泄褋泻邪褟	0.000316	0.116534	0.000037
褌邪泻懈	0.000316	1.237874	0.000392
褌邪泻芯谐芯	0.000316	1.078810	0.000341
褌邪褉械谢泻械	0.000316	1.897120	0.000600
褌邪褉褌	0.000316	0.116534	0.000037
褌邪褉褌邪谢械褌泻懈	0.000633	0.040822	0.000026
褌邪褌邪褉褋泻邪褟	0.000316	0.116534	0.000037
褌胁芯懈	0.000633	0.116534	0.000074
褌胁芯褉懈	0.000316	0.116534	0.000037
褌胁芯褉芯谐	0.000633	0.040822	0.000026
褌胁芯褉芯谐芯屑	0.000316	0.105361	0.000033
褌胁芯褉芯卸薪芯械	0.000316	0.116534	0.000037
褌胁芯褉芯卸薪褘械	0.000949	0.116534	0.000111
褌胁芯褉芯卸薪褘泄	0.000316	0.116534	0.000037
褌械谐懈	0.000316	2.407946	0.000762
褌械泻褋褌	0.000316	4.605170	0.001457
褌械谢械谐褉邪屑	0.000316	0.040822	0.000013
褌械谢褟褌懈薪褘	0.001266	0.116534	0.000148
褌械锌械褉褜	0.000316	0.916291	0.000290
褌械锌谢芯屑	0.000316	0.116534	0.000037
褌械褉锌泻芯褋褌褜褞	0.000316	4.605170	0.001457
褌械褉褉邪褋芯泄	0.000633	0.798508	0.000505
褌械褉褉懈薪	0.000316	0.040822	0.000013
褌械褋褌	0.001582	0.127833	0.000202
褌械褋褌邪	0.001582	0.105361	0.000167
褌械褋褌芯	0.002848	0.040822	0.000116
褌械褏薪懈泻邪	0.001582	0.105361	0.000167
褌械褖懈薪	0.000316	0.040822	0.000013
褌懈锌邪	0.000316	2.995732	0.000948
褌屑	0.001266	0.127833	0.000162
褌芯屑懈谢邪	0.000316	4.605170	0.001457
褌芯锌谢械薪芯械	0.001899	0.116534	0.000221
褌芯锌谢褢薪芯械	0.000316	4.605170	0.001457
褌芯褉褌	0.003481	0.040822	0.000142
褌芯褉褌褘	0.002848	0.116534	0.000332
褌褉邪胁褘	0.000316	0.105361	0.000033
褌褉邪写懈褑懈懈	0.000316	0.116534	0.000037
褌褉邪写懈褑懈泄	0.001266	0.116534	0.000148
褌褉邪写懈褑懈褟褏	0.000316	0.116534	0.000037
褌褉械褏谢械褌懈械屑	0.000316	0.116534	0.000037
褌褉懈	0.000633	1.386294	0.000877
褌褉褍斜芯褔泻懈	0.000316	0.040822	0.000013
褌褍薪懈褋褋泻邪褟	0.000316	0.116534	0.000037
褌褍薪褑芯屑	0.000316	0.116534	0.000037
褌褍褉械褑泻邪褟	0.000316	0.116534	0.000037
褌褘泻胁邪	0.000949	0.040822	0.000039
褌褝谐懈	0.001266	2.407946	0.003048
褍胁械写芯屑谢械薪懈褟	0.000316	0.040822	0.000013
褍谐谢械胁芯写褘	0.000633	2.407946	0.001524
褍写邪褔薪邪褟	0.000316	0.116534	0.000037
褍写懈胁懈	0.000316	0.116534	0.000037
褍写懈胁谢褟泄褌械	0.001266	0.116534	0.000148
褍写芯胁芯谢褜褋褌胁懈械	0.000316	2.813411	0.000890
褍写芯胁芯谢褜褋褌胁懈械屑	0.000316	0.116534	0.000037
褍卸	0.000633	0.693147	0.000439
褍卸懈薪	0.003481	0.094311	0.000328
褍蟹斜械泻褋泻邪褟	0.000316	0.116534	0.000037
褍泻褉邪懈薪褋泻邪褟	0.000316	0.116534	0.000037
褍泻褉邪褕械薪懈褟	0.002532	0.116534	0.000295
褍锌芯褌褉械斜谢械薪懈械屑	0.000316	0.116534	0.000037
褍褉邪谢褜褋泻邪褟	0.000316	0.116534	0.000037
褍褉芯胁械薪褜	0.000316	3.506558	0.001110
褍褉芯胁薪褟	0.000316	2.302585	0.000729
褍褉芯卸邪泄	0.000633	0.105361	0.000067
褍褌泻懈	0.000949	0.116534	0.000111
褍褏邪	0.000316	0.040822	0.000013
褍褔邪褋褌胁芯胁邪褌褜	0.000316	0.040822	0.000013
褍褔械褌薪芯泄	0.000316	2.302585	0.000729
褎邪蟹械薪写褘	0.000316	0.127833	0.000040
褎邪薪褌邪蟹懈懈	0.001899	0.116534	0.000221
褎邪薪褌邪蟹懈泄	0.000316	0.116534	0.000037
褎邪薪褌邪蟹懈褟	0.000316	0.116534	0.000037
褎邪褉褕邪	0.004114	0.040822	0.000168
褎邪褉褕懈褉芯胁邪薪薪邪褟	0.000633	0.116534	0.000074
褎邪褉褕懈褉芯胁邪薪薪芯械	0.000316	0.116534	0.000037
褎邪褉褕懈褉芯胁邪薪薪褘械	0.000633	0.040822	0.000026
褎邪褉褕懈褉芯胁邪薪薪褘泄	0.000316	0.040822	0.000013
褎邪褋芯谢褜	0.000316	0.040822	0.000013
褎械胁褉邪谢褟	0.000633	0.105361	0.000067
褎械泄械褉胁械褉泻	0.000633	0.116534	0.000074
褎懈谐褍褉械	0.000316	0.116534	0.000037
褎懈薪褋泻邪褟	0.000316	0.116534	0.000037
褎懈褉屑械薪薪芯械	0.000316	0.116534	0.000037
褎芯薪写褞	0.000316	0.040822	0.000013
褎芯褉屑褘	0.000316	0.116534	0.000037
褎芯褉褍屑邪	0.000316	1.832581	0.000580
褎芯褉褍屑邪褏	0.000316	2.407946	0.000762
褎芯褉褍屑械	0.000633	0.040822	0.000026
褎芯褉褕屑邪泻	0.000316	0.040822	0.000013
褎褉邪薪褑懈懈	0.000316	0.116534	0.000037
褎褉邪薪褑褍蟹褋泻邪褟	0.000316	0.116534	0.000037
褎褉邪褍	0.001266	0.116534	0.000148
褎褉褍泻褌芯胁	0.001266	0.116534	0.000148
褎褉褍泻褌芯胁芯	0.000316	0.116534	0.000037
褎褉褍泻褌芯胁褘械	0.002215	0.040822	0.000090
褎褍写	0.000316	0.116534	0.000037
褎褍褉褕械褌	0.000316	0.116534	0.000037
褏邪谢胁邪	0.000316	0.040822	0.000013
褏邪褉胁械褋褌褎械褋褌	0.000633	0.116534	0.000074
褏邪褉褔芯	0.000633	0.040822	0.000026
褏邪褕	0.000316	0.040822	0.000013
褏胁芯褉芯褋褌	0.000316	0.040822	0.000013
褏懈薪泻邪谢懈	0.000316	0.116534	0.000037
褏懈褌	0.002215	0.116534	0.000258
褏懈褏懈泻邪褞	0.000316	4.605170	0.001457
褏谢械斜	0.000949	0.040822	0.000039
褏谢械斜芯锌械褔泻懈	0.000316	0.116534	0.000037
褏谢芯锌褜褟	0.000633	0.105361	0.000067
褏芯蟹褟泄泻懈	0.000316	0.127833	0.000040
褏芯谢芯写械褑	0.000316	0.040822	0.000013
褏芯谢芯写薪褘械	0.000633	0.116534	0.000074
褏芯谢芯写薪褘泄	0.000633	0.116534	0.000074
褏芯褉胁邪褌褋泻邪褟	0.000316	0.116534	0.000037
褏芯褉芯褕邪	0.000316	2.995732	0.000948
褏芯褉芯褕芯	0.001582	0.105361	0.000167
褏芯褉褋	0.000316	0.116534	0.000037
褏芯褌懈褌械	0.000316	0.040822	0.000013
褏褍卸械	0.000316	3.912023	0.001238
褏褍屑褍褋	0.000316	0.040822	0.000013
褑邪褉褋褌胁芯	0.000316	0.127833	0.000040
褑邪褉褜	0.000316	0.116534	0.000037
褑胁械褌薪邪褟	0.000316	0.040822	0.000013
褑械谢褜薪褘褏	0.000316	4.605170	0.001457
褑械薪薪芯褋褌褜	0.000316	2.407946	0.000762
褑械薪薪褘褏	0.000316	0.040822	0.000013
褑械薪褌褉	0.000316	0.116534	0.000037
褑懈褌邪褌邪	0.000316	2.302585	0.000729
褔邪械屑	0.000316	0.116534	0.000037
褔邪泄	0.000949	0.040822	0.000039
褔邪褋	0.000633	2.525729	0.001599
褔邪褋邪	0.002848	1.514128	0.004312
褔邪褋芯胁	0.002215	2.040221	0.004519
褔邪褋褌懈	0.000316	3.506558	0.001110
褔邪褋褌芯	0.000316	0.994252	0.000315
褔械斜褍褉邪褕泻邪	0.000316	4.605170	0.001457
褔械斜褍褉械泻懈	0.000633	0.040822	0.000026
褔械谐芯	0.000316	1.203973	0.000381
褔械褉泻懈蟹芯胁芯	0.000633	0.116534	0.000074
褔械褋褌薪褘屑懈	0.000316	0.040822	0.000013
褔械褌褘褉械	0.000316	2.995732	0.000948
褔械褔械胁懈褑邪	0.000316	0.040822	0.000013
褔械褕褋泻邪褟	0.000316	0.116534	0.000037
褔懈蟹泻械泄泻	0.001266	0.040822	0.000052
褔懈谢懈泄褋泻邪褟	0.000316	0.116534	0.000037
褔懈锌褋褘	0.000316	0.040822	0.000013
褔懈褌邪械褌械	0.000316	4.605170	0.001457
褔懈褌邪褌褜	0.000949	1.966113	0.001867
褔褍写械褋	0.000316	0.116534	0.000037
褔褍褌褜	0.000949	1.771957	0.001682
褕邪褉懈泻懈	0.000316	0.040822	0.000013
褕邪褉谢芯褌泻邪	0.000316	0.040822	0.000013
褕邪褉谢芯褌泻懈	0.000316	0.127833	0.000040
褕邪褉屑	0.000316	0.116534	0.000037
褕邪褕谢褘泻	0.003797	0.040822	0.000155
褕邪褕谢褘泻懈	0.000316	0.040822	0.000013
褕胁械写褋泻邪褟	0.000316	0.116534	0.000037
褕胁械泄褑邪褉褋泻邪褟	0.000316	0.116534	0.000037
褕械写械胁褉褘	0.000316	0.116534	0.000037
褕械褎	0.000316	0.127833	0.000040
褕懈锌褍褔泻邪	0.000316	0.040822	0.000013
褕懈褉芯泻邪褟	0.000316	0.127833	0.000040
褕泻芯谢褍	0.000316	0.116534	0.000037
褕芯泻芯谢邪写	0.000316	0.040822	0.000013
褕芯泻芯谢邪写薪芯械	0.000316	2.659260	0.000842
褕芯褌谢邪薪写褋泻邪褟	0.000316	0.116534	0.000037
褕褌褉褍写械谢褜	0.000316	0.040822	0.000013
褕褍褉锌邪	0.000316	0.040822	0.000013
褖邪褋	0.000316	0.116534	0.000037
褖械写褉邪褟	0.000316	0.116534	0.000037
褖懈	0.000633	0.040822	0.000026
褝泻芯屑懈谢泻	0.000316	0.127833	0.000040
褝屑芯褑懈泄	0.000316	3.912023	0.001238
褝薪械褉谐械褌懈褔械褋泻邪褟	0.000316	2.407946	0.000762
褝褋褌芯薪褋泻邪褟	0.000316	0.116534	0.000037
褝褌芯屑	0.000316	0.843970	0.000267
褞谐芯褋谢邪胁褋泻邪褟	0.000316	0.116534	0.000037
褟胁薪芯	0.000316	3.506558	0.001110
褟谐芯写薪褘械	0.000633	0.116534	0.000074
褟谐芯写薪褘泄	0.000633	0.116534	0.000074
褟蟹褘泻	0.000316	0.040822	0.000013
褟懈褑	0.001266	0.116534	0.000148
褟泄褑邪	0.000316	0.040822	0.000013
褟薪写械泻褋	0.000316	0.072571	0.000023
褟锌芯薪褋泻邪褟	0.000316	0.116534	0.000037
褟锌芯薪褋泻芯泄	0.000316	0.061875	0.000020
褟褉泻邪褟	0.000316	3.218876	0.001019
褟褉泻懈械	0.000316	0.116534	0.000037
褟褉泻芯	0.000316	0.105361	0.000033
褟褋薪芯	0.000316	4.605170	0.001457
