褌芯泻械薪	TF	IDF	TF-IDF
邪斜褏邪蟹褋泻邪褟	0.000282	0.116534	0.000033
邪胁谐褍褋褌邪	0.000282	0.867501	0.000245
邪胁褋褌褉邪谢懈泄褋泻邪褟	0.000282	0.116534	0.000033
邪胁褋褌褉懈泄褋泻邪褟	0.000282	0.116534	0.000033
邪胁褌芯泻谢邪胁邪	0.000282	0.116534	0.000033
邪胁褌芯褉邪屑	0.000282	0.040822	0.000012
邪胁褌芯褉芯屑	0.000282	2.407946	0.000680
邪胁褌芯褉褍	0.000282	1.660731	0.000469
邪谐褉芯	0.000282	0.116534	0.000033
邪写卸懈泻邪	0.000282	0.040822	0.000012
邪蟹械褉斜邪泄写卸邪薪褋泻邪褟	0.000282	0.116534	0.000033
邪蟹懈邪褌褋泻邪褟	0.000282	0.127833	0.000036
邪蟹褘	0.000282	0.127833	0.000036
邪泄褉邪薪	0.000282	0.040822	0.000012
邪泻胁邪褌懈泻邪	0.000847	0.127833	0.000108
邪谢械泻褋邪薪写褉芯屑	0.000282	3.218876	0.000909
邪谢械泻褋械褟	0.000282	0.127833	0.000036
邪谢懈褟	0.000282	2.813411	0.000795
邪谢泻芯谐芯谢褜	0.000565	0.116534	0.000066
邪谢泻芯谐芯谢褜薪褘械	0.000282	0.116534	0.000033
邪谢泻芯谐芯谢褟	0.000282	0.116534	0.000033
邪谢褜褟薪褋	0.000282	0.116534	0.000033
邪屑械褉懈泻邪薪褋泻邪褟	0.000282	0.116534	0.000033
邪屑械褉懈泻邪薪褋泻懈褏	0.000282	2.407946	0.000680
邪屑械褉懈泻邪薪褋泻芯泄	0.000282	2.120264	0.000599
邪屑械褉懈泻褍	0.000282	2.407946	0.000680
邪薪谐谢懈泄褋泻邪褟	0.000282	0.116534	0.000033
邪薪写褉械褟	0.000282	0.127833	0.000036
邪薪泻芯褉懈写卸	0.000282	4.605170	0.001301
邪锌褉械谢褟	0.001130	0.579818	0.000655
邪褉邪斜褋泻邪褟	0.000282	0.116534	0.000033
邪褉斜邪褌械	0.000282	2.525729	0.000713
邪褉谐械薪褌懈薪褋泻邪褟	0.000282	0.116534	0.000033
邪褉懈蟹芯薪邪	0.000282	3.912023	0.001105
邪褉屑褟薪褋泻邪褟	0.000282	0.116534	0.000033
邪褉芯屑邪褌芯屑	0.000282	1.514128	0.000428
邪褋褋芯褉褌懈	0.000565	0.116534	0.000066
邪褌谢邪薪褌	0.000282	0.127833	0.000036
邪褎谐邪薪褋泻邪褟	0.000282	0.116534	0.000033
邪褎褉懈泻邪薪褋泻邪褟	0.000282	0.116534	0.000033
邪褝褉芯谐褉懈谢械	0.002825	0.116534	0.000329
斜邪斜懈褔	0.000282	1.514128	0.000428
斜邪泻谢邪卸邪薪褘	0.000282	0.040822	0.000012
斜邪谢褌泻芯屑	0.000282	0.127833	0.000036
斜邪褉邪薪懈薪褘	0.001130	0.116534	0.000132
斜邪褉斜懈	0.000282	2.525729	0.000713
斜邪褋屑邪褌懈	0.000565	0.127833	0.000072
斜邪褋褌褍褉屑邪	0.000282	0.040822	0.000012
斜邪褌芯薪褔懈泻懈	0.000282	0.127833	0.000036
斜邪褕泻懈褉褋泻邪褟	0.000282	0.116534	0.000033
斜械蟹邪谢泻芯谐芯谢褜薪褘械	0.000282	0.116534	0.000033
斜械蟹谐谢褞褌械薪芯胁褘械	0.000282	0.116534	0.000033
斜械蟹械	0.001130	0.040822	0.000046
斜械蟹屑械褉薪芯	0.000282	2.659260	0.000751
斜械谢械斜械械胁褋泻懈泄	0.000565	0.116534	0.000066
斜械谢芯泻芯褔邪薪薪邪褟	0.001130	0.994252	0.001123
斜械谢芯褉褍褋褋泻邪褟	0.000282	0.116534	0.000033
斜械谢褜谐懈泄褋泻邪褟	0.000282	0.116534	0.000033
斜械褉械屑械薪薪褘褏	0.000282	0.116534	0.000033
斜械褋械写懈薪邪	0.000282	0.127833	0.000036
斜械褋锌芯写芯斜薪芯	0.000282	1.966113	0.000555
斜械褋锌芯写芯斜薪褘泄	0.000282	2.407946	0.000680
斜懈褋泻胁懈褌	0.001130	0.040822	0.000046
斜懈褋泻胁懈褌邪	0.000282	2.813411	0.000795
斜懈褋泻胁懈褌薪芯械	0.000847	0.116534	0.000099
斜懈褋泻胁懈褌薪褘泄	0.000282	0.105361	0.000030
斜懈褋泻胁懈褌褘	0.000282	0.127833	0.000036
斜谢邪谐芯写邪褉薪邪	0.000282	1.660731	0.000469
斜谢懈卸械	0.000282	0.116534	0.000033
斜谢懈蟹泻懈褏	0.000282	0.116534	0.000033
斜谢懈薪芯胁	0.000565	0.116534	0.000066
斜谢懈薪褘	0.001130	0.040822	0.000046
斜谢懈褑	0.000282	2.207275	0.000624
斜谢褞写	0.000565	0.094311	0.000053
斜谢褞写邪	0.026554	0.040822	0.001084
斜谢褞写芯	0.001412	0.040822	0.000058
斜谢褞写褍	0.000282	0.116534	0.000033
斜芯斜芯胁褘械	0.000565	0.127833	0.000072
斜芯斜芯胁褘褏	0.001695	0.116534	0.000198
斜芯谢谐邪褉褋泻邪褟	0.000282	0.116534	0.000033
斜芯谢褜薪芯	0.000282	1.966113	0.000555
斜芯谢褜褕械	0.000847	0.105361	0.000089
斜芯谢褜褕芯械	0.000282	1.560648	0.000441
斜芯谢褜褕芯泄	0.000565	1.560648	0.000882
斜芯褉褖	0.000565	0.040822	0.000023
斜芯褌胁懈薪褜褟	0.000282	0.040822	0.000012
斜褉邪蟹懈谢褜褋泻邪褟	0.000282	0.116534	0.000033
斜褉邪褍蟹械褉械	0.000282	0.040822	0.000012
斜褉邪褍薪懈	0.000282	0.040822	0.000012
斜褉械褋褌	0.000282	0.127833	0.000036
斜褉芯泻泻芯谢懈	0.000282	0.040822	0.000012
斜褍卸械薪懈薪邪	0.000282	0.040822	0.000012
斜褍谢芯褔泻邪屑懈	0.000282	0.116534	0.000033
斜褍谢芯褔泻懈	0.000565	0.040822	0.000023
斜褍谢褜芯薪	0.001977	0.040822	0.000081
斜褍谢褜芯薪褘	0.001130	0.116534	0.000132
斜褍褉谐械褉	0.000282	0.040822	0.000012
斜褍褉谐械褉褘	0.000282	0.127833	0.000036
斜褍褉褟褌褋泻邪褟	0.000282	0.116534	0.000033
斜褍褌械褉斜褉芯写	0.000565	0.116534	0.000066
斜褍褌械褉斜褉芯写褘	0.000565	0.040822	0.000023
斜褘褋褌褉芯	0.000847	0.094311	0.000080
斜褘褋褌褉芯泄	0.000282	0.116534	0.000033
斜褘褋褌褉褘械	0.000282	1.832581	0.000518
斜褘褋褌褉褘泄	0.000565	0.105361	0.000060
胁邪卸薪褘械	0.000282	0.116534	0.000033
胁邪谢谢懈泄褋泻邪褟	0.000282	0.116534	0.000033
胁邪薪懈谢褜薪褘泄	0.001695	1.427116	0.002419
胁邪褉械薪懈泻懈	0.000282	0.116534	0.000033
胁邪褉械薪懈泻芯胁	0.000565	2.659260	0.001502
胁邪褉械薪褜械	0.000565	0.040822	0.000023
胁邪褉懈邪薪褌	0.000282	0.562119	0.000159
胁邪褉泻械	0.000282	2.659260	0.000751
胁邪褌褉褍褕泻懈	0.000282	0.040822	0.000012
胁邪褎谢懈	0.000565	0.040822	0.000023
胁邪褕	0.000282	1.309333	0.000370
胁邪褕械谐芯	0.000282	2.040221	0.000576
胁邪褕械泄	0.000565	0.040822	0.000023
胁胁芯写褟	0.000282	0.040822	0.000012
胁写芯褏薪芯胁械薪懈械	0.001130	0.116534	0.000132
胁写芯褏薪芯胁械薪懈械屑	0.000565	0.116534	0.000066
胁写芯褏薪芯胁谢褟泄褋褟	0.000282	0.116534	0.000033
胁械谐械褌邪褉懈邪薪褋泻懈械	0.000282	0.127833	0.000036
胁械谐械褌邪褉懈邪薪褋泻芯械	0.000282	0.116534	0.000033
胁械泻邪	0.000282	2.207275	0.000624
胁械谢懈泻懈泄	0.000282	0.116534	0.000033
胁械谢懈泻芯泄	0.000282	2.302585	0.000650
胁械谢懈泻芯谢械锌薪褘泄	0.000565	1.832581	0.001035
胁械薪谐械褉褋泻邪褟	0.000282	0.116534	0.000033
胁械褋械薪薪懈械	0.000282	0.051293	0.000014
胁械褋薪邪	0.001412	0.116534	0.000165
胁械褋薪褘	0.000282	0.116534	0.000033
胁械褌褔懈薪邪	0.000565	1.469676	0.000830
胁械褌褔懈薪褘	0.000282	0.105361	0.000030
胁蟹谐谢褟写	0.000565	1.427116	0.000806
胁懈写械	0.000282	1.171183	0.000331
胁懈写械芯	0.000565	0.116534	0.000066
胁懈写械芯褉械褑械锌褌褘	0.000282	0.301105	0.000085
胁懈薪芯	0.000565	0.040822	0.000023
胁泻谢褞褔邪褞褖懈褏	0.000282	0.634878	0.000179
胁泻褍褋	0.000847	0.105361	0.000089
胁泻褍褋邪	0.002260	0.116534	0.000263
胁泻褍褋械薪	0.000282	1.560648	0.000441
胁泻褍褋薪邪褟	0.001130	0.061875	0.000070
胁泻褍褋薪械械	0.000565	0.116534	0.000066
胁泻褍褋薪械泄	0.000282	0.116534	0.000033
胁泻褍褋薪械泄褕懈械	0.000282	2.120264	0.000599
胁泻褍褋薪芯	0.000847	0.094311	0.000080
胁泻褍褋薪褘械	0.000565	0.105361	0.000060
胁泻褍褋薪褘泄	0.000282	0.385662	0.000109
胁泻褍褋薪褘屑	0.000565	1.049822	0.000593
胁泻褍褋芯屑	0.000565	0.105361	0.000060
胁谢褞斜懈谢邪褋褜	0.000282	1.832581	0.000518
胁谢褞斜懈谢懈褋褜	0.000282	2.120264	0.000599
胁谢褞斜谢械薪薪褘褏	0.000282	0.116534	0.000033
胁薪邪褔邪谢械	0.001130	0.248461	0.000281
胁薪懈屑邪褌械谢褜薪芯	0.000282	2.995732	0.000846
胁薪褍褌褉懈	0.000282	1.469676	0.000415
胁芯	0.000847	0.061875	0.000052
胁芯写邪	0.003390	0.287682	0.000975
胁芯写械	0.000282	0.105361	0.000030
胁芯蟹胁褉邪褖邪谢褋褟	0.000282	2.995732	0.000846
胁芯蟹写褍褕薪褘泄	0.000282	2.207275	0.000624
胁芯蟹屑芯卸薪芯	0.000282	1.469676	0.000415
胁芯泄褌懈	0.000282	0.000000	0.000000
胁芯谢薪芯胁邪谢	0.000282	2.407946	0.000680
胁芯谢芯胁邪薪褘	0.000282	0.116534	0.000033
胁芯谢褕械斜薪褘械	0.000282	0.116534	0.000033
胁芯谢褕械斜褋褌胁芯	0.000282	0.116534	0.000033
胁芯锌褉芯褋褘	0.000282	0.000000	0.000000
胁芯褋褌芯褉谐械	0.000282	1.469676	0.000415
胁芯褋褌芯褔薪邪褟	0.000282	0.127833	0.000036
胁锌械褉胁褘械	0.000282	1.560648	0.000441
胁锌褉芯泻	0.000282	2.813411	0.000795
胁褉械屑械薪邪	0.000565	0.116534	0.000066
胁褉械屑械薪械屑	0.001695	0.116534	0.000198
胁褉械屑褟	0.000282	0.400478	0.000113
胁褉褍褌	0.000282	2.407946	0.000680
胁褋械谐芯	0.000282	0.186330	0.000053
胁褋械泄	0.001412	0.105361	0.000149
胁褋械屑褍	0.000282	0.061875	0.000017
胁褋锌芯屑薪懈褌褜	0.000282	0.040822	0.000012
胁褌芯褉芯械	0.000282	0.116534	0.000033
胁褌芯褉褘械	0.000282	0.127833	0.000036
胁褏芯写	0.000847	0.030459	0.000026
胁褘写邪薪	0.000282	2.525729	0.000713
胁褘写邪薪薪褘褏	0.000282	2.995732	0.000846
胁褘泄褌懈	0.000282	0.040822	0.000012
胁褘薪芯褋懈谢懈	0.000282	2.525729	0.000713
胁褘锌械褔泻邪	0.006497	0.040822	0.000265
胁褘锌械褔泻懈	0.000565	0.072571	0.000041
胁褘锌械褔泻芯泄	0.000282	0.116534	0.000033
胁褘褉褍褔邪谢芯褔泻邪	0.000847	1.560648	0.001323
胁褘褋褌褉邪懈胁邪谢邪褋褜	0.000282	2.525729	0.000713
胁褘褌械泻邪械褌	0.000282	2.813411	0.000795
胁褜械褌薪邪屑褋泻邪褟	0.000282	0.116534	0.000033
谐邪胁邪泄褋泻邪褟	0.000282	0.116534	0.000033
谐邪蟹械褌械	0.000282	2.302585	0.000650
谐邪褉薪懈褉	0.001412	0.040822	0.000058
谐邪褋锌邪褔芯	0.000282	0.040822	0.000012
谐邪褕械薪邪褟	0.000565	2.207275	0.001247
谐械芯谐褉邪褎懈褟	0.000282	0.116534	0.000033
谐谢邪胁薪褘泄	0.000282	0.040822	0.000012
谐谢邪蟹褍褉褜	0.000847	0.040822	0.000035
谐谢懈薪褌胁械泄薪	0.000282	0.040822	0.000012
谐芯胁芯褉懈谢	0.000282	2.659260	0.000751
谐芯胁褟写懈薪褘	0.001130	0.116534	0.000132
谐芯写	0.002542	0.105361	0.000268
谐芯写邪	0.004520	0.248461	0.001123
谐芯写邪褏	0.000282	2.207275	0.000624
谐芯谢谢邪薪写褋泻邪褟	0.000282	0.116534	0.000033
谐芯褉芯写邪	0.000282	0.116534	0.000033
谐芯褉芯褏	0.000282	0.116534	0.000033
谐芯褉褔懈褑邪	0.000565	0.040822	0.000023
谐芯褉褔懈褑邪屑懈	0.000282	0.127833	0.000036
谐芯褉褕芯褔泻邪褏	0.000282	0.105361	0.000030
谐芯褉褕芯褔泻械	0.000282	0.040822	0.000012
谐芯褉褟褔械械	0.000565	0.116534	0.000066
谐芯褉褟褔懈械	0.010452	0.105361	0.001101
谐芯褉褟褔懈泄	0.000565	0.116534	0.000066
谐芯褋褌懈	0.000282	0.116534	0.000033
谐芯褌芯胁懈谢邪	0.000565	0.733969	0.000415
谐芯褌芯胁懈屑	0.001695	0.094311	0.000160
谐芯褌芯胁懈褌褋褟	0.000847	0.478036	0.000405
谐芯褌芯胁懈褌褜	0.001977	0.105361	0.000208
谐芯褌芯胁芯屑	0.000282	2.525729	0.000713
谐芯褌芯胁褜	0.000565	0.116534	0.000066
谐芯褌芯胁褟褌	0.000282	0.116534	0.000033
谐褉械薪泻懈	0.000565	0.040822	0.000023
谐褉械褑泻懈械	0.000565	1.469676	0.000830
谐褉械褔械褋泻邪褟	0.000282	0.116534	0.000033
谐褉械褔泻邪	0.000282	0.040822	0.000012
谐褉懈斜邪屑懈	0.001130	0.105361	0.000119
谐褉懈斜薪褘械	0.000565	0.040822	0.000023
谐褉懈斜芯胁	0.000847	0.116534	0.000099
谐褉懈斜褘	0.000847	0.040822	0.000035
谐褉懈谢械	0.001412	0.116534	0.000165
谐褉懈谢褜	0.000282	0.116534	0.000033
谐褉懈谢褜屑邪薪懈褟	0.000282	0.116534	0.000033
谐褉懈谢褟	0.001130	0.116534	0.000132
谐褉芯谐	0.000282	0.040822	0.000012
谐褉褍蟹懈薪褋泻邪褟	0.000282	0.116534	0.000033
谐褉褍锌锌褘	0.000282	0.061875	0.000017
谐褍褉屑邪薪懈褟	0.001695	0.116534	0.000198
谐褍褉屑械	0.000282	0.127833	0.000036
谐褍褋褟	0.000565	0.105361	0.000060
写邪胁邪谢	0.000282	2.995732	0.000846
写邪胁薪芯	0.000565	0.967584	0.000547
写邪胁薪褘屑	0.000282	2.407946	0.000680
写邪械褌	0.000282	0.040822	0.000012
写邪薪薪褘械	0.000282	0.040822	0.000012
写邪褉褘	0.000282	0.116534	0.000033
写邪褌械	0.000565	0.248461	0.000140
写邪褌褋泻邪褟	0.000282	0.116534	0.000033
写邪褔薪芯械	0.000847	0.116534	0.000099
写胁邪卸写褘	0.000282	2.525729	0.000713
写胁械褉褜	0.000282	2.407946	0.000680
写械胁芯褔泻懈	0.000282	1.427116	0.000403
写械泻邪斜褉褟	0.000565	0.597837	0.000338
写械泻芯褉	0.000282	0.127833	0.000036
写械谢邪械褌	0.000565	0.116534	0.000066
写械谢邪械褌褋褟	0.000282	1.347074	0.000381
写械谢邪谢邪	0.000282	1.469676	0.000415
写械谢懈屑褋褟	0.000282	0.040822	0.000012
写械谢芯	0.000282	1.386294	0.000392
写械谢芯屑	0.000282	0.116534	0.000033
写械薪褜	0.001130	0.083382	0.000094
写械锌褉械褋褋懈懈	0.000282	2.302585	0.000650
写械褉卸懈褌械褋褜	0.000282	2.407946	0.000680
写械褋械褉褌	0.000847	0.116534	0.000099
写械褋械褉褌邪褑懈褟	0.000282	0.116534	0.000033
写械褋械褉褌薪褘械	0.000282	0.116534	0.000033
写械褋械褉褌褘	0.004802	0.040822	0.000196
写械褌械泄	0.000282	0.116534	0.000033
写卸械屑	0.000282	0.040822	0.000012
写蟹械薪	0.000282	0.116534	0.000033
写懈械褌邪	0.000282	0.116534	0.000033
写懈械褌褘	0.000282	0.116534	0.000033
写懈泻懈泄	0.000565	0.116534	0.000066
写懈泻芯谐芯	0.000282	0.116534	0.000033
写懈锌	0.000282	0.116534	0.000033
写懈褔懈	0.000565	0.116534	0.000066
写懈褔褜	0.000282	0.116534	0.000033
写薪械胁薪懈泻邪褏	0.000282	0.061875	0.000017
写薪械泄	0.000847	0.116534	0.000099
写薪褟	0.000282	0.040822	0.000012
写薪褟褏	0.000282	1.897120	0.000536
写芯斜邪胁谢械薪懈褟屑	0.000282	0.274437	0.000078
写芯斜邪胁谢褟褌褜	0.000282	0.040822	0.000012
写芯斜邪胁褜	0.000282	0.116534	0.000033
写芯斜褉芯褎谢芯褌	0.000282	0.127833	0.000036
写芯胁械褉褟械褕褜	0.000282	0.116534	0.000033
写芯谢卸薪芯	0.001412	1.832581	0.002588
写芯屑	0.002260	0.040822	0.000092
写芯屑邪褕薪械械	0.000847	0.040822	0.000035
写芯屑邪褕薪懈械	0.000565	0.040822	0.000023
写芯屑邪褕薪懈泄	0.001695	0.116534	0.000198
写芯屑邪褕薪懈褏	0.000282	1.714798	0.000484
写芯屑邪褕薪褟褟	0.000565	0.105361	0.000060
写芯屑芯胁	0.000282	0.040822	0.000012
写芯屑芯泄	0.000282	2.525729	0.000713
写芯屑芯褏芯蟹褟械泻	0.000282	2.407946	0.000680
写芯褉芯谐懈械	0.000282	1.272966	0.000360
写芯褋褌芯懈薪褋褌胁邪	0.000282	2.302585	0.000650
写褉邪泄胁	0.001412	0.127833	0.000181
写褉芯卸卸械胁芯械	0.000565	0.116534	0.000066
写褉芯卸卸懈	0.001130	0.941609	0.001064
写褉褍谐懈屑懈	0.000282	0.040822	0.000012
写褉褍蟹褜褟屑	0.000282	1.660731	0.000469
写褍褏芯胁泻邪	0.001412	0.127833	0.000181
写褍褕懈	0.000847	0.105361	0.000089
械胁褉械泄褋泻邪褟	0.000282	0.116534	0.000033
械谐懈锌械褌褋泻邪褟	0.000282	0.116534	0.000033
械写懈薪褘泄	0.000282	0.040822	0.000012
械卸械谐芯写薪芯	0.000282	2.407946	0.000680
械泻芯	0.000282	0.127833	0.000036
卸邪褉泻芯械	0.000282	0.040822	0.000012
卸械谢邪薪懈褟	0.000282	2.302585	0.000650
卸械谢邪褌懈薪	0.000565	1.427116	0.000806
卸械谢械	0.000847	0.040822	0.000035
卸械谢褌芯泻	0.000565	1.272966	0.000719
卸械薪褋泻邪褟	0.000282	0.127833	0.000036
卸械薪褋泻芯屑	0.000282	0.061875	0.000017
卸械薪褖懈薪褘	0.000565	0.116534	0.000066
卸懈蟹薪懈	0.000282	0.040822	0.000012
卸懈蟹薪褜	0.000282	0.116534	0.000033
卸褍谢褜械薪	0.000282	0.040822	0.000012
卸褍褉薪邪谢邪	0.000282	0.127833	0.000036
卸褍褉薪邪谢械	0.000282	2.207275	0.000624
卸褞谢褜械薪	0.000282	0.040822	0.000012
蟹邪胁邪褉薪芯械	0.000282	0.116534	0.000033
蟹邪胁邪褉薪芯泄	0.000282	0.116534	0.000033
蟹邪胁懈褋懈褌	0.000282	2.120264	0.000599
蟹邪胁褌褉邪泻	0.002260	0.094311	0.000213
蟹邪胁褌褉邪泻懈	0.000282	0.127833	0.000036
蟹邪谐芯褌芯胁懈褌褜	0.000282	3.218876	0.000909
蟹邪谐芯褌芯胁泻懈	0.001130	0.040822	0.000046
蟹邪写邪胁邪褌褜	0.000282	0.040822	0.000012
蟹邪泄褑邪	0.000565	0.116534	0.000066
蟹邪泻胁邪褋泻邪	0.000282	0.040822	0.000012
蟹邪泻胁邪褋泻邪屑懈	0.000282	0.116534	0.000033
蟹邪泻胁邪褋芯泻	0.000282	0.127833	0.000036
蟹邪泻褉褘褌褘泄	0.000282	0.116534	0.000033
蟹邪泻褍褋泻懈	0.005085	0.040822	0.000208
蟹邪泻褍褋泻褍	0.000847	0.116534	0.000099
蟹邪泻褍褋芯薪褔懈泻	0.000282	0.116534	0.000033
蟹邪泻褍褋芯褔泻邪	0.000282	0.116534	0.000033
蟹邪泻褍褋芯褔薪褘械	0.002542	0.116534	0.000296
蟹邪谢邪屑懈薪懈褉芯胁邪褌褜	0.000282	2.407946	0.000680
蟹邪谢懈胁薪芯械	0.000565	0.040822	0.000023
蟹邪屑械褔邪褌械谢褜薪芯	0.000282	2.813411	0.000795
蟹邪屑械褔邪褌械谢褜薪芯械	0.000282	3.218876	0.000909
蟹邪屑械褔邪褌械谢褜薪褘械	0.000282	2.207275	0.000624
蟹邪屑芯褉芯蟹懈褌褜	0.000282	2.659260	0.000751
蟹邪屑芯褉芯蟹泻邪	0.000282	0.105361	0.000030
蟹邪锌邪写	0.000282	0.116534	0.000033
蟹邪锌械泻邪薪懈褟	0.000282	1.560648	0.000441
蟹邪锌械泻邪薪泻邪	0.001130	0.105361	0.000119
蟹邪锌械泻邪薪泻懈	0.001977	0.040822	0.000081
蟹邪锌褉邪胁泻邪	0.000565	0.040822	0.000023
蟹邪锌褉芯褋褍	0.000565	2.207275	0.001247
蟹邪褉械谐懈褋褌褉懈褉芯胁邪胁褕懈褋褜	0.000282	0.040822	0.000012
蟹邪褉械谐懈褋褌褉懈褉芯胁邪褌褜褋褟	0.000282	0.030459	0.000009
蟹邪褋芯谢泻邪	0.000282	0.116534	0.000033
蟹邪褏芯写懈褌械	0.000282	0.755023	0.000213
蟹邪褟胁谢褟褞	0.000282	2.207275	0.000624
蟹胁邪薪褘泄	0.000282	0.127833	0.000036
蟹胁械蟹写邪	0.000282	0.127833	0.000036
蟹胁芯薪懈谢	0.000282	2.995732	0.000846
蟹胁褢蟹写薪褘械	0.000282	0.116534	0.000033
蟹写芯褉芯胁芯械	0.000282	0.116534	0.000033
蟹写芯褉芯胁褘泄	0.000282	0.116534	0.000033
蟹械谢械薪褜	0.000847	0.094311	0.000080
蟹械褎懈褉	0.000282	0.040822	0.000012
蟹懈屑薪懈械	0.000282	0.051293	0.000014
蟹懈屑褍	0.001130	0.040822	0.000046
蟹薪邪泻芯屑褘屑	0.000282	2.525729	0.000713
蟹薪邪褞	0.000282	0.755023	0.000213
蟹芯谢芯褌邪褟	0.000282	0.116534	0.000033
懈胁邪薪芯胁邪	0.000282	0.127833	0.000036
懈写械邪谢褜薪邪褟	0.000282	0.116534	0.000033
懈写械邪谢褜薪芯谐芯	0.001412	0.116534	0.000165
懈写械邪谢褜薪芯械	0.000282	0.116534	0.000033
懈写械泄泻懈	0.000282	0.116534	0.000033
懈蟹胁械褋褌薪褘泄	0.000282	1.897120	0.000536
懈蟹胁械褋褌薪褘屑	0.000282	2.995732	0.000846
懈蟹胁懈薪械薪懈褟	0.000282	2.302585	0.000650
懈蟹写械谢懈褟	0.003390	0.116534	0.000395
懈蟹写械谢懈褟屑懈	0.000847	0.116534	0.000099
懈蟹芯斜褉械褌械薪	0.000282	2.525729	0.000713
懈蟹芯斜褉械褌械薪懈械	0.000282	2.525729	0.000713
懈蟹褍屑懈褌械谢褜薪械泄褕懈泄	0.000282	2.659260	0.000751
懈蟹褍褔械薪褘	0.000282	2.995732	0.000846
懈泻褉邪	0.000847	0.040822	0.000035
懈屑械薪械屑	0.000282	0.040822	0.000012
懈屑械褞褌	0.000282	2.302585	0.000650
懈屑懈	0.000282	1.832581	0.000518
懈薪胁械褉褌芯褉薪芯泄	0.000282	0.127833	0.000036
懈薪谐褉械写懈械薪褌芯胁	0.000282	1.771957	0.000501
懈薪谐褉械写懈械薪褌褘	0.008475	0.139262	0.001180
懈薪写械泄泻懈	0.001412	0.094311	0.000133
懈薪写械泄泻芯泄	0.000282	0.116534	0.000033
懈薪写懈泄褋泻邪褟	0.000282	0.116534	0.000033
懈薪写懈谢邪泄褌	0.000847	0.116534	0.000099
懈薪写懈褉械褋薪褘械	0.000282	0.116534	0.000033
懈薪械褌邪	0.000282	1.832581	0.000518
懈薪褋褌褉褍泻褑懈褟屑懈	0.000282	0.040822	0.000012
懈薪褌械褉薪械褌械	0.000282	1.309333	0.000370
懈褉邪泻褋泻邪褟	0.000282	0.116534	0.000033
懈褉邪薪褋泻邪褟	0.000282	0.116534	0.000033
懈褉谢邪薪写褋泻邪褟	0.000282	0.116534	0.000033
懈褉褉械蟹	0.000282	1.347074	0.000381
懈褋泻褉械薪薪械	0.000282	0.116534	0.000033
懈褋泻褉械薪薪懈械	0.000282	2.525729	0.000713
懈褋谢邪薪写褋泻邪褟	0.000282	0.116534	0.000033
懈褋锌邪薪褋泻邪褟	0.000282	0.116534	0.000033
懈褋锌械泻懈	0.000282	0.116534	0.000033
懈褋锌械褔褜	0.000282	1.966113	0.000555
懈褋锌芯谢褜蟹褍械褌褋褟	0.000282	1.714798	0.000484
懈褋锌褘褌褘胁邪褟	0.000282	2.407946	0.000680
懈褋褌芯褉懈懈	0.001412	0.116534	0.000165
懈褋褌芯褉懈褞	0.000282	0.116534	0.000033
懈褌邪谢懈懈	0.000565	0.105361	0.000060
懈褌邪谢褜褟薪褋泻邪褟	0.000282	0.116534	0.000033
懈褞谢褟	0.000565	0.597837	0.000338
泄芯谐褍褉褌	0.000847	0.040822	0.000035
泄芯褉泻	0.000282	2.407946	0.000680
泻邪斜邪褔泻懈	0.000282	0.040822	0.000012
泻邪胁泻邪蟹褋泻邪褟	0.000282	0.116534	0.000033
泻邪卸写褘屑	0.000282	2.302585	0.000650
泻邪蟹邪薪械	0.000282	0.116534	0.000033
泻邪蟹邪褏褋泻邪褟	0.000282	0.116534	0.000033
泻邪泻邪芯	0.001695	0.040822	0.000069
泻邪泻芯屑	0.000282	2.120264	0.000599
泻邪谢械泄写芯褋泻芯锌	0.001130	0.116534	0.000132
泻邪谢屑褘褑泻邪褟	0.000282	0.116534	0.000033
泻邪谢褜屑邪褉	0.000282	0.040822	0.000012
泻邪谢褜褑芯薪械	0.000282	2.813411	0.000795
泻邪屑械褉邪	0.000282	0.116534	0.000033
泻邪薪邪写褋泻邪褟	0.000282	0.116534	0.000033
泻邪薪邪谢	0.000565	0.040822	0.000023
泻邪薪邪谢械	0.000282	0.040822	0.000012
泻邪薪邪锌械	0.000565	0.040822	0.000023
泻邪锌懈褌邪薪	0.000282	2.995732	0.000846
泻邪锌褍褋褌邪	0.001695	0.040822	0.000069
泻邪锌褍褋褌薪褘泄	0.000282	2.302585	0.000650
泻邪锌褍褋褌薪褟泻	0.000282	0.040822	0.000012
泻邪锌褍褋褌芯泄	0.000282	1.966113	0.000555
泻邪锌褍褋褌褘	0.000282	0.040822	0.000012
泻邪褉邪屑械谢褜	0.000282	0.040822	0.000012
泻邪褉泻邪褋薪褘泄	0.001130	0.116534	0.000132
泻邪褉褌芯褎械谢褜	0.000847	0.040822	0.000035
泻邪褉褌芯褎械谢褜薪芯械	0.000282	0.040822	0.000012
泻邪褉褌芯褎械谢褜薪褘泄	0.000282	0.116534	0.000033
泻邪褉褌芯褕泻邪	0.000565	0.040822	0.000023
泻邪褌械谐芯褉懈懈	0.000282	0.116534	0.000033
泻邪褌械谐芯褉懈褟	0.004237	0.150823	0.000639
泻邪褌懈褑邪	0.000282	3.218876	0.000909
泻邪褔械褋褌胁械	0.000282	1.609438	0.000455
泻邪褔械褋褌胁芯	0.000565	0.116534	0.000066
泻邪褕邪	0.000282	0.040822	0.000012
泻邪褕懈	0.001412	0.105361	0.000149
泻邪褕褍	0.000282	0.094311	0.000027
泻胁邪褋	0.000847	0.040822	0.000035
泻胁邪褋薪芯械	0.000847	0.116534	0.000099
泻胁邪褋芯屑	0.000282	0.127833	0.000036
泻械泻褋	0.000282	0.040822	0.000012
泻械泻褋褘	0.000565	0.116534	0.000066
泻械褎懈褉	0.000847	0.040822	0.000035
泻懈屑褔懈	0.000282	0.040822	0.000012
泻懈薪芯邪	0.000565	0.127833	0.000072
泻懈薪芯谢械薪褌邪	0.000282	0.116534	0.000033
泻懈褋械谢褜	0.000565	0.040822	0.000023
泻懈褌邪泄褋泻邪褟	0.000282	0.116534	0.000033
泻懈褌邪泄褋泻懈褏	0.000282	2.659260	0.000751
泻谢邪褋褋	0.002260	0.116534	0.000263
泻谢邪褋褋褘	0.000282	0.116534	0.000033
泻薪懈谐褍	0.000565	0.040822	0.000023
泻芯	0.000282	1.469676	0.000415
泻芯谐芯	0.000282	1.714798	0.000484
泻芯泻褌械泄谢懈	0.000282	0.127833	0.000036
泻芯泻褌械泄谢褜	0.001412	0.040822	0.000058
泻芯谢斜邪褋邪	0.000282	0.040822	0.000012
泻芯谢斜邪褋薪褘屑懈	0.000847	0.116534	0.000099
泻芯屑邪薪写邪	0.000565	0.127833	0.000072
泻芯屑懈	0.000282	0.116534	0.000033
泻芯屑屑械薪褌邪褉懈械胁	0.000282	0.223144	0.000063
泻芯屑锌邪薪懈泄	0.000282	0.105361	0.000030
泻芯屑锌芯褌	0.000847	0.040822	0.000035
泻芯薪写懈褌械褉褋泻芯泄	0.000282	2.525729	0.000713
泻芯薪械褔薪芯	0.000282	0.527633	0.000149
泻芯薪懈薪褘	0.000282	0.116534	0.000033
泻芯薪泻褍褉褋	0.060452	0.105361	0.006369
泻芯薪泻褍褉褋邪	0.000282	0.116534	0.000033
泻芯薪泻褍褉褋邪褏	0.000282	0.040822	0.000012
泻芯薪泻褍褉褋薪褘械	0.000282	0.127833	0.000036
泻芯薪褋械褉胁懈褉芯胁邪薪懈械	0.000282	0.040822	0.000012
泻芯薪褋械褉胁懈褉芯胁邪薪薪邪褟	0.000282	0.116534	0.000033
泻芯薪褋械褉胁懈褉芯胁邪薪薪芯械	0.000282	0.116534	0.000033
泻芯薪褋械褉胁懈褉芯胁邪薪薪褘械	0.000565	0.116534	0.000066
泻芯薪褋械褉胁懈褉芯胁邪薪薪褘泄	0.000282	0.116534	0.000033
泻芯薪褎械褌褌懈	0.000282	0.116534	0.000033
泻芯薪褎械褌褘	0.000847	0.040822	0.000035
泻芯薪褎懈写械薪褑懈邪谢褜薪芯褋褌懈	0.000282	0.040822	0.000012
泻芯薪褎懈褌褞褉	0.000282	0.040822	0.000012
泻芯锌褔械薪芯褋褌褟屑懈	0.000282	0.116534	0.000033
泻芯褉械泄褋泻邪褟	0.000282	0.116534	0.000033
泻芯褉械泄褋泻懈	0.000282	0.040822	0.000012
泻芯褉卸	0.000282	2.302585	0.000650
泻芯褉卸懈泻懈	0.000282	0.040822	0.000012
泻芯褉懈褑邪	0.000565	1.427116	0.000806
泻芯褉屑褟褖懈褏	0.000282	0.116534	0.000033
泻芯褋褌褉邪屑	0.000282	2.407946	0.000680
泻芯褌谢械褌褘	0.000282	0.040822	0.000012
泻芯褌芯褉芯屑褍	0.000282	0.116534	0.000033
泻芯褎械	0.000565	0.040822	0.000023
泻芯褎械泄泻芯屑	0.000282	2.659260	0.000751
泻褉邪褋泻懈	0.000282	0.116534	0.000033
泻褉械邪褌懈胁	0.000282	0.127833	0.000036
泻褉械屑	0.000282	0.040822	0.000012
泻褉械屑邪	0.000565	0.116534	0.000066
泻褉械锌泻懈泄	0.000282	0.116534	0.000033
泻褉芯谢懈泻邪	0.000565	0.116534	0.000066
泻褉芯屑械	0.000282	0.061875	0.000017
泻褉芯褏懈	0.000282	0.116534	0.000033
泻褉褍谐褍	0.000565	0.116534	0.000066
泻褉褍锌	0.001695	0.116534	0.000198
泻褉褍锌邪	0.000282	0.127833	0.000036
泻褉褍锌褘	0.000565	0.127833	0.000072
泻褉褍锌褟薪褘械	0.000282	0.116534	0.000033
泻褋褌邪褌懈	0.000282	1.237874	0.000350
泻褍斜懈薪褋泻邪褟	0.000282	0.116534	0.000033
泻褍谢械褕	0.000282	0.040822	0.000012
泻褍谢懈薪邪褉懈懈	0.000847	0.094311	0.000080
泻褍谢懈薪邪褉薪邪褟	0.000282	0.116534	0.000033
泻褍谢懈薪邪褉薪芯械	0.000282	0.116534	0.000033
泻褍谢懈薪邪褉薪褍褞	0.000565	0.040822	0.000023
泻褍谢懈薪邪褉薪褘泄	0.000282	0.072571	0.000021
泻褍谢懈薪邪褉薪褘褏	0.000282	0.116534	0.000033
泻褍谢懈薪邪褉芯屑	0.000565	2.407946	0.001360
泻褍谢懈褔	0.000282	0.040822	0.000012
泻褍谢懈褔懈	0.000282	0.116534	0.000033
泻褍薪卸褍褌	0.000565	0.994252	0.000562
泻褍褉写褋泻邪褟	0.000282	0.116534	0.000033
泻褍褉懈薪芯谐芯	0.000282	0.116534	0.000033
泻褍褉懈薪芯械	0.004802	0.127833	0.000614
泻褍褉懈薪褘泄	0.000282	0.105361	0.000030
泻褍褉懈褑邪	0.000282	0.040822	0.000012
泻褍褉懈褑褘	0.000847	0.116534	0.000099
泻褍褉芯褔泻芯泄	0.000282	0.116534	0.000033
泻褍褋泻褍褋	0.000282	0.040822	0.000012
泻褍褋芯褔泻邪	0.000282	1.897120	0.000536
泻褍褏薪械泄	0.000282	0.040822	0.000012
泻褍褏薪懈	0.001130	0.040822	0.000046
泻褍褏薪褟	0.000847	0.116534	0.000099
谢邪胁邪褕	0.000565	0.040822	0.000023
谢邪胁邪褕邪	0.001130	0.116534	0.000132
谢邪谐屑邪薪	0.000282	0.040822	0.000012
谢邪泻芯屑褋褌胁芯	0.000282	0.116534	0.000033
谢邪锌褕邪	0.000565	0.040822	0.000023
谢邪褌褘褕褋泻邪褟	0.000282	0.116534	0.000033
谢械谐械薪写械	0.000282	2.207275	0.000624
谢械谐泻邪褟	0.000282	0.116534	0.000033
谢械谐泻懈泄	0.000565	0.116534	0.000066
谢械谐泻芯	0.001977	0.116534	0.000230
谢械泻芯	0.000282	2.525729	0.000713
谢械锌械褕泻懈	0.001977	0.040822	0.000081
谢械锌泻械	0.000282	2.659260	0.000751
谢械褌	0.000282	0.843970	0.000238
谢械褌邪	0.000282	0.116534	0.000033
谢械褌薪懈械	0.000282	0.040822	0.000012
谢械褌薪褟褟	0.000282	0.116534	0.000033
谢械褌芯	0.001412	0.116534	0.000165
谢械褔芯	0.000282	0.040822	0.000012
谢懈谐邪	0.000847	0.116534	0.000099
谢懈泻械褉	0.000282	0.040822	0.000012
谢懈屑芯薪邪写	0.000565	0.040822	0.000023
谢懈褌芯胁褋泻	0.000282	0.127833	0.000036
谢懈褌芯胁褋泻邪褟	0.000282	0.116534	0.000033
谢芯锌薪褍谢芯	0.000282	2.407946	0.000680
谢褍泻	0.001130	0.301105	0.000340
谢褍褔褕懈械	0.000282	0.116534	0.000033
谢褍褔褕懈泄	0.000565	0.040822	0.000023
谢褍褔褕懈屑	0.000282	2.302585	0.000650
谢褍褔褕懈褏	0.000282	0.116534	0.000033
谢褞斜胁懈	0.000282	0.105361	0.000030
谢褞斜懈屑芯谐芯	0.000282	0.127833	0.000036
谢褞斜懈屑芯屑褍	0.000282	0.116534	0.000033
谢褞斜懈屑褘褏	0.001695	0.116534	0.000198
谢褞斜芯胁褜	0.000282	0.116534	0.000033
谢褞斜芯泄	0.000565	0.116534	0.000066
谢褞写懈	0.000282	2.207275	0.000624
谢褢写	0.000282	0.127833	0.000036
屑邪胁蟹芯谢械泄	0.000282	2.525729	0.000713
屑邪谐褉懈斜邪	0.000282	0.116534	0.000033
屑邪泄	0.000282	0.116534	0.000033
屑邪泄芯薪械蟹	0.001412	0.116534	0.000165
屑邪泻邪褉芯薪薪褘械	0.000282	0.116534	0.000033
屑邪泻邪褉芯薪褘	0.000282	0.040822	0.000012
屑邪泻褋懈屑邪谢褜薪芯	0.000282	2.040221	0.000576
屑邪谢邪蟹懈泄褋泻邪褟	0.000282	0.116534	0.000033
屑邪屑邪	0.000282	1.771957	0.000501
屑邪薪薪懈泻	0.000282	0.040822	0.000012
屑邪薪褌褘	0.000282	0.116534	0.000033
屑邪薪褢胁褉褘	0.000282	0.116534	0.000033
屑邪褉邪褎芯薪	0.000847	0.116534	0.000099
屑邪褉谐邪褉懈薪	0.000565	1.609438	0.000909
屑邪褉懈薪邪写	0.002542	0.040822	0.000104
屑邪褉懈薪邪写褘	0.000847	0.116534	0.000099
屑邪褉懈薪芯胁邪薪薪褘械	0.000282	0.116534	0.000033
屑邪褉屑械谢邪写	0.000282	0.040822	0.000012
屑邪褉芯泻泻邪薪褋泻邪褟	0.000282	0.116534	0.000033
屑邪褉褌邪	0.001977	0.105361	0.000208
屑邪褋泻邪褉锌芯薪械	0.000282	0.040822	0.000012
屑邪褋谢邪	0.000282	1.237874	0.000350
屑邪褋谢械薪懈褑邪	0.000847	0.040822	0.000035
屑邪褋谢械薪懈褔薪芯械	0.000282	0.116534	0.000033
屑邪褋谢芯	0.005932	0.116534	0.000691
屑邪褋谢芯屑	0.000282	0.116534	0.000033
屑邪褋褌械褉	0.002542	0.116534	0.000296
屑邪褋褌懈泻邪	0.000282	0.040822	0.000012
屑邪褋褌懈泻懈	0.000282	0.116534	0.000033
屑邪褎褎懈薪褘	0.000282	0.116534	0.000033
屑邪褏械械胁褗	0.001130	0.116534	0.000132
屑械写懈邪褎芯褉褌	0.000847	0.000000	0.000000
屑械写芯胁褘泄	0.000282	0.116534	0.000033
屑械泻褋懈泻邪薪褋泻邪褟	0.000282	0.116534	0.000033
屑械薪褞	0.000282	0.116534	0.000033
屑械薪褟	0.001130	0.083382	0.000094
屑械薪褟械褌褋褟	0.000282	0.116534	0.000033
屑械褉褍	0.000282	2.302585	0.000650
屑械褋褟褑械胁	0.000282	2.207275	0.000624
屑械褔褌邪	0.000282	0.116534	0.000033
屑械褔褌褘	0.000565	0.040822	0.000023
屑懈写懈懈	0.000282	0.040822	0.000012
屑懈泻褉芯胁芯谢薪芯胁泻械	0.000282	0.116534	0.000033
屑懈谢芯褋褌懈	0.000282	1.897120	0.000536
屑懈谢褜械	0.000282	0.116534	0.000033
屑懈薪懈屑褍屑	0.000282	1.427116	0.000403
屑懈薪褍褌	0.000282	0.755023	0.000213
屑懈薪褍褌褘	0.000282	1.171183	0.000331
屑懈芯	0.000282	0.116534	0.000033
屑懈褉	0.000282	0.116534	0.000033
屑懈褉邪	0.000282	0.116534	0.000033
屑懈褉芯胁邪褟	0.000282	0.116534	0.000033
屑懈褋芯	0.000282	0.040822	0.000012
屑懈褋褌械褉懈褟	0.000282	0.116534	0.000033
屑懈褋褌褉邪谢褜	0.001977	0.116534	0.000230
屑薪芯谐芯褋褌褉邪写邪谢褜薪芯谐芯	0.000282	2.407946	0.000680
屑薪芯谐芯褔懈褋谢械薪薪褘屑	0.000282	2.302585	0.000650
屑薪芯卸械褋褌胁芯屑	0.000282	0.040822	0.000012
屑芯谐褍	0.000565	0.798508	0.000451
屑芯械	0.000282	0.116534	0.000033
屑芯械谐芯	0.000282	1.771957	0.000501
屑芯械泄	0.000282	1.427116	0.000403
屑芯卸械褌械	0.000282	0.000000	0.000000
屑芯懈	0.000282	1.078810	0.000305
屑芯泄	0.001412	0.105361	0.000149
屑芯谢写邪胁褋泻邪褟	0.000282	0.116534	0.000033
屑芯谢薪懈械薪芯褋薪芯	0.000282	2.407946	0.000680
屑芯谢芯泻邪	0.000282	1.714798	0.000484
屑芯谢芯泻械	0.000282	0.105361	0.000030
屑芯谢芯泻芯	0.004237	0.116534	0.000494
屑芯谢芯褔薪褘泄	0.000565	0.040822	0.000023
屑芯谢芯褔薪褘褏	0.000282	0.116534	0.000033
屑芯屑械薪褌	0.000847	0.116534	0.000099
屑芯薪谐芯谢褜褋泻邪褟	0.000282	0.116534	0.000033
屑芯褉械	0.000282	0.116534	0.000033
屑芯褉械锌褉芯写褍泻褌芯胁	0.003107	0.040822	0.000127
屑芯褉械锌褉芯写褍泻褌褘	0.000565	0.116534	0.000066
屑芯褉泻芯胁褜	0.000847	0.040822	0.000035
屑芯褉芯卸械薪芯械	0.000847	0.040822	0.000035
屑芯褉芯蟹懈谢褜薪懈泻械	0.000282	3.218876	0.000909
屑芯褉褋	0.000282	0.040822	0.000012
屑芯褉褋褘	0.000282	0.116534	0.000033
屑芯褋泻胁械	0.000282	2.302585	0.000650
屑芯褋泻芯胁褋泻懈屑	0.000282	2.525729	0.000713
屑芯褌芯褉	0.000282	0.116534	0.000033
屑芯褏懈褌芯	0.000282	0.040822	0.000012
屑褍卸	0.000282	1.171183	0.000331
屑褍卸邪	0.000282	1.771957	0.000501
屑褍卸薪懈薪	0.000282	2.525729	0.000713
屑褍卸褋泻邪褟	0.000282	0.127833	0.000036
屑褍卸褔懈薪褘	0.000565	0.116534	0.000066
屑褍泻邪	0.009322	0.274437	0.002558
屑褍谢褜褌懈胁邪褉泻械	0.010734	0.116534	0.001251
屑褍谢褜褌懈锌械泻邪褉械泄	0.000847	0.116534	0.000099
屑褍褉屑邪薪褋泻邪	0.000282	2.995732	0.000846
屑褍褋褋	0.000282	0.040822	0.000012
屑褍褋褋褘	0.000565	0.116534	0.000066
屑褍褔薪褘械	0.000282	0.116534	0.000033
屑褞褋谢懈	0.000565	0.116534	0.000066
屑褟谐泻懈泄	0.000282	1.386294	0.000392
屑褟谐泻懈屑	0.000282	2.120264	0.000599
屑褟褋邪	0.002542	0.116534	0.000296
屑褟褋薪芯谐芯	0.000565	0.116534	0.000066
屑褟褋薪芯泄	0.000282	0.116534	0.000033
屑褟褋薪褘械	0.001412	0.040822	0.000058
屑褟褋薪褘褏	0.000847	0.116534	0.000099
屑褟褋芯	0.002260	0.040822	0.000092
屑褟褋芯屑	0.001412	0.040822	0.000058
屑褟褋褍	0.000565	0.116534	0.000066
薪邪斜芯褉	0.000282	1.897120	0.000536
薪邪蟹胁邪薪懈械屑	0.000282	1.203973	0.000340
薪邪蟹薪邪褔械薪懈褟	0.000282	0.116534	0.000033
薪邪泄褌懈	0.000282	1.714798	0.000484
薪邪泻芯薪械褑	0.000282	1.609438	0.000455
薪邪谢懈胁泻邪	0.000282	0.040822	0.000012
薪邪锌械褔邪褌邪谢	0.000282	2.407946	0.000680
薪邪锌懈褌泻懈	0.001695	0.040822	0.000069
薪邪锌懈褌芯泻	0.000282	0.040822	0.000012
薪邪锌芯谢械芯薪	0.000565	2.659260	0.001502
薪邪褉芯写	0.000282	2.302585	0.000650
薪邪褋泻芯谢褜泻芯	0.000565	1.427116	0.000806
薪邪褋谢邪写懈褌褜褋褟	0.000282	2.302585	0.000650
薪邪褋褌芯泄泻邪	0.000282	0.040822	0.000012
薪邪褋褌芯褟褌械谢褜薪芯	0.000282	2.040221	0.000576
薪邪褋褌褉芯械薪懈械	0.000282	0.116534	0.000033
薪邪褏芯写泻邪	0.000282	2.525729	0.000713
薪邪褑懈芯薪邪谢褜薪褘械	0.000282	0.116534	0.000033
薪邪褔邪谢芯屑	0.000282	2.302585	0.000650
薪邪褔懈薪泻邪	0.000565	0.040822	0.000023
薪邪褔懈薪泻械	0.000282	2.659260	0.000751
薪邪褔懈薪泻芯泄	0.000565	0.116534	0.000066
薪邪褔懈薪泻褍	0.000282	2.120264	0.000599
薪邪褔懈薪褟械屑	0.000282	3.218876	0.000909
薪邪褕械屑	0.000282	0.040822	0.000012
薪邪褕懈	0.000282	0.061875	0.000017
薪邪褕谢邪	0.000847	0.579818	0.000491
薪械斜褘谢懈褑邪	0.000282	2.407946	0.000680
薪械胁芯蟹屑芯卸薪芯	0.000282	1.347074	0.000381
薪械胁芯谢褜薪芯	0.000282	2.525729	0.000713
薪械谐芯	0.000565	0.941609	0.000532
薪械写械谢褞	0.000282	1.897120	0.000536
薪械写械谢褟	0.002825	0.061875	0.000175
薪械械	0.000282	1.966113	0.000555
薪械卸薪芯泄	0.000282	0.116534	0.000033
薪械卸薪褘泄	0.000282	0.891598	0.000252
薪械蟹邪屑械写谢懈褌械谢褜薪芯	0.000282	2.813411	0.000795
薪械屑械褑泻邪褟	0.000282	0.116534	0.000033
薪械芯斜褏芯写懈屑芯褋褌懈	0.000282	3.218876	0.000909
薪械芯斜褘褔薪褘泄	0.000282	1.347074	0.000381
薪械芯卸懈写邪薪薪褘械	0.000282	0.116534	0.000033
薪械锌褉械屑械薪薪芯	0.000282	1.832581	0.000518
薪械褋谢邪写泻芯械	0.000282	0.116534	0.000033
薪懈泻邪泻芯谐芯	0.000282	2.040221	0.000576
薪懈泻芯屑褍	0.000282	2.659260	0.000751
薪懈薪邪	0.000565	1.203973	0.000680
薪芯胁邪褟	0.000282	0.116534	0.000033
薪芯胁芯谐芯写薪械谐芯	0.001412	0.116534	0.000165
薪芯胁芯谐芯写薪械械	0.000847	0.116534	0.000099
薪芯胁芯谐芯写薪懈械	0.001977	0.040822	0.000081
薪芯胁芯谐芯写薪懈泄	0.001977	0.116534	0.000230
薪芯胁芯谐芯写薪褟褟	0.000282	0.105361	0.000030
薪芯胁芯褋褌褟褏	0.000282	0.061875	0.000017
薪芯胁褘械	0.000565	0.051293	0.000029
薪芯胁褘泄	0.002542	0.094311	0.000240
薪芯褉胁械谐懈懈	0.000282	2.995732	0.000846
薪芯褉胁械卸褋泻邪褟	0.000282	0.116534	0.000033
薪褉邪胁懈褌褋褟	0.000282	1.427116	0.000403
薪褜褞	0.000282	2.207275	0.000624
芯斜械写	0.000847	0.105361	0.000089
芯斜械蟹褜褟薪懈泄	0.000282	2.407946	0.000680
芯斜械蟹褜褟薪褘	0.000282	0.116534	0.000033
芯斜谢邪写邪褌褜	0.000282	2.659260	0.000751
芯斜薪邪褉褍卸懈褌褋褟	0.000282	2.302585	0.000650
芯斜芯卸邪褞	0.000282	1.897120	0.000536
芯斜褖邪褌褜褋褟	0.000282	0.040822	0.000012
芯斜褖械屑	0.000282	2.040221	0.000576
芯斜褟蟹邪薪邪	0.000282	2.407946	0.000680
芯胁芯褖邪屑懈	0.000282	0.116534	0.000033
芯胁芯褖械泄	0.003955	0.105361	0.000417
芯胁芯褖懈	0.001695	0.094311	0.000160
芯胁芯褖薪邪褟	0.000282	0.040822	0.000012
芯胁芯褖薪芯械	0.000282	0.116534	0.000033
芯胁芯褖薪芯泄	0.000565	0.105361	0.000060
芯胁芯褖薪褘械	0.001412	0.040822	0.000058
芯胁褋褟薪芯械	0.000282	0.116534	0.000033
芯谐薪械薪薪芯泄	0.000282	0.116534	0.000033
芯谐薪褟	0.000282	0.116534	0.000033
芯谐褉芯屑薪褘泄	0.000282	2.995732	0.000846
芯谐褍褉褑褘	0.000565	0.116534	0.000066
芯写薪懈屑	0.000282	1.309333	0.000370
芯写薪芯泄	0.000282	1.237874	0.000350
芯泻褉芯褕泻邪	0.000847	0.040822	0.000035
芯泻褌褟斜褉褟	0.000565	0.562119	0.000318
芯谢邪写褜懈	0.000847	0.040822	0.000035
芯谢械泄薪邪	0.000847	0.116534	0.000099
芯谢械泄薪芯泄	0.001130	0.116534	0.000132
芯谢械泄薪褘	0.000282	0.127833	0.000036
芯谢懈胁泻芯胁芯械	0.000565	0.544727	0.000308
芯谢褜谐邪	0.000282	1.427116	0.000403
芯谢褟	0.000282	2.120264	0.000599
芯屑谢械褌	0.000282	0.040822	0.000012
芯锌邪褉邪	0.000282	0.040822	0.000012
芯锌褉械写械谢械薪薪褘屑懈	0.000282	2.525729	0.000713
芯锌褉芯褋	0.000282	0.061875	0.000017
芯褉械褏懈	0.000565	1.139434	0.000644
芯褉懈谐懈薪邪谢褍	0.000282	2.407946	0.000680
芯褋械薪薪械械	0.000282	0.116534	0.000033
芯褋械薪薪懈械	0.000282	0.051293	0.000014
芯褋械薪薪懈泄	0.000565	0.116534	0.000066
芯褋械薪褜	0.002825	0.105361	0.000298
芯褋薪芯胁薪芯械	0.000282	0.040822	0.000012
芯褋褌邪械褌褋褟	0.000282	0.116534	0.000033
芯褋褌邪薪械褌褋褟	0.000282	3.218876	0.000909
芯褋褌邪薪芯胁懈褌褜褋褟	0.000282	1.714798	0.000484
芯褌斜懈胁薪褘械	0.000282	2.207275	0.000624
芯褌胁械褌懈褌褜	0.000282	0.051293	0.000014
芯褌胁械褌芯胁	0.000282	0.051293	0.000014
芯褌胁械褌褋褌胁械薪薪芯褋褌褜褞	0.000282	2.120264	0.000599
芯褌胁械褌褘	0.000282	0.000000	0.000000
芯褌泻褉褘褌褘泄	0.000565	0.116534	0.000066
芯褌谢懈褔薪芯	0.000282	1.514128	0.000428
芯褌谢懈褔薪褘泄	0.000282	1.560648	0.000441
芯褌屑械薪懈褌褜	0.000282	0.040822	0.000012
芯褌薪芯褕械薪懈褟	0.000282	2.120264	0.000599
芯褌褋褍褌褋褌胁懈褟	0.000282	2.995732	0.000846
芯褌褋褍褌褋褌胁褍械褌	0.000282	2.525729	0.000713
芯褏谢邪写懈褌褜	0.000282	0.116534	0.000033
芯褔械褉械写褜	0.000565	1.966113	0.001111
锌邪泻械褌懈泻邪褏	0.000282	0.105361	0.000030
锌邪谢芯褔泻邪	0.000847	1.560648	0.001323
锌邪谢芯褔泻懈	0.000282	0.040822	0.000012
锌邪薪懈褉芯胁泻邪	0.002260	0.116534	0.000263
锌邪褉邪	0.000282	0.116534	0.000033
锌邪褉邪写	0.001977	0.116534	0.000230
锌邪褉芯胁邪褉泻械	0.002542	0.116534	0.000296
锌邪褉芯谢褜	0.000282	0.020203	0.000006
锌邪褋褌邪	0.000847	0.040822	0.000035
锌邪褋褌褉芯屑邪	0.000282	0.040822	0.000012
锌邪褋褏邪	0.000565	0.040822	0.000023
锌邪褋褏邪谢褜薪邪褟	0.000565	0.116534	0.000066
锌邪褋褏邪谢褜薪褘泄	0.000282	0.127833	0.000036
锌邪褌械薪褌	0.000282	2.525729	0.000713
锌邪褕褌械褌	0.000282	0.040822	0.000012
锌邪褕褌械褌褘	0.000565	0.116534	0.000066
锌械泻邪褉褟	0.000282	0.127833	0.000036
锌械泻谢邪	0.000282	2.525729	0.000713
锌械谢褜屑械薪械泄	0.000565	2.525729	0.001427
锌械谢褜屑械薪懈	0.000282	0.116534	0.000033
锌械谢褜屑械薪薪芯谐芯	0.000282	2.659260	0.000751
锌械谢褜屑械薪薪芯械	0.000282	2.659260	0.000751
锌械褉胁芯械	0.000565	0.040822	0.000023
锌械褉胁芯泻谢邪褋褋薪懈泻芯胁	0.000282	2.407946	0.000680
锌械褉胁褘械	0.000282	0.127833	0.000036
锌械褉胁褘屑	0.000282	0.116534	0.000033
锌械褉械写邪褔械	0.000282	2.659260	0.000751
锌械褉械泄褌懈	0.000282	0.040822	0.000012
锌械褉械泻褍褋	0.000565	0.116534	0.000066
锌械褉械褑	0.000847	0.040822	0.000035
锌械褉懈芯写	0.000282	2.207275	0.000624
锌械褉褋芯薪褘	0.000282	0.116534	0.000033
锌械褉褍邪薪褋泻邪褟	0.000282	0.116534	0.000033
锌械褋芯褔薪芯械	0.000565	0.105361	0.000060
锌械褋芯褔薪褘泄	0.000282	0.116534	0.000033
锌械褌械谢懈薪泻懈	0.000282	0.127833	0.000036
锌械褔械薪芯褔薪褘泄	0.000282	0.040822	0.000012
锌械褔械薪褜械	0.002542	0.040822	0.000104
锌械褔懈	0.000282	0.127833	0.000036
锌懈胁芯	0.000282	0.116534	0.000033
锌懈泻邪薪褌褘	0.000282	0.127833	0.000036
锌懈泻薪懈泻	0.000565	0.116534	0.000066
锌懈泻薪懈泻邪	0.000282	0.116534	0.000033
锌懈泻薪懈泻褍	0.000282	0.105361	0.000030
锌懈褉	0.000282	0.116534	0.000033
锌懈褉芯谐	0.003390	0.040822	0.000138
锌懈褉芯谐邪	0.000282	1.309333	0.000370
锌懈褉芯谐懈	0.001412	0.105361	0.000149
锌懈褉芯卸泻懈	0.000847	0.040822	0.000035
锌懈褉芯卸薪芯械	0.000282	0.040822	0.000012
锌懈褉芯卸薪褘械	0.000282	0.116534	0.000033
锌懈褌邪薪懈械	0.001412	0.105361	0.000149
锌懈褑褑邪	0.000847	0.040822	0.000035
锌懈褑褑褘	0.000847	2.207275	0.001871
锌谢邪胁谢械薪褘泄	0.000565	1.237874	0.000699
锌谢邪屑褟	0.000282	0.116534	0.000033
锌谢懈褌邪	0.001130	0.127833	0.000144
锌谢芯胁	0.000282	0.116534	0.000033
锌谢芯写褘	0.000282	0.116534	0.000033
锌芯胁邪褉械薪泻械	0.000282	0.040822	0.000012
锌芯胁邪褉械薪芯泻	0.000282	0.061875	0.000017
锌芯胁邪褉褟褌	0.000282	0.116534	0.000033
锌芯胁邪褉褟褌邪屑	0.000282	2.407946	0.000680
锌芯胁邪褉褟褌邪屑懈	0.000282	0.040822	0.000012
锌芯胁邪褉褢薪泻邪	0.000282	0.116534	0.000033
锌芯胁械褋懈褌褜	0.000282	2.407946	0.000680
锌芯胁懈写谢芯	0.000282	0.040822	0.000012
锌芯胁褌芯褉懈谢邪	0.000282	2.525729	0.000713
锌芯写邪褉泻芯胁	0.000282	0.116534	0.000033
锌芯写写邪胁邪褌褜褋褟	0.000282	2.659260	0.000751
锌芯写械谢懈褌褜褋褟	0.000565	0.478036	0.000270
锌芯写泻褍锌懈谢	0.000282	2.659260	0.000751
锌芯写谢懈胁邪	0.000282	0.116534	0.000033
锌芯写谢懈胁泻邪	0.000282	0.040822	0.000012
锌芯写芯斜薪芯谐芯	0.000282	2.525729	0.000713
锌芯写芯泄写械褌	0.000282	1.832581	0.000518
锌芯写锌懈褋邪褌褜褋褟	0.000282	0.040822	0.000012
锌芯写锌懈褕懈褌械褋褜	0.000565	0.040822	0.000023
锌芯写褉褍谐懈	0.000282	2.659260	0.000751
锌芯写褏芯写懈褌	0.000282	1.897120	0.000536
锌芯械写邪薪懈懈	0.000282	2.207275	0.000624
锌芯械写懈薪泻懈	0.003955	0.116534	0.000461
锌芯卸邪谢褍泄褋褌邪	0.000282	1.966113	0.000555
锌芯蟹写褉邪胁谢褟褞	0.000282	2.207275	0.000624
锌芯蟹写褉邪胁褜	0.000282	0.116534	0.000033
锌芯懈褋泻	0.000282	0.051293	0.000014
锌芯懈褋泻械	0.000282	2.407946	0.000680
锌芯懈褋泻褍	0.000282	2.302585	0.000650
锌芯谢写薪懈泻	0.000565	0.116534	0.000066
锌芯谢械蟹薪芯	0.000282	0.116534	0.000033
锌芯谢懈褌懈泻芯泄	0.000282	0.040822	0.000012
锌芯谢薪芯褋褌褜褞	0.000282	1.347074	0.000381
锌芯谢芯胁懈薪邪	0.002260	0.116534	0.000263
锌芯谢芯卸懈褌褜	0.000282	2.525729	0.000713
锌芯谢褍褔邪械褌褋褟	0.001130	0.400478	0.000453
锌芯谢褍褔邪泄褌械	0.000282	0.040822	0.000012
锌芯谢褍褔邪褌褜	0.000282	0.040822	0.000012
锌芯谢褍褔械薪	0.000282	2.525729	0.000713
锌芯谢褜蟹邪	0.000282	0.127833	0.000036
锌芯谢褜蟹芯泄	0.001130	0.116534	0.000132
锌芯谢褜褋泻邪褟	0.000282	0.116534	0.000033
锌芯屑邪写泻邪	0.000565	0.040822	0.000023
锌芯屑邪写泻懈	0.000282	0.116534	0.000033
锌芯屑懈写芯褉泻懈	0.000282	0.127833	0.000036
锌芯屑懈写芯褉褘	0.000565	0.116534	0.000066
锌芯屑芯褖薪懈褑邪	0.000282	2.525729	0.000713
锌芯薪褉邪胁懈胁褕懈械褋褟	0.000282	0.040822	0.000012
锌芯薪褉邪胁懈谢褋褟	0.000282	1.714798	0.000484
锌芯薪褔懈泻懈	0.000565	0.040822	0.000023
锌芯锌邪谢	0.000282	2.407946	0.000680
锌芯锌褉芯斜芯胁邪褌褜	0.000565	0.798508	0.000451
锌芯锌褍谢褟褉薪褘泄	0.000282	2.040221	0.000576
锌芯褉邪	0.000282	0.116534	0.000033
锌芯褉懈褋褌褘泄	0.000282	2.207275	0.000624
锌芯褉芯褕芯泻	0.001130	0.916291	0.001035
锌芯褉褌褍谐邪谢褜褋泻邪褟	0.000282	0.116534	0.000033
锌芯褉褑懈懈	0.000282	2.120264	0.000599
锌芯褋械褖邪械褌械	0.000282	0.061875	0.000017
锌芯褋谢械写薪懈泄	0.000282	1.560648	0.000441
锌芯褋褌	0.001412	0.105361	0.000149
锌芯褋褌薪芯械	0.000282	0.116534	0.000033
锌芯褋褌薪褘械	0.000282	0.040822	0.000012
锌芯褋褌薪褘泄	0.000282	0.116534	0.000033
锌芯褋褌芯褟薪薪芯	0.000282	0.040822	0.000012
锌芯褋褌褉邪写邪械褌	0.000282	2.813411	0.000795
锌芯褋褌褉芯懈屑	0.000282	0.116534	0.000033
锌芯褋褍写邪	0.000565	0.094311	0.000053
锌芯褔械屑褍	0.000282	1.203973	0.000340
锌芯褔褌懈	0.000282	1.021651	0.000289
锌芯褔褌褍	0.000282	0.040822	0.000012
锌芯褕邪谐芯胁褘械	0.000282	0.301105	0.000085
锌芯褕邪谐芯胁褘屑懈	0.000282	0.040822	0.000012
锌褉邪胁写邪	0.000282	1.139434	0.000322
锌褉邪胁懈谢褜薪芯械	0.000282	2.659260	0.000751
锌褉邪胁懈谢褜薪褘械	0.000282	2.659260	0.000751
锌褉邪谐邪	0.000282	2.525729	0.000713
锌褉邪蟹写薪械褋褌胁邪	0.000282	2.407946	0.000680
锌褉邪蟹写薪懈泻邪	0.000282	0.116534	0.000033
锌褉邪蟹写薪懈褔薪芯	0.000282	0.116534	0.000033
锌褉邪蟹写薪懈褔薪芯谐芯	0.000282	0.116534	0.000033
锌褉邪蟹写薪懈褔薪褘泄	0.000282	0.116534	0.000033
锌褉邪泻褌懈泻褍屑	0.000282	0.116534	0.000033
锌褉械胁芯褋褏芯写薪褘械	0.000282	0.116534	0.000033
锌褉械胁芯褋褏芯写薪褘泄	0.000282	2.525729	0.000713
锌褉械胁褉邪褖械薪懈褟	0.000282	0.116534	0.000033
锌褉械写谢邪谐邪械屑褘泄	0.000282	2.407946	0.000680
锌褉械写谢邪谐邪褞	0.000565	0.693147	0.000392
锌褉械写谢芯卸懈褌褜	0.000282	1.237874	0.000350
锌褉械写褋褌邪胁懈谢邪	0.000282	2.813411	0.000795
锌褉械褋薪芯械	0.000565	0.116534	0.000066
锌褉懈斜谢懈卸械薪	0.000282	2.525729	0.000713
锌褉懈谐芯褌芯胁懈谢邪	0.000565	1.386294	0.000783
锌褉懈谐芯褌芯胁懈屑	0.000282	0.116534	0.000033
锌褉懈谐芯褌芯胁懈褌褜	0.000847	0.342490	0.000290
锌褉懈谐芯褌芯胁谢械薪懈械	0.000282	0.105361	0.000030
锌褉懈谐芯褌芯胁谢械薪懈懈	0.000282	0.798508	0.000226
锌褉懈谐芯褌芯胁谢械薪懈褞	0.000282	0.040822	0.000012
锌褉懈谐芯褌芯胁谢械薪懈褟	0.000282	0.371064	0.000105
锌褉懈写褍屑邪薪	0.000282	2.207275	0.000624
锌褉懈蟹薪邪薪懈械	0.000282	0.116534	0.000033
锌褉懈蟹芯胁	0.000282	0.040822	0.000012
锌褉懈屑械褉薪芯	0.000282	1.966113	0.000555
锌褉懈薪芯褕褍	0.000282	2.302585	0.000650
锌褉懈锌褉邪胁邪	0.000282	0.040822	0.000012
锌褉懈褉芯写褍	0.000282	0.116534	0.000033
锌褉懈褉芯写褘	0.000282	0.116534	0.000033
锌褉懈褋褌褍锌懈褌褜	0.000282	0.040822	0.000012
锌褉懈褟褌薪褘屑	0.000282	2.207275	0.000624
锌褉芯胁械写懈	0.001130	0.116534	0.000132
锌褉芯胁械褉械薪芯	0.001695	0.116534	0.000198
锌褉芯胁械褉懈褌褜	0.000565	1.832581	0.001035
锌褉芯胁芯写懈屑褘褏	0.000282	0.040822	0.000012
锌褉芯胁芯卸邪械屑	0.000282	0.116534	0.000033
锌褉芯写邪胁邪谢懈	0.000282	2.407946	0.000680
锌褉芯写褍泻褌芯胁	0.000565	0.094311	0.000053
锌褉芯械泻褌芯胁	0.000282	0.116534	0.000033
锌褉芯械泻褌褘	0.000282	0.061875	0.000017
锌褉芯懈蟹胁械谢	0.000282	2.525729	0.000713
锌褉芯锌芯褉褑懈懈	0.000282	1.714798	0.000484
锌褉芯褋懈谢	0.000282	2.813411	0.000795
锌褉芯褋屑芯褌褉邪屑	0.000282	0.274437	0.000078
锌褉芯褋褌芯	0.002542	0.083382	0.000212
锌褉芯褋褌芯谐芯	0.000282	2.040221	0.000576
锌褉芯褋褌芯泄	0.000565	0.755023	0.000427
锌褉芯褋褌芯泻胁邪褕邪	0.000282	0.040822	0.000012
锌褉芯褋褔懈褌邪薪褘	0.000282	2.659260	0.000751
锌褉芯褋褜斜邪屑	0.000282	2.207275	0.000624
锌褉芯褋褜斜芯泄	0.000282	2.302585	0.000650
锌褉芯褎懈谢褜	0.000282	0.040822	0.000012
锌褉芯褔懈褌邪谢邪	0.000565	1.832581	0.001035
锌褉芯褔谢邪	0.000282	2.302585	0.000650
锌褉芯褕谢芯谐芯	0.000282	2.302585	0.000650
锌褉芯褕褍	0.000282	1.139434	0.000322
锌褉芯褖械	0.000282	1.660731	0.000469
锌褉褟屑芯	0.000282	0.040822	0.000012
锌褉褟薪懈泻	0.000282	0.040822	0.000012
锌褉褟薪懈泻懈	0.000282	0.116534	0.000033
锌褉褟薪懈褔薪芯械	0.000282	0.116534	0.000033
锌褌懈褑邪	0.001412	0.116534	0.000165
锌褌懈褑械	0.000565	0.116534	0.000066
锌褌懈褑械泄	0.000282	0.127833	0.000036
锌褌懈褑褘	0.003107	0.116534	0.000362
锌褌懈褔褜械	0.000565	1.832581	0.001035
锌褍斜谢懈泻芯胁邪谢褋褟	0.000282	2.407946	0.000680
锌褍写懈薪谐	0.000282	0.040822	0.000012
锌褍写懈薪谐懈	0.000565	0.116534	0.000066
锌褍薪褕	0.000282	0.040822	0.000012
锌褍褌械褕械褋褌胁懈械	0.000565	0.116534	0.000066
锌褍褌褜	0.000282	0.116534	0.000033
锌褕械薪懈褔薪邪褟	0.009322	0.287682	0.002682
锌褘褕泻懈	0.000282	0.040822	0.000012
锌褘褕薪褘泄	0.000282	3.218876	0.000909
锌褞褉械	0.001130	0.040822	0.000046
锌褟褌褜	0.000282	1.832581	0.000518
褉邪斜芯褌褍	0.000282	1.560648	0.000441
褉邪谐褍	0.000282	0.116534	0.000033
褉邪蟹	0.000565	0.446287	0.000252
褉邪蟹斜褍褏邪褌褜	0.000282	2.659260	0.000751
褉邪蟹胁械褉薪褍褌褜	0.000282	0.116534	0.000033
褉邪蟹写械谢懈胁	0.000282	3.218876	0.000909
褉邪蟹写械谢褜薪芯械	0.000282	0.116534	0.000033
褉邪蟹屑械褋褌懈褌褜	0.000282	2.813411	0.000795
褉邪蟹屑械褖械薪薪褘泄	0.000282	2.525729	0.000713
褉邪蟹薪褘械	0.000282	0.116534	0.000033
褉邪蟹芯屑	0.000282	2.407946	0.000680
褉邪蟹褉褘褏谢懈褌械谢褜	0.001695	1.237874	0.002098
褉邪薪械械	0.000282	2.407946	0.000680
褉邪褋泻邪褌褘胁邪褌褜褋褟	0.000282	2.659260	0.000751
褉邪褋褋泻邪蟹褘胁邪械褌	0.000282	2.995732	0.000846
褉邪褋褋芯谢褜薪懈泻	0.000565	0.040822	0.000023
褉邪褋褋芯谢褜薪懈泻邪	0.000282	0.116534	0.000033
褉邪褋褋褔懈褌邪薪	0.000282	2.302585	0.000650
褉邪褋褋褘谢泻懈	0.000282	0.061875	0.000017
褉邪褋褌懈褌械谢褜薪芯械	0.002260	0.235722	0.000533
褉胁械褌褋褟	0.000282	3.218876	0.000909
褉械谐懈褋褌褉邪褑懈懈	0.000565	0.010050	0.000006
褉械谐懈褋褌褉邪褑懈褟	0.000282	0.000000	0.000000
褉械写邪泻褌芯褉邪	0.000565	2.407946	0.001360
褉械蟹褍谢褜褌邪褌	0.000282	0.967584	0.000273
褉械泄褌懈薪谐褍	0.000282	0.248461	0.000070
褉械泻谢邪屑褘	0.000282	2.995732	0.000846
褉械泻芯屑械薪写褍褞	0.000565	1.049822	0.000593
褉械锌褔邪褌褘泄	0.001130	0.430783	0.000487
褉械褋褌芯褉邪薪邪	0.000282	1.832581	0.000518
褉械褑械锌褌	0.007910	0.040822	0.000323
褉械褑械锌褌邪	0.000565	0.462035	0.000261
褉械褑械锌褌邪褏	0.000565	0.061875	0.000035
褉械褑械锌褌芯胁	0.001695	0.040822	0.000069
褉械褑械锌褌芯屑	0.000282	0.693147	0.000196
褉械褑械锌褌褘	0.020339	0.040822	0.000830
褉械褕懈谢邪	0.000847	0.820981	0.000696
褉懈褋	0.001130	0.040822	0.000046
褉懈褋邪	0.000282	0.116534	0.000033
褉懈褌屑械	0.000282	0.116534	0.000033
褉芯谐邪谢懈泻懈	0.000282	0.040822	0.000012
褉芯写懈褌械谢械泄	0.000282	2.040221	0.000576
褉芯写薪芯械	0.000282	0.116534	0.000033
褉芯写芯屑	0.000282	2.525729	0.000713
褉芯卸写械薪懈褟	0.000282	0.105361	0.000030
褉芯卸写械褋褌胁芯	0.000282	0.116534	0.000033
褉芯谢谢褌芯薪	0.000282	0.116534	0.000033
褉芯谢谢褘	0.000565	0.040822	0.000023
褉芯屑	0.000282	0.040822	0.000012
褉褌褍	0.000282	1.469676	0.000415
褉褍斜褉懈泻邪褌芯褉	0.000282	0.051293	0.000014
褉褍谢械褌	0.000282	0.040822	0.000012
褉褍谢械褌褘	0.002825	0.116534	0.000329
褉褍屑褘薪褋泻邪褟	0.000282	0.116534	0.000033
褉褍屑褟薪褘械	0.000282	0.116534	0.000033
褉褍薪械褌械	0.000282	0.020203	0.000006
褉褍褋褋泻邪褟	0.000282	0.116534	0.000033
褉褘斜邪	0.002542	0.040822	0.000104
褉褘斜械	0.000565	0.116534	0.000066
褉褘斜薪邪褟	0.000282	0.116534	0.000033
褉褘斜薪芯谐芯	0.000565	0.116534	0.000066
褉褘斜薪褘械	0.001130	0.116534	0.000132
褉褘斜薪褘泄	0.000565	0.116534	0.000066
褉褘斜薪褘褏	0.000282	0.116534	0.000033
褉褘斜芯泄	0.000565	0.116534	0.000066
褉褘斜芯谢芯胁薪芯谐芯	0.000282	2.995732	0.000846
褉褘斜褘	0.003390	0.116534	0.000395
褉褟卸械薪泻邪	0.000282	0.116534	0.000033
褋邪泄褌	0.000847	0.000000	0.000000
褋邪泄褌邪	0.000282	1.108663	0.000313
褋邪泄褌械	0.000565	0.462035	0.000261
褋邪泄褌芯屑	0.000282	2.813411	0.000795
褋邪泄褌褍	0.000565	0.061875	0.000035
褋邪谢邪褌	0.000282	0.094311	0.000027
褋邪谢邪褌薪邪褟	0.000282	0.116534	0.000033
褋邪谢邪褌褘	0.008757	0.040822	0.000357
褋邪屑芯谐芯薪	0.000282	0.040822	0.000012
褋邪屑褍褞	0.000282	3.218876	0.000909
褋邪屑褘械	0.000282	1.832581	0.000518
褋邪屑褘泄	0.000282	1.021651	0.000289
褋邪屑褘屑	0.000282	1.386294	0.000392
褋邪屑褘褏	0.000565	0.116534	0.000066
褋邪薪谐邪褉懈	0.000282	2.659260	0.000751
褋邪褎	0.000847	0.116534	0.000099
褋邪褎褋械屑	0.000282	0.116534	0.000033
褋邪褏邪褉	0.007345	0.116534	0.000856
褋斜懈褌械薪褜	0.000282	0.040822	0.000012
褋胁械卸械褋褌褜	0.000282	0.105361	0.000030
褋胁械泻谢邪	0.000282	0.040822	0.000012
褋胁械泻芯谢褜薪懈泻	0.000565	0.040822	0.000023
褋胁械褌邪	0.001130	0.116534	0.000132
褋胁懈薪懈薪邪	0.001130	0.040822	0.000046
褋胁懈薪懈薪褘	0.001412	0.116534	0.000165
褋胁芯械	0.000282	0.116534	0.000033
褋胁芯械屑	0.000282	0.040822	0.000012
褋胁芯懈屑	0.000282	0.040822	0.000012
褋胁芯褞	0.000565	0.040822	0.000023
褋谐褍褖械薪泻邪	0.000282	0.040822	0.000012
褋谐褍褖械薪薪芯械	0.000565	2.040221	0.001153
褋写械谢邪薪	0.000282	2.995732	0.000846
褋械蟹芯薪	0.000282	0.116534	0.000033
褋械泄褔邪褋	0.000282	0.030459	0.000009
褋械泻褉械褌	0.000565	1.609438	0.000909
褋械泻褉械褌褘	0.000565	0.116534	0.000066
褋械谢械写泻邪	0.000282	0.040822	0.000012
褋械谢械蟹薪械胁褘屑	0.000282	3.218876	0.000909
褋械屑谐邪	0.000282	0.040822	0.000012
褋械屑械泄薪褘泄	0.000282	0.116534	0.000033
褋械屑褜械泄	0.000282	1.897120	0.000536
褋械屑褜懈	0.000282	0.116534	0.000033
褋械薪褌褟斜褉褟	0.000282	0.673345	0.000190
褋懈谐邪褉褘	0.000282	2.525729	0.000713
褋懈写褉	0.000282	0.040822	0.000012
褋懈褉懈泄褋泻邪褟	0.000282	0.116534	0.000033
褋懈褉芯锌	0.000282	0.040822	0.000012
褋懈褉芯锌褘	0.000282	0.116534	0.000033
褋懈褋褌械屑褘	0.000282	0.040822	0.000012
褋懈褌懈	0.000282	0.127833	0.000036
褋泻邪蟹邪谢邪	0.000282	1.832581	0.000518
褋泻邪蟹邪褌褜	0.000565	0.653926	0.000369
褋泻邪蟹芯泻	0.000282	0.116534	0.000033
褋泻芯胁芯褉芯写械	0.000282	1.560648	0.000441
褋谢邪写泻邪褟	0.000565	0.116534	0.000066
褋谢邪写泻懈械	0.001695	0.040822	0.000069
褋谢邪写泻懈泄	0.002825	0.105361	0.000298
褋谢邪写泻懈褏	0.000565	0.116534	0.000066
褋谢邪写泻芯	0.000282	0.116534	0.000033
褋谢械写褍褞褖械械	0.000282	2.813411	0.000795
褋谢懈胁邪	0.000565	2.302585	0.001301
褋谢懈胁芯胁褘泄	0.000282	2.407946	0.000680
褋谢懈胁芯褔薪芯谐芯	0.000282	1.771957	0.000501
褋谢懈胁芯褔薪芯械	0.003107	0.116534	0.000362
褋谢芯械薪芯谐芯	0.000282	0.127833	0.000036
褋谢芯械薪芯械	0.000282	0.116534	0.000033
褋谢芯械薪褘泄	0.000847	0.116534	0.000099
褋谢芯泄泻邪	0.000282	0.040822	0.000012
褋谢芯泄泻懈	0.000282	0.116534	0.000033
褋谢褍褔邪懈	0.000282	2.407946	0.000680
褋谢褍褔邪谢芯褋褜	0.000282	2.525729	0.000713
褋屑	0.000282	2.040221	0.000576
褋屑械褌邪薪邪	0.001977	0.105361	0.000208
褋屑械褕邪薪薪芯谐芯	0.000282	0.116534	0.000033
褋屑芯卸械褌械	0.000282	0.040822	0.000012
褋屑褍蟹懈	0.000847	0.040822	0.000035
褋薪褝泻	0.000282	0.116534	0.000033
褋芯斜懈褉邪械褌械褋褜	0.000282	0.040822	0.000012
褋芯胁械褉褕械薪薪芯	0.000282	1.171183	0.000331
褋芯胁械褉褕械薪褋褌胁芯	0.001412	0.116534	0.000165
褋芯胁械褋褌褜褞	0.000282	2.995732	0.000846
褋芯胁械褌邪屑懈	0.000282	0.040822	0.000012
褋芯胁械褌褍褞	0.000282	1.139434	0.000322
褋芯谐谢邪褋薪芯	0.000282	2.302585	0.000650
褋芯谐谢邪褕邪械褌械褋褜	0.000282	0.040822	0.000012
褋芯写邪	0.001695	0.967584	0.001640
褋芯蟹写邪械褌	0.000282	0.116534	0.000033
褋芯蟹写邪薪懈褟	0.000565	0.261365	0.000148
褋芯泻	0.000565	0.116534	0.000066
褋芯泻邪	0.000282	0.105361	0.000030
褋芯泻懈	0.000282	0.040822	0.000012
褋芯谢械薪褘械	0.000847	0.116534	0.000099
褋芯谢械薪褜褟	0.000565	0.116534	0.000066
褋芯谢薪械褔薪芯泄	0.000282	0.127833	0.000036
褋芯谢褜	0.005085	0.150823	0.000767
褋芯谢褟薪泻邪	0.000565	0.040822	0.000023
褋芯褉褌懈褉芯胁邪褌褜	0.000282	0.248461	0.000070
褋芯褋褌邪胁	0.000282	1.897120	0.000536
褋芯褋褌邪胁褜	0.000282	0.116534	0.000033
褋芯褍褋	0.002260	0.040822	0.000092
褋芯褍褋芯屑	0.001412	0.116534	0.000165
褋芯褍褋褘	0.001130	0.116534	0.000132
褋芯褏褉邪薪褟褌褜	0.000282	0.040822	0.000012
褋芯褑褋械褌懈	0.000282	0.040822	0.000012
褋芯褔械褌邪薪懈械	0.000282	0.116534	0.000033
褋芯褔薪芯械	0.000282	0.116534	0.000033
褋芯褔薪褍褞	0.000282	2.995732	0.000846
褋锌邪褋懈斜芯	0.000282	0.673345	0.000190
褋锌械褑懈邪谢褜薪芯械	0.000282	0.116534	0.000033
褋锌械褑懈懈	0.000282	0.105361	0.000030
褋锌械褑锌褉芯械泻褌	0.009322	0.116534	0.001086
褋锌械褕褍	0.000282	2.040221	0.000576
褋锌懈褋芯泻	0.000282	0.116534	0.000033
褋锌芯泻芯泄薪芯泄	0.000282	2.995732	0.000846
褋锌芯褞	0.000282	0.116534	0.000033
褋褉邪蟹褍	0.000282	0.733969	0.000207
褋褉械写懈蟹械屑薪芯屑芯褉褋泻邪褟	0.000282	0.127833	0.000036
褋褌邪褉褘械	0.000282	0.261365	0.000074
褋褌邪褉褘泄	0.000282	2.040221	0.000576
褋褌邪褌褜褟褏	0.000282	0.061875	0.000017
褋褌械锌懈	0.000282	2.302585	0.000650
褋褌械锌薪芯屑褍	0.000282	2.407946	0.000680
褋褌懈谢械	0.000282	0.116534	0.000033
褋褌懈谢褟	0.000282	0.116534	0.000033
褋褌芯谢	0.000565	0.105361	0.000060
褋褌芯谢邪	0.001695	0.116534	0.000198
褋褌褉邪薪懈褑	0.000282	2.525729	0.000713
褋褌褉邪薪薪芯	0.000282	2.659260	0.000751
褋褌褉芯懈褌械谢褜褋褌胁械	0.000282	0.040822	0.000012
褋褌褉芯懈褌械谢褜褋褌胁褍	0.000282	0.040822	0.000012
褋褌褉芯懈褌褜	0.000282	0.040822	0.000012
褋褌褉芯泄薪芯泄	0.000282	0.116534	0.000033
褋褍斜锌褉芯写褍泻褌芯胁	0.001977	0.116534	0.000230
褋褍斜锌褉芯写褍泻褌褘	0.000847	0.116534	0.000099
褋褍写	0.000282	2.525729	0.000713
褋褍写薪邪	0.000282	2.995732	0.000846
褋褍屑邪褋褕械写褕懈泄	0.000282	2.207275	0.000624
褋褍锌	0.002542	0.040822	0.000104
褋褍锌邪	0.000282	0.040822	0.000012
褋褍锌械褉斜邪斜褍褕泻邪	0.000565	1.237874	0.000699
褋褍锌褘	0.002542	0.040822	0.000104
褋褍褎谢械	0.001130	0.040822	0.000046
褋褍褏邪褉懈	0.000282	0.040822	0.000012
褋褍褕懈	0.000565	0.040822	0.000023
褋褔懈褌邪薪薪褘械	0.000282	1.966113	0.000555
褋褔懈褌邪褌褜	0.000282	2.302585	0.000650
褋褗械写邪谢	0.000282	2.995732	0.000846
褋褘褉	0.003107	0.040822	0.000127
褋褘褉邪	0.001412	0.116534	0.000165
褋褘褉邪屑懈	0.000282	0.127833	0.000036
褋褘褉薪懈泻	0.000282	0.040822	0.000012
褋褘褉薪懈泻懈	0.000565	0.116534	0.000066
褋褘褉薪褘械	0.001412	0.040822	0.000058
褋褘褉芯屑	0.000847	0.713350	0.000605
褋褘褌薪褘泄	0.000565	0.105361	0.000060
褋褘褔褍卸薪褘屑懈	0.000282	0.127833	0.000036
褋褝薪写胁懈褔懈	0.000282	0.127833	0.000036
褋褞褉锌褉懈蟹	0.000282	0.116534	0.000033
褌邪写卸懈泻褋泻邪褟	0.000282	0.116534	0.000033
褌邪泄屑褋	0.000282	2.407946	0.000680
褌邪泄褋泻邪褟	0.000282	0.116534	0.000033
褌邪泻懈屑	0.000282	1.021651	0.000289
褌邪泻芯谐芯	0.000282	1.078810	0.000305
褌邪褉褌	0.000282	0.116534	0.000033
褌邪褉褌邪谢械褌泻懈	0.000565	0.040822	0.000023
褌邪褌邪褉褋泻邪褟	0.000282	0.116534	0.000033
褌邪褞褖懈泄	0.000282	2.407946	0.000680
褌胁械褉写褘泄	0.001695	0.562119	0.000953
褌胁芯懈	0.000565	0.116534	0.000066
褌胁芯褉懈	0.000282	0.116534	0.000033
褌胁芯褉芯谐	0.000565	0.040822	0.000023
褌胁芯褉芯谐芯屑	0.000565	0.105361	0.000060
褌胁芯褉芯卸薪芯械	0.000282	0.116534	0.000033
褌胁芯褉芯卸薪褘械	0.000565	0.116534	0.000066
褌胁芯褉芯卸薪褘泄	0.000282	0.116534	0.000033
褌械谢械谐褉邪屑	0.000282	0.040822	0.000012
褌械谢褟褌懈薪褘	0.001130	0.116534	0.000132
褌械锌械褉褜	0.000282	0.916291	0.000259
褌械锌谢芯屑	0.000282	0.116534	0.000033
褌械褉锌械薪懈械	0.000565	2.407946	0.001360
褌械褉褉邪褋芯泄	0.000282	0.798508	0.000226
褌械褉褉懈薪	0.000282	0.040822	0.000012
褌械褋褌	0.001412	0.127833	0.000181
褌械褋褌邪	0.006497	0.105361	0.000685
褌械褋褌械	0.000282	2.040221	0.000576
褌械褋褌芯	0.006215	0.040822	0.000254
褌械褏	0.000282	0.634878	0.000179
褌械褏薪懈泻邪	0.001412	0.105361	0.000149
褌械褖懈薪	0.000282	0.040822	0.000012
褌屑	0.001130	0.127833	0.000144
褌芯谐写邪褕薪械谐芯	0.000282	2.407946	0.000680
褌芯薪械薪褜泻芯械	0.000282	3.218876	0.000909
褌芯薪泻芯	0.000282	2.407946	0.000680
褌芯薪泻芯谐芯	0.000282	2.302585	0.000650
褌芯薪泻芯泄	0.000282	2.302585	0.000650
褌芯锌谢械薪芯械	0.000282	0.116534	0.000033
褌芯褉褌	0.007062	0.040822	0.000288
褌芯褉褌懈泻	0.000565	1.966113	0.001111
褌芯褉褌芯胁	0.000282	2.659260	0.000751
褌芯褉褌褘	0.003390	0.116534	0.000395
褌褉邪胁褘	0.000282	0.105361	0.000030
褌褉邪写懈褑懈懈	0.000282	0.116534	0.000033
褌褉邪写懈褑懈泄	0.001130	0.116534	0.000132
褌褉邪写懈褑懈褟褏	0.000282	0.116534	0.000033
褌褉械斜芯胁邪薪懈褟屑	0.000282	2.659260	0.000751
褌褉械褏谢械褌懈械屑	0.000282	0.116534	0.000033
褌褉懈卸写褘	0.000282	2.302585	0.000650
褌褉褍斜芯褔泻懈	0.000282	0.040822	0.000012
褌褍薪懈褋褋泻邪褟	0.000282	0.116534	0.000033
褌褍薪褑芯屑	0.000282	0.116534	0.000033
褌褍褉械褑泻邪褟	0.000282	0.116534	0.000033
褌褘泻胁邪	0.000282	0.040822	0.000012
褍斜械写懈褌械褋褜	0.000282	2.120264	0.000599
褍胁械写芯屑谢械薪懈褟	0.000282	0.040822	0.000012
褍胁械褉械薪邪	0.000282	1.272966	0.000360
褍胁懈写械谢邪	0.000282	1.427116	0.000403
褍谐芯褖邪泄褌械褋褜	0.000282	1.021651	0.000289
褍写邪谢褞	0.000282	1.771957	0.000501
褍写邪褔薪邪褟	0.000282	0.116534	0.000033
褍写懈胁懈	0.000282	0.116534	0.000033
褍写懈胁谢褟泄褌械	0.001130	0.116534	0.000132
褍写芯胁谢械褌胁芯褉褟械褌	0.000282	2.659260	0.000751
褍写芯胁芯谢褜褋褌胁懈械屑	0.000282	0.116534	0.000033
褍卸	0.000847	0.693147	0.000587
褍卸懈薪	0.001977	0.094311	0.000186
褍蟹斜械泻褋泻邪褟	0.000282	0.116534	0.000033
褍泻褉邪懈薪褋泻邪褟	0.000282	0.116534	0.000033
褍泻褉邪懈薪褘	0.000282	2.995732	0.000846
褍泻褉邪褕械薪懈褟	0.002260	0.116534	0.000263
褍泻褉芯锌	0.001130	0.562119	0.000635
褍泻褋褍褋	0.000565	0.634878	0.000359
褍泻褋褍褋芯屑	0.000565	2.120264	0.001198
褍屑芯锌芯屑褉邪褔懈褌械谢褜薪褘屑	0.000282	2.302585	0.000650
褍锌芯褌褉械斜谢械薪懈械屑	0.000282	0.116534	0.000033
褍褉邪谢褜褋泻邪褟	0.000282	0.116534	0.000033
褍褉芯卸邪泄	0.000282	0.105361	0.000030
褍褋谢芯胁懈褟褏	0.000282	1.771957	0.000501
褍褌泻懈	0.000847	0.116534	0.000099
褍褏邪	0.000282	0.040822	0.000012
褍褔邪褋褌胁芯胁邪褌褜	0.000282	0.040822	0.000012
褍褔械斜薪芯谐芯	0.000282	2.407946	0.000680
褍褝谢谢械薪写	0.000282	3.912023	0.001105
褎邪蟹械薪写褘	0.000282	0.127833	0.000036
褎邪薪褌邪蟹懈懈	0.001695	0.116534	0.000198
褎邪薪褌邪蟹懈泄	0.000282	0.116534	0.000033
褎邪薪褌邪蟹懈褟	0.000282	0.116534	0.000033
褎邪褉褕邪	0.003672	0.040822	0.000150
褎邪褉褕械屑	0.000282	1.966113	0.000555
褎邪褉褕懈褉芯胁邪薪薪邪褟	0.000565	0.116534	0.000066
褎邪褉褕懈褉芯胁邪薪薪芯械	0.000282	0.116534	0.000033
褎邪褉褕懈褉芯胁邪薪薪褘械	0.000565	0.040822	0.000023
褎邪褉褕懈褉芯胁邪薪薪褘泄	0.000282	0.040822	0.000012
褎邪褋芯谢褜	0.000282	0.040822	0.000012
褎械胁褉邪谢褟	0.000282	0.105361	0.000030
褎械泄械褉胁械褉泻	0.000565	0.116534	0.000066
褎懈谐褍褉械	0.000282	0.116534	0.000033
褎懈薪褋泻邪褟	0.000282	0.116534	0.000033
褎懈褉屑械薪薪芯械	0.000282	0.116534	0.000033
褎芯薪写褞	0.000282	0.040822	0.000012
褎芯褉屑褍	0.000282	1.832581	0.000518
褎芯褉屑褘	0.000282	0.116534	0.000033
褎芯褉褍屑械	0.000847	0.040822	0.000035
褎芯褉褕屑邪泻	0.000282	0.040822	0.000012
褎褉邪薪褑懈懈	0.000282	0.116534	0.000033
褎褉邪薪褑褍蟹褋泻邪褟	0.000282	0.116534	0.000033
褎褉邪褍	0.001130	0.116534	0.000132
褎褉械泄屑	0.000282	3.218876	0.000909
褎褉褍泻褌芯胁	0.001130	0.116534	0.000132
褎褉褍泻褌芯胁芯	0.000282	0.116534	0.000033
褎褉褍泻褌芯胁褘械	0.001977	0.040822	0.000081
褎褍写	0.000282	0.116534	0.000033
褎褍褉芯褉	0.000282	2.407946	0.000680
褎褍褉褕械褌	0.000282	0.116534	0.000033
褏邪谢胁邪	0.000282	0.040822	0.000012
褏邪褉邪泻褌械褉懈褋褌懈泻邪屑懈	0.000282	2.659260	0.000751
褏邪褉胁械褋褌褎械褋褌	0.000565	0.116534	0.000066
褏邪褉褔芯	0.000565	0.040822	0.000023
褏邪褌	0.000282	2.813411	0.000795
褏邪褔邪锌褍褉懈	0.000565	2.407946	0.001360
褏邪褕	0.000282	0.040822	0.000012
褏胁邪褌邪械褌	0.000282	2.407946	0.000680
褏胁邪褌邪谢懈	0.000282	2.525729	0.000713
褏胁芯褉芯褋褌	0.000282	0.040822	0.000012
褏懈薪泻邪谢懈	0.000282	0.116534	0.000033
褏懈褌	0.001977	0.116534	0.000230
褏谢械斜	0.001695	0.040822	0.000069
褏谢械斜芯锌械褔泻懈	0.000282	0.116534	0.000033
褏谢芯锌褜褟	0.000565	0.105361	0.000060
褏芯写懈褌	0.000282	2.407946	0.000680
褏芯蟹褟泄泻懈	0.000282	0.127833	0.000036
褏芯谢芯写械褑	0.000282	0.040822	0.000012
褏芯谢芯写懈谢褜薪懈泻邪	0.000282	2.302585	0.000650
褏芯谢芯写薪褘械	0.000565	0.116534	0.000066
褏芯谢芯写薪褘泄	0.000565	0.116534	0.000066
褏芯褉胁邪褌褋泻邪褟	0.000282	0.116534	0.000033
褏芯褉芯褕	0.000565	2.120264	0.001198
褏芯褉芯褕械械	0.000282	2.525729	0.000713
褏芯褉芯褕懈泄	0.000282	1.966113	0.000555
褏芯褉芯褕芯	0.001977	0.105361	0.000208
褏芯褉褋	0.000282	0.116534	0.000033
褏芯褌懈褌械	0.000282	0.040822	0.000012
褏芯褔褍	0.000282	0.562119	0.000159
褏褉邪薪懈褌褜	0.000282	2.207275	0.000624
褏褉褍褋褌褟褖械谐芯	0.000282	2.407946	0.000680
褏褉褍褋褌褟褖械械	0.000282	2.525729	0.000713
褏褍屑褍褋	0.000282	0.040822	0.000012
褑邪褉褋褌胁芯	0.000282	0.127833	0.000036
褑邪褉褜	0.000282	0.116534	0.000033
褑胁械褌薪邪褟	0.000282	0.040822	0.000012
褑械谢褘褏	0.000282	2.207275	0.000624
褑械薪薪褘褏	0.000282	0.040822	0.000012
褑械薪褌褉	0.000282	0.116534	0.000033
褔邪械屑	0.000565	0.116534	0.000066
褔邪泄	0.000847	0.040822	0.000035
褔械斜褍褉械泻懈	0.000565	0.040822	0.000023
褔械褉泻懈蟹芯胁芯	0.000565	0.116534	0.000066
褔械褉薪褘泄	0.000565	0.371064	0.000210
褔械褋薪芯泻	0.001130	0.314711	0.000356
褔械褋薪芯泻芯屑	0.000282	1.660731	0.000469
褔械褋褌薪芯	0.000565	1.203973	0.000680
褔械褋褌薪褘屑懈	0.000282	0.040822	0.000012
褔械褔械胁懈褑邪	0.000282	0.040822	0.000012
褔械褕褋泻邪褟	0.000282	0.116534	0.000033
褔懈蟹泻械泄泻	0.001130	0.040822	0.000046
褔懈谢懈泄褋泻邪褟	0.000282	0.116534	0.000033
褔懈锌褋褘	0.000282	0.040822	0.000012
褔懈褋谢褍	0.000282	0.261365	0.000074
褔懈褋褌芯泄	0.000282	2.995732	0.000846
褔褉械蟹胁褘褔邪泄薪芯	0.000282	2.040221	0.000576
褔褍写械褋	0.000282	0.116534	0.000033
褔褍写械褋薪褘屑	0.000282	2.407946	0.000680
褔褍写芯屑	0.000282	2.407946	0.000680
褕邪褉懈泻懈	0.000282	0.040822	0.000012
褕邪褉谢芯褌泻邪	0.000282	0.040822	0.000012
褕邪褉谢芯褌泻懈	0.000282	0.127833	0.000036
褕邪褉屑	0.000282	0.116534	0.000033
褕邪褕谢褘泻	0.003390	0.040822	0.000138
褕邪褕谢褘泻懈	0.000282	0.040822	0.000012
褕胁械写褋泻邪褟	0.000282	0.116534	0.000033
褕胁械泄褑邪褉褋泻邪褟	0.000282	0.116534	0.000033
褕械写械胁褉褘	0.000282	0.116534	0.000033
褕械褎	0.000282	0.127833	0.000036
褕懈锌褍褔泻邪	0.000282	0.040822	0.000012
褕懈褉芯泻邪褟	0.000282	0.127833	0.000036
褕泻芯谢褍	0.000282	0.116534	0.000033
褕芯泻械	0.000282	2.525729	0.000713
褕芯泻芯谢邪写	0.000282	0.040822	0.000012
褕芯泻芯谢邪写薪褘泄	0.000282	1.660731	0.000469
褕芯褌谢邪薪写褋泻邪褟	0.000282	0.116534	0.000033
褕褌褉褍写械谢褜	0.000282	0.040822	0.000012
褕褌褍泻	0.000282	2.120264	0.000599
褕褍褉锌邪	0.000282	0.040822	0.000012
褖邪褋	0.000282	0.116534	0.000033
褖械写褉邪褟	0.000282	0.116534	0.000033
褖懈	0.000565	0.040822	0.000023
褝泻芯屑懈谢泻	0.000282	0.127833	0.000036
褝褋褌芯薪褋泻邪褟	0.000282	0.116534	0.000033
褝褌懈屑	0.000565	1.108663	0.000626
褝褌芯谐芯	0.001412	0.415515	0.000587
褝褌芯屑	0.000282	0.843970	0.000238
褞斜懈谢械泄	0.000282	2.040221	0.000576
褞谐芯褋谢邪胁褋泻邪褟	0.000282	0.116534	0.000033
褞谢懈懈	0.000282	2.525729	0.000713
褟斜谢芯泻邪屑懈	0.000282	2.302585	0.000650
褟谐芯写薪褘械	0.000565	0.116534	0.000066
褟谐芯写薪褘泄	0.000565	0.116534	0.000066
褟蟹褘泻	0.000282	0.040822	0.000012
褟懈褑	0.001412	0.116534	0.000165
褟懈褔薪褘泄	0.000565	1.049822	0.000593
褟泄褑邪	0.000282	0.040822	0.000012
褟泄褑芯	0.004520	0.261365	0.001181
褟谢芯褉懈褋	0.000282	1.771957	0.000501
褟薪胁邪褉褟	0.000282	0.733969	0.000207
褟薪写械泻褋	0.000282	0.072571	0.000021
褟锌芯薪褋泻邪褟	0.000282	0.116534	0.000033
褟锌芯薪褋泻芯泄	0.000282	0.061875	0.000017
褟褉泻懈械	0.000282	0.116534	0.000033
褟褉泻芯	0.000282	0.105361	0.000030
