褌芯泻械薪	TF	IDF	TF-IDF
邪斜褏邪蟹褋泻邪褟	0.000278	0.116534	0.000032
邪胁谐褍褋褌邪	0.000278	0.867501	0.000241
邪胁褋褌褉邪谢懈泄褋泻邪褟	0.000278	0.116534	0.000032
邪胁褋褌褉懈泄褋泻邪褟	0.000278	0.116534	0.000032
邪胁褌芯泻谢邪胁邪	0.000278	0.116534	0.000032
邪胁褌芯褉邪屑	0.000278	0.040822	0.000011
邪胁褌芯褉芯屑	0.000556	2.407946	0.001338
邪胁褌芯褉褍	0.000278	1.660731	0.000461
邪谐褉芯	0.000278	0.116534	0.000032
邪写卸懈泻邪	0.000278	0.040822	0.000011
邪卸褍褉薪褘械	0.000556	2.659260	0.001477
邪蟹械褉斜邪泄写卸邪薪褋泻邪褟	0.000278	0.116534	0.000032
邪蟹懈邪褌褋泻邪褟	0.000278	0.127833	0.000036
邪蟹褘	0.000278	0.127833	0.000036
邪泄褉邪薪	0.000278	0.040822	0.000011
邪泻胁邪褌懈泻邪	0.000833	0.127833	0.000107
邪谢械泻褋械褟	0.000278	0.127833	0.000036
邪谢懈褟	0.000278	2.813411	0.000782
邪谢泻芯谐芯谢褜	0.000556	0.116534	0.000065
邪谢泻芯谐芯谢褜薪褘械	0.000278	0.116534	0.000032
邪谢泻芯谐芯谢褟	0.000278	0.116534	0.000032
邪谢褜褟薪褋	0.000278	0.116534	0.000032
邪屑械褉懈泻邪薪褋泻邪褟	0.000278	0.116534	0.000032
邪薪谐谢懈泄褋泻邪褟	0.000278	0.116534	0.000032
邪薪写褉械褟	0.000556	0.127833	0.000071
邪锌锌械褌懈褌薪褘械	0.000278	2.995732	0.000832
邪锌褉械谢褟	0.000556	0.579818	0.000322
邪褉邪斜褋泻邪褟	0.000278	0.116534	0.000032
邪褉斜邪褌械	0.000278	2.525729	0.000702
邪褉谐械薪褌懈薪褋泻邪褟	0.000278	0.116534	0.000032
邪褉屑褟薪褋泻邪褟	0.000278	0.116534	0.000032
邪褋褋芯褉褌懈	0.000556	0.116534	0.000065
邪褌谢邪薪褌	0.000278	0.127833	0.000036
邪褎谐邪薪褋泻邪褟	0.000278	0.116534	0.000032
邪褎褉懈泻邪薪褋泻邪褟	0.000278	0.116534	0.000032
邪褝褉芯谐褉懈谢械	0.002778	0.116534	0.000324
斜邪泻谢邪卸邪薪褘	0.000278	0.040822	0.000011
斜邪谢褌泻芯屑	0.000278	0.127833	0.000036
斜邪褉邪薪懈薪褘	0.001111	0.116534	0.000129
斜邪褉斜懈	0.000278	2.525729	0.000702
斜邪褋屑邪褌懈	0.000556	0.127833	0.000071
斜邪褋褌褍褉屑邪	0.000278	0.040822	0.000011
斜邪褌芯薪褔懈泻懈	0.000278	0.127833	0.000036
斜邪褕泻懈褉褋泻邪褟	0.000278	0.116534	0.000032
斜械蟹邪谢泻芯谐芯谢褜薪褘械	0.000278	0.116534	0.000032
斜械蟹谐谢褞褌械薪芯胁褘械	0.000278	0.116534	0.000032
斜械蟹械	0.001111	0.040822	0.000045
斜械谢械斜械械胁褋泻懈泄	0.000556	0.116534	0.000065
斜械谢芯褉褍褋褋泻邪褟	0.000278	0.116534	0.000032
斜械谢褜谐懈泄褋泻邪褟	0.000278	0.116534	0.000032
斜械谢褟褕懈	0.000278	3.506558	0.000974
斜械褉械屑械薪薪褘褏	0.000278	0.116534	0.000032
斜械褋械写懈薪邪	0.000278	0.127833	0.000036
斜械褋锌芯写芯斜薪芯	0.000278	1.966113	0.000546
斜懈褋泻胁懈褌	0.000833	0.040822	0.000034
斜懈褋泻胁懈褌薪芯械	0.000556	0.116534	0.000065
斜懈褋泻胁懈褌薪褘泄	0.000556	0.105361	0.000059
斜懈褋泻胁懈褌芯胁	0.000278	2.995732	0.000832
斜懈褋泻胁懈褌褘	0.000278	0.127833	0.000036
斜谢懈卸械	0.000278	0.116534	0.000032
斜谢懈蟹泻懈褏	0.000278	0.116534	0.000032
斜谢懈薪芯胁	0.000556	0.116534	0.000065
斜谢懈薪褔懈泻懈	0.000833	2.040221	0.001700
斜谢懈薪褘	0.003611	0.040822	0.000147
斜谢芯谐械褉邪	0.000278	2.995732	0.000832
斜谢褞写	0.000556	0.094311	0.000052
斜谢褞写邪	0.025556	0.040822	0.001043
斜谢褞写芯	0.001389	0.040822	0.000057
斜谢褞写褍	0.000278	0.116534	0.000032
斜芯斜芯胁褘械	0.000556	0.127833	0.000071
斜芯斜芯胁褘褏	0.001667	0.116534	0.000194
斜芯懈褌械褋褜	0.000278	3.912023	0.001087
斜芯谢谐邪褉褋泻邪褟	0.000278	0.116534	0.000032
斜芯谢褜褕械	0.000556	0.105361	0.000059
斜芯褉褖	0.000556	0.040822	0.000023
斜芯褌胁懈薪褜褟	0.000278	0.040822	0.000011
斜芯褟谢邪褋褜	0.000278	2.995732	0.000832
斜褉邪蟹懈谢褜褋泻邪褟	0.000278	0.116534	0.000032
斜褉邪褍蟹械褉械	0.000278	0.040822	0.000011
斜褉邪褍薪懈	0.000278	0.040822	0.000011
斜褉械褋褌	0.000278	0.127833	0.000036
斜褉芯泻泻芯谢懈	0.000278	0.040822	0.000011
斜褍卸械薪懈薪邪	0.000278	0.040822	0.000011
斜褍泻胁邪谢褜薪芯	0.000278	2.407946	0.000669
斜褍谢芯褔泻邪屑懈	0.000278	0.116534	0.000032
斜褍谢芯褔泻懈	0.000833	0.040822	0.000034
斜褍谢褜芯薪	0.001944	0.040822	0.000079
斜褍谢褜芯薪褘	0.001111	0.116534	0.000129
斜褍褉谐械褉	0.000278	0.040822	0.000011
斜褍褉谐械褉褘	0.000278	0.127833	0.000036
斜褍褉褟褌褋泻邪褟	0.000278	0.116534	0.000032
斜褍褌械褉斜褉芯写	0.000556	0.116534	0.000065
斜褍褌械褉斜褉芯写褘	0.000556	0.040822	0.000023
斜褍褌褘谢泻械	0.000556	2.813411	0.001563
斜褍褌褘谢泻褍	0.000278	2.995732	0.000832
斜褍褌褘谢芯褔泻械	0.000278	2.995732	0.000832
斜褘褋褌褉芯	0.001111	0.094311	0.000105
斜褘褋褌褉芯泄	0.000278	0.116534	0.000032
斜褘褋褌褉褘泄	0.000556	0.105361	0.000059
胁邪卸薪褘械	0.000278	0.116534	0.000032
胁邪谢谢懈泄褋泻邪褟	0.000278	0.116534	0.000032
胁邪薪懈谢懈薪	0.000556	1.609438	0.000894
胁邪薪懈谢褜薪褘泄	0.002222	1.427116	0.003171
胁邪褉械薪懈泻懈	0.000278	0.116534	0.000032
胁邪褉械薪懈泻芯胁	0.000556	2.659260	0.001477
胁邪褉械薪褜械	0.000556	0.040822	0.000023
胁邪褉懈邪薪褌	0.000278	0.562119	0.000156
胁邪褉泻械	0.000278	2.659260	0.000739
胁邪褌褉褍褕泻懈	0.000278	0.040822	0.000011
胁邪褎谢懈	0.000556	0.040822	0.000023
胁邪褕械泄	0.000556	0.040822	0.000023
胁邪褕械屑褍	0.000278	1.560648	0.000434
胁胁芯写褟	0.000278	0.040822	0.000011
胁写芯褏薪芯胁械薪懈械	0.001111	0.116534	0.000129
胁写芯褏薪芯胁械薪懈械屑	0.000556	0.116534	0.000065
胁写芯褏薪芯胁谢褟泄褋褟	0.000278	0.116534	0.000032
胁械谐械褌邪褉懈邪薪褋泻懈械	0.000278	0.127833	0.000036
胁械谐械褌邪褉懈邪薪褋泻芯械	0.000278	0.116534	0.000032
胁械谢懈泻懈泄	0.000278	0.116534	0.000032
胁械谢懈泻芯谢械锌薪邪褟	0.000278	3.506558	0.000974
胁械谢懈泻芯谢械锌薪褘泄	0.000833	1.832581	0.001527
胁械薪谐械褉褋泻邪褟	0.000278	0.116534	0.000032
胁械褋械薪薪懈械	0.000278	0.051293	0.000014
胁械褋薪邪	0.001389	0.116534	0.000162
胁械褋薪褘	0.000278	0.116534	0.000032
胁械褌褔懈薪褘	0.000278	0.105361	0.000029
胁蟹斜懈胁邪褌褜	0.000278	2.995732	0.000832
胁蟹谐谢褟写	0.000556	1.427116	0.000793
胁懈写械	0.000278	1.171183	0.000325
胁懈写械芯	0.000556	0.116534	0.000065
胁懈写械芯褉械褑械锌褌褘	0.000278	0.301105	0.000084
胁懈薪芯	0.000556	0.040822	0.000023
胁懈褕薪褟	0.000556	2.040221	0.001133
胁泻谢褞褔邪褞褖懈褏	0.000278	0.634878	0.000176
胁泻褍褋	0.001667	0.105361	0.000176
胁泻褍褋邪	0.002222	0.116534	0.000259
胁泻褍褋薪邪褟	0.001111	0.061875	0.000069
胁泻褍褋薪械械	0.000556	0.116534	0.000065
胁泻褍褋薪械泄	0.000278	0.116534	0.000032
胁泻褍褋薪械泄褕懈械	0.000278	2.120264	0.000589
胁泻褍褋薪芯	0.001389	0.094311	0.000131
胁泻褍褋薪褘械	0.001111	0.105361	0.000117
胁泻褍褋薪褘泄	0.000278	0.385662	0.000107
胁泻褍褋薪褘屑	0.000556	1.049822	0.000583
胁泻褍褋薪褘屑懈	0.000278	2.302585	0.000640
胁泻褍褋薪褘褏	0.000278	1.897120	0.000527
胁泻褍褋芯屑	0.000278	0.105361	0.000029
胁谢褞斜懈谢邪褋褜	0.000278	1.832581	0.000509
胁谢褞斜谢械薪薪褘褏	0.000278	0.116534	0.000032
胁薪邪褔邪谢械	0.001111	0.248461	0.000276
胁薪懈屑邪薪懈褞	0.000278	1.609438	0.000447
胁薪懈屑邪褌械谢褜薪芯	0.000278	2.995732	0.000832
胁芯	0.000556	0.061875	0.000034
胁芯写邪	0.001111	0.287682	0.000320
胁芯写械	0.000278	0.105361	0.000029
胁芯蟹胁褉邪褖邪谢褋褟	0.000278	2.995732	0.000832
胁芯蟹写褍褕薪褍褞	0.000278	3.218876	0.000894
胁芯蟹懈褌褜褋褟	0.000278	3.912023	0.001087
胁芯蟹屑芯卸薪芯	0.000278	1.469676	0.000408
胁芯蟹屑芯卸薪芯褋褌褜	0.000278	2.407946	0.000669
胁芯泄褌懈	0.000278	0.000000	0.000000
胁芯谢芯胁邪薪褘	0.000278	0.116534	0.000032
胁芯谢褕械斜薪褘械	0.000278	0.116534	0.000032
胁芯谢褕械斜褋褌胁芯	0.000556	0.116534	0.000065
胁芯芯斜褖械	0.000278	1.386294	0.000385
胁芯锌褉芯褋褘	0.000278	0.000000	0.000000
胁芯褋褌芯褉谐械	0.000278	1.469676	0.000408
胁芯褋褌芯褔薪邪褟	0.000278	0.127833	0.000036
胁褉械屑械薪邪	0.000556	0.116534	0.000065
胁褉械屑械薪械屑	0.001667	0.116534	0.000194
胁褉械屑械薪懈	0.000833	0.967584	0.000806
胁褉械屑褟	0.000278	0.400478	0.000111
胁褋械胁芯蟹屑芯卸薪褘褏	0.000278	2.813411	0.000782
胁褋械谐写邪	0.000278	0.653926	0.000182
胁褋械谐芯	0.000833	0.186330	0.000155
胁褋械泄	0.000833	0.105361	0.000088
胁褋械屑褍	0.000278	0.061875	0.000017
胁褋锌芯屑薪懈褌械	0.000278	3.218876	0.000894
胁褋锌芯屑薪懈褌褜	0.000278	0.040822	0.000011
胁褋褌褉械褌懈褌褜褋褟	0.000278	3.506558	0.000974
胁褌芯褉芯械	0.000278	0.116534	0.000032
胁褌芯褉褘械	0.000278	0.127833	0.000036
胁褏芯写	0.000833	0.030459	0.000025
胁褘写邪薪	0.000278	2.525729	0.000702
胁褘写邪薪薪褘褏	0.000278	2.995732	0.000832
胁褘泄褌懈	0.000278	0.040822	0.000011
胁褘薪芯褋懈谢懈	0.000278	2.525729	0.000702
胁褘锌械褔泻邪	0.005000	0.040822	0.000204
胁褘锌械褔泻懈	0.000556	0.072571	0.000040
胁褘锌械褔泻芯泄	0.000278	0.116534	0.000032
胁褘褉褍褔邪谢芯褔泻邪	0.000278	1.560648	0.000434
胁褘褋芯泻懈褏	0.000278	2.995732	0.000832
胁褘褋褌褉邪懈胁邪谢邪褋褜	0.000278	2.525729	0.000702
胁褜械褌薪邪屑褋泻邪褟	0.000278	0.116534	0.000032
胁褟蟹邪谢褜薪褘泄	0.000278	2.995732	0.000832
谐邪胁邪泄褋泻邪褟	0.000278	0.116534	0.000032
谐邪褉薪懈褉	0.001389	0.040822	0.000057
谐邪褋锌邪褔芯	0.000278	0.040822	0.000011
谐邪褕械薪邪褟	0.000556	2.207275	0.001226
谐械芯谐褉邪褎懈褟	0.000278	0.116534	0.000032
谐谢邪胁薪褘泄	0.000278	0.040822	0.000011
谐谢邪蟹褍褉褜	0.000833	0.040822	0.000034
谐谢懈薪褌胁械泄薪	0.000278	0.040822	0.000011
谐芯胁芯褉懈谢	0.000278	2.659260	0.000739
谐芯胁褟写懈薪褘	0.001111	0.116534	0.000129
谐芯写	0.002778	0.105361	0.000293
谐芯写邪	0.004444	0.248461	0.001104
谐芯写褍	0.000278	1.171183	0.000325
谐芯谢谢邪薪写褋泻邪褟	0.000278	0.116534	0.000032
谐芯褉芯写邪	0.000278	0.116534	0.000032
谐芯褉芯褏	0.000278	0.116534	0.000032
谐芯褉褔懈褑邪	0.001111	0.040822	0.000045
谐芯褉褔懈褑邪屑懈	0.000278	0.127833	0.000036
谐芯褉褕芯褔泻邪褏	0.000278	0.105361	0.000029
谐芯褉褕芯褔泻械	0.000278	0.040822	0.000011
谐芯褉褟褔械械	0.000556	0.116534	0.000065
谐芯褉褟褔懈械	0.010000	0.105361	0.001054
谐芯褉褟褔懈泄	0.000556	0.116534	0.000065
谐芯褋褌懈	0.000278	0.116534	0.000032
谐芯褌芯胁懈谢邪	0.000278	0.733969	0.000204
谐芯褌芯胁懈谢懈	0.000278	1.560648	0.000434
谐芯褌芯胁懈屑	0.001944	0.094311	0.000183
谐芯褌芯胁懈褌褋褟	0.000278	0.478036	0.000133
谐芯褌芯胁懈褌褜	0.001667	0.105361	0.000176
谐芯褌芯胁谢褞	0.000556	1.049822	0.000583
谐芯褌芯胁芯屑	0.000278	2.525729	0.000702
谐芯褌芯胁褜	0.000556	0.116534	0.000065
谐芯褌芯胁褟褌	0.000278	0.116534	0.000032
谐褉邪写褍褋芯胁	0.000278	2.659260	0.000739
谐褉械薪泻懈	0.000556	0.040822	0.000023
谐褉械褑泻懈械	0.000556	1.469676	0.000816
谐褉械褔械褋泻邪褟	0.000278	0.116534	0.000032
谐褉械褔泻邪	0.000278	0.040822	0.000011
谐褉懈斜邪屑懈	0.001111	0.105361	0.000117
谐褉懈斜薪褘械	0.000556	0.040822	0.000023
谐褉懈斜芯胁	0.000833	0.116534	0.000097
谐褉懈斜褘	0.000833	0.040822	0.000034
谐褉懈谢械	0.001389	0.116534	0.000162
谐褉懈谢褜	0.000278	0.116534	0.000032
谐褉懈谢褜屑邪薪懈褟	0.000278	0.116534	0.000032
谐褉懈谢褟	0.001111	0.116534	0.000129
谐褉芯谐	0.000278	0.040822	0.000011
谐褉褍蟹懈薪褋泻邪褟	0.000278	0.116534	0.000032
谐褉褍锌锌褘	0.000278	0.061875	0.000017
谐褍褉屑邪薪懈褟	0.001667	0.116534	0.000194
谐褍褉屑械	0.000278	0.127833	0.000036
谐褍褋褟	0.000556	0.105361	0.000059
写邪胁邪谢	0.000278	2.995732	0.000832
写邪胁薪芯	0.000278	0.967584	0.000269
写邪胁薪褘屑	0.000278	2.407946	0.000669
写邪械褌	0.000278	0.040822	0.000011
写邪薪薪褘械	0.000278	0.040822	0.000011
写邪褉褘	0.000278	0.116534	0.000032
写邪褌械	0.000556	0.248461	0.000138
写邪褌褋泻邪褟	0.000278	0.116534	0.000032
写邪褔薪芯械	0.000833	0.116534	0.000097
写胁邪	0.000278	1.171183	0.000325
写胁邪卸写褘	0.000278	2.525729	0.000702
写胁芯械	0.000278	3.912023	0.001087
写械胁芯褔泻邪	0.000278	2.813411	0.000782
写械泻邪斜褉褟	0.000556	0.597837	0.000332
写械泻芯褉	0.000278	0.127833	0.000036
写械谢邪械褌	0.000556	0.116534	0.000065
写械谢邪械褌褋褟	0.000556	1.347074	0.000748
写械谢邪谢邪	0.000556	1.469676	0.000816
写械谢邪褌褜	0.000278	1.386294	0.000385
写械谢懈屑褋褟	0.000278	0.040822	0.000011
写械谢芯屑	0.000278	0.116534	0.000032
写械薪褜	0.001111	0.083382	0.000093
写械褉卸邪褌褜	0.000278	2.995732	0.000832
写械褋械褉褌	0.000833	0.116534	0.000097
写械褋械褉褌邪褑懈褟	0.000278	0.116534	0.000032
写械褋械褉褌薪褘械	0.000278	0.116534	0.000032
写械褋械褉褌褘	0.006389	0.040822	0.000261
写械褌械泄	0.000278	0.116534	0.000032
写卸械屑	0.000278	0.040822	0.000011
写蟹械薪	0.000278	0.116534	0.000032
写懈械褌邪	0.000278	0.116534	0.000032
写懈械褌褘	0.000278	0.116534	0.000032
写懈泻懈泄	0.000556	0.116534	0.000065
写懈泻芯谐芯	0.000278	0.116534	0.000032
写懈锌	0.000278	0.116534	0.000032
写懈褔懈	0.000556	0.116534	0.000065
写懈褔褜	0.000278	0.116534	0.000032
写薪械胁薪懈泻邪褏	0.000278	0.061875	0.000017
写薪械泄	0.000833	0.116534	0.000097
写薪褟	0.000278	0.040822	0.000011
写薪褟褏	0.000278	1.897120	0.000527
写芯斜邪胁谢械薪懈褟屑	0.000278	0.274437	0.000076
写芯斜邪胁谢褟褌褜	0.000556	0.040822	0.000023
写芯斜邪胁芯泻	0.000278	3.506558	0.000974
写芯斜邪胁褜	0.000278	0.116534	0.000032
写芯斜褉芯褎谢芯褌	0.000278	0.127833	0.000036
写芯胁械褉褟械褕褜	0.000278	0.116534	0.000032
写芯谢卸械薪	0.000278	2.302585	0.000640
写芯谢卸薪芯	0.001389	1.832581	0.002545
写芯屑	0.002500	0.040822	0.000102
写芯屑邪	0.000278	0.994252	0.000276
写芯屑邪褕薪械械	0.000833	0.040822	0.000034
写芯屑邪褕薪懈械	0.000556	0.040822	0.000023
写芯屑邪褕薪懈泄	0.002222	0.116534	0.000259
写芯屑邪褕薪懈褏	0.000278	1.714798	0.000476
写芯屑邪褕薪褟褟	0.000556	0.105361	0.000059
写芯屑械	0.000278	1.832581	0.000509
写芯屑芯胁	0.000278	0.040822	0.000011
写芯屑芯泄	0.000278	2.525729	0.000702
写芯褕谢芯	0.000278	2.995732	0.000832
写褉邪泄胁	0.001389	0.127833	0.000178
写褉芯卸卸械胁芯械	0.001111	0.116534	0.000129
写褉芯卸卸懈	0.001667	0.941609	0.001569
写褉褍谐懈屑懈	0.000278	0.040822	0.000011
写褉褍蟹褜褟屑	0.000278	1.660731	0.000461
写褍屑邪褞	0.000278	1.427116	0.000396
写褍褏芯胁泻邪	0.001389	0.127833	0.000178
写褍褏芯胁泻械	0.000278	0.867501	0.000241
写褍褕懈	0.000833	0.105361	0.000088
写褘褉芯褔泻邪褏	0.000278	2.995732	0.000832
械胁褉械泄褋泻邪褟	0.000278	0.116534	0.000032
械谐懈锌械褌褋泻邪褟	0.000278	0.116534	0.000032
械写懈薪褘泄	0.000278	0.040822	0.000011
械泻芯	0.000278	0.127833	0.000036
卸邪褉懈褌褜	0.000278	1.966113	0.000546
卸邪褉泻芯械	0.000278	0.040822	0.000011
卸械谢邪褌懈薪	0.000556	1.427116	0.000793
卸械谢械	0.000833	0.040822	0.000034
卸械谢褌芯泻	0.000556	1.272966	0.000707
卸械薪褋泻邪褟	0.000278	0.127833	0.000036
卸械薪褋泻芯屑	0.000278	0.061875	0.000017
卸械薪褖懈薪褘	0.000556	0.116534	0.000065
卸懈蟹薪懈	0.000278	0.040822	0.000011
卸懈蟹薪褜	0.000278	0.116534	0.000032
卸懈褉薪褘屑	0.000278	2.995732	0.000832
卸褍谢褜械薪	0.000278	0.040822	0.000011
卸褍褉薪邪谢邪	0.000278	0.127833	0.000036
卸褞谢褜械薪	0.000278	0.040822	0.000011
蟹邪胁邪褉薪芯械	0.000278	0.116534	0.000032
蟹邪胁邪褉薪芯泄	0.000278	0.116534	0.000032
蟹邪胁褌褉邪泻	0.002222	0.094311	0.000210
蟹邪胁褌褉邪泻懈	0.000278	0.127833	0.000036
蟹邪谐芯褌芯胁泻懈	0.001111	0.040822	0.000045
蟹邪写邪胁邪褌褜	0.000278	0.040822	0.000011
蟹邪懈薪褌械褉械褋芯胁邪谢	0.000278	2.407946	0.000669
蟹邪泄褑邪	0.000556	0.116534	0.000065
蟹邪泻胁邪褋泻邪	0.000278	0.040822	0.000011
蟹邪泻胁邪褋泻邪屑懈	0.000278	0.116534	0.000032
蟹邪泻胁邪褋芯泻	0.000278	0.127833	0.000036
蟹邪泻褉褘褌褘泄	0.000278	0.116534	0.000032
蟹邪泻褍褋泻懈	0.005000	0.040822	0.000204
蟹邪泻褍褋泻褍	0.000833	0.116534	0.000097
蟹邪泻褍褋芯薪褔懈泻	0.000278	0.116534	0.000032
蟹邪泻褍褋芯褔泻邪	0.000278	0.116534	0.000032
蟹邪泻褍褋芯褔薪褘械	0.002500	0.116534	0.000291
蟹邪谢懈胁薪芯械	0.000556	0.040822	0.000023
蟹邪屑械褔邪褌械谢褜薪芯谐芯	0.000278	2.120264	0.000589
蟹邪屑芯褉邪卸懈胁邪褌褜	0.000278	4.605170	0.001279
蟹邪屑芯褉芯蟹懈褌褜	0.000278	2.659260	0.000739
蟹邪屑芯褉芯蟹泻邪	0.000278	0.105361	0.000029
蟹邪锌邪写	0.000278	0.116534	0.000032
蟹邪锌械泻邪薪泻邪	0.001667	0.105361	0.000176
蟹邪锌械泻邪薪泻懈	0.001944	0.040822	0.000079
蟹邪锌械泻邪薪泻褍	0.000278	3.218876	0.000894
蟹邪锌褉邪胁泻邪	0.000556	0.040822	0.000023
蟹邪锌褉芯褋褍	0.000556	2.207275	0.001226
蟹邪褉械谐懈褋褌褉懈褉芯胁邪胁褕懈褋褜	0.000278	0.040822	0.000011
蟹邪褉械谐懈褋褌褉懈褉芯胁邪褌褜褋褟	0.000278	0.030459	0.000008
蟹邪褋芯谢泻邪	0.000278	0.116534	0.000032
蟹邪褏芯写懈褌械	0.000278	0.755023	0.000210
蟹胁邪薪褘泄	0.000278	0.127833	0.000036
蟹胁械蟹写	0.000278	2.995732	0.000832
蟹胁械蟹写邪	0.000278	0.127833	0.000036
蟹胁芯薪懈谢	0.000278	2.995732	0.000832
蟹胁褢蟹写薪褘械	0.000278	0.116534	0.000032
蟹写芯褉芯胁芯械	0.000278	0.116534	0.000032
蟹写芯褉芯胁褘泄	0.000278	0.116534	0.000032
蟹械谢械薪褜	0.000278	0.094311	0.000026
蟹械褎懈褉	0.000278	0.040822	0.000011
蟹懈屑薪懈械	0.000278	0.051293	0.000014
蟹懈屑褍	0.001111	0.040822	0.000045
蟹薪邪泻芯屑褘屑	0.000278	2.525729	0.000702
蟹薪邪褞褌	0.000278	2.525729	0.000702
蟹芯谢芯褌邪褟	0.000278	0.116534	0.000032
懈胁邪薪芯胁邪	0.000278	0.127833	0.000036
懈写械邪谢褜薪邪褟	0.000278	0.116534	0.000032
懈写械邪谢褜薪芯谐芯	0.001389	0.116534	0.000162
懈写械邪谢褜薪芯械	0.000278	0.116534	0.000032
懈写械泄泻邪	0.000278	2.995732	0.000832
懈写械泄泻懈	0.000278	0.116534	0.000032
懈蟹胁懈薪械薪懈褟	0.000278	2.302585	0.000640
懈蟹写械谢懈褟	0.001111	0.116534	0.000129
懈蟹写械谢懈褟屑懈	0.000833	0.116534	0.000097
懈蟹屑械薪械薪懈泄	0.000278	2.995732	0.000832
懈蟹芯斜褉械褌械薪	0.000278	2.525729	0.000702
懈蟹芯斜褉械褌械薪懈械	0.000278	2.525729	0.000702
懈蟹褍褔械薪褘	0.000278	2.995732	0.000832
懈蟹褞屑	0.001111	2.040221	0.002267
懈泻褉邪	0.000833	0.040822	0.000034
懈屑械械褌	0.000278	1.832581	0.000509
懈屑械薪械屑	0.000278	0.040822	0.000011
懈屑械褟	0.000278	2.813411	0.000782
懈屑懈	0.000278	1.832581	0.000509
懈薪胁械褉褌芯褉薪芯泄	0.000278	0.127833	0.000036
懈薪谐褉械写懈械薪褌芯胁	0.000278	1.771957	0.000492
懈薪谐褉械写懈械薪褌褘	0.008333	0.139262	0.001161
懈薪写械泄泻懈	0.001389	0.094311	0.000131
懈薪写械泄泻芯泄	0.000278	0.116534	0.000032
懈薪写懈泄褋泻邪褟	0.000278	0.116534	0.000032
懈薪写懈泄褋泻芯泄	0.000278	3.218876	0.000894
懈薪写懈谢邪泄褌	0.000833	0.116534	0.000097
懈薪写懈褉械褋薪褘械	0.000278	0.116534	0.000032
懈薪械褌邪	0.000556	1.832581	0.001018
懈薪械褌械	0.000278	2.813411	0.000782
懈薪褋褌褉褍泻褑懈褟屑懈	0.000278	0.040822	0.000011
懈薪褌械褉械褋薪邪褟	0.000278	2.659260	0.000739
懈薪褌械褉薪械褌邪	0.000278	1.771957	0.000492
懈褉邪泻褋泻邪褟	0.000278	0.116534	0.000032
懈褉邪薪褋泻邪褟	0.000278	0.116534	0.000032
懈褉谢邪薪写褋泻邪褟	0.000278	0.116534	0.000032
懈褉褉械蟹	0.000278	1.347074	0.000374
懈褋泻褉械薪薪械	0.000278	0.116534	0.000032
懈褋泻褉械薪薪懈械	0.000278	2.525729	0.000702
懈褋谢邪薪写褋泻邪褟	0.000278	0.116534	0.000032
懈褋锌邪薪褋泻邪褟	0.000278	0.116534	0.000032
懈褋锌械泻懈	0.000278	0.116534	0.000032
懈褋锌械褔褜	0.000278	1.966113	0.000546
懈褋锌芯谢薪械薪懈懈	0.000278	2.813411	0.000782
懈褋锌芯谢褜蟹芯胁邪薪懈懈	0.000278	4.605170	0.001279
懈褋褌芯褉懈懈	0.001389	0.116534	0.000162
懈褋褌芯褉懈褞	0.000278	0.116534	0.000032
懈褌邪谢懈懈	0.000556	0.105361	0.000059
懈褌邪谢褜褟薪褋泻邪褟	0.000278	0.116534	0.000032
懈褖褍	0.000278	2.659260	0.000739
懈褞谢褟	0.000278	0.597837	0.000166
泄芯谐褍褉褌	0.000833	0.040822	0.000034
泻邪斜邪褔泻懈	0.000278	0.040822	0.000011
泻邪胁泻邪蟹褋泻邪褟	0.000278	0.116534	0.000032
泻邪卸写芯泄	0.000278	1.832581	0.000509
泻邪卸械褌褋褟	0.000278	1.714798	0.000476
泻邪蟹邪薪械	0.000278	0.116534	0.000032
泻邪蟹邪褏褋泻邪褟	0.000278	0.116534	0.000032
泻邪泻邪芯	0.002222	0.040822	0.000091
泻邪泻芯屑	0.000278	2.120264	0.000589
泻邪谢械泄写芯褋泻芯锌	0.001111	0.116534	0.000129
泻邪谢屑褘褑泻邪褟	0.000278	0.116534	0.000032
泻邪谢褜屑邪褉	0.000278	0.040822	0.000011
泻邪谢褜褑芯薪械	0.000278	2.813411	0.000782
泻邪屑械褉邪	0.000278	0.116534	0.000032
泻邪薪邪写褋泻邪褟	0.000278	0.116534	0.000032
泻邪薪邪谢	0.000556	0.040822	0.000023
泻邪薪邪谢械	0.000278	0.040822	0.000011
泻邪薪邪锌械	0.000556	0.040822	0.000023
泻邪锌懈褌邪薪	0.000278	2.995732	0.000832
泻邪锌褍褋褌邪	0.000556	0.040822	0.000023
泻邪锌褍褋褌薪褟泻	0.000278	0.040822	0.000011
泻邪锌褍褋褌褘	0.000278	0.040822	0.000011
泻邪褉邪屑械谢褜	0.000278	0.040822	0.000011
泻邪褉泻邪褋薪褘泄	0.001111	0.116534	0.000129
泻邪褉褉芯谢谢褌芯薪	0.000278	3.506558	0.000974
泻邪褉褌芯褎械谢褜	0.000278	0.040822	0.000011
泻邪褉褌芯褎械谢褜薪芯械	0.000278	0.040822	0.000011
泻邪褉褌芯褎械谢褜薪褘泄	0.000278	0.116534	0.000032
泻邪褉褌芯褕泻邪	0.000556	0.040822	0.000023
泻邪褌械谐芯褉懈懈	0.000278	0.116534	0.000032
泻邪褌械谐芯褉懈褟	0.004167	0.150823	0.000628
泻邪褔械褋褌胁械	0.000278	1.609438	0.000447
泻邪褔械褋褌胁芯	0.000556	0.116534	0.000065
泻邪褕邪	0.000278	0.040822	0.000011
泻邪褕懈	0.001389	0.105361	0.000146
泻邪褕褍	0.000278	0.094311	0.000026
泻胁邪褋	0.000833	0.040822	0.000034
泻胁邪褋薪芯械	0.000833	0.116534	0.000097
泻胁邪褋芯屑	0.000278	0.127833	0.000036
泻械泻褋	0.000278	0.040822	0.000011
泻械泻褋褘	0.000556	0.116534	0.000065
泻械褎懈褉	0.001389	0.040822	0.000057
泻懈屑褔懈	0.000278	0.040822	0.000011
泻懈薪芯邪	0.000556	0.127833	0.000071
泻懈薪芯谢械薪褌邪	0.000278	0.116534	0.000032
泻懈褋械谢褜	0.000556	0.040822	0.000023
泻懈褌邪泄褋泻邪褟	0.000278	0.116534	0.000032
泻谢邪褋褋	0.002222	0.116534	0.000259
泻谢邪褋褋褘	0.000278	0.116534	0.000032
泻薪懈谐褍	0.000556	0.040822	0.000023
泻芯谐芯	0.000556	1.714798	0.000953
泻芯泻褌械泄谢懈	0.000278	0.127833	0.000036
泻芯泻褌械泄谢褜	0.001389	0.040822	0.000057
泻芯谢斜邪褋邪	0.000278	0.040822	0.000011
泻芯谢斜邪褋薪褘屑懈	0.000833	0.116534	0.000097
泻芯屑邪薪写邪	0.000556	0.127833	0.000071
泻芯屑懈	0.000278	0.116534	0.000032
泻芯屑屑械薪褌邪褉懈械胁	0.000278	0.223144	0.000062
泻芯屑锌邪薪懈泄	0.000278	0.105361	0.000029
泻芯屑锌芯褌	0.000833	0.040822	0.000034
泻芯薪写懈褌械褉褋泻芯泄	0.000278	2.525729	0.000702
泻芯薪械褔薪芯	0.000278	0.527633	0.000147
泻芯薪懈薪褘	0.000278	0.116534	0.000032
泻芯薪泻褍褉褋	0.059444	0.105361	0.006263
泻芯薪泻褍褉褋邪	0.000278	0.116534	0.000032
泻芯薪泻褍褉褋邪褏	0.000278	0.040822	0.000011
泻芯薪泻褍褉褋薪褘械	0.000278	0.127833	0.000036
泻芯薪褋械褉胁懈褉芯胁邪薪懈械	0.000278	0.040822	0.000011
泻芯薪褋械褉胁懈褉芯胁邪薪薪邪褟	0.000278	0.116534	0.000032
泻芯薪褋械褉胁懈褉芯胁邪薪薪芯械	0.000278	0.116534	0.000032
泻芯薪褋械褉胁懈褉芯胁邪薪薪褘械	0.000556	0.116534	0.000065
泻芯薪褋械褉胁懈褉芯胁邪薪薪褘泄	0.000278	0.116534	0.000032
泻芯薪褎械褌褌懈	0.000278	0.116534	0.000032
泻芯薪褎械褌褘	0.000833	0.040822	0.000034
泻芯薪褎懈写械薪褑懈邪谢褜薪芯褋褌懈	0.000278	0.040822	0.000011
泻芯薪褎懈褌褞褉	0.000278	0.040822	0.000011
泻芯锌褔械薪芯褋褌褟屑懈	0.000278	0.116534	0.000032
泻芯褉械泄褋泻邪褟	0.000278	0.116534	0.000032
泻芯褉械泄褋泻懈	0.000278	0.040822	0.000011
泻芯褉卸懈泻懈	0.000278	0.040822	0.000011
泻芯褉屑褟褖懈褏	0.000278	0.116534	0.000032
泻芯褌谢械褌褘	0.000278	0.040822	0.000011
泻芯褌芯褉芯屑褍	0.000556	0.116534	0.000065
泻芯褌芯褉褍褞	0.000278	1.966113	0.000546
泻芯褎械	0.000556	0.040822	0.000023
泻褉邪褋懈胁褘械	0.000278	1.897120	0.000527
泻褉邪褋泻懈	0.000278	0.116534	0.000032
泻褉邪褏屑邪谢	0.000556	0.891598	0.000495
泻褉械邪褌懈胁	0.000278	0.127833	0.000036
泻褉械屑	0.000278	0.040822	0.000011
泻褉械屑邪	0.000556	0.116534	0.000065
泻褉械锌泻懈泄	0.000278	0.116534	0.000032
泻褉芯谢懈泻邪	0.000556	0.116534	0.000065
泻褉芯屑械	0.000278	0.061875	0.000017
泻褉芯褏懈	0.000278	0.116534	0.000032
泻褉褍谐褍	0.000556	0.116534	0.000065
泻褉褍锌	0.001667	0.116534	0.000194
泻褉褍锌邪	0.000833	0.127833	0.000107
泻褉褍锌褘	0.000556	0.127833	0.000071
泻褉褍锌褟薪褘械	0.000278	0.116534	0.000032
泻褋褌邪褌懈	0.000278	1.237874	0.000344
泻褍斜懈薪褋泻邪褟	0.000278	0.116534	0.000032
泻褍谢械褕	0.000278	0.040822	0.000011
泻褍谢懈薪邪褉懈懈	0.000833	0.094311	0.000079
泻褍谢懈薪邪褉薪邪褟	0.000278	0.116534	0.000032
泻褍谢懈薪邪褉薪芯械	0.000278	0.116534	0.000032
泻褍谢懈薪邪褉薪褍褞	0.000556	0.040822	0.000023
泻褍谢懈薪邪褉薪褘泄	0.000278	0.072571	0.000020
泻褍谢懈薪邪褉薪褘褏	0.000278	0.116534	0.000032
泻褍谢懈薪邪褉芯屑	0.000278	2.407946	0.000669
泻褍谢懈褔	0.000556	0.040822	0.000023
泻褍谢懈褔械泄	0.000278	2.995732	0.000832
泻褍谢懈褔懈	0.000833	0.116534	0.000097
泻褍锌懈褌褜	0.000278	2.407946	0.000669
泻褍褉写褋泻邪褟	0.000278	0.116534	0.000032
泻褍褉懈薪芯谐芯	0.000278	0.116534	0.000032
泻褍褉懈薪芯械	0.005278	0.127833	0.000675
泻褍褉懈薪褘泄	0.000278	0.105361	0.000029
泻褍褉懈褑邪	0.000278	0.040822	0.000011
泻褍褉懈褑褘	0.000833	0.116534	0.000097
泻褍褉芯褔泻芯泄	0.000278	0.116534	0.000032
泻褍褋泻褍褋	0.000278	0.040822	0.000011
泻褍褋芯褔泻邪	0.000278	1.897120	0.000527
泻褍褏薪械	0.000278	1.237874	0.000344
泻褍褏薪械泄	0.000278	0.040822	0.000011
泻褍褏薪懈	0.001111	0.040822	0.000045
泻褍褏薪褟	0.000833	0.116534	0.000097
泻褍褔械泄	0.000278	3.218876	0.000894
谢邪胁邪褕	0.000556	0.040822	0.000023
谢邪胁邪褕邪	0.001111	0.116534	0.000129
谢邪谐屑邪薪	0.000278	0.040822	0.000011
谢邪泻芯屑褋褌胁芯	0.000278	0.116534	0.000032
谢邪锌褕邪	0.000556	0.040822	0.000023
谢邪褌褘褕褋泻邪褟	0.000278	0.116534	0.000032
谢械谐泻邪褟	0.000556	0.116534	0.000065
谢械谐泻懈泄	0.000556	0.116534	0.000065
谢械谐泻芯	0.001944	0.116534	0.000227
谢械泻芯	0.000278	2.525729	0.000702
谢械薪懈胁褘褏	0.000278	3.912023	0.001087
谢械锌械褕泻懈	0.000833	0.040822	0.000034
谢械锌泻械	0.000278	2.659260	0.000739
谢械褌	0.000278	0.843970	0.000234
谢械褌邪	0.000278	0.116534	0.000032
谢械褌薪懈械	0.000278	0.040822	0.000011
谢械褌薪褟褟	0.000278	0.116534	0.000032
谢械褌芯	0.001667	0.116534	0.000194
谢械褔芯	0.000278	0.040822	0.000011
谢懈谐邪	0.000833	0.116534	0.000097
谢懈泻械褉	0.000278	0.040822	0.000011
谢懈屑芯薪邪写	0.000556	0.040822	0.000023
谢懈屑芯薪薪褘泄	0.000556	0.798508	0.000444
谢懈褌芯胁褋泻	0.000278	0.127833	0.000036
谢懈褌芯胁褋泻邪褟	0.000278	0.116534	0.000032
谢懈褌褜	0.000278	2.995732	0.000832
谢懈褕薪懈褏	0.000278	1.966113	0.000546
谢褍褔褕懈械	0.000278	0.116534	0.000032
谢褍褔褕懈泄	0.000556	0.040822	0.000023
谢褍褔褕懈屑	0.000278	2.302585	0.000640
谢褍褔褕懈褏	0.000278	0.116534	0.000032
谢褞斜胁懈	0.000278	0.105361	0.000029
谢褞斜懈屑芯谐芯	0.000278	0.127833	0.000036
谢褞斜懈屑芯屑褍	0.000278	0.116534	0.000032
谢褞斜懈屑褘泄	0.000278	1.609438	0.000447
谢褞斜懈屑褘屑	0.000278	1.469676	0.000408
谢褞斜懈屑褘褏	0.001667	0.116534	0.000194
谢褞斜懈褌械	0.000278	1.966113	0.000546
谢褞斜懈褌械谢械泄	0.000278	2.525729	0.000702
谢褞斜谢褞	0.000278	1.514128	0.000421
谢褞斜芯胁褜	0.000278	0.116534	0.000032
谢褞斜芯泄	0.000278	0.116534	0.000032
谢褞写屑懈谢邪	0.000278	1.771957	0.000492
谢褟	0.000278	1.771957	0.000492
谢褢写	0.000278	0.127833	0.000036
屑邪胁蟹芯谢械泄	0.000278	2.525729	0.000702
屑邪谐褉懈斜邪	0.000278	0.116534	0.000032
屑邪泄	0.000278	0.116534	0.000032
屑邪泄芯薪械蟹	0.001111	0.116534	0.000129
屑邪泻邪褉芯薪薪褘械	0.000278	0.116534	0.000032
屑邪泻邪褉芯薪褘	0.000278	0.040822	0.000011
屑邪泻褋懈屑邪谢褜薪芯	0.000278	2.040221	0.000567
屑邪谢邪蟹懈泄褋泻邪褟	0.000278	0.116534	0.000032
屑邪谢芯	0.000278	1.609438	0.000447
屑邪屑邪	0.000278	1.771957	0.000492
屑邪薪薪邪褟	0.000556	1.609438	0.000894
屑邪薪薪懈泻	0.000556	0.040822	0.000023
屑邪薪褌褘	0.000278	0.116534	0.000032
屑邪薪褢胁褉褘	0.000278	0.116534	0.000032
屑邪褉邪褎芯薪	0.000833	0.116534	0.000097
屑邪褉谐邪褉懈薪	0.000556	1.609438	0.000894
屑邪褉懈薪邪写	0.002500	0.040822	0.000102
屑邪褉懈薪邪写褘	0.000833	0.116534	0.000097
屑邪褉懈薪芯胁邪薪薪褘械	0.000278	0.116534	0.000032
屑邪褉屑械谢邪写	0.000278	0.040822	0.000011
屑邪褉芯泻泻邪薪褋泻邪褟	0.000278	0.116534	0.000032
屑邪褉褌邪	0.001667	0.105361	0.000176
屑邪褋泻邪褉锌芯薪械	0.000278	0.040822	0.000011
屑邪褋谢械薪懈褑邪	0.000833	0.040822	0.000034
屑邪褋谢械薪懈褔薪芯械	0.000278	0.116534	0.000032
屑邪褋谢芯	0.008333	0.116534	0.000971
屑邪褋谢芯屑	0.000278	0.116534	0.000032
屑邪褋褌械褉	0.002500	0.116534	0.000291
屑邪褋褌懈泻邪	0.000278	0.040822	0.000011
屑邪褋褌懈泻懈	0.000278	0.116534	0.000032
屑邪褎褎懈薪褘	0.000278	0.116534	0.000032
屑邪褏械械胁褗	0.001111	0.116534	0.000129
屑邪褕懈薪褘	0.000278	2.407946	0.000669
屑邪褟	0.000278	0.634878	0.000176
屑械写懈邪褎芯褉褌	0.000833	0.000000	0.000000
屑械写芯胁褘泄	0.000278	0.116534	0.000032
屑械泻褋懈泻邪薪褋泻邪褟	0.000278	0.116534	0.000032
屑械薪褞	0.000278	0.116534	0.000032
屑械薪褟	0.002500	0.083382	0.000208
屑械薪褟械褌褋褟	0.000278	0.116534	0.000032
屑械褉械	0.000278	2.813411	0.000782
屑械褉褍	0.000278	2.302585	0.000640
屑械褋褟褑械胁	0.000278	2.207275	0.000613
屑械褔褌邪	0.000278	0.116534	0.000032
屑械褔褌褘	0.000556	0.040822	0.000023
屑懈写懈懈	0.000278	0.040822	0.000011
屑懈泻褉芯胁芯谢薪芯胁泻械	0.000833	0.116534	0.000097
屑懈谢褜械	0.000278	0.116534	0.000032
屑懈薪懈屑褍屑	0.000278	1.427116	0.000396
屑懈薪褍褌	0.000833	0.755023	0.000629
屑懈薪褍褌褘	0.000556	1.171183	0.000651
屑懈芯	0.000278	0.116534	0.000032
屑懈褉	0.000278	0.116534	0.000032
屑懈褉邪	0.000278	0.116534	0.000032
屑懈褉芯胁邪褟	0.000278	0.116534	0.000032
屑懈褋芯	0.000278	0.040822	0.000011
屑懈褋褌械褉懈褟	0.000278	0.116534	0.000032
屑懈褋褌褉邪谢褜	0.001944	0.116534	0.000227
屑薪芯谐懈械	0.000278	1.309333	0.000364
屑薪芯谐芯	0.000833	0.776529	0.000647
屑薪芯卸械褋褌胁芯屑	0.000278	0.040822	0.000011
屑芯谐	0.000556	2.659260	0.001477
屑芯谐褍	0.000556	0.798508	0.000444
屑芯械	0.000278	0.116534	0.000032
屑芯械谐芯	0.000278	1.771957	0.000492
屑芯械泄	0.000556	1.427116	0.000793
屑芯卸械褌械	0.000278	0.000000	0.000000
屑芯懈屑	0.000278	2.302585	0.000640
屑芯懈褏	0.000278	1.832581	0.000509
屑芯泄	0.001111	0.105361	0.000117
屑芯谢写邪胁褋泻邪褟	0.000278	0.116534	0.000032
屑芯谢芯泻邪	0.000278	1.714798	0.000476
屑芯谢芯泻械	0.000556	0.105361	0.000059
屑芯谢芯泻芯	0.011667	0.116534	0.001360
屑芯谢芯褔薪褘泄	0.001111	0.040822	0.000045
屑芯谢芯褔薪褘褏	0.000556	0.116534	0.000065
屑芯屑械薪褌	0.000833	0.116534	0.000097
屑芯薪谐芯谢褜褋泻邪褟	0.000278	0.116534	0.000032
屑芯褉械	0.000278	0.116534	0.000032
屑芯褉械锌褉芯写褍泻褌芯胁	0.003056	0.040822	0.000125
屑芯褉械锌褉芯写褍泻褌褘	0.000556	0.116534	0.000065
屑芯褉泻芯胁褜	0.000278	0.040822	0.000011
屑芯褉芯卸械薪芯械	0.000833	0.040822	0.000034
屑芯褉褋	0.000278	0.040822	0.000011
屑芯褉褋褘	0.000278	0.116534	0.000032
屑芯褋泻胁械	0.000278	2.302585	0.000640
屑芯褋泻芯胁褋泻懈屑	0.000278	2.525729	0.000702
屑芯褌芯褉	0.000278	0.116534	0.000032
屑芯褏懈褌芯	0.000278	0.040822	0.000011
屑褍卸	0.000278	1.171183	0.000325
屑褍卸邪	0.000278	1.771957	0.000492
屑褍卸薪懈薪	0.000278	2.525729	0.000702
屑褍卸褋泻邪褟	0.000278	0.127833	0.000036
屑褍卸褔懈薪褘	0.000556	0.116534	0.000065
屑褍泻邪	0.006111	0.274437	0.001677
屑褍谢褜褌懈胁邪褉泻械	0.011667	0.116534	0.001360
屑褍谢褜褌懈锌械泻邪褉械泄	0.000833	0.116534	0.000097
屑褍褉屑邪薪褋泻邪	0.000278	2.995732	0.000832
屑褍褋褋	0.000278	0.040822	0.000011
屑褍褋褋褘	0.000556	0.116534	0.000065
屑褍褔薪褘械	0.000278	0.116534	0.000032
屑褞褋谢懈	0.000556	0.116534	0.000065
屑褟谐泻懈泄	0.000278	1.386294	0.000385
屑褟谐泻懈屑	0.000278	2.120264	0.000589
屑褟褋邪	0.002222	0.116534	0.000259
屑褟褋薪芯谐芯	0.000556	0.116534	0.000065
屑褟褋薪芯泄	0.000278	0.116534	0.000032
屑褟褋薪褘械	0.001389	0.040822	0.000057
屑褟褋薪褘褏	0.000833	0.116534	0.000097
屑褟褋芯	0.002222	0.040822	0.000091
屑褟褋芯屑	0.001389	0.040822	0.000057
屑褟褋褍	0.000556	0.116534	0.000065
薪邪斜芯褉	0.000278	1.897120	0.000527
薪邪胁械褉薪芯械	0.000278	2.207275	0.000613
薪邪胁械褋芯屑	0.000278	2.525729	0.000702
薪邪写械卸薪芯	0.000278	2.813411	0.000782
薪邪写芯斜薪芯褋褌懈	0.000278	2.995732	0.000832
薪邪蟹胁邪薪懈械	0.000278	0.941609	0.000262
薪邪蟹薪邪褔械薪懈褟	0.000278	0.116534	0.000032
薪邪蟹褘胁邪械屑芯屑	0.000278	4.605170	0.001279
薪邪泄褌懈	0.000278	1.714798	0.000476
薪邪泻芯薪械褑	0.000278	1.609438	0.000447
薪邪谢懈胁泻邪	0.000278	0.040822	0.000011
薪邪锌懈褌泻懈	0.001667	0.040822	0.000068
薪邪锌懈褌芯泻	0.000278	0.040822	0.000011
薪邪锌芯谢械芯薪	0.000556	2.659260	0.001477
薪邪锌芯屑薪懈褌	0.000278	3.506558	0.000974
薪邪褉芯写	0.000278	2.302585	0.000640
薪邪褋泻芯谢褜泻芯	0.000278	1.427116	0.000396
薪邪褋褌芯泄泻邪	0.000278	0.040822	0.000011
薪邪褋褌芯褟褖械械	0.000278	3.506558	0.000974
薪邪褋褌芯褟褖械泄	0.000278	2.407946	0.000669
薪邪褋褌褉邪懈胁邪褞	0.000278	2.995732	0.000832
薪邪褋褌褉芯械薪懈械	0.000278	0.116534	0.000032
薪邪褋褘褖械薪薪褘泄	0.000278	1.897120	0.000527
薪邪褌泻薪褍谢邪褋褜	0.000278	1.966113	0.000546
薪邪褏芯写泻邪	0.000278	2.525729	0.000702
薪邪褑懈芯薪邪谢褜薪褘械	0.000278	0.116534	0.000032
薪邪褔懈薪泻邪	0.000556	0.040822	0.000023
薪邪褔懈薪泻邪屑懈	0.000278	3.506558	0.000974
薪邪褔懈薪泻芯泄	0.000278	0.116534	0.000032
薪邪褕械	0.000278	2.407946	0.000669
薪邪褕械屑	0.000278	0.040822	0.000011
薪邪褕懈	0.000278	0.061875	0.000017
薪邪褕谢邪	0.001111	0.579818	0.000644
薪械斜械	0.000278	2.813411	0.000782
薪械胁械褉芯褟褌薪芯	0.000278	1.386294	0.000385
薪械胁芯蟹屑芯卸薪芯	0.000278	1.347074	0.000374
薪械胁芯谢褜薪芯	0.000278	2.525729	0.000702
薪械谐芯	0.000556	0.941609	0.000523
薪械写械谢褞	0.000278	1.897120	0.000527
薪械写械谢褟	0.002778	0.061875	0.000172
薪械卸薪芯泄	0.000278	0.116534	0.000032
薪械卸薪褍褞	0.000278	2.995732	0.000832
薪械卸薪褘泄	0.000278	0.891598	0.000248
薪械卸薪褘屑懈	0.000278	2.207275	0.000613
薪械卸薪褘褏	0.000278	2.995732	0.000832
薪械蟹邪屑械写谢懈褌械谢褜薪芯	0.000278	2.813411	0.000782
薪械屑	0.000278	1.203973	0.000334
薪械屑械褑泻邪褟	0.000278	0.116534	0.000032
薪械屑褍	0.000278	2.525729	0.000702
薪械芯斜褘泻薪芯胁械薪薪芯	0.000278	1.897120	0.000527
薪械芯斜褘褔薪褘泄	0.000278	1.347074	0.000374
薪械芯卸懈写邪薪薪褘械	0.000278	0.116534	0.000032
薪械褋泻芯谢褜泻芯	0.000833	0.916291	0.000764
薪械褋谢邪写泻芯械	0.000278	0.116534	0.000032
薪懈斜褍写褜	0.000278	1.832581	0.000509
薪懈泻邪泻芯泄	0.000278	2.207275	0.000613
薪懈泻芯屑褍	0.000278	2.659260	0.000739
薪懈薪邪	0.000833	1.203973	0.001003
薪泻	0.000278	1.771957	0.000492
薪芯胁邪褟	0.000278	0.116534	0.000032
薪芯胁芯谐芯写薪械谐芯	0.001389	0.116534	0.000162
薪芯胁芯谐芯写薪械械	0.000833	0.116534	0.000097
薪芯胁芯谐芯写薪懈械	0.001667	0.040822	0.000068
薪芯胁芯谐芯写薪懈泄	0.001944	0.116534	0.000227
薪芯胁芯谐芯写薪褟褟	0.000278	0.105361	0.000029
薪芯胁芯褋褌褟褏	0.000278	0.061875	0.000017
薪芯胁褘械	0.000556	0.051293	0.000028
薪芯胁褘泄	0.002778	0.094311	0.000262
薪芯胁褘褏	0.000278	1.966113	0.000546
薪芯褉胁械谐懈懈	0.000278	2.995732	0.000832
薪芯褉胁械卸褋泻邪褟	0.000278	0.116534	0.000032
薪芯褟斜褉褟	0.000556	0.527633	0.000293
芯斜邪谢写械薪薪芯	0.000278	2.120264	0.000589
芯斜械写	0.000833	0.105361	0.000088
芯斜械蟹褜褟薪褘	0.000278	0.116534	0.000032
芯斜谢邪写邪褌褜	0.000278	2.659260	0.000739
芯斜芯卸邪褞褌	0.000278	2.302585	0.000640
芯斜褖邪褌褜褋褟	0.000278	0.040822	0.000011
芯斜褘褔薪芯	0.000278	1.714798	0.000476
芯斜褘褔薪褘泄	0.000278	1.897120	0.000527
芯斜褟蟹邪褌械谢褜薪芯	0.000278	0.967584	0.000269
芯胁芯褖邪屑懈	0.000278	0.116534	0.000032
芯胁芯褖械泄	0.003889	0.105361	0.000410
芯胁芯褖懈	0.001667	0.094311	0.000157
芯胁芯褖薪邪褟	0.000278	0.040822	0.000011
芯胁芯褖薪芯械	0.000278	0.116534	0.000032
芯胁芯褖薪芯泄	0.000556	0.105361	0.000059
芯胁芯褖薪褘械	0.001389	0.040822	0.000057
芯胁褋褟薪芯械	0.000278	0.116534	0.000032
芯谐薪械薪薪芯泄	0.000278	0.116534	0.000032
芯谐薪褟	0.000278	0.116534	0.000032
芯谐褉芯屑薪芯械	0.000278	1.237874	0.000344
芯谐褉芯屑薪褘泄	0.000278	2.995732	0.000832
芯谐褍褉褑褘	0.000556	0.116534	0.000065
芯写薪懈屑	0.000278	1.309333	0.000364
芯写薪芯谐芯	0.000278	1.660731	0.000461
芯写薪芯泄	0.000278	1.237874	0.000344
芯泻褉芯褕泻邪	0.000833	0.040822	0.000034
芯泻褌褟斜褉褟	0.000833	0.562119	0.000468
芯谢邪写褜懈	0.001389	0.040822	0.000057
芯谢械泄薪邪	0.000833	0.116534	0.000097
芯谢械泄薪芯泄	0.001111	0.116534	0.000129
芯谢械泄薪褘	0.000278	0.127833	0.000036
芯谢懈胁泻芯胁芯械	0.001111	0.544727	0.000605
芯谢褟	0.000278	2.120264	0.000589
芯屑谢械褌	0.000278	0.040822	0.000011
芯锌邪褉邪	0.000278	0.040822	0.000011
芯锌褉械写械谢械薪薪褘屑懈	0.000278	2.525729	0.000702
芯锌褉芯斜芯胁邪薪薪褘褏	0.000278	3.506558	0.000974
芯锌褉芯褋	0.000278	0.061875	0.000017
芯褉械褏懈	0.000556	1.139434	0.000633
芯褉懈谐懈薪邪谢褍	0.000278	2.407946	0.000669
芯褋械薪薪械械	0.000278	0.116534	0.000032
芯褋械薪薪懈械	0.000278	0.051293	0.000014
芯褋械薪薪懈泄	0.000556	0.116534	0.000065
芯褋械薪褜	0.002778	0.105361	0.000293
芯褋薪芯胁薪芯械	0.000278	0.040822	0.000011
芯褋褌邪械褌褋褟	0.000278	0.116534	0.000032
芯褋褌懈薪	0.000278	4.605170	0.001279
芯褌胁械褌懈褌褜	0.000278	0.051293	0.000014
芯褌胁械褌芯胁	0.000278	0.051293	0.000014
芯褌胁械褌褘	0.000278	0.000000	0.000000
芯褌写械谢褜薪芯械	0.000278	3.506558	0.000974
芯褌泻褉褘褌褘泄	0.000556	0.116534	0.000065
芯褌谢懈褔薪芯	0.000278	1.514128	0.000421
芯褌屑械薪懈褌褜	0.000278	0.040822	0.000011
芯褌薪懈屑邪械褌	0.000278	4.605170	0.001279
芯褌褋褍褌褋褌胁懈褟	0.000278	2.995732	0.000832
芯褌褋褍褌褋褌胁褍械褌	0.000278	2.525729	0.000702
芯褏谢邪写懈褌褜	0.000278	0.116534	0.000032
芯褔械褉械写褜	0.000556	1.966113	0.001092
锌邪泻械褌懈泻邪褏	0.000278	0.105361	0.000029
锌邪谢芯褔泻邪	0.000278	1.560648	0.000434
锌邪谢芯褔泻懈	0.000278	0.040822	0.000011
锌邪薪懈褉	0.000278	4.605170	0.001279
锌邪薪懈褉芯胁泻邪	0.002222	0.116534	0.000259
锌邪薪懈褉芯屑	0.000278	4.605170	0.001279
锌邪褉邪	0.000278	0.116534	0.000032
锌邪褉邪写	0.001944	0.116534	0.000227
锌邪褉邪屑械褌褉邪屑	0.000278	3.506558	0.000974
锌邪褉芯胁邪褉泻械	0.002500	0.116534	0.000291
锌邪褉芯谢褜	0.000278	0.020203	0.000006
锌邪褋褌邪	0.000833	0.040822	0.000034
锌邪褋褌褉芯屑邪	0.000278	0.040822	0.000011
锌邪褋褏邪	0.000556	0.040822	0.000023
锌邪褋褏邪谢褜薪邪褟	0.000556	0.116534	0.000065
锌邪褋褏邪谢褜薪褘泄	0.000278	0.127833	0.000036
锌邪褌械薪褌	0.000278	2.525729	0.000702
锌邪褕褌械褌	0.000278	0.040822	0.000011
锌邪褕褌械褌褘	0.000556	0.116534	0.000065
锌械泻邪褉褟	0.000278	0.127833	0.000036
锌械泻谢邪	0.000278	2.525729	0.000702
锌械谢褜屑械薪械泄	0.000556	2.525729	0.001403
锌械谢褜屑械薪懈	0.000278	0.116534	0.000032
锌械谢褜屑械薪薪芯谐芯	0.000278	2.659260	0.000739
锌械谢褜屑械薪薪芯械	0.000278	2.659260	0.000739
锌械褉胁芯械	0.000556	0.040822	0.000023
锌械褉胁褘械	0.000278	0.127833	0.000036
锌械褉胁褘泄	0.000278	1.309333	0.000364
锌械褉胁褘屑	0.000278	0.116534	0.000032
锌械褉械胁芯褉芯褌	0.000278	3.506558	0.000974
锌械褉械泄褌懈	0.000278	0.040822	0.000011
锌械褉械泻懈褋邪械褌	0.000278	3.912023	0.001087
锌械褉械泻褍褋	0.000556	0.116534	0.000065
锌械褉械褑	0.000278	0.040822	0.000011
锌械褉褋芯薪褘	0.000278	0.116534	0.000032
锌械褉褍邪薪褋泻邪褟	0.000278	0.116534	0.000032
锌械褋芯褔薪芯械	0.000556	0.105361	0.000059
锌械褋芯褔薪褘泄	0.000278	0.116534	0.000032
锌械褌械谢懈薪泻懈	0.000278	0.127833	0.000036
锌械褔械薪芯褔薪褘泄	0.000278	0.040822	0.000011
锌械褔械薪褜械	0.002500	0.040822	0.000102
锌械褔懈	0.000278	0.127833	0.000036
锌械褔褜	0.000278	1.966113	0.000546
锌懈胁芯	0.000278	0.116534	0.000032
锌懈泻邪薪褌褘	0.000278	0.127833	0.000036
锌懈泻薪懈泻	0.000556	0.116534	0.000065
锌懈泻薪懈泻邪	0.000278	0.116534	0.000032
锌懈泻薪懈泻褍	0.000278	0.105361	0.000029
锌懈褉	0.000278	0.116534	0.000032
锌懈褉芯谐	0.000833	0.040822	0.000034
锌懈褉芯谐懈	0.000556	0.105361	0.000059
锌懈褉芯卸泻懈	0.000556	0.040822	0.000023
锌懈褉芯卸薪芯械	0.000278	0.040822	0.000011
锌懈褉芯卸薪褘械	0.000278	0.116534	0.000032
锌懈褌邪薪懈械	0.001389	0.105361	0.000146
锌懈褑褑邪	0.000833	0.040822	0.000034
锌懈褑褑褍	0.000278	2.995732	0.000832
锌懈褑褑褘	0.000833	2.207275	0.001839
锌谢邪屑褟	0.000278	0.116534	0.000032
锌谢械械褉芯屑	0.000278	2.813411	0.000782
锌谢懈褌邪	0.001111	0.127833	0.000142
锌谢芯胁	0.000278	0.116534	0.000032
锌谢芯写褘	0.000278	0.116534	0.000032
锌芯斜芯褞褋褜	0.000278	2.995732	0.000832
锌芯胁邪褉邪	0.000278	1.514128	0.000421
锌芯胁邪褉械薪泻械	0.000278	0.040822	0.000011
锌芯胁邪褉械薪芯泻	0.000278	0.061875	0.000017
锌芯胁邪褉褟褌	0.000278	0.116534	0.000032
锌芯胁邪褉褟褌邪屑	0.000278	2.407946	0.000669
锌芯胁邪褉褟褌邪屑懈	0.000278	0.040822	0.000011
锌芯胁邪褉褢薪泻邪	0.000278	0.116534	0.000032
锌芯胁懈写谢芯	0.000278	0.040822	0.000011
锌芯胁褌芯褉懈谢邪	0.000278	2.525729	0.000702
锌芯写邪胁邪褌褜褋褟	0.000278	3.912023	0.001087
锌芯写邪褉泻芯胁	0.000278	0.116534	0.000032
锌芯写写邪胁邪褌褜褋褟	0.000278	2.659260	0.000739
锌芯写械谢懈褌褜褋褟	0.000556	0.478036	0.000266
锌芯写泻褍锌懈谢	0.000278	2.659260	0.000739
锌芯写谢懈胁邪	0.000278	0.116534	0.000032
锌芯写谢懈胁泻邪	0.000278	0.040822	0.000011
锌芯写芯斜薪芯谐芯	0.000278	2.525729	0.000702
锌芯写芯泄写械褌	0.000278	1.832581	0.000509
锌芯写锌懈褋邪褌褜褋褟	0.000278	0.040822	0.000011
锌芯写锌懈褕懈褌械褋褜	0.000556	0.040822	0.000023
锌芯写褉褍谐懈	0.000278	2.659260	0.000739
锌芯写褋芯谢薪械褔薪芯械	0.000556	1.347074	0.000748
锌芯械写懈薪泻懈	0.003889	0.116534	0.000453
锌芯蟹邪懈屑褋褌胁芯胁邪谢邪	0.000278	2.995732	0.000832
锌芯蟹写褉邪胁褜	0.000278	0.116534	0.000032
锌芯懈褋泻	0.000278	0.051293	0.000014
锌芯懈褋泻械	0.000278	2.407946	0.000669
锌芯泻邪蟹邪褌褜	0.000278	1.714798	0.000476
锌芯泻邪蟹邪褌褜褋褟	0.000278	2.659260	0.000739
锌芯泻谢芯薪懈谢邪褋褜	0.000278	3.506558	0.000974
锌芯谢写薪懈泻	0.000556	0.116534	0.000065
锌芯谢械蟹薪邪褟	0.000278	3.218876	0.000894
锌芯谢械蟹薪芯	0.000278	0.116534	0.000032
锌芯谢懈褌懈泻芯泄	0.000278	0.040822	0.000011
锌芯谢薪芯褋褌褜褞	0.000278	1.347074	0.000374
锌芯谢芯胁懈薪邪	0.002222	0.116534	0.000259
锌芯谢褍褔邪械褌褋褟	0.001389	0.400478	0.000556
锌芯谢褍褔邪泄褌械	0.000278	0.040822	0.000011
锌芯谢褍褔邪褌褜	0.000278	0.040822	0.000011
锌芯谢褍褔邪褞褌褋褟	0.000833	1.427116	0.001189
锌芯谢褍褔械薪	0.000278	2.525729	0.000702
锌芯谢褍褔懈褌褋褟	0.000278	1.714798	0.000476
锌芯谢褜蟹邪	0.000278	0.127833	0.000036
锌芯谢褜蟹芯泄	0.001111	0.116534	0.000129
锌芯谢褜褋泻邪褟	0.000278	0.116534	0.000032
锌芯屑邪写泻邪	0.000556	0.040822	0.000023
锌芯屑邪写泻懈	0.000278	0.116534	0.000032
锌芯屑懈写芯褉泻懈	0.000278	0.127833	0.000036
锌芯屑懈写芯褉褘	0.000556	0.116534	0.000065
锌芯屑芯褖薪懈褑邪	0.000278	2.525729	0.000702
锌芯薪褉邪胁懈胁褕懈械褋褟	0.000278	0.040822	0.000011
锌芯薪褉邪胁懈谢芯褋褜	0.000278	1.514128	0.000421
锌芯薪褔懈泻懈	0.000556	0.040822	0.000023
锌芯锌褉芯斜褍泄褌械	0.000556	0.562119	0.000312
锌芯褉邪	0.000278	0.116534	0.000032
锌芯褉邪写褍械褌	0.000278	1.660731	0.000461
锌芯褉懈褋褌褘褏	0.000278	2.995732	0.000832
锌芯褉芯褕芯泻	0.001667	0.916291	0.001527
锌芯褉褌褍谐邪谢褜褋泻邪褟	0.000278	0.116534	0.000032
锌芯褋械褖邪械褌械	0.000278	0.061875	0.000017
锌芯褋褌	0.001389	0.105361	0.000146
锌芯褋褌邪胁懈褌褜	0.000278	2.525729	0.000702
锌芯褋褌邪胁褜褌械	0.000278	2.995732	0.000832
锌芯褋褌薪芯械	0.000278	0.116534	0.000032
锌芯褋褌薪褘械	0.000278	0.040822	0.000011
锌芯褋褌薪褘泄	0.000278	0.116534	0.000032
锌芯褋褌芯褟薪薪芯	0.000278	0.040822	0.000011
锌芯褋褌褉邪写邪械褌	0.000278	2.813411	0.000782
锌芯褋褌褉芯懈屑	0.000278	0.116534	0.000032
锌芯褋褍写邪	0.000556	0.094311	0.000052
锌芯褌械褉褟薪芯	0.000278	3.506558	0.000974
锌芯褌褉褟褋	0.000556	3.506558	0.001948
锌芯褔械屑褍	0.000278	1.203973	0.000334
锌芯褔褌懈	0.000278	1.021651	0.000284
锌芯褔褌褍	0.000278	0.040822	0.000011
锌芯褕邪谐芯胁褘械	0.000278	0.301105	0.000084
锌芯褕邪谐芯胁褘屑懈	0.000278	0.040822	0.000011
锌芯褟胁懈谢邪褋褜	0.000278	3.218876	0.000894
锌芯褟褋	0.000278	3.506558	0.000974
锌褉邪胁懈谢褜薪芯械	0.000278	2.659260	0.000739
锌褉邪胁懈谢褜薪褘械	0.000278	2.659260	0.000739
锌褉邪谐邪	0.000278	2.525729	0.000702
锌褉邪蟹写薪懈泻邪	0.000278	0.116534	0.000032
锌褉邪蟹写薪懈褔薪芯	0.000278	0.116534	0.000032
锌褉邪蟹写薪懈褔薪芯谐芯	0.000278	0.116534	0.000032
锌褉邪蟹写薪懈褔薪褘泄	0.000278	0.116534	0.000032
锌褉邪泻褌懈泻褍屑	0.000278	0.116534	0.000032
锌褉邪泻褌懈褔械褋泻懈	0.000278	1.386294	0.000385
锌褉邪泻褌懈褔薪芯	0.000278	2.525729	0.000702
锌褉械胁芯褋褏芯写薪褘械	0.000278	0.116534	0.000032
锌褉械胁芯褋褏芯写薪褘泄	0.000278	2.525729	0.000702
锌褉械胁褉邪褖械薪懈褟	0.000278	0.116534	0.000032
锌褉械写谢邪谐邪械屑褘泄	0.000278	2.407946	0.000669
锌褉械写谢邪谐邪褞	0.000833	0.693147	0.000578
锌褉械写褋褌邪胁懈谢邪	0.000278	2.813411	0.000782
锌褉械泻褉邪褋薪褘泄	0.000278	2.407946	0.000669
锌褉械褋薪芯械	0.000556	0.116534	0.000065
锌褉懈斜谢懈卸械薪	0.000278	2.525729	0.000702
锌褉懈谐芯褌芯胁懈谢邪	0.000278	1.386294	0.000385
锌褉懈谐芯褌芯胁懈屑	0.000278	0.116534	0.000032
锌褉懈谐芯褌芯胁懈褌褜	0.000278	0.342490	0.000095
锌褉懈谐芯褌芯胁谢械薪懈械	0.001389	0.105361	0.000146
锌褉懈谐芯褌芯胁谢械薪懈懈	0.000278	0.798508	0.000222
锌褉懈谐芯褌芯胁谢械薪懈褞	0.000278	0.040822	0.000011
锌褉懈谐芯褌芯胁谢械薪懈褟	0.000278	0.371064	0.000103
锌褉懈谐芯褌芯胁褜褌械	0.000278	1.897120	0.000527
锌褉懈蟹薪邪薪懈械	0.000278	0.116534	0.000032
锌褉懈蟹芯胁	0.000278	0.040822	0.000011
锌褉懈薪芯褕褍	0.000278	2.302585	0.000640
锌褉懈锌褉邪胁邪	0.000278	0.040822	0.000011
锌褉懈褉芯写褍	0.000278	0.116534	0.000032
锌褉懈褉芯写褘	0.000278	0.116534	0.000032
锌褉懈褋褌褍锌懈褌褜	0.000278	0.040822	0.000011
锌褉懈褟褌薪褘屑	0.000278	2.207275	0.000613
锌褉芯斜谢械屑	0.000278	2.659260	0.000739
锌褉芯斜褍褞	0.000278	3.506558	0.000974
锌褉芯胁械写懈	0.001111	0.116534	0.000129
锌褉芯胁械褉械薪芯	0.001667	0.116534	0.000194
锌褉芯胁芯写懈屑褘褏	0.000278	0.040822	0.000011
锌褉芯胁芯卸邪械屑	0.000278	0.116534	0.000032
锌褉芯写邪胁邪谢懈	0.000278	2.407946	0.000669
锌褉芯写褍泻褌芯胁	0.000833	0.094311	0.000079
锌褉芯械泻褌芯胁	0.000278	0.116534	0.000032
锌褉芯械泻褌褘	0.000278	0.061875	0.000017
锌褉芯懈蟹胁械谢	0.000278	2.525729	0.000702
锌褉芯锌芯褉褑懈懈	0.000278	1.714798	0.000476
锌褉芯褋懈谢	0.000278	2.813411	0.000782
锌褉芯褋屑芯褌褉邪屑	0.000278	0.274437	0.000076
锌褉芯褋屑芯褌褉械谢邪	0.000278	1.832581	0.000509
锌褉芯褋褌	0.000278	2.525729	0.000702
锌褉芯褋褌芯	0.002222	0.083382	0.000185
锌褉芯褋褌芯泄	0.000278	0.755023	0.000210
锌褉芯褋褌芯泻胁邪褕邪	0.000278	0.040822	0.000011
锌褉芯褋褌芯褉邪褏	0.000278	1.771957	0.000492
锌褉芯褋褌芯褌邪	0.000278	1.966113	0.000546
锌褉芯褋褔懈褌邪薪褘	0.000278	2.659260	0.000739
锌褉芯褋褟褌	0.000278	2.040221	0.000567
锌褉芯褎懈谢褜	0.000278	0.040822	0.000011
锌褉芯褔懈褌邪谢邪	0.000278	1.832581	0.000509
锌褉褟屑芯	0.000278	0.040822	0.000011
锌褉褟薪懈泻	0.000278	0.040822	0.000011
锌褉褟薪懈泻懈	0.000278	0.116534	0.000032
锌褉褟薪懈褔薪芯械	0.000278	0.116534	0.000032
锌褌懈褑邪	0.001389	0.116534	0.000162
锌褌懈褑械	0.000556	0.116534	0.000065
锌褌懈褑械泄	0.000278	0.127833	0.000036
锌褌懈褑褘	0.003056	0.116534	0.000356
锌褌懈褔褜械	0.000556	1.832581	0.001018
锌褍写懈薪谐	0.000278	0.040822	0.000011
锌褍写懈薪谐懈	0.000556	0.116534	0.000065
锌褍薪褕	0.000278	0.040822	0.000011
锌褍褌械褕械褋褌胁懈械	0.000556	0.116534	0.000065
锌褍褌褜	0.000278	0.116534	0.000032
锌褕械薪懈褔薪邪褟	0.006111	0.287682	0.001758
锌褘褕泻懈	0.000278	0.040822	0.000011
锌褞褉械	0.001111	0.040822	0.000045
锌褟褌褜	0.000278	1.832581	0.000509
褉邪斜芯褌褍	0.000278	1.560648	0.000434
褉邪胁薪芯	0.000278	2.120264	0.000589
褉邪谐褍	0.000278	0.116534	0.000032
褉邪蟹	0.000833	0.446287	0.000372
褉邪蟹斜褍褏邪褌褜	0.000278	2.659260	0.000739
褉邪蟹胁械褉薪褍褌褜	0.000278	0.116534	0.000032
褉邪蟹写械谢褜薪芯械	0.000278	0.116534	0.000032
褉邪蟹屑械褋褌懈褌褜	0.000278	2.813411	0.000782
褉邪蟹屑械褖械薪薪褘泄	0.000278	2.525729	0.000702
褉邪蟹薪芯芯斜褉邪蟹懈褟	0.000278	2.659260	0.000739
褉邪蟹薪褘械	0.000278	0.116534	0.000032
褉邪蟹薪褘屑懈	0.000278	2.813411	0.000782
褉邪蟹褉褘褏谢懈褌械谢褜	0.000556	1.237874	0.000688
褉邪蟹褉褟写邪	0.000278	2.525729	0.000702
褉邪屑泻邪褏	0.000278	1.832581	0.000509
褉邪薪械械	0.000278	2.407946	0.000669
褉邪褋泻邪褌褘胁邪褌褜褋褟	0.000278	2.659260	0.000739
褉邪褋褋泻邪蟹褘胁邪械褌	0.000278	2.995732	0.000832
褉邪褋褋芯谢褜薪懈泻	0.000556	0.040822	0.000023
褉邪褋褋芯谢褜薪懈泻邪	0.000278	0.116534	0.000032
褉邪褋褋褘谢泻懈	0.000278	0.061875	0.000017
褉邪褋褌懈褌械谢褜薪芯械	0.002778	0.235722	0.000655
褉邪褋褌懈褌械谢褜薪褘褏	0.000278	3.506558	0.000974
褉械胁芯谢褞褑懈芯薪薪褘泄	0.000278	3.506558	0.000974
褉械谐懈褋褌褉邪褑懈懈	0.000556	0.010050	0.000006
褉械谐懈褋褌褉邪褑懈褟	0.000278	0.000000	0.000000
褉械蟹褍谢褜褌邪褌	0.000278	0.967584	0.000269
褉械泄褌懈薪谐褍	0.000278	0.248461	0.000069
褉械泻谢邪屑褘	0.000278	2.995732	0.000832
褉械褋褌芯褉邪薪邪	0.000278	1.832581	0.000509
褉械褑械锌褌	0.007500	0.040822	0.000306
褉械褑械锌褌邪	0.000556	0.462035	0.000257
褉械褑械锌褌邪褏	0.000278	0.061875	0.000017
褉械褑械锌褌芯胁	0.001667	0.040822	0.000068
褉械褑械锌褌芯屑	0.000556	0.693147	0.000385
褉械褑械锌褌褘	0.020278	0.040822	0.000828
褉械褕懈谢邪	0.001111	0.820981	0.000912
褉懈褋	0.001111	0.040822	0.000045
褉懈褋邪	0.000278	0.116534	0.000032
褉懈褌屑械	0.000278	0.116534	0.000032
褉芯谐邪谢懈泻懈	0.000278	0.040822	0.000011
褉芯写薪芯械	0.000278	0.116534	0.000032
褉芯写芯屑	0.000278	2.525729	0.000702
褉芯卸写械薪懈褟	0.000278	0.105361	0.000029
褉芯卸写械褋褌胁芯	0.000278	0.116534	0.000032
褉芯谢谢褌芯薪	0.000278	0.116534	0.000032
褉芯谢谢褘	0.000556	0.040822	0.000023
褉芯屑	0.000278	0.040822	0.000011
褉褌褍	0.000278	1.469676	0.000408
褉褍斜褉懈泻邪褌芯褉	0.000278	0.051293	0.000014
褉褍写褜泻芯胁邪	0.000278	2.995732	0.000832
褉褍泻邪屑懈	0.000556	2.995732	0.001664
褉褍谢械褌	0.000278	0.040822	0.000011
褉褍谢械褌褘	0.002778	0.116534	0.000324
褉褍屑褘薪褋泻邪褟	0.000278	0.116534	0.000032
褉褍屑褟薪褘械	0.000278	0.116534	0.000032
褉褍薪械褌械	0.000278	0.020203	0.000006
褉褍褋褋泻邪褟	0.000278	0.116534	0.000032
褉褘斜邪	0.002500	0.040822	0.000102
褉褘斜械	0.000556	0.116534	0.000065
褉褘斜薪邪褟	0.000278	0.116534	0.000032
褉褘斜薪芯谐芯	0.000556	0.116534	0.000065
褉褘斜薪褘械	0.001111	0.116534	0.000129
褉褘斜薪褘泄	0.000556	0.116534	0.000065
褉褘斜薪褘褏	0.000278	0.116534	0.000032
褉褘斜芯泄	0.000556	0.116534	0.000065
褉褘斜芯谢芯胁薪芯谐芯	0.000278	2.995732	0.000832
褉褘斜褘	0.003333	0.116534	0.000388
褉褟卸械薪泻邪	0.000278	0.116534	0.000032
褋邪泄褌	0.000833	0.000000	0.000000
褋邪泄褌械	0.000278	0.462035	0.000128
褋邪泄褌芯屑	0.000278	2.813411	0.000782
褋邪泄褌褍	0.000556	0.061875	0.000034
褋邪谢邪褌	0.000278	0.094311	0.000026
褋邪谢邪褌薪邪褟	0.000278	0.116534	0.000032
褋邪谢邪褌褘	0.008611	0.040822	0.000352
褋邪屑芯谐芯薪	0.000278	0.040822	0.000011
褋邪屑褘械	0.000278	1.832581	0.000509
褋邪屑褘泄	0.000278	1.021651	0.000284
褋邪屑褘屑	0.000278	1.386294	0.000385
褋邪屑褘褏	0.000833	0.116534	0.000097
褋邪褉薪懈褟	0.000278	4.605170	0.001279
褋邪褎	0.000833	0.116534	0.000097
褋邪褎褋械屑	0.000278	0.116534	0.000032
褋邪褏邪褉	0.009444	0.116534	0.001101
褋斜懈褌械薪褜	0.000278	0.040822	0.000011
褋胁械卸械褋褌褜	0.000278	0.105361	0.000029
褋胁械泻谢邪	0.000278	0.040822	0.000011
褋胁械泻芯谢褜薪懈泻	0.000556	0.040822	0.000023
褋胁械褌邪	0.001111	0.116534	0.000129
褋胁懈薪懈薪邪	0.000278	0.040822	0.000011
褋胁懈薪懈薪褘	0.001111	0.116534	0.000129
褋胁芯械	0.000278	0.116534	0.000032
褋胁芯械屑	0.000278	0.040822	0.000011
褋胁芯懈屑	0.000278	0.040822	0.000011
褋胁芯褞	0.000556	0.040822	0.000023
褋谐褍褖械薪泻邪	0.000278	0.040822	0.000011
褋谐褍褖械薪薪芯谐芯	0.000278	3.218876	0.000894
褋谐褍褖械薪薪芯械	0.000833	2.040221	0.001700
褋写械谢邪薪	0.000278	2.995732	0.000832
褋写械谢邪褌褜	0.000278	1.021651	0.000284
褋写械谢邪褞	0.000278	2.659260	0.000739
褋械蟹芯薪	0.000278	0.116534	0.000032
褋械泄褔邪褋	0.000556	0.030459	0.000017
褋械泻褉械褌	0.000278	1.609438	0.000447
褋械泻褉械褌褘	0.000556	0.116534	0.000065
褋械泻褍薪写	0.000556	2.995732	0.001664
褋械谢械写泻邪	0.000278	0.040822	0.000011
褋械屑谐邪	0.000278	0.040822	0.000011
褋械屑械泄薪褘泄	0.000278	0.116534	0.000032
褋械屑褜械	0.000278	1.309333	0.000364
褋械屑褜懈	0.000556	0.116534	0.000065
褋懈写褉	0.000278	0.040822	0.000011
褋懈褉懈泄褋泻邪褟	0.000278	0.116534	0.000032
褋懈褉芯锌	0.000278	0.040822	0.000011
褋懈褉芯锌褘	0.000278	0.116534	0.000032
褋懈褋褌械屑褘	0.000278	0.040822	0.000011
褋懈褌懈	0.000278	0.127833	0.000036
褋泻邪蟹邪谢邪	0.000278	1.832581	0.000509
褋泻邪蟹邪褌褜	0.000556	0.653926	0.000363
褋泻邪蟹芯泻	0.000278	0.116534	0.000032
褋泻芯胁芯褉芯写械	0.000278	1.560648	0.000434
褋谢邪写泻邪褟	0.000556	0.116534	0.000065
褋谢邪写泻懈械	0.001667	0.040822	0.000068
褋谢邪写泻懈泄	0.002778	0.105361	0.000293
褋谢邪写泻懈褏	0.000556	0.116534	0.000065
褋谢邪写泻芯	0.000278	0.116534	0.000032
褋谢械写褍褞褖械械	0.000278	2.813411	0.000782
褋谢懈胁芯褔薪芯械	0.003611	0.116534	0.000421
褋谢芯胁邪	0.000278	2.302585	0.000640
褋谢芯械薪芯谐芯	0.000278	0.127833	0.000036
褋谢芯械薪芯械	0.000278	0.116534	0.000032
褋谢芯械薪褘泄	0.000833	0.116534	0.000097
褋谢芯泄泻邪	0.000278	0.040822	0.000011
褋谢芯泄泻懈	0.000278	0.116534	0.000032
褋谢褍褔邪谢芯褋褜	0.000278	2.525729	0.000702
褋屑械褌邪薪邪	0.001389	0.105361	0.000146
褋屑械褕邪薪薪芯谐芯	0.000278	0.116534	0.000032
褋屑芯卸械褌械	0.000278	0.040822	0.000011
褋屑褍蟹懈	0.000833	0.040822	0.000034
褋屑褍褖邪褞褌	0.000278	2.995732	0.000832
褋薪褝泻	0.000278	0.116534	0.000032
褋芯斜懈褉邪械褌械褋褜	0.000278	0.040822	0.000011
褋芯斜褋褌胁械薪薪褘屑懈	0.000556	3.506558	0.001948
褋芯胁械褉褕械薪薪芯	0.000278	1.171183	0.000325
褋芯胁械褉褕械薪褋褌胁芯	0.001389	0.116534	0.000162
褋芯胁械褉褕懈谢邪	0.000278	3.506558	0.000974
褋芯胁械褋褌褜褞	0.000278	2.995732	0.000832
褋芯胁械褌邪屑懈	0.000278	0.040822	0.000011
褋芯胁械褌褍	0.000278	2.995732	0.000832
褋芯胁褋械屑	0.000278	1.139434	0.000317
褋芯谐谢邪褕邪械褌械褋褜	0.000278	0.040822	0.000011
褋芯写邪	0.001667	0.967584	0.001613
褋芯蟹写邪械褌	0.000278	0.116534	0.000032
褋芯蟹写邪薪懈褟	0.000556	0.261365	0.000145
褋芯泻	0.000833	0.116534	0.000097
褋芯泻邪	0.000278	0.105361	0.000029
褋芯泻懈	0.000278	0.040822	0.000011
褋芯谢械薪褘械	0.000833	0.116534	0.000097
褋芯谢械薪褜褟	0.000556	0.116534	0.000065
褋芯谢薪械褔薪芯泄	0.000278	0.127833	0.000036
褋芯谢褜	0.004444	0.150823	0.000670
褋芯谢褟薪泻邪	0.000556	0.040822	0.000023
褋芯锌械褉薪懈褔邪褌褜	0.000278	4.605170	0.001279
褋芯褉褌邪	0.000278	4.605170	0.001279
褋芯褉褌懈褉芯胁邪褌褜	0.000278	0.248461	0.000069
褋芯褋褌邪胁	0.000278	1.897120	0.000527
褋芯褋褌邪胁褜	0.000278	0.116534	0.000032
褋芯褍褋	0.002500	0.040822	0.000102
褋芯褍褋芯屑	0.001389	0.116534	0.000162
褋芯褍褋褘	0.001389	0.116534	0.000162
褋芯褏褉邪薪褟褌褜	0.000278	0.040822	0.000011
褋芯褑褋械褌懈	0.000278	0.040822	0.000011
褋芯褔械褌邪薪懈械	0.000278	0.116534	0.000032
褋芯褔薪芯械	0.000278	0.116534	0.000032
褋锌邪谢褜薪褟屑懈	0.000278	0.446287	0.000124
褋锌邪褋懈斜芯	0.000278	0.673345	0.000187
褋锌械褑懈邪谢褜薪芯械	0.000278	0.116534	0.000032
褋锌械褑懈懈	0.000278	0.105361	0.000029
褋锌械褑锌褉芯械泻褌	0.009167	0.116534	0.001068
褋锌懈褋芯泻	0.000278	0.116534	0.000032
褋锌芯泻芯泄薪芯泄	0.000278	2.995732	0.000832
褋锌芯褞	0.000278	0.116534	0.000032
褋褉邪胁薪懈褌褜褋褟	0.000278	3.506558	0.000974
褋褉邪蟹褍	0.000556	0.733969	0.000408
褋褉械写懈蟹械屑薪芯屑芯褉褋泻邪褟	0.000278	0.127833	0.000036
褋褋褋褉芯胁褋泻懈械	0.000278	3.506558	0.000974
褋褌邪褉褘械	0.000278	0.261365	0.000073
褋褌邪褉褘泄	0.000278	2.040221	0.000567
褋褌邪褌褜褟褏	0.000278	0.061875	0.000017
褋褌懈谢械	0.000278	0.116534	0.000032
褋褌懈谢褟	0.000278	0.116534	0.000032
褋褌芯谢	0.000556	0.105361	0.000059
褋褌芯谢邪	0.001667	0.116534	0.000194
褋褌褉邪薪懈褑	0.000278	2.525729	0.000702
褋褌褉邪薪薪芯	0.000278	2.659260	0.000739
褋褌褉芯懈褌械谢褜褋褌胁械	0.000278	0.040822	0.000011
褋褌褉芯懈褌械谢褜褋褌胁褍	0.000278	0.040822	0.000011
褋褌褉芯懈褌褜	0.000278	0.040822	0.000011
褋褌褉芯泄薪芯泄	0.000278	0.116534	0.000032
褋褌褉褍泄泻芯泄	0.000278	2.995732	0.000832
褋褍斜锌褉芯写褍泻褌芯胁	0.001944	0.116534	0.000227
褋褍斜锌褉芯写褍泻褌褘	0.000833	0.116534	0.000097
褋褍写薪邪	0.000278	2.995732	0.000832
褋褍锌	0.002500	0.040822	0.000102
褋褍锌邪	0.000278	0.040822	0.000011
褋褍锌械褉斜邪斜褍褕泻邪	0.000833	1.237874	0.001032
褋褍锌褘	0.002500	0.040822	0.000102
褋褍褌芯泻	0.000556	2.525729	0.001403
褋褍褎谢械	0.001111	0.040822	0.000045
褋褍褏邪褉懈	0.000278	0.040822	0.000011
褋褍褏芯械	0.000556	1.660731	0.000923
褋褍褕懈	0.000556	0.040822	0.000023
褋褍褖械褋褌胁褍械褌	0.000278	2.659260	0.000739
褋褗械写邪谢	0.000278	2.995732	0.000832
褋褘褉	0.001944	0.040822	0.000079
褋褘褉邪	0.001667	0.116534	0.000194
褋褘褉邪屑懈	0.000278	0.127833	0.000036
褋褘褉薪懈泻	0.000278	0.040822	0.000011
褋褘褉薪懈泻懈	0.001111	0.116534	0.000129
褋褘褉薪褘械	0.001111	0.040822	0.000045
褋褘褉芯屑	0.000278	0.713350	0.000198
褋褘褉褘械	0.000278	2.995732	0.000832
褋褘褌薪褘泄	0.000556	0.105361	0.000059
褋褘褔褍卸薪褘屑懈	0.000278	0.127833	0.000036
褋褝薪写胁懈褔懈	0.000278	0.127833	0.000036
褋褞褉锌褉懈蟹	0.000278	0.116534	0.000032
褌邪写卸懈泻褋泻邪褟	0.000278	0.116534	0.000032
褌邪泄褋泻邪褟	0.000278	0.116534	0.000032
褌邪褉褌	0.000278	0.116534	0.000032
褌邪褉褌邪谢械褌泻懈	0.000556	0.040822	0.000023
褌邪褌邪褉褋泻邪褟	0.000278	0.116534	0.000032
褌邪褞褖懈泄	0.000278	2.407946	0.000669
褌胁芯懈	0.000556	0.116534	0.000065
褌胁芯褉懈	0.000278	0.116534	0.000032
褌胁芯褉芯谐	0.001111	0.040822	0.000045
褌胁芯褉芯谐芯屑	0.000278	0.105361	0.000029
褌胁芯褉芯卸泻邪	0.000278	3.218876	0.000894
褌胁芯褉芯卸薪邪褟	0.000278	2.302585	0.000640
褌胁芯褉芯卸薪芯械	0.000278	0.116534	0.000032
褌胁芯褉芯卸薪褘械	0.000833	0.116534	0.000097
褌胁芯褉芯卸薪褘泄	0.000278	0.116534	0.000032
褌械谢械谐褉邪屑	0.000278	0.040822	0.000011
褌械谢褟褌懈薪褘	0.001111	0.116534	0.000129
褌械屑	0.000278	0.967584	0.000269
褌械锌械褉褜	0.000833	0.916291	0.000764
褌械锌谢芯屑	0.000278	0.116534	0.000032
褌械褉褉懈薪	0.000278	0.040822	0.000011
褌械褋褌	0.001389	0.127833	0.000178
褌械褋褌邪	0.003889	0.105361	0.000410
褌械褋褌芯	0.006667	0.040822	0.000272
褌械褋褌芯屑	0.000556	2.302585	0.001279
褌械褏	0.000278	0.634878	0.000176
褌械褏薪懈泻邪	0.001389	0.105361	0.000146
褌械褖懈薪	0.000278	0.040822	0.000011
褌屑	0.001111	0.127833	0.000142
褌芯薪泻懈泄	0.000278	4.605170	0.001279
褌芯薪泻懈屑懈	0.000278	2.659260	0.000739
褌芯薪泻芯	0.000278	2.407946	0.000669
褌芯薪泻芯泄	0.000556	2.302585	0.001279
褌芯锌谢械薪芯械	0.000278	0.116534	0.000032
褌芯褉褌	0.007500	0.040822	0.000306
褌芯褉褌邪	0.000278	2.120264	0.000589
褌芯褉褌懈泻	0.000556	1.966113	0.001092
褌芯褉褌褘	0.003611	0.116534	0.000421
褌褉邪胁褘	0.000278	0.105361	0.000029
褌褉邪写懈褑懈懈	0.000278	0.116534	0.000032
褌褉邪写懈褑懈泄	0.001111	0.116534	0.000129
褌褉邪写懈褑懈褟褏	0.000278	0.116534	0.000032
褌褉械斜芯胁邪薪懈褟屑	0.000278	2.659260	0.000739
褌褉械褏谢械褌懈械屑	0.000278	0.116534	0.000032
褌褉懈	0.000278	1.386294	0.000385
褌褉芯械	0.000278	4.605170	0.001279
褌褉褍斜芯褔泻懈	0.000278	0.040822	0.000011
褌褍薪懈褋褋泻邪褟	0.000278	0.116534	0.000032
褌褍薪褑芯屑	0.000278	0.116534	0.000032
褌褍褉械褑泻邪褟	0.000278	0.116534	0.000032
褌褘泻胁邪	0.000278	0.040822	0.000011
褌褟卸械谢芯	0.000278	2.995732	0.000832
褍斜械写懈褌械褋褜	0.000278	2.120264	0.000589
褍胁械写芯屑谢械薪懈褟	0.000278	0.040822	0.000011
褍胁械褉械薪	0.000278	2.995732	0.000832
褍胁械褉械薪邪	0.000278	1.272966	0.000354
褍写邪褔薪邪褟	0.000278	0.116534	0.000032
褍写懈胁懈	0.000278	0.116534	0.000032
褍写懈胁谢褟泄褌械	0.001111	0.116534	0.000129
褍写芯胁谢械褌胁芯褉褟械褌	0.000278	2.659260	0.000739
褍写芯胁芯谢褜褋褌胁懈械屑	0.000278	0.116534	0.000032
褍卸	0.000278	0.693147	0.000193
褍卸懈薪	0.001667	0.094311	0.000157
褍蟹斜械泻褋泻邪褟	0.000278	0.116534	0.000032
褍泻褉邪懈薪褋泻邪褟	0.000278	0.116534	0.000032
褍泻褉邪懈薪褘	0.000278	2.995732	0.000832
褍泻褉邪褕械薪懈褟	0.002222	0.116534	0.000259
褍泻褋褍褋	0.000556	0.634878	0.000353
褍泻褋褍褋芯屑	0.000556	2.120264	0.001178
褍薪懈胁械褉褋邪谢械薪	0.000278	3.912023	0.001087
褍锌芯褌褉械斜谢械薪懈械屑	0.000278	0.116534	0.000032
褍褉邪谢褜褋泻邪褟	0.000278	0.116534	0.000032
褍褉芯卸邪泄	0.000278	0.105361	0.000029
褍褋谢芯胁懈褟褏	0.000278	1.771957	0.000492
褍褋锌械褕薪芯	0.000278	3.506558	0.000974
褍褌泻懈	0.000833	0.116534	0.000097
褍褌芯褔薪褟褞	0.000278	2.995732	0.000832
褍褌褉芯屑	0.000278	2.207275	0.000613
褍褏邪	0.000278	0.040822	0.000011
褍褔邪褋褌胁芯胁邪褌褜	0.000278	0.040822	0.000011
褎邪蟹械薪写褘	0.000278	0.127833	0.000036
褎邪薪褌邪蟹懈懈	0.001667	0.116534	0.000194
褎邪薪褌邪蟹懈泄	0.000278	0.116534	0.000032
褎邪薪褌邪蟹懈褟	0.000278	0.116534	0.000032
褎邪褉褕邪	0.003611	0.040822	0.000147
褎邪褉褕懈褉芯胁邪薪薪邪褟	0.000556	0.116534	0.000065
褎邪褉褕懈褉芯胁邪薪薪芯械	0.000278	0.116534	0.000032
褎邪褉褕懈褉芯胁邪薪薪褘械	0.000556	0.040822	0.000023
褎邪褉褕懈褉芯胁邪薪薪褘泄	0.000278	0.040822	0.000011
褎邪褋芯谢褜	0.000278	0.040822	0.000011
褎械胁褉邪谢褟	0.000278	0.105361	0.000029
褎械泄械褉胁械褉泻	0.000556	0.116534	0.000065
褎懈谐褍褉械	0.000278	0.116534	0.000032
褎懈薪褋泻邪褟	0.000278	0.116534	0.000032
褎懈褉屑械薪薪芯械	0.000278	0.116534	0.000032
褎芯薪写褞	0.000278	0.040822	0.000011
褎芯褉屑褘	0.000278	0.116534	0.000032
褎芯褉褍屑械	0.000833	0.040822	0.000034
褎芯褉褕屑邪泻	0.000278	0.040822	0.000011
褎褉邪薪褑懈懈	0.000278	0.116534	0.000032
褎褉邪薪褑褍蟹褋泻邪褟	0.000278	0.116534	0.000032
褎褉邪褍	0.001111	0.116534	0.000129
褎褉褍泻褌芯胁	0.001111	0.116534	0.000129
褎褉褍泻褌芯胁芯	0.000278	0.116534	0.000032
褎褉褍泻褌芯胁褘械	0.001944	0.040822	0.000079
褎褍写	0.000278	0.116534	0.000032
褎褍褉芯褉	0.000278	2.407946	0.000669
褎褍褉褕械褌	0.000278	0.116534	0.000032
褏邪谢胁邪	0.000278	0.040822	0.000011
褏邪褉邪泻褌械褉懈褋褌懈泻邪屑懈	0.000278	2.659260	0.000739
褏邪褉胁械褋褌褎械褋褌	0.000556	0.116534	0.000065
褏邪褉褔芯	0.000556	0.040822	0.000023
褏邪褌	0.000278	2.813411	0.000782
褏邪褕	0.000278	0.040822	0.000011
褏胁邪褌邪械褌	0.000278	2.407946	0.000669
褏胁邪褌邪谢懈	0.000278	2.525729	0.000702
褏胁芯褉芯褋褌	0.000278	0.040822	0.000011
褏懈屑懈懈	0.000278	3.218876	0.000894
褏懈薪写懈	0.000278	4.605170	0.001279
褏懈薪泻邪谢懈	0.000278	0.116534	0.000032
褏懈褌	0.001944	0.116534	0.000227
褏谢械斜	0.000833	0.040822	0.000034
褏谢械斜芯锌械褔泻懈	0.000278	0.116534	0.000032
褏谢芯锌褜褟	0.000556	0.105361	0.000059
褏芯蟹褟泄泻懈	0.000556	0.127833	0.000071
褏芯谢芯写械褑	0.000278	0.040822	0.000011
褏芯谢芯写懈谢褜薪懈泻	0.000556	2.407946	0.001338
褏芯谢芯写懈谢褜薪懈泻械	0.000278	1.609438	0.000447
褏芯谢芯写薪褘械	0.000556	0.116534	0.000065
褏芯谢芯写薪褘泄	0.000556	0.116534	0.000065
褏芯褉胁邪褌褋泻邪褟	0.000278	0.116534	0.000032
褏芯褉芯褕械械	0.000278	2.525729	0.000702
褏芯褉芯褕懈泄	0.000278	1.966113	0.000546
褏芯褉芯褕芯	0.001944	0.105361	0.000205
褏芯褉褋	0.000278	0.116534	0.000032
褏芯褌懈褌械	0.000278	0.040822	0.000011
褏芯褌褜	0.000278	1.897120	0.000527
褏芯褔械褌褋褟	0.000278	1.469676	0.000408
褏芯褔褍	0.000278	0.562119	0.000156
褏褉邪薪懈褌褜	0.000278	2.207275	0.000613
褏褍屑褍褋	0.000278	0.040822	0.000011
褑邪褉褋褌胁芯	0.000278	0.127833	0.000036
褑邪褉褜	0.000278	0.116534	0.000032
褑胁械褌薪邪褟	0.000278	0.040822	0.000011
褑械薪薪褘褏	0.000278	0.040822	0.000011
褑械薪褌褉	0.000278	0.116534	0.000032
褑懈褌邪褌薪懈泻	0.000278	2.995732	0.000832
褔邪械屑	0.000278	0.116534	0.000032
褔邪泄	0.000833	0.040822	0.000034
褔邪褋褌芯	0.000278	0.994252	0.000276
褔械斜褍褉械泻懈	0.000556	0.040822	0.000023
褔械褉泻懈蟹芯胁芯	0.000556	0.116534	0.000065
褔械褋褌薪芯	0.000278	1.203973	0.000334
褔械褋褌薪褘屑懈	0.000278	0.040822	0.000011
褔械褔械胁懈褑邪	0.000278	0.040822	0.000011
褔械褕褋泻邪褟	0.000278	0.116534	0.000032
褔懈蟹泻械泄泻	0.001111	0.040822	0.000045
褔懈谢懈泄褋泻邪褟	0.000278	0.116534	0.000032
褔懈锌褋褘	0.000278	0.040822	0.000011
褔懈褋谢褍	0.000278	0.261365	0.000073
褔懈褋褌芯泄	0.000278	2.995732	0.000832
褔褍写械褋	0.000278	0.116534	0.000032
褔褍写芯	0.000556	1.309333	0.000727
褕邪褉懈泻懈	0.000278	0.040822	0.000011
褕邪褉谢芯褌泻邪	0.000278	0.040822	0.000011
褕邪褉谢芯褌泻懈	0.000278	0.127833	0.000036
褕邪褉屑	0.000278	0.116534	0.000032
褕邪褕谢褘泻	0.003333	0.040822	0.000136
褕邪褕谢褘泻懈	0.000278	0.040822	0.000011
褕胁械写褋泻邪褟	0.000278	0.116534	0.000032
褕胁械泄褑邪褉褋泻邪褟	0.000278	0.116534	0.000032
褕械写械胁褉褘	0.000278	0.116534	0.000032
褕械褎	0.000278	0.127833	0.000036
褕懈泻邪褉薪芯谐芯	0.000278	2.995732	0.000832
褕懈锌褍褔泻邪	0.000278	0.040822	0.000011
褕懈褉芯泻邪褟	0.000278	0.127833	0.000036
褕泻芯谢褍	0.000278	0.116534	0.000032
褕芯泻械	0.000278	2.525729	0.000702
褕芯泻芯谢邪写	0.000833	0.040822	0.000034
褕芯泻芯谢邪写薪褘泄	0.000556	1.660731	0.000923
褕芯褌谢邪薪写褋泻邪褟	0.000278	0.116534	0.000032
褕褌褉褍写械谢褜	0.000278	0.040822	0.000011
褕褌褍泻	0.000278	2.120264	0.000589
褕褍褉锌邪	0.000278	0.040822	0.000011
褖邪褋	0.000278	0.116534	0.000032
褖械写褉邪褟	0.000278	0.116534	0.000032
褖懈	0.000556	0.040822	0.000023
褝泻芯屑懈谢泻	0.000278	0.127833	0.000036
褝褋褌芯薪褋泻邪褟	0.000278	0.116534	0.000032
褝褌懈屑	0.000278	1.108663	0.000308
褝褌芯谐芯	0.001944	0.415515	0.000808
褝褌芯屑	0.000556	0.843970	0.000469
褞斜懈谢械泄	0.000278	2.040221	0.000567
褞谐芯褋谢邪胁褋泻邪褟	0.000278	0.116534	0.000032
褞谢懈褟	0.000278	2.813411	0.000782
褟谐芯写薪褘械	0.000556	0.116534	0.000065
褟谐芯写薪褘泄	0.000556	0.116534	0.000065
褟蟹褘泻	0.000278	0.040822	0.000011
褟懈褑	0.001111	0.116534	0.000129
褟懈褔薪褘泄	0.000556	1.049822	0.000583
褟泄褑	0.000278	2.995732	0.000832
褟泄褑邪	0.000556	0.040822	0.000023
褟泄褑芯	0.005000	0.261365	0.001307
褟薪胁邪褉褟	0.000556	0.733969	0.000408
褟薪写械泻褋	0.000278	0.072571	0.000020
褟锌芯薪褋泻邪褟	0.000278	0.116534	0.000032
褟锌芯薪褋泻芯泄	0.000278	0.061875	0.000017
褟褉泻懈械	0.000278	0.116534	0.000032
褟褉泻芯	0.000278	0.105361	0.000029
