褌芯泻械薪	TF	IDF	TF-IDF
邪斜褏邪蟹褋泻邪褟	0.000284	0.116534	0.000033
邪胁谐褍褋褌邪	0.000567	0.867501	0.000492
邪胁褋褌褉邪谢懈泄褋泻邪褟	0.000284	0.116534	0.000033
邪胁褋褌褉懈泄褋泻邪褟	0.000284	0.116534	0.000033
邪胁褌芯泻谢邪胁邪	0.000284	0.116534	0.000033
邪胁褌芯褉	0.000284	1.427116	0.000405
邪胁褌芯褉邪屑	0.000284	0.040822	0.000012
邪谐褉芯	0.000284	0.116534	0.000033
邪写卸懈泻邪	0.000284	0.040822	0.000012
邪写屑懈薪懈褋褌褉邪褌芯褉褍	0.000284	3.218876	0.000913
邪卸褍褉薪褘械	0.000567	2.659260	0.001508
邪蟹械褉斜邪泄写卸邪薪褋泻邪褟	0.000284	0.116534	0.000033
邪蟹懈邪褌褋泻邪褟	0.000284	0.127833	0.000036
邪蟹褘	0.000284	0.127833	0.000036
邪泄褉邪薪	0.000284	0.040822	0.000012
邪泻胁邪褌懈泻邪	0.000851	0.127833	0.000109
邪谢械泻褋械褟	0.000284	0.127833	0.000036
邪谢泻芯谐芯谢褜	0.000567	0.116534	0.000066
邪谢泻芯谐芯谢褜薪褘械	0.000284	0.116534	0.000033
邪谢泻芯谐芯谢褟	0.000284	0.116534	0.000033
邪谢褜褟薪褋	0.000284	0.116534	0.000033
邪屑械褉懈泻邪薪褋泻邪褟	0.000284	0.116534	0.000033
邪屑械褉懈泻邪薪褋泻芯泄	0.000284	2.120264	0.000601
邪薪谐邪褉褋泻懈泄	0.000284	4.605170	0.001306
邪薪谐谢懈泄褋泻邪褟	0.000284	0.116534	0.000033
邪薪写褉械褟	0.000567	0.127833	0.000072
邪锌褉械谢褟	0.000284	0.579818	0.000164
邪褉邪斜褋泻邪褟	0.000284	0.116534	0.000033
邪褉谐械薪褌懈薪褋泻邪褟	0.000284	0.116534	0.000033
邪褉屑褟薪褋泻邪褟	0.000284	0.116534	0.000033
邪褉芯屑邪褌薪芯谐芯	0.000284	2.813411	0.000798
邪褉芯屑邪褌薪褘泄	0.000284	2.207275	0.000626
邪褉芯屑邪褌薪褘屑	0.000284	2.407946	0.000683
邪褋褋芯褉褌懈	0.000567	0.116534	0.000066
邪褌谢邪薪褌	0.000284	0.127833	0.000036
邪褎谐邪薪褋泻邪褟	0.000284	0.116534	0.000033
邪褎褉懈泻邪薪褋泻邪褟	0.000284	0.116534	0.000033
邪褝褉芯谐褉懈谢械	0.002835	0.116534	0.000330
斜邪斜邪	0.000284	3.912023	0.001109
斜邪斜械	0.000284	4.605170	0.001306
斜邪斜懈褔	0.000284	1.514128	0.000429
斜邪斜褍褕泻懈	0.000284	3.912023	0.001109
斜邪斜褘	0.000284	4.605170	0.001306
斜邪泻谢邪卸邪薪褘	0.000284	0.040822	0.000012
斜邪谢褌泻芯屑	0.000284	0.127833	0.000036
斜邪褉邪薪懈薪褘	0.001134	0.116534	0.000132
斜邪褋屑邪褌懈	0.000567	0.127833	0.000072
斜邪褋褌褍褉屑邪	0.000284	0.040822	0.000012
斜邪褌芯薪褔懈泻懈	0.000284	0.127833	0.000036
斜邪褕泻懈褉褋泻邪褟	0.000284	0.116534	0.000033
斜械蟹邪谢泻芯谐芯谢褜薪褘械	0.000284	0.116534	0.000033
斜械蟹谐谢褞褌械薪芯胁褘械	0.000284	0.116534	0.000033
斜械蟹械	0.001134	0.040822	0.000046
斜械蟹褍屑薪芯	0.000284	1.560648	0.000442
斜械谢械斜械械胁褋泻懈泄	0.000567	0.116534	0.000066
斜械谢芯褉褍褋褋泻邪褟	0.000284	0.116534	0.000033
斜械谢褜谐懈泄褋泻邪褟	0.000284	0.116534	0.000033
斜械褉械屑械薪薪褘褏	0.000284	0.116534	0.000033
斜械褋械写懈薪邪	0.000284	0.127833	0.000036
斜懈褋泻胁懈褌	0.000567	0.040822	0.000023
斜懈褋泻胁懈褌薪芯械	0.000567	0.116534	0.000066
斜懈褋泻胁懈褌薪褘泄	0.000284	0.105361	0.000030
斜懈褋泻胁懈褌芯胁	0.000284	2.995732	0.000849
斜懈褋泻胁懈褌褘	0.000284	0.127833	0.000036
斜谢邪谐芯写邪褉薪芯褋褌褜	0.000284	2.813411	0.000798
斜谢械褋褌褟褖懈泄	0.000567	3.506558	0.001988
斜谢懈卸械	0.000284	0.116534	0.000033
斜谢懈蟹泻懈褏	0.000284	0.116534	0.000033
斜谢懈薪芯胁	0.000567	0.116534	0.000066
斜谢懈薪褘	0.003119	0.040822	0.000127
斜谢芯谐械褉邪	0.000284	2.995732	0.000849
斜谢褞写	0.000851	0.094311	0.000080
斜谢褞写邪	0.026084	0.040822	0.001065
斜谢褞写邪屑	0.000284	2.813411	0.000798
斜谢褞写芯	0.001134	0.040822	0.000046
斜谢褞写褍	0.000284	0.116534	0.000033
斜芯斜芯胁褘械	0.000567	0.127833	0.000072
斜芯斜芯胁褘褏	0.001701	0.116534	0.000198
斜芯谢谐邪褉褋泻邪褟	0.000284	0.116534	0.000033
斜芯谢褜薪芯	0.000284	1.966113	0.000557
斜芯谢褜褕械	0.000851	0.105361	0.000090
斜芯谢褜褕芯泄	0.000567	1.560648	0.000885
斜芯褉褖	0.000567	0.040822	0.000023
斜芯褌胁懈薪褜褟	0.000284	0.040822	0.000012
斜褉邪蟹懈谢褜褋泻邪褟	0.000284	0.116534	0.000033
斜褉邪褍蟹械褉械	0.000284	0.040822	0.000012
斜褉邪褍薪懈	0.000284	0.040822	0.000012
斜褉械邪	0.000284	3.506558	0.000994
斜褉械褋褌	0.000284	0.127833	0.000036
斜褉芯泻泻芯谢懈	0.000284	0.040822	0.000012
斜褍卸械薪懈薪邪	0.000284	0.040822	0.000012
斜褍谢芯褔泻邪屑懈	0.000284	0.116534	0.000033
斜褍谢芯褔泻懈	0.000567	0.040822	0.000023
斜褍谢褜芯薪	0.001985	0.040822	0.000081
斜褍谢褜芯薪褘	0.001134	0.116534	0.000132
斜褍褉谐械褉	0.000284	0.040822	0.000012
斜褍褉谐械褉褘	0.000284	0.127833	0.000036
斜褍褉褟褌褋泻邪褟	0.000284	0.116534	0.000033
斜褍褌械褉斜褉芯写	0.000567	0.116534	0.000066
斜褍褌械褉斜褉芯写褘	0.000567	0.040822	0.000023
斜褘胁邪褌褜	0.000284	4.605170	0.001306
斜褘褋褌褉芯	0.001418	0.094311	0.000134
斜褘褋褌褉芯泄	0.000284	0.116534	0.000033
斜褘褋褌褉褘泄	0.000567	0.105361	0.000060
胁邪卸薪褘械	0.000284	0.116534	0.000033
胁邪谢谢懈泄褋泻邪褟	0.000284	0.116534	0.000033
胁邪薪懈谢懈薪	0.000567	1.609438	0.000913
胁邪薪懈谢褜薪褘泄	0.001134	1.427116	0.001619
胁邪褉械薪懈泻懈	0.000284	0.116534	0.000033
胁邪褉械薪褜械	0.000567	0.040822	0.000023
胁邪褉懈邪薪褌	0.000567	0.562119	0.000319
胁邪褉懈褌褋褟	0.000284	3.912023	0.001109
胁邪褌褉褍褕泻懈	0.000284	0.040822	0.000012
胁邪褎谢懈	0.000567	0.040822	0.000023
胁邪褕械谐芯	0.000284	2.040221	0.000578
胁邪褕械泄	0.000567	0.040822	0.000023
胁胁芯写褟	0.000284	0.040822	0.000012
胁写芯褏薪芯胁械薪懈械	0.001134	0.116534	0.000132
胁写芯褏薪芯胁械薪懈械屑	0.000567	0.116534	0.000066
胁写芯褏薪芯胁谢褟泄褋褟	0.000284	0.116534	0.000033
胁械谐械褌邪褉懈邪薪褋泻懈械	0.000284	0.127833	0.000036
胁械谐械褌邪褉懈邪薪褋泻芯械	0.000284	0.116534	0.000033
胁械泻邪	0.000284	2.207275	0.000626
胁械谢懈泻懈泄	0.000284	0.116534	0.000033
胁械谢懈泻芯械	0.000284	2.995732	0.000849
胁械谢懈泻芯泄	0.000284	2.302585	0.000653
胁械谢懈泻芯谢械锌薪褘泄	0.000284	1.832581	0.000520
胁械薪谐械褉褋泻邪褟	0.000284	0.116534	0.000033
胁械褋械薪薪懈械	0.000284	0.051293	0.000015
胁械褋薪邪	0.001418	0.116534	0.000165
胁械褋薪褘	0.000284	0.116534	0.000033
胁械褌褔懈薪邪	0.000567	1.469676	0.000833
胁械褌褔懈薪褘	0.000284	0.105361	0.000030
胁懈写邪	0.000284	2.813411	0.000798
胁懈写械胁	0.000284	4.605170	0.001306
胁懈写械芯	0.000567	0.116534	0.000066
胁懈写械芯褉械褑械锌褌褘	0.000284	0.301105	0.000085
胁懈薪芯	0.000567	0.040822	0.000023
胁懈褌懈薪邪	0.000284	3.912023	0.001109
胁懈褕薪械泄	0.000284	3.506558	0.000994
胁泻谢褞褔邪褞褖懈褏	0.000284	0.634878	0.000180
胁泻褍褋	0.001985	0.105361	0.000209
胁泻褍褋邪	0.002268	0.116534	0.000264
胁泻褍褋薪邪褟	0.001134	0.061875	0.000070
胁泻褍褋薪械械	0.000851	0.116534	0.000099
胁泻褍褋薪械泄	0.000284	0.116534	0.000033
胁泻褍褋薪芯	0.001134	0.094311	0.000107
胁泻褍褋薪芯谐芯	0.000284	2.207275	0.000626
胁泻褍褋薪芯械	0.000284	0.994252	0.000282
胁泻褍褋薪褘械	0.001134	0.105361	0.000119
胁泻褍褋薪褘泄	0.001418	0.385662	0.000547
胁泻褍褋薪褘屑懈	0.000284	2.302585	0.000653
胁泻褍褋薪褘褏	0.000284	1.897120	0.000538
胁泻褍褋芯屑	0.000284	0.105361	0.000030
胁谢褞斜谢械薪薪褘褏	0.000284	0.116534	0.000033
胁薪邪褔邪谢械	0.001134	0.248461	0.000282
胁芯	0.001134	0.061875	0.000070
胁芯写邪	0.000567	0.287682	0.000163
胁芯写械	0.000284	0.105361	0.000030
胁芯蟹写褍褕薪褘泄	0.000284	2.207275	0.000626
胁芯泄褌懈	0.000284	0.000000	0.000000
胁芯谢芯胁邪薪褘	0.000284	0.116534	0.000033
胁芯谢褕械斜薪褘械	0.000284	0.116534	0.000033
胁芯谢褕械斜褋褌胁芯	0.000284	0.116534	0.000033
胁芯芯斜褖械	0.000284	1.386294	0.000393
胁芯锌褉芯褋褘	0.000284	0.000000	0.000000
胁芯褉芯薪械卸褋泻懈泄	0.000567	4.605170	0.002611
胁芯褉芯薪械卸褋泻芯谐芯	0.000284	4.605170	0.001306
胁芯褋褌芯褔薪邪褟	0.000284	0.127833	0.000036
胁褉械屑械薪邪	0.000567	0.116534	0.000066
胁褉械屑械薪械屑	0.001701	0.116534	0.000198
胁褉械屑械薪懈	0.000567	0.967584	0.000549
胁褋械谐写邪	0.000567	0.653926	0.000371
胁褋械谐芯	0.001418	0.186330	0.000264
胁褋械泄	0.000851	0.105361	0.000090
胁褋械屑褍	0.000284	0.061875	0.000018
胁褋锌芯屑薪懈褌褜	0.000284	0.040822	0.000012
胁褌芯褉芯械	0.000284	0.116534	0.000033
胁褌芯褉褘械	0.000284	0.127833	0.000036
胁褏芯写	0.000851	0.030459	0.000026
胁褘泄褌懈	0.000284	0.040822	0.000012
胁褘锌械褔泻邪	0.005954	0.040822	0.000243
胁褘锌械褔泻懈	0.000567	0.072571	0.000041
胁褘锌械褔泻芯泄	0.000284	0.116534	0.000033
胁褘锌械褔泻褍	0.000284	2.813411	0.000798
胁褘褉邪卸邪褞	0.000284	3.912023	0.001109
胁褘褉褍褔邪谢芯褔泻邪	0.000284	1.560648	0.000442
胁褘褋芯泻懈褏	0.000284	2.995732	0.000849
胁褘褋褌邪胁谢褟褞	0.000284	3.218876	0.000913
胁褜械褌薪邪屑褋泻邪褟	0.000284	0.116534	0.000033
谐邪胁邪泄褋泻邪褟	0.000284	0.116534	0.000033
谐邪褉薪懈褉	0.001418	0.040822	0.000058
谐邪褋锌邪褔芯	0.000284	0.040822	0.000012
谐械芯谐褉邪褎懈褟	0.000284	0.116534	0.000033
谐谢邪胁薪芯械	0.000284	1.139434	0.000323
谐谢邪胁薪褘泄	0.000284	0.040822	0.000012
谐谢邪蟹褍褉褜	0.000851	0.040822	0.000035
谐谢懈薪褌胁械泄薪	0.000284	0.040822	0.000012
谐芯胁褟写懈薪褘	0.001134	0.116534	0.000132
谐芯写	0.002552	0.105361	0.000269
谐芯写邪	0.004253	0.248461	0.001057
谐芯写邪褏	0.000284	2.207275	0.000626
谐芯谢谢邪薪写褋泻邪褟	0.000284	0.116534	0.000033
谐芯褉芯写邪	0.000284	0.116534	0.000033
谐芯褉芯褏	0.000284	0.116534	0.000033
谐芯褉褔懈褑邪	0.000567	0.040822	0.000023
谐芯褉褔懈褑邪屑懈	0.000284	0.127833	0.000036
谐芯褉褕芯褔泻邪褏	0.000284	0.105361	0.000030
谐芯褉褕芯褔泻械	0.000284	0.040822	0.000012
谐芯褉褟褔械械	0.000567	0.116534	0.000066
谐芯褉褟褔懈械	0.009923	0.105361	0.001046
谐芯褉褟褔懈泄	0.000567	0.116534	0.000066
谐芯褋褌懈	0.000284	0.116534	0.000033
谐芯褋褌芯胁	0.000284	4.605170	0.001306
谐芯褋褌褍	0.000284	2.659260	0.000754
谐芯褋褌褟褏	0.000284	3.506558	0.000994
谐芯褌芯胁懈屑	0.001985	0.094311	0.000187
谐芯褌芯胁懈褌褋褟	0.001134	0.478036	0.000542
谐芯褌芯胁懈褌褜	0.001701	0.105361	0.000179
谐芯褌芯胁褜	0.000567	0.116534	0.000066
谐芯褌芯胁褟褌	0.000284	0.116534	0.000033
谐芯褌芯胁褟褌褋褟	0.000284	1.660731	0.000471
谐褉邪写褍褋芯胁	0.000284	2.659260	0.000754
谐褉械薪泻懈	0.000567	0.040822	0.000023
谐褉械褔械褋泻邪褟	0.000284	0.116534	0.000033
谐褉械褔泻邪	0.000284	0.040822	0.000012
谐褉懈斜邪屑懈	0.001134	0.105361	0.000119
谐褉懈斜薪褘械	0.000567	0.040822	0.000023
谐褉懈斜芯胁	0.000851	0.116534	0.000099
谐褉懈斜褘	0.000851	0.040822	0.000035
谐褉懈谢械	0.001418	0.116534	0.000165
谐褉懈谢褜	0.000284	0.116534	0.000033
谐褉懈谢褜屑邪薪懈褟	0.000284	0.116534	0.000033
谐褉懈谢褟	0.001134	0.116534	0.000132
谐褉芯谐	0.000284	0.040822	0.000012
谐褉褍蟹懈薪褋泻邪褟	0.000284	0.116534	0.000033
谐褉褍锌锌邪	0.000284	3.912023	0.001109
谐褉褍锌锌械	0.000284	2.813411	0.000798
谐褉褍锌锌褘	0.000284	0.061875	0.000018
谐褍褉屑邪薪懈褟	0.001701	0.116534	0.000198
谐褍褉屑械	0.000284	0.127833	0.000036
谐褍褋褟	0.000567	0.105361	0.000060
写邪胁薪芯	0.000284	0.967584	0.000274
写邪械褌	0.000284	0.040822	0.000012
写邪薪薪褘械	0.000284	0.040822	0.000012
写邪褉褘	0.000284	0.116534	0.000033
写邪褌械	0.000567	0.248461	0.000141
写邪褌褋泻邪褟	0.000284	0.116534	0.000033
写邪褔薪芯械	0.000851	0.116534	0.000099
写邪褞	0.000284	4.605170	0.001306
写胁邪	0.000284	1.171183	0.000332
写械胁芯褔泻邪	0.000284	2.813411	0.000798
写械泄褋褌胁懈褌械谢褜薪芯	0.000284	1.832581	0.000520
写械泻芯褉	0.000284	0.127833	0.000036
写械谢邪械褌	0.000851	0.116534	0.000099
写械谢邪械褌褋褟	0.000284	1.347074	0.000382
写械谢邪谢邪	0.000567	1.469676	0.000833
写械谢邪褌褜	0.000284	1.386294	0.000393
写械谢邪褞	0.000567	1.386294	0.000786
写械谢械	0.000284	2.302585	0.000653
写械谢懈屑褋褟	0.000284	0.040822	0.000012
写械谢芯	0.000284	1.386294	0.000393
写械谢芯屑	0.000284	0.116534	0.000033
写械薪褜	0.000851	0.083382	0.000071
写械锌褉械褋褋懈懈	0.000284	2.302585	0.000653
写械褋械褉褌	0.000851	0.116534	0.000099
写械褋械褉褌邪褑懈褟	0.000284	0.116534	0.000033
写械褋械褉褌薪褘械	0.000284	0.116534	0.000033
写械褋械褉褌褘	0.005103	0.040822	0.000208
写械褌械泄	0.000567	0.116534	0.000066
写械褌褋泻懈泄	0.000284	3.912023	0.001109
写械褌褋褌胁械	0.000284	3.912023	0.001109
写卸械屑	0.000284	0.040822	0.000012
写蟹械薪	0.000284	0.116534	0.000033
写懈胁薪芯械	0.000284	4.605170	0.001306
写懈胁芯	0.000567	4.605170	0.002611
写懈械褌邪	0.000284	0.116534	0.000033
写懈械褌褘	0.000284	0.116534	0.000033
写懈泻懈泄	0.000567	0.116534	0.000066
写懈泻芯谐芯	0.000284	0.116534	0.000033
写懈锌	0.000284	0.116534	0.000033
写懈褔懈	0.000567	0.116534	0.000066
写懈褔褜	0.000284	0.116534	0.000033
写薪械胁薪懈泻邪褏	0.000284	0.061875	0.000018
写薪械泄	0.000851	0.116534	0.000099
写薪懈	0.000284	2.207275	0.000626
写薪褟	0.000284	0.040822	0.000012
写芯斜邪胁谢械薪懈褟屑	0.000284	0.274437	0.000078
写芯斜邪胁谢褟褌褜	0.000567	0.040822	0.000023
写芯斜邪胁褜	0.000284	0.116534	0.000033
写芯斜褉芯褎谢芯褌	0.000284	0.127833	0.000036
写芯胁械褉褟械褕褜	0.000284	0.116534	0.000033
写芯谢谐懈褏	0.000284	2.995732	0.000849
写芯谢卸械薪	0.000284	2.302585	0.000653
写芯谢卸薪芯	0.000284	1.832581	0.000520
写芯谢褜褕械	0.000284	2.525729	0.000716
写芯屑	0.002552	0.040822	0.000104
写芯屑邪	0.000284	0.994252	0.000282
写芯屑邪褕薪械械	0.000851	0.040822	0.000035
写芯屑邪褕薪懈械	0.000567	0.040822	0.000023
写芯屑邪褕薪懈泄	0.001985	0.116534	0.000231
写芯屑邪褕薪褟褟	0.000567	0.105361	0.000060
写芯屑械	0.000284	1.832581	0.000520
写芯屑芯胁	0.000284	0.040822	0.000012
写芯锌芯谢薪械薪懈械	0.000284	2.659260	0.000754
写芯褉芯谐芯泄	0.000284	3.912023	0.001109
写芯褋褌芯懈薪褋褌胁邪	0.000284	2.302585	0.000653
写芯褕谢芯	0.000284	2.995732	0.000849
写褉邪谐芯褑械薪薪芯谐芯	0.000284	3.506558	0.000994
写褉邪泄胁	0.001418	0.127833	0.000181
写褉芯卸卸械胁芯械	0.000284	0.116534	0.000033
写褉褍谐懈屑懈	0.000284	0.040822	0.000012
写褍褏芯胁泻邪	0.001134	0.127833	0.000145
写褍褏芯胁泻械	0.000284	0.867501	0.000246
写褍褕懈	0.000851	0.105361	0.000090
写褘褉芯褔泻邪褏	0.000284	2.995732	0.000849
械胁褉械泄褋泻邪褟	0.000284	0.116534	0.000033
械谐懈锌械褌褋泻邪褟	0.000284	0.116534	0.000033
械写懈薪芯谐谢邪褋薪芯	0.000284	3.912023	0.001109
械写懈薪褋褌胁械薪薪褘泄	0.000284	3.912023	0.001109
械写懈薪褘泄	0.000284	0.040822	0.000012
械泻邪褌械褉懈薪邪	0.000284	3.912023	0.001109
械泻芯	0.000284	0.127833	0.000036
卸邪褉泻芯械	0.000284	0.040822	0.000012
卸械谢邪薪懈褟	0.000284	2.302585	0.000653
卸械谢邪褌懈薪	0.000567	1.427116	0.000809
卸械谢械	0.000851	0.040822	0.000035
卸械谢褌芯泻	0.000567	1.272966	0.000722
卸械薪褋泻邪褟	0.000284	0.127833	0.000036
卸械薪褋泻芯屑	0.000284	0.061875	0.000018
卸械薪褖懈薪褘	0.000567	0.116534	0.000066
卸懈胁械褌	0.000284	3.912023	0.001109
卸懈蟹薪懈	0.000284	0.040822	0.000012
卸懈蟹薪褜	0.000284	0.116534	0.000033
卸懈褉邪	0.000284	3.218876	0.000913
卸褍谢褜械薪	0.000284	0.040822	0.000012
卸褍褉薪邪谢邪	0.000284	0.127833	0.000036
卸褞谢褜械薪	0.000284	0.040822	0.000012
蟹邪胁邪褉薪芯械	0.000284	0.116534	0.000033
蟹邪胁邪褉薪芯泄	0.000284	0.116534	0.000033
蟹邪胁械褉褕懈胁褕懈泄褋褟	0.000284	3.218876	0.000913
蟹邪胁懈褋懈褌	0.000284	2.120264	0.000601
蟹邪胁褌褉邪泻	0.001985	0.094311	0.000187
蟹邪胁褌褉邪泻懈	0.000284	0.127833	0.000036
蟹邪谐芯褌芯胁泻懈	0.001134	0.040822	0.000046
蟹邪写邪胁邪褌褜	0.000284	0.040822	0.000012
蟹邪泄褑邪	0.000567	0.116534	0.000066
蟹邪泻胁邪褋泻邪	0.000284	0.040822	0.000012
蟹邪泻胁邪褋泻邪屑懈	0.000284	0.116534	0.000033
蟹邪泻胁邪褋芯泻	0.000284	0.127833	0.000036
蟹邪泻褉褘褌褘泄	0.000284	0.116534	0.000033
蟹邪泻褍褋泻懈	0.005103	0.040822	0.000208
蟹邪泻褍褋泻褍	0.000851	0.116534	0.000099
蟹邪泻褍褋芯薪褔懈泻	0.000284	0.116534	0.000033
蟹邪泻褍褋芯褔泻邪	0.000284	0.116534	0.000033
蟹邪泻褍褋芯褔薪褘械	0.002552	0.116534	0.000297
蟹邪泻褍褋芯褔薪褘泄	0.000284	2.120264	0.000601
蟹邪谢懈胁薪芯械	0.000567	0.040822	0.000023
蟹邪屑械褔邪褌械谢褜薪芯谐芯	0.000284	2.120264	0.000601
蟹邪屑械褔邪褌械谢褜薪褘泄	0.000567	1.514128	0.000859
蟹邪屑芯褉芯蟹泻邪	0.000284	0.105361	0.000030
蟹邪锌邪写	0.000284	0.116534	0.000033
蟹邪锌邪褏	0.000284	2.407946	0.000683
蟹邪锌械泻邪薪泻邪	0.001134	0.105361	0.000119
蟹邪锌械泻邪薪泻懈	0.001985	0.040822	0.000081
蟹邪锌褉邪胁泻邪	0.000567	0.040822	0.000023
蟹邪褉械谐懈褋褌褉懈褉芯胁邪胁褕懈褋褜	0.000284	0.040822	0.000012
蟹邪褉械谐懈褋褌褉懈褉芯胁邪褌褜褋褟	0.000284	0.030459	0.000009
蟹邪褋芯谢泻邪	0.000284	0.116534	0.000033
蟹邪褏芯写懈褌械	0.000284	0.755023	0.000214
蟹邪褟胁谢褟褞褌	0.000284	4.605170	0.001306
蟹胁邪薪褘泄	0.000284	0.127833	0.000036
蟹胁械蟹写	0.000284	2.995732	0.000849
蟹胁械蟹写邪	0.000284	0.127833	0.000036
蟹胁褢蟹写薪褘械	0.000284	0.116534	0.000033
蟹写芯褉芯胁芯械	0.000284	0.116534	0.000033
蟹写芯褉芯胁褘泄	0.000284	0.116534	0.000033
蟹械谢械薪褜	0.000851	0.094311	0.000080
蟹械谢械薪褜褞	0.000284	2.525729	0.000716
蟹械褎懈褉	0.000284	0.040822	0.000012
蟹懈屑薪懈械	0.000284	0.051293	0.000015
蟹懈屑褍	0.001134	0.040822	0.000046
蟹芯谢芯褌邪褟	0.000284	0.116534	0.000033
懈胁邪薪芯胁邪	0.000284	0.127833	0.000036
懈写械邪谢褜薪邪褟	0.000284	0.116534	0.000033
懈写械邪谢褜薪芯谐芯	0.001418	0.116534	0.000165
懈写械邪谢褜薪芯械	0.000284	0.116534	0.000033
懈写械邪谢褜薪褘械	0.000284	3.912023	0.001109
懈写械邪谢褜薪褘泄	0.000284	1.966113	0.000557
懈写械邪谢褜薪褘屑	0.000284	2.995732	0.000849
懈写械泄泻懈	0.000284	0.116534	0.000033
懈蟹胁械褋褌薪褘泄	0.000284	1.897120	0.000538
懈蟹写械谢懈褟	0.002835	0.116534	0.000330
懈蟹写械谢懈褟屑懈	0.000851	0.116534	0.000099
懈蟹屑械薪械薪懈泄	0.000284	2.995732	0.000849
懈蟹褞屑芯屑	0.000284	3.912023	0.001109
懈泻褉邪	0.000851	0.040822	0.000035
懈屑械薪械屑	0.000284	0.040822	0.000012
懈薪胁械褉褌芯褉薪芯泄	0.000284	0.127833	0.000036
懈薪谐褉械写懈械薪褌褘	0.008506	0.139262	0.001185
懈薪写械泄泻懈	0.001418	0.094311	0.000134
懈薪写械泄泻芯泄	0.000284	0.116534	0.000033
懈薪写懈泄褋泻邪褟	0.000284	0.116534	0.000033
懈薪写懈谢邪泄褌	0.000851	0.116534	0.000099
懈薪写懈褉械褋薪褘械	0.000284	0.116534	0.000033
懈薪芯谐写邪	0.000284	1.897120	0.000538
懈薪褋褌褉褍泻褑懈褟屑懈	0.000284	0.040822	0.000012
懈薪褌械褉械褋薪褘械	0.000284	2.659260	0.000754
懈褉邪泻褋泻邪褟	0.000284	0.116534	0.000033
懈褉邪薪褋泻邪褟	0.000284	0.116534	0.000033
懈褉谢邪薪写褋泻邪褟	0.000284	0.116534	0.000033
懈褋泻谢褞褔懈褌械谢褜薪芯	0.000284	3.218876	0.000913
懈褋泻褉械薪薪械	0.000284	0.116534	0.000033
懈褋谢邪薪写褋泻邪褟	0.000284	0.116534	0.000033
懈褋锌邪薪褋泻邪褟	0.000284	0.116534	0.000033
懈褋锌械泻懈	0.000284	0.116534	0.000033
懈褋锌芯谢褜蟹褍械褌褋褟	0.000284	1.714798	0.000486
懈褋褌芯褉懈懈	0.001418	0.116534	0.000165
懈褋褌芯褉懈褞	0.000284	0.116534	0.000033
懈褌邪谢懈懈	0.000567	0.105361	0.000060
懈褌邪谢褜褟薪褋泻邪褟	0.000284	0.116534	0.000033
懈褖褍	0.000284	2.659260	0.000754
懈褞谢褟	0.000567	0.597837	0.000339
懈褞薪褟	0.000284	0.579818	0.000164
泄芯谐褍褉褌	0.000851	0.040822	0.000035
泻邪斜邪褔泻懈	0.000284	0.040822	0.000012
泻邪胁泻邪蟹褋泻邪褟	0.000284	0.116534	0.000033
泻邪卸写芯泄	0.000284	1.832581	0.000520
泻邪蟹邪薪械	0.000284	0.116534	0.000033
泻邪蟹邪褏褋泻邪褟	0.000284	0.116534	0.000033
泻邪泻邪芯	0.002835	0.040822	0.000116
泻邪谢械泄写芯褋泻芯锌	0.001134	0.116534	0.000132
泻邪谢屑褘褑泻邪褟	0.000284	0.116534	0.000033
泻邪谢芯褉懈泄	0.000284	2.813411	0.000798
泻邪谢褜屑邪褉	0.000284	0.040822	0.000012
泻邪屑械褉邪	0.000284	0.116534	0.000033
泻邪薪邪写褋泻邪褟	0.000284	0.116534	0.000033
泻邪薪邪谢	0.000567	0.040822	0.000023
泻邪薪邪谢械	0.000284	0.040822	0.000012
泻邪薪邪锌械	0.000567	0.040822	0.000023
泻邪锌褍褋褌邪	0.000567	0.040822	0.000023
泻邪锌褍褋褌薪褟泻	0.000284	0.040822	0.000012
泻邪锌褍褋褌褘	0.000284	0.040822	0.000012
泻邪褉邪屑械谢褜	0.000284	0.040822	0.000012
泻邪褉泻邪褋薪褘泄	0.001134	0.116534	0.000132
泻邪褉褌芯褎械谢褜	0.000284	0.040822	0.000012
泻邪褉褌芯褎械谢褜薪芯械	0.000284	0.040822	0.000012
泻邪褉褌芯褎械谢褜薪褘泄	0.000284	0.116534	0.000033
泻邪褉褌芯褕泻邪	0.000567	0.040822	0.000023
泻邪褌械谐芯褉懈懈	0.000284	0.116534	0.000033
泻邪褌械谐芯褉懈褟	0.004253	0.150823	0.000641
泻邪褔械褋褌胁芯	0.000284	0.116534	0.000033
泻邪褕邪	0.000284	0.040822	0.000012
泻邪褕懈	0.001418	0.105361	0.000149
泻邪褕褍	0.000284	0.094311	0.000027
泻胁邪褋	0.000851	0.040822	0.000035
泻胁邪褋薪芯械	0.000851	0.116534	0.000099
泻胁邪褋芯屑	0.000284	0.127833	0.000036
泻胁懈斜械泻	0.000284	4.605170	0.001306
泻械泻褋	0.002268	0.040822	0.000093
泻械泻褋邪	0.000284	3.912023	0.001109
泻械泻褋械	0.000284	4.605170	0.001306
泻械泻褋芯胁	0.000567	4.605170	0.002611
泻械泻褋褘	0.001134	0.116534	0.000132
泻械褎懈褉	0.003686	0.040822	0.000150
泻械褎懈褉械	0.000284	2.659260	0.000754
泻懈屑褔懈	0.000284	0.040822	0.000012
泻懈薪芯邪	0.000567	0.127833	0.000072
泻懈薪芯谢械薪褌邪	0.000284	0.116534	0.000033
泻懈褋械谢褜	0.000567	0.040822	0.000023
泻懈褌邪泄褋泻邪褟	0.000284	0.116534	0.000033
泻谢邪褋褋	0.002268	0.116534	0.000264
泻谢邪褋褋褘	0.000284	0.116534	0.000033
泻薪懈谐褍	0.000567	0.040822	0.000023
泻芯泻褌械泄谢懈	0.000284	0.127833	0.000036
泻芯泻褌械泄谢褜	0.001418	0.040822	0.000058
泻芯谢斜邪褋邪	0.000284	0.040822	0.000012
泻芯谢斜邪褋薪褘屑懈	0.000851	0.116534	0.000099
泻芯屑邪薪写邪	0.000567	0.127833	0.000072
泻芯屑邪薪写械	0.000284	3.218876	0.000913
泻芯屑懈	0.000284	0.116534	0.000033
泻芯屑屑械薪褌邪褉懈械胁	0.000284	0.223144	0.000063
泻芯屑锌邪薪懈泄	0.000284	0.105361	0.000030
泻芯屑锌芯褌	0.000851	0.040822	0.000035
泻芯屑褍	0.000284	1.347074	0.000382
泻芯薪懈薪褘	0.000284	0.116534	0.000033
泻芯薪泻褍褉褋	0.060958	0.105361	0.006423
泻芯薪泻褍褉褋邪	0.000284	0.116534	0.000033
泻芯薪泻褍褉褋邪褏	0.000284	0.040822	0.000012
泻芯薪泻褍褉褋械	0.000284	2.302585	0.000653
泻芯薪泻褍褉褋薪褘械	0.000284	0.127833	0.000036
泻芯薪褋械褉胁懈褉芯胁邪薪懈械	0.000284	0.040822	0.000012
泻芯薪褋械褉胁懈褉芯胁邪薪薪邪褟	0.000284	0.116534	0.000033
泻芯薪褋械褉胁懈褉芯胁邪薪薪芯械	0.000284	0.116534	0.000033
泻芯薪褋械褉胁懈褉芯胁邪薪薪褘械	0.000567	0.116534	0.000066
泻芯薪褋械褉胁懈褉芯胁邪薪薪褘泄	0.000284	0.116534	0.000033
泻芯薪褋褍谢褜褌邪薪褌邪屑	0.000284	3.218876	0.000913
泻芯薪褎械褌褌懈	0.000284	0.116534	0.000033
泻芯薪褎械褌褘	0.000851	0.040822	0.000035
泻芯薪褎懈写械薪褑懈邪谢褜薪芯褋褌懈	0.000284	0.040822	0.000012
泻芯薪褎懈褌褞褉	0.000284	0.040822	0.000012
泻芯锌褔械薪芯褋褌褟屑懈	0.000284	0.116534	0.000033
泻芯褉械泄褋泻邪褟	0.000284	0.116534	0.000033
泻芯褉械泄褋泻懈	0.000284	0.040822	0.000012
泻芯褉卸	0.000284	2.302585	0.000653
泻芯褉卸懈泻懈	0.000284	0.040822	0.000012
泻芯褉屑褟褖懈褏	0.000284	0.116534	0.000033
泻芯褌谢械褌褘	0.000284	0.040822	0.000012
泻芯褌芯褉芯泄	0.000284	2.207275	0.000626
泻芯褌芯褉芯屑褍	0.000284	0.116534	0.000033
泻芯褎械	0.000567	0.040822	0.000023
泻芯褕械谢褜泻邪	0.000284	3.506558	0.000994
泻褉邪褋懈胁褘械	0.000284	1.897120	0.000538
泻褉邪褋泻懈	0.000284	0.116534	0.000033
泻褉械邪褌懈胁	0.000284	0.127833	0.000036
泻褉械屑	0.000851	0.040822	0.000035
泻褉械屑邪	0.000851	0.116534	0.000099
泻褉械锌泻懈泄	0.000284	0.116534	0.000033
泻褉芯谢懈泻邪	0.000567	0.116534	0.000066
泻褉芯屑械	0.000284	0.061875	0.000018
泻褉芯褏懈	0.000284	0.116534	0.000033
泻褉褍谐褍	0.000567	0.116534	0.000066
泻褉褍锌	0.001701	0.116534	0.000198
泻褉褍锌邪	0.000284	0.127833	0.000036
泻褉褍锌褘	0.000567	0.127833	0.000072
泻褉褍锌褟薪褘械	0.000284	0.116534	0.000033
泻褉褘谢褜褑芯屑	0.000284	3.506558	0.000994
泻褍斜懈薪褋泻邪褟	0.000284	0.116534	0.000033
泻褍谢械褕	0.000284	0.040822	0.000012
泻褍谢懈薪邪褉	0.000284	2.659260	0.000754
泻褍谢懈薪邪褉懈懈	0.000851	0.094311	0.000080
泻褍谢懈薪邪褉薪邪褟	0.000284	0.116534	0.000033
泻褍谢懈薪邪褉薪芯械	0.000284	0.116534	0.000033
泻褍谢懈薪邪褉薪褍褞	0.000567	0.040822	0.000023
泻褍谢懈薪邪褉薪褘泄	0.000284	0.072571	0.000021
泻褍谢懈薪邪褉薪褘褏	0.000284	0.116534	0.000033
泻褍谢懈褔	0.000284	0.040822	0.000012
泻褍谢懈褔懈	0.000284	0.116534	0.000033
泻褍褉写褋泻邪褟	0.000284	0.116534	0.000033
泻褍褉懈薪芯谐芯	0.000284	0.116534	0.000033
泻褍褉懈薪芯械	0.007088	0.127833	0.000906
泻褍褉懈薪褘泄	0.000284	0.105361	0.000030
泻褍褉懈褑邪	0.000284	0.040822	0.000012
泻褍褉懈褑褘	0.000851	0.116534	0.000099
泻褍褉芯褔泻芯泄	0.000284	0.116534	0.000033
泻褍褋泻褍褋	0.000284	0.040822	0.000012
泻褍褋芯褔泻芯屑	0.000284	2.995732	0.000849
泻褍褏薪械泄	0.000284	0.040822	0.000012
泻褍褏薪懈	0.001134	0.040822	0.000046
泻褍褏薪褟	0.000851	0.116534	0.000099
谢邪胁邪褕	0.000567	0.040822	0.000023
谢邪胁邪褕邪	0.001134	0.116534	0.000132
谢邪谐屑邪薪	0.000284	0.040822	0.000012
谢邪泻芯屑褋褌胁芯	0.000567	0.116534	0.000066
谢邪锌褕邪	0.000567	0.040822	0.000023
谢邪褌褘褕褋泻邪褟	0.000284	0.116534	0.000033
谢械谐械薪写械	0.000284	2.207275	0.000626
谢械谐泻邪褟	0.000284	0.116534	0.000033
谢械谐泻懈泄	0.000567	0.116534	0.000066
谢械谐泻懈屑懈	0.000284	2.995732	0.000849
谢械谐泻懈褏	0.000284	3.218876	0.000913
谢械谐泻芯	0.001985	0.116534	0.000231
谢械谐芯泻	0.000284	3.218876	0.000913
谢械薪懈胁邪褟	0.000284	2.813411	0.000798
谢械锌械褕泻懈	0.001134	0.040822	0.000046
谢械褌	0.000284	0.843970	0.000239
谢械褌邪	0.000284	0.116534	0.000033
谢械褌薪懈械	0.000284	0.040822	0.000012
谢械褌薪褟褟	0.000284	0.116534	0.000033
谢械褌芯	0.001701	0.116534	0.000198
谢械褔芯	0.000284	0.040822	0.000012
谢懈谐邪	0.000851	0.116534	0.000099
谢懈泻械褉	0.000284	0.040822	0.000012
谢懈屑芯薪	0.000851	1.203973	0.001024
谢懈屑芯薪邪写	0.000567	0.040822	0.000023
谢懈屑芯薪薪芯	0.000284	3.506558	0.000994
谢懈屑芯薪薪褘泄	0.000567	0.798508	0.000453
谢懈褌芯胁褋泻	0.000284	0.127833	0.000036
谢懈褌芯胁褋泻邪褟	0.000284	0.116534	0.000033
谢懈褕薪懈褏	0.000284	1.966113	0.000557
谢芯卸泻邪	0.000284	3.218876	0.000913
谢褍褔褕懈械	0.000284	0.116534	0.000033
谢褍褔褕懈泄	0.000567	0.040822	0.000023
谢褍褔褕懈褏	0.000284	0.116534	0.000033
谢褞斜胁懈	0.000284	0.105361	0.000030
谢褞斜懈谢邪	0.000284	4.605170	0.001306
谢褞斜懈屑芯谐芯	0.000284	0.127833	0.000036
谢褞斜懈屑芯屑	0.000284	3.218876	0.000913
谢褞斜懈屑芯屑褍	0.000284	0.116534	0.000033
谢褞斜懈屑褘泄	0.000284	1.609438	0.000456
谢褞斜懈屑褘褏	0.001701	0.116534	0.000198
谢褞斜懈褌	0.000284	1.427116	0.000405
谢褞斜谢褞	0.000567	1.514128	0.000859
谢褞斜芯胁褜	0.000284	0.116534	0.000033
谢褞斜芯泄	0.000567	0.116534	0.000066
谢褢谐泻懈泄	0.000851	2.525729	0.002148
谢褢谐泻懈褏	0.000284	3.506558	0.000994
谢褢写	0.000284	0.127833	0.000036
屑邪谐褉懈斜邪	0.000284	0.116534	0.000033
屑邪泄	0.000284	0.116534	0.000033
屑邪泄芯薪械蟹	0.000851	0.116534	0.000099
屑邪泻邪褉芯薪薪褘械	0.000284	0.116534	0.000033
屑邪泻邪褉芯薪褘	0.000284	0.040822	0.000012
屑邪泻褋懈屑邪谢褜薪芯	0.000284	2.040221	0.000578
屑邪泻褋懈屑褍屑	0.000284	2.407946	0.000683
屑邪谢邪蟹懈泄褋泻邪褟	0.000284	0.116534	0.000033
屑邪谢芯	0.000284	1.609438	0.000456
屑邪谢芯褔懈褋谢械薪薪邪褟	0.000284	4.605170	0.001306
屑邪薪薪懈泻	0.000284	0.040822	0.000012
屑邪薪褋邪褉写芯泄	0.000284	0.755023	0.000214
屑邪薪褌褘	0.000284	0.116534	0.000033
屑邪薪褢胁褉褘	0.000284	0.116534	0.000033
屑邪褉邪褎芯薪	0.000851	0.116534	0.000099
屑邪褉谐邪褉懈薪	0.000567	1.609438	0.000913
屑邪褉懈薪邪写	0.002552	0.040822	0.000104
屑邪褉懈薪邪写褘	0.000851	0.116534	0.000099
屑邪褉懈薪芯胁邪薪薪褘械	0.000284	0.116534	0.000033
屑邪褉屑械谢邪写	0.000284	0.040822	0.000012
屑邪褉芯泻泻邪薪褋泻邪褟	0.000284	0.116534	0.000033
屑邪褉褌邪	0.001701	0.105361	0.000179
屑邪褋泻邪褉锌芯薪械	0.000284	0.040822	0.000012
屑邪褋谢邪	0.001134	1.237874	0.001404
屑邪褋谢械薪懈褑邪	0.000851	0.040822	0.000035
屑邪褋谢械薪懈褔薪芯械	0.000284	0.116534	0.000033
屑邪褋谢芯	0.006521	0.116534	0.000760
屑邪褋谢芯屑	0.000284	0.116534	0.000033
屑邪褋褋邪	0.000567	2.659260	0.001508
屑邪褋褌械褉	0.002552	0.116534	0.000297
屑邪褋褌懈泻邪	0.000284	0.040822	0.000012
屑邪褋褌懈泻懈	0.000284	0.116534	0.000033
屑邪褎褎懈薪褘	0.000284	0.116534	0.000033
屑邪褏械械胁褗	0.001134	0.116534	0.000132
屑械写	0.001134	1.832581	0.002078
屑械写懈邪褎芯褉褌	0.000851	0.000000	0.000000
屑械写芯胁褘泄	0.000851	0.116534	0.000099
屑械写芯胁褘褏	0.000284	3.912023	0.001109
屑械泻褋懈泻邪薪褋泻邪褟	0.000284	0.116534	0.000033
屑械薪褞	0.000284	0.116534	0.000033
屑械薪褟	0.000567	0.083382	0.000047
屑械薪褟械褌褋褟	0.000284	0.116534	0.000033
屑械褔褌邪	0.000284	0.116534	0.000033
屑械褔褌褘	0.000567	0.040822	0.000023
屑懈写懈懈	0.000284	0.040822	0.000012
屑懈泻褉芯胁芯谢薪芯胁泻械	0.000284	0.116534	0.000033
屑懈谢芯褋褌懈	0.000284	1.897120	0.000538
屑懈谢褜械	0.000284	0.116534	0.000033
屑懈薪懈屑邪谢褜薪芯谐芯	0.000284	2.995732	0.000849
屑懈薪懈屑褍屑	0.000567	1.427116	0.000809
屑懈薪褍褌	0.001134	0.755023	0.000856
屑懈芯	0.000284	0.116534	0.000033
屑懈褉	0.000284	0.116534	0.000033
屑懈褉邪	0.000284	0.116534	0.000033
屑懈褉芯胁邪褟	0.000284	0.116534	0.000033
屑懈褋芯	0.000284	0.040822	0.000012
屑懈褋褌械褉懈褟	0.000284	0.116534	0.000033
屑懈褋褌褉邪谢褜	0.001985	0.116534	0.000231
屑薪芯谐懈屑	0.000284	2.659260	0.000754
屑薪芯谐芯	0.000567	0.776529	0.000440
屑薪芯卸械褋褌胁芯	0.000284	1.560648	0.000442
屑薪芯卸械褋褌胁芯屑	0.000284	0.040822	0.000012
屑芯谐褍	0.000284	0.798508	0.000226
屑芯械	0.000284	0.116534	0.000033
屑芯械泄	0.000284	1.427116	0.000405
屑芯械屑	0.000284	2.813411	0.000798
屑芯卸械褌械	0.000284	0.000000	0.000000
屑芯懈褏	0.000567	1.832581	0.001039
屑芯泄	0.000567	0.105361	0.000060
屑芯谢写邪胁褋泻邪褟	0.000284	0.116534	0.000033
屑芯谢芯泻邪	0.000567	1.714798	0.000972
屑芯谢芯泻械	0.000284	0.105361	0.000030
屑芯谢芯泻芯	0.001985	0.116534	0.000231
屑芯谢芯褔薪褘泄	0.000567	0.040822	0.000023
屑芯谢芯褔薪褘褏	0.000567	0.116534	0.000066
屑芯屑械薪褌	0.000851	0.116534	0.000099
屑芯薪谐芯谢褜褋泻邪褟	0.000284	0.116534	0.000033
屑芯褉械	0.000284	0.116534	0.000033
屑芯褉械锌褉芯写褍泻褌芯胁	0.003119	0.040822	0.000127
屑芯褉械锌褉芯写褍泻褌褘	0.000567	0.116534	0.000066
屑芯褉泻芯胁褜	0.000284	0.040822	0.000012
屑芯褉芯卸械薪芯械	0.000851	0.040822	0.000035
屑芯褉褋	0.000284	0.040822	0.000012
屑芯褉褋褘	0.000284	0.116534	0.000033
屑芯褌芯褉	0.000284	0.116534	0.000033
屑芯褏懈褌芯	0.000284	0.040822	0.000012
屑褍卸褋泻邪褟	0.000284	0.127833	0.000036
屑褍卸褔懈薪褘	0.000567	0.116534	0.000066
屑褍泻邪	0.007939	0.274437	0.002179
屑褍泻懈	0.000284	2.040221	0.000578
屑褍谢褜褌懈胁邪褉泻械	0.011908	0.116534	0.001388
屑褍谢褜褌懈锌械泻邪褉械泄	0.000851	0.116534	0.000099
屑褍褋褋	0.000284	0.040822	0.000012
屑褍褋褋褘	0.000567	0.116534	0.000066
屑褍褔薪褘械	0.000284	0.116534	0.000033
屑褞褋谢懈	0.000567	0.116534	0.000066
屑褟谐泻懈械	0.000284	3.218876	0.000913
屑褟褋邪	0.002268	0.116534	0.000264
屑褟褋薪芯谐芯	0.000567	0.116534	0.000066
屑褟褋薪芯泄	0.000284	0.116534	0.000033
屑褟褋薪褘械	0.001418	0.040822	0.000058
屑褟褋薪褘褏	0.000851	0.116534	0.000099
屑褟褋芯	0.002268	0.040822	0.000093
屑褟褋芯屑	0.001418	0.040822	0.000058
屑褟褋褍	0.000567	0.116534	0.000066
薪邪斜芯褉	0.000284	1.897120	0.000538
薪邪斜芯褉邪	0.000284	3.218876	0.000913
薪邪蟹胁邪薪懈械	0.000284	0.941609	0.000267
薪邪蟹薪邪褔械薪懈褟	0.000284	0.116534	0.000033
薪邪泻芯薪械褑	0.000284	1.609438	0.000456
薪邪谢懈胁泻邪	0.000284	0.040822	0.000012
薪邪屑懈	0.000284	2.995732	0.000849
薪邪锌懈褌泻懈	0.001701	0.040822	0.000069
薪邪锌懈褌芯泻	0.000284	0.040822	0.000012
薪邪褋褌芯泄泻邪	0.000284	0.040822	0.000012
薪邪褋褌褉芯械薪懈械	0.000284	0.116534	0.000033
薪邪褋褘褖械薪薪褘械	0.000284	2.995732	0.000849
薪邪褋褘褖械薪薪褘泄	0.000567	1.897120	0.001076
薪邪褑懈芯薪邪谢褜薪褘械	0.000284	0.116534	0.000033
薪邪褔懈薪泻邪	0.000567	0.040822	0.000023
薪邪褔懈薪泻芯泄	0.000567	0.116534	0.000066
薪邪褕械泄	0.000851	1.347074	0.001146
薪邪褕械屑	0.000284	0.040822	0.000012
薪邪褕懈	0.000284	0.061875	0.000018
薪邪褕谢邪	0.000567	0.579818	0.000329
薪械斜械	0.000284	2.813411	0.000798
薪械谐芯	0.000284	0.941609	0.000267
薪械写械谢褟	0.002835	0.061875	0.000175
薪械写芯褉芯谐芯泄	0.000284	4.605170	0.001306
薪械械	0.000284	1.966113	0.000557
薪械卸薪芯械	0.000284	1.309333	0.000371
薪械卸薪芯泄	0.000284	0.116534	0.000033
薪械卸薪褘械	0.000284	1.660731	0.000471
薪械卸薪褘泄	0.000851	0.891598	0.000758
薪械卸薪褘屑懈	0.000284	2.207275	0.000626
薪械卸薪褘褏	0.000284	2.995732	0.000849
薪械泄	0.000284	1.897120	0.000538
薪械屑	0.000284	1.203973	0.000341
薪械屑械褑泻邪褟	0.000284	0.116534	0.000033
薪械芯斜褘泻薪芯胁械薪薪芯	0.000284	1.897120	0.000538
薪械芯斜褘褔薪邪褟	0.000284	3.506558	0.000994
薪械芯斜褘褔薪褘械	0.000284	3.218876	0.000913
薪械芯斜褘褔薪褘泄	0.000284	1.347074	0.000382
薪械芯卸懈写邪薪薪褘械	0.000284	0.116534	0.000033
薪械褋谢邪写泻芯械	0.000284	0.116534	0.000033
薪懈泻褌芯	0.000284	1.897120	0.000538
薪芯胁邪褟	0.000284	0.116534	0.000033
薪芯胁芯谐芯写薪械谐芯	0.001418	0.116534	0.000165
薪芯胁芯谐芯写薪械械	0.000851	0.116534	0.000099
薪芯胁芯谐芯写薪懈械	0.001701	0.040822	0.000069
薪芯胁芯谐芯写薪懈泄	0.001985	0.116534	0.000231
薪芯胁芯谐芯写薪褟褟	0.000284	0.105361	0.000030
薪芯胁芯褋褌褟褏	0.000284	0.061875	0.000018
薪芯胁褘械	0.000567	0.051293	0.000029
薪芯胁褘泄	0.002552	0.094311	0.000241
薪芯褉胁械卸褋泻邪褟	0.000284	0.116534	0.000033
薪芯褟斜褉褟	0.000284	0.527633	0.000150
芯斜械写	0.000851	0.105361	0.000090
芯斜械蟹卸懈褉械薪薪芯谐芯	0.000284	3.218876	0.000913
芯斜械蟹褜褟薪褘	0.000284	0.116534	0.000033
芯斜薪邪褉褍卸懈褌褋褟	0.000284	2.302585	0.000653
芯斜芯卸邪褞	0.000284	1.897120	0.000538
芯斜褖邪褌褜褋褟	0.000284	0.040822	0.000012
芯斜褖邪褟	0.000284	2.995732	0.000849
芯胁芯褖邪屑懈	0.000284	0.116534	0.000033
芯胁芯褖械泄	0.003969	0.105361	0.000418
芯胁芯褖懈	0.001701	0.094311	0.000160
芯胁芯褖薪邪褟	0.000284	0.040822	0.000012
芯胁芯褖薪芯械	0.000284	0.116534	0.000033
芯胁芯褖薪芯泄	0.000567	0.105361	0.000060
芯胁芯褖薪褘械	0.001418	0.040822	0.000058
芯胁褋褟薪芯械	0.000284	0.116534	0.000033
芯谐薪械薪薪芯泄	0.000284	0.116534	0.000033
芯谐薪褟	0.000284	0.116534	0.000033
芯谐褉芯屑薪芯械	0.000284	1.237874	0.000351
芯谐褉芯屑薪褍褞	0.000284	2.813411	0.000798
芯谐褍褉褑褘	0.000567	0.116534	0.000066
芯写薪芯泄	0.000284	1.237874	0.000351
芯卸懈写邪谢邪	0.000284	2.525729	0.000716
芯蟹薪邪屑械薪芯胁邪薪懈械	0.000284	3.218876	0.000913
芯泻褉芯褕泻邪	0.000851	0.040822	0.000035
芯泻褌褟斜褉褟	0.000567	0.562119	0.000319
芯谢邪写懈泄	0.000284	3.218876	0.000913
芯谢邪写褜懈	0.003402	0.040822	0.000139
芯谢械泄薪邪	0.000851	0.116534	0.000099
芯谢械泄薪芯泄	0.001134	0.116534	0.000132
芯谢械泄薪褘	0.000284	0.127833	0.000036
芯谢懈胁泻芯胁芯械	0.000567	0.544727	0.000309
芯谢褜谐邪	0.000284	1.427116	0.000405
芯屑谢械褌	0.000284	0.040822	0.000012
芯锌邪褉邪	0.000284	0.040822	0.000012
芯锌褉芯褋	0.000284	0.061875	0.000018
芯褋械薪薪械械	0.000284	0.116534	0.000033
芯褋械薪薪懈械	0.000284	0.051293	0.000015
芯褋械薪薪懈泄	0.000567	0.116534	0.000066
芯褋械薪褜	0.002835	0.105361	0.000299
芯褋屑械谢褞褋褜	0.000284	3.506558	0.000994
芯褋薪芯胁械	0.000284	2.813411	0.000798
芯褋薪芯胁薪芯械	0.000284	0.040822	0.000012
芯褋褌邪械褌褋褟	0.000284	0.116534	0.000033
芯褋褌邪谢褜薪褘褏	0.000284	3.912023	0.001109
芯褋褌邪褞褌褋褟	0.000284	2.207275	0.000626
芯褌胁械褌懈褌褜	0.000284	0.051293	0.000015
芯褌胁械褌芯胁	0.000284	0.051293	0.000015
芯褌胁械褌褘	0.000284	0.000000	0.000000
芯褌泻褉褘褌褘泄	0.000567	0.116534	0.000066
芯褌谢懈褔邪械褌褋褟	0.000284	1.771957	0.000502
芯褌谢懈褔薪褘械	0.000284	3.218876	0.000913
芯褌谢懈褔薪褘泄	0.000851	1.560648	0.001327
芯褌屑械薪懈褌褜	0.000284	0.040822	0.000012
芯褌薪懈屑邪褌褜	0.000284	3.218876	0.000913
芯褏谢邪写懈褌褜	0.000284	0.116534	0.000033
芯褕懈斜芯泻	0.000284	2.813411	0.000798
锌邪泻械褌懈泻邪褏	0.000284	0.105361	0.000030
锌邪谢芯褔泻邪	0.000284	1.560648	0.000442
锌邪谢芯褔泻懈	0.000284	0.040822	0.000012
锌邪屑褟褌褜	0.000284	3.912023	0.001109
锌邪薪懈褉芯胁泻邪	0.002268	0.116534	0.000264
锌邪褉邪	0.000284	0.116534	0.000033
锌邪褉邪写	0.001985	0.116534	0.000231
锌邪褉芯胁邪褉泻械	0.002552	0.116534	0.000297
锌邪褉芯谢褜	0.000284	0.020203	0.000006
锌邪褋褌邪	0.000851	0.040822	0.000035
锌邪褋褌褉芯屑邪	0.000284	0.040822	0.000012
锌邪褋褏邪	0.000567	0.040822	0.000023
锌邪褋褏邪谢褜薪邪褟	0.000567	0.116534	0.000066
锌邪褋褏邪谢褜薪褘泄	0.000284	0.127833	0.000036
锌邪褕褌械褌	0.000284	0.040822	0.000012
锌邪褕褌械褌褘	0.000567	0.116534	0.000066
锌械泻邪褉褟	0.000284	0.127833	0.000036
锌械泻谢邪	0.000284	2.525729	0.000716
锌械泻褍	0.000284	2.302585	0.000653
锌械谢褜屑械薪懈	0.000284	0.116534	0.000033
锌械褉胁芯械	0.000567	0.040822	0.000023
锌械褉胁褘械	0.000284	0.127833	0.000036
锌械褉胁褘泄	0.000567	1.309333	0.000742
锌械褉胁褘屑	0.000567	0.116534	0.000066
锌械褉械泄褌懈	0.000284	0.040822	0.000012
锌械褉械泻褍褋	0.000567	0.116534	0.000066
锌械褉械褑	0.000284	0.040822	0.000012
锌械褉褋芯薪褘	0.000284	0.116534	0.000033
锌械褉褍邪薪褋泻邪褟	0.000284	0.116534	0.000033
锌械褋芯褔薪芯械	0.000567	0.105361	0.000060
锌械褋芯褔薪褘泄	0.000284	0.116534	0.000033
锌械褌械谢懈薪泻懈	0.000284	0.127833	0.000036
锌械褔械薪芯褔薪褘泄	0.000284	0.040822	0.000012
锌械褔械薪褜械	0.002552	0.040822	0.000104
锌械褔懈	0.000284	0.127833	0.000036
锌懈胁芯	0.000284	0.116534	0.000033
锌懈泻邪薪褌褘	0.000284	0.127833	0.000036
锌懈泻薪懈泻	0.000567	0.116534	0.000066
锌懈泻薪懈泻邪	0.000284	0.116534	0.000033
锌懈泻薪懈泻褍	0.000284	0.105361	0.000030
锌懈褉	0.000284	0.116534	0.000033
锌懈褉芯谐	0.002552	0.040822	0.000104
锌懈褉芯谐邪	0.000567	1.309333	0.000742
锌懈褉芯谐懈	0.001418	0.105361	0.000149
锌懈褉芯卸泻懈	0.000284	0.040822	0.000012
锌懈褉芯卸薪芯械	0.000284	0.040822	0.000012
锌懈褉芯卸薪褘械	0.000284	0.116534	0.000033
锌懈褋邪褌褜	0.000284	2.659260	0.000754
锌懈褌邪薪懈械	0.001418	0.105361	0.000149
锌懈褌邪褌械谢褜薪褘屑	0.000284	2.813411	0.000798
锌懈褑褑邪	0.000851	0.040822	0.000035
锌谢邪屑褟	0.000284	0.116534	0.000033
锌谢械械褉芯屑	0.000284	2.813411	0.000798
锌谢懈褌邪	0.001134	0.127833	0.000145
锌谢芯胁	0.000284	0.116534	0.000033
锌谢芯写褘	0.000284	0.116534	0.000033
锌芯斜邪谢芯胁邪褌褜	0.000284	2.525729	0.000716
锌芯斜械写邪	0.000284	3.218876	0.000913
锌芯斜械写褘	0.000284	2.995732	0.000849
锌芯斜芯褞褋褜	0.000284	2.995732	0.000849
锌芯胁邪褉械薪泻械	0.000567	0.040822	0.000023
锌芯胁邪褉械薪芯泻	0.000284	0.061875	0.000018
锌芯胁邪褉褟褌	0.000284	0.116534	0.000033
锌芯胁邪褉褟褌邪屑懈	0.000284	0.040822	0.000012
锌芯胁邪褉褢薪泻邪	0.000284	0.116534	0.000033
锌芯胁懈写谢芯	0.000851	0.040822	0.000035
锌芯写邪褉泻芯胁	0.000284	0.116534	0.000033
锌芯写写械褉卸泻懈	0.000284	3.218876	0.000913
锌芯写械谢懈褌褜褋褟	0.000567	0.478036	0.000271
锌芯写谢懈胁邪	0.000284	0.116534	0.000033
锌芯写谢懈胁泻邪	0.000284	0.040822	0.000012
锌芯写锌懈褋邪褌褜褋褟	0.000284	0.040822	0.000012
锌芯写锌懈褕懈褌械褋褜	0.000567	0.040822	0.000023
锌芯械写懈薪泻懈	0.003969	0.116534	0.000463
锌芯卸邪谢械械褌械	0.000284	1.897120	0.000538
锌芯蟹邪懈屑褋褌胁芯胁邪谢邪	0.000284	2.995732	0.000849
锌芯蟹写薪懈泻芯泄	0.000284	4.605170	0.001306
锌芯蟹写褉邪胁褜	0.000284	0.116534	0.000033
锌芯懈褋泻	0.000284	0.051293	0.000015
锌芯懈褋泻褍	0.000284	2.302585	0.000653
锌芯泻邪蟹邪褌褜褋褟	0.000284	2.659260	0.000754
锌芯泻芯谢械薪懈械	0.000284	3.912023	0.001109
锌芯谢写薪懈泻	0.000567	0.116534	0.000066
锌芯谢械蟹薪芯	0.000567	0.116534	0.000066
锌芯谢械蟹薪褘屑	0.000284	3.218876	0.000913
锌芯谢懈褌懈泻芯泄	0.000284	0.040822	0.000012
锌芯谢芯胁懈薪邪	0.002268	0.116534	0.000264
锌芯谢褍褔邪械褌褋褟	0.001418	0.400478	0.000568
锌芯谢褍褔邪泄褌械	0.000284	0.040822	0.000012
锌芯谢褍褔邪褌褜	0.000284	0.040822	0.000012
锌芯谢褍褔邪褞褌褋褟	0.000567	1.427116	0.000809
锌芯谢褍褔懈褌褋褟	0.000284	1.714798	0.000486
锌芯谢褜蟹邪	0.000284	0.127833	0.000036
锌芯谢褜蟹芯泄	0.001134	0.116534	0.000132
锌芯谢褜蟹褘	0.000284	3.218876	0.000913
锌芯谢褜褋泻邪褟	0.000284	0.116534	0.000033
锌芯屑邪写泻邪	0.000567	0.040822	0.000023
锌芯屑邪写泻懈	0.000284	0.116534	0.000033
锌芯屑懈写芯褉泻懈	0.000284	0.127833	0.000036
锌芯屑懈写芯褉褘	0.000567	0.116534	0.000066
锌芯薪褉邪胁懈胁褕懈械褋褟	0.000284	0.040822	0.000012
锌芯薪褔懈泻懈	0.000567	0.040822	0.000023
锌芯锌褉芯斜芯胁邪褌褜	0.000284	0.798508	0.000226
锌芯锌褉芯斜褍泄褌械	0.000851	0.562119	0.000478
锌芯锌褍谢褟褉薪褘泄	0.000284	2.040221	0.000578
锌芯褉邪	0.000284	0.116534	0.000033
锌芯褉懈褋褌褘泄	0.000567	2.207275	0.001252
锌芯褉懈褋褌褘褏	0.000284	2.995732	0.000849
锌芯褉芯褕芯泻	0.002268	0.916291	0.002078
锌芯褉褌褍谐邪谢褜褋泻邪褟	0.000284	0.116534	0.000033
锌芯褋械褖邪械褌械	0.000284	0.061875	0.000018
锌芯褋褌	0.001418	0.105361	0.000149
锌芯褋褌薪芯械	0.000284	0.116534	0.000033
锌芯褋褌薪褘械	0.000284	0.040822	0.000012
锌芯褋褌薪褘泄	0.000284	0.116534	0.000033
锌芯褋褌芯褟薪薪芯	0.000284	0.040822	0.000012
锌芯褋褌褉芯懈屑	0.000284	0.116534	0.000033
锌芯褋褍写邪	0.000567	0.094311	0.000053
锌芯褌褉邪褌懈褌褜	0.000284	4.605170	0.001306
锌芯褏芯卸懈褏	0.000284	3.912023	0.001109
锌芯褔褌懈	0.000284	1.021651	0.000290
锌芯褔褌褍	0.000284	0.040822	0.000012
锌芯褕邪谐芯胁褘械	0.000284	0.301105	0.000085
锌芯褕邪谐芯胁褘屑懈	0.000284	0.040822	0.000012
锌褉邪胁写邪	0.000284	1.139434	0.000323
锌褉邪蟹写薪懈泻邪	0.000567	0.116534	0.000066
锌褉邪蟹写薪懈褔薪芯	0.000284	0.116534	0.000033
锌褉邪蟹写薪懈褔薪芯谐芯	0.000284	0.116534	0.000033
锌褉邪蟹写薪懈褔薪褘泄	0.000284	0.116534	0.000033
锌褉邪泻褌懈泻褍屑	0.000284	0.116534	0.000033
锌褉械胁芯褋褏芯写薪褘械	0.000284	0.116534	0.000033
锌褉械胁褉邪褖械薪懈褟	0.000284	0.116534	0.000033
锌褉械写谢芯卸懈褌褜	0.000567	1.237874	0.000702
锌褉械褋薪芯械	0.000284	0.116534	0.000033
锌褉懈谐谢邪褕邪褞	0.000567	2.207275	0.001252
锌褉懈谐芯写懈褌褋褟	0.000567	1.609438	0.000913
锌褉懈谐芯褌芯胁懈屑	0.000284	0.116534	0.000033
锌褉懈谐芯褌芯胁谢械薪懈械	0.001134	0.105361	0.000119
锌褉懈谐芯褌芯胁谢械薪懈褞	0.000284	0.040822	0.000012
锌褉懈谐芯褌芯胁谢械薪懈褟	0.001134	0.371064	0.000421
锌褉懈写褍屑邪薪	0.000284	2.207275	0.000626
锌褉懈蟹薪邪薪懈械	0.000284	0.116534	0.000033
锌褉懈蟹芯胁	0.000284	0.040822	0.000012
锌褉懈屑械褉薪芯	0.000284	1.966113	0.000557
锌褉懈锌褉邪胁邪	0.000284	0.040822	0.000012
锌褉懈褉芯写褍	0.000567	0.116534	0.000066
锌褉懈褉芯写褘	0.000284	0.116534	0.000033
锌褉懈褋褌褍锌懈褌褜	0.000284	0.040822	0.000012
锌褉懈褌芯褉薪芯	0.000284	4.605170	0.001306
锌褉芯斜	0.000284	2.995732	0.000849
锌褉芯斜芯胁邪谢邪	0.000284	1.897120	0.000538
锌褉芯胁械写懈	0.001134	0.116534	0.000132
锌褉芯胁械褉械薪芯	0.001701	0.116534	0.000198
锌褉芯胁芯写懈屑褘褏	0.000284	0.040822	0.000012
锌褉芯胁芯卸邪械屑	0.000284	0.116534	0.000033
锌褉芯写褍泻褌芯胁	0.001418	0.094311	0.000134
锌褉芯械泻褌芯胁	0.000284	0.116534	0.000033
锌褉芯械泻褌褘	0.000284	0.061875	0.000018
锌褉芯褋懈谢邪	0.000284	4.605170	0.001306
锌褉芯褋屑芯褌褉邪屑	0.000284	0.274437	0.000078
锌褉芯褋褌芯	0.001134	0.083382	0.000095
锌褉芯褋褌芯泻胁邪褕邪	0.000284	0.040822	0.000012
锌褉芯褋褌芯褌邪	0.000284	1.966113	0.000557
锌褉芯褎懈谢褜	0.000284	0.040822	0.000012
锌褉芯褔懈屑	0.000284	3.506558	0.000994
锌褉芯褕谢芯谐芯	0.000284	2.302585	0.000653
锌褉芯褕褍	0.000567	1.139434	0.000646
锌褉褟屑芯	0.000284	0.040822	0.000012
锌褉褟薪懈泻	0.000284	0.040822	0.000012
锌褉褟薪懈泻懈	0.000284	0.116534	0.000033
锌褉褟薪懈褔薪芯械	0.000284	0.116534	0.000033
锌褌懈褑邪	0.001418	0.116534	0.000165
锌褌懈褑械	0.000567	0.116534	0.000066
锌褌懈褑械泄	0.000284	0.127833	0.000036
锌褌懈褑褘	0.003119	0.116534	0.000363
锌褍写懈薪谐	0.000284	0.040822	0.000012
锌褍写懈薪谐懈	0.000567	0.116534	0.000066
锌褍薪褕	0.000284	0.040822	0.000012
锌褍褌械褕械褋褌胁懈械	0.000567	0.116534	0.000066
锌褍褌褜	0.000284	0.116534	0.000033
锌褕械薪懈褔薪邪褟	0.007939	0.287682	0.002284
锌褘褕泻懈	0.000284	0.040822	0.000012
锌褘褕薪芯谐芯	0.000284	4.605170	0.001306
锌褘褕薪褘屑	0.000284	3.506558	0.000994
锌褘褕薪褘屑懈	0.000284	3.506558	0.000994
锌褞褉械	0.001134	0.040822	0.000046
褉邪斜芯褌邪	0.000284	2.995732	0.000849
褉邪斜芯褌械	0.000284	2.813411	0.000798
褉邪胁薪芯	0.000284	2.120264	0.000601
褉邪谐褍	0.000284	0.116534	0.000033
褉邪蟹	0.000851	0.446287	0.000380
褉邪蟹邪	0.000284	2.407946	0.000683
褉邪蟹胁械褉薪褍褌褜	0.000284	0.116534	0.000033
褉邪蟹写械谢褜薪芯械	0.000284	0.116534	0.000033
褉邪蟹薪褘械	0.000284	0.116534	0.000033
褉邪蟹薪褘褏	0.000284	2.120264	0.000601
褉邪蟹褉褘褏谢懈褌械谢褜	0.001134	1.237874	0.001404
褉邪褋褋泻邪卸褍	0.000284	2.995732	0.000849
褉邪褋褋泻邪蟹邪褌褜	0.000284	2.659260	0.000754
褉邪褋褋芯谢褜薪懈泻	0.000567	0.040822	0.000023
褉邪褋褋芯谢褜薪懈泻邪	0.000284	0.116534	0.000033
褉邪褋褋褔懈褌邪薪	0.000284	2.302585	0.000653
褉邪褋褋褘谢泻懈	0.000284	0.061875	0.000018
褉邪褋褌懈褌械谢褜薪芯械	0.002268	0.235722	0.000535
褉械斜械薪泻褍	0.000284	3.218876	0.000913
褉械谐懈褋褌褉邪褑懈懈	0.000567	0.010050	0.000006
褉械谐懈褋褌褉邪褑懈褟	0.000284	0.000000	0.000000
褉械蟹褍谢褜褌邪褌	0.000284	0.967584	0.000274
褉械蟹褍谢褜褌邪褌械	0.000284	2.525729	0.000716
褉械泄褌懈薪谐褍	0.000284	0.248461	0.000070
褉械褑械锌褌	0.005671	0.040822	0.000231
褉械褑械锌褌邪	0.000284	0.462035	0.000131
褉械褑械锌褌邪褏	0.000284	0.061875	0.000018
褉械褑械锌褌懈泻	0.000284	1.660731	0.000471
褉械褑械锌褌芯胁	0.002268	0.040822	0.000093
褉械褑械锌褌芯屑	0.000284	0.693147	0.000197
褉械褑械锌褌褘	0.020697	0.040822	0.000845
褉械褕懈谢邪	0.000284	0.820981	0.000233
褉懈褋	0.001134	0.040822	0.000046
褉懈褋邪	0.000284	0.116534	0.000033
褉懈褌屑械	0.000284	0.116534	0.000033
褉芯谐邪谢懈泻懈	0.000284	0.040822	0.000012
褉芯写懈谢褋褟	0.000284	3.218876	0.000913
褉芯写薪邪褟	0.000284	4.605170	0.001306
褉芯写薪芯械	0.000284	0.116534	0.000033
褉芯写薪芯屑	0.000284	3.912023	0.001109
褉芯卸写械薪懈褟	0.000284	0.105361	0.000030
褉芯卸写械褋褌胁芯	0.000284	0.116534	0.000033
褉芯谢谢褌芯薪	0.000284	0.116534	0.000033
褉芯谢谢褘	0.000567	0.040822	0.000023
褉芯屑	0.000284	0.040822	0.000012
褉褌褍	0.000567	1.469676	0.000833
褉褍斜褉懈泻邪褌芯褉	0.000284	0.051293	0.000015
褉褍写褜泻芯胁邪	0.000284	2.995732	0.000849
褉褍谢械褌	0.000284	0.040822	0.000012
褉褍谢械褌褘	0.002835	0.116534	0.000330
褉褍屑褘薪褋泻邪褟	0.000284	0.116534	0.000033
褉褍屑褟薪褘械	0.000284	0.116534	0.000033
褉褍薪械褌械	0.000284	0.020203	0.000006
褉褍褋褋泻邪褟	0.000284	0.116534	0.000033
褉褍褔邪褞褋褜	0.000284	3.912023	0.001109
褉褍褔泻懈	0.000284	2.525729	0.000716
褉褘斜邪	0.002552	0.040822	0.000104
褉褘斜械	0.000567	0.116534	0.000066
褉褘斜薪邪褟	0.000284	0.116534	0.000033
褉褘斜薪芯谐芯	0.000567	0.116534	0.000066
褉褘斜薪褘械	0.001134	0.116534	0.000132
褉褘斜薪褘泄	0.000567	0.116534	0.000066
褉褘斜薪褘褏	0.000284	0.116534	0.000033
褉褘斜芯泄	0.000567	0.116534	0.000066
褉褘斜褘	0.003402	0.116534	0.000396
褉褟卸械薪泻邪	0.000284	0.116534	0.000033
褋邪泄褌	0.000851	0.000000	0.000000
褋邪泄褌邪	0.000284	1.108663	0.000314
褋邪泄褌械	0.000567	0.462035	0.000262
褋邪泄褌褍	0.000567	0.061875	0.000035
褋邪谢邪褌	0.000284	0.094311	0.000027
褋邪谢邪褌薪邪褟	0.000284	0.116534	0.000033
褋邪谢邪褌褘	0.008789	0.040822	0.000359
褋邪屑邪褟	0.000284	2.995732	0.000849
褋邪屑芯谐芯薪	0.000284	0.040822	0.000012
褋邪屑芯屑	0.000567	2.120264	0.001202
褋邪屑褘褏	0.001134	0.116534	0.000132
褋邪薪	0.000284	3.218876	0.000913
褋邪褎	0.000851	0.116534	0.000099
褋邪褎褋械屑	0.000284	0.116534	0.000033
褋邪褏邪褉	0.009073	0.116534	0.001057
褋斜懈褌械薪褜	0.000284	0.040822	0.000012
褋斜芯褉薪懈泻邪褏	0.000284	4.605170	0.001306
褋胁邪褉懈褌褜	0.000284	3.218876	0.000913
褋胁械卸械褋褌褜	0.000284	0.105361	0.000030
褋胁械泻谢邪	0.000284	0.040822	0.000012
褋胁械泻芯谢褜薪懈泻	0.000567	0.040822	0.000023
褋胁械褌邪	0.001134	0.116534	0.000132
褋胁懈薪懈薪邪	0.000284	0.040822	0.000012
褋胁懈薪懈薪褘	0.001134	0.116534	0.000132
褋胁芯械	0.000284	0.116534	0.000033
褋胁芯械谐芯	0.000284	1.897120	0.000538
褋胁芯械屑	0.000284	0.040822	0.000012
褋胁芯懈屑	0.000284	0.040822	0.000012
褋胁芯褞	0.000567	0.040822	0.000023
褋谐褍褖械薪泻邪	0.000567	0.040822	0.000023
褋谐褍褖械薪薪芯谐芯	0.000284	3.218876	0.000913
褋写械谢邪褌褜	0.000567	1.021651	0.000579
褋械蟹芯薪	0.000284	0.116534	0.000033
褋械泄褔邪褋	0.000284	0.030459	0.000009
褋械泻褉械褌褘	0.000567	0.116534	0.000066
褋械谢械写泻邪	0.000284	0.040822	0.000012
褋械屑谐邪	0.000284	0.040822	0.000012
褋械屑械泄薪褘泄	0.000284	0.116534	0.000033
褋械屑褜械	0.000284	1.309333	0.000371
褋械屑褜懈	0.000284	0.116534	0.000033
褋械屑褜褞	0.000284	2.207275	0.000626
褋械薪褌褟斜褉褟	0.000567	0.673345	0.000382
褋械褋褌褉邪	0.000284	4.605170	0.001306
褋懈写褉	0.000284	0.040822	0.000012
褋懈褉懈泄褋泻邪褟	0.000284	0.116534	0.000033
褋懈褉芯锌	0.000284	0.040822	0.000012
褋懈褉芯锌褘	0.000284	0.116534	0.000033
褋懈褋褌械屑褘	0.000284	0.040822	0.000012
褋懈褌懈	0.000284	0.127833	0.000036
褋泻邪蟹邪谢	0.000284	1.771957	0.000502
褋泻邪蟹邪褌褜	0.000567	0.653926	0.000371
褋泻邪蟹芯泻	0.000284	0.116534	0.000033
褋泻芯胁芯褉芯写泻械	0.000284	2.207275	0.000626
褋泻芯谢褜泻芯	0.000284	1.832581	0.000520
褋谢邪写泻邪褟	0.000567	0.116534	0.000066
褋谢邪写泻懈械	0.001701	0.040822	0.000069
褋谢邪写泻懈泄	0.002835	0.105361	0.000299
褋谢邪写泻懈褏	0.000567	0.116534	0.000066
褋谢邪写泻芯	0.000284	0.116534	0.000033
褋谢邪写泻芯谐芯	0.000284	2.995732	0.000849
褋谢邪写芯泻	0.000284	3.218876	0.000913
褋谢械写懈褌	0.000284	2.995732	0.000849
褋谢懈胁泻懈	0.000567	1.078810	0.000612
褋谢懈胁芯泻	0.000284	2.995732	0.000849
褋谢懈胁芯褔薪芯谐芯	0.000284	1.771957	0.000502
褋谢懈胁芯褔薪芯械	0.003686	0.116534	0.000430
褋谢懈胁芯褔薪褘械	0.000284	3.218876	0.000913
褋谢懈胁芯褔薪褘泄	0.000284	1.469676	0.000417
褋谢芯胁邪	0.000284	2.302585	0.000653
褋谢芯械薪芯谐芯	0.000284	0.127833	0.000036
褋谢芯械薪芯械	0.000284	0.116534	0.000033
褋谢芯械薪褘泄	0.000284	0.116534	0.000033
褋谢芯卸薪褘屑	0.000284	3.506558	0.000994
褋谢芯泄泻邪	0.000284	0.040822	0.000012
褋谢芯泄泻懈	0.000284	0.116534	0.000033
褋谢褍褔邪懈	0.000284	2.407946	0.000683
褋屑	0.000284	2.040221	0.000578
褋屑械褌邪薪邪	0.000851	0.105361	0.000090
褋屑械褕邪薪薪芯谐芯	0.000284	0.116534	0.000033
褋屑芯卸械褌械	0.000284	0.040822	0.000012
褋屑褍蟹懈	0.000851	0.040822	0.000035
褋薪褝泻	0.000284	0.116534	0.000033
褋芯斜懈褉邪械褌械褋褜	0.000284	0.040822	0.000012
褋芯胁械褉褕械薪褋褌胁芯	0.001418	0.116534	0.000165
褋芯胁械褌邪屑懈	0.000284	0.040822	0.000012
褋芯谐谢邪褋薪芯	0.000284	2.302585	0.000653
褋芯谐谢邪褕邪械褌械褋褜	0.000284	0.040822	0.000012
褋芯写邪	0.009356	0.967584	0.009053
褋芯蟹写邪械褌	0.000284	0.116534	0.000033
褋芯蟹写邪薪懈褟	0.000567	0.261365	0.000148
褋芯泻	0.001134	0.116534	0.000132
褋芯泻邪	0.000284	0.105361	0.000030
褋芯泻懈	0.000284	0.040822	0.000012
褋芯谢械薪褘械	0.000851	0.116534	0.000099
褋芯谢械薪褜褟	0.000567	0.116534	0.000066
褋芯谢薪械褔薪芯泄	0.000284	0.127833	0.000036
褋芯谢褜	0.004536	0.150823	0.000684
褋芯谢褟薪泻邪	0.000567	0.040822	0.000023
褋芯褉褌懈褉芯胁邪褌褜	0.000284	0.248461	0.000070
褋芯褋懈褋泻邪	0.000567	2.659260	0.001508
褋芯褋褌邪胁褜	0.000284	0.116534	0.000033
褋芯褍褋	0.002268	0.040822	0.000093
褋芯褍褋芯屑	0.001418	0.116534	0.000165
褋芯褍褋褘	0.001134	0.116534	0.000132
褋芯褏褉邪薪褟褌褜	0.000284	0.040822	0.000012
褋芯褑褋械褌懈	0.000284	0.040822	0.000012
褋芯褔械褌邪薪懈械	0.000284	0.116534	0.000033
褋芯褔薪芯械	0.000284	0.116534	0.000033
褋锌邪谢褜薪褟屑懈	0.000284	0.446287	0.000127
褋锌邪褋懈斜芯	0.000284	0.673345	0.000191
褋锌械褑懈邪谢褜薪芯械	0.000284	0.116534	0.000033
褋锌械褑懈懈	0.000284	0.105361	0.000030
褋锌械褑锌褉芯械泻褌	0.009356	0.116534	0.001090
褋锌懈褋芯泻	0.000284	0.116534	0.000033
褋锌芯褋芯斜	0.000284	1.427116	0.000405
褋锌芯褞	0.000284	0.116534	0.000033
褋褉械写懈蟹械屑薪芯屑芯褉褋泻邪褟	0.000284	0.127833	0.000036
褋褌邪褉邪褞褋褜	0.000284	2.813411	0.000798
褋褌邪褉褘械	0.000284	0.261365	0.000074
褋褌邪褌褜褟褏	0.000284	0.061875	0.000018
褋褌懈谢械	0.000284	0.116534	0.000033
褋褌懈谢褟	0.000284	0.116534	0.000033
褋褌芯谢	0.000567	0.105361	0.000060
褋褌芯谢邪	0.001701	0.116534	0.000198
褋褌芯褉芯薪褘	0.000284	2.659260	0.000754
褋褌褉芯懈褌械谢褜褋褌胁械	0.000284	0.040822	0.000012
褋褌褉芯懈褌械谢褜褋褌胁褍	0.000284	0.040822	0.000012
褋褌褉芯懈褌褜	0.000284	0.040822	0.000012
褋褌褉芯泄薪芯泄	0.000284	0.116534	0.000033
褋褍斜锌褉芯写褍泻褌芯胁	0.001985	0.116534	0.000231
褋褍斜锌褉芯写褍泻褌褘	0.000851	0.116534	0.000099
褋褍屑邪褋褕械写褕懈泄	0.000284	2.207275	0.000626
褋褍锌	0.002552	0.040822	0.000104
褋褍锌邪	0.000284	0.040822	0.000012
褋褍锌褘	0.002552	0.040822	0.000104
褋褍褎谢械	0.000851	0.040822	0.000035
褋褍褏邪褉懈	0.000284	0.040822	0.000012
褋褍褕懈	0.000567	0.040822	0.000023
褋褗械写邪械褌褋褟	0.000284	2.813411	0.000798
褋褘褉	0.002835	0.040822	0.000116
褋褘褉邪	0.001418	0.116534	0.000165
褋褘褉邪屑懈	0.000284	0.127833	0.000036
褋褘褉薪懈泻	0.000284	0.040822	0.000012
褋褘褉薪懈泻懈	0.001418	0.116534	0.000165
褋褘褉薪褘械	0.001418	0.040822	0.000058
褋褘褉薪褘泄	0.000284	2.407946	0.000683
褋褘褉芯泻	0.000284	3.218876	0.000913
褋褘褉芯屑	0.000284	0.713350	0.000202
褋褘褌薪褘泄	0.000567	0.105361	0.000060
褋褘褔褍卸薪褘屑懈	0.000284	0.127833	0.000036
褋褝薪写胁懈褔懈	0.000284	0.127833	0.000036
褋褞褉锌褉懈蟹	0.000284	0.116534	0.000033
褌邪写卸懈泻褋泻邪褟	0.000284	0.116534	0.000033
褌邪械褌	0.000284	2.120264	0.000601
褌邪泄褋泻邪褟	0.000284	0.116534	0.000033
褌邪泻芯谐芯	0.000567	1.078810	0.000612
褌邪褉械谢泻械	0.000284	1.897120	0.000538
褌邪褉褌	0.000284	0.116534	0.000033
褌邪褉褌邪谢械褌泻懈	0.000567	0.040822	0.000023
褌邪褌邪褉褋泻邪褟	0.000284	0.116534	0.000033
褌邪褞褖懈泄	0.000284	2.407946	0.000683
褌胁械褉写褘泄	0.001134	0.562119	0.000638
褌胁芯懈	0.000567	0.116534	0.000066
褌胁芯褉懈	0.000284	0.116534	0.000033
褌胁芯褉芯谐	0.003969	0.040822	0.000162
褌胁芯褉芯谐邪	0.000567	1.897120	0.001076
褌胁芯褉芯谐芯屑	0.000284	0.105361	0.000030
褌胁芯褉芯卸薪邪褟	0.000567	2.302585	0.001306
褌胁芯褉芯卸薪芯	0.000567	2.813411	0.001595
褌胁芯褉芯卸薪芯谐芯	0.000284	4.605170	0.001306
褌胁芯褉芯卸薪芯械	0.000284	0.116534	0.000033
褌胁芯褉芯卸薪褘械	0.000567	0.116534	0.000066
褌胁芯褉芯卸薪褘泄	0.001985	0.116534	0.000231
褌胁芯褉芯卸薪褘褏	0.000284	4.605170	0.001306
褌胁芯褉芯卸芯泻	0.000284	4.605170	0.001306
褌胁褉芯卸薪褘泄	0.000284	4.605170	0.001306
褌械谢械谐褉邪屑	0.000284	0.040822	0.000012
褌械谢褟褌懈薪褘	0.001134	0.116534	0.000132
褌械屑	0.000284	0.967584	0.000274
褌械屑薪褘泄	0.000567	2.040221	0.001157
褌械锌谢芯屑	0.000284	0.116534	0.000033
褌械褉褉邪褋芯泄	0.000284	0.798508	0.000226
褌械褉褉懈薪	0.000284	0.040822	0.000012
褌械褉褌褘泄	0.000284	3.506558	0.000994
褌械褋褌	0.001418	0.127833	0.000181
褌械褋褌邪	0.004536	0.105361	0.000478
褌械褋褌芯	0.003119	0.040822	0.000127
褌械褏	0.000567	0.634878	0.000360
褌械褏薪懈泻邪	0.001418	0.105361	0.000149
褌械褖懈薪	0.000284	0.040822	0.000012
褌懈	0.000284	3.912023	0.001109
褌屑	0.001134	0.127833	0.000145
褌芯屑	0.000284	1.171183	0.000332
褌芯薪泻懈屑懈	0.000284	2.659260	0.000754
褌芯锌谢械薪芯械	0.000284	0.116534	0.000033
褌芯褉褌	0.006521	0.040822	0.000266
褌芯褉褌邪	0.000284	2.120264	0.000601
褌芯褉褌懈泻	0.001134	1.966113	0.002230
褌芯褉褌芯胁	0.000284	2.659260	0.000754
褌芯褉褌褘	0.003969	0.116534	0.000463
褌褉邪胁褘	0.000284	0.105361	0.000030
褌褉邪写懈褑懈懈	0.000284	0.116534	0.000033
褌褉邪写懈褑懈泄	0.001134	0.116534	0.000132
褌褉邪写懈褑懈褟褏	0.000284	0.116534	0.000033
褌褉械褏	0.000284	3.912023	0.001109
褌褉械褏谢械褌懈械屑	0.000284	0.116534	0.000033
褌褉懈	0.000284	1.386294	0.000393
褌褉褍斜芯褔泻懈	0.000284	0.040822	0.000012
褌褍薪懈褋褋泻邪褟	0.000284	0.116534	0.000033
褌褍薪褑芯屑	0.000284	0.116534	0.000033
褌褍褉械褑泻邪褟	0.000284	0.116534	0.000033
褌褘泻胁邪	0.000284	0.040822	0.000012
褍胁械写芯屑谢械薪懈褟	0.000284	0.040822	0.000012
褍胁械褉械薪邪	0.000567	1.272966	0.000722
褍写邪谢褞	0.000284	1.771957	0.000502
褍写邪褔薪邪褟	0.000284	0.116534	0.000033
褍写邪褔薪芯	0.000284	3.218876	0.000913
褍写懈胁懈	0.000284	0.116534	0.000033
褍写懈胁谢褟泄褌械	0.001134	0.116534	0.000132
褍写芯斜薪芯械	0.000284	3.912023	0.001109
褍写芯胁芯谢褜褋褌胁懈械屑	0.000567	0.116534	0.000066
褍卸	0.000284	0.693147	0.000197
褍卸懈薪	0.001701	0.094311	0.000160
褍蟹斜械泻褋泻邪褟	0.000284	0.116534	0.000033
褍泻褉邪懈薪褋泻邪褟	0.000284	0.116534	0.000033
褍泻褉邪褕械薪懈褟	0.002268	0.116534	0.000264
褍泻褋褍褋	0.001134	0.634878	0.000720
褍薪懈泻邪谢褜薪芯	0.000284	4.605170	0.001306
褍锌芯褌褉械斜谢械薪懈械屑	0.000284	0.116534	0.000033
褍褉邪谢褜褋泻邪褟	0.000284	0.116534	0.000033
褍褉芯卸邪泄	0.000284	0.105361	0.000030
褍褌泻懈	0.000851	0.116534	0.000099
褍褏邪	0.000284	0.040822	0.000012
褍褔邪褋褌胁芯胁邪褌褜	0.000284	0.040822	0.000012
褎邪蟹械薪写褘	0.000284	0.127833	0.000036
褎邪薪褌邪蟹懈懈	0.001701	0.116534	0.000198
褎邪薪褌邪蟹懈泄	0.000284	0.116534	0.000033
褎邪薪褌邪蟹懈褟	0.000284	0.116534	0.000033
褎邪褉褕邪	0.003686	0.040822	0.000150
褎邪褉褕懈褉芯胁邪薪薪邪褟	0.000567	0.116534	0.000066
褎邪褉褕懈褉芯胁邪薪薪芯械	0.000284	0.116534	0.000033
褎邪褉褕懈褉芯胁邪薪薪褘械	0.000567	0.040822	0.000023
褎邪褉褕懈褉芯胁邪薪薪褘泄	0.000284	0.040822	0.000012
褎邪褋芯谢褜	0.000284	0.040822	0.000012
褎械胁褉邪谢褟	0.000567	0.105361	0.000060
褎械泄械褉胁械褉泻	0.000567	0.116534	0.000066
褎懈谐褍褉械	0.000284	0.116534	0.000033
褎懈谐褍褉芯泄	0.000284	2.995732	0.000849
褎懈谐褍褉褘	0.000284	2.995732	0.000849
褎懈薪褋泻邪褟	0.000284	0.116534	0.000033
褎懈褉屑械薪薪芯械	0.000284	0.116534	0.000033
褎芯薪写褞	0.000284	0.040822	0.000012
褎芯褉屑褍	0.000284	1.832581	0.000520
褎芯褉屑褘	0.000284	0.116534	0.000033
褎芯褉褍屑械	0.000567	0.040822	0.000023
褎芯褉褕屑邪泻	0.000284	0.040822	0.000012
褎褉邪薪褑懈懈	0.000284	0.116534	0.000033
褎褉邪薪褑褍蟹褋泻邪褟	0.000284	0.116534	0.000033
褎褉邪褍	0.001134	0.116534	0.000132
褎褉褍泻褌芯胁	0.001418	0.116534	0.000165
褎褉褍泻褌芯胁芯	0.000284	0.116534	0.000033
褎褉褍泻褌芯胁褘械	0.001985	0.040822	0.000081
褎褉褍泻褌褘	0.000567	2.995732	0.001699
褎褍写	0.000284	0.116534	0.000033
褎褍褉褕械褌	0.000284	0.116534	0.000033
褏邪谢胁邪	0.000284	0.040822	0.000012
褏邪褉胁械褋褌褎械褋褌	0.000567	0.116534	0.000066
褏邪褉褔芯	0.000567	0.040822	0.000023
褏邪褕	0.000284	0.040822	0.000012
褏胁芯褉芯褋褌	0.000284	0.040822	0.000012
褏懈薪泻邪谢懈	0.000284	0.116534	0.000033
褏懈褌	0.001985	0.116534	0.000231
褏谢械斜	0.000851	0.040822	0.000035
褏谢械斜芯锌械褔泻懈	0.000284	0.116534	0.000033
褏谢芯锌褜褟	0.000567	0.105361	0.000060
褏芯蟹褟泄泻懈	0.000567	0.127833	0.000072
褏芯谢芯写械褑	0.000284	0.040822	0.000012
褏芯谢芯写薪褘械	0.000567	0.116534	0.000066
褏芯谢芯写薪褘泄	0.000567	0.116534	0.000066
褏芯褉胁邪褌褋泻邪褟	0.000284	0.116534	0.000033
褏芯褉芯褕芯	0.001418	0.105361	0.000149
褏芯褉褋	0.000284	0.116534	0.000033
褏芯褋械	0.000284	3.506558	0.000994
褏芯褌懈褌械	0.000284	0.040822	0.000012
褏芯褔械褌	0.000284	2.040221	0.000578
褏芯褔械褌褋褟	0.000284	1.469676	0.000417
褏芯褔褍	0.000851	0.562119	0.000478
褏褍写械褞	0.000284	3.506558	0.000994
褏褍屑褍褋	0.000284	0.040822	0.000012
褑邪褉褋褌胁芯	0.000284	0.127833	0.000036
褑邪褉褜	0.000284	0.116534	0.000033
褑胁械褌薪邪褟	0.000284	0.040822	0.000012
褑械写褉邪	0.000284	1.832581	0.000520
褑械谢懈泻芯屑	0.000284	3.506558	0.000994
褑械薪薪褘褏	0.000284	0.040822	0.000012
褑械薪褌褉	0.000284	0.116534	0.000033
褔邪械屑	0.000284	0.116534	0.000033
褔邪泄	0.000851	0.040822	0.000035
褔邪褋褌芯	0.000567	0.994252	0.000564
褔邪褕械褔泻褍	0.000284	3.912023	0.001109
褔邪褟	0.000284	3.912023	0.001109
褔械斜褍褉械泻懈	0.000567	0.040822	0.000023
褔械屑	0.000284	0.994252	0.000282
褔械褉泻懈蟹芯胁芯	0.000567	0.116534	0.000066
褔械褋褌薪芯	0.000284	1.203973	0.000341
褔械褋褌薪褘屑懈	0.000284	0.040822	0.000012
褔械褌褘褉械	0.000284	2.995732	0.000849
褔械褔械胁懈褑邪	0.000284	0.040822	0.000012
褔械褕褋泻邪褟	0.000284	0.116534	0.000033
褔懈蟹泻械泄泻	0.001134	0.040822	0.000046
褔懈谢懈泄褋泻邪褟	0.000284	0.116534	0.000033
褔懈锌褋褘	0.000284	0.040822	0.000012
褔懈褋谢褍	0.000284	0.261365	0.000074
褔褍写械褋	0.000284	0.116534	0.000033
褕邪褉懈泻懈	0.000284	0.040822	0.000012
褕邪褉谢芯褌泻邪	0.000284	0.040822	0.000012
褕邪褉谢芯褌泻懈	0.000284	0.127833	0.000036
褕邪褉屑	0.000284	0.116534	0.000033
褕邪褕谢褘泻	0.003402	0.040822	0.000139
褕邪褕谢褘泻懈	0.000284	0.040822	0.000012
褕胁械写褋泻邪褟	0.000284	0.116534	0.000033
褕胁械泄褑邪褉褋泻邪褟	0.000284	0.116534	0.000033
褕械写械胁褉褘	0.000284	0.116534	0.000033
褕械褎	0.000284	0.127833	0.000036
褕懈泻邪褉薪芯谐芯	0.000284	2.995732	0.000849
褕懈锌褍褔泻邪	0.000284	0.040822	0.000012
褕懈褉芯泻邪褟	0.000284	0.127833	0.000036
褕泻芯谢褍	0.000284	0.116534	0.000033
褕芯泻芯谢邪写	0.000851	0.040822	0.000035
褕芯泻芯谢邪写薪芯械	0.000284	2.659260	0.000754
褕芯泻芯谢邪写薪褘泄	0.000851	1.660731	0.001413
褕芯褌谢邪薪写褋泻邪褟	0.000284	0.116534	0.000033
褕褌褉褍写械谢褜	0.000284	0.040822	0.000012
褕褌褍褔泻懈	0.000284	2.120264	0.000601
褕褌褍褔薪邪褟	0.000284	3.218876	0.000913
褕褍褉邪	0.000284	4.605170	0.001306
褕褍褉械	0.000284	4.605170	0.001306
褕褍褉锌邪	0.000284	0.040822	0.000012
褕褍褉褘	0.000284	4.605170	0.001306
褖邪褋	0.000284	0.116534	0.000033
褖械写褉邪褟	0.000284	0.116534	0.000033
褖懈	0.000567	0.040822	0.000023
褝泻芯屑懈谢泻	0.000284	0.127833	0.000036
褝泻褋锌械褉懈屑械薪褌芯胁	0.000284	2.995732	0.000849
褝褋褌芯薪褋泻邪褟	0.000284	0.116534	0.000033
褝褌懈屑	0.000284	1.108663	0.000314
褝褌芯谐芯	0.001134	0.415515	0.000471
褝褌芯屑	0.000284	0.843970	0.000239
褞谐芯褋谢邪胁褋泻邪褟	0.000284	0.116534	0.000033
褟谐芯写薪褘械	0.000567	0.116534	0.000066
褟谐芯写薪褘泄	0.000567	0.116534	0.000066
褟蟹褘泻	0.000284	0.040822	0.000012
褟懈褑	0.001985	0.116534	0.000231
褟懈褔薪褘泄	0.000567	1.049822	0.000595
褟泄褑邪	0.000284	0.040822	0.000012
褟泄褑芯	0.006805	0.261365	0.001778
褟薪胁邪褉褟	0.000567	0.733969	0.000416
褟薪写械泻褋	0.000284	0.072571	0.000021
褟锌芯薪褋泻邪褟	0.000284	0.116534	0.000033
褟锌芯薪褋泻芯泄	0.000284	0.061875	0.000018
褟褉泻懈械	0.000284	0.116534	0.000033
褟褉泻芯	0.000284	0.105361	0.000030
