褌芯泻械薪	TF	IDF	TF-IDF
邪斜褏邪蟹褋泻邪褟	0.000299	0.116534	0.000035
邪胁谐褍褋褌邪	0.000299	0.867501	0.000259
邪胁褋褌褉邪谢懈泄褋泻邪褟	0.000299	0.116534	0.000035
邪胁褋褌褉懈泄褋泻邪褟	0.000299	0.116534	0.000035
邪胁褌芯泻谢邪胁邪	0.000299	0.116534	0.000035
邪胁褌芯褉邪屑	0.000299	0.040822	0.000012
邪谐褉芯	0.000299	0.116534	0.000035
邪写卸懈泻邪	0.000299	0.040822	0.000012
邪蟹械褉斜邪泄写卸邪薪褋泻邪褟	0.000299	0.116534	0.000035
邪蟹懈邪褌褋泻邪褟	0.000299	0.127833	0.000038
邪蟹褘	0.000299	0.127833	0.000038
邪泄褉邪薪	0.000299	0.040822	0.000012
邪泻胁邪褌懈泻邪	0.000896	0.127833	0.000114
邪谢械泻褋械褟	0.000299	0.127833	0.000038
邪谢泻芯谐芯谢褜	0.000597	0.116534	0.000070
邪谢泻芯谐芯谢褜薪褘械	0.000299	0.116534	0.000035
邪谢泻芯谐芯谢褟	0.000299	0.116534	0.000035
邪谢褜褟薪褋	0.000299	0.116534	0.000035
邪屑械褉懈泻邪薪褋泻邪褟	0.000299	0.116534	0.000035
邪屑械褉懈泻懈	0.000299	3.912023	0.001168
邪薪谐谢懈泄褋泻邪褟	0.000299	0.116534	0.000035
邪薪写褉械褟	0.000299	0.127833	0.000038
邪褉邪斜褋泻邪褟	0.000299	0.116534	0.000035
邪褉谐械薪褌懈薪褋泻邪褟	0.000299	0.116534	0.000035
邪褉屑褟薪褋泻邪褟	0.000299	0.116534	0.000035
邪褋褋芯褉褌懈	0.000597	0.116534	0.000070
邪褌谢邪薪褌	0.000299	0.127833	0.000038
邪褎谐邪薪褋泻邪褟	0.000299	0.116534	0.000035
邪褎褉懈泻邪薪褋泻邪褟	0.000299	0.116534	0.000035
邪褏	0.000299	3.912023	0.001168
邪褝褉芯谐褉懈谢械	0.002985	0.116534	0.000348
斜邪斜懈褔	0.000299	1.514128	0.000452
斜邪泻谢邪卸邪薪	0.000597	2.207275	0.001318
斜邪泻谢邪卸邪薪芯胁	0.000299	2.659260	0.000794
斜邪泻谢邪卸邪薪褘	0.000597	0.040822	0.000024
斜邪谢褌泻芯屑	0.000299	0.127833	0.000038
斜邪褉邪	0.000299	3.912023	0.001168
斜邪褉邪薪懈薪褘	0.001194	0.116534	0.000139
斜邪褉邪褏	0.000299	3.506558	0.001047
斜邪褉褘	0.000299	3.912023	0.001168
斜邪褋屑邪褌懈	0.000597	0.127833	0.000076
斜邪褋褌褍褉屑邪	0.000299	0.040822	0.000012
斜邪褌芯薪	0.000597	1.660731	0.000991
斜邪褌芯薪褔懈泻懈	0.000299	0.127833	0.000038
斜邪褎褎邪谢芯	0.000896	3.506558	0.003140
斜邪褕泻懈褉褋泻邪褟	0.000299	0.116534	0.000035
斜械蟹邪谢泻芯谐芯谢褜薪褘械	0.000299	0.116534	0.000035
斜械蟹谐谢褞褌械薪芯胁褘械	0.000299	0.116534	0.000035
斜械蟹械	0.001194	0.040822	0.000049
斜械泻芯薪	0.000597	1.966113	0.001174
斜械泻芯薪芯屑	0.000299	2.995732	0.000894
斜械谢械斜械械胁褋泻懈泄	0.000597	0.116534	0.000070
斜械谢芯褉褍褋褋泻邪褟	0.000299	0.116534	0.000035
斜械谢褜谐懈泄褋泻邪褟	0.000299	0.116534	0.000035
斜械褉械屑械薪薪褘褏	0.000299	0.116534	0.000035
斜械褋械写懈薪邪	0.000299	0.127833	0.000038
斜懈褋泻胁懈褌	0.000299	0.040822	0.000012
斜懈褋泻胁懈褌薪芯械	0.000597	0.116534	0.000070
斜懈褋泻胁懈褌薪褘泄	0.000299	0.105361	0.000031
斜懈褋泻胁懈褌褘	0.000299	0.127833	0.000038
斜谢邪谐芯写邪褉褟	0.000299	1.897120	0.000566
斜谢懈卸械	0.000299	0.116534	0.000035
斜谢懈蟹泻懈褏	0.000299	0.116534	0.000035
斜谢懈薪芯胁	0.000597	0.116534	0.000070
斜谢懈薪褘	0.001194	0.040822	0.000049
斜谢褞	0.000299	3.506558	0.001047
斜谢褞写	0.000896	0.094311	0.000084
斜谢褞写邪	0.029254	0.040822	0.001194
斜谢褞写械	0.000299	2.302585	0.000687
斜谢褞写芯	0.002090	0.040822	0.000085
斜谢褞写褍	0.000299	0.116534	0.000035
斜芯斜芯胁褘械	0.000597	0.127833	0.000076
斜芯斜芯胁褘褏	0.002090	0.116534	0.000244
斜芯谢谐邪褉褋泻邪褟	0.000299	0.116534	0.000035
斜芯谢褜褕械	0.000597	0.105361	0.000063
斜芯屑斜邪	0.000299	3.506558	0.001047
斜芯褉褖	0.000597	0.040822	0.000024
斜芯褌胁懈薪褜褟	0.000299	0.040822	0.000012
斜褉邪蟹懈谢褜褋泻邪褟	0.000299	0.116534	0.000035
斜褉邪褍蟹械褉械	0.000299	0.040822	0.000012
斜褉邪褍薪懈	0.000299	0.040822	0.000012
斜褉械褋褌	0.000299	0.127833	0.000038
斜褉芯泻泻芯谢懈	0.000299	0.040822	0.000012
斜褍卸械薪懈薪邪	0.000299	0.040822	0.000012
斜褍谢芯褔泻邪	0.000597	3.218876	0.001922
斜褍谢芯褔泻邪屑懈	0.000299	0.116534	0.000035
斜褍谢芯褔泻懈	0.000597	0.040822	0.000024
斜褍谢褜芯薪	0.002090	0.040822	0.000085
斜褍谢褜芯薪褘	0.001194	0.116534	0.000139
斜褍褉谐械褉	0.000299	0.040822	0.000012
斜褍褉谐械褉褘	0.000299	0.127833	0.000038
斜褍褉褟褌褋泻邪褟	0.000299	0.116534	0.000035
斜褍褌械褉斜褉芯写	0.001194	0.116534	0.000139
斜褍褌械褉斜褉芯写褘	0.000896	0.040822	0.000037
斜褘褋褌褉芯	0.001194	0.094311	0.000113
斜褘褋褌褉芯泄	0.000299	0.116534	0.000035
斜褘褋褌褉褘泄	0.000896	0.105361	0.000094
斜褜械褌	0.000299	3.506558	0.001047
胁邪卸薪褘械	0.000299	0.116534	0.000035
胁邪谢谢懈泄褋泻邪褟	0.000299	0.116534	0.000035
胁邪褉械薪懈泻懈	0.000299	0.116534	0.000035
胁邪褉械薪褜械	0.000597	0.040822	0.000024
胁邪褉懈邪薪褌	0.000597	0.562119	0.000336
胁邪褋邪斜懈	0.000597	3.912023	0.002336
胁邪褌褉褍褕泻懈	0.000299	0.040822	0.000012
胁邪褎谢懈	0.000597	0.040822	0.000024
胁邪褕械泄	0.000597	0.040822	0.000024
胁胁芯写褟	0.000299	0.040822	0.000012
胁写芯褏薪芯胁械薪懈械	0.001194	0.116534	0.000139
胁写芯褏薪芯胁械薪懈械屑	0.000597	0.116534	0.000070
胁写芯褏薪芯胁谢褟泄褋褟	0.000299	0.116534	0.000035
胁械谐械褌邪褉懈邪薪褋泻懈械	0.000299	0.127833	0.000038
胁械谐械褌邪褉懈邪薪褋泻芯械	0.000299	0.116534	0.000035
胁械谢懈泻懈泄	0.000299	0.116534	0.000035
胁械谢懈泻芯谢械锌薪芯械	0.000299	4.605170	0.001375
胁械薪谐械褉褋泻邪褟	0.000299	0.116534	0.000035
胁械褋械薪薪械械	0.000299	3.912023	0.001168
胁械褋械薪薪懈械	0.000299	0.051293	0.000015
胁械褋薪邪	0.001493	0.116534	0.000174
胁械褋薪褘	0.000299	0.116534	0.000035
胁械褌褔懈薪褘	0.000299	0.105361	0.000031
胁懈写械	0.000896	1.171183	0.001049
胁懈写械芯	0.000597	0.116534	0.000070
胁懈写械芯褉械褑械锌褌褘	0.000299	0.301105	0.000090
胁懈薪芯	0.000597	0.040822	0.000024
胁懈薪褍	0.000299	3.506558	0.001047
胁泻谢褞褔邪褞褖懈褏	0.000299	0.634878	0.000190
胁泻褍褋	0.001493	0.105361	0.000157
胁泻褍褋邪	0.002388	0.116534	0.000278
胁泻褍褋薪邪褟	0.001493	0.061875	0.000092
胁泻褍褋薪械械	0.000597	0.116534	0.000070
胁泻褍褋薪械泄	0.000299	0.116534	0.000035
胁泻褍褋薪芯	0.001194	0.094311	0.000113
胁泻褍褋薪芯械	0.000299	0.994252	0.000297
胁泻褍褋薪芯泄	0.000597	1.609438	0.000961
胁泻褍褋薪褘械	0.001493	0.105361	0.000157
胁泻褍褋芯屑	0.000299	0.105361	0.000031
胁谢褞斜谢械薪薪褘褏	0.000299	0.116534	0.000035
胁屑械褋褌械	0.000299	0.916291	0.000274
胁薪邪褔邪谢械	0.001194	0.248461	0.000297
胁薪褍褌褉懈	0.000299	1.469676	0.000439
胁芯	0.001493	0.061875	0.000092
胁芯写邪	0.001791	0.287682	0.000515
胁芯写械	0.000299	0.105361	0.000031
胁芯泄褌懈	0.000299	0.000000	0.000000
胁芯谢芯胁邪薪褘	0.000299	0.116534	0.000035
胁芯谢褕械斜薪褘械	0.000299	0.116534	0.000035
胁芯谢褕械斜褋褌胁芯	0.000299	0.116534	0.000035
胁芯锌褉芯褋褘	0.000299	0.000000	0.000000
胁芯褋褌芯褔薪邪褟	0.000299	0.127833	0.000038
胁芯褋褏懈褌懈褌械谢褜薪芯	0.000299	3.912023	0.001168
胁芯褋褏懈褌懈褌械谢褜薪褘	0.000299	3.218876	0.000961
胁芯褋褏懈褌懈褌械谢褜薪褘械	0.000299	4.605170	0.001375
胁锌械褉胁褘械	0.000299	1.560648	0.000466
胁褉械屑械薪邪	0.000299	0.116534	0.000035
胁褉械屑械薪械屑	0.001791	0.116534	0.000209
胁褉械屑褟	0.000597	0.400478	0.000239
胁褋械谐写邪	0.000597	0.653926	0.000390
胁褋械谐芯	0.000597	0.186330	0.000111
胁褋械泄	0.000896	0.105361	0.000094
胁褋械屑褍	0.000299	0.061875	0.000018
胁褋锌芯屑薪懈褌褜	0.000299	0.040822	0.000012
胁褌芯褉芯械	0.000299	0.116534	0.000035
胁褌芯褉芯泄	0.000299	2.813411	0.000840
胁褌芯褉褘械	0.000299	0.127833	0.000038
胁褌芯褉褘褏	0.000299	2.407946	0.000719
胁褏芯写	0.000896	0.030459	0.000027
胁褘泄褌懈	0.000299	0.040822	0.000012
胁褘锌械褔泻邪	0.003881	0.040822	0.000158
胁褘锌械褔泻懈	0.001194	0.072571	0.000087
胁褘锌械褔泻芯泄	0.000299	0.116534	0.000035
胁褜械褌薪邪屑褋泻邪褟	0.000299	0.116534	0.000035
谐邪胁邪泄褋泻邪褟	0.000299	0.116534	0.000035
谐邪褉邪卸芯屑	0.000299	1.078810	0.000322
谐邪褉薪懈褉	0.001493	0.040822	0.000061
谐邪褋锌邪褔芯	0.000299	0.040822	0.000012
谐邪褋褌褉芯薪芯屑邪	0.000299	3.912023	0.001168
谐械芯谐褉邪褎懈褟	0.000299	0.116534	0.000035
谐谢邪胁薪芯械	0.000299	1.139434	0.000340
谐谢邪胁薪褘泄	0.000299	0.040822	0.000012
谐谢邪蟹褍褉褜	0.000896	0.040822	0.000037
谐谢懈薪褌胁械泄薪	0.000299	0.040822	0.000012
谐芯胁褟写懈薪褘	0.001194	0.116534	0.000139
谐芯写	0.002985	0.105361	0.000315
谐芯写邪	0.004478	0.248461	0.001113
谐芯谢谢邪薪写褋泻邪褟	0.000299	0.116534	0.000035
谐芯褉芯写邪	0.000299	0.116534	0.000035
谐芯褉芯褏	0.000299	0.116534	0.000035
谐芯褉芯褕械泻	0.000597	2.407946	0.001438
谐芯褉褔懈褑邪	0.000597	0.040822	0.000024
谐芯褉褔懈褑邪屑懈	0.000299	0.127833	0.000038
谐芯褉褕芯褔泻邪褏	0.000299	0.105361	0.000031
谐芯褉褕芯褔泻械	0.000299	0.040822	0.000012
谐芯褉褟褔械谐芯	0.000299	3.218876	0.000961
谐芯褉褟褔械械	0.000597	0.116534	0.000070
谐芯褉褟褔懈械	0.011642	0.105361	0.001227
谐芯褉褟褔懈泄	0.000896	0.116534	0.000104
谐芯褋褌械泄	0.000299	1.272966	0.000380
谐芯褋褌懈	0.000597	0.116534	0.000070
谐芯褌芯胁	0.000299	2.207275	0.000659
谐芯褌芯胁懈谢邪	0.000299	0.733969	0.000219
谐芯褌芯胁懈屑	0.001791	0.094311	0.000169
谐芯褌芯胁懈褌褜	0.001493	0.105361	0.000157
谐芯褌芯胁褜	0.000597	0.116534	0.000070
谐芯褌芯胁褜褌械	0.000299	2.407946	0.000719
谐芯褌芯胁褟褌	0.000299	0.116534	0.000035
谐芯褌芯胁褟褌褋褟	0.000597	1.660731	0.000991
谐褉械薪泻懈	0.000597	0.040822	0.000024
谐褉械褑泻懈械	0.001194	1.469676	0.001755
谐褉械褔械褋泻邪褟	0.000299	0.116534	0.000035
谐褉械褔泻邪	0.000299	0.040822	0.000012
谐褉懈斜邪屑懈	0.001194	0.105361	0.000126
谐褉懈斜薪褘械	0.000597	0.040822	0.000024
谐褉懈斜芯胁	0.001194	0.116534	0.000139
谐褉懈斜褘	0.001493	0.040822	0.000061
谐褉懈谢械	0.001493	0.116534	0.000174
谐褉懈谢褜	0.000299	0.116534	0.000035
谐褉懈谢褜屑邪薪懈褟	0.000299	0.116534	0.000035
谐褉懈谢褟	0.001194	0.116534	0.000139
谐褉芯谐	0.000299	0.040822	0.000012
谐褉褍蟹懈薪褋泻邪褟	0.000299	0.116534	0.000035
谐褉褍锌锌褘	0.000299	0.061875	0.000018
谐褍褉屑邪薪懈褟	0.001791	0.116534	0.000209
谐褍褉屑械	0.000299	0.127833	0.000038
谐褍褋褟	0.000597	0.105361	0.000063
写邪械褌	0.000299	0.040822	0.000012
写邪薪薪褘械	0.000299	0.040822	0.000012
写邪褉褘	0.000299	0.116534	0.000035
写邪褌械	0.000597	0.248461	0.000148
写邪褌褋泻邪褟	0.000299	0.116534	0.000035
写邪褔薪芯械	0.000896	0.116534	0.000104
写械泻邪斜褉褟	0.000597	0.597837	0.000357
写械泻芯褉	0.000299	0.127833	0.000038
写械谢邪械褌	0.000597	0.116534	0.000070
写械谢邪褌褜	0.000299	1.386294	0.000414
写械谢懈屑褋褟	0.000299	0.040822	0.000012
写械谢芯	0.000299	1.386294	0.000414
写械谢芯屑	0.000299	0.116534	0.000035
写械薪褜	0.000896	0.083382	0.000075
写械褋械褉褌	0.001194	0.116534	0.000139
写械褋械褉褌邪褑懈褟	0.000299	0.116534	0.000035
写械褋械褉褌薪褘械	0.000299	0.116534	0.000035
写械褋械褉褌褘	0.004478	0.040822	0.000183
写械褌械泄	0.000299	0.116534	0.000035
写卸械屑	0.000299	0.040822	0.000012
写蟹械薪	0.000299	0.116534	0.000035
写懈械褌邪	0.000299	0.116534	0.000035
写懈械褌褘	0.000299	0.116534	0.000035
写懈泻懈泄	0.000597	0.116534	0.000070
写懈泻芯谐芯	0.000299	0.116534	0.000035
写懈锌	0.000299	0.116534	0.000035
写懈锌邪屑懈	0.000299	3.912023	0.001168
写懈褔懈	0.000597	0.116534	0.000070
写懈褔褜	0.000299	0.116534	0.000035
写薪械胁薪懈泻邪褏	0.000299	0.061875	0.000018
写薪械泄	0.000896	0.116534	0.000104
写薪褟	0.000597	0.040822	0.000024
写芯斜邪胁谢械薪懈褟屑	0.000299	0.274437	0.000082
写芯斜邪胁谢褟褌褜	0.000299	0.040822	0.000012
写芯斜邪胁褜	0.000299	0.116534	0.000035
写芯斜褉芯褎谢芯褌	0.000299	0.127833	0.000038
写芯胁械谢芯褋褜	0.000299	4.605170	0.001375
写芯胁械褉褟械褕褜	0.000299	0.116534	0.000035
写芯谢谐芯	0.000299	1.514128	0.000452
写芯屑	0.002687	0.040822	0.000110
写芯屑邪褕薪械械	0.000896	0.040822	0.000037
写芯屑邪褕薪懈械	0.000597	0.040822	0.000024
写芯屑邪褕薪懈泄	0.001493	0.116534	0.000174
写芯屑邪褕薪懈褏	0.000299	1.714798	0.000512
写芯屑邪褕薪褟褟	0.000597	0.105361	0.000063
写芯屑芯胁	0.000299	0.040822	0.000012
写芯褋褌褍锌薪褘械	0.000299	3.912023	0.001168
写褉邪泄胁	0.001493	0.127833	0.000191
写褉芯卸卸械胁芯械	0.000299	0.116534	0.000035
写褉褍谐懈屑懈	0.000299	0.040822	0.000012
写褉褍蟹械泄	0.000299	1.514128	0.000452
写褉褍蟹褜褟	0.000299	1.966113	0.000587
写褉褍蟹褜褟屑懈	0.000299	2.040221	0.000609
写褍屑邪谢邪	0.000299	1.272966	0.000380
写褍褏芯胁泻邪	0.001194	0.127833	0.000153
写褍褕懈	0.000896	0.105361	0.000094
械胁褉械泄褋泻邪褟	0.000299	0.116534	0.000035
械谐懈锌械褌褋泻邪褟	0.000299	0.116534	0.000035
械写懈薪褘泄	0.000299	0.040822	0.000012
械写芯泄	0.000299	3.506558	0.001047
械写褘	0.000299	2.525729	0.000754
械泻芯	0.000299	0.127833	0.000038
卸邪褉泻芯械	0.000299	0.040822	0.000012
卸械谢邪褌懈薪	0.000597	1.427116	0.000852
卸械谢械	0.000896	0.040822	0.000037
卸械薪褋泻邪褟	0.000299	0.127833	0.000038
卸械薪褋泻芯屑	0.000299	0.061875	0.000018
卸械薪褖懈薪褘	0.000597	0.116534	0.000070
卸懈蟹薪懈	0.000299	0.040822	0.000012
卸懈蟹薪褜	0.000299	0.116534	0.000035
卸褍谢褜械薪	0.000299	0.040822	0.000012
卸褍褉薪邪谢邪	0.000597	0.127833	0.000076
卸褞谢褜械薪	0.000299	0.040822	0.000012
蟹邪胁邪褉薪芯械	0.000299	0.116534	0.000035
蟹邪胁邪褉薪芯泄	0.000299	0.116534	0.000035
蟹邪胁褌褉邪泻	0.002687	0.094311	0.000253
蟹邪胁褌褉邪泻邪	0.000299	2.995732	0.000894
蟹邪胁褌褉邪泻懈	0.000299	0.127833	0.000038
蟹邪谐谢褟写褘胁邪泄褌械	0.000299	4.605170	0.001375
蟹邪谐芯褌芯胁泻懈	0.001493	0.040822	0.000061
蟹邪写邪胁邪褌褜	0.000299	0.040822	0.000012
蟹邪泄褑邪	0.000597	0.116534	0.000070
蟹邪泻胁邪褋泻邪	0.000299	0.040822	0.000012
蟹邪泻胁邪褋泻邪屑懈	0.000299	0.116534	0.000035
蟹邪泻胁邪褋芯泻	0.000299	0.127833	0.000038
蟹邪泻褉褘褌褘泄	0.000597	0.116534	0.000070
蟹邪泻褍褋泻懈	0.010448	0.040822	0.000426
蟹邪泻褍褋泻褍	0.001493	0.116534	0.000174
蟹邪泻褍褋芯薪褔懈泻	0.000299	0.116534	0.000035
蟹邪泻褍褋芯褔泻邪	0.000299	0.116534	0.000035
蟹邪泻褍褋芯褔薪褘械	0.003284	0.116534	0.000383
蟹邪泻褍褋芯褔薪褘褏	0.000299	3.218876	0.000961
蟹邪谢懈胁薪芯械	0.000597	0.040822	0.000024
蟹邪屑芯褉芯蟹泻邪	0.000597	0.105361	0.000063
蟹邪锌邪写	0.000299	0.116534	0.000035
蟹邪锌械泻邪薪泻邪	0.001194	0.105361	0.000126
蟹邪锌械泻邪薪泻懈	0.002090	0.040822	0.000085
蟹邪锌械褔械薪薪邪褟	0.000299	2.120264	0.000633
蟹邪锌褉邪胁泻邪	0.000597	0.040822	0.000024
蟹邪褉械谐懈褋褌褉懈褉芯胁邪胁褕懈褋褜	0.000299	0.040822	0.000012
蟹邪褉械谐懈褋褌褉懈褉芯胁邪褌褜褋褟	0.000299	0.030459	0.000009
蟹邪褋芯谢泻邪	0.000299	0.116534	0.000035
蟹邪褏芯写懈褌械	0.000299	0.755023	0.000225
蟹胁邪薪褘泄	0.000299	0.127833	0.000038
蟹胁械蟹写邪	0.000299	0.127833	0.000038
蟹胁褢蟹写薪褘械	0.000299	0.116534	0.000035
蟹写芯褉芯胁芯械	0.000299	0.116534	0.000035
蟹写芯褉芯胁褘泄	0.000299	0.116534	0.000035
蟹械谢械薪褘泄	0.000597	1.021651	0.000610
蟹械谢械薪褜	0.000299	0.094311	0.000028
蟹械褎懈褉	0.000299	0.040822	0.000012
蟹懈屑薪懈械	0.000299	0.051293	0.000015
蟹懈屑褍	0.001194	0.040822	0.000049
蟹薪邪泻芯屑褘械	0.000299	2.813411	0.000840
蟹薪邪泻芯屑褘泄	0.000299	2.813411	0.000840
蟹薪邪褞褌	0.000299	2.525729	0.000754
蟹芯胁懈褌械	0.000299	3.912023	0.001168
蟹芯谢芯褌邪褟	0.000299	0.116534	0.000035
懈胁邪薪芯胁邪	0.000299	0.127833	0.000038
懈写械邪谢褜薪邪褟	0.000299	0.116534	0.000035
懈写械邪谢褜薪芯谐芯	0.001493	0.116534	0.000174
懈写械邪谢褜薪芯械	0.000299	0.116534	0.000035
懈写械泄泻懈	0.000299	0.116534	0.000035
懈蟹胁械褋褌薪褘褏	0.000299	3.218876	0.000961
懈蟹写械谢懈褟	0.001493	0.116534	0.000174
懈蟹写械谢懈褟屑懈	0.000896	0.116534	0.000104
懈泻褉邪	0.001493	0.040822	0.000061
懈屑斜懈褉褜	0.000597	1.897120	0.001133
懈屑械薪械屑	0.000299	0.040822	0.000012
懈薪胁械褉褌芯褉薪芯泄	0.000299	0.127833	0.000038
懈薪谐褉械写懈械薪褌褘	0.009254	0.139262	0.001289
懈薪写械泄泻懈	0.001493	0.094311	0.000141
懈薪写械泄泻芯泄	0.000299	0.116534	0.000035
懈薪写懈泄褋泻邪褟	0.000299	0.116534	0.000035
懈薪写懈谢邪泄褌	0.000896	0.116534	0.000104
懈薪写懈褉械褋薪褘械	0.000299	0.116534	0.000035
懈薪褋褌褉褍泻褑懈褟屑懈	0.000299	0.040822	0.000012
懈薪褌械褉械褋薪芯	0.000299	1.660731	0.000496
懈薪褌械褉械褋薪褍褞	0.000299	4.605170	0.001375
懈薪褌械褉械褋薪褘泄	0.000299	1.897120	0.000566
懈褉邪泻褋泻邪褟	0.000299	0.116534	0.000035
懈褉邪薪褋泻邪褟	0.000299	0.116534	0.000035
懈褉谢邪薪写褋泻邪褟	0.000299	0.116534	0.000035
懈褋泻褉械薪薪械	0.000299	0.116534	0.000035
懈褋谢邪薪写褋泻邪褟	0.000299	0.116534	0.000035
懈褋锌邪薪褋泻邪褟	0.000299	0.116534	0.000035
懈褋锌械泻懈	0.000299	0.116534	0.000035
懈褋锌芯谢薪械薪懈懈	0.000299	2.813411	0.000840
懈褋锌芯谢褜蟹芯胁邪褌褜	0.000299	1.514128	0.000452
懈褋锌芯谢褜蟹褍褟	0.000299	3.506558	0.001047
懈褋褌芯褉懈懈	0.001493	0.116534	0.000174
懈褋褌芯褉懈褞	0.000299	0.116534	0.000035
懈褌邪谢懈懈	0.000597	0.105361	0.000063
懈褌邪谢褜褟薪褋泻邪褟	0.000299	0.116534	0.000035
懈褞谢褟	0.000299	0.597837	0.000178
懈褞薪褟	0.000299	0.579818	0.000173
泄芯谐褍褉褌	0.001493	0.040822	0.000061
泻邪斜邪褔泻懈	0.000299	0.040822	0.000012
泻邪胁泻邪蟹褋泻邪褟	0.000299	0.116534	0.000035
泻邪蟹邪谢芯褋褜	0.000299	1.609438	0.000480
泻邪蟹邪薪械	0.000299	0.116534	0.000035
泻邪蟹邪褏褋泻邪褟	0.000299	0.116534	0.000035
泻邪泻邪芯	0.000597	0.040822	0.000024
泻邪泻懈褏	0.000299	2.525729	0.000754
泻邪谢械泄写芯褋泻芯锌	0.001194	0.116534	0.000139
泻邪谢屑褘褑泻邪褟	0.000299	0.116534	0.000035
泻邪谢褜屑邪褉	0.000299	0.040822	0.000012
泻邪屑械褉邪	0.000299	0.116534	0.000035
泻邪薪邪写褋泻邪褟	0.000299	0.116534	0.000035
泻邪薪邪谢	0.000597	0.040822	0.000024
泻邪薪邪谢械	0.000299	0.040822	0.000012
泻邪薪邪锌械	0.000597	0.040822	0.000024
泻邪锌褍褋褌邪	0.000597	0.040822	0.000024
泻邪锌褍褋褌薪褟泻	0.000299	0.040822	0.000012
泻邪锌褍褋褌褘	0.000299	0.040822	0.000012
泻邪褉邪屑械谢褜	0.000299	0.040822	0.000012
泻邪褉泻邪褋薪褘泄	0.001194	0.116534	0.000139
泻邪褉褌懈薪泻邪	0.000299	3.912023	0.001168
泻邪褉褌芯褎械谢褜	0.001493	0.040822	0.000061
泻邪褉褌芯褎械谢褜薪芯械	0.000299	0.040822	0.000012
泻邪褉褌芯褎械谢褜薪褘泄	0.000299	0.116534	0.000035
泻邪褉褌芯褕泻邪	0.000597	0.040822	0.000024
泻邪褌	0.000299	4.605170	0.001375
泻邪褌械谐芯褉懈懈	0.000299	0.116534	0.000035
泻邪褌械谐芯褉懈褟	0.004478	0.150823	0.000675
泻邪褔械褋褌胁械	0.000299	1.609438	0.000480
泻邪褔械褋褌胁芯	0.000299	0.116534	0.000035
泻邪褕邪	0.000299	0.040822	0.000012
泻邪褕懈	0.001493	0.105361	0.000157
泻邪褕褍	0.000299	0.094311	0.000028
泻胁邪褋	0.000896	0.040822	0.000037
泻胁邪褋薪芯械	0.000896	0.116534	0.000104
泻胁邪褋芯屑	0.000299	0.127833	0.000038
泻械泻褋	0.000299	0.040822	0.000012
泻械泻褋褘	0.000597	0.116534	0.000070
泻械褎懈褉	0.000299	0.040822	0.000012
泻懈屑褔懈	0.000299	0.040822	0.000012
泻懈薪芯邪	0.000597	0.127833	0.000076
泻懈薪芯谢械薪褌邪	0.000299	0.116534	0.000035
泻懈褋械谢褜	0.000597	0.040822	0.000024
泻懈褌邪泄褋泻邪褟	0.000299	0.116534	0.000035
泻谢邪褋褋	0.002388	0.116534	0.000278
泻谢邪褋褋褘	0.000299	0.116534	0.000035
泻薪懈谐褍	0.000597	0.040822	0.000024
泻芯泻褌械泄谢懈	0.000299	0.127833	0.000038
泻芯泻褌械泄谢褜	0.001493	0.040822	0.000061
泻芯谢斜邪褋邪	0.000896	0.040822	0.000037
泻芯谢斜邪褋薪褘屑懈	0.000896	0.116534	0.000104
泻芯屑邪薪写邪	0.000597	0.127833	0.000076
泻芯屑懈	0.000299	0.116534	0.000035
泻芯屑屑械薪褌邪褉懈械胁	0.000299	0.223144	0.000067
泻芯屑锌邪薪懈懈	0.000597	3.218876	0.001922
泻芯屑锌邪薪懈泄	0.000299	0.105361	0.000031
泻芯屑锌芯褌	0.000896	0.040822	0.000037
泻芯屑褍	0.000299	1.347074	0.000402
泻芯薪械褔薪芯	0.000299	0.527633	0.000158
泻芯薪懈薪褘	0.000299	0.116534	0.000035
泻芯薪泻褍褉褋	0.063881	0.105361	0.006730
泻芯薪泻褍褉褋邪	0.000299	0.116534	0.000035
泻芯薪泻褍褉褋邪褏	0.000299	0.040822	0.000012
泻芯薪泻褍褉褋薪褘械	0.000299	0.127833	0.000038
泻芯薪褋械褉胁懈褉芯胁邪薪懈械	0.000299	0.040822	0.000012
泻芯薪褋械褉胁懈褉芯胁邪薪薪邪褟	0.000299	0.116534	0.000035
泻芯薪褋械褉胁懈褉芯胁邪薪薪芯械	0.000299	0.116534	0.000035
泻芯薪褋械褉胁懈褉芯胁邪薪薪褘械	0.000597	0.116534	0.000070
泻芯薪褋械褉胁懈褉芯胁邪薪薪褘泄	0.000299	0.116534	0.000035
泻芯薪褎械褌泻懈	0.000299	2.995732	0.000894
泻芯薪褎械褌芯泻	0.000299	4.605170	0.001375
泻芯薪褎械褌褌懈	0.000299	0.116534	0.000035
泻芯薪褎械褌褘	0.002090	0.040822	0.000085
泻芯薪褎懈写械薪褑懈邪谢褜薪芯褋褌懈	0.000299	0.040822	0.000012
泻芯薪褎懈褌褞褉	0.000299	0.040822	0.000012
泻芯锌褔械薪芯褋褌褟屑懈	0.000299	0.116534	0.000035
泻芯褉械泄褋泻邪褟	0.000299	0.116534	0.000035
泻芯褉械泄褋泻懈	0.000299	0.040822	0.000012
泻芯褉卸懈泻懈	0.000299	0.040822	0.000012
泻芯褉懈褔薪械胁褘泄	0.000597	1.386294	0.000828
泻芯褉屑褟褖懈褏	0.000299	0.116534	0.000035
泻芯褉芯褌泻懈泄	0.000299	3.912023	0.001168
泻芯褉芯褔泻芯泄	0.000299	1.771957	0.000529
泻芯褌谢械褌褘	0.000896	0.040822	0.000037
泻芯褌芯褉芯谐芯	0.000299	2.120264	0.000633
泻芯褌芯褉芯屑褍	0.000597	0.116534	0.000070
泻芯褌芯褉褘褏	0.000299	2.525729	0.000754
泻芯褎械	0.000597	0.040822	0.000024
泻褉邪斜芯胁芯械	0.000597	3.912023	0.002336
泻褉邪泄薪械	0.000299	3.912023	0.001168
泻褉邪褋泻懈	0.000299	0.116534	0.000035
泻褉邪褋薪褘屑	0.000299	3.912023	0.001168
泻褉邪褏屑邪谢	0.000597	0.891598	0.000532
泻褉械邪褌懈胁	0.000299	0.127833	0.000038
泻褉械胁械褌泻懈	0.000597	2.407946	0.001438
泻褉械屑	0.000299	0.040822	0.000012
泻褉械屑邪	0.000597	0.116534	0.000070
泻褉械锌泻懈泄	0.000299	0.116534	0.000035
泻褉芯谢懈泻邪	0.000597	0.116534	0.000070
泻褉芯屑械	0.000597	0.061875	0.000037
泻褉芯褏懈	0.000299	0.116534	0.000035
泻褉褍谐褍	0.000597	0.116534	0.000070
泻褉褍锌	0.001791	0.116534	0.000209
泻褉褍锌邪	0.000299	0.127833	0.000038
泻褉褍锌褘	0.000597	0.127833	0.000076
泻褉褍锌褟薪褘械	0.000299	0.116534	0.000035
泻褉褘谢褘褕泻懈	0.001493	2.995732	0.004471
泻褉褘谢褜褟	0.000597	2.995732	0.001788
泻褋褌邪褌懈	0.000299	1.237874	0.000370
泻褍斜懈薪褋泻邪褟	0.000299	0.116534	0.000035
泻褍泻褍褉褍蟹薪褘泄	0.000597	2.995732	0.001788
泻褍谢械褕	0.000299	0.040822	0.000012
泻褍谢懈薪邪褉懈懈	0.000896	0.094311	0.000084
泻褍谢懈薪邪褉薪邪褟	0.000299	0.116534	0.000035
泻褍谢懈薪邪褉薪芯械	0.000299	0.116534	0.000035
泻褍谢懈薪邪褉薪褍褞	0.000597	0.040822	0.000024
泻褍谢懈薪邪褉薪褘泄	0.000299	0.072571	0.000022
泻褍谢懈薪邪褉薪褘褏	0.000299	0.116534	0.000035
泻褍谢懈褔	0.000299	0.040822	0.000012
泻褍谢懈褔懈	0.000299	0.116534	0.000035
泻褍谢褜褌芯胁褘褏	0.000299	3.912023	0.001168
泻褍薪卸褍褌	0.001194	0.994252	0.001187
泻褍褉写褋泻邪褟	0.000299	0.116534	0.000035
泻褍褉懈薪芯谐芯	0.000299	0.116534	0.000035
泻褍褉懈薪芯械	0.002687	0.127833	0.000343
泻褍褉懈薪褘械	0.000597	1.832581	0.001094
泻褍褉懈薪褘泄	0.000299	0.105361	0.000031
泻褍褉懈褑邪	0.000896	0.040822	0.000037
泻褍褉懈褑褍	0.000299	2.407946	0.000719
泻褍褉懈褑褘	0.001194	0.116534	0.000139
泻褍褉芯褔泻芯泄	0.000299	0.116534	0.000035
泻褍褋泻褍褋	0.000299	0.040822	0.000012
泻褍褋芯褔泻邪	0.000299	1.897120	0.000566
泻褍褏薪械泄	0.000299	0.040822	0.000012
泻褍褏薪懈	0.000896	0.040822	0.000037
泻褍褏薪褟	0.000896	0.116534	0.000104
谢邪胁邪褕	0.001194	0.040822	0.000049
谢邪胁邪褕邪	0.002090	0.116534	0.000244
谢邪谐屑邪薪	0.000299	0.040822	0.000012
谢邪泻芯屑褋褌胁芯	0.000299	0.116534	0.000035
谢邪锌褕邪	0.000597	0.040822	0.000024
谢邪褉械写芯	0.000299	4.605170	0.001375
谢邪褌褘褕褋泻邪褟	0.000299	0.116534	0.000035
谢械谐泻邪褟	0.000299	0.116534	0.000035
谢械谐泻懈泄	0.000597	0.116534	0.000070
谢械谐泻芯	0.002090	0.116534	0.000244
谢械锌械褕泻懈	0.000597	0.040822	0.000024
谢械褌邪	0.000299	0.116534	0.000035
谢械褌薪懈械	0.000299	0.040822	0.000012
谢械褌薪褟褟	0.000299	0.116534	0.000035
谢械褌芯	0.001493	0.116534	0.000174
谢械褔芯	0.000299	0.040822	0.000012
谢懈谐邪	0.000896	0.116534	0.000104
谢懈泻械褉	0.000299	0.040822	0.000012
谢懈屑芯薪	0.000597	1.203973	0.000719
谢懈屑芯薪邪写	0.000597	0.040822	0.000024
谢懈屑芯薪薪褘泄	0.000597	0.798508	0.000477
谢懈褌芯胁褋泻	0.000299	0.127833	0.000038
谢懈褌芯胁褋泻邪褟	0.000299	0.116534	0.000035
谢懈褔薪芯	0.000299	2.995732	0.000894
谢芯褋芯褋褜	0.001194	3.218876	0.003843
谢褍泻	0.001194	0.301105	0.000360
谢褍褔褕懈械	0.000299	0.116534	0.000035
谢褍褔褕懈泄	0.000597	0.040822	0.000024
谢褍褔褕懈褏	0.000299	0.116534	0.000035
谢褞斜胁懈	0.000299	0.105361	0.000031
谢褞斜懈屑芯谐芯	0.000299	0.127833	0.000038
谢褞斜懈屑芯屑褍	0.000299	0.116534	0.000035
谢褞斜懈屑褘屑	0.000299	1.469676	0.000439
谢褞斜懈屑褘褏	0.001791	0.116534	0.000209
谢褞斜懈褌械	0.000597	1.966113	0.001174
谢褞斜谢褞	0.000299	1.514128	0.000452
谢褞斜芯胁褜	0.000299	0.116534	0.000035
谢褞斜芯谐芯	0.000597	2.302585	0.001375
谢褞斜芯泄	0.000299	0.116534	0.000035
谢褞斜褟褌	0.000299	1.832581	0.000547
谢褢写	0.000299	0.127833	0.000038
屑邪谐褉懈斜邪	0.000299	0.116534	0.000035
屑邪泄	0.000299	0.116534	0.000035
屑邪泄芯薪械蟹	0.001493	0.116534	0.000174
屑邪泻邪褉芯薪薪褘械	0.000299	0.116534	0.000035
屑邪泻邪褉芯薪褘	0.000299	0.040822	0.000012
屑邪谢邪蟹懈泄褋泻邪褟	0.000299	0.116534	0.000035
屑邪薪薪懈泻	0.000299	0.040822	0.000012
屑邪薪褌褘	0.000299	0.116534	0.000035
屑邪薪褢胁褉褘	0.000299	0.116534	0.000035
屑邪褉邪褎芯薪	0.000896	0.116534	0.000104
屑邪褉懈薪邪写	0.002687	0.040822	0.000110
屑邪褉懈薪邪写褘	0.000896	0.116534	0.000104
屑邪褉懈薪芯胁邪薪薪褘械	0.000299	0.116534	0.000035
屑邪褉屑械谢邪写	0.000299	0.040822	0.000012
屑邪褉芯泻泻邪薪褋泻邪褟	0.000299	0.116534	0.000035
屑邪褉褌邪	0.002090	0.105361	0.000220
屑邪褋泻邪褉锌芯薪械	0.000299	0.040822	0.000012
屑邪褋谢械薪懈褑邪	0.000896	0.040822	0.000037
屑邪褋谢械薪懈褔薪芯械	0.000299	0.116534	0.000035
屑邪褋谢芯	0.004478	0.116534	0.000522
屑邪褋谢芯屑	0.000299	0.116534	0.000035
屑邪褋褌械褉	0.002687	0.116534	0.000313
屑邪褋褌懈泻邪	0.000299	0.040822	0.000012
屑邪褋褌懈泻懈	0.000299	0.116534	0.000035
屑邪褎褎懈薪褘	0.000299	0.116534	0.000035
屑邪褏械械胁褗	0.001194	0.116534	0.000139
屑邪褕懈薪褘	0.000299	2.407946	0.000719
屑械写懈邪褎芯褉褌	0.000896	0.000000	0.000000
屑械写芯胁褘泄	0.000299	0.116534	0.000035
屑械泻褋懈泻邪薪褋泻邪褟	0.000299	0.116534	0.000035
屑械薪褞	0.000597	0.116534	0.000070
屑械薪褟	0.000896	0.083382	0.000075
屑械薪褟械褌褋褟	0.000299	0.116534	0.000035
屑械褔褌邪	0.000299	0.116534	0.000035
屑械褔褌褘	0.000597	0.040822	0.000024
屑械褕邪谢芯	0.000299	4.605170	0.001375
屑懈谐	0.000299	4.605170	0.001375
屑懈写懈懈	0.000299	0.040822	0.000012
屑懈泻褉芯胁芯谢薪芯胁泻械	0.000597	0.116534	0.000070
屑懈谢褜械	0.000299	0.116534	0.000035
屑懈薪写邪谢褜	0.000597	2.040221	0.001218
屑懈薪褍褌褍	0.000597	2.659260	0.001588
屑懈薪褍褌褘	0.000299	1.171183	0.000350
屑懈芯	0.000299	0.116534	0.000035
屑懈褉	0.000299	0.116534	0.000035
屑懈褉邪	0.000299	0.116534	0.000035
屑懈褉械	0.000299	2.659260	0.000794
屑懈褉芯胁邪褟	0.000299	0.116534	0.000035
屑懈褋芯	0.000299	0.040822	0.000012
屑懈褋褌械褉懈褟	0.000299	0.116534	0.000035
屑懈褋褌褉邪谢褜	0.002090	0.116534	0.000244
屑屑屑屑	0.000299	2.995732	0.000894
屑薪芯谐懈械	0.000597	1.309333	0.000782
屑薪芯卸械褋褌胁芯屑	0.000597	0.040822	0.000024
屑芯谐褍	0.000299	0.798508	0.000238
屑芯械	0.000299	0.116534	0.000035
屑芯械谐芯	0.000299	1.771957	0.000529
屑芯卸械褌械	0.000299	0.000000	0.000000
屑芯懈	0.000299	1.078810	0.000322
屑芯泄	0.000896	0.105361	0.000094
屑芯谢写邪胁褋泻邪褟	0.000299	0.116534	0.000035
屑芯谢芯泻械	0.000299	0.105361	0.000031
屑芯谢芯泻芯	0.001493	0.116534	0.000174
屑芯谢芯褔薪褘泄	0.000597	0.040822	0.000024
屑芯谢芯褔薪褘褏	0.000299	0.116534	0.000035
屑芯屑械薪褌	0.000896	0.116534	0.000104
屑芯薪谐芯谢褜褋泻邪褟	0.000299	0.116534	0.000035
屑芯褉械	0.000299	0.116534	0.000035
屑芯褉械锌褉芯写褍泻褌芯胁	0.004776	0.040822	0.000195
屑芯褉械锌褉芯写褍泻褌褘	0.000597	0.116534	0.000070
屑芯褉泻芯胁褜	0.001493	0.040822	0.000061
屑芯褉泻芯胁褜褞	0.000299	3.218876	0.000961
屑芯褉芯卸械薪芯械	0.000896	0.040822	0.000037
屑芯褉褋	0.000299	0.040822	0.000012
屑芯褉褋褘	0.000299	0.116534	0.000035
屑芯褌芯褉	0.000299	0.116534	0.000035
屑芯褏懈褌芯	0.000299	0.040822	0.000012
屑褍卸褋泻邪褟	0.000299	0.127833	0.000038
屑褍卸褋泻芯泄	0.000299	2.813411	0.000840
屑褍卸褔懈薪褘	0.000597	0.116534	0.000070
屑褍泻邪	0.000597	0.274437	0.000164
屑褍谢褜褌懈胁邪褉泻械	0.011343	0.116534	0.001322
屑褍谢褜褌懈锌械泻邪褉械泄	0.000896	0.116534	0.000104
屑褍褋褋	0.000299	0.040822	0.000012
屑褍褋褋褘	0.000597	0.116534	0.000070
屑褍褔薪褘械	0.000299	0.116534	0.000035
屑褞褋谢懈	0.000597	0.116534	0.000070
屑褟谐泻懈泄	0.009851	1.386294	0.013656
屑褟谐泻懈屑懈	0.000299	3.218876	0.000961
屑褟褋邪	0.002687	0.116534	0.000313
屑褟褋薪芯谐芯	0.000597	0.116534	0.000070
屑褟褋薪芯泄	0.000896	0.116534	0.000104
屑褟褋薪褘械	0.001791	0.040822	0.000073
屑褟褋薪褘褏	0.000896	0.116534	0.000104
屑褟褋芯	0.002985	0.040822	0.000122
屑褟褋芯屑	0.001493	0.040822	0.000061
屑褟褋褍	0.000597	0.116534	0.000070
薪邪胁械褋芯屑	0.000299	2.525729	0.000754
薪邪蟹薪邪褔械薪懈褟	0.000299	0.116534	0.000035
薪邪谢懈胁泻邪	0.000299	0.040822	0.000012
薪邪锌懈褌泻懈	0.001791	0.040822	0.000073
薪邪锌懈褌芯泻	0.000299	0.040822	0.000012
薪邪锌褉懈屑械褉	0.000299	1.771957	0.000529
薪邪褉械蟹邪薪薪褘屑懈	0.000299	3.912023	0.001168
薪邪褋谢邪卸写邪泄褌械褋褜	0.000299	3.912023	0.001168
薪邪褋褌芯泄泻邪	0.000299	0.040822	0.000012
薪邪褋褌芯褟褖邪褟	0.000299	2.207275	0.000659
薪邪褋褌褉芯械薪懈械	0.000299	0.116534	0.000035
薪邪褍褔懈褌褋褟	0.000299	4.605170	0.001375
薪邪褑懈芯薪邪谢褜薪褘械	0.000299	0.116534	0.000035
薪邪褔懈薪泻邪	0.000597	0.040822	0.000024
薪邪褔懈薪泻芯泄	0.000299	0.116534	0.000035
薪邪褕械屑	0.000299	0.040822	0.000012
薪邪褕懈	0.000299	0.061875	0.000018
薪械胁械褉芯褟褌薪芯	0.000597	1.386294	0.000828
薪械写械谢褟	0.002985	0.061875	0.000185
薪械卸懈褉薪芯泄	0.000299	4.605170	0.001375
薪械卸薪芯泄	0.000299	0.116534	0.000035
薪械屑械褑泻邪褟	0.000299	0.116534	0.000035
薪械芯斜褏芯写懈屑褘械	0.000299	2.813411	0.000840
薪械芯斜褘褔薪邪褟	0.000299	3.506558	0.001047
薪械芯斜褘褔薪芯泄	0.000299	4.605170	0.001375
薪械芯卸懈写邪薪薪褘械	0.000299	0.116534	0.000035
薪械锌褉械屑械薪薪芯	0.000299	1.832581	0.000547
薪械褋谢邪写泻芯械	0.000299	0.116534	0.000035
薪械褋褔邪褋褌谢懈胁褘泄	0.000299	4.605170	0.001375
薪懈薪邪	0.000299	1.203973	0.000359
薪芯胁邪褟	0.000299	0.116534	0.000035
薪芯胁芯谐芯	0.000299	2.995732	0.000894
薪芯胁芯谐芯写薪械谐芯	0.001493	0.116534	0.000174
薪芯胁芯谐芯写薪械械	0.000896	0.116534	0.000104
薪芯胁芯谐芯写薪懈械	0.001791	0.040822	0.000073
薪芯胁芯谐芯写薪懈泄	0.002090	0.116534	0.000244
薪芯胁芯谐芯写薪褟褟	0.000299	0.105361	0.000031
薪芯胁芯褋褌褟褏	0.000299	0.061875	0.000018
薪芯胁褘械	0.000597	0.051293	0.000031
薪芯胁褘泄	0.003284	0.094311	0.000310
薪芯褉胁械卸褋泻邪褟	0.000299	0.116534	0.000035
薪芯褉懈	0.000597	3.912023	0.002336
薪芯褟斜褉褟	0.000299	0.527633	0.000158
薪褌	0.000299	2.659260	0.000794
芯斜械写	0.000896	0.105361	0.000094
芯斜械蟹褜褟薪褘	0.000299	0.116534	0.000035
芯斜褖邪褌褜褋褟	0.000299	0.040822	0.000012
芯斜褖械薪懈械屑	0.000299	3.912023	0.001168
芯斜褟蟹邪褌械谢褜薪芯	0.000299	0.967584	0.000289
芯胁芯褖邪屑懈	0.000299	0.116534	0.000035
芯胁芯褖械泄	0.005373	0.105361	0.000566
芯胁芯褖懈	0.002388	0.094311	0.000225
芯胁芯褖薪邪褟	0.000299	0.040822	0.000012
芯胁芯褖薪芯械	0.000299	0.116534	0.000035
芯胁芯褖薪芯泄	0.000597	0.105361	0.000063
芯胁芯褖薪褘械	0.001493	0.040822	0.000061
芯胁褋褟薪芯械	0.000299	0.116534	0.000035
芯谐薪械薪薪芯泄	0.000299	0.116534	0.000035
芯谐薪褟	0.000299	0.116534	0.000035
芯谐褍褉褑褘	0.000597	0.116534	0.000070
芯泻褉芯褕泻邪	0.000896	0.040822	0.000037
芯泻褌褟斜褉褟	0.000597	0.562119	0.000336
芯谢邪写褜懈	0.000896	0.040822	0.000037
芯谢械泄薪邪	0.000896	0.116534	0.000104
芯谢械泄薪芯泄	0.001194	0.116534	0.000139
芯谢械泄薪褘	0.000299	0.127833	0.000038
芯谢懈胁泻芯胁芯械	0.001194	0.544727	0.000650
芯谢褜谐邪	0.000299	1.427116	0.000426
芯屑谢械褌	0.000299	0.040822	0.000012
芯锌邪褉邪	0.000299	0.040822	0.000012
芯锌褉芯褋	0.000299	0.061875	0.000018
芯褉谐邪薪懈蟹邪屑邪	0.000299	3.506558	0.001047
芯褉械褏懈	0.001493	1.139434	0.001701
芯褋械薪薪械械	0.000299	0.116534	0.000035
芯褋械薪薪懈械	0.000299	0.051293	0.000015
芯褋械薪薪懈泄	0.000597	0.116534	0.000070
芯褋械薪褜	0.002985	0.105361	0.000315
芯褋薪芯胁薪芯械	0.000299	0.040822	0.000012
芯褋芯斜械薪薪芯	0.000896	1.469676	0.001316
芯褋褌邪械褌褋褟	0.000299	0.116534	0.000035
芯褋褌褉褘屑	0.000299	3.218876	0.000961
芯褌胁械褌懈褌褜	0.000299	0.051293	0.000015
芯褌胁械褌芯胁	0.000299	0.051293	0.000015
芯褌胁械褌褘	0.000299	0.000000	0.000000
芯褌写械谢褜薪芯械	0.000299	3.506558	0.001047
芯褌泻褉褘褌褘泄	0.000597	0.116534	0.000070
芯褌屑械薪懈褌褜	0.000299	0.040822	0.000012
芯褏谢邪写懈褌褜	0.000299	0.116534	0.000035
锌邪泻械褌懈泻邪褏	0.000299	0.105361	0.000031
锌邪谢芯褔泻懈	0.000299	0.040822	0.000012
锌邪薪懈褉芯胁泻邪	0.002388	0.116534	0.000278
锌邪薪懈褉芯胁芯褔薪褘械	0.000597	1.309333	0.000782
锌邪褉邪	0.000299	0.116534	0.000035
锌邪褉邪写	0.002090	0.116534	0.000244
锌邪褉芯胁邪褉泻械	0.002687	0.116534	0.000313
锌邪褉芯谢褜	0.000299	0.020203	0.000006
锌邪褋褌邪	0.000896	0.040822	0.000037
锌邪褋褌褉芯屑邪	0.000299	0.040822	0.000012
锌邪褋褏邪	0.000597	0.040822	0.000024
锌邪褋褏邪谢褜薪邪褟	0.000597	0.116534	0.000070
锌邪褋褏邪谢褜薪褘泄	0.000299	0.127833	0.000038
锌邪褕褌械褌	0.000299	0.040822	0.000012
锌邪褕褌械褌褘	0.000896	0.116534	0.000104
锌械泻邪褉褟	0.000299	0.127833	0.000038
锌械谢褜屑械薪懈	0.000299	0.116534	0.000035
锌械薪褌懈泻褌芯薪	0.000299	4.605170	0.001375
锌械褉胁芯械	0.000597	0.040822	0.000024
锌械褉胁褘械	0.000299	0.127833	0.000038
锌械褉胁褘屑	0.000299	0.116534	0.000035
锌械褉胁褘褏	0.000299	2.120264	0.000633
锌械褉械泄褌懈	0.000299	0.040822	0.000012
锌械褉械泻褍褋	0.000597	0.116534	0.000070
锌械褉械褑	0.000896	0.040822	0.000037
锌械褉褋芯薪褘	0.000299	0.116534	0.000035
锌械褉褍邪薪褋泻邪褟	0.000299	0.116534	0.000035
锌械褉褑械屑	0.000299	2.525729	0.000754
锌械褋薪褟	0.000299	2.407946	0.000719
锌械褋芯褔薪芯械	0.000597	0.105361	0.000063
锌械褋芯褔薪褘泄	0.000299	0.116534	0.000035
锌械褌械谢懈薪泻懈	0.000299	0.127833	0.000038
锌械褌褉褍褕泻邪	0.001791	0.693147	0.001241
锌械褔械薪芯褔薪褘泄	0.000299	0.040822	0.000012
锌械褔械薪褜械	0.002687	0.040822	0.000110
锌械褔懈	0.000299	0.127833	0.000038
锌懈胁薪褘褏	0.000299	3.912023	0.001168
锌懈胁芯	0.000597	0.116534	0.000070
锌懈泻邪薪褌褘	0.000299	0.127833	0.000038
锌懈泻薪懈泻	0.000597	0.116534	0.000070
锌懈泻薪懈泻邪	0.000299	0.116534	0.000035
锌懈泻薪懈泻褍	0.000299	0.105361	0.000031
锌懈褉	0.000299	0.116534	0.000035
锌懈褉芯谐	0.000896	0.040822	0.000037
锌懈褉芯谐懈	0.000299	0.105361	0.000031
锌懈褉芯卸泻懈	0.000896	0.040822	0.000037
锌懈褉芯卸泻芯胁	0.000299	1.966113	0.000587
锌懈褉芯卸薪芯械	0.000299	0.040822	0.000012
锌懈褉芯卸薪褘械	0.000299	0.116534	0.000035
锌懈褌邪薪懈械	0.001493	0.105361	0.000157
锌懈褑褑邪	0.000597	0.040822	0.000024
锌谢邪屑褟	0.000299	0.116534	0.000035
锌谢懈褌邪	0.001194	0.127833	0.000153
锌谢芯胁	0.000299	0.116534	0.000035
锌谢芯写褘	0.000299	0.116534	0.000035
锌芯胁邪褉械薪泻械	0.000299	0.040822	0.000012
锌芯胁邪褉械薪芯泻	0.000299	0.061875	0.000018
锌芯胁邪褉褟褌	0.000299	0.116534	0.000035
锌芯胁邪褉褟褌邪屑懈	0.000299	0.040822	0.000012
锌芯胁邪褉褢薪泻邪	0.000299	0.116534	0.000035
锌芯胁懈写谢芯	0.000299	0.040822	0.000012
锌芯写邪谢邪	0.000299	3.912023	0.001168
锌芯写邪褉泻芯胁	0.000299	0.116534	0.000035
锌芯写邪褌褜	0.000299	1.560648	0.000466
锌芯写邪褔械	0.000299	2.995732	0.000894
锌芯写邪褔褍	0.000299	4.605170	0.001375
锌芯写邪褞褌	0.000597	2.659260	0.001588
锌芯写谢懈胁邪	0.000299	0.116534	0.000035
锌芯写谢懈胁泻邪	0.000299	0.040822	0.000012
锌芯写芯斜薪芯械	0.000299	3.218876	0.000961
锌芯写锌懈褋邪褌褜褋褟	0.000299	0.040822	0.000012
锌芯写锌懈褕懈褌械褋褜	0.000597	0.040822	0.000024
锌芯写褋芯谢薪械褔薪芯械	0.000597	1.347074	0.000804
锌芯械写懈薪泻懈	0.004179	0.116534	0.000487
锌芯蟹写褉邪胁褜	0.000299	0.116534	0.000035
锌芯懈褋泻	0.000299	0.051293	0.000015
锌芯泻邪卸褍	0.000299	2.813411	0.000840
锌芯泻褉芯褞褌褋褟	0.000299	4.605170	0.001375
锌芯泻褍锌邪泄褌械	0.000299	3.912023	0.001168
锌芯谢谐芯写邪	0.000299	3.912023	0.001168
锌芯谢写薪懈泻	0.000597	0.116534	0.000070
锌芯谢械蟹薪芯	0.000299	0.116534	0.000035
锌芯谢懈褌懈泻芯泄	0.000299	0.040822	0.000012
锌芯谢芯胁懈薪邪	0.002388	0.116534	0.000278
锌芯谢褍褎邪斜褉懈泻邪褌褘	0.000299	3.506558	0.001047
锌芯谢褍褔邪械褌褋褟	0.000299	0.400478	0.000120
锌芯谢褍褔邪泄褌械	0.000299	0.040822	0.000012
锌芯谢褍褔邪褌褜	0.000299	0.040822	0.000012
锌芯谢褍褔懈谢芯褋褜	0.000299	0.994252	0.000297
锌芯谢褜蟹邪	0.000299	0.127833	0.000038
锌芯谢褜蟹芯泄	0.001194	0.116534	0.000139
锌芯谢褜褋泻邪褟	0.000299	0.116534	0.000035
锌芯屑邪写泻邪	0.000597	0.040822	0.000024
锌芯屑邪写泻懈	0.000299	0.116534	0.000035
锌芯屑懈写芯褉	0.001194	0.713350	0.000852
锌芯屑懈写芯褉泻懈	0.000299	0.127833	0.000038
锌芯屑懈写芯褉褘	0.000597	0.116534	0.000070
锌芯屑芯褖懈	0.000299	3.218876	0.000961
锌芯薪褉邪胁懈胁褕懈械褋褟	0.000299	0.040822	0.000012
锌芯薪褉邪胁懈褌褋褟	0.000299	1.427116	0.000426
锌芯薪褔懈泻懈	0.000597	0.040822	0.000024
锌芯锌褉芯斜褍泄褌械	0.000299	0.562119	0.000168
锌芯锌褍谢褟褉薪褘	0.000299	3.506558	0.001047
锌芯锌褍谢褟褉薪褘械	0.000299	3.218876	0.000961
锌芯锌褍谢褟褉薪褘褏	0.000299	3.506558	0.001047
锌芯褉邪	0.000299	0.116534	0.000035
锌芯褉邪蟹懈谢	0.000299	3.912023	0.001168
锌芯褉褌褍谐邪谢褜褋泻邪褟	0.000299	0.116534	0.000035
锌芯褉褑懈芯薪薪褘械	0.000299	4.605170	0.001375
锌芯褉褟写泻械	0.000299	4.605170	0.001375
锌芯褋械褖邪械褌械	0.000299	0.061875	0.000018
锌芯褋懈写械谢芯泻	0.000299	3.506558	0.001047
锌芯褋谢械写薪懈械	0.000299	3.912023	0.001168
锌芯褋褌	0.001493	0.105361	0.000157
锌芯褋褌薪芯械	0.000299	0.116534	0.000035
锌芯褋褌薪褘械	0.000299	0.040822	0.000012
锌芯褋褌薪褘泄	0.000299	0.116534	0.000035
锌芯褋褌芯褟薪薪芯	0.000299	0.040822	0.000012
锌芯褋褌褉芯懈屑	0.000299	0.116534	0.000035
锌芯褋褍写邪	0.000597	0.094311	0.000056
锌芯褌褉褟褋邪褞褖械谐芯	0.000299	2.407946	0.000719
锌芯褏芯卸邪	0.000299	3.506558	0.001047
锌芯褔褌褍	0.000299	0.040822	0.000012
锌芯褕邪谐芯胁褘械	0.000597	0.301105	0.000180
锌芯褕邪谐芯胁褘屑懈	0.000299	0.040822	0.000012
锌褉邪蟹写薪懈泻邪	0.000299	0.116534	0.000035
锌褉邪蟹写薪懈褔薪芯	0.000299	0.116534	0.000035
锌褉邪蟹写薪懈褔薪芯谐芯	0.000299	0.116534	0.000035
锌褉邪蟹写薪懈褔薪褘泄	0.000597	0.116534	0.000070
锌褉邪泻褌懈泻褍屑	0.000299	0.116534	0.000035
锌褉械胁芯褋褏芯写薪褘械	0.000299	0.116534	0.000035
锌褉械胁褉邪褌懈褌褜	0.000299	3.912023	0.001168
锌褉械胁褉邪褖械薪懈褟	0.000299	0.116534	0.000035
锌褉械写谢邪谐邪褞	0.000299	0.693147	0.000207
锌褉械写谢芯卸懈褌褜	0.000299	1.237874	0.000370
锌褉械泻褉邪褋薪芯械	0.000299	2.525729	0.000754
锌褉械泻褉邪褋薪褍褞	0.000299	3.506558	0.001047
锌褉械褋薪芯械	0.000299	0.116534	0.000035
锌褉懈胁褘褔薪褘泄	0.000299	3.218876	0.000961
锌褉懈谐芯褌芯胁懈屑	0.000299	0.116534	0.000035
锌褉懈谐芯褌芯胁谢械薪懈械	0.000299	0.105361	0.000031
锌褉懈谐芯褌芯胁谢械薪懈褞	0.000299	0.040822	0.000012
锌褉懈谐芯褌芯胁谢械薪懈褟	0.000299	0.371064	0.000111
锌褉懈谐芯褌芯胁褜褌械	0.000299	1.897120	0.000566
锌褉懈写褍屑邪褌褜	0.000299	2.525729	0.000754
锌褉懈蟹薪邪薪懈械	0.000299	0.116534	0.000035
锌褉懈蟹芯胁	0.000299	0.040822	0.000012
锌褉懈锌褉邪胁邪	0.000896	0.040822	0.000037
锌褉懈褉芯写褍	0.000299	0.116534	0.000035
锌褉懈褉芯写褘	0.000299	0.116534	0.000035
锌褉懈褋褌褍锌懈褌褜	0.000299	0.040822	0.000012
锌褉懈褏芯写褟褌	0.000299	2.995732	0.000894
锌褉懈褟褌械谢械泄	0.000299	3.912023	0.001168
锌褉懈褟褌薪褘屑	0.000299	2.207275	0.000659
锌褉芯胁械写懈	0.001194	0.116534	0.000139
锌褉芯胁械褉械薪芯	0.001791	0.116534	0.000209
锌褉芯胁芯写懈屑褘褏	0.000299	0.040822	0.000012
锌褉芯胁芯卸邪械屑	0.000299	0.116534	0.000035
锌褉芯写褍泻褌芯胁	0.000597	0.094311	0.000056
锌褉芯写褍泻褌褘	0.000299	1.386294	0.000414
锌褉芯械泻褌芯胁	0.000299	0.116534	0.000035
锌褉芯械泻褌褘	0.000299	0.061875	0.000018
锌褉芯卸懈褌褜	0.000299	3.506558	0.001047
锌褉芯褋屑芯褌褉邪屑	0.000299	0.274437	0.000082
锌褉芯褋褌芯	0.001791	0.083382	0.000149
锌褉芯褋褌芯械	0.000299	1.514128	0.000452
锌褉芯褋褌芯泻胁邪褕邪	0.000299	0.040822	0.000012
锌褉芯褋褌褍褞	0.000299	3.912023	0.001168
锌褉芯褋褌褘褏	0.000299	2.207275	0.000659
锌褉芯褎懈谢褜	0.000299	0.040822	0.000012
锌褉芯褕褍	0.000299	1.139434	0.000340
锌褉褟屑芯	0.000299	0.040822	0.000012
锌褉褟薪懈泻	0.000299	0.040822	0.000012
锌褉褟薪懈泻懈	0.000299	0.116534	0.000035
锌褉褟薪懈褔薪芯械	0.000299	0.116534	0.000035
锌褌懈褑邪	0.001493	0.116534	0.000174
锌褌懈褑械	0.000597	0.116534	0.000070
锌褌懈褑械泄	0.000299	0.127833	0.000038
锌褌懈褑褘	0.003284	0.116534	0.000383
锌褍写懈薪谐	0.000299	0.040822	0.000012
锌褍写懈薪谐懈	0.000597	0.116534	0.000070
锌褍薪褕	0.000299	0.040822	0.000012
锌褍褌械褕械褋褌胁懈械	0.000597	0.116534	0.000070
锌褍褌褜	0.000299	0.116534	0.000035
锌褕械薪懈褔薪邪褟	0.000597	0.287682	0.000172
锌褘褕泻懈	0.000299	0.040822	0.000012
锌褞褉械	0.001194	0.040822	0.000049
褉邪谐褍	0.000299	0.116534	0.000035
褉邪蟹	0.000597	0.446287	0.000266
褉邪蟹胁械褉薪褍褌褜	0.000299	0.116534	0.000035
褉邪蟹写械谢褜薪芯械	0.000299	0.116534	0.000035
褉邪蟹谢懈褔薪褘褏	0.000299	2.302585	0.000687
褉邪蟹屑械褖邪褌褜	0.000299	2.302585	0.000687
褉邪蟹薪褘械	0.000299	0.116534	0.000035
褉邪薪褔	0.000299	3.912023	0.001168
褉邪褋褋芯谢褜薪懈泻	0.000597	0.040822	0.000024
褉邪褋褋芯谢褜薪懈泻邪	0.000299	0.116534	0.000035
褉邪褋褋褘谢泻懈	0.000299	0.061875	0.000018
褉邪褋褌懈褌械谢褜薪芯械	0.001791	0.235722	0.000422
褉械谐懈褋褌褉邪褑懈懈	0.000597	0.010050	0.000006
褉械谐懈褋褌褉邪褑懈褟	0.000299	0.000000	0.000000
褉械蟹褍谢褜褌邪褌	0.000597	0.967584	0.000578
褉械泄褌懈薪谐褍	0.000299	0.248461	0.000074
褉械泻芯屑械薪写褍褞	0.000597	1.049822	0.000627
褉械泻芯褉写褘	0.000299	3.506558	0.001047
褉械锌褔邪褌褘泄	0.001194	0.430783	0.000514
褉械褑械锌褌	0.004776	0.040822	0.000195
褉械褑械锌褌邪褏	0.000299	0.061875	0.000018
褉械褑械锌褌械	0.000299	1.171183	0.000350
褉械褑械锌褌芯胁	0.002090	0.040822	0.000085
褉械褑械锌褌褘	0.021493	0.040822	0.000877
褉械褕懈谢邪	0.000299	0.820981	0.000245
褉械褕懈谢邪褋褜	0.000299	2.525729	0.000754
褉懈泄械褌	0.000299	4.605170	0.001375
褉懈褋	0.002388	0.040822	0.000097
褉懈褋邪	0.000299	0.116534	0.000035
褉懈褌屑械	0.000299	0.116534	0.000035
褉芯谐邪谢懈泻懈	0.000299	0.040822	0.000012
褉芯写薪芯械	0.000299	0.116534	0.000035
褉芯卸写械薪懈褟	0.000299	0.105361	0.000031
褉芯卸写械褋褌胁械薪褋泻懈泄	0.000299	2.995732	0.000894
褉芯卸写械褋褌胁芯	0.000299	0.116534	0.000035
褉芯蟹邪	0.000299	3.506558	0.001047
褉芯蟹褘	0.000299	3.506558	0.001047
褉芯谢谢	0.000896	3.506558	0.003140
褉芯谢谢芯胁	0.000299	4.605170	0.001375
褉芯谢谢褌芯薪	0.000299	0.116534	0.000035
褉芯谢谢褘	0.000896	0.040822	0.000037
褉芯屑	0.000299	0.040822	0.000012
褉褍斜褉懈泻邪褌芯褉	0.000299	0.051293	0.000015
褉褍谢械褌	0.001194	0.040822	0.000049
褉褍谢械褌褘	0.003881	0.116534	0.000452
褉褍屑褘薪褋泻邪褟	0.000299	0.116534	0.000035
褉褍屑褟薪芯泄	0.000299	3.912023	0.001168
褉褍屑褟薪褘械	0.000299	0.116534	0.000035
褉褍薪械褌械	0.000299	0.020203	0.000006
褉褍褋褋泻邪褟	0.000299	0.116534	0.000035
褉褘斜邪	0.003582	0.040822	0.000146
褉褘斜械	0.000597	0.116534	0.000070
褉褘斜泻懈	0.000299	3.218876	0.000961
褉褘斜泻褍	0.000597	2.995732	0.001788
褉褘斜薪邪褟	0.000896	0.116534	0.000104
褉褘斜薪芯谐芯	0.000597	0.116534	0.000070
褉褘斜薪褘械	0.001493	0.116534	0.000174
褉褘斜薪褘泄	0.000597	0.116534	0.000070
褉褘斜薪褘褏	0.000299	0.116534	0.000035
褉褘斜芯泄	0.000597	0.116534	0.000070
褉褘斜褍	0.000299	2.525729	0.000754
褉褘斜褘	0.005373	0.116534	0.000626
褉褟卸械薪泻邪	0.000299	0.116534	0.000035
褋邪泄褌	0.000896	0.000000	0.000000
褋邪泄褌褍	0.000597	0.061875	0.000037
褋邪谢邪褌	0.000896	0.094311	0.000084
褋邪谢邪褌邪	0.000299	1.078810	0.000322
褋邪谢邪褌械	0.000299	2.659260	0.000794
褋邪谢邪褌薪邪褟	0.000299	0.116534	0.000035
褋邪谢邪褌褘	0.010149	0.040822	0.000414
褋邪屑芯谐芯薪	0.000299	0.040822	0.000012
褋邪屑褘械	0.000299	1.832581	0.000547
褋邪屑褘泄	0.000299	1.021651	0.000305
褋邪屑褘屑	0.000299	1.386294	0.000414
褋邪屑褘褏	0.001194	0.116534	0.000139
褋邪褎	0.000896	0.116534	0.000104
褋邪褎褋械屑	0.000299	0.116534	0.000035
褋邪褏邪褉	0.001194	0.116534	0.000139
褋斜懈褌械薪褜	0.000299	0.040822	0.000012
褋胁械卸械褋褌褜	0.000299	0.105361	0.000031
褋胁械泻谢邪	0.002090	0.040822	0.000085
褋胁械泻芯谢褜薪懈泻	0.000597	0.040822	0.000024
褋胁械泻芯谢褜薪褘褏	0.000299	4.605170	0.001375
褋胁械褌邪	0.001194	0.116534	0.000139
褋胁懈薪懈薪邪	0.000299	0.040822	0.000012
褋胁懈薪懈薪褘	0.001194	0.116534	0.000139
褋胁芯械	0.000299	0.116534	0.000035
褋胁芯械屑	0.000597	0.040822	0.000024
褋胁芯懈屑	0.000299	0.040822	0.000012
褋胁芯懈褏	0.000299	1.347074	0.000402
褋胁芯泄褋褌胁芯	0.000299	3.506558	0.001047
褋胁芯褞	0.000299	0.040822	0.000012
褋谐褍褖械薪泻邪	0.000299	0.040822	0.000012
褋写械谢邪褌褜	0.000299	1.021651	0.000305
褋写械谢邪褞	0.000299	2.659260	0.000794
褋械蟹芯薪	0.000299	0.116534	0.000035
褋械泄褔邪褋	0.000299	0.030459	0.000009
褋械泻褉械褌褘	0.000597	0.116534	0.000070
褋械谢械写泻邪	0.000597	0.040822	0.000024
褋械谢褜写械褉械械屑	0.000299	3.912023	0.001168
褋械谢褜写械褉械泄	0.000597	2.120264	0.001266
褋械谢褜写褜	0.001791	2.207275	0.003953
褋械屑谐邪	0.001194	0.040822	0.000049
褋械屑械泄薪褘泄	0.000299	0.116534	0.000035
褋械屑褜懈	0.000299	0.116534	0.000035
褋械薪褌褟斜褉褟	0.000299	0.673345	0.000201
褋懈写褉	0.000299	0.040822	0.000012
褋懈褉懈泄褋泻邪褟	0.000299	0.116534	0.000035
褋懈褉芯锌	0.000299	0.040822	0.000012
褋懈褉芯锌褘	0.000299	0.116534	0.000035
褋懈褋褌械屑褘	0.000299	0.040822	0.000012
褋懈褌懈	0.000299	0.127833	0.000038
褋泻邪蟹芯泻	0.000299	0.116534	0.000035
褋泻芯褉芯褋褌薪褘械	0.000299	3.506558	0.001047
褋谢邪写泻邪褟	0.000597	0.116534	0.000070
褋谢邪写泻懈械	0.001791	0.040822	0.000073
褋谢邪写泻懈泄	0.002687	0.105361	0.000283
褋谢邪写泻懈褏	0.000597	0.116534	0.000070
褋谢邪写泻芯	0.000299	0.116534	0.000035
褋谢懈胁泻懈	0.000597	1.078810	0.000644
褋谢懈胁芯褔薪芯械	0.000896	0.116534	0.000104
褋谢懈胁芯褔薪褘泄	0.000597	1.469676	0.000877
褋谢芯械薪芯谐芯	0.000299	0.127833	0.000038
褋谢芯械薪芯械	0.000896	0.116534	0.000104
褋谢芯械薪褘泄	0.000299	0.116534	0.000035
褋谢芯泄泻邪	0.000299	0.040822	0.000012
褋谢芯泄泻懈	0.000299	0.116534	0.000035
褋屑械褌邪薪邪	0.001493	0.105361	0.000157
褋屑械褕邪薪薪芯谐芯	0.000299	0.116534	0.000035
褋屑芯卸械褌械	0.000299	0.040822	0.000012
褋屑芯褌褉懈褌械	0.000299	3.506558	0.001047
褋屑褍蟹懈	0.000896	0.040822	0.000037
褋薪褝泻	0.000299	0.116534	0.000035
褋芯斜懈褉邪械褌械褋褜	0.000299	0.040822	0.000012
褋芯胁械褉褕械薪褋褌胁芯	0.001493	0.116534	0.000174
褋芯胁械褌邪屑懈	0.000299	0.040822	0.000012
褋芯胁械褌褍褞	0.000597	1.139434	0.000680
褋芯胁褋械屑	0.000299	1.139434	0.000340
褋芯谐谢邪褕邪械褌械褋褜	0.000299	0.040822	0.000012
褋芯械胁褘泄	0.000597	0.798508	0.000477
褋芯蟹写邪械褌	0.000299	0.116534	0.000035
褋芯蟹写邪薪懈褟	0.000597	0.261365	0.000156
褋芯泻	0.000896	0.116534	0.000104
褋芯泻邪	0.000299	0.105361	0.000031
褋芯泻懈	0.000299	0.040822	0.000012
褋芯谢械薪芯泄	0.000299	2.995732	0.000894
褋芯谢械薪褘械	0.000896	0.116534	0.000104
褋芯谢械薪褜褟	0.000597	0.116534	0.000070
褋芯谢薪械褔薪芯泄	0.000299	0.127833	0.000038
褋芯谢芯屑泻芯泄	0.000299	3.912023	0.001168
褋芯谢褜	0.002388	0.150823	0.000360
褋芯谢褟薪泻邪	0.000597	0.040822	0.000024
褋芯褉褌懈褉芯胁邪褌褜	0.000299	0.248461	0.000074
褋芯褋懈褋泻邪	0.000597	2.659260	0.001588
褋芯褋褌邪胁褜	0.000299	0.116534	0.000035
褋芯褍褋	0.004776	0.040822	0.000195
褋芯褍褋芯胁	0.000299	2.813411	0.000840
褋芯褍褋芯屑	0.001493	0.116534	0.000174
褋芯褍褋褘	0.001194	0.116534	0.000139
褋芯褏褉邪薪褟褌褜	0.000299	0.040822	0.000012
褋芯褑褋械褌懈	0.000299	0.040822	0.000012
褋芯褔械褌邪薪懈械	0.000597	0.116534	0.000070
褋芯褔械褌邪薪懈懈	0.000299	3.506558	0.001047
褋芯褔械褌邪褌褜	0.000299	4.605170	0.001375
褋芯褔薪芯械	0.000299	0.116534	0.000035
褋芯褔薪褘屑懈	0.000299	3.218876	0.000961
褋锌械褑懈邪谢懈蟹懈褉褍褞褌褋褟	0.000299	3.912023	0.001168
褋锌械褑懈邪谢褜薪芯械	0.000299	0.116534	0.000035
褋锌械褑懈懈	0.003284	0.105361	0.000346
褋锌械褑锌褉芯械泻褌	0.009851	0.116534	0.001148
褋锌懈褋芯泻	0.000299	0.116534	0.000035
褋锌芯褉褌懈胁薪褘褏	0.000299	3.912023	0.001168
褋锌芯褞	0.000299	0.116534	0.000035
褋褉邪蟹褍	0.000299	0.733969	0.000219
褋褉械写懈蟹械屑薪芯屑芯褉褋泻邪褟	0.000299	0.127833	0.000038
褋褌邪薪械褌	0.000299	1.832581	0.000547
褋褌邪褉褘械	0.000299	0.261365	0.000078
褋褌邪褌褜褟褏	0.000299	0.061875	0.000018
褋褌懈谢械	0.000597	0.116534	0.000070
褋褌懈谢褟	0.000299	0.116534	0.000035
褋褌芯谢	0.000896	0.105361	0.000094
褋褌芯谢邪	0.002090	0.116534	0.000244
褋褌褉芯懈褌械谢褜褋褌胁械	0.000299	0.040822	0.000012
褋褌褉芯懈褌械谢褜褋褌胁褍	0.000299	0.040822	0.000012
褋褌褉芯懈褌褜	0.000299	0.040822	0.000012
褋褌褉芯泄薪芯泄	0.000299	0.116534	0.000035
褋褌褘写薪芯	0.000299	2.120264	0.000633
褋褍斜锌褉芯写褍泻褌芯胁	0.002090	0.116534	0.000244
褋褍斜锌褉芯写褍泻褌褘	0.000896	0.116534	0.000104
褋褍锌	0.002687	0.040822	0.000110
褋褍锌邪	0.000299	0.040822	0.000012
褋褍锌械褉斜邪斜褍褕泻邪	0.000299	1.237874	0.000370
褋褍锌褘	0.002687	0.040822	0.000110
褋褍褎谢械	0.000896	0.040822	0.000037
褋褍褏邪褉懈	0.000896	0.040822	0.000037
褋褍褕懈	0.000896	0.040822	0.000037
褋褔懈褌邪薪薪褘械	0.000299	1.966113	0.000587
褋褗械写邪褞褌褋褟	0.000299	3.912023	0.001168
褋褗械写懈褌械	0.000299	4.605170	0.001375
褋褘褉	0.012537	0.040822	0.000512
褋褘褉邪	0.001493	0.116534	0.000174
褋褘褉邪屑懈	0.000299	0.127833	0.000038
褋褘褉械	0.000299	4.605170	0.001375
褋褘褉薪懈泻	0.000299	0.040822	0.000012
褋褘褉薪懈泻懈	0.000597	0.116534	0.000070
褋褘褉薪褘械	0.001194	0.040822	0.000049
褋褘褉芯屑	0.000896	0.713350	0.000639
褋褘褌薪褘泄	0.000597	0.105361	0.000063
褋褘褔褍卸薪褘屑懈	0.000299	0.127833	0.000038
褋褝薪写胁懈褔	0.000299	3.218876	0.000961
褋褝薪写胁懈褔懈	0.000299	0.127833	0.000038
褋褞褉锌褉懈蟹	0.000299	0.116534	0.000035
褌邪写卸懈泻褋泻邪褟	0.000299	0.116534	0.000035
褌邪泄褋泻邪褟	0.000299	0.116534	0.000035
褌邪泻懈	0.000299	1.237874	0.000370
褌邪泻懈褏	0.000299	1.660731	0.000496
褌邪泻褍褞	0.000299	1.427116	0.000426
褌邪褉褌	0.000299	0.116534	0.000035
褌邪褉褌邪谢械褌泻懈	0.000597	0.040822	0.000024
褌邪褌邪褉褋泻邪褟	0.000299	0.116534	0.000035
褌胁械褉写褘泄	0.000597	0.562119	0.000336
褌胁芯懈	0.000597	0.116534	0.000070
褌胁芯褉懈	0.000299	0.116534	0.000035
褌胁芯褉芯谐	0.000597	0.040822	0.000024
褌胁芯褉芯谐芯屑	0.000299	0.105361	0.000031
褌胁芯褉芯卸薪芯械	0.000299	0.116534	0.000035
褌胁芯褉芯卸薪褘械	0.000597	0.116534	0.000070
褌胁芯褉芯卸薪褘泄	0.000299	0.116534	0.000035
褌械谢械谐褉邪屑	0.000299	0.040822	0.000012
褌械谢褟褌懈薪褘	0.001194	0.116534	0.000139
褌械屑薪褘泄	0.000597	2.040221	0.001218
褌械锌谢芯屑	0.000299	0.116534	0.000035
褌械褉褉邪褋芯泄	0.000299	0.798508	0.000238
褌械褉褉懈薪	0.000299	0.040822	0.000012
褌械褋褌	0.001493	0.127833	0.000191
褌械褋褌邪	0.002090	0.105361	0.000220
褌械褋褌芯	0.003284	0.040822	0.000134
褌械褏薪懈泻邪	0.001493	0.105361	0.000157
褌械褖懈薪	0.000299	0.040822	0.000012
褌懈屑斜邪谢懈	0.000299	4.605170	0.001375
褌屑	0.001194	0.127833	0.000153
褌芯谐芯	0.000299	1.427116	0.000426
褌芯屑	0.000299	1.171183	0.000350
褌芯屑邪褌薪褘泄	0.000597	1.897120	0.001133
褌芯锌谢械薪芯械	0.000299	0.116534	0.000035
褌芯褉褌	0.003284	0.040822	0.000134
褌芯褉褌褘	0.002687	0.116534	0.000313
褌褉邪胁褘	0.000299	0.105361	0.000031
褌褉邪写懈褑懈懈	0.000299	0.116534	0.000035
褌褉邪写懈褑懈泄	0.001194	0.116534	0.000139
褌褉邪写懈褑懈芯薪薪褘泄	0.000299	2.995732	0.000894
褌褉邪写懈褑懈褟褏	0.000299	0.116534	0.000035
褌褉械褏谢械褌懈械屑	0.000299	0.116534	0.000035
褌褉懈卸写褘	0.000299	2.302585	0.000687
褌褉褍斜芯褔泻懈	0.000299	0.040822	0.000012
褌褍薪懈褋褋泻邪褟	0.000299	0.116534	0.000035
褌褍薪褑芯屑	0.000299	0.116534	0.000035
褌褍褉械褑泻邪褟	0.000299	0.116534	0.000035
褌褘泻胁邪	0.000299	0.040822	0.000012
褍胁械写芯屑谢械薪懈褟	0.000299	0.040822	0.000012
褍胁械褉械薪邪	0.000299	1.272966	0.000380
褍胁械褉褟褞	0.000299	2.813411	0.000840
褍胁懈写械谢邪	0.000299	1.427116	0.000426
褍谐芯褖褍	0.000299	3.218876	0.000961
褍写邪褔薪邪褟	0.000299	0.116534	0.000035
褍写懈胁懈	0.000299	0.116534	0.000035
褍写懈胁懈谢邪	0.000299	4.605170	0.001375
褍写懈胁谢褟泄褌械	0.001194	0.116534	0.000139
褍写芯胁芯谢褜褋褌胁懈械屑	0.000299	0.116534	0.000035
褍卸懈薪	0.001791	0.094311	0.000169
褍蟹斜械泻褋泻邪褟	0.000299	0.116534	0.000035
褍蟹泻芯谐芯	0.000299	2.995732	0.000894
褍泻褉邪懈薪褋泻邪褟	0.000299	0.116534	0.000035
褍泻褉邪褕械薪懈褟	0.002388	0.116534	0.000278
褍泻褉芯锌	0.002388	0.562119	0.001342
褍谢械褌邪械褌	0.000299	3.506558	0.001047
褍锌芯褌褉械斜谢械薪懈械屑	0.000299	0.116534	0.000035
褍褉邪谢褜褋泻邪褟	0.000299	0.116534	0.000035
褍褉芯卸邪泄	0.000299	0.105361	0.000031
褍褋谢芯胁懈褟褏	0.000299	1.771957	0.000529
褍褌泻懈	0.000896	0.116534	0.000104
褍褏邪	0.000299	0.040822	0.000012
褍褔邪褋褌胁芯胁邪褌褜	0.000299	0.040822	0.000012
褍褔邪褋褌泻邪	0.000299	2.995732	0.000894
褎邪蟹械薪写褘	0.000299	0.127833	0.000038
褎邪薪褌邪蟹懈懈	0.001791	0.116534	0.000209
褎邪薪褌邪蟹懈泄	0.000299	0.116534	0.000035
褎邪薪褌邪蟹懈褟	0.000299	0.116534	0.000035
褎邪褉褕邪	0.003881	0.040822	0.000158
褎邪褉褕懈褉芯胁邪薪薪邪褟	0.000597	0.116534	0.000070
褎邪褉褕懈褉芯胁邪薪薪芯械	0.000299	0.116534	0.000035
褎邪褉褕懈褉芯胁邪薪薪褘械	0.000597	0.040822	0.000024
褎邪褉褕懈褉芯胁邪薪薪褘泄	0.000299	0.040822	0.000012
褎邪褋芯谢褜	0.000299	0.040822	0.000012
褎械胁褉邪谢褟	0.000896	0.105361	0.000094
褎械泄械褉胁械褉泻	0.000597	0.116534	0.000070
褎懈谐褍褉械	0.000299	0.116534	0.000035
褎懈谢邪写械谢褜褎懈褟	0.000597	4.605170	0.002749
褎懈谢械	0.000597	0.916291	0.000547
褎懈薪褋泻邪褟	0.000299	0.116534	0.000035
褎懈褉屑械薪薪芯械	0.000299	0.116534	0.000035
褎芯谢褜谐械	0.000299	3.506558	0.001047
褎芯薪写褞	0.000299	0.040822	0.000012
褎芯褉械谢褜	0.000299	2.995732	0.000894
褎芯褉屑邪	0.000299	3.218876	0.000961
褎芯褉屑褘	0.000299	0.116534	0.000035
褎芯褉褍屑械	0.000597	0.040822	0.000024
褎芯褉褕屑邪泻	0.000299	0.040822	0.000012
褎芯褌芯	0.000299	2.040221	0.000609
褎芯褌芯谐褉邪褎懈懈	0.000299	4.605170	0.001375
褎褉邪薪褑懈懈	0.000299	0.116534	0.000035
褎褉邪薪褑褍蟹褋泻邪褟	0.000299	0.116534	0.000035
褎褉邪褍	0.001194	0.116534	0.000139
褎褉褍泻褌芯胁	0.001194	0.116534	0.000139
褎褉褍泻褌芯胁芯	0.000299	0.116534	0.000035
褎褉褍泻褌芯胁褘械	0.002090	0.040822	0.000085
褎褍写	0.000299	0.116534	0.000035
褎褍褉褕械褌	0.000299	0.116534	0.000035
褎褍褉褕械褌邪	0.000299	3.506558	0.001047
褏邪谢胁邪	0.000299	0.040822	0.000012
褏邪褉胁械褋褌褎械褋褌	0.000597	0.116534	0.000070
褏邪褉褔芯	0.000597	0.040822	0.000024
褏邪褕	0.000299	0.040822	0.000012
褏胁芯褉芯褋褌	0.000299	0.040822	0.000012
褏懈薪泻邪谢懈	0.000299	0.116534	0.000035
褏懈褌	0.002090	0.116534	0.000244
褏谢械斜	0.000896	0.040822	0.000037
褏谢械斜芯锌械褔泻懈	0.000299	0.116534	0.000035
褏谢芯锌褜褟	0.000597	0.105361	0.000063
褏芯蟹褟泄泻邪屑	0.000299	3.506558	0.001047
褏芯蟹褟泄泻懈	0.000299	0.127833	0.000038
褏芯谢芯写械褑	0.000299	0.040822	0.000012
褏芯谢芯写薪褘械	0.000597	0.116534	0.000070
褏芯谢芯写薪褘泄	0.000597	0.116534	0.000070
褏芯屑械褉	0.000299	4.605170	0.001375
褏芯褉胁邪褌褋泻邪褟	0.000299	0.116534	0.000035
褏芯褉芯褕芯	0.001493	0.105361	0.000157
褏芯褉褋	0.000299	0.116534	0.000035
褏芯褌懈褌械	0.000299	0.040822	0.000012
褏芯褔械褌褋褟	0.000299	1.469676	0.000439
褏芯褔褍	0.000299	0.562119	0.000168
褏褉褍褋褌褟褖械泄	0.000299	1.609438	0.000480
褏褍屑褍褋	0.000299	0.040822	0.000012
褑邪褉褋褌胁芯	0.000299	0.127833	0.000038
褑邪褉褜	0.000299	0.116534	0.000035
褑胁械褌薪邪褟	0.000299	0.040822	0.000012
褑械薪薪褘褏	0.000299	0.040822	0.000012
褑械薪褌褉	0.000299	0.116534	0.000035
褔邪械屑	0.000299	0.116534	0.000035
褔邪泄	0.000896	0.040822	0.000037
褔邪褋褌芯	0.000299	0.994252	0.000297
褔械斜褍褉械泻懈	0.000597	0.040822	0.000024
褔械褉械褕泻芯胁褘泄	0.000597	2.659260	0.001588
褔械褉泻懈蟹芯胁芯	0.000597	0.116534	0.000070
褔械褉薪芯褋谢懈胁	0.000597	3.218876	0.001922
褔械褉薪褘泄	0.000597	0.371064	0.000222
褔械褋薪芯泻	0.002388	0.314711	0.000752
褔械褋褌薪褘屑懈	0.000299	0.040822	0.000012
褔械褔械胁懈褑邪	0.000299	0.040822	0.000012
褔械褕褋泻邪褟	0.000299	0.116534	0.000035
褔懈蟹	0.000299	3.912023	0.001168
褔懈蟹泻械泄泻	0.001194	0.040822	0.000049
褔懈谢懈泄褋泻邪褟	0.000299	0.116534	0.000035
褔懈锌褋芯胁	0.000299	4.605170	0.001375
褔懈锌褋褘	0.001194	0.040822	0.000049
褔懈褋谢褍	0.000299	0.261365	0.000078
褔褍写械褋	0.000299	0.116534	0.000035
褔褍写芯	0.000299	1.309333	0.000391
褕邪褉懈泻懈	0.000299	0.040822	0.000012
褕邪褉谢芯褌泻邪	0.000299	0.040822	0.000012
褕邪褉谢芯褌泻懈	0.000299	0.127833	0.000038
褕邪褉屑	0.000299	0.116534	0.000035
褕邪褕谢褘泻	0.003582	0.040822	0.000146
褕邪褕谢褘泻懈	0.000299	0.040822	0.000012
褕胁械写褋泻邪褟	0.000299	0.116534	0.000035
褕胁械泄褑邪褉褋泻邪褟	0.000299	0.116534	0.000035
褕械写械胁褉褘	0.000299	0.116534	0.000035
褕械褎	0.000299	0.127833	0.000038
褕懈锌褍褔泻邪	0.000299	0.040822	0.000012
褕懈褉芯泻邪褟	0.000299	0.127833	0.000038
褕泻芯谢邪	0.000299	4.605170	0.001375
褕泻芯谢褍	0.000299	0.116534	0.000035
褕芯泻芯谢邪写	0.001194	0.040822	0.000049
褕芯泻芯谢邪写械	0.000299	3.912023	0.001168
褕芯褌谢邪薪写褋泻邪褟	0.000299	0.116534	0.000035
褕褌褉褍写械谢褜	0.000299	0.040822	0.000012
褕褍斜芯泄	0.000896	2.407946	0.002156
褕褍褉锌邪	0.000299	0.040822	0.000012
褖邪褋	0.000299	0.116534	0.000035
褖械写褉邪褟	0.000299	0.116534	0.000035
褖懈	0.000597	0.040822	0.000024
褝泻芯屑懈谢泻	0.000299	0.127833	0.000038
褝褋褌芯薪褋泻邪褟	0.000299	0.116534	0.000035
褝褌懈屑	0.000299	1.108663	0.000331
褝褌芯谐芯	0.000299	0.415515	0.000124
褝褌芯泄	0.000299	1.427116	0.000426
褝褌芯屑	0.000597	0.843970	0.000504
褞谐芯褋谢邪胁褋泻邪褟	0.000299	0.116534	0.000035
褟谐芯写薪褘械	0.000597	0.116534	0.000070
褟谐芯写薪褘泄	0.000597	0.116534	0.000070
褟谐芯写褘	0.000299	3.218876	0.000961
褟蟹褘泻	0.000299	0.040822	0.000012
褟懈褑	0.001194	0.116534	0.000139
褟懈褔薪懈褑邪	0.000299	2.995732	0.000894
褟泄褑邪	0.000299	0.040822	0.000012
褟泄褑芯	0.001791	0.261365	0.000468
褟泄褑芯屑	0.000299	2.302585	0.000687
褟薪胁邪褉褟	0.000597	0.733969	0.000438
褟薪写械泻褋	0.000299	0.072571	0.000022
褟锌芯薪褋泻邪褟	0.000299	0.116534	0.000035
褟锌芯薪褋泻芯泄	0.000299	0.061875	0.000018
褟褉泻懈械	0.000299	0.116534	0.000035
褟褉泻芯	0.000299	0.105361	0.000031
