褌芯泻械薪	TF	IDF	TF-IDF
邪斜褏邪蟹褋泻邪褟	0.000274	0.116534	0.000032
邪胁褋褌褉邪谢懈泄褋泻邪褟	0.000274	0.116534	0.000032
邪胁褋褌褉懈泄褋泻邪褟	0.000274	0.116534	0.000032
邪胁褌芯泻谢邪胁邪	0.000274	0.116534	0.000032
邪胁褌芯褉邪屑	0.000274	0.040822	0.000011
邪谐褉芯	0.000274	0.116534	0.000032
邪写卸懈泻邪	0.000274	0.040822	0.000011
邪蟹械褉斜邪泄写卸邪薪褋泻邪褟	0.000274	0.116534	0.000032
邪蟹懈邪褌褋泻邪褟	0.000274	0.127833	0.000035
邪蟹褘	0.000274	0.127833	0.000035
邪泄褉邪薪	0.000274	0.040822	0.000011
邪泻胁邪褌懈泻邪	0.000822	0.127833	0.000105
邪谢械泻褋械褟	0.000274	0.127833	0.000035
邪谢泻芯谐芯谢褜	0.000548	0.116534	0.000064
邪谢泻芯谐芯谢褜薪褘械	0.000274	0.116534	0.000032
邪谢泻芯谐芯谢褟	0.000274	0.116534	0.000032
邪谢褜褟薪褋	0.000274	0.116534	0.000032
邪屑械褉懈泻邪薪褋泻邪褟	0.000274	0.116534	0.000032
邪薪谐谢懈泄褋泻邪褟	0.000274	0.116534	0.000032
邪薪写褉械褟	0.000274	0.127833	0.000035
邪锌褉械谢褟	0.000822	0.579818	0.000477
邪褉邪斜褋泻邪褟	0.000274	0.116534	0.000032
邪褉谐械薪褌懈薪褋泻邪褟	0.000274	0.116534	0.000032
邪褉屑褟薪褋泻邪褟	0.000274	0.116534	0.000032
邪褉芯屑邪褌	0.000274	1.660731	0.000455
邪褉芯屑邪褌薪褘械	0.000274	2.207275	0.000605
邪褋褋芯褉褌懈	0.000548	0.116534	0.000064
邪褌谢邪薪褌	0.000274	0.127833	0.000035
邪褎谐邪薪褋泻邪褟	0.000274	0.116534	0.000032
邪褎褉懈泻邪薪褋泻邪褟	0.000274	0.116534	0.000032
邪褝褉芯谐褉懈谢械	0.002740	0.116534	0.000319
斜邪斜褍褕泻邪	0.000274	2.659260	0.000729
斜邪泻谢邪卸邪薪褘	0.000274	0.040822	0.000011
斜邪谢褌泻芯屑	0.000274	0.127833	0.000035
斜邪薪泻芯胁褋泻芯谐芯	0.000274	4.605170	0.001262
斜邪褉邪薪懈薪褘	0.001096	0.116534	0.000128
斜邪褋屑邪褌懈	0.000548	0.127833	0.000070
斜邪褋褌褍褉屑邪	0.000274	0.040822	0.000011
斜邪褌芯薪褔懈泻懈	0.000274	0.127833	0.000035
斜邪褕泻懈褉褋泻邪褟	0.000274	0.116534	0.000032
斜邪褟薪	0.000274	4.605170	0.001262
斜邪褟薪懈褖械	0.000274	4.605170	0.001262
斜械蟹邪谢泻芯谐芯谢褜薪褘械	0.000274	0.116534	0.000032
斜械蟹谐谢褞褌械薪芯胁褘械	0.000274	0.116534	0.000032
斜械蟹械	0.001096	0.040822	0.000045
斜械谢械斜械械胁褋泻懈泄	0.000548	0.116534	0.000064
斜械谢芯泻芯褔邪薪薪邪褟	0.000548	0.994252	0.000545
斜械谢芯褉褍褋褋泻邪褟	0.000274	0.116534	0.000032
斜械谢褘屑懈	0.000274	4.605170	0.001262
斜械谢褜谐懈泄褋泻邪褟	0.000274	0.116534	0.000032
斜械褉械屑械薪薪褘褏	0.000274	0.116534	0.000032
斜械褋械写懈薪邪	0.000274	0.127833	0.000035
斜械褋褋锌芯褉薪芯	0.000274	4.605170	0.001262
斜懈褉屑懈薪谐械屑	0.000274	4.605170	0.001262
斜懈褋泻胁懈褌	0.000274	0.040822	0.000011
斜懈褋泻胁懈褌薪芯械	0.000548	0.116534	0.000064
斜懈褋泻胁懈褌薪褘泄	0.000274	0.105361	0.000029
斜懈褋泻胁懈褌褘	0.000274	0.127833	0.000035
斜谢懈卸械	0.000274	0.116534	0.000032
斜谢懈蟹泻懈褏	0.000274	0.116534	0.000032
斜谢懈薪芯胁	0.000548	0.116534	0.000064
斜谢懈薪褘	0.001096	0.040822	0.000045
斜谢褞写	0.000548	0.094311	0.000052
斜谢褞写邪	0.026857	0.040822	0.001096
斜谢褞写邪屑懈	0.000274	4.605170	0.001262
斜谢褞写芯	0.001918	0.040822	0.000078
斜谢褞写芯屑	0.000274	0.994252	0.000272
斜谢褞写褍	0.000274	0.116534	0.000032
斜芯斜芯胁褘械	0.000548	0.127833	0.000070
斜芯斜芯胁褘褏	0.001918	0.116534	0.000224
斜芯谢谐邪褉褋泻邪褟	0.000274	0.116534	0.000032
斜芯谢褜褕械	0.000548	0.105361	0.000058
斜芯褉褖	0.000548	0.040822	0.000022
斜芯褉褖械泄	0.000274	4.605170	0.001262
斜芯褌胁懈薪褜褟	0.000274	0.040822	0.000011
斜褉邪蟹懈谢褜褋泻邪褟	0.000274	0.116534	0.000032
斜褉邪褍蟹械褉械	0.000274	0.040822	0.000011
斜褉邪褍薪懈	0.000274	0.040822	0.000011
斜褉械褋褌	0.000274	0.127833	0.000035
斜褉芯泻泻芯谢懈	0.000274	0.040822	0.000011
斜褍写薪懈	0.000274	3.506558	0.000961
斜褍卸械薪懈薪邪	0.000274	0.040822	0.000011
斜褍谢芯褔泻邪屑懈	0.000274	0.116534	0.000032
斜褍谢芯褔泻懈	0.001370	0.040822	0.000056
斜褍谢褜芯薪	0.001918	0.040822	0.000078
斜褍谢褜芯薪械	0.000274	3.912023	0.001072
斜褍谢褜芯薪芯胁	0.000274	4.605170	0.001262
斜褍谢褜芯薪褘	0.001644	0.116534	0.000192
斜褍褉谐械褉	0.000274	0.040822	0.000011
斜褍褉谐械褉褘	0.000274	0.127833	0.000035
斜褍褉褟褌褋泻邪褟	0.000274	0.116534	0.000032
斜褍褌械褉斜褉芯写	0.000548	0.116534	0.000064
斜褍褌械褉斜褉芯写褘	0.000548	0.040822	0.000022
斜褘褋褌褉芯	0.000274	0.094311	0.000026
斜褘褋褌褉芯泄	0.000274	0.116534	0.000032
斜褘褋褌褉褘泄	0.000822	0.105361	0.000087
斜褘褌褍	0.000274	4.605170	0.001262
胁邪卸薪褘械	0.000274	0.116534	0.000032
胁邪谢谢懈泄褋泻邪褟	0.000274	0.116534	0.000032
胁邪褉械薪懈泻懈	0.000274	0.116534	0.000032
胁邪褉械薪褜械	0.000548	0.040822	0.000022
胁邪褉懈邪薪褌	0.000548	0.562119	0.000308
胁邪褉懈邪薪褌邪	0.000274	2.659260	0.000729
胁邪褌褉褍褕泻懈	0.000274	0.040822	0.000011
胁邪褎谢懈	0.000548	0.040822	0.000022
胁邪褕械泄	0.000548	0.040822	0.000022
胁邪褕懈屑	0.000274	2.040221	0.000559
胁胁芯写褟	0.000274	0.040822	0.000011
胁写芯褏薪芯胁械薪懈械	0.001096	0.116534	0.000128
胁写芯褏薪芯胁械薪懈械屑	0.000548	0.116534	0.000064
胁写芯褏薪芯胁谢褟泄褋褟	0.000274	0.116534	0.000032
胁械谐械褌邪褉懈邪薪褋泻懈械	0.000274	0.127833	0.000035
胁械谐械褌邪褉懈邪薪褋泻芯械	0.000274	0.116534	0.000032
胁械蟹写械	0.000274	4.605170	0.001262
胁械泻邪	0.000548	2.207275	0.001210
胁械泻械	0.000548	3.912023	0.002144
胁械谢懈泻懈泄	0.000274	0.116534	0.000032
胁械谢懈泻芯械	0.000274	2.995732	0.000821
胁械谢懈褔懈薪褘	0.000274	4.605170	0.001262
胁械薪谐械褉褋泻邪褟	0.000274	0.116534	0.000032
胁械褉芯懈褋锌芯胁械写邪薪懈褟	0.000274	4.605170	0.001262
胁械褋械薪薪懈械	0.000274	0.051293	0.000014
胁械褋薪邪	0.001370	0.116534	0.000160
胁械褋薪褘	0.000274	0.116534	0.000032
胁械褌褔懈薪邪	0.000548	1.469676	0.000806
胁械褌褔懈薪芯泄	0.000274	2.813411	0.000771
胁械褌褔懈薪褘	0.000274	0.105361	0.000029
胁蟹褟褌褘	0.000274	4.605170	0.001262
胁懈写械	0.000274	1.171183	0.000321
胁懈写械芯	0.000548	0.116534	0.000064
胁懈写械芯褉械褑械锌褌褘	0.000274	0.301105	0.000083
胁懈写芯胁	0.000274	3.506558	0.000961
胁懈薪械谐褉械褌邪	0.000274	4.605170	0.001262
胁懈薪芯	0.000548	0.040822	0.000022
胁泻谢褞褔邪褞褖懈褏	0.000274	0.634878	0.000174
胁泻褍褋	0.000822	0.105361	0.000087
胁泻褍褋邪	0.002192	0.116534	0.000255
胁泻褍褋薪邪褟	0.001370	0.061875	0.000085
胁泻褍褋薪械械	0.000548	0.116534	0.000064
胁泻褍褋薪械泄	0.000274	0.116534	0.000032
胁泻褍褋薪芯	0.001370	0.094311	0.000129
胁泻褍褋薪褘械	0.000548	0.105361	0.000058
胁泻褍褋薪褘泄	0.001370	0.385662	0.000528
胁泻褍褋薪褘屑懈	0.000274	2.302585	0.000631
胁泻褍褋芯胁褘械	0.000274	3.912023	0.001072
胁泻褍褋芯屑	0.000274	0.105361	0.000029
胁谢褞斜谢械薪薪褘褏	0.000274	0.116534	0.000032
胁薪邪褔邪谢械	0.001096	0.248461	0.000272
胁薪械	0.000274	3.912023	0.001072
胁芯	0.001096	0.061875	0.000068
胁芯写邪	0.000548	0.287682	0.000158
胁芯写械	0.000274	0.105361	0.000029
胁芯泄褌懈	0.000274	0.000000	0.000000
胁芯谢芯胁邪薪褘	0.000274	0.116534	0.000032
胁芯谢褕械斜薪褘械	0.000274	0.116534	0.000032
胁芯谢褕械斜褋褌胁芯	0.000274	0.116534	0.000032
胁芯锌褉芯褋褘	0.000274	0.000000	0.000000
胁芯褋褌芯褉谐	0.000274	2.813411	0.000771
胁芯褋褌芯褉谐械	0.000274	1.469676	0.000403
胁芯褋褌芯褔薪邪褟	0.000274	0.127833	0.000035
胁芯褕谢懈	0.000274	4.605170	0.001262
胁褉械屑械薪邪	0.000274	0.116534	0.000032
胁褉械屑械薪械屑	0.001644	0.116534	0.000192
胁褉械屑褟	0.000274	0.400478	0.000110
胁褋械胁芯蟹屑芯卸薪褘褏	0.000274	2.813411	0.000771
胁褋械谐写邪	0.000548	0.653926	0.000358
胁褋械谐芯	0.000548	0.186330	0.000102
胁褋械泄	0.000822	0.105361	0.000087
胁褋械屑褍	0.000274	0.061875	0.000017
胁褋锌芯屑薪懈褌褜	0.000274	0.040822	0.000011
胁褋褌褉械褔邪谢	0.000548	4.605170	0.002524
胁褋褌褉械褔邪褞褌褋褟	0.000274	4.605170	0.001262
胁褌芯褉芯械	0.000274	0.116534	0.000032
胁褌芯褉芯泄	0.000274	2.813411	0.000771
胁褌芯褉褘械	0.000274	0.127833	0.000035
胁褌芯褉褘褏	0.000274	2.407946	0.000660
胁褏芯写	0.000822	0.030459	0.000025
胁褏芯写褟褌	0.000274	3.912023	0.001072
胁褘谐谢褟写械褌褜	0.000274	2.302585	0.000631
胁褘泄褌懈	0.000274	0.040822	0.000011
胁褘锌械褔泻邪	0.003837	0.040822	0.000157
胁褘锌械褔泻懈	0.000548	0.072571	0.000040
胁褘锌械褔泻芯泄	0.000274	0.116534	0.000032
胁褜械褌薪邪屑褋泻邪褟	0.000274	0.116534	0.000032
谐邪胁邪泄褋泻邪褟	0.000274	0.116534	0.000032
谐邪谢懈	0.000274	3.912023	0.001072
谐邪褉邪卸芯屑	0.000274	1.078810	0.000296
谐邪褉薪懈褉	0.001644	0.040822	0.000067
谐邪褋锌邪褔芯	0.000274	0.040822	0.000011
谐械芯谐褉邪褎懈褟	0.000274	0.116534	0.000032
谐谢邪胁薪褘泄	0.000274	0.040822	0.000011
谐谢邪胁薪褘褏	0.000274	2.995732	0.000821
谐谢邪蟹褍褉褜	0.000822	0.040822	0.000034
谐谢懈薪褌胁械泄薪	0.000274	0.040822	0.000011
谐芯胁褟写懈薪邪	0.000548	2.302585	0.001262
谐芯胁褟写懈薪褘	0.001370	0.116534	0.000160
谐芯写	0.003015	0.105361	0.000318
谐芯写邪	0.003837	0.248461	0.000953
谐芯写邪褏	0.000274	2.207275	0.000605
谐芯写褍	0.000274	1.171183	0.000321
谐芯谢谢邪薪写褋泻邪褟	0.000274	0.116534	0.000032
谐芯褉芯写邪	0.000274	0.116534	0.000032
谐芯褉芯褏	0.000274	0.116534	0.000032
谐芯褉芯褕械泻	0.001096	2.407946	0.002640
谐芯褉褔懈褑邪	0.000548	0.040822	0.000022
谐芯褉褔懈褑邪屑懈	0.000274	0.127833	0.000035
谐芯褉褕芯褔泻邪褏	0.000548	0.105361	0.000058
谐芯褉褕芯褔泻械	0.000548	0.040822	0.000022
谐芯褉褟褔械械	0.000548	0.116534	0.000064
谐芯褉褟褔械泄	0.000274	3.506558	0.000961
谐芯褉褟褔懈械	0.011236	0.105361	0.001184
谐芯褉褟褔懈泄	0.000548	0.116534	0.000064
谐芯褋褌懈	0.000274	0.116534	0.000032
谐芯褋褌褟屑	0.000274	2.525729	0.000692
谐芯褌芯胁懈谢懈	0.000274	1.560648	0.000428
谐芯褌芯胁懈屑	0.001644	0.094311	0.000155
谐芯褌芯胁懈褌褋褟	0.000274	0.478036	0.000131
谐芯褌芯胁懈褌褜	0.001918	0.105361	0.000202
谐芯褌芯胁褜	0.000548	0.116534	0.000064
谐芯褌芯胁褟褌	0.000274	0.116534	0.000032
谐褉械薪泻懈	0.000548	0.040822	0.000022
谐褉械褔械褋泻邪褟	0.000274	0.116534	0.000032
谐褉械褔泻邪	0.000274	0.040822	0.000011
谐褉懈斜邪屑懈	0.004933	0.105361	0.000520
谐褉懈斜薪邪褟	0.000274	3.218876	0.000882
谐褉懈斜薪芯屑	0.000274	4.605170	0.001262
谐褉懈斜薪褘械	0.000822	0.040822	0.000034
谐褉懈斜芯胁	0.003015	0.116534	0.000351
谐褉懈斜褘	0.010688	0.040822	0.000436
谐褉懈谢械	0.001370	0.116534	0.000160
谐褉懈谢褜	0.000274	0.116534	0.000032
谐褉懈谢褜屑邪薪懈褟	0.000274	0.116534	0.000032
谐褉懈谢褟	0.001096	0.116534	0.000128
谐褉芯谐	0.000274	0.040822	0.000011
谐褉褍写泻邪	0.000548	1.108663	0.000608
谐褉褍蟹懈薪褋泻邪褟	0.000274	0.116534	0.000032
谐褉褍锌锌褘	0.000274	0.061875	0.000017
谐褍褉屑邪薪懈褟	0.001644	0.116534	0.000192
谐褍褉屑械	0.000274	0.127833	0.000035
谐褍褋褟	0.000548	0.105361	0.000058
写邪械褌	0.000274	0.040822	0.000011
写邪薪薪褘械	0.000274	0.040822	0.000011
写邪褉褘	0.000274	0.116534	0.000032
写邪褌械	0.000548	0.248461	0.000136
写邪褌褋泻邪褟	0.000274	0.116534	0.000032
写邪褔薪芯械	0.000822	0.116534	0.000096
写械泻邪斜褉褟	0.001096	0.597837	0.000655
写械泻芯褉	0.000274	0.127833	0.000035
写械谢邪械褌	0.000822	0.116534	0.000096
写械谢懈屑褋褟	0.000274	0.040822	0.000011
写械谢芯	0.000274	1.386294	0.000380
写械谢芯屑	0.000274	0.116534	0.000032
写械薪褜	0.000822	0.083382	0.000069
写械褉械胁械薪褋泻懈	0.000274	2.995732	0.000821
写械褉械胁械薪褋泻芯械	0.000274	4.605170	0.001262
写械褋械褉褌	0.000822	0.116534	0.000096
写械褋械褉褌邪褑懈褟	0.000274	0.116534	0.000032
写械褋械褉褌薪褘械	0.000274	0.116534	0.000032
写械褋械褉褌褘	0.003837	0.040822	0.000157
写械褌械泄	0.000274	0.116534	0.000032
写卸械屑	0.000274	0.040822	0.000011
写蟹械薪	0.000274	0.116534	0.000032
写懈械褌邪	0.000274	0.116534	0.000032
写懈械褌懈褔械褋泻懈泄	0.000274	2.302585	0.000631
写懈械褌褘	0.000274	0.116534	0.000032
写懈泻懈泄	0.000548	0.116534	0.000064
写懈泻芯谐芯	0.000274	0.116534	0.000032
写懈锌	0.000274	0.116534	0.000032
写懈褔懈	0.000548	0.116534	0.000064
写懈褔褜	0.000274	0.116534	0.000032
写薪械胁薪懈泻邪褏	0.000274	0.061875	0.000017
写薪械泄	0.000822	0.116534	0.000096
写薪褟	0.000274	0.040822	0.000011
写芯斜邪胁泻懈	0.000274	4.605170	0.001262
写芯斜邪胁谢械薪懈褟屑	0.000274	0.274437	0.000075
写芯斜邪胁谢褟褌褜	0.000274	0.040822	0.000011
写芯斜邪胁褜	0.000274	0.116534	0.000032
写芯斜褉芯褎谢芯褌	0.000274	0.127833	0.000035
写芯胁械褉褟械褕褜	0.000274	0.116534	0.000032
写芯屑	0.002466	0.040822	0.000101
写芯屑邪褕薪械械	0.000822	0.040822	0.000034
写芯屑邪褕薪懈械	0.000548	0.040822	0.000022
写芯屑邪褕薪懈泄	0.001918	0.116534	0.000224
写芯屑邪褕薪褟褟	0.000548	0.105361	0.000058
写芯屑械	0.000274	1.832581	0.000502
写芯屑芯胁	0.000274	0.040822	0.000011
写芯锌芯谢薪械薪懈械屑	0.000274	3.506558	0.000961
写芯锌芯谢薪械薪懈泄	0.000274	4.605170	0.001262
写芯锌芯谢薪褟褞褌	0.000274	2.659260	0.000729
写芯褋褌芯泄薪芯	0.000274	2.995732	0.000821
写褉邪泄胁	0.001370	0.127833	0.000175
写褉芯卸卸械胁芯械	0.000274	0.116534	0.000032
写褉芯卸卸懈	0.001096	0.941609	0.001032
写褉褍谐	0.000274	2.040221	0.000559
写褉褍谐邪	0.000274	2.407946	0.000660
写褉褍谐懈屑懈	0.000274	0.040822	0.000011
写褉褍谐懈褏	0.000274	1.714798	0.000470
写褉褍谐芯屑	0.000274	2.659260	0.000729
写褍褏芯胁泻邪	0.001096	0.127833	0.000140
写褍褏芯胁泻褍	0.000274	1.771957	0.000486
写褍褕懈	0.000822	0.105361	0.000087
械胁褉械泄褋泻邪褟	0.000274	0.116534	0.000032
械谐懈锌械褌褋泻邪褟	0.000274	0.116534	0.000032
械写懈薪褘泄	0.000274	0.040822	0.000011
械泻芯	0.000274	0.127833	0.000035
卸邪褉泻芯械	0.000274	0.040822	0.000011
卸械谢械	0.000822	0.040822	0.000034
卸械薪	0.000548	3.506558	0.001922
卸械薪褋泻邪褟	0.000274	0.127833	0.000035
卸械薪褋泻芯屑	0.000274	0.061875	0.000017
卸械薪褖懈薪褘	0.000548	0.116534	0.000064
卸懈胁褍褌	0.000274	3.912023	0.001072
卸懈写泻懈屑懈	0.000274	4.605170	0.001262
卸懈蟹薪懈	0.000274	0.040822	0.000011
卸懈蟹薪褜	0.000274	0.116534	0.000032
卸褍谢褜械薪	0.000274	0.040822	0.000011
卸褍褉薪邪谢邪	0.000274	0.127833	0.000035
卸褞谢褜械薪	0.000274	0.040822	0.000011
蟹邪斜芯褌邪	0.000274	4.605170	0.001262
蟹邪胁邪褉薪芯械	0.000274	0.116534	0.000032
蟹邪胁邪褉薪芯泄	0.000274	0.116534	0.000032
蟹邪胁懈褋懈屑芯褋褌懈	0.000274	3.506558	0.000961
蟹邪胁褌褉邪泻	0.001918	0.094311	0.000181
蟹邪胁褌褉邪泻懈	0.000274	0.127833	0.000035
蟹邪谐芯褌芯胁泻懈	0.001096	0.040822	0.000045
蟹邪写邪胁邪褌褜	0.000274	0.040822	0.000011
蟹邪泄褑邪	0.000548	0.116534	0.000064
蟹邪泻胁邪褋泻邪	0.000274	0.040822	0.000011
蟹邪泻胁邪褋泻邪屑懈	0.000274	0.116534	0.000032
蟹邪泻胁邪褋芯泻	0.000274	0.127833	0.000035
蟹邪泻褉褘褌褘泄	0.000274	0.116534	0.000032
蟹邪泻褍褋泻懈	0.004933	0.040822	0.000201
蟹邪泻褍褋泻芯泄	0.000274	3.912023	0.001072
蟹邪泻褍褋泻褍	0.000822	0.116534	0.000096
蟹邪泻褍褋芯薪褔懈泻	0.000274	0.116534	0.000032
蟹邪泻褍褋芯褔泻邪	0.000274	0.116534	0.000032
蟹邪泻褍褋芯褔薪褘械	0.002466	0.116534	0.000287
蟹邪谢懈胁薪芯械	0.000548	0.040822	0.000022
蟹邪屑芯褉芯蟹泻邪	0.000274	0.105361	0.000029
蟹邪锌邪写	0.000274	0.116534	0.000032
蟹邪锌械泻邪薪泻邪	0.001096	0.105361	0.000115
蟹邪锌械泻邪薪泻懈	0.001918	0.040822	0.000078
蟹邪锌褉邪胁泻邪	0.000548	0.040822	0.000022
蟹邪锌褉邪胁芯褔薪褘泄	0.000274	4.605170	0.001262
蟹邪锌褉邪胁芯褔薪褘屑懈	0.000274	4.605170	0.001262
蟹邪褉械谐懈褋褌褉懈褉芯胁邪胁褕懈褋褜	0.000274	0.040822	0.000011
蟹邪褉械谐懈褋褌褉懈褉芯胁邪褌褜褋褟	0.000274	0.030459	0.000008
蟹邪褋芯谢泻邪	0.000274	0.116534	0.000032
蟹邪褋褌芯谢褜械	0.000548	3.912023	0.002144
蟹邪褌械泄	0.000274	4.605170	0.001262
蟹邪褏芯写懈褌械	0.000274	0.755023	0.000207
蟹胁邪薪褘泄	0.000274	0.127833	0.000035
蟹胁械蟹写邪	0.000274	0.127833	0.000035
蟹胁褢蟹写薪褘械	0.000274	0.116534	0.000032
蟹写芯褉芯胁芯械	0.000274	0.116534	0.000032
蟹写芯褉芯胁褘泄	0.000274	0.116534	0.000032
蟹械谢械薪褘械	0.000548	2.302585	0.001262
蟹械谢械薪褘泄	0.003289	1.021651	0.003360
蟹械谢械薪褜	0.001370	0.094311	0.000129
蟹械屑谢械	0.000274	4.605170	0.001262
蟹械褎懈褉	0.000274	0.040822	0.000011
蟹懈屑薪懈械	0.000274	0.051293	0.000014
蟹懈屑褍	0.001096	0.040822	0.000045
蟹薪邪褌芯泻芯胁	0.000274	4.605170	0.001262
蟹薪邪褔懈褌	0.000274	2.659260	0.000729
蟹芯谢芯褌邪褟	0.000274	0.116534	0.000032
蟹褉邪蟹褘	0.000548	2.040221	0.001118
蟹褉械薪懈褟	0.000274	4.605170	0.001262
懈胁邪薪	0.000274	2.525729	0.000692
懈胁邪薪芯胁邪	0.000274	0.127833	0.000035
懈胁邪薪褘褔	0.000274	2.525729	0.000692
懈写械邪谢械	0.000274	4.605170	0.001262
懈写械邪谢褜薪邪褟	0.000274	0.116534	0.000032
懈写械邪谢褜薪芯	0.000274	1.514128	0.000415
懈写械邪谢褜薪芯谐芯	0.001370	0.116534	0.000160
懈写械邪谢褜薪芯械	0.000274	0.116534	0.000032
懈写械泄泻懈	0.000274	0.116534	0.000032
懈写械褌	0.000274	2.120264	0.000581
懈蟹胁械褋褌薪褘泄	0.000548	1.897120	0.001040
懈蟹写邪薪懈懈	0.000274	4.605170	0.001262
懈蟹写械谢懈褟	0.001096	0.116534	0.000128
懈蟹写械谢懈褟屑懈	0.000822	0.116534	0.000096
懈蟹屑械薪懈谢	0.000274	4.605170	0.001262
懈蟹褞屑懈薪泻邪	0.000274	2.302585	0.000631
懈泻褉邪	0.000822	0.040822	0.000034
懈屑械薪械屑	0.000274	0.040822	0.000011
懈薪胁械褉褌芯褉薪芯泄	0.000274	0.127833	0.000035
懈薪谐褉械写懈械薪褌褘	0.008495	0.139262	0.001183
懈薪写械泄泻邪	0.000822	3.218876	0.002646
懈薪写械泄泻懈	0.001918	0.094311	0.000181
懈薪写械泄泻芯泄	0.000274	0.116534	0.000032
懈薪写懈泄褋泻邪褟	0.000274	0.116534	0.000032
懈薪写懈谢邪泄褌	0.000822	0.116534	0.000096
懈薪写懈褉械褋薪褘械	0.000274	0.116534	0.000032
懈薪写褞褕泻懈	0.000548	3.912023	0.002144
懈薪褋褌褉褍泻褑懈褟屑懈	0.000274	0.040822	0.000011
懈薪褌械褉械褋械薪	0.000274	3.218876	0.000882
懈褉邪泻褋泻邪褟	0.000274	0.116534	0.000032
懈褉邪薪褋泻邪褟	0.000274	0.116534	0.000032
懈褉谢邪薪写褋泻邪褟	0.000274	0.116534	0.000032
懈褋泻邪卸械薪薪芯械	0.000274	4.605170	0.001262
懈褋泻褉械薪薪械	0.000274	0.116534	0.000032
懈褋谢邪薪写褋泻邪褟	0.000274	0.116534	0.000032
懈褋锌邪薪褋泻邪褟	0.000274	0.116534	0.000032
懈褋锌械泻懈	0.000274	0.116534	0.000032
懈褋褌芯褉懈懈	0.001370	0.116534	0.000160
懈褋褌芯褉懈褞	0.000274	0.116534	0.000032
懈褋褌芯褉懈褟	0.000274	3.506558	0.000961
懈褋褌芯褔薪懈泻邪褏	0.000274	4.605170	0.001262
懈褋褏芯写褟	0.000274	2.995732	0.000821
懈褌邪谢懈懈	0.000548	0.105361	0.000058
懈褌邪谢褜褟薪褋泻邪褟	0.000274	0.116534	0.000032
懈褞谢褟	0.000274	0.597837	0.000164
懈褞薪褟	0.000274	0.579818	0.000159
泄芯谐褍褉褌	0.000822	0.040822	0.000034
泻邪斜邪褔泻懈	0.000274	0.040822	0.000011
泻邪胁泻邪蟹褋泻邪褟	0.000274	0.116534	0.000032
泻邪蟹邪薪械	0.000274	0.116534	0.000032
泻邪蟹邪褏褋泻邪褟	0.000274	0.116534	0.000032
泻邪泻邪芯	0.000548	0.040822	0.000022
泻邪谢械泄写芯褋泻芯锌	0.001096	0.116534	0.000128
泻邪谢屑褘褑泻邪褟	0.000274	0.116534	0.000032
泻邪谢褜屑邪褉	0.000274	0.040822	0.000011
泻邪屑械褉邪	0.000274	0.116534	0.000032
泻邪薪邪写褋泻邪褟	0.000274	0.116534	0.000032
泻邪薪邪谢	0.000548	0.040822	0.000022
泻邪薪邪谢械	0.000274	0.040822	0.000011
泻邪薪邪锌械	0.000548	0.040822	0.000022
泻邪锌械褉褋褘	0.000548	2.525729	0.001384
泻邪锌褍褋褌邪	0.002466	0.040822	0.000101
泻邪锌褍褋褌薪褟泻	0.000274	0.040822	0.000011
泻邪锌褍褋褌芯泄	0.000274	1.966113	0.000539
泻邪锌褍褋褌褘	0.000548	0.040822	0.000022
泻邪褉邪屑械谢褜	0.000274	0.040822	0.000011
泻邪褉泻邪褋薪褘泄	0.001096	0.116534	0.000128
泻邪褉褌芯褎械谢褜	0.003015	0.040822	0.000123
泻邪褉褌芯褎械谢褜薪芯械	0.000274	0.040822	0.000011
泻邪褉褌芯褎械谢褜薪褘械	0.000274	2.525729	0.000692
泻邪褉褌芯褎械谢褜薪褘泄	0.000822	0.116534	0.000096
泻邪褉褌芯褕泻邪	0.000548	0.040822	0.000022
泻邪褉褍褋械谢褜	0.000274	4.605170	0.001262
泻邪褌械谐芯褉懈懈	0.000274	0.116534	0.000032
泻邪褌械谐芯褉懈褟	0.004111	0.150823	0.000620
泻邪褎械	0.000548	2.207275	0.001210
泻邪褔械褋褌胁邪	0.000274	3.912023	0.001072
泻邪褔械褋褌胁械	0.000274	1.609438	0.000441
泻邪褔械褋褌胁芯	0.000274	0.116534	0.000032
泻邪褕邪	0.000274	0.040822	0.000011
泻邪褕懈	0.001370	0.105361	0.000144
泻邪褕褍	0.000274	0.094311	0.000026
泻胁邪褋	0.000822	0.040822	0.000034
泻胁邪褋薪芯械	0.000822	0.116534	0.000096
泻胁邪褋芯屑	0.000274	0.127833	0.000035
泻胁邪褕械薪邪褟	0.001370	3.218876	0.004411
泻械泻褋	0.000274	0.040822	0.000011
泻械泻褋褘	0.000548	0.116534	0.000064
泻械褎懈褉	0.000274	0.040822	0.000011
泻懈械胁褋泻懈	0.000274	4.605170	0.001262
泻懈屑褔懈	0.000274	0.040822	0.000011
泻懈薪芯邪	0.000548	0.127833	0.000070
泻懈薪芯谢械薪褌邪	0.000274	0.116534	0.000032
泻懈褋械谢褜	0.000548	0.040822	0.000022
泻懈褋谢芯泄	0.000274	4.605170	0.001262
泻懈褋谢褘褏	0.000274	4.605170	0.001262
泻懈褌邪泄褋泻邪褟	0.000274	0.116534	0.000032
泻谢邪褋褋	0.002192	0.116534	0.000255
泻谢邪褋褋褘	0.000274	0.116534	0.000032
泻薪懈谐邪褏	0.000822	4.605170	0.003786
泻薪懈谐褍	0.000548	0.040822	0.000022
泻芯胁邪谢械胁	0.000548	4.605170	0.002524
泻芯卸懈	0.000274	4.605170	0.001262
泻芯泻褌械泄谢懈	0.000274	0.127833	0.000035
泻芯泻褌械泄谢褜	0.001370	0.040822	0.000056
泻芯谢斜邪褋邪	0.000822	0.040822	0.000034
泻芯谢斜邪褋薪褘屑懈	0.000822	0.116534	0.000096
泻芯屑邪薪写邪	0.000548	0.127833	0.000070
泻芯屑懈	0.000274	0.116534	0.000032
泻芯屑屑械薪褌邪褉懈械胁	0.000274	0.223144	0.000061
泻芯屑锌邪薪懈泄	0.000274	0.105361	0.000029
泻芯屑锌芯褌	0.000822	0.040822	0.000034
泻芯薪械褔薪芯	0.000548	0.527633	0.000289
泻芯薪懈薪褘	0.000274	0.116534	0.000032
泻芯薪泻褍褉褋	0.058646	0.105361	0.006179
泻芯薪泻褍褉褋邪	0.000274	0.116534	0.000032
泻芯薪泻褍褉褋邪褏	0.000274	0.040822	0.000011
泻芯薪泻褍褉褋薪褘械	0.000274	0.127833	0.000035
泻芯薪褋械褉胁懈褉芯胁邪薪懈械	0.000274	0.040822	0.000011
泻芯薪褋械褉胁懈褉芯胁邪薪薪邪褟	0.000274	0.116534	0.000032
泻芯薪褋械褉胁懈褉芯胁邪薪薪芯械	0.000274	0.116534	0.000032
泻芯薪褋械褉胁懈褉芯胁邪薪薪褘械	0.009592	0.116534	0.001118
泻芯薪褋械褉胁懈褉芯胁邪薪薪褘泄	0.000274	0.116534	0.000032
泻芯薪褎械褌褌懈	0.000274	0.116534	0.000032
泻芯薪褎械褌褘	0.000822	0.040822	0.000034
泻芯薪褎懈写械薪褑懈邪谢褜薪芯褋褌懈	0.000274	0.040822	0.000011
泻芯薪褎懈褌褞褉	0.000274	0.040822	0.000011
泻芯锌褔械薪芯泄	0.000274	4.605170	0.001262
泻芯锌褔械薪芯褋褌褟屑懈	0.000274	0.116534	0.000032
泻芯锌褔褢薪芯泄	0.000274	4.605170	0.001262
泻芯褉械泄褋泻邪褟	0.000274	0.116534	0.000032
泻芯褉械泄褋泻懈	0.000548	0.040822	0.000022
泻芯褉械薪褜褟	0.000548	3.506558	0.001922
泻芯褉卸懈泻懈	0.000274	0.040822	0.000011
泻芯褉屑褟褖懈褏	0.000274	0.116534	0.000032
泻芯褉芯谢械胁邪	0.000274	3.506558	0.000961
泻芯褌谢械褌褘	0.000274	0.040822	0.000011
泻芯褌芯褉芯屑褍	0.000274	0.116534	0.000032
泻芯褌芯褉褘屑	0.000274	2.302585	0.000631
泻芯褎械	0.000548	0.040822	0.000022
泻褉邪褋懈胁褘泄	0.000548	2.659260	0.001458
泻褉邪褋泻懈	0.000274	0.116534	0.000032
泻褉邪褋薪褘泄	0.001096	1.171183	0.001284
泻褉邪褏屑邪谢	0.000548	0.891598	0.000489
泻褉械邪褌懈胁	0.000274	0.127833	0.000035
泻褉械屑	0.000274	0.040822	0.000011
泻褉械屑邪	0.000548	0.116534	0.000064
泻褉械锌泻懈泄	0.000274	0.116534	0.000032
泻褉械褋褌褜褟薪	0.000274	4.605170	0.001262
泻褉芯谢懈泻邪	0.000548	0.116534	0.000064
泻褉芯屑械	0.000274	0.061875	0.000017
泻褉芯褏懈	0.000274	0.116534	0.000032
泻褉褍谐褍	0.000548	0.116534	0.000064
泻褉褍锌	0.001644	0.116534	0.000192
泻褉褍锌邪	0.000274	0.127833	0.000035
泻褉褍锌邪屑懈	0.000274	3.912023	0.001072
泻褉褍锌褘	0.000548	0.127833	0.000070
泻褉褍锌褟薪褘械	0.000274	0.116534	0.000032
泻褉褍褌芯屑	0.000274	4.605170	0.001262
泻褋褌邪褌懈	0.000274	1.237874	0.000339
泻褍斜懈薪褋泻邪褟	0.000274	0.116534	0.000032
泻褍泻褍褉褍蟹邪	0.000548	2.659260	0.001458
泻褍谢械褕	0.000274	0.040822	0.000011
泻褍谢懈薪邪褉懈懈	0.000822	0.094311	0.000078
泻褍谢懈薪邪褉懈褞	0.000274	4.605170	0.001262
泻褍谢懈薪邪褉薪邪褟	0.000274	0.116534	0.000032
泻褍谢懈薪邪褉薪芯械	0.000274	0.116534	0.000032
泻褍谢懈薪邪褉薪芯泄	0.000274	2.525729	0.000692
泻褍谢懈薪邪褉薪褍褞	0.000548	0.040822	0.000022
泻褍谢懈薪邪褉薪褘泄	0.000274	0.072571	0.000020
泻褍谢懈薪邪褉薪褘褏	0.000274	0.116534	0.000032
泻褍谢懈褔	0.000274	0.040822	0.000011
泻褍谢懈褔懈	0.000274	0.116534	0.000032
泻褍褉写褋泻邪褟	0.000274	0.116534	0.000032
泻褍褉懈薪芯谐芯	0.000274	0.116534	0.000032
泻褍褉懈薪芯械	0.004111	0.127833	0.000525
泻褍褉懈薪褘泄	0.000822	0.105361	0.000087
泻褍褉懈褑邪	0.000822	0.040822	0.000034
泻褍褉懈褑械泄	0.000548	2.407946	0.001320
泻褍褉懈褑褘	0.001370	0.116534	0.000160
泻褍褉芯褔泻芯泄	0.000274	0.116534	0.000032
泻褍褋泻褍褋	0.000274	0.040822	0.000011
泻褍褏薪械	0.000274	1.237874	0.000339
泻褍褏薪械泄	0.000274	0.040822	0.000011
泻褍褏薪懈	0.001096	0.040822	0.000045
泻褍褏薪褟	0.000822	0.116534	0.000096
谢邪胁邪褕	0.000548	0.040822	0.000022
谢邪胁邪褕邪	0.001096	0.116534	0.000128
谢邪谐屑邪薪	0.000274	0.040822	0.000011
谢邪泄屑	0.000548	3.506558	0.001922
谢邪泻芯屑褋褌胁芯	0.000274	0.116534	0.000032
谢邪锌褕邪	0.000548	0.040822	0.000022
谢邪褌褘褕褋泻邪褟	0.000274	0.116534	0.000032
谢械谐泻邪褟	0.000274	0.116534	0.000032
谢械谐泻懈泄	0.000548	0.116534	0.000064
谢械谐泻芯	0.001644	0.116534	0.000192
谢械谐泻芯谐芯	0.000274	2.040221	0.000559
谢械锌械褕泻懈	0.000548	0.040822	0.000022
谢械褌	0.000274	0.843970	0.000231
谢械褌邪	0.000274	0.116534	0.000032
谢械褌薪械谐芯	0.000274	3.912023	0.001072
谢械褌薪懈械	0.000274	0.040822	0.000011
谢械褌薪褟褟	0.000274	0.116534	0.000032
谢械褌芯	0.001370	0.116534	0.000160
谢械褔芯	0.000274	0.040822	0.000011
谢懈谐邪	0.000822	0.116534	0.000096
谢懈泻械褉	0.000274	0.040822	0.000011
谢懈屑芯薪	0.001096	1.203973	0.001320
谢懈屑芯薪邪写	0.000548	0.040822	0.000022
谢懈屑芯薪薪褘泄	0.000548	0.798508	0.000438
谢懈薪谐胁懈褋褌	0.000274	4.605170	0.001262
谢懈褌芯胁褋泻	0.000274	0.127833	0.000035
谢懈褌芯胁褋泻邪褟	0.000274	0.116534	0.000032
谢褍泻	0.006851	0.301105	0.002063
谢褍褔褕懈械	0.000274	0.116534	0.000032
谢褍褔褕懈泄	0.000548	0.040822	0.000022
谢褍褔褕懈褏	0.000274	0.116534	0.000032
谢褞斜胁懈	0.000274	0.105361	0.000029
谢褞斜懈屑芯谐芯	0.000274	0.127833	0.000035
谢褞斜懈屑芯屑褍	0.000274	0.116534	0.000032
谢褞斜懈屑褘褏	0.001918	0.116534	0.000224
谢褞斜懈褌械谢械泄	0.000274	2.525729	0.000692
谢褞斜芯胁褜	0.000274	0.116534	0.000032
谢褞斜芯谐芯	0.000274	2.302585	0.000631
谢褞斜芯泄	0.000548	0.116534	0.000064
谢褞斜芯屑	0.000274	2.525729	0.000692
谢褞写懈	0.000274	2.207275	0.000605
谢褞写褟屑	0.000274	3.218876	0.000882
谢褢写	0.000274	0.127833	0.000035
屑邪谐褉懈斜邪	0.000274	0.116534	0.000032
屑邪泄	0.000274	0.116534	0.000032
屑邪泄芯薪械蟹	0.003563	0.116534	0.000415
屑邪泻邪褉芯薪薪褘械	0.000274	0.116534	0.000032
屑邪泻邪褉芯薪褘	0.000274	0.040822	0.000011
屑邪谢邪蟹懈泄褋泻邪褟	0.000274	0.116534	0.000032
屑邪薪薪懈泻	0.000274	0.040822	0.000011
屑邪薪褋邪褉写芯泄	0.000274	0.755023	0.000207
屑邪薪褌褘	0.000274	0.116534	0.000032
屑邪薪褢胁褉褘	0.000274	0.116534	0.000032
屑邪褉邪褎芯薪	0.000822	0.116534	0.000096
屑邪褉谐芯	0.000548	4.605170	0.002524
屑邪褉懈薪邪写	0.002466	0.040822	0.000101
屑邪褉懈薪邪写褘	0.000822	0.116534	0.000096
屑邪褉懈薪芯胁邪薪薪褘械	0.000548	0.116534	0.000064
屑邪褉懈薪芯胁邪薪薪褘泄	0.001644	2.813411	0.004626
屑邪褉屑械谢邪写	0.000274	0.040822	0.000011
屑邪褉芯泻泻邪薪褋泻邪褟	0.000274	0.116534	0.000032
屑邪褉褌邪	0.001370	0.105361	0.000144
屑邪褋泻邪褉锌芯薪械	0.000274	0.040822	0.000011
屑邪褋谢邪	0.000274	1.237874	0.000339
屑邪褋谢械薪懈褑邪	0.000822	0.040822	0.000034
屑邪褋谢械薪懈褔薪芯械	0.000274	0.116534	0.000032
屑邪褋谢懈薪褘	0.000548	1.966113	0.001078
屑邪褋谢芯	0.006303	0.116534	0.000735
屑邪褋谢芯屑	0.000274	0.116534	0.000032
屑邪褋褌械褉	0.002466	0.116534	0.000287
屑邪褋褌懈泻邪	0.000274	0.040822	0.000011
屑邪褋褌懈泻懈	0.000274	0.116534	0.000032
屑邪褎褎懈薪褘	0.000274	0.116534	0.000032
屑邪褏械械胁褗	0.001096	0.116534	0.000128
屑谐薪芯胁械薪薪芯	0.000274	3.218876	0.000882
屑械写懈邪褎芯褉褌	0.000822	0.000000	0.000000
屑械写芯胁褘泄	0.000274	0.116534	0.000032
屑械泻褋懈泻邪薪褋泻邪褟	0.000274	0.116534	0.000032
屑械薪褞	0.000548	0.116534	0.000064
屑械薪褟	0.000548	0.083382	0.000046
屑械薪褟械褌褋褟	0.000274	0.116534	0.000032
屑械薪褟褌褜	0.000274	3.218876	0.000882
屑械褋褌邪	0.000274	3.912023	0.001072
屑械褋褌邪褏	0.000274	4.605170	0.001262
屑械褔褌邪	0.000274	0.116534	0.000032
屑械褔褌褘	0.000548	0.040822	0.000022
屑懈写懈懈	0.000274	0.040822	0.000011
屑懈泻褉芯胁芯谢薪芯胁泻械	0.000274	0.116534	0.000032
屑懈谢褜械	0.000274	0.116534	0.000032
屑懈芯	0.000274	0.116534	0.000032
屑懈褉	0.000274	0.116534	0.000032
屑懈褉邪	0.000274	0.116534	0.000032
屑懈褉芯胁邪褟	0.000274	0.116534	0.000032
屑懈褋芯	0.000274	0.040822	0.000011
屑懈褋褌械褉懈褟	0.000274	0.116534	0.000032
屑懈褋褌褉邪谢褜	0.001918	0.116534	0.000224
屑薪械薪懈械	0.000548	2.995732	0.001642
屑薪械薪懈褟	0.000274	3.506558	0.000961
屑薪芯谐懈褏	0.000274	2.659260	0.000729
屑薪芯谐芯	0.000274	0.776529	0.000213
屑薪芯卸械褋褌胁芯	0.000274	1.560648	0.000428
屑薪芯卸械褋褌胁芯屑	0.000274	0.040822	0.000011
屑芯谐谢邪	0.000274	2.407946	0.000660
屑芯械	0.000274	0.116534	0.000032
屑芯械屑	0.000274	2.813411	0.000771
屑芯卸械褌械	0.000274	0.000000	0.000000
屑芯懈	0.000274	1.078810	0.000296
屑芯懈褏	0.000274	1.832581	0.000502
屑芯泄	0.000274	0.105361	0.000029
屑芯谢	0.000274	4.605170	0.001262
屑芯谢写邪胁褋泻邪褟	0.000274	0.116534	0.000032
屑芯谢芯泻械	0.000274	0.105361	0.000029
屑芯谢芯泻芯	0.000822	0.116534	0.000096
屑芯谢芯褔薪褘泄	0.000548	0.040822	0.000022
屑芯谢芯褔薪褘褏	0.000274	0.116534	0.000032
屑芯屑械薪褌	0.001096	0.116534	0.000128
屑芯薪谐芯谢褜褋泻邪褟	0.000274	0.116534	0.000032
屑芯褉械	0.000274	0.116534	0.000032
屑芯褉械锌褉芯写褍泻褌芯胁	0.003015	0.040822	0.000123
屑芯褉械锌褉芯写褍泻褌褘	0.000548	0.116534	0.000064
屑芯褉泻芯胁褜	0.003015	0.040822	0.000123
屑芯褉泻芯胁褜褞	0.000274	3.218876	0.000882
屑芯褉芯卸械薪芯械	0.000822	0.040822	0.000034
屑芯褉褋	0.000274	0.040822	0.000011
屑芯褉褋褘	0.000274	0.116534	0.000032
屑芯褋泻胁械	0.000274	2.302585	0.000631
屑芯褌芯褉	0.000274	0.116534	0.000032
屑芯褏懈褌芯	0.000274	0.040822	0.000011
屑褍卸褋泻邪褟	0.000274	0.127833	0.000035
屑褍卸褔懈薪褘	0.000548	0.116534	0.000064
屑褍泻邪	0.001644	0.274437	0.000451
屑褍谢褜褌懈胁邪褉泻械	0.010414	0.116534	0.001214
屑褍谢褜褌懈锌械泻邪褉械泄	0.000822	0.116534	0.000096
屑褍褋褋	0.000274	0.040822	0.000011
屑褍褋褋褘	0.000548	0.116534	0.000064
屑褍褔薪褘械	0.000274	0.116534	0.000032
屑褞褋谢懈	0.000548	0.116534	0.000064
屑褟褋邪	0.002466	0.116534	0.000287
屑褟褋薪芯谐芯	0.000548	0.116534	0.000064
屑褟褋薪芯泄	0.000274	0.116534	0.000032
屑褟褋薪芯屑	0.000274	3.912023	0.001072
屑褟褋薪褘械	0.001644	0.040822	0.000067
屑褟褋薪褘屑	0.000274	2.207275	0.000605
屑褟褋薪褘褏	0.000822	0.116534	0.000096
屑褟褋芯	0.002466	0.040822	0.000101
屑褟褋芯屑	0.001370	0.040822	0.000056
屑褟褋褍	0.000548	0.116534	0.000064
薪邪蟹胁邪薪懈械	0.000274	0.941609	0.000258
薪邪蟹胁邪薪懈懈	0.000274	2.813411	0.000771
薪邪蟹胁邪薪懈褟	0.000548	2.120264	0.001162
薪邪蟹薪邪褔械薪懈褟	0.000274	0.116534	0.000032
薪邪蟹褘胁邪械褌褋褟	0.000274	2.040221	0.000559
薪邪蟹褘胁邪褌褜	0.000548	4.605170	0.002524
薪邪懈斜芯谢械械	0.000274	3.506558	0.000961
薪邪懈屑械薪芯胁邪薪懈械	0.000274	4.605170	0.001262
薪邪懈锌褉邪胁械泄褕械械	0.000274	4.605170	0.001262
薪邪谢懈胁泻邪	0.000274	0.040822	0.000011
薪邪谢懈褔懈褟	0.000274	4.605170	0.001262
薪邪锌懈褌泻懈	0.001644	0.040822	0.000067
薪邪锌懈褌芯泻	0.000274	0.040822	0.000011
薪邪锌褉懈屑械褉	0.000274	1.771957	0.000486
薪邪褋褌芯泄泻邪	0.000274	0.040822	0.000011
薪邪褋褌芯褟褖懈泄	0.000274	2.995732	0.000821
薪邪褋褌褉芯械薪懈械	0.000274	0.116534	0.000032
薪邪褌邪谢褜褟	0.000274	3.912023	0.001072
薪邪褍褌褉芯	0.000274	4.605170	0.001262
薪邪褑懈芯薪邪谢褜薪芯褋褌懈	0.000274	4.605170	0.001262
薪邪褑懈芯薪邪谢褜薪褘械	0.000274	0.116534	0.000032
薪邪褔懈薪泻邪	0.000548	0.040822	0.000022
薪邪褔懈薪泻械	0.000274	2.659260	0.000729
薪邪褔懈薪泻芯泄	0.000274	0.116534	0.000032
薪邪褕械泄	0.000548	1.347074	0.000738
薪邪褕械屑	0.000274	0.040822	0.000011
薪邪褕懈	0.000274	0.061875	0.000017
薪邪褕懈褏	0.000274	1.514128	0.000415
薪械胁械褋褌泻邪	0.000274	3.218876	0.000882
薪械谐芯	0.000274	0.941609	0.000258
薪械写械谢褟	0.002740	0.061875	0.000170
薪械卸薪芯泄	0.000274	0.116534	0.000032
薪械卸薪褘泄	0.001370	0.891598	0.001222
薪械懈薪褌械褉械褋薪邪	0.000274	4.605170	0.001262
薪械屑械褑泻邪褟	0.000274	0.116534	0.000032
薪械芯斜褘泻薪芯胁械薪薪芯	0.000274	1.897120	0.000520
薪械芯斜褘泻薪芯胁械薪薪褘泄	0.000274	4.605170	0.001262
薪械芯卸懈写邪薪薪褘械	0.000274	0.116534	0.000032
薪械锌褉邪胁懈谢褜薪芯械	0.000274	4.605170	0.001262
薪械褋泻芯谢褜泻芯	0.000274	0.916291	0.000251
薪械褋谢邪写泻芯械	0.000274	0.116534	0.000032
薪械褋屑芯褌褉褟	0.000274	2.525729	0.000692
薪械褟褋薪芯褋褌懈	0.000274	4.605170	0.001262
薪懈泻邪泻懈褏	0.000274	2.525729	0.000692
薪懈泻芯屑褍	0.000274	2.659260	0.000729
薪懈褏	0.000274	1.660731	0.000455
薪芯胁邪褟	0.000274	0.116534	0.000032
薪芯胁芯谐芯写薪械谐芯	0.001370	0.116534	0.000160
薪芯胁芯谐芯写薪械械	0.000822	0.116534	0.000096
薪芯胁芯谐芯写薪懈械	0.001644	0.040822	0.000067
薪芯胁芯谐芯写薪懈泄	0.001918	0.116534	0.000224
薪芯胁芯谐芯写薪褟褟	0.000274	0.105361	0.000029
薪芯胁芯褋褌褟褏	0.000274	0.061875	0.000017
薪芯胁褘械	0.000548	0.051293	0.000028
薪芯胁褘泄	0.003015	0.094311	0.000284
薪芯褉胁械卸褋泻邪褟	0.000274	0.116534	0.000032
薪芯褟斜褉褟	0.000274	0.527633	0.000145
芯斜械写	0.000822	0.105361	0.000087
芯斜械写褍	0.000274	3.912023	0.001072
芯斜械蟹褜褟薪褘	0.000274	0.116534	0.000032
芯斜卸邪褉懈胁邪褞	0.000274	3.912023	0.001072
芯斜褖邪褌褜褋褟	0.000274	0.040822	0.000011
芯斜褖邪褞褋褟	0.000274	4.605170	0.001262
芯斜褖械屑	0.000274	2.040221	0.000559
芯斜褟蟹邪褌械谢褜薪芯	0.000548	0.967584	0.000530
芯胁芯褖邪屑懈	0.000274	0.116534	0.000032
芯胁芯褖械泄	0.005481	0.105361	0.000577
芯胁芯褖懈	0.001644	0.094311	0.000155
芯胁芯褖薪邪褟	0.000274	0.040822	0.000011
芯胁芯褖薪芯械	0.000274	0.116534	0.000032
芯胁芯褖薪芯泄	0.000822	0.105361	0.000087
芯胁芯褖薪褘械	0.001370	0.040822	0.000056
芯胁褋褟薪芯械	0.000274	0.116534	0.000032
芯谐薪械薪薪芯泄	0.000274	0.116534	0.000032
芯谐薪褟	0.000274	0.116534	0.000032
芯谐褍褉械褑	0.003289	1.237874	0.004071
芯谐褍褉褑褘	0.000822	0.116534	0.000096
芯谐褍褉褔懈泻懈	0.000274	3.218876	0.000882
芯写薪芯谐芯	0.000274	1.660731	0.000455
芯泻芯褉芯褔芯泻	0.000548	2.407946	0.001320
芯泻褉芯褕泻邪	0.000822	0.040822	0.000034
芯泻褌褟斜褉褟	0.000548	0.562119	0.000308
芯谢邪写褜懈	0.000822	0.040822	0.000034
芯谢械泄薪邪	0.000822	0.116534	0.000096
芯谢械泄薪芯泄	0.001096	0.116534	0.000128
芯谢械泄薪褘	0.000274	0.127833	0.000035
芯谢懈胁泻懈	0.001096	2.207275	0.002420
芯谢懈胁泻芯胁芯械	0.000548	0.544727	0.000299
芯谢懈胁褜械	0.000274	2.995732	0.000821
芯屑谢械褌	0.000274	0.040822	0.000011
芯锌邪褉邪	0.000274	0.040822	0.000011
芯锌懈褋邪薪懈泄	0.000274	4.605170	0.001262
芯锌褉邪胁写邪薪懈械	0.000274	4.605170	0.001262
芯锌褉芯褋	0.000274	0.061875	0.000017
芯锌褟褌褜	0.000274	2.040221	0.000559
芯褉写械胁懈谢褜	0.000274	4.605170	0.001262
芯褉懈谐懈薪邪谢褜薪褘泄	0.000274	2.120264	0.000581
芯褋械薪薪械械	0.000274	0.116534	0.000032
芯褋械薪薪懈械	0.000274	0.051293	0.000014
芯褋械薪薪懈泄	0.000822	0.116534	0.000096
芯褋械薪褜	0.003015	0.105361	0.000318
芯褋薪芯胁邪薪懈泄	0.000274	4.605170	0.001262
芯褋薪芯胁械	0.000274	2.813411	0.000771
芯褋薪芯胁薪芯械	0.000274	0.040822	0.000011
芯褋薪芯胁薪褘屑懈	0.000274	3.506558	0.000961
芯褋褌邪胁谢褞	0.000274	4.605170	0.001262
芯褋褌邪械褌褋褟	0.000274	0.116534	0.000032
芯褋褌褉械薪褜泻懈泄	0.000274	4.605170	0.001262
芯褋褌褉褘屑懈	0.000548	4.605170	0.002524
芯褌胁械写邪胁褕懈	0.000274	4.605170	0.001262
芯褌胁械褌懈褌褜	0.000274	0.051293	0.000014
芯褌胁械褌芯胁	0.000274	0.051293	0.000014
芯褌胁械褌褘	0.000274	0.000000	0.000000
芯褌泻褉褘褌褘泄	0.000548	0.116534	0.000064
芯褌谢懈褔懈械	0.000274	4.605170	0.001262
芯褌谢懈褔薪芯	0.000274	1.514128	0.000415
芯褌屑械薪懈褌褜	0.000274	0.040822	0.000011
芯褌薪芯褕械薪懈懈	0.000274	4.605170	0.001262
芯褏邪褉邪泻褌械褉懈蟹芯胁邪褌褜	0.000274	3.912023	0.001072
芯褏谢邪写懈褌褜	0.000274	0.116534	0.000032
锌邪泻械褌懈泻邪褏	0.000274	0.105361	0.000029
锌邪谢芯褔泻懈	0.000274	0.040822	0.000011
锌邪薪懈褉芯胁泻邪	0.002192	0.116534	0.000255
锌邪薪懈褉芯胁芯褔薪褘械	0.000548	1.309333	0.000718
锌邪褉邪	0.000274	0.116534	0.000032
锌邪褉邪写	0.001918	0.116534	0.000224
锌邪褉芯胁邪褉泻械	0.002466	0.116534	0.000287
锌邪褉芯谢褜	0.000274	0.020203	0.000006
锌邪褉褍	0.000274	1.966113	0.000539
锌邪褋褌邪	0.001918	0.040822	0.000078
锌邪褋褌褉芯屑邪	0.000274	0.040822	0.000011
锌邪褋褏邪	0.000548	0.040822	0.000022
锌邪褋褏邪谢褜薪邪褟	0.000548	0.116534	0.000064
锌邪褋褏邪谢褜薪褘泄	0.000274	0.127833	0.000035
锌邪褕褌械褌	0.000274	0.040822	0.000011
锌邪褕褌械褌褘	0.000548	0.116534	0.000064
锌械泻邪褉褟	0.000274	0.127833	0.000035
锌械谢褜屑械薪懈	0.000274	0.116534	0.000032
锌械褉胁芯械	0.000548	0.040822	0.000022
锌械褉胁褘械	0.000274	0.127833	0.000035
锌械褉胁褘屑	0.000274	0.116534	0.000032
锌械褉胁褘褏	0.000274	2.120264	0.000581
锌械褉械泄褌懈	0.000274	0.040822	0.000011
锌械褉械泻褍褋	0.000548	0.116534	0.000064
锌械褉械褑	0.001918	0.040822	0.000078
锌械褉褋芯薪褘	0.000274	0.116534	0.000032
锌械褉褍邪薪褋泻邪褟	0.000274	0.116534	0.000032
锌械褋芯褔薪芯械	0.000548	0.105361	0.000058
锌械褋芯褔薪褘泄	0.000274	0.116534	0.000032
锌械褌械谢懈薪泻懈	0.000274	0.127833	0.000035
锌械褔械薪芯褔薪褘泄	0.000274	0.040822	0.000011
锌械褔械薪褜械	0.002466	0.040822	0.000101
锌械褔懈	0.000274	0.127833	0.000035
锌懈胁芯	0.000274	0.116534	0.000032
锌懈泻邪薪褌薪褘械	0.000274	3.912023	0.001072
锌懈泻邪薪褌薪褘泄	0.000274	2.407946	0.000660
锌懈泻邪薪褌褘	0.000274	0.127833	0.000035
锌懈泻薪懈泻	0.000548	0.116534	0.000064
锌懈泻薪懈泻邪	0.000274	0.116534	0.000032
锌懈泻薪懈泻褍	0.000274	0.105361	0.000029
锌懈褉	0.000274	0.116534	0.000032
锌懈褉芯谐	0.001370	0.040822	0.000056
锌懈褉芯谐懈	0.000274	0.105361	0.000029
锌懈褉芯卸泻懈	0.000274	0.040822	0.000011
锌懈褉芯卸薪芯械	0.000274	0.040822	0.000011
锌懈褉芯卸薪褘械	0.000274	0.116534	0.000032
锌懈褋邪谢	0.000274	3.912023	0.001072
锌懈褋邪褌械谢褜	0.000274	3.912023	0.001072
锌懈褌邪薪懈械	0.001370	0.105361	0.000144
锌懈褑褑邪	0.001370	0.040822	0.000056
锌懈褕械褌	0.000548	3.218876	0.001764
锌谢邪屑褟	0.000274	0.116534	0.000032
锌谢懈褌邪	0.001096	0.127833	0.000140
锌谢芯胁	0.000274	0.116534	0.000032
锌谢芯写褘	0.000274	0.116534	0.000032
锌谢芯褏芯	0.000274	3.912023	0.001072
锌芯胁邪褉械薪泻械	0.000274	0.040822	0.000011
锌芯胁邪褉械薪薪褘褏	0.000822	4.605170	0.003786
锌芯胁邪褉械薪芯泻	0.000274	0.061875	0.000017
锌芯胁邪褉褟褌	0.000274	0.116534	0.000032
锌芯胁邪褉褟褌邪屑懈	0.000274	0.040822	0.000011
锌芯胁邪褉褢薪泻邪	0.000274	0.116534	0.000032
锌芯胁懈写谢芯	0.000274	0.040822	0.000011
锌芯写邪胁邪械屑芯泄	0.000274	4.605170	0.001262
锌芯写邪褉泻芯胁	0.000274	0.116534	0.000032
锌芯写谢懈胁邪	0.000274	0.116534	0.000032
锌芯写谢懈胁泻邪	0.000274	0.040822	0.000011
锌芯写锌懈褋邪褌褜褋褟	0.000274	0.040822	0.000011
锌芯写锌懈褕懈褌械褋褜	0.000548	0.040822	0.000022
锌芯写褏芯写懈褌褜	0.000274	4.605170	0.001262
锌芯械写懈薪泻懈	0.003837	0.116534	0.000447
锌芯蟹写褉邪胁褜	0.000274	0.116534	0.000032
锌芯懈褋泻	0.000274	0.051293	0.000014
锌芯谢写薪懈泻	0.000548	0.116534	0.000064
锌芯谢械胁芯泄	0.000274	4.605170	0.001262
锌芯谢械蟹薪芯	0.000274	0.116534	0.000032
锌芯谢懈褌懈泻芯泄	0.000274	0.040822	0.000011
锌芯谢薪芯屑	0.000274	3.506558	0.000961
锌芯谢薪褘泄	0.000274	2.040221	0.000559
锌芯谢芯胁懈薪邪	0.002192	0.116534	0.000255
锌芯谢褍褌胁械褉写褘泄	0.001096	2.525729	0.002769
锌芯谢褍褔邪械屑	0.000274	4.605170	0.001262
锌芯谢褍褔邪泄褌械	0.000274	0.040822	0.000011
锌芯谢褍褔邪褌褜	0.000274	0.040822	0.000011
锌芯谢褜蟹邪	0.000274	0.127833	0.000035
锌芯谢褜蟹芯泄	0.001096	0.116534	0.000128
锌芯谢褜褋泻邪褟	0.000274	0.116534	0.000032
锌芯屑邪写泻邪	0.000548	0.040822	0.000022
锌芯屑邪写泻懈	0.000274	0.116534	0.000032
锌芯屑懈写芯褉	0.000548	0.713350	0.000391
锌芯屑懈写芯褉泻懈	0.000274	0.127833	0.000035
锌芯屑懈写芯褉褘	0.001096	0.116534	0.000128
锌芯薪懈屑邪薪懈懈	0.000274	4.605170	0.001262
锌芯薪褉邪胁懈胁褕懈械褋褟	0.000274	0.040822	0.000011
锌芯薪褉邪胁懈褌褋褟	0.000274	1.427116	0.000391
锌芯薪褔懈泻懈	0.000548	0.040822	0.000022
锌芯锌褍谢褟褉薪褘屑懈	0.000274	4.605170	0.001262
锌芯褉	0.000274	1.469676	0.000403
锌芯褉邪	0.000274	0.116534	0.000032
锌芯褉褌褍谐邪谢褜褋泻邪褟	0.000274	0.116534	0.000032
锌芯褋械褖邪械褌械	0.000274	0.061875	0.000017
锌芯褋泻芯谢褜泻褍	0.000274	2.040221	0.000559
锌芯褋谢褍卸懈褌	0.000274	3.218876	0.000882
锌芯褋褌	0.001370	0.105361	0.000144
锌芯褋褌邪	0.000274	2.207275	0.000605
锌芯褋褌邪胁懈褌褜	0.000274	2.525729	0.000692
锌芯褋褌薪芯械	0.000274	0.116534	0.000032
锌芯褋褌薪褘械	0.000274	0.040822	0.000011
锌芯褋褌薪褘泄	0.000274	0.116534	0.000032
锌芯褋褌芯褟薪薪芯	0.000274	0.040822	0.000011
锌芯褋褌褉芯懈屑	0.000274	0.116534	0.000032
锌芯褋褍写邪	0.000548	0.094311	0.000052
锌芯褔械屑褍	0.000274	1.203973	0.000330
锌芯褔褌褍	0.000274	0.040822	0.000011
锌芯褕邪谐芯胁褘械	0.000274	0.301105	0.000083
锌芯褕邪谐芯胁褘屑懈	0.000274	0.040822	0.000011
锌褉邪胁懈谢褜薪械械	0.000274	4.605170	0.001262
锌褉邪蟹写薪懈泻	0.000274	1.832581	0.000502
锌褉邪蟹写薪懈泻邪	0.000548	0.116534	0.000064
锌褉邪蟹写薪懈泻懈	0.000274	1.771957	0.000486
锌褉邪蟹写薪懈褔薪芯	0.000274	0.116534	0.000032
锌褉邪蟹写薪懈褔薪芯谐芯	0.000548	0.116534	0.000064
锌褉邪蟹写薪懈褔薪芯屑	0.000548	1.771957	0.000971
锌褉邪蟹写薪懈褔薪褘泄	0.000548	0.116534	0.000064
锌褉邪泻褌懈泻褍屑	0.000274	0.116534	0.000032
锌褉械胁芯褋褏芯写薪褘械	0.000274	0.116534	0.000032
锌褉械胁褉邪褖械薪懈褟	0.000274	0.116534	0.000032
锌褉械写胁芯褋褏懈褌懈褌褜	0.000274	4.605170	0.001262
锌褉械写谢邪谐邪褞	0.000274	0.693147	0.000190
锌褉械写褋褌邪胁谢褟褞	0.000274	2.302585	0.000631
锌褉械泻褉邪褋薪褘泄	0.000274	2.407946	0.000660
锌褉械褋薪芯械	0.000274	0.116534	0.000032
锌褉懈胁械褌	0.000274	2.659260	0.000729
锌褉懈胁褘褔薪械械	0.000274	4.605170	0.001262
锌褉懈谐芯褌芯胁懈屑	0.000274	0.116534	0.000032
锌褉懈谐芯褌芯胁懈褌褜	0.000548	0.342490	0.000188
锌褉懈谐芯褌芯胁谢械薪懈械	0.000274	0.105361	0.000029
锌褉懈谐芯褌芯胁谢械薪懈褞	0.000274	0.040822	0.000011
锌褉懈谐芯褌芯胁谢械薪懈褟	0.000274	0.371064	0.000102
锌褉懈谐芯褌芯胁褜	0.000274	4.605170	0.001262
锌褉懈谐芯褌芯胁褜褌械	0.000274	1.897120	0.000520
锌褉懈蟹薪邪薪懈械	0.000274	0.116534	0.000032
锌褉懈蟹芯胁	0.000274	0.040822	0.000011
锌褉懈薪褑懈锌	0.000274	4.605170	0.001262
锌褉懈薪褑懈锌械	0.000274	2.659260	0.000729
锌褉懈锌褉邪胁邪	0.000822	0.040822	0.000034
锌褉懈锌褉邪胁邪屑懈	0.000274	3.912023	0.001072
锌褉懈褉芯写褍	0.000274	0.116534	0.000032
锌褉懈褉芯写褘	0.000274	0.116534	0.000032
锌褉懈褋褌褍锌懈褌褜	0.000274	0.040822	0.000011
锌褉芯胁械写懈	0.001096	0.116534	0.000128
锌褉芯胁械褉械薪芯	0.001644	0.116534	0.000192
锌褉芯胁芯写懈屑褘褏	0.000274	0.040822	0.000011
锌褉芯胁芯卸邪械屑	0.000274	0.116534	0.000032
锌褉芯写褍泻褌芯胁	0.000274	0.094311	0.000026
锌褉芯写褍泻褌褘	0.000274	1.386294	0.000380
锌褉芯械泻褌芯胁	0.000274	0.116534	0.000032
锌褉芯械泻褌褘	0.000274	0.061875	0.000017
锌褉芯卸懈胁邪薪懈褟	0.000274	4.605170	0.001262
锌褉芯锌褍褋褌懈褌褜	0.000274	4.605170	0.001262
锌褉芯褋屑芯褌褉邪屑	0.000274	0.274437	0.000075
锌褉芯褋褌芯	0.001370	0.083382	0.000114
锌褉芯褋褌芯泻胁邪褕邪	0.000274	0.040822	0.000011
锌褉芯褋褌芯褉芯胁	0.000274	3.506558	0.000961
锌褉芯褋褌芯褌褍	0.000274	4.605170	0.001262
锌褉芯褋褟褌	0.000274	2.040221	0.000559
锌褉芯褎懈谢褜	0.000274	0.040822	0.000011
锌褉褟屑芯	0.000274	0.040822	0.000011
锌褉褟薪懈泻	0.000274	0.040822	0.000011
锌褉褟薪懈泻懈	0.000274	0.116534	0.000032
锌褉褟薪懈褔薪芯械	0.000274	0.116534	0.000032
锌褌懈褑邪	0.001370	0.116534	0.000160
锌褌懈褑械	0.000548	0.116534	0.000064
锌褌懈褑械泄	0.000274	0.127833	0.000035
锌褌懈褑褘	0.003837	0.116534	0.000447
锌褍斜谢懈泻芯胁邪谢	0.000274	4.605170	0.001262
锌褍斜谢懈褑懈褋褌	0.000274	4.605170	0.001262
锌褍写懈薪谐	0.000274	0.040822	0.000011
锌褍写懈薪谐懈	0.000548	0.116534	0.000064
锌褍薪褕	0.000274	0.040822	0.000011
锌褍褌械褕械褋褌胁懈械	0.000548	0.116534	0.000064
锌褍褌褜	0.000274	0.116534	0.000032
锌褕械薪懈褔薪邪褟	0.001644	0.287682	0.000473
锌褘褕泻懈	0.000274	0.040822	0.000011
锌褞褉械	0.001096	0.040822	0.000045
褉邪斜芯褌邪谢邪	0.000274	2.302585	0.000631
褉邪谐褍	0.000274	0.116534	0.000032
褉邪蟹	0.000274	0.446287	0.000122
褉邪蟹斜懈褉邪械屑芯屑	0.000274	4.605170	0.001262
褉邪蟹胁械褉薪褍褌褜	0.000274	0.116534	0.000032
褉邪蟹写械谢褜薪芯械	0.000274	0.116534	0.000032
褉邪蟹薪褘械	0.000274	0.116534	0.000032
褉邪蟹薪褘褏	0.000274	2.120264	0.000581
褉邪薪薪懈褏	0.000274	4.605170	0.001262
褉邪褋褋泻邪蟹芯胁	0.000274	4.605170	0.001262
褉邪褋褋芯谢	0.000548	3.912023	0.002144
褉邪褋褋芯谢褜薪懈泻	0.000548	0.040822	0.000022
褉邪褋褋芯谢褜薪懈泻邪	0.000274	0.116534	0.000032
褉邪褋褋芯谢褜薪懈泻芯胁	0.000274	4.605170	0.001262
褉邪褋褋褘谢泻懈	0.000274	0.061875	0.000017
褉邪褋褌懈褌械谢褜薪芯械	0.003289	0.235722	0.000775
褉邪褋褌褍褖邪褟	0.000274	4.605170	0.001262
褉械谐懈褋褌褉邪褑懈懈	0.000548	0.010050	0.000006
褉械谐懈褋褌褉邪褑懈褟	0.000274	0.000000	0.000000
褉械泄褌懈薪谐褍	0.000274	0.248461	0.000068
褉械锌褔邪褌褘泄	0.003289	0.430783	0.001417
褉械褋褌芯褉邪薪邪	0.000274	1.832581	0.000502
褉械褑械锌褌	0.003289	0.040822	0.000134
褉械褑械锌褌邪	0.000274	0.462035	0.000127
褉械褑械锌褌邪褏	0.000274	0.061875	0.000017
褉械褑械锌褌芯胁	0.001644	0.040822	0.000067
褉械褑械锌褌褘	0.019731	0.040822	0.000805
褉懈褋	0.001644	0.040822	0.000067
褉懈褋邪	0.000274	0.116534	0.000032
褉懈褌屑械	0.000274	0.116534	0.000032
褉芯谐邪谢懈泻懈	0.000274	0.040822	0.000011
褉芯写薪芯械	0.000274	0.116534	0.000032
褉芯卸写械薪懈褟	0.000274	0.105361	0.000029
褉芯卸写械褋褌胁芯	0.000274	0.116534	0.000032
褉芯泻褎芯褉写	0.000274	3.506558	0.000961
褉芯谢谢褌芯薪	0.000274	0.116534	0.000032
褉芯谢谢褘	0.000548	0.040822	0.000022
褉芯屑	0.000274	0.040822	0.000011
褉褍斜褉懈泻邪褌芯褉	0.000274	0.051293	0.000014
褉褍谢械褌	0.000274	0.040822	0.000011
褉褍谢械褌褘	0.002740	0.116534	0.000319
褉褍屑褘薪褋泻邪褟	0.000274	0.116534	0.000032
褉褍屑褟薪褘械	0.000274	0.116534	0.000032
褉褍薪械褌械	0.000274	0.020203	0.000006
褉褍褋谢邪薪	0.000274	4.605170	0.001262
褉褍褋褋泻邪褟	0.000274	0.116534	0.000032
褉褍褋褋泻懈屑懈	0.000274	3.506558	0.000961
褉褍褋褋泻懈褏	0.000274	4.605170	0.001262
褉褍褋褋泻芯械	0.000274	3.912023	0.001072
褉褍褋褋泻芯泄	0.000274	3.506558	0.000961
褉褘斜邪	0.003015	0.040822	0.000123
褉褘斜械	0.000548	0.116534	0.000064
褉褘斜薪邪褟	0.001096	0.116534	0.000128
褉褘斜薪芯谐芯	0.000548	0.116534	0.000064
褉褘斜薪芯屑	0.000274	4.605170	0.001262
褉褘斜薪褘械	0.001370	0.116534	0.000160
褉褘斜薪褘泄	0.000548	0.116534	0.000064
褉褘斜薪褘褏	0.000274	0.116534	0.000032
褉褘斜芯泄	0.000548	0.116534	0.000064
褉褘斜褘	0.003289	0.116534	0.000383
褉褘卸懈泻芯胁	0.000274	4.605170	0.001262
褉褟卸械薪泻邪	0.000274	0.116534	0.000032
褋邪泄褌	0.000822	0.000000	0.000000
褋邪泄褌褍	0.000548	0.061875	0.000034
褋邪谢邪褌	0.005481	0.094311	0.000517
褋邪谢邪褌邪	0.000274	1.078810	0.000296
褋邪谢邪褌械	0.000274	2.659260	0.000729
褋邪谢邪褌懈泻	0.000548	2.302585	0.001262
褋邪谢邪褌薪邪褟	0.000274	0.116534	0.000032
褋邪谢邪褌褘	0.016169	0.040822	0.000660
褋邪屑芯谐芯薪	0.000274	0.040822	0.000011
褋邪屑芯褋褌芯褟褌械谢褜薪芯械	0.000274	2.207275	0.000605
褋邪屑褘泄	0.000274	1.021651	0.000280
褋邪屑褘屑懈	0.000274	4.605170	0.001262
褋邪屑褘褏	0.000822	0.116534	0.000096
褋邪褎	0.000822	0.116534	0.000096
褋邪褎褋械屑	0.000274	0.116534	0.000032
褋邪褏邪褉	0.002192	0.116534	0.000255
褋斜械谐邪褞褌褋褟	0.000274	4.605170	0.001262
褋斜懈褌械薪褜	0.000274	0.040822	0.000011
褋斜芯褉薪邪褟	0.000548	4.605170	0.002524
褋胁械卸械泄	0.000274	3.506558	0.000961
褋胁械卸械褋褌褜	0.000274	0.105361	0.000029
褋胁械卸懈褏	0.000274	2.659260	0.000729
褋胁械泻谢邪	0.000822	0.040822	0.000034
褋胁械泻谢褘	0.000274	2.659260	0.000729
褋胁械泻芯谢褜薪懈泻	0.000548	0.040822	0.000022
褋胁械褌邪	0.001096	0.116534	0.000128
褋胁懈薪懈薪邪	0.000274	0.040822	0.000011
褋胁懈薪懈薪褘	0.001096	0.116534	0.000128
褋胁芯械	0.000274	0.116534	0.000032
褋胁芯械屑	0.000274	0.040822	0.000011
褋胁芯懈屑	0.000274	0.040822	0.000011
褋胁芯褞	0.000274	0.040822	0.000011
褋谐褍褖械薪泻邪	0.000274	0.040822	0.000011
褋械蟹芯薪	0.000274	0.116534	0.000032
褋械泄褔邪褋	0.000274	0.030459	0.000008
褋械泻褉械褌褘	0.000548	0.116534	0.000064
褋械谢械写泻邪	0.000274	0.040822	0.000011
褋械谢褜褋泻懈	0.000274	4.605170	0.001262
褋械谢褜褋泻懈泄	0.000274	4.605170	0.001262
褋械谢褟薪泻邪	0.001918	4.605170	0.008834
褋械谢褟薪泻邪屑懈	0.000274	4.605170	0.001262
褋械谢褟薪泻懈	0.000274	4.605170	0.001262
褋械谢褟薪芯泻	0.000274	4.605170	0.001262
褋械屑谐邪	0.000274	0.040822	0.000011
褋械屑械泄薪芯屑褍	0.000274	4.605170	0.001262
褋械屑械泄薪褘泄	0.000274	0.116534	0.000032
褋械屑褜械	0.000274	1.309333	0.000359
褋械屑褜懈	0.000548	0.116534	0.000064
褋械屑褜褟	0.000274	2.813411	0.000771
褋懈写褉	0.000274	0.040822	0.000011
褋懈褉懈泄褋泻邪褟	0.000274	0.116534	0.000032
褋懈褉芯锌	0.000274	0.040822	0.000011
褋懈褉芯锌褘	0.000274	0.116534	0.000032
褋懈褋褌械屑褘	0.000274	0.040822	0.000011
褋懈褌懈	0.000274	0.127833	0.000035
褋懈褏	0.000274	4.605170	0.001262
褋泻邪蟹邪谢	0.000274	1.771957	0.000486
褋泻邪蟹邪褌褜	0.000274	0.653926	0.000179
褋泻邪蟹芯泻	0.000274	0.116534	0.000032
褋泻胁芯褉褑芯胁	0.000274	4.605170	0.001262
褋泻芯胁芯褉芯写泻械	0.000274	2.207275	0.000605
褋泻芯谢褜泻芯	0.000274	1.832581	0.000502
褋泻芯褉芯	0.000274	2.813411	0.000771
褋谢邪写泻邪褟	0.000548	0.116534	0.000064
褋谢邪写泻懈械	0.001644	0.040822	0.000067
褋谢邪写泻懈泄	0.002466	0.105361	0.000260
褋谢邪写泻懈褏	0.000548	0.116534	0.000064
褋谢邪写泻芯	0.000274	0.116534	0.000032
褋谢械谐泻邪	0.000274	2.525729	0.000692
褋谢械写褍械褌	0.000274	3.912023	0.001072
褋谢懈胁泻懈	0.000548	1.078810	0.000591
褋谢懈胁芯褔薪芯械	0.002466	0.116534	0.000287
褋谢芯胁	0.000274	2.813411	0.000771
褋谢芯胁邪	0.000822	2.302585	0.001893
褋谢芯械薪芯谐芯	0.000274	0.127833	0.000035
褋谢芯械薪芯械	0.000274	0.116534	0.000032
褋谢芯械薪褘泄	0.000822	0.116534	0.000096
褋谢芯泄泻邪	0.000274	0.040822	0.000011
褋谢芯泄泻懈	0.000274	0.116534	0.000032
褋谢芯褢薪褘泄	0.000274	4.605170	0.001262
褋谢褍褔邪械	0.000274	1.897120	0.000520
褋屑械褌邪薪邪	0.000822	0.105361	0.000087
褋屑械褕邪薪薪芯谐芯	0.000274	0.116534	0.000032
褋屑芯卸械褌械	0.000274	0.040822	0.000011
褋屑褍蟹懈	0.000822	0.040822	0.000034
褋薪芯胁邪	0.000274	2.407946	0.000660
褋薪褝泻	0.000274	0.116534	0.000032
褋芯斜懈褉邪械褌械褋褜	0.000274	0.040822	0.000011
褋芯胁械褉褕械薪褋褌胁芯	0.001370	0.116534	0.000160
褋芯胁械褌邪屑懈	0.000274	0.040822	0.000011
褋芯胁褋械屑	0.000548	1.139434	0.000625
褋芯谐谢邪褕邪械褌械褋褜	0.000274	0.040822	0.000011
褋芯械胁褘泄	0.000548	0.798508	0.000438
褋芯蟹写邪械褌	0.000274	0.116534	0.000032
褋芯蟹写邪薪懈褟	0.000548	0.261365	0.000143
褋芯泻	0.000822	0.116534	0.000096
褋芯泻邪	0.000274	0.105361	0.000029
褋芯泻懈	0.000274	0.040822	0.000011
褋芯谢械薪褘械	0.001096	0.116534	0.000128
褋芯谢械薪褘泄	0.001644	2.813411	0.004626
褋芯谢械薪褘褏	0.000274	3.912023	0.001072
褋芯谢械薪褜褟	0.000548	0.116534	0.000064
褋芯谢薪械褔薪芯泄	0.000274	0.127833	0.000035
褋芯谢芯薪褔邪泻邪褏	0.000274	4.605170	0.001262
褋芯谢褜	0.005481	0.150823	0.000827
褋芯谢褟薪泻邪	0.004111	0.040822	0.000168
褋芯谢褟薪泻邪屑懈	0.000548	4.605170	0.002524
褋芯谢褟薪泻懈	0.000822	2.995732	0.002463
褋芯谢褟薪泻褍	0.000274	2.995732	0.000821
褋芯谢褟薪芯泻	0.000274	4.605170	0.001262
褋芯谢褟薪芯褔泻邪	0.000274	4.605170	0.001262
褋芯谢褢薪褘褏	0.000274	4.605170	0.001262
褋芯褉褌懈褉芯胁邪褌褜	0.000274	0.248461	0.000068
褋芯褋懈褋泻邪	0.000548	2.659260	0.001458
褋芯褋懈褋泻芯泄	0.000274	3.912023	0.001072
褋芯褋懈褋芯泻	0.000274	3.912023	0.001072
褋芯褋褌邪胁懈褌	0.000274	4.605170	0.001262
褋芯褋褌邪胁褜	0.000274	0.116534	0.000032
褋芯褍褋	0.003289	0.040822	0.000134
褋芯褍褋芯屑	0.001370	0.116534	0.000160
褋芯褍褋褘	0.001096	0.116534	0.000128
褋芯褏褉邪薪褟褌褜	0.000274	0.040822	0.000011
褋芯褑褋械褌懈	0.000274	0.040822	0.000011
褋芯褔械褌邪薪懈械	0.000274	0.116534	0.000032
褋芯褔械褌邪褞褌褋褟	0.000274	3.912023	0.001072
褋芯褔薪芯械	0.000274	0.116534	0.000032
褋芯褔薪褘泄	0.000274	2.407946	0.000660
褋芯褔薪褘屑懈	0.000274	3.218876	0.000882
褋锌邪谢褜薪褟屑懈	0.000274	0.446287	0.000122
褋锌械褑懈邪谢褜薪芯械	0.000274	0.116534	0.000032
褋锌械褑懈懈	0.000274	0.105361	0.000029
褋锌械褑锌褉芯械泻褌	0.009044	0.116534	0.001054
褋锌懈褋芯泻	0.000274	0.116534	0.000032
褋锌芯褉	0.000274	4.605170	0.001262
褋锌芯褞	0.000274	0.116534	0.000032
褋褉械写懈蟹械屑薪芯屑芯褉褋泻邪褟	0.000274	0.127833	0.000035
褋褌邪褉懈薪薪邪褟	0.000274	4.605170	0.001262
褋褌邪褉懈薪薪芯械	0.000274	3.912023	0.001072
褋褌邪褉褘械	0.000274	0.261365	0.000072
褋褌邪褉褘泄	0.000274	2.040221	0.000559
褋褌邪褉褘褏	0.000274	4.605170	0.001262
褋褌邪褌褜褟褏	0.000274	0.061875	0.000017
褋褌懈谢械	0.000274	0.116534	0.000032
褋褌懈谢褟	0.000274	0.116534	0.000032
褋褌芯谢	0.000822	0.105361	0.000087
褋褌芯谢邪	0.001918	0.116534	0.000224
褋褌芯谢械	0.000548	1.469676	0.000806
褋褌褉芯谐芯	0.000274	2.407946	0.000660
褋褌褉芯懈褌械谢褜褋褌胁械	0.000274	0.040822	0.000011
褋褌褉芯懈褌械谢褜褋褌胁褍	0.000274	0.040822	0.000011
褋褌褉芯懈褌褜	0.000274	0.040822	0.000011
褋褌褉芯泄薪芯泄	0.000274	0.116534	0.000032
褋褍斜锌褉芯写褍泻褌芯胁	0.001918	0.116534	0.000224
褋褍斜锌褉芯写褍泻褌褘	0.000822	0.116534	0.000096
褋褍锌	0.002740	0.040822	0.000112
褋褍锌邪	0.000548	0.040822	0.000022
褋褍锌邪屑懈	0.000548	4.605170	0.002524
褋褍锌芯胁	0.000274	3.506558	0.000961
褋褍锌芯屑	0.000548	3.506558	0.001922
褋褍锌褔懈泻	0.000274	2.302585	0.000631
褋褍锌褔懈泻邪	0.000274	3.912023	0.001072
褋褍锌褘	0.003837	0.040822	0.000157
褋褍褎谢械	0.000822	0.040822	0.000034
褋褍褏邪褉懈	0.000822	0.040822	0.000034
褋褍褕械薪褘褏	0.000274	4.605170	0.001262
褋褍褕懈	0.000548	0.040822	0.000022
褋褏芯卸	0.000274	4.605170	0.001262
褋褔械褌邪	0.000274	4.605170	0.001262
褋褔懈褌邪褞褌	0.000274	4.605170	0.001262
褋褗械写邪褞褌褋褟	0.000274	3.912023	0.001072
褋褘褉	0.003563	0.040822	0.000145
褋褘褉邪	0.002740	0.116534	0.000319
褋褘褉邪屑懈	0.000274	0.127833	0.000035
褋褘褉薪懈泻	0.000274	0.040822	0.000011
褋褘褉薪懈泻懈	0.000548	0.116534	0.000064
褋褘褉薪褘械	0.001096	0.040822	0.000045
褋褘褉芯屑	0.000822	0.713350	0.000586
褋褘褌薪芯械	0.000274	2.207275	0.000605
褋褘褌薪褘泄	0.002192	0.105361	0.000231
褋褘褔褍卸薪褘屑懈	0.000274	0.127833	0.000035
褋褝薪写胁懈褔懈	0.000274	0.127833	0.000035
褋褞褉锌褉懈蟹	0.000274	0.116534	0.000032
褌邪写卸懈泻褋泻邪褟	0.000274	0.116534	0.000032
褌邪泄褋泻邪褟	0.000274	0.116534	0.000032
褌邪泻芯谐芯	0.000548	1.078810	0.000591
褌邪褉褌	0.000274	0.116534	0.000032
褌邪褉褌邪谢械褌泻懈	0.000548	0.040822	0.000022
褌邪褌邪褉褋泻邪褟	0.000274	0.116534	0.000032
褌胁械褉写褘泄	0.001644	0.562119	0.000924
褌胁芯懈	0.000548	0.116534	0.000064
褌胁芯褉懈	0.000274	0.116534	0.000032
褌胁芯褉芯谐	0.000548	0.040822	0.000022
褌胁芯褉芯谐芯屑	0.000274	0.105361	0.000029
褌胁芯褉芯卸薪芯械	0.000274	0.116534	0.000032
褌胁芯褉芯卸薪褘械	0.000548	0.116534	0.000064
褌胁芯褉芯卸薪褘泄	0.000274	0.116534	0.000032
褌械泻褋褌邪	0.000274	4.605170	0.001262
褌械谢械谐褉邪屑	0.000274	0.040822	0.000011
褌械谢褟褌懈薪褘	0.001096	0.116534	0.000128
褌械屑	0.000822	0.967584	0.000795
褌械屑懈	0.000274	3.218876	0.000882
褌械锌谢芯屑	0.000274	0.116534	0.000032
褌械褉褉邪褋芯泄	0.000274	0.798508	0.000219
褌械褉褉懈薪	0.000274	0.040822	0.000011
褌械褋褌	0.001370	0.127833	0.000175
褌械褋褌邪	0.001644	0.105361	0.000173
褌械褋褌械	0.000274	2.040221	0.000559
褌械褋褌芯	0.002466	0.040822	0.000101
褌械褏	0.000274	0.634878	0.000174
褌械褏薪懈泻邪	0.001370	0.105361	0.000144
褌械褖懈薪	0.000274	0.040822	0.000011
褌懈邪薪懈	0.000274	4.605170	0.001262
褌屑	0.001096	0.127833	0.000140
褌芯胁邪褉懈褖懈	0.000274	4.605170	0.001262
褌芯屑邪褌薪邪褟	0.001370	1.560648	0.002138
褌芯锌谢械薪芯械	0.000274	0.116534	0.000032
褌芯褉褌	0.003015	0.040822	0.000123
褌芯褉褌褘	0.002466	0.116534	0.000287
褌芯褔泻懈	0.000274	4.605170	0.001262
褌褉邪胁邪	0.000274	4.605170	0.001262
褌褉邪胁褘	0.000274	0.105361	0.000029
褌褉邪写懈褑懈懈	0.000274	0.116534	0.000032
褌褉邪写懈褑懈泄	0.001096	0.116534	0.000128
褌褉邪写懈褑懈芯薪薪芯褋褌懈	0.000274	4.605170	0.001262
褌褉邪写懈褑懈褟褏	0.000274	0.116534	0.000032
褌褉械褏谢械褌懈械屑	0.000274	0.116534	0.000032
褌褉褍斜芯褔泻懈	0.000274	0.040822	0.000011
褌褉褍写邪	0.000274	2.407946	0.000660
褌褉褢褏	0.000274	4.605170	0.001262
褌褍薪懈褋褋泻邪褟	0.000274	0.116534	0.000032
褌褍薪褑芯屑	0.000274	0.116534	0.000032
褌褍褉械褑泻邪褟	0.000274	0.116534	0.000032
褌褍褕械薪芯泄	0.000274	3.218876	0.000882
褌褍褕褍	0.000274	4.605170	0.001262
褌褘泻胁邪	0.000274	0.040822	0.000011
褌褟卸械谢褘泄	0.000274	4.605170	0.001262
褍胁械写芯屑谢械薪懈褟	0.000274	0.040822	0.000011
褍谐芯褖邪泄褌械褋褜	0.000822	1.021651	0.000840
褍写邪褔薪邪褟	0.000274	0.116534	0.000032
褍写懈胁懈	0.000274	0.116534	0.000032
褍写懈胁谢褟械褌	0.000274	4.605170	0.001262
褍写懈胁谢褟泄褌械	0.001096	0.116534	0.000128
褍写芯胁芯谢褜褋褌胁懈械屑	0.000274	0.116534	0.000032
褍卸懈薪	0.001644	0.094311	0.000155
褍卸懈薪邪	0.000274	2.207275	0.000605
褍卸懈薪褍	0.000274	3.912023	0.001072
褍蟹斜械泻褋泻邪褟	0.000274	0.116534	0.000032
褍泻芯褉械薪懈胁褕械械褋褟	0.000274	4.605170	0.001262
褍泻褉邪懈薪褋泻邪褟	0.000274	0.116534	0.000032
褍泻褉邪褋懈褌	0.000274	1.560648	0.000428
褍泻褉邪褕械薪懈褟	0.002192	0.116534	0.000255
褍泻褉芯锌	0.001644	0.562119	0.000924
褍泻褉芯锌薪芯谐芯	0.000274	4.605170	0.001262
褍泻褋褍褋	0.001096	0.634878	0.000696
褍谢懈褑邪	0.000274	4.605170	0.001262
褍锌芯屑懈薪邪械褌褋褟	0.000274	4.605170	0.001262
褍锌芯褌褉械斜谢械薪懈械屑	0.000274	0.116534	0.000032
褍褉邪谢褜褋泻邪褟	0.000274	0.116534	0.000032
褍褉邪谢褜褋泻懈泄	0.000274	4.605170	0.001262
褍褉芯卸邪泄	0.000274	0.105361	0.000029
褍褌泻懈	0.000822	0.116534	0.000096
褍褌褉芯	0.000274	3.506558	0.000961
褍褏	0.000274	2.995732	0.000821
褍褏邪	0.000274	0.040822	0.000011
褍褔邪褋褌胁芯胁邪褌褜	0.000274	0.040822	0.000011
褎邪蟹械薪写褘	0.000274	0.127833	0.000035
褎邪薪褌邪蟹懈懈	0.001644	0.116534	0.000192
褎邪薪褌邪蟹懈泄	0.000274	0.116534	0.000032
褎邪薪褌邪蟹懈褟	0.000274	0.116534	0.000032
褎邪褉褕邪	0.003563	0.040822	0.000145
褎邪褉褕懈褉芯胁邪薪薪邪褟	0.000548	0.116534	0.000064
褎邪褉褕懈褉芯胁邪薪薪芯械	0.000274	0.116534	0.000032
褎邪褉褕懈褉芯胁邪薪薪褘械	0.000548	0.040822	0.000022
褎邪褉褕懈褉芯胁邪薪薪褘泄	0.000274	0.040822	0.000011
褎邪褋芯谢褜	0.000274	0.040822	0.000011
褎械胁褉邪谢褟	0.000548	0.105361	0.000058
褎械泄械褉胁械褉泻	0.000548	0.116534	0.000064
褎懈谐褍褉械	0.000274	0.116534	0.000032
褎懈谢械	0.000548	0.916291	0.000502
褎懈薪褋泻邪褟	0.000274	0.116534	0.000032
褎懈褉屑械薪薪芯械	0.000274	0.116534	0.000032
褎懈褉屑械薪薪褘泄	0.000274	2.525729	0.000692
褎芯薪写褞	0.000274	0.040822	0.000011
褎芯褉屑褘	0.000274	0.116534	0.000032
褎芯褉褍屑械	0.000548	0.040822	0.000022
褎芯褉褕屑邪泻	0.000274	0.040822	0.000011
褎褉邪薪褑懈懈	0.000274	0.116534	0.000032
褎褉邪薪褑褍蟹褋泻邪褟	0.000274	0.116534	0.000032
褎褉邪褍	0.001096	0.116534	0.000128
褎褉褍泻褌芯胁	0.001096	0.116534	0.000128
褎褉褍泻褌芯胁芯	0.000274	0.116534	0.000032
褎褉褍泻褌芯胁褘械	0.001918	0.040822	0.000078
褎褍写	0.000274	0.116534	0.000032
褎褍褉褕械褌	0.000274	0.116534	0.000032
褏邪谢胁邪	0.000274	0.040822	0.000011
褏邪褉胁械褋褌褎械褋褌	0.000548	0.116534	0.000064
褏邪褉褔芯	0.000548	0.040822	0.000022
褏邪褕	0.000274	0.040822	0.000011
褏胁芯褉芯褋褌	0.000274	0.040822	0.000011
褏懈薪泻邪谢懈	0.000274	0.116534	0.000032
褏懈褌	0.001918	0.116534	0.000224
褏谢械斜	0.000822	0.040822	0.000034
褏谢械斜芯锌械褔泻懈	0.000274	0.116534	0.000032
褏谢芯锌褜褟	0.000548	0.105361	0.000058
褏芯卸褍	0.000274	4.605170	0.001262
褏芯蟹褟泄泻懈	0.000274	0.127833	0.000035
褏芯谢芯写械褑	0.000274	0.040822	0.000011
褏芯谢芯写薪褘械	0.000548	0.116534	0.000064
褏芯谢芯写薪褘泄	0.000548	0.116534	0.000064
褏芯褉胁邪褌褋泻邪褟	0.000274	0.116534	0.000032
褏芯褉芯褕	0.000274	2.120264	0.000581
褏芯褉芯褕懈屑	0.000274	3.912023	0.001072
褏芯褉芯褕芯	0.001370	0.105361	0.000144
褏芯褉褋	0.000274	0.116534	0.000032
褏芯褌懈褌械	0.000274	0.040822	0.000011
褏褉褍褋褌褟褖邪褟	0.000274	2.302585	0.000631
褏褍屑褍褋	0.000274	0.040822	0.000011
褑邪褉褋褌胁芯	0.000274	0.127833	0.000035
褑邪褉褜	0.000274	0.116534	0.000032
褑胁械褌邪	0.000274	2.525729	0.000692
褑胁械褌薪邪褟	0.000274	0.040822	0.000011
褑械薪薪褘褏	0.000274	0.040822	0.000011
褑械薪褌褉	0.000274	0.116534	0.000032
褔邪械屑	0.000274	0.116534	0.000032
褔邪泄	0.000822	0.040822	0.000034
褔邪褋褌褜	0.000274	2.525729	0.000692
褔械斜褍褉械泻懈	0.000548	0.040822	0.000022
褔械谢芯胁械泻邪	0.000274	2.659260	0.000729
褔械谢芯胁械泻邪屑懈	0.000274	4.605170	0.001262
褔械褉泻懈蟹芯胁芯	0.000548	0.116534	0.000064
褔械褉薪褘械	0.000548	3.506558	0.001922
褔械褉薪褘泄	0.001644	0.371064	0.000610
褔械褉褉懈	0.000548	2.040221	0.001118
褔械褋薪芯泻	0.001644	0.314711	0.000517
褔械褋褌薪褘屑懈	0.000274	0.040822	0.000011
褔械褔械胁懈褑邪	0.000274	0.040822	0.000011
褔械褕褋泻邪褟	0.000274	0.116534	0.000032
褔懈蟹泻械泄泻	0.001096	0.040822	0.000045
褔懈谢懈泄褋泻邪褟	0.000274	0.116534	0.000032
褔懈锌褋褘	0.000274	0.040822	0.000011
褔懈褋谢褍	0.000274	0.261365	0.000072
褔谢械薪褘	0.000274	4.605170	0.001262
褔褍写械褋	0.000274	0.116534	0.000032
褔褍褌褜	0.000274	1.771957	0.000486
褕邪屑锌懈薪褜芯薪褘	0.000548	1.309333	0.000718
褕邪褉懈泻懈	0.000274	0.040822	0.000011
褕邪褉谢芯褌泻邪	0.000274	0.040822	0.000011
褕邪褉谢芯褌泻懈	0.000274	0.127833	0.000035
褕邪褉屑	0.000274	0.116534	0.000032
褕邪褕谢褘泻	0.003289	0.040822	0.000134
褕邪褕谢褘泻懈	0.000274	0.040822	0.000011
褕胁械写褋泻邪褟	0.000274	0.116534	0.000032
褕胁械泄褑邪褉褋泻邪褟	0.000274	0.116534	0.000032
褕械写械胁褉褘	0.000274	0.116534	0.000032
褕械褎	0.000274	0.127833	0.000035
褕懈谢芯胁邪	0.000274	4.605170	0.001262
褕懈锌褍褔泻邪	0.000274	0.040822	0.000011
褕懈褉芯泻邪褟	0.000274	0.127833	0.000035
褕泻芯谢褍	0.000274	0.116534	0.000032
褕芯泻芯谢邪写	0.000274	0.040822	0.000011
褕芯褌谢邪薪写褋泻邪褟	0.000274	0.116534	0.000032
褕褌褉褍写械谢褜	0.000274	0.040822	0.000011
褕褍褉锌邪	0.000274	0.040822	0.000011
褖邪褋	0.000274	0.116534	0.000032
褖械写褉邪褟	0.000274	0.116534	0.000032
褖械泄	0.000548	4.605170	0.002524
褖懈	0.000822	0.040822	0.000034
褝泻芯屑懈谢泻	0.000274	0.127833	0.000035
褝褋褌芯薪褋泻邪褟	0.000274	0.116534	0.000032
褝褌懈屑芯谢芯谐懈懈	0.000548	4.605170	0.002524
褝褌芯谐芯	0.001096	0.415515	0.000455
褝褌芯泄	0.000274	1.427116	0.000391
褝褌褍	0.000274	1.272966	0.000349
褞谐芯褋谢邪胁褋泻邪褟	0.000274	0.116534	0.000032
褟谐芯写薪褘械	0.000548	0.116534	0.000064
褟谐芯写薪褘泄	0.000548	0.116534	0.000064
褟蟹褘泻	0.000274	0.040822	0.000011
褟懈褑	0.001096	0.116534	0.000128
褟泄褑邪	0.000274	0.040822	0.000011
褟泄褑芯	0.003289	0.261365	0.000860
褟薪胁邪褉褟	0.000548	0.733969	0.000402
褟薪写械泻褋	0.000274	0.072571	0.000020
褟锌芯薪褋泻邪褟	0.000274	0.116534	0.000032
褟锌芯薪褋泻芯泄	0.000274	0.061875	0.000017
褟褉泻懈械	0.000274	0.116534	0.000032
褟褉泻懈泄	0.000548	3.218876	0.001764
褟褉泻芯	0.000274	0.105361	0.000029
