褌芯泻械薪	TF	IDF	TF-IDF
邪斜褏邪蟹褋泻邪褟	0.000299	0.116534	0.000035
邪胁褋褌褉邪谢懈泄褋泻邪褟	0.000299	0.116534	0.000035
邪胁褋褌褉懈泄褋泻邪褟	0.000299	0.116534	0.000035
邪胁褌芯泻谢邪胁邪	0.000299	0.116534	0.000035
邪胁褌芯屑芯斜懈谢械屑	0.000299	4.605170	0.001377
邪胁褌芯屑芯斜懈谢褜	0.000299	4.605170	0.001377
邪胁褌芯屑芯斜懈谢褟屑懈	0.000299	4.605170	0.001377
邪胁褌芯褉	0.001196	1.427116	0.001707
邪胁褌芯褉邪屑	0.000299	0.040822	0.000012
邪谐褉芯	0.000299	0.116534	0.000035
邪写卸懈泻邪	0.000299	0.040822	0.000012
邪蟹械褉斜邪泄写卸邪薪褋泻邪褟	0.000299	0.116534	0.000035
邪蟹懈邪褌褋泻邪褟	0.000299	0.127833	0.000038
邪蟹褘	0.000299	0.127833	0.000038
邪泄薪褌芯锌褎	0.000299	3.912023	0.001170
邪泄褉邪薪	0.000299	0.040822	0.000012
邪泻胁邪褌懈泻邪	0.000897	0.127833	0.000115
邪谢械泻褋械褟	0.000299	0.127833	0.000038
邪谢泻芯谐芯谢褜	0.000598	0.116534	0.000070
邪谢泻芯谐芯谢褜薪褘械	0.000299	0.116534	0.000035
邪谢泻芯谐芯谢褟	0.000299	0.116534	0.000035
邪谢谢褞褉芯屑	0.000299	4.605170	0.001377
邪谢褜褌械褉薪邪褌懈胁邪	0.001196	3.506558	0.004194
邪谢褜褌械褉薪邪褌懈胁薪褘泄	0.000299	3.912023	0.001170
邪谢褜褟薪褋	0.000299	0.116534	0.000035
邪屑械褉懈泻邪薪褋泻邪褟	0.000299	0.116534	0.000035
邪薪谐谢懈泄褋泻邪褟	0.000598	0.116534	0.000070
邪薪写褉械褟	0.000299	0.127833	0.000038
邪薪械褔泻邪	0.000299	3.912023	0.001170
邪薪褜	0.000299	4.605170	0.001377
邪锌锌械褌懈褌邪	0.000299	2.659260	0.000795
邪褉邪斜褋泻邪褟	0.000299	0.116534	0.000035
邪褉谐械薪褌懈薪褋泻邪褟	0.000299	0.116534	0.000035
邪褉屑褟薪褋泻邪褟	0.000299	0.116534	0.000035
邪褋褋芯褉褌懈	0.000598	0.116534	0.000070
邪褌谢邪薪褌	0.000299	0.127833	0.000038
邪褌屑芯褋褎械褉褍	0.001196	2.995732	0.003583
邪褎谐邪薪褋泻邪褟	0.000299	0.116534	0.000035
邪褎褉懈泻邪薪械褑	0.000299	4.605170	0.001377
邪褎褉懈泻邪薪褋泻邪褟	0.000299	0.116534	0.000035
邪褝褉芯谐褉懈谢械	0.002990	0.116534	0.000348
斜邪谐械褌	0.000299	3.218876	0.000963
斜邪泻谢邪卸邪薪褘	0.000299	0.040822	0.000012
斜邪谢褌泻芯屑	0.000299	0.127833	0.000038
斜邪褉邪薪懈薪褘	0.001196	0.116534	0.000139
斜邪褋屑邪褌懈	0.000598	0.127833	0.000076
斜邪褋褌褍褉屑邪	0.000299	0.040822	0.000012
斜邪褌芯薪褔懈泻懈	0.000299	0.127833	0.000038
斜邪褕泻懈褉褋泻邪褟	0.000299	0.116534	0.000035
斜械蟹邪谢泻芯谐芯谢褜薪褘械	0.000299	0.116534	0.000035
斜械蟹谐谢褞褌械薪芯胁褘械	0.000299	0.116534	0.000035
斜械蟹械	0.001196	0.040822	0.000049
斜械谢械斜械械胁褋泻懈泄	0.000598	0.116534	0.000070
斜械谢泻懈	0.000897	2.407946	0.002160
斜械谢芯褉褍褋褋泻邪褟	0.000299	0.116534	0.000035
斜械谢褜谐懈泄褋泻邪褟	0.000299	0.116534	0.000035
斜械褉械屑械薪薪褘褏	0.000299	0.116534	0.000035
斜械褋械写懈薪邪	0.000299	0.127833	0.000038
斜械褕邪屑械谢械屑	0.000299	3.912023	0.001170
斜械褕邪屑械谢褜	0.001495	2.813411	0.004207
斜械褕邪屑械谢褟	0.000299	4.605170	0.001377
斜懈褋泻胁懈褌	0.000299	0.040822	0.000012
斜懈褋泻胁懈褌薪芯械	0.000598	0.116534	0.000070
斜懈褋泻胁懈褌薪褘泄	0.000299	0.105361	0.000032
斜懈褋泻胁懈褌褘	0.000299	0.127833	0.000038
斜谢懈卸械	0.000299	0.116534	0.000035
斜谢懈蟹泻懈褏	0.000299	0.116534	0.000035
斜谢懈薪芯胁	0.000598	0.116534	0.000070
斜谢懈薪褘	0.001196	0.040822	0.000049
斜谢芯谐邪	0.000299	2.407946	0.000720
斜谢芯谐邪褏	0.000299	2.407946	0.000720
斜谢褞写	0.000598	0.094311	0.000056
斜谢褞写邪	0.027811	0.040822	0.001135
斜谢褞写芯	0.002392	0.040822	0.000098
斜谢褞写褍	0.000299	0.116534	0.000035
斜芯斜芯胁褘械	0.000598	0.127833	0.000076
斜芯斜芯胁褘褏	0.001794	0.116534	0.000209
斜芯谢谐邪褉褋泻邪褟	0.000299	0.116534	0.000035
斜芯谢褜褕械	0.001196	0.105361	0.000126
斜芯褉褖	0.000598	0.040822	0.000024
斜芯褌胁懈薪褜褟	0.000299	0.040822	0.000012
斜褉邪蟹懈谢褜褋泻邪褟	0.000299	0.116534	0.000035
斜褉邪褍蟹械褉械	0.000299	0.040822	0.000012
斜褉邪褍薪懈	0.000299	0.040822	0.000012
斜褉械褋褌	0.000299	0.127833	0.000038
斜褉芯泻泻芯谢懈	0.000299	0.040822	0.000012
斜褉褞泻懈	0.000299	4.605170	0.001377
斜褍卸械薪懈薪邪	0.000299	0.040822	0.000012
斜褍谢芯褔泻邪屑懈	0.000299	0.116534	0.000035
斜褍谢芯褔泻懈	0.000598	0.040822	0.000024
斜褍谢褜芯薪	0.002093	0.040822	0.000085
斜褍谢褜芯薪褘	0.001196	0.116534	0.000139
斜褍屑邪谐褍	0.000299	4.605170	0.001377
斜褍褉谐械褉	0.000299	0.040822	0.000012
斜褍褉谐械褉褘	0.000299	0.127833	0.000038
斜褍褉褟褌褋泻邪褟	0.000299	0.116534	0.000035
斜褍褌械褉斜褉芯写	0.002093	0.116534	0.000244
斜褍褌械褉斜褉芯写褘	0.002392	0.040822	0.000098
斜褘胁邪械褌	0.000299	2.407946	0.000720
斜褘褋褌褉邪褟	0.001196	3.506558	0.004194
斜褘褋褌褉芯	0.000299	0.094311	0.000028
斜褘褋褌褉芯泄	0.000299	0.116534	0.000035
斜褘褋褌褉褘泄	0.000598	0.105361	0.000063
胁邪卸薪褘械	0.000299	0.116534	0.000035
胁邪谢谢懈泄褋泻邪褟	0.000299	0.116534	0.000035
胁邪褉械薪懈泻懈	0.000299	0.116534	0.000035
胁邪褉械薪褜械	0.000598	0.040822	0.000024
胁邪褉懈邪薪褌	0.002691	0.562119	0.001513
胁邪褌褉褍褕泻懈	0.000299	0.040822	0.000012
胁邪褎谢懈	0.000598	0.040822	0.000024
胁邪褕械泄	0.000598	0.040822	0.000024
胁邪褕懈	0.001196	2.302585	0.002754
胁胁械褉褏褍	0.000299	4.605170	0.001377
胁胁芯写邪	0.000299	2.302585	0.000689
胁胁芯写褟	0.000299	0.040822	0.000012
胁写芯褏薪芯胁械薪懈械	0.001196	0.116534	0.000139
胁写芯褏薪芯胁械薪懈械屑	0.000598	0.116534	0.000070
胁写芯褏薪芯胁谢褟泄褋褟	0.000299	0.116534	0.000035
胁械谐械褌邪褉懈邪薪褋泻懈械	0.000299	0.127833	0.000038
胁械谐械褌邪褉懈邪薪褋泻芯械	0.000299	0.116534	0.000035
胁械谢懈泻懈泄	0.000299	0.116534	0.000035
胁械薪谐械褉褋泻邪褟	0.000299	0.116534	0.000035
胁械褉褋懈懈	0.001196	3.506558	0.004194
胁械褉褋懈褟	0.000299	2.407946	0.000720
胁械褋械薪薪懈械	0.000299	0.051293	0.000015
胁械褋薪邪	0.001495	0.116534	0.000174
胁械褋薪械	0.000299	4.605170	0.001377
胁械褋薪褘	0.000299	0.116534	0.000035
胁械褌褔懈薪褘	0.000299	0.105361	0.000032
胁蟹斜懈褌褜	0.000299	3.218876	0.000963
胁懈写械芯	0.000598	0.116534	0.000070
胁懈写懈褕褜	0.000299	4.605170	0.001377
胁懈卸褍	0.000299	3.912023	0.001170
胁懈薪芯	0.000598	0.040822	0.000024
胁泻褍褋	0.000598	0.105361	0.000063
胁泻褍褋邪	0.002392	0.116534	0.000279
胁泻褍褋薪邪褟	0.001196	0.061875	0.000074
胁泻褍褋薪械械	0.000598	0.116534	0.000070
胁泻褍褋薪械泄	0.000299	0.116534	0.000035
胁泻褍褋薪芯	0.000897	0.094311	0.000085
胁泻褍褋薪褘械	0.000598	0.105361	0.000063
胁泻褍褋芯屑	0.000299	0.105361	0.000032
胁泻褍褋褍	0.000598	1.272966	0.000761
胁泻褍褋褘	0.000598	2.120264	0.001268
胁谢懈褌褜	0.000299	3.218876	0.000963
胁谢褞斜谢械薪薪褘褏	0.000299	0.116534	0.000035
胁屑械褋褌械	0.000299	0.916291	0.000274
胁屑械褋褌芯	0.001196	2.407946	0.002880
胁薪懈蟹	0.000299	4.605170	0.001377
胁芯	0.001794	0.061875	0.000111
胁芯写械	0.000299	0.105361	0.000032
胁芯泄褌懈	0.001196	0.000000	0.000000
胁芯谢械泄	0.000299	4.605170	0.001377
胁芯谢芯胁邪薪褘	0.000299	0.116534	0.000035
胁芯谢褕械斜薪褘械	0.000299	0.116534	0.000035
胁芯谢褕械斜褋褌胁芯	0.000299	0.116534	0.000035
胁芯锌褉芯褋褘	0.000598	0.000000	0.000000
胁芯褋锌芯谢褜蟹芯胁邪胁褕懈褋褜	0.000299	2.302585	0.000689
胁芯褋锌芯屑懈薪邪薪懈褟	0.000299	3.912023	0.001170
胁芯褋褌芯褔薪邪褟	0.000299	0.127833	0.000038
胁褉械屑械薪邪	0.000598	0.116534	0.000070
胁褉械屑械薪械屑	0.001794	0.116534	0.000209
胁褉械屑械薪懈	0.000299	0.967584	0.000289
胁褉械屑褟	0.000598	0.400478	0.000240
胁褉芯写械	0.000299	1.897120	0.000567
胁褋械谐写邪	0.000299	0.653926	0.000196
胁褋械谐芯	0.000299	0.186330	0.000056
胁褋械泄	0.000897	0.105361	0.000095
胁褋械屑褍	0.000299	0.061875	0.000019
胁褋锌芯屑薪懈褌褜	0.000299	0.040822	0.000012
胁褋褌邪胁泻懈	0.000598	2.407946	0.001440
胁褋褌褍锌邪泄褌械	0.000299	2.407946	0.000720
胁褌芯褉芯械	0.000598	0.116534	0.000070
胁褌芯褉褘械	0.000299	0.127833	0.000038
胁褏芯写	0.000897	0.030459	0.000027
胁褔械褉邪	0.002691	2.040221	0.005491
胁褘谐谢褟写械褌褜	0.000299	2.302585	0.000689
胁褘泄褌懈	0.000299	0.040822	0.000012
胁褘谢芯卸懈褌械	0.000598	4.605170	0.002754
胁褘锌械褔泻邪	0.003589	0.040822	0.000146
胁褘锌械褔泻懈	0.000598	0.072571	0.000043
胁褘锌械褔泻芯泄	0.001495	0.116534	0.000174
胁褜械褌薪邪屑褋泻邪褟	0.000299	0.116534	0.000035
谐邪胁邪泄褋泻邪褟	0.000299	0.116534	0.000035
谐邪褉邪卸芯屑	0.000299	1.078810	0.000323
谐邪褉薪懈褉	0.001495	0.040822	0.000061
谐邪褋锌邪褔芯	0.000299	0.040822	0.000012
谐械芯谐褉邪褎懈褟	0.000299	0.116534	0.000035
谐械褉屑邪薪懈懈	0.000299	3.506558	0.001049
谐谢邪胁薪褘泄	0.000299	0.040822	0.000012
谐谢邪蟹邪	0.000299	2.525729	0.000755
谐谢邪蟹褍薪褜懈	0.000299	4.605170	0.001377
谐谢邪蟹褍褉褜	0.000897	0.040822	0.000037
谐谢懈薪褌胁械泄薪	0.000299	0.040822	0.000012
谐芯胁褟写懈薪褘	0.001196	0.116534	0.000139
谐芯胁褟卸褜械泄	0.000299	4.605170	0.001377
谐芯写	0.002691	0.105361	0.000284
谐芯谢谢邪薪写褋泻邪褟	0.000299	0.116534	0.000035
谐芯谢芯胁械	0.000299	3.912023	0.001170
谐芯褉泻芯泄	0.000299	3.912023	0.001170
谐芯褉芯写邪	0.000299	0.116534	0.000035
谐芯褉芯褏	0.000299	0.116534	0.000035
谐芯褉褔懈褑邪	0.002093	0.040822	0.000085
谐芯褉褔懈褑邪屑懈	0.000299	0.127833	0.000038
谐芯褉褔懈褑褍	0.000299	4.605170	0.001377
谐芯褉褔懈褔薪褘泄	0.000299	3.506558	0.001049
谐芯褉褕芯褔泻邪褏	0.000299	0.105361	0.000032
谐芯褉褕芯褔泻械	0.000299	0.040822	0.000012
谐芯褉褟褔械械	0.000598	0.116534	0.000070
谐芯褉褟褔懈械	0.010467	0.105361	0.001103
谐芯褉褟褔懈泄	0.000598	0.116534	0.000070
谐芯褋褌懈	0.002990	0.116534	0.000348
谐芯褌芯胁懈屑	0.001794	0.094311	0.000169
谐芯褌芯胁懈褌褜	0.002392	0.105361	0.000252
谐芯褌芯胁芯谐芯	0.000299	2.302585	0.000689
谐芯褌芯胁褜	0.000598	0.116534	0.000070
谐芯褌芯胁褟褌	0.000299	0.116534	0.000035
谐褉械薪泻懈	0.000598	0.040822	0.000024
谐褉械褔械褋泻邪褟	0.000299	0.116534	0.000035
谐褉械褔泻邪	0.000299	0.040822	0.000012
谐褉懈斜邪屑懈	0.001196	0.105361	0.000126
谐褉懈斜薪褘械	0.000598	0.040822	0.000024
谐褉懈斜芯胁	0.000897	0.116534	0.000105
谐褉懈斜褘	0.000897	0.040822	0.000037
谐褉懈谢械	0.001495	0.116534	0.000174
谐褉懈谢褜	0.000299	0.116534	0.000035
谐褉懈谢褜屑邪薪懈褟	0.000299	0.116534	0.000035
谐褉懈谢褟	0.001196	0.116534	0.000139
谐褉芯谐	0.000299	0.040822	0.000012
谐褉褍蟹懈薪褋泻邪褟	0.000299	0.116534	0.000035
谐褉褍锌锌褍	0.000598	2.407946	0.001440
谐褉褍锌锌褘	0.000299	0.061875	0.000019
谐褍褉屑邪薪懈褟	0.001794	0.116534	0.000209
谐褍褉屑械	0.000299	0.127833	0.000038
谐褍褋褟	0.000598	0.105361	0.000063
写邪械褌	0.000299	0.040822	0.000012
写邪薪薪褘械	0.000299	0.040822	0.000012
写邪褉褘	0.000299	0.116534	0.000035
写邪褌褋泻邪褟	0.000299	0.116534	0.000035
写邪褔薪芯械	0.000897	0.116534	0.000105
写胁懈卸械薪懈械屑	0.000299	3.912023	0.001170
写械泻芯褉	0.000299	0.127833	0.000038
写械谢邪械褌	0.000598	0.116534	0.000070
写械谢懈屑褋褟	0.000299	0.040822	0.000012
写械谢芯屑	0.000299	0.116534	0.000035
写械薪褜	0.001495	0.083382	0.000125
写械褋械褉褌	0.000897	0.116534	0.000105
写械褋械褉褌邪褑懈褟	0.000299	0.116534	0.000035
写械褋械褉褌薪褘械	0.000299	0.116534	0.000035
写械褋械褉褌褘	0.004187	0.040822	0.000171
写械褋褟褌褜	0.000299	2.207275	0.000660
写械褌械泄	0.000299	0.116534	0.000035
写卸械屑	0.000299	0.040822	0.000012
写蟹械薪	0.000299	0.116534	0.000035
写懈械褌邪	0.000299	0.116534	0.000035
写懈械褌褘	0.000299	0.116534	0.000035
写懈泻懈泄	0.000598	0.116534	0.000070
写懈泻芯谐芯	0.000299	0.116534	0.000035
写懈锌	0.000299	0.116534	0.000035
写懈褉	0.000299	3.912023	0.001170
写懈褔懈	0.000598	0.116534	0.000070
写懈褔褜	0.000299	0.116534	0.000035
写薪械胁薪懈泻邪褏	0.000299	0.061875	0.000019
写薪械泄	0.000897	0.116534	0.000105
写薪褟	0.000299	0.040822	0.000012
写芯斜邪胁懈褌褜	0.000897	1.514128	0.001358
写芯斜邪胁谢褟械褌褋褟	0.000299	3.218876	0.000963
写芯斜邪胁谢褟褌褜	0.000299	0.040822	0.000012
写芯斜邪胁褜	0.000299	0.116534	0.000035
写芯斜褉芯褎谢芯褌	0.000299	0.127833	0.000038
写芯胁械褉褟械褕褜	0.000299	0.116534	0.000035
写芯胁械褉褟泄	0.000299	4.605170	0.001377
写芯谐	0.000299	3.912023	0.001170
写芯谢卸薪褘	0.001196	2.407946	0.002880
写芯屑	0.002691	0.040822	0.000110
写芯屑邪褕薪械械	0.000897	0.040822	0.000037
写芯屑邪褕薪懈械	0.000598	0.040822	0.000024
写芯屑邪褕薪懈泄	0.001495	0.116534	0.000174
写芯屑邪褕薪褟褟	0.000598	0.105361	0.000063
写芯屑芯胁	0.000299	0.040822	0.000012
写芯褉芯谐褍	0.000299	2.995732	0.000896
写褉邪泄胁	0.001495	0.127833	0.000191
写褉芯卸卸械胁芯械	0.000299	0.116534	0.000035
写褉褍谐懈屑懈	0.000299	0.040822	0.000012
写褉褍谐褍褞	0.000299	3.506558	0.001049
写褉褍蟹褜褟屑懈	0.000299	2.040221	0.000610
写褍褏芯胁泻邪	0.001196	0.127833	0.000153
写褍褏芯胁泻械	0.001196	0.867501	0.001038
写褍褏芯胁泻褍	0.000299	1.771957	0.000530
写褍褕懈	0.000897	0.105361	0.000095
械胁褉械泄褋泻邪褟	0.000299	0.116534	0.000035
械谐懈锌械褌褋泻邪褟	0.000299	0.116534	0.000035
械写懈薪褘泄	0.000299	0.040822	0.000012
械泻芯	0.000299	0.127833	0.000038
卸邪褉械薪褘褏	0.001196	3.506558	0.004194
卸邪褉泻芯械	0.000299	0.040822	0.000012
卸械谢邪薪懈褞	0.000598	3.218876	0.001925
卸械谢械	0.000897	0.040822	0.000037
卸械薪褋泻邪褟	0.000299	0.127833	0.000038
卸械薪褋泻芯屑	0.000299	0.061875	0.000019
卸械薪褖懈薪褘	0.000598	0.116534	0.000070
卸懈蟹薪懈	0.000299	0.040822	0.000012
卸懈蟹薪褜	0.000299	0.116534	0.000035
卸懈褉褘	0.000897	2.207275	0.001980
卸褍谢褜械薪	0.000299	0.040822	0.000012
卸褍褉薪邪谢邪	0.000299	0.127833	0.000038
卸褞谢褜械薪	0.000299	0.040822	0.000012
蟹邪胁邪褉薪芯械	0.000299	0.116534	0.000035
蟹邪胁邪褉薪芯泄	0.000299	0.116534	0.000035
蟹邪胁褌褉邪泻	0.003888	0.094311	0.000367
蟹邪胁褌褉邪泻懈	0.000299	0.127833	0.000038
蟹邪谐芯褌芯胁泻懈	0.001196	0.040822	0.000049
蟹邪谐褍褋褌械薪懈褟	0.000299	4.605170	0.001377
蟹邪写邪胁邪褌褜	0.000299	0.040822	0.000012
蟹邪懈薪褌械褉械褋芯胁邪谢	0.000299	2.407946	0.000720
蟹邪泄褑邪	0.000598	0.116534	0.000070
蟹邪泻胁邪褋泻邪	0.000299	0.040822	0.000012
蟹邪泻胁邪褋泻邪屑懈	0.000299	0.116534	0.000035
蟹邪泻胁邪褋泻械	0.000299	4.605170	0.001377
蟹邪泻胁邪褋芯泻	0.000299	0.127833	0.000038
蟹邪泻褉褘褌褘泄	0.001794	0.116534	0.000209
蟹邪泻褉褘褌褜	0.000299	4.605170	0.001377
蟹邪泻褍褋泻懈	0.006878	0.040822	0.000281
蟹邪泻褍褋泻褍	0.001495	0.116534	0.000174
蟹邪泻褍褋芯薪褔懈泻	0.000299	0.116534	0.000035
蟹邪泻褍褋芯褔泻邪	0.000299	0.116534	0.000035
蟹邪泻褍褋芯褔薪褘械	0.002691	0.116534	0.000314
蟹邪谢懈胁薪芯械	0.000598	0.040822	0.000024
蟹邪屑芯褉芯蟹泻邪	0.000299	0.105361	0.000032
蟹邪锌邪写	0.000299	0.116534	0.000035
蟹邪锌械泻邪薪泻邪	0.001196	0.105361	0.000126
蟹邪锌械泻邪薪泻懈	0.002093	0.040822	0.000085
蟹邪锌械泻邪褌褜	0.000299	2.813411	0.000841
蟹邪锌械褔械薪薪邪褟	0.001196	2.120264	0.002536
蟹邪锌械褔械薪薪褘械	0.000299	2.302585	0.000689
蟹邪锌懈褋褜褞	0.000299	2.302585	0.000689
蟹邪锌褉邪胁泻邪	0.000598	0.040822	0.000024
蟹邪锌褉芯褋褌芯	0.000299	3.912023	0.001170
蟹邪褉邪薪械械	0.001196	1.660731	0.001987
蟹邪褉械谐懈褋褌褉懈褉芯胁邪胁褕懈褋褜	0.000299	0.040822	0.000012
蟹邪褉械谐懈褋褌褉懈褉芯胁邪薪薪褘械	0.000299	2.207275	0.000660
蟹邪褉械谐懈褋褌褉懈褉芯胁邪褌褜褋褟	0.000598	0.030459	0.000018
蟹邪褋芯谢泻邪	0.000299	0.116534	0.000035
蟹胁邪薪褘泄	0.000299	0.127833	0.000038
蟹胁械蟹写邪	0.000299	0.127833	0.000038
蟹胁褢蟹写薪褘械	0.000299	0.116534	0.000035
蟹写芯褉芯胁芯械	0.000299	0.116534	0.000035
蟹写芯褉芯胁褘泄	0.000299	0.116534	0.000035
蟹械谢械薪懈	0.001196	2.120264	0.002536
蟹械谢械薪褜	0.000299	0.094311	0.000028
蟹械褎懈褉	0.000299	0.040822	0.000012
蟹懈屑薪懈械	0.000299	0.051293	0.000015
蟹懈屑薪褞褞	0.001196	3.506558	0.004194
蟹懈屑褍	0.001196	0.040822	0.000049
蟹薪邪谢邪	0.000299	2.995732	0.000896
蟹薪邪褔懈褌	0.000299	2.659260	0.000795
蟹芯谢芯褌邪褟	0.000299	0.116534	0.000035
蟹褍斜	0.000299	3.506558	0.001049
懈胁邪薪芯胁邪	0.000299	0.127833	0.000038
懈写械邪谢褜薪邪褟	0.000299	0.116534	0.000035
懈写械邪谢褜薪芯谐芯	0.001495	0.116534	0.000174
懈写械邪谢褜薪芯械	0.000299	0.116534	0.000035
懈写械泄泻懈	0.000299	0.116534	0.000035
懈蟹胁械褋褌薪褘屑	0.000299	2.995732	0.000896
懈蟹写械谢懈褟	0.000897	0.116534	0.000105
懈蟹写械谢懈褟屑懈	0.000897	0.116534	0.000105
懈泻褉邪	0.000897	0.040822	0.000037
懈屑械薪械屑	0.000299	0.040822	0.000012
懈薪胁械褉褌芯褉薪芯泄	0.000299	0.127833	0.000038
懈薪谐褉械写懈械薪褌褘	0.001196	0.139262	0.000167
懈薪写械泄泻懈	0.001495	0.094311	0.000141
懈薪写械泄泻芯泄	0.000299	0.116534	0.000035
懈薪写懈泄褋泻邪褟	0.000299	0.116534	0.000035
懈薪写懈谢邪泄褌	0.000897	0.116534	0.000105
懈薪写懈褉械褋薪褘械	0.000299	0.116534	0.000035
懈薪褋褌褉褍泻褑懈褟屑懈	0.000299	0.040822	0.000012
懈薪褌械褉械褋械薪	0.000598	3.218876	0.001925
懈薪褌械褉械褋薪褘泄	0.000299	1.897120	0.000567
懈褉邪泻褋泻邪褟	0.000299	0.116534	0.000035
懈褉邪薪褋泻邪褟	0.000299	0.116534	0.000035
懈褉谢邪薪写褋泻邪褟	0.000299	0.116534	0.000035
懈褋泻褉械薪薪械	0.000299	0.116534	0.000035
懈褋谢邪薪写褋泻邪褟	0.000299	0.116534	0.000035
懈褋锌邪薪褋泻邪褟	0.000299	0.116534	0.000035
懈褋锌械泻懈	0.000299	0.116534	0.000035
懈褋锌芯谢褜蟹芯胁邪褌褜	0.001196	1.514128	0.001811
懈褋锌芯谢褜蟹褍械褌褋褟	0.000598	1.714798	0.001026
懈褋锌褉邪胁谢褟褞	0.000299	4.605170	0.001377
懈褋褌芯褉懈懈	0.001495	0.116534	0.000174
懈褋褌芯褉懈褞	0.000299	0.116534	0.000035
懈褌邪谢懈懈	0.000598	0.105361	0.000063
懈褌邪谢褜褟薪褋泻邪褟	0.000299	0.116534	0.000035
泄芯谐褍褉褌	0.000897	0.040822	0.000037
泻邪斜邪褔泻懈	0.000299	0.040822	0.000012
泻邪胁泻邪蟹褋泻邪褟	0.000299	0.116534	0.000035
泻邪蟹邪薪械	0.000299	0.116534	0.000035
泻邪蟹邪褏褋泻邪褟	0.000299	0.116534	0.000035
泻邪泻邪芯	0.000598	0.040822	0.000024
泻邪谢械泄写芯褋泻芯锌	0.001196	0.116534	0.000139
泻邪谢屑褘褑泻邪褟	0.000299	0.116534	0.000035
泻邪谢褜屑邪褉	0.000299	0.040822	0.000012
泻邪屑械褉邪	0.000299	0.116534	0.000035
泻邪薪邪写褋泻邪褟	0.000299	0.116534	0.000035
泻邪薪邪谢	0.000598	0.040822	0.000024
泻邪薪邪谢械	0.000299	0.040822	0.000012
泻邪薪邪锌械	0.000598	0.040822	0.000024
泻邪锌褍褋褌邪	0.000598	0.040822	0.000024
泻邪锌褍褋褌薪褟泻	0.000299	0.040822	0.000012
泻邪锌褍褋褌褘	0.000299	0.040822	0.000012
泻邪褉邪屑械谢褜	0.000299	0.040822	0.000012
泻邪褉泻邪褋薪褘泄	0.001196	0.116534	0.000139
泻邪褉褌芯褎械谢褜	0.000299	0.040822	0.000012
泻邪褉褌芯褎械谢褜薪芯械	0.000299	0.040822	0.000012
泻邪褉褌芯褎械谢褜薪褘泄	0.000299	0.116534	0.000035
泻邪褉褌芯褕泻邪	0.000598	0.040822	0.000024
泻邪褌械谐芯褉懈懈	0.000299	0.116534	0.000035
泻邪褌械谐芯褉懈褟	0.000897	0.150823	0.000135
泻邪褔械褋褌胁芯	0.000299	0.116534	0.000035
泻邪褕邪	0.000299	0.040822	0.000012
泻邪褕懈	0.001495	0.105361	0.000158
泻邪褕褍	0.000299	0.094311	0.000028
泻胁邪褋	0.000897	0.040822	0.000037
泻胁邪褋薪芯械	0.000897	0.116534	0.000105
泻胁邪褋芯屑	0.000299	0.127833	0.000038
泻械泻褋	0.000299	0.040822	0.000012
泻械泻褋褘	0.000598	0.116534	0.000070
泻械褎懈褉	0.000299	0.040822	0.000012
泻懈屑褔懈	0.000299	0.040822	0.000012
泻懈薪芯邪	0.000598	0.127833	0.000076
泻懈薪芯谢械薪褌邪	0.000299	0.116534	0.000035
泻懈褋械谢褜	0.000598	0.040822	0.000024
泻懈褌邪泄褋泻邪褟	0.000299	0.116534	0.000035
泻泻邪谢	0.001794	2.302585	0.004131
泻谢邪斜	0.000299	4.605170	0.001377
泻谢邪胁懈褕邪屑	0.000299	4.605170	0.001377
泻谢邪褋褋	0.002392	0.116534	0.000279
泻谢邪褋褋懈泻械	0.000299	4.605170	0.001377
泻谢邪褋褋褘	0.000299	0.116534	0.000035
泻薪懈谐褍	0.000299	0.040822	0.000012
泻芯写	0.001495	2.407946	0.003600
泻芯泻褌械泄谢懈	0.000299	0.127833	0.000038
泻芯泻褌械泄谢褜	0.001495	0.040822	0.000061
泻芯谢斜邪褋邪	0.000299	0.040822	0.000012
泻芯谢斜邪褋薪褘屑懈	0.000897	0.116534	0.000105
泻芯谢懈褔械褋褌胁芯	0.000299	1.832581	0.000548
泻芯谢懈褔械褋褌胁芯屑	0.001196	3.218876	0.003850
泻芯屑邪薪写邪	0.000598	0.127833	0.000076
泻芯屑斜懈薪邪褑懈褞	0.001196	3.506558	0.004194
泻芯屑懈	0.000299	0.116534	0.000035
泻芯屑屑械薪褌邪褉懈懈	0.000897	1.966113	0.001764
泻芯屑屑械薪褌邪褉懈泄	0.000598	2.302585	0.001377
泻芯屑锌邪薪懈泄	0.000299	0.105361	0.000032
泻芯屑锌芯褌	0.000897	0.040822	0.000037
泻芯屑褌械	0.002392	3.506558	0.008389
泻芯屑褌褝	0.000299	4.605170	0.001377
泻芯薪懈薪褘	0.000299	0.116534	0.000035
泻芯薪泻褍褉褋	0.063995	0.105361	0.006743
泻芯薪泻褍褉褋邪	0.000299	0.116534	0.000035
泻芯薪泻褍褉褋邪褏	0.000299	0.040822	0.000012
泻芯薪泻褍褉褋薪褘械	0.000299	0.127833	0.000038
泻芯薪褋械褉胁懈褉芯胁邪薪懈械	0.000299	0.040822	0.000012
泻芯薪褋械褉胁懈褉芯胁邪薪薪邪褟	0.000299	0.116534	0.000035
泻芯薪褋械褉胁懈褉芯胁邪薪薪芯械	0.000299	0.116534	0.000035
泻芯薪褋械褉胁懈褉芯胁邪薪薪褘械	0.000598	0.116534	0.000070
泻芯薪褋械褉胁懈褉芯胁邪薪薪褘泄	0.000299	0.116534	0.000035
泻芯薪褌邪泻褌械	0.000299	2.407946	0.000720
泻芯薪褎械褌褌懈	0.000299	0.116534	0.000035
泻芯薪褎械褌褘	0.000897	0.040822	0.000037
泻芯薪褎懈写械薪褑懈邪谢褜薪芯褋褌懈	0.000299	0.040822	0.000012
泻芯薪褎懈褌褞褉	0.000299	0.040822	0.000012
泻芯锌褔械薪芯褋褌褟屑懈	0.000299	0.116534	0.000035
泻芯褉械泄褋泻邪褟	0.000299	0.116534	0.000035
泻芯褉械泄褋泻懈	0.000299	0.040822	0.000012
泻芯褉械泄褋泻懈泄	0.000299	4.605170	0.001377
泻芯褉卸懈泻懈	0.000299	0.040822	0.000012
泻芯褉屑褟褖懈褏	0.000299	0.116534	0.000035
泻芯褌谢械褌褘	0.000598	0.040822	0.000024
泻芯褌芯褉芯屑褍	0.000299	0.116534	0.000035
泻芯褎械	0.000598	0.040822	0.000024
泻褉邪褋懈胁褘泄	0.000299	2.659260	0.000795
泻褉邪褋懈胁褘屑懈	0.000299	3.912023	0.001170
泻褉邪褋泻懈	0.000299	0.116534	0.000035
泻褉械邪褌懈胁	0.000299	0.127833	0.000038
泻褉械屑	0.000299	0.040822	0.000012
泻褉械屑邪	0.000598	0.116534	0.000070
泻褉械锌泻懈泄	0.000299	0.116534	0.000035
泻褉芯泻	0.008373	3.218876	0.026952
泻褉芯泻械褌芯胁	0.002392	3.506558	0.008389
泻褉芯泻芯胁	0.000299	4.605170	0.001377
泻褉芯谢懈泻邪	0.000598	0.116534	0.000070
泻褉芯屑械	0.000299	0.061875	0.000019
泻褉芯褏懈	0.000299	0.116534	0.000035
泻褉褍谐邪屑懈	0.000299	4.605170	0.001377
泻褉褍谐褍	0.000598	0.116534	0.000070
泻褉褍锌	0.001794	0.116534	0.000209
泻褉褍锌邪	0.000299	0.127833	0.000038
泻褉褍锌薪芯泄	0.000299	4.605170	0.001377
泻褉褍锌薪褘泄	0.000299	3.912023	0.001170
泻褉褍锌褘	0.000598	0.127833	0.000076
泻褉褍锌褟薪褘械	0.000299	0.116534	0.000035
泻褍斜懈泻懈	0.000299	3.218876	0.000963
泻褍斜懈薪褋泻邪褟	0.000299	0.116534	0.000035
泻褍谢械褕	0.000299	0.040822	0.000012
泻褍谢懈薪邪褉邪屑	0.000299	3.506558	0.001049
泻褍谢懈薪邪褉懈懈	0.000897	0.094311	0.000085
泻褍谢懈薪邪褉薪邪褟	0.000299	0.116534	0.000035
泻褍谢懈薪邪褉薪芯械	0.000299	0.116534	0.000035
泻褍谢懈薪邪褉薪褍褞	0.000299	0.040822	0.000012
泻褍谢懈薪邪褉薪褘泄	0.000598	0.072571	0.000043
泻褍谢懈薪邪褉薪褘褏	0.000299	0.116534	0.000035
泻褍谢懈褔	0.000299	0.040822	0.000012
泻褍谢懈褔懈	0.000299	0.116534	0.000035
泻褍褉写褋泻邪褟	0.000299	0.116534	0.000035
泻褍褉懈薪芯谐芯	0.000299	0.116534	0.000035
泻褍褉懈薪芯械	0.000299	0.127833	0.000038
泻褍褉懈薪褘泄	0.000299	0.105361	0.000032
泻褍褉懈褌	0.000299	4.605170	0.001377
泻褍褉懈褑邪	0.000299	0.040822	0.000012
泻褍褉懈褑褘	0.000897	0.116534	0.000105
泻褍褉芯褔泻芯泄	0.000299	0.116534	0.000035
泻褍褋泻懈	0.000299	4.605170	0.001377
泻褍褋泻褍褋	0.000299	0.040822	0.000012
泻褍褋芯泻	0.000598	4.605170	0.002754
泻褍褏薪械泄	0.000299	0.040822	0.000012
泻褍褏薪懈	0.000897	0.040822	0.000037
泻褍褏薪褟	0.000897	0.116534	0.000105
谢邪胁邪褕	0.000598	0.040822	0.000024
谢邪胁邪褕邪	0.001196	0.116534	0.000139
谢邪谐屑邪薪	0.000299	0.040822	0.000012
谢邪泻芯屑褋褌胁芯	0.000299	0.116534	0.000035
谢邪锌褕邪	0.000598	0.040822	0.000024
谢邪褌褘褕褋泻邪褟	0.000299	0.116534	0.000035
谢械谐泻邪褟	0.000299	0.116534	0.000035
谢械谐泻懈泄	0.000598	0.116534	0.000070
谢械谐泻芯	0.001794	0.116534	0.000209
谢械锌械褕泻懈	0.000598	0.040822	0.000024
谢械褌邪	0.000299	0.116534	0.000035
谢械褌薪懈械	0.000299	0.040822	0.000012
谢械褌薪褟褟	0.000299	0.116534	0.000035
谢械褌芯	0.001495	0.116534	0.000174
谢械褔芯	0.000299	0.040822	0.000012
谢懈谐邪	0.000897	0.116534	0.000105
谢懈泻械褉	0.000299	0.040822	0.000012
谢懈屑芯薪邪写	0.000598	0.040822	0.000024
谢懈褌芯胁褋泻	0.000299	0.127833	0.000038
谢懈褌芯胁褋泻邪褟	0.000299	0.116534	0.000035
谢芯屑褌懈泻	0.000299	4.605170	0.001377
谢褍泻	0.002691	0.301105	0.000810
谢褍泻邪	0.001794	2.207275	0.003960
谢褍泻芯胁褘泄	0.000299	2.659260	0.000795
谢褍泻芯屑	0.005981	2.207275	0.013201
谢褍褔褕懈械	0.000299	0.116534	0.000035
谢褍褔褕懈泄	0.000598	0.040822	0.000024
谢褍褔褕懈褏	0.000299	0.116534	0.000035
谢褞斜胁懈	0.000299	0.105361	0.000032
谢褞斜懈屑芯谐芯	0.000299	0.127833	0.000038
谢褞斜懈屑芯屑褍	0.000299	0.116534	0.000035
谢褞斜懈屑褘械	0.001196	2.995732	0.003583
谢褞斜懈屑褘褏	0.001794	0.116534	0.000209
谢褞斜芯胁褜	0.000299	0.116534	0.000035
谢褞斜芯泄	0.000598	0.116534	0.000070
谢褢写	0.000299	0.127833	0.000038
屑邪谐褉懈斜邪	0.000299	0.116534	0.000035
屑邪写邪屑	0.002691	4.605170	0.012394
屑邪泄	0.000299	0.116534	0.000035
屑邪泄芯薪械蟹	0.000299	0.116534	0.000035
屑邪泻邪褉芯薪薪褘械	0.000299	0.116534	0.000035
屑邪泻邪褉芯薪褘	0.000299	0.040822	0.000012
屑邪谢邪蟹懈泄褋泻邪褟	0.000299	0.116534	0.000035
屑邪薪薪懈泻	0.000299	0.040822	0.000012
屑邪薪褌褘	0.000299	0.116534	0.000035
屑邪薪褢胁褉褘	0.000299	0.116534	0.000035
屑邪褉邪褎芯薪	0.000897	0.116534	0.000105
屑邪褉懈薪邪写	0.002691	0.040822	0.000110
屑邪褉懈薪邪写褘	0.000897	0.116534	0.000105
屑邪褉懈薪芯胁邪薪薪褘械	0.000299	0.116534	0.000035
屑邪褉屑械谢邪写	0.000299	0.040822	0.000012
屑邪褉芯泻泻邪薪褋泻邪褟	0.000299	0.116534	0.000035
屑邪褉褌邪	0.001495	0.105361	0.000158
屑邪褋泻邪褉锌芯薪械	0.000299	0.040822	0.000012
屑邪褋谢械薪懈褑邪	0.000897	0.040822	0.000037
屑邪褋谢械薪懈褔薪芯械	0.000299	0.116534	0.000035
屑邪褋谢芯	0.001794	0.116534	0.000209
屑邪褋谢芯屑	0.001196	0.116534	0.000139
屑邪褋褌械褉	0.002691	0.116534	0.000314
屑邪褋褌懈泻邪	0.000299	0.040822	0.000012
屑邪褋褌懈泻懈	0.000299	0.116534	0.000035
屑邪褎褎懈薪褘	0.000299	0.116534	0.000035
屑邪褏械械胁褗	0.001196	0.116534	0.000139
屑械写懈邪褎芯褉褌	0.000897	0.000000	0.000000
屑械写芯胁褘泄	0.000299	0.116534	0.000035
屑械泻褋懈泻邪薪褋泻邪褟	0.000299	0.116534	0.000035
屑械谢泻懈屑懈	0.000299	4.605170	0.001377
屑械谢泻芯	0.000299	2.995732	0.000896
屑械薪褞	0.000299	0.116534	0.000035
屑械薪褟	0.000897	0.083382	0.000075
屑械薪褟械褌褋褟	0.000299	0.116534	0.000035
屑械褋褜械	0.007476	3.218876	0.024065
屑械褔褌邪	0.000299	0.116534	0.000035
屑械褔褌褘	0.000598	0.040822	0.000024
屑懈写懈懈	0.000299	0.040822	0.000012
屑懈泻褉芯胁芯谢薪芯胁泻械	0.000299	0.116534	0.000035
屑懈谢褜械	0.000299	0.116534	0.000035
屑懈薪懈	0.000299	2.995732	0.000896
屑懈薪褍褌	0.000897	0.755023	0.000677
屑懈薪褍褌褍	0.000598	2.659260	0.001590
屑懈芯	0.000299	0.116534	0.000035
屑懈褉	0.000299	0.116534	0.000035
屑懈褉邪	0.000299	0.116534	0.000035
屑懈褉芯胁邪褟	0.000299	0.116534	0.000035
屑懈褋芯	0.000299	0.040822	0.000012
屑懈褋褌械褉懈褟	0.000299	0.116534	0.000035
屑懈褋褌褉邪谢褜	0.002093	0.116534	0.000244
屑谢	0.000299	2.813411	0.000841
屑薪芯卸械褋褌胁芯屑	0.000299	0.040822	0.000012
屑芯械	0.000299	0.116534	0.000035
屑芯械屑褍	0.000299	1.897120	0.000567
屑芯卸械褌械	0.002093	0.000000	0.000000
屑芯泄	0.000299	0.105361	0.000032
屑芯谢写邪胁褋泻邪褟	0.000299	0.116534	0.000035
屑芯谢芯泻械	0.000299	0.105361	0.000032
屑芯谢芯泻芯	0.001794	0.116534	0.000209
屑芯谢芯褔薪褘泄	0.000598	0.040822	0.000024
屑芯谢芯褔薪褘褏	0.000299	0.116534	0.000035
屑芯屑械薪褌	0.000897	0.116534	0.000105
屑芯薪谐芯谢褜褋泻邪褟	0.000299	0.116534	0.000035
屑芯褉械	0.000299	0.116534	0.000035
屑芯褉械锌褉芯写褍泻褌芯胁	0.003289	0.040822	0.000134
屑芯褉械锌褉芯写褍泻褌褘	0.000598	0.116534	0.000070
屑芯褉泻芯胁褜	0.000299	0.040822	0.000012
屑芯褉芯卸械薪芯械	0.000897	0.040822	0.000037
屑芯褉褋	0.000299	0.040822	0.000012
屑芯褉褋褘	0.000299	0.116534	0.000035
屑芯褌芯褉	0.000299	0.116534	0.000035
屑芯褏懈褌芯	0.000299	0.040822	0.000012
屑褋褜械	0.000897	4.605170	0.004131
屑褍卸褋泻邪褟	0.000299	0.127833	0.000038
屑褍卸褔懈薪褘	0.000598	0.116534	0.000070
屑褍泻邪	0.001495	0.274437	0.000410
屑褍泻褍	0.000299	2.813411	0.000841
屑褍谢褜褌懈胁邪褉泻械	0.011364	0.116534	0.001324
屑褍谢褜褌懈锌械泻邪褉械泄	0.000897	0.116534	0.000105
屑褍褋褋	0.000299	0.040822	0.000012
屑褍褋褋褘	0.000598	0.116534	0.000070
屑褍褔薪褘械	0.000299	0.116534	0.000035
屑褜褋械	0.000299	4.605170	0.001377
屑褜褋褢	0.000299	4.605170	0.001377
屑褞褋谢懈	0.000598	0.116534	0.000070
屑褟褋邪	0.002392	0.116534	0.000279
屑褟褋薪芯谐芯	0.000598	0.116534	0.000070
屑褟褋薪芯泄	0.000299	0.116534	0.000035
屑褟褋薪褘械	0.001495	0.040822	0.000061
屑褟褋薪褘褏	0.000897	0.116534	0.000105
屑褟褋芯	0.002392	0.040822	0.000098
屑褟褋芯屑	0.001495	0.040822	0.000061
屑褟褋褍	0.000598	0.116534	0.000070
薪邪斜懈褉邪械褕褜	0.000299	4.605170	0.001377
薪邪胁械褉褏	0.000598	2.302585	0.001377
薪邪写褞褕邪	0.000598	3.912023	0.002340
薪邪蟹薪邪褔械薪懈械	0.000299	2.407946	0.000720
薪邪蟹薪邪褔械薪懈褟	0.000598	0.116534	0.000070
薪邪谢懈胁泻邪	0.000299	0.040822	0.000012
薪邪谢懈褔懈械屑	0.000299	4.605170	0.001377
薪邪屑邪卸褜褌械	0.000299	4.605170	0.001377
薪邪屑邪蟹邪薪薪邪褟	0.000299	4.605170	0.001377
薪邪屑邪蟹邪薪薪芯泄	0.000299	4.605170	0.001377
薪邪锌懈褌泻懈	0.001794	0.040822	0.000073
薪邪锌懈褌芯泻	0.000299	0.040822	0.000012
薪邪锌褉邪褕懈胁邪械褌褋褟	0.000299	3.218876	0.000963
薪邪锌褉懈屑械褉	0.000299	1.771957	0.000530
薪邪褉械蟹邪薪薪褘械	0.000299	3.912023	0.001170
薪邪褉械蟹邪薪薪褘泄	0.000299	3.218876	0.000963
薪邪褋褌芯泄泻邪	0.000299	0.040822	0.000012
薪邪褋褌褉芯械薪懈械	0.000299	0.116534	0.000035
薪邪褌褢褉褌芯谐芯	0.000299	4.605170	0.001377
薪邪褌褢褉褌褘泄	0.000299	4.605170	0.001377
薪邪褑懈芯薪邪谢褜薪褘械	0.000299	0.116534	0.000035
薪邪褔懈薪懈褌褜	0.001196	3.218876	0.003850
薪邪褔懈薪泻邪	0.000598	0.040822	0.000024
薪邪褔懈薪泻芯泄	0.000598	0.116534	0.000070
薪邪褕械屑	0.000299	0.040822	0.000012
薪邪褕懈	0.000598	0.061875	0.000037
薪邪褕褍	0.000299	2.407946	0.000720
薪械斜芯谢褜褕懈屑	0.001196	3.506558	0.004194
薪械写械谢褟	0.002990	0.061875	0.000185
薪械卸薪芯泄	0.000299	0.116534	0.000035
薪械屑	0.000299	1.203973	0.000360
薪械屑械褑泻邪褟	0.000299	0.116534	0.000035
薪械屑薪芯谐芯	0.001196	1.203973	0.001440
薪械芯卸懈写邪薪薪褘械	0.000598	0.116534	0.000070
薪械锌芯褋褉械写褋褌胁械薪薪芯	0.001196	2.995732	0.003583
薪械褋谢邪写泻芯械	0.000299	0.116534	0.000035
薪懈卸械	0.000299	2.813411	0.000841
薪懈褔械谐芯	0.000299	0.941609	0.000282
薪芯胁邪褟	0.000299	0.116534	0.000035
薪芯胁芯谐芯写薪械谐芯	0.001495	0.116534	0.000174
薪芯胁芯谐芯写薪械械	0.000897	0.116534	0.000105
薪芯胁芯谐芯写薪懈械	0.001794	0.040822	0.000073
薪芯胁芯谐芯写薪懈泄	0.002093	0.116534	0.000244
薪芯胁芯谐芯写薪褟褟	0.000299	0.105361	0.000032
薪芯胁芯褋褌褟褏	0.000299	0.061875	0.000019
薪芯胁褘械	0.000598	0.051293	0.000031
薪芯胁褘泄	0.002691	0.094311	0.000254
薪芯胁褘褏	0.000299	1.966113	0.000588
薪芯褉胁械卸褋泻邪褟	0.000299	0.116534	0.000035
薪褉邪胁懈褌褋褟	0.000299	1.427116	0.000427
薪褉邪胁褟褌褋褟	0.000299	1.771957	0.000530
芯斜械写	0.002392	0.105361	0.000252
芯斜械蟹褜褟薪褘	0.000299	0.116534	0.000035
芯斜卸邪褉械薪薪褘泄	0.001196	3.218876	0.003850
芯斜褉邪蟹	0.001196	3.506558	0.004194
芯斜褉邪褌懈褌褜褋褟	0.000299	3.218876	0.000963
芯斜褖邪褌褜褋褟	0.000299	0.040822	0.000012
芯胁芯褖邪屑懈	0.000299	0.116534	0.000035
芯胁芯褖械泄	0.004187	0.105361	0.000441
芯胁芯褖懈	0.001794	0.094311	0.000169
芯胁芯褖薪邪褟	0.000299	0.040822	0.000012
芯胁芯褖薪芯械	0.000299	0.116534	0.000035
芯胁芯褖薪芯泄	0.000598	0.105361	0.000063
芯胁芯褖薪褘械	0.001495	0.040822	0.000061
芯胁褋褟薪芯械	0.000299	0.116534	0.000035
芯谐邪泄芯	0.000299	4.605170	0.001377
芯谐薪械	0.000299	2.659260	0.000795
芯谐薪械薪薪芯泄	0.000299	0.116534	0.000035
芯谐薪褟	0.000598	0.116534	0.000070
芯谐褉芯屑薪芯械	0.000299	1.237874	0.000370
芯谐褍褉褑褘	0.000598	0.116534	0.000070
芯写薪芯泄	0.000299	1.237874	0.000370
芯写薪芯泻谢邪褋褋薪懈泻邪褏	0.000299	2.407946	0.000720
芯写薪芯屑褍	0.000299	3.912023	0.001170
芯泻褉芯褕泻邪	0.000897	0.040822	0.000037
芯谢邪写褜懈	0.000897	0.040822	0.000037
芯谢械泄薪邪	0.000897	0.116534	0.000105
芯谢械泄薪芯泄	0.001196	0.116534	0.000139
芯谢械泄薪褘	0.000299	0.127833	0.000038
芯屑谢械褌	0.000299	0.040822	0.000012
芯锌邪	0.000299	4.605170	0.001377
芯锌邪褉邪	0.000299	0.040822	0.000012
芯锌褉芯褋	0.000299	0.061875	0.000019
芯锌褟褌褜	0.000299	2.040221	0.000610
芯褋械薪薪械械	0.000299	0.116534	0.000035
芯褋械薪薪懈械	0.000299	0.051293	0.000015
芯褋械薪薪懈泄	0.000598	0.116534	0.000070
芯褋械薪褜	0.002990	0.105361	0.000315
芯褋薪芯胁薪芯械	0.000299	0.040822	0.000012
芯褋薪芯胁褍	0.001196	2.813411	0.003365
芯褋芯斜械薪薪褘泄	0.001196	2.995732	0.003583
芯褋褌邪胁懈褌褜	0.000598	2.302585	0.001377
芯褋褌邪胁谢褟褌褜	0.000299	1.897120	0.000567
芯褋褌邪胁褕懈屑褋褟	0.000299	4.605170	0.001377
芯褋褌邪械褌褋褟	0.000299	0.116534	0.000035
芯褌胁械褌	0.000299	2.040221	0.000610
芯褌胁械褌懈褌褜	0.000299	0.051293	0.000015
芯褌胁械褌芯胁	0.000299	0.051293	0.000015
芯褌胁械褌褘	0.000299	0.000000	0.000000
芯褌蟹褘胁	0.000299	2.302585	0.000689
芯褌蟹褘胁褘	0.000897	2.207275	0.001980
芯褌泻芯褉褉械泻褌懈褉芯胁邪褌褜	0.000299	4.605170	0.001377
芯褌泻褉褘褌褘泄	0.000598	0.116534	0.000070
芯褌谢懈褔邪械褌褋褟	0.000299	1.771957	0.000530
芯褌屑械薪懈褌褜	0.000897	0.040822	0.000037
芯褏谢邪写懈褌褜	0.000299	0.116534	0.000035
芯褔懈褖械薪薪褘械	0.000299	3.912023	0.001170
芯褕懈斜泻懈	0.000299	3.218876	0.000963
锌邪泻械褌懈泻邪褏	0.000299	0.105361	0.000032
锌邪谢芯褔泻懈	0.000299	0.040822	0.000012
锌邪薪懈褉芯胁泻邪	0.002392	0.116534	0.000279
锌邪褉邪	0.000598	0.116534	0.000070
锌邪褉邪写	0.002093	0.116534	0.000244
锌邪褉械	0.000299	4.605170	0.001377
锌邪褉芯胁邪褉泻械	0.002691	0.116534	0.000314
锌邪褉芯谢褜	0.000299	0.020203	0.000006
锌邪褉芯谢褟	0.000299	2.120264	0.000634
锌邪褋褌邪	0.000897	0.040822	0.000037
锌邪褋褌褉芯屑邪	0.000299	0.040822	0.000012
锌邪褋褏邪	0.000598	0.040822	0.000024
锌邪褋褏邪谢褜薪邪褟	0.000598	0.116534	0.000070
锌邪褋褏邪谢褜薪褘泄	0.000299	0.127833	0.000038
锌邪褕褌械褌	0.000299	0.040822	0.000012
锌邪褕褌械褌褘	0.000598	0.116534	0.000070
锌械泻邪褉褋泻褍褞	0.000299	4.605170	0.001377
锌械泻邪褉褟	0.000299	0.127833	0.000038
锌械谢褜屑械薪懈	0.000299	0.116534	0.000035
锌械褉胁芯械	0.000598	0.040822	0.000024
锌械褉胁褘械	0.000299	0.127833	0.000038
锌械褉胁褘屑	0.000299	0.116534	0.000035
锌械褉械泄褌懈	0.000299	0.040822	0.000012
锌械褉械泻褍褋	0.000598	0.116534	0.000070
锌械褉械褑	0.001794	0.040822	0.000073
锌械褉褋芯薪褘	0.000299	0.116534	0.000035
锌械褉褍邪薪褋泻邪褟	0.000299	0.116534	0.000035
锌械褋芯褔薪芯械	0.000598	0.105361	0.000063
锌械褋芯褔薪褘泄	0.000299	0.116534	0.000035
锌械褌械谢懈薪泻懈	0.000299	0.127833	0.000038
锌械褔邪褌懈	0.000299	2.407946	0.000720
锌械褔械薪懈	0.000299	3.218876	0.000963
锌械褔械薪芯褔薪褘泄	0.000299	0.040822	0.000012
锌械褔械薪褜械	0.002691	0.040822	0.000110
锌械褔懈	0.000299	0.127833	0.000038
锌懈胁芯	0.000299	0.116534	0.000035
锌懈泻邪薪褌褘	0.000299	0.127833	0.000038
锌懈泻薪懈泻	0.000598	0.116534	0.000070
锌懈泻薪懈泻邪	0.000299	0.116534	0.000035
锌懈泻薪懈泻褍	0.000299	0.105361	0.000032
锌懈褉	0.000299	0.116534	0.000035
锌懈褉芯谐	0.000897	0.040822	0.000037
锌懈褉芯谐懈	0.000299	0.105361	0.000032
锌懈褉芯卸泻懈	0.000299	0.040822	0.000012
锌懈褉芯卸薪芯械	0.000299	0.040822	0.000012
锌懈褉芯卸薪褘械	0.000299	0.116534	0.000035
锌懈褌邪薪懈械	0.001495	0.105361	0.000158
锌懈褑褑邪	0.000897	0.040822	0.000037
锌懈褖械胁邪褟	0.000299	2.407946	0.000720
锌谢邪屑褟	0.000299	0.116534	0.000035
锌谢懈褌邪	0.001196	0.127833	0.000153
锌谢芯胁	0.000299	0.116534	0.000035
锌谢芯写褘	0.000299	0.116534	0.000035
锌芯斜芯谢褜褕械	0.000299	3.506558	0.001049
锌芯胁邪褉械薪泻械	0.000299	0.040822	0.000012
锌芯胁邪褉械薪芯泻	0.000598	0.061875	0.000037
锌芯胁邪褉褟褌	0.000299	0.116534	0.000035
锌芯胁邪褉褟褌邪屑懈	0.000299	0.040822	0.000012
锌芯胁邪褉褢薪泻邪	0.000598	0.116534	0.000070
锌芯胁懈写谢芯	0.000299	0.040822	0.000012
锌芯写邪胁邪褌褜	0.000299	2.120264	0.000634
锌芯写邪褉泻芯胁	0.000299	0.116534	0.000035
锌芯写邪褌褜	0.001196	1.560648	0.001867
锌芯写械谢懈褌褜褋褟	0.000299	0.478036	0.000143
锌芯写谢懈胁邪	0.000299	0.116534	0.000035
锌芯写谢懈胁泻邪	0.000299	0.040822	0.000012
锌芯写锌懈褋邪褌褜褋褟	0.000299	0.040822	0.000012
锌芯写锌懈褋褘胁邪泄褌械褋褜	0.000299	2.407946	0.000720
锌芯写锌懈褕懈褌械褋褜	0.000598	0.040822	0.000024
锌芯械写懈薪泻懈	0.004187	0.116534	0.000488
锌芯蟹写褉邪胁褜	0.000299	0.116534	0.000035
锌芯懈褋泻	0.000299	0.051293	0.000015
锌芯泻邪蟹邪褌褜	0.000299	1.714798	0.000513
锌芯谢写薪懈泻	0.000897	0.116534	0.000105
锌芯谢械蟹薪芯	0.000299	0.116534	0.000035
锌芯谢懈褌懈泻芯泄	0.000299	0.040822	0.000012
锌芯谢薪芯褋褌褜褞	0.000598	1.347074	0.000806
锌芯谢芯胁懈薪邪	0.002392	0.116534	0.000279
锌芯谢芯卸懈褌械	0.000299	4.605170	0.001377
锌芯谢褍褔邪泄褌械	0.000897	0.040822	0.000037
锌芯谢褍褔邪褌褜	0.000299	0.040822	0.000012
锌芯谢褜蟹邪	0.000299	0.127833	0.000038
锌芯谢褜蟹芯胁邪褌械谢懈	0.000299	2.120264	0.000634
锌芯谢褜蟹芯泄	0.001196	0.116534	0.000139
锌芯谢褜褋泻邪褟	0.000299	0.116534	0.000035
锌芯屑邪写泻邪	0.000598	0.040822	0.000024
锌芯屑邪写泻懈	0.000299	0.116534	0.000035
锌芯屑械褕懈胁邪褟	0.000897	3.912023	0.003510
锌芯屑懈写芯褉泻懈	0.000299	0.127833	0.000038
锌芯屑懈写芯褉褘	0.000598	0.116534	0.000070
锌芯薪邪锌懈褋邪谢邪	0.000299	4.605170	0.001377
锌芯薪褉邪胁懈胁褕懈械褋褟	0.000299	0.040822	0.000012
锌芯薪褔懈泻懈	0.000598	0.040822	0.000024
锌芯锌褉芯斜褍泄褌械	0.000299	0.562119	0.000168
锌芯褉邪	0.000299	0.116534	0.000035
锌芯褉械械屑	0.005981	3.506558	0.020972
锌芯褉械泄	0.002691	2.302585	0.006197
锌芯褉械褟	0.001794	3.506558	0.006292
锌芯褉褌褍谐邪谢褜褋泻邪褟	0.000299	0.116534	0.000035
锌芯褉褑懈懈	0.000299	2.120264	0.000634
锌芯褉褑懈泄	0.000299	2.813411	0.000841
锌芯褋械褖邪械褌械	0.000299	0.061875	0.000019
锌芯褋褌	0.001495	0.105361	0.000158
锌芯褋褌薪芯械	0.000299	0.116534	0.000035
锌芯褋褌薪褘械	0.000299	0.040822	0.000012
锌芯褋褌薪褘泄	0.000299	0.116534	0.000035
锌芯褋褌芯褟薪薪芯	0.000897	0.040822	0.000037
锌芯褋褌褉芯懈屑	0.000299	0.116534	0.000035
锌芯褋褍写邪	0.000598	0.094311	0.000056
锌芯褋褘锌褜褌械	0.000299	4.605170	0.001377
锌芯褏芯卸懈械	0.000299	1.832581	0.000548
锌芯褔褌褍	0.000598	0.040822	0.000024
锌芯褕邪谐芯胁褘屑懈	0.000299	0.040822	0.000012
锌褉邪胁懈谢褜薪芯	0.000299	2.040221	0.000610
锌褉邪胁懈谢褜薪褘屑	0.000299	4.605170	0.001377
锌褉邪蟹写薪懈泻邪	0.000299	0.116534	0.000035
锌褉邪蟹写薪懈褔薪芯	0.000299	0.116534	0.000035
锌褉邪蟹写薪懈褔薪芯谐芯	0.000299	0.116534	0.000035
锌褉邪蟹写薪懈褔薪褘泄	0.000299	0.116534	0.000035
锌褉邪泻褌懈泻褍屑	0.000299	0.116534	0.000035
锌褉械胁芯褋褏芯写薪褘械	0.000299	0.116534	0.000035
锌褉械胁褉邪褌懈褌褋褟	0.000598	4.605170	0.002754
锌褉械胁褉邪褖邪褞褌褋褟	0.000299	4.605170	0.001377
锌褉械胁褉邪褖械薪懈褟	0.000299	0.116534	0.000035
锌褉械写胁邪褉懈褌械谢褜薪芯	0.000299	2.813411	0.000841
锌褉械写谢邪谐邪械褌褋褟	0.001196	3.218876	0.003850
锌褉械褋薪芯械	0.000299	0.116534	0.000035
锌褉懈谐芯褌芯胁懈屑	0.000299	0.116534	0.000035
锌褉懈谐芯褌芯胁懈褌褜	0.001495	0.342490	0.000512
锌褉懈谐芯褌芯胁谢械薪懈械	0.000299	0.105361	0.000032
锌褉懈谐芯褌芯胁谢械薪懈褞	0.000299	0.040822	0.000012
锌褉懈谐芯褌芯胁谢械薪懈褟	0.000299	0.371064	0.000111
锌褉懈蟹薪邪薪懈械	0.000299	0.116534	0.000035
锌褉懈蟹芯胁	0.000299	0.040822	0.000012
锌褉懈泄褌懈	0.001196	3.506558	0.004194
锌褉懈锌褉邪胁邪	0.000299	0.040822	0.000012
锌褉懈褉芯写褍	0.000299	0.116534	0.000035
锌褉懈褉芯写褘	0.000299	0.116534	0.000035
锌褉懈褋褌褍锌懈褌褜	0.000299	0.040822	0.000012
锌褉懈褟褌薪芯谐芯	0.000299	2.525729	0.000755
锌褉芯斜芯胁邪谢邪	0.000299	1.897120	0.000567
锌褉芯胁械写懈	0.001196	0.116534	0.000139
锌褉芯胁械褉械薪芯	0.001794	0.116534	0.000209
锌褉芯胁芯写懈屑褘褏	0.000299	0.040822	0.000012
锌褉芯胁芯卸邪械屑	0.000299	0.116534	0.000035
锌褉芯写褍泻褌芯胁	0.000299	0.094311	0.000028
锌褉芯械泻褌芯胁	0.000299	0.116534	0.000035
锌褉芯械泻褌褘	0.000299	0.061875	0.000019
锌褉芯褋褌懈	0.000299	4.605170	0.001377
锌褉芯褋褌芯	0.000598	0.083382	0.000050
锌褉芯褋褌芯泻胁邪褕邪	0.000299	0.040822	0.000012
锌褉芯褎懈谢褜	0.000299	0.040822	0.000012
锌褉褟屑芯	0.000299	0.040822	0.000012
锌褉褟薪懈泻	0.000299	0.040822	0.000012
锌褉褟薪懈泻懈	0.000299	0.116534	0.000035
锌褉褟薪懈褔薪芯械	0.000299	0.116534	0.000035
锌褌懈褑邪	0.001495	0.116534	0.000174
锌褌懈褑械	0.000598	0.116534	0.000070
锌褌懈褑械泄	0.000299	0.127833	0.000038
锌褌懈褑褘	0.003289	0.116534	0.000383
锌褍写懈薪谐	0.000299	0.040822	0.000012
锌褍写懈薪谐懈	0.000598	0.116534	0.000070
锌褍薪褕	0.000299	0.040822	0.000012
锌褍褌械褕械褋褌胁懈械	0.000598	0.116534	0.000070
锌褍褌褜	0.000299	0.116534	0.000035
锌褕械薪懈褔薪邪褟	0.001196	0.287682	0.000344
锌褘褕泻懈	0.000299	0.040822	0.000012
锌褞褉械	0.001196	0.040822	0.000049
褉邪谐褍	0.000299	0.116534	0.000035
褉邪写邪	0.000299	3.506558	0.001049
褉邪蟹	0.000598	0.446287	0.000267
褉邪蟹胁械褉薪褍褌褜	0.000299	0.116534	0.000035
褉邪蟹写械谢褜薪芯械	0.000299	0.116534	0.000035
褉邪蟹薪褘械	0.000299	0.116534	0.000035
褉邪蟹薪褘褏	0.000299	2.120264	0.000634
褉邪蟹芯谐褉械褌褜	0.000598	2.525729	0.001511
褉邪蟹褍	0.000299	2.525729	0.000755
褉邪褋锌谢邪胁谢械薪薪褘屑	0.001196	3.506558	0.004194
褉邪褋褋芯谢褜薪懈泻	0.000598	0.040822	0.000024
褉邪褋褋芯谢褜薪懈泻邪	0.000299	0.116534	0.000035
褉邪褋褋褘谢泻懈	0.000299	0.061875	0.000019
褉械谐懈褋褌褉邪褑懈懈	0.000897	0.010050	0.000009
褉械谐懈褋褌褉邪褑懈褟	0.000299	0.000000	0.000000
褉械谐懈褋褌褉懈褉芯胁邪谢懈褋褜	0.000299	2.302585	0.000689
褉械写	0.000299	4.605170	0.001377
褉械褑械锌褌	0.005981	0.040822	0.000244
褉械褑械锌褌邪	0.001495	0.462035	0.000691
褉械褑械锌褌邪褏	0.000299	0.061875	0.000019
褉械褑械锌褌械	0.000299	1.171183	0.000350
褉械褑械锌褌芯胁	0.002093	0.040822	0.000085
褉械褑械锌褌芯屑	0.000299	0.693147	0.000207
褉械褑械锌褌褍	0.000299	0.891598	0.000267
褉械褑械锌褌褘	0.022129	0.040822	0.000903
褉懈褋	0.001196	0.040822	0.000049
褉懈褋邪	0.000299	0.116534	0.000035
褉懈褌屑械	0.000299	0.116534	0.000035
褉芯谐邪谢懈泻懈	0.000299	0.040822	0.000012
褉芯写薪芯械	0.000299	0.116534	0.000035
褉芯卸写械薪懈褟	0.000299	0.105361	0.000032
褉芯卸写械褋褌胁芯	0.000299	0.116534	0.000035
褉芯谢谢褌芯薪	0.000299	0.116534	0.000035
褉芯谢谢褘	0.000598	0.040822	0.000024
褉芯屑	0.000299	0.040822	0.000012
褉褍斜褉懈泻邪褌芯褉	0.000299	0.051293	0.000015
褉褍泻懈	0.000299	2.813411	0.000841
褉褍谢械褌	0.000299	0.040822	0.000012
褉褍谢械褌褘	0.002990	0.116534	0.000348
褉褍屑褘薪褋泻邪褟	0.000299	0.116534	0.000035
褉褍屑褟薪褘械	0.000299	0.116534	0.000035
褉褍薪械褌械	0.000299	0.020203	0.000006
褉褍褋褋泻邪褟	0.000299	0.116534	0.000035
褉褘斜邪	0.002691	0.040822	0.000110
褉褘斜械	0.000598	0.116534	0.000070
褉褘斜薪邪褟	0.000299	0.116534	0.000035
褉褘斜薪芯谐芯	0.000598	0.116534	0.000070
褉褘斜薪褘械	0.001196	0.116534	0.000139
褉褘斜薪褘泄	0.000598	0.116534	0.000070
褉褘斜薪褘褏	0.000299	0.116534	0.000035
褉褘斜芯泄	0.000598	0.116534	0.000070
褉褘斜褘	0.003589	0.116534	0.000418
褉褟卸械薪泻邪	0.000299	0.116534	0.000035
褋邪泄褌	0.001196	0.000000	0.000000
褋邪泄褌邪	0.000299	1.108663	0.000332
褋邪泄褌邪褏	0.000299	2.120264	0.000634
褋邪泄褌褍	0.000598	0.061875	0.000037
褋邪谢邪褌	0.000598	0.094311	0.000056
褋邪谢邪褌薪邪褟	0.000299	0.116534	0.000035
褋邪谢邪褌褘	0.009270	0.040822	0.000378
褋邪屑芯谐芯薪	0.000299	0.040822	0.000012
褋邪屑褘褏	0.000598	0.116534	0.000070
褋邪薪写邪谢懈褟褏	0.000299	4.605170	0.001377
褋邪褎	0.000897	0.116534	0.000105
褋邪褎褋械屑	0.000299	0.116534	0.000035
褋邪褏邪褉	0.000598	0.116534	0.000070
褋斜懈褌械薪褜	0.000299	0.040822	0.000012
褋胁械卸械褋褌褜	0.000299	0.105361	0.000032
褋胁械泻谢邪	0.000299	0.040822	0.000012
褋胁械泻芯谢褜薪懈泻	0.000598	0.040822	0.000024
褋胁械褌邪	0.001196	0.116534	0.000139
褋胁懈薪懈薪邪	0.000299	0.040822	0.000012
褋胁懈薪懈薪褘	0.001196	0.116534	0.000139
褋胁芯械	0.000299	0.116534	0.000035
褋胁芯械泄	0.000299	1.347074	0.000403
褋胁芯械屑	0.000299	0.040822	0.000012
褋胁芯懈屑	0.000299	0.040822	0.000012
褋胁芯褞	0.000299	0.040822	0.000012
褋谐褍褖械薪泻邪	0.000299	0.040822	0.000012
褋械谐芯写薪褟	0.000598	0.843970	0.000505
褋械蟹芯薪	0.000299	0.116534	0.000035
褋械泄褔邪褋	0.000598	0.030459	0.000018
褋械泻褉械褌褘	0.000598	0.116534	0.000070
褋械谢械写泻邪	0.000299	0.040822	0.000012
褋械屑谐邪	0.000299	0.040822	0.000012
褋械屑械泄薪褘泄	0.000299	0.116534	0.000035
褋械屑褜懈	0.000299	0.116534	0.000035
褋械褌械胁褘械	0.000299	4.605170	0.001377
褋懈写褉	0.000299	0.040822	0.000012
褋懈褉懈泄褋泻邪褟	0.000299	0.116534	0.000035
褋懈褉芯锌	0.000299	0.040822	0.000012
褋懈褉芯锌褘	0.000299	0.116534	0.000035
褋懈褋褌械屑褘	0.000299	0.040822	0.000012
褋懈褌懈	0.000299	0.127833	0.000038
褋泻邪蟹邪薪芯	0.000299	3.218876	0.000963
褋泻邪蟹泻邪	0.000299	2.302585	0.000689
褋泻邪蟹芯泻	0.000299	0.116534	0.000035
褋泻芯胁芯褉芯写械	0.000299	1.560648	0.000467
褋泻褉邪薪褌芯薪	0.000299	4.605170	0.001377
褋谢邪胁懈谢懈褋褜	0.000299	4.605170	0.001377
褋谢邪写泻邪褟	0.000598	0.116534	0.000070
褋谢邪写泻懈械	0.001794	0.040822	0.000073
褋谢邪写泻懈泄	0.002691	0.105361	0.000284
褋谢邪写泻懈褏	0.000598	0.116534	0.000070
褋谢邪写泻芯	0.000299	0.116534	0.000035
褋谢械写褍褞褖懈泄	0.000299	2.995732	0.000896
褋谢械写褍褞褖懈褏	0.000299	2.207275	0.000660
褋谢懈胁芯褔薪芯械	0.001495	0.116534	0.000174
褋谢懈胁芯褔薪褘泄	0.001196	1.469676	0.001758
褋谢芯械屑	0.000299	3.912023	0.001170
褋谢芯械薪芯谐芯	0.000299	0.127833	0.000038
褋谢芯械薪芯械	0.000299	0.116534	0.000035
褋谢芯械薪褘泄	0.000299	0.116534	0.000035
褋谢芯泄泻邪	0.000299	0.040822	0.000012
褋谢芯泄泻懈	0.000299	0.116534	0.000035
褋屑邪卸褜褌械	0.000598	4.605170	0.002754
褋屑械褌邪薪邪	0.000299	0.105361	0.000032
褋屑械褕邪薪薪芯谐芯	0.000299	0.116534	0.000035
褋屑芯卸械褌械	0.000299	0.040822	0.000012
褋屑芯褌褉懈褕褜	0.000299	4.605170	0.001377
褋屑褍蟹懈	0.000897	0.040822	0.000037
褋薪褝泻	0.000299	0.116534	0.000035
褋芯斜懈褉邪械屑	0.000299	4.605170	0.001377
褋芯斜懈褉邪械褌械褋褜	0.000299	0.040822	0.000012
褋芯胁械褉褕械薪褋褌胁芯	0.001495	0.116534	0.000174
褋芯胁械褌邪屑懈	0.000299	0.040822	0.000012
褋芯谐谢邪褋薪邪	0.000299	3.912023	0.001170
褋芯谐谢邪褕邪械褌械褋褜	0.000299	0.040822	0.000012
褋芯蟹写邪械褌	0.001495	0.116534	0.000174
褋芯泻	0.000299	0.116534	0.000035
褋芯泻邪	0.000299	0.105361	0.000032
褋芯泻懈	0.000299	0.040822	0.000012
褋芯谢械薪褘械	0.000897	0.116534	0.000105
褋芯谢械薪褜褟	0.000598	0.116534	0.000070
褋芯谢薪械褔薪芯泄	0.000299	0.127833	0.000038
褋芯谢褜	0.001495	0.150823	0.000226
褋芯谢褟薪泻邪	0.000598	0.040822	0.000024
褋芯褋懈褋泻芯泄	0.000299	3.912023	0.001170
褋芯褋褌邪胁	0.000299	1.897120	0.000567
褋芯褋褌邪胁褜	0.000299	0.116534	0.000035
褋芯褍褋	0.002392	0.040822	0.000098
褋芯褍褋邪	0.001495	1.897120	0.002837
褋芯褍褋芯屑	0.001495	0.116534	0.000174
褋芯褍褋褘	0.001196	0.116534	0.000139
褋芯褏褉邪薪褟褌褜	0.000299	0.040822	0.000012
褋芯褑褋械褌懈	0.000598	0.040822	0.000024
褋芯褔械褌邪薪懈械	0.000299	0.116534	0.000035
褋芯褔械褌邪褞褖邪褟	0.001196	3.506558	0.004194
褋芯褔薪芯械	0.000299	0.116534	0.000035
褋锌邪谢褜薪褟屑懈	0.000299	0.446287	0.000133
褋锌邪褋懈斜芯	0.000897	0.673345	0.000604
褋锌械褑懈邪谢褜薪芯械	0.000299	0.116534	0.000035
褋锌械褑懈懈	0.000299	0.105361	0.000032
褋锌械褑锌褉芯械泻褌	0.009868	0.116534	0.001150
褋锌懈褋芯泻	0.000299	0.116534	0.000035
褋锌懈褏懈胁邪褞	0.000299	4.605170	0.001377
褋锌芯褞	0.000299	0.116534	0.000035
褋褉械写懈蟹械屑薪芯屑芯褉褋泻邪褟	0.000299	0.127833	0.000038
褋褉械写薪械谐芯	0.000299	3.912023	0.001170
褋褌邪褌褜褟褏	0.000299	0.061875	0.000019
褋褌懈谢械	0.000299	0.116534	0.000035
褋褌懈谢褟	0.000299	0.116534	0.000035
褋褌芯懈褌	0.000299	1.771957	0.000530
褋褌芯谢	0.000598	0.105361	0.000063
褋褌芯谢邪	0.001794	0.116534	0.000209
褋褌芯褉芯薪邪	0.000299	4.605170	0.001377
褋褌芯褉芯薪芯泄	0.000299	3.912023	0.001170
褋褌芯褉芯薪褍	0.000299	2.813411	0.000841
褋褌芯褉芯薪褘	0.000299	2.659260	0.000795
褋褌褉邪薪褘	0.000299	2.995732	0.000896
褋褌褉芯懈褌械谢褜褋褌胁械	0.000299	0.040822	0.000012
褋褌褉芯懈褌械谢褜褋褌胁褍	0.000299	0.040822	0.000012
褋褌褉芯懈褌褜	0.000299	0.040822	0.000012
褋褌褉芯泄薪芯泄	0.000299	0.116534	0.000035
褋褌褘写褍	0.000299	4.605170	0.001377
褋褍斜锌褉芯写褍泻褌芯胁	0.002093	0.116534	0.000244
褋褍斜锌褉芯写褍泻褌褘	0.000897	0.116534	0.000105
褋褍写褜斜褘	0.000299	4.605170	0.001377
褋褍锌	0.002691	0.040822	0.000110
褋褍锌邪	0.000299	0.040822	0.000012
褋褍锌褘	0.002691	0.040822	0.000110
褋褍褎谢械	0.000897	0.040822	0.000037
褋褍褏邪褉懈	0.000299	0.040822	0.000012
褋褍褕懈	0.000598	0.040822	0.000024
褋褍褖械褋褌胁褍械褌	0.000299	2.659260	0.000795
褋褘褉	0.002392	0.040822	0.000098
褋褘褉邪	0.002093	0.116534	0.000244
褋褘褉邪屑懈	0.000299	0.127833	0.000038
褋褘褉薪懈泻	0.000299	0.040822	0.000012
褋褘褉薪懈泻懈	0.000598	0.116534	0.000070
褋褘褉薪褘械	0.001196	0.040822	0.000049
褋褘褉薪褘泄	0.000299	2.407946	0.000720
褋褘褉芯屑	0.002691	0.713350	0.001920
褋褘褉褘	0.001196	3.506558	0.004194
褋褘褌薪褘泄	0.000897	0.105361	0.000095
褋褘褔褍卸薪褘屑懈	0.000299	0.127833	0.000038
褋褝薪写胁懈褔	0.001794	3.218876	0.005775
褋褝薪写胁懈褔械泄	0.000299	4.605170	0.001377
褋褝薪写胁懈褔懈	0.001794	0.127833	0.000229
褋褞褉锌褉懈蟹	0.000299	0.116534	0.000035
褌邪写卸懈泻褋泻邪褟	0.000299	0.116534	0.000035
褌邪泄褋泻邪褟	0.000299	0.116534	0.000035
褌邪泻懈	0.000299	1.237874	0.000370
褌邪褉褌	0.000299	0.116534	0.000035
褌邪褉褌邪谢械褌泻懈	0.000598	0.040822	0.000024
褌邪褌邪褉褋泻邪褟	0.000299	0.116534	0.000035
褌胁械褉写褘泄	0.001495	0.562119	0.000840
褌胁芯懈	0.000598	0.116534	0.000070
褌胁芯褉懈	0.000299	0.116534	0.000035
褌胁芯褉芯谐	0.000598	0.040822	0.000024
褌胁芯褉芯谐芯屑	0.000299	0.105361	0.000032
褌胁芯褉芯卸薪芯械	0.000299	0.116534	0.000035
褌胁芯褉芯卸薪褘械	0.000598	0.116534	0.000070
褌胁芯褉芯卸薪褘泄	0.000299	0.116534	0.000035
褌械谐懈	0.000299	2.407946	0.000720
褌械谢械谐褉邪屑	0.000299	0.040822	0.000012
褌械谢褟褌懈薪褘	0.001196	0.116534	0.000139
褌械锌谢芯屑	0.000299	0.116534	0.000035
褌械褉褉邪褋芯泄	0.000299	0.798508	0.000239
褌械褉褉懈薪	0.000299	0.040822	0.000012
褌械褋褌	0.001495	0.127833	0.000191
褌械褋褌邪	0.001495	0.105361	0.000158
褌械褋褌芯	0.002691	0.040822	0.000110
褌械褏薪懈泻邪	0.001495	0.105361	0.000158
褌械褖懈薪	0.000299	0.040822	0.000012
褌懈锌邪	0.000299	2.995732	0.000896
褌屑	0.001196	0.127833	0.000153
褌芯锌谢械薪芯械	0.000299	0.116534	0.000035
褌芯褉褌	0.003289	0.040822	0.000134
褌芯褉褌褘	0.002691	0.116534	0.000314
褌芯褋褌械	0.001196	3.506558	0.004194
褌芯褋褌械褉	0.000299	4.605170	0.001377
褌褉邪胁褘	0.000299	0.105361	0.000032
褌褉邪写懈褑懈懈	0.000299	0.116534	0.000035
褌褉邪写懈褑懈泄	0.001196	0.116534	0.000139
褌褉邪写懈褑懈芯薪薪芯泄	0.001196	3.218876	0.003850
褌褉邪写懈褑懈褟褏	0.000299	0.116534	0.000035
褌褉械褏谢械褌懈械屑	0.000299	0.116534	0.000035
褌褉褍斜芯褔泻懈	0.000299	0.040822	0.000012
褌褍薪懈褋褋泻邪褟	0.000299	0.116534	0.000035
褌褍薪褑芯屑	0.000598	0.116534	0.000070
褌褍褉械褑泻邪褟	0.000299	0.116534	0.000035
褌褘泻胁邪	0.000299	0.040822	0.000012
褌褝谐懈	0.001196	2.407946	0.002880
褌褢褉泻械	0.000299	4.605170	0.001377
褍斜褉邪褌褜	0.000299	3.218876	0.000963
褍胁械写芯屑谢械薪懈褟	0.000299	0.040822	0.000012
褍谐谢械胁芯写褘	0.000897	2.407946	0.002160
褍谐谢芯屑	0.000299	4.605170	0.001377
褍写邪褉械	0.000299	4.605170	0.001377
褍写邪褔薪邪褟	0.000299	0.116534	0.000035
褍写懈胁懈	0.000299	0.116534	0.000035
褍写懈胁谢褟泄褌械	0.001196	0.116534	0.000139
褍写芯胁芯谢褜褋褌胁懈械屑	0.000299	0.116534	0.000035
褍卸	0.000299	0.693147	0.000207
褍卸懈薪	0.003289	0.094311	0.000310
褍蟹斜械泻褋泻邪褟	0.000299	0.116534	0.000035
褍泻褉邪懈薪褋泻邪褟	0.000299	0.116534	0.000035
褍泻褉邪褕械薪懈褟	0.002392	0.116534	0.000279
褍谢懈褔薪褘泄	0.000299	4.605170	0.001377
褍锌芯褌褉械斜谢械薪懈械屑	0.000299	0.116534	0.000035
褍褉邪谢褜褋泻邪褟	0.000299	0.116534	0.000035
褍褉芯胁薪褟	0.000299	2.302585	0.000689
褍褉芯卸邪泄	0.000299	0.105361	0.000032
褍褋褌邪薪芯胁懈谢邪	0.000299	4.605170	0.001377
褍褌泻懈	0.000897	0.116534	0.000105
褍褌褉邪	0.000299	3.218876	0.000963
褍褏邪	0.000299	0.040822	0.000012
褍褔邪褋褌胁芯胁邪褌褜	0.000299	0.040822	0.000012
褍褔械褌薪芯泄	0.000299	2.302585	0.000689
褍褞褌薪褍褞	0.001196	3.506558	0.004194
褎邪蟹械薪写褘	0.000299	0.127833	0.000038
褎邪薪褌邪蟹懈懈	0.001794	0.116534	0.000209
褎邪薪褌邪蟹懈泄	0.000299	0.116534	0.000035
褎邪薪褌邪蟹懈褟	0.000299	0.116534	0.000035
褎邪褉褕邪	0.003888	0.040822	0.000159
褎邪褉褕懈褉芯胁邪薪薪邪褟	0.000598	0.116534	0.000070
褎邪褉褕懈褉芯胁邪薪薪芯械	0.000299	0.116534	0.000035
褎邪褉褕懈褉芯胁邪薪薪褘械	0.000598	0.040822	0.000024
褎邪褉褕懈褉芯胁邪薪薪褘泄	0.000299	0.040822	0.000012
褎邪褋芯谢褜	0.000299	0.040822	0.000012
褎邪褋芯谢褜褞	0.000299	2.813411	0.000841
褎械胁褉邪谢褟	0.000598	0.105361	0.000063
褎械泄械褉胁械褉泻	0.000598	0.116534	0.000070
褎懈谐褍褉械	0.000299	0.116534	0.000035
褎懈谢褜屑邪	0.000299	4.605170	0.001377
褎懈薪褋泻邪褟	0.000299	0.116534	0.000035
褎懈褉屑械薪薪芯械	0.000299	0.116534	0.000035
褎芯薪写褞	0.000299	0.040822	0.000012
褎芯褉屑褘	0.000299	0.116534	0.000035
褎芯褉褍屑邪	0.000299	1.832581	0.000548
褎芯褉褍屑邪褏	0.000299	2.407946	0.000720
褎芯褉褍屑械	0.000598	0.040822	0.000024
褎芯褉褕屑邪泻	0.000299	0.040822	0.000012
褎褉邪薪褑懈懈	0.000598	0.116534	0.000070
褎褉邪薪褑褍蟹褋泻邪褟	0.000299	0.116534	0.000035
褎褉邪薪褑褍蟹褋泻懈械	0.000299	3.912023	0.001170
褎褉邪薪褑褍蟹褋泻懈泄	0.000299	2.995732	0.000896
褎褉邪褍	0.001196	0.116534	0.000139
褎褉懈褌褞褉械	0.001196	2.995732	0.003583
褎褉褍泻褌芯胁	0.001196	0.116534	0.000139
褎褉褍泻褌芯胁芯	0.000299	0.116534	0.000035
褎褉褍泻褌芯胁褘械	0.002093	0.040822	0.000085
褎褍写	0.000299	0.116534	0.000035
褎褍褉褕械褌	0.000299	0.116534	0.000035
褏邪谢胁邪	0.000299	0.040822	0.000012
褏邪褉胁械褋褌褎械褋褌	0.000598	0.116534	0.000070
褏邪褉褔芯	0.000598	0.040822	0.000024
褏邪褕	0.000299	0.040822	0.000012
褏胁芯褉芯褋褌	0.000299	0.040822	0.000012
褏懈薪泻邪谢懈	0.000299	0.116534	0.000035
褏懈褌	0.002093	0.116534	0.000244
褏谢械斜	0.002691	0.040822	0.000110
褏谢械斜邪	0.001196	2.995732	0.003583
褏谢械斜薪褘械	0.000299	3.912023	0.001170
褏谢械斜芯屑	0.000299	2.525729	0.000755
褏谢械斜芯锌械褔泻懈	0.000299	0.116534	0.000035
褏谢芯锌褜褟	0.000598	0.105361	0.000063
褏芯蟹褟泄泻懈	0.000299	0.127833	0.000038
褏芯谢芯写械褑	0.000299	0.040822	0.000012
褏芯谢芯写薪褘械	0.000598	0.116534	0.000070
褏芯谢芯写薪褘泄	0.000598	0.116534	0.000070
褏芯褉胁邪褌褋泻邪褟	0.000299	0.116534	0.000035
褏芯褉芯褕芯	0.001794	0.105361	0.000189
褏芯褉褋	0.000299	0.116534	0.000035
褏芯褌	0.000299	3.912023	0.001170
褏芯褌懈褌械	0.000299	0.040822	0.000012
褏褍屑褍褋	0.000299	0.040822	0.000012
褑邪褉褋褌胁芯	0.000299	0.127833	0.000038
褑邪褉褜	0.000299	0.116534	0.000035
褑邪褉褟	0.000299	4.605170	0.001377
褑胁械褌薪邪褟	0.000299	0.040822	0.000012
褑械薪薪芯褋褌褜	0.000299	2.407946	0.000720
褑械薪薪褘褏	0.000299	0.040822	0.000012
褑械薪褌褉	0.000299	0.116534	0.000035
褑懈褌邪褌邪	0.000598	2.302585	0.001377
褔邪械屑	0.000299	0.116534	0.000035
褔邪泄	0.000897	0.040822	0.000037
褔邪褋褌褟褏	0.000299	4.605170	0.001377
褔械斜褍褉械泻懈	0.000598	0.040822	0.000024
褔械屑	0.000299	0.994252	0.000297
褔械褉泻懈蟹芯胁芯	0.000598	0.116534	0.000070
褔械褉薪褘泄	0.001495	0.371064	0.000555
褔械褋薪芯泻	0.001495	0.314711	0.000471
褔械褋薪芯褔薪褘泄	0.000299	1.660731	0.000497
褔械褋褌薪褘屑懈	0.000299	0.040822	0.000012
褔械褔械胁懈褑邪	0.000299	0.040822	0.000012
褔械褔械胁懈褑械泄	0.000299	3.912023	0.001170
褔械褕褋泻邪褟	0.000299	0.116534	0.000035
褔懈蟹泻械泄泻	0.001196	0.040822	0.000049
褔懈谢懈	0.000299	1.237874	0.000370
褔懈谢懈泄褋泻邪褟	0.000299	0.116534	0.000035
褔懈锌褋褘	0.000299	0.040822	0.000012
褔懈褌邪褌褜	0.000897	1.966113	0.001764
褔褍写械褋	0.000299	0.116534	0.000035
褔褍褌褜	0.000299	1.771957	0.000530
褔褢	0.000299	4.605170	0.001377
褕邪屑锌懈薪褜芯薪邪屑懈	0.000299	3.912023	0.001170
褕邪褉懈泻懈	0.000299	0.040822	0.000012
褕邪褉谢芯褌泻邪	0.000299	0.040822	0.000012
褕邪褉谢芯褌泻懈	0.000299	0.127833	0.000038
褕邪褉屑	0.000299	0.116534	0.000035
褕邪褕谢褘泻	0.003589	0.040822	0.000146
褕邪褕谢褘泻懈	0.000299	0.040822	0.000012
褕胁械写褋泻邪褟	0.000299	0.116534	0.000035
褕胁械泄褑邪褉褋泻邪褟	0.000299	0.116534	0.000035
褕械写械胁褉褘	0.000299	0.116534	0.000035
褕械褎	0.000299	0.127833	0.000038
褕懈锌褍褔泻邪	0.000299	0.040822	0.000012
褕懈褉芯泻邪褟	0.000299	0.127833	0.000038
褕泻芯谢褍	0.000299	0.116534	0.000035
褕谢褟泻械	0.000598	4.605170	0.002754
褕谢褟锌泻械	0.000299	4.605170	0.001377
褕谢褟锌泻懈	0.000299	3.912023	0.001170
褕芯泻芯谢邪写	0.000299	0.040822	0.000012
褕芯褉褌褘	0.000299	4.605170	0.001377
褕芯褌谢邪薪写褋泻邪褟	0.000299	0.116534	0.000035
褕锌邪谐邪屑懈	0.000299	4.605170	0.001377
褕锌邪谐芯泄	0.000299	4.605170	0.001377
褕褌	0.000598	2.525729	0.001511
褕褌褉褍写械谢褜	0.000299	0.040822	0.000012
褕褍褉锌邪	0.000299	0.040822	0.000012
褖邪褋	0.000598	0.116534	0.000070
褖械写褉邪褟	0.000299	0.116534	0.000035
褖械写褉芯	0.000299	3.912023	0.001170
褖懈	0.000598	0.040822	0.000024
褝泻芯屑懈谢泻	0.000299	0.127833	0.000038
褝谢械谐邪薪褌薪褘屑	0.000299	4.605170	0.001377
褝薪械褉谐械褌懈褔械褋泻邪褟	0.000299	2.407946	0.000720
褝褋褌芯薪褋泻邪褟	0.000299	0.116534	0.000035
褝褌芯谐芯	0.000598	0.415515	0.000249
褝褌芯泄	0.000299	1.427116	0.000427
褞谐芯褋谢邪胁褋泻邪褟	0.000299	0.116534	0.000035
褟谐芯写薪褘械	0.000598	0.116534	0.000070
褟谐芯写薪褘泄	0.000598	0.116534	0.000070
褟蟹褘泻	0.000299	0.040822	0.000012
褟懈褑	0.001196	0.116534	0.000139
褟泄褑邪	0.000299	0.040822	0.000012
褟泄褑芯	0.000299	0.261365	0.000078
褟薪写械泻褋	0.000299	0.072571	0.000022
褟锌芯薪褋泻邪褟	0.000299	0.116534	0.000035
褟锌芯薪褋泻芯泄	0.000299	0.061875	0.000019
褟褉泻懈械	0.000299	0.116534	0.000035
褟褉泻芯	0.000299	0.105361	0.000032
