褌芯泻械薪	TF	IDF	TF-IDF
邪斜褏邪蟹褋泻邪褟	0.000303	0.116534	0.000035
邪胁芯泻邪写芯	0.000607	3.218876	0.001953
邪胁褋褌褉邪谢懈泄褋泻邪褟	0.000303	0.116534	0.000035
邪胁褋褌褉懈泄褋泻邪褟	0.000303	0.116534	0.000035
邪胁褌芯泻谢邪胁邪	0.000303	0.116534	0.000035
邪胁褌芯褉邪屑	0.000303	0.040822	0.000012
邪谐褉芯	0.000303	0.116534	0.000035
邪写卸懈泻邪	0.000303	0.040822	0.000012
邪卸褍褉薪褘械	0.000303	2.659260	0.000807
邪蟹械褉斜邪泄写卸邪薪褋泻邪褟	0.000303	0.116534	0.000035
邪蟹懈邪褌褋泻邪褟	0.000303	0.127833	0.000039
邪蟹褘	0.000303	0.127833	0.000039
邪泄褉邪薪	0.000303	0.040822	0.000012
邪泻胁邪褌懈泻邪	0.000910	0.127833	0.000116
邪泻褑懈懈	0.000303	2.120264	0.000643
邪谢械泻褋械褟	0.000303	0.127833	0.000039
邪谢泻芯谐芯谢褜	0.000607	0.116534	0.000071
邪谢泻芯谐芯谢褜薪褘械	0.000303	0.116534	0.000035
邪谢泻芯谐芯谢褟	0.000303	0.116534	0.000035
邪谢褜褟薪褋	0.000303	0.116534	0.000035
邪屑械褉懈泻邪薪褋泻邪褟	0.000303	0.116534	0.000035
邪薪谐谢懈泄褋泻邪褟	0.000303	0.116534	0.000035
邪薪写褉械褟	0.000303	0.127833	0.000039
邪褉邪斜褋泻邪褟	0.000303	0.116534	0.000035
邪褉谐械薪褌懈薪褋泻邪褟	0.000303	0.116534	0.000035
邪褉屑褟薪褋泻邪褟	0.000303	0.116534	0.000035
邪褉芯屑邪褌薪芯	0.000303	2.659260	0.000807
邪褉芯屑邪褌芯屑	0.000303	1.514128	0.000459
邪褋褋芯褉褌懈	0.000607	0.116534	0.000071
邪褌谢邪薪褌	0.000303	0.127833	0.000039
邪褌屑芯褉械	0.000303	4.605170	0.001397
邪褎谐邪薪褋泻邪褟	0.000303	0.116534	0.000035
邪褎褉懈泻邪薪褋泻邪褟	0.000303	0.116534	0.000035
邪褝褉芯谐褉懈谢械	0.003033	0.116534	0.000353
斜邪斜懈褔	0.000303	1.514128	0.000459
斜邪谐械褌	0.000607	3.218876	0.001953
斜邪谐械褌褘	0.000303	3.912023	0.001187
斜邪泻谢邪卸邪薪褘	0.000303	0.040822	0.000012
斜邪谢褌泻芯屑	0.000303	0.127833	0.000039
斜邪褉邪薪懈薪褘	0.001213	0.116534	0.000141
斜邪褉械	0.000303	4.605170	0.001397
斜邪褉褌谢械褋胁懈谢褜	0.000303	4.605170	0.001397
斜邪褋屑邪褌懈	0.000607	0.127833	0.000078
斜邪褋褌褍褉屑邪	0.000303	0.040822	0.000012
斜邪褌芯薪	0.002123	1.660731	0.003526
斜邪褌芯薪褔懈泻懈	0.000303	0.127833	0.000039
斜邪褕泻懈褉褋泻邪褟	0.000303	0.116534	0.000035
斜械蟹邪谢泻芯谐芯谢褜薪褘械	0.000303	0.116534	0.000035
斜械蟹谐谢褞褌械薪芯胁褘械	0.000303	0.116534	0.000035
斜械蟹写褉芯卸卸械胁芯械	0.000607	2.659260	0.001613
斜械蟹械	0.001213	0.040822	0.000050
斜械泻芯薪	0.000607	1.966113	0.001193
斜械泻芯薪芯屑	0.000303	2.995732	0.000909
斜械谢械斜械械胁褋泻懈泄	0.000607	0.116534	0.000071
斜械谢芯泻	0.000607	2.120264	0.001286
斜械谢芯褉褍褋褋泻邪褟	0.000303	0.116534	0.000035
斜械谢褜谐懈泄褋泻邪褟	0.000303	0.116534	0.000035
斜械褉械屑械薪薪褘褏	0.000303	0.116534	0.000035
斜械褋械写懈薪邪	0.000303	0.127833	0.000039
斜械褋锌芯写芯斜薪芯	0.000303	1.966113	0.000596
斜懈褋泻胁懈褌	0.000303	0.040822	0.000012
斜懈褋泻胁懈褌薪芯械	0.000607	0.116534	0.000071
斜懈褋泻胁懈褌薪褘泄	0.000303	0.105361	0.000032
斜懈褋泻胁懈褌褘	0.000303	0.127833	0.000039
斜谢懈卸械	0.000303	0.116534	0.000035
斜谢懈蟹泻懈褏	0.000303	0.116534	0.000035
斜谢懈薪芯胁	0.000607	0.116534	0.000071
斜谢懈薪褘	0.001213	0.040822	0.000050
斜谢褞写	0.000607	0.094311	0.000057
斜谢褞写邪	0.028207	0.040822	0.001151
斜谢褞写芯	0.001213	0.040822	0.000050
斜谢褞写芯屑	0.000607	0.994252	0.000603
斜谢褞写褍	0.000303	0.116534	0.000035
斜芯斜芯胁褘械	0.000607	0.127833	0.000078
斜芯斜芯胁褘褏	0.001820	0.116534	0.000212
斜芯谢谐邪褉褋泻邪褟	0.000303	0.116534	0.000035
斜芯谢谐邪褉褋泻懈泄	0.000607	0.843970	0.000512
斜芯谢褜褕械	0.000910	0.105361	0.000096
斜芯褉褖	0.000607	0.040822	0.000025
斜芯褌胁懈薪褜褟	0.000303	0.040822	0.000012
斜褉邪蟹懈谢褜褋泻邪褟	0.000303	0.116534	0.000035
斜褉邪褍蟹械褉械	0.000303	0.040822	0.000012
斜褉邪褍薪懈	0.000303	0.040822	0.000012
斜褉械褋褌	0.000303	0.127833	0.000039
斜褉芯泻泻芯谢懈	0.000303	0.040822	0.000012
斜褍写褍	0.000303	1.427116	0.000433
斜褍卸械薪懈薪邪	0.000303	0.040822	0.000012
斜褍泻械褌	0.000607	3.506558	0.002127
斜褍谢芯褔泻邪	0.001820	3.218876	0.005858
斜褍谢芯褔泻邪屑懈	0.000303	0.116534	0.000035
斜褍谢芯褔泻懈	0.001517	0.040822	0.000062
斜褍谢褜芯薪	0.002123	0.040822	0.000087
斜褍谢褜芯薪褘	0.001213	0.116534	0.000141
斜褍褉谐械褉	0.000303	0.040822	0.000012
斜褍褉谐械褉褘	0.000303	0.127833	0.000039
斜褍褉褟褌褋泻邪褟	0.000303	0.116534	0.000035
斜褍褌械褉斜褉芯写	0.004246	0.116534	0.000495
斜褍褌械褉斜褉芯写邪屑	0.000303	4.605170	0.001397
斜褍褌械褉斜褉芯写褘	0.007583	0.040822	0.000310
斜褘褋褌褉芯	0.000607	0.094311	0.000057
斜褘褋褌褉芯泄	0.000303	0.116534	0.000035
斜褘褋褌褉褘泄	0.000910	0.105361	0.000096
斜褜械褌	0.000303	3.506558	0.001064
胁邪卸薪褘械	0.000303	0.116534	0.000035
胁邪谢谢懈泄褋泻邪褟	0.000303	0.116534	0.000035
胁邪屑懈	0.000303	0.843970	0.000256
胁邪褉械薪懈泻懈	0.000303	0.116534	0.000035
胁邪褉械薪褜械	0.000607	0.040822	0.000025
胁邪褉懈邪薪褌	0.000303	0.562119	0.000170
胁邪褉懈邪薪褌褘	0.000303	1.609438	0.000488
胁邪褉懈邪褑懈懈	0.000303	2.813411	0.000853
胁邪褌褉褍褕泻懈	0.000303	0.040822	0.000012
胁邪褎谢懈	0.000607	0.040822	0.000025
胁邪褕	0.000303	1.309333	0.000397
胁邪褕械泄	0.000607	0.040822	0.000025
胁胁芯写褟	0.000303	0.040822	0.000012
胁写芯褏薪芯胁械薪懈械	0.001213	0.116534	0.000141
胁写芯褏薪芯胁械薪懈械屑	0.000607	0.116534	0.000071
胁写芯褏薪芯胁谢褟泄褋褟	0.000303	0.116534	0.000035
胁械谐械褌邪褉懈邪薪褋泻懈械	0.000303	0.127833	0.000039
胁械谐械褌邪褉懈邪薪褋泻芯械	0.000303	0.116534	0.000035
胁械谢懈泻懈泄	0.000303	0.116534	0.000035
胁械薪谐械褉褋泻邪褟	0.000303	0.116534	0.000035
胁械薪械褉懈泻	0.000303	2.120264	0.000643
胁械褉褏	0.000303	4.605170	0.001397
胁械褋械薪薪懈械	0.000303	0.051293	0.000016
胁械褋薪邪	0.001517	0.116534	0.000177
胁械褋薪褘	0.000303	0.116534	0.000035
胁械褌褔懈薪邪	0.001820	1.469676	0.002675
胁械褌褔懈薪褘	0.000303	0.105361	0.000032
胁懈写械芯	0.000607	0.116534	0.000071
胁懈写械芯褉械褑械锌褌褘	0.000303	0.301105	0.000091
胁懈薪芯	0.000910	0.040822	0.000037
胁泻褍褋	0.000607	0.105361	0.000064
胁泻褍褋邪	0.002426	0.116534	0.000283
胁泻褍褋薪邪褟	0.001517	0.061875	0.000094
胁泻褍褋薪械械	0.000607	0.116534	0.000071
胁泻褍褋薪械泄	0.000303	0.116534	0.000035
胁泻褍褋薪芯	0.002123	0.094311	0.000200
胁泻褍褋薪褍褞	0.000303	2.207275	0.000669
胁泻褍褋薪褘械	0.000607	0.105361	0.000064
胁泻褍褋薪褘泄	0.000303	0.385662	0.000117
胁泻褍褋薪褘屑	0.000303	1.049822	0.000318
胁泻褍褋芯屑	0.000303	0.105361	0.000032
胁谢褞斜谢械薪薪褘褏	0.000303	0.116534	0.000035
胁屑械褋褌械	0.000303	0.916291	0.000278
胁薪邪褔邪谢械	0.001213	0.248461	0.000301
胁芯	0.000303	0.061875	0.000019
胁芯写邪	0.000607	0.287682	0.000175
胁芯写械	0.000303	0.105361	0.000032
胁芯泄褌懈	0.000303	0.000000	0.000000
胁芯谢芯胁邪薪褘	0.002123	0.116534	0.000247
胁芯谢褕械斜薪褘械	0.000303	0.116534	0.000035
胁芯谢褕械斜褋褌胁芯	0.000303	0.116534	0.000035
胁芯锌褉芯褋褘	0.000303	0.000000	0.000000
胁芯褋褌芯褔薪邪褟	0.000303	0.127833	0.000039
胁锌芯谢薪械	0.000303	2.813411	0.000853
胁褉械屑械薪邪	0.000303	0.116534	0.000035
胁褉械屑械薪械屑	0.001820	0.116534	0.000212
胁褉械屑械薪懈	0.000607	0.967584	0.000587
胁褋械谐芯	0.000607	0.186330	0.000113
胁褋械泄	0.000910	0.105361	0.000096
胁褋械屑褍	0.000303	0.061875	0.000019
胁褋锌芯屑薪懈褌褜	0.000303	0.040822	0.000012
胁褋褌褉械褔邪谢邪	0.000303	3.506558	0.001064
胁褋褌褉械褔邪谢懈	0.000303	2.995732	0.000909
胁褌芯褉芯械	0.000303	0.116534	0.000035
胁褌芯褉褘械	0.000303	0.127833	0.000039
胁褏芯写	0.000910	0.030459	0.000028
胁褘泄褌懈	0.000303	0.040822	0.000012
胁褘锌械褔泻邪	0.003943	0.040822	0.000161
胁褘锌械褔泻懈	0.000607	0.072571	0.000044
胁褘锌械褔泻芯泄	0.000303	0.116534	0.000035
胁褜械褌薪邪屑褋泻邪褟	0.000303	0.116534	0.000035
谐邪胁邪泄褋泻邪褟	0.000303	0.116534	0.000035
谐邪褉写械薪	0.000303	3.506558	0.001064
谐邪褉薪懈褉	0.001517	0.040822	0.000062
谐邪褋锌邪褔芯	0.000303	0.040822	0.000012
谐械芯谐褉邪褎懈褟	0.000303	0.116534	0.000035
谐谢邪胁薪褘泄	0.000303	0.040822	0.000012
谐谢邪蟹褍褉褜	0.000910	0.040822	0.000037
谐谢懈薪褌胁械泄薪	0.000303	0.040822	0.000012
谐薪械蟹写芯	0.000303	2.302585	0.000698
谐芯胁褟写懈薪褘	0.001213	0.116534	0.000141
谐芯写	0.002730	0.105361	0.000288
谐芯写邪	0.004550	0.248461	0.001130
谐芯写褍	0.000303	1.171183	0.000355
谐芯谢谢邪薪写褋泻邪褟	0.000303	0.116534	0.000035
谐芯褉芯写邪	0.000303	0.116534	0.000035
谐芯褉芯褏	0.000303	0.116534	0.000035
谐芯褉褔懈褑邪	0.001820	0.040822	0.000074
谐芯褉褔懈褑邪屑懈	0.000303	0.127833	0.000039
谐芯褉褕芯褔泻邪褏	0.000303	0.105361	0.000032
谐芯褉褕芯褔泻械	0.000303	0.040822	0.000012
谐芯褉褟褔械械	0.000607	0.116534	0.000071
谐芯褉褟褔懈械	0.010616	0.105361	0.001118
谐芯褉褟褔懈泄	0.000910	0.116534	0.000106
谐芯褋褌械泄	0.000303	1.272966	0.000386
谐芯褋褌懈	0.000607	0.116534	0.000071
谐芯褌芯胁	0.000303	2.207275	0.000669
谐芯褌芯胁懈屑	0.001820	0.094311	0.000172
谐芯褌芯胁懈褌褜	0.001517	0.105361	0.000160
谐芯褌芯胁褜	0.000607	0.116534	0.000071
谐芯褌芯胁褟褌	0.000303	0.116534	0.000035
谐芯褌芯胁褟褌褋褟	0.000303	1.660731	0.000504
谐褉械薪泻懈	0.000607	0.040822	0.000025
谐褉械褔械褋泻邪褟	0.000303	0.116534	0.000035
谐褉械褔泻邪	0.000303	0.040822	0.000012
谐褉懈斜邪屑懈	0.001213	0.105361	0.000128
谐褉懈斜薪褘械	0.000607	0.040822	0.000025
谐褉懈斜芯胁	0.000910	0.116534	0.000106
谐褉懈斜褘	0.000910	0.040822	0.000037
谐褉懈谢械	0.001517	0.116534	0.000177
谐褉懈谢褜	0.000303	0.116534	0.000035
谐褉懈谢褜屑邪薪懈褟	0.000303	0.116534	0.000035
谐褉懈谢褟	0.001213	0.116534	0.000141
谐褉芯谐	0.000303	0.040822	0.000012
谐褉褍胁	0.000303	3.506558	0.001064
谐褉褍写泻邪	0.000607	1.108663	0.000673
谐褉褍蟹懈薪褋泻邪褟	0.000303	0.116534	0.000035
谐褉褍锌锌褘	0.000303	0.061875	0.000019
谐褍褉屑邪薪懈褟	0.001820	0.116534	0.000212
谐褍褉屑械	0.000303	0.127833	0.000039
谐褍褋褟	0.000607	0.105361	0.000064
写邪械褌	0.000303	0.040822	0.000012
写邪屑褘	0.000303	3.912023	0.001187
写邪薪薪褘械	0.000303	0.040822	0.000012
写邪褉褘	0.000303	0.116534	0.000035
写邪褌械	0.000607	0.248461	0.000151
写邪褌褋泻邪褟	0.000303	0.116534	0.000035
写邪褔薪芯械	0.000910	0.116534	0.000106
写胁械	0.000303	2.525729	0.000766
写械胁芯褔泻懈	0.000303	1.427116	0.000433
写械泻邪斜褉褟	0.000303	0.597837	0.000181
写械泻芯褉	0.000303	0.127833	0.000039
写械谢邪械褌	0.000607	0.116534	0.000071
写械谢邪褌褜	0.000910	1.386294	0.001261
写械谢懈屑褋褟	0.000303	0.040822	0.000012
写械谢芯屑	0.000303	0.116534	0.000035
写械薪械谐	0.000303	4.605170	0.001397
写械薪褜	0.000910	0.083382	0.000076
写械褉褍薪褘	0.000303	3.506558	0.001064
写械褋械褉褌	0.000910	0.116534	0.000106
写械褋械褉褌邪褑懈褟	0.000303	0.116534	0.000035
写械褋械褉褌薪褘械	0.000303	0.116534	0.000035
写械褋械褉褌褘	0.004246	0.040822	0.000173
写械褌械泄	0.000303	0.116534	0.000035
写卸械屑	0.000303	0.040822	0.000012
写蟹械薪	0.000303	0.116534	0.000035
写懈械褌邪	0.000303	0.116534	0.000035
写懈械褌褘	0.000303	0.116534	0.000035
写懈泻懈泄	0.000607	0.116534	0.000071
写懈泻芯谐芯	0.000303	0.116534	0.000035
写懈锌	0.000303	0.116534	0.000035
写懈褔懈	0.000607	0.116534	0.000071
写懈褔褜	0.000303	0.116534	0.000035
写薪械胁薪懈泻邪褏	0.000303	0.061875	0.000019
写薪械泄	0.000910	0.116534	0.000106
写薪褟	0.000607	0.040822	0.000025
写芯斜邪胁泻芯泄	0.000303	3.912023	0.001187
写芯斜邪胁谢械薪懈褟屑	0.000303	0.274437	0.000083
写芯斜邪胁谢褟褌褜	0.000303	0.040822	0.000012
写芯斜邪胁褜	0.000303	0.116534	0.000035
写芯斜褉芯褎谢芯褌	0.000303	0.127833	0.000039
写芯胁械褉褟械褕褜	0.000303	0.116534	0.000035
写芯屑	0.002730	0.040822	0.000111
写芯屑邪褕薪械械	0.000910	0.040822	0.000037
写芯屑邪褕薪懈械	0.000607	0.040822	0.000025
写芯屑邪褕薪懈泄	0.001820	0.116534	0.000212
写芯屑邪褕薪褟褟	0.000607	0.105361	0.000064
写芯屑芯胁	0.000303	0.040822	0.000012
写褉邪泄胁	0.001517	0.127833	0.000194
写褉芯卸卸械胁芯械	0.000910	0.116534	0.000106
写褉褍谐懈屑懈	0.000303	0.040822	0.000012
写褍褏芯胁泻邪	0.001213	0.127833	0.000155
写褍褕懈	0.000910	0.105361	0.000096
写褍褕懈褋褌褘泄	0.000607	1.237874	0.000751
械胁褉械泄褋泻邪褟	0.000303	0.116534	0.000035
械谐懈锌械褌褋泻邪褟	0.000303	0.116534	0.000035
械写懈薪褘泄	0.000303	0.040822	0.000012
械泻芯	0.000303	0.127833	0.000039
械谢械薪邪	0.000303	2.995732	0.000909
卸邪褉泻芯械	0.000303	0.040822	0.000012
卸械谢邪械屑褘械	0.000303	1.469676	0.000446
卸械谢邪褞	0.000303	3.912023	0.001187
卸械谢械	0.000910	0.040822	0.000037
卸械谢褌芯泻	0.000607	1.272966	0.000772
卸械屑褔褍卸懈薪邪屑懈	0.000303	4.605170	0.001397
卸械屑褔褍卸薪褘械	0.000303	4.605170	0.001397
卸械薪褋泻邪褟	0.000303	0.127833	0.000039
卸械薪褋泻芯屑	0.000303	0.061875	0.000019
卸械薪褖懈薪褘	0.000607	0.116534	0.000071
卸懈胁褍	0.000607	3.912023	0.002373
卸懈蟹薪懈	0.000303	0.040822	0.000012
卸懈蟹薪褜	0.000303	0.116534	0.000035
卸褍谢褜械薪	0.000303	0.040822	0.000012
卸褍褉薪邪谢邪	0.000303	0.127833	0.000039
卸褞谢褜械薪	0.000303	0.040822	0.000012
蟹邪胁邪褉薪芯械	0.000303	0.116534	0.000035
蟹邪胁邪褉薪芯泄	0.000303	0.116534	0.000035
蟹邪胁褌褉邪泻	0.003033	0.094311	0.000286
蟹邪胁褌褉邪泻懈	0.000303	0.127833	0.000039
蟹邪胁褌褉邪泻褍	0.000303	3.218876	0.000976
蟹邪谐芯褌芯胁泻懈	0.001213	0.040822	0.000050
蟹邪写邪胁邪褌褜	0.000303	0.040822	0.000012
蟹邪泄褑邪	0.000607	0.116534	0.000071
蟹邪泻胁邪褋泻邪	0.000303	0.040822	0.000012
蟹邪泻胁邪褋泻邪屑懈	0.000303	0.116534	0.000035
蟹邪泻胁邪褋芯泻	0.000303	0.127833	0.000039
蟹邪泻褉褘褌褘泄	0.001517	0.116534	0.000177
蟹邪泻褍褋泻邪	0.001213	1.347074	0.001634
蟹邪泻褍褋泻懈	0.010009	0.040822	0.000409
蟹邪泻褍褋泻褍	0.001213	0.116534	0.000141
蟹邪泻褍褋芯薪褔懈泻	0.000303	0.116534	0.000035
蟹邪泻褍褋芯褔泻邪	0.000303	0.116534	0.000035
蟹邪泻褍褋芯褔薪芯屑	0.000303	4.605170	0.001397
蟹邪泻褍褋芯褔薪褘械	0.003336	0.116534	0.000389
蟹邪谢懈胁薪芯械	0.000607	0.040822	0.000025
蟹邪屑械褋	0.000303	3.506558	0.001064
蟹邪屑芯褉芯蟹泻邪	0.000303	0.105361	0.000032
蟹邪锌邪写	0.000303	0.116534	0.000035
蟹邪锌械泻邪薪泻邪	0.001213	0.105361	0.000128
蟹邪锌械泻邪薪泻懈	0.002123	0.040822	0.000087
蟹邪锌械褔械薪薪褘泄	0.000303	1.897120	0.000575
蟹邪锌褉邪胁泻邪	0.000607	0.040822	0.000025
蟹邪褉械谐懈褋褌褉懈褉芯胁邪胁褕懈褋褜	0.000303	0.040822	0.000012
蟹邪褉械谐懈褋褌褉懈褉芯胁邪褌褜褋褟	0.000303	0.030459	0.000009
蟹邪褋芯谢泻邪	0.000303	0.116534	0.000035
蟹邪褌褉邪褌邪褏	0.000303	4.605170	0.001397
蟹邪褏芯写懈褌械	0.000303	0.755023	0.000229
蟹胁邪薪褘泄	0.000303	0.127833	0.000039
蟹胁械蟹写邪	0.000303	0.127833	0.000039
蟹胁褢蟹写薪褘械	0.000303	0.116534	0.000035
蟹写芯褉芯胁芯械	0.000303	0.116534	0.000035
蟹写芯褉芯胁褘泄	0.000303	0.116534	0.000035
蟹械谢械薪褘械	0.001213	2.302585	0.002794
蟹械谢械薪褜	0.002123	0.094311	0.000200
蟹械褎懈褉	0.000303	0.040822	0.000012
蟹懈屑薪懈械	0.000303	0.051293	0.000016
蟹懈屑褍	0.001213	0.040822	0.000050
蟹芯谢芯褌邪褟	0.000303	0.116534	0.000035
懈胁邪薪芯胁邪	0.000303	0.127833	0.000039
懈写械邪谢褜薪邪褟	0.000303	0.116534	0.000035
懈写械邪谢褜薪芯谐芯	0.001517	0.116534	0.000177
懈写械邪谢褜薪芯械	0.000303	0.116534	0.000035
懈写械泄泻懈	0.000303	0.116534	0.000035
懈写械泄泻芯泄	0.000303	3.912023	0.001187
懈蟹胁械褋褌薪芯	0.000303	2.525729	0.000766
懈蟹写械谢懈褟	0.000910	0.116534	0.000106
懈蟹写械谢懈褟屑懈	0.000910	0.116534	0.000106
懈泻褉邪	0.002426	0.040822	0.000099
懈泻褉芯泄	0.000607	3.506558	0.002127
懈谢谢褞褋褌褉懈褉芯胁邪薪	0.000303	2.120264	0.000643
懈屑械薪械屑	0.000303	0.040822	0.000012
懈薪胁械褉褌芯褉薪芯泄	0.000303	0.127833	0.000039
懈薪谐褉械写懈械薪褌邪屑	0.000303	1.469676	0.000446
懈薪谐褉械写懈械薪褌褘	0.009706	0.139262	0.001352
懈薪写械泄泻懈	0.001517	0.094311	0.000143
懈薪写械泄泻芯泄	0.000303	0.116534	0.000035
懈薪写懈泄褋泻邪褟	0.000303	0.116534	0.000035
懈薪写懈谢邪泄褌	0.000910	0.116534	0.000106
懈薪写懈褉械褋薪褘械	0.000303	0.116534	0.000035
懈薪褋褌褉褍泻褑懈褟屑懈	0.000303	0.040822	0.000012
懈褉邪泻褋泻邪褟	0.000303	0.116534	0.000035
懈褉邪薪褋泻邪褟	0.000303	0.116534	0.000035
懈褉谢邪薪写褋泻邪褟	0.000303	0.116534	0.000035
懈褋泻邪谢邪	0.000303	2.302585	0.000698
懈褋泻谢褞褔懈褌褜	0.000303	1.469676	0.000446
懈褋泻褉械薪薪械	0.000303	0.116534	0.000035
懈褋谢邪薪写褋泻邪褟	0.000303	0.116534	0.000035
懈褋锌邪薪懈懈	0.000303	3.912023	0.001187
懈褋锌邪薪褋泻邪褟	0.000303	0.116534	0.000035
懈褋锌邪薪褋泻懈褏	0.000303	4.605170	0.001397
懈褋锌械泻懈	0.000303	0.116534	0.000035
懈褋褌芯褉懈懈	0.001517	0.116534	0.000177
懈褋褌芯褉懈褞	0.000303	0.116534	0.000035
懈褌邪谢懈懈	0.000607	0.105361	0.000064
懈褌邪谢褜褟薪褋泻邪褟	0.000303	0.116534	0.000035
懈褖褍褌	0.000303	1.609438	0.000488
懈褞谢褟	0.000303	0.597837	0.000181
泄邪	0.000303	3.912023	0.001187
泄芯谐褍褉褌	0.000910	0.040822	0.000037
泻邪斜邪褔泻懈	0.000303	0.040822	0.000012
泻邪胁泻邪蟹褋泻邪褟	0.000303	0.116534	0.000035
泻邪蟹邪谢芯褋褜	0.000303	1.609438	0.000488
泻邪蟹邪薪械	0.000303	0.116534	0.000035
泻邪蟹邪褏褋泻邪褟	0.000303	0.116534	0.000035
泻邪泻邪芯	0.000607	0.040822	0.000025
泻邪谢械泄写芯褋泻芯锌	0.001213	0.116534	0.000141
泻邪谢屑褘褑泻邪褟	0.000303	0.116534	0.000035
泻邪谢褜屑邪褉	0.000303	0.040822	0.000012
泻邪屑械褉邪	0.000303	0.116534	0.000035
泻邪薪邪写褋泻邪褟	0.000303	0.116534	0.000035
泻邪薪邪谢	0.000607	0.040822	0.000025
泻邪薪邪谢械	0.000303	0.040822	0.000012
泻邪薪邪锌械	0.001820	0.040822	0.000074
泻邪薪邪锌褍谢懈	0.000303	3.912023	0.001187
泻邪锌械褉褋褘	0.000607	2.525729	0.001532
泻邪锌褍褋褌邪	0.000607	0.040822	0.000025
泻邪锌褍褋褌薪褟泻	0.000303	0.040822	0.000012
泻邪锌褍褋褌褘	0.000303	0.040822	0.000012
泻邪褉邪屑械谢褜	0.000303	0.040822	0.000012
泻邪褉泻邪褋薪褘泄	0.001213	0.116534	0.000141
泻邪褉褌芯褎械谢褜	0.001820	0.040822	0.000074
泻邪褉褌芯褎械谢褜薪芯械	0.000303	0.040822	0.000012
泻邪褉褌芯褎械谢褜薪褘械	0.000303	2.525729	0.000766
泻邪褉褌芯褎械谢褜薪褘泄	0.000303	0.116534	0.000035
泻邪褉褌芯褕泻邪	0.001517	0.040822	0.000062
泻邪褌械谐芯褉懈懈	0.000607	0.116534	0.000071
泻邪褌械谐芯褉懈褟	0.004550	0.150823	0.000686
泻邪褔械褋褌胁芯	0.000303	0.116534	0.000035
泻邪褕邪	0.000303	0.040822	0.000012
泻邪褕懈	0.001517	0.105361	0.000160
泻邪褕褍	0.000303	0.094311	0.000029
泻胁邪褋	0.000910	0.040822	0.000037
泻胁邪褋薪芯械	0.000910	0.116534	0.000106
泻胁邪褋芯屑	0.000303	0.127833	0.000039
泻械斜邪斜	0.000303	2.995732	0.000909
泻械泻褋	0.000303	0.040822	0.000012
泻械泻褋褘	0.000607	0.116534	0.000071
泻械褎懈褉	0.000303	0.040822	0.000012
泻懈屑褔懈	0.000303	0.040822	0.000012
泻懈薪芯邪	0.000607	0.127833	0.000078
泻懈薪芯谢械薪褌邪	0.000303	0.116534	0.000035
泻懈褋械谢褜	0.000607	0.040822	0.000025
泻懈褌邪泄褋泻邪褟	0.000303	0.116534	0.000035
泻谢邪褋褋	0.002426	0.116534	0.000283
泻谢邪褋褋褘	0.000303	0.116534	0.000035
泻谢褟褉械	0.000303	2.302585	0.000698
泻薪懈谐褍	0.000607	0.040822	0.000025
泻芯泻褌械泄谢懈	0.000303	0.127833	0.000039
泻芯泻褌械泄谢褜	0.001517	0.040822	0.000062
泻芯谢斜邪褋邪	0.000910	0.040822	0.000037
泻芯谢斜邪褋薪褘屑懈	0.000910	0.116534	0.000106
泻芯屑邪薪写邪	0.000607	0.127833	0.000078
泻芯屑懈	0.000303	0.116534	0.000035
泻芯屑屑械薪褌邪褉懈械胁	0.000303	0.223144	0.000068
泻芯屑锌邪薪懈泄	0.000303	0.105361	0.000032
泻芯屑锌芯褌	0.000910	0.040822	0.000037
泻芯屑褍	0.000607	1.347074	0.000817
泻芯薪懈薪褘	0.000303	0.116534	0.000035
泻芯薪泻褍褉褋	0.065514	0.105361	0.006903
泻芯薪泻褍褉褋邪	0.000303	0.116534	0.000035
泻芯薪泻褍褉褋邪褏	0.000303	0.040822	0.000012
泻芯薪泻褍褉褋械	0.000303	2.302585	0.000698
泻芯薪泻褍褉褋薪褘械	0.000303	0.127833	0.000039
泻芯薪褋械褉胁懈褉芯胁邪薪懈械	0.000303	0.040822	0.000012
泻芯薪褋械褉胁懈褉芯胁邪薪薪邪褟	0.000303	0.116534	0.000035
泻芯薪褋械褉胁懈褉芯胁邪薪薪芯械	0.000303	0.116534	0.000035
泻芯薪褋械褉胁懈褉芯胁邪薪薪褘械	0.000607	0.116534	0.000071
泻芯薪褋械褉胁懈褉芯胁邪薪薪褘泄	0.000303	0.116534	0.000035
泻芯薪褋械褉胁褘	0.000607	2.813411	0.001707
泻芯薪褎械褌褌懈	0.000303	0.116534	0.000035
泻芯薪褎械褌褘	0.000910	0.040822	0.000037
泻芯薪褎懈写械薪褑懈邪谢褜薪芯褋褌懈	0.000303	0.040822	0.000012
泻芯薪褎懈褌褞褉	0.000303	0.040822	0.000012
泻芯锌褔械薪芯褋褌褟屑懈	0.000303	0.116534	0.000035
泻芯褉械泄褋泻邪褟	0.000303	0.116534	0.000035
泻芯褉械泄褋泻懈	0.000303	0.040822	0.000012
泻芯褉卸懈泻懈	0.000303	0.040822	0.000012
泻芯褉屑褟褖懈褏	0.000303	0.116534	0.000035
泻芯褉芯谢械胁邪	0.000910	3.506558	0.003191
泻芯褌谢械褌褘	0.001517	0.040822	0.000062
泻芯褌芯褉芯屑褍	0.000303	0.116534	0.000035
泻芯褎械	0.000607	0.040822	0.000025
泻褉邪斜芯胁褘械	0.000607	2.659260	0.001613
泻褉邪斜芯胁褘屑	0.000303	4.605170	0.001397
泻褉邪褋懈胁芯芯芯	0.000303	3.912023	0.001187
泻褉邪褋泻懈	0.000303	0.116534	0.000035
泻褉邪褋薪邪褟	0.001213	2.995732	0.003634
泻褉邪褋薪芯泄	0.000303	3.912023	0.001187
泻褉械邪褌懈胁	0.000303	0.127833	0.000039
泻褉械屑	0.000910	0.040822	0.000037
泻褉械屑邪	0.000607	0.116534	0.000071
泻褉械锌泻懈械	0.000303	4.605170	0.001397
泻褉械锌泻懈泄	0.000303	0.116534	0.000035
泻褉芯谢懈泻邪	0.000607	0.116534	0.000071
泻褉芯屑械	0.000607	0.061875	0.000038
泻褉芯褏懈	0.000303	0.116534	0.000035
泻褉褍谐褍	0.000607	0.116534	0.000071
泻褉褍锌	0.001820	0.116534	0.000212
泻褉褍锌邪	0.000303	0.127833	0.000039
泻褉褍锌褘	0.000607	0.127833	0.000078
泻褉褍锌褟薪褘械	0.000303	0.116534	0.000035
泻褋褌邪褌懈	0.000303	1.237874	0.000375
泻褋褞薪褜泻邪	0.000303	4.605170	0.001397
泻褍斜懈薪褋泻邪褟	0.000303	0.116534	0.000035
泻褍谢械褕	0.000303	0.040822	0.000012
泻褍谢懈薪邪褉懈懈	0.000910	0.094311	0.000086
泻褍谢懈薪邪褉薪邪褟	0.000303	0.116534	0.000035
泻褍谢懈薪邪褉薪芯械	0.000303	0.116534	0.000035
泻褍谢懈薪邪褉薪褍褞	0.000607	0.040822	0.000025
泻褍谢懈薪邪褉薪褘泄	0.000303	0.072571	0.000022
泻褍谢懈薪邪褉薪褘褏	0.000303	0.116534	0.000035
泻褍谢懈褔	0.000303	0.040822	0.000012
泻褍谢懈褔懈	0.000303	0.116534	0.000035
泻褍褉写褋泻邪褟	0.000303	0.116534	0.000035
泻褍褉懈薪邪褟	0.000607	1.021651	0.000620
泻褍褉懈薪芯谐芯	0.000303	0.116534	0.000035
泻褍褉懈薪芯械	0.004550	0.127833	0.000582
泻褍褉懈薪褘械	0.000303	1.832581	0.000556
泻褍褉懈薪褘泄	0.000303	0.105361	0.000032
泻褍褉懈褑邪	0.000607	0.040822	0.000025
泻褍褉懈褑褘	0.000910	0.116534	0.000106
泻褍褉芯褔泻芯泄	0.000303	0.116534	0.000035
泻褍褋泻褍褋	0.000303	0.040822	0.000012
泻褍褏薪械泄	0.000303	0.040822	0.000012
泻褍褏薪懈	0.000910	0.040822	0.000037
泻褍褏薪褟	0.000910	0.116534	0.000106
谢邪胁邪褕	0.000607	0.040822	0.000025
谢邪胁邪褕邪	0.001213	0.116534	0.000141
谢邪谐屑邪薪	0.000303	0.040822	0.000012
谢邪泻芯屑褋褌胁芯	0.000303	0.116534	0.000035
谢邪锌褕邪	0.000607	0.040822	0.000025
谢邪褋褌芯褔泻懈薪芯	0.000303	2.302585	0.000698
谢邪褌褘褕褋泻邪褟	0.000303	0.116534	0.000035
谢械谐泻邪褟	0.000303	0.116534	0.000035
谢械谐泻懈泄	0.000607	0.116534	0.000071
谢械谐泻芯	0.001820	0.116534	0.000212
谢械锌械褕泻懈	0.000910	0.040822	0.000037
谢械褌邪	0.000303	0.116534	0.000035
谢械褌薪懈械	0.000303	0.040822	0.000012
谢械褌薪褟褟	0.000303	0.116534	0.000035
谢械褌芯	0.001517	0.116534	0.000177
谢械褔芯	0.000303	0.040822	0.000012
谢懈谐邪	0.000910	0.116534	0.000106
谢懈泻械褉	0.000303	0.040822	0.000012
谢懈屑芯薪邪写	0.000607	0.040822	0.000025
谢懈屑芯薪薪褘泄	0.001213	0.798508	0.000969
谢懈褋褌褜褟	0.000607	1.514128	0.000918
谢懈褌芯胁褋泻	0.000303	0.127833	0.000039
谢懈褌芯胁褋泻邪褟	0.000303	0.116534	0.000035
谢褍泻	0.001213	0.301105	0.000365
谢褍褔褕懈械	0.000303	0.116534	0.000035
谢褍褔褕懈泄	0.000607	0.040822	0.000025
谢褍褔褕懈褏	0.000303	0.116534	0.000035
谢褞斜胁懈	0.000303	0.105361	0.000032
谢褞斜懈屑芯谐芯	0.000303	0.127833	0.000039
谢褞斜懈屑芯屑褍	0.000303	0.116534	0.000035
谢褞斜懈屑褘屑	0.000303	1.469676	0.000446
谢褞斜懈屑褘褏	0.001820	0.116534	0.000212
谢褞斜懈褌	0.000303	1.427116	0.000433
谢褞斜芯胁褜	0.000303	0.116534	0.000035
谢褞斜芯谐芯	0.000303	2.302585	0.000698
谢褞斜芯泄	0.000303	0.116534	0.000035
谢褞斜芯屑	0.000303	2.525729	0.000766
谢褞斜褟褌	0.000303	1.832581	0.000556
谢褢写	0.000303	0.127833	0.000039
屑邪谐邪蟹懈薪薪褘泄	0.000303	3.506558	0.001064
屑邪谐褉懈斜邪	0.000303	0.116534	0.000035
屑邪泄	0.000303	0.116534	0.000035
屑邪泄芯薪械蟹	0.003336	0.116534	0.000389
屑邪泻邪褉芯薪薪褘械	0.000303	0.116534	0.000035
屑邪泻邪褉芯薪褘	0.000303	0.040822	0.000012
屑邪谢邪蟹懈泄褋泻邪褟	0.000303	0.116534	0.000035
屑邪屑	0.000303	2.995732	0.000909
屑邪薪薪懈泻	0.000303	0.040822	0.000012
屑邪薪褋邪褉写芯泄	0.000303	0.755023	0.000229
屑邪薪褌褘	0.000303	0.116534	0.000035
屑邪薪褢胁褉褘	0.000303	0.116534	0.000035
屑邪褉邪褎芯薪	0.001213	0.116534	0.000141
屑邪褉谐邪褉懈薪	0.000607	1.609438	0.000976
屑邪褉懈薪邪写	0.002730	0.040822	0.000111
屑邪褉懈薪邪写褘	0.000910	0.116534	0.000106
屑邪褉懈薪芯胁邪薪薪褘械	0.000303	0.116534	0.000035
屑邪褉懈薪芯胁邪薪薪褘泄	0.001213	2.813411	0.003413
屑邪褉屑械谢邪写	0.000303	0.040822	0.000012
屑邪褉芯泻泻邪薪褋泻邪褟	0.000303	0.116534	0.000035
屑邪褉褌邪	0.001820	0.105361	0.000192
屑邪褋泻邪褉锌芯薪械	0.000303	0.040822	0.000012
屑邪褋谢械薪懈褑邪	0.000910	0.040822	0.000037
屑邪褋谢械薪懈褔薪芯械	0.000303	0.116534	0.000035
屑邪褋谢懈薪褘	0.000607	1.966113	0.001193
屑邪褋谢芯	0.004550	0.116534	0.000530
屑邪褋谢芯屑	0.000607	0.116534	0.000071
屑邪褋褌械褉	0.002730	0.116534	0.000318
屑邪褋褌懈泻邪	0.000303	0.040822	0.000012
屑邪褋褌懈泻懈	0.000303	0.116534	0.000035
屑邪褎褎懈薪褘	0.000303	0.116534	0.000035
屑邪褏械械胁褗	0.001213	0.116534	0.000141
屑邪褟	0.000607	0.634878	0.000385
屑械写懈邪褎芯褉褌	0.000910	0.000000	0.000000
屑械写芯胁褘泄	0.000303	0.116534	0.000035
屑械泻褋懈泻邪薪褋泻邪褟	0.000303	0.116534	0.000035
屑械薪褞	0.000303	0.116534	0.000035
屑械薪褟	0.000303	0.083382	0.000025
屑械薪褟械褌褋褟	0.000303	0.116534	0.000035
屑械褔褌邪	0.000303	0.116534	0.000035
屑械褔褌褘	0.000607	0.040822	0.000025
屑懈写懈懈	0.000303	0.040822	0.000012
屑懈泻褉芯胁芯谢薪芯胁泻械	0.000303	0.116534	0.000035
屑懈谢褘械	0.000303	3.912023	0.001187
屑懈谢褜械	0.000303	0.116534	0.000035
屑懈屑芯蟹邪	0.000303	3.218876	0.000976
屑懈薪懈屑邪谢褜薪褘褏	0.000303	4.605170	0.001397
屑懈薪懈屑褍屑	0.000303	1.427116	0.000433
屑懈薪褍褌褍	0.000303	2.659260	0.000807
屑懈芯	0.000303	0.116534	0.000035
屑懈褉	0.000303	0.116534	0.000035
屑懈褉邪	0.000303	0.116534	0.000035
屑懈褉芯胁邪褟	0.000303	0.116534	0.000035
屑懈褋芯	0.000303	0.040822	0.000012
屑懈褋褌械褉懈褟	0.000303	0.116534	0.000035
屑懈褋褌褉邪谢褜	0.002123	0.116534	0.000247
屑屑屑屑屑	0.000303	4.605170	0.001397
屑薪芯卸械褋褌胁芯屑	0.000303	0.040822	0.000012
屑薪芯芯芯芯谐芯	0.000303	4.605170	0.001397
屑芯械	0.000303	0.116534	0.000035
屑芯卸械褌械	0.000303	0.000000	0.000000
屑芯泄	0.000607	0.105361	0.000064
屑芯谢写邪胁褋泻邪褟	0.000303	0.116534	0.000035
屑芯谢芯泻械	0.000303	0.105361	0.000032
屑芯谢芯泻芯	0.000910	0.116534	0.000106
屑芯谢芯褔薪褘泄	0.000607	0.040822	0.000025
屑芯谢芯褔薪褘褏	0.000303	0.116534	0.000035
屑芯屑械薪褌	0.000910	0.116534	0.000106
屑芯薪谐芯谢褜褋泻邪褟	0.000303	0.116534	0.000035
屑芯褉械	0.000303	0.116534	0.000035
屑芯褉械锌褉芯写褍泻褌芯胁	0.003336	0.040822	0.000136
屑芯褉械锌褉芯写褍泻褌褘	0.000607	0.116534	0.000071
屑芯褉泻芯胁褜	0.001517	0.040822	0.000062
屑芯褉芯卸械薪芯械	0.000910	0.040822	0.000037
屑芯褉褋	0.000303	0.040822	0.000012
屑芯褉褋褘	0.000303	0.116534	0.000035
屑芯褌芯褉	0.000303	0.116534	0.000035
屑芯褏懈褌芯	0.000303	0.040822	0.000012
屑褍卸褋泻邪褟	0.000303	0.127833	0.000039
屑褍卸褔懈薪	0.000303	3.506558	0.001064
屑褍卸褔懈薪褘	0.000607	0.116534	0.000071
屑褍泻邪	0.001820	0.274437	0.000499
屑褍谢褜褌懈胁邪褉泻械	0.011526	0.116534	0.001343
屑褍谢褜褌懈锌械泻邪褉械泄	0.000910	0.116534	0.000106
屑褍褋褋	0.000303	0.040822	0.000012
屑褍褋褋褘	0.000607	0.116534	0.000071
屑褍褔薪褘械	0.000303	0.116534	0.000035
屑褞褋谢懈	0.000607	0.116534	0.000071
屑褟谐泻懈泄	0.000910	1.386294	0.001261
屑褟褋邪	0.002426	0.116534	0.000283
屑褟褋薪芯谐芯	0.000607	0.116534	0.000071
屑褟褋薪芯泄	0.000303	0.116534	0.000035
屑褟褋薪褘械	0.001517	0.040822	0.000062
屑褟褋薪褘褏	0.000910	0.116534	0.000106
屑褟褋芯	0.002426	0.040822	0.000099
屑褟褋芯屑	0.001820	0.040822	0.000074
屑褟褋褍	0.000607	0.116534	0.000071
薪邪写械褞褋褜	0.000303	1.609438	0.000488
薪邪蟹胁邪薪懈械屑	0.000303	1.203973	0.000365
薪邪蟹薪邪褔械薪懈褟	0.000303	0.116534	0.000035
薪邪泄写械褌械	0.000303	2.813411	0.000853
薪邪泄褌懈	0.000303	1.714798	0.000520
薪邪谢懈胁泻邪	0.000303	0.040822	0.000012
薪邪锌懈褌泻懈	0.002123	0.040822	0.000087
薪邪锌懈褌芯泻	0.000303	0.040822	0.000012
薪邪褋褌芯泄泻邪	0.000303	0.040822	0.000012
薪邪褋褌芯褟褖邪褟	0.000303	2.207275	0.000669
薪邪褋褌芯褟褖懈褏	0.000303	2.813411	0.000853
薪邪褋褌褉芯械薪懈械	0.000303	0.116534	0.000035
薪邪褌褍谢褟	0.000303	3.912023	0.001187
薪邪褑懈芯薪邪谢褜薪褘械	0.000303	0.116534	0.000035
薪邪褔懈薪泻邪	0.000607	0.040822	0.000025
薪邪褔懈薪泻芯泄	0.000607	0.116534	0.000071
薪邪褕械屑	0.000303	0.040822	0.000012
薪邪褕懈	0.000303	0.061875	0.000019
薪邪褕谢邪	0.000303	0.579818	0.000176
薪谐	0.000303	4.605170	0.001397
薪械写械谢褟	0.003033	0.061875	0.000188
薪械卸薪芯泄	0.000303	0.116534	0.000035
薪械泄	0.000303	1.897120	0.000575
薪械泻芯褌芯褉褘褏	0.000303	3.506558	0.001064
薪械屑械褑泻邪褟	0.000303	0.116534	0.000035
薪械屑薪芯谐芯	0.000303	1.203973	0.000365
薪械芯卸懈写邪薪薪芯	0.000303	3.506558	0.001064
薪械芯卸懈写邪薪薪褘械	0.000303	0.116534	0.000035
薪械锌芯褋褉械写褋褌胁械薪薪芯	0.000303	2.995732	0.000909
薪械褋谢邪写泻芯械	0.000303	0.116534	0.000035
薪懈蟹	0.000303	4.605170	0.001397
薪懈褔械谐芯	0.000303	0.941609	0.000286
薪芯胁邪褟	0.000303	0.116534	0.000035
薪芯胁芯谐芯	0.000303	2.995732	0.000909
薪芯胁芯谐芯写薪械谐芯	0.001517	0.116534	0.000177
薪芯胁芯谐芯写薪械械	0.000910	0.116534	0.000106
薪芯胁芯谐芯写薪懈械	0.001820	0.040822	0.000074
薪芯胁芯谐芯写薪懈泄	0.002123	0.116534	0.000247
薪芯胁芯谐芯写薪褟褟	0.000303	0.105361	0.000032
薪芯胁芯褋褌褟褏	0.000303	0.061875	0.000019
薪芯胁褘械	0.000607	0.051293	0.000031
薪芯胁褘泄	0.002730	0.094311	0.000257
薪芯褉胁械卸褋泻邪褟	0.000303	0.116534	0.000035
薪芯褟斜褉褟	0.000607	0.527633	0.000320
芯斜械写	0.000910	0.105361	0.000096
芯斜械蟹褜褟薪褘	0.000303	0.116534	0.000035
芯斜褖邪褌褜褋褟	0.000303	0.040822	0.000012
芯斜褖懈泄	0.000303	4.605170	0.001397
芯斜褘褔薪褘泄	0.000303	1.897120	0.000575
芯胁芯褖邪屑懈	0.000303	0.116534	0.000035
芯胁芯褖械泄	0.004246	0.105361	0.000447
芯胁芯褖懈	0.001820	0.094311	0.000172
芯胁芯褖薪邪褟	0.000303	0.040822	0.000012
芯胁芯褖薪芯械	0.000303	0.116534	0.000035
芯胁芯褖薪芯泄	0.000607	0.105361	0.000064
芯胁芯褖薪褘械	0.001517	0.040822	0.000062
芯胁褋褟薪芯械	0.000303	0.116534	0.000035
芯谐薪械薪薪芯泄	0.000303	0.116534	0.000035
芯谐薪褟	0.000303	0.116534	0.000035
芯谐褍褉械褑	0.002426	1.237874	0.003004
芯谐褍褉褑褘	0.000607	0.116534	0.000071
芯谐褍褉褔懈泻	0.000303	4.605170	0.001397
芯卸懈写邪谢邪	0.000303	2.525729	0.000766
芯泻褉芯褕泻邪	0.000910	0.040822	0.000037
芯泻褌褟斜褉褟	0.000910	0.562119	0.000511
芯谢邪写褜懈	0.000910	0.040822	0.000037
芯谢械泄薪邪	0.000910	0.116534	0.000106
芯谢械泄薪芯泄	0.001213	0.116534	0.000141
芯谢械泄薪褘	0.000303	0.127833	0.000039
芯谢懈	0.000303	2.813411	0.000853
芯谢懈胁泻懈	0.001213	2.207275	0.002678
芯谢褜谐邪	0.000303	1.427116	0.000433
芯谢褟	0.000303	2.120264	0.000643
芯屑谢械褌	0.000607	0.040822	0.000025
芯芯芯褔械薪褜	0.000910	3.218876	0.002929
芯锌邪褉邪	0.000303	0.040822	0.000012
芯锌褉芯褋	0.000303	0.061875	0.000019
芯褉谐邪薪懈蟹褍褞褌	0.000303	4.605170	0.001397
芯褋胁械卸褍	0.000303	4.605170	0.001397
芯褋械薪薪械械	0.000303	0.116534	0.000035
芯褋械薪薪懈械	0.000303	0.051293	0.000016
芯褋械薪薪懈泄	0.000607	0.116534	0.000071
芯褋械薪褜	0.003033	0.105361	0.000320
芯褋薪芯胁薪芯械	0.000303	0.040822	0.000012
芯褋褌邪械褌褋褟	0.000303	0.116534	0.000035
芯褌胁械褌懈褌褜	0.000303	0.051293	0.000016
芯褌胁械褌芯胁	0.000303	0.051293	0.000016
芯褌胁械褌褘	0.000303	0.000000	0.000000
芯褌泻褉褘胁邪褞	0.000303	4.605170	0.001397
芯褌泻褉褘褌褘械	0.000303	4.605170	0.001397
芯褌泻褉褘褌褘泄	0.002426	0.116534	0.000283
芯褌屑械薪懈褌褜	0.000303	0.040822	0.000012
芯褏谢邪写懈褌褜	0.000303	0.116534	0.000035
锌邪泻械褌懈泻邪褏	0.000303	0.105361	0.000032
锌邪谢芯褔泻懈	0.001213	0.040822	0.000050
锌邪薪懈褉芯胁泻邪	0.002426	0.116534	0.000283
锌邪褉邪	0.000303	0.116534	0.000035
锌邪褉邪写	0.002123	0.116534	0.000247
锌邪褉芯胁邪褉泻械	0.002730	0.116534	0.000318
锌邪褉芯谢褜	0.000303	0.020203	0.000006
锌邪褋褌邪	0.001517	0.040822	0.000062
锌邪褋褌褉芯屑邪	0.000303	0.040822	0.000012
锌邪褋褏邪	0.000607	0.040822	0.000025
锌邪褋褏邪谢褜薪邪褟	0.000607	0.116534	0.000071
锌邪褋褏邪谢褜薪褘泄	0.000303	0.127833	0.000039
锌邪褕褌械褌	0.000303	0.040822	0.000012
锌邪褕褌械褌芯屑	0.000303	3.506558	0.001064
锌邪褕褌械褌褘	0.000607	0.116534	0.000071
锌械写邪谢褜泻懈薪邪	0.000303	3.912023	0.001187
锌械泻邪褉褟	0.000303	0.127833	0.000039
锌械泻褍	0.000303	2.302585	0.000698
锌械谢褜屑械薪懈	0.000303	0.116534	0.000035
锌械褉胁芯械	0.000607	0.040822	0.000025
锌械褉胁褘械	0.000303	0.127833	0.000039
锌械褉胁褘屑	0.000303	0.116534	0.000035
锌械褉械泄褌懈	0.000303	0.040822	0.000012
锌械褉械泻褍褋	0.000607	0.116534	0.000071
锌械褉械褑	0.003336	0.040822	0.000136
锌械褉褋芯薪褘	0.000303	0.116534	0.000035
锌械褉褍邪薪褋泻邪褟	0.000303	0.116534	0.000035
锌械褋芯褔薪芯械	0.000607	0.105361	0.000064
锌械褋芯褔薪褘泄	0.000303	0.116534	0.000035
锌械褌械谢懈薪泻懈	0.000303	0.127833	0.000039
锌械褌褉褍褕泻邪	0.001213	0.693147	0.000841
锌械褔械薪芯褔薪褘械	0.000303	3.506558	0.001064
锌械褔械薪芯褔薪褘泄	0.000303	0.040822	0.000012
锌械褔械薪褜械	0.002730	0.040822	0.000111
锌械褔懈	0.000303	0.127833	0.000039
锌懈胁芯	0.000303	0.116534	0.000035
锌懈泻邪薪褌薪芯	0.000303	3.218876	0.000976
锌懈泻邪薪褌褘	0.000303	0.127833	0.000039
锌懈泻薪懈泻	0.000607	0.116534	0.000071
锌懈泻薪懈泻邪	0.000303	0.116534	0.000035
锌懈泻薪懈泻褍	0.000303	0.105361	0.000032
锌懈褉	0.000303	0.116534	0.000035
锌懈褉芯谐	0.000910	0.040822	0.000037
锌懈褉芯谐懈	0.000303	0.105361	0.000032
锌懈褉芯卸泻懈	0.000303	0.040822	0.000012
锌懈褉芯卸薪芯械	0.000303	0.040822	0.000012
锌懈褉芯卸薪褘械	0.000303	0.116534	0.000035
锌懈褌邪薪懈械	0.001517	0.105361	0.000160
锌懈褑褑邪	0.000910	0.040822	0.000037
锌懈褑褑械泄	0.000303	3.912023	0.001187
锌懈褑褑褍	0.000303	2.995732	0.000909
锌懈褑褑褘	0.000607	2.207275	0.001339
锌谢邪屑褟	0.000303	0.116534	0.000035
锌谢懈褌邪	0.001213	0.127833	0.000155
锌谢芯胁	0.000303	0.116534	0.000035
锌谢芯写褘	0.000303	0.116534	0.000035
锌芯胁邪褉械薪泻械	0.000303	0.040822	0.000012
锌芯胁邪褉械薪芯泻	0.000303	0.061875	0.000019
锌芯胁邪褉褟褌	0.000303	0.116534	0.000035
锌芯胁邪褉褟褌邪屑懈	0.000303	0.040822	0.000012
锌芯胁邪褉褢薪泻邪	0.000303	0.116534	0.000035
锌芯胁械蟹褢褌	0.000303	4.605170	0.001397
锌芯胁懈写谢芯	0.000303	0.040822	0.000012
锌芯写邪褉泻芯胁	0.000303	0.116534	0.000035
锌芯写邪褔邪	0.000303	2.995732	0.000909
锌芯写斜芯褉	0.000303	1.514128	0.000459
锌芯写械谢懈褌褜褋褟	0.000303	0.478036	0.000145
锌芯写谢懈胁邪	0.000303	0.116534	0.000035
锌芯写谢懈胁泻邪	0.000303	0.040822	0.000012
锌芯写锌懈褋邪褌褜褋褟	0.000303	0.040822	0.000012
锌芯写锌懈褕懈褌械褋褜	0.000607	0.040822	0.000025
锌芯写褏芯写	0.000303	3.912023	0.001187
锌芯械写懈薪泻懈	0.004246	0.116534	0.000495
锌芯蟹邪胁褌褉邪泻邪褌褜	0.000303	3.912023	0.001187
锌芯蟹写褉邪胁褜	0.000303	0.116534	0.000035
锌芯懈褋泻	0.000303	0.051293	0.000016
锌芯懈褋泻芯屑	0.000303	2.995732	0.000909
锌芯谢写薪懈泻	0.000607	0.116534	0.000071
锌芯谢械蟹薪芯	0.000303	0.116534	0.000035
锌芯谢懈褌懈泻芯泄	0.000303	0.040822	0.000012
锌芯谢芯胁懈薪邪	0.002426	0.116534	0.000283
锌芯谢褍褔邪泄褌械	0.000303	0.040822	0.000012
锌芯谢褍褔邪褌褜	0.000303	0.040822	0.000012
锌芯谢褍褔懈谢芯褋褜	0.000303	0.994252	0.000302
锌芯谢褜蟹邪	0.000303	0.127833	0.000039
锌芯谢褜蟹芯胁邪褌械谢械屑	0.000303	2.040221	0.000619
锌芯谢褜蟹芯胁邪褌褜褋褟	0.000303	2.813411	0.000853
锌芯谢褜蟹芯泄	0.001213	0.116534	0.000141
锌芯谢褜褋泻邪褟	0.000303	0.116534	0.000035
锌芯屑邪写泻邪	0.000607	0.040822	0.000025
锌芯屑邪写泻懈	0.000303	0.116534	0.000035
锌芯屑懈写芯褉	0.000607	0.713350	0.000433
锌芯屑懈写芯褉泻懈	0.000303	0.127833	0.000039
锌芯屑懈写芯褉褘	0.001213	0.116534	0.000141
锌芯薪懈屑邪薪懈械	0.000303	2.813411	0.000853
锌芯薪褉邪胁懈胁褕懈械褋褟	0.000303	0.040822	0.000012
锌芯薪褔懈泻懈	0.000607	0.040822	0.000025
锌芯锌褉芯斜芯胁邪褌褜	0.000303	0.798508	0.000242
锌芯锌褉芯斜褍泄褌械	0.000607	0.562119	0.000341
锌芯褉邪	0.000303	0.116534	0.000035
锌芯褉褌褍谐邪谢褜褋泻邪褟	0.000303	0.116534	0.000035
锌芯褋械褖邪械褌械	0.000303	0.061875	0.000019
锌芯褋褌	0.001517	0.105361	0.000160
锌芯褋褌薪芯械	0.000303	0.116534	0.000035
锌芯褋褌薪褘械	0.000607	0.040822	0.000025
锌芯褋褌薪褘泄	0.000303	0.116534	0.000035
锌芯褋褌芯褟薪薪芯	0.000303	0.040822	0.000012
锌芯褋褌褉芯懈屑	0.000303	0.116534	0.000035
锌芯褋褍写邪	0.000607	0.094311	0.000057
锌芯褏芯卸械谐芯	0.000303	2.995732	0.000909
锌芯褔褌褍	0.000303	0.040822	0.000012
锌芯褕邪谐芯胁褘械	0.000303	0.301105	0.000091
锌芯褕邪谐芯胁褘屑懈	0.000303	0.040822	0.000012
锌芯褟胁懈褌褋褟	0.000303	3.912023	0.001187
锌褉邪蟹写薪懈泻邪	0.000303	0.116534	0.000035
锌褉邪蟹写薪懈褔薪芯	0.000607	0.116534	0.000071
锌褉邪蟹写薪懈褔薪芯谐芯	0.000303	0.116534	0.000035
锌褉邪蟹写薪懈褔薪芯屑	0.000303	1.771957	0.000537
锌褉邪蟹写薪懈褔薪褘械	0.000303	2.995732	0.000909
锌褉邪蟹写薪懈褔薪褘泄	0.000303	0.116534	0.000035
锌褉邪蟹写薪懈褔薪褘屑	0.000607	2.995732	0.001817
锌褉邪泻褌懈泻褍屑	0.000303	0.116534	0.000035
锌褉械胁芯褋褏芯写薪褘械	0.000303	0.116534	0.000035
锌褉械胁褉邪褖械薪懈褟	0.000303	0.116534	0.000035
锌褉械褋薪芯械	0.000303	0.116534	0.000035
锌褉懈斜械卸懈褌	0.000303	4.605170	0.001397
锌褉懈胁褘褔薪褘泄	0.000303	3.218876	0.000976
锌褉懈谐芯写懈褌褋褟	0.000303	1.609438	0.000488
锌褉懈谐芯褌芯胁懈屑	0.000303	0.116534	0.000035
锌褉懈谐芯褌芯胁谢械薪懈械	0.000303	0.105361	0.000032
锌褉懈谐芯褌芯胁谢械薪懈褞	0.000303	0.040822	0.000012
锌褉懈写褍屑邪褌褜	0.000303	2.525729	0.000766
锌褉懈蟹薪邪薪懈械	0.000303	0.116534	0.000035
锌褉懈蟹芯胁	0.000303	0.040822	0.000012
锌褉懈薪芯褋懈褌	0.000303	4.605170	0.001397
锌褉懈薪褟褌芯	0.000303	2.659260	0.000807
锌褉懈锌褉邪胁邪	0.000303	0.040822	0.000012
锌褉懈褉芯写褍	0.000303	0.116534	0.000035
锌褉懈褉芯写褘	0.000303	0.116534	0.000035
锌褉懈褋褌褍锌懈褌褜	0.000303	0.040822	0.000012
锌褉懈褏芯写褟褌	0.000303	2.995732	0.000909
锌褉芯胁械写懈	0.001213	0.116534	0.000141
锌褉芯胁械褉械薪芯	0.001820	0.116534	0.000212
锌褉芯胁芯写懈屑褘褏	0.000303	0.040822	0.000012
锌褉芯胁芯卸邪械屑	0.000303	0.116534	0.000035
锌褉芯写褍泻褌芯胁	0.000303	0.094311	0.000029
锌褉芯械泻褌芯胁	0.000303	0.116534	0.000035
锌褉芯械泻褌褘	0.000303	0.061875	0.000019
锌褉芯锌懈褌邪薪薪褘泄	0.000303	2.995732	0.000909
锌褉芯褋屑芯褌褉邪屑	0.000303	0.274437	0.000083
锌褉芯褋褌芯	0.000910	0.083382	0.000076
锌褉芯褋褌芯泻胁邪褕邪	0.000303	0.040822	0.000012
锌褉芯褋褌褍褞	0.000303	3.912023	0.001187
锌褉芯褎懈谢褜	0.000303	0.040822	0.000012
锌褉褟屑芯	0.000303	0.040822	0.000012
锌褉褟薪懈泻	0.000303	0.040822	0.000012
锌褉褟薪懈泻懈	0.000303	0.116534	0.000035
锌褉褟薪懈褔薪芯械	0.000303	0.116534	0.000035
锌褌懈褑邪	0.001517	0.116534	0.000177
锌褌懈褑械	0.000607	0.116534	0.000071
锌褌懈褑械泄	0.000303	0.127833	0.000039
锌褌懈褑褘	0.003336	0.116534	0.000389
锌褍写懈薪谐	0.000303	0.040822	0.000012
锌褍写懈薪谐懈	0.000607	0.116534	0.000071
锌褍薪褕	0.000303	0.040822	0.000012
锌褍褌械褕械褋褌胁懈械	0.000607	0.116534	0.000071
锌褍褌褜	0.000303	0.116534	0.000035
锌褕械薪懈褔薪邪褟	0.001820	0.287682	0.000524
锌褘褕泻懈	0.000303	0.040822	0.000012
锌褞褉械	0.001213	0.040822	0.000050
褉邪谐褍	0.000303	0.116534	0.000035
褉邪蟹胁械褉薪褍褌褜	0.000303	0.116534	0.000035
褉邪蟹写械谢褜薪芯械	0.000303	0.116534	0.000035
褉邪蟹薪褘械	0.000303	0.116534	0.000035
褉邪泻褍褕泻邪褏	0.000303	4.605170	0.001397
褉邪屑泻邪褏	0.000303	1.832581	0.000556
褉邪褋泻褉邪褋泻懈	0.000303	2.120264	0.000643
褉邪褋褋芯谢褜薪懈泻	0.000607	0.040822	0.000025
褉邪褋褋芯谢褜薪懈泻邪	0.000303	0.116534	0.000035
褉邪褋褋褘谢泻懈	0.000303	0.061875	0.000019
褉邪褋褌懈褌械谢褜薪芯械	0.000607	0.235722	0.000143
褉邪褋褏芯写褟褌褋褟	0.000303	4.605170	0.001397
褉械谐懈褋褌褉邪褑懈懈	0.000607	0.010050	0.000006
褉械谐懈褋褌褉邪褑懈褟	0.000303	0.000000	0.000000
褉械泄褌懈薪谐褍	0.000303	0.248461	0.000075
褉械泻芯褉写褘	0.000303	3.506558	0.001064
褉械锌褔邪褌褘泄	0.001213	0.430783	0.000523
褉械褑械锌褌	0.003640	0.040822	0.000149
褉械褑械锌褌邪褏	0.000303	0.061875	0.000019
褉械褑械锌褌芯胁	0.002123	0.040822	0.000087
褉械褑械锌褌芯屑	0.000303	0.693147	0.000210
褉械褑械锌褌褍	0.000303	0.891598	0.000270
褉械褑械锌褌褘	0.021838	0.040822	0.000891
褉懈褋	0.001213	0.040822	0.000050
褉懈褋邪	0.000303	0.116534	0.000035
褉懈褌屑械	0.000303	0.116534	0.000035
褉芯谐邪谢懈泻懈	0.000303	0.040822	0.000012
褉芯写薪芯械	0.000303	0.116534	0.000035
褉芯卸写械薪懈褟	0.000303	0.105361	0.000032
褉芯卸写械褋褌胁芯	0.000303	0.116534	0.000035
褉芯蟹	0.000607	3.506558	0.002127
褉芯谢谢褌芯薪	0.000303	0.116534	0.000035
褉芯谢谢褘	0.000607	0.040822	0.000025
褉芯屑	0.000303	0.040822	0.000012
褉褍斜谢械薪薪褘械	0.000303	3.506558	0.001064
褉褍斜褉懈泻邪褌芯褉	0.000303	0.051293	0.000016
褉褍谢械褌	0.000303	0.040822	0.000012
褉褍谢械褌褘	0.003033	0.116534	0.000353
褉褍屑褘薪褋泻邪褟	0.000303	0.116534	0.000035
褉褍屑褟薪褘械	0.000303	0.116534	0.000035
褉褍薪械褌械	0.000303	0.020203	0.000006
褉褍褋褋泻邪褟	0.000303	0.116534	0.000035
褉褘斜邪	0.002730	0.040822	0.000111
褉褘斜械	0.000607	0.116534	0.000071
褉褘斜薪邪褟	0.000303	0.116534	0.000035
褉褘斜薪芯谐芯	0.000607	0.116534	0.000071
褉褘斜薪芯泄	0.000303	3.912023	0.001187
褉褘斜薪褘械	0.001820	0.116534	0.000212
褉褘斜薪褘泄	0.000607	0.116534	0.000071
褉褘斜薪褘褏	0.000303	0.116534	0.000035
褉褘斜芯泄	0.000607	0.116534	0.000071
褉褘斜褘	0.003640	0.116534	0.000424
褉褟卸械薪泻邪	0.000303	0.116534	0.000035
褋邪泄褌	0.000910	0.000000	0.000000
褋邪泄褌械	0.000303	0.462035	0.000140
褋邪泄褌褍	0.000607	0.061875	0.000038
褋邪谢邪褌	0.000303	0.094311	0.000029
褋邪谢邪褌邪	0.000607	1.078810	0.000654
褋邪谢邪褌薪邪褟	0.000303	0.116534	0.000035
褋邪谢邪褌芯屑	0.000303	2.207275	0.000669
褋邪谢邪褌褘	0.009402	0.040822	0.000384
褋邪屑芯谐芯薪	0.000303	0.040822	0.000012
褋邪屑芯褋褌芯褟褌械谢褜薪褘屑	0.000303	3.912023	0.001187
褋邪屑褘泄	0.000607	1.021651	0.000620
褋邪屑褘屑	0.000303	1.386294	0.000420
褋邪屑褘褏	0.000607	0.116534	0.000071
褋邪褎	0.000910	0.116534	0.000106
褋邪褎褋械屑	0.000303	0.116534	0.000035
褋邪褏邪褉	0.000607	0.116534	0.000071
褋斜懈褌械薪褜	0.000303	0.040822	0.000012
褋胁械卸械褋褌褜	0.000303	0.105361	0.000032
褋胁械泻谢邪	0.000303	0.040822	0.000012
褋胁械泻芯谢褜薪懈泻	0.000607	0.040822	0.000025
褋胁械褌邪	0.001213	0.116534	0.000141
褋胁懈薪懈薪邪	0.000303	0.040822	0.000012
褋胁懈薪懈薪褘	0.001213	0.116534	0.000141
褋胁芯械	0.000303	0.116534	0.000035
褋胁芯械泄	0.000303	1.347074	0.000409
褋胁芯械屑	0.000303	0.040822	0.000012
褋胁芯懈屑	0.000607	0.040822	0.000025
褋胁芯褞	0.000303	0.040822	0.000012
褋谐褍褖械薪泻邪	0.000303	0.040822	0.000012
褋写械谢邪褌褜	0.000303	1.021651	0.000310
褋械谐芯写薪褟褕薪械谐芯	0.000303	4.605170	0.001397
褋械蟹芯薪	0.000303	0.116534	0.000035
褋械泄褔邪褋	0.000303	0.030459	0.000009
褋械泻褉械褌褘	0.000607	0.116534	0.000071
褋械谢械写泻邪	0.000910	0.040822	0.000037
褋械谢褜写褜	0.001213	2.207275	0.002678
褋械屑谐邪	0.000607	0.040822	0.000025
褋械屑械泄薪褘泄	0.000303	0.116534	0.000035
褋械屑褜懈	0.000303	0.116534	0.000035
褋械薪褌褟斜褉褟	0.000303	0.673345	0.000204
褋懈写褉	0.000303	0.040822	0.000012
褋懈屑锌邪褌懈褔薪邪褟	0.000303	4.605170	0.001397
褋懈褉懈泄褋泻邪褟	0.000303	0.116534	0.000035
褋懈褉芯锌	0.000303	0.040822	0.000012
褋懈褉芯锌褘	0.000303	0.116534	0.000035
褋懈褋褌械屑褘	0.000303	0.040822	0.000012
褋懈褌懈	0.000303	0.127833	0.000039
褋泻邪蟹芯泻	0.000303	0.116534	0.000035
褋泻芯谢褜泻芯	0.000303	1.832581	0.000556
褋泻芯褉芯褋褌薪褘械	0.000303	3.506558	0.001064
褋谢邪写泻邪褟	0.000607	0.116534	0.000071
褋谢邪写泻懈械	0.001820	0.040822	0.000074
褋谢邪写泻懈泄	0.002730	0.105361	0.000288
褋谢邪写泻懈褏	0.000607	0.116534	0.000071
褋谢邪写泻芯	0.000303	0.116534	0.000035
褋谢懈胁泻懈	0.000607	1.078810	0.000654
褋谢懈胁芯褔薪芯械	0.003943	0.116534	0.000459
褋谢懈胁芯褔薪褘泄	0.000607	1.469676	0.000892
褋谢懈胁芯褔薪褘屑	0.000303	1.966113	0.000596
褋谢芯械薪芯谐芯	0.000607	0.127833	0.000078
褋谢芯械薪芯械	0.001517	0.116534	0.000177
褋谢芯械薪褘泄	0.000303	0.116534	0.000035
褋谢芯泄泻邪	0.000303	0.040822	0.000012
褋谢芯泄泻懈	0.000303	0.116534	0.000035
褋屑械褌邪薪邪	0.001517	0.105361	0.000160
褋屑械褕邪薪薪芯谐芯	0.000303	0.116534	0.000035
褋屑芯卸械褌械	0.000303	0.040822	0.000012
褋屑褍蟹懈	0.000910	0.040822	0.000037
褋薪褝泻	0.000303	0.116534	0.000035
褋芯斜懈褉邪械褌械褋褜	0.000303	0.040822	0.000012
褋芯胁械褉褕械薪褋褌胁芯	0.001517	0.116534	0.000177
褋芯胁械褌邪屑懈	0.000303	0.040822	0.000012
褋芯胁械褌褍褞	0.000303	1.139434	0.000346
褋芯谐谢邪褕邪械褌械褋褜	0.000303	0.040822	0.000012
褋芯蟹写邪械褌	0.000303	0.116534	0.000035
褋芯蟹写邪薪懈褟	0.000607	0.261365	0.000159
褋芯泻	0.001517	0.116534	0.000177
褋芯泻邪	0.000303	0.105361	0.000032
褋芯泻懈	0.000303	0.040822	0.000012
褋芯谢械薪褘械	0.000910	0.116534	0.000106
褋芯谢械薪褘泄	0.000607	2.813411	0.001707
褋芯谢械薪褜褟	0.000607	0.116534	0.000071
褋芯谢薪械褔薪芯泄	0.000303	0.127833	0.000039
褋芯谢褜	0.001820	0.150823	0.000274
褋芯谢褟薪泻邪	0.000607	0.040822	0.000025
褋芯褉褌懈褉芯胁邪褌褜	0.000303	0.248461	0.000075
褋芯褋懈褋泻邪	0.000607	2.659260	0.001613
褋芯褋褌邪胁褜	0.000303	0.116534	0.000035
褋芯褍褋	0.002426	0.040822	0.000099
褋芯褍褋芯屑	0.001517	0.116534	0.000177
褋芯褍褋褘	0.001213	0.116534	0.000141
褋芯褏褉邪薪褟褌褜	0.000303	0.040822	0.000012
褋芯褑褋械褌懈	0.000303	0.040822	0.000012
褋芯褔械褌邪薪懈械	0.000303	0.116534	0.000035
褋芯褔薪芯	0.000303	2.120264	0.000643
褋芯褔薪芯械	0.000303	0.116534	0.000035
褋芯褔薪褘泄	0.000303	2.407946	0.000730
褋锌邪谢褜薪褟屑懈	0.000607	0.446287	0.000271
褋锌邪褋懈斜芯	0.000303	0.673345	0.000204
褋锌械褑懈邪谢褜薪芯械	0.000303	0.116534	0.000035
褋锌械褑懈懈	0.001517	0.105361	0.000160
褋锌械褑锌褉芯械泻褌	0.010009	0.116534	0.001166
褋锌懈褉褌薪褘械	0.000303	4.605170	0.001397
褋锌懈褋芯泻	0.000303	0.116534	0.000035
褋锌芯褋芯斜	0.000303	1.427116	0.000433
褋锌芯褞	0.000303	0.116534	0.000035
褋褉械写懈蟹械屑薪芯屑芯褉褋泻邪褟	0.000303	0.127833	0.000039
褋褌邪薪械褌	0.000303	1.832581	0.000556
褋褌邪褉褘械	0.000303	0.261365	0.000079
褋褌邪褌褜褟褏	0.000303	0.061875	0.000019
褋褌懈谢械	0.000303	0.116534	0.000035
褋褌懈谢褟	0.000303	0.116534	0.000035
褋褌芯谢	0.000910	0.105361	0.000096
褋褌芯谢邪	0.001820	0.116534	0.000212
褋褌芯谢械	0.000303	1.469676	0.000446
褋褌芯谢芯屑	0.000303	2.995732	0.000909
褋褌褉芯懈褌械谢褜褋褌胁械	0.000303	0.040822	0.000012
褋褌褉芯懈褌械谢褜褋褌胁褍	0.000303	0.040822	0.000012
褋褌褉芯懈褌褜	0.000303	0.040822	0.000012
褋褌褉芯泄薪芯泄	0.000303	0.116534	0.000035
褋褍斜锌褉芯写褍泻褌芯胁	0.002123	0.116534	0.000247
褋褍斜锌褉芯写褍泻褌褘	0.000910	0.116534	0.000106
褋褍锌	0.002730	0.040822	0.000111
褋褍锌邪	0.000303	0.040822	0.000012
褋褍锌械褉	0.000303	2.302585	0.000698
褋褍锌褉褍谐	0.000303	3.218876	0.000976
褋褍锌褘	0.002730	0.040822	0.000111
褋褍褎谢械	0.000910	0.040822	0.000037
褋褍褏邪褉懈	0.000303	0.040822	0.000012
褋褍褏芯械	0.000303	1.660731	0.000504
褋褍褕懈	0.000607	0.040822	0.000025
褋褗械写芯斜薪褘屑懈	0.000303	4.605170	0.001397
褋褘薪邪	0.000303	3.912023	0.001187
褋褘褉	0.006369	0.040822	0.000260
褋褘褉邪	0.001517	0.116534	0.000177
褋褘褉邪屑懈	0.000303	0.127833	0.000039
褋褘褉薪懈泻	0.000303	0.040822	0.000012
褋褘褉薪懈泻懈	0.000607	0.116534	0.000071
褋褘褉薪芯	0.000303	2.813411	0.000853
褋褘褉薪褘械	0.001517	0.040822	0.000062
褋褘褉芯屑	0.001517	0.713350	0.001082
褋褘褌薪芯	0.000303	1.771957	0.000537
褋褘褌薪褘泄	0.000910	0.105361	0.000096
褋褘褔褍卸薪褘屑懈	0.000303	0.127833	0.000039
褋褝薪写胁懈褔	0.000303	3.218876	0.000976
褋褝薪写胁懈褔懈	0.000303	0.127833	0.000039
褋褞褉锌褉懈蟹	0.000303	0.116534	0.000035
褌邪写卸懈泻褋泻邪褟	0.000303	0.116534	0.000035
褌邪泄褋泻邪褟	0.000303	0.116534	0.000035
褌邪泻懈	0.000303	1.237874	0.000375
褌邪褉褌	0.000303	0.116534	0.000035
褌邪褉褌邪谢械褌泻懈	0.003943	0.040822	0.000161
褌邪褉褌邪谢械褌芯泻	0.000303	4.605170	0.001397
褌邪褌邪褉褋泻邪褟	0.000303	0.116534	0.000035
褌邪褌芯	0.000303	3.912023	0.001187
褌胁械褉写褘泄	0.003640	0.562119	0.002046
褌胁芯懈	0.000607	0.116534	0.000071
褌胁芯褉懈	0.000303	0.116534	0.000035
褌胁芯褉芯谐	0.000607	0.040822	0.000025
褌胁芯褉芯谐芯屑	0.000303	0.105361	0.000032
褌胁芯褉芯卸薪芯械	0.000303	0.116534	0.000035
褌胁芯褉芯卸薪褘械	0.000607	0.116534	0.000071
褌胁芯褉芯卸薪褘泄	0.000910	0.116534	0.000106
褌械谢械谐褉邪屑	0.000303	0.040822	0.000012
褌械谢褟褌懈薪褘	0.001213	0.116534	0.000141
褌械锌谢芯屑	0.000303	0.116534	0.000035
褌械褉褉邪褋芯泄	0.000303	0.798508	0.000242
褌械褉褉懈薪	0.000303	0.040822	0.000012
褌械褋褌	0.001517	0.127833	0.000194
褌械褋褌邪	0.001820	0.105361	0.000192
褌械褋褌芯	0.003943	0.040822	0.000161
褌械褏薪懈泻邪	0.001517	0.105361	0.000160
褌械褖懈薪	0.000303	0.040822	0.000012
褌屑	0.001213	0.127833	0.000155
褌芯谐芯	0.000303	1.427116	0.000433
褌芯屑邪褌薪邪褟	0.000607	1.560648	0.000947
褌芯锌谢械薪芯械	0.000303	0.116534	0.000035
褌芯褉褌	0.003336	0.040822	0.000136
褌芯褉褌褘	0.002730	0.116534	0.000318
褌褉邪胁褘	0.000303	0.105361	0.000032
褌褉邪写懈褑懈懈	0.000303	0.116534	0.000035
褌褉邪写懈褑懈泄	0.001213	0.116534	0.000141
褌褉邪写懈褑懈褟褏	0.000303	0.116534	0.000035
褌褉械斜褍褞褌	0.000303	3.218876	0.000976
褌褉械褏谢械褌懈械屑	0.000303	0.116534	0.000035
褌褉懈胁懈邪谢褜薪褘泄	0.000303	4.605170	0.001397
褌褉褍斜芯褔泻懈	0.000303	0.040822	0.000012
褌褍薪懈褋褋泻邪褟	0.000303	0.116534	0.000035
褌褍薪褑芯屑	0.000303	0.116534	0.000035
褌褍褉械褑泻邪褟	0.000303	0.116534	0.000035
褌褘泻胁邪	0.000303	0.040822	0.000012
褍胁械写芯屑谢械薪懈褟	0.000303	0.040822	0.000012
褍胁械褉褟褞	0.000303	2.813411	0.000853
褍谐芯写薪芯	0.000303	2.995732	0.000909
褍谐芯褉褜	0.000607	4.605170	0.002794
褍谐芯褖邪褌褜	0.000607	3.506558	0.002127
褍写邪谢褞	0.000303	1.771957	0.000537
褍写邪褔懈	0.000303	3.218876	0.000976
褍写邪褔薪邪褟	0.000303	0.116534	0.000035
褍写懈胁懈	0.000303	0.116534	0.000035
褍写懈胁谢褟泄褌械	0.001213	0.116534	0.000141
褍写芯斜薪芯	0.000303	2.659260	0.000807
褍写芯斜薪褘	0.000303	4.605170	0.001397
褍写芯胁芯谢褜褋褌胁懈械屑	0.000303	0.116534	0.000035
褍卸懈薪	0.002123	0.094311	0.000200
褍蟹斜械泻褋泻邪褟	0.000303	0.116534	0.000035
褍泻褉邪懈薪褋泻邪褟	0.000303	0.116534	0.000035
褍泻褉邪褋懈褌	0.000303	1.560648	0.000473
褍泻褉邪褕械薪懈褟	0.002426	0.116534	0.000283
褍泻褉芯锌	0.002426	0.562119	0.001364
褍屑械褞	0.000303	2.995732	0.000909
褍锌芯褌褉械斜谢械薪懈械屑	0.000303	0.116534	0.000035
褍褉邪	0.000303	2.120264	0.000643
褍褉邪谢褜褋泻邪褟	0.000303	0.116534	0.000035
褍褉芯卸邪泄	0.000303	0.105361	0.000032
褍褋懈谢懈泄	0.000607	3.218876	0.001953
褍褌泻懈	0.000910	0.116534	0.000106
褍褏邪	0.000303	0.040822	0.000012
褍褔邪褋褌胁芯胁邪褌褜	0.000303	0.040822	0.000012
褍褔邪褋褌薪懈泻邪屑	0.000303	3.912023	0.001187
褎邪蟹械薪写褘	0.000303	0.127833	0.000039
褎邪泻褌懈褔械褋泻懈	0.000303	3.912023	0.001187
褎邪薪褌邪蟹懈懈	0.001820	0.116534	0.000212
褎邪薪褌邪蟹懈泄	0.000303	0.116534	0.000035
褎邪薪褌邪蟹懈褟	0.000303	0.116534	0.000035
褎邪褉褕邪	0.003943	0.040822	0.000161
褎邪褉褕懈褉芯胁邪薪薪邪褟	0.000607	0.116534	0.000071
褎邪褉褕懈褉芯胁邪薪薪芯械	0.000303	0.116534	0.000035
褎邪褉褕懈褉芯胁邪薪薪褘械	0.000910	0.040822	0.000037
褎邪褉褕懈褉芯胁邪薪薪褘泄	0.000303	0.040822	0.000012
褎邪褋芯谢褜	0.000303	0.040822	0.000012
褎械胁褉邪谢褟	0.001213	0.105361	0.000128
褎械泄械褉胁械褉泻	0.000607	0.116534	0.000071
褎懈谐褍褉械	0.000303	0.116534	0.000035
褎懈薪褋泻邪褟	0.000303	0.116534	0.000035
褎懈褉屑械薪薪芯械	0.000303	0.116534	0.000035
褎芯泻邪褔褔褍	0.000303	3.912023	0.001187
褎芯薪写褞	0.000303	0.040822	0.000012
褎芯褉屑褘	0.000303	0.116534	0.000035
褎芯褉褍屑邪	0.000303	1.832581	0.000556
褎芯褉褍屑械	0.000607	0.040822	0.000025
褎芯褉褕屑邪泻	0.000303	0.040822	0.000012
褎褉邪薪褑懈懈	0.000303	0.116534	0.000035
褎褉邪薪褑褍蟹褋泻邪褟	0.000303	0.116534	0.000035
褎褉邪褍	0.001213	0.116534	0.000141
褎褉芯褋褟	0.000303	3.912023	0.001187
褎褉褍泻褌芯胁	0.001213	0.116534	0.000141
褎褉褍泻褌芯胁芯	0.000303	0.116534	0.000035
褎褉褍泻褌芯胁褘械	0.002123	0.040822	0.000087
褎褍写	0.000303	0.116534	0.000035
褎褍褉褕械褌	0.000303	0.116534	0.000035
褎褍褉褕械褌邪	0.000910	3.506558	0.003191
褏邪谢胁邪	0.000303	0.040822	0.000012
褏邪褉胁械褋褌褎械褋褌	0.000607	0.116534	0.000071
褏邪褉褔芯	0.000607	0.040822	0.000025
褏邪褕	0.000303	0.040822	0.000012
褏胁芯褉芯褋褌	0.000303	0.040822	0.000012
褏懈薪泻邪谢懈	0.000303	0.116534	0.000035
褏懈褉芯泻芯	0.000303	4.605170	0.001397
褏懈褌	0.002123	0.116534	0.000247
褏谢械斜	0.003033	0.040822	0.000124
褏谢械斜芯锌械褔泻懈	0.000303	0.116534	0.000035
褏谢械斜褍褕械泻	0.000303	2.120264	0.000643
褏谢芯锌褜褟	0.000607	0.105361	0.000064
褏芯蟹褟泄泻懈	0.000303	0.127833	0.000039
褏芯谢芯写械褑	0.000303	0.040822	0.000012
褏芯谢芯写薪褘械	0.000607	0.116534	0.000071
褏芯谢芯写薪褘泄	0.000607	0.116534	0.000071
褏芯褉胁邪褌褋泻邪褟	0.000303	0.116534	0.000035
褏芯褉芯褕芯	0.001517	0.105361	0.000160
褏芯褉褋	0.000303	0.116534	0.000035
褏芯褌懈褌械	0.000607	0.040822	0.000025
褏芯褌褜	0.000303	1.897120	0.000575
褏芯褔褍	0.000303	0.562119	0.000170
褏褉褍褋褌褟褖懈泄	0.000910	2.040221	0.001856
褏褍屑褍褋	0.000303	0.040822	0.000012
褑邪褉褋褌胁芯	0.000303	0.127833	0.000039
褑邪褉褜	0.000303	0.116534	0.000035
褑胁械褌薪邪褟	0.000303	0.040822	0.000012
褑械薪薪褘褏	0.000303	0.040822	0.000012
褑械薪褌褉	0.000303	0.116534	0.000035
褔邪械屑	0.000303	0.116534	0.000035
褔邪泄	0.000910	0.040822	0.000037
褔邪泄薪褘褏	0.000607	3.506558	0.002127
褔邪褋褌芯	0.000303	0.994252	0.000302
褔械斜褍褉械泻懈	0.000607	0.040822	0.000025
褔械谐芯	0.000607	1.203973	0.000730
褔械谢芯胁械泻邪	0.000303	2.659260	0.000807
褔械褉泻懈蟹芯胁芯	0.000607	0.116534	0.000071
褔械褉薪褘泄	0.001820	0.371064	0.000675
褔械褉褉懈	0.000607	2.040221	0.001238
褔械褋薪芯泻	0.002426	0.314711	0.000764
褔械褋薪芯泻邪	0.000303	2.995732	0.000909
褔械褋薪芯泻芯屑	0.000303	1.660731	0.000504
褔械褋薪芯褔薪褘泄	0.000607	1.660731	0.001007
褔械褋褌薪褘屑懈	0.000303	0.040822	0.000012
褔械褔械胁懈褑邪	0.000303	0.040822	0.000012
褔械褕褋泻邪褟	0.000303	0.116534	0.000035
褔懈蟹泻械泄泻	0.001213	0.040822	0.000050
褔懈谢懈泄褋泻邪褟	0.000303	0.116534	0.000035
褔懈锌褋褘	0.000303	0.040822	0.000012
褔懈褋谢褍	0.000303	0.261365	0.000079
褔褍写械褋	0.000303	0.116534	0.000035
褔褢褉薪邪褟	0.000303	4.605170	0.001397
褕邪褉懈泻懈	0.000303	0.040822	0.000012
褕邪褉谢芯褌泻邪	0.000303	0.040822	0.000012
褕邪褉谢芯褌泻懈	0.000303	0.127833	0.000039
褕邪褉屑	0.000303	0.116534	0.000035
褕邪褕谢褘泻	0.003640	0.040822	0.000149
褕邪褕谢褘泻懈	0.000303	0.040822	0.000012
褕胁械写褋泻邪褟	0.000303	0.116534	0.000035
褕胁械泄褑邪褉褋泻邪褟	0.000303	0.116534	0.000035
褕械写械胁褉褘	0.000303	0.116534	0.000035
褕械褎	0.000303	0.127833	0.000039
褕懈锌褍褔泻邪	0.000303	0.040822	0.000012
褕懈褉芯泻邪褟	0.000303	0.127833	0.000039
褕泻芯谢械	0.000303	4.605170	0.001397
褕泻芯谢褍	0.000303	0.116534	0.000035
褕芯泻芯谢邪写	0.000303	0.040822	0.000012
褕芯褌谢邪薪写褋泻邪褟	0.000303	0.116534	0.000035
褕褌褉褍写械谢褜	0.000303	0.040822	0.000012
褕褍褉锌邪	0.000303	0.040822	0.000012
褖邪褋	0.000303	0.116534	0.000035
褖械写褉邪褟	0.000303	0.116534	0.000035
褖懈	0.000607	0.040822	0.000025
褝泻谢械褉	0.000303	3.912023	0.001187
褝泻芯屑懈谢泻	0.000303	0.127833	0.000039
褝褋褌芯薪褋泻邪褟	0.000303	0.116534	0.000035
褝褌芯谐芯	0.000303	0.415515	0.000126
褝褌褍	0.000303	1.272966	0.000386
褞谐芯褋谢邪胁褋泻邪褟	0.000303	0.116534	0.000035
褟谐芯写薪褘械	0.000607	0.116534	0.000071
褟谐芯写薪褘泄	0.000607	0.116534	0.000071
褟蟹褘泻	0.000303	0.040822	0.000012
褟懈褑	0.001213	0.116534	0.000141
褟懈褔薪懈褑邪	0.000303	2.995732	0.000909
褟懈褔薪褘泄	0.001213	1.049822	0.001274
褟泄褑邪	0.000303	0.040822	0.000012
褟泄褑芯	0.004246	0.261365	0.001110
褟泄褑芯屑	0.000303	2.302585	0.000698
褟薪胁邪褉褟	0.000303	0.733969	0.000223
褟薪写械泻褋	0.000303	0.072571	0.000022
褟锌芯薪褋泻邪褟	0.000303	0.116534	0.000035
褟锌芯薪褋泻芯泄	0.000303	0.061875	0.000019
褟褉泻懈械	0.000607	0.116534	0.000071
褟褉泻芯	0.000607	0.105361	0.000064
