褌芯泻械薪	TF	IDF	TF-IDF
邪斜褋芯谢褞褌薪芯	0.000286	1.832581	0.000524
邪斜褏邪蟹褋泻邪褟	0.000286	0.116534	0.000033
邪胁褋褌褉邪谢懈泄褋泻邪褟	0.000286	0.116534	0.000033
邪胁褋褌褉懈泄褋泻邪褟	0.000286	0.116534	0.000033
邪胁褌芯泻谢邪胁邪	0.000286	0.116534	0.000033
邪胁褌芯褉邪屑	0.000286	0.040822	0.000012
邪谐褉芯	0.000286	0.116534	0.000033
邪写卸懈泻邪	0.000286	0.040822	0.000012
邪蟹械褉斜邪泄写卸邪薪褋泻邪褟	0.000286	0.116534	0.000033
邪蟹懈邪褌褋泻邪褟	0.000286	0.127833	0.000037
邪蟹褘	0.000286	0.127833	0.000037
邪泄褉邪薪	0.000286	0.040822	0.000012
邪泻胁邪褌懈泻邪	0.000858	0.127833	0.000110
邪谢械泻褋械褟	0.000286	0.127833	0.000037
邪谢泻芯谐芯谢褜	0.000572	0.116534	0.000067
邪谢泻芯谐芯谢褜薪褘械	0.000286	0.116534	0.000033
邪谢泻芯谐芯谢褟	0.000286	0.116534	0.000033
邪谢褜褟薪褋	0.000286	0.116534	0.000033
邪屑械褉懈泻邪薪褋泻邪褟	0.000286	0.116534	0.000033
邪薪谐谢懈泄褋泻邪褟	0.000286	0.116534	0.000033
邪薪写褉械褟	0.000286	0.127833	0.000037
邪锌褉械谢褟	0.000286	0.579818	0.000166
邪褉邪斜褋泻邪褟	0.000286	0.116534	0.000033
邪褉谐械薪褌懈薪褋泻邪褟	0.000286	0.116534	0.000033
邪褉屑褟薪褋泻邪褟	0.000286	0.116534	0.000033
邪褉芯屑邪褌薪芯	0.000286	2.659260	0.000760
邪褋褋芯褉褌懈	0.000572	0.116534	0.000067
邪褌邪斜邪褋泻邪	0.000286	3.912023	0.001119
邪褌谢邪薪褌	0.000286	0.127833	0.000037
邪褎谐邪薪褋泻邪褟	0.000286	0.116534	0.000033
邪褎褉懈泻邪薪褋泻邪褟	0.000286	0.116534	0.000033
邪褝褉芯谐褉懈谢械	0.002860	0.116534	0.000333
斜邪谐械褌	0.000286	3.218876	0.000920
斜邪泻谢邪卸邪薪褘	0.000286	0.040822	0.000012
斜邪谢褌泻芯屑	0.000286	0.127833	0.000037
斜邪谢褜蟹邪屑懈泻	0.000572	2.659260	0.001521
斜邪褉邪薪懈薪褘	0.001144	0.116534	0.000133
斜邪褋屑邪褌懈	0.000572	0.127833	0.000073
斜邪褋褌褍褉屑邪	0.000286	0.040822	0.000012
斜邪褌芯薪	0.002002	1.660731	0.003324
斜邪褌芯薪邪	0.000286	2.995732	0.000857
斜邪褌芯薪褔懈泻懈	0.000286	0.127833	0.000037
斜邪褕泻懈褉褋泻邪褟	0.000286	0.116534	0.000033
斜械蟹邪谢泻芯谐芯谢褜薪褘械	0.000286	0.116534	0.000033
斜械蟹谐谢褞褌械薪芯胁褘械	0.000286	0.116534	0.000033
斜械蟹械	0.001144	0.040822	0.000047
斜械泻芯薪	0.001144	1.966113	0.002249
斜械泻芯薪芯屑	0.000286	2.995732	0.000857
斜械谢械斜械械胁褋泻懈泄	0.000572	0.116534	0.000067
斜械谢芯泻	0.000572	2.120264	0.001213
斜械谢芯褉褍褋褋泻邪褟	0.000286	0.116534	0.000033
斜械谢褜谐懈泄褋泻邪褟	0.000286	0.116534	0.000033
斜械褉械屑械薪薪褘褏	0.000286	0.116534	0.000033
斜械褉械褌械	0.000286	4.605170	0.001317
斜械褋械写懈薪邪	0.000286	0.127833	0.000037
斜懈褋泻胁懈褌	0.000286	0.040822	0.000012
斜懈褋泻胁懈褌薪芯械	0.000572	0.116534	0.000067
斜懈褋泻胁懈褌薪褘泄	0.000286	0.105361	0.000030
斜懈褋泻胁懈褌褘	0.000286	0.127833	0.000037
斜谢邪谐芯胁械褉薪褘泄	0.000286	4.605170	0.001317
斜谢懈卸械	0.000286	0.116534	0.000033
斜谢懈蟹泻懈褏	0.000286	0.116534	0.000033
斜谢懈薪芯胁	0.000572	0.116534	0.000067
斜谢懈薪褘	0.001144	0.040822	0.000047
斜谢褞写	0.000572	0.094311	0.000054
斜谢褞写邪	0.026022	0.040822	0.001062
斜谢褞写芯	0.001430	0.040822	0.000058
斜谢褞写芯屑	0.000286	0.994252	0.000284
斜谢褞写褍	0.000286	0.116534	0.000033
斜芯斜芯胁褘械	0.000572	0.127833	0.000073
斜芯斜芯胁褘褏	0.001716	0.116534	0.000200
斜芯谢谐邪褉褋泻邪褟	0.000286	0.116534	0.000033
斜芯谢谐邪褉褋泻懈泄	0.000572	0.843970	0.000483
斜芯谢褜褕械	0.000858	0.105361	0.000090
斜芯谢褜褕懈褏	0.000286	3.506558	0.001003
斜芯谢褜褕芯泄	0.000286	1.560648	0.000446
斜芯褉褖	0.000572	0.040822	0.000023
斜芯褌胁懈薪褜褟	0.000286	0.040822	0.000012
斜褉邪蟹懈谢褜褋泻邪褟	0.000286	0.116534	0.000033
斜褉邪褍蟹械褉械	0.000286	0.040822	0.000012
斜褉邪褍薪懈	0.000286	0.040822	0.000012
斜褉械褋褌	0.000286	0.127833	0.000037
斜褉芯泻泻芯谢懈	0.000286	0.040822	0.000012
斜褍写褍	0.000286	1.427116	0.000408
斜褍卸械薪懈薪邪	0.000286	0.040822	0.000012
斜褍谢泻邪	0.000572	4.605170	0.002634
斜褍谢芯褔泻邪	0.002002	3.218876	0.006443
斜褍谢芯褔泻邪屑懈	0.000286	0.116534	0.000033
斜褍谢芯褔泻械	0.000286	3.912023	0.001119
斜褍谢芯褔泻懈	0.001716	0.040822	0.000070
斜褍谢褜芯薪	0.002002	0.040822	0.000082
斜褍谢褜芯薪褘	0.001144	0.116534	0.000133
斜褍褉谐械褉	0.000286	0.040822	0.000012
斜褍褉谐械褉芯胁	0.000572	3.912023	0.002237
斜褍褉谐械褉芯屑	0.000286	4.605170	0.001317
斜褍褉谐械褉褘	0.000572	0.127833	0.000073
斜褍褉褟褌褋泻邪褟	0.000286	0.116534	0.000033
斜褍褌械褉斜褉芯写	0.007435	0.116534	0.000866
斜褍褌械褉斜褉芯写邪屑懈	0.000286	4.605170	0.001317
斜褍褌械褉斜褉芯写懈泻	0.000286	4.605170	0.001317
斜褍褌械褉斜褉芯写芯胁	0.000286	2.813411	0.000805
斜褍褌械褉斜褉芯写褘	0.005433	0.040822	0.000222
斜褘褋褌褉芯	0.000286	0.094311	0.000027
斜褘褋褌褉芯泄	0.000286	0.116534	0.000033
斜褘褋褌褉褘泄	0.000858	0.105361	0.000090
斜褜械褌	0.000286	3.506558	0.001003
胁邪卸薪褘械	0.000286	0.116534	0.000033
胁邪谢谢懈泄褋泻邪褟	0.000286	0.116534	0.000033
胁邪褉械薪懈泻懈	0.000286	0.116534	0.000033
胁邪褉械薪褜械	0.000572	0.040822	0.000023
胁邪褉懈邪薪褌	0.000572	0.562119	0.000321
胁邪褌褉褍褕泻懈	0.000286	0.040822	0.000012
胁邪褎谢懈	0.000572	0.040822	0.000023
胁邪褕械泄	0.000572	0.040822	0.000023
胁邪褕械屑	0.000286	2.995732	0.000857
胁胁芯写褟	0.000286	0.040822	0.000012
胁写芯褏薪芯胁械薪懈械	0.001144	0.116534	0.000133
胁写芯褏薪芯胁械薪懈械屑	0.000572	0.116534	0.000067
胁写芯褏薪芯胁谢褟泄褋褟	0.000286	0.116534	0.000033
胁械谐械褌邪褉懈邪薪褋泻懈械	0.000286	0.127833	0.000037
胁械谐械褌邪褉懈邪薪褋泻芯械	0.000286	0.116534	0.000033
胁械写褍褖械泄	0.000286	4.605170	0.001317
胁械谢懈泻懈泄	0.000286	0.116534	0.000033
胁械薪谐械褉褋泻邪褟	0.000286	0.116534	0.000033
胁械褋械薪薪懈械	0.000286	0.051293	0.000015
胁械褋薪邪	0.001430	0.116534	0.000167
胁械褋薪褘	0.000286	0.116534	0.000033
胁械褌褔懈薪邪	0.001716	1.469676	0.002522
胁械褌褔懈薪芯泄	0.000286	2.813411	0.000805
胁械褌褔懈薪褘	0.000286	0.105361	0.000030
胁蟹褟谢邪	0.000286	2.525729	0.000722
胁蟹褟褌	0.000286	2.207275	0.000631
胁蟹褟褌褜	0.000572	2.207275	0.001262
胁懈写械谢邪	0.000286	3.506558	0.001003
胁懈写械芯	0.000572	0.116534	0.000067
胁懈写械芯褉械褑械锌褌褘	0.000286	0.301105	0.000086
胁懈谢泻邪屑懈	0.000286	4.605170	0.001317
胁懈薪芯	0.000572	0.040822	0.000023
胁泻褍褋	0.000572	0.105361	0.000060
胁泻褍褋邪	0.002288	0.116534	0.000267
胁泻褍褋薪邪褟	0.001144	0.061875	0.000071
胁泻褍褋薪械械	0.000572	0.116534	0.000067
胁泻褍褋薪械泄	0.000286	0.116534	0.000033
胁泻褍褋薪芯	0.002574	0.094311	0.000243
胁泻褍褋薪芯谐芯	0.000286	2.207275	0.000631
胁泻褍褋薪芯械	0.000286	0.994252	0.000284
胁泻褍褋薪褘械	0.000858	0.105361	0.000090
胁泻褍褋薪褘泄	0.000858	0.385662	0.000331
胁泻褍褋薪褘褏	0.000572	1.897120	0.001085
胁泻褍褋芯胁	0.000286	3.218876	0.000920
胁泻褍褋芯胁褘械	0.000286	3.912023	0.001119
胁泻褍褋芯胁褘褏	0.000286	3.912023	0.001119
胁泻褍褋芯屑	0.000286	0.105361	0.000030
胁泻褍褋褍	0.000286	1.272966	0.000364
胁谢褞斜谢械薪薪褘褏	0.000286	0.116534	0.000033
胁屑械褋褌械	0.000286	0.916291	0.000262
胁屑械褋褌芯	0.000286	2.407946	0.000689
胁薪邪褔邪谢械	0.001144	0.248461	0.000284
胁薪褍褌褉懈	0.000286	1.469676	0.000420
胁薪褍褔泻懈	0.000286	4.605170	0.001317
胁芯	0.000572	0.061875	0.000035
胁芯写邪	0.001716	0.287682	0.000494
胁芯写械	0.000286	0.105361	0.000030
胁芯泄褌懈	0.000286	0.000000	0.000000
胁芯谢芯胁邪薪褘	0.000286	0.116534	0.000033
胁芯谢褕械斜薪褘械	0.000286	0.116534	0.000033
胁芯谢褕械斜褋褌胁芯	0.000286	0.116534	0.000033
胁芯锌褉芯褋芯屑	0.000286	4.605170	0.001317
胁芯锌褉芯褋褘	0.000286	0.000000	0.000000
胁芯褋褌芯褔薪邪褟	0.000286	0.127833	0.000037
胁褉械屑械薪邪	0.000286	0.116534	0.000033
胁褉械屑械薪械屑	0.002002	0.116534	0.000233
胁褉械屑械薪薪褘褏	0.000286	3.912023	0.001119
胁褉械屑褟	0.000286	0.400478	0.000115
胁褉芯写械	0.000286	1.897120	0.000542
胁褋械谐芯	0.000572	0.186330	0.000107
胁褋械泄	0.000858	0.105361	0.000090
胁褋械屑褍	0.000286	0.061875	0.000018
胁褋锌芯屑薪懈褌褜	0.000286	0.040822	0.000012
胁褌芯褉芯械	0.000286	0.116534	0.000033
胁褌芯褉褘械	0.000286	0.127833	0.000037
胁褏芯写	0.000858	0.030459	0.000026
胁褘斜褉邪褋褘胁邪褌褜	0.000286	3.912023	0.001119
胁褘泄褌懈	0.000286	0.040822	0.000012
胁褘锌械褔泻邪	0.003432	0.040822	0.000140
胁褘锌械褔泻懈	0.000572	0.072571	0.000042
胁褘锌械褔泻芯泄	0.000286	0.116534	0.000033
胁褜械褌薪邪屑褋泻邪褟	0.000286	0.116534	0.000033
谐邪胁邪泄褋泻邪褟	0.000286	0.116534	0.000033
谐邪屑斜褍褉谐械褉	0.000286	4.605170	0.001317
谐邪褉薪懈褉	0.001430	0.040822	0.000058
谐邪褋锌邪褔芯	0.000286	0.040822	0.000012
谐邪褌懈薪芯	0.000286	3.912023	0.001119
谐械芯谐褉邪褎懈褟	0.000286	0.116534	0.000033
谐谢邪胁薪芯械	0.000286	1.139434	0.000326
谐谢邪胁薪褘泄	0.000286	0.040822	0.000012
谐谢邪蟹褍褉褜	0.000858	0.040822	0.000035
谐谢懈薪褌胁械泄薪	0.000286	0.040822	0.000012
谐芯胁褟写懈薪褘	0.001144	0.116534	0.000133
谐芯写	0.002574	0.105361	0.000271
谐芯写邪	0.004289	0.248461	0.001066
谐芯写芯屑	0.000286	4.605170	0.001317
谐芯谢谢邪薪写褋泻邪褟	0.000286	0.116534	0.000033
谐芯谢芯胁械	0.000286	3.912023	0.001119
谐芯褉芯写邪	0.000286	0.116534	0.000033
谐芯褉芯褏	0.000286	0.116534	0.000033
谐芯褉褔懈褑邪	0.002288	0.040822	0.000093
谐芯褉褔懈褑邪屑懈	0.000286	0.127833	0.000037
谐芯褉褔懈褑褘	0.000286	3.912023	0.001119
谐芯褉褕芯褔泻邪褏	0.000286	0.105361	0.000030
谐芯褉褕芯褔泻械	0.000286	0.040822	0.000012
谐芯褉褟褔械械	0.000572	0.116534	0.000067
谐芯褉褟褔懈械	0.010009	0.105361	0.001055
谐芯褉褟褔懈泄	0.000858	0.116534	0.000100
谐芯褋褌械泄	0.000286	1.272966	0.000364
谐芯褋褌懈	0.000286	0.116534	0.000033
谐芯褌芯胁	0.000572	2.207275	0.001262
谐芯褌芯胁懈谢邪	0.000286	0.733969	0.000210
谐芯褌芯胁懈屑	0.001716	0.094311	0.000162
谐芯褌芯胁懈褌褜	0.001430	0.105361	0.000151
谐芯褌芯胁谢褞	0.000286	1.049822	0.000300
谐芯褌芯胁褜	0.000572	0.116534	0.000067
谐芯褌芯胁褟褌	0.000286	0.116534	0.000033
谐褉邪卸写邪薪械	0.000286	4.605170	0.001317
谐褉械薪泻懈	0.000858	0.040822	0.000035
谐褉械褔械褋泻邪褟	0.000286	0.116534	0.000033
谐褉械褔泻邪	0.000286	0.040822	0.000012
谐褉懈斜邪屑懈	0.001430	0.105361	0.000151
谐褉懈斜薪褘械	0.000572	0.040822	0.000023
谐褉懈斜芯胁	0.001144	0.116534	0.000133
谐褉懈斜褘	0.001430	0.040822	0.000058
谐褉懈谢械	0.001430	0.116534	0.000167
谐褉懈谢褜	0.000286	0.116534	0.000033
谐褉懈谢褜屑邪薪懈褟	0.000286	0.116534	0.000033
谐褉懈谢褟	0.001144	0.116534	0.000133
谐褉芯谐	0.000286	0.040822	0.000012
谐褉褍蟹懈薪褋泻邪褟	0.000286	0.116534	0.000033
谐褉褍锌锌褘	0.000286	0.061875	0.000018
谐褍写泻褍泻邪	0.000286	4.605170	0.001317
谐褍褉屑邪薪懈褟	0.001716	0.116534	0.000200
谐褍褉屑械	0.000286	0.127833	0.000037
谐褍褋褟	0.000572	0.105361	0.000060
写邪胁邪褌褜	0.000286	3.218876	0.000920
写邪械褌	0.000286	0.040822	0.000012
写邪薪薪褍褞	0.000286	4.605170	0.001317
写邪薪薪褘械	0.000286	0.040822	0.000012
写邪褉褘	0.000286	0.116534	0.000033
写邪褌械	0.000572	0.248461	0.000142
写邪褌褋泻邪褟	0.000286	0.116534	0.000033
写邪褔薪芯械	0.000858	0.116534	0.000100
写邪褔褍	0.000286	2.995732	0.000857
写械斜褞褌懈褉褍褞	0.000286	4.605170	0.001317
写械泄褋褌胁懈褌械谢褜薪芯	0.000286	1.832581	0.000524
写械泻邪斜褉褟	0.000286	0.597837	0.000171
写械泻芯褉	0.000286	0.127833	0.000037
写械谢邪械褌	0.000572	0.116534	0.000067
写械谢邪谢	0.000286	3.912023	0.001119
写械谢邪褌褜	0.000286	1.386294	0.000396
写械谢懈屑褋褟	0.000286	0.040822	0.000012
写械谢芯屑	0.000286	0.116534	0.000033
写械薪褜	0.000858	0.083382	0.000072
写械褋械褉褌	0.000858	0.116534	0.000100
写械褋械褉褌邪褑懈褟	0.000286	0.116534	0.000033
写械褋械褉褌薪褘械	0.000286	0.116534	0.000033
写械褋械褉褌褘	0.004003	0.040822	0.000163
写械褌械泄	0.000286	0.116534	0.000033
写械褌懈褕泻邪屑	0.000286	3.912023	0.001119
写卸械屑	0.000286	0.040822	0.000012
写蟹械薪	0.000286	0.116534	0.000033
写懈械褌邪	0.000286	0.116534	0.000033
写懈械褌褘	0.000286	0.116534	0.000033
写懈泻懈泄	0.000572	0.116534	0.000067
写懈泻芯谐芯	0.000286	0.116534	0.000033
写懈锌	0.000572	0.116534	0.000067
写懈锌芯屑	0.000858	4.605170	0.003951
写懈褔懈	0.000572	0.116534	0.000067
写懈褔褜	0.000286	0.116534	0.000033
写薪械胁薪懈泻邪褏	0.000286	0.061875	0.000018
写薪械泄	0.001144	0.116534	0.000133
写薪褟	0.000286	0.040822	0.000012
写芯斜邪胁谢械薪懈褟屑	0.000286	0.274437	0.000078
写芯斜邪胁谢褟褌褜	0.000286	0.040822	0.000012
写芯斜邪胁褜	0.000286	0.116534	0.000033
写芯斜褉芯褎谢芯褌	0.000286	0.127833	0.000037
写芯胁械褉褟械褕褜	0.000286	0.116534	0.000033
写芯胁芯谢褜薪芯	0.000286	1.609438	0.000460
写芯谢谐芯卸写邪薪薪芯械	0.000286	4.605170	0.001317
写芯屑	0.002574	0.040822	0.000105
写芯屑邪褕薪械械	0.000858	0.040822	0.000035
写芯屑邪褕薪懈械	0.000572	0.040822	0.000023
写芯屑邪褕薪懈泄	0.001430	0.116534	0.000167
写芯屑邪褕薪懈褏	0.000286	1.714798	0.000490
写芯屑邪褕薪褟褟	0.000572	0.105361	0.000060
写芯屑械	0.000286	1.832581	0.000524
写芯屑芯胁	0.000286	0.040822	0.000012
写芯锌芯谢薪械薪懈械	0.000286	2.659260	0.000760
写褉邪泄胁	0.001430	0.127833	0.000183
写褉芯卸卸械胁芯械	0.000286	0.116534	0.000033
写褉褍谐懈屑懈	0.000286	0.040822	0.000012
写褉褍蟹褜褟屑懈	0.000286	2.040221	0.000583
写褍屑邪褞	0.000286	1.427116	0.000408
写褍褏芯胁泻邪	0.001144	0.127833	0.000146
写褍褕懈	0.000858	0.105361	0.000090
械胁褉械泄褋泻邪褟	0.000286	0.116534	0.000033
械谐懈锌械褌褋泻邪褟	0.000286	0.116534	0.000033
械写懈薪褘泄	0.000286	0.040822	0.000012
械写懈褌械	0.000286	4.605170	0.001317
械写褘	0.000286	2.525729	0.000722
械泻芯	0.000286	0.127833	0.000037
械谢械薪褘	0.000286	4.605170	0.001317
卸邪谢泻芯	0.000286	3.912023	0.001119
卸邪褉泻懈	0.000286	3.912023	0.001119
卸邪褉泻芯械	0.000286	0.040822	0.000012
卸写邪谢邪	0.000286	4.605170	0.001317
卸写械褌	0.000286	3.912023	0.001119
卸械谢邪械屑褘械	0.000286	1.469676	0.000420
卸械谢械	0.000858	0.040822	0.000035
卸械薪褋泻邪褟	0.000286	0.127833	0.000037
卸械薪褋泻芯屑	0.000286	0.061875	0.000018
卸械薪褖懈薪褘	0.000572	0.116534	0.000067
卸懈蟹薪懈	0.000286	0.040822	0.000012
卸懈蟹薪褜	0.000286	0.116534	0.000033
卸褍谢褜械薪	0.000286	0.040822	0.000012
卸褍褉薪邪谢邪	0.000286	0.127833	0.000037
卸褞谢褜械薪	0.000572	0.040822	0.000023
蟹邪胁邪褉薪芯械	0.000286	0.116534	0.000033
蟹邪胁邪褉薪芯泄	0.000286	0.116534	0.000033
蟹邪胁邪褉薪褘械	0.000286	3.218876	0.000920
蟹邪胁褌褉邪泻	0.004003	0.094311	0.000378
蟹邪胁褌褉邪泻邪褌褜	0.000286	4.605170	0.001317
蟹邪胁褌褉邪泻懈	0.000286	0.127833	0.000037
蟹邪胁褌褉邪泻褍	0.000286	3.218876	0.000920
蟹邪谐芯褌芯胁泻懈	0.001144	0.040822	0.000047
蟹邪写邪胁邪褌褜	0.000286	0.040822	0.000012
蟹邪写邪胁邪褌褜褋褟	0.000286	4.605170	0.001317
蟹邪泄褑邪	0.000572	0.116534	0.000067
蟹邪泻胁邪褋泻邪	0.000286	0.040822	0.000012
蟹邪泻胁邪褋泻邪屑懈	0.000286	0.116534	0.000033
蟹邪泻胁邪褋芯泻	0.000286	0.127833	0.000037
蟹邪泻褉褘褌褘泄	0.005719	0.116534	0.000666
蟹邪泻褍褋泻邪	0.000286	1.347074	0.000385
蟹邪泻褍褋泻懈	0.009723	0.040822	0.000397
蟹邪泻褍褋泻褍	0.000858	0.116534	0.000100
蟹邪泻褍褋芯薪	0.000286	4.605170	0.001317
蟹邪泻褍褋芯薪褔懈泻	0.000286	0.116534	0.000033
蟹邪泻褍褋芯褔泻邪	0.000286	0.116534	0.000033
蟹邪泻褍褋芯褔薪褘械	0.003146	0.116534	0.000367
蟹邪谢懈胁薪芯械	0.000572	0.040822	0.000023
蟹邪屑芯褉邪褔懈胁邪褌褜褋褟	0.000286	4.605170	0.001317
蟹邪屑芯褉芯蟹泻邪	0.000286	0.105361	0.000030
蟹邪锌邪写	0.000286	0.116534	0.000033
蟹邪锌械泻邪薪泻邪	0.001144	0.105361	0.000121
蟹邪锌械泻邪薪泻懈	0.002002	0.040822	0.000082
蟹邪锌械褔械薪薪邪褟	0.000286	2.120264	0.000606
蟹邪锌懈褋薪芯泄	0.000286	4.605170	0.001317
蟹邪锌褉邪胁泻邪	0.000572	0.040822	0.000023
蟹邪褉邪薪械械	0.000286	1.660731	0.000475
蟹邪褉械谐懈褋褌褉懈褉芯胁邪胁褕懈褋褜	0.000286	0.040822	0.000012
蟹邪褉械谐懈褋褌褉懈褉芯胁邪褌褜褋褟	0.000286	0.030459	0.000009
蟹邪褋芯谢泻邪	0.000286	0.116534	0.000033
蟹邪褌褉邪褌	0.000286	2.995732	0.000857
蟹邪褏芯写懈褌械	0.000572	0.755023	0.000432
蟹胁邪薪褘泄	0.000286	0.127833	0.000037
蟹胁械蟹写邪	0.000286	0.127833	0.000037
蟹胁褢蟹写薪褘械	0.000286	0.116534	0.000033
蟹写芯褉芯胁芯械	0.000286	0.116534	0.000033
蟹写芯褉芯胁褘泄	0.000286	0.116534	0.000033
蟹写芯褉芯胁褜褟	0.000286	2.407946	0.000689
蟹械谢械薪褘械	0.000572	2.302585	0.001317
蟹械谢械薪褜	0.001430	0.094311	0.000135
蟹械褉薪邪	0.000286	3.912023	0.001119
蟹械褎懈褉	0.000286	0.040822	0.000012
蟹懈屑薪懈械	0.000286	0.051293	0.000015
蟹懈屑褍	0.001144	0.040822	0.000047
蟹薪邪械褌	0.000286	2.302585	0.000658
蟹薪邪械褌械	0.000286	2.302585	0.000658
蟹薪邪谢邪	0.000286	2.995732	0.000857
蟹薪邪褞	0.000286	0.755023	0.000216
蟹芯谢芯褌邪褟	0.000286	0.116534	0.000033
懈胁邪薪芯胁邪	0.000286	0.127833	0.000037
懈写械邪谢褜薪邪褟	0.000286	0.116534	0.000033
懈写械邪谢褜薪芯谐芯	0.001430	0.116534	0.000167
懈写械邪谢褜薪芯械	0.000286	0.116534	0.000033
懈写械泄泻懈	0.000286	0.116534	0.000033
懈写械褞	0.000572	2.525729	0.001445
懈蟹写邪薪懈褟	0.000286	4.605170	0.001317
懈蟹写械谢懈褟	0.001144	0.116534	0.000133
懈蟹写械谢懈褟屑懈	0.000858	0.116534	0.000100
懈泻褉邪	0.000858	0.040822	0.000035
懈屑械薪械屑	0.000286	0.040822	0.000012
懈薪胁械褉褌芯褉薪芯泄	0.000286	0.127833	0.000037
懈薪谐褉械写懈械薪褌邪屑	0.000286	1.469676	0.000420
懈薪谐褉械写懈械薪褌褘	0.009151	0.139262	0.001274
懈薪写械泄泻懈	0.001430	0.094311	0.000135
懈薪写械泄泻芯泄	0.000286	0.116534	0.000033
懈薪写懈泄褋泻邪褟	0.000286	0.116534	0.000033
懈薪写懈谢邪泄褌	0.000858	0.116534	0.000100
懈薪写懈褉械褋薪褘械	0.000286	0.116534	0.000033
懈薪褋褌褉褍泻褑懈褟屑懈	0.000286	0.040822	0.000012
懈薪褌械褉械褋薪褘泄	0.000286	1.897120	0.000542
懈褉邪泻褋泻邪褟	0.000286	0.116534	0.000033
懈褉邪薪褋泻邪褟	0.000286	0.116534	0.000033
懈褉谢邪薪写褋泻邪褟	0.000286	0.116534	0.000033
懈褋泻谢褞褔懈褌褜	0.000286	1.469676	0.000420
懈褋泻褉械薪薪械	0.000286	0.116534	0.000033
懈褋谢邪薪写褋泻邪褟	0.000286	0.116534	0.000033
懈褋锌邪薪褋泻邪褟	0.000286	0.116534	0.000033
懈褋锌械泻懈	0.000286	0.116534	0.000033
懈褋锌芯谢褜蟹芯胁邪褌褜	0.000286	1.514128	0.000433
懈褋褌芯褉懈懈	0.001430	0.116534	0.000167
懈褋褌芯褉懈褞	0.000286	0.116534	0.000033
懈褌邪泻	0.000286	1.609438	0.000460
懈褌邪谢懈懈	0.000572	0.105361	0.000060
懈褌邪谢褜褟薪褋泻邪褟	0.000286	0.116534	0.000033
懈褌邪谢褜褟薪褋泻懈械	0.000286	3.218876	0.000920
懈褌邪谢褜褟薪褋泻芯屑	0.000858	3.218876	0.002761
懈褖褍褌	0.000286	1.609438	0.000460
懈褞谢褟	0.000572	0.597837	0.000342
懈褞薪褟	0.000286	0.579818	0.000166
泄芯谐褍褉褌	0.001430	0.040822	0.000058
泻邪斜邪褔泻懈	0.000286	0.040822	0.000012
泻邪胁泻邪蟹褋泻邪褟	0.000286	0.116534	0.000033
泻邪蟹邪谢芯褋褜	0.000286	1.609438	0.000460
泻邪蟹邪薪械	0.000286	0.116534	0.000033
泻邪蟹邪褏褋泻邪褟	0.000286	0.116534	0.000033
泻邪泻邪芯	0.000572	0.040822	0.000023
泻邪谢械泄写芯褋泻芯锌	0.001144	0.116534	0.000133
泻邪谢屑褘褑泻邪褟	0.000286	0.116534	0.000033
泻邪谢褜屑邪褉	0.000286	0.040822	0.000012
泻邪屑械褉邪	0.000286	0.116534	0.000033
泻邪薪邪写褋泻邪褟	0.000286	0.116534	0.000033
泻邪薪邪写褋泻懈泄	0.000572	4.605170	0.002634
泻邪薪邪写褋泻芯谐芯	0.000286	4.605170	0.001317
泻邪薪邪谢	0.000572	0.040822	0.000023
泻邪薪邪谢械	0.000286	0.040822	0.000012
泻邪薪邪锌械	0.000858	0.040822	0.000035
泻邪锌褍褋褌邪	0.000572	0.040822	0.000023
泻邪锌褍褋褌薪褟泻	0.000286	0.040822	0.000012
泻邪锌褍褋褌褘	0.000286	0.040822	0.000012
泻邪褉邪屑械谢褜	0.000286	0.040822	0.000012
泻邪褉泻邪褋薪褘泄	0.001144	0.116534	0.000133
泻邪褉褌芯褎械谢褜	0.000858	0.040822	0.000035
泻邪褉褌芯褎械谢褜薪邪褟	0.000286	2.995732	0.000857
泻邪褉褌芯褎械谢褜薪芯械	0.000286	0.040822	0.000012
泻邪褉褌芯褎械谢褜薪褘械	0.000286	2.525729	0.000722
泻邪褉褌芯褎械谢褜薪褘泄	0.000286	0.116534	0.000033
泻邪褉褌芯褕泻邪	0.000858	0.040822	0.000035
泻邪褋褌褉褞谢褟屑懈	0.000286	4.605170	0.001317
泻邪褌械谐芯褉懈懈	0.000572	0.116534	0.000067
泻邪褌械谐芯褉懈褟	0.004289	0.150823	0.000647
泻邪褔械褋褌胁械	0.000858	1.609438	0.001381
泻邪褔械褋褌胁芯	0.000286	0.116534	0.000033
泻邪褕邪	0.000286	0.040822	0.000012
泻邪褕懈	0.001430	0.105361	0.000151
泻邪褕褍	0.000286	0.094311	0.000027
泻胁邪褋	0.000858	0.040822	0.000035
泻胁邪褋薪芯械	0.000858	0.116534	0.000100
泻胁邪褋芯屑	0.000286	0.127833	0.000037
泻械泻褋	0.000286	0.040822	0.000012
泻械泻褋褘	0.000572	0.116534	0.000067
泻械褌褔褍锌	0.000572	1.560648	0.000893
泻械褎懈褉	0.000286	0.040822	0.000012
泻懈屑褔懈	0.000286	0.040822	0.000012
泻懈薪芯邪	0.000572	0.127833	0.000073
泻懈薪芯谢械薪褌邪	0.000286	0.116534	0.000033
泻懈褋械谢褜	0.000572	0.040822	0.000023
泻懈褌邪泄褋泻邪褟	0.000286	0.116534	0.000033
泻谢邪褋褋	0.002288	0.116534	0.000267
泻谢邪褋褋褘	0.000286	0.116534	0.000033
泻谢褟褉械	0.000286	2.302585	0.000658
泻薪懈谐褍	0.000572	0.040822	0.000023
泻薪懈卸泻械	0.000286	3.912023	0.001119
泻芯斜谢械褉	0.000286	4.605170	0.001317
泻芯泻褌械泄谢懈	0.000286	0.127833	0.000037
泻芯泻褌械泄谢褜	0.001430	0.040822	0.000058
泻芯谢斜邪褋邪	0.001716	0.040822	0.000070
泻芯谢斜邪褋薪褘屑懈	0.000858	0.116534	0.000100
泻芯屑邪薪写邪	0.000572	0.127833	0.000073
泻芯屑懈	0.000286	0.116534	0.000033
泻芯屑屑械薪褌邪褉懈械胁	0.000286	0.223144	0.000064
泻芯屑锌邪薪懈泄	0.000286	0.105361	0.000030
泻芯屑锌芯蟹懈褑懈褞	0.000286	3.506558	0.001003
泻芯屑锌芯褌	0.000858	0.040822	0.000035
泻芯薪械褔薪芯	0.000286	0.527633	0.000151
泻芯薪懈薪褘	0.000286	0.116534	0.000033
泻芯薪泻褍褉褋	0.061195	0.105361	0.006448
泻芯薪泻褍褉褋邪	0.000286	0.116534	0.000033
泻芯薪泻褍褉褋邪褏	0.000286	0.040822	0.000012
泻芯薪泻褍褉褋薪褘械	0.000286	0.127833	0.000037
泻芯薪褋械褉胁懈褉芯胁邪薪懈械	0.000286	0.040822	0.000012
泻芯薪褋械褉胁懈褉芯胁邪薪薪邪褟	0.000286	0.116534	0.000033
泻芯薪褋械褉胁懈褉芯胁邪薪薪芯械	0.000286	0.116534	0.000033
泻芯薪褋械褉胁懈褉芯胁邪薪薪褘械	0.000572	0.116534	0.000067
泻芯薪褋械褉胁懈褉芯胁邪薪薪褘泄	0.000286	0.116534	0.000033
泻芯薪褋械褉胁褘	0.000572	2.813411	0.001609
泻芯薪褎械褌泻褍	0.000286	4.605170	0.001317
泻芯薪褎械褌褌懈	0.000286	0.116534	0.000033
泻芯薪褎械褌褘	0.000858	0.040822	0.000035
泻芯薪褎懈写械薪褑懈邪谢褜薪芯褋褌懈	0.000286	0.040822	0.000012
泻芯薪褎懈褌褞褉	0.000286	0.040822	0.000012
泻芯锌褔械薪芯褋褌褟屑懈	0.000286	0.116534	0.000033
泻芯褉械泄褋泻邪褟	0.000286	0.116534	0.000033
泻芯褉械泄褋泻懈	0.000286	0.040822	0.000012
泻芯褉卸懈泻懈	0.000286	0.040822	0.000012
泻芯褉屑褟褖懈褏	0.000286	0.116534	0.000033
泻芯褌谢械褌邪	0.000286	3.218876	0.000920
泻芯褌谢械褌褘	0.001430	0.040822	0.000058
泻芯褌芯褉芯屑褍	0.000286	0.116534	0.000033
泻芯褎械	0.000572	0.040822	0.000023
泻褉邪斜芯胁褘械	0.000572	2.659260	0.001521
泻褉邪褋懈胁芯芯芯	0.000286	3.912023	0.001119
泻褉邪褋泻懈	0.000286	0.116534	0.000033
泻褉械邪褌懈胁	0.000286	0.127833	0.000037
泻褉械屑	0.000286	0.040822	0.000012
泻褉械屑邪	0.000572	0.116534	0.000067
泻褉械锌泻懈泄	0.000286	0.116534	0.000033
泻褉芯泻	0.000572	3.218876	0.001841
泻褉芯谢懈泻邪	0.000572	0.116534	0.000067
泻褉芯屑械	0.001144	0.061875	0.000071
泻褉芯褏懈	0.000286	0.116534	0.000033
泻褉褍谐褍	0.000572	0.116534	0.000067
泻褉褍锌	0.001716	0.116534	0.000200
泻褉褍锌邪	0.000286	0.127833	0.000037
泻褉褍锌褘	0.000572	0.127833	0.000073
泻褉褍锌褟薪褘械	0.000286	0.116534	0.000033
泻褍斜懈薪褋泻邪褟	0.000286	0.116534	0.000033
泻褍谢械褕	0.000286	0.040822	0.000012
泻褍谢懈薪邪褉懈懈	0.000858	0.094311	0.000081
泻褍谢懈薪邪褉薪邪褟	0.000286	0.116534	0.000033
泻褍谢懈薪邪褉薪芯械	0.000286	0.116534	0.000033
泻褍谢懈薪邪褉薪芯泄	0.000286	2.525729	0.000722
泻褍谢懈薪邪褉薪褍褞	0.000572	0.040822	0.000023
泻褍谢懈薪邪褉薪褘泄	0.000286	0.072571	0.000021
泻褍谢懈薪邪褉薪褘褏	0.000286	0.116534	0.000033
泻褍谢懈褔	0.000286	0.040822	0.000012
泻褍谢懈褔懈	0.000286	0.116534	0.000033
泻褍薪卸褍褌	0.000572	0.994252	0.000569
泻褍褉写褋泻邪褟	0.000286	0.116534	0.000033
泻褍褉懈薪芯谐芯	0.000286	0.116534	0.000033
泻褍褉懈薪芯械	0.006005	0.127833	0.000768
泻褍褉懈薪褘械	0.000286	1.832581	0.000524
泻褍褉懈薪褘泄	0.000286	0.105361	0.000030
泻褍褉懈褑邪	0.000572	0.040822	0.000023
泻褍褉懈褑褘	0.000858	0.116534	0.000100
泻褍褉芯褔泻芯泄	0.000286	0.116534	0.000033
泻褍褋泻褍褋	0.000286	0.040822	0.000012
泻褍褋芯褔泻邪屑懈	0.000286	4.605170	0.001317
泻褍褏薪械泄	0.000286	0.040822	0.000012
泻褍褏薪懈	0.000858	0.040822	0.000035
泻褍褏薪褟	0.000858	0.116534	0.000100
谢邪胁邪褕	0.000572	0.040822	0.000023
谢邪胁邪褕邪	0.001144	0.116534	0.000133
谢邪谐屑邪薪	0.000286	0.040822	0.000012
谢邪泻芯屑褋褌胁芯	0.000286	0.116534	0.000033
谢邪锌褕邪	0.000572	0.040822	0.000023
谢邪褌褘褕褋泻邪褟	0.000286	0.116534	0.000033
谢械谐泻邪褟	0.000286	0.116534	0.000033
谢械谐泻懈泄	0.000858	0.116534	0.000100
谢械谐泻芯	0.001716	0.116534	0.000200
谢械锌械褕泻懈	0.000572	0.040822	0.000023
谢械褌邪	0.000286	0.116534	0.000033
谢械褌薪懈械	0.000286	0.040822	0.000012
谢械褌薪褟褟	0.000286	0.116534	0.000033
谢械褌芯	0.001716	0.116534	0.000200
谢械褔芯	0.000286	0.040822	0.000012
谢懈谐邪	0.000858	0.116534	0.000100
谢懈泻械褉	0.000286	0.040822	0.000012
谢懈屑芯薪邪写	0.000572	0.040822	0.000023
谢懈屑芯薪薪褘泄	0.001144	0.798508	0.000913
谢懈褋褌褜褟	0.002288	1.514128	0.003464
谢懈褌芯胁褋泻	0.000286	0.127833	0.000037
谢懈褌芯胁褋泻邪褟	0.000286	0.116534	0.000033
谢褍泻	0.003432	0.301105	0.001033
谢褍褔褕械	0.000572	2.659260	0.001521
谢褍褔褕懈械	0.000286	0.116534	0.000033
谢褍褔褕懈泄	0.000572	0.040822	0.000023
谢褍褔褕懈褏	0.000286	0.116534	0.000033
谢褞斜胁懈	0.000286	0.105361	0.000030
谢褞斜懈屑芯谐芯	0.000286	0.127833	0.000037
谢褞斜懈屑芯泄	0.000286	2.659260	0.000760
谢褞斜懈屑芯屑	0.000286	3.218876	0.000920
谢褞斜懈屑芯屑褍	0.000286	0.116534	0.000033
谢褞斜懈屑褘泄	0.000572	1.609438	0.000920
谢褞斜懈屑褘屑	0.000286	1.469676	0.000420
谢褞斜懈屑褘褏	0.001716	0.116534	0.000200
谢褞斜懈褌械	0.000286	1.966113	0.000562
谢褞斜芯胁褜	0.000286	0.116534	0.000033
谢褞斜芯谐芯	0.000286	2.302585	0.000658
谢褞斜芯泄	0.000286	0.116534	0.000033
谢褞斜褟褌	0.000286	1.832581	0.000524
谢褟	0.000286	1.771957	0.000507
谢褢谐泻懈泄	0.000286	2.525729	0.000722
谢褢写	0.000286	0.127833	0.000037
屑邪谐褉懈斜邪	0.000286	0.116534	0.000033
屑邪泄	0.000286	0.116534	0.000033
屑邪泄芯薪械蟹	0.003146	0.116534	0.000367
屑邪泻邪褉芯薪薪褘械	0.000286	0.116534	0.000033
屑邪泻邪褉芯薪褘	0.000286	0.040822	0.000012
屑邪泻写芯	0.000572	4.605170	0.002634
屑邪泻写芯薪邪谢褜写褋	0.000286	4.605170	0.001317
屑邪泻写芯薪邪谢褜写褋械	0.000286	4.605170	0.001317
屑邪谢邪蟹懈泄褋泻邪褟	0.000286	0.116534	0.000033
屑邪谢懈薪邪	0.000286	3.218876	0.000920
屑邪谢褘褕	0.000286	4.605170	0.001317
屑邪屑褍谢褟	0.000286	2.995732	0.000857
屑邪薪薪懈泻	0.000286	0.040822	0.000012
屑邪薪褌褘	0.000286	0.116534	0.000033
屑邪薪褢胁褉褘	0.000286	0.116534	0.000033
屑邪褉邪褎芯薪	0.000858	0.116534	0.000100
屑邪褉谐邪褉懈薪	0.000572	1.609438	0.000920
屑邪褉懈薪邪写	0.002574	0.040822	0.000105
屑邪褉懈薪邪写褘	0.000858	0.116534	0.000100
屑邪褉懈薪芯胁邪薪薪褘械	0.000286	0.116534	0.000033
屑邪褉懈薪芯胁邪薪薪褘泄	0.000572	2.813411	0.001609
屑邪褉屑械谢邪写	0.000286	0.040822	0.000012
屑邪褉芯泻泻邪薪褋泻邪褟	0.000286	0.116534	0.000033
屑邪褉褌邪	0.001716	0.105361	0.000181
屑邪褋泻邪褉锌芯薪械	0.000286	0.040822	0.000012
屑邪褋谢械薪懈褑邪	0.000858	0.040822	0.000035
屑邪褋谢械薪懈褔薪芯械	0.000286	0.116534	0.000033
屑邪褋谢芯	0.007149	0.116534	0.000833
屑邪褋谢芯屑	0.000286	0.116534	0.000033
屑邪褋褌械褉	0.002574	0.116534	0.000300
屑邪褋褌懈泻邪	0.000286	0.040822	0.000012
屑邪褋褌懈泻懈	0.000286	0.116534	0.000033
屑邪褎褎懈薪褘	0.000286	0.116534	0.000033
屑邪褏械械胁褗	0.001144	0.116534	0.000133
屑邪褟	0.001144	0.634878	0.000726
屑械写懈邪褎芯褉褌	0.000858	0.000000	0.000000
屑械写芯胁褘泄	0.000286	0.116534	0.000033
屑械泻褋懈泻邪薪褋泻邪褟	0.000286	0.116534	0.000033
屑械薪褞	0.000286	0.116534	0.000033
屑械薪褟	0.000858	0.083382	0.000072
屑械薪褟械褌褋褟	0.000286	0.116534	0.000033
屑械薪褟褌褜	0.000286	3.218876	0.000920
屑械褉泻邪屑	0.000286	4.605170	0.001317
屑械褋褌芯	0.000286	2.995732	0.000857
屑械褔褌邪	0.000286	0.116534	0.000033
屑械褔褌褘	0.000572	0.040822	0.000023
屑懈写懈懈	0.000286	0.040822	0.000012
屑懈泻褉芯胁芯谢薪芯胁泻械	0.000572	0.116534	0.000067
屑懈谢褜械	0.000286	0.116534	0.000033
屑懈屑芯蟹邪	0.000286	3.218876	0.000920
屑懈薪懈	0.000286	2.995732	0.000857
屑懈薪褍褌褍	0.000286	2.659260	0.000760
屑懈薪褍褌褘	0.000286	1.171183	0.000335
屑懈芯	0.000286	0.116534	0.000033
屑懈褉	0.000286	0.116534	0.000033
屑懈褉邪	0.000286	0.116534	0.000033
屑懈褉芯胁邪褟	0.000286	0.116534	0.000033
屑懈褉芯胁芯泄	0.000286	4.605170	0.001317
屑懈褋芯	0.000286	0.040822	0.000012
屑懈褋褋	0.000286	1.966113	0.000562
屑懈褋褌械褉懈褟	0.000286	0.116534	0.000033
屑懈褋褌褉邪谢褜	0.002002	0.116534	0.000233
屑薪芯谐懈械	0.000286	1.309333	0.000374
屑薪芯谐懈褏	0.000286	2.659260	0.000760
屑薪芯卸械褋褌胁芯屑	0.000286	0.040822	0.000012
屑芯写懈褎懈泻邪褑懈懈	0.000286	4.605170	0.001317
屑芯械	0.000286	0.116534	0.000033
屑芯械泄	0.000286	1.427116	0.000408
屑芯卸械褌械	0.000286	0.000000	0.000000
屑芯懈	0.000286	1.078810	0.000308
屑芯懈褏	0.000286	1.832581	0.000524
屑芯泄	0.001144	0.105361	0.000121
屑芯谢写邪胁褋泻邪褟	0.000286	0.116534	0.000033
屑芯谢芯泻械	0.000286	0.105361	0.000030
屑芯谢芯泻芯	0.001144	0.116534	0.000133
屑芯谢芯褔薪褘泄	0.000572	0.040822	0.000023
屑芯谢芯褔薪褘褏	0.000286	0.116534	0.000033
屑芯屑械薪褌	0.000858	0.116534	0.000100
屑芯薪谐芯谢褜褋泻邪褟	0.000286	0.116534	0.000033
屑芯褉械	0.000286	0.116534	0.000033
屑芯褉械锌褉芯写褍泻褌芯胁	0.003146	0.040822	0.000128
屑芯褉械锌褉芯写褍泻褌褘	0.000572	0.116534	0.000067
屑芯褉泻芯胁褜	0.000858	0.040822	0.000035
屑芯褉芯卸械薪芯械	0.000858	0.040822	0.000035
屑芯褉褋	0.000286	0.040822	0.000012
屑芯褉褋褘	0.000286	0.116534	0.000033
屑芯褌芯褉	0.000286	0.116534	0.000033
屑芯褏懈褌芯	0.000286	0.040822	0.000012
屑芯褑邪褉械谢谢邪	0.000572	2.813411	0.001609
屑芯褟	0.000286	1.427116	0.000408
屑褍卸褋泻邪褟	0.000858	0.127833	0.000110
屑褍卸褔懈薪褘	0.000572	0.116534	0.000067
屑褍泻邪	0.002860	0.274437	0.000785
屑褍谢褜褌懈胁邪褉泻械	0.010866	0.116534	0.001266
屑褍谢褜褌懈锌械泻邪褉械泄	0.000858	0.116534	0.000100
屑褍褋褋	0.000286	0.040822	0.000012
屑褍褋褋褘	0.000572	0.116534	0.000067
屑褍褔薪褘械	0.000286	0.116534	0.000033
屑褞褋谢懈	0.000572	0.116534	0.000067
屑褟谐泻懈泄	0.000572	1.386294	0.000793
屑褟褋邪	0.002288	0.116534	0.000267
屑褟褋薪芯谐芯	0.000572	0.116534	0.000067
屑褟褋薪芯泄	0.000858	0.116534	0.000100
屑褟褋薪褘械	0.001430	0.040822	0.000058
屑褟褋薪褘褏	0.000858	0.116534	0.000100
屑褟褋芯	0.003432	0.040822	0.000140
屑褟褋芯屑	0.001716	0.040822	0.000070
屑褟褋褍	0.000572	0.116534	0.000067
薪邪写芯械谢懈	0.000286	3.912023	0.001119
薪邪蟹薪邪褔械薪懈褟	0.000286	0.116534	0.000033
薪邪蟹褘胁邪械褌褋褟	0.000286	2.040221	0.000583
薪邪谢懈胁泻邪	0.000286	0.040822	0.000012
薪邪锌懈褌泻懈	0.001716	0.040822	0.000070
薪邪锌懈褌芯泻	0.000286	0.040822	0.000012
薪邪锌芯屑懈薪邪薪懈械	0.000286	3.912023	0.001119
薪邪褋褌芯泄泻邪	0.000286	0.040822	0.000012
薪邪褋褌褉芯械薪懈械	0.000286	0.116534	0.000033
薪邪褑懈芯薪邪谢褜薪褘械	0.000286	0.116534	0.000033
薪邪褔懈薪邪褌褜	0.000286	4.605170	0.001317
薪邪褔懈薪泻邪	0.000572	0.040822	0.000023
薪邪褔懈薪泻芯泄	0.000286	0.116534	0.000033
薪邪褔懈薪泻褍	0.000286	2.120264	0.000606
薪邪褔薪褍褌	0.000286	4.605170	0.001317
薪邪褕械屑	0.000286	0.040822	0.000012
薪邪褕懈	0.000286	0.061875	0.000018
薪械写械谢褟	0.002860	0.061875	0.000177
薪械卸薪邪褟	0.000286	1.966113	0.000562
薪械卸薪芯泄	0.000286	0.116534	0.000033
薪械蟹邪锌邪屑褟褌薪褘褏	0.000286	4.605170	0.001317
薪械屑械褑泻邪褟	0.000286	0.116534	0.000033
薪械芯斜褘褔邪泄薪芯	0.000286	3.506558	0.001003
薪械芯斜褘褔薪芯谐芯	0.000286	2.995732	0.000857
薪械芯卸懈写邪薪薪褘械	0.000286	0.116534	0.000033
薪械褋泻芯谢褜泻芯	0.000286	0.916291	0.000262
薪械褋谢邪写泻芯械	0.000286	0.116534	0.000033
薪懈斜褍写褜	0.000286	1.832581	0.000524
薪懈泻邪泻芯泄	0.000286	2.207275	0.000631
薪懈泻褌芯	0.000286	1.897120	0.000542
薪懈褔械谐芯	0.001144	0.941609	0.001077
薪芯胁邪褟	0.000286	0.116534	0.000033
薪芯胁芯谐芯	0.000286	2.995732	0.000857
薪芯胁芯谐芯写薪械谐芯	0.001430	0.116534	0.000167
薪芯胁芯谐芯写薪械械	0.000858	0.116534	0.000100
薪芯胁芯谐芯写薪懈械	0.001716	0.040822	0.000070
薪芯胁芯谐芯写薪懈泄	0.002288	0.116534	0.000267
薪芯胁芯谐芯写薪褟褟	0.000286	0.105361	0.000030
薪芯胁芯褋褌褟褏	0.000286	0.061875	0.000018
薪芯胁褘械	0.001144	0.051293	0.000059
薪芯胁褘泄	0.002574	0.094311	0.000243
薪芯胁褘屑	0.000286	4.605170	0.001317
薪芯褉胁械卸褋泻邪褟	0.000286	0.116534	0.000033
薪芯褟斜褉褟	0.000572	0.527633	0.000302
薪褉邪胁懈褌褋褟	0.000286	1.427116	0.000408
芯斜械写	0.001430	0.105361	0.000151
芯斜械蟹褜褟薪褘	0.000286	0.116534	0.000033
芯斜芯蟹胁邪褌褜	0.000286	4.605170	0.001317
芯斜褖邪褌褜褋褟	0.000286	0.040822	0.000012
芯胁芯褖邪屑懈	0.000286	0.116534	0.000033
芯胁芯褖械泄	0.004003	0.105361	0.000422
芯胁芯褖懈	0.002574	0.094311	0.000243
芯胁芯褖薪邪褟	0.000286	0.040822	0.000012
芯胁芯褖薪芯械	0.000286	0.116534	0.000033
芯胁芯褖薪芯泄	0.000572	0.105361	0.000060
芯胁芯褖薪褘械	0.001430	0.040822	0.000058
芯胁褋褟薪芯械	0.000286	0.116534	0.000033
芯谐薪械薪薪芯泄	0.000286	0.116534	0.000033
芯谐薪褟	0.000286	0.116534	0.000033
芯谐褍褉械褑	0.001716	1.237874	0.002124
芯谐褍褉褑褘	0.000572	0.116534	0.000067
芯谐褍褉褔懈泻邪	0.000286	4.605170	0.001317
芯泻邪蟹邪谢芯褋褜	0.000286	1.832581	0.000524
芯泻褉芯褕泻邪	0.000858	0.040822	0.000035
芯谢邪写褜懈	0.000858	0.040822	0.000035
芯谢械泄薪邪	0.000858	0.116534	0.000100
芯谢械泄薪芯泄	0.001144	0.116534	0.000133
芯谢械泄薪褘	0.000286	0.127833	0.000037
芯谢懈胁泻懈	0.000572	2.207275	0.001262
芯谢懈胁泻芯胁芯械	0.001144	0.544727	0.000623
芯屑谢械褌	0.000286	0.040822	0.000012
芯芯芯褔械薪褜	0.000858	3.218876	0.002761
芯锌邪褉邪	0.000286	0.040822	0.000012
芯锌褉芯褋	0.000286	0.061875	0.000018
芯褉懈谐懈薪邪谢褜薪芯谐芯	0.000286	3.912023	0.001119
芯褋械薪懈	0.000286	3.912023	0.001119
芯褋械薪薪械械	0.000286	0.116534	0.000033
芯褋械薪薪懈械	0.000286	0.051293	0.000015
芯褋械薪薪懈泄	0.000572	0.116534	0.000067
芯褋械薪褜	0.002860	0.105361	0.000301
芯褋薪芯胁薪芯械	0.000286	0.040822	0.000012
芯褋褌邪械褌褋褟	0.000286	0.116534	0.000033
芯褋褌邪褞褌褋褟	0.000286	2.207275	0.000631
芯褌胁械褌懈褌褜	0.000286	0.051293	0.000015
芯褌胁械褌芯胁	0.000286	0.051293	0.000015
芯褌胁械褌褘	0.000572	0.000000	0.000000
芯褌写褘褏邪械褌	0.000286	2.302585	0.000658
芯褌泻褉褘褌褘泄	0.000572	0.116534	0.000067
芯褌屑械薪懈褌褜	0.000286	0.040822	0.000012
芯褌锌褉邪胁懈褌褜褋褟	0.000286	4.605170	0.001317
芯褌锌褉邪胁谢褟械褌	0.000286	4.605170	0.001317
芯褏谢邪写懈褌褜	0.000286	0.116534	0.000033
芯褔械褉械写薪芯泄	0.000286	1.771957	0.000507
锌邪泻械褌懈泻邪褏	0.000286	0.105361	0.000030
锌邪谢芯褔泻懈	0.000858	0.040822	0.000035
锌邪薪懈褉芯胁泻邪	0.002288	0.116534	0.000267
锌邪薪懈褉芯胁芯褔薪褘械	0.000572	1.309333	0.000749
锌邪锌褉懈泻邪	0.000572	1.203973	0.000689
锌邪褉邪	0.000286	0.116534	0.000033
锌邪褉邪写	0.002002	0.116534	0.000233
锌邪褉芯胁邪褉泻械	0.002574	0.116534	0.000300
锌邪褉芯谢褜	0.000286	0.020203	0.000006
锌邪褋褌邪	0.001716	0.040822	0.000070
锌邪褋褌褉芯屑邪	0.000286	0.040822	0.000012
锌邪褋褏邪	0.000572	0.040822	0.000023
锌邪褋褏邪谢褜薪邪褟	0.000572	0.116534	0.000067
锌邪褋褏邪谢褜薪褘泄	0.000286	0.127833	0.000037
锌邪褕褌械褌	0.000286	0.040822	0.000012
锌邪褕褌械褌芯屑	0.000286	3.506558	0.001003
锌邪褕褌械褌褘	0.000572	0.116534	0.000067
锌械泻邪褉褟	0.000286	0.127833	0.000037
锌械谢褜屑械薪懈	0.000286	0.116534	0.000033
锌械褉胁械薪械褑	0.000286	4.605170	0.001317
锌械褉胁芯械	0.000572	0.040822	0.000023
锌械褉胁褘械	0.000286	0.127833	0.000037
锌械褉胁褘屑	0.000286	0.116534	0.000033
锌械褉械写邪褔械	0.000286	2.659260	0.000760
锌械褉械写械谢邪谢邪	0.000286	4.605170	0.001317
锌械褉械泄褌懈	0.000286	0.040822	0.000012
锌械褉械泻褍褋	0.000858	0.116534	0.000100
锌械褉械泻褍褋邪	0.000572	2.813411	0.001609
锌械褉械泻褍褋褘	0.000286	4.605170	0.001317
锌械褉械褑	0.001430	0.040822	0.000058
锌械褉褋芯薪褘	0.000286	0.116534	0.000033
锌械褉褍邪薪褋泻邪褟	0.000286	0.116534	0.000033
锌械褋芯褔薪芯械	0.000572	0.105361	0.000060
锌械褋芯褔薪褘泄	0.000286	0.116534	0.000033
锌械褌械谢懈薪泻懈	0.000286	0.127833	0.000037
锌械褔邪褌薪芯谐芯	0.000286	4.605170	0.001317
锌械褔械薪芯褔薪褘械	0.000286	3.506558	0.001003
锌械褔械薪芯褔薪褘泄	0.000286	0.040822	0.000012
锌械褔械薪褜械	0.002860	0.040822	0.000117
锌械褔懈	0.000286	0.127833	0.000037
锌懈胁芯	0.000286	0.116534	0.000033
锌懈胁褍	0.000286	3.912023	0.001119
锌懈泻邪薪褌薪芯	0.000286	3.218876	0.000920
锌懈泻邪薪褌褘	0.000286	0.127833	0.000037
锌懈泻薪懈泻	0.000572	0.116534	0.000067
锌懈泻薪懈泻邪	0.000286	0.116534	0.000033
锌懈泻薪懈泻械	0.000286	3.912023	0.001119
锌懈泻薪懈泻褍	0.000286	0.105361	0.000030
锌懈褉	0.000286	0.116534	0.000033
锌懈褉芯谐	0.000858	0.040822	0.000035
锌懈褉芯谐懈	0.000286	0.105361	0.000030
锌懈褉芯卸泻懈	0.000286	0.040822	0.000012
锌懈褉芯卸薪芯械	0.000286	0.040822	0.000012
锌懈褉芯卸薪褘械	0.000858	0.116534	0.000100
锌懈褌邪薪懈械	0.001430	0.105361	0.000151
锌懈褑褑邪	0.000572	0.040822	0.000023
锌谢邪胁谢械薪褘泄	0.000572	1.237874	0.000708
锌谢邪屑褟	0.000286	0.116534	0.000033
锌谢懈褌邪	0.001144	0.127833	0.000146
锌谢芯胁	0.000286	0.116534	0.000033
锌谢芯写褘	0.000286	0.116534	0.000033
锌芯胁邪褉械薪泻械	0.000572	0.040822	0.000023
锌芯胁邪褉械薪芯泻	0.000572	0.061875	0.000035
锌芯胁邪褉褟褌	0.000286	0.116534	0.000033
锌芯胁邪褉褟褌邪屑懈	0.000286	0.040822	0.000012
锌芯胁邪褉褢薪泻邪	0.000286	0.116534	0.000033
锌芯胁懈写谢芯	0.000286	0.040822	0.000012
锌芯写邪谢邪	0.000286	3.912023	0.001119
锌芯写邪褉泻芯胁	0.000286	0.116534	0.000033
锌芯写斜芯褉	0.000286	1.514128	0.000433
锌芯写泻褍锌懈谢邪	0.000286	2.813411	0.000805
锌芯写谢懈胁邪	0.000286	0.116534	0.000033
锌芯写谢懈胁泻邪	0.000286	0.040822	0.000012
锌芯写芯斜薪芯械	0.000286	3.218876	0.000920
锌芯写芯泄写褢褌	0.000286	3.506558	0.001003
锌芯写锌懈褋邪褌褜褋褟	0.000286	0.040822	0.000012
锌芯写锌懈褕懈褌械褋褜	0.000572	0.040822	0.000023
锌芯写褍屑邪谢邪	0.000286	2.659260	0.000760
锌芯械写懈薪泻懈	0.004003	0.116534	0.000467
锌芯械褏邪谢懈	0.000286	4.605170	0.001317
锌芯蟹邪胁褌褉邪泻邪褌褜	0.000286	3.912023	0.001119
锌芯蟹写褉邪胁褜	0.000286	0.116534	0.000033
锌芯懈褋泻	0.000286	0.051293	0.000015
锌芯泻褍锌邪械屑	0.000286	3.506558	0.001003
锌芯谢写薪懈泻	0.000572	0.116534	0.000067
锌芯谢械蟹薪芯	0.000286	0.116534	0.000033
锌芯谢械蟹薪褘褏	0.000286	2.995732	0.000857
锌芯谢懈褌懈泻芯泄	0.000286	0.040822	0.000012
锌芯谢薪芯褑械薪薪褘泄	0.000286	2.995732	0.000857
锌芯谢芯胁懈薪邪	0.002288	0.116534	0.000267
锌芯谢褍褔邪泄褌械	0.000286	0.040822	0.000012
锌芯谢褍褔邪褌褜	0.000286	0.040822	0.000012
锌芯谢褜蟹邪	0.000286	0.127833	0.000037
锌芯谢褜蟹芯胁邪褌械谢褟	0.000286	3.912023	0.001119
锌芯谢褜蟹芯泄	0.001144	0.116534	0.000133
锌芯谢褜褋泻邪褟	0.000286	0.116534	0.000033
锌芯屑邪写泻邪	0.000572	0.040822	0.000023
锌芯屑邪写泻懈	0.000286	0.116534	0.000033
锌芯屑懈写芯褉	0.002574	0.713350	0.001836
锌芯屑懈写芯褉邪屑懈	0.000286	2.995732	0.000857
锌芯屑懈写芯褉泻懈	0.000286	0.127833	0.000037
锌芯屑懈写芯褉褘	0.000572	0.116534	0.000067
锌芯薪褉邪胁懈胁褕懈械褋褟	0.000286	0.040822	0.000012
锌芯薪褉邪胁懈谢芯褋褜	0.000286	1.514128	0.000433
锌芯薪褔懈泻懈	0.000572	0.040822	0.000023
锌芯锌褉芯斜褍泄褌械	0.000286	0.562119	0.000161
锌芯褉邪	0.000286	0.116534	0.000033
锌芯褉褌褍谐邪谢褜褋泻邪褟	0.000286	0.116534	0.000033
锌芯褋械褖邪械褌械	0.000286	0.061875	0.000018
锌芯褋褌	0.001430	0.105361	0.000151
锌芯褋褌薪芯械	0.000286	0.116534	0.000033
锌芯褋褌薪褘械	0.000572	0.040822	0.000023
锌芯褋褌薪褘泄	0.000286	0.116534	0.000033
锌芯褋褌芯褟薪薪芯	0.000286	0.040822	0.000012
锌芯褋褌褉芯懈屑	0.000286	0.116534	0.000033
锌芯褋褍写邪	0.000572	0.094311	0.000054
锌芯褔械屑褍	0.000572	1.203973	0.000689
锌芯褔褌懈	0.000286	1.021651	0.000292
锌芯褔褌褍	0.000572	0.040822	0.000023
锌芯褕邪谐芯胁褘械	0.000286	0.301105	0.000086
锌芯褕邪谐芯胁褘屑懈	0.000286	0.040822	0.000012
锌芯褟胁懈谢懈褋褜	0.000286	4.605170	0.001317
锌芯褟胁懈谢褋褟	0.000286	2.995732	0.000857
锌褉邪蟹写薪懈泻	0.000286	1.832581	0.000524
锌褉邪蟹写薪懈泻邪	0.000286	0.116534	0.000033
锌褉邪蟹写薪懈泻芯胁	0.000286	3.912023	0.001119
锌褉邪蟹写薪懈褔薪芯	0.000572	0.116534	0.000067
锌褉邪蟹写薪懈褔薪芯谐芯	0.000286	0.116534	0.000033
锌褉邪蟹写薪懈褔薪芯械	0.000286	2.995732	0.000857
锌褉邪蟹写薪懈褔薪褘泄	0.000572	0.116534	0.000067
锌褉邪泻褌懈泻褍屑	0.000286	0.116534	0.000033
锌褉械胁芯褋褏芯写薪褘械	0.000286	0.116534	0.000033
锌褉械胁褉邪褖械薪懈褟	0.000286	0.116534	0.000033
锌褉械写谢邪谐邪褞	0.000286	0.693147	0.000198
锌褉械写锌芯褔褌械薪懈泄	0.000286	3.912023	0.001119
锌褉械泻褉邪褋薪褍褞	0.000286	3.506558	0.001003
锌褉械褋薪芯械	0.000286	0.116534	0.000033
锌褉械褋褋芯胁邪薪薪褘械	0.000572	4.605170	0.002634
锌褉懈胁褘褔薪褘泄	0.000286	3.218876	0.000920
锌褉懈胁褘褔薪褘褏	0.000286	4.605170	0.001317
锌褉懈谐芯褌芯胁懈屑	0.000286	0.116534	0.000033
锌褉懈谐芯褌芯胁懈褌褜	0.000572	0.342490	0.000196
锌褉懈谐芯褌芯胁谢械薪	0.000286	2.302585	0.000658
锌褉懈谐芯褌芯胁谢械薪懈械	0.000286	0.105361	0.000030
锌褉懈谐芯褌芯胁谢械薪懈懈	0.000286	0.798508	0.000228
锌褉懈谐芯褌芯胁谢械薪懈褞	0.000286	0.040822	0.000012
锌褉懈谐芯褌芯胁谢械薪懈褟	0.000286	0.371064	0.000106
锌褉懈写械褌褋褟	0.000286	2.995732	0.000857
锌褉懈写褍屑邪褌褜	0.000286	2.525729	0.000722
锌褉懈写褍屑褘胁邪褟	0.000286	4.605170	0.001317
锌褉懈蟹薪邪薪懈械	0.000286	0.116534	0.000033
锌褉懈蟹芯胁	0.000286	0.040822	0.000012
锌褉懈锌褉邪胁邪	0.000286	0.040822	0.000012
锌褉懈褉芯写褍	0.000572	0.116534	0.000067
锌褉懈褉芯写褘	0.000286	0.116534	0.000033
锌褉懈褋褌褍锌懈褌褜	0.000286	0.040822	0.000012
锌褉懈褏胁邪褌懈褌褜	0.000286	4.605170	0.001317
锌褉懈褟褌薪芯械	0.000286	3.218876	0.000920
锌褉芯胁械写懈	0.001144	0.116534	0.000133
锌褉芯胁械褉械薪芯	0.001716	0.116534	0.000200
锌褉芯胁芯写懈屑褘褏	0.000286	0.040822	0.000012
锌褉芯胁芯卸邪械屑	0.000286	0.116534	0.000033
锌褉芯谐褍谢泻褍	0.000286	4.605170	0.001317
锌褉芯写褍泻褌芯胁	0.000286	0.094311	0.000027
锌褉芯械泻褌芯胁	0.000286	0.116534	0.000033
锌褉芯械泻褌褘	0.000286	0.061875	0.000018
锌褉芯褋屑芯褌褉邪屑	0.000286	0.274437	0.000078
锌褉芯褋薪褢褌褋褟	0.000286	4.605170	0.001317
锌褉芯褋褌芯	0.001716	0.083382	0.000143
锌褉芯褋褌芯泄	0.000286	0.755023	0.000216
锌褉芯褋褌芯泻胁邪褕邪	0.000286	0.040822	0.000012
锌褉芯褋褌芯褌邪	0.000286	1.966113	0.000562
锌褉芯褋褌褘械	0.000286	2.659260	0.000760
锌褉芯褎懈谢褜	0.000286	0.040822	0.000012
锌褉褟屑芯	0.000286	0.040822	0.000012
锌褉褟薪懈泻	0.000286	0.040822	0.000012
锌褉褟薪懈泻懈	0.000286	0.116534	0.000033
锌褉褟薪懈褔薪芯械	0.000286	0.116534	0.000033
锌褌懈褑邪	0.001430	0.116534	0.000167
锌褌懈褑械	0.000572	0.116534	0.000067
锌褌懈褑械泄	0.000286	0.127833	0.000037
锌褌懈褑褘	0.003146	0.116534	0.000367
锌褍写懈薪谐	0.000286	0.040822	0.000012
锌褍写懈薪谐懈	0.000572	0.116534	0.000067
锌褍薪褕	0.000286	0.040822	0.000012
锌褍褌械褕械褋褌胁懈械	0.000572	0.116534	0.000067
锌褍褌褜	0.000286	0.116534	0.000033
锌褕械薪懈褔薪邪褟	0.002860	0.287682	0.000823
锌褘褕泻懈	0.000286	0.040822	0.000012
锌褞褉械	0.001144	0.040822	0.000047
褉邪斜芯褌邪械褌	0.000286	3.218876	0.000920
褉邪斜芯褌褍	0.000858	1.560648	0.001339
褉邪谐褍	0.000286	0.116534	0.000033
褉邪写芯褋褌褜	0.000858	3.912023	0.003356
褉邪蟹	0.000572	0.446287	0.000255
褉邪蟹胁械褉薪褍褌褜	0.000286	0.116534	0.000033
褉邪蟹写械谢褜薪芯械	0.000286	0.116534	0.000033
褉邪蟹薪芯芯斜褉邪蟹懈褌褜	0.000286	3.506558	0.001003
褉邪蟹薪褘械	0.000286	0.116534	0.000033
褉邪蟹芯谐褉械褌褜	0.000286	2.525729	0.000722
褉邪褋褋芯谢褜薪懈泻	0.000572	0.040822	0.000023
褉邪褋褋芯谢褜薪懈泻邪	0.000286	0.116534	0.000033
褉邪褋褋褘谢泻懈	0.000286	0.061875	0.000018
褉邪褋褌懈褌械谢褜薪芯械	0.002288	0.235722	0.000539
褉械谐懈褋褌褉邪褑懈懈	0.000572	0.010050	0.000006
褉械谐懈褋褌褉邪褑懈褟	0.000286	0.000000	0.000000
褉械泄褌懈薪谐褍	0.000286	0.248461	0.000071
褉械泻芯褉写褘	0.000286	3.506558	0.001003
褉械锌褔邪褌褘泄	0.003432	0.430783	0.001478
褉械褑械锌褌	0.005147	0.040822	0.000210
褉械褑械锌褌邪	0.000286	0.462035	0.000132
褉械褑械锌褌邪褏	0.000286	0.061875	0.000018
褉械褑械锌褌芯胁	0.002002	0.040822	0.000082
褉械褑械锌褌芯屑	0.000286	0.693147	0.000198
褉械褑械锌褌褘	0.020589	0.040822	0.000840
褉卸邪薪芯屑	0.000286	4.605170	0.001317
褉卸邪薪褘屑	0.000286	4.605170	0.001317
褉懈褋	0.001144	0.040822	0.000047
褉懈褋邪	0.000286	0.116534	0.000033
褉懈褌屑械	0.000286	0.116534	0.000033
褉芯谐邪谢懈泻懈	0.000286	0.040822	0.000012
褉芯写薪芯械	0.000286	0.116534	0.000033
褉芯卸写械薪懈褟	0.000286	0.105361	0.000030
褉芯卸写械褋褌胁芯	0.000286	0.116534	0.000033
褉芯谢谢褌芯薪	0.000286	0.116534	0.000033
褉芯谢谢褘	0.000572	0.040822	0.000023
褉芯屑	0.000286	0.040822	0.000012
褉褍斜谢械薪薪褘械	0.000286	3.506558	0.001003
褉褍斜褉懈泻邪褌芯褉	0.000286	0.051293	0.000015
褉褍泻懈	0.000286	2.813411	0.000805
褉褍泻芯谢邪	0.000572	3.912023	0.002237
褉褍谢械褌	0.000286	0.040822	0.000012
褉褍谢械褌褘	0.002860	0.116534	0.000333
褉褍屑褘薪褋泻邪褟	0.000286	0.116534	0.000033
褉褍屑褟薪褘械	0.000286	0.116534	0.000033
褉褍薪械褌械	0.000286	0.020203	0.000006
褉褍褋褋泻邪褟	0.000286	0.116534	0.000033
褉褘斜邪	0.002574	0.040822	0.000105
褉褘斜械	0.000572	0.116534	0.000067
褉褘斜薪邪褟	0.000286	0.116534	0.000033
褉褘斜薪芯谐芯	0.000572	0.116534	0.000067
褉褘斜薪芯械	0.000572	2.525729	0.001445
褉褘斜薪褘械	0.001716	0.116534	0.000200
褉褘斜薪褘泄	0.000572	0.116534	0.000067
褉褘斜薪褘褏	0.000286	0.116534	0.000033
褉褘斜芯泄	0.000572	0.116534	0.000067
褉褘斜褘	0.003432	0.116534	0.000400
褉褟卸械薪泻邪	0.000286	0.116534	0.000033
褋邪泄褌	0.000858	0.000000	0.000000
褋邪泄褌械	0.000286	0.462035	0.000132
褋邪泄褌褍	0.000572	0.061875	0.000035
褋邪泻褉邪屑械薪褌芯	0.000286	4.605170	0.001317
褋邪谢邪褌	0.000572	0.094311	0.000054
褋邪谢邪褌邪	0.002288	1.078810	0.002468
褋邪谢邪褌薪邪褟	0.000286	0.116534	0.000033
褋邪谢邪褌芯屑	0.000572	2.207275	0.001262
褋邪谢邪褌褘	0.008865	0.040822	0.000362
褋邪屑芯谐芯薪	0.000286	0.040822	0.000012
褋邪屑芯械	0.000572	1.897120	0.001085
褋邪屑褘泄	0.000572	1.021651	0.000584
褋邪屑褘屑	0.000286	1.386294	0.000396
褋邪屑褘褏	0.000572	0.116534	0.000067
褋邪褎	0.000858	0.116534	0.000100
褋邪褎褋械屑	0.000286	0.116534	0.000033
褋邪褏邪褉	0.001716	0.116534	0.000200
褋斜懈褌械薪褜	0.000286	0.040822	0.000012
褋胁械卸械褋褌褜	0.000572	0.105361	0.000060
褋胁械卸懈械	0.000286	2.659260	0.000760
褋胁械泻谢邪	0.000286	0.040822	0.000012
褋胁械泻芯谢褜薪懈泻	0.000572	0.040822	0.000023
褋胁械褌邪	0.001144	0.116534	0.000133
褋胁懈薪懈薪邪	0.000286	0.040822	0.000012
褋胁懈薪懈薪褘	0.001144	0.116534	0.000133
褋胁芯械	0.000286	0.116534	0.000033
褋胁芯械屑	0.000286	0.040822	0.000012
褋胁芯懈屑	0.000286	0.040822	0.000012
褋胁芯泄褋褌胁械薪薪褘屑	0.000286	4.605170	0.001317
褋胁芯褞	0.000286	0.040822	0.000012
褋谐褍褖械薪泻邪	0.000286	0.040822	0.000012
褋写械谢邪褌褜	0.000286	1.021651	0.000292
褋械蟹芯薪	0.000286	0.116534	0.000033
褋械泄褔邪褋	0.000286	0.030459	0.000009
褋械泻褉械褌褘	0.000572	0.116534	0.000067
褋械谢械写泻邪	0.000286	0.040822	0.000012
褋械谢褜写褜褞	0.000286	3.912023	0.001119
褋械屑谐邪	0.000286	0.040822	0.000012
褋械屑械泄薪褘泄	0.000286	0.116534	0.000033
褋械屑褜械泄	0.000286	1.897120	0.000542
褋械屑褜懈	0.000286	0.116534	0.000033
褋械薪褌褟斜褉褟	0.000286	0.673345	0.000193
褋懈写褉	0.000286	0.040822	0.000012
褋懈褉懈泄褋泻邪褟	0.000286	0.116534	0.000033
褋懈褉芯锌	0.000286	0.040822	0.000012
褋懈褉芯锌褘	0.000286	0.116534	0.000033
褋懈褋褌械屑褘	0.000286	0.040822	0.000012
褋懈褌懈	0.000286	0.127833	0.000037
褋泻邪蟹芯泻	0.000286	0.116534	0.000033
褋泻芯褉芯褋褌薪褘械	0.000286	3.506558	0.001003
褋谢邪写泻邪褟	0.001144	0.116534	0.000133
褋谢邪写泻懈械	0.001716	0.040822	0.000070
褋谢邪写泻懈泄	0.002574	0.105361	0.000271
褋谢邪写泻懈褏	0.000572	0.116534	0.000067
褋谢邪写泻芯	0.000286	0.116534	0.000033
褋谢械谐泻邪	0.000286	2.525729	0.000722
褋谢懈胁芯褔薪芯械	0.003717	0.116534	0.000433
褋谢芯械薪芯谐芯	0.000286	0.127833	0.000037
褋谢芯械薪芯械	0.000286	0.116534	0.000033
褋谢芯械薪褘泄	0.000286	0.116534	0.000033
褋谢芯泄泻邪	0.000286	0.040822	0.000012
褋谢芯泄泻懈	0.000286	0.116534	0.000033
褋屑械褌邪薪邪	0.002002	0.105361	0.000211
褋屑械褕邪薪薪芯谐芯	0.000286	0.116534	0.000033
褋屑芯卸械褌械	0.000286	0.040822	0.000012
褋屑褍蟹懈	0.000858	0.040822	0.000035
褋薪邪褉褍卸懈	0.000286	2.525729	0.000722
褋薪褝泻	0.000286	0.116534	0.000033
褋芯斜懈褉邪械褌械褋褜	0.000286	0.040822	0.000012
褋芯胁械褉褕械薪薪芯	0.000286	1.171183	0.000335
褋芯胁械褉褕械薪褋褌胁芯	0.001430	0.116534	0.000167
褋芯胁械褌邪屑懈	0.000286	0.040822	0.000012
褋芯谐谢邪褕邪械褌械褋褜	0.000286	0.040822	0.000012
褋芯蟹写邪械褌	0.000286	0.116534	0.000033
褋芯蟹写邪薪懈褟	0.000572	0.261365	0.000149
褋芯蟹写邪褞褌	0.000286	4.605170	0.001317
褋芯泻	0.001430	0.116534	0.000167
褋芯泻邪	0.000286	0.105361	0.000030
褋芯泻懈	0.000286	0.040822	0.000012
褋芯谢械薪褘械	0.000858	0.116534	0.000100
褋芯谢械薪褜褟	0.000572	0.116534	0.000067
褋芯谢薪械褔薪芯泄	0.000286	0.127833	0.000037
褋芯谢褜	0.002860	0.150823	0.000431
褋芯谢褟薪泻邪	0.000572	0.040822	0.000023
褋芯褉褌懈褉芯胁邪褌褜	0.000286	0.248461	0.000071
褋芯褋褌邪胁褜	0.000286	0.116534	0.000033
褋芯褍褋	0.003432	0.040822	0.000140
褋芯褍褋芯屑	0.001430	0.116534	0.000167
褋芯褍褋褘	0.001144	0.116534	0.000133
褋芯褏褉邪薪褟褌褜	0.000286	0.040822	0.000012
褋芯褑褋械褌懈	0.000286	0.040822	0.000012
褋芯褔械褌邪薪懈械	0.000286	0.116534	0.000033
褋芯褔械褌邪薪懈褟	0.000286	3.912023	0.001119
褋芯褔薪械泄褕邪褟	0.000286	4.605170	0.001317
褋芯褔薪芯	0.000286	2.120264	0.000606
褋芯褔薪芯械	0.000286	0.116534	0.000033
褋芯褔薪褘屑	0.000286	2.302585	0.000658
褋锌邪谢褜薪褟屑懈	0.000286	0.446287	0.000128
褋锌械褑懈邪谢褜薪芯械	0.000286	0.116534	0.000033
褋锌械褑懈懈	0.003146	0.105361	0.000331
褋锌械褑锌褉芯械泻褌	0.009437	0.116534	0.001100
褋锌懈褋芯泻	0.000286	0.116534	0.000033
褋锌芯褞	0.000286	0.116534	0.000033
褋褉械写懈蟹械屑薪芯屑芯褉褋泻邪褟	0.000286	0.127833	0.000037
褋褌邪薪械褌	0.000286	1.832581	0.000524
褋褌邪褉褘械	0.000286	0.261365	0.000075
褋褌邪褌褜褟褏	0.000286	0.061875	0.000018
褋褌懈谢械	0.000858	0.116534	0.000100
褋褌懈谢褟	0.000286	0.116534	0.000033
褋褌芯谢	0.001144	0.105361	0.000121
褋褌芯谢邪	0.001716	0.116534	0.000200
褋褌褉邪薪褘	0.000286	2.995732	0.000857
褋褌褉芯谐芯	0.000286	2.407946	0.000689
褋褌褉芯懈褌械谢褜褋褌胁械	0.000286	0.040822	0.000012
褋褌褉芯懈褌械谢褜褋褌胁褍	0.000286	0.040822	0.000012
褋褌褉芯懈褌褜	0.000286	0.040822	0.000012
褋褌褉芯泄薪芯泄	0.000286	0.116534	0.000033
褋褍斜锌褉芯写褍泻褌芯胁	0.002002	0.116534	0.000233
褋褍斜锌褉芯写褍泻褌褘	0.000858	0.116534	0.000100
褋褍写懈褌械	0.000286	2.813411	0.000805
褋褍锌	0.002574	0.040822	0.000105
褋褍锌邪	0.000286	0.040822	0.000012
褋褍锌褘	0.002574	0.040822	0.000105
褋褍褎谢械	0.000858	0.040822	0.000035
褋褍褏邪褉懈	0.000858	0.040822	0.000035
褋褍褕懈	0.000572	0.040822	0.000023
褋褔邪褋褌褜褟	0.000286	2.407946	0.000689
褋褔懈褌邪薪薪褘械	0.000286	1.966113	0.000562
褋褘褉	0.006291	0.040822	0.000257
褋褘褉邪	0.001430	0.116534	0.000167
褋褘褉邪屑懈	0.000286	0.127833	0.000037
褋褘褉薪懈泻	0.000286	0.040822	0.000012
褋褘褉薪懈泻懈	0.000572	0.116534	0.000067
褋褘褉薪褘械	0.001144	0.040822	0.000047
褋褘褉芯屑	0.000858	0.713350	0.000612
褋褘褌薪芯	0.000286	1.771957	0.000507
褋褘褌薪芯械	0.000286	2.207275	0.000631
褋褘褌薪褘泄	0.001430	0.105361	0.000151
褋褘褔褍卸薪褘屑懈	0.000286	0.127833	0.000037
褋褝薪写胁懈褔	0.001144	3.218876	0.003682
褋褝薪写胁懈褔懈	0.000858	0.127833	0.000110
褋褞褉锌褉懈蟹	0.000286	0.116534	0.000033
褋褞褉锌褉懈蟹芯屑	0.000286	4.605170	0.001317
褌邪写卸懈泻褋泻邪褟	0.000286	0.116534	0.000033
褌邪泄褋泻邪褟	0.000286	0.116534	0.000033
褌邪泻懈屑	0.000286	1.021651	0.000292
褌邪褉械谢泻邪屑懈	0.000286	4.605170	0.001317
褌邪褉褌	0.000286	0.116534	0.000033
褌邪褉褌邪谢械褌泻懈	0.000572	0.040822	0.000023
褌邪褌邪褉褋泻邪褟	0.000286	0.116534	0.000033
褌邪褌褍褕邪	0.000286	4.605170	0.001317
褌胁械褉写褘泄	0.004003	0.562119	0.002250
褌胁芯懈	0.000572	0.116534	0.000067
褌胁芯褉懈	0.000286	0.116534	0.000033
褌胁芯褉芯谐	0.001144	0.040822	0.000047
褌胁芯褉芯谐芯屑	0.000286	0.105361	0.000030
褌胁芯褉芯卸薪芯械	0.000286	0.116534	0.000033
褌胁芯褉芯卸薪褘械	0.000572	0.116534	0.000067
褌胁芯褉芯卸薪褘泄	0.000286	0.116534	0.000033
褌械谢械胁懈蟹懈芯薪薪芯泄	0.000286	4.605170	0.001317
褌械谢械谐褉邪屑	0.000286	0.040822	0.000012
褌械谢褟褌懈薪邪	0.000286	3.912023	0.001119
褌械谢褟褌懈薪褘	0.001144	0.116534	0.000133
褌械屑	0.000286	0.967584	0.000277
褌械锌谢芯屑	0.000286	0.116534	0.000033
褌械褉褉懈薪	0.000286	0.040822	0.000012
褌械褋褌	0.001430	0.127833	0.000183
褌械褋褌邪	0.001430	0.105361	0.000151
褌械褋褌芯	0.002574	0.040822	0.000105
褌械褏	0.000286	0.634878	0.000182
褌械褏薪懈泻邪	0.001430	0.105361	0.000151
褌械褖懈薪	0.000286	0.040822	0.000012
褌屑	0.001144	0.127833	0.000146
褌屑懈薪	0.000572	2.407946	0.001377
褌芯谐邪	0.000286	4.605170	0.001317
褌芯谐芯	0.000572	1.427116	0.000816
褌芯屑	0.000286	1.171183	0.000335
褌芯屑邪褌薪邪褟	0.000572	1.560648	0.000893
褌芯锌谢械薪芯械	0.000286	0.116534	0.000033
褌芯褉褌	0.003146	0.040822	0.000128
褌芯褉褌褘	0.002574	0.116534	0.000300
褌褉邪胁褘	0.000286	0.105361	0.000030
褌褉邪写懈褑懈懈	0.000286	0.116534	0.000033
褌褉邪写懈褑懈泄	0.001144	0.116534	0.000133
褌褉邪写懈褑懈褟褏	0.000286	0.116534	0.000033
褌褉械斜褍械褌	0.000286	2.995732	0.000857
褌褉械褏谢械褌懈械屑	0.000286	0.116534	0.000033
褌褉褍斜芯褔泻懈	0.000286	0.040822	0.000012
褌褍薪懈褋褋泻邪褟	0.000286	0.116534	0.000033
褌褍薪懈褋褋泻懈泄	0.000286	4.605170	0.001317
褌褍薪褑芯屑	0.000286	0.116534	0.000033
褌褍褉械褑泻邪褟	0.000286	0.116534	0.000033
褌褘泻胁邪	0.000286	0.040822	0.000012
褌褢锌谢褘泄	0.000286	3.912023	0.001119
褌褢锌谢褘屑	0.000286	4.605170	0.001317
褍胁械写芯屑谢械薪懈褟	0.000286	0.040822	0.000012
褍胁械褉褟褞	0.000286	2.813411	0.000805
褍胁懈写械谢邪	0.000286	1.427116	0.000408
褍谐芯褋褌懈褌褜	0.000286	2.407946	0.000689
褍谐芯褖邪褌褜	0.000286	3.506558	0.001003
褍写邪褔懈	0.000286	3.218876	0.000920
褍写邪褔薪邪褟	0.000286	0.116534	0.000033
褍写懈胁懈	0.000286	0.116534	0.000033
褍写懈胁谢褟泄褌械	0.001144	0.116534	0.000133
褍写芯斜薪芯	0.000572	2.659260	0.001521
褍写芯斜薪芯泄	0.000286	4.605170	0.001317
褍写芯胁芯谢褜褋褌胁懈械屑	0.000286	0.116534	0.000033
褍卸懈薪	0.002002	0.094311	0.000189
褍蟹斜械泻褋泻邪褟	0.000286	0.116534	0.000033
褍泻褉邪写泻芯泄	0.000286	4.605170	0.001317
褍泻褉邪懈薪褋泻邪褟	0.000286	0.116534	0.000033
褍泻褉邪褕械薪懈褟	0.002288	0.116534	0.000267
褍泻褉芯锌	0.000572	0.562119	0.000321
褍锌芯褌褉械斜谢械薪懈械屑	0.000286	0.116534	0.000033
褍锌芯褌褉械斜谢褟褞褌褋褟	0.000286	3.912023	0.001119
褍褉邪谢褜褋泻邪褟	0.000286	0.116534	0.000033
褍褉芯卸邪泄	0.000286	0.105361	0.000030
褍褋谢芯胁懈褟褏	0.000286	1.771957	0.000507
褍褋锌械褏芯胁	0.000286	4.605170	0.001317
褍褌泻懈	0.000858	0.116534	0.000100
褍褌褉芯	0.000286	3.506558	0.001003
褍褏邪	0.000286	0.040822	0.000012
褍褔邪褋褌胁芯胁邪褌褜	0.000286	0.040822	0.000012
褎邪蟹械薪写褘	0.000286	0.127833	0.000037
褎邪薪褌邪蟹懈懈	0.001716	0.116534	0.000200
褎邪薪褌邪蟹懈泄	0.000286	0.116534	0.000033
褎邪薪褌邪蟹懈褟	0.000286	0.116534	0.000033
褎邪褉褕	0.000572	1.021651	0.000584
褎邪褉褕邪	0.003717	0.040822	0.000152
褎邪褉褕懈褉芯胁邪薪薪邪褟	0.000572	0.116534	0.000067
褎邪褉褕懈褉芯胁邪薪薪芯械	0.000286	0.116534	0.000033
褎邪褉褕懈褉芯胁邪薪薪褘械	0.000858	0.040822	0.000035
褎邪褉褕懈褉芯胁邪薪薪褘泄	0.000286	0.040822	0.000012
褎邪褋芯谢褜	0.000286	0.040822	0.000012
褎械胁褉邪谢褟	0.000572	0.105361	0.000060
褎械泄械褉胁械褉泻	0.000572	0.116534	0.000067
褎懈谐褍褉械	0.000286	0.116534	0.000033
褎懈谢械	0.000572	0.916291	0.000524
褎懈薪褋泻邪褟	0.000286	0.116534	0.000033
褎懈褉屑械薪薪芯械	0.000286	0.116534	0.000033
褎芯薪写褞	0.000286	0.040822	0.000012
褎芯褉屑褘	0.000286	0.116534	0.000033
褎芯褉褍屑械	0.000858	0.040822	0.000035
褎芯褉褕屑邪泻	0.000286	0.040822	0.000012
褎芯褌芯谐褉邪褎懈褉芯胁邪谢邪	0.000286	3.506558	0.001003
褎褉邪薪褑懈懈	0.000286	0.116534	0.000033
褎褉邪薪褑褍蟹褋泻邪褟	0.000286	0.116534	0.000033
褎褉邪褍	0.001144	0.116534	0.000133
褎褉褍泻褌芯胁	0.001144	0.116534	0.000133
褎褉褍泻褌芯胁芯	0.000286	0.116534	0.000033
褎褉褍泻褌芯胁褘械	0.002002	0.040822	0.000082
褎褍写	0.000286	0.116534	0.000033
褎褍褉褕械褌	0.000286	0.116534	0.000033
褏邪谢胁邪	0.000286	0.040822	0.000012
褏邪褉胁械褋褌褎械褋褌	0.000572	0.116534	0.000067
褏邪褉褔芯	0.000572	0.040822	0.000023
褏邪褕	0.000286	0.040822	0.000012
褏胁芯褉芯褋褌	0.000286	0.040822	0.000012
褏懈薪泻邪谢懈	0.000286	0.116534	0.000033
褏懈褌	0.002002	0.116534	0.000233
褏谢械斜	0.003432	0.040822	0.000140
褏谢械斜械	0.000286	4.605170	0.001317
褏谢械斜芯屑	0.000286	2.525729	0.000722
褏谢械斜芯锌械褔泻懈	0.000286	0.116534	0.000033
褏谢芯锌褜褟	0.000572	0.105361	0.000060
褏芯蟹褟泄泻懈	0.000286	0.127833	0.000037
褏芯谢芯写械褑	0.000286	0.040822	0.000012
褏芯谢芯写懈谢褜薪懈泻械	0.000286	1.609438	0.000460
褏芯谢芯写薪褘械	0.000572	0.116534	0.000067
褏芯谢芯写薪褘泄	0.000572	0.116534	0.000067
褏芯褉胁邪褌褋泻邪褟	0.000286	0.116534	0.000033
褏芯褉芯褕械械	0.000286	2.525729	0.000722
褏芯褉芯褕芯	0.001716	0.105361	0.000181
褏芯褉褋	0.000286	0.116534	0.000033
褏芯褌懈褌械	0.000572	0.040822	0.000023
褏褉邪薪褞	0.000286	3.912023	0.001119
褏褉褍褋褌褟褖懈械	0.000286	2.407946	0.000689
褏褍屑褍褋	0.000286	0.040822	0.000012
褑邪褉褋褌胁芯	0.000286	0.127833	0.000037
褑邪褉褜	0.000286	0.116534	0.000033
褑胁械褌	0.000286	2.302585	0.000658
褑胁械褌薪邪褟	0.000286	0.040822	0.000012
褑械薪薪褘褏	0.000286	0.040822	0.000012
褑械薪褌褉	0.000286	0.116534	0.000033
褔邪械屑	0.000286	0.116534	0.000033
褔邪泄	0.000858	0.040822	0.000035
褔邪褋褌芯	0.000286	0.994252	0.000284
褔邪褞	0.000286	2.659260	0.000760
褔械斜褍褉械泻懈	0.000572	0.040822	0.000023
褔械谐芯	0.000286	1.203973	0.000344
褔械泻邪谢芯胁芯泄	0.000286	4.605170	0.001317
褔械屑	0.000286	0.994252	0.000284
褔械褉泻懈蟹芯胁芯	0.000572	0.116534	0.000067
褔械褉薪褘泄	0.000572	0.371064	0.000212
褔械褋薪芯泻	0.001144	0.314711	0.000360
褔械褋薪芯褔薪褘泄	0.000286	1.660731	0.000475
褔械褋褌薪褘屑懈	0.000286	0.040822	0.000012
褔械褔械胁懈褑邪	0.000286	0.040822	0.000012
褔械褕褋泻邪褟	0.000286	0.116534	0.000033
褔懈蟹泻械泄泻	0.001144	0.040822	0.000047
褔懈谢懈泄褋泻邪褟	0.000286	0.116534	0.000033
褔懈锌褋褘	0.000286	0.040822	0.000012
褔懈褋谢械	0.000286	2.207275	0.000631
褔懈褋谢褍	0.000286	0.261365	0.000075
褔懈褋褌褘屑懈	0.000286	3.912023	0.001119
褔褍写械褋	0.000286	0.116534	0.000033
褕邪屑锌懈薪褜芯薪褘	0.000572	1.309333	0.000749
褕邪褉懈泻懈	0.000286	0.040822	0.000012
褕邪褉谢芯褌泻邪	0.000286	0.040822	0.000012
褕邪褉谢芯褌泻懈	0.000286	0.127833	0.000037
褕邪褉屑	0.000286	0.116534	0.000033
褕邪褍褉屑邪	0.000286	3.218876	0.000920
褕邪褕谢褘泻	0.003432	0.040822	0.000140
褕邪褕谢褘泻懈	0.000286	0.040822	0.000012
褕胁械写褋泻邪褟	0.000286	0.116534	0.000033
褕胁械泄褑邪褉褋泻邪褟	0.000286	0.116534	0.000033
褕械写械胁褉褘	0.000286	0.116534	0.000033
褕械褎	0.000286	0.127833	0.000037
褕懈锌褍褔泻邪	0.000286	0.040822	0.000012
褕懈褉芯泻邪褟	0.000286	0.127833	0.000037
褕泻芯谢褍	0.000286	0.116534	0.000033
褕薪懈褑械谢褜	0.000286	3.912023	0.001119
褕芯泻芯谢邪写	0.000286	0.040822	0.000012
褕芯褌谢邪薪写褋泻邪褟	0.000286	0.116534	0.000033
褕褌褉褍写械谢褜	0.000286	0.040822	0.000012
褕褍褉锌邪	0.000286	0.040822	0.000012
褖邪褋	0.000286	0.116534	0.000033
褖械写褉邪褟	0.000286	0.116534	0.000033
褖懈	0.000572	0.040822	0.000023
褝泻谢械褉	0.000286	3.912023	0.001119
褝泻谢械褉褘	0.000858	4.605170	0.003951
褝泻芯屑懈谢泻	0.000286	0.127833	0.000037
褝褋褌芯薪褋泻邪褟	0.000286	0.116534	0.000033
褝褌芯谐芯	0.000286	0.415515	0.000119
褝褌芯泄	0.000286	1.427116	0.000408
褝褎褎械泻褌薪褘械	0.000286	4.605170	0.001317
褞谐芯褋谢邪胁褋泻邪褟	0.000286	0.116534	0.000033
褟谐芯写邪	0.000286	3.218876	0.000920
褟谐芯写薪褘械	0.000572	0.116534	0.000067
褟谐芯写薪褘泄	0.000572	0.116534	0.000067
褟蟹褘泻	0.000286	0.040822	0.000012
褟懈褑	0.001144	0.116534	0.000133
褟懈褔薪邪褟	0.000286	4.605170	0.001317
褟懈褔薪懈褑邪	0.000572	2.995732	0.001713
褟懈褔薪褘泄	0.000858	1.049822	0.000901
褟懈褔薪褘屑	0.000858	3.912023	0.003356
褟泄褑邪	0.000572	0.040822	0.000023
褟泄褑芯	0.005719	0.261365	0.001495
褟泄褑芯屑	0.000286	2.302585	0.000658
褟薪胁邪褉褟	0.000286	0.733969	0.000210
褟薪写械泻褋	0.000286	0.072571	0.000021
褟锌芯薪褋泻邪褟	0.000286	0.116534	0.000033
褟锌芯薪褋泻芯泄	0.000286	0.061875	0.000018
褟褉泻懈械	0.000286	0.116534	0.000033
褟褉泻芯	0.000572	0.105361	0.000060
