褌芯泻械薪	TF	IDF	TF-IDF
邪斜褏邪蟹褋泻邪褟	0.000260	0.116534	0.000030
邪胁褋褌褉邪谢懈泄褋泻邪褟	0.000260	0.116534	0.000030
邪胁褋褌褉懈泄褋泻邪褟	0.000260	0.116534	0.000030
邪胁褌芯泻谢邪胁邪	0.000260	0.116534	0.000030
邪胁褌芯褉	0.000260	1.427116	0.000371
邪胁褌芯褉邪屑	0.000260	0.040822	0.000011
邪谐褉芯	0.000260	0.116534	0.000030
邪写邪锌褌懈褉芯胁邪谢邪	0.000260	3.506558	0.000911
邪写卸懈泻邪	0.000260	0.040822	0.000011
邪蟹械褉斜邪泄写卸邪薪褋泻邪褟	0.000260	0.116534	0.000030
邪蟹懈邪褌褋泻邪褟	0.000260	0.127833	0.000033
邪蟹褘	0.000260	0.127833	0.000033
邪泄褉邪薪	0.000260	0.040822	0.000011
邪泻胁邪褌懈泻邪	0.000779	0.127833	0.000100
邪谢械泻褋械褟	0.000260	0.127833	0.000033
邪谢泻芯谐芯谢褜	0.000519	0.116534	0.000061
邪谢泻芯谐芯谢褜薪褘械	0.000260	0.116534	0.000030
邪谢泻芯谐芯谢褟	0.000260	0.116534	0.000030
邪谢褜锌	0.000519	4.605170	0.002392
邪谢褜褟薪褋	0.000260	0.116534	0.000030
邪屑械褉懈泻邪薪褋泻邪褟	0.000260	0.116534	0.000030
邪薪谐谢懈泄褋泻邪褟	0.000260	0.116534	0.000030
邪薪谐谢懈泄褋泻懈泄	0.000779	3.218876	0.002508
邪薪写褉械褟	0.000260	0.127833	0.000033
邪锌锌械褌懈褌邪	0.000260	2.659260	0.000691
邪锌褉械谢褟	0.000260	0.579818	0.000151
邪褉邪斜褋泻邪褟	0.000260	0.116534	0.000030
邪褉谐械薪褌懈薪褋泻邪褟	0.000260	0.116534	0.000030
邪褉屑褟薪褋泻邪褟	0.000260	0.116534	0.000030
邪褉芯屑邪褌	0.000260	1.660731	0.000431
邪褉芯屑邪褌邪	0.000260	3.218876	0.000836
邪褉芯屑邪褌薪褘械	0.000260	2.207275	0.000573
邪褋褋芯褉褌懈	0.000519	0.116534	0.000061
邪褋褟	0.000260	3.218876	0.000836
邪褌谢邪薪褌	0.000260	0.127833	0.000033
邪褎谐邪薪褋泻邪褟	0.000260	0.116534	0.000030
邪褎褉懈泻邪薪褋泻邪褟	0.000260	0.116534	0.000030
邪褝褉芯谐褉懈谢械	0.002597	0.116534	0.000303
斜邪胁邪褉褋泻懈褏	0.000519	4.605170	0.002392
斜邪胁邪褉褋泻芯屑	0.000260	4.605170	0.001196
斜邪写	0.000260	4.605170	0.001196
斜邪泻谢邪卸邪薪褘	0.000260	0.040822	0.000011
斜邪谢褌泻芯屑	0.000260	0.127833	0.000033
斜邪褉邪薪懈薪褘	0.001039	0.116534	0.000121
斜邪褋屑邪褌懈	0.000519	0.127833	0.000066
斜邪褋褌褍褉屑邪	0.000260	0.040822	0.000011
斜邪褌芯薪褔懈泻懈	0.000260	0.127833	0.000033
斜邪褕泻懈褉褋泻邪褟	0.000260	0.116534	0.000030
斜械蟹邪谢泻芯谐芯谢褜薪褘械	0.000260	0.116534	0.000030
斜械蟹谐谢褞褌械薪芯胁褘械	0.000260	0.116534	0.000030
斜械蟹写褉芯卸卸械胁芯械	0.000519	2.659260	0.001381
斜械蟹械	0.001039	0.040822	0.000042
斜械蟹褉邪蟹屑械褉薪邪褟	0.000260	4.605170	0.001196
斜械泻芯薪	0.000519	1.966113	0.001021
斜械谢械斜械械胁褋泻懈泄	0.000519	0.116534	0.000061
斜械谢芯泻芯褔邪薪薪邪褟	0.001039	0.994252	0.001033
斜械谢芯褉褍褋褋泻邪褟	0.000260	0.116534	0.000030
斜械谢褜谐懈泄褋泻邪褟	0.000260	0.116534	0.000030
斜械褉械屑械薪薪褘褏	0.000260	0.116534	0.000030
斜械褉懈谢	0.000260	4.605170	0.001196
斜械褋械写懈薪邪	0.000260	0.127833	0.000033
斜械褋锌芯写芯斜薪褘械	0.000260	4.605170	0.001196
斜械褕邪屑械谢褜	0.000260	2.813411	0.000731
斜懈褋泻胁懈褌	0.000260	0.040822	0.000011
斜懈褋泻胁懈褌薪芯械	0.000519	0.116534	0.000061
斜懈褋泻胁懈褌薪褘泄	0.000260	0.105361	0.000027
斜懈褋泻胁懈褌褘	0.000260	0.127833	0.000033
斜懈褋屑邪褉泻邪	0.000260	4.605170	0.001196
斜懈褋屑邪褉泻褍	0.000260	4.605170	0.001196
斜谢懈卸械	0.000260	0.116534	0.000030
斜谢懈蟹泻懈褏	0.000260	0.116534	0.000030
斜谢懈薪邪屑懈	0.000260	3.218876	0.000836
斜谢懈薪芯胁	0.000519	0.116534	0.000061
斜谢懈薪褘	0.001558	0.040822	0.000064
斜谢褞写	0.000779	0.094311	0.000073
斜谢褞写邪	0.025714	0.040822	0.001050
斜谢褞写芯	0.002078	0.040822	0.000085
斜谢褞写褍	0.000260	0.116534	0.000030
斜芯斜芯胁褘械	0.000519	0.127833	0.000066
斜芯斜芯胁褘褏	0.001558	0.116534	0.000182
斜芯谢谐邪褉褋泻邪褟	0.000260	0.116534	0.000030
斜芯谢褜褕械	0.000519	0.105361	0.000055
斜芯谢褜褕懈薪褋褌胁芯	0.000260	2.407946	0.000625
斜芯褉褖	0.000519	0.040822	0.000021
斜芯褌胁懈薪褜褟	0.000260	0.040822	0.000011
斜褉邪蟹懈谢褜褋泻邪褟	0.000260	0.116534	0.000030
斜褉邪褌褜	0.000260	2.659260	0.000691
斜褉邪褍蟹械褉械	0.000260	0.040822	0.000011
斜褉邪褍薪懈	0.000260	0.040822	0.000011
斜褉械褋褌	0.000260	0.127833	0.000033
斜褉芯泻泻芯谢懈	0.000260	0.040822	0.000011
斜褍写褍	0.000519	1.427116	0.000741
斜褍卸械薪懈薪邪	0.000260	0.040822	0.000011
斜褍谢芯褔泻邪屑懈	0.000260	0.116534	0.000030
斜褍谢芯褔泻懈	0.000519	0.040822	0.000021
斜褍谢褜芯薪	0.004156	0.040822	0.000170
斜褍谢褜芯薪薪褘械	0.000260	4.605170	0.001196
斜褍谢褜芯薪褘	0.002078	0.116534	0.000242
斜褍褉谐械褉	0.000260	0.040822	0.000011
斜褍褉谐械褉褘	0.000260	0.127833	0.000033
斜褍褉褟褌褋泻邪褟	0.000260	0.116534	0.000030
斜褍褌械褉斜褉芯写	0.000519	0.116534	0.000061
斜褍褌械褉斜褉芯写褘	0.000519	0.040822	0.000021
斜褘胁邪褞褌	0.000260	2.995732	0.000778
斜褘褋褌褉芯	0.000779	0.094311	0.000073
斜褘褋褌褉芯泄	0.000260	0.116534	0.000030
斜褘褋褌褉褘泄	0.000519	0.105361	0.000055
胁邪卸薪褘械	0.000260	0.116534	0.000030
胁邪谢谢懈泄褋泻邪褟	0.000260	0.116534	0.000030
胁邪屑懈	0.000260	0.843970	0.000219
胁邪褉械薪懈泻懈	0.000260	0.116534	0.000030
胁邪褉械薪褜械	0.000519	0.040822	0.000021
胁邪褉懈邪薪褌	0.001039	0.562119	0.000584
胁邪褉懈邪薪褌芯屑	0.000260	3.912023	0.001016
胁邪褉懈邪薪褌褘	0.000260	1.609438	0.000418
胁邪褌褉褍褕泻懈	0.000260	0.040822	0.000011
胁邪褎谢懈	0.000519	0.040822	0.000021
胁邪褕械	0.000260	1.897120	0.000493
胁邪褕械泄	0.000779	0.040822	0.000032
胁胁芯写褟	0.000260	0.040822	0.000011
胁写芯褏薪芯胁械薪懈械	0.001039	0.116534	0.000121
胁写芯褏薪芯胁械薪懈械屑	0.000519	0.116534	0.000061
胁写芯褏薪芯胁谢褟泄褋褟	0.000260	0.116534	0.000030
胁械谐械褌邪褉懈邪薪褋泻懈械	0.000260	0.127833	0.000033
胁械谐械褌邪褉懈邪薪褋泻芯械	0.000260	0.116534	0.000030
胁械谢懈泻懈泄	0.000260	0.116534	0.000030
胁械薪谐械褉褋泻邪褟	0.000260	0.116534	0.000030
胁械薪械褉懈泻	0.000260	2.120264	0.000551
胁械褉懈褌械	0.000260	2.995732	0.000778
胁械褋械薪薪懈械	0.000260	0.051293	0.000013
胁械褋薪邪	0.001299	0.116534	0.000151
胁械褋薪褘	0.000260	0.116534	0.000030
胁械褌褔懈薪邪	0.000519	1.469676	0.000763
胁械褌褔懈薪芯泄	0.000260	2.813411	0.000731
胁械褌褔懈薪褘	0.000260	0.105361	0.000027
胁械褔械褉	0.000260	2.407946	0.000625
胁械褖械泄	0.000260	3.912023	0.001016
胁蟹褉褘胁	0.000260	2.995732	0.000778
胁蟹褟褌邪	0.000260	3.912023	0.001016
胁蟹褟褌褜	0.000260	2.207275	0.000573
胁懈写	0.000260	2.207275	0.000573
胁懈写械	0.000519	1.171183	0.000608
胁懈写械芯	0.000519	0.116534	0.000061
胁懈写械芯褉械褑械锌褌褘	0.000260	0.301105	0.000078
胁懈薪芯	0.000519	0.040822	0.000021
胁泻谢褞褔邪褞褖懈褏	0.000260	0.634878	0.000165
胁泻褍褋	0.000779	0.105361	0.000082
胁泻褍褋邪	0.002597	0.116534	0.000303
胁泻褍褋薪邪褟	0.001558	0.061875	0.000096
胁泻褍褋薪械械	0.000779	0.116534	0.000091
胁泻褍褋薪械泄	0.000260	0.116534	0.000030
胁泻褍褋薪芯	0.001558	0.094311	0.000147
胁泻褍褋薪芯械	0.000519	0.994252	0.000516
胁泻褍褋薪芯泄	0.000260	1.609438	0.000418
胁泻褍褋薪褘械	0.000779	0.105361	0.000082
胁泻褍褋薪褘泄	0.000519	0.385662	0.000200
胁泻褍褋薪褘屑	0.000260	1.049822	0.000273
胁泻褍褋芯屑	0.000260	0.105361	0.000027
胁谢褞斜懈谢邪褋褜	0.000260	1.832581	0.000476
胁谢褞斜懈谢懈褋褜	0.000260	2.120264	0.000551
胁谢褞斜谢械薪薪褘褏	0.000260	0.116534	0.000030
胁屑械褋褌械	0.000519	0.916291	0.000476
胁薪邪褔邪谢械	0.001039	0.248461	0.000258
胁薪懈屑邪薪懈褟	0.000519	2.995732	0.001556
胁薪褍褌褉懈	0.000260	1.469676	0.000382
胁薪褍褔泻械	0.000260	4.605170	0.001196
胁芯	0.000779	0.061875	0.000048
胁芯写邪	0.001558	0.287682	0.000448
胁芯写械	0.000260	0.105361	0.000027
胁芯蟹屑芯卸薪芯褋褌懈	0.000260	2.813411	0.000731
胁芯泄褌懈	0.000260	0.000000	0.000000
胁芯谢芯胁邪薪褘	0.000260	0.116534	0.000030
胁芯谢褕械斜薪褍褞	0.000260	3.218876	0.000836
胁芯谢褕械斜薪褘械	0.000260	0.116534	0.000030
胁芯谢褕械斜褋褌胁芯	0.000260	0.116534	0.000030
胁芯锌褉芯褋褘	0.000260	0.000000	0.000000
胁芯褋褌芯褉谐械	0.000779	1.469676	0.001145
胁芯褋褌芯褔薪邪褟	0.000260	0.127833	0.000033
胁芯褋褏懈褌懈褌械谢褜薪褘	0.000260	3.218876	0.000836
胁锌械褔邪褌谢械薪懈械	0.000260	2.813411	0.000731
胁锌械褔邪褌谢懈谢邪	0.000260	3.506558	0.000911
胁锌褉芯泻	0.000260	2.813411	0.000731
胁褉械屑械薪邪	0.000260	0.116534	0.000030
胁褉械屑械薪械屑	0.001558	0.116534	0.000182
胁褉械屑械薪懈	0.000260	0.967584	0.000251
胁褉械屑褟	0.000519	0.400478	0.000208
胁褋械谐写邪	0.000519	0.653926	0.000340
胁褋械谐芯	0.000260	0.186330	0.000048
胁褋械泄	0.001039	0.105361	0.000109
胁褋械屑懈	0.000260	2.525729	0.000656
胁褋械屑褍	0.000260	0.061875	0.000016
胁褋锌芯屑懈薪邪褌褜	0.000260	3.506558	0.000911
胁褋锌芯屑薪懈褌褜	0.000260	0.040822	0.000011
胁褋褌褉械褌懈褌褜	0.000260	3.912023	0.001016
胁褋褌褉械褔邪谢懈	0.000260	2.995732	0.000778
胁褋褌褉械褔邪褌褜	0.000260	3.506558	0.000911
胁褋褟褔械褋泻懈褏	0.000260	4.605170	0.001196
胁褌芯褉芯械	0.000260	0.116534	0.000030
胁褌芯褉褘械	0.000260	0.127833	0.000033
胁褏芯写	0.000779	0.030459	0.000024
胁褏芯写懈褌	0.000260	3.506558	0.000911
胁褘胁械写邪褌褜	0.000260	3.506558	0.000911
胁褘泄褌懈	0.000260	0.040822	0.000011
胁褘锌械褔泻邪	0.003896	0.040822	0.000159
胁褘锌械褔泻懈	0.000519	0.072571	0.000038
胁褘锌械褔泻芯泄	0.000260	0.116534	0.000030
胁褘褏芯写懈褌	0.000260	3.218876	0.000836
胁褜械褌薪邪屑褋泻邪褟	0.000260	0.116534	0.000030
谐邪胁邪泄褋泻邪褟	0.000260	0.116534	0.000030
谐邪褉邪卸芯屑	0.000519	1.078810	0.000560
谐邪褉薪懈褉	0.001299	0.040822	0.000053
谐邪褋锌邪褔芯	0.000260	0.040822	0.000011
谐械芯谐褉邪褎懈褟	0.000260	0.116534	0.000030
谐谢邪胁薪褘泄	0.000260	0.040822	0.000011
谐谢邪蟹褍褉褜	0.000779	0.040822	0.000032
谐谢懈薪褌胁械泄薪	0.000260	0.040822	0.000011
谐芯胁褟写懈薪邪	0.000519	2.302585	0.001196
谐芯胁褟写懈薪褘	0.001039	0.116534	0.000121
谐芯写	0.002857	0.105361	0.000301
谐芯写邪	0.003896	0.248461	0.000968
谐芯写芯胁芯泄	0.000260	4.605170	0.001196
谐芯写褍	0.000260	1.171183	0.000304
谐芯谢谢邪薪写褋泻邪褟	0.000260	0.116534	0.000030
谐芯褉芯写邪	0.000260	0.116534	0.000030
谐芯褉芯写械	0.000260	3.506558	0.000911
谐芯褉芯写芯泻	0.000260	4.605170	0.001196
谐芯褉芯褏	0.000260	0.116534	0.000030
谐芯褉芯褕械泻	0.000519	2.407946	0.001251
谐芯褉褔懈褑邪	0.000519	0.040822	0.000021
谐芯褉褔懈褑邪屑懈	0.000260	0.127833	0.000033
谐芯褉褕芯褔泻邪褏	0.000260	0.105361	0.000027
谐芯褉褕芯褔泻械	0.000260	0.040822	0.000011
谐芯褉褟褔械械	0.000519	0.116534	0.000061
谐芯褉褟褔懈械	0.011688	0.105361	0.001231
谐芯褉褟褔懈泄	0.000779	0.116534	0.000091
谐芯褋褌械泄	0.000260	1.272966	0.000331
谐芯褋褌懈	0.000779	0.116534	0.000091
谐芯褋褌褜	0.000260	3.506558	0.000911
谐芯褌芯胁懈谢	0.000260	2.659260	0.000691
谐芯褌芯胁懈屑	0.001558	0.094311	0.000147
谐芯褌芯胁懈褌褜	0.002597	0.105361	0.000274
谐芯褌芯胁谢褞	0.000260	1.049822	0.000273
谐芯褌芯胁褜	0.000519	0.116534	0.000061
谐芯褌芯胁褟褌	0.000779	0.116534	0.000091
谐芯褌芯胁褟褌褋褟	0.000260	1.660731	0.000431
谐褉械薪泻邪屑懈	0.000260	3.912023	0.001016
谐褉械薪泻懈	0.000519	0.040822	0.000021
谐褉械褔械褋泻邪褟	0.000260	0.116534	0.000030
谐褉械褔泻邪	0.000260	0.040822	0.000011
谐褉懈斜邪屑懈	0.002078	0.105361	0.000219
谐褉懈斜薪芯泄	0.000519	2.120264	0.001101
谐褉懈斜薪褘械	0.000519	0.040822	0.000021
谐褉懈斜芯胁	0.000779	0.116534	0.000091
谐褉懈斜褘	0.002597	0.040822	0.000106
谐褉懈谢械	0.001299	0.116534	0.000151
谐褉懈谢褜	0.000260	0.116534	0.000030
谐褉懈谢褜屑邪薪懈褟	0.000260	0.116534	0.000030
谐褉懈谢褟	0.001039	0.116534	0.000121
谐褉芯谐	0.000260	0.040822	0.000011
谐褉褍写泻邪	0.001039	1.108663	0.001152
谐褉褍蟹懈薪褋泻邪褟	0.000260	0.116534	0.000030
谐褉褍锌锌褘	0.000260	0.061875	0.000016
谐褍褉屑邪薪懈褟	0.001558	0.116534	0.000182
谐褍褉屑械	0.000260	0.127833	0.000033
谐褍褋褌芯泄	0.000779	2.407946	0.001876
谐褍褋褟	0.000519	0.105361	0.000055
谐褍褖械	0.000260	3.912023	0.001016
写邪胁邪泄褌械	0.000260	3.218876	0.000836
写邪胁薪芯褋褌懈	0.000260	4.605170	0.001196
写邪械褌	0.000260	0.040822	0.000011
写邪薪薪褘械	0.000260	0.040822	0.000011
写邪褉褘	0.000260	0.116534	0.000030
写邪褌械	0.000519	0.248461	0.000129
写邪褌褋泻邪褟	0.000260	0.116534	0.000030
写邪褔薪芯械	0.000779	0.116534	0.000091
写胁褍褏	0.000260	2.813411	0.000731
写械胁褍褕泻邪	0.000260	3.912023	0.001016
写械泻邪斜褉褟	0.001039	0.597837	0.000621
写械泻芯褉	0.000260	0.127833	0.000033
写械谢邪械屑	0.000260	2.659260	0.000691
写械谢邪械褌	0.000519	0.116534	0.000061
写械谢邪褞	0.000260	1.386294	0.000360
写械谢懈屑褋褟	0.000260	0.040822	0.000011
写械谢芯屑	0.000260	0.116534	0.000030
写械薪褜	0.001299	0.083382	0.000108
写械褉械胁械薪褋泻懈泄	0.000260	2.813411	0.000731
写械褋械褉褌	0.000779	0.116534	0.000091
写械褋械褉褌邪褑懈褟	0.000260	0.116534	0.000030
写械褋械褉褌薪褘械	0.000260	0.116534	0.000030
写械褋械褉褌褘	0.003636	0.040822	0.000148
写械褌械泄	0.000260	0.116534	0.000030
写械褌泻懈	0.000260	3.912023	0.001016
写械褌芯泻	0.000260	3.506558	0.000911
写械褌褋泻芯屑	0.000260	3.912023	0.001016
写械褌褋褌胁邪	0.000260	2.207275	0.000573
写卸械屑	0.000260	0.040822	0.000011
写蟹械薪	0.000260	0.116534	0.000030
写懈械褌邪	0.000260	0.116534	0.000030
写懈械褌褘	0.000260	0.116534	0.000030
写懈泻懈泄	0.000519	0.116534	0.000061
写懈泻芯谐芯	0.000260	0.116534	0.000030
写懈锌	0.000260	0.116534	0.000030
写懈褔懈	0.000519	0.116534	0.000061
写懈褔褜	0.000260	0.116534	0.000030
写薪械胁薪懈泻邪褏	0.000260	0.061875	0.000016
写薪械泄	0.001039	0.116534	0.000121
写薪褟	0.000260	0.040822	0.000011
写芯斜邪胁谢械薪懈褟屑	0.000260	0.274437	0.000071
写芯斜邪胁谢褟褌褜	0.000260	0.040822	0.000011
写芯斜邪胁褜	0.000260	0.116534	0.000030
写芯斜褉芯卸械谢邪褌械谢褜薪褘	0.000260	4.605170	0.001196
写芯斜褉芯褎谢芯褌	0.000260	0.127833	0.000033
写芯胁械褉褟械褕褜	0.000260	0.116534	0.000030
写芯胁芯谢褜薪芯	0.000260	1.609438	0.000418
写芯谢谐芯	0.000260	1.514128	0.000393
写芯屑	0.002338	0.040822	0.000095
写芯屑邪	0.000519	0.994252	0.000516
写芯屑邪褕薪械谐芯	0.000260	2.995732	0.000778
写芯屑邪褕薪械械	0.000779	0.040822	0.000032
写芯屑邪褕薪懈械	0.000779	0.040822	0.000032
写芯屑邪褕薪懈泄	0.001558	0.116534	0.000182
写芯屑邪褕薪褟褟	0.000519	0.105361	0.000055
写芯屑芯胁	0.000260	0.040822	0.000011
写芯褉芯谐褍	0.000260	2.995732	0.000778
写芯褋褌芯泄薪芯	0.000260	2.995732	0.000778
写褉邪泄胁	0.001299	0.127833	0.000166
写褉芯卸卸械胁芯械	0.000260	0.116534	0.000030
写褉褍谐懈屑懈	0.000260	0.040822	0.000011
写褉褍卸懈屑	0.000260	3.912023	0.001016
写褉褍蟹械泄	0.000260	1.514128	0.000393
写褍屑邪械褌械	0.000519	2.813411	0.001462
写褍屑邪谢邪	0.000260	1.272966	0.000331
写褍褏芯胁泻邪	0.001039	0.127833	0.000133
写褍褕懈	0.000779	0.105361	0.000082
写褍褕懈褋褌褘泄	0.000519	1.237874	0.000643
械胁褉械泄褋泻邪褟	0.000260	0.116534	0.000030
械胁褉芯锌褘	0.000260	3.506558	0.000911
械谐懈锌械褌褋泻邪褟	0.000260	0.116534	0.000030
械写懈薪褘泄	0.000260	0.040822	0.000011
械泻芯	0.000260	0.127833	0.000033
卸邪谢泻芯	0.000260	3.912023	0.001016
卸邪谢褜	0.000260	3.218876	0.000836
卸邪褉械薪褘械	0.001039	3.218876	0.003344
卸邪褉懈屑	0.000260	4.605170	0.001196
卸邪褉泻芯械	0.000260	0.040822	0.000011
卸械谢械	0.000779	0.040822	0.000032
卸械薪褋泻邪褟	0.000260	0.127833	0.000033
卸械薪褋泻芯屑	0.000260	0.061875	0.000016
卸械薪褖懈薪褘	0.000519	0.116534	0.000061
卸懈蟹薪懈	0.000260	0.040822	0.000011
卸懈蟹薪褜	0.000260	0.116534	0.000030
卸褍谢褜械薪	0.000260	0.040822	0.000011
卸褍褉薪邪谢邪	0.000260	0.127833	0.000033
卸褞谢褜械薪	0.000260	0.040822	0.000011
蟹邪胁邪褉薪芯械	0.000260	0.116534	0.000030
蟹邪胁邪褉薪芯泄	0.000260	0.116534	0.000030
蟹邪胁械褉褕械薪懈械	0.000260	3.912023	0.001016
蟹邪胁褌褉邪泻	0.001818	0.094311	0.000171
蟹邪胁褌褉邪泻邪	0.000260	2.995732	0.000778
蟹邪胁褌褉邪泻懈	0.000260	0.127833	0.000033
蟹邪胁褌褉邪泻褍	0.000260	3.218876	0.000836
蟹邪谐芯褌芯胁泻懈	0.001299	0.040822	0.000053
蟹邪写邪胁邪褌褜	0.000260	0.040822	0.000011
蟹邪泄屑褍褌	0.000260	4.605170	0.001196
蟹邪泄褑邪	0.000519	0.116534	0.000061
蟹邪泻胁邪褋泻邪	0.000260	0.040822	0.000011
蟹邪泻胁邪褋泻邪屑懈	0.000260	0.116534	0.000030
蟹邪泻胁邪褋芯泻	0.000260	0.127833	0.000033
蟹邪泻褉褘褌褘泄	0.000260	0.116534	0.000030
蟹邪泻褍褋泻懈	0.005714	0.040822	0.000233
蟹邪泻褍褋泻褍	0.000779	0.116534	0.000091
蟹邪泻褍褋芯薪褔懈泻	0.000260	0.116534	0.000030
蟹邪泻褍褋芯褔泻邪	0.000260	0.116534	0.000030
蟹邪泻褍褋芯褔薪褘械	0.002857	0.116534	0.000333
蟹邪谢懈胁薪芯械	0.000519	0.040822	0.000021
蟹邪屑械褌懈谢邪	0.000519	3.912023	0.002032
蟹邪屑芯褉邪卸懈胁邪褞褌	0.000260	4.605170	0.001196
蟹邪屑芯褉芯蟹泻邪	0.000519	0.105361	0.000055
蟹邪薪懈屑邪褞褌	0.000260	4.605170	0.001196
蟹邪锌邪写	0.000260	0.116534	0.000030
蟹邪锌械泻邪薪泻邪	0.001039	0.105361	0.000109
蟹邪锌械泻邪薪泻懈	0.001818	0.040822	0.000074
蟹邪锌械褔械薪薪邪褟	0.000260	2.120264	0.000551
蟹邪锌芯谢薪褟褌褜	0.000260	3.912023	0.001016
蟹邪锌褉邪胁泻邪	0.000519	0.040822	0.000021
蟹邪褉械谐懈褋褌褉懈褉芯胁邪胁褕懈褋褜	0.000260	0.040822	0.000011
蟹邪褉械谐懈褋褌褉懈褉芯胁邪褌褜褋褟	0.000260	0.030459	0.000008
蟹邪褋谢褍卸懈胁邪械褌	0.000260	4.605170	0.001196
蟹邪褋芯谢泻邪	0.000260	0.116534	0.000030
蟹邪褋褌芯谢褜褟	0.000260	2.995732	0.000778
蟹邪褌褉邪褌	0.000260	2.995732	0.000778
蟹胁邪薪褘泄	0.000260	0.127833	0.000033
蟹胁械蟹写邪	0.000260	0.127833	0.000033
蟹胁褢蟹写薪褘械	0.000260	0.116534	0.000030
蟹写芯褉芯胁芯械	0.000260	0.116534	0.000030
蟹写芯褉芯胁褘泄	0.000260	0.116534	0.000030
蟹械谢械薪褘泄	0.000519	1.021651	0.000531
蟹械谢械薪褘屑	0.000260	3.218876	0.000836
蟹械谢械薪褜	0.001818	0.094311	0.000171
蟹械谢械薪褜褞	0.000260	2.525729	0.000656
蟹械谢械薪褞褕泻芯泄	0.000260	4.605170	0.001196
蟹械褎懈褉	0.000260	0.040822	0.000011
蟹懈屑邪	0.000260	2.813411	0.000731
蟹懈屑薪懈械	0.000260	0.051293	0.000013
蟹懈屑薪懈泄	0.000260	3.218876	0.000836
蟹懈屑芯泄	0.000260	2.995732	0.000778
蟹懈屑褍	0.001039	0.040822	0.000042
蟹懈屑褘	0.000260	4.605170	0.001196
蟹薪邪械褌械	0.000260	2.302585	0.000598
蟹薪邪泻芯屑邪	0.000260	4.605170	0.001196
蟹薪邪泻芯屑褜褌械褋褜	0.000260	3.912023	0.001016
蟹薪邪谢懈	0.000260	3.506558	0.000911
蟹薪邪褔邪褌	0.000260	4.605170	0.001196
蟹薪邪褞	0.000519	0.755023	0.000392
蟹芯谢芯褌邪褟	0.000260	0.116534	0.000030
蟹芯谢芯褌褍褞	0.000260	4.605170	0.001196
懈胁邪薪芯胁邪	0.000260	0.127833	0.000033
懈写械邪谢褜薪邪褟	0.000260	0.116534	0.000030
懈写械邪谢褜薪芯谐芯	0.001299	0.116534	0.000151
懈写械邪谢褜薪芯械	0.000260	0.116534	0.000030
懈写械泄泻懈	0.000260	0.116534	0.000030
懈写械褟	0.000260	2.207275	0.000573
懈蟹胁械褋褌薪芯械	0.000260	3.506558	0.000911
懈蟹胁械褋褌薪褘褏	0.000260	3.218876	0.000836
懈蟹写械谢懈褟	0.001558	0.116534	0.000182
懈蟹写械谢懈褟屑懈	0.000779	0.116534	0.000091
懈蟹屑械薪械薪懈褟屑懈	0.000260	3.506558	0.000911
懈蟹褍屑懈褌械谢褜薪褘屑	0.000260	3.912023	0.001016
懈泻褉邪	0.000779	0.040822	0.000032
懈屑械薪械屑	0.000260	0.040822	0.000011
懈薪胁械褉褌芯褉薪芯泄	0.000260	0.127833	0.000033
懈薪谐褉械写懈械薪褌	0.000260	3.912023	0.001016
懈薪谐褉械写懈械薪褌褘	0.007792	0.139262	0.001085
懈薪写械泄泻懈	0.001299	0.094311	0.000122
懈薪写械泄泻芯泄	0.000260	0.116534	0.000030
懈薪写懈泄褋泻邪褟	0.000260	0.116534	0.000030
懈薪写懈谢邪泄褌	0.000779	0.116534	0.000091
懈薪写懈褉械褋薪褘械	0.000260	0.116534	0.000030
懈薪褋褌褉褍泻褑懈褟屑懈	0.000260	0.040822	0.000011
懈薪褌械褉械褋薪褘屑	0.000260	2.995732	0.000778
懈薪褌械褉薪械褌邪	0.000260	1.771957	0.000460
懈薪褌械褉薪械褌械	0.000260	1.309333	0.000340
懈褉邪泻褋泻邪褟	0.000260	0.116534	0.000030
懈褉邪薪褋泻邪褟	0.000260	0.116534	0.000030
懈褉谢邪薪写褋泻邪褟	0.000260	0.116534	0.000030
懈褋泻邪褌褜	0.000260	3.506558	0.000911
懈褋泻褉械薪薪械	0.000260	0.116534	0.000030
懈褋谢邪薪写褋泻邪褟	0.000260	0.116534	0.000030
懈褋锌邪薪褋泻邪褟	0.000260	0.116534	0.000030
懈褋锌械泻懈	0.000260	0.116534	0.000030
懈褋锌芯谢褜蟹褍褞褌	0.000260	3.506558	0.000911
懈褋褌芯褉懈械泄	0.000260	3.912023	0.001016
懈褋褌芯褉懈懈	0.001299	0.116534	0.000151
懈褋褌芯褉懈褞	0.000260	0.116534	0.000030
懈褌邪泻	0.000260	1.609438	0.000418
懈褌邪谢懈懈	0.000519	0.105361	0.000055
懈褌邪谢褜褟薪褋泻邪褟	0.000260	0.116534	0.000030
泄芯谐褍褉褌	0.000779	0.040822	0.000032
泻邪	0.000260	3.912023	0.001016
泻邪斜邪褔泻懈	0.000260	0.040822	0.000011
泻邪胁泻邪蟹褋泻邪褟	0.000260	0.116534	0.000030
泻邪蟹邪谢芯褋褜	0.000260	1.609438	0.000418
泻邪蟹邪谢褋褟	0.000260	4.605170	0.001196
泻邪蟹邪薪械	0.000260	0.116534	0.000030
泻邪蟹邪褏褋泻邪褟	0.000260	0.116534	0.000030
泻邪泻邪芯	0.000519	0.040822	0.000021
泻邪谢械泄写芯褋泻芯锌	0.001039	0.116534	0.000121
泻邪谢屑褘褑泻邪褟	0.000260	0.116534	0.000030
泻邪谢褜屑邪褉	0.000779	0.040822	0.000032
泻邪谢褜屑邪褉邪屑懈	0.000519	3.912023	0.002032
泻邪屑械褉邪	0.000519	0.116534	0.000061
泻邪薪邪写褋泻邪褟	0.000260	0.116534	0.000030
泻邪薪邪谢	0.000519	0.040822	0.000021
泻邪薪邪谢械	0.000260	0.040822	0.000011
泻邪薪邪锌械	0.000519	0.040822	0.000021
泻邪薪褑谢械褉褍	0.000260	4.605170	0.001196
泻邪锌褍褋褌邪	0.002078	0.040822	0.000085
泻邪锌褍褋褌薪褘械	0.000260	2.995732	0.000778
泻邪锌褍褋褌薪褟泻	0.000260	0.040822	0.000011
泻邪锌褍褋褌芯泄	0.000519	1.966113	0.001021
泻邪锌褍褋褌褘	0.000260	0.040822	0.000011
泻邪褉邪屑械谢褜	0.000260	0.040822	0.000011
泻邪褉泻邪褋薪褘泄	0.001039	0.116534	0.000121
泻邪褉褌芯褎械谢褜	0.001818	0.040822	0.000074
泻邪褉褌芯褎械谢褜薪芯	0.000260	2.995732	0.000778
泻邪褉褌芯褎械谢褜薪芯械	0.000260	0.040822	0.000011
泻邪褉褌芯褎械谢褜薪褘泄	0.000779	0.116534	0.000091
泻邪褉褌芯褕泻邪	0.000519	0.040822	0.000021
泻邪褋褟	0.000260	3.506558	0.000911
泻邪褌邪薪懈褟屑懈	0.000260	4.605170	0.001196
泻邪褌械谐芯褉懈懈	0.000260	0.116534	0.000030
泻邪褌械谐芯褉懈褟	0.003896	0.150823	0.000588
泻邪褌褟	0.000260	3.912023	0.001016
泻邪褔械褋褌胁芯	0.000260	0.116534	0.000030
泻邪褕邪	0.000260	0.040822	0.000011
泻邪褕懈	0.001299	0.105361	0.000137
泻邪褕褍	0.000519	0.094311	0.000049
泻胁邪褋	0.000779	0.040822	0.000032
泻胁邪褋薪芯械	0.000779	0.116534	0.000091
泻胁邪褋芯屑	0.000260	0.127833	0.000033
泻胁邪褕械薪芯泄	0.000519	4.605170	0.002392
泻械泻褋	0.000260	0.040822	0.000011
泻械泻褋褘	0.000519	0.116534	0.000061
泻械谢芯褍薪邪	0.000260	3.912023	0.001016
泻械褎懈褉	0.001299	0.040822	0.000053
泻械褎懈褉械	0.000260	2.659260	0.000691
泻懈屑褔懈	0.000260	0.040822	0.000011
泻懈薪芯邪	0.000519	0.127833	0.000066
泻懈薪芯谢械薪褌邪	0.000260	0.116534	0.000030
泻懈锌褟褌泻邪	0.000260	4.605170	0.001196
泻懈褋械谢褜	0.000519	0.040822	0.000021
泻懈褋褋懈薪谐械薪	0.000260	4.605170	0.001196
泻懈褌邪泄褋泻邪褟	0.000260	0.116534	0.000030
泻懈褕	0.000260	3.506558	0.000911
泻懈褕懈	0.000260	4.605170	0.001196
泻谢邪褋褋	0.002078	0.116534	0.000242
泻谢邪褋褋褘	0.000260	0.116534	0.000030
泻谢褞泻胁邪	0.000519	3.218876	0.001672
泻薪懈谐褍	0.000519	0.040822	0.000021
泻芯械	0.000260	3.506558	0.000911
泻芯泻褌械泄谢懈	0.000260	0.127833	0.000033
泻芯泻褌械泄谢褜	0.001299	0.040822	0.000053
泻芯谢斜邪褋邪	0.000779	0.040822	0.000032
泻芯谢斜邪褋薪褘屑懈	0.000779	0.116534	0.000091
泻芯谢谢械泻褑懈褞	0.000260	4.605170	0.001196
泻芯屑邪薪写邪	0.000519	0.127833	0.000066
泻芯屑懈	0.000260	0.116534	0.000030
泻芯屑屑械薪褌邪褉懈械胁	0.000260	0.223144	0.000058
泻芯屑屑械薪褌邪褉懈懈	0.000260	1.966113	0.000511
泻芯屑锌邪薪懈泄	0.000260	0.105361	0.000027
泻芯屑锌芯褌	0.000779	0.040822	0.000032
泻芯薪械褑	0.000260	3.506558	0.000911
泻芯薪械褔薪芯	0.000519	0.527633	0.000274
泻芯薪懈薪褘	0.000260	0.116534	0.000030
泻芯薪泻褉械褌薪褘械	0.000260	4.605170	0.001196
泻芯薪泻褍褉褋	0.055584	0.105361	0.005856
泻芯薪泻褍褉褋邪	0.000260	0.116534	0.000030
泻芯薪泻褍褉褋邪褏	0.000260	0.040822	0.000011
泻芯薪泻褍褉褋薪褘械	0.000260	0.127833	0.000033
泻芯薪泻褍褉褋薪褘褏	0.000260	4.605170	0.001196
泻芯薪泻褍褉褋褘	0.000260	3.506558	0.000911
泻芯薪褋械褉胁懈褉芯胁邪薪懈械	0.000260	0.040822	0.000011
泻芯薪褋械褉胁懈褉芯胁邪薪薪邪褟	0.000260	0.116534	0.000030
泻芯薪褋械褉胁懈褉芯胁邪薪薪芯械	0.000260	0.116534	0.000030
泻芯薪褋械褉胁懈褉芯胁邪薪薪褘械	0.000519	0.116534	0.000061
泻芯薪褋械褉胁懈褉芯胁邪薪薪褘泄	0.000260	0.116534	0.000030
泻芯薪褎械褌褌懈	0.000260	0.116534	0.000030
泻芯薪褎械褌褘	0.000779	0.040822	0.000032
泻芯薪褎懈写械薪褑懈邪谢褜薪芯褋褌懈	0.000260	0.040822	0.000011
泻芯薪褎懈褌褞褉	0.000260	0.040822	0.000011
泻芯锌褔械薪芯褋褌褟屑懈	0.000260	0.116534	0.000030
泻芯褉械泄褋泻邪褟	0.000260	0.116534	0.000030
泻芯褉械泄褋泻懈	0.000260	0.040822	0.000011
泻芯褉械薪褜褟	0.000519	3.506558	0.001822
泻芯褉卸懈泻懈	0.000260	0.040822	0.000011
泻芯褉屑褟褖懈褏	0.000260	0.116534	0.000030
泻芯褉薪械胁芯泄	0.000519	2.995732	0.001556
泻芯褉芯褔泻芯泄	0.000260	1.771957	0.000460
泻芯褋褌褞屑懈褉芯胁邪薪薪褘屑	0.000260	4.605170	0.001196
泻芯褌谢械褌褘	0.000260	0.040822	0.000011
泻芯褌芯褉芯屑	0.000260	3.218876	0.000836
泻芯褌芯褉芯屑褍	0.000260	0.116534	0.000030
泻芯褌芯褉褍褞	0.000260	1.966113	0.000511
泻芯褌芯褉褘屑	0.000260	2.302585	0.000598
泻芯褎械	0.000519	0.040822	0.000021
泻褉邪褋泻懈	0.000260	0.116534	0.000030
泻褉械邪褌懈胁	0.000260	0.127833	0.000033
泻褉械胁械褌泻懈	0.001299	2.407946	0.003127
泻褉械胁械褌芯泻	0.000260	3.218876	0.000836
泻褉械屑	0.000260	0.040822	0.000011
泻褉械屑邪	0.000519	0.116534	0.000061
泻褉械锌泻懈泄	0.000260	0.116534	0.000030
泻褉芯谢懈泻邪	0.000519	0.116534	0.000061
泻褉芯屑械	0.000260	0.061875	0.000016
泻褉芯褏懈	0.000260	0.116534	0.000030
泻褉褍谐褍	0.000519	0.116534	0.000061
泻褉褍锌	0.001558	0.116534	0.000182
泻褉褍锌邪	0.000779	0.127833	0.000100
泻褉褍锌褘	0.000519	0.127833	0.000066
泻褉褍锌褟薪褘械	0.000260	0.116534	0.000030
泻褉褘谢褜褟	0.000519	2.995732	0.001556
泻褍斜懈泻	0.000260	3.912023	0.001016
泻褍斜懈泻懈	0.000779	3.218876	0.002508
泻褍斜懈薪褋泻邪褟	0.000260	0.116534	0.000030
泻褍谢械褕	0.000260	0.040822	0.000011
泻褍谢懈薪邪褉懈懈	0.000779	0.094311	0.000073
泻褍谢懈薪邪褉薪邪褟	0.000260	0.116534	0.000030
泻褍谢懈薪邪褉薪芯械	0.000260	0.116534	0.000030
泻褍谢懈薪邪褉薪褍褞	0.000519	0.040822	0.000021
泻褍谢懈薪邪褉薪褘泄	0.000260	0.072571	0.000019
泻褍谢懈薪邪褉薪褘褏	0.000260	0.116534	0.000030
泻褍谢懈褔	0.000260	0.040822	0.000011
泻褍谢懈褔懈	0.000260	0.116534	0.000030
泻褍褉写褋泻邪褟	0.000260	0.116534	0.000030
泻褍褉懈薪邪褟	0.001039	1.021651	0.001061
泻褍褉懈薪芯谐芯	0.000260	0.116534	0.000030
泻褍褉懈薪芯械	0.003896	0.127833	0.000498
泻褍褉懈薪褘械	0.001039	1.832581	0.001904
泻褍褉懈薪褘泄	0.000779	0.105361	0.000082
泻褍褉懈褑邪	0.001558	0.040822	0.000064
泻褍褉懈褑褘	0.001039	0.116534	0.000121
泻褍褉芯褉褌械	0.000260	4.605170	0.001196
泻褍褉芯褔泻芯泄	0.000260	0.116534	0.000030
泻褍褋泻褍褋	0.000260	0.040822	0.000011
泻褍褏薪械泄	0.000260	0.040822	0.000011
泻褍褏薪懈	0.000779	0.040822	0.000032
泻褍褏薪褞	0.000519	2.525729	0.001312
泻褍褏薪褟	0.001039	0.116534	0.000121
谢邪胁邪褕	0.000519	0.040822	0.000021
谢邪胁邪褕邪	0.001039	0.116534	0.000121
谢邪胁褉芯胁褘泄	0.001039	1.139434	0.001184
谢邪谐屑邪薪	0.000260	0.040822	0.000011
谢邪蟹邪薪褜褟	0.001039	2.995732	0.003112
谢邪泻芯屑褋褌胁芯	0.000519	0.116534	0.000061
谢邪锌褕邪	0.001039	0.040822	0.000042
谢邪褌褘褕褋泻邪褟	0.000260	0.116534	0.000030
谢械谐泻邪褟	0.000260	0.116534	0.000030
谢械谐泻懈泄	0.000519	0.116534	0.000061
谢械谐泻芯	0.001818	0.116534	0.000212
谢械薪懈胁褘泄	0.000260	1.897120	0.000493
谢械锌械褕泻懈	0.000779	0.040822	0.000032
谢械褌	0.000779	0.843970	0.000658
谢械褌邪	0.000260	0.116534	0.000030
谢械褌薪懈械	0.000260	0.040822	0.000011
谢械褌薪褟褟	0.000260	0.116534	0.000030
谢械褌芯	0.001299	0.116534	0.000151
谢械褔芯	0.000260	0.040822	0.000011
谢懈谐邪	0.000779	0.116534	0.000091
谢懈泻械褉	0.000260	0.040822	0.000011
谢懈屑芯薪	0.000519	1.203973	0.000625
谢懈屑芯薪邪写	0.000519	0.040822	0.000021
谢懈褋褌	0.001039	1.139434	0.001184
谢懈褌芯胁褋泻	0.000260	0.127833	0.000033
谢懈褌芯胁褋泻邪褟	0.000260	0.116534	0.000030
谢懈褔薪芯	0.000260	2.995732	0.000778
谢芯写泻邪褏	0.000260	4.605170	0.001196
谢芯卸泻邪	0.000260	3.218876	0.000836
谢褍泻	0.011688	0.301105	0.003519
谢褍褔褕懈械	0.000260	0.116534	0.000030
谢褍褔褕懈泄	0.000519	0.040822	0.000021
谢褍褔褕懈褏	0.000260	0.116534	0.000030
谢褞斜胁懈	0.000260	0.105361	0.000027
谢褞斜械蟹薪芯	0.000260	3.506558	0.000911
谢褞斜懈屑芯谐芯	0.000260	0.127833	0.000033
谢褞斜懈屑芯屑褍	0.000260	0.116534	0.000030
谢褞斜懈屑褘褏	0.001818	0.116534	0.000212
谢褞斜懈褌	0.000260	1.427116	0.000371
谢褞斜谢褞	0.000260	1.514128	0.000393
谢褞斜芯胁褜	0.000260	0.116534	0.000030
谢褞斜芯械	0.000260	2.525729	0.000656
谢褞斜芯泄	0.000260	0.116534	0.000030
谢褞斜芯屑	0.000260	2.525729	0.000656
谢褞斜芯锌褘褌褋褌胁邪	0.000260	3.506558	0.000911
谢褞斜褟褌	0.000260	1.832581	0.000476
谢褞写械泄	0.000260	3.218876	0.000836
谢褢写	0.000260	0.127833	0.000033
屑邪谐邪蟹懈薪薪褘械	0.000260	3.506558	0.000911
屑邪谐褉懈斜邪	0.000260	0.116534	0.000030
屑邪泄	0.000260	0.116534	0.000030
屑邪泄芯薪械蟹	0.000260	0.116534	0.000030
屑邪泻邪褉芯薪邪褏	0.000260	3.912023	0.001016
屑邪泻邪褉芯薪薪褘械	0.000260	0.116534	0.000030
屑邪泻邪褉芯薪褘	0.001039	0.040822	0.000042
屑邪谢邪蟹懈泄褋泻邪褟	0.000260	0.116534	0.000030
屑邪谢械薪褜泻懈械	0.000260	3.506558	0.000911
屑邪谢械薪褜泻懈褏	0.000260	3.912023	0.001016
屑邪屑芯褔泻懈	0.000260	3.506558	0.000911
屑邪薪泻芯泄	0.000260	3.912023	0.001016
屑邪薪薪邪褟	0.000519	1.609438	0.000836
屑邪薪薪懈泻	0.000260	0.040822	0.000011
屑邪薪褌褘	0.000260	0.116534	0.000030
屑邪薪褢胁褉褘	0.000260	0.116534	0.000030
屑邪褉邪褎芯薪	0.000779	0.116534	0.000091
屑邪褉谐邪褉懈薪	0.000519	1.609438	0.000836
屑邪褉懈薪邪写	0.002338	0.040822	0.000095
屑邪褉懈薪邪写褘	0.000779	0.116534	0.000091
屑邪褉懈薪芯胁邪薪薪褘械	0.000260	0.116534	0.000030
屑邪褉屑械谢邪写	0.000260	0.040822	0.000011
屑邪褉芯泻泻邪薪褋泻邪褟	0.000260	0.116534	0.000030
屑邪褉褌邪	0.001558	0.105361	0.000164
屑邪褋泻邪褉锌芯薪械	0.000260	0.040822	0.000011
屑邪褋谢械薪懈褑邪	0.000779	0.040822	0.000032
屑邪褋谢械薪懈褔薪芯械	0.000260	0.116534	0.000030
屑邪褋谢芯	0.007013	0.116534	0.000817
屑邪褋谢芯屑	0.000260	0.116534	0.000030
屑邪褋褌械褉	0.002338	0.116534	0.000272
屑邪褋褌懈泻邪	0.000260	0.040822	0.000011
屑邪褋褌懈泻懈	0.000260	0.116534	0.000030
屑邪褎褎懈薪褘	0.000260	0.116534	0.000030
屑邪褏械械胁褗	0.001039	0.116534	0.000121
屑械写懈邪褎芯褉褌	0.000779	0.000000	0.000000
屑械写芯胁褘泄	0.000260	0.116534	0.000030
屑械泻褋懈泻邪薪褋泻邪褟	0.000260	0.116534	0.000030
屑械谢芯褔褜	0.000260	4.605170	0.001196
屑械薪褞	0.000519	0.116534	0.000061
屑械薪褟	0.001039	0.083382	0.000087
屑械薪褟械褌褋褟	0.000260	0.116534	0.000030
屑械褋褌邪	0.000519	3.912023	0.002032
屑械褔褌邪	0.000260	0.116534	0.000030
屑械褔褌褘	0.000519	0.040822	0.000021
屑懈写懈懈	0.000260	0.040822	0.000011
屑懈泻褉芯胁芯谢薪芯胁泻械	0.000260	0.116534	0.000030
屑懈谢芯褋褌懈	0.000260	1.897120	0.000493
屑懈谢褜械	0.000260	0.116534	0.000030
屑懈薪懈屑褍屑	0.000260	1.427116	0.000371
屑懈芯	0.000260	0.116534	0.000030
屑懈褉	0.000260	0.116534	0.000030
屑懈褉邪	0.000519	0.116534	0.000061
屑懈褉芯胁邪褟	0.000260	0.116534	0.000030
屑懈褋芯	0.000260	0.040822	0.000011
屑懈褋褋	0.000260	1.966113	0.000511
屑懈褋褌械褉懈褟	0.000260	0.116534	0.000030
屑懈褋褌褉邪谢褜	0.001818	0.116534	0.000212
屑薪芯谐懈械	0.000260	1.309333	0.000340
屑薪芯谐懈屑	0.000260	2.659260	0.000691
屑薪芯谐懈褏	0.000260	2.659260	0.000691
屑薪芯谐芯	0.001039	0.776529	0.000807
屑薪芯卸械褋褌胁芯屑	0.000260	0.040822	0.000011
屑芯谐谢邪	0.000260	2.407946	0.000625
屑芯谐褍	0.000260	0.798508	0.000207
屑芯械	0.000519	0.116534	0.000061
屑芯械泄	0.000260	1.427116	0.000371
屑芯械屑褍	0.000260	1.897120	0.000493
屑芯卸械褌械	0.000260	0.000000	0.000000
屑芯泄	0.000260	0.105361	0.000027
屑芯谢写邪胁褋泻邪褟	0.000260	0.116534	0.000030
屑芯谢芯泻械	0.000260	0.105361	0.000027
屑芯谢芯泻芯	0.001299	0.116534	0.000151
屑芯谢芯褔薪褘泄	0.000519	0.040822	0.000021
屑芯谢芯褔薪褘褏	0.000260	0.116534	0.000030
屑芯屑械薪褌	0.000779	0.116534	0.000091
屑芯屑械薪褌褘	0.000519	2.813411	0.001462
屑芯薪谐芯谢褜褋泻邪褟	0.000260	0.116534	0.000030
屑芯褉械	0.000260	0.116534	0.000030
屑芯褉械锌褉芯写褍泻褌芯胁	0.003896	0.040822	0.000159
屑芯褉械锌褉芯写褍泻褌褘	0.000519	0.116534	0.000061
屑芯褉泻芯胁褜	0.002857	0.040822	0.000117
屑芯褉芯卸械薪芯械	0.000779	0.040822	0.000032
屑芯褉芯蟹懈谢泻械	0.000519	2.813411	0.001462
屑芯褉芯蟹懈谢褜薪邪褟	0.000260	4.605170	0.001196
屑芯褉褋	0.000260	0.040822	0.000011
屑芯褉褋褘	0.000260	0.116534	0.000030
屑芯褌芯褉	0.000260	0.116534	0.000030
屑芯褏懈褌芯	0.000260	0.040822	0.000011
屑褍卸	0.000260	1.171183	0.000304
屑褍卸褋泻邪褟	0.000260	0.127833	0.000033
屑褍卸褍	0.000260	2.302585	0.000598
屑褍卸褔懈薪褘	0.000519	0.116534	0.000061
屑褍泻邪	0.002078	0.274437	0.000570
屑褍谢褜褌懈胁邪褉泻械	0.009870	0.116534	0.001150
屑褍谢褜褌懈锌械泻邪褉械泄	0.000779	0.116534	0.000091
屑褍褋泻邪褌薪褘泄	0.000519	1.832581	0.000952
屑褍褋褋	0.000260	0.040822	0.000011
屑褍褋褋褘	0.000519	0.116534	0.000061
屑褍褔薪褘械	0.000260	0.116534	0.000030
屑褞褋谢懈	0.000519	0.116534	0.000061
屑褟褋邪	0.002338	0.116534	0.000272
屑褟褋薪芯谐芯	0.000519	0.116534	0.000061
屑褟褋薪芯泄	0.001299	0.116534	0.000151
屑褟褋薪褘械	0.001299	0.040822	0.000053
屑褟褋薪褘褏	0.000779	0.116534	0.000091
屑褟褋芯	0.002078	0.040822	0.000085
屑褟褋芯屑	0.001299	0.040822	0.000053
屑褟褋褍	0.000519	0.116534	0.000061
薪邪斜谢褞写邪褌褜	0.000260	3.506558	0.000911
薪邪胁邪褉懈褋褌褘泄	0.000260	4.605170	0.001196
薪邪胁械褉薪芯械	0.000519	2.207275	0.001147
薪邪胁褋械谐写邪	0.000260	2.040221	0.000530
薪邪蟹邪写	0.000779	0.967584	0.000754
薪邪蟹胁邪薪懈械屑	0.000260	1.203973	0.000313
薪邪蟹薪邪褔械薪懈褟	0.000260	0.116534	0.000030
薪邪蟹芯胁褍褌	0.000260	3.912023	0.001016
薪邪蟹褘胁邪褞褌	0.000260	3.218876	0.000836
薪邪谢懈胁泻邪	0.000260	0.040822	0.000011
薪邪屑懈	0.000260	2.995732	0.000778
薪邪锌懈褌泻懈	0.001558	0.040822	0.000064
薪邪锌懈褌芯泻	0.000260	0.040822	0.000011
薪邪褋褌芯泄泻邪	0.000260	0.040822	0.000011
薪邪褋褌芯谢褜泻芯	0.000260	1.514128	0.000393
薪邪褋褌褉芯械薪懈械	0.000260	0.116534	0.000030
薪邪褋褘褌懈褌	0.000260	4.605170	0.001196
薪邪褌泻薪褍谢邪褋褜	0.000260	1.966113	0.000511
薪邪褌褍褉邪谢褜薪褘械	0.000260	3.506558	0.000911
薪邪褑懈芯薪邪谢褜薪褘械	0.000260	0.116534	0.000030
薪邪褔邪谢懈褋褜	0.000260	4.605170	0.001196
薪邪褔懈薪泻邪	0.000519	0.040822	0.000021
薪邪褔懈薪泻懈	0.000260	2.207275	0.000573
薪邪褔懈薪泻芯泄	0.000519	0.116534	0.000061
薪邪褔懈薪芯泻	0.000260	3.912023	0.001016
薪邪褕械屑	0.000260	0.040822	0.000011
薪邪褕懈	0.000260	0.061875	0.000016
薪邪褕懈褏	0.000260	1.514128	0.000393
薪邪褕谢邪	0.000519	0.579818	0.000301
薪邪褕谢懈	0.000260	2.407946	0.000625
薪械斜芯谢褜褕懈械	0.000260	3.912023	0.001016
薪械写械谢懈	0.000260	2.120264	0.000551
薪械写械谢褟	0.002597	0.061875	0.000161
薪械械	0.000260	1.966113	0.000511
薪械卸薪芯泄	0.000260	0.116534	0.000030
薪械卸薪褘械	0.000260	1.660731	0.000431
薪械卸薪褘泄	0.000260	0.891598	0.000232
薪械蟹邪屑械薪懈屑褘屑	0.000260	4.605170	0.001196
薪械屑	0.000260	1.203973	0.000313
薪械屑邪谢芯胁邪卸薪芯	0.000260	2.207275	0.000573
薪械屑械褑	0.000260	3.506558	0.000911
薪械屑械褑泻邪褟	0.000260	0.116534	0.000030
薪械屑械褑泻懈泄	0.000260	4.605170	0.001196
薪械屑械褑泻懈屑	0.000260	3.506558	0.000911
薪械屑械褑泻芯谐芯	0.000260	3.506558	0.000911
薪械屑械褑泻芯屑	0.000260	3.912023	0.001016
薪械屑械褑泻芯屑褍	0.000260	4.605170	0.001196
薪械芯斜褏芯写懈屑	0.000260	4.605170	0.001196
薪械芯卸懈写邪薪薪褘械	0.000260	0.116534	0.000030
薪械芯卸懈写邪薪薪褘褏	0.000260	3.912023	0.001016
薪械褋泻芯谢褜泻芯	0.000519	0.916291	0.000476
薪械褋谢邪	0.000260	3.506558	0.000911
薪械褋谢邪写泻芯械	0.000260	0.116534	0.000030
薪械褋谢芯卸薪芯械	0.000260	4.605170	0.001196
薪懈卸械	0.000260	2.813411	0.000731
薪懈薪邪	0.001039	1.203973	0.001251
薪懈褏	0.000519	1.660731	0.000863
薪懈褔械谐芯	0.000519	0.941609	0.000489
薪薪	0.000260	3.218876	0.000836
薪芯胁邪褟	0.000260	0.116534	0.000030
薪芯胁芯谐芯写薪械谐芯	0.001558	0.116534	0.000182
薪芯胁芯谐芯写薪械械	0.000779	0.116534	0.000091
薪芯胁芯谐芯写薪懈械	0.001558	0.040822	0.000064
薪芯胁芯谐芯写薪懈泄	0.001818	0.116534	0.000212
薪芯胁芯谐芯写薪褟褟	0.000260	0.105361	0.000027
薪芯胁芯褋褌褟褏	0.000260	0.061875	0.000016
薪芯胁褘械	0.000519	0.051293	0.000027
薪芯胁褘泄	0.002857	0.094311	0.000269
薪芯褉胁械卸褋泻邪褟	0.000260	0.116534	0.000030
薪芯褔薪褘屑懈	0.000260	4.605170	0.001196
薪芯褟斜褉褟	0.000260	0.527633	0.000137
芯斜邪谢写械薪薪褘泄	0.000260	3.506558	0.000911
芯斜械写	0.001039	0.105361	0.000109
芯斜械写邪褏	0.000260	3.912023	0.001016
芯斜械写褍	0.000260	3.912023	0.001016
芯斜械蟹褜褟薪褘	0.000260	0.116534	0.000030
芯斜谢	0.000260	4.605170	0.001196
芯斜褉邪蟹芯屑	0.000260	2.207275	0.000573
芯斜褉邪褖邪褞	0.000260	4.605170	0.001196
芯斜褖邪褌褜褋褟	0.000260	0.040822	0.000011
芯斜褗褟胁懈谢	0.000260	3.912023	0.001016
芯斜褗褟褋薪懈褌褜	0.000519	3.218876	0.001672
芯斜褘褔薪褘褏	0.000260	3.506558	0.000911
芯斜褟蟹邪褌械谢褜薪芯	0.000519	0.967584	0.000503
芯胁芯褖邪屑懈	0.000519	0.116534	0.000061
芯胁芯褖械泄	0.003896	0.105361	0.000410
芯胁芯褖懈	0.001558	0.094311	0.000147
芯胁芯褖薪邪褟	0.000260	0.040822	0.000011
芯胁芯褖薪芯械	0.000260	0.116534	0.000030
芯胁芯褖薪芯泄	0.000519	0.105361	0.000055
芯胁芯褖薪褘械	0.001299	0.040822	0.000053
芯胁褋褟薪芯械	0.000260	0.116534	0.000030
芯谐薪械薪薪芯泄	0.000260	0.116534	0.000030
芯谐薪褟	0.000260	0.116534	0.000030
芯谐褍褉褑褘	0.000519	0.116534	0.000061
芯写薪邪卸写褘	0.000260	2.407946	0.000625
芯写薪芯泄	0.000260	1.237874	0.000322
芯卸懈写邪械屑褘械	0.000260	4.605170	0.001196
芯泄	0.000260	3.218876	0.000836
芯泻邪蟹邪谢褋褟	0.000260	3.506558	0.000911
芯泻褉芯褕泻邪	0.000779	0.040822	0.000032
芯谢邪写褜懈	0.001299	0.040822	0.000053
芯谢械泄薪邪	0.000779	0.116534	0.000091
芯谢械泄薪芯泄	0.001039	0.116534	0.000121
芯谢械泄薪褘	0.000260	0.127833	0.000033
芯谢懈胁泻芯胁芯械	0.002078	0.544727	0.001132
芯谢褜谐邪	0.000260	1.427116	0.000371
芯谢褜褔懈泻	0.000260	3.218876	0.000836
芯屑谢械褌	0.000260	0.040822	0.000011
芯屑谢械褌芯屑	0.000260	4.605170	0.001196
芯锌邪褉邪	0.000260	0.040822	0.000011
芯锌褉芯褋	0.000260	0.061875	0.000016
芯锌褟褌褜	0.000260	2.040221	0.000530
芯褉械褏	0.000519	1.660731	0.000863
芯褋械薪薪械械	0.000260	0.116534	0.000030
芯褋械薪薪懈械	0.000260	0.051293	0.000013
芯褋械薪薪懈泄	0.000519	0.116534	0.000061
芯褋械薪褜	0.002597	0.105361	0.000274
芯褋屑械谢褞褋褜	0.000260	3.506558	0.000911
芯褋薪芯胁薪芯械	0.000260	0.040822	0.000011
芯褋薪芯胁薪褘械	0.000260	3.506558	0.000911
芯褋芯斜械薪薪芯	0.000779	1.469676	0.001145
芯褋芯斜械薪薪芯谐芯	0.000260	4.605170	0.001196
芯褋芯斜褘褏	0.000260	3.218876	0.000836
芯褋褌邪胁褕懈泄褋褟	0.000260	4.605170	0.001196
芯褋褌邪械褌褋褟	0.000260	0.116534	0.000030
芯褋褌邪薪芯胁谢褞褋褜	0.000260	4.605170	0.001196
芯褌胁械褌懈褌褜	0.000260	0.051293	0.000013
芯褌胁械褌芯胁	0.000260	0.051293	0.000013
芯褌胁械褌褘	0.000260	0.000000	0.000000
芯褌谐邪写邪谢邪	0.000260	3.912023	0.001016
芯褌写褘褏邪	0.000260	3.218876	0.000836
芯褌写褘褏邪谢	0.000260	4.605170	0.001196
芯褌泻褉褘褌褘泄	0.000779	0.116534	0.000091
芯褌屑械薪懈褌褜	0.000260	0.040822	0.000011
芯褌薪芯褕械薪懈褟	0.000260	2.120264	0.000551
芯褎懈褑懈邪薪褌泻邪	0.000260	3.506558	0.000911
芯褏谢邪写懈褌褜	0.000260	0.116534	0.000030
锌邪蟹褍械胁邪	0.000260	4.605170	0.001196
锌邪泻械褌懈泻邪褏	0.000260	0.105361	0.000027
锌邪泻械褌懈泻懈	0.000260	4.605170	0.001196
锌邪谢芯褔泻懈	0.000260	0.040822	0.000011
锌邪薪懈	0.000260	2.995732	0.000778
锌邪薪懈褉芯胁泻邪	0.002078	0.116534	0.000242
锌邪锌褉懈泻邪	0.001039	1.203973	0.001251
锌邪褉邪	0.000260	0.116534	0.000030
锌邪褉邪写	0.001818	0.116534	0.000212
锌邪褉芯胁邪褉泻械	0.002338	0.116534	0.000272
锌邪褉芯谢褜	0.000260	0.020203	0.000005
锌邪褉褍	0.000260	1.966113	0.000511
锌邪褋褌邪	0.001818	0.040822	0.000074
锌邪褋褌褉芯屑邪	0.000260	0.040822	0.000011
锌邪褋褏邪	0.000519	0.040822	0.000021
锌邪褋褏邪谢褜薪邪褟	0.000519	0.116534	0.000061
锌邪褋褏邪谢褜薪褘泄	0.000260	0.127833	0.000033
锌邪褕褌械褌	0.000260	0.040822	0.000011
锌邪褕褌械褌褘	0.000519	0.116534	0.000061
锌械泻邪褉褟	0.000260	0.127833	0.000033
锌械泻懈薪褋泻邪褟	0.000519	2.407946	0.001251
锌械谢褜屑械薪懈	0.000260	0.116534	0.000030
锌械褉胁芯械	0.000519	0.040822	0.000021
锌械褉胁褘械	0.000260	0.127833	0.000033
锌械褉胁褘屑	0.000260	0.116534	0.000030
锌械褉械泄褌懈	0.000260	0.040822	0.000011
锌械褉械泻褍褋	0.000519	0.116534	0.000061
锌械褉械锌褉芯斜褍褞	0.000260	4.605170	0.001196
锌械褉械褑	0.003896	0.040822	0.000159
锌械褉褋芯薪褘	0.000260	0.116534	0.000030
锌械褉褍邪薪褋泻邪褟	0.000260	0.116534	0.000030
锌械褋芯褔薪芯械	0.000519	0.105361	0.000055
锌械褋芯褔薪褘泄	0.000260	0.116534	0.000030
锌械褋褌褉芯泄	0.000260	4.605170	0.001196
锌械褌械谢懈薪泻懈	0.000260	0.127833	0.000033
锌械褌褉褍褕泻邪	0.003117	0.693147	0.002160
锌械褔械薪芯褔薪褘泄	0.000260	0.040822	0.000011
锌械褔械薪褜械	0.002338	0.040822	0.000095
锌械褔懈	0.000260	0.127833	0.000033
锌懈胁芯	0.000260	0.116534	0.000030
锌懈泻邪薪褌褘	0.000260	0.127833	0.000033
锌懈泻薪懈泻	0.000519	0.116534	0.000061
锌懈泻薪懈泻邪	0.000260	0.116534	0.000030
锌懈泻薪懈泻褍	0.000260	0.105361	0.000027
锌懈褉	0.000260	0.116534	0.000030
锌懈褉芯谐	0.001039	0.040822	0.000042
锌懈褉芯谐懈	0.000519	0.105361	0.000055
锌懈褉芯卸泻邪	0.000260	4.605170	0.001196
锌懈褉芯卸泻懈	0.001299	0.040822	0.000053
锌懈褉芯卸薪芯械	0.000260	0.040822	0.000011
锌懈褉芯卸薪褘械	0.000260	0.116534	0.000030
锌懈褌邪薪懈械	0.001299	0.105361	0.000137
锌懈褏械谢褜褕褌邪泄薪械褉	0.000779	4.605170	0.003588
锌懈褑褑邪	0.000519	0.040822	0.000021
锌懈褑褑褘	0.000260	2.207275	0.000573
锌谢邪胁谢械薪褘泄	0.001039	1.237874	0.001286
锌谢邪屑褟	0.000260	0.116534	0.000030
锌谢懈褌邪	0.001039	0.127833	0.000133
锌谢芯胁	0.000260	0.116534	0.000030
锌谢芯写褘	0.000260	0.116534	0.000030
锌芯斜邪谢褍械褌	0.000260	4.605170	0.001196
锌芯胁邪褉	0.000519	2.407946	0.001251
锌芯胁邪褉邪	0.000260	1.514128	0.000393
锌芯胁邪褉械薪泻械	0.000260	0.040822	0.000011
锌芯胁邪褉械薪芯泻	0.000260	0.061875	0.000016
锌芯胁邪褉褟褌	0.000260	0.116534	0.000030
锌芯胁邪褉褟褌邪屑懈	0.000260	0.040822	0.000011
锌芯胁邪褉褢薪泻邪	0.000260	0.116534	0.000030
锌芯胁械褉懈谢邪	0.000260	3.218876	0.000836
锌芯胁懈写谢芯	0.000260	0.040822	0.000011
锌芯胁褋械写薪械胁薪芯械	0.000260	3.912023	0.001016
锌芯胁褘褋懈谢褋褟	0.000260	4.605170	0.001196
锌芯写邪褉泻芯胁	0.000260	0.116534	0.000030
锌芯写邪褔械	0.000260	2.995732	0.000778
锌芯写械谢懈褌褜褋褟	0.000260	0.478036	0.000124
锌芯写谢懈胁	0.000260	4.605170	0.001196
锌芯写谢懈胁邪	0.000260	0.116534	0.000030
锌芯写谢懈胁泻邪	0.000260	0.040822	0.000011
锌芯写锌懈褋邪褌褜褋褟	0.000260	0.040822	0.000011
锌芯写锌懈褕懈褌械褋褜	0.000519	0.040822	0.000021
锌芯写褉芯斜薪芯褋褌褟屑懈	0.000260	3.912023	0.001016
锌芯写褉褍卸泻懈	0.000260	3.912023	0.001016
锌芯写褋械谢邪	0.000519	3.912023	0.002032
锌芯写褋芯谢薪械褔薪芯械	0.000519	1.347074	0.000700
锌芯写褍屑邪谢邪	0.000260	2.659260	0.000691
锌芯械写懈薪泻懈	0.003636	0.116534	0.000424
锌芯蟹胁芯谢褟械褌	0.000260	4.605170	0.001196
锌芯蟹写褉邪胁褜	0.000260	0.116534	0.000030
锌芯懈褋泻	0.000260	0.051293	0.000013
锌芯泻邪蟹邪谢芯褋褜	0.000260	4.605170	0.001196
锌芯泻芯褉懈谢芯	0.000260	3.506558	0.000911
锌芯泻褍褕邪褌褜	0.000260	3.506558	0.000911
锌芯谢写薪懈泻	0.000519	0.116534	0.000061
锌芯谢械	0.000260	3.912023	0.001016
锌芯谢械蟹薪芯	0.000519	0.116534	0.000061
锌芯谢懈褌懈泻芯泄	0.000260	0.040822	0.000011
锌芯谢薪芯屑	0.000260	3.506558	0.000911
锌芯谢薪芯褑械薪薪褘泄	0.000260	2.995732	0.000778
锌芯谢芯胁懈薪邪	0.002078	0.116534	0.000242
锌芯谢芯卸械薪懈褞	0.000260	4.605170	0.001196
锌芯谢褍褌胁械褉写褘泄	0.000519	2.525729	0.001312
锌芯谢褍褔邪械褌褋褟	0.000260	0.400478	0.000104
锌芯谢褍褔邪泄褌械	0.000260	0.040822	0.000011
锌芯谢褍褔邪褌褜	0.000260	0.040822	0.000011
锌芯谢褜蟹邪	0.000260	0.127833	0.000033
锌芯谢褜蟹芯泄	0.001039	0.116534	0.000121
锌芯谢褜褋泻邪褟	0.000260	0.116534	0.000030
锌芯谢褞斜懈谢褋褟	0.000260	3.912023	0.001016
锌芯屑邪写泻邪	0.000519	0.040822	0.000021
锌芯屑邪写泻懈	0.000260	0.116534	0.000030
锌芯屑懈写芯褉	0.001558	0.713350	0.001112
锌芯屑懈写芯褉泻懈	0.000260	0.127833	0.000033
锌芯屑懈写芯褉褘	0.000519	0.116534	0.000061
锌芯薪褉邪胁懈胁褕懈械褋褟	0.000260	0.040822	0.000011
锌芯薪褉邪胁懈谢芯褋褜	0.000260	1.514128	0.000393
锌芯薪褔懈泻懈	0.000519	0.040822	0.000021
锌芯薪褟谢邪	0.000260	2.302585	0.000598
锌芯锌褉芯斜芯胁邪谢邪	0.000260	1.469676	0.000382
锌芯锌褉芯斜褍泄	0.000260	3.506558	0.000911
锌芯褉	0.000260	1.469676	0.000382
锌芯褉邪	0.000260	0.116534	0.000030
锌芯褉邪写芯胁邪褌褜	0.000260	2.407946	0.000625
锌芯褉邪写褍械褌	0.000260	1.660731	0.000431
锌芯褉械泄	0.008571	2.302585	0.019736
锌芯褉褌褍谐邪谢褜褋泻邪褟	0.000260	0.116534	0.000030
锌芯褉褑懈褞	0.000260	2.995732	0.000778
锌芯褋械褖邪械褌械	0.000260	0.061875	0.000016
锌芯褋谢械写薪懈泄	0.000260	1.560648	0.000405
锌芯褋屑芯褌褉械褌褜	0.000260	3.506558	0.000911
锌芯褋褌	0.001558	0.105361	0.000164
锌芯褋褌薪芯械	0.000260	0.116534	0.000030
锌芯褋褌薪褘械	0.000260	0.040822	0.000011
锌芯褋褌薪褘泄	0.000260	0.116534	0.000030
锌芯褋褌芯褟薪薪芯	0.000260	0.040822	0.000011
锌芯褋褌褉芯懈屑	0.000260	0.116534	0.000030
锌芯褋褍写邪	0.000519	0.094311	0.000049
锌芯褌芯泻械	0.000260	4.605170	0.001196
锌芯褌褉褟褋邪褞褖懈泄	0.000260	2.525729	0.000656
锌芯褔褌褍	0.000260	0.040822	0.000011
锌芯褕邪谐芯胁褘械	0.000260	0.301105	0.000078
锌芯褕邪谐芯胁褘屑懈	0.000260	0.040822	0.000011
锌褉邪蟹写薪懈泻	0.000260	1.832581	0.000476
锌褉邪蟹写薪懈泻邪	0.000260	0.116534	0.000030
锌褉邪蟹写薪懈褔薪芯	0.000260	0.116534	0.000030
锌褉邪蟹写薪懈褔薪芯谐芯	0.000260	0.116534	0.000030
锌褉邪蟹写薪懈褔薪褘泄	0.000260	0.116534	0.000030
锌褉邪泻褌懈泻褍屑	0.000260	0.116534	0.000030
锌褉械邪屑斜褍谢邪	0.000260	4.605170	0.001196
锌褉械胁芯褋褏芯写薪褘械	0.000260	0.116534	0.000030
锌褉械胁褉邪褖械薪懈褟	0.000260	0.116534	0.000030
锌褉械写谢邪谐邪褞	0.000260	0.693147	0.000180
锌褉械写谢芯卸懈褌褜	0.000260	1.237874	0.000322
锌褉械写锌芯谢芯卸懈褌褜	0.000260	3.506558	0.000911
锌褉械写褋褌邪胁谢褟谢	0.000260	2.995732	0.000778
锌褉械泻褉邪褋薪褘泄	0.000260	2.407946	0.000625
锌褉械泻褉邪褋薪褘褏	0.000260	4.605170	0.001196
锌褉械褋薪芯械	0.000260	0.116534	0.000030
锌褉懈胁械褌	0.000260	2.659260	0.000691
锌褉懈谐谢邪褋懈谢	0.000260	3.506558	0.000911
锌褉懈谐芯褌芯胁懈谢邪	0.000260	1.386294	0.000360
锌褉懈谐芯褌芯胁懈屑	0.000519	0.116534	0.000061
锌褉懈谐芯褌芯胁懈褌褜	0.000519	0.342490	0.000178
锌褉懈谐芯褌芯胁谢械薪懈械	0.000260	0.105361	0.000027
锌褉懈谐芯褌芯胁谢械薪懈褞	0.000260	0.040822	0.000011
锌褉懈谐芯褌芯胁谢械薪懈褟	0.000779	0.371064	0.000289
锌褉懈谐芯褌芯胁谢褞	0.000260	3.218876	0.000836
锌褉懈蟹薪邪薪懈械	0.000260	0.116534	0.000030
锌褉懈蟹芯胁	0.000260	0.040822	0.000011
锌褉懈锌褉邪胁邪	0.000779	0.040822	0.000032
锌褉懈褉芯写褍	0.000519	0.116534	0.000061
锌褉懈褉芯写褘	0.000260	0.116534	0.000030
锌褉懈褋褌褍锌懈褌褜	0.000260	0.040822	0.000011
锌褉懈褋褘锌邪褌褜	0.000260	4.605170	0.001196
锌褉懈褏芯写褟褌	0.000260	2.995732	0.000778
锌褉懈褟褌薪芯	0.000260	2.813411	0.000731
锌褉懈褟褌薪芯谐芯	0.000260	2.525729	0.000656
锌褉芯斜芯胁邪谢	0.000260	2.525729	0.000656
锌褉芯斜芯胁邪谢懈	0.000260	2.407946	0.000625
锌褉芯胁械写懈	0.001039	0.116534	0.000121
锌褉芯胁械褉械薪芯	0.001558	0.116534	0.000182
锌褉芯胁械褉懈谢邪	0.000260	4.605170	0.001196
锌褉芯胁械褉褜褌械	0.000260	4.605170	0.001196
锌褉芯胁芯写懈屑褘褏	0.000260	0.040822	0.000011
锌褉芯胁芯写懈褌褋褟	0.000260	4.605170	0.001196
锌褉芯胁芯卸邪械屑	0.000260	0.116534	0.000030
锌褉芯写褍泻褌芯胁	0.000519	0.094311	0.000049
锌褉芯写褍泻褌褘	0.000260	1.386294	0.000360
锌褉芯械泻褌芯胁	0.000260	0.116534	0.000030
锌褉芯械泻褌褘	0.000260	0.061875	0.000016
锌褉芯懈蟹胁械谢邪	0.000260	3.506558	0.000911
锌褉芯懈蟹芯褕谢芯	0.000260	3.912023	0.001016
锌褉芯褋屑芯褌褉邪屑	0.000260	0.274437	0.000071
锌褉芯褋褌械薪褜泻懈屑	0.000260	4.605170	0.001196
锌褉芯褋褌芯	0.002078	0.083382	0.000173
锌褉芯褋褌芯胁邪褌芯	0.000260	4.605170	0.001196
锌褉芯褋褌芯械	0.000260	1.514128	0.000393
锌褉芯褋褌芯泄	0.000260	0.755023	0.000196
锌褉芯褋褌芯泻胁邪褕邪	0.000260	0.040822	0.000011
锌褉芯褋褌褘屑	0.000260	3.218876	0.000836
锌褉芯褋褟褌	0.000260	2.040221	0.000530
锌褉芯褎懈谢褜	0.000260	0.040822	0.000011
锌褉芯褕褍	0.000519	1.139434	0.000592
锌褉褟屑芯	0.000519	0.040822	0.000021
锌褉褟薪懈泻	0.000260	0.040822	0.000011
锌褉褟薪懈泻懈	0.000260	0.116534	0.000030
锌褉褟薪懈褔薪芯械	0.000260	0.116534	0.000030
锌褌懈褑邪	0.001299	0.116534	0.000151
锌褌懈褑械	0.000519	0.116534	0.000061
锌褌懈褑械泄	0.000260	0.127833	0.000033
锌褌懈褑褘	0.003117	0.116534	0.000363
锌褍写懈薪谐	0.000260	0.040822	0.000011
锌褍写懈薪谐懈	0.000519	0.116534	0.000061
锌褍写懈薪谐芯屑	0.000260	3.912023	0.001016
锌褍薪褕	0.000260	0.040822	0.000011
锌褍褌械褕械褋褌胁懈械	0.000519	0.116534	0.000061
锌褍褌褜	0.000260	0.116534	0.000030
锌褕械薪懈褔薪邪褟	0.002078	0.287682	0.000598
锌褘褕泻懈	0.000260	0.040822	0.000011
锌褞褉械	0.001299	0.040822	0.000053
褉邪斜芯褌褍	0.000260	1.560648	0.000405
褉邪胁薪芯	0.000519	2.120264	0.001101
褉邪谐褍	0.000519	0.116534	0.000061
褉邪蟹	0.000260	0.446287	0.000116
褉邪蟹胁械褉薪褍褌褜	0.000260	0.116534	0.000030
褉邪蟹胁械褋褌懈	0.000260	4.605170	0.001196
褉邪蟹写械谢褜薪芯械	0.000260	0.116534	0.000030
褉邪蟹谢懈褔薪褘褏	0.000260	2.302585	0.000598
褉邪蟹屑械褉褍	0.000260	4.605170	0.001196
褉邪蟹薪芯芯斜褉邪蟹懈褌褜	0.000260	3.506558	0.000911
褉邪蟹薪芯芯斜褉邪蟹懈褟	0.000260	2.659260	0.000691
褉邪蟹薪褘械	0.000260	0.116534	0.000030
褉邪蟹薪褘屑懈	0.000260	2.813411	0.000731
褉邪蟹薪褘褏	0.000519	2.120264	0.001101
褉邪褋褋泻邪蟹褘胁邪褌褜	0.000260	2.995732	0.000778
褉邪褋褋芯谢褜薪懈泻	0.000519	0.040822	0.000021
褉邪褋褋芯谢褜薪懈泻邪	0.000260	0.116534	0.000030
褉邪褋褋褘谢泻懈	0.000260	0.061875	0.000016
褉邪褋褌懈褌械谢褜薪芯械	0.002078	0.235722	0.000490
褉械谐械薪械	0.000260	4.605170	0.001196
褉械谐懈褋褌褉邪褑懈懈	0.000519	0.010050	0.000005
褉械谐懈褋褌褉邪褑懈褟	0.000260	0.000000	0.000000
褉械谐褍谢褟褉薪褘泄	0.000260	3.912023	0.001016
褉械泄褌懈薪谐褍	0.000260	0.248461	0.000065
褉械锌褔邪褌褘泄	0.003117	0.430783	0.001343
褉械褋褌芯褉邪薪褔懈泻邪	0.000260	3.506558	0.000911
褉械褋褌芯褉邪薪褔懈泻邪褏	0.000260	3.506558	0.000911
褉械褋褌芯褉邪薪褔懈泻械	0.000260	2.995732	0.000778
褉械褑械锌褌	0.005195	0.040822	0.000212
褉械褑械锌褌邪	0.000519	0.462035	0.000240
褉械褑械锌褌邪褏	0.000260	0.061875	0.000016
褉械褑械锌褌芯胁	0.002078	0.040822	0.000085
褉械褑械锌褌芯屑	0.000519	0.693147	0.000360
褉械褑械锌褌褍	0.000260	0.891598	0.000232
褉械褑械锌褌褘	0.019221	0.040822	0.000785
褉械褕懈谢邪	0.000519	0.820981	0.000426
褉懈斜邪泄	0.000260	3.506558	0.000911
褉懈褋	0.002078	0.040822	0.000085
褉懈褋邪	0.000260	0.116534	0.000030
褉懈褋芯屑	0.000260	1.660731	0.000431
褉懈褌屑械	0.000260	0.116534	0.000030
褉芯谐邪谢懈泻懈	0.000260	0.040822	0.000011
褉芯写薪芯械	0.000260	0.116534	0.000030
褉芯写芯屑	0.000260	2.525729	0.000656
褉芯卸写械薪懈褟	0.000260	0.105361	0.000027
褉芯卸写械褋褌胁芯	0.000260	0.116534	0.000030
褉芯谢谢褌芯薪	0.000260	0.116534	0.000030
褉芯谢谢褘	0.000519	0.040822	0.000021
褉芯屑	0.000260	0.040822	0.000011
褉芯褋褋懈泄褋泻懈械	0.000260	3.506558	0.000911
褉褍斜褉懈泻邪褌芯褉	0.000260	0.051293	0.000013
褉褍谢械褌	0.000260	0.040822	0.000011
褉褍谢械褌褘	0.002597	0.116534	0.000303
褉褍屑褘薪褋泻邪褟	0.000260	0.116534	0.000030
褉褍屑褟薪褘械	0.000260	0.116534	0.000030
褉褍薪械褌械	0.000260	0.020203	0.000005
褉褍褋褋泻邪褟	0.000260	0.116534	0.000030
褉褘斜邪	0.002338	0.040822	0.000095
褉褘斜械	0.000519	0.116534	0.000061
褉褘斜薪邪褟	0.000260	0.116534	0.000030
褉褘斜薪芯谐芯	0.000519	0.116534	0.000061
褉褘斜薪褘械	0.001039	0.116534	0.000121
褉褘斜薪褘泄	0.000519	0.116534	0.000061
褉褘斜薪褘褏	0.000260	0.116534	0.000030
褉褘斜芯泄	0.000519	0.116534	0.000061
褉褘斜褘	0.003636	0.116534	0.000424
褉褟卸械薪泻邪	0.000260	0.116534	0.000030
褋邪写褍	0.000260	3.912023	0.001016
褋邪泄褌	0.000779	0.000000	0.000000
褋邪泄褌褍	0.000519	0.061875	0.000032
褋邪谢邪褌	0.000779	0.094311	0.000073
褋邪谢邪褌薪邪褟	0.000260	0.116534	0.000030
褋邪谢邪褌芯屑	0.000260	2.207275	0.000573
褋邪谢邪褌褘	0.008831	0.040822	0.000361
褋邪屑芯谐芯	0.000260	2.813411	0.000731
褋邪屑芯谐芯薪	0.000260	0.040822	0.000011
褋邪屑褘褏	0.000779	0.116534	0.000091
褋邪褎	0.000779	0.116534	0.000091
褋邪褎褋械屑	0.000260	0.116534	0.000030
褋邪褏邪褉	0.001039	0.116534	0.000121
褋斜懈褌械薪褜	0.000260	0.040822	0.000011
褋胁械卸械褋褌褜	0.000260	0.105361	0.000027
褋胁械泻谢邪	0.000260	0.040822	0.000011
褋胁械泻芯谢褜薪懈泻	0.000519	0.040822	0.000021
褋胁械褉褏褍	0.000260	2.995732	0.000778
褋胁械褌邪	0.001039	0.116534	0.000121
褋胁懈薪懈薪邪	0.000779	0.040822	0.000032
褋胁懈薪懈薪褘	0.001039	0.116534	0.000121
褋胁芯械	0.000260	0.116534	0.000030
褋胁芯械泄	0.000260	1.347074	0.000350
褋胁芯械屑	0.000260	0.040822	0.000011
褋胁芯懈屑	0.000260	0.040822	0.000011
褋胁芯懈褏	0.000519	1.347074	0.000700
褋胁芯褞	0.000260	0.040822	0.000011
褋谐褍褖械薪泻邪	0.000260	0.040822	0.000011
褋写械谢邪褌褜	0.000260	1.021651	0.000265
褋械蟹芯薪	0.000260	0.116534	0.000030
褋械泄	0.000260	2.995732	0.000778
褋械泄褔邪褋	0.000260	0.030459	0.000008
褋械泻褉械褌懈泻芯屑	0.000260	3.912023	0.001016
褋械泻褉械褌褘	0.000519	0.116534	0.000061
褋械谢械写泻邪	0.000260	0.040822	0.000011
褋械谢褜写械褉械泄	0.001558	2.120264	0.003304
褋械屑谐邪	0.000260	0.040822	0.000011
褋械屑械泄薪褘泄	0.000260	0.116534	0.000030
褋械屑褜械泄	0.000260	1.897120	0.000493
褋械屑褜懈	0.000260	0.116534	0.000030
褋械屑褜褟屑懈	0.000260	3.912023	0.001016
褋械薪褌褟斜褉褟	0.000779	0.673345	0.000525
褋械褉写褑械	0.000260	1.832581	0.000476
褋懈写褉	0.000260	0.040822	0.000011
褋懈谢	0.000260	3.506558	0.000911
褋懈屑褎芯薪懈褞	0.000260	3.506558	0.000911
褋懈褉懈泄褋泻邪褟	0.000260	0.116534	0.000030
褋懈褉芯锌	0.000260	0.040822	0.000011
褋懈褉芯锌褘	0.000260	0.116534	0.000030
褋懈褋褌械屑褘	0.000260	0.040822	0.000011
褋懈褌懈	0.000260	0.127833	0.000033
褋泻邪卸褍	0.000260	1.714798	0.000445
褋泻邪蟹邪谢邪	0.000260	1.832581	0.000476
褋泻邪蟹邪褌褜	0.000260	0.653926	0.000170
褋泻邪蟹芯泻	0.000260	0.116534	0.000030
褋泻谢邪写褘胁邪褞褌褋褟	0.000519	3.506558	0.001822
褋谢邪写泻邪褟	0.001558	0.116534	0.000182
褋谢邪写泻懈械	0.001558	0.040822	0.000064
褋谢邪写泻懈泄	0.002338	0.105361	0.000246
褋谢邪写泻懈褏	0.000519	0.116534	0.000061
褋谢邪写泻芯	0.000260	0.116534	0.000030
褋谢懈胁泻懈	0.001039	1.078810	0.001121
褋谢懈胁芯褔薪芯械	0.002338	0.116534	0.000272
褋谢懈胁芯褔薪褘泄	0.000519	1.469676	0.000763
褋谢芯械薪芯谐芯	0.000260	0.127833	0.000033
褋谢芯械薪芯械	0.000779	0.116534	0.000091
褋谢芯械薪褘泄	0.000260	0.116534	0.000030
褋谢芯卸懈谢懈褋褜	0.000260	3.506558	0.000911
褋谢芯泄泻邪	0.000260	0.040822	0.000011
褋谢芯泄泻懈	0.000260	0.116534	0.000030
褋谢褍褔邪褟褏	0.000260	3.218876	0.000836
褋屑械褌邪薪邪	0.001299	0.105361	0.000137
褋屑械褕邪薪薪芯谐芯	0.000260	0.116534	0.000030
褋屑械褕薪芯	0.000260	3.506558	0.000911
褋屑芯谐谢邪	0.000260	3.506558	0.000911
褋屑芯谐谢懈	0.000260	3.506558	0.000911
褋屑芯卸械褌	0.000260	3.218876	0.000836
褋屑芯卸械褌械	0.000260	0.040822	0.000011
褋屑芯褌褉褞	0.000260	4.605170	0.001196
褋屑褍蟹懈	0.000779	0.040822	0.000032
褋薪械卸薪邪褟	0.000260	4.605170	0.001196
褋薪械卸芯泻	0.000260	4.605170	0.001196
褋薪褝泻	0.000260	0.116534	0.000030
褋芯斜懈褉邪械褌械褋褜	0.000260	0.040822	0.000011
褋芯斜懈褉邪褞褌褋褟	0.000260	2.995732	0.000778
褋芯胁械褉褕械薪薪芯	0.000519	1.171183	0.000608
褋芯胁械褉褕械薪褋褌胁芯	0.001299	0.116534	0.000151
褋芯胁械褌邪屑懈	0.000260	0.040822	0.000011
褋芯胁褋械屑	0.000779	1.139434	0.000888
褋芯谐谢邪褕邪械褌械褋褜	0.000260	0.040822	0.000011
褋芯写邪	0.000519	0.967584	0.000503
褋芯械胁褘泄	0.001039	0.798508	0.000830
褋芯蟹写邪械褌	0.000260	0.116534	0.000030
褋芯蟹写邪薪懈褟	0.000519	0.261365	0.000136
褋芯泻	0.000260	0.116534	0.000030
褋芯泻邪	0.000260	0.105361	0.000027
褋芯泻懈	0.000260	0.040822	0.000011
褋芯谢械薪褘械	0.000779	0.116534	0.000091
褋芯谢械薪褜褟	0.000519	0.116534	0.000061
褋芯谢薪械褔薪芯泄	0.000260	0.127833	0.000033
褋芯谢褜	0.005195	0.150823	0.000783
褋芯谢褟薪泻邪	0.000519	0.040822	0.000021
褋芯芯褌胁械褌褋褌胁褍械褌	0.000260	2.302585	0.000598
褋芯褉褌邪屑懈	0.000260	4.605170	0.001196
褋芯褉褌懈褉芯胁邪褌褜	0.000260	0.248461	0.000065
褋芯褋褌邪胁褜	0.000260	0.116534	0.000030
褋芯褍褋	0.003117	0.040822	0.000127
褋芯褍褋芯胁	0.000260	2.813411	0.000731
褋芯褍褋芯屑	0.001558	0.116534	0.000182
褋芯褍褋褘	0.001039	0.116534	0.000121
褋芯褏褉邪薪褟褌褜	0.000260	0.040822	0.000011
褋芯褑褋械褌懈	0.000260	0.040822	0.000011
褋芯褔械褌邪械屑褘械	0.000260	3.506558	0.000911
褋芯褔械褌邪薪懈械	0.000260	0.116534	0.000030
褋芯褔薪芯械	0.000260	0.116534	0.000030
褋芯褔薪褘械	0.000260	1.966113	0.000511
褋芯褕谢懈	0.000260	3.912023	0.001016
褋锌邪谢褜薪褟屑懈	0.000260	0.446287	0.000116
褋锌械褑懈邪谢褜薪芯械	0.000260	0.116534	0.000030
褋锌械褑懈懈	0.001818	0.105361	0.000192
褋锌械褑锌褉芯械泻褌	0.008571	0.116534	0.000999
褋锌懈褋芯泻	0.000260	0.116534	0.000030
褋锌芯褋芯斜械	0.000260	2.525729	0.000656
褋锌芯褞	0.000260	0.116534	0.000030
褋锌褉邪褕懈胁邪褟	0.000260	3.506558	0.000911
褋褉邪蟹褍	0.000260	0.733969	0.000191
褋褉械写懈蟹械屑薪芯屑芯褉褋泻邪褟	0.000260	0.127833	0.000033
褋褌邪泻邪薪械	0.000260	4.605170	0.001196
褋褌邪泻邪薪褔懈泻懈	0.000260	4.605170	0.001196
褋褌邪褉褘械	0.000260	0.261365	0.000068
褋褌邪褌褜褟褏	0.000260	0.061875	0.000016
褋褌械泄泻	0.000260	2.813411	0.000731
褋褌懈谢械	0.000260	0.116534	0.000030
褋褌懈谢褟	0.000260	0.116534	0.000030
褋褌芯懈褌	0.000519	1.771957	0.000920
褋褌芯谢	0.000519	0.105361	0.000055
褋褌芯谢邪	0.001558	0.116534	0.000182
褋褌芯谢褍	0.000260	2.302585	0.000598
褋褌芯谢褜	0.000260	3.506558	0.000911
褋褌芯褉芯薪褘	0.000260	2.659260	0.000691
褋褌褉邪薪	0.000260	3.218876	0.000836
褋褌褉邪薪邪	0.000260	2.525729	0.000656
褋褌褉邪薪邪褏	0.000260	3.912023	0.001016
褋褌褉邪薪褍	0.000260	3.506558	0.000911
褋褌褉芯懈褌械谢褜褋褌胁械	0.000260	0.040822	0.000011
褋褌褉芯懈褌械谢褜褋褌胁褍	0.000260	0.040822	0.000011
褋褌褉芯懈褌褜	0.000260	0.040822	0.000011
褋褌褉芯泄薪芯泄	0.000260	0.116534	0.000030
褋褍斜锌褉芯写褍泻褌芯胁	0.001818	0.116534	0.000212
褋褍斜锌褉芯写褍泻褌褘	0.000779	0.116534	0.000091
褋褍锌	0.005195	0.040822	0.000212
褋褍锌邪	0.000260	0.040822	0.000011
褋褍锌械褉	0.000260	2.302585	0.000598
褋褍锌械褉斜邪斜褍褕泻邪	0.001039	1.237874	0.001286
褋褍锌芯胁	0.000260	3.506558	0.000911
褋褍锌褘	0.005714	0.040822	0.000233
褋褍褌芯泻	0.000260	2.525729	0.000656
褋褍褎谢械	0.000779	0.040822	0.000032
褋褍褏邪褉懈	0.000260	0.040822	0.000011
褋褍褏邪褉懈泻邪屑懈	0.000260	3.912023	0.001016
褋褍褏芯屑褟褌懈薪褍	0.000260	4.605170	0.001196
褋褍褕懈	0.000519	0.040822	0.000021
褋褘褉	0.004416	0.040822	0.000180
褋褘褉邪	0.001299	0.116534	0.000151
褋褘褉邪屑懈	0.000260	0.127833	0.000033
褋褘褉薪懈泻	0.000260	0.040822	0.000011
褋褘褉薪懈泻懈	0.000779	0.116534	0.000091
褋褘褉薪褘械	0.001039	0.040822	0.000042
褋褘褉芯泻	0.000519	3.218876	0.001672
褋褘褉芯屑	0.001818	0.713350	0.001297
褋褘褌薪邪褟	0.000260	3.506558	0.000911
褋褘褌薪芯	0.000260	1.771957	0.000460
褋褘褌薪褘泄	0.001039	0.105361	0.000109
褋褘褌薪褘屑	0.000260	2.995732	0.000778
褋褘褔褍卸薪褘屑懈	0.000260	0.127833	0.000033
褋褝薪写胁懈褔懈	0.000260	0.127833	0.000033
褋褞褉锌褉懈蟹	0.000519	0.116534	0.000061
褌邪写卸懈泻褋泻邪褟	0.000260	0.116534	0.000030
褌邪懈谢邪薪写邪	0.000260	3.506558	0.000911
褌邪泄谢邪薪写械	0.000260	3.506558	0.000911
褌邪泄褋泻邪褟	0.000260	0.116534	0.000030
褌邪泄褋泻芯谐芯	0.000260	3.506558	0.000911
褌邪泄褑褘	0.000519	3.506558	0.001822
褌邪泻懈	0.000260	1.237874	0.000322
褌邪泻懈屑	0.000779	1.021651	0.000796
褌邪泻懈褏	0.000260	1.660731	0.000431
褌邪泻褍褞	0.000519	1.427116	0.000741
褌邪褉褌	0.000519	0.116534	0.000061
褌邪褉褌邪谢械褌泻懈	0.000519	0.040822	0.000021
褌邪褌邪褉褋泻邪褟	0.000260	0.116534	0.000030
褌胁械褉写褘泄	0.002078	0.562119	0.001168
褌胁芯懈	0.000519	0.116534	0.000061
褌胁芯褉懈	0.000260	0.116534	0.000030
褌胁芯褉芯谐	0.000519	0.040822	0.000021
褌胁芯褉芯谐芯屑	0.000260	0.105361	0.000027
褌胁芯褉芯卸薪芯械	0.000260	0.116534	0.000030
褌胁芯褉芯卸薪褘械	0.000519	0.116534	0.000061
褌胁芯褉芯卸薪褘泄	0.000260	0.116534	0.000030
褌械谢械胁懈蟹芯褉褍	0.000260	3.506558	0.000911
褌械谢械谐褉邪屑	0.000260	0.040822	0.000011
褌械谢褟褌懈薪褘	0.001039	0.116534	0.000121
褌械屑	0.000260	0.967584	0.000251
褌械锌械褉褜	0.000260	0.916291	0.000238
褌械锌谢芯屑	0.000260	0.116534	0.000030
褌械褉褉邪褋芯泄	0.000260	0.798508	0.000207
褌械褉褉懈薪	0.000519	0.040822	0.000021
褌械褋褌	0.001299	0.127833	0.000166
褌械褋褌邪	0.001818	0.105361	0.000192
褌械褋褌芯	0.003117	0.040822	0.000127
褌械褏	0.000260	0.634878	0.000165
褌械褏薪懈泻邪	0.001299	0.105361	0.000137
褌械褖懈薪	0.000260	0.040822	0.000011
褌屑	0.001039	0.127833	0.000133
褌芯锌谢械薪芯械	0.000260	0.116534	0.000030
褌芯褉褌	0.002857	0.040822	0.000117
褌芯褉褌褘	0.002338	0.116534	0.000272
褌褉邪胁褘	0.000260	0.105361	0.000027
褌褉邪写懈褑懈懈	0.000260	0.116534	0.000030
褌褉邪写懈褑懈泄	0.001039	0.116534	0.000121
褌褉邪写懈褑懈褟褏	0.000260	0.116534	0.000030
褌褉械屑褟	0.000260	4.605170	0.001196
褌褉械褏谢械褌懈械屑	0.000260	0.116534	0.000030
褌褉褍斜芯褔泻懈	0.000260	0.040822	0.000011
褌褍薪懈褋褋泻邪褟	0.000260	0.116534	0.000030
褌褍薪芯褕薪邪	0.000260	4.605170	0.001196
褌褍薪褑芯屑	0.000260	0.116534	0.000030
褌褍褉械褑泻邪褟	0.000260	0.116534	0.000030
褌褘泻胁邪	0.000260	0.040822	0.000011
褌褘褋褟褔懈	0.000260	3.506558	0.000911
褌褞谢褜锌邪薪褘	0.000260	4.605170	0.001196
褌褢锌谢芯屑	0.000260	3.912023	0.001016
褍胁械写芯屑谢械薪懈褟	0.000260	0.040822	0.000011
褍胁懈写械谢邪	0.000519	1.427116	0.000741
褍谐邪写邪泄	0.000519	3.912023	0.002032
褍谐芯谢泻懈	0.000260	4.605170	0.001196
褍谐芯褋褌懈谢邪	0.000260	2.995732	0.000778
褍写邪褔薪邪褟	0.000260	0.116534	0.000030
褍写邪褔薪褘泄	0.000260	3.506558	0.000911
褍写懈胁懈	0.000260	0.116534	0.000030
褍写懈胁谢褟泄褌械	0.001039	0.116534	0.000121
褍写芯胁芯谢褜褋褌胁懈械屑	0.000260	0.116534	0.000030
褍卸	0.000519	0.693147	0.000360
褍卸懈薪	0.001558	0.094311	0.000147
褍卸懈薪邪褌褜	0.000260	3.506558	0.000911
褍卸懈薪褍	0.000260	3.912023	0.001016
褍蟹斜械泻褋泻邪褟	0.000260	0.116534	0.000030
褍蟹薪邪胁邪谢懈	0.000260	3.506558	0.000911
褍泻褉邪懈薪褋泻邪褟	0.000260	0.116534	0.000030
褍泻褉邪褕械薪懈褟	0.002078	0.116534	0.000242
褍泻褉芯锌	0.002078	0.562119	0.001168
褍谢褘斜邪褟褋褜	0.000260	3.912023	0.001016
褍谢褘斜泻芯泄	0.000260	3.506558	0.000911
褍谢褘斜芯泻	0.000260	3.506558	0.000911
褍屑邪	0.000260	3.218876	0.000836
褍屑械谢褘械	0.000260	4.605170	0.001196
褍屑薪褘械	0.000260	4.605170	0.001196
褍锌芯褌褉械斜谢械薪懈械屑	0.000260	0.116534	0.000030
褍褉邪谢褜褋泻邪褟	0.000260	0.116534	0.000030
褍褉芯胁械薪褜	0.000519	3.506558	0.001822
褍褉芯胁薪懈	0.000260	4.605170	0.001196
褍褉芯卸邪泄	0.000260	0.105361	0.000027
褍褋褌芯褟褌褜	0.000260	3.506558	0.000911
褍褌胁械褉卸写邪械褌	0.000260	3.506558	0.000911
褍褌泻懈	0.000779	0.116534	0.000091
褍褌芯薪褍谢	0.000260	4.605170	0.001196
褍褏邪	0.000260	0.040822	0.000011
褍褔邪褋褌胁芯胁邪褌褜	0.000260	0.040822	0.000011
褍褔邪褌	0.000260	3.912023	0.001016
褎邪蟹械薪写褘	0.000260	0.127833	0.000033
褎邪薪褌邪蟹懈懈	0.001558	0.116534	0.000182
褎邪薪褌邪蟹懈泄	0.000260	0.116534	0.000030
褎邪薪褌邪蟹懈褟	0.000260	0.116534	0.000030
褎邪褉褕	0.001039	1.021651	0.001061
褎邪褉褕邪	0.003377	0.040822	0.000138
褎邪褉褕懈褉芯胁邪薪薪邪褟	0.000519	0.116534	0.000061
褎邪褉褕懈褉芯胁邪薪薪芯械	0.000260	0.116534	0.000030
褎邪褉褕懈褉芯胁邪薪薪褘械	0.000519	0.040822	0.000021
褎邪褉褕懈褉芯胁邪薪薪褘泄	0.000260	0.040822	0.000011
褎邪褋芯谢褜	0.000260	0.040822	0.000011
褎械胁褉邪谢褟	0.000779	0.105361	0.000082
褎械泄械褉胁械褉泻	0.000519	0.116534	0.000061
褎械泄械褉胁械褉泻芯屑	0.000260	4.605170	0.001196
褎懈谐褍褉械	0.000260	0.116534	0.000030
褎懈薪褋泻邪褟	0.000260	0.116534	0.000030
褎懈褉屑械薪薪芯械	0.000260	0.116534	0.000030
褎懈褉屑械薪薪芯屑褍	0.000260	3.506558	0.000911
褎芯薪写褞	0.000260	0.040822	0.000011
褎芯褉屑褘	0.000260	0.116534	0.000030
褎芯褉褍屑械	0.000519	0.040822	0.000021
褎芯褉褕屑邪泻	0.000260	0.040822	0.000011
褎褉邪薪褑懈懈	0.000260	0.116534	0.000030
褎褉邪薪褑褍蟹褋泻邪褟	0.000260	0.116534	0.000030
褎褉邪褍	0.001039	0.116534	0.000121
褎褉褍泻褌芯胁	0.001039	0.116534	0.000121
褎褉褍泻褌芯胁芯	0.000260	0.116534	0.000030
褎褉褍泻褌芯胁褘械	0.001818	0.040822	0.000074
褎褍写	0.000260	0.116534	0.000030
褎褍褉褕械褌	0.000260	0.116534	0.000030
褏邪谢胁邪	0.000260	0.040822	0.000011
褏邪褉胁械褋褌褎械褋褌	0.000519	0.116534	0.000061
褏邪褉褔芯	0.000519	0.040822	0.000021
褏邪褕	0.000260	0.040822	0.000011
褏胁芯褉芯褋褌	0.000260	0.040822	0.000011
褏懈薪泻邪谢懈	0.000260	0.116534	0.000030
褏懈褌	0.001818	0.116534	0.000212
褏懈褌褉芯	0.000260	3.912023	0.001016
褏谢械斜	0.000779	0.040822	0.000032
褏谢械斜芯锌械褔泻懈	0.000260	0.116534	0.000030
褏谢芯锌褜褟	0.000519	0.105361	0.000055
褏芯写懈谢懈	0.000260	2.995732	0.000778
褏芯蟹褟懈薪	0.000519	3.218876	0.001672
褏芯蟹褟泄泻懈	0.000519	0.127833	0.000066
褏芯谢芯写械褑	0.000260	0.040822	0.000011
褏芯谢芯写懈谢褜薪懈泻械	0.000260	1.609438	0.000418
褏芯谢芯写薪芯屑	0.000260	2.525729	0.000656
褏芯谢芯写薪褘械	0.000519	0.116534	0.000061
褏芯谢芯写薪褘泄	0.000519	0.116534	0.000061
褏芯褉胁邪褌褋泻邪褟	0.000260	0.116534	0.000030
褏芯褉芯褕芯	0.001558	0.105361	0.000164
褏芯褉褋	0.000260	0.116534	0.000030
褏芯褌懈屑	0.000260	3.218876	0.000836
褏芯褌懈褌械	0.000260	0.040822	0.000011
褏芯褔褍	0.000779	0.562119	0.000438
褏褉褍褋褌褟褖械泄	0.000260	1.609438	0.000418
褏褍屑褍褋	0.000260	0.040822	0.000011
褑邪褉褋褌胁芯	0.000260	0.127833	0.000033
褑邪褉褜	0.000260	0.116534	0.000030
褑胁械褌薪邪褟	0.000260	0.040822	0.000011
褑械薪薪褘褏	0.000260	0.040822	0.000011
褑械薪褌褉	0.000260	0.116534	0.000030
褔邪械屑	0.000260	0.116534	0.000030
褔邪泄	0.000779	0.040822	0.000032
褔邪褋褌芯	0.001039	0.994252	0.001033
褔械斜褍褉械泻懈	0.000519	0.040822	0.000021
褔械谐芯	0.000260	1.203973	0.000313
褔械谢芯胁械泻邪	0.000260	2.659260	0.000691
褔械薪褜	0.000260	4.605170	0.001196
褔械褉械褕泻芯胁褘泄	0.001039	2.659260	0.002763
褔械褉泻懈蟹芯胁芯	0.000519	0.116534	0.000061
褔械褉薪褘泄	0.003117	0.371064	0.001157
褔械褋薪芯泻	0.001039	0.314711	0.000327
褔械褋褌薪褘屑懈	0.000260	0.040822	0.000011
褔械褋褌褜	0.000260	2.659260	0.000691
褔械褔械胁懈褑邪	0.000260	0.040822	0.000011
褔械褕褋泻邪褟	0.000260	0.116534	0.000030
褔懈蟹泻械泄泻	0.001039	0.040822	0.000042
褔懈谢懈泄褋泻邪褟	0.000260	0.116534	0.000030
褔懈锌褋褘	0.000260	0.040822	0.000011
褔懈褋谢褍	0.000260	0.261365	0.000068
褔褍写械褋	0.000260	0.116534	0.000030
褔褍褌芯褔泻褍	0.000260	3.506558	0.000911
褕邪屑锌懈薪褜芯薪褘	0.000519	1.309333	0.000680
褕邪褉懈泻懈	0.000260	0.040822	0.000011
褕邪褉谢芯褌泻邪	0.000260	0.040822	0.000011
褕邪褉谢芯褌泻懈	0.000260	0.127833	0.000033
褕邪褉屑	0.000260	0.116534	0.000030
褕邪褕谢褘泻	0.003117	0.040822	0.000127
褕邪褕谢褘泻懈	0.000260	0.040822	0.000011
褕胁械写褋泻邪褟	0.000260	0.116534	0.000030
褕胁械泄褑邪褉褋泻邪褟	0.000260	0.116534	0.000030
褕械写械胁褉褘	0.000260	0.116534	0.000030
褕械谢泻芯胁褘泄	0.000260	3.912023	0.001016
褕械褋褌胁懈械屑	0.000260	4.605170	0.001196
褕械褎	0.000260	0.127833	0.000033
褕懈锌褍褔泻邪	0.000260	0.040822	0.000011
褕懈褉芯泻邪褟	0.000260	0.127833	0.000033
褕泻胁邪褉芯褔泻邪屑懈	0.000260	4.605170	0.001196
褕泻芯谢褍	0.000260	0.116534	0.000030
褕芯泻芯谢邪写	0.000260	0.040822	0.000011
褕芯褌谢邪薪写褋泻邪褟	0.000260	0.116534	0.000030
褕褌褉褍写械谢褜	0.000260	0.040822	0.000011
褕褌褍褔泻懈	0.000260	2.120264	0.000551
褕褍褉锌邪	0.000260	0.040822	0.000011
褖邪褋	0.000260	0.116534	0.000030
褖械写褉邪褟	0.000260	0.116534	0.000030
褖懈	0.000779	0.040822	0.000032
褝泻芯屑懈谢泻	0.000260	0.127833	0.000033
褝褉懈	0.000260	4.605170	0.001196
褝褋褌芯薪褋泻邪褟	0.000260	0.116534	0.000030
褝褌芯屑	0.000779	0.843970	0.000658
褝褌褍	0.000260	1.272966	0.000331
褞谐芯褋谢邪胁褋泻邪褟	0.000260	0.116534	0.000030
褟谐芯写薪褘械	0.000519	0.116534	0.000061
褟谐芯写薪褘泄	0.000519	0.116534	0.000061
褟蟹胁懈褌械谢褜薪褘	0.000260	4.605170	0.001196
褟蟹褘泻	0.000260	0.040822	0.000011
褟懈褑	0.001039	0.116534	0.000121
褟泄褑邪	0.000260	0.040822	0.000011
褟泄褑芯	0.003636	0.261365	0.000950
褟薪胁邪褉褟	0.000779	0.733969	0.000572
褟薪写械泻褋	0.000260	0.072571	0.000019
褟锌芯薪褋泻邪褟	0.000260	0.116534	0.000030
褟锌芯薪褋泻芯泄	0.000260	0.061875	0.000016
褟褉泻懈械	0.000260	0.116534	0.000030
褟褉泻芯	0.000260	0.105361	0.000027
褟褉屑邪褉泻芯泄	0.000260	4.605170	0.001196
褟褉芯褋谢邪胁褋泻芯泄	0.000260	4.605170	0.001196
