褌芯泻械薪	TF	IDF	TF-IDF
邪斜褏邪蟹褋泻邪褟	0.000299	0.116534	0.000035
邪胁谐褍褋褌邪	0.000299	0.867501	0.000259
邪胁褋褌褉邪谢懈泄褋泻邪褟	0.000299	0.116534	0.000035
邪胁褋褌褉懈泄褋泻邪褟	0.000299	0.116534	0.000035
邪胁褌芯泻谢邪胁邪	0.000299	0.116534	0.000035
邪胁褌芯褉邪屑	0.000299	0.040822	0.000012
邪胁褌芯褉褍	0.000597	1.660731	0.000992
邪谐褉芯	0.000299	0.116534	0.000035
邪写卸懈泻邪	0.000299	0.040822	0.000012
邪卸褍褉械	0.000299	2.525729	0.000754
邪蟹械褉斜邪泄写卸邪薪褋泻邪褟	0.000299	0.116534	0.000035
邪蟹懈邪褌褋泻邪褟	0.000299	0.127833	0.000038
邪蟹褘	0.000299	0.127833	0.000038
邪泄褉邪薪	0.000299	0.040822	0.000012
邪泻胁邪褌懈泻邪	0.000896	0.127833	0.000115
邪泻褑懈懈	0.000299	2.120264	0.000633
邪谢械泻褋械褟	0.000299	0.127833	0.000038
邪谢泻芯谐芯谢褜	0.000597	0.116534	0.000070
邪谢泻芯谐芯谢褜薪褘械	0.000299	0.116534	0.000035
邪谢泻芯谐芯谢褟	0.000299	0.116534	0.000035
邪谢褜褟薪褋	0.000299	0.116534	0.000035
邪屑械褉懈泻邪薪褋泻邪褟	0.000299	0.116534	0.000035
邪薪谐谢懈泄褋泻邪褟	0.000299	0.116534	0.000035
邪薪写褉械褟	0.000299	0.127833	0.000038
邪锌褉械谢褟	0.000896	0.579818	0.000520
邪褉邪斜褋泻邪褟	0.000299	0.116534	0.000035
邪褉谐械薪褌懈薪褋泻邪褟	0.000299	0.116534	0.000035
邪褉屑褟薪褋泻邪褟	0.000299	0.116534	0.000035
邪褉芯屑邪褌芯屑	0.000597	1.514128	0.000904
邪褋褋芯褉褌懈	0.000597	0.116534	0.000070
邪褌谢邪薪褌	0.000299	0.127833	0.000038
邪褎谐邪薪褋泻邪褟	0.000299	0.116534	0.000035
邪褎褉懈泻邪薪褋泻邪褟	0.000299	0.116534	0.000035
邪褔屑褘	0.000299	3.506558	0.001047
邪褝褉芯谐褉懈谢械	0.002987	0.116534	0.000348
邪褝褉芯锌芯褉褌褍	0.000299	2.525729	0.000754
斜邪斜懈褔	0.000597	1.514128	0.000904
斜邪泻谢邪卸邪薪褘	0.000299	0.040822	0.000012
斜邪谢褌泻芯屑	0.000299	0.127833	0.000038
斜邪褉邪薪懈薪褘	0.001195	0.116534	0.000139
斜邪褉薪褏邪褍褋	0.000299	3.218876	0.000961
斜邪褋屑邪褌懈	0.000597	0.127833	0.000076
斜邪褋褌褍褉屑邪	0.000299	0.040822	0.000012
斜邪褌芯薪	0.000896	1.660731	0.001488
斜邪褌芯薪褔懈泻懈	0.000299	0.127833	0.000038
斜邪褕泻懈褉褋泻邪褟	0.000299	0.116534	0.000035
斜械蟹邪谢泻芯谐芯谢褜薪褘械	0.000299	0.116534	0.000035
斜械蟹谐谢褞褌械薪芯胁褘械	0.000299	0.116534	0.000035
斜械蟹械	0.001195	0.040822	0.000049
斜械蟹屑械褉薪芯	0.000299	2.659260	0.000794
斜械谢械斜械械胁褋泻懈泄	0.000597	0.116534	0.000070
斜械谢芯褉褍褋褋泻邪褟	0.000299	0.116534	0.000035
斜械谢褜谐懈泄褋泻邪褟	0.000299	0.116534	0.000035
斜械褉械屑械薪薪褘褏	0.000299	0.116534	0.000035
斜械褋械写懈薪邪	0.000299	0.127833	0.000038
斜械褋锌芯写芯斜薪褘泄	0.000299	2.407946	0.000719
斜懈蟹薪械褋	0.000299	2.525729	0.000754
斜懈褋泻胁懈褌	0.000299	0.040822	0.000012
斜懈褋泻胁懈褌薪芯械	0.000597	0.116534	0.000070
斜懈褋泻胁懈褌薪褘泄	0.000299	0.105361	0.000031
斜懈褋泻胁懈褌褘	0.000299	0.127833	0.000038
斜谢邪谐芯写邪褉薪邪	0.000299	1.660731	0.000496
斜谢懈卸械	0.000299	0.116534	0.000035
斜谢懈蟹泻懈褏	0.000299	0.116534	0.000035
斜谢懈薪芯胁	0.000597	0.116534	0.000070
斜谢懈薪褘	0.001195	0.040822	0.000049
斜谢懈褑	0.000299	2.207275	0.000659
斜谢芯薪写懈薪芯褔泻邪	0.000299	3.218876	0.000961
斜谢褞写	0.000597	0.094311	0.000056
斜谢褞写邪	0.032855	0.040822	0.001341
斜谢褞写芯	0.002688	0.040822	0.000110
斜谢褞写芯屑	0.000299	0.994252	0.000297
斜谢褞写褍	0.000299	0.116534	0.000035
斜芯斜芯胁褘械	0.000597	0.127833	0.000076
斜芯斜芯胁褘褏	0.001792	0.116534	0.000209
斜芯谢谐邪褉褋泻邪褟	0.000299	0.116534	0.000035
斜芯谢谐邪褉褋泻懈泄	0.000597	0.843970	0.000504
斜芯谢褜褕械	0.000597	0.105361	0.000063
斜芯褉褌	0.000299	2.525729	0.000754
斜芯褉褌芯胁芯谐芯	0.000299	2.525729	0.000754
斜芯褉褖	0.000597	0.040822	0.000024
斜芯褌胁懈薪褜褟	0.000299	0.040822	0.000012
斜褉邪蟹懈谢褜褋泻邪褟	0.000299	0.116534	0.000035
斜褉邪褌芯屑	0.000299	3.218876	0.000961
斜褉邪褍蟹械褉械	0.000299	0.040822	0.000012
斜褉邪褍薪懈	0.000299	0.040822	0.000012
斜褉械褋褌	0.000299	0.127833	0.000038
斜褉芯泻泻芯谢懈	0.000299	0.040822	0.000012
斜褍卸械薪懈薪邪	0.000299	0.040822	0.000012
斜褍谢芯褔泻邪屑懈	0.000299	0.116534	0.000035
斜褍谢芯褔泻懈	0.000597	0.040822	0.000024
斜褍谢褜芯薪	0.002091	0.040822	0.000085
斜褍谢褜芯薪褘	0.001195	0.116534	0.000139
斜褍褉谐械褉	0.000299	0.040822	0.000012
斜褍褉谐械褉褘	0.000299	0.127833	0.000038
斜褍褉褟褌褋泻邪褟	0.000299	0.116534	0.000035
斜褍褌械褉斜褉芯写	0.000597	0.116534	0.000070
斜褍褌械褉斜褉芯写褘	0.000896	0.040822	0.000037
斜褘褋褌褉芯	0.001493	0.094311	0.000141
斜褘褋褌褉芯泄	0.000299	0.116534	0.000035
斜褘褋褌褉褘泄	0.000896	0.105361	0.000094
胁邪卸薪褘械	0.000299	0.116534	0.000035
胁邪谢谢懈泄褋泻邪褟	0.000299	0.116534	0.000035
胁邪褉械薪懈泻懈	0.000299	0.116534	0.000035
胁邪褉械薪褜械	0.000597	0.040822	0.000024
胁邪褉懈邪薪褌	0.000299	0.562119	0.000168
胁邪褌褉褍褕泻懈	0.000299	0.040822	0.000012
胁邪褎谢懈	0.000597	0.040822	0.000024
胁邪褕	0.000299	1.309333	0.000391
胁邪褕械	0.000299	1.897120	0.000567
胁邪褕械泄	0.000597	0.040822	0.000024
胁邪褕懈屑	0.000299	2.040221	0.000609
胁胁芯写褟	0.000299	0.040822	0.000012
胁写芯褏薪芯胁械薪懈械	0.001195	0.116534	0.000139
胁写芯褏薪芯胁械薪懈械屑	0.000597	0.116534	0.000070
胁写芯褏薪芯胁谢褟泄褋褟	0.000299	0.116534	0.000035
胁械谐械褌邪褉懈邪薪褋泻懈械	0.000299	0.127833	0.000038
胁械谐械褌邪褉懈邪薪褋泻芯械	0.000299	0.116534	0.000035
胁械谢懈泻懈泄	0.000299	0.116534	0.000035
胁械谢懈泻芯谢械锌薪褘泄	0.000299	1.832581	0.000547
胁械薪谐械褉褋泻邪褟	0.000299	0.116534	0.000035
胁械褋械薪薪懈械	0.000299	0.051293	0.000015
胁械褋薪邪	0.001493	0.116534	0.000174
胁械褋薪褘	0.000299	0.116534	0.000035
胁械褌褔懈薪邪	0.000597	1.469676	0.000878
胁械褌褔懈薪褘	0.000299	0.105361	0.000031
胁懈写械芯	0.000597	0.116534	0.000070
胁懈写械芯褉械褑械锌褌褘	0.000299	0.301105	0.000090
胁懈薪芯	0.000597	0.040822	0.000024
胁泻谢褞褔邪褞褖懈褏	0.000299	0.634878	0.000190
胁泻褍褋	0.000896	0.105361	0.000094
胁泻褍褋邪	0.002389	0.116534	0.000278
胁泻褍褋薪邪褟	0.001195	0.061875	0.000074
胁泻褍褋薪械械	0.000597	0.116534	0.000070
胁泻褍褋薪械泄	0.000299	0.116534	0.000035
胁泻褍褋薪芯	0.002091	0.094311	0.000197
胁泻褍褋薪芯械	0.000299	0.994252	0.000297
胁泻褍褋薪芯褌懈褖褍	0.000299	3.218876	0.000961
胁泻褍褋薪褘械	0.000597	0.105361	0.000063
胁泻褍褋薪褘泄	0.000299	0.385662	0.000115
胁泻褍褋薪褟褌懈薪邪	0.000299	3.218876	0.000961
胁泻褍褋芯屑	0.000597	0.105361	0.000063
胁谢褞斜谢械薪薪褘褏	0.000299	0.116534	0.000035
胁薪邪褔邪谢械	0.001195	0.248461	0.000297
胁芯	0.000299	0.061875	0.000018
胁芯写邪	0.000597	0.287682	0.000172
胁芯写械	0.000299	0.105361	0.000031
胁芯泄褌懈	0.000299	0.000000	0.000000
胁芯谢芯胁邪薪褘	0.000299	0.116534	0.000035
胁芯谢褕械斜薪邪褟	0.000299	2.659260	0.000794
胁芯谢褕械斜薪芯	0.000299	2.525729	0.000754
胁芯谢褕械斜薪褘械	0.000299	0.116534	0.000035
胁芯谢褕械斜褋褌胁芯	0.000299	0.116534	0.000035
胁芯锌褉芯褋褘	0.000299	0.000000	0.000000
胁芯褋锌芯屑懈薪邪薪懈械	0.000299	3.218876	0.000961
胁芯褋褌芯褔薪邪褟	0.000299	0.127833	0.000038
胁褉械屑械薪邪	0.000299	0.116534	0.000035
胁褉械屑械薪械屑	0.001792	0.116534	0.000209
胁褋械谐写邪	0.000299	0.653926	0.000195
胁褋械谐芯	0.000299	0.186330	0.000056
胁褋械泄	0.000896	0.105361	0.000094
胁褋械屑褍	0.000299	0.061875	0.000018
胁褋锌芯屑薪懈褌褜	0.000299	0.040822	0.000012
胁褌芯褉芯械	0.000299	0.116534	0.000035
胁褌芯褉褘械	0.000299	0.127833	0.000038
胁褏芯写	0.000896	0.030459	0.000027
胁褔械褉邪	0.000299	2.040221	0.000609
胁褘谐谢褟写懈褌	0.000299	2.120264	0.000633
胁褘泄褌懈	0.000299	0.040822	0.000012
胁褘锌械褔泻邪	0.005376	0.040822	0.000219
胁褘锌械褔泻懈	0.000597	0.072571	0.000043
胁褘锌械褔泻芯泄	0.000299	0.116534	0.000035
胁褘锌褉芯褋懈谢邪	0.000299	2.525729	0.000754
胁褘褉褍褔邪谢芯褔泻邪	0.000299	1.560648	0.000466
胁褜械褌薪邪屑褋泻邪褟	0.000299	0.116534	0.000035
谐邪胁邪泄褋泻邪褟	0.000299	0.116534	0.000035
谐邪褉薪懈褉	0.001493	0.040822	0.000061
谐邪褋锌邪褔芯	0.000299	0.040822	0.000012
谐械芯谐褉邪褎懈褟	0.000299	0.116534	0.000035
谐谢邪胁薪褘泄	0.000299	0.040822	0.000012
谐谢邪蟹褍褉褜	0.000896	0.040822	0.000037
谐谢懈薪褌胁械泄薪	0.000299	0.040822	0.000012
谐薪械蟹写芯	0.000299	2.302585	0.000688
谐芯胁褟写懈薪褘	0.001195	0.116534	0.000139
谐芯写	0.002688	0.105361	0.000283
谐芯写邪	0.004480	0.248461	0.001113
谐芯写褍	0.000299	1.171183	0.000350
谐芯谢谢邪薪写褋泻邪褟	0.000299	0.116534	0.000035
谐芯褉写褘泄	0.000299	3.506558	0.001047
谐芯褉芯写邪	0.000299	0.116534	0.000035
谐芯褉芯褏	0.000299	0.116534	0.000035
谐芯褉褔懈褑邪	0.000597	0.040822	0.000024
谐芯褉褔懈褑邪屑懈	0.000299	0.127833	0.000038
谐芯褉褕芯褔泻邪褏	0.000299	0.105361	0.000031
谐芯褉褕芯褔泻械	0.000299	0.040822	0.000012
谐芯褉褟褔械械	0.000896	0.116534	0.000104
谐芯褉褟褔懈械	0.014038	0.105361	0.001479
谐芯褉褟褔懈泄	0.000597	0.116534	0.000070
谐芯褋褌懈	0.000597	0.116534	0.000070
谐芯褌芯胁懈谢邪	0.000299	0.733969	0.000219
谐芯褌芯胁懈谢懈	0.000299	1.560648	0.000466
谐芯褌芯胁懈屑	0.001792	0.094311	0.000169
谐芯褌芯胁懈褌褋褟	0.000299	0.478036	0.000143
谐芯褌芯胁懈褌褜	0.001792	0.105361	0.000189
谐芯褌芯胁褜	0.000597	0.116534	0.000070
谐芯褌芯胁褟褌	0.000299	0.116534	0.000035
谐芯褌芯胁褟褌褋褟	0.000299	1.660731	0.000496
谐褉械薪泻懈	0.000597	0.040822	0.000024
谐褉械褔械褋泻邪褟	0.000299	0.116534	0.000035
谐褉械褔泻邪	0.000299	0.040822	0.000012
谐褉懈斜邪屑懈	0.001195	0.105361	0.000126
谐褉懈斜薪褘械	0.000597	0.040822	0.000024
谐褉懈斜芯胁	0.000896	0.116534	0.000104
谐褉懈斜褘	0.000896	0.040822	0.000037
谐褉懈谢械	0.001493	0.116534	0.000174
谐褉懈谢褜	0.000299	0.116534	0.000035
谐褉懈谢褜屑邪薪懈褟	0.000299	0.116534	0.000035
谐褉懈谢褟	0.001195	0.116534	0.000139
谐褉芯谐	0.000299	0.040822	0.000012
谐褉褍写泻邪	0.000597	1.108663	0.000662
谐褉褍蟹懈薪褋泻邪褟	0.000299	0.116534	0.000035
谐褉褍锌锌褘	0.000299	0.061875	0.000018
谐褍褉屑邪薪懈褟	0.001792	0.116534	0.000209
谐褍褉屑械	0.000299	0.127833	0.000038
谐褍褋褟	0.000597	0.105361	0.000063
写邪械褌	0.000299	0.040822	0.000012
写邪薪薪褘械	0.000299	0.040822	0.000012
写邪褉褘	0.000299	0.116534	0.000035
写邪褌械	0.000597	0.248461	0.000148
写邪褌褋泻邪褟	0.000299	0.116534	0.000035
写邪褔薪芯械	0.000896	0.116534	0.000104
写械胁芯褔泻懈	0.000597	1.427116	0.000853
写械泻邪斜褉褟	0.000597	0.597837	0.000357
写械泻芯褉	0.000299	0.127833	0.000038
写械谢邪械褌	0.000597	0.116534	0.000070
写械谢懈屑褋褟	0.000299	0.040822	0.000012
写械谢芯屑	0.000299	0.116534	0.000035
写械薪褜	0.000896	0.083382	0.000075
写械褋械褉褌	0.000896	0.116534	0.000104
写械褋械褉褌邪褑懈褟	0.000299	0.116534	0.000035
写械褋械褉褌薪褘械	0.000299	0.116534	0.000035
写械褋械褉褌褘	0.004182	0.040822	0.000171
写械褌械泄	0.000299	0.116534	0.000035
写械褌褋褌胁邪	0.000299	2.207275	0.000659
写卸械屑	0.000299	0.040822	0.000012
写蟹械薪	0.000299	0.116534	0.000035
写懈械褌邪	0.000299	0.116534	0.000035
写懈械褌褘	0.000299	0.116534	0.000035
写懈泻懈泄	0.000597	0.116534	0.000070
写懈泻芯谐芯	0.000299	0.116534	0.000035
写懈锌	0.000299	0.116534	0.000035
写懈褔懈	0.000597	0.116534	0.000070
写懈褔褜	0.000299	0.116534	0.000035
写薪械胁薪懈泻邪褏	0.000299	0.061875	0.000018
写薪械泄	0.000896	0.116534	0.000104
写薪褟	0.000299	0.040822	0.000012
写芯斜邪胁谢械薪懈褟屑	0.000299	0.274437	0.000082
写芯斜邪胁谢褟褌褜	0.000299	0.040822	0.000012
写芯斜邪胁褜	0.000299	0.116534	0.000035
写芯斜褉芯褎谢芯褌	0.000299	0.127833	0.000038
写芯胁械褉褟械褕褜	0.000299	0.116534	0.000035
写芯屑	0.002389	0.040822	0.000098
写芯屑邪褕薪械械	0.000896	0.040822	0.000037
写芯屑邪褕薪懈械	0.000597	0.040822	0.000024
写芯屑邪褕薪懈泄	0.001792	0.116534	0.000209
写芯屑邪褕薪褟褟	0.000597	0.105361	0.000063
写芯屑芯胁	0.000299	0.040822	0.000012
写芯褉芯卸泻褍	0.000299	3.218876	0.000961
写褉邪泄胁	0.001493	0.127833	0.000191
写褉芯卸卸械胁芯械	0.000299	0.116534	0.000035
写褉芯卸卸懈	0.000597	0.941609	0.000562
写褉褍谐懈屑懈	0.000299	0.040822	0.000012
写褉褍谐芯屑褍	0.000299	2.407946	0.000719
写褍屑邪褞	0.000299	1.427116	0.000426
写褍褏芯胁泻邪	0.001195	0.127833	0.000153
写褍褏芯胁泻械	0.000299	0.867501	0.000259
写褍褕懈	0.000896	0.105361	0.000094
械胁褉械泄褋泻邪褟	0.000299	0.116534	0.000035
械谐懈锌械褌褋泻邪褟	0.000299	0.116534	0.000035
械写懈薪褘泄	0.000299	0.040822	0.000012
械泻芯	0.000299	0.127833	0.000038
械褏邪谢懈	0.000299	3.218876	0.000961
卸邪褉懈谢邪	0.000299	2.995732	0.000895
卸邪褉泻芯械	0.000299	0.040822	0.000012
卸写邪谢懈	0.000299	3.218876	0.000961
卸械谢械	0.000896	0.040822	0.000037
卸械薪褋泻邪褟	0.000299	0.127833	0.000038
卸械薪褋泻芯屑	0.000299	0.061875	0.000018
卸械薪褖懈薪褘	0.000597	0.116534	0.000070
卸懈蟹薪懈	0.000299	0.040822	0.000012
卸懈蟹薪褜	0.000299	0.116534	0.000035
卸褍谢褜械薪	0.000299	0.040822	0.000012
卸褍褉薪邪谢邪	0.000299	0.127833	0.000038
卸褞谢褜械薪	0.000299	0.040822	0.000012
蟹邪斜褘谢邪	0.000299	2.302585	0.000688
蟹邪胁邪褉薪芯械	0.000299	0.116534	0.000035
蟹邪胁邪褉薪芯泄	0.000299	0.116534	0.000035
蟹邪胁褌褉邪泻	0.002389	0.094311	0.000225
蟹邪胁褌褉邪泻懈	0.000299	0.127833	0.000038
蟹邪谐谢褟薪懈褌械	0.000299	2.659260	0.000794
蟹邪谐芯褌芯胁泻懈	0.001195	0.040822	0.000049
蟹邪写邪胁邪褌褜	0.000299	0.040822	0.000012
蟹邪泄褑邪	0.000597	0.116534	0.000070
蟹邪泻胁邪褋泻邪	0.000299	0.040822	0.000012
蟹邪泻胁邪褋泻邪屑懈	0.000299	0.116534	0.000035
蟹邪泻胁邪褋芯泻	0.000299	0.127833	0.000038
蟹邪泻褉褘褌褘泄	0.000299	0.116534	0.000035
蟹邪泻褍褋泻懈	0.005675	0.040822	0.000232
蟹邪泻褍褋泻褍	0.000896	0.116534	0.000104
蟹邪泻褍褋芯薪褔懈泻	0.000299	0.116534	0.000035
蟹邪泻褍褋芯褔泻邪	0.000299	0.116534	0.000035
蟹邪泻褍褋芯褔薪褘械	0.002688	0.116534	0.000313
蟹邪谢懈胁薪芯械	0.000597	0.040822	0.000024
蟹邪屑械薪褟褌	0.000299	3.218876	0.000961
蟹邪屑芯褉芯蟹泻邪	0.000299	0.105361	0.000031
蟹邪锌邪写	0.000299	0.116534	0.000035
蟹邪锌械泻邪薪泻邪	0.001493	0.105361	0.000157
蟹邪锌械泻邪薪泻懈	0.002389	0.040822	0.000098
蟹邪锌械褔械薪薪褘泄	0.000299	1.897120	0.000567
蟹邪锌褉邪胁泻邪	0.000597	0.040822	0.000024
蟹邪褉械谐懈褋褌褉懈褉芯胁邪胁褕懈褋褜	0.000299	0.040822	0.000012
蟹邪褉械谐懈褋褌褉懈褉芯胁邪褌褜褋褟	0.000299	0.030459	0.000009
蟹邪褋芯谢泻邪	0.000299	0.116534	0.000035
蟹邪褏芯写懈褌械	0.000299	0.755023	0.000226
蟹胁邪薪褘泄	0.000299	0.127833	0.000038
蟹胁械蟹写邪	0.000299	0.127833	0.000038
蟹胁褢蟹写薪褘械	0.000299	0.116534	0.000035
蟹写芯褉芯胁芯械	0.000299	0.116534	0.000035
蟹写芯褉芯胁褘泄	0.000299	0.116534	0.000035
蟹械谢械薪褜	0.002688	0.094311	0.000254
蟹械褎懈褉	0.000299	0.040822	0.000012
蟹懈屑薪懈械	0.000299	0.051293	0.000015
蟹懈屑褍	0.001195	0.040822	0.000049
蟹薪邪械褌	0.000299	2.302585	0.000688
蟹薪邪褞	0.000299	0.755023	0.000226
蟹芯谢芯褌邪褟	0.000597	0.116534	0.000070
蟹芯谢芯褌懈褋褌芯泄	0.000299	2.659260	0.000794
蟹褉邪蟹褘	0.000896	2.040221	0.001828
懈胁邪薪芯胁邪	0.000299	0.127833	0.000038
懈谐褉褍褕邪	0.000299	2.995732	0.000895
懈写械邪谢褜薪邪褟	0.000299	0.116534	0.000035
懈写械邪谢褜薪芯谐芯	0.001493	0.116534	0.000174
懈写械邪谢褜薪芯械	0.000299	0.116534	0.000035
懈写械泄泻懈	0.000299	0.116534	0.000035
懈蟹写械谢懈褟	0.002688	0.116534	0.000313
懈蟹写械谢懈褟屑懈	0.001195	0.116534	0.000139
懈蟹褍屑懈褌械谢褜薪械泄褕懈泄	0.000299	2.659260	0.000794
懈泻褉邪	0.000896	0.040822	0.000037
懈谢谢褞褋褌褉懈褉芯胁邪薪	0.000299	2.120264	0.000633
懈屑械械褌	0.000299	1.832581	0.000547
懈屑械薪械屑	0.000299	0.040822	0.000012
懈薪胁械褉褌芯褉薪芯泄	0.000299	0.127833	0.000038
懈薪谐褉械写懈械薪褌褘	0.008961	0.139262	0.001248
懈薪写械泄泻懈	0.001493	0.094311	0.000141
懈薪写械泄泻芯泄	0.000299	0.116534	0.000035
懈薪写懈泄褋泻邪褟	0.000299	0.116534	0.000035
懈薪写懈谢邪泄褌	0.000896	0.116534	0.000104
懈薪写懈褉械褋薪褘械	0.000299	0.116534	0.000035
懈薪褋褌褉褍泻褑懈褟屑懈	0.000299	0.040822	0.000012
懈褉邪泻褋泻邪褟	0.000299	0.116534	0.000035
懈褉邪薪褋泻邪褟	0.000299	0.116534	0.000035
懈褉谢邪薪写褋泻邪褟	0.000299	0.116534	0.000035
懈褋泻邪谢邪	0.000299	2.302585	0.000688
懈褋泻褉械薪薪械	0.000299	0.116534	0.000035
懈褋谢邪薪写褋泻邪褟	0.000299	0.116534	0.000035
懈褋锌邪薪褋泻邪褟	0.000299	0.116534	0.000035
懈褋锌械泻懈	0.000299	0.116534	0.000035
懈褋褌懈薪械	0.000299	2.659260	0.000794
懈褋褌芯褉懈懈	0.001493	0.116534	0.000174
懈褋褌芯褉懈褞	0.000299	0.116534	0.000035
懈褌邪谢懈懈	0.000597	0.105361	0.000063
懈褌邪谢褜褟薪褋泻邪褟	0.000299	0.116534	0.000035
懈褞谢褟	0.000299	0.597837	0.000179
懈褞薪褟	0.000299	0.579818	0.000173
泄芯谐褍褉褌	0.000896	0.040822	0.000037
泻邪斜邪褔泻懈	0.000299	0.040822	0.000012
泻邪胁泻邪蟹褋泻邪褟	0.000299	0.116534	0.000035
泻邪卸写芯谐芯	0.000299	2.659260	0.000794
泻邪蟹邪薪械	0.000299	0.116534	0.000035
泻邪蟹邪褏褋泻邪褟	0.000299	0.116534	0.000035
泻邪泻邪芯	0.000597	0.040822	0.000024
泻邪谢械泄写芯褋泻芯锌	0.001195	0.116534	0.000139
泻邪谢屑褘褑泻邪褟	0.000299	0.116534	0.000035
泻邪谢褜屑邪褉	0.000299	0.040822	0.000012
泻邪屑械褉邪	0.000299	0.116534	0.000035
泻邪薪邪写褋泻邪褟	0.000299	0.116534	0.000035
泻邪薪邪谢	0.000597	0.040822	0.000024
泻邪薪邪谢械	0.000299	0.040822	0.000012
泻邪薪邪锌械	0.000597	0.040822	0.000024
泻邪锌褍褋褌邪	0.000597	0.040822	0.000024
泻邪锌褍褋褌薪褟泻	0.000299	0.040822	0.000012
泻邪锌褍褋褌褘	0.000299	0.040822	0.000012
泻邪褉邪屑械谢褜	0.000299	0.040822	0.000012
泻邪褉泻邪褋薪褘泄	0.001195	0.116534	0.000139
泻邪褉褌芯褎械谢褜	0.003286	0.040822	0.000134
泻邪褉褌芯褎械谢褜薪芯械	0.000299	0.040822	0.000012
泻邪褉褌芯褎械谢褜薪褘泄	0.000299	0.116534	0.000035
泻邪褉褌芯褎械谢褟	0.000896	1.897120	0.001700
泻邪褉褌芯褕械褔泻芯泄	0.000299	2.525729	0.000754
泻邪褉褌芯褕泻邪	0.000597	0.040822	0.000024
泻邪褌械谐芯褉懈懈	0.000299	0.116534	0.000035
泻邪褌械谐芯褉懈褟	0.004480	0.150823	0.000676
泻邪褔械褋褌胁芯	0.000299	0.116534	0.000035
泻邪褕邪	0.000299	0.040822	0.000012
泻邪褕懈	0.001493	0.105361	0.000157
泻邪褕褍	0.000299	0.094311	0.000028
泻胁邪褋	0.000896	0.040822	0.000037
泻胁邪褋薪芯械	0.000896	0.116534	0.000104
泻胁邪褋芯屑	0.000299	0.127833	0.000038
泻械泻褋	0.000299	0.040822	0.000012
泻械泻褋褘	0.000597	0.116534	0.000070
泻械褌褔褍锌	0.000597	1.560648	0.000932
泻械褎懈褉	0.002091	0.040822	0.000085
泻懈屑褔懈	0.000299	0.040822	0.000012
泻懈薪芯邪	0.000597	0.127833	0.000076
泻懈薪芯谢械薪褌邪	0.000299	0.116534	0.000035
泻懈褋械谢褜	0.000597	0.040822	0.000024
泻懈褌邪泄褋泻邪褟	0.000299	0.116534	0.000035
泻谢邪褋褋	0.002688	0.116534	0.000313
泻谢邪褋褋懈褔械褋泻懈褏	0.000299	2.407946	0.000719
泻谢邪褋褋褘	0.000299	0.116534	0.000035
泻薪懈谐褍	0.000597	0.040822	0.000024
泻芯泻褌械泄谢懈	0.000299	0.127833	0.000038
泻芯泻褌械泄谢褜	0.001493	0.040822	0.000061
泻芯谢斜邪褋邪	0.000896	0.040822	0.000037
泻芯谢斜邪褋薪褘屑懈	0.001195	0.116534	0.000139
泻芯谢写褍薪褘	0.000299	2.813411	0.000840
泻芯屑邪薪写邪	0.000597	0.127833	0.000076
泻芯屑懈	0.000299	0.116534	0.000035
泻芯屑屑械薪褌邪褉懈械胁	0.000299	0.223144	0.000067
泻芯屑锌邪薪懈泄	0.000299	0.105361	0.000031
泻芯屑锌芯褌	0.000896	0.040822	0.000037
泻芯薪懈薪褘	0.000299	0.116534	0.000035
泻芯薪泻褉械褌薪芯泄	0.000299	2.659260	0.000794
泻芯薪泻褍褉褋	0.063919	0.105361	0.006735
泻芯薪泻褍褉褋邪	0.000299	0.116534	0.000035
泻芯薪泻褍褉褋邪褏	0.000299	0.040822	0.000012
泻芯薪泻褍褉褋薪褘械	0.000299	0.127833	0.000038
泻芯薪褋械褉胁懈褉芯胁邪薪懈械	0.000299	0.040822	0.000012
泻芯薪褋械褉胁懈褉芯胁邪薪薪邪褟	0.000299	0.116534	0.000035
泻芯薪褋械褉胁懈褉芯胁邪薪薪芯械	0.000299	0.116534	0.000035
泻芯薪褋械褉胁懈褉芯胁邪薪薪褘械	0.000597	0.116534	0.000070
泻芯薪褋械褉胁懈褉芯胁邪薪薪褘泄	0.000299	0.116534	0.000035
泻芯薪褎械褌褌懈	0.000299	0.116534	0.000035
泻芯薪褎械褌褘	0.000896	0.040822	0.000037
泻芯薪褎懈写械薪褑懈邪谢褜薪芯褋褌懈	0.000299	0.040822	0.000012
泻芯薪褎懈褌褞褉	0.000299	0.040822	0.000012
泻芯锌褔械薪芯褋褌褟屑懈	0.000299	0.116534	0.000035
泻芯褉械泄褋泻邪褟	0.000299	0.116534	0.000035
泻芯褉械泄褋泻懈	0.000299	0.040822	0.000012
泻芯褉卸懈泻懈	0.000299	0.040822	0.000012
泻芯褉屑褟褖懈褏	0.000299	0.116534	0.000035
泻芯褉芯谢械胁褋泻芯械	0.000299	2.659260	0.000794
泻芯褌谢械褌邪褏	0.000299	2.525729	0.000754
泻芯褌谢械褌褘	0.001493	0.040822	0.000061
泻芯褌芯褉芯屑褍	0.000299	0.116534	0.000035
泻芯褎械	0.000597	0.040822	0.000024
泻芯褎械泄泻芯屑	0.000299	2.659260	0.000794
泻褉邪褋懈胁褘械	0.000299	1.897120	0.000567
泻褉邪褋泻懈	0.000299	0.116534	0.000035
泻褉邪褏屑邪谢	0.000597	0.891598	0.000533
泻褉械邪褌懈胁	0.000299	0.127833	0.000038
泻褉械屑	0.000299	0.040822	0.000012
泻褉械屑邪	0.000597	0.116534	0.000070
泻褉械锌泻懈泄	0.000299	0.116534	0.000035
泻褉芯谢懈泻邪	0.000597	0.116534	0.000070
泻褉芯屑械	0.000299	0.061875	0.000018
泻褉芯褏懈	0.000299	0.116534	0.000035
泻褉褍谐褍	0.000597	0.116534	0.000070
泻褉褍锌	0.001792	0.116534	0.000209
泻褉褍锌邪	0.000299	0.127833	0.000038
泻褉褍锌褘	0.000597	0.127833	0.000076
泻褉褍锌褟薪褘械	0.000299	0.116534	0.000035
泻褉褘屑褍	0.000299	2.407946	0.000719
泻褍斜懈薪褋泻邪褟	0.000299	0.116534	0.000035
泻褍谢械褕	0.000299	0.040822	0.000012
泻褍谢懈薪邪褉懈懈	0.000896	0.094311	0.000085
泻褍谢懈薪邪褉薪邪褟	0.000299	0.116534	0.000035
泻褍谢懈薪邪褉薪芯械	0.000299	0.116534	0.000035
泻褍谢懈薪邪褉薪褍褞	0.000597	0.040822	0.000024
泻褍谢懈薪邪褉薪褘泄	0.000299	0.072571	0.000022
泻褍谢懈薪邪褉薪褘褏	0.000299	0.116534	0.000035
泻褍谢懈褔	0.000299	0.040822	0.000012
泻褍谢懈褔懈	0.000299	0.116534	0.000035
泻褍褉写褋泻邪褟	0.000299	0.116534	0.000035
泻褍褉懈薪邪褟	0.000597	1.021651	0.000610
泻褍褉懈薪芯谐芯	0.000299	0.116534	0.000035
泻褍褉懈薪芯械	0.006571	0.127833	0.000840
泻褍褉懈薪褘泄	0.000299	0.105361	0.000031
泻褍褉懈褑邪	0.000597	0.040822	0.000024
泻褍褉懈褑褘	0.001195	0.116534	0.000139
泻褍褉芯褔泻芯泄	0.000299	0.116534	0.000035
泻褍褋泻褍褋	0.000299	0.040822	0.000012
泻褍褋芯褔泻邪	0.000299	1.897120	0.000567
泻褍褏薪械	0.000299	1.237874	0.000370
泻褍褏薪械泄	0.000299	0.040822	0.000012
泻褍褏薪懈	0.000896	0.040822	0.000037
泻褍褏薪褟	0.000896	0.116534	0.000104
泻褍褕邪褌褜	0.000299	2.525729	0.000754
泻褍褕邪褟	0.000299	3.506558	0.001047
谢邪胁邪褕	0.001792	0.040822	0.000073
谢邪胁邪褕邪	0.002389	0.116534	0.000278
谢邪谐屑邪薪	0.000299	0.040822	0.000012
谢邪蟹邪薪褜褞	0.000299	4.605170	0.001375
谢邪蟹邪薪褜褟	0.000299	2.995732	0.000895
谢邪泻芯屑褋褌胁芯	0.000299	0.116534	0.000035
谢邪锌褕邪	0.000597	0.040822	0.000024
谢邪褋褌芯褔泻懈薪芯	0.000299	2.302585	0.000688
谢邪褌褘褕褋泻邪褟	0.000299	0.116534	0.000035
谢械谐泻邪褟	0.000299	0.116534	0.000035
谢械谐泻懈泄	0.000597	0.116534	0.000070
谢械谐泻芯	0.001792	0.116534	0.000209
谢械薪懈胁邪褟	0.000299	2.813411	0.000840
谢械薪懈胁褘泄	0.000299	1.897120	0.000567
谢械锌械褕泻懈	0.002389	0.040822	0.000098
谢械褌邪	0.000299	0.116534	0.000035
谢械褌薪懈械	0.000299	0.040822	0.000012
谢械褌薪褟褟	0.000299	0.116534	0.000035
谢械褌芯	0.001493	0.116534	0.000174
谢械褔芯	0.000299	0.040822	0.000012
谢懈谐邪	0.000896	0.116534	0.000104
谢懈泻械褉	0.000299	0.040822	0.000012
谢懈屑芯薪邪写	0.000597	0.040822	0.000024
谢懈屑芯薪薪褘泄	0.000597	0.798508	0.000477
谢懈屑芯薪薪褘屑	0.000299	2.659260	0.000794
谢懈褌芯胁褋泻	0.000299	0.127833	0.000038
谢懈褌芯胁褋泻邪褟	0.000299	0.116534	0.000035
谢芯谐邪薪	0.000299	4.605170	0.001375
谢褍泻	0.003584	0.301105	0.001079
谢褍褔泻芯屑	0.000299	2.407946	0.000719
谢褍褔褕懈械	0.000299	0.116534	0.000035
谢褍褔褕懈泄	0.000597	0.040822	0.000024
谢褍褔褕懈褏	0.000299	0.116534	0.000035
谢褞斜胁懈	0.000299	0.105361	0.000031
谢褞斜懈屑芯谐芯	0.000299	0.127833	0.000038
谢褞斜懈屑芯屑褍	0.000299	0.116534	0.000035
谢褞斜懈屑褘屑	0.000299	1.469676	0.000439
谢褞斜懈屑褘褏	0.001792	0.116534	0.000209
谢褞斜芯胁褜	0.000299	0.116534	0.000035
谢褞斜芯泄	0.001195	0.116534	0.000139
谢褢写	0.000299	0.127833	0.000038
谢褢谢褟	0.000299	4.605170	0.001375
屑邪谐褉懈斜邪	0.000299	0.116534	0.000035
屑邪泄	0.000299	0.116534	0.000035
屑邪泄芯薪械蟹	0.003286	0.116534	0.000383
屑邪泄芯薪械蟹薪芯	0.000299	2.659260	0.000794
屑邪泻邪褉芯薪薪褘械	0.000299	0.116534	0.000035
屑邪泻邪褉芯薪褘	0.000299	0.040822	0.000012
屑邪谢邪蟹懈泄褋泻邪褟	0.000299	0.116534	0.000035
屑邪屑褍谢褟	0.000299	2.995732	0.000895
屑邪薪薪懈泻	0.000299	0.040822	0.000012
屑邪薪褌褘	0.000299	0.116534	0.000035
屑邪薪褢胁褉褘	0.000299	0.116534	0.000035
屑邪褉邪褎芯薪	0.000896	0.116534	0.000104
屑邪褉懈薪邪写	0.002688	0.040822	0.000110
屑邪褉懈薪邪写褘	0.000896	0.116534	0.000104
屑邪褉懈薪芯胁邪薪薪邪褟	0.000299	1.966113	0.000587
屑邪褉懈薪芯胁邪薪薪褘械	0.000299	0.116534	0.000035
屑邪褉屑械谢邪写	0.000299	0.040822	0.000012
屑邪褉芯泻泻邪薪褋泻邪褟	0.000299	0.116534	0.000035
屑邪褉褌邪	0.001792	0.105361	0.000189
屑邪褋泻邪褉锌芯薪械	0.000299	0.040822	0.000012
屑邪褋谢械薪懈褑邪	0.000896	0.040822	0.000037
屑邪褋谢械薪懈褔薪芯械	0.000299	0.116534	0.000035
屑邪褋谢芯	0.005675	0.116534	0.000661
屑邪褋谢芯屑	0.000597	0.116534	0.000070
屑邪褋褌械褉	0.002688	0.116534	0.000313
屑邪褋褌懈泻邪	0.000299	0.040822	0.000012
屑邪褋褌懈泻懈	0.000299	0.116534	0.000035
屑邪褎褎懈薪褘	0.000299	0.116534	0.000035
屑邪褏械械胁褗	0.001195	0.116534	0.000139
屑邪褟	0.000597	0.634878	0.000379
屑械写懈邪褎芯褉褌	0.000896	0.000000	0.000000
屑械写芯胁褘泄	0.000299	0.116534	0.000035
屑械泻褋懈泻邪薪褋泻邪褟	0.000299	0.116534	0.000035
屑械薪褞	0.000299	0.116534	0.000035
屑械薪褟	0.000299	0.083382	0.000025
屑械薪褟械褌褋褟	0.000299	0.116534	0.000035
屑械褔褌邪	0.000299	0.116534	0.000035
屑械褔褌褘	0.000597	0.040822	0.000024
屑懈写懈懈	0.000299	0.040822	0.000012
屑懈泻褉芯胁芯谢薪芯胁泻械	0.000299	0.116534	0.000035
屑懈谢褜械	0.000299	0.116534	0.000035
屑懈薪褍褌	0.000597	0.755023	0.000451
屑懈薪褍褌褘	0.000299	1.171183	0.000350
屑懈芯	0.000299	0.116534	0.000035
屑懈褉	0.000299	0.116534	0.000035
屑懈褉邪	0.000299	0.116534	0.000035
屑懈褉芯胁邪褟	0.000299	0.116534	0.000035
屑懈褋芯	0.000299	0.040822	0.000012
屑懈褋褌械褉懈褟	0.000299	0.116534	0.000035
屑懈褋褌褉邪谢褜	0.002091	0.116534	0.000244
屑薪芯卸械褋褌胁芯屑	0.000299	0.040822	0.000012
屑芯谐褍	0.000299	0.798508	0.000239
屑芯械	0.000299	0.116534	0.000035
屑芯卸械褌械	0.000299	0.000000	0.000000
屑芯泄	0.000299	0.105361	0.000031
屑芯谢写邪胁褋泻邪褟	0.000299	0.116534	0.000035
屑芯谢芯泻械	0.000299	0.105361	0.000031
屑芯谢芯泻芯	0.002091	0.116534	0.000244
屑芯谢芯褔薪褘泄	0.000597	0.040822	0.000024
屑芯谢芯褔薪褘褏	0.000299	0.116534	0.000035
屑芯屑械薪褌	0.000896	0.116534	0.000104
屑芯薪谐芯谢褜褋泻邪褟	0.000299	0.116534	0.000035
屑芯褉械	0.000299	0.116534	0.000035
屑芯褉械锌褉芯写褍泻褌芯胁	0.003584	0.040822	0.000146
屑芯褉械锌褉芯写褍泻褌褘	0.000597	0.116534	0.000070
屑芯褉泻芯胁褜	0.000896	0.040822	0.000037
屑芯褉芯卸械薪芯械	0.000896	0.040822	0.000037
屑芯褉褋	0.000299	0.040822	0.000012
屑芯褉褋褘	0.000299	0.116534	0.000035
屑芯褌懈胁邪屑	0.000299	3.218876	0.000961
屑芯褌芯褉	0.000299	0.116534	0.000035
屑芯褏懈褌芯	0.000299	0.040822	0.000012
屑芯褟	0.000299	1.427116	0.000426
屑褍卸	0.000597	1.171183	0.000700
屑褍卸褋泻邪褟	0.000299	0.127833	0.000038
屑褍卸褔懈薪褘	0.000597	0.116534	0.000070
屑褍泻邪	0.005376	0.274437	0.001475
屑褍谢褜褌懈胁邪褉泻械	0.011350	0.116534	0.001323
屑褍谢褜褌懈锌械泻邪褉械泄	0.000896	0.116534	0.000104
屑褍褋褋	0.000299	0.040822	0.000012
屑褍褋褋褘	0.000597	0.116534	0.000070
屑褍褔薪褘械	0.000299	0.116534	0.000035
屑褞褋谢懈	0.000597	0.116534	0.000070
屑褟褋邪	0.002688	0.116534	0.000313
屑褟褋邪屑	0.000299	3.506558	0.001047
屑褟褋薪芯谐芯	0.001493	0.116534	0.000174
屑褟褋薪芯泄	0.002987	0.116534	0.000348
屑褟褋薪褘械	0.001493	0.040822	0.000061
屑褟褋薪褘褏	0.000896	0.116534	0.000104
屑褟褋芯	0.002987	0.040822	0.000122
屑褟褋芯屑	0.002091	0.040822	0.000085
屑褟褋褍	0.000597	0.116534	0.000070
薪邪胁褋械谐写邪	0.000299	2.040221	0.000609
薪邪蟹胁邪薪懈械屑	0.000299	1.203973	0.000360
薪邪蟹胁邪薪懈褟	0.000299	2.120264	0.000633
薪邪蟹胁邪褌褜	0.000299	2.040221	0.000609
薪邪蟹薪邪褔械薪懈褟	0.000299	0.116534	0.000035
薪邪泄写械褌械	0.000299	2.813411	0.000840
薪邪泄写褍褌褋褟	0.000299	3.218876	0.000961
薪邪谢懈胁泻邪	0.000299	0.040822	0.000012
薪邪锌懈褌泻懈	0.001792	0.040822	0.000073
薪邪锌懈褌芯泻	0.000299	0.040822	0.000012
薪邪褋谢邪写懈褌褜褋褟	0.000299	2.302585	0.000688
薪邪褋褌芯泄泻邪	0.000299	0.040822	0.000012
薪邪褋褌芯褟褌械谢褜薪芯	0.000597	2.040221	0.001219
薪邪褋褌褉芯械薪懈械	0.000299	0.116534	0.000035
薪邪褏芯写泻邪	0.000299	2.525729	0.000754
薪邪褑懈芯薪邪谢褜薪褘械	0.000299	0.116534	0.000035
薪邪褔懈薪泻邪	0.000597	0.040822	0.000024
薪邪褔懈薪泻芯泄	0.000896	0.116534	0.000104
薪邪褕械屑	0.000299	0.040822	0.000012
薪邪褕懈	0.000299	0.061875	0.000018
薪邪褕谢邪	0.000597	0.579818	0.000346
薪械写械谢褟	0.002987	0.061875	0.000185
薪械写芯褉芯谐芯	0.000299	4.605170	0.001375
薪械械	0.000299	1.966113	0.000587
薪械卸薪芯泄	0.000299	0.116534	0.000035
薪械卸薪褘泄	0.000299	0.891598	0.000266
薪械屑械褑泻邪褟	0.000299	0.116534	0.000035
薪械芯斜褘褔薪褘褏	0.000299	2.995732	0.000895
薪械芯卸懈写邪薪薪褘械	0.000299	0.116534	0.000035
薪械锌褉械屑械薪薪芯	0.000299	1.832581	0.000547
薪械褋谢邪写泻芯械	0.000299	0.116534	0.000035
薪械褌械	0.000299	3.218876	0.000961
薪懈斜褍写褜	0.000299	1.832581	0.000547
薪懈褔械谐芯	0.000299	0.941609	0.000281
薪芯胁邪褟	0.000299	0.116534	0.000035
薪芯胁芯谐芯写薪械谐芯	0.001493	0.116534	0.000174
薪芯胁芯谐芯写薪械械	0.000896	0.116534	0.000104
薪芯胁芯谐芯写薪懈械	0.001792	0.040822	0.000073
薪芯胁芯谐芯写薪懈泄	0.002091	0.116534	0.000244
薪芯胁芯谐芯写薪褟褟	0.000299	0.105361	0.000031
薪芯胁芯褋褌褟褏	0.000299	0.061875	0.000018
薪芯胁褘械	0.000597	0.051293	0.000031
薪芯胁褘泄	0.002688	0.094311	0.000254
薪芯褉胁械卸褋泻邪褟	0.000299	0.116534	0.000035
薪芯褟斜褉褟	0.000299	0.527633	0.000158
薪褞褕泻邪	0.000299	3.218876	0.000961
芯斜械写	0.000896	0.105361	0.000094
芯斜械蟹褜褟薪懈泄	0.000299	2.407946	0.000719
芯斜械蟹褜褟薪褘	0.000299	0.116534	0.000035
芯斜褖邪褌褜褋褟	0.000299	0.040822	0.000012
芯斜褘写械薪薪褘械	0.000299	3.218876	0.000961
芯胁芯褖邪屑懈	0.000299	0.116534	0.000035
芯胁芯褖械泄	0.004182	0.105361	0.000441
芯胁芯褖懈	0.001792	0.094311	0.000169
芯胁芯褖薪邪褟	0.000299	0.040822	0.000012
芯胁芯褖薪芯械	0.000299	0.116534	0.000035
芯胁芯褖薪芯泄	0.000597	0.105361	0.000063
芯胁芯褖薪褘械	0.001493	0.040822	0.000061
芯胁褋褟薪芯械	0.000299	0.116534	0.000035
芯谐薪械薪薪芯泄	0.000299	0.116534	0.000035
芯谐薪褟	0.000299	0.116534	0.000035
芯谐褉芯屑薪械泄褕械械	0.000299	3.218876	0.000961
芯谐褍褉褑褘	0.000597	0.116534	0.000070
芯写薪芯泄	0.000299	1.237874	0.000370
芯卸懈写邪薪懈褟	0.000299	2.120264	0.000633
芯泻褉芯褕泻邪	0.000896	0.040822	0.000037
芯泻褌褟斜褉褟	0.000299	0.562119	0.000168
芯谢邪写褜懈	0.000896	0.040822	0.000037
芯谢械泄薪邪	0.000896	0.116534	0.000104
芯谢械泄薪芯泄	0.001195	0.116534	0.000139
芯谢械泄薪褘	0.000299	0.127833	0.000038
芯谢懈	0.000299	2.813411	0.000840
芯谢褜谐邪	0.000597	1.427116	0.000853
芯谢褟	0.000299	2.120264	0.000633
芯屑谢械褌	0.000299	0.040822	0.000012
芯锌邪褉邪	0.000299	0.040822	0.000012
芯锌褉芯褋	0.000299	0.061875	0.000018
芯褉懈谐懈薪邪谢褜薪邪褟	0.000299	2.302585	0.000688
芯褉懈谐懈薪邪谢褜薪褘械	0.000299	2.995732	0.000895
芯褋械薪薪械械	0.000299	0.116534	0.000035
芯褋械薪薪懈械	0.000299	0.051293	0.000015
芯褋械薪薪懈泄	0.000597	0.116534	0.000070
芯褋械薪褜	0.002987	0.105361	0.000315
芯褋薪芯胁薪芯械	0.000299	0.040822	0.000012
芯褋褌邪械褌褋褟	0.000299	0.116534	0.000035
芯褌胁械褌懈褌褜	0.000299	0.051293	0.000015
芯褌胁械褌芯胁	0.000299	0.051293	0.000015
芯褌胁械褌褘	0.000299	0.000000	0.000000
芯褌泻褉褘褌褘泄	0.000597	0.116534	0.000070
芯褌屑械薪懈褌褜	0.000299	0.040822	0.000012
芯褌薪芯褋懈褌褋褟	0.000299	2.120264	0.000633
芯褏谢邪写懈褌褜	0.000299	0.116534	0.000035
芯褏芯褌邪	0.000299	3.218876	0.000961
锌邪泻械褌懈泻邪褏	0.000299	0.105361	0.000031
锌邪谢芯褔泻邪	0.000299	1.560648	0.000466
锌邪谢芯褔泻懈	0.000299	0.040822	0.000012
锌邪薪懈褉芯胁泻邪	0.002389	0.116534	0.000278
锌邪薪懈褉芯胁芯褔薪褘械	0.000597	1.309333	0.000782
锌邪褉邪	0.000299	0.116534	0.000035
锌邪褉邪写	0.002091	0.116534	0.000244
锌邪褉芯胁邪褉泻械	0.002688	0.116534	0.000313
锌邪褉芯谢褜	0.000299	0.020203	0.000006
锌邪褋褌邪	0.000896	0.040822	0.000037
锌邪褋褌褉芯屑邪	0.000299	0.040822	0.000012
锌邪褋褏邪	0.000597	0.040822	0.000024
锌邪褋褏邪谢褜薪邪褟	0.000597	0.116534	0.000070
锌邪褋褏邪谢褜薪褘泄	0.000299	0.127833	0.000038
锌邪褕褌械褌	0.000299	0.040822	0.000012
锌邪褕褌械褌褘	0.000597	0.116534	0.000070
锌械泻邪褉褟	0.000299	0.127833	0.000038
锌械谢褜屑械薪懈	0.000299	0.116534	0.000035
锌械褉胁芯谐芯	0.000299	2.120264	0.000633
锌械褉胁芯械	0.000597	0.040822	0.000024
锌械褉胁褘械	0.000299	0.127833	0.000038
锌械褉胁褘屑	0.000299	0.116534	0.000035
锌械褉械泄褌懈	0.000299	0.040822	0.000012
锌械褉械泻褍褋	0.000597	0.116534	0.000070
锌械褉械褑	0.003883	0.040822	0.000159
锌械褉褋芯薪褘	0.000299	0.116534	0.000035
锌械褉褍邪薪褋泻邪褟	0.000299	0.116534	0.000035
锌械褋芯褔薪芯械	0.000597	0.105361	0.000063
锌械褋芯褔薪褘泄	0.000299	0.116534	0.000035
锌械褌械谢懈薪泻懈	0.000299	0.127833	0.000038
锌械褌褉褍褕泻邪	0.000597	0.693147	0.000414
锌械褔械薪芯褔薪褘泄	0.000299	0.040822	0.000012
锌械褔械薪褜械	0.002688	0.040822	0.000110
锌械褔懈	0.000299	0.127833	0.000038
锌懈胁芯	0.000299	0.116534	0.000035
锌懈泻邪薪褌薪芯泄	0.000299	2.659260	0.000794
锌懈泻邪薪褌褘	0.000299	0.127833	0.000038
锌懈泻薪懈泻	0.000597	0.116534	0.000070
锌懈泻薪懈泻邪	0.000299	0.116534	0.000035
锌懈泻薪懈泻褍	0.000299	0.105361	0.000031
锌懈褉	0.000299	0.116534	0.000035
锌懈褉芯谐	0.002389	0.040822	0.000098
锌懈褉芯谐邪	0.000299	1.309333	0.000391
锌懈褉芯谐懈	0.000597	0.105361	0.000063
锌懈褉芯卸泻懈	0.000597	0.040822	0.000024
锌懈褉芯卸泻芯胁	0.000299	1.966113	0.000587
锌懈褉芯卸薪芯械	0.000299	0.040822	0.000012
锌懈褉芯卸薪褘械	0.000299	0.116534	0.000035
锌懈褌邪薪懈械	0.001493	0.105361	0.000157
锌懈褌邪薪懈褟	0.000299	2.302585	0.000688
锌懈褑褑邪	0.000597	0.040822	0.000024
锌谢邪屑褟	0.000299	0.116534	0.000035
锌谢懈褌邪	0.001195	0.127833	0.000153
锌谢芯胁	0.000299	0.116534	0.000035
锌谢芯写褘	0.000299	0.116534	0.000035
锌芯胁邪褉邪	0.000299	1.514128	0.000452
锌芯胁邪褉械薪泻械	0.000299	0.040822	0.000012
锌芯胁邪褉械薪芯泻	0.000299	0.061875	0.000018
锌芯胁邪褉褟褌	0.000299	0.116534	0.000035
锌芯胁邪褉褟褌邪屑懈	0.000299	0.040822	0.000012
锌芯胁邪褉褢薪泻邪	0.000299	0.116534	0.000035
锌芯胁械褉褜褌械	0.000299	2.040221	0.000609
锌芯胁懈写谢芯	0.000299	0.040822	0.000012
锌芯写邪褉泻芯胁	0.000299	0.116534	0.000035
锌芯写邪褌褜	0.000299	1.560648	0.000466
锌芯写谢懈胁邪	0.000299	0.116534	0.000035
锌芯写谢懈胁泻邪	0.000299	0.040822	0.000012
锌芯写锌懈褋邪褌褜褋褟	0.000299	0.040822	0.000012
锌芯写锌懈褕懈褌械褋褜	0.000597	0.040822	0.000024
锌芯写褋泻邪卸械褌械	0.000299	2.525729	0.000754
锌芯写褋芯谢薪械褔薪芯械	0.000597	1.347074	0.000805
锌芯械写懈薪泻懈	0.004182	0.116534	0.000487
锌芯械蟹写	0.000299	3.218876	0.000961
锌芯卸邪谢褍泄	0.000299	2.040221	0.000609
锌芯卸邪谢褍泄褋褌邪	0.000299	1.966113	0.000587
锌芯蟹写褉邪胁褜	0.000299	0.116534	0.000035
锌芯懈褋泻	0.000299	0.051293	0.000015
锌芯懈褋泻芯屑	0.000299	2.995732	0.000895
锌芯泻邪蟹褘胁邪谢邪	0.000299	2.407946	0.000719
锌芯泻芯褉懈褌	0.000299	2.525729	0.000754
锌芯谢写薪懈泻	0.000597	0.116534	0.000070
锌芯谢械蟹薪芯	0.000299	0.116534	0.000035
锌芯谢懈褌懈泻芯泄	0.000299	0.040822	0.000012
锌芯谢芯胁懈薪邪	0.002389	0.116534	0.000278
锌芯谢芯胁懈薪褍	0.000299	2.525729	0.000754
锌芯谢褍褔邪泄褌械	0.000299	0.040822	0.000012
锌芯谢褍褔邪褌褜	0.000299	0.040822	0.000012
锌芯谢褜蟹邪	0.000299	0.127833	0.000038
锌芯谢褜蟹芯胁邪褌械谢械屑	0.000299	2.040221	0.000609
锌芯谢褜蟹芯胁邪褌褜褋褟	0.000299	2.813411	0.000840
锌芯谢褜蟹芯泄	0.001195	0.116534	0.000139
锌芯谢褜褋泻邪褟	0.000299	0.116534	0.000035
锌芯屑邪写泻邪	0.000597	0.040822	0.000024
锌芯屑邪写泻懈	0.000299	0.116534	0.000035
锌芯屑懈写芯褉	0.002389	0.713350	0.001705
锌芯屑懈写芯褉泻懈	0.000299	0.127833	0.000038
锌芯屑懈写芯褉褘	0.000597	0.116534	0.000070
锌芯屑薪懈褌	0.000299	3.218876	0.000961
锌芯薪懈屑邪薪懈械	0.000299	2.813411	0.000840
锌芯薪褉邪胁懈胁褕懈械褋褟	0.000299	0.040822	0.000012
锌芯薪褉邪胁懈谢芯褋褜	0.000299	1.514128	0.000452
锌芯薪褔懈泻懈	0.000597	0.040822	0.000024
锌芯锌褉芯斜芯胁邪胁	0.000299	1.832581	0.000547
锌芯锌褉芯斜芯胁邪谢邪	0.000896	1.469676	0.001317
锌芯锌褉芯斜芯胁邪褌褜	0.000896	0.798508	0.000716
锌芯锌褉芯斜褍泄褌械	0.000597	0.562119	0.000336
锌芯锌褉芯褋懈谢	0.000299	3.218876	0.000961
锌芯褉邪	0.000299	0.116534	0.000035
锌芯褉褌褍谐邪谢褜褋泻邪褟	0.000299	0.116534	0.000035
锌芯褋械褖邪械褌械	0.000299	0.061875	0.000018
锌芯褋褌	0.001493	0.105361	0.000157
锌芯褋褌薪芯械	0.000299	0.116534	0.000035
锌芯褋褌薪褘械	0.000299	0.040822	0.000012
锌芯褋褌薪褘泄	0.000299	0.116534	0.000035
锌芯褋褌芯褟薪薪芯	0.000299	0.040822	0.000012
锌芯褋褌褉芯懈屑	0.000299	0.116534	0.000035
锌芯褋褍写邪	0.000597	0.094311	0.000056
锌芯褌褉褟褋邪褞褖械	0.000299	1.560648	0.000466
锌芯褏芯卸械谐芯	0.000299	2.995732	0.000895
锌芯褔褌褍	0.000299	0.040822	0.000012
锌芯褕邪谐芯胁褘械	0.000299	0.301105	0.000090
锌芯褕邪谐芯胁褘屑懈	0.000299	0.040822	0.000012
锌芯褝褎褎械泻褌薪械械	0.000299	2.525729	0.000754
锌褉邪蟹写薪懈泻邪	0.000299	0.116534	0.000035
锌褉邪蟹写薪懈褔薪芯	0.000299	0.116534	0.000035
锌褉邪蟹写薪懈褔薪芯谐芯	0.000299	0.116534	0.000035
锌褉邪蟹写薪懈褔薪褘泄	0.000597	0.116534	0.000070
锌褉邪泻褌懈泻褍屑	0.000299	0.116534	0.000035
锌褉械胁蟹芯褕械谢	0.000299	2.207275	0.000659
锌褉械胁芯褋褏芯写薪褘械	0.000299	0.116534	0.000035
锌褉械胁褉邪褖械薪懈褟	0.000299	0.116534	0.000035
锌褉械写谢芯卸懈褌褜	0.000597	1.237874	0.000739
锌褉械写褋褌邪胁懈褌褜	0.000299	1.660731	0.000496
锌褉械褋薪芯械	0.000299	0.116534	0.000035
锌褉懈谐芯胁邪褉懈胁邪褟	0.000299	3.506558	0.001047
锌褉懈谐芯褌芯胁懈屑	0.000299	0.116534	0.000035
锌褉懈谐芯褌芯胁懈褌褜	0.000299	0.342490	0.000102
锌褉懈谐芯褌芯胁谢械薪懈械	0.000299	0.105361	0.000031
锌褉懈谐芯褌芯胁谢械薪懈懈	0.000299	0.798508	0.000239
锌褉懈谐芯褌芯胁谢械薪懈褞	0.000299	0.040822	0.000012
锌褉懈写褍屑邪谢	0.000299	3.218876	0.000961
锌褉懈卸懈胁械褌褋褟	0.000299	2.813411	0.000840
锌褉懈蟹薪邪薪懈械	0.000299	0.116534	0.000035
锌褉懈蟹芯胁	0.000299	0.040822	0.000012
锌褉懈锌褉邪胁邪	0.000299	0.040822	0.000012
锌褉懈褉芯写褍	0.000299	0.116534	0.000035
锌褉懈褉芯写褘	0.000299	0.116534	0.000035
锌褉懈褋褌褍锌懈褌褜	0.000299	0.040822	0.000012
锌褉芯胁械写懈	0.001195	0.116534	0.000139
锌褉芯胁械褉械薪芯	0.001792	0.116534	0.000209
锌褉芯胁芯写懈屑褘褏	0.000299	0.040822	0.000012
锌褉芯胁芯卸邪械屑	0.000299	0.116534	0.000035
锌褉芯写褍泻褌芯胁	0.000299	0.094311	0.000028
锌褉芯写褍泻褌褘	0.000299	1.386294	0.000414
锌褉芯械泻褌芯胁	0.000299	0.116534	0.000035
锌褉芯械泻褌褘	0.000299	0.061875	0.000018
锌褉芯锌懈褌邪薪薪褘泄	0.000299	2.995732	0.000895
锌褉芯褋屑芯褌褉邪屑	0.000299	0.274437	0.000082
锌褉芯褋褌芯	0.001493	0.083382	0.000125
锌褉芯褋褌芯泻胁邪褕邪	0.000299	0.040822	0.000012
锌褉芯褎懈谢褜	0.000299	0.040822	0.000012
锌褉芯褕褍	0.000299	1.139434	0.000340
锌褉褟屑芯	0.000299	0.040822	0.000012
锌褉褟薪懈泻	0.000299	0.040822	0.000012
锌褉褟薪懈泻懈	0.000299	0.116534	0.000035
锌褉褟薪懈褔薪芯械	0.000299	0.116534	0.000035
锌褌懈褑邪	0.001792	0.116534	0.000209
锌褌懈褑械	0.000597	0.116534	0.000070
锌褌懈褑械泄	0.000299	0.127833	0.000038
锌褌懈褑褘	0.003883	0.116534	0.000452
锌褌懈褔褜械	0.000597	1.832581	0.001095
锌褍写懈薪谐	0.000299	0.040822	0.000012
锌褍写懈薪谐懈	0.000597	0.116534	0.000070
锌褍薪褕	0.000299	0.040822	0.000012
锌褍褌械褕械褋褌胁懈械	0.000597	0.116534	0.000070
锌褍褌褜	0.000597	0.116534	0.000070
锌褕械薪懈褔薪邪褟	0.005376	0.287682	0.001547
锌褘褕泻懈	0.000299	0.040822	0.000012
锌褞褉械	0.001195	0.040822	0.000049
褉邪斜芯褌邪谢邪	0.000299	2.302585	0.000688
褉邪谐褍	0.000299	0.116534	0.000035
褉邪蟹	0.000299	0.446287	0.000133
褉邪蟹胁械褉薪褍褌褜	0.000299	0.116534	0.000035
褉邪蟹写械谢褜薪芯械	0.000299	0.116534	0.000035
褉邪蟹屑械褖械薪	0.000299	2.659260	0.000794
褉邪蟹薪褘械	0.000299	0.116534	0.000035
褉邪屑泻邪褏	0.000299	1.832581	0.000547
褉邪薪褜褕械	0.000299	1.560648	0.000466
褉邪褋泻褉邪褋泻懈	0.000299	2.120264	0.000633
褉邪褋褋芯谢褜薪懈泻	0.000597	0.040822	0.000024
褉邪褋褋芯谢褜薪懈泻邪	0.000299	0.116534	0.000035
褉邪褋褋褘谢泻懈	0.000299	0.061875	0.000018
褉邪褋褌懈褌械谢褜薪芯械	0.002987	0.235722	0.000704
褉械谐懈褋褌褉邪褑懈懈	0.000597	0.010050	0.000006
褉械谐懈褋褌褉邪褑懈褟	0.000299	0.000000	0.000000
褉械蟹褍谢褜褌邪褌	0.000299	0.967584	0.000289
褉械泄褌懈薪谐褍	0.000299	0.248461	0.000074
褉械泻芯屑械薪写褍褞	0.000896	1.049822	0.000941
褉械锌褔邪褌褘泄	0.003584	0.430783	0.001544
褉械褑械锌褌	0.004480	0.040822	0.000183
褉械褑械锌褌邪	0.000299	0.462035	0.000138
褉械褑械锌褌邪褏	0.000299	0.061875	0.000018
褉械褑械锌褌懈泻	0.000299	1.660731	0.000496
褉械褑械锌褌芯胁	0.001792	0.040822	0.000073
褉械褑械锌褌褍	0.000299	0.891598	0.000266
褉械褑械锌褌褘	0.021505	0.040822	0.000878
褉械褕懈谢邪	0.000299	0.820981	0.000245
褉懈褋	0.001195	0.040822	0.000049
褉懈褋邪	0.000299	0.116534	0.000035
褉懈褌屑械	0.000299	0.116534	0.000035
褉芯谐邪谢懈泻懈	0.000299	0.040822	0.000012
褉芯写薪芯械	0.000299	0.116534	0.000035
褉芯卸写械薪懈褟	0.000299	0.105361	0.000031
褉芯卸写械褋褌胁芯	0.000299	0.116534	0.000035
褉芯谢谢褌芯薪	0.000299	0.116534	0.000035
褉芯谢谢褘	0.000597	0.040822	0.000024
褉芯屑	0.000299	0.040822	0.000012
褉芯褋谢邪薪写	0.000299	4.605170	0.001375
褉褍斜褉懈泻邪褌芯褉	0.000299	0.051293	0.000015
褉褍谢械褌	0.000299	0.040822	0.000012
褉褍谢械褌褘	0.002987	0.116534	0.000348
褉褍屑褘薪褋泻邪褟	0.000299	0.116534	0.000035
褉褍屑褟薪褘械	0.000299	0.116534	0.000035
褉褍薪械褌械	0.000299	0.020203	0.000006
褉褍褋褋泻邪褟	0.000299	0.116534	0.000035
褉褘斜邪	0.003584	0.040822	0.000146
褉褘斜械	0.000597	0.116534	0.000070
褉褘斜泻邪	0.000597	2.525729	0.001509
褉褘斜薪邪褟	0.000299	0.116534	0.000035
褉褘斜薪芯谐芯	0.000597	0.116534	0.000070
褉褘斜薪褘械	0.001195	0.116534	0.000139
褉褘斜薪褘泄	0.000597	0.116534	0.000070
褉褘斜薪褘褏	0.000299	0.116534	0.000035
褉褘斜芯泄	0.000597	0.116534	0.000070
褉褘斜褘	0.004182	0.116534	0.000487
褉褟卸械薪泻邪	0.000299	0.116534	0.000035
褋邪泄褌	0.000896	0.000000	0.000000
褋邪泄褌械	0.000299	0.462035	0.000138
褋邪泄褌褍	0.000597	0.061875	0.000037
褋邪谢邪褌	0.000597	0.094311	0.000056
褋邪谢邪褌邪	0.000299	1.078810	0.000322
褋邪谢邪褌薪邪褟	0.000299	0.116534	0.000035
褋邪谢邪褌褘	0.010155	0.040822	0.000415
褋邪屑芯谐芯薪	0.000299	0.040822	0.000012
褋邪屑芯谢械褌邪	0.000299	2.525729	0.000754
褋邪屑褘褏	0.000896	0.116534	0.000104
褋邪薪谐邪褉懈	0.000299	2.659260	0.000794
褋邪褉褉械泄	0.000299	4.605170	0.001375
褋邪褎	0.000896	0.116534	0.000104
褋邪褎褋械屑	0.000299	0.116534	0.000035
褋邪褏邪褉	0.001792	0.116534	0.000209
褋斜懈褌械薪褜	0.000299	0.040822	0.000012
褋胁械卸械褋褌褜	0.000299	0.105361	0.000031
褋胁械泻谢邪	0.000299	0.040822	0.000012
褋胁械泻芯谢褜薪懈泻	0.000597	0.040822	0.000024
褋胁械褌邪	0.001195	0.116534	0.000139
褋胁械褌谢邪薪芯褔泻械	0.000299	3.218876	0.000961
褋胁懈薪懈薪邪	0.000299	0.040822	0.000012
褋胁懈薪懈薪褘	0.001195	0.116534	0.000139
褋胁芯械	0.000299	0.116534	0.000035
褋胁芯械屑	0.000299	0.040822	0.000012
褋胁芯懈屑	0.000299	0.040822	0.000012
褋胁芯褞	0.000299	0.040822	0.000012
褋谐褍褖械薪泻邪	0.000299	0.040822	0.000012
褋写械谢邪泄	0.000299	3.506558	0.001047
褋写械谢邪褌褜	0.000299	1.021651	0.000305
褋械谐芯写薪褟	0.000299	0.843970	0.000252
褋械蟹芯薪	0.000299	0.116534	0.000035
褋械泄褔邪褋	0.000299	0.030459	0.000009
褋械泻褉械褌褘	0.000597	0.116534	0.000070
褋械谢械写泻邪	0.000299	0.040822	0.000012
褋械谢懈	0.000299	3.218876	0.000961
褋械屑谐邪	0.000299	0.040822	0.000012
褋械屑械泄薪褘泄	0.000299	0.116534	0.000035
褋械屑褜懈	0.000299	0.116534	0.000035
褋械薪褌褟斜褉褟	0.000299	0.673345	0.000201
褋械褉写褑械	0.000299	1.832581	0.000547
褋械褋褌褉芯泄	0.000299	3.218876	0.000961
褋懈写械谢	0.000299	3.506558	0.001047
褋懈写褉	0.000299	0.040822	0.000012
褋懈褉懈泄褋泻邪褟	0.000299	0.116534	0.000035
褋懈褉芯锌	0.000299	0.040822	0.000012
褋懈褉芯锌褘	0.000299	0.116534	0.000035
褋懈褋褌械屑褘	0.000299	0.040822	0.000012
褋懈褌懈	0.000299	0.127833	0.000038
褋泻邪卸褍褌	0.000299	3.218876	0.000961
褋泻邪蟹邪褌褜	0.000299	0.653926	0.000195
褋泻邪蟹芯泻	0.000299	0.116534	0.000035
褋泻芯胁芯褉芯写械	0.000299	1.560648	0.000466
褋泻芯胁芯褉芯写泻械	0.000299	2.207275	0.000659
褋谢邪写泻邪褟	0.000597	0.116534	0.000070
褋谢邪写泻懈械	0.001792	0.040822	0.000073
褋谢邪写泻懈泄	0.002987	0.105361	0.000315
褋谢邪写泻懈褏	0.000597	0.116534	0.000070
褋谢邪写泻芯	0.000299	0.116534	0.000035
褋谢懈胁芯褔薪芯械	0.002091	0.116534	0.000244
褋谢懈胁芯褔薪褘屑	0.000299	1.966113	0.000587
褋谢芯械薪芯谐芯	0.000299	0.127833	0.000038
褋谢芯械薪芯械	0.000299	0.116534	0.000035
褋谢芯械薪褘泄	0.000299	0.116534	0.000035
褋谢芯泄泻邪	0.000299	0.040822	0.000012
褋谢芯泄泻懈	0.000299	0.116534	0.000035
褋谢褍褔邪懈	0.000299	2.407946	0.000719
褋屑械褌邪薪邪	0.001493	0.105361	0.000157
褋屑械褕邪薪薪芯谐芯	0.000597	0.116534	0.000070
褋屑芯卸械褌械	0.000299	0.040822	0.000012
褋屑褍蟹懈	0.000896	0.040822	0.000037
褋薪褝泻	0.000299	0.116534	0.000035
褋芯斜懈褉邪械褌械褋褜	0.000299	0.040822	0.000012
褋芯胁械褉褕械薪褋褌胁芯	0.001493	0.116534	0.000174
褋芯胁械褌邪屑懈	0.000299	0.040822	0.000012
褋芯胁械褌褍褞	0.000299	1.139434	0.000340
褋芯胁褋械屑	0.000299	1.139434	0.000340
褋芯谐谢邪褕邪械褌械褋褜	0.000299	0.040822	0.000012
褋芯写邪	0.000597	0.967584	0.000578
褋芯械胁褘泄	0.001195	0.798508	0.000954
褋芯械胁褘屑	0.000299	2.525729	0.000754
褋芯蟹写邪械褌	0.000299	0.116534	0.000035
褋芯蟹写邪薪懈褟	0.000597	0.261365	0.000156
褋芯泻	0.000896	0.116534	0.000104
褋芯泻邪	0.000299	0.105361	0.000031
褋芯泻懈	0.000299	0.040822	0.000012
褋芯泻芯屑	0.000299	2.207275	0.000659
褋芯谢械薪褘械	0.000896	0.116534	0.000104
褋芯谢械薪褜褟	0.000597	0.116534	0.000070
褋芯谢薪械褔薪芯泄	0.000299	0.127833	0.000038
褋芯谢褜	0.005376	0.150823	0.000811
褋芯谢褟薪泻邪	0.000597	0.040822	0.000024
褋芯褉褌懈褉芯胁邪褌褜	0.000299	0.248461	0.000074
褋芯褋褌邪胁褜	0.000299	0.116534	0.000035
褋芯褍褋	0.003584	0.040822	0.000146
褋芯褍褋芯屑	0.001792	0.116534	0.000209
褋芯褍褋褘	0.001195	0.116534	0.000139
褋芯褏褉邪薪褟褌褜	0.000299	0.040822	0.000012
褋芯褑褋械褌懈	0.000299	0.040822	0.000012
褋芯褔械褌邪薪懈械	0.000299	0.116534	0.000035
褋芯褔薪芯械	0.000299	0.116534	0.000035
褋芯褔薪褘泄	0.000299	2.407946	0.000719
褋锌邪褋懈斜芯	0.000597	0.673345	0.000402
褋锌械褑懈邪谢褜薪芯械	0.000299	0.116534	0.000035
褋锌械褑懈懈	0.000896	0.105361	0.000094
褋锌械褑懈褟屑懈	0.000299	2.525729	0.000754
褋锌械褑锌褉芯械泻褌	0.009857	0.116534	0.001149
褋锌械褕褍	0.000299	2.040221	0.000609
褋锌懈褋芯泻	0.000299	0.116534	0.000035
褋锌芯褞	0.000299	0.116534	0.000035
褋褉邪蟹褍	0.000299	0.733969	0.000219
褋褉械写懈蟹械屑薪芯屑芯褉褋泻邪褟	0.000299	0.127833	0.000038
褋褌邪薪械褌	0.000299	1.832581	0.000547
褋褌邪褉褘械	0.000299	0.261365	0.000078
褋褌邪褌褜褟褏	0.000299	0.061875	0.000018
褋褌懈谢械	0.000299	0.116534	0.000035
褋褌懈谢褟	0.000299	0.116534	0.000035
褋褌芯谢	0.001195	0.105361	0.000126
褋褌芯谢邪	0.001792	0.116534	0.000209
褋褌褉芯懈褌械谢褜褋褌胁械	0.000299	0.040822	0.000012
褋褌褉芯懈褌械谢褜褋褌胁褍	0.000299	0.040822	0.000012
褋褌褉芯懈褌褜	0.000299	0.040822	0.000012
褋褌褉芯泄薪芯泄	0.000299	0.116534	0.000035
褋褌褘写薪芯	0.000299	2.120264	0.000633
褋褍斜锌褉芯写褍泻褌芯胁	0.002091	0.116534	0.000244
褋褍斜锌褉芯写褍泻褌褘	0.000896	0.116534	0.000104
褋褍写	0.000299	2.525729	0.000754
褋褍锌	0.002688	0.040822	0.000110
褋褍锌邪	0.000299	0.040822	0.000012
褋褍锌褘	0.002688	0.040822	0.000110
褋褍褎谢械	0.000896	0.040822	0.000037
褋褍褏邪褉懈	0.000896	0.040822	0.000037
褋褍褕懈	0.000597	0.040822	0.000024
褋褘褉	0.010753	0.040822	0.000439
褋褘褉邪	0.001493	0.116534	0.000174
褋褘褉邪屑懈	0.000299	0.127833	0.000038
褋褘褉薪懈泻	0.000299	0.040822	0.000012
褋褘褉薪懈泻懈	0.000597	0.116534	0.000070
褋褘褉薪芯泄	0.000299	2.302585	0.000688
褋褘褉薪褘械	0.001493	0.040822	0.000061
褋褘褉芯屑	0.000896	0.713350	0.000639
褋褘褌薪芯	0.000299	1.771957	0.000529
褋褘褌薪褘泄	0.000597	0.105361	0.000063
褋褘褔褍卸薪褘屑懈	0.000299	0.127833	0.000038
褋褝薪写胁懈褔懈	0.000299	0.127833	0.000038
褋褞褉锌褉懈蟹	0.000299	0.116534	0.000035
褌邪写卸懈泻褋泻邪褟	0.000299	0.116534	0.000035
褌邪泄褋泻邪褟	0.000299	0.116534	0.000035
褌邪褉械谢泻械	0.000299	1.897120	0.000567
褌邪褉褌	0.000299	0.116534	0.000035
褌邪褉褌邪谢械褌泻懈	0.000597	0.040822	0.000024
褌邪褌邪褉褋泻邪褟	0.000299	0.116534	0.000035
褌胁械褉写褘泄	0.009857	0.562119	0.005541
褌胁芯懈	0.000597	0.116534	0.000070
褌胁芯褉懈	0.000299	0.116534	0.000035
褌胁芯褉芯谐	0.000597	0.040822	0.000024
褌胁芯褉芯谐芯屑	0.000299	0.105361	0.000031
褌胁芯褉芯卸薪芯械	0.000299	0.116534	0.000035
褌胁芯褉芯卸薪褘械	0.000597	0.116534	0.000070
褌胁芯褉芯卸薪褘泄	0.000299	0.116534	0.000035
褌械谢械谐褉邪屑	0.000299	0.040822	0.000012
褌械谢褟褌懈薪褘	0.001195	0.116534	0.000139
褌械锌谢芯屑	0.000299	0.116534	0.000035
褌械褉褉邪褋芯泄	0.000896	0.798508	0.000716
褌械褉褉懈薪	0.000299	0.040822	0.000012
褌械褋褌	0.001493	0.127833	0.000191
褌械褋褌邪	0.002987	0.105361	0.000315
褌械褋褌芯	0.002688	0.040822	0.000110
褌械褏薪懈泻邪	0.001493	0.105361	0.000157
褌械褖懈薪	0.000299	0.040822	0.000012
褌屑	0.001195	0.127833	0.000153
褌芯屑邪褌邪屑懈	0.000299	2.407946	0.000719
褌芯锌谢械薪芯械	0.000299	0.116534	0.000035
褌芯褉褌	0.003286	0.040822	0.000134
褌芯褉褌褘	0.002688	0.116534	0.000313
褌褉邪胁褘	0.000299	0.105361	0.000031
褌褉邪写懈褑懈懈	0.000299	0.116534	0.000035
褌褉邪写懈褑懈泄	0.001195	0.116534	0.000139
褌褉邪写懈褑懈褟褏	0.000299	0.116534	0.000035
褌褉械褏谢械褌懈械屑	0.000299	0.116534	0.000035
褌褉褍斜芯褔泻懈	0.000299	0.040822	0.000012
褌褍薪懈褋褋泻邪褟	0.000299	0.116534	0.000035
褌褍薪褑芯屑	0.000299	0.116534	0.000035
褌褍褉械褑泻邪褟	0.000299	0.116534	0.000035
褌褘泻胁邪	0.000299	0.040822	0.000012
褍胁械写芯屑谢械薪懈褟	0.000299	0.040822	0.000012
褍谐芯褖邪泄褌械褋褜	0.000299	1.021651	0.000305
褍写邪谢褞	0.000299	1.771957	0.000529
褍写邪褔薪邪褟	0.000299	0.116534	0.000035
褍写懈胁懈	0.000299	0.116534	0.000035
褍写懈胁谢褟泄褌械	0.001195	0.116534	0.000139
褍写芯胁芯谢褜褋褌胁懈械屑	0.000299	0.116534	0.000035
褍卸懈薪	0.002091	0.094311	0.000197
褍蟹斜械泻褋泻邪褟	0.000299	0.116534	0.000035
褍泻褉邪懈薪褋泻邪褟	0.000299	0.116534	0.000035
褍泻褉邪褋懈褌	0.000299	1.560648	0.000466
褍泻褉邪褕械薪懈褟	0.002389	0.116534	0.000278
褍泻褉芯锌	0.001195	0.562119	0.000672
褍屑械褞	0.000299	2.995732	0.000895
褍屑芯锌芯屑褉邪褔懈褌械谢褜薪褘屑	0.000299	2.302585	0.000688
褍屑褟谢	0.000299	3.218876	0.000961
褍锌芯褌褉械斜谢械薪懈械屑	0.000299	0.116534	0.000035
褍褉邪谢褜褋泻邪褟	0.000299	0.116534	0.000035
褍褉芯卸邪泄	0.000299	0.105361	0.000031
褍褌泻懈	0.000896	0.116534	0.000104
褍褏	0.000299	2.995732	0.000895
褍褏邪	0.000299	0.040822	0.000012
褍褔邪褋褌胁芯胁邪褌褜	0.000299	0.040822	0.000012
褎邪蟹械薪写褘	0.000299	0.127833	0.000038
褎邪薪褌邪蟹懈懈	0.001792	0.116534	0.000209
褎邪薪褌邪蟹懈泄	0.000299	0.116534	0.000035
褎邪薪褌邪蟹懈褟	0.000299	0.116534	0.000035
褎邪褉褕	0.002389	1.021651	0.002441
褎邪褉褕邪	0.006272	0.040822	0.000256
褎邪褉褕懈褉芯胁邪薪薪邪褟	0.000597	0.116534	0.000070
褎邪褉褕懈褉芯胁邪薪薪芯械	0.000299	0.116534	0.000035
褎邪褉褕懈褉芯胁邪薪薪褘械	0.000597	0.040822	0.000024
褎邪褉褕懈褉芯胁邪薪薪褘泄	0.000299	0.040822	0.000012
褎邪褋芯谢褜	0.000299	0.040822	0.000012
褎械胁褉邪谢褟	0.000299	0.105361	0.000031
褎械泄械褉胁械褉泻	0.000597	0.116534	0.000070
褎懈谐褍褉械	0.000299	0.116534	0.000035
褎懈谢械	0.000896	0.916291	0.000821
褎懈薪褋泻邪褟	0.000299	0.116534	0.000035
褎懈褉屑械薪薪芯械	0.000299	0.116534	0.000035
褎芯薪写褞	0.000299	0.040822	0.000012
褎芯褉屑褘	0.000299	0.116534	0.000035
褎芯褉褍屑邪	0.000299	1.832581	0.000547
褎芯褉褍屑械	0.000597	0.040822	0.000024
褎芯褉褕屑邪泻	0.000299	0.040822	0.000012
褎褉邪薪褑懈懈	0.000299	0.116534	0.000035
褎褉邪薪褑褍蟹褋泻邪褟	0.000299	0.116534	0.000035
褎褉邪褍	0.001195	0.116534	0.000139
褎褉褍泻褌芯胁	0.001195	0.116534	0.000139
褎褉褍泻褌芯胁芯	0.000299	0.116534	0.000035
褎褉褍泻褌芯胁褘械	0.002091	0.040822	0.000085
褎褍写	0.000299	0.116534	0.000035
褎褍褉褕械褌	0.000299	0.116534	0.000035
褏邪谢胁邪	0.000299	0.040822	0.000012
褏邪褉胁械褋褌褎械褋褌	0.000597	0.116534	0.000070
褏邪褉褔芯	0.000597	0.040822	0.000024
褏邪褔邪锌褍褉懈	0.000597	2.407946	0.001438
褏邪褕	0.000299	0.040822	0.000012
褏胁芯褉芯褋褌	0.000299	0.040822	0.000012
褏懈薪泻邪谢懈	0.000299	0.116534	0.000035
褏懈褌	0.002091	0.116534	0.000244
褏谢械斜	0.002987	0.040822	0.000122
褏谢械斜芯锌械褔泻懈	0.000299	0.116534	0.000035
褏谢械斜褍褕械泻	0.000299	2.120264	0.000633
褏谢芯锌褜褟	0.000597	0.105361	0.000063
褏芯蟹褟泄泻懈	0.000299	0.127833	0.000038
褏芯谢芯写械褑	0.000299	0.040822	0.000012
褏芯谢芯写懈谢褜薪懈泻械	0.000299	1.609438	0.000481
褏芯谢芯写薪褘械	0.000597	0.116534	0.000070
褏芯谢芯写薪褘泄	0.000597	0.116534	0.000070
褏芯褉胁邪褌褋泻邪褟	0.000299	0.116534	0.000035
褏芯褉芯褕芯	0.001493	0.105361	0.000157
褏芯褉褋	0.000299	0.116534	0.000035
褏芯褌懈褌械	0.000299	0.040822	0.000012
褏芯褔褍	0.000597	0.562119	0.000336
褏褉褍褋褌褟褖懈泄	0.000299	2.040221	0.000609
褏褍屑褍褋	0.000299	0.040822	0.000012
褑邪褉褋褌胁芯	0.000299	0.127833	0.000038
褑邪褉褜	0.000299	0.116534	0.000035
褑胁械褌薪邪褟	0.000299	0.040822	0.000012
褑械薪薪褘褏	0.000299	0.040822	0.000012
褑械薪褌褉	0.000299	0.116534	0.000035
褑械褏械	0.000299	2.525729	0.000754
褔邪械屑	0.000597	0.116534	0.000070
褔邪泄	0.000896	0.040822	0.000037
褔械斜褍褉械泻懈	0.000597	0.040822	0.000024
褔械褉泻懈蟹芯胁芯	0.000597	0.116534	0.000070
褔械褉薪褘泄	0.002987	0.371064	0.001108
褔械褋薪芯泻	0.002389	0.314711	0.000752
褔械褋薪芯泻邪	0.000299	2.995732	0.000895
褔械褋薪芯泻芯屑	0.000597	1.660731	0.000992
褔械褋褌薪褘屑懈	0.000299	0.040822	0.000012
褔械褔械胁懈褑邪	0.000299	0.040822	0.000012
褔械褕褋泻邪褟	0.000299	0.116534	0.000035
褔懈蟹泻械泄泻	0.001195	0.040822	0.000049
褔懈谢懈泄褋泻邪褟	0.000299	0.116534	0.000035
褔懈锌褋褘	0.000299	0.040822	0.000012
褔懈褋谢褍	0.000299	0.261365	0.000078
褔褍写械褋	0.000299	0.116534	0.000035
褔褍写械褋薪芯	0.000299	2.659260	0.000794
褔褍写械褋薪芯械	0.000299	2.525729	0.000754
褔褍写械褋薪褘屑	0.000299	2.407946	0.000719
褔褍写芯	0.000299	1.309333	0.000391
褔褍写芯屑	0.000299	2.407946	0.000719
褕邪褉懈泻懈	0.000299	0.040822	0.000012
褕邪褉谢芯褌泻邪	0.000299	0.040822	0.000012
褕邪褉谢芯褌泻懈	0.000299	0.127833	0.000038
褕邪褉屑	0.000299	0.116534	0.000035
褕邪褕谢褘泻	0.003584	0.040822	0.000146
褕邪褕谢褘泻懈	0.000299	0.040822	0.000012
褕胁械写褋泻邪褟	0.000299	0.116534	0.000035
褕胁械泄褑邪褉褋泻邪褟	0.000299	0.116534	0.000035
褕械写械胁褉褘	0.000299	0.116534	0.000035
褕械褎	0.000299	0.127833	0.000038
褕懈锌褍褔泻邪	0.000299	0.040822	0.000012
褕懈褉芯泻邪褟	0.000299	0.127833	0.000038
褕泻芯谢褍	0.000299	0.116534	0.000035
褕芯泻芯谢邪写	0.000299	0.040822	0.000012
褕芯褌谢邪薪写褋泻邪褟	0.000299	0.116534	0.000035
褕褌褉褍写械谢褜	0.000299	0.040822	0.000012
褕褍斜泻芯泄	0.000299	2.659260	0.000794
褕褍褉锌邪	0.000299	0.040822	0.000012
褖邪褋	0.000299	0.116534	0.000035
褖械写褉邪褟	0.000299	0.116534	0.000035
褖懈	0.000597	0.040822	0.000024
褝泻芯屑懈谢泻	0.000299	0.127833	0.000038
褝褋褌芯薪褋泻邪褟	0.000299	0.116534	0.000035
褝褌懈屑	0.000299	1.108663	0.000331
褝褌懈褏	0.000299	1.714798	0.000512
褝褌芯谐芯	0.000299	0.415515	0.000124
褝褌褍	0.000597	1.272966	0.000760
褞谐芯褋谢邪胁褋泻邪褟	0.000299	0.116534	0.000035
褟谐芯写薪褘械	0.000597	0.116534	0.000070
褟谐芯写薪褘泄	0.000597	0.116534	0.000070
褟蟹褘泻	0.000299	0.040822	0.000012
褟懈褑	0.001195	0.116534	0.000139
褟泄褑邪	0.000299	0.040822	0.000012
褟泄褑芯	0.005376	0.261365	0.001405
褟薪胁邪褉褟	0.000299	0.733969	0.000219
褟薪写械泻褋	0.000299	0.072571	0.000022
褟锌芯薪褋泻邪褟	0.000299	0.116534	0.000035
褟锌芯薪褋泻芯泄	0.000299	0.061875	0.000018
褟褉泻懈械	0.000299	0.116534	0.000035
褟褉泻芯	0.000299	0.105361	0.000031
