褌芯泻械薪	TF	IDF	TF-IDF
邪斜褏邪蟹褋泻邪褟	0.000282	0.116534	0.000033
邪胁褋褌褉邪谢懈泄褋泻邪褟	0.000282	0.116534	0.000033
邪胁褋褌褉懈泄褋泻邪褟	0.000282	0.116534	0.000033
邪胁褌芯泻谢邪胁邪	0.000282	0.116534	0.000033
邪胁褌芯褉邪屑	0.000282	0.040822	0.000012
邪谐褉芯	0.000282	0.116534	0.000033
邪写卸懈泻邪	0.000282	0.040822	0.000012
邪蟹械褉斜邪泄写卸邪薪褋泻邪褟	0.000282	0.116534	0.000033
邪蟹懈邪褌褋泻邪褟	0.000282	0.127833	0.000036
邪蟹褘	0.000282	0.127833	0.000036
邪泄褉邪薪	0.000282	0.040822	0.000012
邪泻胁邪褌懈泻邪	0.000846	0.127833	0.000108
邪泻褑懈懈	0.000282	2.120264	0.000598
邪谢械泻褋械褟	0.000282	0.127833	0.000036
邪谢泻芯谐芯谢褜	0.000564	0.116534	0.000066
邪谢泻芯谐芯谢褜薪褘械	0.000282	0.116534	0.000033
邪谢泻芯谐芯谢褟	0.000282	0.116534	0.000033
邪谢褜褟薪褋	0.000282	0.116534	0.000033
邪屑械褉懈泻邪薪褋泻邪褟	0.000282	0.116534	0.000033
邪薪谐谢懈泄褋泻邪褟	0.000282	0.116534	0.000033
邪薪写褉械褟	0.000282	0.127833	0.000036
邪锌褉械谢褟	0.000282	0.579818	0.000164
邪褉邪斜褋泻邪褟	0.000282	0.116534	0.000033
邪褉谐械薪褌懈薪褋泻邪褟	0.000282	0.116534	0.000033
邪褉屑褟薪褋泻邪褟	0.000282	0.116534	0.000033
邪褉芯屑邪褌	0.000282	1.660731	0.000468
邪褉芯屑邪褌薪褘械	0.000564	2.207275	0.001245
邪褉芯屑邪褌薪褘屑懈	0.000282	4.605170	0.001299
邪褋褋芯褉褌懈	0.000564	0.116534	0.000066
邪褌谢邪薪褌	0.000282	0.127833	0.000036
邪褍褉懈褔泻邪	0.000282	3.506558	0.000989
邪褎谐邪薪褋泻邪褟	0.000282	0.116534	0.000033
邪褎褉懈泻邪薪褋泻邪褟	0.000282	0.116534	0.000033
邪褝褉芯谐褉懈谢械	0.002820	0.116534	0.000329
斜邪谐械褌褘	0.000282	3.912023	0.001103
斜邪泻谢邪卸邪薪褘	0.000282	0.040822	0.000012
斜邪谢褌泻芯屑	0.000282	0.127833	0.000036
斜邪褉邪薪懈薪褘	0.001128	0.116534	0.000131
斜邪褋屑邪褌懈	0.000564	0.127833	0.000072
斜邪褋褌褍褉屑邪	0.000282	0.040822	0.000012
斜邪褌芯薪邪	0.000282	2.995732	0.000845
斜邪褌芯薪褔懈泻懈	0.000282	0.127833	0.000036
斜邪褕泻懈褉褋泻邪褟	0.000282	0.116534	0.000033
斜械写褉芯	0.000564	2.302585	0.001299
斜械蟹邪谢泻芯谐芯谢褜薪褘械	0.000282	0.116534	0.000033
斜械蟹谐谢褞褌械薪芯胁褘械	0.000282	0.116534	0.000033
斜械蟹械	0.001128	0.040822	0.000046
斜械蟹芯	0.000282	3.506558	0.000989
斜械谢械斜械械胁褋泻懈泄	0.000564	0.116534	0.000066
斜械谢芯褉褍褋褋泻邪褟	0.000282	0.116534	0.000033
斜械谢褘泄	0.000564	1.609438	0.000908
斜械谢褜谐懈泄褋泻邪褟	0.000282	0.116534	0.000033
斜械褉械屑械薪薪褘褏	0.000282	0.116534	0.000033
斜械褋械写懈薪邪	0.000282	0.127833	0.000036
斜械褋锌芯写芯斜薪芯	0.000282	1.966113	0.000554
斜懈褋泻胁懈褌	0.000282	0.040822	0.000012
斜懈褋泻胁懈褌薪芯械	0.000564	0.116534	0.000066
斜懈褋泻胁懈褌薪褘泄	0.000282	0.105361	0.000030
斜懈褋泻胁懈褌褘	0.000282	0.127833	0.000036
斜谢懈卸械	0.000282	0.116534	0.000033
斜谢懈蟹泻懈褏	0.000282	0.116534	0.000033
斜谢懈薪芯胁	0.000564	0.116534	0.000066
斜谢懈薪褘	0.001128	0.040822	0.000046
斜谢褞写	0.000564	0.094311	0.000053
斜谢褞写邪	0.031021	0.040822	0.001266
斜谢褞写械	0.000564	2.302585	0.001299
斜谢褞写芯	0.001692	0.040822	0.000069
斜谢褞写芯屑	0.000282	0.994252	0.000280
斜谢褞写褍	0.000282	0.116534	0.000033
斜芯斜芯胁褘械	0.000564	0.127833	0.000072
斜芯斜芯胁褘褏	0.001692	0.116534	0.000197
斜芯谐	0.000282	4.605170	0.001299
斜芯卸械褋褌胁械薪薪褘泄	0.000282	4.605170	0.001299
斜芯谢谐邪褉褋泻邪褟	0.000282	0.116534	0.000033
斜芯谢谐邪褉褋泻懈泄	0.001692	0.843970	0.001428
斜芯谢褜褕械	0.001128	0.105361	0.000119
斜芯褉芯写懈薪褋泻芯谐芯	0.000282	4.605170	0.001299
斜芯褉褖	0.000564	0.040822	0.000023
斜芯褌胁懈薪褜褟	0.000282	0.040822	0.000012
斜芯褔泻芯胁芯泄	0.000282	4.605170	0.001299
斜褉邪蟹懈谢褜褋泻邪褟	0.000282	0.116534	0.000033
斜褉邪褍蟹械褉械	0.000282	0.040822	0.000012
斜褉邪褍薪懈	0.000282	0.040822	0.000012
斜褉械褋褌	0.000282	0.127833	0.000036
斜褉芯泻泻芯谢懈	0.000282	0.040822	0.000012
斜褍卸械薪懈薪邪	0.000282	0.040822	0.000012
斜褍谢芯褔泻邪屑懈	0.000282	0.116534	0.000033
斜褍谢芯褔泻懈	0.000564	0.040822	0.000023
斜褍谢褜芯薪	0.001974	0.040822	0.000081
斜褍谢褜芯薪褘	0.001128	0.116534	0.000131
斜褍褉谐械褉	0.000282	0.040822	0.000012
斜褍褉谐械褉褘	0.000282	0.127833	0.000036
斜褍褉褟褌褋泻邪褟	0.000282	0.116534	0.000033
斜褍褌械褉斜褉芯写	0.000846	0.116534	0.000099
斜褍褌械褉斜褉芯写褘	0.001128	0.040822	0.000046
斜褍褌褘谢芯褔泻褍	0.000282	4.605170	0.001299
斜褘褋褌褉械薪褜泻芯	0.000564	3.218876	0.001815
斜褘褋褌褉芯	0.001128	0.094311	0.000106
斜褘褋褌褉芯泄	0.000282	0.116534	0.000033
斜褘褋褌褉褘泄	0.001128	0.105361	0.000119
斜褢写褉邪屑懈	0.000282	3.506558	0.000989
胁邪卸薪褘械	0.000282	0.116534	0.000033
胁邪谢谢懈泄褋泻邪褟	0.000282	0.116534	0.000033
胁邪屑懈	0.000564	0.843970	0.000476
胁邪褉械薪懈泻懈	0.000282	0.116534	0.000033
胁邪褉械薪褜械	0.000564	0.040822	0.000023
胁邪褉懈邪薪褌	0.000282	0.562119	0.000159
胁邪褉懈邪薪褌邪	0.000282	2.659260	0.000750
胁邪褉懈邪褑懈懈	0.000282	2.813411	0.000793
胁邪褉懈邪褑懈泄	0.000282	3.218876	0.000908
胁邪褌褉褍褕泻懈	0.000282	0.040822	0.000012
胁邪褎谢懈	0.000564	0.040822	0.000023
胁邪褕械泄	0.000564	0.040822	0.000023
胁胁芯写褟	0.000282	0.040822	0.000012
胁写芯褏薪芯胁械薪懈械	0.001128	0.116534	0.000131
胁写芯褏薪芯胁械薪懈械屑	0.000564	0.116534	0.000066
胁写芯褏薪芯胁谢褟泄褋褟	0.000282	0.116534	0.000033
胁械谐械褌邪褉懈邪薪褋泻懈械	0.000282	0.127833	0.000036
胁械谐械褌邪褉懈邪薪褋泻芯械	0.000282	0.116534	0.000033
胁械谢械谢	0.000282	4.605170	0.001299
胁械谢懈泻懈泄	0.000282	0.116534	0.000033
胁械薪谐械褉褋泻邪褟	0.000282	0.116534	0.000033
胁械褉邪薪写械	0.000282	4.605170	0.001299
胁械褋械薪薪懈械	0.000282	0.051293	0.000014
胁械褋薪邪	0.001410	0.116534	0.000164
胁械褋薪褘	0.000282	0.116534	0.000033
胁械褌褔懈薪邪	0.000564	1.469676	0.000829
胁械褌褔懈薪褘	0.000282	0.105361	0.000030
胁械褔械褉芯屑	0.000282	2.407946	0.000679
胁蟹谐谢褟写	0.000564	1.427116	0.000805
胁蟹褟谢	0.000282	2.813411	0.000793
胁蟹褟褌褜	0.000282	2.207275	0.000622
胁懈写械芯	0.000564	0.116534	0.000066
胁懈写械芯褉械褑械锌褌褘	0.000282	0.301105	0.000085
胁懈薪芯	0.000564	0.040822	0.000023
胁泻谢褞褔邪褞褖懈褏	0.000282	0.634878	0.000179
胁泻褍褋	0.001128	0.105361	0.000119
胁泻褍褋邪	0.002256	0.116534	0.000263
胁泻褍褋械薪	0.000282	1.560648	0.000440
胁泻褍褋薪邪褟	0.001410	0.061875	0.000087
胁泻褍褋薪械械	0.000846	0.116534	0.000099
胁泻褍褋薪械泄	0.000564	0.116534	0.000066
胁泻褍褋薪芯	0.001974	0.094311	0.000186
胁泻褍褋薪褘械	0.000846	0.105361	0.000089
胁泻褍褋薪褘泄	0.000564	0.385662	0.000218
胁泻褍褋薪褘屑	0.000846	1.049822	0.000888
胁泻褍褋薪褟褌懈薪褍	0.000282	2.995732	0.000845
胁泻褍褋芯屑	0.000846	0.105361	0.000089
胁谢褞斜谢械薪薪褘褏	0.000282	0.116534	0.000033
胁薪邪褔邪谢械	0.001128	0.248461	0.000280
胁芯	0.000282	0.061875	0.000017
胁芯写邪	0.000564	0.287682	0.000162
胁芯写械	0.000282	0.105361	0.000030
胁芯泄褌懈	0.000282	0.000000	0.000000
胁芯谢芯胁邪薪褘	0.000282	0.116534	0.000033
胁芯谢褕械斜薪褘械	0.000282	0.116534	0.000033
胁芯谢褕械斜褋褌胁芯	0.000282	0.116534	0.000033
胁芯芯斜褖械	0.000282	1.386294	0.000391
胁芯锌褉芯褋褘	0.000282	0.000000	0.000000
胁芯褋褌芯褔薪邪褟	0.000282	0.127833	0.000036
胁锌芯谢薪械	0.000564	2.813411	0.001587
胁褉械屑械薪邪	0.000282	0.116534	0.000033
胁褉械屑械薪械屑	0.001692	0.116534	0.000197
胁褉械屑械薪懈	0.000282	0.967584	0.000273
胁褉械屑褟	0.000564	0.400478	0.000226
胁褋械谐芯	0.000564	0.186330	0.000105
胁褋械泄	0.000846	0.105361	0.000089
胁褋械屑懈	0.000282	2.525729	0.000712
胁褋械屑褍	0.000282	0.061875	0.000017
胁褋锌芯屑薪懈褌褜	0.000282	0.040822	0.000012
胁褋褞	0.000282	1.966113	0.000554
胁褋褟泻芯谐芯	0.000282	3.506558	0.000989
胁褌芯褉芯械	0.000282	0.116534	0.000033
胁褌芯褉褘械	0.000282	0.127833	0.000036
胁褍邪谢褟	0.000282	3.506558	0.000989
胁褏芯写	0.000846	0.030459	0.000026
胁褘胁械谢邪	0.000282	4.605170	0.001299
胁褘泄褌懈	0.000282	0.040822	0.000012
胁褘泻谢邪写褘胁邪械褌褋褟	0.000282	3.506558	0.000989
胁褘谢芯卸械薪芯	0.000282	3.506558	0.000989
胁褘锌械褔泻邪	0.003666	0.040822	0.000150
胁褘锌械褔泻懈	0.000564	0.072571	0.000041
胁褘锌械褔泻芯泄	0.000282	0.116534	0.000033
胁褘锌褉芯褋懈谢邪	0.000282	2.525729	0.000712
胁褘锌褍褋泻邪	0.000282	3.506558	0.000989
胁褘褌械褋薪械薪薪芯谐芯	0.000282	3.218876	0.000908
胁褘褏芯写懈褌	0.000282	3.218876	0.000908
胁褘褏芯写懈褌褜	0.000282	4.605170	0.001299
胁褜械褌薪邪屑褋泻邪褟	0.000282	0.116534	0.000033
谐邪胁邪泄褋泻邪褟	0.000282	0.116534	0.000033
谐邪褉薪懈褉	0.001410	0.040822	0.000058
谐邪褋锌邪褔芯	0.000282	0.040822	0.000012
谐械芯谐褉邪褎懈褟	0.000282	0.116534	0.000033
谐谢邪胁薪褘泄	0.000282	0.040822	0.000012
谐谢邪蟹褍褉褜	0.000846	0.040822	0.000035
谐谢懈薪褌胁械泄薪	0.000282	0.040822	0.000012
谐薪械蟹写芯	0.000282	2.302585	0.000649
谐芯胁褟写懈薪褘	0.001128	0.116534	0.000131
谐芯写	0.002538	0.105361	0.000267
谐芯写邪	0.004512	0.248461	0.001121
谐芯写褍	0.000282	1.171183	0.000330
谐芯谢械薪褟屑懈	0.000282	3.506558	0.000989
谐芯谢谢邪薪写褋泻邪褟	0.000282	0.116534	0.000033
谐芯褉芯写邪	0.000282	0.116534	0.000033
谐芯褉芯褏	0.000282	0.116534	0.000033
谐芯褉褔懈褑邪	0.002256	0.040822	0.000092
谐芯褉褔懈褑邪屑懈	0.000282	0.127833	0.000036
谐芯褉褔懈褔薪邪褟	0.000282	3.912023	0.001103
谐芯褉褕芯褔泻邪褏	0.000282	0.105361	0.000030
谐芯褉褕芯褔泻械	0.000282	0.040822	0.000012
谐芯褉褟褔械械	0.000564	0.116534	0.000066
谐芯褉褟褔懈械	0.013254	0.105361	0.001396
谐芯褉褟褔懈泄	0.000564	0.116534	0.000066
谐芯褋褌懈	0.000282	0.116534	0.000033
谐芯褋褌褍	0.000282	2.659260	0.000750
谐芯褌芯胁懈屑	0.001692	0.094311	0.000160
谐芯褌芯胁懈褌褜	0.001692	0.105361	0.000178
谐芯褌芯胁泻懈	0.000282	2.207275	0.000622
谐芯褌芯胁谢褞	0.000282	1.049822	0.000296
谐芯褌芯胁芯	0.000282	2.302585	0.000649
谐芯褌芯胁褘	0.000282	2.407946	0.000679
谐芯褌芯胁褜	0.000564	0.116534	0.000066
谐芯褌芯胁褟褌	0.000282	0.116534	0.000033
谐芯褌芯胁褟褌褋褟	0.000282	1.660731	0.000468
谐褉	0.000282	3.912023	0.001103
谐褉邪薪斜懈	0.000282	4.605170	0.001299
谐褉械薪泻懈	0.001410	0.040822	0.000058
谐褉械褔械褋泻邪褟	0.000282	0.116534	0.000033
谐褉械褔泻邪	0.000282	0.040822	0.000012
谐褉懈斜邪屑懈	0.001128	0.105361	0.000119
谐褉懈斜薪褘械	0.000564	0.040822	0.000023
谐褉懈斜芯胁	0.000846	0.116534	0.000099
谐褉懈斜褘	0.000846	0.040822	0.000035
谐褉懈谢械	0.001410	0.116534	0.000164
谐褉懈谢褜	0.000282	0.116534	0.000033
谐褉懈谢褜屑邪薪懈褟	0.000282	0.116534	0.000033
谐褉懈谢褟	0.001128	0.116534	0.000131
谐褉芯谐	0.000282	0.040822	0.000012
谐褉褍写泻芯泄	0.000282	3.218876	0.000908
谐褉褍蟹懈薪褋泻邪褟	0.000282	0.116534	0.000033
谐褉褍锌锌褘	0.000282	0.061875	0.000017
谐褍谢褟薪懈泄	0.000282	4.605170	0.001299
谐褍褉屑邪薪懈褟	0.001692	0.116534	0.000197
谐褍褉屑械	0.000282	0.127833	0.000036
谐褍褋褟	0.000564	0.105361	0.000059
写邪胁邪谢邪	0.000282	3.912023	0.001103
写邪械褌	0.000282	0.040822	0.000012
写邪薪薪芯谐芯	0.000282	2.407946	0.000679
写邪薪薪褘械	0.000282	0.040822	0.000012
写邪褉褘	0.000282	0.116534	0.000033
写邪褌械	0.000564	0.248461	0.000140
写邪褌褋泻邪褟	0.000282	0.116534	0.000033
写邪褔薪芯械	0.000846	0.116534	0.000099
写邪褔薪褘泄	0.000282	4.605170	0.001299
写胁邪	0.000282	1.171183	0.000330
写胁械	0.000282	2.525729	0.000712
写械泻邪斜褉褟	0.001410	0.597837	0.000843
写械泻芯褉	0.000282	0.127833	0.000036
写械谢邪械褌	0.000846	0.116534	0.000099
写械谢邪械褌褋褟	0.000282	1.347074	0.000380
写械谢邪褌褜	0.001128	1.386294	0.001564
写械谢邪褞	0.000282	1.386294	0.000391
写械谢懈屑褋褟	0.000282	0.040822	0.000012
写械谢芯	0.000282	1.386294	0.000391
写械谢芯屑	0.000282	0.116534	0.000033
写械薪褜	0.001128	0.083382	0.000094
写械褋械褉褌	0.000846	0.116534	0.000099
写械褋械褉褌邪褑懈褟	0.000282	0.116534	0.000033
写械褋械褉褌薪褘械	0.000282	0.116534	0.000033
写械褋械褉褌褘	0.004512	0.040822	0.000184
写械褌械泄	0.000282	0.116534	0.000033
写械褌褜屑懈	0.000282	4.605170	0.001299
写卸械屑	0.000282	0.040822	0.000012
写蟹械薪	0.000282	0.116534	0.000033
写懈械褌邪	0.000282	0.116534	0.000033
写懈械褌褘	0.000282	0.116534	0.000033
写懈泻懈泄	0.000564	0.116534	0.000066
写懈泻芯谐芯	0.000282	0.116534	0.000033
写懈锌	0.000282	0.116534	0.000033
写懈褔懈	0.000564	0.116534	0.000066
写懈褔褜	0.000282	0.116534	0.000033
写薪械胁薪懈泻邪褏	0.000282	0.061875	0.000017
写薪械泄	0.000846	0.116534	0.000099
写薪褟	0.000564	0.040822	0.000023
写芯斜邪胁懈谢邪	0.000282	1.897120	0.000535
写芯斜邪胁谢械薪懈褟屑	0.000282	0.274437	0.000077
写芯斜邪胁谢褟褌褜	0.000282	0.040822	0.000012
写芯斜邪胁褜	0.000282	0.116534	0.000033
写芯斜褉芯褎谢芯褌	0.000282	0.127833	0.000036
写芯胁械褉褟械褕褜	0.000282	0.116534	0.000033
写芯谢卸薪邪	0.000282	2.207275	0.000622
写芯屑	0.002256	0.040822	0.000092
写芯屑邪褕薪械械	0.000846	0.040822	0.000035
写芯屑邪褕薪械屑褍	0.000282	3.506558	0.000989
写芯屑邪褕薪懈械	0.000846	0.040822	0.000035
写芯屑邪褕薪懈泄	0.001692	0.116534	0.000197
写芯屑邪褕薪懈屑懈	0.000282	2.995732	0.000845
写芯屑邪褕薪褟褟	0.000564	0.105361	0.000059
写芯屑芯胁	0.000282	0.040822	0.000012
写芯褋褌邪褌芯褔薪芯	0.000564	2.040221	0.001151
写褉邪泄胁	0.001410	0.127833	0.000180
写褉芯卸卸械胁芯械	0.000282	0.116534	0.000033
写褉芯卸卸懈	0.000564	0.941609	0.000531
写褉褍谐懈屑懈	0.000282	0.040822	0.000012
写褍褏芯胁泻邪	0.001128	0.127833	0.000144
写褍褏芯胁泻懈	0.000282	2.659260	0.000750
写褍褕懈	0.000846	0.105361	0.000089
写褍褕懈褋褌褘泄	0.000564	1.237874	0.000698
械胁褉械泄褋泻邪褟	0.000282	0.116534	0.000033
械谐懈锌械褌褋泻邪褟	0.000282	0.116534	0.000033
械写懈薪褘泄	0.000282	0.040822	0.000012
械泻芯	0.000282	0.127833	0.000036
卸邪谢械褌褜	0.000282	3.506558	0.000989
卸邪褉泻芯谐芯	0.000282	4.605170	0.001299
卸邪褉泻芯械	0.000282	0.040822	0.000012
卸械谢械	0.000846	0.040822	0.000035
卸械薪褋泻邪褟	0.000282	0.127833	0.000036
卸械薪褋泻芯屑	0.000282	0.061875	0.000017
卸械薪褖懈薪褘	0.000564	0.116534	0.000066
卸懈蟹薪懈	0.000282	0.040822	0.000012
卸懈蟹薪褜	0.000282	0.116534	0.000033
卸褍谢褜械薪	0.000282	0.040822	0.000012
卸褍褉薪邪谢邪	0.000282	0.127833	0.000036
卸褞谢褜械薪	0.000282	0.040822	0.000012
蟹邪斜褘谢邪	0.000282	2.302585	0.000649
蟹邪胁邪褉薪芯械	0.000282	0.116534	0.000033
蟹邪胁邪褉薪芯泄	0.000282	0.116534	0.000033
蟹邪胁褌褉邪泻	0.002538	0.094311	0.000239
蟹邪胁褌褉邪泻懈	0.000282	0.127833	0.000036
蟹邪谐谢褟薪懈褌械	0.000282	2.659260	0.000750
蟹邪谐芯褌芯胁泻懈	0.001128	0.040822	0.000046
蟹邪写邪胁邪褌褜	0.000282	0.040822	0.000012
蟹邪泄褑邪	0.000564	0.116534	0.000066
蟹邪泻邪蟹褘胁邪谢邪	0.000282	4.605170	0.001299
蟹邪泻胁邪褋泻邪	0.000564	0.040822	0.000023
蟹邪泻胁邪褋泻邪屑懈	0.000282	0.116534	0.000033
蟹邪泻胁邪褋泻褍	0.000564	4.605170	0.002597
蟹邪泻胁邪褋芯泻	0.000282	0.127833	0.000036
蟹邪泻褉褘褌褘泄	0.000282	0.116534	0.000033
蟹邪泻褍褋泻邪	0.000564	1.347074	0.000760
蟹邪泻褍褋泻懈	0.008178	0.040822	0.000334
蟹邪泻褍褋泻褍	0.001128	0.116534	0.000131
蟹邪泻褍褋芯薪褔懈泻	0.000282	0.116534	0.000033
蟹邪泻褍褋芯褔泻邪	0.000282	0.116534	0.000033
蟹邪泻褍褋芯褔薪褘械	0.003384	0.116534	0.000394
蟹邪泻褍褋芯褔薪褘泄	0.000564	2.120264	0.001196
蟹邪谢懈胁薪芯械	0.000564	0.040822	0.000023
蟹邪屑械薪褟褌	0.000282	3.218876	0.000908
蟹邪屑械褋	0.000282	3.506558	0.000989
蟹邪屑芯褉芯蟹泻邪	0.000282	0.105361	0.000030
蟹邪锌邪写	0.000282	0.116534	0.000033
蟹邪锌械泻邪薪泻邪	0.001128	0.105361	0.000119
蟹邪锌械泻邪薪泻懈	0.001974	0.040822	0.000081
蟹邪锌械褔械薪薪邪褟	0.000282	2.120264	0.000598
蟹邪锌懈褋薪褘褏	0.000282	3.506558	0.000989
蟹邪锌褉邪胁泻邪	0.000564	0.040822	0.000023
蟹邪褉械谐懈褋褌褉懈褉芯胁邪胁褕懈褋褜	0.000282	0.040822	0.000012
蟹邪褉械谐懈褋褌褉懈褉芯胁邪褌褜褋褟	0.000282	0.030459	0.000009
蟹邪褋芯谢泻邪	0.000282	0.116534	0.000033
蟹邪褋褌芯谢褜褟	0.000282	2.995732	0.000845
蟹邪褏芯褌械谢邪	0.000282	3.506558	0.000989
蟹胁邪薪褘泄	0.000282	0.127833	0.000036
蟹胁械蟹写邪	0.000282	0.127833	0.000036
蟹胁褢蟹写薪褘械	0.000282	0.116534	0.000033
蟹写芯褉芯胁芯械	0.000282	0.116534	0.000033
蟹写芯褉芯胁褘泄	0.000282	0.116534	0.000033
蟹械谢械薪褘械	0.001692	2.302585	0.003896
蟹械谢械薪褜	0.001410	0.094311	0.000133
蟹械屑谢褟	0.000282	3.506558	0.000989
蟹械褎懈褉	0.000282	0.040822	0.000012
蟹懈屑薪懈械	0.000282	0.051293	0.000014
蟹懈屑褍	0.001128	0.040822	0.000046
蟹芯谢芯褌邪褟	0.000282	0.116534	0.000033
蟹褉邪蟹褘	0.000564	2.040221	0.001151
懈胁邪薪芯胁邪	0.000282	0.127833	0.000036
懈写械邪谢褜薪邪褟	0.000564	0.116534	0.000066
懈写械邪谢褜薪芯	0.000282	1.514128	0.000427
懈写械邪谢褜薪芯谐芯	0.001410	0.116534	0.000164
懈写械邪谢褜薪芯械	0.000282	0.116534	0.000033
懈写械械泄	0.000282	2.995732	0.000845
懈写械泄泻懈	0.000282	0.116534	0.000033
懈写械泄泻芯泄	0.000282	3.912023	0.001103
懈蟹胁械褋褌薪芯	0.000282	2.525729	0.000712
懈蟹写械谢懈褟	0.000846	0.116534	0.000099
懈蟹写械谢懈褟屑懈	0.000846	0.116534	0.000099
懈蟹褞屑	0.000564	2.040221	0.001151
懈蟹褞屑芯屑	0.000282	3.912023	0.001103
懈泻褉邪	0.001410	0.040822	0.000058
懈谢谢褞褋褌褉懈褉芯胁邪薪	0.000282	2.120264	0.000598
懈屑械薪械屑	0.000282	0.040822	0.000012
懈薪胁械褉褌芯褉薪芯泄	0.000282	0.127833	0.000036
懈薪谐褉械写懈械薪褌褘	0.008742	0.139262	0.001217
懈薪写械泄泻懈	0.001410	0.094311	0.000133
懈薪写械泄泻芯泄	0.000282	0.116534	0.000033
懈薪写懈泄褋泻邪褟	0.000282	0.116534	0.000033
懈薪写懈谢邪泄褌	0.000846	0.116534	0.000099
懈薪写懈褉械褋薪褘械	0.000282	0.116534	0.000033
懈薪褋褌褉褍泻褑懈褟屑懈	0.000282	0.040822	0.000012
懈褉邪泻褋泻邪褟	0.000282	0.116534	0.000033
懈褉邪薪褋泻邪褟	0.000282	0.116534	0.000033
懈褉谢邪薪写褋泻邪褟	0.000282	0.116534	0.000033
懈褋泻褉械薪薪械	0.000282	0.116534	0.000033
懈褋谢邪薪写褋泻邪褟	0.000282	0.116534	0.000033
懈褋锌邪薪褋泻邪褟	0.000282	0.116534	0.000033
懈褋锌械泻懈	0.000282	0.116534	0.000033
懈褋褌芯泻邪屑	0.000282	3.506558	0.000989
懈褋褌芯褉懈懈	0.001410	0.116534	0.000164
懈褋褌芯褉懈褞	0.000282	0.116534	0.000033
懈褌邪谢懈懈	0.000564	0.105361	0.000059
懈褌邪谢褜褟薪褋泻邪褟	0.000282	0.116534	0.000033
懈褞谢褟	0.000282	0.597837	0.000169
懈褞薪褟	0.000282	0.579818	0.000164
泄邪	0.000282	3.912023	0.001103
泄芯谐褍褉褌	0.000846	0.040822	0.000035
泻邪斜邪褔泻懈	0.000282	0.040822	0.000012
泻邪胁泻邪蟹褋泻邪褟	0.000282	0.116534	0.000033
泻邪蟹邪薪械	0.000282	0.116534	0.000033
泻邪蟹邪褏褋泻邪褟	0.000282	0.116534	0.000033
泻邪泻邪芯	0.000564	0.040822	0.000023
泻邪谢械泄写芯褋泻芯锌	0.001128	0.116534	0.000131
泻邪谢屑褘褑泻邪褟	0.000282	0.116534	0.000033
泻邪谢芯褉懈泄薪芯械	0.000282	3.218876	0.000908
泻邪谢芯褉懈泄薪芯褋褌褜	0.000282	3.506558	0.000989
泻邪谢褜屑邪褉	0.000282	0.040822	0.000012
泻邪屑械褉邪	0.000282	0.116534	0.000033
泻邪薪邪写褋泻邪褟	0.000282	0.116534	0.000033
泻邪薪邪谢	0.000564	0.040822	0.000023
泻邪薪邪谢械	0.000282	0.040822	0.000012
泻邪薪邪锌械	0.001410	0.040822	0.000058
泻邪薪邪锌褍谢懈	0.000282	3.912023	0.001103
泻邪锌褍褋褌邪	0.000564	0.040822	0.000023
泻邪锌褍褋褌薪褟泻	0.000282	0.040822	0.000012
泻邪锌褍褋褌褘	0.000282	0.040822	0.000012
泻邪褉邪屑械谢褜	0.000282	0.040822	0.000012
泻邪褉泻邪褋薪褘泄	0.001128	0.116534	0.000131
泻邪褉褌芯褎械谢褜	0.000846	0.040822	0.000035
泻邪褉褌芯褎械谢褜薪芯械	0.000282	0.040822	0.000012
泻邪褉褌芯褎械谢褜薪褘泄	0.000282	0.116534	0.000033
泻邪褉褌芯褕泻邪	0.000564	0.040822	0.000023
泻邪褌械谐芯褉懈懈	0.000282	0.116534	0.000033
泻邪褌械谐芯褉懈褟	0.004230	0.150823	0.000638
泻邪褔械褋褌胁芯	0.000282	0.116534	0.000033
泻邪褕邪	0.000282	0.040822	0.000012
泻邪褕懈	0.001410	0.105361	0.000149
泻邪褕褍	0.000282	0.094311	0.000027
泻胁邪褋	0.003102	0.040822	0.000127
泻胁邪褋邪	0.000564	3.912023	0.002206
泻胁邪褋薪芯械	0.000846	0.116534	0.000099
泻胁邪褋芯屑	0.000282	0.127833	0.000036
泻械泻褋	0.000282	0.040822	0.000012
泻械泻褋褘	0.000564	0.116534	0.000066
泻械褌褔褍锌	0.000564	1.560648	0.000880
泻械褎懈褉	0.000282	0.040822	0.000012
泻懈屑褔懈	0.000282	0.040822	0.000012
泻懈薪蟹邪	0.000564	2.407946	0.001358
泻懈薪芯邪	0.000564	0.127833	0.000072
泻懈薪芯谢械薪褌邪	0.000282	0.116534	0.000033
泻懈褋械谢褜	0.000564	0.040822	0.000023
泻懈褌邪泄褋泻邪褟	0.000282	0.116534	0.000033
泻懈褌褔械薪械褉	0.000282	4.605170	0.001299
泻泻邪谢	0.000282	2.302585	0.000649
泻谢邪褋褋	0.002256	0.116534	0.000263
泻谢邪褋褋懈褔械褋泻懈泄	0.000282	1.897120	0.000535
泻谢邪褋褋懈褔械褋泻懈褏	0.000282	2.407946	0.000679
泻谢邪褋褋褘	0.000282	0.116534	0.000033
泻薪懈谐懈	0.000282	3.506558	0.000989
泻薪懈谐褍	0.000564	0.040822	0.000023
泻薪懈卸泻邪褏	0.000282	3.506558	0.000989
泻芯谐芯	0.000564	1.714798	0.000967
泻芯泻褌械泄谢懈	0.000282	0.127833	0.000036
泻芯泻褌械泄谢褜	0.001410	0.040822	0.000058
泻芯谢斜邪褋邪	0.000282	0.040822	0.000012
泻芯谢斜邪褋薪褘屑懈	0.000846	0.116534	0.000099
泻芯屑邪薪写邪	0.000564	0.127833	0.000072
泻芯屑懈	0.000282	0.116534	0.000033
泻芯屑屑械薪褌邪褉懈械胁	0.000282	0.223144	0.000063
泻芯屑锌邪薪懈泄	0.000282	0.105361	0.000030
泻芯屑锌邪薪懈褟	0.000282	3.912023	0.001103
泻芯屑锌芯褌	0.000846	0.040822	0.000035
泻芯屑褍	0.000282	1.347074	0.000380
泻芯薪械褔薪芯	0.000282	0.527633	0.000149
泻芯薪懈薪褘	0.000282	0.116534	0.000033
泻芯薪泻褍褉褋	0.060350	0.105361	0.006358
泻芯薪泻褍褉褋邪	0.000564	0.116534	0.000066
泻芯薪泻褍褉褋邪褏	0.000282	0.040822	0.000012
泻芯薪泻褍褉褋薪褘械	0.000282	0.127833	0.000036
泻芯薪褋械褉胁懈褉芯胁邪薪懈械	0.000282	0.040822	0.000012
泻芯薪褋械褉胁懈褉芯胁邪薪薪邪褟	0.000282	0.116534	0.000033
泻芯薪褋械褉胁懈褉芯胁邪薪薪芯械	0.000282	0.116534	0.000033
泻芯薪褋械褉胁懈褉芯胁邪薪薪褘械	0.000564	0.116534	0.000066
泻芯薪褋械褉胁懈褉芯胁邪薪薪褘泄	0.000282	0.116534	0.000033
泻芯薪褎械褌褌懈	0.000282	0.116534	0.000033
泻芯薪褎械褌褘	0.000846	0.040822	0.000035
泻芯薪褎懈写械薪褑懈邪谢褜薪芯褋褌懈	0.000282	0.040822	0.000012
泻芯薪褎懈褌褞褉	0.000282	0.040822	0.000012
泻芯锌褔械薪芯褋褌褟屑懈	0.000282	0.116534	0.000033
泻芯褉械泄褋泻邪褟	0.000282	0.116534	0.000033
泻芯褉械泄褋泻懈	0.000282	0.040822	0.000012
泻芯褉卸懈泻懈	0.000282	0.040822	0.000012
泻芯褉懈褔薪械胁褘泄	0.000564	1.386294	0.000782
泻芯褉屑褟褖懈褏	0.000282	0.116534	0.000033
泻芯褉薪懈褕芯薪褘	0.000564	2.995732	0.001690
泻芯褉芯褔泻芯泄	0.000282	1.771957	0.000500
泻芯褌谢械褌	0.000282	2.302585	0.000649
泻芯褌谢械褌邪	0.000846	3.218876	0.002723
泻芯褌谢械褌邪褏	0.000282	2.525729	0.000712
泻芯褌谢械褌泻懈	0.000282	2.813411	0.000793
泻芯褌谢械褌芯泄	0.000282	3.506558	0.000989
泻芯褌谢械褌褘	0.001974	0.040822	0.000081
泻芯褌芯褉芯屑褍	0.000282	0.116534	0.000033
泻芯褌芯褉褘屑	0.000282	2.302585	0.000649
泻芯褎械	0.000564	0.040822	0.000023
泻褉邪褋懈胁邪褟	0.000282	2.525729	0.000712
泻褉邪褋懈胁芯	0.000282	1.832581	0.000517
泻褉邪褋懈胁褘械	0.000282	1.897120	0.000535
泻褉邪褋泻懈	0.000282	0.116534	0.000033
泻褉邪褋薪邪褟	0.000564	2.995732	0.001690
泻褉邪褋薪褘泄	0.000564	1.171183	0.000661
泻褉械邪褌懈胁	0.000282	0.127833	0.000036
泻褉械屑	0.000282	0.040822	0.000012
泻褉械屑邪	0.000564	0.116534	0.000066
泻褉械锌泻懈泄	0.000282	0.116534	0.000033
泻褉芯谢懈泻邪	0.000564	0.116534	0.000066
泻褉芯屑械	0.000282	0.061875	0.000017
泻褉芯褋褋胁芯褉写	0.000282	4.605170	0.001299
泻褉芯褏懈	0.000282	0.116534	0.000033
泻褉褍谐褍	0.000564	0.116534	0.000066
泻褉褍锌	0.001692	0.116534	0.000197
泻褉褍锌邪	0.000282	0.127833	0.000036
泻褉褍锌褘	0.000564	0.127833	0.000072
泻褉褍锌褟薪褘械	0.000282	0.116534	0.000033
泻褉褘屑褍	0.000282	2.407946	0.000679
泻褋褌邪褌懈	0.000282	1.237874	0.000349
泻褍斜懈薪褋泻邪褟	0.000282	0.116534	0.000033
泻褍谢械褕	0.000282	0.040822	0.000012
泻褍谢懈薪邪褉懈懈	0.000846	0.094311	0.000080
泻褍谢懈薪邪褉懈褟	0.000282	2.813411	0.000793
泻褍谢懈薪邪褉薪邪褟	0.000282	0.116534	0.000033
泻褍谢懈薪邪褉薪芯械	0.000282	0.116534	0.000033
泻褍谢懈薪邪褉薪褍褞	0.000564	0.040822	0.000023
泻褍谢懈薪邪褉薪褘泄	0.000282	0.072571	0.000020
泻褍谢懈薪邪褉薪褘褏	0.000282	0.116534	0.000033
泻褍谢懈褔	0.000282	0.040822	0.000012
泻褍谢懈褔懈	0.000282	0.116534	0.000033
泻褍薪卸褍褌	0.000564	0.994252	0.000561
泻褍褉写褋泻邪褟	0.000282	0.116534	0.000033
泻褍褉懈薪邪褟	0.000282	1.021651	0.000288
泻褍褉懈薪芯谐芯	0.000282	0.116534	0.000033
泻褍褉懈薪芯械	0.005358	0.127833	0.000685
泻褍褉懈薪芯泄	0.000846	2.120264	0.001794
泻褍褉懈薪褘械	0.000564	1.832581	0.001034
泻褍褉懈薪褘泄	0.000282	0.105361	0.000030
泻褍褉懈薪褘屑懈	0.000282	2.813411	0.000793
泻褍褉懈褑邪	0.001692	0.040822	0.000069
泻褍褉懈褑褘	0.001974	0.116534	0.000230
泻褍褉芯褔泻芯泄	0.000282	0.116534	0.000033
泻褍褋泻褍褋	0.000282	0.040822	0.000012
泻褍褏薪械泄	0.000282	0.040822	0.000012
泻褍褏薪懈	0.000846	0.040822	0.000035
泻褍褏薪褞	0.000282	2.525729	0.000712
泻褍褏薪褟	0.000846	0.116534	0.000099
谢邪胁邪褕	0.000564	0.040822	0.000023
谢邪胁邪褕邪	0.001128	0.116534	0.000131
谢邪胁邪褕懈泻芯屑	0.000282	3.218876	0.000908
谢邪谐屑邪薪	0.000282	0.040822	0.000012
谢邪泻芯屑褋褌胁芯	0.000282	0.116534	0.000033
谢邪锌褕邪	0.000564	0.040822	0.000023
谢邪褋褌芯褔泻懈薪芯	0.000282	2.302585	0.000649
谢邪褌褘褕褋泻邪褟	0.000282	0.116534	0.000033
谢械谐泻邪褟	0.000282	0.116534	0.000033
谢械谐泻懈泄	0.000564	0.116534	0.000066
谢械谐泻芯	0.001974	0.116534	0.000230
谢械锌械褕泻懈	0.000846	0.040822	0.000035
谢械褋褍	0.000282	4.605170	0.001299
谢械褌	0.000282	0.843970	0.000238
谢械褌邪	0.000282	0.116534	0.000033
谢械褌薪懈械	0.000282	0.040822	0.000012
谢械褌薪褟褟	0.000282	0.116534	0.000033
谢械褌芯	0.001410	0.116534	0.000164
谢械褔芯	0.000282	0.040822	0.000012
谢懈谐邪	0.000846	0.116534	0.000099
谢懈泻械褉	0.000282	0.040822	0.000012
谢懈屑芯薪邪	0.000564	1.897120	0.001070
谢懈屑芯薪邪写	0.000564	0.040822	0.000023
谢懈褋褌褜褟	0.000564	1.514128	0.000854
谢懈褌芯胁褋泻	0.000282	0.127833	0.000036
谢懈褌芯胁褋泻邪褟	0.000282	0.116534	0.000033
谢褍泻	0.003102	0.301105	0.000934
谢褍褔褕懈械	0.000282	0.116534	0.000033
谢褍褔褕懈泄	0.000564	0.040822	0.000023
谢褍褔褕懈褏	0.000282	0.116534	0.000033
谢褞斜胁懈	0.000282	0.105361	0.000030
谢褞斜懈屑芯谐芯	0.000282	0.127833	0.000036
谢褞斜懈屑芯泄	0.000282	2.659260	0.000750
谢褞斜懈屑芯屑褍	0.000282	0.116534	0.000033
谢褞斜懈屑褘	0.000282	3.912023	0.001103
谢褞斜懈屑褘屑	0.000282	1.469676	0.000414
谢褞斜懈屑褘褏	0.001692	0.116534	0.000197
谢褞斜芯胁褜	0.000282	0.116534	0.000033
谢褞斜芯谐芯	0.000282	2.302585	0.000649
谢褞斜芯泄	0.000564	0.116534	0.000066
谢褞斜褟褌	0.000282	1.832581	0.000517
谢褞褋褜械薪	0.000282	4.605170	0.001299
谢褢写	0.000282	0.127833	0.000036
屑邪谐邪蟹懈薪薪褘泄	0.000282	3.506558	0.000989
屑邪谐褉懈斜邪	0.000282	0.116534	0.000033
屑邪泄	0.000282	0.116534	0.000033
屑邪泄芯薪械蟹	0.002538	0.116534	0.000296
屑邪泻邪褉芯薪薪褘械	0.000282	0.116534	0.000033
屑邪泻邪褉芯薪褘	0.000282	0.040822	0.000012
屑邪谢邪蟹懈泄褋泻邪褟	0.000282	0.116534	0.000033
屑邪谢芯	0.000564	1.609438	0.000908
屑邪薪薪懈泻	0.000282	0.040822	0.000012
屑邪薪褋邪褉写芯泄	0.000564	0.755023	0.000426
屑邪薪褌褘	0.000282	0.116534	0.000033
屑邪薪褢胁褉褘	0.000282	0.116534	0.000033
屑邪褉邪褎芯薪	0.000846	0.116534	0.000099
屑邪褉懈薪邪写	0.002538	0.040822	0.000104
屑邪褉懈薪邪写褘	0.000846	0.116534	0.000099
屑邪褉懈薪芯胁邪薪薪褘械	0.000282	0.116534	0.000033
屑邪褉屑械谢邪写	0.000282	0.040822	0.000012
屑邪褉芯泻泻邪薪褋泻邪褟	0.000282	0.116534	0.000033
屑邪褉褌邪	0.001410	0.105361	0.000149
屑邪褋泻邪褉锌芯薪械	0.000282	0.040822	0.000012
屑邪褋谢械薪懈褑邪	0.000846	0.040822	0.000035
屑邪褋谢械薪懈褔薪芯械	0.000282	0.116534	0.000033
屑邪褋谢芯	0.005922	0.116534	0.000690
屑邪褋谢芯屑	0.000282	0.116534	0.000033
屑邪褋褌械褉	0.002538	0.116534	0.000296
屑邪褋褌懈泻邪	0.000282	0.040822	0.000012
屑邪褋褌懈泻懈	0.000282	0.116534	0.000033
屑邪褎褎懈薪褘	0.000282	0.116534	0.000033
屑邪褏械械胁褗	0.001128	0.116534	0.000131
屑邪褟	0.001128	0.634878	0.000716
屑械写	0.000564	1.832581	0.001034
屑械写懈邪褎芯褉褌	0.000846	0.000000	0.000000
屑械写芯胁褘泄	0.000282	0.116534	0.000033
屑械写芯屑	0.000282	3.912023	0.001103
屑械泻褋懈泻邪薪褋泻邪褟	0.000282	0.116534	0.000033
屑械谢芯褔械泄	0.000282	3.218876	0.000908
屑械薪褞	0.000282	0.116534	0.000033
屑械薪褟	0.001128	0.083382	0.000094
屑械薪褟械褌褋褟	0.000282	0.116534	0.000033
屑械褉褍	0.000282	2.302585	0.000649
屑械褔褌邪	0.000282	0.116534	0.000033
屑械褔褌褘	0.000564	0.040822	0.000023
屑懈写懈懈	0.000282	0.040822	0.000012
屑懈泻褉芯胁芯谢薪芯胁泻械	0.000282	0.116534	0.000033
屑懈谢褜械	0.000282	0.116534	0.000033
屑懈芯	0.000282	0.116534	0.000033
屑懈褉	0.000282	0.116534	0.000033
屑懈褉邪	0.000282	0.116534	0.000033
屑懈褉芯胁邪褟	0.000282	0.116534	0.000033
屑懈褋芯	0.000282	0.040822	0.000012
屑懈褋褌械褉懈褟	0.000282	0.116534	0.000033
屑懈褋褌褉邪谢褜	0.001974	0.116534	0.000230
屑薪芯谐懈屑懈	0.000282	3.218876	0.000908
屑薪芯谐芯	0.000282	0.776529	0.000219
屑薪芯卸械褋褌胁芯屑	0.000282	0.040822	0.000012
屑芯谐褍	0.000282	0.798508	0.000225
屑芯械	0.000282	0.116534	0.000033
屑芯卸械褌械	0.000282	0.000000	0.000000
屑芯泄	0.000564	0.105361	0.000059
屑芯谢写邪胁褋泻邪褟	0.000282	0.116534	0.000033
屑芯谢芯泻械	0.000282	0.105361	0.000030
屑芯谢芯泻芯	0.002538	0.116534	0.000296
屑芯谢芯褔薪褘泄	0.000564	0.040822	0.000023
屑芯谢芯褔薪褘褏	0.000282	0.116534	0.000033
屑芯屑械薪褌	0.000846	0.116534	0.000099
屑芯薪谐芯谢褜褋泻邪褟	0.000282	0.116534	0.000033
屑芯褉械	0.000282	0.116534	0.000033
屑芯褉械锌褉芯写褍泻褌芯胁	0.003666	0.040822	0.000150
屑芯褉械锌褉芯写褍泻褌褘	0.000564	0.116534	0.000066
屑芯褉泻芯胁褜	0.001410	0.040822	0.000058
屑芯褉芯卸械薪芯械	0.000846	0.040822	0.000035
屑芯褉褋	0.000282	0.040822	0.000012
屑芯褉褋褘	0.000282	0.116534	0.000033
屑芯褌芯褉	0.000282	0.116534	0.000033
屑芯褏懈褌芯	0.000282	0.040822	0.000012
屑褍卸	0.000282	1.171183	0.000330
屑褍卸褋泻邪褟	0.000282	0.127833	0.000036
屑褍卸褔懈薪褘	0.000564	0.116534	0.000066
屑褍蟹褘泻褍	0.000282	4.605170	0.001299
屑褍泻邪	0.001128	0.274437	0.000310
屑褍谢褜褌懈胁邪褉泻械	0.010716	0.116534	0.001249
屑褍谢褜褌懈锌械泻邪褉械泄	0.000846	0.116534	0.000099
屑褍褋褋	0.000282	0.040822	0.000012
屑褍褋褋褘	0.000564	0.116534	0.000066
屑褍褔薪褘械	0.000282	0.116534	0.000033
屑褞褋谢懈	0.000564	0.116534	0.000066
屑褟谐泻懈泄	0.000282	1.386294	0.000391
屑褟褋邪	0.002256	0.116534	0.000263
屑褟褋薪芯谐芯	0.001410	0.116534	0.000164
屑褟褋薪芯泄	0.001974	0.116534	0.000230
屑褟褋薪褘械	0.001410	0.040822	0.000058
屑褟褋薪褘褏	0.000846	0.116534	0.000099
屑褟褋芯	0.002538	0.040822	0.000104
屑褟褋芯屑	0.001410	0.040822	0.000058
屑褟褋褍	0.000564	0.116534	0.000066
薪邪谐谐械褌褋褘	0.000846	3.218876	0.002723
薪邪写褞褕懈褖械	0.000282	3.218876	0.000908
薪邪蟹胁邪薪懈械	0.000282	0.941609	0.000266
薪邪蟹胁邪薪懈械屑	0.000282	1.203973	0.000340
薪邪蟹薪邪褔械薪懈褟	0.000282	0.116534	0.000033
薪邪泄褌懈	0.000282	1.714798	0.000484
薪邪泻芯褉屑懈褌褜	0.000282	2.995732	0.000845
薪邪谢懈胁泻邪	0.000282	0.040822	0.000012
薪邪锌懈褌泻懈	0.001974	0.040822	0.000081
薪邪锌懈褌芯泻	0.000282	0.040822	0.000012
薪邪褉械蟹邪褞	0.000282	3.218876	0.000908
薪邪褋褌芯泄泻邪	0.000282	0.040822	0.000012
薪邪褋褌芯谢褜泻芯	0.000282	1.514128	0.000427
薪邪褋褌褉芯械薪懈械	0.000282	0.116534	0.000033
薪邪褑懈芯薪邪谢褜薪褘械	0.000282	0.116534	0.000033
薪邪褔懈薪泻邪	0.000564	0.040822	0.000023
薪邪褔懈薪泻芯泄	0.000282	0.116534	0.000033
薪邪褔薪械褌褋褟	0.000282	3.912023	0.001103
薪邪褕邪	0.000282	2.525729	0.000712
薪邪褕械	0.000282	2.407946	0.000679
薪邪褕械屑	0.000564	0.040822	0.000023
薪邪褕懈	0.000282	0.061875	0.000017
薪邪褕懈褏	0.000282	1.514128	0.000427
薪械写械谢褟	0.002820	0.061875	0.000174
薪械械	0.000282	1.966113	0.000554
薪械卸薪邪褟	0.000282	1.966113	0.000554
薪械卸薪芯泄	0.000282	0.116534	0.000033
薪械卸薪褘械	0.000282	1.660731	0.000468
薪械卸薪褘泄	0.000282	0.891598	0.000251
薪械泄	0.000282	1.897120	0.000535
薪械泻芯褌芯褉褘褏	0.000282	3.506558	0.000989
薪械屑械褑泻邪褟	0.000282	0.116534	0.000033
薪械屑薪芯谐芯	0.000282	1.203973	0.000340
薪械薪邪褋褌芯褟褖懈泄	0.000282	4.605170	0.001299
薪械芯斜褘褔薪褘泄	0.000282	1.347074	0.000380
薪械芯卸懈写邪薪薪褘械	0.000282	0.116534	0.000033
薪械锌芯褋褉械写褋褌胁械薪薪芯	0.000282	2.995732	0.000845
薪械褋谢邪写泻芯械	0.000282	0.116534	0.000033
薪械褋谢芯卸薪芯	0.000282	2.207275	0.000622
薪懈斜褍写褜	0.000282	1.832581	0.000517
薪懈褔械屑	0.000282	3.218876	0.000908
薪芯胁邪褟	0.000282	0.116534	0.000033
薪芯胁芯谐芯写薪械谐芯	0.001410	0.116534	0.000164
薪芯胁芯谐芯写薪械械	0.000846	0.116534	0.000099
薪芯胁芯谐芯写薪械屑	0.000282	2.995732	0.000845
薪芯胁芯谐芯写薪懈械	0.001692	0.040822	0.000069
薪芯胁芯谐芯写薪懈泄	0.002256	0.116534	0.000263
薪芯胁芯谐芯写薪褟褟	0.000282	0.105361	0.000030
薪芯胁芯褋褌褟褏	0.000282	0.061875	0.000017
薪芯胁褘械	0.000564	0.051293	0.000029
薪芯胁褘泄	0.002820	0.094311	0.000266
薪芯褉胁械卸褋泻邪褟	0.000282	0.116534	0.000033
薪褞褕泻邪	0.000282	3.218876	0.000908
薪褢屑	0.000282	2.525729	0.000712
芯斜械写	0.001128	0.105361	0.000119
芯斜械蟹褜褟薪褘	0.000282	0.116534	0.000033
芯斜褉邪褌懈褌褜褋褟	0.000282	3.218876	0.000908
芯斜褉邪褌薪芯	0.000282	4.605170	0.001299
芯斜褖邪褌褜褋褟	0.000282	0.040822	0.000012
芯斜褘写械薪薪褘械	0.000282	3.218876	0.000908
芯斜褘褔薪芯	0.000282	1.714798	0.000484
芯斜褘褔薪褘泄	0.000282	1.897120	0.000535
芯胁芯褖邪屑懈	0.000282	0.116534	0.000033
芯胁芯褖械泄	0.003948	0.105361	0.000416
芯胁芯褖懈	0.001692	0.094311	0.000160
芯胁芯褖薪邪褟	0.000282	0.040822	0.000012
芯胁芯褖薪芯械	0.000282	0.116534	0.000033
芯胁芯褖薪芯泄	0.000564	0.105361	0.000059
芯胁芯褖薪褘械	0.001410	0.040822	0.000058
芯胁褋褟薪芯械	0.000282	0.116534	0.000033
芯谐薪械薪薪芯泄	0.000282	0.116534	0.000033
芯谐薪褟	0.000282	0.116534	0.000033
芯谐芯褉芯写邪	0.000282	4.605170	0.001299
芯谐褍褉械褑	0.001128	1.237874	0.001396
芯谐褍褉褑褘	0.000564	0.116534	0.000066
芯泻褉芯褕泻邪	0.000846	0.040822	0.000035
芯泻褌褟斜褉褟	0.000564	0.562119	0.000317
芯谢邪写褜懈	0.000846	0.040822	0.000035
芯谢械泄薪邪	0.000846	0.116534	0.000099
芯谢械泄薪芯泄	0.001128	0.116534	0.000131
芯谢械泄薪褘	0.000282	0.127833	0.000036
芯谢懈胁泻懈	0.001692	2.207275	0.003735
芯谢懈胁泻芯胁芯械	0.001128	0.544727	0.000614
芯屑谢械褌	0.000282	0.040822	0.000012
芯锌邪褉邪	0.000282	0.040822	0.000012
芯锌褉芯褋	0.000282	0.061875	0.000017
芯锌褘褌薪褘屑	0.000282	4.605170	0.001299
芯褉懈谐懈薪邪谢褜薪芯	0.000282	3.218876	0.000908
芯褉懈谐懈薪邪谢褜薪芯泄	0.000282	3.506558	0.000989
芯褉懈谐懈薪邪谢褜薪褘械	0.000564	2.995732	0.001690
芯褉懈谐懈薪邪谢褜薪褘泄	0.000282	2.120264	0.000598
芯褋械薪薪械械	0.000282	0.116534	0.000033
芯褋械薪薪懈械	0.000282	0.051293	0.000014
芯褋械薪薪懈泄	0.000564	0.116534	0.000066
芯褋械薪褜	0.002820	0.105361	0.000297
芯褋薪芯胁薪芯械	0.000282	0.040822	0.000012
芯褋芯斜械薪薪芯	0.000282	1.469676	0.000414
芯褋芯斜芯	0.000282	2.302585	0.000649
芯褋褌邪械褌褋褟	0.000282	0.116534	0.000033
芯褌胁械褌懈褌褜	0.000282	0.051293	0.000014
芯褌胁械褌芯胁	0.000282	0.051293	0.000014
芯褌胁械褌褘	0.000282	0.000000	0.000000
芯褌泻褉褘褌褘泄	0.000846	0.116534	0.000099
芯褌谢懈褔邪褞褌褋褟	0.000282	2.813411	0.000793
芯褌屑械薪懈褌褜	0.000282	0.040822	0.000012
芯褏谢邪写懈褌褜	0.000282	0.116534	0.000033
锌邪泻械褌懈泻邪褏	0.000282	0.105361	0.000030
锌邪谢芯褔泻懈	0.000564	0.040822	0.000023
锌邪薪懈褉芯胁泻邪	0.002256	0.116534	0.000263
锌邪褉邪	0.000282	0.116534	0.000033
锌邪褉邪写	0.001974	0.116534	0.000230
锌邪褉芯胁邪褉泻械	0.002538	0.116534	0.000296
锌邪褉芯谢褜	0.000282	0.020203	0.000006
锌邪褋褌邪	0.000846	0.040822	0.000035
锌邪褋褌褉芯屑邪	0.000282	0.040822	0.000012
锌邪褋褏邪	0.000564	0.040822	0.000023
锌邪褋褏邪谢褜薪邪褟	0.000564	0.116534	0.000066
锌邪褋褏邪谢褜薪褘泄	0.000282	0.127833	0.000036
锌邪褌械褉褋芯薪	0.000282	4.605170	0.001299
锌邪褕褌械褌	0.000282	0.040822	0.000012
锌邪褕褌械褌褘	0.000564	0.116534	0.000066
锌械泻邪褉褟	0.000282	0.127833	0.000036
锌械泻褍	0.000282	2.302585	0.000649
锌械谢褜屑械薪懈	0.000282	0.116534	0.000033
锌械褉胁芯械	0.000564	0.040822	0.000023
锌械褉胁褘械	0.000564	0.127833	0.000072
锌械褉胁褘屑	0.000282	0.116534	0.000033
锌械褉械泄褌懈	0.000282	0.040822	0.000012
锌械褉械泻褍褋	0.000564	0.116534	0.000066
锌械褉械褑	0.005922	0.040822	0.000242
锌械褉褋芯薪褘	0.000282	0.116534	0.000033
锌械褉褍邪薪褋泻邪褟	0.000282	0.116534	0.000033
锌械褋芯褔薪芯械	0.000564	0.105361	0.000059
锌械褋芯褔薪褘泄	0.000282	0.116534	0.000033
锌械褌械谢懈薪泻懈	0.000282	0.127833	0.000036
锌械褌褉褍褕泻邪	0.000564	0.693147	0.000391
锌械褔械薪芯褔薪褘泄	0.000282	0.040822	0.000012
锌械褔械薪褜械	0.002538	0.040822	0.000104
锌械褔懈	0.000282	0.127833	0.000036
锌懈胁邪	0.000282	2.995732	0.000845
锌懈胁芯	0.000282	0.116534	0.000033
锌懈泻邪薪褌褘	0.000282	0.127833	0.000036
锌懈泻薪懈泻	0.000846	0.116534	0.000099
锌懈泻薪懈泻邪	0.000282	0.116534	0.000033
锌懈泻薪懈泻褍	0.000282	0.105361	0.000030
锌懈褉	0.000282	0.116534	0.000033
锌懈褉芯谐	0.000846	0.040822	0.000035
锌懈褉芯谐懈	0.000282	0.105361	0.000030
锌懈褉芯卸泻懈	0.000282	0.040822	0.000012
锌懈褉芯卸薪芯械	0.000282	0.040822	0.000012
锌懈褉芯卸薪褘械	0.000282	0.116534	0.000033
锌懈褋邪褌褜	0.000282	2.659260	0.000750
锌懈褌邪薪懈械	0.001410	0.105361	0.000149
锌懈褌褜	0.000282	4.605170	0.001299
锌懈褑褑邪	0.000564	0.040822	0.000023
锌谢邪胁谢械薪褘泄	0.001692	1.237874	0.002095
锌谢邪胁谢械薪褘屑	0.000282	3.912023	0.001103
锌谢邪屑褟	0.000282	0.116534	0.000033
锌谢懈褌邪	0.001128	0.127833	0.000144
锌谢懈褌褘	0.000282	3.506558	0.000989
锌谢芯胁	0.000282	0.116534	0.000033
锌谢芯写褘	0.000282	0.116534	0.000033
锌芯胁邪褉邪	0.000282	1.514128	0.000427
锌芯胁邪褉械薪泻械	0.000282	0.040822	0.000012
锌芯胁邪褉械薪芯泻	0.000282	0.061875	0.000017
锌芯胁邪褉褟褌	0.000282	0.116534	0.000033
锌芯胁邪褉褟褌邪屑懈	0.000282	0.040822	0.000012
锌芯胁邪褉褢薪泻邪	0.000282	0.116534	0.000033
锌芯胁懈写谢芯	0.000282	0.040822	0.000012
锌芯写邪褉泻芯胁	0.000282	0.116534	0.000033
锌芯写邪褔邪	0.000282	2.995732	0.000845
锌芯写邪褔械	0.000282	2.995732	0.000845
锌芯写械谢懈褌褜褋褟	0.000564	0.478036	0.000270
锌芯写卸邪褉懈褋褌芯泄	0.000282	3.506558	0.000989
锌芯写谢懈胁邪	0.000282	0.116534	0.000033
锌芯写谢懈胁泻邪	0.000282	0.040822	0.000012
锌芯写芯泄写械褌	0.000282	1.832581	0.000517
锌芯写锌懈褋邪褌褜褋褟	0.000282	0.040822	0.000012
锌芯写锌懈褕懈褌械褋褜	0.000564	0.040822	0.000023
锌芯械写懈薪泻懈	0.003948	0.116534	0.000460
锌芯卸邪谢械谢	0.000282	3.218876	0.000908
锌芯卸邪褉懈谢邪	0.000282	3.506558	0.000989
锌芯蟹胁芯谢懈褌褜	0.000282	3.912023	0.001103
锌芯蟹写褉邪胁褜	0.000282	0.116534	0.000033
锌芯懈褋泻	0.000282	0.051293	0.000014
锌芯泄写械屑褌械	0.000282	4.605170	0.001299
锌芯泻褍锌薪芯泄	0.000282	4.605170	0.001299
锌芯谢写薪懈泻	0.000564	0.116534	0.000066
锌芯谢械蟹薪芯	0.000282	0.116534	0.000033
锌芯谢懈褌懈泻芯泄	0.000282	0.040822	0.000012
锌芯谢薪芯褋褌褜褞	0.000282	1.347074	0.000380
锌芯谢芯胁懈薪邪	0.002256	0.116534	0.000263
锌芯谢褍褔邪械褌褋褟	0.000282	0.400478	0.000113
锌芯谢褍褔邪泄褌械	0.000282	0.040822	0.000012
锌芯谢褍褔邪褌褜	0.000282	0.040822	0.000012
锌芯谢褍褔懈谢芯褋褜	0.000282	0.994252	0.000280
锌芯谢褍褔懈褌褋褟	0.000282	1.714798	0.000484
锌芯谢褜蟹邪	0.000282	0.127833	0.000036
锌芯谢褜蟹芯胁邪褌械谢械屑	0.000282	2.040221	0.000575
锌芯谢褜蟹芯泄	0.001128	0.116534	0.000131
锌芯谢褜褋泻邪褟	0.000282	0.116534	0.000033
锌芯屑邪写泻邪	0.000564	0.040822	0.000023
锌芯屑邪写泻懈	0.000282	0.116534	0.000033
锌芯屑懈写芯褉	0.000564	0.713350	0.000402
锌芯屑懈写芯褉泻懈	0.000282	0.127833	0.000036
锌芯屑懈写芯褉褘	0.000564	0.116534	0.000066
锌芯薪褉邪胁懈胁褕懈械褋褟	0.000282	0.040822	0.000012
锌芯薪褔懈泻懈	0.000564	0.040822	0.000023
锌芯锌褉芯斜芯胁邪胁	0.000282	1.832581	0.000517
锌芯锌褉芯斜芯胁邪谢邪	0.000282	1.469676	0.000414
锌芯锌褉芯斜褍械屑	0.000282	4.605170	0.001299
锌芯锌褉芯斜褍泄褌械	0.000282	0.562119	0.000159
锌芯锌褉芯斜褍褞	0.000282	2.813411	0.000793
锌芯褉邪	0.000282	0.116534	0.000033
锌芯褉邪蟹懈褌	0.000282	3.506558	0.000989
锌芯褉械褕邪褌褜	0.000282	4.605170	0.001299
锌芯褉褌褍谐邪谢褜褋泻邪褟	0.000282	0.116534	0.000033
锌芯褋械褖邪械褌械	0.000282	0.061875	0.000017
锌芯褋懈写械褌褜	0.000282	4.605170	0.001299
锌芯褋谢械写薪械械	0.000282	2.995732	0.000845
锌芯褋谢褍褕邪褌褜	0.000282	4.605170	0.001299
锌芯褋褌	0.001410	0.105361	0.000149
锌芯褋褌薪芯械	0.000282	0.116534	0.000033
锌芯褋褌薪褘械	0.000282	0.040822	0.000012
锌芯褋褌薪褘泄	0.000282	0.116534	0.000033
锌芯褋褌芯褟薪薪芯	0.000282	0.040822	0.000012
锌芯褋褌褉芯懈屑	0.000282	0.116534	0.000033
锌芯褋褍写邪	0.000564	0.094311	0.000053
锌芯褌褉褟褋邪褞褖械	0.000282	1.560648	0.000440
锌芯褏芯写芯胁	0.000282	4.605170	0.001299
锌芯褏芯卸懈屑	0.000282	3.912023	0.001103
锌芯褏褉褍褋褌械褌褜	0.000282	3.218876	0.000908
锌芯褔褌褍	0.000282	0.040822	0.000012
锌芯褕邪谐芯胁褘械	0.000282	0.301105	0.000085
锌芯褕邪谐芯胁褘屑懈	0.000282	0.040822	0.000012
锌褉邪蟹写薪懈泻邪	0.000564	0.116534	0.000066
锌褉邪蟹写薪懈褔薪芯	0.000282	0.116534	0.000033
锌褉邪蟹写薪懈褔薪芯谐芯	0.000282	0.116534	0.000033
锌褉邪蟹写薪懈褔薪芯屑	0.000282	1.771957	0.000500
锌褉邪蟹写薪懈褔薪褘泄	0.000564	0.116534	0.000066
锌褉邪蟹写薪懈褔薪褘屑	0.000282	2.995732	0.000845
锌褉邪泻褌懈泻褍屑	0.000282	0.116534	0.000033
锌褉邪泻褌懈褔械褋泻懈	0.000564	1.386294	0.000782
锌褉械胁芯褋褏芯写薪褘械	0.000282	0.116534	0.000033
锌褉械胁褉邪褖械薪懈褟	0.000282	0.116534	0.000033
锌褉械写谢邪谐邪褞	0.000282	0.693147	0.000195
锌褉械褋薪芯械	0.000282	0.116534	0.000033
锌褉懈胁褘褔薪褘械	0.000564	4.605170	0.002597
锌褉懈谐芯写懈褌褋褟	0.000282	1.609438	0.000454
锌褉懈谐芯褌芯胁懈屑	0.000564	0.116534	0.000066
锌褉懈谐芯褌芯胁懈褌褜	0.000282	0.342490	0.000097
锌褉懈谐芯褌芯胁谢械薪懈械	0.000282	0.105361	0.000030
锌褉懈谐芯褌芯胁谢械薪懈懈	0.000282	0.798508	0.000225
锌褉懈谐芯褌芯胁谢械薪懈褞	0.000282	0.040822	0.000012
锌褉懈谐芯褌芯胁谢械薪懈褟	0.000564	0.371064	0.000209
锌褉懈写褍屑邪谢芯褋褜	0.000282	3.912023	0.001103
锌褉懈蟹薪邪薪懈械	0.000282	0.116534	0.000033
锌褉懈蟹芯胁	0.000282	0.040822	0.000012
锌褉懈屑械褉薪芯	0.000282	1.966113	0.000554
锌褉懈薪褑懈锌械	0.000282	2.659260	0.000750
锌褉懈锌褉邪胁邪	0.000282	0.040822	0.000012
锌褉懈褉芯写褍	0.000282	0.116534	0.000033
锌褉懈褉芯写褘	0.000282	0.116534	0.000033
锌褉懈褋锌芯褋芯斜懈谢邪褋褜	0.000282	4.605170	0.001299
锌褉懈褋褌褍锌懈褌褜	0.000282	0.040822	0.000012
锌褉懈褟褌薪芯	0.000282	2.813411	0.000793
锌褉芯斜芯胁邪谢邪	0.000282	1.897120	0.000535
锌褉芯斜褘	0.000282	3.912023	0.001103
锌褉芯胁械写懈	0.001128	0.116534	0.000131
锌褉芯胁械写褢薪薪褘械	0.000282	4.605170	0.001299
锌褉芯胁械褉械薪芯	0.001692	0.116534	0.000197
锌褉芯胁芯写懈屑褘褏	0.000282	0.040822	0.000012
锌褉芯胁芯卸邪械屑	0.000282	0.116534	0.000033
锌褉芯写邪胁邪谢懈	0.000282	2.407946	0.000679
锌褉芯写褍泻褌芯胁	0.000282	0.094311	0.000027
锌褉芯械泻褌芯胁	0.000282	0.116534	0.000033
锌褉芯械泻褌褘	0.000282	0.061875	0.000017
锌褉芯锌懈褌褘胁邪械褌褋褟	0.000282	2.995732	0.000845
锌褉芯锌芯谢泻懈	0.000282	4.605170	0.001299
锌褉芯锌芯褉褑懈懈	0.000282	1.714798	0.000484
锌褉芯锌芯褉褑懈褟褏	0.000282	3.506558	0.000989
锌褉芯褋屑芯褌褉邪屑	0.000282	0.274437	0.000077
锌褉芯褋褌芯	0.001128	0.083382	0.000094
锌褉芯褋褌芯泻胁邪褕邪	0.000282	0.040822	0.000012
锌褉芯褎懈谢褜	0.000282	0.040822	0.000012
锌褉芯褏谢邪写薪芯泄	0.000282	4.605170	0.001299
锌褉芯褕褍	0.000282	1.139434	0.000321
锌褉褟屑芯	0.000282	0.040822	0.000012
锌褉褟薪懈泻	0.000282	0.040822	0.000012
锌褉褟薪懈泻懈	0.000282	0.116534	0.000033
锌褉褟薪懈褔薪芯械	0.000282	0.116534	0.000033
锌褉褟薪芯褋褌懈	0.000564	3.218876	0.001815
锌褌懈褑邪	0.001410	0.116534	0.000164
锌褌懈褑械	0.000564	0.116534	0.000066
锌褌懈褑械泄	0.000282	0.127833	0.000036
锌褌懈褑褘	0.003948	0.116534	0.000460
锌褌懈褔褜械	0.000564	1.832581	0.001034
锌褍写懈薪谐	0.000282	0.040822	0.000012
锌褍写懈薪谐懈	0.000564	0.116534	0.000066
锌褍薪褕	0.000282	0.040822	0.000012
锌褍褌械屑	0.000282	3.912023	0.001103
锌褍褌械褕械褋褌胁懈械	0.000564	0.116534	0.000066
锌褍褌褜	0.000282	0.116534	0.000033
锌褕械薪懈褔薪邪褟	0.001128	0.287682	0.000325
锌褘褕泻懈	0.000282	0.040822	0.000012
锌褞褉械	0.001128	0.040822	0.000046
褉邪谐褍	0.000282	0.116534	0.000033
褉邪蟹邪	0.000282	2.407946	0.000679
褉邪蟹胁械褉薪褍褌褜	0.000282	0.116534	0.000033
褉邪蟹写械谢褜薪芯械	0.000282	0.116534	0.000033
褉邪蟹谢懈褔薪褘褏	0.000282	2.302585	0.000649
褉邪蟹屑械褖械薪	0.000282	2.659260	0.000750
褉邪蟹薪褘械	0.000282	0.116534	0.000033
褉邪蟹褍	0.000282	2.525729	0.000712
褉邪蟹褍屑械械褌褋褟	0.000282	3.218876	0.000908
褉邪屑泻邪褏	0.000282	1.832581	0.000517
褉邪褋泻褉邪褋泻懈	0.000282	2.120264	0.000598
褉邪褋褋泻邪蟹邪谢邪	0.000282	3.506558	0.000989
褉邪褋褋芯谢褜薪懈泻	0.000564	0.040822	0.000023
褉邪褋褋芯谢褜薪懈泻邪	0.000282	0.116534	0.000033
褉邪褋褋褘谢泻懈	0.000282	0.061875	0.000017
褉邪褋褌懈褌械谢褜薪芯械	0.000564	0.235722	0.000133
褉械谐懈褋褌褉邪褑懈懈	0.000564	0.010050	0.000006
褉械谐懈褋褌褉邪褑懈褟	0.000282	0.000000	0.000000
褉械卸褜	0.000282	3.218876	0.000908
褉械泄褌懈薪谐褍	0.000282	0.248461	0.000070
褉械锌褔邪褌褘泄	0.002256	0.430783	0.000972
褉械褋褌芯褉邪薪械	0.000564	2.525729	0.001425
褉械褑械锌褌	0.003666	0.040822	0.000150
褉械褑械锌褌邪	0.000282	0.462035	0.000130
褉械褑械锌褌邪褏	0.000282	0.061875	0.000017
褉械褑械锌褌懈泻	0.000282	1.660731	0.000468
褉械褑械锌褌芯胁	0.001974	0.040822	0.000081
褉械褑械锌褌芯屑	0.000282	0.693147	0.000195
褉械褑械锌褌褍褉邪	0.000282	3.506558	0.000989
褉械褑械锌褌褘	0.020587	0.040822	0.000840
褉械褔泻褍	0.000282	4.605170	0.001299
褉懈褋	0.001128	0.040822	0.000046
褉懈褋邪	0.000282	0.116534	0.000033
褉懈褌屑械	0.000282	0.116534	0.000033
褉芯谐邪谢懈泻懈	0.000282	0.040822	0.000012
褉芯写薪芯械	0.000282	0.116534	0.000033
褉芯卸写械薪懈褟	0.000282	0.105361	0.000030
褉芯卸写械褋褌胁芯	0.000282	0.116534	0.000033
褉芯蟹屑邪褉懈薪	0.000564	1.609438	0.000908
褉芯谢谢褌芯薪	0.000282	0.116534	0.000033
褉芯谢谢褘	0.000564	0.040822	0.000023
褉芯屑	0.000282	0.040822	0.000012
褉褍斜谢械薪芯泄	0.000282	4.605170	0.001299
褉褍斜谢械薪褘械	0.000282	4.605170	0.001299
褉褍斜褉懈泻邪褌芯褉	0.000282	0.051293	0.000014
褉褍谢械褌	0.000282	0.040822	0.000012
褉褍谢械褌褘	0.003666	0.116534	0.000427
褉褍屑褘薪褋泻邪褟	0.000282	0.116534	0.000033
褉褍屑褟薪褘械	0.000282	0.116534	0.000033
褉褍薪械褌械	0.000282	0.020203	0.000006
褉褍褋褋泻邪褟	0.000282	0.116534	0.000033
褉褘斜邪	0.002538	0.040822	0.000104
褉褘斜械	0.000564	0.116534	0.000066
褉褘斜薪邪褟	0.000282	0.116534	0.000033
褉褘斜薪芯谐芯	0.000564	0.116534	0.000066
褉褘斜薪褘械	0.001692	0.116534	0.000197
褉褘斜薪褘泄	0.000564	0.116534	0.000066
褉褘斜薪褘褏	0.000282	0.116534	0.000033
褉褘斜芯泄	0.000564	0.116534	0.000066
褉褘斜褍	0.000282	2.525729	0.000712
褉褘斜褘	0.003948	0.116534	0.000460
褉褟卸械薪泻邪	0.000282	0.116534	0.000033
褋邪泄褌	0.000846	0.000000	0.000000
褋邪泄褌械	0.000564	0.462035	0.000261
褋邪泄褌褍	0.000564	0.061875	0.000035
褋邪谢邪褌	0.000282	0.094311	0.000027
褋邪谢邪褌邪	0.000846	1.078810	0.000913
褋邪谢邪褌薪邪褟	0.000282	0.116534	0.000033
褋邪谢邪褌芯屑	0.000282	2.207275	0.000622
褋邪谢邪褌褘	0.008742	0.040822	0.000357
褋邪屑芯谐芯薪	0.000282	0.040822	0.000012
褋邪屑芯械	0.000282	1.897120	0.000535
褋邪屑芯泄	0.000282	2.813411	0.000793
褋邪屑芯褋褌芯褟褌械谢褜薪褘屑	0.000282	3.912023	0.001103
褋邪屑褘泄	0.000282	1.021651	0.000288
褋邪屑褘褏	0.000564	0.116534	0.000066
褋邪褎	0.000846	0.116534	0.000099
褋邪褎褋械屑	0.000282	0.116534	0.000033
褋邪褏邪褉	0.001692	0.116534	0.000197
褋斜懈褌械薪褜	0.000282	0.040822	0.000012
褋胁械卸械褋褌褜	0.000282	0.105361	0.000030
褋胁械泻谢邪	0.001410	0.040822	0.000058
褋胁械泻芯谢褜薪懈泻	0.000564	0.040822	0.000023
褋胁械泻褉芯胁褜	0.000564	2.995732	0.001690
褋胁械褌邪	0.001128	0.116534	0.000131
褋胁懈薪懈薪邪	0.000282	0.040822	0.000012
褋胁懈薪懈薪褘	0.001128	0.116534	0.000131
褋胁芯械	0.000282	0.116534	0.000033
褋胁芯械泄	0.000564	1.347074	0.000760
褋胁芯械屑	0.000282	0.040822	0.000012
褋胁芯懈屑	0.000282	0.040822	0.000012
褋胁芯褞	0.000282	0.040822	0.000012
褋谐褍褖械薪泻邪	0.000282	0.040822	0.000012
褋写械谢邪薪邪	0.000282	3.218876	0.000908
褋写械谢邪褌褜	0.000564	1.021651	0.000576
褋械谐芯写薪褟	0.000282	0.843970	0.000238
褋械蟹芯薪	0.000564	0.116534	0.000066
褋械泄褔邪褋	0.000564	0.030459	0.000017
褋械泻褉械褌褘	0.000564	0.116534	0.000066
褋械谢械写泻邪	0.000564	0.040822	0.000023
褋械谢械写芯褔泻懈	0.000282	4.605170	0.001299
褋械谢褜写懈	0.000846	2.995732	0.002534
褋械谢褜写褜	0.001974	2.207275	0.004357
褋械屑谐邪	0.000846	0.040822	0.000035
褋械屑械泄薪芯谐芯	0.000282	2.407946	0.000679
褋械屑械泄薪褘泄	0.000282	0.116534	0.000033
褋械屑褜懈	0.000282	0.116534	0.000033
褋械屑褜褞	0.000282	2.207275	0.000622
褋懈写褉	0.000282	0.040822	0.000012
褋懈褉懈泄褋泻邪褟	0.000282	0.116534	0.000033
褋懈褉芯锌	0.000282	0.040822	0.000012
褋懈褉芯锌褘	0.000282	0.116534	0.000033
褋懈褋褌械屑褘	0.000282	0.040822	0.000012
褋懈褌懈	0.000282	0.127833	0.000036
褋泻邪蟹邪谢	0.000282	1.771957	0.000500
褋泻邪蟹邪褌褜	0.000564	0.653926	0.000369
褋泻邪蟹芯泻	0.000282	0.116534	0.000033
褋泻芯胁芯褉芯写泻械	0.000282	2.207275	0.000622
褋泻芯褉芯	0.000564	2.813411	0.001587
褋谢邪写泻邪褟	0.000564	0.116534	0.000066
褋谢邪写泻懈械	0.001692	0.040822	0.000069
褋谢邪写泻懈泄	0.003384	0.105361	0.000357
褋谢邪写泻懈屑	0.000282	3.218876	0.000908
褋谢邪写泻懈褏	0.000564	0.116534	0.000066
褋谢邪写泻芯	0.000282	0.116534	0.000033
褋谢械写懈褌	0.000282	2.995732	0.000845
褋谢懈胁芯褔薪芯械	0.004230	0.116534	0.000493
褋谢懈胁芯褔薪褘泄	0.000564	1.469676	0.000829
褋谢懈胁芯褔薪褘屑	0.000282	1.966113	0.000554
褋谢懈褕泻芯屑	0.000282	2.120264	0.000598
褋谢芯械薪芯谐芯	0.000282	0.127833	0.000036
褋谢芯械薪芯械	0.000282	0.116534	0.000033
褋谢芯械薪褘泄	0.000282	0.116534	0.000033
褋谢芯泄泻邪	0.000282	0.040822	0.000012
褋谢芯泄泻懈	0.000282	0.116534	0.000033
褋屑械褌邪薪邪	0.000846	0.105361	0.000089
褋屑械褕邪谢邪	0.000282	3.506558	0.000989
褋屑械褕邪薪薪芯谐芯	0.000282	0.116534	0.000033
褋屑芯谐褍	0.000282	2.659260	0.000750
褋屑芯卸械褌械	0.000282	0.040822	0.000012
褋屑褍蟹懈	0.000846	0.040822	0.000035
褋薪邪褔邪谢邪	0.000282	2.120264	0.000598
褋薪褝泻	0.000282	0.116534	0.000033
褋薪褟褌懈褟	0.000282	3.912023	0.001103
褋芯斜懈褉邪械褌械褋褜	0.000282	0.040822	0.000012
褋芯斜褉邪薪褘	0.000282	4.605170	0.001299
褋芯胁械褉褕械薪褋褌胁芯	0.001410	0.116534	0.000164
褋芯胁械褌邪屑懈	0.000282	0.040822	0.000012
褋芯胁械褌褍褞	0.000282	1.139434	0.000321
褋芯胁屑械褋褌懈胁	0.000282	3.218876	0.000908
褋芯胁褉械屑械薪薪褘褏	0.000282	3.506558	0.000989
褋芯谐谢邪褕邪械褌械褋褜	0.000282	0.040822	0.000012
褋芯蟹写邪械褌	0.000282	0.116534	0.000033
褋芯蟹写邪薪懈褟	0.000564	0.261365	0.000147
褋芯泻	0.000282	0.116534	0.000033
褋芯泻邪	0.000282	0.105361	0.000030
褋芯泻懈	0.000282	0.040822	0.000012
褋芯泻芯屑	0.000282	2.207275	0.000622
褋芯谢械薪褘械	0.000846	0.116534	0.000099
褋芯谢械薪褜褟	0.000564	0.116534	0.000066
褋芯谢薪械褔薪芯泄	0.000282	0.127833	0.000036
褋芯谢褜	0.004512	0.150823	0.000681
褋芯谢褟薪泻邪	0.000564	0.040822	0.000023
褋芯屑薪械薪懈褟	0.000282	3.506558	0.000989
褋芯褉褌懈褉芯胁邪褌褜	0.000282	0.248461	0.000070
褋芯褋褌邪胁	0.000282	1.897120	0.000535
褋芯褋褌邪胁械	0.000282	2.407946	0.000679
褋芯褋褌邪胁谢褟褞褖懈械	0.000282	3.912023	0.001103
褋芯褋褌邪胁褜	0.000282	0.116534	0.000033
褋芯褋褌芯懈褌	0.000282	2.525729	0.000712
褋芯褍褋	0.002256	0.040822	0.000092
褋芯褍褋芯屑	0.001410	0.116534	0.000164
褋芯褍褋褘	0.001128	0.116534	0.000131
褋芯褏褉邪薪褟褌褜	0.000282	0.040822	0.000012
褋芯褑褋械褌懈	0.000282	0.040822	0.000012
褋芯褔械褌邪薪懈械	0.000282	0.116534	0.000033
褋芯褔薪邪褟	0.000282	2.302585	0.000649
褋芯褔薪芯械	0.000282	0.116534	0.000033
褋芯褔薪褘械	0.000282	1.966113	0.000554
褋芯褞蟹械	0.000282	3.506558	0.000989
褋锌邪谢褜薪褟屑懈	0.000282	0.446287	0.000126
褋锌邪褋褌懈	0.000282	4.605170	0.001299
褋锌械褑懈邪谢褜薪芯械	0.000282	0.116534	0.000033
褋锌械褑懈懈	0.000846	0.105361	0.000089
褋锌械褑锌褉芯械泻褌	0.009306	0.116534	0.001084
褋锌懈褋芯泻	0.000282	0.116534	0.000033
褋锌芯褋芯斜	0.000282	1.427116	0.000402
褋锌芯褞	0.000282	0.116534	0.000033
褋褉械写懈蟹械屑薪芯屑芯褉褋泻邪褟	0.000282	0.127833	0.000036
褋褋褋褉	0.000282	3.218876	0.000908
褋褌邪泻邪薪邪	0.000282	3.912023	0.001103
褋褌邪褉褘械	0.000564	0.261365	0.000147
褋褌邪褌褜褟褏	0.000282	0.061875	0.000017
褋褌懈谢械	0.000564	0.116534	0.000066
褋褌懈谢褟	0.000282	0.116534	0.000033
褋褌芯谢	0.000846	0.105361	0.000089
褋褌芯谢邪	0.001692	0.116534	0.000197
褋褌芯谢械	0.000282	1.469676	0.000414
褋褌芯谢褜泻芯	0.000282	2.040221	0.000575
褋褌芯褟褌褜	0.000282	3.912023	0.001103
褋褌褉芯懈褌械谢褜褋褌胁械	0.000282	0.040822	0.000012
褋褌褉芯懈褌械谢褜褋褌胁褍	0.000282	0.040822	0.000012
褋褌褉芯懈褌褜	0.000282	0.040822	0.000012
褋褌褉芯泄薪芯泄	0.000282	0.116534	0.000033
褋褍斜锌褉芯写褍泻褌芯胁	0.001974	0.116534	0.000230
褋褍斜锌褉芯写褍泻褌褘	0.000846	0.116534	0.000099
褋褍锌	0.002538	0.040822	0.000104
褋褍锌邪	0.000282	0.040822	0.000012
褋褍锌褘	0.002538	0.040822	0.000104
褋褍褎谢械	0.000846	0.040822	0.000035
褋褍褏邪褉懈	0.000282	0.040822	0.000012
褋褍褏邪褉懈泻邪屑懈	0.000282	3.912023	0.001103
褋褍褏邪褉懈泻懈	0.000282	2.659260	0.000750
褋褍褏芯胁邪褌芯	0.000282	3.506558	0.000989
褋褍褕懈	0.000564	0.040822	0.000023
褋褗械屑	0.000282	3.218876	0.000908
褋褘褉	0.006486	0.040822	0.000265
褋褘褉邪	0.001410	0.116534	0.000164
褋褘褉邪屑懈	0.000282	0.127833	0.000036
褋褘褉薪懈泻	0.000282	0.040822	0.000012
褋褘褉薪懈泻懈	0.000564	0.116534	0.000066
褋褘褉薪芯	0.000282	2.813411	0.000793
褋褘褉薪褘械	0.001410	0.040822	0.000058
褋褘褉芯屑	0.000282	0.713350	0.000201
褋褘褌薪芯械	0.000282	2.207275	0.000622
褋褘褌薪褘泄	0.000564	0.105361	0.000059
褋褘褔褍卸薪褘屑懈	0.000282	0.127833	0.000036
褋褝薪写胁懈褔懈	0.000282	0.127833	0.000036
褋褞褉锌褉懈蟹	0.000282	0.116534	0.000033
褌邪写卸懈泻褋泻邪褟	0.000282	0.116534	0.000033
褌邪泄褋泻邪褟	0.000282	0.116534	0.000033
褌邪泻懈	0.000282	1.237874	0.000349
褌邪泻懈屑	0.000282	1.021651	0.000288
褌邪泻懈褏	0.000564	1.660731	0.000937
褌邪泻芯谐芯	0.000282	1.078810	0.000304
褌邪泻褍褞	0.000564	1.427116	0.000805
褌邪褉褌	0.000282	0.116534	0.000033
褌邪褉褌邪谢械褌泻懈	0.000564	0.040822	0.000023
褌邪褌邪褉褋泻邪褟	0.000282	0.116534	0.000033
褌邪褌芯	0.000282	3.912023	0.001103
褌胁械褉写褘泄	0.003384	0.562119	0.001902
褌胁芯懈	0.000564	0.116534	0.000066
褌胁芯褉懈	0.000282	0.116534	0.000033
褌胁芯褉芯谐	0.000564	0.040822	0.000023
褌胁芯褉芯谐芯屑	0.000282	0.105361	0.000030
褌胁芯褉芯卸薪芯械	0.000282	0.116534	0.000033
褌胁芯褉芯卸薪褘械	0.000564	0.116534	0.000066
褌胁芯褉芯卸薪褘泄	0.000282	0.116534	0.000033
褌械谢械谐褉邪屑	0.000282	0.040822	0.000012
褌械谢褟褌懈薪褘	0.001128	0.116534	0.000131
褌械锌谢芯屑	0.000282	0.116534	0.000033
褌械褉褉邪褋芯泄	0.000282	0.798508	0.000225
褌械褉褉懈薪	0.000282	0.040822	0.000012
褌械褋褌	0.001410	0.127833	0.000180
褌械褋褌邪	0.001410	0.105361	0.000149
褌械褋褌芯	0.002538	0.040822	0.000104
褌械褏	0.000564	0.634878	0.000358
褌械褏薪懈泻邪	0.001410	0.105361	0.000149
褌械褏薪芯谢芯谐懈褞	0.000282	4.605170	0.001299
褌械褖懈薪	0.000282	0.040822	0.000012
褌屑	0.001128	0.127833	0.000144
褌芯锌谢械薪芯械	0.000282	0.116534	0.000033
褌芯褉卸械褋褌胁械薪薪褘泄	0.000282	3.912023	0.001103
褌芯褉褌	0.003666	0.040822	0.000150
褌芯褉褌褘	0.003102	0.116534	0.000361
褌褉邪胁褘	0.000282	0.105361	0.000030
褌褉邪写懈褑懈懈	0.000282	0.116534	0.000033
褌褉邪写懈褑懈泄	0.001128	0.116534	0.000131
褌褉邪写懈褑懈褟褏	0.000282	0.116534	0.000033
褌褉械斜褍褞褌	0.000282	3.218876	0.000908
褌褉械褏谢械褌懈械屑	0.000282	0.116534	0.000033
褌褉褍斜芯褔泻懈	0.000282	0.040822	0.000012
褌褉褍写薪芯	0.000282	2.040221	0.000575
褌褍薪懈褋褋泻邪褟	0.000282	0.116534	0.000033
褌褍薪褑芯屑	0.000282	0.116534	0.000033
褌褍褉械褑泻邪褟	0.000282	0.116534	0.000033
褌褘泻胁邪	0.000282	0.040822	0.000012
褍斜械写懈褌械褋褜	0.000282	2.120264	0.000598
褍胁械写芯屑谢械薪懈褟	0.000282	0.040822	0.000012
褍胁懈写械谢	0.000282	2.995732	0.000845
褍谐芯写薪芯	0.000282	2.995732	0.000845
褍写邪褔薪邪褟	0.000282	0.116534	0.000033
褍写懈胁懈	0.000282	0.116534	0.000033
褍写懈胁懈谢邪褋褜	0.000282	3.218876	0.000908
褍写懈胁懈褕褜	0.000564	2.813411	0.001587
褍写懈胁谢褟泄褌械	0.001128	0.116534	0.000131
褍写芯胁谢械褌胁芯褉械薪邪	0.000282	3.506558	0.000989
褍写芯胁芯谢褜褋褌胁懈械屑	0.000282	0.116534	0.000033
褍卸	0.000282	0.693147	0.000195
褍卸懈薪	0.001974	0.094311	0.000186
褍蟹斜械泻褋泻邪褟	0.000282	0.116534	0.000033
褍泻褉邪懈薪褋泻邪褟	0.000282	0.116534	0.000033
褍泻褉邪褋懈褌	0.000282	1.560648	0.000440
褍泻褉邪褕械薪懈械屑	0.000282	3.506558	0.000989
褍泻褉邪褕械薪懈褟	0.002256	0.116534	0.000263
褍泻褉芯锌	0.001692	0.562119	0.000951
褍泻褋褍褋	0.000564	0.634878	0.000358
褍锌芯褌褉械斜谢械薪懈械屑	0.000282	0.116534	0.000033
褍褉邪谢褜褋泻邪褟	0.000282	0.116534	0.000033
褍褉芯卸邪泄	0.000282	0.105361	0.000030
褍褋懈谢懈泄	0.000282	3.218876	0.000908
褍褌泻懈	0.000846	0.116534	0.000099
褍褏邪	0.000282	0.040822	0.000012
褍褔邪褋褌胁芯胁邪褌褜	0.000282	0.040822	0.000012
褍褔懈谢邪褋褜	0.000282	3.912023	0.001103
褎邪蟹械薪写褘	0.000282	0.127833	0.000036
褎邪薪褌邪蟹懈懈	0.001974	0.116534	0.000230
褎邪薪褌邪蟹懈泄	0.000282	0.116534	0.000033
褎邪薪褌邪蟹懈褟	0.000282	0.116534	0.000033
褎邪薪褌邪褋褌懈褔械褋泻懈	0.000282	3.218876	0.000908
褎邪褉褕	0.001974	1.021651	0.002017
褎邪褉褕邪	0.005640	0.040822	0.000230
褎邪褉褕懈褉芯胁邪薪薪邪褟	0.000564	0.116534	0.000066
褎邪褉褕懈褉芯胁邪薪薪芯谐芯	0.000282	2.995732	0.000845
褎邪褉褕懈褉芯胁邪薪薪芯械	0.000282	0.116534	0.000033
褎邪褉褕懈褉芯胁邪薪薪褘械	0.000564	0.040822	0.000023
褎邪褉褕懈褉芯胁邪薪薪褘泄	0.000282	0.040822	0.000012
褎邪褋芯谢褜	0.000282	0.040822	0.000012
褎械胁褉邪谢褟	0.000564	0.105361	0.000059
褎械泄械褉胁械褉泻	0.000564	0.116534	0.000066
褎懈谐褍褉械	0.000282	0.116534	0.000033
褎懈谐褍褉芯泄	0.000282	2.995732	0.000845
褎懈谢械	0.000564	0.916291	0.000517
褎懈薪褋泻邪褟	0.000282	0.116534	0.000033
褎懈褉屑械薪薪芯械	0.000282	0.116534	0.000033
褎芯泻邪褔褔褍	0.000282	3.912023	0.001103
褎芯薪写褞	0.000282	0.040822	0.000012
褎芯褉屑褘	0.000282	0.116534	0.000033
褎芯褉褍屑械	0.000564	0.040822	0.000023
褎芯褉褕屑邪泻	0.000846	0.040822	0.000035
褎褉邪薪褑懈懈	0.000282	0.116534	0.000033
褎褉邪薪褑褍蟹褋泻邪褟	0.000282	0.116534	0.000033
褎褉邪薪褑褍蟹褋泻芯谐芯	0.000282	2.659260	0.000750
褎褉邪褍	0.001128	0.116534	0.000131
褎褉械泄屑	0.000282	3.218876	0.000908
褎褉褍泻褌芯胁	0.001128	0.116534	0.000131
褎褉褍泻褌芯胁芯	0.000282	0.116534	0.000033
褎褉褍泻褌芯胁褘械	0.001974	0.040822	0.000081
褎褍写	0.000282	0.116534	0.000033
褎褍褉褕械褌	0.000282	0.116534	0.000033
褏邪谢胁邪	0.000282	0.040822	0.000012
褏邪褉胁械褋褌褎械褋褌	0.000564	0.116534	0.000066
褏邪褉褔芯	0.000564	0.040822	0.000023
褏邪褕	0.000282	0.040822	0.000012
褏胁芯褉芯褋褌	0.000282	0.040822	0.000012
褏懈薪泻邪谢懈	0.000282	0.116534	0.000033
褏懈褌	0.001974	0.116534	0.000230
褏谢械斜	0.012408	0.040822	0.000507
褏谢械斜邪	0.000564	2.995732	0.001690
褏谢械斜薪褘泄	0.000282	4.605170	0.001299
褏谢械斜芯屑	0.000564	2.525729	0.001425
褏谢械斜芯锌械褔泻懈	0.000282	0.116534	0.000033
褏谢芯锌褜褟	0.000564	0.105361	0.000059
褏芯蟹褟泄泻懈	0.000282	0.127833	0.000036
褏芯谢芯写械褑	0.000282	0.040822	0.000012
褏芯谢芯写薪邪褟	0.000282	4.605170	0.001299
褏芯谢芯写薪褘械	0.000564	0.116534	0.000066
褏芯谢芯写薪褘泄	0.000564	0.116534	0.000066
褏芯褉胁邪褌褋泻邪褟	0.000282	0.116534	0.000033
褏芯褉芯褕芯	0.001410	0.105361	0.000149
褏芯褉褋	0.000282	0.116534	0.000033
褏芯褌懈褌械	0.000282	0.040822	0.000012
褏芯褔械褌	0.000282	2.040221	0.000575
褏芯褔褍	0.000564	0.562119	0.000317
褏褉械薪	0.000564	2.995732	0.001690
褏褉褍褋褌褟褖懈泄	0.000282	2.040221	0.000575
褏褍屑褍褋	0.000282	0.040822	0.000012
褑邪褉褋褌胁芯	0.000282	0.127833	0.000036
褑邪褉褜	0.000282	0.116534	0.000033
褑胁械褌薪邪褟	0.000282	0.040822	0.000012
褑械写褉邪	0.000564	1.832581	0.001034
褑械谢褍褞	0.000282	4.605170	0.001299
褑械薪薪褘褏	0.000282	0.040822	0.000012
褑械薪褌褉	0.000282	0.116534	0.000033
褔邪械屑	0.000282	0.116534	0.000033
褔邪泄	0.000846	0.040822	0.000035
褔邪褋邪	0.000282	1.514128	0.000427
褔邪褋褌芯	0.000282	0.994252	0.000280
褔邪褖械	0.000282	2.995732	0.000845
褔械斜褍褉械泻懈	0.000564	0.040822	0.000023
褔械谐芯	0.001128	1.203973	0.001358
褔械谢芯胁械泻	0.000282	1.966113	0.000554
褔械屑	0.000282	0.994252	0.000280
褔械褉泻懈蟹芯胁芯	0.000564	0.116534	0.000066
褔械褉薪褘泄	0.002820	0.371064	0.001046
褔械褉褋褌胁褘泄	0.000282	4.605170	0.001299
褔械褋薪芯泻	0.002820	0.314711	0.000888
褔械褋薪芯褔薪褘泄	0.000282	1.660731	0.000468
褔械褋褌薪褘屑懈	0.000282	0.040822	0.000012
褔械褔械胁懈褑邪	0.000282	0.040822	0.000012
褔械褕褋泻邪褟	0.000282	0.116534	0.000033
褔懈邪斜邪褌褌邪	0.000282	3.506558	0.000989
褔懈蟹泻械泄泻	0.001128	0.040822	0.000046
褔懈谢懈泄褋泻邪褟	0.000282	0.116534	0.000033
褔懈锌褋褘	0.000282	0.040822	0.000012
褔懈褋谢褍	0.000282	0.261365	0.000074
褔褍写械褋	0.000282	0.116534	0.000033
褔褍写芯	0.000282	1.309333	0.000369
褔褍屑芯胁芯泄	0.000282	3.912023	0.001103
褕邪褉懈泻懈	0.000282	0.040822	0.000012
褕邪褉谢芯褌泻邪	0.000282	0.040822	0.000012
褕邪褉谢芯褌泻懈	0.000282	0.127833	0.000036
褕邪褉屑	0.000282	0.116534	0.000033
褕邪褕谢褘泻	0.003384	0.040822	0.000138
褕邪褕谢褘泻懈	0.000282	0.040822	0.000012
褕胁械写褋泻邪褟	0.000282	0.116534	0.000033
褕胁械泄褑邪褉褋泻邪褟	0.000282	0.116534	0.000033
褕械写械胁褉褘	0.000282	0.116534	0.000033
褕械褎	0.000282	0.127833	0.000036
褕懈锌褍褔泻邪	0.000282	0.040822	0.000012
褕懈褉芯泻邪褟	0.000282	0.127833	0.000036
褕泻芯谢褍	0.000282	0.116534	0.000033
褕芯泻芯谢邪写	0.000282	0.040822	0.000012
褕芯褌谢邪薪写褋泻邪褟	0.000282	0.116534	0.000033
褕褌褉褍写械谢褜	0.000282	0.040822	0.000012
褕褍斜邪	0.000282	3.218876	0.000908
褕褍斜械	0.000282	2.995732	0.000845
褕褍斜芯泄	0.000282	2.407946	0.000679
褕褍褉锌邪	0.000282	0.040822	0.000012
褖邪褋	0.000282	0.116534	0.000033
褖械写褉邪褟	0.000282	0.116534	0.000033
褖懈	0.000564	0.040822	0.000023
褝泻芯屑懈谢泻	0.000282	0.127833	0.000036
褝薪胁褝	0.000282	3.506558	0.000989
褝褉泻械褉芯屑	0.000282	2.040221	0.000575
褝褋褌芯薪褋泻邪褟	0.000282	0.116534	0.000033
褝褌懈褏	0.000282	1.714798	0.000484
褝褌芯谐芯	0.000564	0.415515	0.000234
褝褌芯屑	0.000564	0.843970	0.000476
褞谐芯褋谢邪胁褋泻邪褟	0.000282	0.116534	0.000033
褟斜谢芯泻邪	0.000282	3.912023	0.001103
褟斜谢芯泻芯	0.000564	1.427116	0.000805
褟谐芯写薪褘械	0.000564	0.116534	0.000066
褟谐芯写薪褘泄	0.000564	0.116534	0.000066
褟蟹褘泻	0.000282	0.040822	0.000012
褟懈褑	0.001410	0.116534	0.000164
褟泄褑邪	0.000282	0.040822	0.000012
褟泄褑芯	0.003948	0.261365	0.001032
褟薪写械泻褋	0.000282	0.072571	0.000020
褟锌芯薪褋泻邪褟	0.000282	0.116534	0.000033
褟锌芯薪褋泻芯泄	0.000282	0.061875	0.000017
褟褉泻懈械	0.000282	0.116534	0.000033
褟褉泻芯	0.000282	0.105361	0.000030
