褌芯泻械薪	TF	IDF	TF-IDF
邪斜褏邪蟹褋泻邪褟	0.000279	0.116534	0.000033
邪胁谐褍褋褌邪	0.000279	0.867501	0.000242
邪胁褋褌褉邪谢懈泄褋泻邪褟	0.000279	0.116534	0.000033
邪胁褋褌褉懈泄褋泻邪褟	0.000279	0.116534	0.000033
邪胁褌芯泻谢邪胁邪	0.000279	0.116534	0.000033
邪胁褌芯褉邪	0.000558	2.407946	0.001344
邪胁褌芯褉邪屑	0.000279	0.040822	0.000011
邪谐褉芯	0.000279	0.116534	0.000033
邪写卸懈泻邪	0.000279	0.040822	0.000011
邪蟹械褉斜邪泄写卸邪薪褋泻邪褟	0.000279	0.116534	0.000033
邪蟹懈邪褌褋泻邪褟	0.000279	0.127833	0.000036
邪蟹褍	0.000279	2.813411	0.000785
邪蟹褘	0.000279	0.127833	0.000036
邪泄褉邪薪	0.000279	0.040822	0.000011
邪泻胁邪褌懈泻邪	0.000837	0.127833	0.000107
邪泻褑懈懈	0.000279	2.120264	0.000592
邪谢械泻褋械褟	0.000279	0.127833	0.000036
邪谢泻芯谐芯谢褜	0.000558	0.116534	0.000065
邪谢泻芯谐芯谢褜薪褘械	0.000279	0.116534	0.000033
邪谢泻芯谐芯谢褟	0.000279	0.116534	0.000033
邪谢褜褟薪褋	0.000279	0.116534	0.000033
邪屑械褉懈泻邪薪褋泻邪褟	0.000279	0.116534	0.000033
邪屑械褉懈泻邪薪褋泻懈	0.000279	2.995732	0.000836
邪薪谐谢懈泄褋泻邪褟	0.000279	0.116534	0.000033
邪薪写褉械褟	0.000279	0.127833	0.000036
邪锌锌械褌懈褌薪械泄褕械屑	0.000279	3.506558	0.000978
邪锌褉械谢褟	0.000279	0.579818	0.000162
邪褉邪斜褋泻邪褟	0.000279	0.116534	0.000033
邪褉谐械薪褌懈薪褋泻邪褟	0.000279	0.116534	0.000033
邪褉屑褟薪褋泻邪褟	0.000279	0.116534	0.000033
邪褉芯屑邪褌	0.000279	1.660731	0.000463
邪褉芯屑邪褌薪邪褟	0.000279	1.832581	0.000511
邪褉芯屑邪褌薪械械	0.000279	3.506558	0.000978
邪褉芯屑邪褌芯屑	0.000279	1.514128	0.000422
邪褋褋芯褉褌懈	0.000558	0.116534	0.000065
邪褌谢邪薪褌	0.000279	0.127833	0.000036
邪褎谐邪薪褋泻邪褟	0.000279	0.116534	0.000033
邪褎褉懈泻邪薪褋泻邪褟	0.000279	0.116534	0.000033
邪褝褉芯谐褉懈谢械	0.002790	0.116534	0.000325
邪褝褉芯锌芯褉褌褍	0.000279	2.525729	0.000705
斜邪蟹懈谢懈泻	0.000558	1.609438	0.000898
斜邪泻谢邪卸邪薪褘	0.000279	0.040822	0.000011
斜邪谢褌泻芯屑	0.000279	0.127833	0.000036
斜邪褉邪薪懈薪褘	0.001116	0.116534	0.000130
斜邪褋屑邪褌懈	0.000558	0.127833	0.000071
斜邪褋褌褍褉屑邪	0.000279	0.040822	0.000011
斜邪褌芯薪褔懈泻懈	0.000279	0.127833	0.000036
斜邪褕泻懈褉褋泻邪褟	0.000279	0.116534	0.000033
斜械写褉芯	0.000558	2.302585	0.001285
斜械写褉褘褕泻懈	0.000279	3.506558	0.000978
斜械蟹邪谢泻芯谐芯谢褜薪褘械	0.000279	0.116534	0.000033
斜械蟹谐谢褞褌械薪芯胁褘械	0.000279	0.116534	0.000033
斜械蟹械	0.001116	0.040822	0.000046
斜械蟹芯	0.000279	3.506558	0.000978
斜械谢械斜械械胁褋泻懈泄	0.000558	0.116534	0.000065
斜械谢芯谐芯	0.000279	3.218876	0.000898
斜械谢芯褉褍褋褋泻邪褟	0.000279	0.116534	0.000033
斜械谢褘泄	0.000279	1.609438	0.000449
斜械谢褜谐懈泄褋泻邪褟	0.000279	0.116534	0.000033
斜械褉械屑械薪薪褘褏	0.000279	0.116534	0.000033
斜械褋械写懈薪邪	0.000279	0.127833	0.000036
斜械褎褋褌褉芯谐邪薪芯胁	0.000279	2.995732	0.000836
斜械褕斜邪褉屑邪泻	0.000279	3.506558	0.000978
斜懈邪	0.000279	2.995732	0.000836
斜懈蟹薪械褋	0.000279	2.525729	0.000705
斜懈褋泻胁懈褌	0.000279	0.040822	0.000011
斜懈褋泻胁懈褌薪芯械	0.000558	0.116534	0.000065
斜懈褋泻胁懈褌薪褘泄	0.000279	0.105361	0.000029
斜懈褋泻胁懈褌褘	0.000279	0.127833	0.000036
斜懈褌芯褔泻懈	0.000279	1.897120	0.000529
斜谢邪谐芯写邪褉薪邪	0.000279	1.660731	0.000463
斜谢懈卸械	0.000279	0.116534	0.000033
斜谢懈蟹泻懈褏	0.000279	0.116534	0.000033
斜谢懈薪芯胁	0.000558	0.116534	0.000065
斜谢懈薪褘	0.001116	0.040822	0.000046
斜谢懈褑	0.000558	2.207275	0.001232
斜谢褞写	0.000558	0.094311	0.000053
斜谢褞写邪	0.039621	0.040822	0.001617
斜谢褞写芯	0.002790	0.040822	0.000114
斜谢褞写芯屑	0.000279	0.994252	0.000277
斜谢褞写褍	0.000279	0.116534	0.000033
斜芯斜芯胁褘械	0.000558	0.127833	0.000071
斜芯斜芯胁褘褏	0.001674	0.116534	0.000195
斜芯谢谐邪褉褋泻邪褟	0.000279	0.116534	0.000033
斜芯谢褜褕械	0.001116	0.105361	0.000118
斜芯谢褜褕芯械	0.000279	1.560648	0.000435
斜芯褉褌	0.000279	2.525729	0.000705
斜芯褉褌芯胁芯谐芯	0.000279	2.525729	0.000705
斜芯褉褖	0.000558	0.040822	0.000023
斜芯褌胁懈薪褜褟	0.000279	0.040822	0.000011
斜褉邪蟹懈谢褜褋泻邪褟	0.000279	0.116534	0.000033
斜褉邪褍蟹械褉械	0.000279	0.040822	0.000011
斜褉邪褍薪懈	0.000279	0.040822	0.000011
斜褉械褋褌	0.000279	0.127833	0.000036
斜褉懈蟹芯谢褜	0.000279	2.659260	0.000742
斜褉芯泻泻芯谢懈	0.000279	0.040822	0.000011
斜褍卸械薪懈薪邪	0.000279	0.040822	0.000011
斜褍谢芯褔泻邪屑懈	0.000279	0.116534	0.000033
斜褍谢芯褔泻懈	0.000558	0.040822	0.000023
斜褍谢褜芯薪	0.003069	0.040822	0.000125
斜褍谢褜芯薪褘	0.001116	0.116534	0.000130
斜褍褉谐械褉	0.000279	0.040822	0.000011
斜褍褉谐械褉褘	0.000279	0.127833	0.000036
斜褍褉褟褌褋泻邪褟	0.000279	0.116534	0.000033
斜褍褌械褉斜褉芯写	0.000558	0.116534	0.000065
斜褍褌械褉斜褉芯写褘	0.000558	0.040822	0.000023
斜褘褋褌褉械薪褜泻芯	0.000279	3.218876	0.000898
斜褘褋褌褉芯	0.000558	0.094311	0.000053
斜褘褋褌褉芯械	0.000279	2.525729	0.000705
斜褘褋褌褉芯泄	0.000279	0.116534	0.000033
斜褘褋褌褉褘泄	0.000558	0.105361	0.000059
胁邪卸薪褘械	0.000279	0.116534	0.000033
胁邪谢谢懈泄褋泻邪褟	0.000279	0.116534	0.000033
胁邪屑懈	0.000837	0.843970	0.000706
胁邪褉械薪懈泻懈	0.000279	0.116534	0.000033
胁邪褉械薪褜械	0.000558	0.040822	0.000023
胁邪褉懈邪薪褌	0.000558	0.562119	0.000314
胁邪褉懈邪薪褌械	0.000279	2.659260	0.000742
胁邪褉懈邪褑懈泄	0.000279	3.218876	0.000898
胁邪褌褉褍褕泻懈	0.000279	0.040822	0.000011
胁邪褎谢懈	0.000558	0.040822	0.000023
胁邪褕械泄	0.000558	0.040822	0.000023
胁胁芯写褟	0.000279	0.040822	0.000011
胁写芯褏薪芯胁械薪懈械	0.001116	0.116534	0.000130
胁写芯褏薪芯胁械薪懈械屑	0.000558	0.116534	0.000065
胁写芯褏薪芯胁谢褟泄褋褟	0.000279	0.116534	0.000033
胁械谐械褌邪褉懈邪薪褋泻懈械	0.000279	0.127833	0.000036
胁械谐械褌邪褉懈邪薪褋泻芯械	0.000279	0.116534	0.000033
胁械谢懈泻懈泄	0.000279	0.116534	0.000033
胁械薪谐械褉褋泻邪褟	0.000279	0.116534	0.000033
胁械褋械谢褘褏	0.000279	3.912023	0.001092
胁械褋械薪薪懈械	0.000279	0.051293	0.000014
胁械褋薪邪	0.001395	0.116534	0.000163
胁械褋薪褘	0.000279	0.116534	0.000033
胁械褋褌	0.000279	4.605170	0.001285
胁械褋褢谢芯械	0.000279	3.218876	0.000898
胁械褌褔懈薪褘	0.000279	0.105361	0.000029
胁蟹谐谢褟写	0.000279	1.427116	0.000398
胁蟹褟谢	0.000279	2.813411	0.000785
胁蟹褟褌	0.000279	2.207275	0.000616
胁懈写械芯	0.000558	0.116534	0.000065
胁懈写械芯褉械褑械锌褌褘	0.000279	0.301105	0.000084
胁懈薪芯	0.000558	0.040822	0.000023
胁泻褉邪锌谢械薪懈褟屑懈	0.000279	3.506558	0.000978
胁泻褍褋	0.001674	0.105361	0.000176
胁泻褍褋邪	0.002232	0.116534	0.000260
胁泻褍褋薪邪褟	0.002232	0.061875	0.000138
胁泻褍褋薪械械	0.000558	0.116534	0.000065
胁泻褍褋薪械泄	0.000279	0.116534	0.000033
胁泻褍褋薪芯	0.001674	0.094311	0.000158
胁泻褍褋薪褘械	0.000837	0.105361	0.000088
胁泻褍褋薪褘泄	0.000279	0.385662	0.000108
胁泻褍褋薪褟褌懈薪褍	0.000279	2.995732	0.000836
胁泻褍褋芯屑	0.000837	0.105361	0.000088
胁泻褍褋褍	0.000279	1.272966	0.000355
胁谢褞斜懈谢邪褋褜	0.000279	1.832581	0.000511
胁谢褞斜谢械薪薪褘褏	0.000279	0.116534	0.000033
胁屑械褋褌械	0.000558	0.916291	0.000511
胁薪邪褔邪谢械	0.001116	0.248461	0.000277
胁芯	0.000558	0.061875	0.000035
胁芯写邪	0.001674	0.287682	0.000482
胁芯写械	0.000279	0.105361	0.000029
胁芯泄褌懈	0.000279	0.000000	0.000000
胁芯谢芯胁邪薪褘	0.000279	0.116534	0.000033
胁芯谢褕械斜薪褘械	0.000279	0.116534	0.000033
胁芯谢褕械斜薪褘褏	0.000279	3.912023	0.001092
胁芯谢褕械斜褋褌胁芯	0.000279	0.116534	0.000033
胁芯锌褉芯褋褘	0.000279	0.000000	0.000000
胁芯褋褌芯褔薪邪褟	0.000279	0.127833	0.000036
胁锌械褉胁褘械	0.000279	1.560648	0.000435
胁褉械屑械薪邪	0.000279	0.116534	0.000033
胁褉械屑械薪械屑	0.001674	0.116534	0.000195
胁褉械屑械薪懈	0.000558	0.967584	0.000540
胁褉械屑褟	0.000558	0.400478	0.000223
胁褋械谐芯	0.000558	0.186330	0.000104
胁褋械泄	0.000837	0.105361	0.000088
胁褋械屑褍	0.000279	0.061875	0.000017
胁褋锌芯屑薪懈褌褜	0.000279	0.040822	0.000011
胁褋褟泻芯谐芯	0.000279	3.506558	0.000978
胁褌芯褉芯械	0.000279	0.116534	0.000033
胁褌芯褉褘械	0.000279	0.127833	0.000036
胁褍邪谢褟	0.000279	3.506558	0.000978
胁褏芯写	0.000837	0.030459	0.000025
胁褘卸写邪褌褜	0.000279	3.912023	0.001092
胁褘泄褌懈	0.000279	0.040822	0.000011
胁褘泻谢邪写褘胁邪谢邪	0.000279	3.218876	0.000898
胁褘谢芯卸械薪芯	0.000279	3.506558	0.000978
胁褘锌械褔泻邪	0.003348	0.040822	0.000137
胁褘锌械褔泻懈	0.000558	0.072571	0.000040
胁褘锌械褔泻芯泄	0.000279	0.116534	0.000033
胁褘锌褍褋泻邪	0.000279	3.506558	0.000978
胁褜械褌薪邪屑褋泻邪褟	0.000279	0.116534	0.000033
谐邪胁邪泄褋泻邪褟	0.000279	0.116534	0.000033
谐邪谢褍褕泻懈	0.000279	2.813411	0.000785
谐邪褉薪懈褉	0.001395	0.040822	0.000057
谐邪褉薪懈褉芯屑	0.000279	2.525729	0.000705
谐邪褋锌邪褔芯	0.000279	0.040822	0.000011
谐械芯谐褉邪褎懈褟	0.000279	0.116534	0.000033
谐谢邪胁薪芯械	0.000279	1.139434	0.000318
谐谢邪胁薪褘泄	0.000279	0.040822	0.000011
谐谢邪蟹懈褉芯胁邪薪薪褘械	0.000279	3.912023	0.001092
谐谢邪蟹褍褉褜	0.000837	0.040822	0.000034
谐谢懈薪褌胁械泄薪	0.000279	0.040822	0.000011
谐芯胁芯褉懈褌	0.000279	2.813411	0.000785
谐芯胁褟写懈薪褘	0.001116	0.116534	0.000130
谐芯写	0.002790	0.105361	0.000294
谐芯写邪	0.004464	0.248461	0.001109
谐芯写褍	0.000279	1.171183	0.000327
谐芯谢谢邪薪写褋泻邪褟	0.000279	0.116534	0.000033
谐芯褉邪蟹写芯	0.000558	2.040221	0.001139
谐芯褉芯写邪	0.000558	0.116534	0.000065
谐芯褉芯褏	0.000279	0.116534	0.000033
谐芯褉褔懈褑邪	0.002232	0.040822	0.000091
谐芯褉褔懈褑邪屑懈	0.000279	0.127833	0.000036
谐芯褉褕芯褔泻邪褏	0.000279	0.105361	0.000029
谐芯褉褕芯褔泻械	0.000558	0.040822	0.000023
谐芯褉褟褔械械	0.000837	0.116534	0.000098
谐芯褉褟褔懈械	0.019252	0.105361	0.002028
谐芯褉褟褔懈泄	0.000558	0.116534	0.000065
谐芯褋褌械泄	0.000279	1.272966	0.000355
谐芯褋褌懈	0.000279	0.116534	0.000033
谐芯褋褌褍	0.000279	2.659260	0.000742
谐芯褌芯胁懈谢懈	0.000279	1.560648	0.000435
谐芯褌芯胁懈屑	0.001674	0.094311	0.000158
谐芯褌芯胁懈褌褋褟	0.000279	0.478036	0.000133
谐芯褌芯胁懈褌褜	0.001953	0.105361	0.000206
谐芯褌芯胁泻懈	0.000279	2.207275	0.000616
谐芯褌芯胁谢褞	0.000558	1.049822	0.000586
谐芯褌芯胁芯	0.000279	2.302585	0.000642
谐芯褌芯胁褘	0.000279	2.407946	0.000672
谐芯褌芯胁褜	0.000558	0.116534	0.000065
谐芯褌芯胁褟褌	0.000279	0.116534	0.000033
谐褉械薪泻懈	0.000558	0.040822	0.000023
谐褉械褔械褋泻邪褟	0.000279	0.116534	0.000033
谐褉械褔泻邪	0.000279	0.040822	0.000011
谐褉懈斜邪屑懈	0.001116	0.105361	0.000118
谐褉懈斜薪褘械	0.000558	0.040822	0.000023
谐褉懈斜芯胁	0.000837	0.116534	0.000098
谐褉懈斜褘	0.000837	0.040822	0.000034
谐褉懈谢械	0.001674	0.116534	0.000195
谐褉懈谢褜	0.000279	0.116534	0.000033
谐褉懈谢褜屑邪薪懈褟	0.000279	0.116534	0.000033
谐褉懈谢褟	0.001116	0.116534	0.000130
谐褉芯谐	0.000279	0.040822	0.000011
谐褉褍写泻邪	0.001395	1.108663	0.001547
谐褉褍写泻懈	0.000558	2.525729	0.001409
谐褉褍写泻褍	0.000279	3.912023	0.001092
谐褉褍蟹懈薪褋泻邪褟	0.000279	0.116534	0.000033
谐褉褍锌锌褘	0.000279	0.061875	0.000017
谐褍谢褜褔械褏褉邪	0.000558	3.218876	0.001796
谐褍褉屑邪薪懈褟	0.001674	0.116534	0.000195
谐褍褉屑械	0.000279	0.127833	0.000036
谐褍褋褟	0.000558	0.105361	0.000059
写邪胁薪械薪褜泻芯	0.000279	2.995732	0.000836
写邪胁薪芯	0.000558	0.967584	0.000540
写邪械褌	0.000279	0.040822	0.000011
写邪薪薪褘械	0.000279	0.040822	0.000011
写邪褉褘	0.000279	0.116534	0.000033
写邪褌械	0.000558	0.248461	0.000139
写邪褌褋泻邪褟	0.000279	0.116534	0.000033
写邪褔薪芯械	0.000837	0.116534	0.000098
写胁邪	0.000558	1.171183	0.000654
写械泻芯褉	0.000279	0.127833	0.000036
写械谢	0.000279	2.813411	0.000785
写械谢邪械褌	0.000558	0.116534	0.000065
写械谢邪褌褜	0.000279	1.386294	0.000387
写械谢懈屑褋褟	0.000279	0.040822	0.000011
写械谢懈褌褜褋褟	0.000279	2.659260	0.000742
写械谢芯	0.000279	1.386294	0.000387
写械谢芯屑	0.000279	0.116534	0.000033
写械薪褜	0.000837	0.083382	0.000070
写械褋械褉褌	0.000837	0.116534	0.000098
写械褋械褉褌邪褑懈褟	0.000279	0.116534	0.000033
写械褋械褉褌薪褘械	0.000279	0.116534	0.000033
写械褋械褉褌褘	0.003906	0.040822	0.000159
写械褌械泄	0.000279	0.116534	0.000033
写卸械屑	0.000279	0.040822	0.000011
写蟹械薪	0.000279	0.116534	0.000033
写懈械褌邪	0.000279	0.116534	0.000033
写懈械褌褘	0.000279	0.116534	0.000033
写懈泻懈泄	0.000558	0.116534	0.000065
写懈泻芯谐芯	0.000279	0.116534	0.000033
写懈锌	0.000279	0.116534	0.000033
写懈褔懈	0.000558	0.116534	0.000065
写懈褔褜	0.000279	0.116534	0.000033
写薪械胁薪懈泻邪褏	0.000279	0.061875	0.000017
写薪械泄	0.001395	0.116534	0.000163
写薪褟	0.000279	0.040822	0.000011
写芯斜邪胁懈谢邪	0.000279	1.897120	0.000529
写芯斜邪胁谢械薪懈褟屑	0.000279	0.274437	0.000077
写芯斜邪胁谢褟褌褜	0.000279	0.040822	0.000011
写芯斜邪胁褜	0.000279	0.116534	0.000033
写芯斜褉芯褎谢芯褌	0.000279	0.127833	0.000036
写芯胁械褉褟械褕褜	0.000279	0.116534	0.000033
写芯谢谐芯	0.000279	1.514128	0.000422
写芯屑	0.002511	0.040822	0.000103
写芯屑邪	0.000279	0.994252	0.000277
写芯屑邪褕薪械械	0.000837	0.040822	0.000034
写芯屑邪褕薪懈械	0.000837	0.040822	0.000034
写芯屑邪褕薪懈泄	0.001395	0.116534	0.000163
写芯屑邪褕薪褟褟	0.000558	0.105361	0.000059
写芯屑芯胁	0.000279	0.040822	0.000011
写褉邪泄胁	0.001395	0.127833	0.000178
写褉芯卸卸械胁芯械	0.000279	0.116534	0.000033
写褉褍谐邪	0.000279	2.407946	0.000672
写褉褍谐懈屑懈	0.000279	0.040822	0.000011
写褉褍蟹械泄	0.000279	1.514128	0.000422
写褍屑邪谢邪	0.000558	1.272966	0.000710
写褍褏芯胁泻邪	0.001116	0.127833	0.000143
写褍褏芯胁泻械	0.000279	0.867501	0.000242
写褍褕懈	0.000837	0.105361	0.000088
写褍褕懈褋褌褘泄	0.001116	1.237874	0.001382
械胁褉械泄褋泻邪褟	0.000279	0.116534	0.000033
械谐懈锌械褌褋泻邪褟	0.000279	0.116534	0.000033
械写懈薪褘泄	0.000279	0.040822	0.000011
械写芯泻邪	0.000279	3.912023	0.001092
械泻芯	0.000279	0.127833	0.000036
械褏邪褌褜	0.000279	2.995732	0.000836
卸邪褉懈褌褜	0.000279	1.966113	0.000549
卸邪褉泻芯械	0.000279	0.040822	0.000011
卸械谢邪械屑褘械	0.000279	1.469676	0.000410
卸械谢邪褌械谢褜薪芯	0.000279	2.525729	0.000705
卸械谢械	0.000837	0.040822	0.000034
卸械薪褋泻邪褟	0.000279	0.127833	0.000036
卸械薪褋泻芯屑	0.000279	0.061875	0.000017
卸械薪褖懈薪褘	0.000558	0.116534	0.000065
卸懈蟹薪懈	0.000279	0.040822	0.000011
卸懈蟹薪褜	0.000279	0.116534	0.000033
卸懈褉薪邪褟	0.000279	3.506558	0.000978
卸褍谢褜械薪	0.000279	0.040822	0.000011
卸褍褉薪邪谢邪	0.000279	0.127833	0.000036
卸褞谢褜械薪	0.000279	0.040822	0.000011
蟹邪斜懈胁邪褞褖懈屑	0.000279	3.912023	0.001092
蟹邪胁邪褉薪芯械	0.000279	0.116534	0.000033
蟹邪胁邪褉薪芯泄	0.000279	0.116534	0.000033
蟹邪胁褌褉邪泻	0.001953	0.094311	0.000184
蟹邪胁褌褉邪泻懈	0.000279	0.127833	0.000036
蟹邪谐芯褌芯胁泻懈	0.001116	0.040822	0.000046
蟹邪写邪胁邪褌褜	0.000279	0.040822	0.000011
蟹邪泄褑邪	0.000558	0.116534	0.000065
蟹邪泻胁邪褋泻邪	0.000279	0.040822	0.000011
蟹邪泻胁邪褋泻邪屑懈	0.000279	0.116534	0.000033
蟹邪泻胁邪褋芯泻	0.000279	0.127833	0.000036
蟹邪泻褉褘褌褘泄	0.000279	0.116534	0.000033
蟹邪泻褍褋泻懈	0.005022	0.040822	0.000205
蟹邪泻褍褋泻褍	0.000837	0.116534	0.000098
蟹邪泻褍褋芯薪褔懈泻	0.000279	0.116534	0.000033
蟹邪泻褍褋芯褔泻邪	0.000279	0.116534	0.000033
蟹邪泻褍褋芯褔薪褘械	0.002511	0.116534	0.000293
蟹邪谢懈胁泻械	0.000279	2.659260	0.000742
蟹邪谢懈胁薪芯械	0.000558	0.040822	0.000023
蟹邪屑邪褉懈薪芯胁邪薪薪褘械	0.000279	3.912023	0.001092
蟹邪屑械褔邪褌械谢褜薪褘屑	0.000279	2.302585	0.000642
蟹邪屑芯褉芯蟹泻邪	0.000279	0.105361	0.000029
蟹邪锌邪写	0.000279	0.116534	0.000033
蟹邪锌械泻邪薪泻邪	0.001116	0.105361	0.000118
蟹邪锌械泻邪薪泻懈	0.001953	0.040822	0.000080
蟹邪锌懈褋薪褘褏	0.000279	3.506558	0.000978
蟹邪锌褉邪胁泻邪	0.000558	0.040822	0.000023
蟹邪褉邪薪械械	0.000279	1.660731	0.000463
蟹邪褉械谐懈褋褌褉懈褉芯胁邪胁褕懈褋褜	0.000279	0.040822	0.000011
蟹邪褉械谐懈褋褌褉懈褉芯胁邪褌褜褋褟	0.000279	0.030459	0.000008
蟹邪褋芯谢泻邪	0.000279	0.116534	0.000033
蟹邪褌褉邪褌懈胁	0.000279	3.506558	0.000978
蟹邪褏芯褌械谢邪	0.000279	3.506558	0.000978
蟹邪褏芯褌械谢芯褋褜	0.000279	2.407946	0.000672
蟹胁邪薪褘泄	0.000279	0.127833	0.000036
蟹胁械蟹写邪	0.000279	0.127833	0.000036
蟹胁褢蟹写薪褘械	0.000279	0.116534	0.000033
蟹写芯褉芯胁芯械	0.000279	0.116534	0.000033
蟹写芯褉芯胁褘泄	0.000279	0.116534	0.000033
蟹械谢械薪褜	0.000279	0.094311	0.000026
蟹械褎懈褉	0.000279	0.040822	0.000011
蟹懈屑薪懈械	0.000279	0.051293	0.000014
蟹懈屑褍	0.001116	0.040822	0.000046
蟹薪邪褞	0.000837	0.755023	0.000632
蟹芯谢芯褌邪褟	0.000279	0.116534	0.000033
懈胁邪薪芯胁邪	0.000279	0.127833	0.000036
懈胁谢械胁	0.000279	3.912023	0.001092
懈谐褉邪	0.000279	3.506558	0.000978
懈写械邪谢褜薪邪褟	0.000558	0.116534	0.000065
懈写械邪谢褜薪芯谐芯	0.001395	0.116534	0.000163
懈写械邪谢褜薪芯械	0.000279	0.116534	0.000033
懈写械泄泻懈	0.000279	0.116534	0.000033
懈写械薪褌懈褔薪褘屑	0.000279	3.506558	0.000978
懈蟹写械谢懈褟	0.000837	0.116534	0.000098
懈蟹写械谢懈褟屑懈	0.000837	0.116534	0.000098
懈泻褉邪	0.000837	0.040822	0.000034
懈谢谢褞褋褌褉懈褉芯胁邪薪	0.000279	2.120264	0.000592
懈屑斜懈褉褜	0.000558	1.897120	0.001059
懈屑械薪械屑	0.000279	0.040822	0.000011
懈薪胁械褉褌芯褉薪芯泄	0.000279	0.127833	0.000036
懈薪谐褉械写懈械薪褌邪屑	0.000279	1.469676	0.000410
懈薪谐褉械写懈械薪褌芯胁	0.000279	1.771957	0.000494
懈薪谐褉械写懈械薪褌褘	0.008929	0.139262	0.001243
懈薪写械泄泻懈	0.001395	0.094311	0.000132
懈薪写械泄泻芯泄	0.000279	0.116534	0.000033
懈薪写懈泄褋泻邪褟	0.000279	0.116534	0.000033
懈薪写懈谢邪泄褌	0.000837	0.116534	0.000098
懈薪写懈褉械褋薪褘械	0.000279	0.116534	0.000033
懈薪械褌邪	0.000279	1.832581	0.000511
懈薪褋褌褉褍泻褑懈褟屑懈	0.000279	0.040822	0.000011
懈薪褌械褉械褋薪褘泄	0.000279	1.897120	0.000529
懈薪褌械褉薪械褌邪	0.000279	1.771957	0.000494
懈褉邪泻褋泻邪褟	0.000279	0.116534	0.000033
懈褉邪薪褋泻邪褟	0.000279	0.116534	0.000033
懈褉谢邪薪写褋泻邪褟	0.000279	0.116534	0.000033
懈褋泻谢褞褔懈褌褜	0.000279	1.469676	0.000410
懈褋泻褉械薪薪械	0.000279	0.116534	0.000033
懈褋谢邪薪写褋泻邪褟	0.000279	0.116534	0.000033
懈褋锌邪薪褋泻邪褟	0.000279	0.116534	0.000033
懈褋锌械泻懈	0.000279	0.116534	0.000033
懈褋褌芯泻邪屑	0.000279	3.506558	0.000978
懈褋褌芯褉懈懈	0.001395	0.116534	0.000163
懈褋褌芯褉懈褞	0.000279	0.116534	0.000033
懈褋褔械蟹	0.000279	3.506558	0.000978
懈褌邪谢懈懈	0.000558	0.105361	0.000059
懈褌邪谢褜褟薪褋泻邪褟	0.000279	0.116534	0.000033
懈褌邪谢褜褟薪褋泻芯屑	0.000279	3.218876	0.000898
懈褖褍褌	0.000279	1.609438	0.000449
懈褞谢褟	0.000279	0.597837	0.000167
懈褞薪褟	0.000279	0.579818	0.000162
泄芯谐褍褉褌	0.000837	0.040822	0.000034
泻邪斜邪褔泻懈	0.000279	0.040822	0.000011
泻邪胁泻邪蟹褋泻邪褟	0.000279	0.116534	0.000033
泻邪卸写芯谐芯	0.000279	2.659260	0.000742
泻邪蟹邪薪械	0.000279	0.116534	0.000033
泻邪蟹邪褏褋泻邪褟	0.000279	0.116534	0.000033
泻邪泻邪芯	0.000558	0.040822	0.000023
泻邪谢械泄写芯褋泻芯锌	0.001116	0.116534	0.000130
泻邪谢屑褘褑泻邪褟	0.000279	0.116534	0.000033
泻邪谢褜屑邪褉	0.000279	0.040822	0.000011
泻邪屑械褉邪	0.000279	0.116534	0.000033
泻邪薪邪写褋泻邪褟	0.000279	0.116534	0.000033
泻邪薪邪谢	0.000558	0.040822	0.000023
泻邪薪邪谢械	0.000279	0.040822	0.000011
泻邪薪邪锌械	0.000558	0.040822	0.000023
泻邪锌褍褋褌邪	0.000558	0.040822	0.000023
泻邪锌褍褋褌薪褟泻	0.000279	0.040822	0.000011
泻邪锌褍褋褌褘	0.000279	0.040822	0.000011
泻邪褉邪屑械谢褜	0.000279	0.040822	0.000011
泻邪褉斜芯薪邪写	0.000279	3.506558	0.000978
泻邪褉斜芯薪邪写邪	0.000279	3.912023	0.001092
泻邪褉泻邪褋薪褘泄	0.001116	0.116534	0.000130
泻邪褉褌芯褎械谢褜	0.000279	0.040822	0.000011
泻邪褉褌芯褎械谢褜薪芯械	0.000279	0.040822	0.000011
泻邪褉褌芯褎械谢褜薪褘泄	0.000837	0.116534	0.000098
泻邪褉褌芯褕泻邪	0.000558	0.040822	0.000023
泻邪褌械谐芯褉懈懈	0.000558	0.116534	0.000065
泻邪褌械谐芯褉懈褟	0.004185	0.150823	0.000631
泻邪褔械褋褌胁芯	0.000279	0.116534	0.000033
泻邪褕邪	0.000279	0.040822	0.000011
泻邪褕懈	0.001395	0.105361	0.000147
泻邪褕褍	0.000279	0.094311	0.000026
泻胁邪褋	0.000837	0.040822	0.000034
泻胁邪褋薪芯械	0.000837	0.116534	0.000098
泻胁邪褋芯屑	0.000279	0.127833	0.000036
泻械泻褋	0.000279	0.040822	0.000011
泻械泻褋褘	0.000558	0.116534	0.000065
泻械褎懈褉	0.000279	0.040822	0.000011
泻懈屑褔懈	0.000279	0.040822	0.000011
泻懈薪芯邪	0.000558	0.127833	0.000071
泻懈薪芯谢械薪褌邪	0.000279	0.116534	0.000033
泻懈褋械谢褜	0.000558	0.040822	0.000023
泻懈褌邪泄褋泻邪褟	0.000279	0.116534	0.000033
泻谢邪褋褋	0.002511	0.116534	0.000293
泻谢邪褋褋褘	0.000279	0.116534	0.000033
泻谢褟褉械	0.000279	2.302585	0.000642
泻薪懈谐懈	0.000279	3.506558	0.000978
泻薪懈谐褍	0.000558	0.040822	0.000023
泻薪懈卸泻邪褏	0.000279	3.506558	0.000978
泻芯谐芯	0.000279	1.714798	0.000478
泻芯泻褌械泄谢懈	0.000279	0.127833	0.000036
泻芯泻褌械泄谢褜	0.001395	0.040822	0.000057
泻芯谢斜邪褋邪	0.000279	0.040822	0.000011
泻芯谢斜邪褋薪褘屑懈	0.000837	0.116534	0.000098
泻芯屑邪薪写邪	0.000558	0.127833	0.000071
泻芯屑懈	0.000279	0.116534	0.000033
泻芯屑屑械薪褌邪褉懈械胁	0.000279	0.223144	0.000062
泻芯屑锌邪薪懈泄	0.000279	0.105361	0.000029
泻芯屑锌芯褌	0.000837	0.040822	0.000034
泻芯屑褍	0.000279	1.347074	0.000376
泻芯薪械褔薪芯	0.000279	0.527633	0.000147
泻芯薪懈薪褘	0.000279	0.116534	0.000033
泻芯薪泻褍褉褋	0.059710	0.105361	0.006291
泻芯薪泻褍褉褋邪	0.000279	0.116534	0.000033
泻芯薪泻褍褉褋邪褏	0.000279	0.040822	0.000011
泻芯薪泻褍褉褋薪褘械	0.000279	0.127833	0.000036
泻芯薪褋械褉胁懈褉芯胁邪薪懈械	0.000279	0.040822	0.000011
泻芯薪褋械褉胁懈褉芯胁邪薪薪邪褟	0.000279	0.116534	0.000033
泻芯薪褋械褉胁懈褉芯胁邪薪薪芯械	0.000279	0.116534	0.000033
泻芯薪褋械褉胁懈褉芯胁邪薪薪褘械	0.000558	0.116534	0.000065
泻芯薪褋械褉胁懈褉芯胁邪薪薪褘泄	0.000279	0.116534	0.000033
泻芯薪褋褌邪薪褌懈薪	0.000279	3.912023	0.001092
泻芯薪褎械褌褌懈	0.000279	0.116534	0.000033
泻芯薪褎械褌褘	0.001116	0.040822	0.000046
泻芯薪褎懈写械薪褑懈邪谢褜薪芯褋褌懈	0.000279	0.040822	0.000011
泻芯薪褎懈褌褞褉	0.000279	0.040822	0.000011
泻芯锌褔械薪芯褋褌褟屑懈	0.000279	0.116534	0.000033
泻芯褉械泄褋泻邪褟	0.000279	0.116534	0.000033
泻芯褉械泄褋泻懈	0.000279	0.040822	0.000011
泻芯褉卸懈泻懈	0.000279	0.040822	0.000011
泻芯褉懈褑邪	0.000558	1.427116	0.000796
泻芯褉懈褔薪械胁褘泄	0.000558	1.386294	0.000774
泻芯褉屑褟褖懈褏	0.000279	0.116534	0.000033
泻芯褉芯褔泻芯泄	0.000279	1.771957	0.000494
泻芯褌谢械褌	0.000279	2.302585	0.000642
泻芯褌谢械褌邪	0.000837	3.218876	0.002694
泻芯褌谢械褌芯泄	0.000279	3.506558	0.000978
泻芯褌谢械褌褘	0.000558	0.040822	0.000023
泻芯褌芯褉芯屑褍	0.000558	0.116534	0.000065
泻芯褌芯褉褘屑懈	0.000279	2.995732	0.000836
泻芯褎械	0.000558	0.040822	0.000023
泻褉邪褋懈胁褘屑	0.000279	2.120264	0.000592
泻褉邪褋泻懈	0.000279	0.116534	0.000033
泻褉邪褏屑邪谢	0.001674	0.891598	0.001493
泻褉械邪褌懈胁	0.000279	0.127833	0.000036
泻褉械屑	0.000279	0.040822	0.000011
泻褉械屑邪	0.000558	0.116534	0.000065
泻褉械锌泻懈泄	0.000279	0.116534	0.000033
泻褉芯谢懈泻邪	0.000558	0.116534	0.000065
泻褉芯屑械	0.000279	0.061875	0.000017
泻褉芯褏懈	0.000279	0.116534	0.000033
泻褉褍谐褍	0.000558	0.116534	0.000065
泻褉褍锌	0.001674	0.116534	0.000195
泻褉褍锌邪	0.000279	0.127833	0.000036
泻褉褍锌褘	0.000558	0.127833	0.000071
泻褉褍锌褟薪褘械	0.000279	0.116534	0.000033
泻褉褘谢褘褕泻懈	0.000558	2.995732	0.001672
泻褉褘谢褜褟	0.000558	2.995732	0.001672
泻褍斜懈薪褋泻邪褟	0.000279	0.116534	0.000033
泻褍谢械褕	0.000279	0.040822	0.000011
泻褍谢懈薪邪褉懈懈	0.000837	0.094311	0.000079
泻褍谢懈薪邪褉懈褟	0.000279	2.813411	0.000785
泻褍谢懈薪邪褉薪邪褟	0.000279	0.116534	0.000033
泻褍谢懈薪邪褉薪芯械	0.000279	0.116534	0.000033
泻褍谢懈薪邪褉薪褍褞	0.000558	0.040822	0.000023
泻褍谢懈薪邪褉薪褘泄	0.000279	0.072571	0.000020
泻褍谢懈薪邪褉薪褘褏	0.000279	0.116534	0.000033
泻褍谢懈褔	0.000279	0.040822	0.000011
泻褍谢懈褔懈	0.000279	0.116534	0.000033
泻褍薪卸褍褌	0.001116	0.994252	0.001110
泻褍褉写褋泻邪褟	0.000279	0.116534	0.000033
泻褍褉懈薪邪褟	0.001395	1.021651	0.001425
泻褍褉懈薪芯谐芯	0.000837	0.116534	0.000098
泻褍褉懈薪芯械	0.005022	0.127833	0.000642
泻褍褉懈薪芯泄	0.000837	2.120264	0.001775
泻褍褉懈薪褘械	0.002232	1.832581	0.004091
泻褍褉懈薪褘泄	0.001116	0.105361	0.000118
泻褍褉懈薪褘屑懈	0.000279	2.813411	0.000785
泻褍褉懈褑邪	0.005580	0.040822	0.000228
泻褍褉懈褑褍	0.000279	2.407946	0.000672
泻褍褉懈褑褘	0.006696	0.116534	0.000780
泻褍褉芯褔泻邪	0.000279	2.407946	0.000672
泻褍褉芯褔泻懈	0.000279	2.659260	0.000742
泻褍褉芯褔泻芯泄	0.000279	0.116534	0.000033
泻褍褋泻褍褋	0.000279	0.040822	0.000011
泻褍褏薪械	0.000279	1.237874	0.000345
泻褍褏薪械泄	0.000279	0.040822	0.000011
泻褍褏薪懈	0.000837	0.040822	0.000034
泻褍褏薪褟	0.000837	0.116534	0.000098
谢邪胁邪褕	0.000558	0.040822	0.000023
谢邪胁邪褕邪	0.001116	0.116534	0.000130
谢邪胁褉芯胁褘泄	0.001116	1.139434	0.001272
谢邪谐屑邪薪	0.000558	0.040822	0.000023
谢邪泻芯屑褋褌胁芯	0.000279	0.116534	0.000033
谢邪泻芯薪懈褔薪芯谐芯	0.000279	3.912023	0.001092
谢邪锌褕邪	0.000558	0.040822	0.000023
谢邪褌褘褕褋泻邪褟	0.000279	0.116534	0.000033
谢械谐泻邪褟	0.000279	0.116534	0.000033
谢械谐泻懈泄	0.000558	0.116534	0.000065
谢械谐泻芯	0.001674	0.116534	0.000195
谢械薪懈胁褘械	0.000279	2.995732	0.000836
谢械薪懈胁褘泄	0.000279	1.897120	0.000529
谢械锌械褕泻懈	0.000558	0.040822	0.000023
谢械褌邪	0.000279	0.116534	0.000033
谢械褌薪懈械	0.000279	0.040822	0.000011
谢械褌薪褟褟	0.000279	0.116534	0.000033
谢械褌芯	0.001395	0.116534	0.000163
谢械褔芯	0.000279	0.040822	0.000011
谢懈谐邪	0.000837	0.116534	0.000098
谢懈泻械褉	0.000279	0.040822	0.000011
谢懈屑芯薪	0.001116	1.203973	0.001344
谢懈屑芯薪邪写	0.000558	0.040822	0.000023
谢懈屑芯薪薪褘泄	0.000558	0.798508	0.000446
谢懈褋褌	0.001116	1.139434	0.001272
谢懈褌芯胁褋泻	0.000279	0.127833	0.000036
谢懈褌芯胁褋泻邪褟	0.000279	0.116534	0.000033
谢褍泻	0.001116	0.301105	0.000336
谢褍褔褕懈械	0.000279	0.116534	0.000033
谢褍褔褕懈泄	0.000837	0.040822	0.000034
谢褍褔褕懈褏	0.000279	0.116534	0.000033
谢褞斜胁懈	0.000279	0.105361	0.000029
谢褞斜懈屑芯谐芯	0.000279	0.127833	0.000036
谢褞斜懈屑芯屑褍	0.000279	0.116534	0.000033
谢褞斜懈屑褘褏	0.001674	0.116534	0.000195
谢褞斜芯胁褜	0.000279	0.116534	0.000033
谢褞斜芯械	0.000279	2.525729	0.000705
谢褞斜芯泄	0.000279	0.116534	0.000033
谢褢写	0.000279	0.127833	0.000036
屑邪谐褉懈斜邪	0.000279	0.116534	0.000033
屑邪泄	0.000279	0.116534	0.000033
屑邪泄芯薪械蟹	0.001395	0.116534	0.000163
屑邪泻邪褉芯薪薪褘械	0.000279	0.116534	0.000033
屑邪泻邪褉芯薪褘	0.000279	0.040822	0.000011
屑邪谢邪蟹懈泄褋泻邪褟	0.000279	0.116534	0.000033
屑邪谢芯	0.000279	1.609438	0.000449
屑邪薪懈锌褍谢褟褑懈泄	0.000279	3.912023	0.001092
屑邪薪薪懈泻	0.000279	0.040822	0.000011
屑邪薪褋邪褉写芯泄	0.000279	0.755023	0.000211
屑邪薪褌褘	0.000279	0.116534	0.000033
屑邪薪褢胁褉褘	0.000279	0.116534	0.000033
屑邪褉邪褎芯薪	0.000837	0.116534	0.000098
屑邪褉懈薪邪写	0.002790	0.040822	0.000114
屑邪褉懈薪邪写械	0.000558	2.302585	0.001285
屑邪褉懈薪邪写褘	0.000837	0.116534	0.000098
屑邪褉懈薪芯胁邪薪薪邪褟	0.000279	1.966113	0.000549
屑邪褉懈薪芯胁邪薪薪褘械	0.000279	0.116534	0.000033
屑邪褉懈薪芯胁邪褌褜	0.000279	2.995732	0.000836
屑邪褉屑械谢邪写	0.000279	0.040822	0.000011
屑邪褉芯泻泻邪薪褋泻邪褟	0.000279	0.116534	0.000033
屑邪褉褌邪	0.001674	0.105361	0.000176
屑邪褋泻邪褉锌芯薪械	0.000279	0.040822	0.000011
屑邪褋谢邪	0.000279	1.237874	0.000345
屑邪褋谢械	0.000279	2.659260	0.000742
屑邪褋谢械薪懈褑邪	0.000837	0.040822	0.000034
屑邪褋谢械薪懈褔薪芯械	0.000279	0.116534	0.000033
屑邪褋谢芯	0.006975	0.116534	0.000813
屑邪褋谢芯屑	0.000279	0.116534	0.000033
屑邪褋褌械褉	0.002511	0.116534	0.000293
屑邪褋褌懈泻邪	0.000279	0.040822	0.000011
屑邪褋褌懈泻懈	0.000279	0.116534	0.000033
屑邪褎褎懈薪褘	0.000279	0.116534	0.000033
屑邪褏械械胁褗	0.001116	0.116534	0.000130
屑邪褕懈薪褘	0.000279	2.407946	0.000672
屑邪褟	0.000558	0.634878	0.000354
屑械写	0.000558	1.832581	0.001023
屑械写懈邪褎芯褉褌	0.000837	0.000000	0.000000
屑械写芯胁褘泄	0.000279	0.116534	0.000033
屑械泻褋懈泻邪薪褋泻邪褟	0.000279	0.116534	0.000033
屑械谢芯褔械泄	0.000279	3.218876	0.000898
屑械薪褜褕械	0.000279	2.207275	0.000616
屑械薪褞	0.000279	0.116534	0.000033
屑械薪褟	0.001116	0.083382	0.000093
屑械薪褟械褌褋褟	0.000279	0.116534	0.000033
屑械褔褌邪	0.000279	0.116534	0.000033
屑械褔褌褘	0.000558	0.040822	0.000023
屑懈	0.000279	2.995732	0.000836
屑懈写懈懈	0.000279	0.040822	0.000011
屑懈泻褉芯胁芯谢薪芯胁泻械	0.000279	0.116534	0.000033
屑懈谢褜械	0.000279	0.116534	0.000033
屑懈薪褍褌褘	0.000279	1.171183	0.000327
屑懈芯	0.000279	0.116534	0.000033
屑懈褉	0.000279	0.116534	0.000033
屑懈褉邪	0.000279	0.116534	0.000033
屑懈褉芯胁邪褟	0.000279	0.116534	0.000033
屑懈褋芯	0.000279	0.040822	0.000011
屑懈褋褌械褉懈褟	0.000279	0.116534	0.000033
屑懈褋褌褉邪谢褜	0.001953	0.116534	0.000228
屑薪芯谐芯	0.000558	0.776529	0.000433
屑薪芯卸械褋褌胁芯屑	0.000279	0.040822	0.000011
屑芯谐褍	0.000279	0.798508	0.000223
屑芯械	0.000279	0.116534	0.000033
屑芯卸械褌械	0.000279	0.000000	0.000000
屑芯懈褏	0.000279	1.832581	0.000511
屑芯泄	0.000837	0.105361	0.000088
屑芯谢写邪胁褋泻邪褟	0.000279	0.116534	0.000033
屑芯谢芯泻械	0.000279	0.105361	0.000029
屑芯谢芯泻芯	0.001953	0.116534	0.000228
屑芯谢芯褔泻芯	0.000558	3.506558	0.001957
屑芯谢芯褔薪芯械	0.000279	3.506558	0.000978
屑芯谢芯褔薪褘泄	0.000558	0.040822	0.000023
屑芯谢芯褔薪褘褏	0.000279	0.116534	0.000033
屑芯屑械薪褌	0.001116	0.116534	0.000130
屑芯屑械薪褌邪谢褜薪芯	0.000279	2.813411	0.000785
屑芯薪谐芯谢褜褋泻邪褟	0.000279	0.116534	0.000033
屑芯褉械	0.000279	0.116534	0.000033
屑芯褉械锌褉芯写褍泻褌芯胁	0.003069	0.040822	0.000125
屑芯褉械锌褉芯写褍泻褌褘	0.000558	0.116534	0.000065
屑芯褉泻芯胁褜	0.000279	0.040822	0.000011
屑芯褉芯卸械薪芯械	0.000837	0.040822	0.000034
屑芯褉褋	0.000279	0.040822	0.000011
屑芯褉褋褘	0.000279	0.116534	0.000033
屑芯褌芯褉	0.000279	0.116534	0.000033
屑芯褏懈褌芯	0.000279	0.040822	0.000011
屑褍卸	0.000279	1.171183	0.000327
屑褍卸褋泻邪褟	0.000279	0.127833	0.000036
屑褍卸褔懈薪褘	0.000558	0.116534	0.000065
屑褍泻邪	0.001674	0.274437	0.000459
屑褍谢褜褌懈胁邪褉泻械	0.010603	0.116534	0.001236
屑褍谢褜褌懈锌械泻邪褉械泄	0.000837	0.116534	0.000098
屑褍褋褋	0.000279	0.040822	0.000011
屑褍褋褋褘	0.000558	0.116534	0.000065
屑褍褔薪褘械	0.000279	0.116534	0.000033
屑褞褋谢懈	0.000558	0.116534	0.000065
屑褟褋邪	0.002790	0.116534	0.000325
屑褟褋薪芯谐芯	0.000558	0.116534	0.000065
屑褟褋薪芯泄	0.000558	0.116534	0.000065
屑褟褋薪褘械	0.001395	0.040822	0.000057
屑褟褋薪褘褏	0.000837	0.116534	0.000098
屑褟褋芯	0.003906	0.040822	0.000159
屑褟褋芯屑	0.001395	0.040822	0.000057
屑褟褋褍	0.000558	0.116534	0.000065
屑褟褌邪	0.000558	2.659260	0.001484
薪邪胁邪谢芯屑	0.000279	2.995732	0.000836
薪邪胁械褋芯屑	0.000279	2.525729	0.000705
薪邪胁褋械谐写邪	0.000279	2.040221	0.000569
薪邪谐谐械褌褋褘	0.000837	3.218876	0.002694
薪邪写械褞褋褜	0.000279	1.609438	0.000449
薪邪写褞褕懈褖械	0.000279	3.218876	0.000898
薪邪蟹胁邪薪懈械	0.000837	0.941609	0.000788
薪邪蟹胁邪薪懈械屑	0.001116	1.203973	0.001344
薪邪蟹薪邪褔械薪懈褟	0.000279	0.116534	0.000033
薪邪泄写褍	0.000279	3.506558	0.000978
薪邪泄褌懈	0.000279	1.714798	0.000478
薪邪泻芯褉屑懈谢	0.000279	3.912023	0.001092
薪邪谢懈胁泻邪	0.000279	0.040822	0.000011
薪邪屑薪芯谐芯	0.000279	2.407946	0.000672
薪邪锌懈褌泻懈	0.001674	0.040822	0.000068
薪邪锌懈褌芯泻	0.000279	0.040822	0.000011
薪邪褉械蟹邪褞	0.000279	3.218876	0.000898
薪邪褋泻芯谢褜泻芯	0.000279	1.427116	0.000398
薪邪褋褌芯泄泻邪	0.000279	0.040822	0.000011
薪邪褋褌褉芯械薪懈械	0.000279	0.116534	0.000033
薪邪褌褍褉邪谢褜薪芯谐芯	0.000279	3.506558	0.000978
薪邪褌褍褉邪谢褜薪褘泄	0.000279	2.813411	0.000785
薪邪褑懈芯薪邪谢褜薪褘械	0.000279	0.116534	0.000033
薪邪褔懈薪泻邪	0.000558	0.040822	0.000023
薪邪褔懈薪泻芯泄	0.000279	0.116534	0.000033
薪邪褕械	0.000279	2.407946	0.000672
薪邪褕械谐芯	0.000279	2.120264	0.000592
薪邪褕械屑	0.000558	0.040822	0.000023
薪邪褕懈	0.000279	0.061875	0.000017
薪邪褕懈褏	0.000279	1.514128	0.000422
薪邪褕谢邪	0.000837	0.579818	0.000485
薪械写械谢褞	0.000279	1.897120	0.000529
薪械写械谢褟	0.002790	0.061875	0.000173
薪械卸薪邪褟	0.000837	1.966113	0.001646
薪械卸薪芯泄	0.000279	0.116534	0.000033
薪械卸薪褘泄	0.000279	0.891598	0.000249
薪械谢褜蟹褟	0.000279	2.302585	0.000642
薪械屑	0.000558	1.203973	0.000672
薪械屑邪谢芯胁邪卸薪芯	0.000279	2.207275	0.000616
薪械屑械褑泻邪褟	0.000279	0.116534	0.000033
薪械芯斜褘褔薪褘泄	0.000279	1.347074	0.000376
薪械芯卸懈写邪薪薪褘械	0.000279	0.116534	0.000033
薪械锌芯胁褌芯褉懈屑褘泄	0.000279	3.912023	0.001092
薪械褋泻芯谢褜泻懈屑懈	0.000279	2.525729	0.000705
薪械褋泻芯谢褜泻芯	0.000279	0.916291	0.000256
薪械褋谢邪写泻芯械	0.000279	0.116534	0.000033
薪械褋谢芯卸薪芯	0.000279	2.207275	0.000616
薪械褔械谐芯	0.000279	3.218876	0.000898
薪懈斜褍写褜	0.000279	1.832581	0.000511
薪懈泻邪泻懈褏	0.000558	2.525729	0.001409
薪懈屑	0.000279	1.897120	0.000529
薪懈褋泻芯谢褜泻芯	0.000279	3.912023	0.001092
薪懈褔械屑	0.000279	3.218876	0.000898
薪芯胁邪褟	0.000279	0.116534	0.000033
薪芯胁芯谐芯写薪械谐芯	0.001395	0.116534	0.000163
薪芯胁芯谐芯写薪械械	0.000837	0.116534	0.000098
薪芯胁芯谐芯写薪懈械	0.001674	0.040822	0.000068
薪芯胁芯谐芯写薪懈泄	0.001953	0.116534	0.000228
薪芯胁芯谐芯写薪褟褟	0.000279	0.105361	0.000029
薪芯胁芯褋褌褟褏	0.000279	0.061875	0.000017
薪芯胁褘械	0.000558	0.051293	0.000029
薪芯胁褘泄	0.002790	0.094311	0.000263
薪芯褉胁械卸褋泻邪褟	0.000279	0.116534	0.000033
薪芯褟斜褉褟	0.000558	0.527633	0.000294
薪褉邪胁褟褌褋褟	0.000279	1.771957	0.000494
薪褢屑	0.000279	2.525729	0.000705
芯斜械写	0.000837	0.105361	0.000088
芯斜械蟹褜褟薪褘	0.000279	0.116534	0.000033
芯斜褉邪褌懈褌褜褋褟	0.000279	3.218876	0.000898
芯斜褖邪褌褜褋褟	0.000279	0.040822	0.000011
芯斜褗械写械薪懈械	0.000279	2.407946	0.000672
芯胁芯褖邪屑懈	0.000279	0.116534	0.000033
芯胁芯褖械泄	0.003906	0.105361	0.000412
芯胁芯褖懈	0.002232	0.094311	0.000211
芯胁芯褖薪邪褟	0.000279	0.040822	0.000011
芯胁芯褖薪芯械	0.000279	0.116534	0.000033
芯胁芯褖薪芯泄	0.000558	0.105361	0.000059
芯胁芯褖薪褘械	0.001395	0.040822	0.000057
芯胁褋褟薪芯械	0.000279	0.116534	0.000033
芯谐薪械薪薪芯泄	0.000279	0.116534	0.000033
芯谐薪褟	0.000279	0.116534	0.000033
芯谐褍褉褑褘	0.000558	0.116534	0.000065
芯蟹邪谐谢邪胁懈褌褜	0.000279	3.218876	0.000898
芯泻邪蟹邪谢芯褋褜	0.000279	1.832581	0.000511
芯泻芯褉芯褔芯泻	0.000558	2.407946	0.001344
芯泻褉芯褕泻邪	0.000837	0.040822	0.000034
芯泻褌褟斜褉褟	0.000279	0.562119	0.000157
芯谢邪写褜懈	0.000837	0.040822	0.000034
芯谢械泄薪邪	0.000837	0.116534	0.000098
芯谢械泄薪芯泄	0.001116	0.116534	0.000130
芯谢械泄薪褘	0.000279	0.127833	0.000036
芯谢懈胁泻芯胁芯械	0.000558	0.544727	0.000304
芯屑谢械褌	0.000279	0.040822	0.000011
芯锌邪褉邪	0.000279	0.040822	0.000011
芯锌褉械写械谢懈褌褜	0.000279	2.813411	0.000785
芯锌褉芯褋	0.000279	0.061875	0.000017
芯锌褘褌薪褘褏	0.000279	3.912023	0.001092
芯褉懈谐懈薪邪谢械	0.000279	2.995732	0.000836
芯褉懈谐懈薪邪谢褜薪邪褟	0.000279	2.302585	0.000642
芯褋械薪薪械械	0.000279	0.116534	0.000033
芯褋械薪薪懈械	0.000279	0.051293	0.000014
芯褋械薪薪懈泄	0.000558	0.116534	0.000065
芯褋械薪褜	0.002790	0.105361	0.000294
芯褋薪芯胁薪芯械	0.000279	0.040822	0.000011
芯褋芯斜芯	0.000279	2.302585	0.000642
芯褋褌邪胁谢械薪芯	0.000279	3.506558	0.000978
芯褋褌邪胁谢褟褌褜	0.000558	1.897120	0.001059
芯褋褌邪械褌褋褟	0.000279	0.116534	0.000033
芯褌胁械褌懈褌褜	0.000279	0.051293	0.000014
芯褌胁械褌芯胁	0.000279	0.051293	0.000014
芯褌胁械褌褘	0.000279	0.000000	0.000000
芯褌泻褉褘谢邪	0.000279	3.218876	0.000898
芯褌泻褉褘褌褘泄	0.000558	0.116534	0.000065
芯褌谢懈褔邪褞褌褋褟	0.000279	2.813411	0.000785
芯褌谢懈褔薪芯	0.000279	1.514128	0.000422
芯褌谢懈褔薪芯械	0.000279	2.995732	0.000836
芯褌谢懈褔薪褘泄	0.000558	1.560648	0.000871
芯褌屑械薪懈褌褜	0.000279	0.040822	0.000011
芯褏谢邪写懈褌褜	0.000279	0.116534	0.000033
锌邪泻械褌懈泻邪褏	0.000279	0.105361	0.000029
锌邪谢芯褔泻懈	0.000279	0.040822	0.000011
锌邪薪懈褉芯胁泻邪	0.002232	0.116534	0.000260
锌邪褉邪	0.000279	0.116534	0.000033
锌邪褉邪写	0.001953	0.116534	0.000228
锌邪褉芯胁邪褉泻械	0.002511	0.116534	0.000293
锌邪褉芯谢褜	0.000279	0.020203	0.000006
锌邪褋褌邪	0.000837	0.040822	0.000034
锌邪褋褌褉芯屑邪	0.000279	0.040822	0.000011
锌邪褋褏邪	0.000558	0.040822	0.000023
锌邪褋褏邪谢褜薪邪褟	0.000558	0.116534	0.000065
锌邪褋褏邪谢褜薪褘泄	0.000279	0.127833	0.000036
锌邪褕褌械褌	0.000279	0.040822	0.000011
锌邪褕褌械褌褘	0.000558	0.116534	0.000065
锌械泻邪褉褟	0.000279	0.127833	0.000036
锌械谢褜屑械薪懈	0.000279	0.116534	0.000033
锌械褉胁芯械	0.000837	0.040822	0.000034
锌械褉胁芯屑	0.000279	3.218876	0.000898
锌械褉胁褘械	0.000558	0.127833	0.000071
锌械褉胁褘屑	0.000279	0.116534	0.000033
锌械褉械泄褌懈	0.000279	0.040822	0.000011
锌械褉械泻褍褋	0.000558	0.116534	0.000065
锌械褉械褑	0.005859	0.040822	0.000239
锌械褉褋芯薪褘	0.000279	0.116534	0.000033
锌械褉褍邪薪褋泻邪褟	0.000279	0.116534	0.000033
锌械褋芯褔薪芯械	0.000558	0.105361	0.000059
锌械褋芯褔薪褘泄	0.000279	0.116534	0.000033
锌械褌械谢懈薪泻懈	0.000279	0.127833	0.000036
锌械褌褉褍褕泻邪	0.000558	0.693147	0.000387
锌械褔械薪芯褔薪褘泄	0.000279	0.040822	0.000011
锌械褔械薪褜械	0.002511	0.040822	0.000103
锌械褔懈	0.000279	0.127833	0.000036
锌懈胁邪	0.000279	2.995732	0.000836
锌懈胁芯	0.000279	0.116534	0.000033
锌懈泻邪薪褌褘	0.000279	0.127833	0.000036
锌懈泻薪懈泻	0.000558	0.116534	0.000065
锌懈泻薪懈泻邪	0.000279	0.116534	0.000033
锌懈泻薪懈泻褍	0.000279	0.105361	0.000029
锌懈褉	0.000279	0.116534	0.000033
锌懈褉芯谐	0.000837	0.040822	0.000034
锌懈褉芯谐懈	0.000279	0.105361	0.000029
锌懈褉芯卸泻懈	0.000279	0.040822	0.000011
锌懈褉芯卸薪芯械	0.000279	0.040822	0.000011
锌懈褉芯卸薪褘械	0.000279	0.116534	0.000033
锌懈褌邪薪懈械	0.001395	0.105361	0.000147
锌懈褌邪薪懈褟	0.000558	2.302585	0.001285
锌懈褑褑邪	0.000558	0.040822	0.000023
锌谢邪胁谢械薪褘泄	0.000558	1.237874	0.000691
锌谢邪屑褟	0.000279	0.116534	0.000033
锌谢邪薪懈褉褍械褌械	0.000279	2.995732	0.000836
锌谢懈褌邪	0.001116	0.127833	0.000143
锌谢芯胁	0.000279	0.116534	0.000033
锌谢芯写褘	0.000279	0.116534	0.000033
锌芯胁邪褉邪	0.000558	1.514128	0.000845
锌芯胁邪褉械薪泻械	0.000279	0.040822	0.000011
锌芯胁邪褉械薪芯泻	0.000279	0.061875	0.000017
锌芯胁邪褉芯胁	0.000279	2.995732	0.000836
锌芯胁邪褉褟褌	0.000279	0.116534	0.000033
锌芯胁邪褉褟褌邪屑懈	0.000279	0.040822	0.000011
锌芯胁邪褉褢薪泻邪	0.000279	0.116534	0.000033
锌芯胁械褉懈褌械	0.000279	3.506558	0.000978
锌芯胁懈写谢芯	0.000279	0.040822	0.000011
锌芯胁芯写	0.000279	2.813411	0.000785
锌芯写邪胁邪褌褜	0.000279	2.120264	0.000592
锌芯写邪褉泻芯胁	0.000279	0.116534	0.000033
锌芯写斜芯褉	0.000279	1.514128	0.000422
锌芯写谐芯褌芯胁泻褍	0.000279	3.218876	0.000898
锌芯写械谢懈谢褋褟	0.000279	2.813411	0.000785
锌芯写械谢懈褌褜褋褟	0.000558	0.478036	0.000267
锌芯写卸邪褉懈褋褌芯泄	0.000279	3.506558	0.000978
锌芯写泻褍锌懈谢邪	0.000279	2.813411	0.000785
锌芯写谢懈胁邪	0.000279	0.116534	0.000033
锌芯写谢懈胁泻邪	0.000279	0.040822	0.000011
锌芯写芯斜薪褘泄	0.000279	2.813411	0.000785
锌芯写芯泄写褢褌	0.000279	3.506558	0.000978
锌芯写锌懈褋邪褌褜褋褟	0.000279	0.040822	0.000011
锌芯写锌懈褕懈褌械褋褜	0.000558	0.040822	0.000023
锌芯写褋泻邪卸械褌	0.000279	2.659260	0.000742
锌芯写褋芯谢薪械褔薪芯械	0.000558	1.347074	0.000752
锌芯写褔械褉泻懈胁邪褞褖懈屑	0.000279	3.912023	0.001092
锌芯械写懈薪泻懈	0.003906	0.116534	0.000455
锌芯卸邪谢械械褌械	0.000279	1.897120	0.000529
锌芯卸邪谢械谢	0.000279	3.218876	0.000898
锌芯卸邪褉懈谢邪	0.000279	3.506558	0.000978
锌芯蟹写褉邪胁褜	0.000279	0.116534	0.000033
锌芯懈褋泻	0.000279	0.051293	0.000014
锌芯泻邪蟹邪薪	0.000279	3.506558	0.000978
锌芯泻邪蟹褘胁邪褞	0.000279	2.995732	0.000836
锌芯谢写薪懈泻	0.000558	0.116534	0.000065
锌芯谢械蟹薪芯	0.000279	0.116534	0.000033
锌芯谢懈褌懈泻芯泄	0.000279	0.040822	0.000011
锌芯谢薪芯褋褌褜褞	0.000279	1.347074	0.000376
锌芯谢芯胁懈薪邪	0.002232	0.116534	0.000260
锌芯谢褍褔邪械褌褋褟	0.000837	0.400478	0.000335
锌芯谢褍褔邪泄褌械	0.000279	0.040822	0.000011
锌芯谢褍褔邪褌褜	0.000279	0.040822	0.000011
锌芯谢褍褔械薪薪芯屑褍	0.000279	2.995732	0.000836
锌芯谢褍褔懈谢芯褋褜	0.000279	0.994252	0.000277
锌芯谢褜蟹邪	0.000279	0.127833	0.000036
锌芯谢褜蟹芯胁邪褌械谢械屑	0.000279	2.040221	0.000569
锌芯谢褜蟹芯泄	0.001116	0.116534	0.000130
锌芯谢褜蟹褍褞褋褜	0.000279	2.407946	0.000672
锌芯谢褜褋泻邪褟	0.000279	0.116534	0.000033
锌芯屑邪写泻邪	0.000558	0.040822	0.000023
锌芯屑邪写泻懈	0.000279	0.116534	0.000033
锌芯屑懈写芯褉泻懈	0.000279	0.127833	0.000036
锌芯屑懈写芯褉褘	0.000558	0.116534	0.000065
锌芯屑薪褞	0.000279	1.966113	0.000549
锌芯屑芯褖懈	0.000279	3.218876	0.000898
锌芯薪褉邪胁懈胁褕懈械褋褟	0.000279	0.040822	0.000011
锌芯薪褉邪胁懈谢芯褋褜	0.000279	1.514128	0.000422
锌芯薪褉邪胁懈褌褋褟	0.000279	1.427116	0.000398
锌芯薪褔懈泻懈	0.000558	0.040822	0.000023
锌芯锌褉芯斜芯胁邪谢邪	0.000279	1.469676	0.000410
锌芯锌褉芯斜褍泄褌械	0.000558	0.562119	0.000314
锌芯褉邪	0.000279	0.116534	0.000033
锌芯褉芯谐械	0.000279	2.813411	0.000785
锌芯褉芯褕芯泻	0.000558	0.916291	0.000511
锌芯褉褌褍谐邪谢褜褋泻邪褟	0.000279	0.116534	0.000033
锌芯褋械褖邪械褌械	0.000279	0.061875	0.000017
锌芯褋泻芯谢褜泻褍	0.000279	2.040221	0.000569
锌芯褋谢械写薪懈泄	0.000279	1.560648	0.000435
锌芯褋谢械写薪懈屑懈	0.000279	3.912023	0.001092
锌芯褋褌	0.001395	0.105361	0.000147
锌芯褋褌薪芯械	0.000279	0.116534	0.000033
锌芯褋褌薪褘械	0.000279	0.040822	0.000011
锌芯褋褌薪褘泄	0.000279	0.116534	0.000033
锌芯褋褌芯褟薪薪芯	0.000279	0.040822	0.000011
锌芯褋褌褉芯懈屑	0.000279	0.116534	0.000033
锌芯褋褍写邪	0.000558	0.094311	0.000053
锌芯褌褉褟褋邪褞褖懈屑	0.000279	3.218876	0.000898
锌芯褔褌懈	0.000279	1.021651	0.000285
锌芯褔褌褍	0.000279	0.040822	0.000011
锌芯褕邪谐芯胁褘械	0.000279	0.301105	0.000084
锌芯褕邪谐芯胁褘屑懈	0.000279	0.040822	0.000011
锌芯褟胁懈谢褋褟	0.000279	2.995732	0.000836
锌褉邪胁写邪	0.000279	1.139434	0.000318
锌褉邪胁懈谢褜薪芯谐芯	0.000279	3.506558	0.000978
锌褉邪蟹写薪懈泻邪	0.000279	0.116534	0.000033
锌褉邪蟹写薪懈褔薪芯	0.000279	0.116534	0.000033
锌褉邪蟹写薪懈褔薪芯谐芯	0.000279	0.116534	0.000033
锌褉邪蟹写薪懈褔薪褘泄	0.000279	0.116534	0.000033
锌褉邪泻褌懈泻褍屑	0.000279	0.116534	0.000033
锌褉邪泻褌懈褔械褋泻懈	0.000279	1.386294	0.000387
锌褉械胁芯褋褏芯写薪褘械	0.000279	0.116534	0.000033
锌褉械胁芯褋褏芯写薪褘泄	0.000279	2.525729	0.000705
锌褉械胁褉邪褖械薪懈褟	0.000279	0.116534	0.000033
锌褉械写胁邪褉懈褌械谢褜薪芯	0.000279	2.813411	0.000785
锌褉械褋薪芯械	0.000279	0.116534	0.000033
锌褉懈胁械褌懈泻	0.000279	3.218876	0.000898
锌褉懈谐谢邪褕邪褞	0.000279	2.207275	0.000616
锌褉懈谐芯褌芯胁懈胁	0.000279	2.995732	0.000836
锌褉懈谐芯褌芯胁懈谢	0.000279	3.218876	0.000898
锌褉懈谐芯褌芯胁懈屑	0.000279	0.116534	0.000033
锌褉懈谐芯褌芯胁懈褌褜	0.000279	0.342490	0.000096
锌褉懈谐芯褌芯胁谢械薪懈械	0.000558	0.105361	0.000059
锌褉懈谐芯褌芯胁谢械薪懈褞	0.000279	0.040822	0.000011
锌褉懈谐芯褌芯胁谢械薪懈褟	0.001116	0.371064	0.000414
锌褉懈写械褉卸懈胁邪械褌褋褟	0.000279	3.912023	0.001092
锌褉懈蟹薪邪薪懈械	0.000279	0.116534	0.000033
锌褉懈蟹芯胁	0.000279	0.040822	0.000011
锌褉懈泻邪褉屑邪薪懈谢邪	0.000279	3.912023	0.001092
锌褉懈屑械褉械	0.000279	3.506558	0.000978
锌褉懈薪褑懈锌械	0.000279	2.659260	0.000742
锌褉懈芯斜褉械褌邪褞褌	0.000279	3.912023	0.001092
锌褉懈锌褉邪胁	0.000279	3.506558	0.000978
锌褉懈锌褉邪胁邪	0.000279	0.040822	0.000011
锌褉懈褉芯写褍	0.000558	0.116534	0.000065
锌褉懈褉芯写褘	0.000279	0.116534	0.000033
锌褉懈褋褌褍锌懈褌褜	0.000279	0.040822	0.000011
锌褉芯胁械写懈	0.001116	0.116534	0.000130
锌褉芯胁械褉械薪芯	0.001674	0.116534	0.000195
锌褉芯胁械褉懈褌褜	0.000279	1.832581	0.000511
锌褉芯胁芯写懈屑褘褏	0.000279	0.040822	0.000011
锌褉芯胁芯卸邪械屑	0.000279	0.116534	0.000033
锌褉芯写芯谢卸邪褞	0.000279	2.995732	0.000836
锌褉芯写褍泻褌芯胁	0.000837	0.094311	0.000079
锌褉芯械泻褌芯胁	0.000279	0.116534	0.000033
锌褉芯械泻褌褘	0.000279	0.061875	0.000017
锌褉芯锌芯褉褑懈褟褏	0.000279	3.506558	0.000978
锌褉芯褋屑芯褌褉邪屑	0.000279	0.274437	0.000077
锌褉芯褋屑芯褌褉械谢邪	0.000279	1.832581	0.000511
锌褉芯褋褌芯	0.001953	0.083382	0.000163
锌褉芯褋褌芯泻胁邪褕邪	0.000279	0.040822	0.000011
锌褉芯褋褌芯褉邪褏	0.000279	1.771957	0.000494
锌褉芯褋褌芯褌邪	0.000279	1.966113	0.000549
锌褉芯褎懈谢褜	0.000279	0.040822	0.000011
锌褉芯褕褍	0.000279	1.139434	0.000318
锌褉芯褖械	0.000279	1.660731	0.000463
锌褉褟屑芯	0.000279	0.040822	0.000011
锌褉褟薪懈泻	0.000279	0.040822	0.000011
锌褉褟薪懈泻懈	0.000279	0.116534	0.000033
锌褉褟薪懈褔薪芯械	0.000279	0.116534	0.000033
锌褌懈褑邪	0.001674	0.116534	0.000195
锌褌懈褑械	0.000558	0.116534	0.000065
锌褌懈褑械泄	0.000279	0.127833	0.000036
锌褌懈褑褘	0.007254	0.116534	0.000845
锌褌懈褔褜械	0.000837	1.832581	0.001534
锌褍写懈薪谐	0.000279	0.040822	0.000011
锌褍写懈薪谐懈	0.000558	0.116534	0.000065
锌褍薪褕	0.000279	0.040822	0.000011
锌褍褌械褕械褋褌胁懈械	0.000558	0.116534	0.000065
锌褍褌褜	0.000279	0.116534	0.000033
锌褕械薪懈褔薪邪褟	0.001674	0.287682	0.000482
锌褘褕泻懈	0.000279	0.040822	0.000011
锌褞褉械	0.001116	0.040822	0.000046
褉邪斜芯褌邪械褌	0.000279	3.218876	0.000898
褉邪斜芯褌邪谢邪	0.000279	2.302585	0.000642
褉邪谐褍	0.000279	0.116534	0.000033
褉邪蟹胁械褉薪褍褌褜	0.000279	0.116534	0.000033
褉邪蟹写械谢褜薪芯械	0.000279	0.116534	0.000033
褉邪蟹谢懈褔薪褘褏	0.000279	2.302585	0.000642
褉邪蟹薪褘械	0.000279	0.116534	0.000033
褉邪蟹褉褟写邪	0.000279	2.525729	0.000705
褉邪蟹褍	0.000279	2.525729	0.000705
褉邪蟹褍屑械械褌褋褟	0.000279	3.218876	0.000898
褉邪屑泻邪褏	0.000279	1.832581	0.000511
褉邪褋泻褉邪褋泻懈	0.000279	2.120264	0.000592
褉邪褋褋芯谢褜薪懈泻	0.000837	0.040822	0.000034
褉邪褋褋芯谢褜薪懈泻邪	0.000279	0.116534	0.000033
褉邪褋褋褘谢泻懈	0.000279	0.061875	0.000017
褉邪褋褌懈褌械谢褜薪芯械	0.003348	0.235722	0.000789
褉械谐懈褋褌褉邪褑懈懈	0.000558	0.010050	0.000006
褉械谐懈褋褌褉邪褑懈褟	0.000279	0.000000	0.000000
褉械卸褜	0.000279	3.218876	0.000898
褉械蟹褍谢褜褌邪褌	0.000279	0.967584	0.000270
褉械泄褌懈薪谐褍	0.000279	0.248461	0.000069
褉械锌褔邪褌褘泄	0.001116	0.430783	0.000481
褉械褋褌芯褉邪薪褔懈泻械	0.000279	2.995732	0.000836
褉械褑械锌褌	0.007254	0.040822	0.000296
褉械褑械锌褌邪	0.000558	0.462035	0.000258
褉械褑械锌褌邪褏	0.000279	0.061875	0.000017
褉械褑械锌褌芯胁	0.002232	0.040822	0.000091
褉械褑械锌褌芯屑	0.000558	0.693147	0.000387
褉械褑械锌褌褍褉邪	0.000279	3.506558	0.000978
褉械褑械锌褌褘	0.020368	0.040822	0.000831
褉懈褋	0.001674	0.040822	0.000068
褉懈褋邪	0.000279	0.116534	0.000033
褉懈褋械	0.000279	3.506558	0.000978
褉懈褌屑械	0.000279	0.116534	0.000033
褉懈褔屑芯薪写	0.000279	4.605170	0.001285
褉芯谐邪谢懈泻懈	0.000279	0.040822	0.000011
褉芯写薪芯械	0.000279	0.116534	0.000033
褉芯卸写械薪懈褟	0.000279	0.105361	0.000029
褉芯卸写械褋褌胁芯	0.000279	0.116534	0.000033
褉芯卸泻芯胁	0.000279	3.912023	0.001092
褉芯卸泻芯胁邪	0.000279	3.912023	0.001092
褉芯蟹屑邪褉懈薪	0.000558	1.609438	0.000898
褉芯谢谢褌芯薪	0.000279	0.116534	0.000033
褉芯谢谢褘	0.000558	0.040822	0.000023
褉芯屑	0.000279	0.040822	0.000011
褉褌褍	0.000279	1.469676	0.000410
褉褍斜褉懈泻邪褌芯褉	0.000279	0.051293	0.000014
褉褍谢械褌	0.000279	0.040822	0.000011
褉褍谢械褌褘	0.002790	0.116534	0.000325
褉褍屑褘薪褋泻邪褟	0.000279	0.116534	0.000033
褉褍屑褟薪褘械	0.000279	0.116534	0.000033
褉褍薪械褌械	0.000279	0.020203	0.000006
褉褍褋褋泻邪褟	0.000279	0.116534	0.000033
褉褘斜邪	0.002511	0.040822	0.000103
褉褘斜械	0.000558	0.116534	0.000065
褉褘斜薪邪褟	0.000279	0.116534	0.000033
褉褘斜薪芯谐芯	0.000558	0.116534	0.000065
褉褘斜薪褘械	0.001116	0.116534	0.000130
褉褘斜薪褘泄	0.000558	0.116534	0.000065
褉褘斜薪褘褏	0.000279	0.116534	0.000033
褉褘斜芯泄	0.000558	0.116534	0.000065
褉褘斜褘	0.003348	0.116534	0.000390
褉褟卸械薪泻邪	0.000279	0.116534	0.000033
褋邪泄褌	0.000837	0.000000	0.000000
褋邪泄褌械	0.000558	0.462035	0.000258
褋邪泄褌褍	0.000558	0.061875	0.000035
褋邪谢邪褌	0.000279	0.094311	0.000026
褋邪谢邪褌薪邪褟	0.000279	0.116534	0.000033
褋邪谢邪褌褘	0.008650	0.040822	0.000353
褋邪屑芯谐芯薪	0.000279	0.040822	0.000011
褋邪屑芯写芯褋褌邪褌芯褔薪邪褟	0.000279	3.912023	0.001092
褋邪屑芯械	0.000279	1.897120	0.000529
褋邪屑芯泄	0.000279	2.813411	0.000785
褋邪屑芯谢械褌邪	0.000279	2.525729	0.000705
褋邪屑芯褋褌芯褟褌械谢褜薪芯	0.000279	3.506558	0.000978
褋邪屑褘泄	0.000279	1.021651	0.000285
褋邪屑褘褏	0.000558	0.116534	0.000065
褋邪褎	0.000837	0.116534	0.000098
褋邪褎褋械屑	0.000279	0.116534	0.000033
褋邪褏邪褉	0.002232	0.116534	0.000260
褋斜懈褌械薪褜	0.000279	0.040822	0.000011
褋胁械卸械褋褌褜	0.000279	0.105361	0.000029
褋胁械泻谢邪	0.000279	0.040822	0.000011
褋胁械泻芯谢褜薪懈泻	0.000558	0.040822	0.000023
褋胁械褌邪	0.001116	0.116534	0.000130
褋胁械褌谢邪薪邪	0.000279	2.995732	0.000836
褋胁懈薪懈薪邪	0.000279	0.040822	0.000011
褋胁懈薪懈薪褍	0.000279	3.912023	0.001092
褋胁懈薪懈薪褘	0.001116	0.116534	0.000130
褋胁懈薪芯泄	0.000279	2.995732	0.000836
褋胁芯械	0.000279	0.116534	0.000033
褋胁芯械屑	0.000279	0.040822	0.000011
褋胁芯懈屑	0.000279	0.040822	0.000011
褋胁芯懈屑懈	0.000558	2.302585	0.001285
褋胁芯懈褏	0.000279	1.347074	0.000376
褋胁芯褞	0.000279	0.040822	0.000011
褋谐褍褖械薪泻邪	0.000279	0.040822	0.000011
褋写械谢邪薪邪	0.000279	3.218876	0.000898
褋写械谢邪褌褜	0.000279	1.021651	0.000285
褋械蟹芯薪	0.000279	0.116534	0.000033
褋械泄褔邪褋	0.000279	0.030459	0.000008
褋械泻褉械褌	0.000279	1.609438	0.000449
褋械泻褉械褌邪屑懈	0.000558	2.120264	0.001183
褋械泻褉械褌薪邪褟	0.000558	2.659260	0.001484
褋械泻褉械褌褘	0.000558	0.116534	0.000065
褋械谢械写泻邪	0.000279	0.040822	0.000011
褋械屑谐邪	0.000279	0.040822	0.000011
褋械屑械泄薪褘泄	0.000279	0.116534	0.000033
褋械屑褜懈	0.000279	0.116534	0.000033
褋械薪褌褟斜褉褟	0.000279	0.673345	0.000188
褋懈写褉	0.000279	0.040822	0.000011
褋懈褉懈泄褋泻邪褟	0.000279	0.116534	0.000033
褋懈褉芯锌	0.000279	0.040822	0.000011
褋懈褉芯锌褘	0.000279	0.116534	0.000033
褋懈褋褌械屑褘	0.000279	0.040822	0.000011
褋懈褌懈	0.000279	0.127833	0.000036
褋泻邪蟹邪谢	0.000279	1.771957	0.000494
褋泻邪蟹邪褌褜	0.000279	0.653926	0.000182
褋泻邪蟹芯泻	0.000279	0.116534	0.000033
褋谢邪写泻邪褟	0.000558	0.116534	0.000065
褋谢邪写泻懈械	0.001674	0.040822	0.000068
褋谢邪写泻懈泄	0.002511	0.105361	0.000265
褋谢邪写泻懈褏	0.000558	0.116534	0.000065
褋谢邪写泻芯	0.000279	0.116534	0.000033
褋谢邪写泻芯械	0.000279	2.407946	0.000672
褋谢懈胁芯褔薪芯谐芯	0.000279	1.771957	0.000494
褋谢懈胁芯褔薪芯械	0.002790	0.116534	0.000325
褋谢懈胁芯褔薪褘屑	0.000279	1.966113	0.000549
褋谢芯胁邪屑懈	0.000279	2.407946	0.000672
褋谢芯械薪芯谐芯	0.000279	0.127833	0.000036
褋谢芯械薪芯械	0.000279	0.116534	0.000033
褋谢芯械薪褘泄	0.000279	0.116534	0.000033
褋谢芯卸薪芯械	0.000279	3.912023	0.001092
褋谢芯泄泻邪	0.000279	0.040822	0.000011
褋谢芯泄泻懈	0.000279	0.116534	0.000033
褋屑械谢芯	0.000279	2.120264	0.000592
褋屑械褌邪薪邪	0.001395	0.105361	0.000147
褋屑械褕邪谢邪	0.000279	3.506558	0.000978
褋屑械褕邪薪薪芯谐芯	0.000279	0.116534	0.000033
褋屑芯卸械褌械	0.000279	0.040822	0.000011
褋屑褍蟹懈	0.000837	0.040822	0.000034
褋薪褝泻	0.000279	0.116534	0.000033
褋芯斜懈褉邪械褌械褋褜	0.000279	0.040822	0.000011
褋芯胁械褉褕械薪薪芯	0.000558	1.171183	0.000654
褋芯胁械褉褕械薪褋褌胁芯	0.001395	0.116534	0.000163
褋芯胁械褌邪屑懈	0.000279	0.040822	0.000011
褋芯胁褉械屑械薪薪褘褏	0.000279	3.506558	0.000978
褋芯胁褋械屑	0.000279	1.139434	0.000318
褋芯谐谢邪褋懈褌械褋褜	0.000279	3.218876	0.000898
褋芯谐谢邪褋懈褌褜褋褟	0.000279	3.912023	0.001092
褋芯谐谢邪褕邪械褌械褋褜	0.000279	0.040822	0.000011
褋芯写邪	0.000558	0.967584	0.000540
褋芯械胁褘泄	0.001674	0.798508	0.001337
褋芯卸邪谢械薪懈褞	0.000279	2.525729	0.000705
褋芯蟹写邪械褌	0.000279	0.116534	0.000033
褋芯蟹写邪薪懈褟	0.000558	0.261365	0.000146
褋芯泻	0.000837	0.116534	0.000098
褋芯泻邪	0.000279	0.105361	0.000029
褋芯泻懈	0.000279	0.040822	0.000011
褋芯谢械薪褘械	0.000837	0.116534	0.000098
褋芯谢械薪褜褟	0.000558	0.116534	0.000065
褋芯谢薪械褔薪芯泄	0.000279	0.127833	0.000036
褋芯谢芯	0.000279	3.912023	0.001092
褋芯谢褜	0.006138	0.150823	0.000926
褋芯谢褟薪泻邪	0.000558	0.040822	0.000023
褋芯芯褌胁械褌褋褌胁褍械褌	0.000279	2.302585	0.000642
褋芯褉褌懈褉芯胁邪褌褜	0.000279	0.248461	0.000069
褋芯褋褌邪胁械	0.000279	2.407946	0.000672
褋芯褋褌邪胁褜	0.000279	0.116534	0.000033
褋芯褋褌芯懈褌	0.000279	2.525729	0.000705
褋芯褍褋	0.003906	0.040822	0.000159
褋芯褍褋械	0.000558	1.897120	0.001059
褋芯褍褋芯屑	0.001674	0.116534	0.000195
褋芯褍褋褘	0.001116	0.116534	0.000130
褋芯褏褉邪薪褟褌褜	0.000279	0.040822	0.000011
褋芯褑褋械褌懈	0.000279	0.040822	0.000011
褋芯褔械褌邪薪懈械	0.000279	0.116534	0.000033
褋芯褔薪邪褟	0.000837	2.302585	0.001927
褋芯褔薪械械	0.000279	3.506558	0.000978
褋芯褔薪芯械	0.000279	0.116534	0.000033
褋锌邪谢褜薪褟屑懈	0.000279	0.446287	0.000125
褋锌邪褋懈斜芯	0.000279	0.673345	0.000188
褋锌械褑懈邪谢褜薪芯械	0.000279	0.116534	0.000033
褋锌械褑懈懈	0.001395	0.105361	0.000147
褋锌械褑懈泄	0.000279	1.966113	0.000549
褋锌械褑锌褉芯械泻褌	0.009208	0.116534	0.001073
褋锌懈褋芯泻	0.000279	0.116534	0.000033
褋锌芯褞	0.000279	0.116534	0.000033
褋褉邪蟹褍	0.000558	0.733969	0.000410
褋褉械写懈蟹械屑薪芯屑芯褉褋泻邪褟	0.000279	0.127833	0.000036
褋褋褋褉	0.000279	3.218876	0.000898
褋褌邪薪芯胁褟褋褜	0.000279	3.506558	0.000978
褋褌邪褉褘械	0.000558	0.261365	0.000146
褋褌邪褉褘泄	0.000279	2.040221	0.000569
褋褌邪褌褜褟褏	0.000279	0.061875	0.000017
褋褌懈谢械	0.000279	0.116534	0.000033
褋褌懈谢褟	0.000279	0.116534	0.000033
褋褌芯谢	0.000558	0.105361	0.000059
褋褌芯谢邪	0.001674	0.116534	0.000195
褋褌芯谢褍	0.000279	2.302585	0.000642
褋褌芯谢褜泻芯	0.000279	2.040221	0.000569
褋褌褉芯懈褌械谢褜褋褌胁械	0.000279	0.040822	0.000011
褋褌褉芯懈褌械谢褜褋褌胁褍	0.000279	0.040822	0.000011
褋褌褉芯懈褌褜	0.000279	0.040822	0.000011
褋褌褉芯泄薪芯泄	0.000279	0.116534	0.000033
褋褍斜锌褉芯写褍泻褌芯胁	0.001953	0.116534	0.000228
褋褍斜锌褉芯写褍泻褌褘	0.000837	0.116534	0.000098
褋褍薪械谢懈	0.000558	2.207275	0.001232
褋褍锌	0.003069	0.040822	0.000125
褋褍锌邪	0.000279	0.040822	0.000011
褋褍锌褘	0.002511	0.040822	0.000103
褋褍褌泻懈	0.000279	2.120264	0.000592
褋褍褎谢械	0.000837	0.040822	0.000034
褋褍褏邪褉懈	0.000279	0.040822	0.000011
褋褍褕懈	0.000558	0.040822	0.000023
褋褔懈褌邪薪薪褘械	0.000279	1.966113	0.000549
褋褗械屑	0.000279	3.218876	0.000898
褋褘褉	0.001953	0.040822	0.000080
褋褘褉邪	0.001395	0.116534	0.000163
褋褘褉邪屑懈	0.000279	0.127833	0.000036
褋褘褉薪懈泻	0.000279	0.040822	0.000011
褋褘褉薪懈泻懈	0.000558	0.116534	0.000065
褋褘褉薪芯屑	0.000558	3.506558	0.001957
褋褘褉薪褘械	0.001116	0.040822	0.000046
褋褘褌薪芯	0.000279	1.771957	0.000494
褋褘褌薪褘泄	0.000558	0.105361	0.000059
褋褘褔褍卸薪褘屑懈	0.000279	0.127833	0.000036
褋褝薪写胁懈褔懈	0.000279	0.127833	0.000036
褋褞褉锌褉懈蟹	0.000279	0.116534	0.000033
褌邪写卸懈泻褋泻邪褟	0.000279	0.116534	0.000033
褌邪械褌	0.000279	2.120264	0.000592
褌邪泄褋泻邪褟	0.000279	0.116534	0.000033
褌邪泻懈屑	0.000558	1.021651	0.000570
褌邪泻懈褏	0.000558	1.660731	0.000927
褌邪泻芯谐芯	0.000279	1.078810	0.000301
褌邪泻褍褞	0.000558	1.427116	0.000796
褌邪褉褌	0.000279	0.116534	0.000033
褌邪褉褌邪谢械褌泻懈	0.000558	0.040822	0.000023
褌邪褌邪褉褋泻邪褟	0.000279	0.116534	0.000033
褌胁械褉写褘泄	0.000558	0.562119	0.000314
褌胁芯懈	0.000558	0.116534	0.000065
褌胁芯褉懈	0.000279	0.116534	0.000033
褌胁芯褉芯谐	0.000558	0.040822	0.000023
褌胁芯褉芯谐芯屑	0.000279	0.105361	0.000029
褌胁芯褉芯卸薪芯械	0.000279	0.116534	0.000033
褌胁芯褉芯卸薪褘械	0.000558	0.116534	0.000065
褌胁芯褉芯卸薪褘泄	0.000279	0.116534	0.000033
褌械谢械谐褉邪屑	0.000279	0.040822	0.000011
褌械谢褟褌懈薪褘	0.001116	0.116534	0.000130
褌械屑	0.000558	0.967584	0.000540
褌械锌械褉褜	0.000558	0.916291	0.000511
褌械锌谢芯屑	0.000279	0.116534	0.000033
褌械褉褉懈薪	0.000279	0.040822	0.000011
褌械褋褌	0.001395	0.127833	0.000178
褌械褋褌邪	0.001395	0.105361	0.000147
褌械褋褌芯	0.002511	0.040822	0.000103
褌械褏	0.000279	0.634878	0.000177
褌械褏薪懈泻邪	0.001395	0.105361	0.000147
褌械褖懈薪	0.000279	0.040822	0.000011
褌屑	0.001116	0.127833	0.000143
褌芯屑谢械薪薪邪褟	0.000279	3.912023	0.001092
褌芯薪泻芯	0.000279	2.407946	0.000672
褌芯锌谢械薪芯械	0.000279	0.116534	0.000033
褌芯褉褌	0.003069	0.040822	0.000125
褌芯褉褌褘	0.002511	0.116534	0.000293
褌褉邪胁褘	0.000279	0.105361	0.000029
褌褉邪写懈褑懈懈	0.000279	0.116534	0.000033
褌褉邪写懈褑懈泄	0.001116	0.116534	0.000130
褌褉邪写懈褑懈褟褏	0.000279	0.116534	0.000033
褌褉邪褌懈褌褜	0.000279	3.506558	0.000978
褌褉械褏谢械褌懈械屑	0.000279	0.116534	0.000033
褌褉褍斜芯褔泻懈	0.000279	0.040822	0.000011
褌褍薪懈褋褋泻邪褟	0.000279	0.116534	0.000033
褌褍薪褑芯屑	0.000279	0.116534	0.000033
褌褍褉械褑泻邪褟	0.000279	0.116534	0.000033
褌褘泻胁邪	0.000279	0.040822	0.000011
褍斜械写懈褌械褋褜	0.000279	2.120264	0.000592
褍胁械写芯屑谢械薪懈褟	0.000279	0.040822	0.000011
褍胁懈写械谢	0.000279	2.995732	0.000836
褍谐芯褖邪泄褌械褋褜	0.000279	1.021651	0.000285
褍写邪褔薪邪褟	0.000279	0.116534	0.000033
褍写懈胁懈	0.000279	0.116534	0.000033
褍写懈胁懈褌械	0.000279	3.218876	0.000898
褍写懈胁懈褕褜	0.000279	2.813411	0.000785
褍写懈胁谢褟泄褌械	0.001116	0.116534	0.000130
褍写芯胁谢械褌胁芯褉械薪邪	0.000279	3.506558	0.000978
褍写芯胁芯谢褜褋褌胁懈械屑	0.000279	0.116534	0.000033
褍卸	0.000558	0.693147	0.000387
褍卸懈薪	0.001674	0.094311	0.000158
褍蟹斜械泻褋泻邪褟	0.000279	0.116534	0.000033
褍蟹薪邪谢邪	0.000279	2.302585	0.000642
褍懈褔懈褌芯	0.000279	3.912023	0.001092
褍泻褉邪懈薪褋泻邪褟	0.000279	0.116534	0.000033
褍泻褉邪褕械薪懈褟	0.002232	0.116534	0.000260
褍泻褉芯锌	0.000558	0.562119	0.000314
褍泻褋褍褋	0.000558	0.634878	0.000354
褍锌芯褌褉械斜谢械薪懈械屑	0.000279	0.116534	0.000033
褍褉邪谢褜褋泻邪褟	0.000279	0.116534	0.000033
褍褉芯卸邪泄	0.000279	0.105361	0.000029
褍褌泻懈	0.000837	0.116534	0.000098
褍褏邪	0.000279	0.040822	0.000011
褍褏芯写懈褌	0.000279	2.525729	0.000705
褍褔邪褋褌胁芯胁邪褌褜	0.000279	0.040822	0.000011
褎邪蟹械薪写褘	0.000279	0.127833	0.000036
褎邪薪褌邪蟹懈懈	0.001674	0.116534	0.000195
褎邪薪褌邪蟹懈泄	0.000279	0.116534	0.000033
褎邪薪褌邪蟹懈褟	0.000279	0.116534	0.000033
褎邪褉褕	0.000279	1.021651	0.000285
褎邪褉褕邪	0.003906	0.040822	0.000159
褎邪褉褕懈褉芯胁邪薪薪邪褟	0.000558	0.116534	0.000065
褎邪褉褕懈褉芯胁邪薪薪芯械	0.000279	0.116534	0.000033
褎邪褉褕懈褉芯胁邪薪薪褘械	0.000558	0.040822	0.000023
褎邪褉褕懈褉芯胁邪薪薪褘泄	0.000279	0.040822	0.000011
褎邪褋芯谢褜	0.000279	0.040822	0.000011
褎械胁褉邪谢褟	0.000837	0.105361	0.000088
褎械泄械褉胁械褉泻	0.000558	0.116534	0.000065
褎懈谐褍褉械	0.000279	0.116534	0.000033
褎懈谢械	0.003069	0.916291	0.002812
褎懈薪褋泻邪褟	0.000279	0.116534	0.000033
褎懈褉屑械薪薪芯械	0.000279	0.116534	0.000033
褎芯薪写褞	0.000279	0.040822	0.000011
褎芯褉屑褘	0.000279	0.116534	0.000033
褎芯褉褍屑械	0.000558	0.040822	0.000023
褎芯褉褕屑邪泻	0.000279	0.040822	0.000011
褎褉邪薪褑懈懈	0.000279	0.116534	0.000033
褎褉邪薪褑褍蟹褋泻邪褟	0.000279	0.116534	0.000033
褎褉邪褍	0.001116	0.116534	0.000130
褎褉褍泻褌芯胁	0.001116	0.116534	0.000130
褎褉褍泻褌芯胁芯	0.000279	0.116534	0.000033
褎褉褍泻褌芯胁褘械	0.001953	0.040822	0.000080
褎褍写	0.000279	0.116534	0.000033
褎褍褉褕械褌	0.000279	0.116534	0.000033
褏邪谢胁邪	0.000279	0.040822	0.000011
褏邪褉胁械褋褌褎械褋褌	0.000558	0.116534	0.000065
褏邪褉褔芯	0.000558	0.040822	0.000023
褏邪褕	0.000279	0.040822	0.000011
褏胁芯褉芯褋褌	0.000279	0.040822	0.000011
褏懈薪泻邪谢懈	0.000279	0.116534	0.000033
褏懈褌	0.001953	0.116534	0.000228
褏懈褌褉褘褏	0.000279	3.912023	0.001092
褏谢械斜	0.002232	0.040822	0.000091
褏谢械斜芯锌械褔泻懈	0.000279	0.116534	0.000033
褏谢芯锌芯褌薪芯	0.000279	3.506558	0.000978
褏谢芯锌褜褟	0.000558	0.105361	0.000059
褏屑械谢懈	0.000558	2.207275	0.001232
褏芯蟹褟泄泻懈	0.000279	0.127833	0.000036
褏芯谢芯写械褑	0.000279	0.040822	0.000011
褏芯谢芯写薪褘械	0.000558	0.116534	0.000065
褏芯谢芯写薪褘泄	0.000558	0.116534	0.000065
褏芯褉胁邪褌褋泻邪褟	0.000279	0.116534	0.000033
褏芯褉芯褕芯	0.001395	0.105361	0.000147
褏芯褉褋	0.000279	0.116534	0.000033
褏芯褌懈褌械	0.000279	0.040822	0.000011
褏芯褌褜	0.000279	1.897120	0.000529
褏芯褔械褌	0.000279	2.040221	0.000569
褏芯褔褍	0.000558	0.562119	0.000314
褏褉邪薪懈褌褋褟	0.000279	2.525729	0.000705
褏褍屑褍褋	0.000279	0.040822	0.000011
褑邪褉褋褌胁芯	0.000279	0.127833	0.000036
褑邪褉褜	0.000279	0.116534	0.000033
褑胁械褌薪邪褟	0.000279	0.040822	0.000011
褑械薪薪褘褏	0.000279	0.040822	0.000011
褑械薪褌褉	0.000279	0.116534	0.000033
褑械褏械	0.000279	2.525729	0.000705
褔邪械屑	0.000279	0.116534	0.000033
褔邪泄	0.000837	0.040822	0.000034
褔邪褖械	0.000279	2.995732	0.000836
褔械斜褍褉械泻懈	0.000558	0.040822	0.000023
褔械谐芯	0.000279	1.203973	0.000336
褔械谢芯胁械泻	0.000279	1.966113	0.000549
褔械屑	0.000279	0.994252	0.000277
褔械褉泻懈蟹芯胁芯	0.000558	0.116534	0.000065
褔械褉薪褘泄	0.003906	0.371064	0.001449
褔械褋薪芯泻	0.005022	0.314711	0.001581
褔械褋薪芯泻芯屑	0.000279	1.660731	0.000463
褔械褋薪芯褔泻邪	0.000279	3.506558	0.000978
褔械褋薪芯褔薪褘泄	0.000558	1.660731	0.000927
褔械褋薪芯褔薪褘屑	0.000279	3.218876	0.000898
褔械褋褌械褉	0.000279	4.605170	0.001285
褔械褋褌薪褘屑懈	0.000279	0.040822	0.000011
褔械褔械胁懈褑邪	0.000279	0.040822	0.000011
褔械褕褋泻邪褟	0.000279	0.116534	0.000033
褔懈蟹泻械泄泻	0.001116	0.040822	0.000046
褔懈谢懈	0.000558	1.237874	0.000691
褔懈谢懈泄褋泻邪褟	0.000279	0.116534	0.000033
褔懈锌褋褘	0.000279	0.040822	0.000011
褔懈褋谢褍	0.000279	0.261365	0.000073
褔褍写械褋	0.000279	0.116534	0.000033
褕邪褉懈泻懈	0.000279	0.040822	0.000011
褕邪褉谢芯褌泻邪	0.000279	0.040822	0.000011
褕邪褉谢芯褌泻懈	0.000279	0.127833	0.000036
褕邪褉屑	0.000279	0.116534	0.000033
褕邪褕谢褘泻	0.003348	0.040822	0.000137
褕邪褕谢褘泻懈	0.000279	0.040822	0.000011
褕胁械写褋泻邪褟	0.000279	0.116534	0.000033
褕胁械泄褑邪褉褋泻邪褟	0.000279	0.116534	0.000033
褕械写械胁褉褘	0.000279	0.116534	0.000033
褕械褎	0.000558	0.127833	0.000071
褕懈锌褍褔泻邪	0.000279	0.040822	0.000011
褕懈褉芯泻邪褟	0.000279	0.127833	0.000036
褕泻芯谢褍	0.000279	0.116534	0.000033
褕芯泻芯谢邪写	0.000279	0.040822	0.000011
褕芯褌谢邪薪写褋泻邪褟	0.000279	0.116534	0.000033
褕褌褉褍写械谢褜	0.000279	0.040822	0.000011
褕褍褉锌邪	0.000558	0.040822	0.000023
褖邪褋	0.000279	0.116534	0.000033
褖械写褉邪褟	0.000279	0.116534	0.000033
褖懈	0.000558	0.040822	0.000023
褝泻芯屑懈谢泻	0.000279	0.127833	0.000036
褝褋褌芯薪褋泻邪褟	0.000279	0.116534	0.000033
褝褌懈屑	0.000279	1.108663	0.000309
褝褌懈褏	0.000279	1.714798	0.000478
褝褌芯谐芯	0.000837	0.415515	0.000348
褞谐芯褋谢邪胁褋泻邪褟	0.000279	0.116534	0.000033
褞褉懈泄	0.000558	3.912023	0.002183
褞褉懈褟	0.000279	3.912023	0.001092
褟谐芯写薪褘械	0.000558	0.116534	0.000065
褟谐芯写薪褘泄	0.000558	0.116534	0.000065
褟蟹褘泻	0.000279	0.040822	0.000011
褟懈褑	0.001116	0.116534	0.000130
褟泄褑邪	0.000279	0.040822	0.000011
褟泄褑芯	0.001674	0.261365	0.000438
褟薪胁邪褉褟	0.000558	0.733969	0.000410
褟薪写械泻褋	0.000279	0.072571	0.000020
褟锌芯薪褋泻邪褟	0.000279	0.116534	0.000033
褟锌芯薪褋泻芯泄	0.000279	0.061875	0.000017
褟褉泻懈械	0.000279	0.116534	0.000033
褟褉泻懈屑懈	0.000279	3.506558	0.000978
褟褉泻芯	0.000279	0.105361	0.000029
