褌芯泻械薪	TF	IDF	TF-IDF
邪斜褏邪蟹褋泻邪褟	0.000263	0.116534	0.000031
邪胁褋褌褉邪谢懈泄褋泻邪褟	0.000263	0.116534	0.000031
邪胁褋褌褉懈泄褋泻邪褟	0.000263	0.116534	0.000031
邪胁褌芯泻谢邪胁邪	0.000263	0.116534	0.000031
邪胁褌芯褉邪屑	0.000263	0.040822	0.000011
邪谐褉芯	0.000263	0.116534	0.000031
邪写卸懈泻邪	0.000263	0.040822	0.000011
邪蟹械褉斜邪泄写卸邪薪褋泻邪褟	0.000263	0.116534	0.000031
邪蟹懈邪褌褋泻邪褟	0.000263	0.127833	0.000034
邪蟹褘	0.000263	0.127833	0.000034
邪泄褉邪薪	0.000263	0.040822	0.000011
邪泻胁邪褌懈泻邪	0.000788	0.127833	0.000101
邪泻褑懈懈	0.000263	2.120264	0.000557
邪谢械泻褋械褟	0.000263	0.127833	0.000034
邪谢泻芯谐芯谢褜	0.000525	0.116534	0.000061
邪谢泻芯谐芯谢褜薪褘械	0.000263	0.116534	0.000031
邪谢泻芯谐芯谢褟	0.000263	0.116534	0.000031
邪谢褜褌械褉薪邪褌懈胁褍	0.000263	3.912023	0.001028
邪谢褜褟薪褋	0.000263	0.116534	0.000031
邪屑邪褉邪薪褌	0.000263	4.605170	0.001210
邪屑械褉懈泻邪薪褋泻邪褟	0.000263	0.116534	0.000031
邪薪谐谢懈泄褋泻邪褟	0.000263	0.116534	0.000031
邪薪写褉械褟	0.000263	0.127833	0.000034
邪薪泻邪褉褌邪褕	0.000263	4.605170	0.001210
邪锌锌械褌懈褌	0.000263	3.506558	0.000921
邪锌锌械褌懈褌薪械泄褕械屑	0.000263	3.506558	0.000921
邪锌锌械褌懈褌薪芯泄	0.000263	3.912023	0.001028
邪褉邪斜褋泻邪褟	0.000263	0.116534	0.000031
邪褉谐械薪褌懈薪褋泻邪褟	0.000263	0.116534	0.000031
邪褉屑褟薪褋泻邪褟	0.000263	0.116534	0.000031
邪褉芯屑邪褌薪邪褟	0.000263	1.832581	0.000481
邪褉芯屑邪褌芯屑	0.000263	1.514128	0.000398
邪褉芯屑邪褌褘	0.000263	2.659260	0.000699
邪褋褋芯褉褌懈	0.000525	0.116534	0.000061
邪褌谢邪薪褌	0.000263	0.127833	0.000034
邪褍褉懈褔泻邪	0.000263	3.506558	0.000921
邪褎谐邪薪褋泻邪褟	0.000263	0.116534	0.000031
邪褎褉懈泻邪薪褋泻邪褟	0.000263	0.116534	0.000031
邪褎褉懈泻邪薪褋泻芯泄	0.000263	4.605170	0.001210
邪褝褉芯谐褉懈谢械	0.002627	0.116534	0.000306
斜邪泻谢邪卸邪薪褘	0.000263	0.040822	0.000011
斜邪谢褌泻芯屑	0.000263	0.127833	0.000034
斜邪褉邪薪懈薪褘	0.001051	0.116534	0.000122
斜邪褉褜械褉薪褘泄	0.000525	4.605170	0.002420
斜邪褋屑邪褌懈	0.000525	0.127833	0.000067
斜邪褋褌褍褉屑邪	0.000263	0.040822	0.000011
斜邪褌芯薪褔懈泻懈	0.000263	0.127833	0.000034
斜邪褕泻懈褉褋泻邪褟	0.000263	0.116534	0.000031
斜械写褉芯	0.008671	2.302585	0.019965
斜械写褉褘褕泻懈	0.000263	3.506558	0.000921
斜械蟹邪谢泻芯谐芯谢褜薪褘械	0.000263	0.116534	0.000031
斜械蟹谐谢褞褌械薪芯胁褘械	0.000263	0.116534	0.000031
斜械蟹械	0.001051	0.040822	0.000043
斜械蟹芯褌胁械褌薪芯	0.000263	4.605170	0.001210
斜械泻芯薪	0.000525	1.966113	0.001033
斜械谢械斜械械胁褋泻懈泄	0.000525	0.116534	0.000061
斜械谢芯泻	0.000525	2.120264	0.001114
斜械谢芯褉褍褋褋泻邪褟	0.000263	0.116534	0.000031
斜械谢褘泄	0.001051	1.609438	0.001691
斜械谢褜谐懈泄褋泻邪褟	0.000263	0.116534	0.000031
斜械褉械屑械薪薪褘褏	0.000263	0.116534	0.000031
斜械褉泻谢懈	0.000263	4.605170	0.001210
斜械褋械写懈薪邪	0.000263	0.127833	0.000034
斜械褋锌芯写芯斜薪芯	0.000263	1.966113	0.000517
斜懈褋泻胁懈褌	0.000263	0.040822	0.000011
斜懈褋泻胁懈褌薪芯械	0.000525	0.116534	0.000061
斜懈褋泻胁懈褌薪褘泄	0.000263	0.105361	0.000028
斜懈褋泻胁懈褌褘	0.000263	0.127833	0.000034
斜谢邪谐芯锌芯谢褍褔薪芯	0.000263	3.506558	0.000921
斜谢懈卸械	0.000263	0.116534	0.000031
斜谢懈蟹泻懈褏	0.000263	0.116534	0.000031
斜谢懈薪芯胁	0.000525	0.116534	0.000061
斜谢懈薪褔懈泻邪屑懈	0.000263	3.506558	0.000921
斜谢懈薪褘	0.001051	0.040822	0.000043
斜谢褞写	0.000525	0.094311	0.000050
斜谢褞写邪	0.032843	0.040822	0.001341
斜谢褞写械	0.000525	2.302585	0.001210
斜谢褞写芯	0.003416	0.040822	0.000139
斜谢褞写芯屑	0.000263	0.994252	0.000261
斜谢褞写褍	0.000263	0.116534	0.000031
斜芯斜芯胁褘械	0.000525	0.127833	0.000067
斜芯斜芯胁褘褏	0.001576	0.116534	0.000184
斜芯谐褍	0.000263	4.605170	0.001210
斜芯谢谐邪褉褋泻邪褟	0.000263	0.116534	0.000031
斜芯谢谐邪褉褋泻懈泄	0.000525	0.843970	0.000443
斜芯谢械蟹薪芯谐芯	0.000263	4.605170	0.001210
斜芯谢械蟹薪褟屑	0.000263	4.605170	0.001210
斜芯谢褜褕械	0.000525	0.105361	0.000055
斜芯谢褜褕芯泄	0.000263	1.560648	0.000410
斜芯褉褖	0.000525	0.040822	0.000021
斜芯褌胁懈薪褜褟	0.000263	0.040822	0.000011
斜褉邪蟹懈谢褜褋泻邪褟	0.000263	0.116534	0.000031
斜褉邪褍蟹械褉械	0.000263	0.040822	0.000011
斜褉邪褍薪懈	0.000263	0.040822	0.000011
斜褉械褋褌	0.000263	0.127833	0.000034
斜褉芯泻泻芯谢懈	0.000263	0.040822	0.000011
斜褍卸械薪懈薪邪	0.000263	0.040822	0.000011
斜褍谢芯褔泻邪屑懈	0.000263	0.116534	0.000031
斜褍谢芯褔泻懈	0.000525	0.040822	0.000021
斜褍谢褜芯薪	0.002627	0.040822	0.000107
斜褍谢褜芯薪邪	0.000263	3.912023	0.001028
斜褍谢褜芯薪褘	0.001051	0.116534	0.000122
斜褍褉谐械褉	0.000263	0.040822	0.000011
斜褍褉谐械褉褘	0.000263	0.127833	0.000034
斜褍褉褟褌褋泻邪褟	0.000263	0.116534	0.000031
斜褍褌械褉斜褉芯写	0.000525	0.116534	0.000061
斜褍褌械褉斜褉芯写褘	0.000788	0.040822	0.000032
斜褘胁邪械褌	0.000263	2.407946	0.000633
斜褘褋褌褉芯	0.000263	0.094311	0.000025
斜褘褋褌褉芯谐芯	0.000263	2.995732	0.000787
斜褘褋褌褉芯械	0.000525	2.525729	0.001327
斜褘褋褌褉芯泄	0.000263	0.116534	0.000031
斜褘褋褌褉芯屑褍	0.000263	2.813411	0.000739
斜褘褋褌褉芯褌邪	0.000263	4.605170	0.001210
斜褘褋褌褉褘泄	0.000525	0.105361	0.000055
斜褞写卸械褌薪芯	0.000263	3.912023	0.001028
斜褢写褉邪	0.000525	3.218876	0.001691
斜褢写褉邪屑懈	0.000263	3.506558	0.000921
斜褢写褉褘褕泻懈	0.000263	4.605170	0.001210
胁邪卸薪褘械	0.000263	0.116534	0.000031
胁邪卸薪褘褏	0.000263	4.605170	0.001210
胁邪谢谢懈泄褋泻邪褟	0.000263	0.116534	0.000031
胁邪屑懈	0.000525	0.843970	0.000443
胁邪褉械薪懈泻懈	0.000263	0.116534	0.000031
胁邪褉械薪褜械	0.000525	0.040822	0.000021
胁邪褉懈邪薪褌	0.000263	0.562119	0.000148
胁邪褉懈邪薪褌邪褏	0.000263	4.605170	0.001210
胁邪褉懈邪薪褌芯胁	0.000525	2.120264	0.001114
胁邪褌褉褍褕泻懈	0.000263	0.040822	0.000011
胁邪褎谢懈	0.000525	0.040822	0.000021
胁邪褕械泄	0.000525	0.040822	0.000021
胁邪褕械屑褍	0.000525	1.560648	0.000820
胁邪褕懈褏	0.000263	2.040221	0.000536
胁胁芯写褟	0.000263	0.040822	0.000011
胁写芯褏薪芯胁械薪懈械	0.001051	0.116534	0.000122
胁写芯褏薪芯胁械薪懈械屑	0.000525	0.116534	0.000061
胁写芯褏薪芯胁谢褟泄褋褟	0.000263	0.116534	0.000031
胁械谐械褌邪褉懈邪薪褋泻懈械	0.000263	0.127833	0.000034
胁械谐械褌邪褉懈邪薪褋泻芯械	0.000263	0.116534	0.000031
胁械谢懈泻懈泄	0.000263	0.116534	0.000031
胁械谢懈泻芯械	0.000263	2.995732	0.000787
胁械薪谐械褉褋泻邪褟	0.000263	0.116534	0.000031
胁械褋械薪薪懈械	0.000263	0.051293	0.000013
胁械褋薪邪	0.001314	0.116534	0.000153
胁械褋薪褘	0.000263	0.116534	0.000031
胁械褌褔懈薪褘	0.000263	0.105361	0.000028
胁械褔械褉芯屑	0.000263	2.407946	0.000633
胁懈写邪	0.000525	2.813411	0.001478
胁懈写械芯	0.000525	0.116534	0.000061
胁懈写械芯褉械褑械锌褌褘	0.000263	0.301105	0.000079
胁懈蟹懈褌械	0.000263	4.605170	0.001210
胁懈蟹懈褌褢褉芯胁	0.000263	4.605170	0.001210
胁懈薪芯	0.001051	0.040822	0.000043
胁泻谢褞褔邪褞褖懈褏	0.000263	0.634878	0.000167
胁泻褉邪锌谢械薪懈褟屑懈	0.000263	3.506558	0.000921
胁泻褍褋	0.000788	0.105361	0.000083
胁泻褍褋邪	0.002365	0.116534	0.000276
胁泻褍褋械薪	0.000525	1.560648	0.000820
胁泻褍褋薪邪褟	0.001314	0.061875	0.000081
胁泻褍褋薪械械	0.000788	0.116534	0.000092
胁泻褍褋薪械泄	0.000525	0.116534	0.000061
胁泻褍褋薪芯	0.001314	0.094311	0.000124
胁泻褍褋薪芯谐芯	0.000263	2.207275	0.000580
胁泻褍褋薪芯械	0.000263	0.994252	0.000261
胁泻褍褋薪褘械	0.000525	0.105361	0.000055
胁泻褍褋薪褘泄	0.000263	0.385662	0.000101
胁泻褍褋薪褘屑	0.000525	1.049822	0.000552
胁泻褍褋芯屑	0.000525	0.105361	0.000055
胁泻褍褋褍	0.000263	1.272966	0.000334
胁泻褍褋褘	0.000263	2.120264	0.000557
胁谢褞斜谢械薪薪褘褏	0.000263	0.116534	0.000031
胁薪邪褔邪谢械	0.001051	0.248461	0.000261
胁薪懈屑邪薪懈褞	0.000525	1.609438	0.000846
胁薪懈屑邪薪懈褟	0.000263	2.995732	0.000787
胁芯	0.001051	0.061875	0.000065
胁芯写邪	0.002627	0.287682	0.000756
胁芯写械	0.000263	0.105361	0.000028
胁芯泄褌懈	0.000263	0.000000	0.000000
胁芯谢芯胁邪薪褘	0.000263	0.116534	0.000031
胁芯谢褕械斜薪褘械	0.000263	0.116534	0.000031
胁芯谢褕械斜褋褌胁芯	0.000263	0.116534	0.000031
胁芯锌褉芯褋褘	0.000263	0.000000	0.000000
胁芯褋褌芯褉谐	0.000263	2.813411	0.000739
胁芯褋褌芯褔薪邪褟	0.000263	0.127833	0.000034
胁锌械褉胁褘械	0.000263	1.560648	0.000410
胁褉械屑械薪邪	0.000263	0.116534	0.000031
胁褉械屑械薪械屑	0.001576	0.116534	0.000184
胁褉械屑褟	0.000788	0.400478	0.000316
胁褋械谐写邪	0.000788	0.653926	0.000515
胁褋械谐芯	0.000525	0.186330	0.000098
胁褋械泄	0.000788	0.105361	0.000083
胁褋械屑褍	0.000263	0.061875	0.000016
胁褋锌芯屑薪懈褌褜	0.000263	0.040822	0.000011
胁褋褞	0.000263	1.966113	0.000517
胁褋褟泻芯械	0.000263	3.912023	0.001028
胁褌芯褉芯械	0.000263	0.116534	0.000031
胁褌芯褉褘械	0.000263	0.127833	0.000034
胁褌芯褉褘褏	0.000263	2.407946	0.000633
胁褏芯写	0.000788	0.030459	0.000024
胁褘斜芯褉械	0.000263	4.605170	0.001210
胁褘泄褌懈	0.000263	0.040822	0.000011
胁褘泻谢邪写褘胁邪械褌褋褟	0.000263	3.506558	0.000921
胁褘锌械褔泻邪	0.003416	0.040822	0.000139
胁褘锌械褔泻懈	0.000525	0.072571	0.000038
胁褘锌械褔泻芯泄	0.000263	0.116534	0.000031
胁褜械褌薪邪屑褋泻邪褟	0.000263	0.116534	0.000031
胁褟谢械薪褘械	0.000525	2.995732	0.001574
胁褟谢械薪褘屑懈	0.000263	4.605170	0.001210
谐邪胁邪泄褋泻邪褟	0.000263	0.116534	0.000031
谐邪褉薪懈褉	0.001314	0.040822	0.000054
谐邪褋锌邪褔芯	0.000263	0.040822	0.000011
谐械芯谐褉邪褎懈褟	0.000263	0.116534	0.000031
谐谢邪胁薪褘泄	0.000263	0.040822	0.000011
谐谢邪胁薪褘屑	0.000263	4.605170	0.001210
谐谢邪蟹褍褉褜	0.000788	0.040822	0.000032
谐谢懈薪褌胁械泄薪	0.000263	0.040822	0.000011
谐芯胁褟写懈薪褘	0.001051	0.116534	0.000122
谐芯写	0.002365	0.105361	0.000249
谐芯写邪	0.003941	0.248461	0.000979
谐芯写褍	0.000263	1.171183	0.000308
谐芯谢械薪褜	0.000525	3.506558	0.001843
谐芯谢械薪褟屑懈	0.000263	3.506558	0.000921
谐芯谢谢邪薪写褋泻邪褟	0.000263	0.116534	0.000031
谐芯谢谢邪薪写褋泻懈泄	0.000525	1.966113	0.001033
谐芯谢芯胁褍	0.000525	3.506558	0.001843
谐芯褉邪蟹写芯	0.000263	2.040221	0.000536
谐芯褉芯写邪	0.000263	0.116534	0.000031
谐芯褉芯褏	0.000263	0.116534	0.000031
谐芯褉褔懈褑邪	0.001051	0.040822	0.000043
谐芯褉褔懈褑邪屑懈	0.000263	0.127833	0.000034
谐芯褉褔懈褔薪褘泄	0.000525	3.506558	0.001843
谐芯褉褕芯褔泻邪褏	0.000263	0.105361	0.000028
谐芯褉褕芯褔泻械	0.000263	0.040822	0.000011
谐芯褉褟褔械械	0.000788	0.116534	0.000092
谐芯褉褟褔懈械	0.014188	0.105361	0.001495
谐芯褉褟褔懈泄	0.000525	0.116534	0.000061
谐芯褋褌械泄	0.000263	1.272966	0.000334
谐芯褋褌懈	0.000263	0.116534	0.000031
谐芯褌芯胁	0.000263	2.207275	0.000580
谐芯褌芯胁懈屑	0.001576	0.094311	0.000149
谐芯褌芯胁懈褌褋褟	0.000263	0.478036	0.000126
谐芯褌芯胁懈褌褜	0.001839	0.105361	0.000194
谐芯褌芯胁谢褞	0.000525	1.049822	0.000552
谐芯褌芯胁褜	0.000525	0.116534	0.000061
谐芯褌芯胁褟褌	0.000263	0.116534	0.000031
谐褉械薪泻懈	0.000525	0.040822	0.000021
谐褉械褑泻懈械	0.000525	1.469676	0.000772
谐褉械褔械褋泻邪褟	0.000263	0.116534	0.000031
谐褉械褔泻邪	0.000263	0.040822	0.000011
谐褉懈斜邪屑懈	0.001576	0.105361	0.000166
谐褉懈斜薪褘械	0.000525	0.040822	0.000021
谐褉懈斜芯胁	0.000788	0.116534	0.000092
谐褉懈斜褘	0.000788	0.040822	0.000032
谐褉懈谢械	0.001314	0.116534	0.000153
谐褉懈谢褜	0.000263	0.116534	0.000031
谐褉懈谢褜屑邪薪懈褟	0.000263	0.116534	0.000031
谐褉懈谢褟	0.001051	0.116534	0.000122
谐褉芯谐	0.000263	0.040822	0.000011
谐褉褍写泻邪	0.000525	1.108663	0.000583
谐褉褍写泻芯泄	0.000263	3.218876	0.000846
谐褉褍蟹懈薪褋泻邪褟	0.000263	0.116534	0.000031
谐褉褍锌锌褘	0.000263	0.061875	0.000016
谐褍褉屑邪薪懈褟	0.001576	0.116534	0.000184
谐褍褉屑械	0.000263	0.127833	0.000034
谐褍褋褟	0.000525	0.105361	0.000055
写邪胁薪芯	0.000263	0.967584	0.000254
写邪械褌	0.000263	0.040822	0.000011
写邪屑褋泻邪褟	0.000525	4.605170	0.002420
写邪薪薪褘械	0.000263	0.040822	0.000011
写邪褉褘	0.000263	0.116534	0.000031
写邪褌械	0.000525	0.248461	0.000131
写邪褌褋泻邪褟	0.000263	0.116534	0.000031
写邪褔薪芯械	0.000788	0.116534	0.000092
写胁邪	0.000263	1.171183	0.000308
写胁械	0.000263	2.525729	0.000664
写械谐褍褋褌邪褑懈褞	0.000263	3.912023	0.001028
写械泄褋褌胁懈泄	0.000263	4.605170	0.001210
写械泻邪斜褉褟	0.000263	0.597837	0.000157
写械泻芯褉	0.000263	0.127833	0.000034
写械谢	0.000263	2.813411	0.000739
写械谢邪械褌	0.000525	0.116534	0.000061
写械谢懈屑褋褟	0.000263	0.040822	0.000011
写械谢芯屑	0.000263	0.116534	0.000031
写械谢褞褋褜	0.000525	2.407946	0.001265
写械薪褜	0.001051	0.083382	0.000088
写械褋械褉褌	0.000788	0.116534	0.000092
写械褋械褉褌邪褑懈褟	0.000263	0.116534	0.000031
写械褋械褉褌薪褘械	0.000263	0.116534	0.000031
写械褋械褉褌褘	0.003678	0.040822	0.000150
写械褌械泄	0.000525	0.116534	0.000061
写卸械泄屑懈	0.000788	2.659260	0.002096
写卸械屑	0.000263	0.040822	0.000011
写卸芯谢谢芯褎	0.000263	4.605170	0.001210
写蟹械薪	0.000263	0.116534	0.000031
写懈械褌邪	0.000263	0.116534	0.000031
写懈械褌懈褔械褋泻邪褟	0.000263	2.995732	0.000787
写懈械褌褘	0.000263	0.116534	0.000031
写懈泻懈泄	0.000525	0.116534	0.000061
写懈泻芯谐芯	0.000263	0.116534	0.000031
写懈锌	0.000263	0.116534	0.000031
写懈褔懈	0.000525	0.116534	0.000061
写懈褔褜	0.000263	0.116534	0.000031
写薪械胁薪懈泻邪褏	0.000263	0.061875	0.000016
写薪械泄	0.001051	0.116534	0.000122
写薪褟	0.000263	0.040822	0.000011
写薪褟褏	0.000263	1.897120	0.000498
写芯斜邪胁泻邪屑懈	0.000263	3.218876	0.000846
写芯斜邪胁谢械薪懈褟屑	0.000263	0.274437	0.000072
写芯斜邪胁谢褟褌褜	0.000263	0.040822	0.000011
写芯斜邪胁褜	0.000263	0.116534	0.000031
写芯斜懈褉邪谢邪褋褜	0.000263	4.605170	0.001210
写芯斜褉芯褎谢芯褌	0.000263	0.127833	0.000034
写芯胁械褉褟械褕褜	0.000263	0.116534	0.000031
写芯屑	0.002365	0.040822	0.000097
写芯屑邪	0.000525	0.994252	0.000522
写芯屑邪褕薪械械	0.000788	0.040822	0.000032
写芯屑邪褕薪懈械	0.000788	0.040822	0.000032
写芯屑邪褕薪懈泄	0.001314	0.116534	0.000153
写芯屑邪褕薪懈褏	0.000263	1.714798	0.000451
写芯屑邪褕薪褟褟	0.001051	0.105361	0.000111
写芯屑芯胁	0.000263	0.040822	0.000011
写芯褋褌邪胁邪褌褜	0.000263	4.605170	0.001210
写芯褋褌邪褌芯褔薪芯	0.000263	2.040221	0.000536
写褉邪泄胁	0.001314	0.127833	0.000168
写褉芯卸卸械胁芯械	0.000263	0.116534	0.000031
写褉褍谐	0.000263	2.040221	0.000536
写褉褍谐邪	0.000263	2.407946	0.000633
写褉褍谐懈屑懈	0.000263	0.040822	0.000011
写褉褍谐懈褏	0.000263	1.714798	0.000451
写褍屑邪谢邪	0.000263	1.272966	0.000334
写褍褏芯胁泻邪	0.001051	0.127833	0.000134
写褍褏芯胁泻械	0.000525	0.867501	0.000456
写褍褏芯胁泻褍	0.000263	1.771957	0.000466
写褍褕懈	0.000788	0.105361	0.000083
写褍褕懈褋褌褘泄	0.001576	1.237874	0.001951
械胁褉械泄褋泻邪褟	0.000263	0.116534	0.000031
械谐懈锌械褌褋泻邪褟	0.000263	0.116534	0.000031
械写懈薪褘泄	0.000263	0.040822	0.000011
械卸械谢懈	0.000263	3.912023	0.001028
械泻芯	0.000263	0.127833	0.000034
卸邪谢械褌褜	0.000263	3.506558	0.000921
卸邪褉懈褌褋褟	0.000263	2.207275	0.000580
卸邪褉泻芯械	0.000263	0.040822	0.000011
卸械谢邪薪懈械	0.000263	3.912023	0.001028
卸械谢邪褌懈薪	0.001051	1.427116	0.001500
卸械谢械	0.000788	0.040822	0.000032
卸械薪邪	0.000788	3.218876	0.002537
卸械薪褋泻邪褟	0.000263	0.127833	0.000034
卸械薪褋泻芯谐芯	0.000263	3.912023	0.001028
卸械薪褋泻芯屑	0.000263	0.061875	0.000016
卸械薪褍	0.000263	4.605170	0.001210
卸械薪褖懈薪褘	0.000525	0.116534	0.000061
卸懈蟹薪懈	0.000263	0.040822	0.000011
卸懈蟹薪褜	0.000263	0.116534	0.000031
卸褍谢褜械薪	0.000263	0.040822	0.000011
卸褍褉薪邪谢邪	0.000263	0.127833	0.000034
卸褞谢褜械薪	0.000263	0.040822	0.000011
蟹邪斜懈褌邪	0.000263	4.605170	0.001210
蟹邪胁邪褉薪芯械	0.000263	0.116534	0.000031
蟹邪胁邪褉薪芯泄	0.000263	0.116534	0.000031
蟹邪胁褌褉邪泻	0.001839	0.094311	0.000173
蟹邪胁褌褉邪泻懈	0.000263	0.127833	0.000034
蟹邪谐芯褌芯胁泻懈	0.001051	0.040822	0.000043
蟹邪写邪胁邪褌褜	0.000263	0.040822	0.000011
蟹邪懈薪褌械褉械褋褍械褌褋褟	0.000263	4.605170	0.001210
蟹邪泄褑邪	0.000525	0.116534	0.000061
蟹邪泻胁邪褋泻邪	0.000263	0.040822	0.000011
蟹邪泻胁邪褋泻邪屑懈	0.000263	0.116534	0.000031
蟹邪泻胁邪褋芯泻	0.000263	0.127833	0.000034
蟹邪泻褉褘褌褘泄	0.000263	0.116534	0.000031
蟹邪泻褍褋泻邪	0.001314	1.347074	0.001770
蟹邪泻褍褋泻懈	0.006831	0.040822	0.000279
蟹邪泻褍褋泻褍	0.001314	0.116534	0.000153
蟹邪泻褍褋芯薪褔懈泻	0.000263	0.116534	0.000031
蟹邪泻褍褋芯褔泻邪	0.000263	0.116534	0.000031
蟹邪泻褍褋芯褔薪褘械	0.002627	0.116534	0.000306
蟹邪谢懈胁薪芯械	0.001051	0.040822	0.000043
蟹邪屑邪褉懈薪芯胁邪谢	0.000263	3.912023	0.001028
蟹邪屑械薪懈褌褜	0.000263	2.659260	0.000699
蟹邪屑械褔邪褌械谢褜薪褘械	0.000263	2.207275	0.000580
蟹邪屑芯褉芯蟹泻邪	0.000263	0.105361	0.000028
蟹邪锌邪写	0.000263	0.116534	0.000031
蟹邪锌械泻邪械褌褋褟	0.000263	2.659260	0.000699
蟹邪锌械泻邪薪懈械	0.000263	3.912023	0.001028
蟹邪锌械泻邪薪懈褟	0.000263	1.560648	0.000410
蟹邪锌械泻邪薪泻邪	0.001051	0.105361	0.000111
蟹邪锌械泻邪薪泻懈	0.001839	0.040822	0.000075
蟹邪锌械褔械薪薪邪褟	0.000263	2.120264	0.000557
蟹邪锌褉邪胁泻邪	0.000525	0.040822	0.000021
蟹邪锌褔邪褋褌懈	0.000263	4.605170	0.001210
蟹邪褉邪卸邪谢	0.000263	4.605170	0.001210
蟹邪褉械谐懈褋褌褉懈褉芯胁邪胁褕懈褋褜	0.000263	0.040822	0.000011
蟹邪褉械谐懈褋褌褉懈褉芯胁邪褌褜褋褟	0.000263	0.030459	0.000008
蟹邪褋芯谢泻邪	0.000263	0.116534	0.000031
蟹邪褋芯锌谢懈胁懈谢	0.000263	4.605170	0.001210
蟹邪褋褌邪胁懈谢邪	0.000263	3.912023	0.001028
蟹邪褏芯写懈褌	0.000263	4.605170	0.001210
蟹胁邪薪褘泄	0.000263	0.127833	0.000034
蟹胁械蟹写邪	0.000263	0.127833	0.000034
蟹胁褢蟹写薪褘械	0.000263	0.116534	0.000031
蟹写芯褉芯胁芯械	0.000263	0.116534	0.000031
蟹写芯褉芯胁褘泄	0.000263	0.116534	0.000031
蟹写芯褉芯胁褘褏	0.000263	4.605170	0.001210
蟹械谢械薪褘泄	0.000525	1.021651	0.000537
蟹械谢械薪褜	0.000788	0.094311	0.000074
蟹械褎懈褉	0.000263	0.040822	0.000011
蟹懈屑薪懈械	0.000263	0.051293	0.000013
蟹懈屑褍	0.001051	0.040822	0.000043
蟹薪邪械褌械	0.000263	2.302585	0.000605
蟹薪邪褞	0.000263	0.755023	0.000198
蟹芯谢芯褌邪褟	0.000263	0.116534	0.000031
懈胁邪薪芯胁邪	0.000263	0.127833	0.000034
懈写械邪谢褜薪邪褟	0.000263	0.116534	0.000031
懈写械邪谢褜薪芯	0.000263	1.514128	0.000398
懈写械邪谢褜薪芯谐芯	0.001314	0.116534	0.000153
懈写械邪谢褜薪芯械	0.000263	0.116534	0.000031
懈写械泄泻懈	0.000263	0.116534	0.000031
懈写械薪褌懈褔薪褘屑	0.000263	3.506558	0.000921
懈蟹胁械褖械薪懈褟	0.000263	4.605170	0.001210
懈蟹谐芯褌芯胁谢械薪懈褟	0.000263	3.912023	0.001028
懈蟹写械谢懈褟	0.001051	0.116534	0.000122
懈蟹写械谢懈褟屑懈	0.001051	0.116534	0.000122
懈泻褉邪	0.000788	0.040822	0.000032
懈谢谢褞褋褌褉懈褉芯胁邪薪	0.000263	2.120264	0.000557
懈屑斜懈褉褜	0.000525	1.897120	0.000997
懈屑械薪械屑	0.000263	0.040822	0.000011
懈薪胁械褉褌芯褉薪芯泄	0.000263	0.127833	0.000034
懈薪谐褉械写懈械薪褌芯胁	0.000788	1.771957	0.001397
懈薪谐褉械写懈械薪褌褘	0.007882	0.139262	0.001098
懈薪写械泄泻懈	0.001314	0.094311	0.000124
懈薪写械泄泻芯泄	0.000263	0.116534	0.000031
懈薪写懈泄褋泻邪褟	0.000263	0.116534	0.000031
懈薪写懈谢邪泄褌	0.000788	0.116534	0.000092
懈薪写懈褉械褋薪褘械	0.000263	0.116534	0.000031
懈薪芯械	0.000263	2.302585	0.000605
懈薪褋褌褉褍泻褑懈褟屑懈	0.000263	0.040822	0.000011
懈褉邪泻褋泻邪褟	0.000263	0.116534	0.000031
懈褉邪薪褋泻邪褟	0.000263	0.116534	0.000031
懈褉谢邪薪写褋泻邪褟	0.000263	0.116534	0.000031
懈褋泻褉械薪薪械	0.000263	0.116534	0.000031
懈褋谢邪薪写褋泻邪褟	0.000263	0.116534	0.000031
懈褋锌邪薪褋泻邪褟	0.000263	0.116534	0.000031
懈褋锌械泻懈	0.000263	0.116534	0.000031
懈褋锌芯谢褜蟹芯胁邪谢邪	0.000263	2.995732	0.000787
懈褋锌芯谢褜蟹芯胁邪褌褜	0.000263	1.514128	0.000398
懈褋锌褉芯斜褍泄褌械	0.000263	4.605170	0.001210
懈褋褌芯褉懈懈	0.001314	0.116534	0.000153
懈褋褌芯褉懈褞	0.000263	0.116534	0.000031
懈褌邪泻	0.000263	1.609438	0.000423
懈褌邪谢懈懈	0.000788	0.105361	0.000083
懈褌邪谢褜褟薪褋泻邪褟	0.000263	0.116534	0.000031
懈褞谢褟	0.000263	0.597837	0.000157
泄芯谐褍褉褌	0.001314	0.040822	0.000054
泻邪斜邪褔泻懈	0.000263	0.040822	0.000011
泻邪胁泻邪蟹褋泻邪褟	0.000263	0.116534	0.000031
泻邪蟹邪薪械	0.000263	0.116534	0.000031
泻邪蟹邪褏褋泻邪褟	0.000263	0.116534	0.000031
泻邪泻邪芯	0.000525	0.040822	0.000021
泻邪谢械泄写芯褋泻芯锌	0.001051	0.116534	0.000122
泻邪谢屑褘褑泻邪褟	0.000263	0.116534	0.000031
泻邪谢芯褉懈泄薪芯械	0.000263	3.218876	0.000846
泻邪谢褜屑邪褉	0.000263	0.040822	0.000011
泻邪谢褜屑邪褉芯胁	0.000263	3.506558	0.000921
泻邪屑械褉邪	0.000263	0.116534	0.000031
泻邪薪邪写褋泻邪褟	0.000263	0.116534	0.000031
泻邪薪邪谢	0.000525	0.040822	0.000021
泻邪薪邪谢械	0.000263	0.040822	0.000011
泻邪薪邪锌械	0.000525	0.040822	0.000021
泻邪薪褍薪	0.000263	4.605170	0.001210
泻邪锌褍褋褌邪	0.000525	0.040822	0.000021
泻邪锌褍褋褌薪褟泻	0.000263	0.040822	0.000011
泻邪锌褍褋褌褘	0.000263	0.040822	0.000011
泻邪褉邪屑械谢褜	0.000263	0.040822	0.000011
泻邪褉写懈薪邪谢褜薪芯	0.000263	3.912023	0.001028
泻邪褉泻邪褋薪褘泄	0.001051	0.116534	0.000122
泻邪褉褌芯褎械谢械屑	0.000263	2.813411	0.000739
泻邪褉褌芯褎械谢褜	0.001314	0.040822	0.000054
泻邪褉褌芯褎械谢褜薪芯械	0.000263	0.040822	0.000011
泻邪褉褌芯褎械谢褜薪褘泄	0.000263	0.116534	0.000031
泻邪褉褌芯褕泻邪	0.000525	0.040822	0.000021
泻邪褌械谐芯褉懈懈	0.000263	0.116534	0.000031
泻邪褌械谐芯褉懈褟	0.003941	0.150823	0.000594
泻邪褔械褋褌胁芯	0.000263	0.116534	0.000031
泻邪褕邪	0.000263	0.040822	0.000011
泻邪褕懈	0.001314	0.105361	0.000138
泻邪褕褍	0.000263	0.094311	0.000025
泻邪褞褌褍	0.000263	4.605170	0.001210
泻胁邪褋	0.000788	0.040822	0.000032
泻胁邪褋薪芯械	0.000788	0.116534	0.000092
泻胁邪褋芯屑	0.000263	0.127833	0.000034
泻械泻褋	0.000263	0.040822	0.000011
泻械泻褋褘	0.000525	0.116534	0.000061
泻械褎懈褉	0.000263	0.040822	0.000011
泻懈屑褔懈	0.000263	0.040822	0.000011
泻懈薪芯邪	0.000525	0.127833	0.000067
泻懈薪芯谢械薪褌邪	0.000263	0.116534	0.000031
泻懈褋械谢褜	0.000525	0.040822	0.000021
泻懈褌邪泄褋泻邪褟	0.000263	0.116534	0.000031
泻懈褕泻懈	0.000525	4.605170	0.002420
泻谢邪褋褋	0.002102	0.116534	0.000245
泻谢邪褋褋薪褘泄	0.000263	4.605170	0.001210
泻谢邪褋褋褘	0.000263	0.116534	0.000031
泻屑	0.000263	4.605170	0.001210
泻薪懈谐褍	0.000525	0.040822	0.000021
泻芯泻邪	0.000263	4.605170	0.001210
泻芯泻褌械泄谢懈	0.000263	0.127833	0.000034
泻芯泻褌械泄谢褜	0.001314	0.040822	0.000054
泻芯谢斜邪褋	0.000263	4.605170	0.001210
泻芯谢斜邪褋邪	0.001051	0.040822	0.000043
泻芯谢斜邪褋薪褘屑懈	0.001051	0.116534	0.000122
泻芯谢斜邪褋薪褘褏	0.000263	4.605170	0.001210
泻芯谢斜邪褋褘	0.000263	2.995732	0.000787
泻芯谢懈褔械褋褌胁邪	0.000263	2.813411	0.000739
泻芯屑邪薪写邪	0.000525	0.127833	0.000067
泻芯屑懈	0.000263	0.116534	0.000031
泻芯屑屑械薪褌邪褉懈械胁	0.000263	0.223144	0.000059
泻芯屑锌邪薪懈泄	0.000263	0.105361	0.000028
泻芯屑锌芯褌	0.000788	0.040822	0.000032
泻芯屑褍	0.000263	1.347074	0.000354
泻芯薪械褔薪芯	0.000788	0.527633	0.000416
泻芯薪懈薪褘	0.000263	0.116534	0.000031
泻芯薪泻褍褉褋	0.056227	0.105361	0.005924
泻芯薪泻褍褉褋邪	0.000263	0.116534	0.000031
泻芯薪泻褍褉褋邪褏	0.000263	0.040822	0.000011
泻芯薪泻褍褉褋械	0.000263	2.302585	0.000605
泻芯薪泻褍褉褋薪褘械	0.000263	0.127833	0.000034
泻芯薪褋械褉胁懈褉芯胁邪薪懈械	0.000263	0.040822	0.000011
泻芯薪褋械褉胁懈褉芯胁邪薪薪邪褟	0.000263	0.116534	0.000031
泻芯薪褋械褉胁懈褉芯胁邪薪薪芯械	0.000263	0.116534	0.000031
泻芯薪褋械褉胁懈褉芯胁邪薪薪褘械	0.000525	0.116534	0.000061
泻芯薪褋械褉胁懈褉芯胁邪薪薪褘泄	0.000263	0.116534	0.000031
泻芯薪褎械褌褌懈	0.000263	0.116534	0.000031
泻芯薪褎械褌褘	0.001051	0.040822	0.000043
泻芯薪褎懈写械薪褑懈邪谢褜薪芯褋褌懈	0.000263	0.040822	0.000011
泻芯薪褎懈褌褞褉	0.000263	0.040822	0.000011
泻芯锌褔械薪芯褋褌褟屑懈	0.000263	0.116534	0.000031
泻芯褉械泄褋泻邪褟	0.000263	0.116534	0.000031
泻芯褉械泄褋泻懈	0.000263	0.040822	0.000011
泻芯褉卸懈泻懈	0.000263	0.040822	0.000011
泻芯褉懈邪薪写褉	0.001051	1.469676	0.001545
泻芯褉懈褔薪械胁芯泄	0.000263	4.605170	0.001210
泻芯褉屑褟褖懈褏	0.000263	0.116534	0.000031
泻芯褉芯褔泻械	0.000263	2.813411	0.000739
泻芯褋褌芯褔泻懈	0.000263	4.605170	0.001210
泻芯褌谢械褌褘	0.000263	0.040822	0.000011
泻芯褌芯褉芯谐芯	0.000263	2.120264	0.000557
泻芯褌芯褉芯泄	0.000263	2.207275	0.000580
泻芯褌芯褉芯屑褍	0.000263	0.116534	0.000031
泻芯褌芯褉褘屑	0.000263	2.302585	0.000605
泻芯褌芯褉褘屑懈	0.000263	2.995732	0.000787
泻芯褎械	0.000525	0.040822	0.000021
泻褉邪褋懈胁邪褟	0.000263	2.525729	0.000664
泻褉邪褋泻懈	0.000263	0.116534	0.000031
泻褉邪褋薪芯胁邪褌芯	0.000263	4.605170	0.001210
泻褉邪褋薪芯谐芯	0.000263	3.912023	0.001028
泻褉邪褋薪芯械	0.000525	3.912023	0.002056
泻褉械邪褌懈胁	0.000263	0.127833	0.000034
泻褉械屑	0.000263	0.040822	0.000011
泻褉械屑邪	0.000525	0.116534	0.000061
泻褉械屑谢械胁褋泻邪褟	0.000263	4.605170	0.001210
泻褉械锌泻懈泄	0.000263	0.116534	0.000031
泻褉芯谢懈泻邪	0.000525	0.116534	0.000061
泻褉芯屑械	0.000263	0.061875	0.000016
泻褉芯褏懈	0.000263	0.116534	0.000031
泻褉褍谐褍	0.000525	0.116534	0.000061
泻褉褍卸邪褖懈屑	0.000263	4.605170	0.001210
泻褉褍锌	0.001839	0.116534	0.000214
泻褉褍锌邪	0.000263	0.127833	0.000034
泻褉褍锌褘	0.000525	0.127833	0.000067
泻褉褍锌褟薪褘械	0.000263	0.116534	0.000031
泻褋褌邪褌懈	0.000525	1.237874	0.000650
泻褍斜懈薪褋泻邪褟	0.000263	0.116534	0.000031
泻褍谢械褕	0.000263	0.040822	0.000011
泻褍谢懈薪邪褉懈懈	0.000788	0.094311	0.000074
泻褍谢懈薪邪褉薪邪褟	0.000263	0.116534	0.000031
泻褍谢懈薪邪褉薪芯械	0.000263	0.116534	0.000031
泻褍谢懈薪邪褉薪褍褞	0.000525	0.040822	0.000021
泻褍谢懈薪邪褉薪褘泄	0.000263	0.072571	0.000019
泻褍谢懈薪邪褉薪褘褏	0.000263	0.116534	0.000031
泻褍谢懈褔	0.000263	0.040822	0.000011
泻褍谢懈褔懈	0.000263	0.116534	0.000031
泻褍褉写褋泻邪褟	0.000263	0.116534	0.000031
泻褍褉懈薪邪褟	0.002102	1.021651	0.002147
泻褍褉懈薪芯谐芯	0.000525	0.116534	0.000061
泻褍褉懈薪芯械	0.012349	0.127833	0.001579
泻褍褉懈薪芯泄	0.000788	2.120264	0.001671
泻褍褉懈薪褘械	0.001051	1.832581	0.001926
泻褍褉懈薪褘泄	0.000525	0.105361	0.000055
泻褍褉懈薪褘屑懈	0.000263	2.813411	0.000739
泻褍褉懈薪褘褏	0.000263	2.659260	0.000699
泻褍褉懈褑邪	0.002627	0.040822	0.000107
泻褍褉懈褑械	0.000525	4.605170	0.002420
泻褍褉懈褑械泄	0.000525	2.407946	0.001265
泻褍褉懈褑褘	0.003678	0.116534	0.000429
泻褍褉泻褍屑邪	0.000525	2.040221	0.001072
泻褍褉芯褔泻懈	0.000263	2.659260	0.000699
泻褍褉芯褔泻芯泄	0.000263	0.116534	0.000031
泻褍褋泻褍褋	0.000263	0.040822	0.000011
泻褍褏薪械	0.000263	1.237874	0.000325
泻褍褏薪械泄	0.000263	0.040822	0.000011
泻褍褏薪懈	0.000788	0.040822	0.000032
泻褍褏薪褞	0.000263	2.525729	0.000664
泻褍褏薪褟	0.001051	0.116534	0.000122
谢邪胁邪褕	0.000525	0.040822	0.000021
谢邪胁邪褕邪	0.001051	0.116534	0.000122
谢邪胁褉芯胁褘泄	0.001051	1.139434	0.001198
谢邪谐屑邪薪	0.000263	0.040822	0.000011
谢邪泻芯屑褋褌胁芯	0.000263	0.116534	0.000031
谢邪锌褕邪	0.000525	0.040822	0.000021
谢邪褌褘褕褋泻邪褟	0.000263	0.116534	0.000031
谢械谐泻邪褟	0.000525	0.116534	0.000061
谢械谐泻懈泄	0.000525	0.116534	0.000061
谢械谐泻芯	0.001576	0.116534	0.000184
谢械谐泻芯褋褌褜褞	0.000263	4.605170	0.001210
谢械薪懈胁邪褟	0.000263	2.813411	0.000739
谢械薪懈胁芯	0.000263	3.912023	0.001028
谢械锌械褕泻懈	0.000525	0.040822	0.000021
谢械褌	0.000263	0.843970	0.000222
谢械褌邪	0.000263	0.116534	0.000031
谢械褌薪懈械	0.000263	0.040822	0.000011
谢械褌薪褟褟	0.000263	0.116534	0.000031
谢械褌芯	0.001314	0.116534	0.000153
谢械褔芯	0.000263	0.040822	0.000011
谢懈谐邪	0.000788	0.116534	0.000092
谢懈泻械褉	0.000263	0.040822	0.000011
谢懈屑芯薪	0.000525	1.203973	0.000633
谢懈屑芯薪邪写	0.000525	0.040822	0.000021
谢懈屑芯薪薪褘泄	0.000525	0.798508	0.000420
谢懈褋褌	0.001051	1.139434	0.001198
谢懈褌芯胁褋泻	0.000263	0.127833	0.000034
谢懈褌芯胁褋泻邪褟	0.000263	0.116534	0.000031
谢芯屑邪褟	0.000263	4.605170	0.001210
谢芯褑屑邪薪芯屑	0.000263	4.605170	0.001210
谢褍泻	0.003416	0.301105	0.001028
谢褍泻芯胁褘泄	0.000525	2.659260	0.001397
谢褍褔褕懈械	0.000263	0.116534	0.000031
谢褍褔褕懈泄	0.000525	0.040822	0.000021
谢褍褔褕懈褏	0.000263	0.116534	0.000031
谢褘泻芯屑	0.000263	4.605170	0.001210
谢褞斜胁懈	0.000263	0.105361	0.000028
谢褞斜懈屑芯谐芯	0.000263	0.127833	0.000034
谢褞斜懈屑芯屑褍	0.000263	0.116534	0.000031
谢褞斜懈屑褘泄	0.000263	1.609438	0.000423
谢褞斜懈屑褘褏	0.001576	0.116534	0.000184
谢褞斜懈褌	0.000525	1.427116	0.000750
谢褞斜懈褌械谢褟屑	0.000263	2.659260	0.000699
谢褞斜谢褞	0.000525	1.514128	0.000796
谢褞斜芯胁褜	0.000263	0.116534	0.000031
谢褞斜芯泄	0.000263	0.116534	0.000031
谢褞写懈	0.000263	2.207275	0.000580
谢褢写	0.000263	0.127833	0.000034
屑邪谐邪蟹懈薪邪褏	0.000263	2.813411	0.000739
屑邪谐褉懈斜邪	0.000263	0.116534	0.000031
屑邪泄	0.000263	0.116534	0.000031
屑邪泄芯薪械蟹	0.002365	0.116534	0.000276
屑邪泻邪褉芯薪薪褘械	0.000263	0.116534	0.000031
屑邪泻邪褉芯薪褘	0.000263	0.040822	0.000011
屑邪谢邪蟹懈泄褋泻邪褟	0.000263	0.116534	0.000031
屑邪薪薪懈泻	0.000263	0.040822	0.000011
屑邪薪褋邪褉写芯泄	0.000525	0.755023	0.000397
屑邪薪褌褘	0.000263	0.116534	0.000031
屑邪薪褢胁褉褘	0.000263	0.116534	0.000031
屑邪褉邪褎芯薪	0.000788	0.116534	0.000092
屑邪褉懈薪邪写	0.002365	0.040822	0.000097
屑邪褉懈薪邪写褘	0.000788	0.116534	0.000092
屑邪褉懈薪芯胁邪薪懈褟	0.000263	3.912023	0.001028
屑邪褉懈薪芯胁邪薪薪褘械	0.000263	0.116534	0.000031
屑邪褉屑械谢邪写	0.000263	0.040822	0.000011
屑邪褉芯泻泻邪薪褋泻邪褟	0.000263	0.116534	0.000031
屑邪褉褌邪	0.001839	0.105361	0.000194
屑邪褋泻邪褉锌芯薪械	0.000263	0.040822	0.000011
屑邪褋谢械薪懈褑邪	0.000788	0.040822	0.000032
屑邪褋谢械薪懈褔薪芯械	0.000263	0.116534	0.000031
屑邪褋谢芯	0.004992	0.116534	0.000582
屑邪褋谢芯屑	0.000263	0.116534	0.000031
屑邪褋褌械褉	0.002365	0.116534	0.000276
屑邪褋褌懈泻邪	0.000263	0.040822	0.000011
屑邪褋褌懈泻懈	0.000263	0.116534	0.000031
屑邪褎褎懈薪褘	0.000263	0.116534	0.000031
屑邪褏械械胁褗	0.001051	0.116534	0.000122
屑邪褟	0.000263	0.634878	0.000167
屑械写懈邪褎芯褉褌	0.000788	0.000000	0.000000
屑械写芯胁褘泄	0.000263	0.116534	0.000031
屑械泻褋懈泻邪薪褋泻邪褟	0.000263	0.116534	0.000031
屑械谢褜斜褍褉薪邪	0.000263	4.605170	0.001210
屑械薪褜褕械	0.000263	2.207275	0.000580
屑械薪褞	0.000263	0.116534	0.000031
屑械薪褟	0.001314	0.083382	0.000110
屑械薪褟械褌褋褟	0.000263	0.116534	0.000031
屑械褔褌邪	0.000263	0.116534	0.000031
屑械褔褌褘	0.000525	0.040822	0.000021
屑懈写懈懈	0.000263	0.040822	0.000011
屑懈泻褉芯胁芯谢薪芯胁泻械	0.000263	0.116534	0.000031
屑懈谢褜械	0.000263	0.116534	0.000031
屑懈薪懈屑邪谢褜薪芯谐芯	0.000263	2.995732	0.000787
屑懈薪懈屑褍屑	0.000263	1.427116	0.000375
屑懈薪褍谢邪	0.000263	4.605170	0.001210
屑懈薪褍褌	0.000788	0.755023	0.000595
屑懈芯	0.000263	0.116534	0.000031
屑懈褉	0.000263	0.116534	0.000031
屑懈褉邪	0.000263	0.116534	0.000031
屑懈褉芯胁邪褟	0.000263	0.116534	0.000031
屑懈褋芯	0.000263	0.040822	0.000011
屑懈褋褌械褉懈褟	0.000263	0.116534	0.000031
屑懈褋褌褉邪谢褜	0.001839	0.116534	0.000214
屑薪芯谐芯	0.000263	0.776529	0.000204
屑薪芯卸械褋褌胁芯	0.000263	1.560648	0.000410
屑薪芯卸械褋褌胁芯屑	0.000263	0.040822	0.000011
屑芯谐谢懈	0.000263	3.218876	0.000846
屑芯写械谢褜	0.000263	4.605170	0.001210
屑芯械	0.000263	0.116534	0.000031
屑芯卸械褌械	0.000263	0.000000	0.000000
屑芯懈	0.000263	1.078810	0.000283
屑芯泄	0.001051	0.105361	0.000111
屑芯谢写邪胁褋泻邪褟	0.000263	0.116534	0.000031
屑芯谢芯泻械	0.000263	0.105361	0.000028
屑芯谢芯泻芯	0.000788	0.116534	0.000092
屑芯谢芯褔泻芯	0.000525	3.506558	0.001843
屑芯谢芯褔薪芯械	0.000263	3.506558	0.000921
屑芯谢芯褔薪褘泄	0.000525	0.040822	0.000021
屑芯谢芯褔薪褘褏	0.000263	0.116534	0.000031
屑芯屑械薪褌	0.000788	0.116534	0.000092
屑芯薪谐芯谢褜褋泻邪褟	0.000263	0.116534	0.000031
屑芯褉械	0.000263	0.116534	0.000031
屑芯褉械锌褉芯写褍泻褌芯胁	0.002890	0.040822	0.000118
屑芯褉械锌褉芯写褍泻褌褘	0.000525	0.116534	0.000061
屑芯褉泻芯胁褜	0.000263	0.040822	0.000011
屑芯褉芯卸械薪芯械	0.000788	0.040822	0.000032
屑芯褉褋	0.000263	0.040822	0.000011
屑芯褉褋褘	0.000263	0.116534	0.000031
屑芯褌芯褉	0.000263	0.116534	0.000031
屑芯褏懈褌芯	0.000263	0.040822	0.000011
屑芯褟	0.000263	1.427116	0.000375
屑褍卸懈泻	0.000263	4.605170	0.001210
屑褍卸懈泻芯胁	0.000263	4.605170	0.001210
屑褍卸褋泻邪褟	0.000263	0.127833	0.000034
屑褍卸褔懈薪褘	0.000788	0.116534	0.000092
屑褍泻邪	0.001576	0.274437	0.000433
屑褍泻懈	0.000263	2.040221	0.000536
屑褍谢褜褌懈胁邪褉泻械	0.009984	0.116534	0.001164
屑褍谢褜褌懈锌械泻邪褉械泄	0.000788	0.116534	0.000092
屑褍褋泻邪褌薪褘泄	0.000525	1.832581	0.000963
屑褍褋褋	0.000263	0.040822	0.000011
屑褍褋褋褘	0.000525	0.116534	0.000061
屑褍褔薪褘械	0.000263	0.116534	0.000031
屑褞褋谢懈	0.000525	0.116534	0.000061
屑褟谐泻芯械	0.000263	2.995732	0.000787
屑褟褋邪	0.004204	0.116534	0.000490
屑褟褋薪芯谐芯	0.000525	0.116534	0.000061
屑褟褋薪芯泄	0.000263	0.116534	0.000031
屑褟褋薪褘械	0.001576	0.040822	0.000064
屑褟褋薪褘褏	0.000788	0.116534	0.000092
屑褟褋芯	0.003153	0.040822	0.000129
屑褟褋芯屑	0.001314	0.040822	0.000054
屑褟褋褍	0.000525	0.116534	0.000061
薪邪斜芯褉芯屑	0.000263	4.605170	0.001210
薪邪蟹胁邪薪懈械	0.000525	0.941609	0.000495
薪邪蟹胁邪薪懈械屑	0.000788	1.203973	0.000949
薪邪蟹薪邪褔械薪懈褟	0.000263	0.116534	0.000031
薪邪泄写褍	0.000263	3.506558	0.000921
薪邪泻邪薪褍薪械	0.000263	3.912023	0.001028
薪邪泻芯锌懈谢芯褋褜	0.000263	4.605170	0.001210
薪邪泻芯褉屑懈褌褜	0.000263	2.995732	0.000787
薪邪谢懈胁泻邪	0.000263	0.040822	0.000011
薪邪锌懈褌泻懈	0.001576	0.040822	0.000064
薪邪锌懈褌芯泻	0.000263	0.040822	0.000011
薪邪褋褌芯泄泻邪	0.000263	0.040822	0.000011
薪邪褋褌芯谢褜泻芯	0.000263	1.514128	0.000398
薪邪褋褌褉芯械薪懈械	0.000263	0.116534	0.000031
薪邪褑懈芯薪邪谢褜薪褘械	0.000263	0.116534	0.000031
薪邪褔懈薪泻邪	0.000525	0.040822	0.000021
薪邪褔懈薪泻芯泄	0.000263	0.116534	0.000031
薪邪褕械谐芯	0.000525	2.120264	0.001114
薪邪褕械屑	0.000263	0.040822	0.000011
薪邪褕懈	0.000263	0.061875	0.000016
薪械谐芯	0.000263	0.941609	0.000247
薪械写邪胁薪芯	0.000263	2.120264	0.000557
薪械写械谢褟	0.002627	0.061875	0.000163
薪械卸薪邪褟	0.000525	1.966113	0.001033
薪械卸薪芯械	0.000525	1.309333	0.000688
薪械卸薪芯泄	0.000263	0.116534	0.000031
薪械蟹邪斜褘胁邪械屑褘泄	0.000263	3.912023	0.001028
薪械蟹邪屑褘褋谢芯胁邪褌褘屑	0.000263	4.605170	0.001210
薪械泄	0.000263	1.897120	0.000498
薪械泻芯谐写邪	0.000525	3.506558	0.001843
薪械屑械褑泻邪褟	0.000263	0.116534	0.000031
薪械芯卸懈写邪薪薪芯谐芯	0.000263	4.605170	0.001210
薪械芯卸懈写邪薪薪褘械	0.000263	0.116534	0.000031
薪械褋泻芯谢褜泻懈褏	0.000263	3.912023	0.001028
薪械褋泻芯谢褜泻芯	0.000525	0.916291	0.000481
薪械褋谢邪写泻芯械	0.000263	0.116534	0.000031
薪懈斜褍写褜	0.000263	1.832581	0.000481
薪懈泻邪泻懈褏	0.000263	2.525729	0.000664
薪懈褏	0.000525	1.660731	0.000873
薪懈褔械谐芯	0.000263	0.941609	0.000247
薪芯胁邪褟	0.000263	0.116534	0.000031
薪芯胁芯谐芯写薪械谐芯	0.001314	0.116534	0.000153
薪芯胁芯谐芯写薪械械	0.000788	0.116534	0.000092
薪芯胁芯谐芯写薪懈械	0.001576	0.040822	0.000064
薪芯胁芯谐芯写薪懈泄	0.001839	0.116534	0.000214
薪芯胁芯谐芯写薪褟褟	0.000263	0.105361	0.000028
薪芯胁芯褋褌褟褏	0.000263	0.061875	0.000016
薪芯胁褘械	0.000525	0.051293	0.000027
薪芯胁褘泄	0.002365	0.094311	0.000223
薪芯褉胁械卸褋泻邪褟	0.000263	0.116534	0.000031
薪芯褟斜褉褟	0.000788	0.527633	0.000416
薪褉邪胁懈褌褋褟	0.000263	1.427116	0.000375
芯斜邪	0.000263	4.605170	0.001210
芯斜械写	0.001314	0.105361	0.000138
芯斜械蟹褜褟薪褘	0.000263	0.116534	0.000031
芯斜卸邪褉懈胁邪褌褜	0.000263	3.218876	0.000846
芯斜懈褌邪薪懈褟	0.000263	3.506558	0.000921
芯斜芯卸邪褞	0.000263	1.897120	0.000498
芯斜芯褉褍写芯胁邪薪懈褟	0.000525	3.912023	0.002056
芯斜褉邪褖邪谢	0.000263	4.605170	0.001210
芯斜褖邪褌褜褋褟	0.000263	0.040822	0.000011
芯斜褖械褋褍写芯胁褘褏	0.000263	4.605170	0.001210
芯斜褗褟胁谢械薪	0.000263	4.605170	0.001210
芯斜褘褔薪芯泄	0.000263	2.659260	0.000699
芯斜褘褔薪褘泄	0.000263	1.897120	0.000498
芯胁芯褖邪屑懈	0.000263	0.116534	0.000031
芯胁芯褖械泄	0.003678	0.105361	0.000388
芯胁芯褖懈	0.001576	0.094311	0.000149
芯胁芯褖薪邪褟	0.000263	0.040822	0.000011
芯胁芯褖薪芯械	0.000263	0.116534	0.000031
芯胁芯褖薪芯泄	0.000525	0.105361	0.000055
芯胁芯褖薪褘械	0.001314	0.040822	0.000054
芯胁褋褟薪芯械	0.000263	0.116534	0.000031
芯谐薪械薪薪芯泄	0.000263	0.116534	0.000031
芯谐薪褟	0.000263	0.116534	0.000031
芯谐褍褉褑褘	0.000525	0.116534	0.000061
芯写懈薪邪泻芯胁芯	0.000263	3.506558	0.000921
芯写薪芯屑	0.000263	1.771957	0.000466
芯写薪芯褝褌邪卸薪褘泄	0.000263	2.302585	0.000605
芯泻邪蟹邪谢芯褋褜	0.000263	1.832581	0.000481
芯泻褉芯褕泻邪	0.000788	0.040822	0.000032
芯泻褌褟斜褉褟	0.000788	0.562119	0.000443
芯谢邪写褜懈	0.000788	0.040822	0.000032
芯谢械泄薪邪	0.000788	0.116534	0.000092
芯谢械泄薪芯泄	0.001051	0.116534	0.000122
芯谢械泄薪褘	0.000263	0.127833	0.000034
芯谢懈胁械褉	0.000263	4.605170	0.001210
芯谢懈胁械褉邪	0.000525	2.525729	0.001327
芯谢懈胁泻芯胁芯械	0.000525	0.544727	0.000286
芯屑谢械褌	0.000263	0.040822	0.000011
芯锌邪褉邪	0.000263	0.040822	0.000011
芯锌褉芯褋	0.000263	0.061875	0.000016
芯锌褘褌薪芯谐芯	0.000263	4.605170	0.001210
芯锌褘褌芯屑	0.000263	3.506558	0.000921
芯褉械褏	0.000525	1.660731	0.000873
芯褉械褏邪屑懈	0.000263	2.659260	0.000699
芯褉械褏懈	0.000525	1.139434	0.000599
芯褉懈谐懈薪邪谢械	0.000263	2.995732	0.000787
芯褉懈谐懈薪邪谢褜薪褘械	0.000263	2.995732	0.000787
芯褋胁芯斜芯写褟褌	0.000263	4.605170	0.001210
芯褋械薪薪械械	0.000263	0.116534	0.000031
芯褋械薪薪懈械	0.000263	0.051293	0.000013
芯褋械薪薪懈泄	0.000525	0.116534	0.000061
芯褋械薪褜	0.002627	0.105361	0.000277
芯褋薪芯胁薪芯械	0.000263	0.040822	0.000011
芯褋芯斜械薪薪芯	0.000263	1.469676	0.000386
芯褋褌邪胁谢械薪芯	0.000263	3.506558	0.000921
芯褋褌邪械褌褋褟	0.000263	0.116534	0.000031
芯褋褌邪谢褜薪褘褏	0.000263	3.912023	0.001028
芯褋褌褉芯谐芯	0.000263	3.506558	0.000921
芯褌斜懈褌芯谐芯	0.000263	4.605170	0.001210
芯褌胁邪褉薪芯泄	0.000263	4.605170	0.001210
芯褌胁械褌懈褌褜	0.000263	0.051293	0.000013
芯褌胁械褌芯胁	0.000263	0.051293	0.000013
芯褌胁械褌褘	0.000263	0.000000	0.000000
芯褌写邪褢屑	0.000263	4.605170	0.001210
芯褌泻褉褘谢邪	0.000263	3.218876	0.000846
芯褌泻褉褘褌褘泄	0.000788	0.116534	0.000092
芯褌谢懈褔邪褞褌褋褟	0.000263	2.813411	0.000739
芯褌谢懈褔薪芯械	0.000263	2.995732	0.000787
芯褌屑械薪懈褌褜	0.000263	0.040822	0.000011
芯褌薪芯褋懈褌械谢褜薪邪褟	0.000263	4.605170	0.001210
芯褌薪芯褋懈褌褋褟	0.000263	2.120264	0.000557
芯褌锌邪写邪械褌	0.000263	3.912023	0.001028
芯褌褋褞写邪	0.000263	3.218876	0.000846
芯褏谢邪写懈褌褜	0.000263	0.116534	0.000031
芯褔械褉械写薪芯泄	0.000263	1.771957	0.000466
锌邪泻械褌懈泻邪褏	0.000263	0.105361	0.000028
锌邪谢芯褔泻懈	0.000263	0.040822	0.000011
锌邪薪懈褉芯胁泻邪	0.002102	0.116534	0.000245
锌邪薪懈褉芯胁泻械	0.000525	3.912023	0.002056
锌邪薪懈褉芯胁芯褔薪褘械	0.000263	1.309333	0.000344
锌邪锌褉懈泻邪	0.002627	1.203973	0.003163
锌邪褉邪	0.000263	0.116534	0.000031
锌邪褉邪写	0.001839	0.116534	0.000214
锌邪褉芯胁邪褉泻械	0.002365	0.116534	0.000276
锌邪褉芯谢褜	0.000263	0.020203	0.000005
锌邪褉褍	0.000263	1.966113	0.000517
锌邪褋褌邪	0.001314	0.040822	0.000054
锌邪褋褌褉芯屑邪	0.000263	0.040822	0.000011
锌邪褋褏邪	0.000525	0.040822	0.000021
锌邪褋褏邪谢褜薪邪褟	0.000525	0.116534	0.000061
锌邪褋褏邪谢褜薪褘泄	0.000263	0.127833	0.000034
锌邪褕褌械褌	0.000263	0.040822	0.000011
锌邪褕褌械褌褘	0.000525	0.116534	0.000061
锌械泻邪褉褟	0.000263	0.127833	0.000034
锌械谢褜屑械薪懈	0.000263	0.116534	0.000031
锌械褉胁芯械	0.000525	0.040822	0.000021
锌械褉胁芯泻谢邪褕泻邪	0.000263	4.605170	0.001210
锌械褉胁褘械	0.000263	0.127833	0.000034
锌械褉胁褘泄	0.000263	1.309333	0.000344
锌械褉胁褘屑	0.000263	0.116534	0.000031
锌械褉胁褘褏	0.000263	2.120264	0.000557
锌械褉械写邪褌褜	0.000263	3.218876	0.000846
锌械褉械写邪褔邪	0.000525	3.912023	0.002056
锌械褉械写邪褔邪褏	0.000263	3.912023	0.001028
锌械褉械械写邪褌褜	0.000263	4.605170	0.001210
锌械褉械泄褌懈	0.000263	0.040822	0.000011
锌械褉械泻褍褋	0.000525	0.116534	0.000061
锌械褉械褑	0.007620	0.040822	0.000311
锌械褉褋芯薪褘	0.000263	0.116534	0.000031
锌械褉褍邪薪褋泻邪褟	0.000263	0.116534	0.000031
锌械褉褑械胁	0.000525	2.659260	0.001397
锌械褉褑械屑	0.000263	2.525729	0.000664
锌械褋芯褔薪芯械	0.000525	0.105361	0.000055
锌械褋芯褔薪褘泄	0.000263	0.116534	0.000031
锌械褌械谢懈薪泻懈	0.000263	0.127833	0.000034
锌械褌褉褍褕泻邪	0.000525	0.693147	0.000364
锌械褔械薪芯褔薪褘泄	0.000263	0.040822	0.000011
锌械褔械薪褜械	0.002365	0.040822	0.000097
锌械褔懈	0.000263	0.127833	0.000034
锌懈胁芯	0.000263	0.116534	0.000031
锌懈泻邪薪褌褘	0.000263	0.127833	0.000034
锌懈泻薪懈泻	0.000525	0.116534	0.000061
锌懈泻薪懈泻邪	0.000263	0.116534	0.000031
锌懈泻薪懈泻褍	0.000263	0.105361	0.000028
锌懈褉	0.000263	0.116534	0.000031
锌懈褉邪屑懈写泻褍	0.000263	4.605170	0.001210
锌懈褉芯谐	0.001576	0.040822	0.000064
锌懈褉芯谐懈	0.000263	0.105361	0.000028
锌懈褉芯卸泻懈	0.000263	0.040822	0.000011
锌懈褉芯卸薪芯械	0.000263	0.040822	0.000011
锌懈褉芯卸薪褘械	0.000263	0.116534	0.000031
锌懈褌邪薪懈械	0.001314	0.105361	0.000138
锌懈褑褑邪	0.000525	0.040822	0.000021
锌谢邪胁谢械薪褘泄	0.000525	1.237874	0.000650
锌谢邪屑褟	0.000263	0.116534	0.000031
锌谢懈褌邪	0.001051	0.127833	0.000134
锌谢芯胁	0.000263	0.116534	0.000031
锌谢芯写褘	0.000263	0.116534	0.000031
锌谢芯褌薪邪褟	0.000263	4.605170	0.001210
锌芯斜邪谢芯胁邪褌褜	0.000263	2.525729	0.000664
锌芯斜械写懈褌械谢褜	0.000263	4.605170	0.001210
锌芯胁邪褉	0.000263	2.407946	0.000633
锌芯胁邪褉械薪泻械	0.000263	0.040822	0.000011
锌芯胁邪褉械薪芯泻	0.000263	0.061875	0.000016
锌芯胁邪褉褟褌	0.000263	0.116534	0.000031
锌芯胁邪褉褟褌邪屑懈	0.000263	0.040822	0.000011
锌芯胁邪褉褢薪泻邪	0.000263	0.116534	0.000031
锌芯胁懈写谢芯	0.000263	0.040822	0.000011
锌芯胁褌芯褉懈褌褜	0.000263	3.506558	0.000921
锌芯写邪褉泻芯胁	0.000263	0.116534	0.000031
锌芯写邪褌褜	0.000525	1.560648	0.000820
锌芯写斜芯褉泻懈	0.000263	4.605170	0.001210
锌芯写胁械褉卸械薪褘	0.000263	4.605170	0.001210
锌芯写械谢懈褌褜褋褟	0.000263	0.478036	0.000126
锌芯写谢懈胁邪	0.000263	0.116534	0.000031
锌芯写谢懈胁泻邪	0.000263	0.040822	0.000011
锌芯写屑械薪懈褌褜	0.000263	4.605170	0.001210
锌芯写芯斜薪褘械	0.000263	3.218876	0.000846
锌芯写芯泄写械褌	0.000263	1.832581	0.000481
锌芯写锌懈褋邪褌褜褋褟	0.000263	0.040822	0.000011
锌芯写锌懈褕懈褌械褋褜	0.000525	0.040822	0.000021
锌芯写褋芯谢薪械褔薪芯械	0.000525	1.347074	0.000708
锌芯械写懈薪泻懈	0.003678	0.116534	0.000429
锌芯卸械谢邪械褌械	0.000263	3.912023	0.001028
锌芯卸懈褉薪械械	0.000263	4.605170	0.001210
锌芯蟹写薪械械	0.000263	4.605170	0.001210
锌芯蟹写褉邪胁褜	0.000263	0.116534	0.000031
锌芯蟹卸械	0.000263	3.218876	0.000846
锌芯懈褋泻	0.000263	0.051293	0.000013
锌芯泻褍锌邪褌褜	0.000263	2.995732	0.000787
锌芯谢写薪懈泻	0.000525	0.116534	0.000061
锌芯谢械蟹薪芯	0.000263	0.116534	0.000031
锌芯谢懈褌懈泻芯泄	0.000263	0.040822	0.000011
锌芯谢薪褘泄	0.000263	2.040221	0.000536
锌芯谢芯胁懈薪邪	0.002102	0.116534	0.000245
锌芯谢芯褋邪褌邪褟	0.000525	4.605170	0.002420
锌芯谢褍褋谢邪写泻芯械	0.000525	4.605170	0.002420
锌芯谢褍褔邪械褌褋褟	0.000788	0.400478	0.000316
锌芯谢褍褔邪泄褌械	0.000263	0.040822	0.000011
锌芯谢褍褔邪褌褜	0.000263	0.040822	0.000011
锌芯谢褜蟹邪	0.000263	0.127833	0.000034
锌芯谢褜蟹芯胁邪褌械谢械屑	0.000263	2.040221	0.000536
锌芯谢褜蟹芯泄	0.001051	0.116534	0.000122
锌芯谢褜蟹褍褞褋褜	0.000263	2.407946	0.000633
锌芯谢褜褋泻邪褟	0.000263	0.116534	0.000031
锌芯屑邪写泻邪	0.000525	0.040822	0.000021
锌芯屑邪写泻懈	0.000263	0.116534	0.000031
锌芯屑懈写芯褉	0.000525	0.713350	0.000375
锌芯屑懈写芯褉泻懈	0.000263	0.127833	0.000034
锌芯屑懈写芯褉褘	0.001576	0.116534	0.000184
锌芯屑薪褞	0.000263	1.966113	0.000517
锌芯薪褉邪胁懈胁褕懈械褋褟	0.000263	0.040822	0.000011
锌芯薪褉邪胁懈谢芯褋褜	0.000263	1.514128	0.000398
锌芯薪褉邪胁懈褌褋褟	0.000525	1.427116	0.000750
锌芯薪褔懈泻懈	0.000525	0.040822	0.000021
锌芯锌褉芯斜褍泄褌械	0.000263	0.562119	0.000148
锌芯锌褉芯褋懈谢懈	0.000263	3.912023	0.001028
锌芯褉邪	0.000263	0.116534	0.000031
锌芯褉邪写芯胁邪褌褜	0.000263	2.407946	0.000633
锌芯褉邪写褍褞褌	0.000263	3.912023	0.001028
锌芯褉械胁薪芯胁邪褌褜	0.000263	4.605170	0.001210
锌芯褉芯褕芯泻	0.001576	0.916291	0.001444
锌芯褉褌褍谐邪谢褜褋泻邪褟	0.000263	0.116534	0.000031
锌芯褋械褖邪械褌械	0.000263	0.061875	0.000016
锌芯褋褌	0.001314	0.105361	0.000138
锌芯褋褌邪胁懈谢	0.000525	2.995732	0.001574
锌芯褋褌薪芯械	0.000263	0.116534	0.000031
锌芯褋褌薪褘械	0.000263	0.040822	0.000011
锌芯褋褌薪褘泄	0.000263	0.116534	0.000031
锌芯褋褌芯褟薪薪芯	0.000263	0.040822	0.000011
锌芯褋褌褉芯懈屑	0.000263	0.116534	0.000031
锌芯褋褍写邪	0.000525	0.094311	0.000050
锌芯褌褉褟褋邪褞褖械	0.000263	1.560648	0.000410
锌芯褔械屑褍	0.000263	1.203973	0.000316
锌芯褔褌懈	0.000525	1.021651	0.000537
锌芯褔褌褍	0.000263	0.040822	0.000011
锌芯褕邪谐芯胁褘械	0.000263	0.301105	0.000079
锌芯褕邪谐芯胁褘屑懈	0.000263	0.040822	0.000011
锌褉邪胁懈谢褜薪褘泄	0.000263	3.506558	0.000921
锌褉邪蟹写薪懈泻邪	0.000525	0.116534	0.000061
锌褉邪蟹写薪懈泻懈	0.000263	1.771957	0.000466
锌褉邪蟹写薪懈褔薪芯	0.000263	0.116534	0.000031
锌褉邪蟹写薪懈褔薪芯谐芯	0.000263	0.116534	0.000031
锌褉邪蟹写薪懈褔薪芯屑褍	0.000263	4.605170	0.001210
锌褉邪蟹写薪懈褔薪褘泄	0.000525	0.116534	0.000061
锌褉邪蟹写薪懈褔薪褘屑	0.000263	2.995732	0.000787
锌褉邪泻褌懈泻褍屑	0.000263	0.116534	0.000031
锌褉械胁芯褋褏芯写薪褘械	0.000263	0.116534	0.000031
锌褉械胁褉邪褖械薪懈褟	0.000263	0.116534	0.000031
锌褉械写胁邪褉懈褌械谢褜薪芯	0.000263	2.813411	0.000739
锌褉械写谢邪谐邪褞	0.000263	0.693147	0.000182
锌褉械写谢芯卸懈褌褜	0.000525	1.237874	0.000650
锌褉械写锌芯褔懈褌邪褞褌	0.000263	4.605170	0.001210
锌褉械写锌芯褔褌械薪懈械	0.000263	4.605170	0.001210
锌褉械褋薪芯械	0.000263	0.116534	0.000031
锌褉懈谐谢邪褕邪褞	0.000525	2.207275	0.001160
锌褉懈谐芯褌芯胁懈胁	0.000263	2.995732	0.000787
锌褉懈谐芯褌芯胁懈谢	0.000263	3.218876	0.000846
锌褉懈谐芯褌芯胁懈屑	0.000263	0.116534	0.000031
锌褉懈谐芯褌芯胁懈褌褜	0.001051	0.342490	0.000360
锌褉懈谐芯褌芯胁谢械薪懈械	0.000263	0.105361	0.000028
锌褉懈谐芯褌芯胁谢械薪懈褞	0.000263	0.040822	0.000011
锌褉懈谐芯褌芯胁谢械薪懈褟	0.001839	0.371064	0.000682
锌褉懈写械褌褋褟	0.000263	2.995732	0.000787
锌褉懈写褍屑邪谢褋褟	0.000263	3.912023	0.001028
锌褉懈卸懈谢芯褋褜	0.000263	4.605170	0.001210
锌褉懈蟹薪邪薪懈械	0.000263	0.116534	0.000031
锌褉懈蟹芯胁	0.000263	0.040822	0.000011
锌褉懈蟹芯屑	0.000263	4.605170	0.001210
锌褉懈芯斜褉械褋褌懈	0.000263	4.605170	0.001210
锌褉懈芯斜褉械褌械薪薪褘屑	0.000263	4.605170	0.001210
锌褉懈锌褉邪胁邪	0.001839	0.040822	0.000075
锌褉懈褉芯写褍	0.000263	0.116534	0.000031
锌褉懈褉芯写褘	0.000263	0.116534	0.000031
锌褉懈褋褌褍锌懈褌褜	0.000263	0.040822	0.000011
锌褉懈褕谢邪	0.000263	2.995732	0.000787
锌褉芯斜芯胁邪谢邪	0.000263	1.897120	0.000498
锌褉芯胁械写懈	0.001051	0.116534	0.000122
锌褉芯胁械褉械薪芯	0.001576	0.116534	0.000184
锌褉芯胁芯写懈屑褘褏	0.000263	0.040822	0.000011
锌褉芯胁芯卸邪械屑	0.000263	0.116534	0.000031
锌褉芯写褍泻褌芯胁	0.000525	0.094311	0.000050
锌褉芯械泻褌芯胁	0.000263	0.116534	0.000031
锌褉芯械泻褌褘	0.000263	0.061875	0.000016
锌褉芯蟹褉邪褔薪芯谐芯	0.000263	4.605170	0.001210
锌褉芯蟹褉邪褔薪褘泄	0.000263	3.506558	0.000921
锌褉芯懈褋褏芯写懈谢芯	0.000263	4.605170	0.001210
锌褉芯锌懈褌褘胁邪械褌褋褟	0.000263	2.995732	0.000787
锌褉芯褋懈谢懈	0.000263	4.605170	0.001210
锌褉芯褋屑芯褌褉邪屑	0.000263	0.274437	0.000072
锌褉芯褋褌芯	0.001314	0.083382	0.000110
锌褉芯褋褌芯泻胁邪褕邪	0.000263	0.040822	0.000011
锌褉芯褋褌褘褏	0.000263	2.207275	0.000580
锌褉芯褎懈谢褜	0.000263	0.040822	0.000011
锌褉芯褏芯写懈谢懈	0.000263	4.605170	0.001210
锌褉芯褖械	0.000263	1.660731	0.000436
锌褉褟屑芯	0.000263	0.040822	0.000011
锌褉褟薪懈泻	0.000263	0.040822	0.000011
锌褉褟薪懈泻懈	0.000263	0.116534	0.000031
锌褉褟薪懈褔薪芯械	0.000263	0.116534	0.000031
锌褌懈褑邪	0.001314	0.116534	0.000153
锌褌懈褑械	0.000525	0.116534	0.000061
锌褌懈褑械泄	0.000263	0.127833	0.000034
锌褌懈褑褘	0.004992	0.116534	0.000582
锌褌懈褔褜械	0.000788	1.832581	0.001444
锌褍写懈薪谐	0.000263	0.040822	0.000011
锌褍写懈薪谐懈	0.000525	0.116534	0.000061
锌褍薪褕	0.000263	0.040822	0.000011
锌褍褌械褕械褋褌胁懈械	0.000525	0.116534	0.000061
锌褍褌懈	0.000263	3.506558	0.000921
锌褍褌褜	0.000263	0.116534	0.000031
锌褕械薪懈褔薪邪褟	0.001051	0.287682	0.000302
锌褘褕泻懈	0.000263	0.040822	0.000011
锌褞褉械	0.001051	0.040822	0.000043
锌褟褌械褉芯	0.000263	4.605170	0.001210
褉邪谐褍	0.000263	0.116534	0.000031
褉邪蟹	0.000525	0.446287	0.000235
褉邪蟹胁邪谢懈谢褋褟	0.000263	4.605170	0.001210
褉邪蟹胁械褉薪褍褌褜	0.000263	0.116534	0.000031
褉邪蟹写械谢褜薪芯械	0.000263	0.116534	0.000031
褉邪蟹写械谢褟械褌	0.000263	4.605170	0.001210
褉邪蟹谢懈褔薪褘屑懈	0.000263	2.995732	0.000787
褉邪蟹屑械褖褍	0.000263	4.605170	0.001210
褉邪蟹薪芯谐芯	0.000263	4.605170	0.001210
褉邪蟹薪芯褑胁械褌薪邪褟	0.000263	4.605170	0.001210
褉邪蟹薪褘械	0.001051	0.116534	0.000122
褉邪蟹薪褘屑	0.000263	4.605170	0.001210
褉邪蟹薪褘褏	0.000525	2.120264	0.001114
褉邪屑泻邪褏	0.000263	1.832581	0.000481
褉邪褋泻褉邪褋泻懈	0.000263	2.120264	0.000557
褉邪褋褋泻邪蟹褘胁邪谢邪	0.000263	3.912023	0.001028
褉邪褋褋芯谢褜薪懈泻	0.000525	0.040822	0.000021
褉邪褋褋芯谢褜薪懈泻邪	0.000263	0.116534	0.000031
褉邪褋褋褘谢泻懈	0.000263	0.061875	0.000016
褉邪褋褌懈褌械谢褜薪芯械	0.003153	0.235722	0.000743
褉械谐懈褋褌褉邪褑懈懈	0.000525	0.010050	0.000005
褉械谐懈褋褌褉邪褑懈褟	0.000263	0.000000	0.000000
褉械泄褌懈薪谐褍	0.000263	0.248461	0.000065
褉械泻芯屑械薪写褍褞	0.000263	1.049822	0.000276
褉械锌褔邪褌褘泄	0.002627	0.430783	0.001132
褉械褑械锌褌	0.004992	0.040822	0.000204
褉械褑械锌褌邪屑	0.000263	2.659260	0.000699
褉械褑械锌褌邪褏	0.000263	0.061875	0.000016
褉械褑械锌褌械	0.000263	1.171183	0.000308
褉械褑械锌褌芯胁	0.001839	0.040822	0.000075
褉械褑械锌褌芯屑	0.000788	0.693147	0.000546
褉械褑械锌褌褍	0.000263	0.891598	0.000234
褉械褑械锌褌褘	0.019180	0.040822	0.000783
褉械褔褜	0.000263	3.506558	0.000921
褉械褕懈谢	0.000263	2.995732	0.000787
褉懈褋	0.001839	0.040822	0.000075
褉懈褋邪	0.000263	0.116534	0.000031
褉懈褋芯胁邪褟	0.000525	2.995732	0.001574
褉懈褌屑械	0.000263	0.116534	0.000031
褉懈褎	0.000525	4.605170	0.002420
褉芯谐邪谢懈泻懈	0.000263	0.040822	0.000011
褉芯写薪芯械	0.000263	0.116534	0.000031
褉芯卸写械薪懈褟	0.000263	0.105361	0.000028
褉芯卸写械褋褌胁芯	0.000263	0.116534	0.000031
褉芯蟹屑邪褉懈薪	0.000525	1.609438	0.000846
褉芯蟹芯胁褘泄	0.000525	3.912023	0.002056
褉芯谢谢褌芯薪	0.000263	0.116534	0.000031
褉芯谢谢褘	0.000525	0.040822	0.000021
褉芯屑	0.000263	0.040822	0.000011
褉芯屑薪懈	0.000263	4.605170	0.001210
褉褍斜褉懈泻邪褌芯褉	0.000263	0.051293	0.000013
褉褍谢械褌	0.000263	0.040822	0.000011
褉褍谢械褌褘	0.003153	0.116534	0.000367
褉褍谢褟写邪	0.000263	4.605170	0.001210
褉褍谢褟写褍	0.000263	4.605170	0.001210
褉褍屑褘薪褋泻邪褟	0.000263	0.116534	0.000031
褉褍屑褟薪褘械	0.000263	0.116534	0.000031
褉褍薪械褌械	0.000263	0.020203	0.000005
褉褍褋褋泻邪褟	0.000263	0.116534	0.000031
褉褘斜邪	0.002365	0.040822	0.000097
褉褘斜械	0.000525	0.116534	0.000061
褉褘斜薪邪褟	0.000263	0.116534	0.000031
褉褘斜薪芯谐芯	0.000525	0.116534	0.000061
褉褘斜薪褘械	0.001051	0.116534	0.000122
褉褘斜薪褘泄	0.000525	0.116534	0.000061
褉褘斜薪褘褏	0.000263	0.116534	0.000031
褉褘斜芯泄	0.000525	0.116534	0.000061
褉褘斜褘	0.003153	0.116534	0.000367
褉褟卸械薪泻邪	0.000263	0.116534	0.000031
褋邪泄褌	0.001051	0.000000	0.000000
褋邪泄褌邪	0.000263	1.108663	0.000291
褋邪泄褌械	0.000788	0.462035	0.000364
褋邪泄褌褍	0.000525	0.061875	0.000033
褋邪谢邪褌	0.000263	0.094311	0.000025
褋邪谢邪褌薪邪褟	0.000263	0.116534	0.000031
褋邪谢邪褌芯胁	0.000788	2.995732	0.002361
褋邪谢邪褌褘	0.008145	0.040822	0.000332
褋邪屑芯谐芯薪	0.000263	0.040822	0.000011
褋邪屑芯屑褍	0.000263	2.995732	0.000787
褋邪屑芯褋褌芯褟褌械谢褜薪芯械	0.000263	2.207275	0.000580
褋邪屑褘械	0.000263	1.832581	0.000481
褋邪屑褘泄	0.000263	1.021651	0.000268
褋邪屑褘屑	0.000263	1.386294	0.000364
褋邪屑褘褏	0.000525	0.116534	0.000061
褋邪褎	0.000788	0.116534	0.000092
褋邪褎褋械屑	0.000263	0.116534	0.000031
褋邪褏邪褉	0.002102	0.116534	0.000245
褋斜懈褌械薪褜	0.000263	0.040822	0.000011
褋胁械卸械褋褌褜	0.000263	0.105361	0.000028
褋胁械泻谢邪	0.000263	0.040822	0.000011
褋胁械泻芯谢褜薪懈泻	0.000525	0.040822	0.000021
褋胁械褌邪	0.001051	0.116534	0.000122
褋胁械褌谢邪薪邪	0.000263	2.995732	0.000787
褋胁懈薪懈薪邪	0.000263	0.040822	0.000011
褋胁懈薪懈薪褘	0.001051	0.116534	0.000122
褋胁懈薪芯泄	0.000525	2.995732	0.001574
褋胁芯斜芯写邪	0.000263	4.605170	0.001210
褋胁芯械	0.000263	0.116534	0.000031
褋胁芯械屑	0.000263	0.040822	0.000011
褋胁芯械屑褍	0.000263	2.525729	0.000664
褋胁芯懈屑	0.000263	0.040822	0.000011
褋胁芯褞	0.000263	0.040822	0.000011
褋谐褍褖械薪泻邪	0.000263	0.040822	0.000011
褋械写褜屑芯泄	0.000263	4.605170	0.001210
褋械蟹芯薪	0.000263	0.116534	0.000031
褋械泄褔邪褋	0.000263	0.030459	0.000008
褋械泻褉械褌褘	0.000788	0.116534	0.000092
褋械谢械写泻邪	0.000263	0.040822	0.000011
褋械屑谐邪	0.000263	0.040822	0.000011
褋械屑械泄薪芯谐芯	0.000263	2.407946	0.000633
褋械屑械泄薪褘泄	0.000263	0.116534	0.000031
褋械屑褜懈	0.000263	0.116534	0.000031
褋械屑褜褞	0.000263	2.207275	0.000580
褋械薪褌褟斜褉褟	0.000788	0.673345	0.000531
褋械褉懈懈	0.000263	2.407946	0.000633
褋懈写薪械褟	0.000263	4.605170	0.001210
褋懈写褉	0.000263	0.040822	0.000011
褋懈褉懈泄褋泻邪褟	0.000263	0.116534	0.000031
褋懈褉芯锌	0.000263	0.040822	0.000011
褋懈褉芯锌褘	0.000263	0.116534	0.000031
褋懈褋褌械屑褘	0.000263	0.040822	0.000011
褋懈褌懈	0.000263	0.127833	0.000034
褋懈褟	0.000263	4.605170	0.001210
褋泻邪蟹邪褌褜	0.000788	0.653926	0.000515
褋泻邪蟹芯泻	0.000263	0.116534	0.000031
褋泻芯胁芯褉芯写械	0.000263	1.560648	0.000410
褋泻芯褉械械	0.000263	2.525729	0.000664
褋泻芯褉芯屑	0.000263	4.605170	0.001210
褋谢邪胁邪	0.000263	4.605170	0.001210
褋谢邪写泻邪褟	0.003153	0.116534	0.000367
褋谢邪写泻懈械	0.001576	0.040822	0.000064
褋谢邪写泻懈泄	0.002365	0.105361	0.000249
褋谢邪写泻懈褏	0.000525	0.116534	0.000061
褋谢邪写泻芯	0.000263	0.116534	0.000031
褋谢邪写泻芯胁邪褌芯	0.000263	3.912023	0.001028
褋谢邪写泻芯械	0.000263	2.407946	0.000633
褋谢械写懈褌	0.000263	2.995732	0.000787
褋谢懈胁泻懈	0.001051	1.078810	0.001134
褋谢懈胁芯褔薪芯械	0.001051	0.116534	0.000122
褋谢芯胁邪屑懈	0.000263	2.407946	0.000633
褋谢芯械薪芯谐芯	0.000263	0.127833	0.000034
褋谢芯械薪芯械	0.000263	0.116534	0.000031
褋谢芯械薪褘泄	0.000263	0.116534	0.000031
褋谢芯卸薪褘泄	0.000263	3.912023	0.001028
褋谢芯泄泻邪	0.000263	0.040822	0.000011
褋谢芯泄泻懈	0.000263	0.116534	0.000031
褋屑械褋褜	0.001051	1.660731	0.001745
褋屑械褌邪薪邪	0.001314	0.105361	0.000138
褋屑械褌邪薪薪芯	0.000263	3.912023	0.001028
褋屑械褕邪薪薪芯谐芯	0.000263	0.116534	0.000031
褋屑芯卸械褌械	0.000263	0.040822	0.000011
褋屑褍蟹懈	0.000788	0.040822	0.000032
褋薪邪褔邪谢邪	0.000263	2.120264	0.000557
褋薪褝泻	0.000263	0.116534	0.000031
褋芯斜懈褉邪械褌械褋褜	0.000263	0.040822	0.000011
褋芯斜懈褉邪褌褜	0.000263	3.912023	0.001028
褋芯胁械褉褕械薪薪芯	0.000263	1.171183	0.000308
褋芯胁械褉褕械薪褋褌胁芯	0.001314	0.116534	0.000153
褋芯胁械褌邪屑懈	0.000263	0.040822	0.000011
褋芯胁械褌褍褞	0.000263	1.139434	0.000299
褋芯谐谢邪褕邪械褌械褋褜	0.000263	0.040822	0.000011
褋芯械胁褘泄	0.001051	0.798508	0.000839
褋芯蟹写邪械褌	0.000263	0.116534	0.000031
褋芯蟹写邪薪懈褟	0.000525	0.261365	0.000137
褋芯泻	0.000788	0.116534	0.000092
褋芯泻邪	0.000263	0.105361	0.000028
褋芯泻懈	0.000263	0.040822	0.000011
褋芯泻芯屑	0.000263	2.207275	0.000580
褋芯谢械薪褘械	0.000788	0.116534	0.000092
褋芯谢械薪褜褟	0.000525	0.116534	0.000061
褋芯谢薪械褔薪芯泄	0.000263	0.127833	0.000034
褋芯谢褜	0.006306	0.150823	0.000951
褋芯谢褟薪泻邪	0.000525	0.040822	0.000021
褋芯褉褌懈褉芯胁邪褌褜	0.000263	0.248461	0.000065
褋芯褋褌邪胁褜	0.000263	0.116534	0.000031
褋芯褍褋	0.003153	0.040822	0.000129
褋芯褍褋械	0.001314	1.897120	0.002492
褋芯褍褋芯屑	0.001314	0.116534	0.000153
褋芯褍褋褘	0.001051	0.116534	0.000122
褋芯褏褉邪薪褟褌褜	0.000263	0.040822	0.000011
褋芯褑褋械褌懈	0.000263	0.040822	0.000011
褋芯褔械褌邪薪懈械	0.000263	0.116534	0.000031
褋芯褔薪芯械	0.000525	0.116534	0.000061
褋锌邪谢褜薪褟屑懈	0.000263	0.446287	0.000117
褋锌械褑懈邪谢褜薪芯	0.000263	2.813411	0.000739
褋锌械褑懈邪谢褜薪芯谐芯	0.000263	3.912023	0.001028
褋锌械褑懈邪谢褜薪芯械	0.000263	0.116534	0.000031
褋锌械褑懈邪谢褜薪褘褏	0.000263	3.912023	0.001028
褋锌械褑懈懈	0.000788	0.105361	0.000083
褋锌械褑懈泄	0.000788	1.966113	0.001550
褋锌械褑懈褟	0.000263	4.605170	0.001210
褋锌械褑锌褉芯械泻褌	0.008671	0.116534	0.001010
褋锌懈褋芯泻	0.000263	0.116534	0.000031
褋锌芯写胁懈谐谢邪	0.000263	4.605170	0.001210
褋锌芯泻邪薪	0.000263	4.605170	0.001210
褋锌芯褋芯斜	0.000263	1.427116	0.000375
褋锌芯褋芯斜芯屑	0.000263	2.207275	0.000580
褋锌芯褞	0.000263	0.116534	0.000031
褋褉械写邪	0.000263	3.506558	0.000921
褋褉械写懈蟹械屑薪芯屑芯褉褋泻邪褟	0.000263	0.127833	0.000034
褋褌邪褉锌芯屑	0.000263	4.605170	0.001210
褋褌邪褉褘械	0.000263	0.261365	0.000069
褋褌邪褌褜褟褏	0.000263	0.061875	0.000016
褋褌懈谢械	0.000263	0.116534	0.000031
褋褌懈谢褟	0.000263	0.116534	0.000031
褋褌芯谢	0.000788	0.105361	0.000083
褋褌芯谢邪	0.001576	0.116534	0.000184
褋褌芯谢芯屑	0.000263	2.995732	0.000787
褋褌芯谢褍	0.000263	2.302585	0.000605
褋褌芯褞	0.000263	4.605170	0.001210
褋褌褉邪褕懈谢芯泻	0.000263	3.912023	0.001028
褋褌褉械谢泻邪	0.000263	4.605170	0.001210
褋褌褉芯懈褌械谢褜褋褌胁械	0.000263	0.040822	0.000011
褋褌褉芯懈褌械谢褜褋褌胁褍	0.000263	0.040822	0.000011
褋褌褉芯懈褌褜	0.000263	0.040822	0.000011
褋褌褉芯泄薪芯泄	0.000263	0.116534	0.000031
褋褍斜锌褉芯写褍泻褌芯胁	0.001839	0.116534	0.000214
褋褍斜锌褉芯写褍泻褌褘	0.000788	0.116534	0.000092
褋褍锌	0.002365	0.040822	0.000097
褋褍锌邪	0.000263	0.040822	0.000011
褋褍锌褔懈泻	0.000263	2.302585	0.000605
褋褍锌褘	0.002365	0.040822	0.000097
褋褍褎谢械	0.000788	0.040822	0.000032
褋褍褏邪褉懈	0.000525	0.040822	0.000021
褋褍褏芯胁邪褌芯	0.000263	3.506558	0.000921
褋褍褕懈	0.000525	0.040822	0.000021
褋褘褉	0.002890	0.040822	0.000118
褋褘褉邪	0.001314	0.116534	0.000153
褋褘褉邪屑懈	0.000263	0.127833	0.000034
褋褘褉薪懈泻	0.000263	0.040822	0.000011
褋褘褉薪懈泻懈	0.000525	0.116534	0.000061
褋褘褉薪芯屑	0.000525	3.506558	0.001843
褋褘褉薪褘械	0.001051	0.040822	0.000043
褋褘褉芯屑	0.000263	0.713350	0.000187
褋褘褌薪芯械	0.000263	2.207275	0.000580
褋褘褌薪褘泄	0.000525	0.105361	0.000055
褋褘褔褍卸薪褘屑懈	0.000263	0.127833	0.000034
褋褝薪写胁懈褔懈	0.000263	0.127833	0.000034
褋褞褉锌褉懈蟹	0.000263	0.116534	0.000031
褌邪写卸懈泻褋泻邪褟	0.000263	0.116534	0.000031
褌邪泄褋泻邪褟	0.000263	0.116534	0.000031
褌邪泻懈	0.000263	1.237874	0.000325
褌邪泻懈屑	0.000525	1.021651	0.000537
褌邪褉褌	0.000525	0.116534	0.000061
褌邪褉褌邪谢械褌泻懈	0.000525	0.040822	0.000021
褌邪褌邪褉褋泻邪褟	0.000263	0.116534	0.000031
褌邪褌褜褟薪邪	0.000263	3.912023	0.001028
褌胁械褉写褘泄	0.001051	0.562119	0.000591
褌胁芯懈	0.000525	0.116534	0.000061
褌胁芯褉懈	0.000263	0.116534	0.000031
褌胁芯褉芯谐	0.000525	0.040822	0.000021
褌胁芯褉芯谐芯屑	0.000263	0.105361	0.000028
褌胁芯褉芯卸薪芯械	0.000263	0.116534	0.000031
褌胁芯褉芯卸薪褘械	0.000525	0.116534	0.000061
褌胁芯褉芯卸薪褘泄	0.000263	0.116534	0.000031
褌械谢械谐褉邪屑	0.000263	0.040822	0.000011
褌械谢褟褌懈薪褘	0.001051	0.116534	0.000122
褌械屑	0.000788	0.967584	0.000763
褌械锌谢芯屑	0.000263	0.116534	0.000031
褌械褉褉懈薪	0.000263	0.040822	0.000011
褌械褋褌	0.001314	0.127833	0.000168
褌械褋褌邪	0.001576	0.105361	0.000166
褌械褋褌芯	0.002365	0.040822	0.000097
褌械褏	0.000263	0.634878	0.000167
褌械褏薪懈泻邪	0.001314	0.105361	0.000138
褌械褖懈薪	0.000263	0.040822	0.000011
褌屑	0.001051	0.127833	0.000134
褌芯屑	0.000263	1.171183	0.000308
褌芯屑邪褌邪屑懈	0.000263	2.407946	0.000633
褌芯屑邪褌薪邪褟	0.000525	1.560648	0.000820
褌芯屑邪褌褘	0.000525	2.302585	0.001210
褌芯锌谢械薪芯械	0.000263	0.116534	0.000031
褌芯褉褌	0.002890	0.040822	0.000118
褌芯褉褌褘	0.002365	0.116534	0.000276
褌褉邪胁褘	0.000263	0.105361	0.000028
褌褉邪写懈褑懈懈	0.000263	0.116534	0.000031
褌褉邪写懈褑懈泄	0.001051	0.116534	0.000122
褌褉邪写懈褑懈褟褏	0.000263	0.116534	0.000031
褌褉械斜褍褞褖械屑褍	0.000263	3.912023	0.001028
褌褉械褏谢械褌懈械屑	0.000263	0.116534	0.000031
褌褉懈	0.000263	1.386294	0.000364
褌褉褍斜芯褔泻懈	0.000263	0.040822	0.000011
褌褉褍写薪芯	0.000263	2.040221	0.000536
褌褍薪懈褋褋泻邪褟	0.000263	0.116534	0.000031
褌褍薪褑芯屑	0.000263	0.116534	0.000031
褌褍褉械褑泻邪褟	0.000263	0.116534	0.000031
褌褍褕泻懈	0.000263	3.912023	0.001028
褌褘泻胁邪	0.000263	0.040822	0.000011
褍胁械写芯屑谢械薪懈褟	0.000263	0.040822	0.000011
褍胁械褉褟褞	0.000263	2.813411	0.000739
褍胁谢械褔械薪懈褟	0.000263	4.605170	0.001210
褍谐芯褖邪泄褌械褋褜	0.000525	1.021651	0.000537
褍写邪褔薪邪褟	0.000263	0.116534	0.000031
褍写懈胁懈	0.000263	0.116534	0.000031
褍写懈胁谢褟泄褌械	0.001051	0.116534	0.000122
褍写芯斜械薪	0.000525	4.605170	0.002420
褍写芯胁芯谢褜褋褌胁懈械屑	0.000263	0.116534	0.000031
褍卸	0.000263	0.693147	0.000182
褍卸懈薪	0.002627	0.094311	0.000248
褍卸懈薪邪	0.000263	2.207275	0.000580
褍蟹斜械泻褋泻邪褟	0.000263	0.116534	0.000031
褍泻邪蟹邪薪芯	0.000263	3.506558	0.000921
褍泻褉邪懈薪褋泻邪褟	0.000263	0.116534	0.000031
褍泻褉邪褕械薪懈褟	0.002102	0.116534	0.000245
褍泻褉芯锌	0.000525	0.562119	0.000295
褍锌芯褌褉械斜谢械薪懈械屑	0.000263	0.116534	0.000031
褍褉邪	0.000263	2.120264	0.000557
褍褉邪谢褜褋泻邪褟	0.000263	0.116534	0.000031
褍褉芯卸邪泄	0.000263	0.105361	0.000028
褍褋谢邪谢	0.000263	4.605170	0.001210
褍褌泻懈	0.000788	0.116534	0.000092
褍褌褉邪	0.000263	3.218876	0.000846
褍褏邪	0.000263	0.040822	0.000011
褍褏芯写懈褌	0.000263	2.525729	0.000664
褍褔邪褋褌胁芯胁邪褌褜	0.000525	0.040822	0.000021
褍褔械褌邪	0.000263	4.605170	0.001210
褍褔懈褌褘胁邪褟	0.000263	2.659260	0.000699
褎邪蟹械薪写褘	0.000263	0.127833	0.000034
褎邪薪褌邪蟹懈懈	0.001576	0.116534	0.000184
褎邪薪褌邪蟹懈泄	0.000263	0.116534	0.000031
褎邪薪褌邪蟹懈褟	0.000263	0.116534	0.000031
褎邪薪褌邪褋褌懈褔械褋泻懈	0.000263	3.218876	0.000846
褎邪褉褕	0.000263	1.021651	0.000268
褎邪褉褕邪	0.003416	0.040822	0.000139
褎邪褉褕懈褉芯胁邪薪薪邪褟	0.000525	0.116534	0.000061
褎邪褉褕懈褉芯胁邪薪薪芯械	0.000263	0.116534	0.000031
褎邪褉褕懈褉芯胁邪薪薪褘械	0.000525	0.040822	0.000021
褎邪褉褕懈褉芯胁邪薪薪褘泄	0.000263	0.040822	0.000011
褎邪褋芯谢褜	0.000263	0.040822	0.000011
褎械胁褉邪谢褟	0.000525	0.105361	0.000055
褎械泄械褉胁械褉泻	0.000525	0.116534	0.000061
褎懈谐褍褉械	0.000263	0.116534	0.000031
褎懈谐褍褉芯泄	0.000263	2.995732	0.000787
褎懈谢械	0.001051	0.916291	0.000963
褎懈薪褋泻邪褟	0.000263	0.116534	0.000031
褎懈褉屑械薪薪芯械	0.000263	0.116534	0.000031
褎芯薪写褞	0.000263	0.040822	0.000011
褎芯褉屑褘	0.000263	0.116534	0.000031
褎芯褉褍屑械	0.000525	0.040822	0.000021
褎芯褉褕屑邪泻	0.000263	0.040822	0.000011
褎褉邪薪褑懈懈	0.000263	0.116534	0.000031
褎褉邪薪褑褍蟹褋泻邪褟	0.000263	0.116534	0.000031
褎褉邪薪褑褍蟹褋泻懈	0.000263	3.912023	0.001028
褎褉邪褍	0.001051	0.116534	0.000122
褎褉褍泻褌芯胁	0.001051	0.116534	0.000122
褎褉褍泻褌芯胁芯	0.000263	0.116534	0.000031
褎褉褍泻褌芯胁褘械	0.001839	0.040822	0.000075
褎褍写	0.000263	0.116534	0.000031
褎褍褉褕械褌	0.000263	0.116534	0.000031
褏邪谢胁邪	0.000263	0.040822	0.000011
褏邪褉胁械褋褌褎械褋褌	0.000525	0.116534	0.000061
褏邪褉褔芯	0.000525	0.040822	0.000021
褏邪褕	0.000263	0.040822	0.000011
褏胁芯褉芯褋褌	0.000263	0.040822	0.000011
褏懈薪泻邪谢懈	0.000263	0.116534	0.000031
褏懈褌	0.001839	0.116534	0.000214
褏谢械斜	0.001839	0.040822	0.000075
褏谢械斜芯屑	0.000525	2.525729	0.001327
褏谢械斜芯锌械褔泻懈	0.000263	0.116534	0.000031
褏谢芯锌褜褟	0.000525	0.105361	0.000055
褏芯蟹褟泄泻懈	0.000263	0.127833	0.000034
褏芯谢芯写械褑	0.000263	0.040822	0.000011
褏芯谢芯写薪褘械	0.000525	0.116534	0.000061
褏芯谢芯写薪褘泄	0.000525	0.116534	0.000061
褏芯褉胁邪褌褋泻邪褟	0.000263	0.116534	0.000031
褏芯褉芯褕	0.000263	2.120264	0.000557
褏芯褉芯褕芯	0.001314	0.105361	0.000138
褏芯褉褋	0.000263	0.116534	0.000031
褏芯褌懈褌械	0.000263	0.040822	0.000011
褏芯褔械褌	0.000263	2.040221	0.000536
褏芯褔褍	0.001051	0.562119	0.000591
褏褉褍褋褌褟褖械泄	0.000263	1.609438	0.000423
褏褍屑褍褋	0.000263	0.040822	0.000011
褑邪褉褋褌胁芯	0.000263	0.127833	0.000034
褑邪褉褜	0.000263	0.116534	0.000031
褑胁械褌薪邪褟	0.000263	0.040822	0.000011
褑械薪薪褘褏	0.000263	0.040822	0.000011
褑械薪褌褉	0.000263	0.116534	0.000031
褑懈褎褉褍	0.000263	4.605170	0.001210
褔邪械屑	0.000263	0.116534	0.000031
褔邪泄	0.000788	0.040822	0.000032
褔邪褋	0.000263	2.525729	0.000664
褔邪褋褌械泄	0.000263	4.605170	0.001210
褔邪褋褌械薪褜泻芯	0.000263	2.995732	0.000787
褔邪褕邪	0.000263	4.605170	0.001210
褔邪褖械	0.000263	2.995732	0.000787
褔械斜褍褉械泻懈	0.000525	0.040822	0.000021
褔械谐芯	0.000263	1.203973	0.000316
褔械褉泻懈蟹芯胁芯	0.000525	0.116534	0.000061
褔械褉薪褘泄	0.002627	0.371064	0.000975
褔械褉褉懈	0.001051	2.040221	0.002144
褔械褋薪芯泻	0.005255	0.314711	0.001654
褔械褋薪芯褔泻邪	0.000263	3.506558	0.000921
褔械褋薪芯褔薪芯屑	0.000263	3.912023	0.001028
褔械褋薪芯褔薪褘泄	0.000525	1.660731	0.000873
褔械褋薪芯褔薪褘屑	0.000263	3.218876	0.000846
褔械褋褌薪褘屑懈	0.000263	0.040822	0.000011
褔械褌褘褉械	0.000263	2.995732	0.000787
褔械褔械胁懈褑邪	0.000263	0.040822	0.000011
褔械褕褋泻邪褟	0.000263	0.116534	0.000031
褔懈邪斜邪褌褌邪	0.000263	3.506558	0.000921
褔懈蟹泻械泄泻	0.001051	0.040822	0.000043
褔懈谢懈	0.001051	1.237874	0.001301
褔懈谢懈泄褋泻邪褟	0.000263	0.116534	0.000031
褔懈锌褋褘	0.000263	0.040822	0.000011
褔懈褋谢械	0.000263	2.207275	0.000580
褔懈褋谢褍	0.000263	0.261365	0.000069
褔褌芯斜	0.000263	3.506558	0.000921
褔褍写械褋	0.000263	0.116534	0.000031
褔褍褌褜	0.000263	1.771957	0.000466
褕邪屑锌懈薪褜芯薪褘	0.000525	1.309333	0.000688
褕邪褉懈泻懈	0.000263	0.040822	0.000011
褕邪褉谢芯褌泻邪	0.000263	0.040822	0.000011
褕邪褉谢芯褌泻懈	0.000263	0.127833	0.000034
褕邪褉屑	0.000263	0.116534	0.000031
褕邪褕谢褘泻	0.003153	0.040822	0.000129
褕邪褕谢褘泻懈	0.000263	0.040822	0.000011
褕胁械写褋泻邪褟	0.000263	0.116534	0.000031
褕胁械泄褑邪褉褋泻邪褟	0.000263	0.116534	0.000031
褕械写械胁褉褘	0.000263	0.116534	0.000031
褕械褋褌褜	0.000263	3.912023	0.001028
褕械褎	0.000263	0.127833	0.000034
褕懈锌褍褔泻邪	0.000263	0.040822	0.000011
褕懈褉芯泻邪褟	0.000263	0.127833	0.000034
褕懈褌	0.000263	4.605170	0.001210
褕泻芯谢褍	0.000263	0.116534	0.000031
褕芯泻芯谢邪写	0.000263	0.040822	0.000011
褕芯褌谢邪薪写褋泻邪褟	0.000263	0.116534	0.000031
褕褌褉褍写械谢褜	0.000263	0.040822	0.000011
褕褍褉锌邪	0.000263	0.040822	0.000011
褖邪褋	0.000263	0.116534	0.000031
褖械写褉邪褟	0.000263	0.116534	0.000031
褖懈	0.000525	0.040822	0.000021
褝泻芯屑懈谢泻	0.000263	0.127833	0.000034
褝褋褌芯薪褋泻邪褟	0.000263	0.116534	0.000031
褝褌懈屑	0.000525	1.108663	0.000583
褝褌芯谐芯	0.001314	0.415515	0.000546
褝褌芯泄	0.000263	1.427116	0.000375
褝褌芯屑	0.000525	0.843970	0.000443
褝褌芯屑褍	0.000263	1.272966	0.000334
褝褌褍	0.000263	1.272966	0.000334
褞谐芯褋谢邪胁褋泻邪褟	0.000263	0.116534	0.000031
褟谐芯写薪褘械	0.000525	0.116534	0.000061
褟谐芯写薪褘泄	0.000525	0.116534	0.000061
褟蟹褘泻	0.000788	0.040822	0.000032
褟蟹褘泻芯屑	0.000263	4.605170	0.001210
褟懈褑	0.001051	0.116534	0.000122
褟懈褔薪褘泄	0.000525	1.049822	0.000552
褟懈褔薪褘屑懈	0.000263	3.912023	0.001028
褟泄褑邪	0.000263	0.040822	0.000011
褟泄褑芯	0.001576	0.261365	0.000412
褟薪写械泻褋	0.000263	0.072571	0.000019
褟锌芯薪褋泻邪褟	0.000263	0.116534	0.000031
褟锌芯薪褋泻芯泄	0.000263	0.061875	0.000016
褟褉泻懈械	0.000263	0.116534	0.000031
褟褉泻懈屑懈	0.000263	3.506558	0.000921
褟褉泻芯	0.000263	0.105361	0.000028
