褌芯泻械薪	TF	IDF	TF-IDF
邪斜褏邪蟹褋泻邪褟	0.000284	0.116534	0.000033
邪胁谐褍褋褌邪	0.000284	0.867501	0.000247
邪胁褋褌褉邪谢懈泄褋泻邪褟	0.000284	0.116534	0.000033
邪胁褋褌褉邪谢懈泄褋泻懈泄	0.000284	3.506558	0.000997
邪胁褋褌褉懈泄褋泻邪褟	0.000284	0.116534	0.000033
邪胁褌芯泻谢邪胁邪	0.000284	0.116534	0.000033
邪胁褌芯褉邪屑	0.000284	0.040822	0.000012
邪胁褌芯褉褍	0.000284	1.660731	0.000472
邪谐褉芯	0.000284	0.116534	0.000033
邪写卸懈泻邪	0.000284	0.040822	0.000012
邪写芯谢褜褎芯屑	0.000284	3.218876	0.000915
邪卸褍褉械	0.000284	2.525729	0.000718
邪蟹械褉斜邪泄写卸邪薪褋泻邪褟	0.000284	0.116534	0.000033
邪蟹懈邪褌褋泻邪褟	0.000284	0.127833	0.000036
邪蟹褘	0.000284	0.127833	0.000036
邪泄褉邪薪	0.000284	0.040822	0.000012
邪泻胁邪褌懈泻邪	0.000853	0.127833	0.000109
邪谢械泻褋械褟	0.000284	0.127833	0.000036
邪谢泻芯谐芯谢褜	0.000569	0.116534	0.000066
邪谢泻芯谐芯谢褜薪褘械	0.000284	0.116534	0.000033
邪谢泻芯谐芯谢褟	0.000284	0.116534	0.000033
邪谢褜褟薪褋	0.000284	0.116534	0.000033
邪屑械褉懈泻邪薪褋泻邪褟	0.000284	0.116534	0.000033
邪薪谐谢懈泄褋泻邪褟	0.000284	0.116534	0.000033
邪薪写褉械褟	0.000284	0.127833	0.000036
邪薪薪邪	0.000284	2.995732	0.000852
邪薪薪褘	0.000284	3.218876	0.000915
邪锌锌械褌懈褌薪褍褞	0.000284	3.218876	0.000915
邪锌褉械谢褟	0.000853	0.579818	0.000495
邪褉邪斜褋泻邪褟	0.000284	0.116534	0.000033
邪褉谐械薪褌懈薪褋泻邪褟	0.000284	0.116534	0.000033
邪褉屑褟薪褋泻邪褟	0.000284	0.116534	0.000033
邪褉芯屑邪褌芯胁	0.000284	2.813411	0.000800
邪褋褋芯褉褌懈	0.000569	0.116534	0.000066
邪褌谢邪薪褌	0.000284	0.127833	0.000036
邪褍褌械薪褌懈褔薪芯	0.000284	3.506558	0.000997
邪褎谐邪薪褋泻邪褟	0.000284	0.116534	0.000033
邪褎褉懈泻邪薪褋泻邪褟	0.000284	0.116534	0.000033
邪褝褉芯谐褉懈谢械	0.002843	0.116534	0.000331
斜邪泻谢邪卸邪薪褘	0.000284	0.040822	0.000012
斜邪谢泻芯薪芯屑	0.000284	2.302585	0.000655
斜邪谢褌泻芯屑	0.000284	0.127833	0.000036
斜邪褉邪薪懈薪褘	0.001137	0.116534	0.000133
斜邪褋屑邪褌懈	0.000569	0.127833	0.000073
斜邪褋褌褍褉屑邪	0.000284	0.040822	0.000012
斜邪褌芯薪褔懈泻懈	0.000284	0.127833	0.000036
斜邪褕泻懈褉褋泻邪褟	0.000284	0.116534	0.000033
斜械蟹邪谢泻芯谐芯谢褜薪褘械	0.000284	0.116534	0.000033
斜械蟹谐谢褞褌械薪芯胁褘械	0.000284	0.116534	0.000033
斜械蟹械	0.001137	0.040822	0.000046
斜械蟹芯斜褉邪蟹懈褟	0.000284	2.525729	0.000718
斜械谢械斜械械胁褋泻懈泄	0.000569	0.116534	0.000066
斜械谢芯褉褍褋褋泻邪褟	0.000284	0.116534	0.000033
斜械谢褜谐懈泄褋泻邪褟	0.000284	0.116534	0.000033
斜械褉械屑械薪薪褘褏	0.000284	0.116534	0.000033
斜械褉褢屑	0.000284	3.506558	0.000997
斜械褋械写懈薪邪	0.000284	0.127833	0.000036
斜懈褋泻胁懈褌	0.000284	0.040822	0.000012
斜懈褋泻胁懈褌薪芯械	0.000569	0.116534	0.000066
斜懈褋泻胁懈褌薪褘泄	0.000284	0.105361	0.000030
斜懈褋泻胁懈褌褘	0.000284	0.127833	0.000036
斜谢懈卸械	0.000284	0.116534	0.000033
斜谢懈蟹泻懈褏	0.000284	0.116534	0.000033
斜谢懈薪芯胁	0.000569	0.116534	0.000066
斜谢懈薪褘	0.001137	0.040822	0.000046
斜谢芯薪写懈薪芯褔泻邪	0.000284	3.218876	0.000915
斜谢褞写	0.000569	0.094311	0.000054
斜谢褞写邪	0.030708	0.040822	0.001254
斜谢褞写芯	0.003412	0.040822	0.000139
斜谢褞写芯屑	0.000569	0.994252	0.000565
斜谢褞写褍	0.000853	0.116534	0.000099
斜芯斜芯胁褘械	0.000569	0.127833	0.000073
斜芯斜芯胁褘褏	0.001706	0.116534	0.000199
斜芯谢谐邪褉褋泻邪褟	0.000284	0.116534	0.000033
斜芯谢谐邪褉褋泻懈泄	0.000569	0.843970	0.000480
斜芯谢褜褕械	0.000853	0.105361	0.000090
斜芯谢褜褕懈薪褋褌胁芯	0.000284	2.407946	0.000685
斜芯褉褖	0.000569	0.040822	0.000023
斜芯褌胁懈薪褜褟	0.000284	0.040822	0.000012
斜褉邪蟹懈谢褜褋泻邪褟	0.000284	0.116534	0.000033
斜褉邪褌芯屑	0.000284	3.218876	0.000915
斜褉邪褍蟹械褉械	0.000284	0.040822	0.000012
斜褉邪褍薪懈	0.000284	0.040822	0.000012
斜褉械褋褌	0.000284	0.127833	0.000036
斜褉芯泻泻芯谢懈	0.000284	0.040822	0.000012
斜褉褘蟹谐	0.000284	2.659260	0.000756
斜褍卸械薪懈薪邪	0.000284	0.040822	0.000012
斜褍谢芯褔泻邪屑懈	0.000284	0.116534	0.000033
斜褍谢芯褔泻懈	0.000569	0.040822	0.000023
斜褍谢褜芯薪	0.003696	0.040822	0.000151
斜褍谢褜芯薪褘	0.001706	0.116534	0.000199
斜褍褉谐械褉	0.000284	0.040822	0.000012
斜褍褉谐械褉褘	0.000284	0.127833	0.000036
斜褍褉褟褌褋泻邪褟	0.000284	0.116534	0.000033
斜褍褌械褉斜褉芯写	0.000569	0.116534	0.000066
斜褍褌械褉斜褉芯写褘	0.000569	0.040822	0.000023
斜褘褋褌褉芯	0.000569	0.094311	0.000054
斜褘褋褌褉芯泄	0.000284	0.116534	0.000033
斜褘褋褌褉褘泄	0.000569	0.105361	0.000060
胁邪卸薪褘械	0.000284	0.116534	0.000033
胁邪谢谢懈泄褋泻邪褟	0.000284	0.116534	0.000033
胁邪屑懈	0.000284	0.843970	0.000240
胁邪褉械薪懈泻懈	0.000284	0.116534	0.000033
胁邪褉械薪褜械	0.000569	0.040822	0.000023
胁邪褉懈邪薪褌	0.000284	0.562119	0.000160
胁邪褌褉褍褕泻懈	0.000284	0.040822	0.000012
胁邪褎谢懈	0.000569	0.040822	0.000023
胁邪褕械	0.000284	1.897120	0.000539
胁邪褕械泄	0.000569	0.040822	0.000023
胁邪褕懈屑	0.000569	2.040221	0.001160
胁胁芯写褟	0.000284	0.040822	0.000012
胁写芯褏薪芯胁械薪懈械	0.001137	0.116534	0.000133
胁写芯褏薪芯胁械薪懈械屑	0.000569	0.116534	0.000066
胁写芯褏薪芯胁谢褟泄褋褟	0.000284	0.116534	0.000033
胁械谐械褌邪褉懈邪薪褋泻懈械	0.000284	0.127833	0.000036
胁械谐械褌邪褉懈邪薪褋泻芯械	0.000284	0.116534	0.000033
胁械谢懈泻懈泄	0.000284	0.116534	0.000033
胁械薪谐械褉褋泻邪褟	0.000284	0.116534	0.000033
胁械褉懈褌械	0.000284	2.995732	0.000852
胁械褋械薪薪懈械	0.000284	0.051293	0.000015
胁械褋薪邪	0.001422	0.116534	0.000166
胁械褋薪褘	0.000284	0.116534	0.000033
胁械褌褔懈薪褘	0.000284	0.105361	0.000030
胁蟹谐谢褟写	0.000284	1.427116	0.000406
胁懈写械芯	0.000569	0.116534	0.000066
胁懈写械芯褉械褑械锌褌褘	0.000284	0.301105	0.000086
胁懈薪芯	0.000569	0.040822	0.000023
胁泻谢褞褔邪褞褖懈褏	0.000284	0.634878	0.000181
胁泻褍褋	0.001422	0.105361	0.000150
胁泻褍褋邪	0.002275	0.116534	0.000265
胁泻褍褋薪邪褟	0.001422	0.061875	0.000088
胁泻褍褋薪械械	0.000569	0.116534	0.000066
胁泻褍褋薪械泄	0.000284	0.116534	0.000033
胁泻褍褋薪械泄褕懈械	0.000284	2.120264	0.000603
胁泻褍褋薪芯	0.002275	0.094311	0.000215
胁泻褍褋薪芯械	0.000284	0.994252	0.000283
胁泻褍褋薪芯褌懈褖褍	0.000284	3.218876	0.000915
胁泻褍褋薪褍褞	0.000284	2.207275	0.000628
胁泻褍褋薪褘械	0.000569	0.105361	0.000060
胁泻褍褋薪褟褌懈薪邪	0.000284	3.218876	0.000915
胁泻褍褋芯屑	0.000284	0.105361	0.000030
胁谢褞斜懈谢懈褋褜	0.000284	2.120264	0.000603
胁谢褞斜谢械薪薪褘褏	0.000284	0.116534	0.000033
胁薪邪褔邪谢械	0.001137	0.248461	0.000283
胁薪褍褌褉懈	0.000569	1.469676	0.000836
胁芯	0.000569	0.061875	0.000035
胁芯写械	0.000284	0.105361	0.000030
胁芯蟹写褍褕薪褘屑懈	0.000284	2.995732	0.000852
胁芯泄褌懈	0.000284	0.000000	0.000000
胁芯谢芯胁邪薪褘	0.000284	0.116534	0.000033
胁芯谢褕械斜薪邪褟	0.000284	2.659260	0.000756
胁芯谢褕械斜薪芯	0.000284	2.525729	0.000718
胁芯谢褕械斜薪褘械	0.000284	0.116534	0.000033
胁芯谢褕械斜褋褌胁芯	0.000284	0.116534	0.000033
胁芯芯斜褖械	0.000284	1.386294	0.000394
胁芯锌褉芯褋	0.000569	1.771957	0.001008
胁芯锌褉芯褋褘	0.000284	0.000000	0.000000
胁芯褋锌芯屑懈薪邪薪懈械	0.000284	3.218876	0.000915
胁芯褋褌芯褔薪邪褟	0.000284	0.127833	0.000036
胁锌械褉胁褘械	0.000569	1.560648	0.000887
胁褉械屑械薪邪	0.000284	0.116534	0.000033
胁褉械屑械薪械屑	0.001706	0.116534	0.000199
胁褉械屑褟	0.000284	0.400478	0.000114
胁褉芯写械	0.000569	1.897120	0.001079
胁褋械谐写邪	0.000853	0.653926	0.000558
胁褋械谐芯	0.000569	0.186330	0.000106
胁褋械泄	0.001137	0.105361	0.000120
胁褋械屑褍	0.000284	0.061875	0.000018
胁褋锌芯屑薪懈褌褜	0.000284	0.040822	0.000012
胁褌芯褉芯械	0.000284	0.116534	0.000033
胁褌芯褉褘械	0.000284	0.127833	0.000036
胁褏芯写	0.000853	0.030459	0.000026
胁褘谐谢褟写懈褌	0.000284	2.120264	0.000603
胁褘泄褌懈	0.000284	0.040822	0.000012
胁褘泻谢邪写褘胁邪褌褜	0.000284	2.659260	0.000756
胁褘泻谢邪写褘胁邪褞	0.000284	2.407946	0.000685
胁褘锌械褔泻邪	0.003981	0.040822	0.000162
胁褘锌械褔泻懈	0.000569	0.072571	0.000041
胁褘锌械褔泻芯泄	0.000284	0.116534	0.000033
胁褜械褌薪邪屑褋泻邪褟	0.000284	0.116534	0.000033
谐邪胁邪泄褋泻邪褟	0.000284	0.116534	0.000033
谐邪褉薪懈褉	0.004549	0.040822	0.000186
谐邪褋锌邪褔芯	0.000284	0.040822	0.000012
谐械芯谐褉邪褎懈褟	0.000284	0.116534	0.000033
谐谢邪胁薪芯械	0.000284	1.139434	0.000324
谐谢邪胁薪褘泄	0.000284	0.040822	0.000012
谐谢邪胁薪褘褏	0.000284	2.995732	0.000852
谐谢邪蟹褍褉褜	0.000853	0.040822	0.000035
谐谢懈薪褌胁械泄薪	0.000284	0.040822	0.000012
谐芯胁芯褉褟	0.000284	2.207275	0.000628
谐芯胁褟写懈薪褘	0.001137	0.116534	0.000133
谐芯写	0.002559	0.105361	0.000270
谐芯写邪	0.004265	0.248461	0.001060
谐芯写褍	0.000284	1.171183	0.000333
谐芯谢谢邪薪写褋泻邪褟	0.000284	0.116534	0.000033
谐芯谢谢邪薪写褋泻懈泄	0.001137	1.966113	0.002236
谐芯褉芯写邪	0.000284	0.116534	0.000033
谐芯褉芯褏	0.000284	0.116534	0.000033
谐芯褉褔懈褑邪	0.000569	0.040822	0.000023
谐芯褉褔懈褑邪屑懈	0.000284	0.127833	0.000036
谐芯褉褕芯褔泻邪褏	0.000284	0.105361	0.000030
谐芯褉褕芯褔泻械	0.000284	0.040822	0.000012
谐芯褉褟褔械械	0.000569	0.116534	0.000066
谐芯褉褟褔械薪褜泻懈械	0.000284	3.506558	0.000997
谐芯褉褟褔懈械	0.013932	0.105361	0.001468
谐芯褉褟褔懈泄	0.000569	0.116534	0.000066
谐芯褋褌懈	0.000853	0.116534	0.000099
谐芯褌芯胁懈谢邪	0.000569	0.733969	0.000417
谐芯褌芯胁懈屑	0.001706	0.094311	0.000161
谐芯褌芯胁懈褌褋褟	0.000569	0.478036	0.000272
谐芯褌芯胁懈褌褜	0.001706	0.105361	0.000180
谐芯褌芯胁泻懈	0.000284	2.207275	0.000628
谐芯褌芯胁褜	0.000569	0.116534	0.000066
谐芯褌芯胁褟褌	0.000284	0.116534	0.000033
谐褉械薪泻懈	0.001137	0.040822	0.000046
谐褉械褔械褋泻邪褟	0.000284	0.116534	0.000033
谐褉械褔泻邪	0.000284	0.040822	0.000012
谐褉懈斜邪屑懈	0.001422	0.105361	0.000150
谐褉懈斜薪褘械	0.000569	0.040822	0.000023
谐褉懈斜芯胁	0.000853	0.116534	0.000099
谐褉懈斜褘	0.000853	0.040822	0.000035
谐褉懈谢械	0.001422	0.116534	0.000166
谐褉懈谢褜	0.000284	0.116534	0.000033
谐褉懈谢褜屑邪薪懈褟	0.000284	0.116534	0.000033
谐褉懈谢褟	0.001137	0.116534	0.000133
谐褉芯谐	0.000284	0.040822	0.000012
谐褉褍写泻邪	0.000569	1.108663	0.000630
谐褉褍蟹懈薪褋泻邪褟	0.000284	0.116534	0.000033
谐褉褍锌锌褘	0.000284	0.061875	0.000018
谐褍褉屑邪薪懈褟	0.001706	0.116534	0.000199
谐褍褉屑械	0.000284	0.127833	0.000036
谐褍褋褟	0.000569	0.105361	0.000060
写邪胁薪芯	0.000284	0.967584	0.000275
写邪械褌	0.000284	0.040822	0.000012
写邪薪薪褘械	0.000284	0.040822	0.000012
写邪薪芯	0.000284	3.218876	0.000915
写邪褉褘	0.000284	0.116534	0.000033
写邪褌械	0.000569	0.248461	0.000141
写邪褌褋泻邪褟	0.000284	0.116534	0.000033
写邪褌褜	0.000284	2.120264	0.000603
写邪褔薪芯械	0.000853	0.116534	0.000099
写械泻邪斜褉褟	0.000284	0.597837	0.000170
写械泻芯褉	0.000284	0.127833	0.000036
写械谢邪械褌	0.000569	0.116534	0.000066
写械谢邪械褌褋褟	0.000284	1.347074	0.000383
写械谢邪谢懈	0.000284	2.995732	0.000852
写械谢邪褞	0.000284	1.386294	0.000394
写械谢懈屑褋褟	0.000284	0.040822	0.000012
写械谢懈芯薪	0.000284	3.218876	0.000915
写械谢芯	0.000284	1.386294	0.000394
写械谢芯屑	0.000284	0.116534	0.000033
写械屑芯薪懈泻邪	0.000284	2.525729	0.000718
写械薪褜	0.001137	0.083382	0.000095
写械褉械胁械薪褋泻懈	0.000569	2.995732	0.001704
写械褋械褉褌	0.000853	0.116534	0.000099
写械褋械褉褌邪褑懈褟	0.000284	0.116534	0.000033
写械褋械褉褌薪褘械	0.000284	0.116534	0.000033
写械褋械褉褌褘	0.003981	0.040822	0.000162
写械褌械泄	0.000284	0.116534	0.000033
写械褌褋褌胁邪	0.000284	2.207275	0.000628
写卸械泄屑懈	0.000284	2.659260	0.000756
写卸械屑	0.000284	0.040822	0.000012
写蟹械薪	0.000284	0.116534	0.000033
写懈械褌邪	0.000284	0.116534	0.000033
写懈械褌懈褔械褋泻懈泄	0.000284	2.302585	0.000655
写懈械褌褘	0.000284	0.116534	0.000033
写懈泻懈泄	0.000569	0.116534	0.000066
写懈泻芯谐芯	0.000284	0.116534	0.000033
写懈锌	0.000284	0.116534	0.000033
写懈褔懈	0.000569	0.116534	0.000066
写懈褔褜	0.000284	0.116534	0.000033
写薪械胁薪懈泻邪褏	0.000284	0.061875	0.000018
写薪械泄	0.000853	0.116534	0.000099
写薪褟	0.000284	0.040822	0.000012
写芯斜邪胁懈褌褜	0.000284	1.514128	0.000431
写芯斜邪胁谢械薪懈褟屑	0.000284	0.274437	0.000078
写芯斜邪胁谢褟褌褜	0.000284	0.040822	0.000012
写芯斜邪胁褜	0.000284	0.116534	0.000033
写芯斜褉芯褎谢芯褌	0.000284	0.127833	0.000036
写芯胁械褉褟械褕褜	0.000284	0.116534	0.000033
写芯谢谐芯	0.000284	1.514128	0.000431
写芯屑	0.002559	0.040822	0.000104
写芯屑邪	0.000284	0.994252	0.000283
写芯屑邪褕薪械械	0.000853	0.040822	0.000035
写芯屑邪褕薪懈械	0.000569	0.040822	0.000023
写芯屑邪褕薪懈泄	0.001422	0.116534	0.000166
写芯屑邪褕薪褟褟	0.000569	0.105361	0.000060
写芯屑芯胁	0.000284	0.040822	0.000012
写芯锌芯谢薪褟褞褌	0.000284	2.659260	0.000756
写芯褉芯卸泻褍	0.000284	3.218876	0.000915
写芯褔械	0.000284	3.506558	0.000997
写褉邪泄胁	0.001422	0.127833	0.000182
写褉芯卸卸械胁芯械	0.000284	0.116534	0.000033
写褉褍谐懈屑懈	0.000284	0.040822	0.000012
写褉褍谐懈褏	0.000284	1.714798	0.000488
写褉褍谐芯屑褍	0.000569	2.407946	0.001369
写褍屑邪褞	0.000284	1.427116	0.000406
写褍薪泻邪薪	0.000284	4.605170	0.001309
写褍褏芯胁泻邪	0.001137	0.127833	0.000145
写褍褏芯胁泻械	0.000284	0.867501	0.000247
写褍褏芯胁泻褍	0.000284	1.771957	0.000504
写褍褕懈	0.000853	0.105361	0.000090
写褞谐谢械褉械	0.000284	3.218876	0.000915
械胁褉械泄褋泻邪褟	0.000284	0.116534	0.000033
械谐懈锌械褌褋泻邪褟	0.000284	0.116534	0.000033
械写懈薪褘泄	0.000284	0.040822	0.000012
械泻芯	0.000284	0.127833	0.000036
械褏邪谢懈	0.000284	3.218876	0.000915
卸邪褉械薪褘泄	0.000284	2.120264	0.000603
卸邪褉懈谢邪	0.000284	2.995732	0.000852
卸邪褉懈褌褋褟	0.000284	2.207275	0.000628
卸邪褉懈褕褜	0.000284	2.659260	0.000756
卸邪褉泻芯械	0.000284	0.040822	0.000012
卸邪褉褞	0.000284	2.659260	0.000756
卸写邪谢懈	0.000284	3.218876	0.000915
卸械谢邪薪懈褞	0.000284	3.218876	0.000915
卸械谢邪褌械谢褜薪芯	0.000284	2.525729	0.000718
卸械谢械	0.000853	0.040822	0.000035
卸械谢褌芯泻	0.000569	1.272966	0.000724
卸械薪褋泻邪褟	0.000284	0.127833	0.000036
卸械薪褋泻芯屑	0.000284	0.061875	0.000018
卸械薪褖懈薪褘	0.000569	0.116534	0.000066
卸懈蟹薪懈	0.000284	0.040822	0.000012
卸懈蟹薪褜	0.000284	0.116534	0.000033
卸褍谢褜械薪	0.000284	0.040822	0.000012
卸褍褉薪邪谢邪	0.000284	0.127833	0.000036
卸褍褉薪邪谢械	0.000284	2.207275	0.000628
卸褞谢褜械薪	0.000284	0.040822	0.000012
蟹邪胁邪褉薪芯械	0.000284	0.116534	0.000033
蟹邪胁邪褉薪芯泄	0.000284	0.116534	0.000033
蟹邪胁褌褉邪泻	0.001990	0.094311	0.000188
蟹邪胁褌褉邪泻懈	0.000284	0.127833	0.000036
蟹邪谐谢褟薪懈褌械	0.000284	2.659260	0.000756
蟹邪谐芯褌芯胁泻懈	0.001137	0.040822	0.000046
蟹邪写邪胁邪褌褜	0.000284	0.040822	0.000012
蟹邪写邪谢懈	0.000284	2.659260	0.000756
蟹邪写邪褞	0.000284	3.218876	0.000915
蟹邪泄褑邪	0.000569	0.116534	0.000066
蟹邪泻邪蟹	0.000284	3.506558	0.000997
蟹邪泻胁邪褋泻邪	0.000284	0.040822	0.000012
蟹邪泻胁邪褋泻邪屑懈	0.000284	0.116534	0.000033
蟹邪泻胁邪褋芯泻	0.000284	0.127833	0.000036
蟹邪泻褉褘褌褘泄	0.000284	0.116534	0.000033
蟹邪泻褍褋泻懈	0.005402	0.040822	0.000221
蟹邪泻褍褋泻褍	0.000853	0.116534	0.000099
蟹邪泻褍褋芯薪褔懈泻	0.000284	0.116534	0.000033
蟹邪泻褍褋芯褔泻邪	0.000284	0.116534	0.000033
蟹邪泻褍褋芯褔薪褘械	0.002559	0.116534	0.000298
蟹邪谢懈胁薪芯械	0.000569	0.040822	0.000023
蟹邪屑械褔邪褌械谢褜薪褘屑	0.000284	2.302585	0.000655
蟹邪屑芯褉芯蟹泻邪	0.000284	0.105361	0.000030
蟹邪锌邪写	0.000284	0.116534	0.000033
蟹邪锌械泻邪薪泻邪	0.001137	0.105361	0.000120
蟹邪锌械泻邪薪泻懈	0.001990	0.040822	0.000081
蟹邪锌械褔械薪薪褘泄	0.000284	1.897120	0.000539
蟹邪锌褉邪胁泻邪	0.000569	0.040822	0.000023
蟹邪褉邪薪械械	0.000284	1.660731	0.000472
蟹邪褉械谐懈褋褌褉懈褉芯胁邪胁褕懈褋褜	0.000284	0.040822	0.000012
蟹邪褉械谐懈褋褌褉懈褉芯胁邪褌褜褋褟	0.000284	0.030459	0.000009
蟹邪褋械褔褜	0.000284	2.659260	0.000756
蟹邪褋芯谢泻邪	0.000284	0.116534	0.000033
蟹邪褏芯写懈褌械	0.000284	0.755023	0.000215
蟹邪褟胁谢褟谢芯	0.000284	3.218876	0.000915
蟹胁邪薪褘泄	0.000284	0.127833	0.000036
蟹胁械蟹写邪	0.000284	0.127833	0.000036
蟹胁褢蟹写薪褘械	0.000284	0.116534	0.000033
蟹写芯褉芯胁芯械	0.000284	0.116534	0.000033
蟹写芯褉芯胁褘泄	0.000284	0.116534	0.000033
蟹械谢械薪褜	0.003696	0.094311	0.000349
蟹械褎懈褉	0.000284	0.040822	0.000012
蟹懈屑薪懈械	0.000284	0.051293	0.000015
蟹懈屑褍	0.001137	0.040822	0.000046
蟹薪邪械褌	0.000284	2.302585	0.000655
蟹薪邪褞	0.000569	0.755023	0.000429
蟹芯谢芯褌邪褟	0.000569	0.116534	0.000066
蟹芯谢芯褌懈褋褌芯泄	0.000284	2.659260	0.000756
蟹褉邪蟹褘	0.000284	2.040221	0.000580
懈胁邪薪芯胁邪	0.000284	0.127833	0.000036
懈谐褉褍褕邪	0.000284	2.995732	0.000852
懈写械邪谢褜薪邪褟	0.000284	0.116534	0.000033
懈写械邪谢褜薪芯谐芯	0.001422	0.116534	0.000166
懈写械邪谢褜薪芯械	0.000284	0.116534	0.000033
懈写械邪谢褜薪褘泄	0.000284	1.966113	0.000559
懈写械泄泻懈	0.000284	0.116534	0.000033
懈蟹胁械褋褌薪芯谐芯	0.000284	2.995732	0.000852
懈蟹胁械褋褌薪芯泄	0.000569	2.407946	0.001369
懈蟹写械谢懈褟	0.001422	0.116534	0.000166
懈蟹写械谢懈褟屑懈	0.001137	0.116534	0.000133
懈蟹褞屑懈薪泻邪	0.000284	2.302585	0.000655
懈泻褉邪	0.000853	0.040822	0.000035
懈屑械械褌	0.000284	1.832581	0.000521
懈屑械薪械屑	0.000284	0.040822	0.000012
懈屑械褞褌	0.000284	2.302585	0.000655
懈屑懈	0.000284	1.832581	0.000521
懈薪邪褔械	0.000284	1.897120	0.000539
懈薪胁械褉褌芯褉薪芯泄	0.000284	0.127833	0.000036
懈薪谐褉械写懈械薪褌邪	0.000284	2.813411	0.000800
懈薪谐褉械写懈械薪褌褘	0.008530	0.139262	0.001188
懈薪写械泄泻懈	0.001422	0.094311	0.000134
懈薪写械泄泻芯泄	0.000284	0.116534	0.000033
懈薪写懈泄褋泻邪褟	0.000284	0.116534	0.000033
懈薪写懈谢邪泄褌	0.000853	0.116534	0.000099
懈薪写懈褉械褋薪褘械	0.000284	0.116534	0.000033
懈薪褋褌褉褍泻褑懈褟屑懈	0.000284	0.040822	0.000012
懈褉邪泻褋泻邪褟	0.000284	0.116534	0.000033
懈褉邪薪褋泻邪褟	0.000284	0.116534	0.000033
懈褉谢邪薪写褋泻邪褟	0.000284	0.116534	0.000033
懈褉褉械蟹	0.000284	1.347074	0.000383
懈褋泻褉械薪薪械	0.000284	0.116534	0.000033
懈褋谢邪薪写褋泻邪褟	0.000284	0.116534	0.000033
懈褋锌邪薪褋泻邪褟	0.000284	0.116534	0.000033
懈褋锌械泻懈	0.000284	0.116534	0.000033
懈褋褌懈薪械	0.000284	2.659260	0.000756
懈褋褌芯褉懈懈	0.001422	0.116534	0.000166
懈褋褌芯褉懈褞	0.000284	0.116534	0.000033
懈褌邪谢懈懈	0.000569	0.105361	0.000060
懈褌邪谢褜褟薪褋泻邪褟	0.000284	0.116534	0.000033
懈褞谢褟	0.000569	0.597837	0.000340
懈褞薪褟	0.000284	0.579818	0.000165
泄芯谐褍褉褌	0.000853	0.040822	0.000035
泻邪斜邪褔泻懈	0.000284	0.040822	0.000012
泻邪斜邪褔泻芯胁	0.000569	2.040221	0.001160
泻邪斜邪褔芯泻	0.000569	1.771957	0.001008
泻邪胁泻邪蟹褋泻邪褟	0.000284	0.116534	0.000033
泻邪卸写芯谐芯	0.000284	2.659260	0.000756
泻邪卸写褘屑	0.000284	2.302585	0.000655
泻邪卸械褌褋褟	0.000284	1.714798	0.000488
泻邪蟹邪薪械	0.000284	0.116534	0.000033
泻邪蟹邪褏褋泻邪褟	0.000284	0.116534	0.000033
泻邪泻邪芯	0.000569	0.040822	0.000023
泻邪谢械泄写芯褋泻芯锌	0.001137	0.116534	0.000133
泻邪谢屑褘褑泻邪褟	0.000284	0.116534	0.000033
泻邪谢芯褉懈泄薪芯泄	0.000284	2.659260	0.000756
泻邪谢褜屑邪褉	0.000284	0.040822	0.000012
泻邪屑械褉邪	0.000284	0.116534	0.000033
泻邪薪邪写褋泻邪褟	0.000284	0.116534	0.000033
泻邪薪邪谢	0.000569	0.040822	0.000023
泻邪薪邪谢械	0.000284	0.040822	0.000012
泻邪薪邪锌械	0.000569	0.040822	0.000023
泻邪锌褍褋褌邪	0.000569	0.040822	0.000023
泻邪锌褍褋褌薪褟泻	0.000284	0.040822	0.000012
泻邪锌褍褋褌褘	0.000284	0.040822	0.000012
泻邪褉邪屑械谢懈蟹褍械褌褋褟	0.000284	3.218876	0.000915
泻邪褉邪屑械谢褜	0.000284	0.040822	0.000012
泻邪褉泻邪褋薪褘泄	0.001137	0.116534	0.000133
泻邪褉褌芯褎械谢褜	0.011942	0.040822	0.000487
泻邪褉褌芯褎械谢褜薪芯械	0.000284	0.040822	0.000012
泻邪褉褌芯褎械谢褜薪褘泄	0.001706	0.116534	0.000199
泻邪褉褌芯褎械谢褟	0.000853	1.897120	0.001618
泻邪褉褌芯褕械褔泻邪	0.000569	2.407946	0.001369
泻邪褉褌芯褕械褔泻芯泄	0.000284	2.525729	0.000718
泻邪褉褌芯褕泻邪	0.000569	0.040822	0.000023
泻邪褉褌芯褕泻懈	0.000284	2.659260	0.000756
泻邪褉褌芯褕泻芯泄	0.000284	2.302585	0.000655
泻邪褉褌芯褕泻褍	0.000569	2.207275	0.001255
泻邪褌械谐芯褉懈懈	0.000284	0.116534	0.000033
泻邪褌械谐芯褉懈褟	0.004265	0.150823	0.000643
泻邪褔械褋褌胁芯	0.000284	0.116534	0.000033
泻邪褕邪	0.000284	0.040822	0.000012
泻邪褕懈	0.001422	0.105361	0.000150
泻邪褕褍	0.000284	0.094311	0.000027
泻胁邪褋	0.000853	0.040822	0.000035
泻胁邪褋薪芯械	0.000853	0.116534	0.000099
泻胁邪褋芯屑	0.000284	0.127833	0.000036
泻械泻褋	0.000284	0.040822	0.000012
泻械泻褋褘	0.000569	0.116534	0.000066
泻械褋薪械谢褜	0.000284	3.912023	0.001112
泻械褎懈褉	0.000853	0.040822	0.000035
泻懈谢芯谐褉邪屑屑芯胁	0.000284	2.659260	0.000756
泻懈屑褔懈	0.000284	0.040822	0.000012
泻懈薪芯邪	0.000569	0.127833	0.000073
泻懈薪芯谢械薪褌邪	0.000284	0.116534	0.000033
泻懈褋械谢褜	0.000569	0.040822	0.000023
泻懈褌邪泄褋泻邪褟	0.000284	0.116534	0.000033
泻谢邪褋褋	0.002275	0.116534	0.000265
泻谢邪褋褋懈褔械褋泻懈泄	0.000284	1.897120	0.000539
泻谢邪褋褋褘	0.000284	0.116534	0.000033
泻薪懈谐褍	0.000569	0.040822	0.000023
泻芯	0.000284	1.469676	0.000418
泻芯泻褌械泄谢懈	0.000284	0.127833	0.000036
泻芯泻褌械泄谢褜	0.001422	0.040822	0.000058
泻芯谢斜邪褋邪	0.000853	0.040822	0.000035
泻芯谢斜邪褋薪褘屑懈	0.001137	0.116534	0.000133
泻芯谢写褍薪褘	0.000284	2.813411	0.000800
泻芯屑邪薪写邪	0.000569	0.127833	0.000073
泻芯屑懈	0.000284	0.116534	0.000033
泻芯屑屑械薪褌邪褉懈械胁	0.000284	0.223144	0.000063
泻芯屑锌邪薪懈泄	0.000284	0.105361	0.000030
泻芯屑锌芯蟹懈褑懈械泄	0.000284	2.995732	0.000852
泻芯屑锌芯褌	0.000853	0.040822	0.000035
泻芯屑褍	0.000284	1.347074	0.000383
泻芯薪懈薪褘	0.000284	0.116534	0.000033
泻芯薪泻褉械褌薪芯泄	0.000284	2.659260	0.000756
泻芯薪泻褍褉褋	0.060847	0.105361	0.006411
泻芯薪泻褍褉褋邪	0.000284	0.116534	0.000033
泻芯薪泻褍褉褋邪褏	0.000284	0.040822	0.000012
泻芯薪泻褍褉褋薪褘械	0.000284	0.127833	0.000036
泻芯薪褋械褉胁懈褉芯胁邪薪懈械	0.000284	0.040822	0.000012
泻芯薪褋械褉胁懈褉芯胁邪薪薪邪褟	0.000284	0.116534	0.000033
泻芯薪褋械褉胁懈褉芯胁邪薪薪芯械	0.000284	0.116534	0.000033
泻芯薪褋械褉胁懈褉芯胁邪薪薪褘械	0.000569	0.116534	0.000066
泻芯薪褋械褉胁懈褉芯胁邪薪薪褘泄	0.000284	0.116534	0.000033
泻芯薪褎械褌褌懈	0.000284	0.116534	0.000033
泻芯薪褎械褌褘	0.000853	0.040822	0.000035
泻芯薪褎懈写械薪褑懈邪谢褜薪芯褋褌懈	0.000284	0.040822	0.000012
泻芯薪褎懈褌褞褉	0.000284	0.040822	0.000012
泻芯锌褔械薪芯褋褌褟屑懈	0.000284	0.116534	0.000033
泻芯褉械泄褋泻邪褟	0.000284	0.116534	0.000033
泻芯褉械泄褋泻懈	0.000284	0.040822	0.000012
泻芯褉卸懈泻懈	0.000284	0.040822	0.000012
泻芯褉屑褟褖懈褏	0.000284	0.116534	0.000033
泻芯褉芯谢械胁褋泻芯械	0.000284	2.659260	0.000756
泻芯褉芯褔泻邪	0.000284	2.525729	0.000718
泻芯褉芯褔泻械	0.000284	2.813411	0.000800
泻芯褉芯褔泻褍	0.000284	3.218876	0.000915
泻芯褋褌褉邪屑	0.000284	2.407946	0.000685
泻芯褌谢械褌褘	0.000284	0.040822	0.000012
泻芯褌芯褉芯屑褍	0.000284	0.116534	0.000033
泻芯褎械	0.000569	0.040822	0.000023
泻褉邪褋泻懈	0.000284	0.116534	0.000033
泻褉械邪褌懈胁	0.000284	0.127833	0.000036
泻褉械屑	0.000284	0.040822	0.000012
泻褉械屑邪	0.000569	0.116534	0.000066
泻褉械锌泻懈泄	0.000284	0.116534	0.000033
泻褉芯谢懈泻邪	0.000569	0.116534	0.000066
泻褉芯屑械	0.000284	0.061875	0.000018
泻褉芯褏懈	0.000284	0.116534	0.000033
泻褉褍谐褍	0.000569	0.116534	0.000066
泻褉褍锌	0.001706	0.116534	0.000199
泻褉褍锌邪	0.000284	0.127833	0.000036
泻褉褍锌褘	0.000569	0.127833	0.000073
泻褉褍锌褟薪褘械	0.000284	0.116534	0.000033
泻褍斜械褌械	0.000569	3.218876	0.001830
泻褍斜懈薪褋泻邪褟	0.000284	0.116534	0.000033
泻褍谢械褕	0.000284	0.040822	0.000012
泻褍谢懈薪邪褉懈懈	0.000853	0.094311	0.000080
泻褍谢懈薪邪褉薪邪褟	0.000284	0.116534	0.000033
泻褍谢懈薪邪褉薪芯械	0.000284	0.116534	0.000033
泻褍谢懈薪邪褉薪褍褞	0.000569	0.040822	0.000023
泻褍谢懈薪邪褉薪褘泄	0.000284	0.072571	0.000021
泻褍谢懈薪邪褉薪褘褏	0.000284	0.116534	0.000033
泻褍谢懈褔	0.000284	0.040822	0.000012
泻褍谢懈褔懈	0.000284	0.116534	0.000033
泻褍褉写褋泻邪褟	0.000284	0.116534	0.000033
泻褍褉懈薪邪褟	0.000569	1.021651	0.000581
泻褍褉懈薪芯谐芯	0.000284	0.116534	0.000033
泻褍褉懈薪芯械	0.003128	0.127833	0.000400
泻褍褉懈薪褘泄	0.000284	0.105361	0.000030
泻褍褉懈褑邪	0.000569	0.040822	0.000023
泻褍褉懈褑褘	0.000853	0.116534	0.000099
泻褍褉芯褔泻芯泄	0.000284	0.116534	0.000033
泻褍褉褌懈蟹邪薪泻懈	0.000284	3.218876	0.000915
泻褍褋泻褍褋	0.000284	0.040822	0.000012
泻褍褋芯褔泻邪	0.000284	1.897120	0.000539
泻褍褏薪械	0.000284	1.237874	0.000352
泻褍褏薪械泄	0.000284	0.040822	0.000012
泻褍褏薪懈	0.001137	0.040822	0.000046
泻褍褏薪褟	0.000853	0.116534	0.000099
泻褍褕邪褌褜	0.000284	2.525729	0.000718
谢邪胁邪褕	0.000569	0.040822	0.000023
谢邪胁邪褕邪	0.001137	0.116534	0.000133
谢邪胁褉芯胁褘泄	0.000569	1.139434	0.000648
谢邪谐屑邪薪	0.000284	0.040822	0.000012
谢邪泻芯屑褋褌胁芯	0.000284	0.116534	0.000033
谢邪锌褕邪	0.000569	0.040822	0.000023
谢邪褌褘褕褋泻邪褟	0.000284	0.116534	0.000033
谢械谐泻邪褟	0.000284	0.116534	0.000033
谢械谐泻懈泄	0.000853	0.116534	0.000099
谢械谐泻芯	0.001990	0.116534	0.000232
谢械薪懈胁褘泄	0.000284	1.897120	0.000539
谢械锌械褕泻懈	0.001422	0.040822	0.000058
谢械褌	0.000284	0.843970	0.000240
谢械褌邪	0.000284	0.116534	0.000033
谢械褌薪懈械	0.000284	0.040822	0.000012
谢械褌薪褟褟	0.000284	0.116534	0.000033
谢械褌芯	0.001422	0.116534	0.000166
谢械褔芯	0.000284	0.040822	0.000012
谢懈谐邪	0.000853	0.116534	0.000099
谢懈泻械褉	0.000284	0.040822	0.000012
谢懈屑芯薪邪写	0.000569	0.040822	0.000023
谢懈屑芯薪薪褘泄	0.000569	0.798508	0.000454
谢懈屑芯薪薪褘屑	0.000284	2.659260	0.000756
谢懈褋褌	0.000569	1.139434	0.000648
谢懈褌芯胁褋泻	0.000284	0.127833	0.000036
谢懈褌芯胁褋泻邪褟	0.000284	0.116534	0.000033
谢懈褕薪懈褏	0.000284	1.966113	0.000559
谢褍泻	0.004549	0.301105	0.001370
谢褍褔泻芯屑	0.000284	2.407946	0.000685
谢褍褔褕懈械	0.000284	0.116534	0.000033
谢褍褔褕懈泄	0.000569	0.040822	0.000023
谢褍褔褕懈褏	0.000284	0.116534	0.000033
谢褞斜胁懈	0.000284	0.105361	0.000030
谢褞斜懈屑芯谐芯	0.000284	0.127833	0.000036
谢褞斜懈屑芯屑褍	0.000284	0.116534	0.000033
谢褞斜懈屑褘屑	0.000569	1.469676	0.000836
谢褞斜懈屑褘褏	0.001706	0.116534	0.000199
谢褞斜芯胁褜	0.000284	0.116534	0.000033
谢褞斜芯泄	0.000569	0.116534	0.000066
谢褞写屑懈谢邪	0.000284	1.771957	0.000504
谢褢写	0.000284	0.127833	0.000036
屑邪谐褉懈斜邪	0.000284	0.116534	0.000033
屑邪泄	0.000284	0.116534	0.000033
屑邪泄芯薪械蟹	0.001990	0.116534	0.000232
屑邪泄芯薪械蟹薪芯	0.000284	2.659260	0.000756
屑邪泻邪褉芯薪薪褘械	0.000284	0.116534	0.000033
屑邪泻邪褉芯薪褘	0.000284	0.040822	0.000012
屑邪谢邪蟹懈泄褋泻邪褟	0.000284	0.116534	0.000033
屑邪屑褍谢褟	0.000284	2.995732	0.000852
屑邪薪薪懈泻	0.000284	0.040822	0.000012
屑邪薪褋邪褉写芯泄	0.000284	0.755023	0.000215
屑邪薪褌褘	0.000284	0.116534	0.000033
屑邪薪褢胁褉褘	0.000284	0.116534	0.000033
屑邪褉邪褎芯薪	0.000853	0.116534	0.000099
屑邪褉谐邪褉懈薪	0.000569	1.609438	0.000915
屑邪褉懈薪邪写	0.002559	0.040822	0.000104
屑邪褉懈薪邪写褘	0.000853	0.116534	0.000099
屑邪褉懈薪芯胁邪薪薪邪褟	0.000284	1.966113	0.000559
屑邪褉懈薪芯胁邪薪薪褘械	0.000284	0.116534	0.000033
屑邪褉屑械谢邪写	0.000284	0.040822	0.000012
屑邪褉芯泻泻邪薪褋泻邪褟	0.000284	0.116534	0.000033
屑邪褉褌邪	0.001422	0.105361	0.000150
屑邪褋泻邪褉锌芯薪械	0.000284	0.040822	0.000012
屑邪褋谢邪	0.000284	1.237874	0.000352
屑邪褋谢械薪懈褑邪	0.000853	0.040822	0.000035
屑邪褋谢械薪懈褔薪芯械	0.000284	0.116534	0.000033
屑邪褋谢芯	0.008246	0.116534	0.000961
屑邪褋谢芯屑	0.000284	0.116534	0.000033
屑邪褋谢褟薪褘褏	0.000284	2.659260	0.000756
屑邪褋褌械褉	0.002559	0.116534	0.000298
屑邪褋褌懈泻邪	0.000284	0.040822	0.000012
屑邪褋褌懈泻懈	0.000284	0.116534	0.000033
屑邪褎褎懈薪褘	0.000284	0.116534	0.000033
屑邪褏械械胁褗	0.001137	0.116534	0.000133
屑邪褟	0.000569	0.634878	0.000361
屑械写懈邪褎芯褉褌	0.000853	0.000000	0.000000
屑械写芯胁褘泄	0.000284	0.116534	0.000033
屑械泻褋懈泻邪薪褋泻邪褟	0.000284	0.116534	0.000033
屑械薪褞	0.000284	0.116534	0.000033
屑械薪褟	0.000853	0.083382	0.000071
屑械薪褟械褌褋褟	0.000284	0.116534	0.000033
屑械褔褌邪	0.000284	0.116534	0.000033
屑械褔褌褘	0.000569	0.040822	0.000023
屑懈写懈懈	0.000284	0.040822	0.000012
屑懈泻褉芯胁芯谢薪芯胁泻械	0.000569	0.116534	0.000066
屑懈谢褜械	0.000284	0.116534	0.000033
屑懈薪懈屑褍屑邪	0.000284	2.659260	0.000756
屑懈薪褍褌褘	0.000284	1.171183	0.000333
屑懈芯	0.000284	0.116534	0.000033
屑懈褉	0.000284	0.116534	0.000033
屑懈褉邪	0.000284	0.116534	0.000033
屑懈褉芯胁邪褟	0.000284	0.116534	0.000033
屑懈褋芯	0.000284	0.040822	0.000012
屑懈褋褌械褉懈褟	0.000284	0.116534	0.000033
屑懈褋褌褉邪谢褜	0.001990	0.116534	0.000232
屑薪芯卸械褋褌胁芯屑	0.000284	0.040822	0.000012
屑芯谐	0.000284	2.659260	0.000756
屑芯谐褍	0.000853	0.798508	0.000681
屑芯械	0.000284	0.116534	0.000033
屑芯械屑褍	0.000284	1.897120	0.000539
屑芯卸械褌械	0.000569	0.000000	0.000000
屑芯泄	0.000569	0.105361	0.000060
屑芯谢写邪胁褋泻邪褟	0.000284	0.116534	0.000033
屑芯谢芯泻械	0.000284	0.105361	0.000030
屑芯谢芯泻芯	0.000853	0.116534	0.000099
屑芯谢芯褔薪褘泄	0.000569	0.040822	0.000023
屑芯谢芯褔薪褘褏	0.000284	0.116534	0.000033
屑芯屑械薪褌	0.000853	0.116534	0.000099
屑芯薪谐芯谢褜褋泻邪褟	0.000284	0.116534	0.000033
屑芯褉械	0.000284	0.116534	0.000033
屑芯褉械锌褉芯写褍泻褌芯胁	0.003412	0.040822	0.000139
屑芯褉械锌褉芯写褍泻褌褘	0.000569	0.116534	0.000066
屑芯褉泻芯胁褜	0.001990	0.040822	0.000081
屑芯褉芯卸械薪芯械	0.000853	0.040822	0.000035
屑芯褉褋	0.000284	0.040822	0.000012
屑芯褉褋褘	0.000284	0.116534	0.000033
屑芯褌芯褉	0.000284	0.116534	0.000033
屑芯褏懈褌芯	0.000284	0.040822	0.000012
屑芯褟	0.000284	1.427116	0.000406
屑褍卸褋泻邪褟	0.000284	0.127833	0.000036
屑褍卸褔懈薪褘	0.000569	0.116534	0.000066
屑褍泻邪	0.003412	0.274437	0.000936
屑褍谢褜褌懈胁邪褉泻械	0.010805	0.116534	0.001259
屑褍谢褜褌懈锌械泻邪褉械泄	0.000853	0.116534	0.000099
屑褍褋褋	0.000284	0.040822	0.000012
屑褍褋褋褘	0.000569	0.116534	0.000066
屑褍褔薪褘械	0.000284	0.116534	0.000033
屑褘褌褜	0.000284	2.659260	0.000756
屑褞褋谢懈	0.000569	0.116534	0.000066
屑褟褋邪	0.002843	0.116534	0.000331
屑褟褋薪芯谐芯	0.000853	0.116534	0.000099
屑褟褋薪芯泄	0.000853	0.116534	0.000099
屑褟褋薪芯屑褍	0.000284	2.659260	0.000756
屑褟褋薪褘械	0.001422	0.040822	0.000058
屑褟褋薪褘褏	0.000853	0.116534	0.000099
屑褟褋芯	0.002843	0.040822	0.000116
屑褟褋芯屑	0.001990	0.040822	0.000081
屑褟褋褍	0.000569	0.116534	0.000066
薪邪胁褋械谐写邪	0.000284	2.040221	0.000580
薪邪蟹胁邪薪懈械	0.000284	0.941609	0.000268
薪邪蟹胁邪薪懈械屑	0.000284	1.203973	0.000342
薪邪蟹胁邪薪懈褟	0.000284	2.120264	0.000603
薪邪蟹胁邪褌褜	0.000284	2.040221	0.000580
薪邪蟹薪邪褔械薪懈褟	0.000284	0.116534	0.000033
薪邪蟹褘胁邪械褌褋褟	0.000284	2.040221	0.000580
薪邪懈胁泻褍褋薪械泄褕械谐芯	0.000284	2.659260	0.000756
薪邪泄写褍褌褋褟	0.000284	3.218876	0.000915
薪邪谢懈胁泻邪	0.000284	0.040822	0.000012
薪邪锌懈褌泻懈	0.001706	0.040822	0.000070
薪邪锌懈褌芯泻	0.000284	0.040822	0.000012
薪邪褋褌芯泄泻邪	0.000284	0.040822	0.000012
薪邪褋褌芯褟褌械谢褜薪芯	0.000284	2.040221	0.000580
薪邪褋褌褉芯械薪懈械	0.000284	0.116534	0.000033
薪邪褑懈芯薪邪谢褜薪褘械	0.000284	0.116534	0.000033
薪邪褔懈薪泻邪	0.000569	0.040822	0.000023
薪邪褔懈薪泻芯泄	0.000284	0.116534	0.000033
薪邪褕械屑	0.000284	0.040822	0.000012
薪邪褕懈	0.000284	0.061875	0.000018
薪邪褕谢邪	0.000284	0.579818	0.000165
薪械谐芯	0.000284	0.941609	0.000268
薪械写械谢褟	0.002843	0.061875	0.000176
薪械卸薪芯泄	0.000284	0.116534	0.000033
薪械卸薪褘泄	0.000569	0.891598	0.000507
薪械卸薪褘屑懈	0.000284	2.207275	0.000628
薪械屑邪谢芯胁邪卸薪芯	0.000284	2.207275	0.000628
薪械屑械褑泻邪褟	0.000284	0.116534	0.000033
薪械薪褍卸薪褘褏	0.000284	2.659260	0.000756
薪械芯斜褘泻薪芯胁械薪薪芯	0.000284	1.897120	0.000539
薪械芯斜褘褔薪褘褏	0.000284	2.995732	0.000852
薪械芯卸懈写邪薪薪褘械	0.000284	0.116534	0.000033
薪械褋谢邪写泻芯械	0.000284	0.116534	0.000033
薪械褌械	0.000284	3.218876	0.000915
薪懈斜褍写褜	0.000284	1.832581	0.000521
薪懈泻邪泻芯谐芯	0.000284	2.040221	0.000580
薪懈泻褌芯	0.000284	1.897120	0.000539
薪懈褔械谐芯	0.000284	0.941609	0.000268
薪泻	0.000284	1.771957	0.000504
薪芯胁邪褟	0.000284	0.116534	0.000033
薪芯胁芯谐芯写薪械谐芯	0.001422	0.116534	0.000166
薪芯胁芯谐芯写薪械械	0.000853	0.116534	0.000099
薪芯胁芯谐芯写薪懈械	0.001990	0.040822	0.000081
薪芯胁芯谐芯写薪懈泄	0.001990	0.116534	0.000232
薪芯胁芯谐芯写薪褟褟	0.000284	0.105361	0.000030
薪芯胁芯褋褌褟褏	0.000284	0.061875	0.000018
薪芯胁褘械	0.000569	0.051293	0.000029
薪芯胁褘泄	0.002559	0.094311	0.000241
薪芯褉胁械卸褋泻邪褟	0.000284	0.116534	0.000033
薪芯褟斜褉褟	0.000284	0.527633	0.000150
薪褉邪胁懈褌褋褟	0.000284	1.427116	0.000406
薪褞邪薪褋褘	0.000284	2.995732	0.000852
薪褟屑	0.000569	3.218876	0.001830
芯斜邪谢写械薪薪芯	0.000284	2.120264	0.000603
芯斜械写	0.000853	0.105361	0.000090
芯斜械蟹褜褟薪褘	0.000284	0.116534	0.000033
芯斜卸邪褉械薪褘褏	0.000284	2.995732	0.000852
芯斜谢邪写邪械褌	0.000284	2.040221	0.000580
芯斜谢邪褔泻芯	0.000284	2.995732	0.000852
芯斜褉邪蟹褍械褌	0.000284	2.995732	0.000852
芯斜褖邪褌褜褋褟	0.000284	0.040822	0.000012
芯斜褟蟹邪褌械谢褜薪芯	0.000284	0.967584	0.000275
芯胁芯褖邪屑懈	0.000284	0.116534	0.000033
芯胁芯褖械泄	0.004265	0.105361	0.000449
芯胁芯褖懈	0.001706	0.094311	0.000161
芯胁芯褖薪邪褟	0.000284	0.040822	0.000012
芯胁芯褖薪芯械	0.000284	0.116534	0.000033
芯胁芯褖薪芯泄	0.000853	0.105361	0.000090
芯胁芯褖薪褘械	0.001422	0.040822	0.000058
芯胁褋褟薪芯械	0.000284	0.116534	0.000033
芯谐薪械薪薪芯泄	0.000284	0.116534	0.000033
芯谐薪褟	0.000284	0.116534	0.000033
芯谐褉芯屑薪械泄褕械械	0.000284	3.218876	0.000915
芯谐褍褉褑褘	0.000569	0.116534	0.000066
芯写薪懈屑	0.000284	1.309333	0.000372
芯写薪芯泄	0.000284	1.237874	0.000352
芯卸懈写邪薪懈褟	0.000284	2.120264	0.000603
芯泻褉芯褕泻邪	0.000853	0.040822	0.000035
芯泻褉褍卸械薪懈械	0.000284	3.218876	0.000915
芯谢邪写褜懈	0.000853	0.040822	0.000035
芯谢械泄薪邪	0.000853	0.116534	0.000099
芯谢械泄薪芯泄	0.001137	0.116534	0.000133
芯谢械泄薪褘	0.000284	0.127833	0.000036
芯谢懈胁械褉邪	0.000284	2.525729	0.000718
芯谢懈胁泻芯胁芯械	0.001137	0.544727	0.000620
芯屑谢械褌	0.000284	0.040822	0.000012
芯锌邪褉邪	0.000284	0.040822	0.000012
芯锌邪褋械薪懈泄	0.000284	3.506558	0.000997
芯锌褉械写械谢械薪薪褘械	0.000284	2.659260	0.000756
芯锌褉芯斜芯胁邪谢邪	0.000284	2.995732	0.000852
芯锌褉芯褋	0.000284	0.061875	0.000018
芯褋械薪薪械械	0.000284	0.116534	0.000033
芯褋械薪薪懈械	0.000284	0.051293	0.000015
芯褋械薪薪懈泄	0.000569	0.116534	0.000066
芯褋械薪褜	0.002843	0.105361	0.000300
芯褋薪芯胁薪芯械	0.000284	0.040822	0.000012
芯褋褌邪械褌褋褟	0.000284	0.116534	0.000033
芯褌斜懈胁薪褘械	0.000284	2.207275	0.000628
芯褌胁械褌	0.000284	2.040221	0.000580
芯褌胁械褌懈褌褜	0.000284	0.051293	0.000015
芯褌胁械褌芯胁	0.000284	0.051293	0.000015
芯褌胁械褌褘	0.000284	0.000000	0.000000
芯褌写褘褏邪械褌	0.000284	2.302585	0.000655
芯褌写褘褏邪褞	0.000284	2.659260	0.000756
芯褌泻褉褘褌褘泄	0.000569	0.116534	0.000066
芯褌谢懈褔邪械褌褋褟	0.000284	1.771957	0.000504
芯褌屑械薪懈褌褜	0.000284	0.040822	0.000012
芯褌薪芯褋懈褌褋褟	0.000284	2.120264	0.000603
芯褌薪芯褕械薪懈褟	0.000284	2.120264	0.000603
芯褌褌懈褉邪褌褜	0.000284	2.659260	0.000756
芯褏谢邪写懈褌褜	0.000284	0.116534	0.000033
芯褏芯褌邪	0.000284	3.218876	0.000915
芯褔械褉械写薪芯泄	0.000569	1.771957	0.001008
锌邪泻械褌懈泻邪褏	0.000284	0.105361	0.000030
锌邪谢芯褔泻懈	0.000284	0.040822	0.000012
锌邪薪懈褉芯胁泻邪	0.002275	0.116534	0.000265
锌邪薪懈褉芯胁芯褔薪褘械	0.001137	1.309333	0.001489
锌邪褉邪	0.000569	0.116534	0.000066
锌邪褉邪写	0.001990	0.116534	0.000232
锌邪褉懈卸褋泻芯谐芯	0.000284	3.218876	0.000915
锌邪褉泻	0.000284	2.659260	0.000756
锌邪褉芯胁邪褉泻械	0.002559	0.116534	0.000298
锌邪褉芯谢褜	0.000284	0.020203	0.000006
锌邪褋褌邪	0.000853	0.040822	0.000035
锌邪褋褌褉芯屑邪	0.000284	0.040822	0.000012
锌邪褋褏邪	0.000569	0.040822	0.000023
锌邪褋褏邪谢褜薪邪褟	0.000569	0.116534	0.000066
锌邪褋褏邪谢褜薪褘泄	0.000284	0.127833	0.000036
锌邪褕褌械褌	0.000284	0.040822	0.000012
锌邪褕褌械褌褘	0.000569	0.116534	0.000066
锌械泻邪褉褟	0.000284	0.127833	0.000036
锌械谢褜屑械薪懈	0.000284	0.116534	0.000033
锌械褉胁芯谐芯	0.000284	2.120264	0.000603
锌械褉胁芯械	0.000569	0.040822	0.000023
锌械褉胁褘械	0.000284	0.127833	0.000036
锌械褉胁褘屑	0.000284	0.116534	0.000033
锌械褉械泄褌懈	0.000284	0.040822	0.000012
锌械褉械泻褍褋	0.000569	0.116534	0.000066
锌械褉械褑	0.004265	0.040822	0.000174
锌械褉褋芯薪褘	0.000284	0.116534	0.000033
锌械褉褍邪薪褋泻邪褟	0.000284	0.116534	0.000033
锌械褋芯褔薪芯械	0.000569	0.105361	0.000060
锌械褋芯褔薪褘泄	0.000284	0.116534	0.000033
锌械褌械谢懈薪泻懈	0.000284	0.127833	0.000036
锌械褌褉褍褕泻邪	0.000569	0.693147	0.000394
锌械褔械薪芯褔薪褘泄	0.000284	0.040822	0.000012
锌械褔械薪褜械	0.002559	0.040822	0.000104
锌械褔懈	0.000284	0.127833	0.000036
锌懈胁芯	0.000284	0.116534	0.000033
锌懈泻邪薪褌褘	0.000284	0.127833	0.000036
锌懈泻薪懈泻	0.000569	0.116534	0.000066
锌懈泻薪懈泻邪	0.000284	0.116534	0.000033
锌懈泻薪懈泻褍	0.000284	0.105361	0.000030
锌懈褉	0.000284	0.116534	0.000033
锌懈褉芯谐	0.001422	0.040822	0.000058
锌懈褉芯谐懈	0.000569	0.105361	0.000060
锌懈褉芯卸泻懈	0.000569	0.040822	0.000023
锌懈褉芯卸泻芯胁	0.000284	1.966113	0.000559
锌懈褉芯卸薪芯械	0.000284	0.040822	0.000012
锌懈褉芯卸薪褘械	0.000284	0.116534	0.000033
锌懈褌邪薪懈械	0.001422	0.105361	0.000150
锌懈褑褑邪	0.000569	0.040822	0.000023
锌谢邪屑褟	0.000284	0.116534	0.000033
锌谢懈褌邪	0.001137	0.127833	0.000145
锌谢懈褌芯泄	0.000284	2.659260	0.000756
锌谢懈褌褍	0.000284	2.659260	0.000756
锌谢芯胁	0.000284	0.116534	0.000033
锌谢芯写褘	0.000284	0.116534	0.000033
锌芯胁邪褉械薪泻械	0.000284	0.040822	0.000012
锌芯胁邪褉械薪芯泻	0.000284	0.061875	0.000018
锌芯胁邪褉芯屑	0.000284	3.218876	0.000915
锌芯胁邪褉褟褌	0.000284	0.116534	0.000033
锌芯胁邪褉褟褌邪屑懈	0.000284	0.040822	0.000012
锌芯胁邪褉褢薪泻邪	0.000284	0.116534	0.000033
锌芯胁械褉褜褌械	0.000284	2.040221	0.000580
锌芯胁懈写谢芯	0.000284	0.040822	0.000012
锌芯谐褍谢褟褌褜	0.000284	2.659260	0.000756
锌芯写邪褉泻芯胁	0.000284	0.116534	0.000033
锌芯写邪褌褜	0.000284	1.560648	0.000444
锌芯写械谢懈褌褜褋褟	0.000569	0.478036	0.000272
锌芯写谢懈胁邪	0.000284	0.116534	0.000033
锌芯写谢懈胁泻邪	0.000284	0.040822	0.000012
锌芯写芯斜薪褘褏	0.000284	3.218876	0.000915
锌芯写锌懈褋邪褌褜褋褟	0.000284	0.040822	0.000012
锌芯写锌懈褕懈褌械褋褜	0.000569	0.040822	0.000023
锌芯写褉芯斜薪芯	0.000284	2.659260	0.000756
锌芯写褋泻邪卸械褌	0.000284	2.659260	0.000756
锌芯写褋泻邪卸械褌械	0.000284	2.525729	0.000718
锌芯写褋芯谢薪械褔薪芯械	0.001137	1.347074	0.001532
锌芯械写懈薪泻懈	0.003981	0.116534	0.000464
锌芯械蟹写	0.000284	3.218876	0.000915
锌芯卸邪谢褍泄	0.000284	2.040221	0.000580
锌芯蟹写褉邪胁褜	0.000284	0.116534	0.000033
锌芯懈褋泻	0.000284	0.051293	0.000015
锌芯泄褌懈	0.000284	2.659260	0.000756
锌芯泻邪蟹褘胁邪谢邪	0.000284	2.407946	0.000685
锌芯泻芯褉懈褌	0.000284	2.525729	0.000718
锌芯泻褍锌邪褞	0.000284	2.995732	0.000852
锌芯谢写薪懈泻	0.000569	0.116534	0.000066
锌芯谢械蟹薪芯	0.000284	0.116534	0.000033
锌芯谢懈褌懈泻芯泄	0.000284	0.040822	0.000012
锌芯谢芯胁懈薪邪	0.002275	0.116534	0.000265
锌芯谢褌芯褉邪	0.000284	2.525729	0.000718
锌芯谢褍褔邪械褌褋褟	0.000284	0.400478	0.000114
锌芯谢褍褔邪泄褌械	0.000284	0.040822	0.000012
锌芯谢褍褔邪褌褜	0.000284	0.040822	0.000012
锌芯谢褍褔邪褞褌褋褟	0.000284	1.427116	0.000406
锌芯谢褍褔懈谢芯褋褜	0.000284	0.994252	0.000283
锌芯谢褜蟹邪	0.000284	0.127833	0.000036
锌芯谢褜蟹芯泄	0.001137	0.116534	0.000133
锌芯谢褜褋泻邪褟	0.000284	0.116534	0.000033
锌芯屑邪写泻邪	0.000569	0.040822	0.000023
锌芯屑邪写泻懈	0.000284	0.116534	0.000033
锌芯屑懈写芯褉	0.001706	0.713350	0.001217
锌芯屑懈写芯褉泻懈	0.000284	0.127833	0.000036
锌芯屑懈写芯褉褘	0.000569	0.116534	0.000066
锌芯屑薪懈褌	0.000284	3.218876	0.000915
锌芯薪邪写芯斜褟褌褋褟	0.000284	3.218876	0.000915
锌芯薪褉邪胁懈胁褕懈械褋褟	0.000284	0.040822	0.000012
锌芯薪褔懈泻懈	0.000569	0.040822	0.000023
锌芯锌邪谢	0.000284	2.407946	0.000685
锌芯锌褉芯斜芯胁邪谢邪	0.000284	1.469676	0.000418
锌芯锌褉芯斜芯胁邪褌褜	0.000284	0.798508	0.000227
锌芯锌褉芯斜褍泄褌械	0.000284	0.562119	0.000160
锌芯褉邪	0.000284	0.116534	0.000033
锌芯褉褌褍谐邪谢褜褋泻邪褟	0.000284	0.116534	0.000033
锌芯褋械褖邪械褌械	0.000284	0.061875	0.000018
锌芯褋褌	0.001422	0.105361	0.000150
锌芯褋褌薪芯械	0.000284	0.116534	0.000033
锌芯褋褌薪褘械	0.000284	0.040822	0.000012
锌芯褋褌薪褘泄	0.000284	0.116534	0.000033
锌芯褋褌芯褟薪薪芯	0.000284	0.040822	0.000012
锌芯褋褌褉芯懈屑	0.000284	0.116534	0.000033
锌芯褋褌褍锌邪械褌	0.000284	3.506558	0.000997
锌芯褋褍写邪	0.000569	0.094311	0.000054
锌芯褌褉褟褋邪褞褖械	0.000284	1.560648	0.000444
锌芯褌褉褟褋邪褞褖械泄	0.000284	2.995732	0.000852
锌芯褏褉褍褋褌械褌褜	0.000284	3.218876	0.000915
锌芯褏褉褍褋褌褘胁邪械褌	0.000284	3.218876	0.000915
锌芯褔褌懈	0.000569	1.021651	0.000581
锌芯褔褌褍	0.000284	0.040822	0.000012
锌芯褕邪谐芯胁褘械	0.000284	0.301105	0.000086
锌芯褕邪谐芯胁褘屑懈	0.000284	0.040822	0.000012
锌芯褝褎褎械泻褌薪械械	0.000284	2.525729	0.000718
锌褉邪胁写邪	0.000284	1.139434	0.000324
锌褉邪蟹写薪械褋褌胁邪	0.000284	2.407946	0.000685
锌褉邪蟹写薪懈泻邪	0.000284	0.116534	0.000033
锌褉邪蟹写薪懈褔薪芯	0.000284	0.116534	0.000033
锌褉邪蟹写薪懈褔薪芯谐芯	0.000284	0.116534	0.000033
锌褉邪蟹写薪懈褔薪褘泄	0.000569	0.116534	0.000066
锌褉邪泻褌懈泻褍屑	0.000284	0.116534	0.000033
锌褉械胁蟹芯褕械谢	0.000284	2.207275	0.000628
锌褉械胁芯褋褏芯写薪褘械	0.000284	0.116534	0.000033
锌褉械胁褉邪褖械薪懈褟	0.000284	0.116534	0.000033
锌褉械写谢芯卸懈褌褜	0.000284	1.237874	0.000352
锌褉械写锌芯谢芯卸械薪懈褟	0.000284	3.218876	0.000915
锌褉械写褋褌邪胁懈褌褜	0.000569	1.660731	0.000944
锌褉械泻褉邪褋薪芯	0.000284	1.714798	0.000488
锌褉械褋薪芯械	0.000284	0.116534	0.000033
锌褉懈斜邪胁谢械薪懈褟	0.000284	2.659260	0.000756
锌褉懈谐芯褌芯胁懈谢邪	0.000284	1.386294	0.000394
锌褉懈谐芯褌芯胁懈屑	0.000284	0.116534	0.000033
锌褉懈谐芯褌芯胁懈褌褜	0.000569	0.342490	0.000195
锌褉懈谐芯褌芯胁谢械薪	0.000284	2.302585	0.000655
锌褉懈谐芯褌芯胁谢械薪懈械	0.000284	0.105361	0.000030
锌褉懈谐芯褌芯胁谢械薪懈懈	0.000284	0.798508	0.000227
锌褉懈谐芯褌芯胁谢械薪懈褞	0.000284	0.040822	0.000012
锌褉懈谐芯褌芯胁谢械薪懈褟	0.000284	0.371064	0.000106
锌褉懈谐芯褌芯胁褜褌械	0.000284	1.897120	0.000539
锌褉懈写邪械褌	0.000284	2.302585	0.000655
锌褉懈写褍屑邪薪芯	0.000284	3.218876	0.000915
锌褉懈蟹薪邪薪懈械	0.000284	0.116534	0.000033
锌褉懈蟹芯胁	0.000284	0.040822	0.000012
锌褉懈屑械褉褍	0.000284	2.659260	0.000756
锌褉懈锌褉邪胁邪	0.001422	0.040822	0.000058
锌褉懈褉芯写褍	0.000284	0.116534	0.000033
锌褉懈褉芯写褘	0.000284	0.116534	0.000033
锌褉懈褋褌褍锌懈褌褜	0.000284	0.040822	0.000012
锌褉懈褏芯写懈谢芯褋褜	0.000284	2.659260	0.000756
锌褉芯胁械写懈	0.001137	0.116534	0.000133
锌褉芯胁械褉械薪芯	0.001706	0.116534	0.000199
锌褉芯胁械褋褌懈	0.000284	2.995732	0.000852
锌褉芯胁芯写懈屑褘褏	0.000284	0.040822	0.000012
锌褉芯胁芯卸邪械屑	0.000284	0.116534	0.000033
锌褉芯写邪械褌褋褟	0.000284	2.813411	0.000800
锌褉芯写褍泻褌芯胁	0.000284	0.094311	0.000027
锌褉芯写褍泻褌褘	0.000284	1.386294	0.000394
锌褉芯械泻褌芯胁	0.000284	0.116534	0.000033
锌褉芯械泻褌褘	0.000284	0.061875	0.000018
锌褉芯褋懈褌	0.000284	3.218876	0.000915
锌褉芯褋屑芯褌褉邪屑	0.000284	0.274437	0.000078
锌褉芯褋褌芯	0.001990	0.083382	0.000166
锌褉芯褋褌芯谐芯	0.000284	2.040221	0.000580
锌褉芯褋褌芯泻胁邪褕邪	0.000284	0.040822	0.000012
锌褉芯褎懈谢褜	0.000284	0.040822	0.000012
锌褉芯褔懈褌邪谢邪	0.000284	1.832581	0.000521
锌褉芯褖械	0.000284	1.660731	0.000472
锌褉褟屑芯	0.000284	0.040822	0.000012
锌褉褟薪懈泻	0.000284	0.040822	0.000012
锌褉褟薪懈泻懈	0.000284	0.116534	0.000033
锌褉褟薪懈褔薪芯械	0.000284	0.116534	0.000033
锌褌懈褑邪	0.001422	0.116534	0.000166
锌褌懈褑械	0.000569	0.116534	0.000066
锌褌懈褑械泄	0.000284	0.127833	0.000036
锌褌懈褑褘	0.003412	0.116534	0.000398
锌褍写懈薪谐	0.000284	0.040822	0.000012
锌褍写懈薪谐懈	0.000569	0.116534	0.000066
锌褍薪褕	0.000284	0.040822	0.000012
锌褍褌械褕械褋褌胁懈械	0.000569	0.116534	0.000066
锌褍褌褜	0.000569	0.116534	0.000066
锌褕械薪懈褔薪邪褟	0.003412	0.287682	0.000982
锌褘褕泻懈	0.000284	0.040822	0.000012
锌褞褉械	0.001706	0.040822	0.000070
锌褟褌褜	0.000284	1.832581	0.000521
褉邪谐褍	0.000284	0.116534	0.000033
褉邪写褍械褌	0.000284	2.995732	0.000852
褉邪蟹	0.000853	0.446287	0.000381
褉邪蟹胁械褉薪褍褌褜	0.000284	0.116534	0.000033
褉邪蟹写械谢褜薪芯械	0.000284	0.116534	0.000033
褉邪蟹屑械褖邪褌褜	0.000284	2.302585	0.000655
褉邪蟹薪褘械	0.000569	0.116534	0.000066
褉邪蟹芯屑	0.000284	2.407946	0.000685
褉邪蟹芯褔邪褉褍械褌	0.000284	3.218876	0.000915
褉邪薪褜褕械	0.000284	1.560648	0.000444
褉邪褋褋泻邪蟹邪褌褜	0.000284	2.659260	0.000756
褉邪褋褋屑邪褌褉懈胁邪褌褜	0.000284	2.659260	0.000756
褉邪褋褋芯谢褜薪懈泻	0.000569	0.040822	0.000023
褉邪褋褋芯谢褜薪懈泻邪	0.000284	0.116534	0.000033
褉邪褋褋褘谢泻懈	0.000284	0.061875	0.000018
褉邪褋褌懈褌械谢褜薪芯械	0.003981	0.235722	0.000938
褉械斜械薪泻褍	0.000284	3.218876	0.000915
褉械谐懈褋褌褉邪褑懈懈	0.000569	0.010050	0.000006
褉械谐懈褋褌褉邪褑懈褟	0.000284	0.000000	0.000000
褉械蟹褍谢褜褌邪褌	0.000569	0.967584	0.000550
褉械泄褌懈薪谐褍	0.000284	0.248461	0.000071
褉械泻芯屑械薪写褍褞	0.000569	1.049822	0.000597
褉械锌褔邪褌褘泄	0.004549	0.430783	0.001960
褉械褋褌芯褉邪薪邪	0.000284	1.832581	0.000521
褉械褑械锌褌	0.005402	0.040822	0.000221
褉械褑械锌褌邪	0.000284	0.462035	0.000131
褉械褑械锌褌邪褏	0.000284	0.061875	0.000018
褉械褑械锌褌芯胁	0.001706	0.040822	0.000070
褉械褑械锌褌褍	0.000284	0.891598	0.000254
褉械褑械锌褌褘	0.020472	0.040822	0.000836
褉械褕懈谢邪褋褜	0.000284	2.525729	0.000718
褉懈褋	0.001137	0.040822	0.000046
褉懈褋邪	0.000284	0.116534	0.000033
褉懈褋泻	0.000284	2.659260	0.000756
褉懈褌屑械	0.000284	0.116534	0.000033
褉芯谐邪谢懈泻懈	0.000284	0.040822	0.000012
褉芯写薪芯械	0.000284	0.116534	0.000033
褉芯卸写械薪懈褟	0.000284	0.105361	0.000030
褉芯卸写械褋褌胁芯	0.000284	0.116534	0.000033
褉芯蟹屑邪褉懈薪	0.000569	1.609438	0.000915
褉芯谢谢褌芯薪	0.000284	0.116534	0.000033
褉芯谢谢褘	0.000569	0.040822	0.000023
褉芯屑	0.000284	0.040822	0.000012
褉褍斜褉懈泻邪褌芯褉	0.000284	0.051293	0.000015
褉褍谢械褌	0.000284	0.040822	0.000012
褉褍谢械褌褘	0.002843	0.116534	0.000331
褉褍屑褘薪褋泻邪褟	0.000284	0.116534	0.000033
褉褍屑褟薪褘械	0.000284	0.116534	0.000033
褉褍薪械褌械	0.000284	0.020203	0.000006
褉褍褋褋泻邪褟	0.000284	0.116534	0.000033
褉褘斜邪	0.003412	0.040822	0.000139
褉褘斜械	0.000569	0.116534	0.000066
褉褘斜泻邪	0.000569	2.525729	0.001436
褉褘斜薪邪褟	0.000284	0.116534	0.000033
褉褘斜薪芯谐芯	0.000569	0.116534	0.000066
褉褘斜薪褘械	0.001137	0.116534	0.000133
褉褘斜薪褘泄	0.000569	0.116534	0.000066
褉褘斜薪褘褏	0.000284	0.116534	0.000033
褉褘斜芯泄	0.000569	0.116534	0.000066
褉褘斜褘	0.003981	0.116534	0.000464
褉褟卸械薪泻邪	0.000284	0.116534	0.000033
褋邪泄褌	0.000853	0.000000	0.000000
褋邪泄褌械	0.000284	0.462035	0.000131
褋邪泄褌褍	0.000569	0.061875	0.000035
褋邪谢邪褌	0.000569	0.094311	0.000054
褋邪谢邪褌邪	0.000284	1.078810	0.000307
褋邪谢邪褌薪邪褟	0.000284	0.116534	0.000033
褋邪谢邪褌褘	0.009667	0.040822	0.000395
褋邪屑懈屑	0.000284	3.506558	0.000997
褋邪屑芯谐芯薪	0.000284	0.040822	0.000012
褋邪屑芯褋褌芯褟褌械谢褜薪芯械	0.000284	2.207275	0.000628
褋邪屑褘褏	0.000853	0.116534	0.000099
褋邪褎	0.000853	0.116534	0.000099
褋邪褎褋械屑	0.000284	0.116534	0.000033
褋邪褏邪褉	0.000569	0.116534	0.000066
褋斜懈褌械薪褜	0.000284	0.040822	0.000012
褋胁械卸械褋褌褜	0.000284	0.105361	0.000030
褋胁械泻谢邪	0.000284	0.040822	0.000012
褋胁械泻芯谢褜薪懈泻	0.000569	0.040822	0.000023
褋胁械褌邪	0.001137	0.116534	0.000133
褋胁械褌谢邪薪芯褔泻械	0.000284	3.218876	0.000915
褋胁懈薪懈薪邪	0.001137	0.040822	0.000046
褋胁懈薪懈薪褘	0.001422	0.116534	0.000166
褋胁芯写懈屑	0.000284	2.659260	0.000756
褋胁芯械	0.000284	0.116534	0.000033
褋胁芯械泄	0.000284	1.347074	0.000383
褋胁芯械屑	0.000284	0.040822	0.000012
褋胁芯懈屑	0.000284	0.040822	0.000012
褋胁芯褞	0.000284	0.040822	0.000012
褋谐褍褖械薪泻邪	0.000284	0.040822	0.000012
褋械蟹芯薪	0.000284	0.116534	0.000033
褋械泄褔邪褋	0.000284	0.030459	0.000009
褋械泻褉械褌邪褏	0.000284	3.218876	0.000915
褋械泻褉械褌褘	0.000569	0.116534	0.000066
褋械谢械写泻邪	0.000284	0.040822	0.000012
褋械谢懈	0.000284	3.218876	0.000915
褋械屑谐邪	0.000284	0.040822	0.000012
褋械屑械泄薪褘泄	0.000284	0.116534	0.000033
褋械屑褜械泄	0.000284	1.897120	0.000539
褋械屑褜懈	0.000284	0.116534	0.000033
褋械薪褌褟斜褉褟	0.000853	0.673345	0.000574
褋械褉写褑械	0.000569	1.832581	0.001042
褋械褋褌褉芯泄	0.000284	3.218876	0.000915
褋械褌懈	0.000284	2.995732	0.000852
褋懈写褉	0.000284	0.040822	0.000012
褋懈褉懈泄褋泻邪褟	0.000284	0.116534	0.000033
褋懈褉芯锌	0.000284	0.040822	0.000012
褋懈褉芯锌褘	0.000284	0.116534	0.000033
褋懈褋褌械屑褘	0.000284	0.040822	0.000012
褋懈褌懈	0.000284	0.127833	0.000036
褋泻邪卸褍褌	0.000284	3.218876	0.000915
褋泻邪蟹邪褌褜	0.000569	0.653926	0.000372
褋泻邪蟹芯泻	0.000284	0.116534	0.000033
褋泻芯胁芯褉芯写泻褍	0.000284	2.407946	0.000685
褋谢邪写泻邪褟	0.000569	0.116534	0.000066
褋谢邪写泻懈械	0.001706	0.040822	0.000070
褋谢邪写泻懈泄	0.002559	0.105361	0.000270
褋谢邪写泻懈褏	0.000569	0.116534	0.000066
褋谢邪写泻芯	0.000284	0.116534	0.000033
褋谢械写懈褌褜	0.000284	2.659260	0.000756
褋谢懈胁泻懈	0.000569	1.078810	0.000613
褋谢懈胁芯褔薪芯械	0.001706	0.116534	0.000199
褋谢懈胁芯褔薪褘泄	0.000284	1.469676	0.000418
褋谢懈褕泻芯屑	0.000284	2.120264	0.000603
褋谢芯械薪芯谐芯	0.000284	0.127833	0.000036
褋谢芯械薪芯械	0.000284	0.116534	0.000033
褋谢芯械薪褘泄	0.000284	0.116534	0.000033
褋谢芯泄泻邪	0.000284	0.040822	0.000012
褋谢芯泄泻懈	0.000284	0.116534	0.000033
褋屑械谢芯	0.000284	2.120264	0.000603
褋屑械褌邪薪邪	0.001422	0.105361	0.000150
褋屑械褕邪薪薪芯谐芯	0.000569	0.116534	0.000066
褋屑芯卸械褌械	0.000284	0.040822	0.000012
褋屑褍蟹懈	0.000853	0.040822	0.000035
褋薪邪褉褍卸懈	0.000284	2.525729	0.000718
褋薪褝泻	0.000569	0.116534	0.000066
褋芯斜邪泻芯泄	0.000284	2.659260	0.000756
褋芯斜邪泻褍	0.000284	3.218876	0.000915
褋芯斜懈褉邪械褌械褋褜	0.000284	0.040822	0.000012
褋芯斜懈褉邪谢邪褋褜	0.000284	2.525729	0.000718
褋芯斜褋褌胁械薪薪芯	0.000284	2.120264	0.000603
褋芯胁械褉褕械薪褋褌胁芯	0.001422	0.116534	0.000166
褋芯胁械褌邪屑懈	0.000284	0.040822	0.000012
褋芯胁褋械屑	0.000284	1.139434	0.000324
褋芯谐谢邪褕邪械褌械褋褜	0.000284	0.040822	0.000012
褋芯械胁褘泄	0.001137	0.798508	0.000908
褋芯械胁褘屑	0.000284	2.525729	0.000718
褋芯蟹写邪械褌	0.000284	0.116534	0.000033
褋芯蟹写邪薪懈褟	0.000569	0.261365	0.000149
褋芯泻	0.000853	0.116534	0.000099
褋芯泻邪	0.000284	0.105361	0.000030
褋芯泻懈	0.000284	0.040822	0.000012
褋芯泻芯屑	0.000284	2.207275	0.000628
褋芯谢械薪褘械	0.000853	0.116534	0.000099
褋芯谢械薪褜褟	0.000569	0.116534	0.000066
褋芯谢懈	0.000284	2.525729	0.000718
褋芯谢薪械褔薪芯泄	0.000284	0.127833	0.000036
褋芯谢褜	0.004834	0.150823	0.000729
褋芯谢褟薪泻邪	0.000569	0.040822	0.000023
褋芯屑薪械胁邪谢邪褋褜	0.000284	2.995732	0.000852
褋芯褉褌懈褉芯胁邪褌褜	0.000284	0.248461	0.000071
褋芯褋褌邪胁褜	0.000284	0.116534	0.000033
褋芯褍褋	0.003412	0.040822	0.000139
褋芯褍褋芯屑	0.001706	0.116534	0.000199
褋芯褍褋褘	0.001137	0.116534	0.000133
褋芯褏褉邪薪褟褌褜	0.000284	0.040822	0.000012
褋芯褑芯锌褉芯褋	0.000284	3.218876	0.000915
褋芯褑褋械褌懈	0.000284	0.040822	0.000012
褋芯褔械褌邪薪懈械	0.000284	0.116534	0.000033
褋芯褔薪芯械	0.000284	0.116534	0.000033
褋锌邪谢褜薪褟屑懈	0.000284	0.446287	0.000127
褋锌邪褋懈斜芯	0.000284	0.673345	0.000191
褋锌械褑懈邪谢褜薪芯械	0.000284	0.116534	0.000033
褋锌械褑懈懈	0.003981	0.105361	0.000419
褋锌械褑懈褟屑懈	0.000284	2.525729	0.000718
褋锌械褑锌褉芯械泻褌	0.009383	0.116534	0.001093
褋锌懈褋芯泻	0.000284	0.116534	0.000033
褋锌芯褋芯斜械	0.000284	2.525729	0.000718
褋锌芯褞	0.000284	0.116534	0.000033
褋褉邪蟹褍	0.000853	0.733969	0.000626
褋褉械写懈蟹械屑薪芯屑芯褉褋泻邪褟	0.000284	0.127833	0.000036
褋褌邪薪械褌	0.000569	1.832581	0.001042
褋褌邪褉褘械	0.000284	0.261365	0.000074
褋褌邪褌褜褟褏	0.000284	0.061875	0.000018
褋褌械锌懈	0.000284	2.302585	0.000655
褋褌械锌薪芯屑褍	0.000284	2.407946	0.000685
褋褌懈谢械	0.000284	0.116534	0.000033
褋褌懈谢褟	0.000284	0.116534	0.000033
褋褌芯谢	0.001137	0.105361	0.000120
褋褌芯谢邪	0.001706	0.116534	0.000199
褋褌芯谢褜泻芯	0.000284	2.040221	0.000580
褋褌褉芯懈褌械谢褜褋褌胁械	0.000284	0.040822	0.000012
褋褌褉芯懈褌械谢褜褋褌胁褍	0.000284	0.040822	0.000012
褋褌褉芯懈褌褜	0.000284	0.040822	0.000012
褋褌褉芯泄薪芯泄	0.000284	0.116534	0.000033
褋褌褘写薪芯	0.000284	2.120264	0.000603
褋褍斜锌褉芯写褍泻褌芯胁	0.001990	0.116534	0.000232
褋褍斜锌褉芯写褍泻褌褘	0.000853	0.116534	0.000099
褋褍锌	0.004265	0.040822	0.000174
褋褍锌邪	0.000284	0.040822	0.000012
褋褍锌褔懈泻	0.000569	2.302585	0.001309
褋褍锌褘	0.003981	0.040822	0.000162
褋褍褎谢械	0.000853	0.040822	0.000035
褋褍褏邪褉懈	0.001422	0.040822	0.000058
褋褍褕懈	0.000569	0.040822	0.000023
褋褗械谢邪	0.000284	2.659260	0.000756
褋褘褉	0.004834	0.040822	0.000197
褋褘褉邪	0.001422	0.116534	0.000166
褋褘褉邪屑懈	0.000284	0.127833	0.000036
褋褘褉薪懈泻	0.000284	0.040822	0.000012
褋褘褉薪懈泻懈	0.000569	0.116534	0.000066
褋褘褉薪芯泄	0.000284	2.302585	0.000655
褋褘褉薪褘械	0.001422	0.040822	0.000058
褋褘褉薪褘屑懈	0.000284	2.995732	0.000852
褋褘褌薪褘泄	0.000569	0.105361	0.000060
褋褘褔褍卸薪褘屑懈	0.000284	0.127833	0.000036
褋褝薪写胁懈褔懈	0.000284	0.127833	0.000036
褋褞褉锌褉懈蟹	0.000284	0.116534	0.000033
褌邪写卸懈泻褋泻邪褟	0.000284	0.116534	0.000033
褌邪泄褋泻邪褟	0.000284	0.116534	0.000033
褌邪泻懈	0.000284	1.237874	0.000352
褌邪泻懈屑	0.000284	1.021651	0.000290
褌邪泻懈屑懈	0.000284	2.659260	0.000756
褌邪泻芯屑	0.000284	1.897120	0.000539
褌邪泻褍褞	0.000569	1.427116	0.000812
褌邪褉械谢泻械	0.000284	1.897120	0.000539
褌邪褉褌	0.000284	0.116534	0.000033
褌邪褉褌邪谢械褌泻懈	0.000569	0.040822	0.000023
褌邪褌邪褉褋泻邪褟	0.000284	0.116534	0.000033
褌邪褌邪褉褋泻懈泄	0.000284	2.995732	0.000852
褌胁械褉写褘泄	0.002843	0.562119	0.001598
褌胁芯懈	0.000569	0.116534	0.000066
褌胁芯褉懈	0.000284	0.116534	0.000033
褌胁芯褉芯谐	0.000569	0.040822	0.000023
褌胁芯褉芯谐芯屑	0.000284	0.105361	0.000030
褌胁芯褉芯卸薪芯械	0.000284	0.116534	0.000033
褌胁芯褉芯卸薪褘械	0.000569	0.116534	0.000066
褌胁芯褉芯卸薪褘泄	0.000284	0.116534	0.000033
褌械谢械谐褉邪屑	0.000284	0.040822	0.000012
褌械谢褟褌懈薪褘	0.001137	0.116534	0.000133
褌械锌械褉褜	0.000284	0.916291	0.000261
褌械锌谢芯屑	0.000284	0.116534	0.000033
褌械褉褉邪褋芯泄	0.000284	0.798508	0.000227
褌械褉褉懈薪	0.000284	0.040822	0.000012
褌械褋褌	0.001422	0.127833	0.000182
褌械褋褌邪	0.001990	0.105361	0.000210
褌械褋褌芯	0.002843	0.040822	0.000116
褌械褏薪懈泻邪	0.001422	0.105361	0.000150
褌械褖懈薪	0.000284	0.040822	0.000012
褌懈屑褜褟薪	0.000569	2.659260	0.001512
褌屑	0.001137	0.127833	0.000145
褌芯屑	0.000284	1.171183	0.000333
褌芯屑邪褌邪屑懈	0.000284	2.407946	0.000685
褌芯锌谢械薪芯械	0.000284	0.116534	0.000033
褌芯褉褌	0.003128	0.040822	0.000128
褌芯褉褌褘	0.002559	0.116534	0.000298
褌褉邪胁褘	0.000284	0.105361	0.000030
褌褉邪写懈褑懈懈	0.000284	0.116534	0.000033
褌褉邪写懈褑懈泄	0.001137	0.116534	0.000133
褌褉邪写懈褑懈褟褏	0.000284	0.116534	0.000033
褌褉械褏谢械褌懈械屑	0.000284	0.116534	0.000033
褌褉褍斜芯褔泻懈	0.000284	0.040822	0.000012
褌褍薪懈褋褋泻邪褟	0.000284	0.116534	0.000033
褌褍薪褑芯屑	0.000284	0.116534	0.000033
褌褍褉械褑泻邪褟	0.000284	0.116534	0.000033
褌褘泻胁邪	0.000284	0.040822	0.000012
褍胁械写芯屑谢械薪懈褟	0.000284	0.040822	0.000012
褍胁懈写械谢邪	0.000284	1.427116	0.000406
褍谐芯褋褌懈褌褜	0.000284	2.407946	0.000685
褍谐芯褖邪泄褌械褋褜	0.000284	1.021651	0.000290
褍写邪褔薪邪褟	0.000284	0.116534	0.000033
褍写懈胁懈	0.000284	0.116534	0.000033
褍写懈胁谢褟泄褌械	0.001137	0.116534	0.000133
褍写芯胁芯谢褜褋褌胁懈械屑	0.000284	0.116534	0.000033
褍卸	0.000569	0.693147	0.000394
褍卸懈薪	0.001706	0.094311	0.000161
褍蟹斜械泻褋泻邪褟	0.000284	0.116534	0.000033
褍泻褉邪懈薪褋泻邪褟	0.000284	0.116534	0.000033
褍泻褉邪褋懈褌	0.000284	1.560648	0.000444
褍泻褉邪褕械薪懈褟	0.002275	0.116534	0.000265
褍泻褉芯锌	0.000569	0.562119	0.000320
褍泻褋褍褋	0.001137	0.634878	0.000722
褍锌芯褌褉械斜懈褌褜	0.000284	3.506558	0.000997
褍锌芯褌褉械斜谢械薪懈械屑	0.000284	0.116534	0.000033
褍褉邪谢褜褋泻邪褟	0.000284	0.116534	0.000033
褍褉芯卸邪泄	0.000284	0.105361	0.000030
褍褌泻懈	0.000853	0.116534	0.000099
褍褏	0.000284	2.995732	0.000852
褍褏邪	0.000284	0.040822	0.000012
褍褔邪褋褌胁芯胁邪褌褜	0.000284	0.040822	0.000012
褎邪蟹械薪写褘	0.000284	0.127833	0.000036
褎邪薪褌邪蟹懈懈	0.001706	0.116534	0.000199
褎邪薪褌邪蟹懈泄	0.000284	0.116534	0.000033
褎邪薪褌邪蟹懈褟	0.000284	0.116534	0.000033
褎邪褉屑懈薪谐褌芯薪	0.000284	3.506558	0.000997
褎邪褉褕	0.000569	1.021651	0.000581
褎邪褉褕邪	0.004834	0.040822	0.000197
褎邪褉褕懈褉芯胁邪薪薪邪褟	0.000569	0.116534	0.000066
褎邪褉褕懈褉芯胁邪薪薪芯械	0.000284	0.116534	0.000033
褎邪褉褕懈褉芯胁邪薪薪褘械	0.000569	0.040822	0.000023
褎邪褉褕懈褉芯胁邪薪薪褘泄	0.000284	0.040822	0.000012
褎邪褋芯谢褜	0.000284	0.040822	0.000012
褎邪褋褌	0.000284	3.218876	0.000915
褎械胁褉邪谢褟	0.000569	0.105361	0.000060
褎械泄械褉胁械褉泻	0.000569	0.116534	0.000066
褎懈谐褍褉械	0.000284	0.116534	0.000033
褎懈薪褋泻邪褟	0.000284	0.116534	0.000033
褎懈褉屑械薪薪芯械	0.000284	0.116534	0.000033
褎芯薪写褞	0.000284	0.040822	0.000012
褎芯褉屑褘	0.000284	0.116534	0.000033
褎芯褉褍屑械	0.000569	0.040822	0.000023
褎芯褉褕屑邪泻	0.000284	0.040822	0.000012
褎褉邪薪褑懈懈	0.000284	0.116534	0.000033
褎褉邪薪褑褍蟹褋泻邪褟	0.000284	0.116534	0.000033
褎褉邪薪褑褍蟹褋泻懈屑	0.000284	2.995732	0.000852
褎褉邪薪褑褍蟹褋泻芯泄	0.000284	2.525729	0.000718
褎褉邪褍	0.001137	0.116534	0.000133
褎褉懈	0.000284	2.995732	0.000852
褎褉褍泻褌芯胁	0.001137	0.116534	0.000133
褎褉褍泻褌芯胁芯	0.000284	0.116534	0.000033
褎褉褍泻褌芯胁褘械	0.001990	0.040822	0.000081
褎褍写	0.000284	0.116534	0.000033
褎褍写邪	0.000284	3.218876	0.000915
褎褍褉褕械褌	0.000284	0.116534	0.000033
褏邪谢胁邪	0.000284	0.040822	0.000012
褏邪褉胁械褋褌褎械褋褌	0.000569	0.116534	0.000066
褏邪褉褔芯	0.000569	0.040822	0.000023
褏邪褕	0.000284	0.040822	0.000012
褏胁芯褉芯褋褌	0.000284	0.040822	0.000012
褏懈薪泻邪谢懈	0.000284	0.116534	0.000033
褏懈褌	0.001990	0.116534	0.000232
褏懈褌褉芯褋褌懈	0.000284	2.659260	0.000756
褏谢械斜	0.000853	0.040822	0.000035
褏谢械斜芯锌械褔泻懈	0.000284	0.116534	0.000033
褏谢芯锌褜褟	0.000569	0.105361	0.000060
褏芯蟹褟泄泻邪	0.000284	1.897120	0.000539
褏芯蟹褟泄泻懈	0.000284	0.127833	0.000036
褏芯谢芯写械褑	0.000284	0.040822	0.000012
褏芯谢芯写懈谢褜薪懈泻械	0.000284	1.609438	0.000458
褏芯谢芯写薪褘械	0.000569	0.116534	0.000066
褏芯谢芯写薪褘泄	0.000569	0.116534	0.000066
褏芯褉胁邪褌褋泻邪褟	0.000284	0.116534	0.000033
褏芯褉芯褕芯	0.001422	0.105361	0.000150
褏芯褉褋	0.000284	0.116534	0.000033
褏芯褌懈褌械	0.000284	0.040822	0.000012
褏芯褔褍	0.001137	0.562119	0.000639
褏褉褍褋褌褟褖邪褟	0.000284	2.302585	0.000655
褏褉褍褋褌褟褖械泄	0.000284	1.609438	0.000458
褏褍屑褍褋	0.000284	0.040822	0.000012
褑邪褉褋褌胁芯	0.000284	0.127833	0.000036
褑邪褉褜	0.000284	0.116534	0.000033
褑胁械褌薪邪褟	0.000284	0.040822	0.000012
褑械薪薪褘褏	0.000284	0.040822	0.000012
褑械薪褌褉	0.000284	0.116534	0.000033
褑芯泻芯谢褜薪褘屑	0.000284	3.218876	0.000915
褔邪械屑	0.000284	0.116534	0.000033
褔邪泄	0.000853	0.040822	0.000035
褔邪褋邪	0.000284	1.514128	0.000431
褔械斜褍褉械泻懈	0.000569	0.040822	0.000023
褔械谐芯	0.000284	1.203973	0.000342
褔械屑	0.000284	0.994252	0.000283
褔械屑褍	0.000284	2.407946	0.000685
褔械褉泻懈蟹芯胁芯	0.000569	0.116534	0.000066
褔械褉薪褘泄	0.003412	0.371064	0.001266
褔械褋薪芯泻	0.003412	0.314711	0.001074
褔械褋褌薪芯	0.000284	1.203973	0.000342
褔械褋褌薪褘屑懈	0.000284	0.040822	0.000012
褔械褋褌褜	0.000284	2.659260	0.000756
褔械褔械胁懈褑邪	0.000284	0.040822	0.000012
褔械褕褋泻邪褟	0.000284	0.116534	0.000033
褔懈蟹泻械泄泻	0.001137	0.040822	0.000046
褔懈谢懈泄褋泻邪褟	0.000284	0.116534	0.000033
褔懈锌褋褘	0.001137	0.040822	0.000046
褔懈褋谢褍	0.000284	0.261365	0.000074
褔褍写械褋	0.000284	0.116534	0.000033
褔褍写械褋薪芯	0.000284	2.659260	0.000756
褔褍写械褋薪芯械	0.000284	2.525729	0.000718
褕邪褉懈泻邪屑懈	0.000284	2.995732	0.000852
褕邪褉懈泻懈	0.000569	0.040822	0.000023
褕邪褉谢芯褌泻邪	0.000284	0.040822	0.000012
褕邪褉谢芯褌泻懈	0.000284	0.127833	0.000036
褕邪褉屑	0.000284	0.116534	0.000033
褕邪褕谢褘泻	0.003412	0.040822	0.000139
褕邪褕谢褘泻懈	0.000569	0.040822	0.000023
褕胁械写褋泻邪褟	0.000284	0.116534	0.000033
褕胁械泄褑邪褉褋泻邪褟	0.000284	0.116534	0.000033
褕械写械胁褉褘	0.000284	0.116534	0.000033
褕械褎	0.000569	0.127833	0.000073
褕懈锌褍褔泻邪	0.000284	0.040822	0.000012
褕懈褉芯泻邪褟	0.000284	0.127833	0.000036
褕泻芯谢褍	0.000284	0.116534	0.000033
褕芯泻芯谢邪写	0.000284	0.040822	0.000012
褕芯褌谢邪薪写褋泻邪褟	0.000284	0.116534	0.000033
褕褌褉褍写械谢褜	0.000284	0.040822	0.000012
褕褌褍褔泻懈	0.000284	2.120264	0.000603
褕褍斜泻芯泄	0.000284	2.659260	0.000756
褕褍褉锌邪	0.000284	0.040822	0.000012
褖邪褋	0.000284	0.116534	0.000033
褖械写褉邪褟	0.000284	0.116534	0.000033
褖懈	0.000569	0.040822	0.000023
褝泻芯屑懈谢泻	0.000284	0.127833	0.000036
褝褋褌芯薪褋泻邪褟	0.000284	0.116534	0.000033
褝褌邪卸芯屑	0.000284	3.218876	0.000915
褝褌懈褏	0.000284	1.714798	0.000488
褝褌芯谐芯	0.000569	0.415515	0.000236
褝褌褍	0.000284	1.272966	0.000362
褞谐芯褋谢邪胁褋泻邪褟	0.000284	0.116534	0.000033
褟谐芯写薪褘械	0.000569	0.116534	0.000066
褟谐芯写薪褘泄	0.000569	0.116534	0.000066
褟蟹褘泻	0.000284	0.040822	0.000012
褟懈褑	0.001137	0.116534	0.000133
褟懈褔薪褘泄	0.000569	1.049822	0.000597
褟泄褑邪	0.000284	0.040822	0.000012
褟泄褑芯	0.002843	0.261365	0.000743
褟谢芯褉懈褋	0.000284	1.771957	0.000504
褟薪写械泻褋	0.000284	0.072571	0.000021
褟锌芯薪褋泻邪褟	0.000284	0.116534	0.000033
褟锌芯薪褋泻芯泄	0.000284	0.061875	0.000018
褟褉泻懈械	0.000284	0.116534	0.000033
褟褉泻芯	0.000284	0.105361	0.000030
