褌芯泻械薪	TF	IDF	TF-IDF
邪斜褏邪蟹褋泻邪褟	0.000290	0.116534	0.000034
邪胁谐褍褋褌邪	0.000290	0.867501	0.000252
邪胁褋褌褉邪谢懈泄褋泻邪褟	0.000290	0.116534	0.000034
邪胁褋褌褉懈泄褋泻邪褟	0.000290	0.116534	0.000034
邪胁褌芯泻谢邪胁邪	0.000290	0.116534	0.000034
邪胁褌芯褉邪屑	0.000290	0.040822	0.000012
邪谐褉芯	0.000290	0.116534	0.000034
邪写卸懈泻邪	0.000290	0.040822	0.000012
邪蟹械褉斜邪泄写卸邪薪褋泻邪褟	0.000290	0.116534	0.000034
邪蟹懈邪褌褋泻邪褟	0.000290	0.127833	0.000037
邪蟹褘	0.000290	0.127833	0.000037
邪泄褉邪薪	0.000290	0.040822	0.000012
邪泻胁邪褌懈泻邪	0.000871	0.127833	0.000111
邪泻褌懈胁薪芯谐芯	0.000290	3.912023	0.001136
邪谢械泻褋械褟	0.000290	0.127833	0.000037
邪谢泻芯谐芯谢褜	0.000581	0.116534	0.000068
邪谢泻芯谐芯谢褜薪褘械	0.000290	0.116534	0.000034
邪谢泻芯谐芯谢褟	0.000290	0.116534	0.000034
邪谢褜褟薪褋	0.000290	0.116534	0.000034
邪屑械褉懈泻邪薪褋泻邪褟	0.000290	0.116534	0.000034
邪屑械褉懈泻邪薪褋泻懈	0.000290	2.995732	0.000870
邪薪谐谢懈泄褋泻邪褟	0.000290	0.116534	0.000034
邪薪写褉械褟	0.000290	0.127833	0.000037
邪锌褉械谢褟	0.000871	0.579818	0.000505
邪褉邪斜褋泻邪褟	0.000290	0.116534	0.000034
邪褉谐械薪褌懈薪褋泻邪褟	0.000290	0.116534	0.000034
邪褉屑褟薪褋泻邪褟	0.000290	0.116534	0.000034
邪褉芯屑邪褌薪褘械	0.000290	2.207275	0.000641
邪褋褋芯褉褌懈	0.000581	0.116534	0.000068
邪褌谢邪薪褌	0.000290	0.127833	0.000037
邪褎谐邪薪褋泻邪褟	0.000290	0.116534	0.000034
邪褎褉懈泻邪薪褋泻邪褟	0.000290	0.116534	0.000034
邪褝褉芯谐褉懈谢械	0.002904	0.116534	0.000338
斜邪斜懈褔	0.000290	1.514128	0.000440
斜邪泻谢邪卸邪薪褘	0.000290	0.040822	0.000012
斜邪谢褌泻芯屑	0.000290	0.127833	0.000037
斜邪褉邪薪懈薪褘	0.001162	0.116534	0.000135
斜邪褋屑邪褌懈	0.000581	0.127833	0.000074
斜邪褋褌褍褉屑邪	0.000871	0.040822	0.000036
斜邪褌芯薪褔懈泻懈	0.000290	0.127833	0.000037
斜邪褕泻懈褉褋泻邪褟	0.000290	0.116534	0.000034
斜械蟹邪谢泻芯谐芯谢褜薪褘械	0.000290	0.116534	0.000034
斜械蟹胁褉械写薪械械	0.000290	3.506558	0.001018
斜械蟹谐谢褞褌械薪芯胁褘械	0.000290	0.116534	0.000034
斜械蟹械	0.001162	0.040822	0.000047
斜械蟹褍屑薪芯	0.000290	1.560648	0.000453
斜械谢械斜械械胁褋泻懈泄	0.000581	0.116534	0.000068
斜械谢芯泻芯褔邪薪薪邪褟	0.000581	0.994252	0.000578
斜械谢芯褉褍褋褋泻邪褟	0.000290	0.116534	0.000034
斜械谢褜谐懈泄褋泻邪褟	0.000290	0.116534	0.000034
斜械谢褟褕械泄	0.000290	4.605170	0.001338
斜械谢褟褕懈	0.000581	3.506558	0.002037
斜械褉械屑械薪薪褘褏	0.000290	0.116534	0.000034
斜械褋械写懈薪邪	0.000290	0.127833	0.000037
斜懈褋泻胁懈褌	0.000290	0.040822	0.000012
斜懈褋泻胁懈褌薪芯械	0.000581	0.116534	0.000068
斜懈褋泻胁懈褌薪褘泄	0.000290	0.105361	0.000031
斜懈褋泻胁懈褌褘	0.000290	0.127833	0.000037
斜谢邪谐芯写邪褉褟	0.000290	1.897120	0.000551
斜谢懈卸械	0.000290	0.116534	0.000034
斜谢懈蟹泻懈褏	0.000290	0.116534	0.000034
斜谢懈薪芯胁	0.000581	0.116534	0.000068
斜谢懈薪褘	0.001162	0.040822	0.000047
斜谢褞写	0.000581	0.094311	0.000055
斜谢褞写邪	0.031078	0.040822	0.001269
斜谢褞写芯	0.001743	0.040822	0.000071
斜谢褞写芯屑	0.000290	0.994252	0.000289
斜谢褞写褍	0.000290	0.116534	0.000034
斜芯斜芯胁褘械	0.000581	0.127833	0.000074
斜芯斜芯胁褘褏	0.002033	0.116534	0.000237
斜芯谢谐邪褉褋泻邪褟	0.000290	0.116534	0.000034
斜芯谢谐邪褉褋泻懈泄	0.001162	0.843970	0.000981
斜芯谢褜褕械	0.000581	0.105361	0.000061
斜芯谢褜褕懈薪褋褌胁芯	0.000290	2.407946	0.000699
斜芯褉褖	0.000581	0.040822	0.000024
斜芯褌胁懈薪褜褟	0.000290	0.040822	0.000012
斜芯褍薪写	0.000290	3.912023	0.001136
斜褉邪蟹懈谢褜褋泻邪褟	0.000290	0.116534	0.000034
斜褉邪褍蟹械褉械	0.000290	0.040822	0.000012
斜褉邪褍薪懈	0.000290	0.040822	0.000012
斜褉械褋褌	0.000290	0.127833	0.000037
斜褉芯泻	0.000290	3.912023	0.001136
斜褉芯泻泻芯谢懈	0.000290	0.040822	0.000012
斜褍写械褌械	0.000290	2.302585	0.000669
斜褍卸械薪懈薪邪	0.000581	0.040822	0.000024
斜褍谢芯褔泻邪屑懈	0.000290	0.116534	0.000034
斜褍谢芯褔泻懈	0.000581	0.040822	0.000024
斜褍谢褜芯薪	0.003776	0.040822	0.000154
斜褍谢褜芯薪褘	0.001743	0.116534	0.000203
斜褍褉谐械褉	0.000290	0.040822	0.000012
斜褍褉谐械褉褘	0.000290	0.127833	0.000037
斜褍褉褟褌褋泻邪褟	0.000290	0.116534	0.000034
斜褍褌械褉斜褉芯写	0.000581	0.116534	0.000068
斜褍褌械褉斜褉芯写芯胁	0.000290	2.813411	0.000817
斜褍褌械褉斜褉芯写褘	0.000871	0.040822	0.000036
斜褘褋褌褉芯	0.000581	0.094311	0.000055
斜褘褋褌褉芯泄	0.000290	0.116534	0.000034
斜褘褋褌褉褘泄	0.000581	0.105361	0.000061
胁邪卸薪褘械	0.000290	0.116534	0.000034
胁邪谢谢懈泄褋泻邪褟	0.000290	0.116534	0.000034
胁邪屑懈	0.000290	0.843970	0.000245
胁邪褉械薪懈泻懈	0.000290	0.116534	0.000034
胁邪褉械薪褜械	0.000581	0.040822	0.000024
胁邪褌褉褍褕泻懈	0.000290	0.040822	0.000012
胁邪褎谢懈	0.000581	0.040822	0.000024
胁邪褕械	0.000290	1.897120	0.000551
胁邪褕械谐芯	0.000290	2.040221	0.000593
胁邪褕械泄	0.000581	0.040822	0.000024
胁邪褕械屑褍	0.000290	1.560648	0.000453
胁邪褕懈屑	0.000290	2.040221	0.000593
胁胁芯写褟	0.000290	0.040822	0.000012
胁写芯褏薪芯胁械薪懈械	0.001162	0.116534	0.000135
胁写芯褏薪芯胁械薪懈械屑	0.000581	0.116534	0.000068
胁写芯褏薪芯胁谢褟泄褋褟	0.000290	0.116534	0.000034
胁械谐械褌邪褉懈邪薪褋泻懈械	0.000290	0.127833	0.000037
胁械谐械褌邪褉懈邪薪褋泻芯械	0.000290	0.116534	0.000034
胁械谢懈泻懈泄	0.000581	0.116534	0.000068
胁械薪谐械褉褋泻邪褟	0.000290	0.116534	0.000034
胁械褉懈褌械	0.000290	2.995732	0.000870
胁械褋械薪薪懈械	0.000290	0.051293	0.000015
胁械褋薪邪	0.001452	0.116534	0.000169
胁械褋薪褘	0.000290	0.116534	0.000034
胁械褌褔懈薪褘	0.000290	0.105361	0.000031
胁懈写械芯	0.000581	0.116534	0.000068
胁懈写械芯褉械褑械锌褌褘	0.000290	0.301105	0.000087
胁懈薪芯	0.000581	0.040822	0.000024
胁泻谢褞褔邪褞褖懈褏	0.000290	0.634878	0.000184
胁泻褍褋	0.000871	0.105361	0.000092
胁泻褍褋邪	0.002324	0.116534	0.000271
胁泻褍褋薪邪褟	0.001452	0.061875	0.000090
胁泻褍褋薪械械	0.000871	0.116534	0.000102
胁泻褍褋薪械泄	0.000290	0.116534	0.000034
胁泻褍褋薪械泄褕邪褟	0.000290	2.813411	0.000817
胁泻褍褋薪芯	0.002033	0.094311	0.000192
胁泻褍褋薪褘械	0.000871	0.105361	0.000092
胁泻褍褋芯屑	0.000290	0.105361	0.000031
胁谢褞斜谢械薪薪褘褏	0.000290	0.116534	0.000034
胁薪邪褔邪谢械	0.001162	0.248461	0.000289
胁薪懈屑邪薪懈褞	0.000290	1.609438	0.000467
胁芯	0.000871	0.061875	0.000054
胁芯写邪	0.001743	0.287682	0.000501
胁芯写械	0.000290	0.105361	0.000031
胁芯写泻邪	0.000581	2.302585	0.001338
胁芯蟹写褍褕薪褘屑懈	0.000290	2.995732	0.000870
胁芯泄褌懈	0.000290	0.000000	0.000000
胁芯谢芯胁邪薪褘	0.000290	0.116534	0.000034
胁芯谢褕械斜薪邪褟	0.000290	2.659260	0.000772
胁芯谢褕械斜薪芯	0.000290	2.525729	0.000734
胁芯谢褕械斜薪褘械	0.000290	0.116534	0.000034
胁芯谢褕械斜褋褌胁芯	0.000290	0.116534	0.000034
胁芯芯斜褖械	0.000290	1.386294	0.000403
胁芯锌褉芯褋	0.000290	1.771957	0.000515
胁芯锌褉芯褋褘	0.000290	0.000000	0.000000
胁芯褋褌芯褉谐械	0.000581	1.469676	0.000854
胁芯褋褌芯褔薪邪褟	0.000290	0.127833	0.000037
胁锌械褉胁褘械	0.000290	1.560648	0.000453
胁褉械屑械薪邪	0.000290	0.116534	0.000034
胁褉械屑械薪械屑	0.001743	0.116534	0.000203
胁褉械屑褟	0.000290	0.400478	0.000116
胁褉芯写械	0.000581	1.897120	0.001102
胁褋械谐写邪	0.000290	0.653926	0.000190
胁褋械谐芯	0.000290	0.186330	0.000054
胁褋械泄	0.000871	0.105361	0.000092
胁褋械屑褍	0.000290	0.061875	0.000018
胁褋锌芯屑薪懈褌褜	0.000290	0.040822	0.000012
胁褌芯褉芯械	0.000290	0.116534	0.000034
胁褌芯褉褘械	0.000290	0.127833	0.000037
胁褏芯写	0.000871	0.030459	0.000027
胁褘泄褌懈	0.000290	0.040822	0.000012
胁褘泻谢邪写褘胁邪褌褜	0.000290	2.659260	0.000772
胁褘锌械褔泻邪	0.004357	0.040822	0.000178
胁褘锌械褔泻懈	0.000581	0.072571	0.000042
胁褘锌械褔泻芯泄	0.000290	0.116534	0.000034
胁褜械褌薪邪屑褋泻邪褟	0.000290	0.116534	0.000034
谐邪胁邪泄褋泻邪褟	0.000290	0.116534	0.000034
谐邪褉邪卸芯屑	0.000290	1.078810	0.000313
谐邪褉薪懈褉	0.002033	0.040822	0.000083
谐邪褋锌邪褔芯	0.000290	0.040822	0.000012
谐械芯谐褉邪褎懈褟	0.000290	0.116534	0.000034
谐谢邪胁薪褘泄	0.000290	0.040822	0.000012
谐谢邪蟹褍褉褜	0.000871	0.040822	0.000036
谐谢懈薪褌胁械泄薪	0.000290	0.040822	0.000012
谐芯胁芯褉褟	0.000290	2.207275	0.000641
谐芯胁褟写懈薪褘	0.001162	0.116534	0.000135
谐芯写	0.002614	0.105361	0.000275
谐芯写邪	0.004357	0.248461	0.001082
谐芯谢谢邪薪写褋泻邪褟	0.000290	0.116534	0.000034
谐芯谢谢邪薪写褋泻懈泄	0.000581	1.966113	0.001142
谐芯褉芯写邪	0.000290	0.116534	0.000034
谐芯褉芯褏	0.000290	0.116534	0.000034
谐芯褉褔懈褑邪	0.001743	0.040822	0.000071
谐芯褉褔懈褑邪屑懈	0.000290	0.127833	0.000037
谐芯褉褕芯褔泻邪褏	0.000290	0.105361	0.000031
谐芯褉褕芯褔泻械	0.000290	0.040822	0.000012
谐芯褉褟褔械械	0.000581	0.116534	0.000068
谐芯褉褟褔懈械	0.013651	0.105361	0.001438
谐芯褉褟褔懈泄	0.000581	0.116534	0.000068
谐芯褋褌懈	0.000290	0.116534	0.000034
谐芯褌芯胁懈屑	0.002033	0.094311	0.000192
谐芯褌芯胁懈褌褋褟	0.000290	0.478036	0.000139
谐芯褌芯胁懈褌褜	0.002904	0.105361	0.000306
谐芯褌芯胁褜	0.000581	0.116534	0.000068
谐芯褌芯胁褟褌	0.000290	0.116534	0.000034
谐褉械薪泻懈	0.001162	0.040822	0.000047
谐褉械褔械褋泻邪褟	0.000290	0.116534	0.000034
谐褉械褔泻邪	0.000290	0.040822	0.000012
谐褉懈斜邪屑懈	0.001452	0.105361	0.000153
谐褉懈斜薪褘械	0.000581	0.040822	0.000024
谐褉懈斜芯胁	0.001162	0.116534	0.000135
谐褉懈斜褘	0.000871	0.040822	0.000036
谐褉懈谢械	0.001743	0.116534	0.000203
谐褉懈谢褜	0.000290	0.116534	0.000034
谐褉懈谢褜屑邪薪懈褟	0.000290	0.116534	0.000034
谐褉懈谢褟	0.001162	0.116534	0.000135
谐褉芯谐	0.000290	0.040822	0.000012
谐褉褍写泻邪	0.000581	1.108663	0.000644
谐褉褍蟹懈薪褋泻邪褟	0.000290	0.116534	0.000034
谐褉褍锌锌褘	0.000290	0.061875	0.000018
谐褍褉屑邪薪懈褟	0.001743	0.116534	0.000203
谐褍褉屑械	0.000290	0.127833	0.000037
谐褍褋褟	0.000581	0.105361	0.000061
写邪械褌	0.000290	0.040822	0.000012
写邪薪薪褘械	0.000290	0.040822	0.000012
写邪褉褘	0.000290	0.116534	0.000034
写邪褌械	0.000581	0.248461	0.000144
写邪褌褋泻邪褟	0.000290	0.116534	0.000034
写邪褌褜	0.000290	2.120264	0.000616
写邪褔薪芯械	0.000871	0.116534	0.000102
写械泻芯褉	0.000290	0.127833	0.000037
写械谢	0.000290	2.813411	0.000817
写械谢邪械褌	0.000581	0.116534	0.000068
写械谢邪械褌褋褟	0.000290	1.347074	0.000391
写械谢邪谢懈	0.000290	2.995732	0.000870
写械谢邪褞	0.000290	1.386294	0.000403
写械谢懈屑褋褟	0.000290	0.040822	0.000012
写械谢芯屑	0.000290	0.116534	0.000034
写械屑芯薪懈泻邪	0.000290	2.525729	0.000734
写械薪褜	0.001162	0.083382	0.000097
写械褉械胁械薪褋泻懈	0.000581	2.995732	0.001740
写械褋械褉褌	0.000871	0.116534	0.000102
写械褋械褉褌邪褑懈褟	0.000290	0.116534	0.000034
写械褋械褉褌薪褘械	0.000290	0.116534	0.000034
写械褋械褉褌褘	0.004066	0.040822	0.000166
写械褌械泄	0.000290	0.116534	0.000034
写卸械屑	0.000290	0.040822	0.000012
写蟹械薪	0.000290	0.116534	0.000034
写懈械褌邪	0.000290	0.116534	0.000034
写懈械褌懈褔械褋泻懈泄	0.000290	2.302585	0.000669
写懈械褌褘	0.000290	0.116534	0.000034
写懈泻懈泄	0.000581	0.116534	0.000068
写懈泻芯谐芯	0.000290	0.116534	0.000034
写懈锌	0.000290	0.116534	0.000034
写懈褔懈	0.000581	0.116534	0.000068
写懈褔褜	0.000290	0.116534	0.000034
写薪械胁薪懈泻邪褏	0.000290	0.061875	0.000018
写薪械泄	0.001162	0.116534	0.000135
写薪褟	0.000290	0.040822	0.000012
写芯斜邪胁懈褌褜	0.000290	1.514128	0.000440
写芯斜邪胁谢械薪懈褟屑	0.000290	0.274437	0.000080
写芯斜邪胁谢褟褌褜	0.000290	0.040822	0.000012
写芯斜邪胁褜	0.000290	0.116534	0.000034
写芯斜褉芯褎谢芯褌	0.000290	0.127833	0.000037
写芯胁械褉褟械褕褜	0.000290	0.116534	0.000034
写芯胁芯谢褜薪褘	0.000290	2.407946	0.000699
写芯谢谐芯	0.000290	1.514128	0.000440
写芯谢谐芯屑	0.000290	3.506558	0.001018
写芯屑	0.002614	0.040822	0.000107
写芯屑邪	0.000871	0.994252	0.000866
写芯屑邪褕薪械械	0.000871	0.040822	0.000036
写芯屑邪褕薪懈械	0.000871	0.040822	0.000036
写芯屑邪褕薪懈泄	0.001743	0.116534	0.000203
写芯屑邪褕薪褟褟	0.000581	0.105361	0.000061
写芯屑芯胁	0.000290	0.040822	0.000012
写芯锌芯谢薪褟褞褌	0.000290	2.659260	0.000772
写芯褔械	0.000290	3.506558	0.001018
写褉邪泄胁	0.001452	0.127833	0.000186
写褉芯卸卸械胁芯械	0.000290	0.116534	0.000034
写褉芯卸卸懈	0.000581	0.941609	0.000547
写褉褍谐懈屑懈	0.000290	0.040822	0.000012
写褉褍谐懈褏	0.000290	1.714798	0.000498
写褉褍谐芯屑褍	0.000290	2.407946	0.000699
写褍屑邪谢邪	0.000290	1.272966	0.000370
写褍褏邪	0.000290	2.813411	0.000817
写褍褏芯胁泻邪	0.001452	0.127833	0.000186
写褍褏芯胁泻械	0.000581	0.867501	0.000504
写褍褕懈	0.000871	0.105361	0.000092
械胁褉械泄褋泻邪褟	0.000290	0.116534	0.000034
械谐懈锌械褌褋泻邪褟	0.000290	0.116534	0.000034
械写懈薪褘泄	0.000290	0.040822	0.000012
械泻芯	0.000290	0.127833	0.000037
械褏邪褌褜	0.000290	2.995732	0.000870
卸邪褉泻芯械	0.000290	0.040822	0.000012
卸械谢邪薪懈褞	0.000290	3.218876	0.000935
卸械谢邪褌械谢褜薪芯	0.000581	2.525729	0.001467
卸械谢械	0.000871	0.040822	0.000036
卸械谢褌芯泻	0.000581	1.272966	0.000739
卸械薪褋泻邪褟	0.000290	0.127833	0.000037
卸械薪褋泻芯屑	0.000290	0.061875	0.000018
卸械薪褖懈薪褘	0.000581	0.116534	0.000068
卸懈蟹薪懈	0.000290	0.040822	0.000012
卸懈蟹薪褜	0.000290	0.116534	0.000034
卸褍谢褜械薪	0.000290	0.040822	0.000012
卸褍褉薪邪谢邪	0.000290	0.127833	0.000037
卸褞谢褜械薪	0.000290	0.040822	0.000012
蟹邪胁邪褉薪芯械	0.000290	0.116534	0.000034
蟹邪胁邪褉薪芯泄	0.000290	0.116534	0.000034
蟹邪胁褌褉邪泻	0.002033	0.094311	0.000192
蟹邪胁褌褉邪泻懈	0.000290	0.127833	0.000037
蟹邪谐谢褟薪懈褌械	0.000290	2.659260	0.000772
蟹邪谐芯褌芯胁泻懈	0.001162	0.040822	0.000047
蟹邪写邪胁邪褌褜	0.000290	0.040822	0.000012
蟹邪写邪褞	0.000290	3.218876	0.000935
蟹邪泄褑邪	0.000581	0.116534	0.000068
蟹邪泻邪蟹	0.000290	3.506558	0.001018
蟹邪泻胁邪褋泻邪	0.000290	0.040822	0.000012
蟹邪泻胁邪褋泻邪屑懈	0.000290	0.116534	0.000034
蟹邪泻胁邪褋芯泻	0.000290	0.127833	0.000037
蟹邪泻褉褘褌褘泄	0.000290	0.116534	0.000034
蟹邪泻褍褋泻懈	0.006099	0.040822	0.000249
蟹邪泻褍褋泻褍	0.000871	0.116534	0.000102
蟹邪泻褍褋芯薪褔懈泻	0.000290	0.116534	0.000034
蟹邪泻褍褋芯褔泻邪	0.000290	0.116534	0.000034
蟹邪泻褍褋芯褔薪褘械	0.002614	0.116534	0.000305
蟹邪谢懈胁薪芯械	0.000581	0.040822	0.000024
蟹邪屑芯褉芯蟹泻邪	0.000290	0.105361	0.000031
蟹邪锌邪写	0.000290	0.116534	0.000034
蟹邪锌械泻邪薪懈褟	0.000290	1.560648	0.000453
蟹邪锌械泻邪薪泻邪	0.002033	0.105361	0.000214
蟹邪锌械泻邪薪泻懈	0.002324	0.040822	0.000095
蟹邪锌械褔械薪薪芯泄	0.000290	2.995732	0.000870
蟹邪锌褉邪胁泻邪	0.000581	0.040822	0.000024
蟹邪褉邪薪械械	0.000581	1.660731	0.000965
蟹邪褉械谐懈褋褌褉懈褉芯胁邪胁褕懈褋褜	0.000290	0.040822	0.000012
蟹邪褉械谐懈褋褌褉懈褉芯胁邪褌褜褋褟	0.000290	0.030459	0.000009
蟹邪褋芯谢泻邪	0.000290	0.116534	0.000034
蟹邪褏芯写懈褌械	0.000290	0.755023	0.000219
蟹邪褟胁谢褟谢芯	0.000290	3.218876	0.000935
蟹胁邪薪褘泄	0.000290	0.127833	0.000037
蟹胁械蟹写邪	0.000290	0.127833	0.000037
蟹胁褢蟹写薪褘械	0.000290	0.116534	0.000034
蟹写芯褉芯胁芯械	0.000290	0.116534	0.000034
蟹写芯褉芯胁褘泄	0.000290	0.116534	0.000034
蟹械谢械薪褜	0.002614	0.094311	0.000247
蟹械褎懈褉	0.000290	0.040822	0.000012
蟹懈屑薪懈械	0.000290	0.051293	0.000015
蟹懈屑褍	0.001162	0.040822	0.000047
蟹薪邪褞	0.001743	0.755023	0.001316
蟹芯谢芯褌邪褟	0.000581	0.116534	0.000068
蟹芯谢芯褌懈褋褌芯泄	0.000290	2.659260	0.000772
懈胁邪薪芯胁邪	0.000290	0.127833	0.000037
懈写械邪谢褜薪邪褟	0.000290	0.116534	0.000034
懈写械邪谢褜薪芯谐芯	0.001452	0.116534	0.000169
懈写械邪谢褜薪芯械	0.000290	0.116534	0.000034
懈写械泄泻懈	0.000290	0.116534	0.000034
懈蟹胁械褋褌薪芯泄	0.000290	2.407946	0.000699
懈蟹写械谢懈褟	0.002033	0.116534	0.000237
懈蟹写械谢懈褟屑懈	0.000871	0.116534	0.000102
懈蟹褍屑懈褌械谢褜薪褘械	0.000290	4.605170	0.001338
懈蟹褞屑懈薪泻邪	0.000290	2.302585	0.000669
懈泻褉邪	0.000871	0.040822	0.000036
懈屑械械褌	0.000290	1.832581	0.000532
懈屑械薪械屑	0.000290	0.040822	0.000012
懈屑懈	0.000290	1.832581	0.000532
懈薪邪褔械	0.000290	1.897120	0.000551
懈薪胁械褉褌芯褉薪芯泄	0.000290	0.127833	0.000037
懈薪谐褉械写懈械薪褌褘	0.008713	0.139262	0.001213
懈薪写械泄泻懈	0.001452	0.094311	0.000137
懈薪写械泄泻芯泄	0.000290	0.116534	0.000034
懈薪写懈泄褋泻邪褟	0.000290	0.116534	0.000034
懈薪写懈谢邪泄褌	0.000871	0.116534	0.000102
懈薪写懈褉械褋薪褘械	0.000290	0.116534	0.000034
懈薪褋褌褉褍泻褑懈褟屑懈	0.000290	0.040822	0.000012
懈薪褌械褉械褋薪褘泄	0.000290	1.897120	0.000551
懈褉邪泻褋泻邪褟	0.000290	0.116534	0.000034
懈褉邪薪褋泻邪褟	0.000290	0.116534	0.000034
懈褉谢邪薪写褋泻邪褟	0.000290	0.116534	0.000034
懈褉褉械蟹	0.000581	1.347074	0.000782
懈褋泻谢褞褔懈褌械谢褜薪褘褏	0.000290	3.912023	0.001136
懈褋泻褉械薪薪械	0.000290	0.116534	0.000034
懈褋谢邪薪写褋泻邪褟	0.000290	0.116534	0.000034
懈褋锌邪薪褋泻邪褟	0.000290	0.116534	0.000034
懈褋锌械泻懈	0.000290	0.116534	0.000034
懈褋褌懈薪械	0.000290	2.659260	0.000772
懈褋褌芯褉懈懈	0.001452	0.116534	0.000169
懈褋褌芯褉懈褞	0.000290	0.116534	0.000034
懈褌邪谢懈懈	0.000581	0.105361	0.000061
懈褌邪谢褜褟薪褋泻邪褟	0.000290	0.116534	0.000034
懈褞谢褟	0.000871	0.597837	0.000521
懈褞薪褟	0.000290	0.579818	0.000168
泄芯谐褍褉褌	0.000871	0.040822	0.000036
泻邪斜邪褔泻懈	0.000290	0.040822	0.000012
泻邪斜邪褔泻芯胁	0.000871	2.040221	0.001778
泻邪斜邪褔泻芯胁邪褟	0.000290	3.218876	0.000935
泻邪斜邪褔芯泻	0.001162	1.771957	0.002059
泻邪胁泻邪蟹褋泻邪褟	0.000290	0.116534	0.000034
泻邪蟹邪薪械	0.000290	0.116534	0.000034
泻邪蟹邪褏褋泻邪褟	0.000290	0.116534	0.000034
泻邪泻邪芯	0.000581	0.040822	0.000024
泻邪谢械泄写芯褋泻芯锌	0.001162	0.116534	0.000135
泻邪谢屑褘褑泻邪褟	0.000290	0.116534	0.000034
泻邪谢褜屑邪褉	0.000290	0.040822	0.000012
泻邪屑械褉邪	0.000290	0.116534	0.000034
泻邪薪邪写褋泻邪褟	0.000290	0.116534	0.000034
泻邪薪邪谢	0.000581	0.040822	0.000024
泻邪薪邪谢械	0.000290	0.040822	0.000012
泻邪薪邪锌械	0.000581	0.040822	0.000024
泻邪锌褍褋褌邪	0.001162	0.040822	0.000047
泻邪锌褍褋褌薪褘褏	0.000290	2.813411	0.000817
泻邪锌褍褋褌薪褟泻	0.000290	0.040822	0.000012
泻邪锌褍褋褌褘	0.000290	0.040822	0.000012
泻邪褉邪屑械谢褜	0.000290	0.040822	0.000012
泻邪褉懈屑邪	0.000290	3.506558	0.001018
泻邪褉泻邪褋薪褘泄	0.001162	0.116534	0.000135
泻邪褉褌芯褎械谢褜	0.004066	0.040822	0.000166
泻邪褉褌芯褎械谢褜薪芯械	0.000290	0.040822	0.000012
泻邪褉褌芯褎械谢褜薪褘泄	0.001162	0.116534	0.000135
泻邪褉褌芯褕械褔泻邪	0.000290	2.407946	0.000699
泻邪褉褌芯褕械褔泻芯泄	0.000290	2.525729	0.000734
泻邪褉褌芯褕泻邪	0.000581	0.040822	0.000024
泻邪褉褌芯褕泻懈	0.000290	2.659260	0.000772
泻邪褉褌芯褕泻芯泄	0.000290	2.302585	0.000669
泻邪褋褝褉芯谢	0.000290	3.218876	0.000935
泻邪褌械谐芯褉懈懈	0.000290	0.116534	0.000034
泻邪褌械谐芯褉懈褟	0.004357	0.150823	0.000657
泻邪褔械褋褌胁芯	0.000290	0.116534	0.000034
泻邪褕邪	0.000290	0.040822	0.000012
泻邪褕懈	0.001452	0.105361	0.000153
泻邪褕褍	0.000290	0.094311	0.000027
泻胁邪褋	0.000871	0.040822	0.000036
泻胁邪褋薪芯械	0.000871	0.116534	0.000102
泻胁邪褋芯屑	0.000290	0.127833	0.000037
泻械泻褋	0.000290	0.040822	0.000012
泻械泻褋褘	0.000581	0.116534	0.000068
泻械褎懈褉	0.000290	0.040822	0.000012
泻懈屑褔懈	0.000290	0.040822	0.000012
泻懈薪芯邪	0.000581	0.127833	0.000074
泻懈薪芯谢械薪褌邪	0.000290	0.116534	0.000034
泻懈褋械谢褜	0.000581	0.040822	0.000024
泻懈褌邪泄褋泻邪褟	0.000290	0.116534	0.000034
泻谢邪褋褋	0.002324	0.116534	0.000271
泻谢邪褋褋褘	0.000290	0.116534	0.000034
泻薪懈谐褍	0.000581	0.040822	0.000024
泻芯泻褌械泄谢懈	0.000290	0.127833	0.000037
泻芯泻褌械泄谢褜	0.001452	0.040822	0.000059
泻芯谢斜邪褋邪	0.000581	0.040822	0.000024
泻芯谢斜邪褋泻褍	0.000290	3.912023	0.001136
泻芯谢斜邪褋薪褘屑懈	0.000871	0.116534	0.000102
泻芯谢斜邪褋褍	0.000290	2.813411	0.000817
泻芯屑邪薪写邪	0.000581	0.127833	0.000074
泻芯屑懈	0.000290	0.116534	0.000034
泻芯屑屑械薪褌邪褉懈械胁	0.000290	0.223144	0.000065
泻芯屑锌邪薪懈泄	0.000290	0.105361	0.000031
泻芯屑锌芯褌	0.000871	0.040822	0.000036
泻芯屑褍	0.000581	1.347074	0.000782
泻芯薪械褔薪芯	0.000290	0.527633	0.000153
泻芯薪懈薪褘	0.000290	0.116534	0.000034
泻芯薪泻褉械褌薪芯泄	0.000290	2.659260	0.000772
泻芯薪泻褍褉褋	0.062155	0.105361	0.006549
泻芯薪泻褍褉褋邪	0.000290	0.116534	0.000034
泻芯薪泻褍褉褋邪褏	0.000290	0.040822	0.000012
泻芯薪泻褍褉褋薪褘械	0.000290	0.127833	0.000037
泻芯薪褋械褉胁懈褉芯胁邪薪懈械	0.000290	0.040822	0.000012
泻芯薪褋械褉胁懈褉芯胁邪薪薪邪褟	0.000290	0.116534	0.000034
泻芯薪褋械褉胁懈褉芯胁邪薪薪芯械	0.000290	0.116534	0.000034
泻芯薪褋械褉胁懈褉芯胁邪薪薪褘械	0.000581	0.116534	0.000068
泻芯薪褋械褉胁懈褉芯胁邪薪薪褘泄	0.000290	0.116534	0.000034
泻芯薪褎械褌褌懈	0.000290	0.116534	0.000034
泻芯薪褎械褌褘	0.000871	0.040822	0.000036
泻芯薪褎懈写械薪褑懈邪谢褜薪芯褋褌懈	0.000290	0.040822	0.000012
泻芯薪褎懈褌褞褉	0.000290	0.040822	0.000012
泻芯锌褔械薪芯褋褌褟屑懈	0.000290	0.116534	0.000034
泻芯褉械泄褋泻邪褟	0.000290	0.116534	0.000034
泻芯褉械泄褋泻懈	0.000290	0.040822	0.000012
泻芯褉卸懈泻懈	0.000290	0.040822	0.000012
泻芯褉懈褑邪	0.000581	1.427116	0.000829
泻芯褉屑褟褖懈褏	0.000290	0.116534	0.000034
泻芯褉芯谢械胁褋泻芯械	0.000290	2.659260	0.000772
泻芯褌谢械褌	0.000290	2.302585	0.000669
泻芯褌谢械褌褘	0.000581	0.040822	0.000024
泻芯褌芯褉芯泄	0.000290	2.207275	0.000641
泻芯褌芯褉芯屑褍	0.000290	0.116534	0.000034
泻芯褎械	0.000581	0.040822	0.000024
泻褉邪褋泻懈	0.000290	0.116534	0.000034
泻褉邪褏屑邪谢	0.000581	0.891598	0.000518
泻褉械邪褌懈胁	0.000290	0.127833	0.000037
泻褉械屑	0.000290	0.040822	0.000012
泻褉械屑邪	0.000581	0.116534	0.000068
泻褉械锌泻懈泄	0.000290	0.116534	0.000034
泻褉械锌芯褋褌懈	0.000290	2.813411	0.000817
泻褉芯谢懈泻邪	0.000581	0.116534	0.000068
泻褉芯屑械	0.000290	0.061875	0.000018
泻褉芯褏懈	0.000290	0.116534	0.000034
泻褉褍谐褍	0.000581	0.116534	0.000068
泻褉褍锌	0.001743	0.116534	0.000203
泻褉褍锌邪	0.000871	0.127833	0.000111
泻褉褍锌褘	0.000581	0.127833	0.000074
泻褉褍锌褟薪褘械	0.000290	0.116534	0.000034
泻褉褘屑褋泻懈械	0.000290	3.506558	0.001018
泻褉褘屑褋泻芯泄	0.000290	3.506558	0.001018
泻褍斜械褌械	0.000581	3.218876	0.001870
泻褍斜懈薪褋泻邪褟	0.000290	0.116534	0.000034
泻褍谢械褕	0.000290	0.040822	0.000012
泻褍谢懈薪邪褉懈懈	0.000871	0.094311	0.000082
泻褍谢懈薪邪褉薪邪褟	0.000290	0.116534	0.000034
泻褍谢懈薪邪褉薪芯械	0.000290	0.116534	0.000034
泻褍谢懈薪邪褉薪褍褞	0.000581	0.040822	0.000024
泻褍谢懈薪邪褉薪褘泄	0.000290	0.072571	0.000021
泻褍谢懈薪邪褉薪褘褏	0.000290	0.116534	0.000034
泻褍谢懈褔	0.000290	0.040822	0.000012
泻褍谢懈褔懈	0.000290	0.116534	0.000034
泻褍褉写褋泻邪褟	0.000290	0.116534	0.000034
泻褍褉懈薪邪褟	0.000581	1.021651	0.000593
泻褍褉懈薪芯谐芯	0.000290	0.116534	0.000034
泻褍褉懈薪芯械	0.002614	0.127833	0.000334
泻褍褉懈薪褘泄	0.000290	0.105361	0.000031
泻褍褉懈褑邪	0.001162	0.040822	0.000047
泻褍褉懈褑褘	0.001162	0.116534	0.000135
泻褍褉芯褔泻邪	0.000290	2.407946	0.000699
泻褍褉芯褔泻芯泄	0.000290	0.116534	0.000034
泻褍褋泻褍褋	0.000290	0.040822	0.000012
泻褍褋芯褔泻邪	0.000290	1.897120	0.000551
泻褍褏薪械	0.000290	1.237874	0.000360
泻褍褏薪械泄	0.000290	0.040822	0.000012
泻褍褏薪懈	0.000871	0.040822	0.000036
泻褍褏薪褟	0.000871	0.116534	0.000102
谢邪胁邪褕	0.000581	0.040822	0.000024
谢邪胁邪褕邪	0.001162	0.116534	0.000135
谢邪胁褉芯胁褘泄	0.001162	1.139434	0.001324
谢邪谐屑邪薪	0.000290	0.040822	0.000012
谢邪泻芯屑褋褌胁芯	0.000290	0.116534	0.000034
谢邪锌褕邪	0.000581	0.040822	0.000024
谢邪褌褘褕褋泻邪褟	0.000290	0.116534	0.000034
谢械谐泻邪褟	0.000290	0.116534	0.000034
谢械谐泻懈泄	0.000871	0.116534	0.000102
谢械谐泻芯	0.001743	0.116534	0.000203
谢械锌械褕泻懈	0.000581	0.040822	0.000024
谢械褌	0.000290	0.843970	0.000245
谢械褌邪	0.000290	0.116534	0.000034
谢械褌薪懈械	0.000290	0.040822	0.000012
谢械褌薪褟褟	0.000290	0.116534	0.000034
谢械褌芯	0.001452	0.116534	0.000169
谢械褔芯	0.000290	0.040822	0.000012
谢懈谐邪	0.000871	0.116534	0.000102
谢懈泻械褉	0.000290	0.040822	0.000012
谢懈屑芯薪邪写	0.000581	0.040822	0.000024
谢懈屑芯薪薪褘泄	0.001162	0.798508	0.000928
谢懈屑芯薪薪褘屑	0.000290	2.659260	0.000772
谢懈褋褌	0.001162	1.139434	0.001324
谢懈褌芯胁褋泻	0.000290	0.127833	0.000037
谢懈褌芯胁褋泻邪褟	0.000290	0.116534	0.000034
谢褍泻	0.004647	0.301105	0.001399
谢褍褔泻芯屑	0.000290	2.407946	0.000699
谢褍褔褕懈械	0.000290	0.116534	0.000034
谢褍褔褕懈泄	0.000581	0.040822	0.000024
谢褍褔褕懈褏	0.000290	0.116534	0.000034
谢褞斜胁懈	0.000290	0.105361	0.000031
谢褞斜懈屑芯谐芯	0.000290	0.127833	0.000037
谢褞斜懈屑芯屑褍	0.000290	0.116534	0.000034
谢褞斜懈屑褘屑	0.000290	1.469676	0.000427
谢褞斜懈屑褘褏	0.001743	0.116534	0.000203
谢褞斜懈褌	0.000290	1.427116	0.000414
谢褞斜芯胁褜	0.000290	0.116534	0.000034
谢褞斜芯泄	0.000290	0.116534	0.000034
谢褞写屑懈谢邪	0.000290	1.771957	0.000515
谢褞写褜屑懈	0.000290	2.659260	0.000772
谢褢写	0.000290	0.127833	0.000037
屑邪谐邪蟹懈薪邪褏	0.000290	2.813411	0.000817
屑邪谐邪蟹懈薪薪芯谐芯	0.000290	3.218876	0.000935
屑邪谐褉懈斜邪	0.000290	0.116534	0.000034
屑邪泄	0.000290	0.116534	0.000034
屑邪泄芯薪械蟹	0.001452	0.116534	0.000169
屑邪泄芯薪械蟹邪	0.000290	2.813411	0.000817
屑邪泄芯薪械蟹薪芯	0.000290	2.659260	0.000772
屑邪泻邪褉芯薪薪褘械	0.000290	0.116534	0.000034
屑邪泻邪褉芯薪褘	0.000290	0.040822	0.000012
屑邪谢邪蟹懈泄褋泻邪褟	0.000290	0.116534	0.000034
屑邪薪薪邪褟	0.000581	1.609438	0.000935
屑邪薪薪懈泻	0.000290	0.040822	0.000012
屑邪薪褌褘	0.000290	0.116534	0.000034
屑邪薪褢胁褉褘	0.000290	0.116534	0.000034
屑邪褉邪褎芯薪	0.000871	0.116534	0.000102
屑邪褉谐邪褉懈薪	0.000581	1.609438	0.000935
屑邪褉懈薪邪写	0.002904	0.040822	0.000119
屑邪褉懈薪邪写械	0.000290	2.302585	0.000669
屑邪褉懈薪邪写褘	0.000871	0.116534	0.000102
屑邪褉懈薪芯胁邪薪薪邪褟	0.000581	1.966113	0.001142
屑邪褉懈薪芯胁邪薪薪褘械	0.000290	0.116534	0.000034
屑邪褉懈薪芯胁邪褌褜	0.000290	2.995732	0.000870
屑邪褉屑械谢邪写	0.000290	0.040822	0.000012
屑邪褉芯泻泻邪薪褋泻邪褟	0.000290	0.116534	0.000034
屑邪褉褌邪	0.001452	0.105361	0.000153
屑邪褋泻邪褉锌芯薪械	0.000290	0.040822	0.000012
屑邪褋谢邪	0.000290	1.237874	0.000360
屑邪褋谢械薪懈褑邪	0.000871	0.040822	0.000036
屑邪褋谢械薪懈褔薪芯械	0.000290	0.116534	0.000034
屑邪褋谢芯	0.006680	0.116534	0.000778
屑邪褋谢芯屑	0.000290	0.116534	0.000034
屑邪褋褌械褉	0.002614	0.116534	0.000305
屑邪褋褌懈泻邪	0.000290	0.040822	0.000012
屑邪褋褌懈泻懈	0.000290	0.116534	0.000034
屑邪褎褎懈薪褘	0.000290	0.116534	0.000034
屑邪褏械械胁褗	0.001162	0.116534	0.000135
屑邪褟	0.000581	0.634878	0.000369
屑械写懈邪褎芯褉褌	0.000871	0.000000	0.000000
屑械写芯胁褘泄	0.000290	0.116534	0.000034
屑械泻褋懈泻邪薪褋泻邪褟	0.000290	0.116534	0.000034
屑械薪褞	0.000290	0.116534	0.000034
屑械薪褟	0.000581	0.083382	0.000048
屑械薪褟械褌褋褟	0.000290	0.116534	0.000034
屑械褔褌邪	0.000290	0.116534	0.000034
屑械褔褌褘	0.000581	0.040822	0.000024
屑懈	0.000290	2.995732	0.000870
屑懈写懈懈	0.000290	0.040822	0.000012
屑懈泻褉芯胁芯谢薪芯胁泻械	0.000581	0.116534	0.000068
屑懈谢褜械	0.000290	0.116534	0.000034
屑懈薪懈屑褍屑	0.000290	1.427116	0.000414
屑懈芯	0.000290	0.116534	0.000034
屑懈褉	0.000290	0.116534	0.000034
屑懈褉邪	0.000581	0.116534	0.000068
屑懈褉芯胁邪褟	0.000290	0.116534	0.000034
屑懈褋芯	0.000290	0.040822	0.000012
屑懈褋褌械褉懈褟	0.000290	0.116534	0.000034
屑懈褋褌褉邪谢褜	0.002033	0.116534	0.000237
屑屑屑	0.000290	4.605170	0.001338
屑薪芯谐芯	0.000290	0.776529	0.000226
屑薪芯卸械褋褌胁芯	0.000290	1.560648	0.000453
屑薪芯卸械褋褌胁芯屑	0.000290	0.040822	0.000012
屑芯谐	0.000290	2.659260	0.000772
屑芯谐褍	0.000290	0.798508	0.000232
屑芯械	0.000290	0.116534	0.000034
屑芯械屑褍	0.000290	1.897120	0.000551
屑芯卸械褌械	0.000581	0.000000	0.000000
屑芯泄	0.000581	0.105361	0.000061
屑芯谢写邪胁褋泻邪褟	0.000290	0.116534	0.000034
屑芯谢芯泻械	0.000290	0.105361	0.000031
屑芯谢芯泻芯	0.002033	0.116534	0.000237
屑芯谢芯褔薪邪褟	0.000290	3.218876	0.000935
屑芯谢芯褔薪褘泄	0.000581	0.040822	0.000024
屑芯谢芯褔薪褘褏	0.000290	0.116534	0.000034
屑芯屑械薪褌	0.001162	0.116534	0.000135
屑芯薪谐芯谢褜褋泻邪褟	0.000290	0.116534	0.000034
屑芯褉械	0.000290	0.116534	0.000034
屑芯褉械锌褉芯写褍泻褌芯胁	0.003485	0.040822	0.000142
屑芯褉械锌褉芯写褍泻褌褘	0.000581	0.116534	0.000068
屑芯褉泻芯胁褜	0.001452	0.040822	0.000059
屑芯褉芯卸械薪芯械	0.000871	0.040822	0.000036
屑芯褉褋	0.000290	0.040822	0.000012
屑芯褉褋褘	0.000290	0.116534	0.000034
屑芯褌芯褉	0.000290	0.116534	0.000034
屑芯褏懈褌芯	0.000290	0.040822	0.000012
屑褍卸褋泻邪褟	0.000290	0.127833	0.000037
屑褍卸褔懈薪褘	0.000581	0.116534	0.000068
屑褍泻邪	0.002904	0.274437	0.000797
屑褍谢褜褌懈胁邪褉泻械	0.012489	0.116534	0.001455
屑褍谢褜褌懈锌械泻邪褉械泄	0.000871	0.116534	0.000102
屑褍褋褋	0.000290	0.040822	0.000012
屑褍褋褋褘	0.000581	0.116534	0.000068
屑褍褔薪褘械	0.000290	0.116534	0.000034
屑褞褋谢懈	0.000581	0.116534	0.000068
屑褟谐泻懈械	0.000290	3.218876	0.000935
屑褟褋邪	0.003195	0.116534	0.000372
屑褟褋薪芯谐芯	0.000581	0.116534	0.000068
屑褟褋薪芯泄	0.002033	0.116534	0.000237
屑褟褋薪褍褞	0.000290	3.912023	0.001136
屑褟褋薪褘械	0.001452	0.040822	0.000059
屑褟褋薪褘屑	0.000290	2.207275	0.000641
屑褟褋薪褘褏	0.000871	0.116534	0.000102
屑褟褋芯	0.003776	0.040822	0.000154
屑褟褋芯屑	0.001743	0.040822	0.000071
屑褟褋褍	0.000581	0.116534	0.000068
薪邪胁邪谢芯屑	0.000290	2.995732	0.000870
薪邪胁褋械谐写邪	0.000290	2.040221	0.000593
薪邪写械褞褋褜	0.000290	1.609438	0.000467
薪邪蟹胁邪薪懈械屑	0.000290	1.203973	0.000350
薪邪蟹胁邪薪懈褟	0.000290	2.120264	0.000616
薪邪蟹薪邪褔械薪懈褟	0.000290	0.116534	0.000034
薪邪蟹褘胁邪械褌褋褟	0.000290	2.040221	0.000593
薪邪谢懈胁泻邪	0.000290	0.040822	0.000012
薪邪屑薪芯谐芯	0.000290	2.407946	0.000699
薪邪锌懈褌泻懈	0.001743	0.040822	0.000071
薪邪锌懈褌芯泻	0.000290	0.040822	0.000012
薪邪褉械蟹泻褍	0.000290	3.912023	0.001136
薪邪褋泻芯谢褜泻芯	0.000290	1.427116	0.000414
薪邪褋褌芯泄泻邪	0.000290	0.040822	0.000012
薪邪褋褌褉芯械薪懈械	0.000290	0.116534	0.000034
薪邪褑懈芯薪邪谢褜薪褘械	0.000290	0.116534	0.000034
薪邪褔懈薪泻邪	0.000871	0.040822	0.000036
薪邪褔懈薪泻芯泄	0.000290	0.116534	0.000034
薪邪褕械屑	0.000581	0.040822	0.000024
薪邪褕懈	0.000290	0.061875	0.000018
薪邪褕谢邪	0.000871	0.579818	0.000505
薪械胁芯蟹屑芯卸薪芯	0.000290	1.347074	0.000391
薪械谐芯	0.000290	0.941609	0.000273
薪械写械谢褟	0.002904	0.061875	0.000180
薪械卸薪械泄褕械械	0.000290	2.659260	0.000772
薪械卸薪械泄褕懈屑	0.000290	2.407946	0.000699
薪械卸薪芯泄	0.000290	0.116534	0.000034
薪械卸薪褘屑懈	0.000290	2.207275	0.000641
薪械屑械褑泻邪褟	0.000290	0.116534	0.000034
薪械芯斜褘泻薪芯胁械薪薪芯	0.000290	1.897120	0.000551
薪械芯斜褘褔薪褘泄	0.000290	1.347074	0.000391
薪械芯卸懈写邪薪薪褘械	0.000290	0.116534	0.000034
薪械褋谢邪写泻芯械	0.000290	0.116534	0.000034
薪懈泻芯谐写邪	0.000290	1.771957	0.000515
薪懈泻褌芯	0.000290	1.897120	0.000551
薪懈屑	0.000290	1.897120	0.000551
薪泻	0.000290	1.771957	0.000515
薪芯胁邪褟	0.000290	0.116534	0.000034
薪芯胁芯谐芯写薪械谐芯	0.001452	0.116534	0.000169
薪芯胁芯谐芯写薪械械	0.000871	0.116534	0.000102
薪芯胁芯谐芯写薪懈械	0.001743	0.040822	0.000071
薪芯胁芯谐芯写薪懈泄	0.002033	0.116534	0.000237
薪芯胁芯谐芯写薪褟褟	0.000290	0.105361	0.000031
薪芯胁芯褋褌褟褏	0.000290	0.061875	0.000018
薪芯胁褘械	0.000581	0.051293	0.000030
薪芯胁褘泄	0.002614	0.094311	0.000247
薪芯褉胁械卸褋泻邪褟	0.000290	0.116534	0.000034
薪芯褟斜褉褟	0.000581	0.527633	0.000306
薪褌	0.000290	2.659260	0.000772
薪褞邪薪褋褘	0.000290	2.995732	0.000870
薪褟屑	0.000581	3.218876	0.001870
芯斜械写	0.000871	0.105361	0.000092
芯斜械蟹褜褟薪褘	0.000290	0.116534	0.000034
芯斜卸邪褉械薪褘褏	0.000290	2.995732	0.000870
芯斜褖邪褌褜褋褟	0.000290	0.040822	0.000012
芯胁芯褖邪屑懈	0.000871	0.116534	0.000102
芯胁芯褖械泄	0.004938	0.105361	0.000520
芯胁芯褖懈	0.001743	0.094311	0.000164
芯胁芯褖薪邪褟	0.000290	0.040822	0.000012
芯胁芯褖薪芯械	0.000290	0.116534	0.000034
芯胁芯褖薪芯泄	0.000871	0.105361	0.000092
芯胁芯褖薪褘械	0.001452	0.040822	0.000059
芯胁褋褟薪芯械	0.000290	0.116534	0.000034
芯谐薪械薪薪芯泄	0.000290	0.116534	0.000034
芯谐薪褟	0.000290	0.116534	0.000034
芯谐褍褉褑褘	0.000581	0.116534	0.000068
芯写薪芯泄	0.000290	1.237874	0.000360
芯写薪芯褝褌邪卸薪褘泄	0.000290	2.302585	0.000669
芯泻褉芯褕泻邪	0.000871	0.040822	0.000036
芯泻褉褍卸械薪懈械	0.000290	3.218876	0.000935
芯谢邪写褜懈	0.000871	0.040822	0.000036
芯谢械泄薪邪	0.000871	0.116534	0.000102
芯谢械泄薪芯泄	0.001162	0.116534	0.000135
芯谢械泄薪褘	0.000290	0.127833	0.000037
芯谢褜谐邪	0.000290	1.427116	0.000414
芯屑谢械褌	0.000290	0.040822	0.000012
芯锌邪褉邪	0.000290	0.040822	0.000012
芯锌邪褋械薪懈泄	0.000290	3.506558	0.001018
芯锌褉芯斜芯胁邪谢邪	0.000290	2.995732	0.000870
芯锌褉芯褋	0.000290	0.061875	0.000018
芯褉械褏	0.000581	1.660731	0.000965
芯褋械薪薪械械	0.000290	0.116534	0.000034
芯褋械薪薪懈械	0.000290	0.051293	0.000015
芯褋械薪薪懈泄	0.000581	0.116534	0.000068
芯褋械薪褜	0.002904	0.105361	0.000306
芯褋薪芯胁薪芯械	0.000290	0.040822	0.000012
芯褋褌邪胁谢褟褌褜	0.000581	1.897120	0.001102
芯褋褌邪械褌褋褟	0.000290	0.116534	0.000034
芯褌胁械褌	0.000290	2.040221	0.000593
芯褌胁械褌懈褌褜	0.000290	0.051293	0.000015
芯褌胁械褌芯胁	0.000290	0.051293	0.000015
芯褌胁械褌褘	0.000290	0.000000	0.000000
芯褌泻褉褘褌褘泄	0.000581	0.116534	0.000068
芯褌谢懈褔邪械褌褋褟	0.000290	1.771957	0.000515
芯褌屑械薪懈褌褜	0.000290	0.040822	0.000012
芯褌薪芯褋懈褌褋褟	0.000290	2.120264	0.000616
芯褌薪芯褕褍褋褜	0.000290	2.813411	0.000817
芯褏谢邪写懈褌褜	0.000290	0.116534	0.000034
芯褔械褉械写薪芯泄	0.000290	1.771957	0.000515
锌邪泄薪褋	0.000290	4.605170	0.001338
锌邪泻械褌懈泻邪褏	0.000290	0.105361	0.000031
锌邪谢芯褔泻懈	0.000290	0.040822	0.000012
锌邪薪懈褉芯胁泻邪	0.002324	0.116534	0.000271
锌邪薪懈褉芯胁芯褔薪褘械	0.001162	1.309333	0.001521
锌邪褉邪	0.000581	0.116534	0.000068
锌邪褉邪写	0.002033	0.116534	0.000237
锌邪褉芯胁邪褉泻械	0.002614	0.116534	0.000305
锌邪褉芯谢褜	0.000290	0.020203	0.000006
锌邪褋褌邪	0.000871	0.040822	0.000036
锌邪褋褌褉芯屑邪	0.000290	0.040822	0.000012
锌邪褋褏邪	0.000581	0.040822	0.000024
锌邪褋褏邪谢褜薪邪褟	0.000581	0.116534	0.000068
锌邪褋褏邪谢褜薪褘泄	0.000290	0.127833	0.000037
锌邪褕褌械褌	0.000290	0.040822	0.000012
锌邪褕褌械褌褘	0.000581	0.116534	0.000068
锌械泻邪褉褟	0.000290	0.127833	0.000037
锌械谢褜屑械薪懈	0.000290	0.116534	0.000034
锌械屑斜褉芯泻	0.000290	4.605170	0.001338
锌械褉胁芯谐芯	0.000290	2.120264	0.000616
锌械褉胁芯械	0.000581	0.040822	0.000024
锌械褉胁褘械	0.000290	0.127833	0.000037
锌械褉胁褘屑	0.000290	0.116534	0.000034
锌械褉械泄褌懈	0.000290	0.040822	0.000012
锌械褉械泻褍褋	0.000581	0.116534	0.000068
锌械褉械锌械谢懈薪芯械	0.000581	2.813411	0.001634
锌械褉械褋屑芯褌褉械褌褜	0.000290	3.506558	0.001018
锌械褉械褑	0.003195	0.040822	0.000130
锌械褉褋芯薪褘	0.000290	0.116534	0.000034
锌械褉褍邪薪褋泻邪褟	0.000290	0.116534	0.000034
锌械褋芯褔薪芯械	0.000581	0.105361	0.000061
锌械褋芯褔薪褘泄	0.000290	0.116534	0.000034
锌械褌械谢懈薪泻懈	0.000290	0.127833	0.000037
锌械褔械薪芯褔薪褘泄	0.000290	0.040822	0.000012
锌械褔械薪褜械	0.002614	0.040822	0.000107
锌械褔懈	0.000290	0.127833	0.000037
锌懈胁芯	0.000290	0.116534	0.000034
锌懈泻邪薪褌褘	0.000290	0.127833	0.000037
锌懈泻薪懈泻	0.000581	0.116534	0.000068
锌懈泻薪懈泻邪	0.000290	0.116534	0.000034
锌懈泻薪懈泻褍	0.000290	0.105361	0.000031
锌懈褉	0.000290	0.116534	0.000034
锌懈褉芯谐	0.001452	0.040822	0.000059
锌懈褉芯谐懈	0.000581	0.105361	0.000061
锌懈褉芯卸泻懈	0.000290	0.040822	0.000012
锌懈褉芯卸薪芯械	0.000290	0.040822	0.000012
锌懈褉芯卸薪褘械	0.000290	0.116534	0.000034
锌懈褌邪薪懈械	0.001452	0.105361	0.000153
锌懈褑褑邪	0.000581	0.040822	0.000024
锌谢邪胁谢械薪褘泄	0.000581	1.237874	0.000719
锌谢邪屑褟	0.000290	0.116534	0.000034
锌谢邪薪懈褉褍械褌械	0.000290	2.995732	0.000870
锌谢懈褌邪	0.001162	0.127833	0.000149
锌谢芯胁	0.000290	0.116534	0.000034
锌谢芯写褘	0.000290	0.116534	0.000034
锌芯胁邪褉邪	0.000290	1.514128	0.000440
锌芯胁邪褉械薪泻械	0.000290	0.040822	0.000012
锌芯胁邪褉械薪芯泻	0.000290	0.061875	0.000018
锌芯胁邪褉褟褌	0.000290	0.116534	0.000034
锌芯胁邪褉褟褌邪屑懈	0.000290	0.040822	0.000012
锌芯胁邪褉褢薪泻邪	0.000290	0.116534	0.000034
锌芯胁懈写谢芯	0.000290	0.040822	0.000012
锌芯写邪褉泻芯胁	0.000290	0.116534	0.000034
锌芯写械谢懈褌褜褋褟	0.000581	0.478036	0.000278
锌芯写谢懈胁邪	0.000290	0.116534	0.000034
锌芯写谢懈胁泻邪	0.000290	0.040822	0.000012
锌芯写芯斜薪褘褏	0.000290	3.218876	0.000935
锌芯写锌懈褋邪褌褜褋褟	0.000290	0.040822	0.000012
锌芯写锌懈褕懈褌械褋褜	0.000581	0.040822	0.000024
锌芯写褉芯斜薪芯	0.000290	2.659260	0.000772
锌芯写褋泻邪卸械褌	0.000290	2.659260	0.000772
锌芯械写懈薪泻懈	0.004066	0.116534	0.000474
锌芯蟹写褉邪胁褜	0.000290	0.116534	0.000034
锌芯懈褋泻	0.000290	0.051293	0.000015
锌芯泻邪蟹褘胁邪褞	0.000290	2.995732	0.000870
锌芯泻芯褉懈褌	0.000290	2.525729	0.000734
锌芯泻褍锌邪械屑	0.000290	3.506558	0.001018
锌芯泻褍锌邪褞	0.000290	2.995732	0.000870
锌芯谢写薪懈泻	0.000581	0.116534	0.000068
锌芯谢械蟹薪芯	0.000290	0.116534	0.000034
锌芯谢懈褌懈泻芯泄	0.000290	0.040822	0.000012
锌芯谢薪械泄褕械屑	0.000290	2.995732	0.000870
锌芯谢芯胁懈薪邪	0.002324	0.116534	0.000271
锌芯谢褍褔邪械褌褋褟	0.000290	0.400478	0.000116
锌芯谢褍褔邪泄褌械	0.000290	0.040822	0.000012
锌芯谢褍褔邪褌褜	0.000290	0.040822	0.000012
锌芯谢褍褔邪褞褌褋褟	0.000581	1.427116	0.000829
锌芯谢褜蟹邪	0.000290	0.127833	0.000037
锌芯谢褜蟹芯泄	0.001162	0.116534	0.000135
锌芯谢褜褋泻邪褟	0.000290	0.116534	0.000034
锌芯屑邪写泻邪	0.000581	0.040822	0.000024
锌芯屑邪写泻懈	0.000290	0.116534	0.000034
锌芯屑懈写芯褉	0.000581	0.713350	0.000414
锌芯屑懈写芯褉泻懈	0.000290	0.127833	0.000037
锌芯屑懈写芯褉褘	0.001162	0.116534	0.000135
锌芯薪邪写芯斜懈褌褋褟	0.000290	2.525729	0.000734
锌芯薪褉邪胁懈胁褕懈械褋褟	0.000290	0.040822	0.000012
锌芯薪褉邪胁懈谢芯褋褜	0.000290	1.514128	0.000440
锌芯薪褔懈泻懈	0.000581	0.040822	0.000024
锌芯锌褉芯斜芯胁邪谢	0.000290	2.407946	0.000699
锌芯锌褉芯斜芯胁邪褌褜	0.000290	0.798508	0.000232
锌芯锌褉芯斜褍泄褌械	0.000871	0.562119	0.000490
锌芯褉邪	0.000290	0.116534	0.000034
锌芯褉褌褍谐邪谢褜褋泻邪褟	0.000290	0.116534	0.000034
锌芯褋械褖邪械褌械	0.000290	0.061875	0.000018
锌芯褋谢械写薪懈泄	0.000290	1.560648	0.000453
锌芯褋褌	0.001743	0.105361	0.000184
锌芯褋褌邪	0.000290	2.207275	0.000641
锌芯褋褌懈褌褋褟	0.000290	2.659260	0.000772
锌芯褋褌薪芯械	0.000290	0.116534	0.000034
锌芯褋褌薪褘械	0.000581	0.040822	0.000024
锌芯褋褌薪褘泄	0.000581	0.116534	0.000068
锌芯褋褌芯褟薪薪芯	0.000290	0.040822	0.000012
锌芯褋褌褉芯懈屑	0.000290	0.116534	0.000034
锌芯褋褌褍锌邪械褌	0.000290	3.506558	0.001018
锌芯褋褍写邪	0.000581	0.094311	0.000055
锌芯褋褍写褘	0.000290	2.525729	0.000734
锌芯褌褉械斜褍械褌褋褟	0.000290	2.659260	0.000772
锌芯褏褉褍褋褌械褌褜	0.000290	3.218876	0.000935
锌芯褏褉褍褋褌褘胁邪械褌	0.000290	3.218876	0.000935
锌芯褔械屑褍	0.000290	1.203973	0.000350
锌芯褔褌懈	0.000581	1.021651	0.000593
锌芯褔褌褍	0.000290	0.040822	0.000012
锌芯褕邪谐芯胁褘械	0.000290	0.301105	0.000087
锌芯褕邪谐芯胁褘屑懈	0.000290	0.040822	0.000012
锌褉邪胁写邪	0.000581	1.139434	0.000662
锌褉邪蟹写薪懈泻邪	0.000290	0.116534	0.000034
锌褉邪蟹写薪懈褔薪芯	0.000290	0.116534	0.000034
锌褉邪蟹写薪懈褔薪芯谐芯	0.000290	0.116534	0.000034
锌褉邪蟹写薪懈褔薪褘泄	0.000290	0.116534	0.000034
锌褉邪泻褌懈泻褍屑	0.000290	0.116534	0.000034
锌褉邪泻褌懈褔械褋泻懈	0.000290	1.386294	0.000403
锌褉械胁芯褋褏芯写薪褘械	0.000290	0.116534	0.000034
锌褉械胁褉邪褖械薪懈褟	0.000290	0.116534	0.000034
锌褉械写谢邪谐邪褞	0.000290	0.693147	0.000201
锌褉械写谢芯卸懈褌褜	0.000290	1.237874	0.000360
锌褉械写锌芯谢芯卸械薪懈褟	0.000290	3.218876	0.000935
锌褉械写褋褌邪胁懈褌褜	0.000581	1.660731	0.000965
锌褉械泻谢芯薪褟褞褋褜	0.000290	2.813411	0.000817
锌褉械泻褉邪褋薪芯	0.000290	1.714798	0.000498
锌褉械褋薪芯械	0.000290	0.116534	0.000034
锌褉懈胁械蟹谢邪	0.000290	2.813411	0.000817
锌褉懈谐芯写懈褌褋褟	0.000581	1.609438	0.000935
锌褉懈谐芯褌芯胁懈屑	0.000290	0.116534	0.000034
锌褉懈谐芯褌芯胁懈褌褜	0.001162	0.342490	0.000398
锌褉懈谐芯褌芯胁谢械薪	0.000290	2.302585	0.000669
锌褉懈谐芯褌芯胁谢械薪懈械	0.000290	0.105361	0.000031
锌褉懈谐芯褌芯胁谢械薪懈褞	0.000290	0.040822	0.000012
锌褉懈谐芯褌芯胁谢械薪懈褟	0.000290	0.371064	0.000108
锌褉懈蟹薪邪薪懈械	0.000290	0.116534	0.000034
锌褉懈蟹芯胁	0.000290	0.040822	0.000012
锌褉懈锌褉邪胁邪	0.000871	0.040822	0.000036
锌褉懈褉芯写褍	0.000581	0.116534	0.000068
锌褉懈褉芯写褘	0.000290	0.116534	0.000034
锌褉懈褋褌褍锌懈褌褜	0.000290	0.040822	0.000012
锌褉懈褏芯写懈谢芯褋褜	0.000290	2.659260	0.000772
锌褉懈褏芯写懈褌褋褟	0.000290	3.506558	0.001018
锌褉芯胁械写懈	0.001162	0.116534	0.000135
锌褉芯胁械褉械薪芯	0.001743	0.116534	0.000203
锌褉芯胁械褋褌懈	0.000290	2.995732	0.000870
锌褉芯胁芯写懈屑褘褏	0.000290	0.040822	0.000012
锌褉芯胁芯卸邪械屑	0.000290	0.116534	0.000034
锌褉芯写邪械褌褋褟	0.000581	2.813411	0.001634
锌褉芯写褍泻褌芯胁	0.000290	0.094311	0.000027
锌褉芯械泻褌芯胁	0.000290	0.116534	0.000034
锌褉芯械泻褌褘	0.000290	0.061875	0.000018
锌褉芯褋懈褌	0.000290	3.218876	0.000935
锌褉芯褋屑芯褌褉邪屑	0.000290	0.274437	0.000080
锌褉芯褋屑芯褌褉械谢邪	0.000290	1.832581	0.000532
锌褉芯褋褌械泄褕懈泄	0.000290	2.995732	0.000870
锌褉芯褋褌芯	0.002614	0.083382	0.000218
锌褉芯褋褌芯泻胁邪褕邪	0.000290	0.040822	0.000012
锌褉芯褎懈谢褜	0.000290	0.040822	0.000012
锌褉褟屑芯	0.000290	0.040822	0.000012
锌褉褟薪懈泻	0.000290	0.040822	0.000012
锌褉褟薪懈泻懈	0.000290	0.116534	0.000034
锌褉褟薪懈褔薪芯械	0.000290	0.116534	0.000034
锌褌懈褑邪	0.001452	0.116534	0.000169
锌褌懈褑械	0.000581	0.116534	0.000068
锌褌懈褑械泄	0.000290	0.127833	0.000037
锌褌懈褑褘	0.003485	0.116534	0.000406
锌褍写懈薪谐	0.000290	0.040822	0.000012
锌褍写懈薪谐懈	0.000581	0.116534	0.000068
锌褍薪褕	0.000290	0.040822	0.000012
锌褍褌械褕械褋褌胁懈械	0.000581	0.116534	0.000068
锌褍褌褜	0.000290	0.116534	0.000034
锌褕械薪懈褔薪邪褟	0.002904	0.287682	0.000836
锌褘褕泻懈	0.000290	0.040822	0.000012
锌褞褉械	0.001743	0.040822	0.000071
褉邪谐褍	0.000290	0.116534	0.000034
褉邪写褍械褌	0.000290	2.995732	0.000870
褉邪蟹	0.000290	0.446287	0.000130
褉邪蟹胁械褉薪褍褌褜	0.000290	0.116534	0.000034
褉邪蟹写械谢褜薪芯械	0.000290	0.116534	0.000034
褉邪蟹薪褘械	0.000581	0.116534	0.000068
褉邪蟹芯褔邪褉褍械褌	0.000290	3.218876	0.000935
褉邪褋褋泻邪蟹邪褌褜	0.000290	2.659260	0.000772
褉邪褋褋芯谢褜薪懈泻	0.000581	0.040822	0.000024
褉邪褋褋芯谢褜薪懈泻邪	0.000290	0.116534	0.000034
褉邪褋褋褘谢泻懈	0.000290	0.061875	0.000018
褉邪褋褌懈褌械谢褜薪芯械	0.005228	0.235722	0.001232
褉械斜械薪泻褍	0.000290	3.218876	0.000935
褉械谐懈褋褌褉邪褑懈懈	0.000581	0.010050	0.000006
褉械谐懈褋褌褉邪褑懈褟	0.000290	0.000000	0.000000
褉械蟹褍谢褜褌邪褌	0.000290	0.967584	0.000281
褉械泄褌懈薪谐褍	0.000290	0.248461	0.000072
褉械泻芯屑械薪写褍褞	0.000290	1.049822	0.000305
褉械锌褔邪褌褘泄	0.004647	0.430783	0.002002
褉械褑械锌褌	0.005228	0.040822	0.000213
褉械褑械锌褌邪	0.000290	0.462035	0.000134
褉械褑械锌褌邪褏	0.000290	0.061875	0.000018
褉械褑械锌褌芯胁	0.002324	0.040822	0.000095
褉械褑械锌褌褍	0.000290	0.891598	0.000259
褉械褑械锌褌褘	0.020912	0.040822	0.000854
褉懈褋	0.001162	0.040822	0.000047
褉懈褋邪	0.000290	0.116534	0.000034
褉懈褌屑械	0.000290	0.116534	0.000034
褉芯谐邪谢懈泻懈	0.000290	0.040822	0.000012
褉芯写薪芯械	0.000290	0.116534	0.000034
褉芯卸写械薪懈褟	0.000290	0.105361	0.000031
褉芯卸写械褋褌胁芯	0.000290	0.116534	0.000034
褉芯谢谢褌芯薪	0.000290	0.116534	0.000034
褉芯谢谢褘	0.000581	0.040822	0.000024
褉芯屑	0.000290	0.040822	0.000012
褉褍斜褉懈泻邪褌芯褉	0.000290	0.051293	0.000015
褉褍泻邪胁械	0.000290	2.813411	0.000817
褉褍谢械褌	0.000290	0.040822	0.000012
褉褍谢械褌褘	0.002904	0.116534	0.000338
褉褍屑褘薪褋泻邪褟	0.000290	0.116534	0.000034
褉褍屑褟薪褘械	0.000581	0.116534	0.000068
褉褍薪械褌械	0.000290	0.020203	0.000006
褉褍褋褋泻邪褟	0.000290	0.116534	0.000034
褉褘斜邪	0.003485	0.040822	0.000142
褉褘斜械	0.000581	0.116534	0.000068
褉褘斜泻邪	0.000581	2.525729	0.001467
褉褘斜薪邪褟	0.000290	0.116534	0.000034
褉褘斜薪芯谐芯	0.000581	0.116534	0.000068
褉褘斜薪褘械	0.001162	0.116534	0.000135
褉褘斜薪褘泄	0.000581	0.116534	0.000068
褉褘斜薪褘褏	0.000290	0.116534	0.000034
褉褘斜芯泄	0.000581	0.116534	0.000068
褉褘斜褘	0.004066	0.116534	0.000474
褉褟卸械薪泻邪	0.000290	0.116534	0.000034
褋邪泄褌	0.000871	0.000000	0.000000
褋邪泄褌械	0.000581	0.462035	0.000268
褋邪泄褌褍	0.000581	0.061875	0.000036
褋邪谢邪褌	0.000290	0.094311	0.000027
褋邪谢邪褌薪邪褟	0.000290	0.116534	0.000034
褋邪谢邪褌褘	0.009004	0.040822	0.000368
褋邪屑懈屑	0.000290	3.506558	0.001018
褋邪屑芯谐芯薪	0.000290	0.040822	0.000012
褋邪屑褘褏	0.000581	0.116534	0.000068
褋邪褎	0.000871	0.116534	0.000102
褋邪褎褋械屑	0.000290	0.116534	0.000034
褋邪褏邪褉	0.002324	0.116534	0.000271
褋斜懈褌械薪褜	0.000290	0.040822	0.000012
褋胁械卸械褋褌褜	0.000290	0.105361	0.000031
褋胁械泻谢邪	0.000290	0.040822	0.000012
褋胁械泻芯谢褜薪懈泻	0.000581	0.040822	0.000024
褋胁械褌邪	0.001162	0.116534	0.000135
褋胁懈薪懈薪邪	0.001452	0.040822	0.000059
褋胁懈薪懈薪褘	0.002324	0.116534	0.000271
褋胁芯械	0.000290	0.116534	0.000034
褋胁芯械泄	0.000290	1.347074	0.000391
褋胁芯械屑	0.000290	0.040822	0.000012
褋胁芯懈屑	0.000581	0.040822	0.000024
褋胁芯褞	0.000290	0.040822	0.000012
褋谐褍褖械薪泻邪	0.000290	0.040822	0.000012
褋写械谢邪械褌	0.000290	2.995732	0.000870
褋写械谢邪褌褜	0.000290	1.021651	0.000297
褋械蟹芯薪	0.000290	0.116534	0.000034
褋械泄褔邪褋	0.000581	0.030459	0.000018
褋械泻褉械褌邪褏	0.000290	3.218876	0.000935
褋械泻褉械褌褘	0.000581	0.116534	0.000068
褋械谢械写泻邪	0.000290	0.040822	0.000012
褋械屑谐邪	0.000290	0.040822	0.000012
褋械屑械泄薪褘泄	0.000290	0.116534	0.000034
褋械屑褜懈	0.000290	0.116534	0.000034
褋械薪褌褟斜褉褟	0.000290	0.673345	0.000196
褋械褉写褑械	0.000581	1.832581	0.001065
褋械褌懈	0.000290	2.995732	0.000870
褋懈写褉	0.000290	0.040822	0.000012
褋懈褉懈泄褋泻邪褟	0.000290	0.116534	0.000034
褋懈褉芯锌	0.000290	0.040822	0.000012
褋懈褉芯锌褘	0.000290	0.116534	0.000034
褋懈褋褌械屑褘	0.000290	0.040822	0.000012
褋懈褌懈	0.000290	0.127833	0.000037
褋泻邪蟹邪褌褜	0.000871	0.653926	0.000570
褋泻邪蟹芯泻	0.000290	0.116534	0.000034
褋谢邪写泻邪褟	0.000581	0.116534	0.000068
褋谢邪写泻懈械	0.001743	0.040822	0.000071
褋谢邪写泻懈泄	0.002614	0.105361	0.000275
褋谢邪写泻懈褏	0.000581	0.116534	0.000068
褋谢邪写泻芯	0.000290	0.116534	0.000034
褋谢懈胁泻懈	0.001162	1.078810	0.001253
褋谢懈胁芯褔薪芯械	0.001452	0.116534	0.000169
褋谢芯械薪芯谐芯	0.000290	0.127833	0.000037
褋谢芯械薪芯械	0.000290	0.116534	0.000034
褋谢芯械薪褘泄	0.000290	0.116534	0.000034
褋谢芯泄泻邪	0.000290	0.040822	0.000012
褋谢芯泄泻懈	0.000290	0.116534	0.000034
褋谢褍褔邪褟褏	0.000290	3.218876	0.000935
褋屑械褌邪薪邪	0.000871	0.105361	0.000092
褋屑械褕邪薪薪芯谐芯	0.000290	0.116534	0.000034
褋屑芯谐褍	0.000290	2.659260	0.000772
褋屑芯卸械褌械	0.000290	0.040822	0.000012
褋屑褍蟹懈	0.000871	0.040822	0.000036
褋薪褝泻	0.000581	0.116534	0.000068
褋芯斜邪泻褍	0.000290	3.218876	0.000935
褋芯斜懈褉邪械褌械褋褜	0.000290	0.040822	0.000012
褋芯斜谢褞写邪褞褌	0.000290	2.813411	0.000817
褋芯斜褋褌胁械薪薪芯	0.000290	2.120264	0.000616
褋芯胁械褉褕械薪褋褌胁芯	0.001452	0.116534	0.000169
褋芯胁械褌邪屑懈	0.000290	0.040822	0.000012
褋芯谐谢邪褕邪械褌械褋褜	0.000290	0.040822	0.000012
褋芯械胁褘泄	0.001162	0.798508	0.000928
褋芯械胁褘屑	0.000290	2.525729	0.000734
褋芯蟹写邪械褌	0.000290	0.116534	0.000034
褋芯蟹写邪薪懈褟	0.000581	0.261365	0.000152
褋芯泻	0.002033	0.116534	0.000237
褋芯泻邪	0.000290	0.105361	0.000031
褋芯泻懈	0.000290	0.040822	0.000012
褋芯泻芯屑	0.000290	2.207275	0.000641
褋芯谢械薪褘械	0.000871	0.116534	0.000102
褋芯谢械薪褜褟	0.000581	0.116534	0.000068
褋芯谢懈	0.000290	2.525729	0.000734
褋芯谢薪械褔薪芯泄	0.000290	0.127833	0.000037
褋芯谢褜	0.006680	0.150823	0.001008
褋芯谢褟薪泻邪	0.000581	0.040822	0.000024
褋芯屑薪械胁邪谢邪褋褜	0.000290	2.995732	0.000870
褋芯褉褌懈褉芯胁邪褌褜	0.000290	0.248461	0.000072
褋芯褋褌邪胁褜	0.000290	0.116534	0.000034
褋芯褍褋	0.003485	0.040822	0.000142
褋芯褍褋芯屑	0.001743	0.116534	0.000203
褋芯褍褋褘	0.001452	0.116534	0.000169
褋芯褏褉邪薪褟褌褜	0.000290	0.040822	0.000012
褋芯褑芯锌褉芯褋	0.000290	3.218876	0.000935
褋芯褑褋械褌懈	0.000290	0.040822	0.000012
褋芯褔械褌邪薪懈械	0.000290	0.116534	0.000034
褋芯褔薪芯械	0.000581	0.116534	0.000068
褋芯褔薪褘械	0.000581	1.966113	0.001142
褋锌械褑懈邪谢褜薪芯械	0.000290	0.116534	0.000034
褋锌械褑懈懈	0.010166	0.105361	0.001071
褋锌械褑懈褟屑懈	0.000290	2.525729	0.000734
褋锌械褑锌褉芯械泻褌	0.009585	0.116534	0.001117
褋锌懈褋芯泻	0.000290	0.116534	0.000034
褋锌芯褋芯斜	0.000290	1.427116	0.000414
褋锌芯褞	0.000290	0.116534	0.000034
褋褉邪蟹褍	0.000581	0.733969	0.000426
褋褉械写懈蟹械屑薪芯屑芯褉褋泻邪褟	0.000290	0.127833	0.000037
褋褌邪薪械褌	0.000290	1.832581	0.000532
褋褌邪褉褘械	0.000290	0.261365	0.000076
褋褌邪褌褜褟褏	0.000290	0.061875	0.000018
褋褌懈谢械	0.000290	0.116534	0.000034
褋褌懈谢褟	0.000290	0.116534	0.000034
褋褌芯谢	0.000581	0.105361	0.000061
褋褌芯谢邪	0.001743	0.116534	0.000203
褋褌芯谢褜泻芯	0.000290	2.040221	0.000593
褋褌褉芯懈褌械谢褜褋褌胁械	0.000290	0.040822	0.000012
褋褌褉芯懈褌械谢褜褋褌胁褍	0.000290	0.040822	0.000012
褋褌褉芯懈褌褜	0.000290	0.040822	0.000012
褋褌褉芯泄薪芯泄	0.000290	0.116534	0.000034
褋褍斜锌褉芯写褍泻褌芯胁	0.002033	0.116534	0.000237
褋褍斜锌褉芯写褍泻褌褘	0.000871	0.116534	0.000102
褋褍锌	0.004357	0.040822	0.000178
褋褍锌邪	0.000290	0.040822	0.000012
褋褍锌褔懈泻	0.000581	2.302585	0.001338
褋褍锌褘	0.004066	0.040822	0.000166
褋褍褌泻懈	0.000290	2.120264	0.000616
褋褍褎谢械	0.000871	0.040822	0.000036
褋褍褏邪褉懈	0.001452	0.040822	0.000059
褋褍褕懈	0.000581	0.040822	0.000024
褋褔邪褋褌褜褟	0.000290	2.407946	0.000699
褋褔懈褌邪褞	0.000290	3.218876	0.000935
褋褕邪	0.000290	2.813411	0.000817
褋褗械谢邪	0.000290	2.659260	0.000772
褋褘薪	0.000290	2.407946	0.000699
褋褘褉	0.003195	0.040822	0.000130
褋褘褉邪	0.001452	0.116534	0.000169
褋褘褉邪屑懈	0.000290	0.127833	0.000037
褋褘褉薪懈泻	0.000290	0.040822	0.000012
褋褘褉薪懈泻懈	0.000581	0.116534	0.000068
褋褘褉薪芯泄	0.000290	2.302585	0.000669
褋褘褉薪褘械	0.001452	0.040822	0.000059
褋褘褉薪褘屑懈	0.000290	2.995732	0.000870
褋褘褉芯屑	0.000290	0.713350	0.000207
褋褘褌薪褘泄	0.000581	0.105361	0.000061
褋褘褔褍卸薪褘屑懈	0.000290	0.127833	0.000037
褋褝薪写胁懈褔懈	0.000290	0.127833	0.000037
褋褞褉锌褉懈蟹	0.000290	0.116534	0.000034
褌邪写卸懈泻褋泻邪褟	0.000290	0.116534	0.000034
褌邪泄褋泻邪褟	0.000290	0.116534	0.000034
褌邪泻懈屑	0.000290	1.021651	0.000297
褌邪泻懈屑懈	0.000290	2.659260	0.000772
褌邪泻懈褏	0.000290	1.660731	0.000482
褌邪泻芯谐芯	0.000581	1.078810	0.000627
褌邪褉褌	0.000290	0.116534	0.000034
褌邪褉褌邪谢械褌泻懈	0.000581	0.040822	0.000024
褌邪褌邪褉褋泻邪褟	0.000290	0.116534	0.000034
褌邪褌邪褉褋泻懈泄	0.000290	2.995732	0.000870
褌胁械褉写褘泄	0.001162	0.562119	0.000653
褌胁芯懈	0.000581	0.116534	0.000068
褌胁芯褉懈	0.000290	0.116534	0.000034
褌胁芯褉芯谐	0.000581	0.040822	0.000024
褌胁芯褉芯谐芯屑	0.000290	0.105361	0.000031
褌胁芯褉芯卸薪芯械	0.000290	0.116534	0.000034
褌胁芯褉芯卸薪褘械	0.000581	0.116534	0.000068
褌胁芯褉芯卸薪褘泄	0.000290	0.116534	0.000034
褌械谢械谐褉邪屑	0.000290	0.040822	0.000012
褌械谢褟褌懈薪褘	0.001162	0.116534	0.000135
褌械锌械褉褜	0.000290	0.916291	0.000266
褌械锌谢芯屑	0.000290	0.116534	0.000034
褌械褉褉懈薪	0.000290	0.040822	0.000012
褌械褋褌	0.001452	0.127833	0.000186
褌械褋褌邪	0.002614	0.105361	0.000275
褌械褋褌芯	0.002904	0.040822	0.000119
褌械褏	0.000290	0.634878	0.000184
褌械褏薪懈泻邪	0.001452	0.105361	0.000153
褌械褖懈薪	0.000290	0.040822	0.000012
褌屑	0.001162	0.127833	0.000149
褌芯屑邪褌邪屑懈	0.000290	2.407946	0.000699
褌芯锌谢械薪芯械	0.000290	0.116534	0.000034
褌芯褉褌	0.003195	0.040822	0.000130
褌芯褉褌褘	0.002614	0.116534	0.000305
褌褉邪胁褘	0.000290	0.105361	0.000031
褌褉邪写懈褑懈懈	0.000290	0.116534	0.000034
褌褉邪写懈褑懈泄	0.001162	0.116534	0.000135
褌褉邪写懈褑懈褟褏	0.000290	0.116534	0.000034
褌褉械褏谢械褌懈械屑	0.000290	0.116534	0.000034
褌褉褍斜芯褔泻懈	0.000290	0.040822	0.000012
褌褍薪懈褋褋泻邪褟	0.000290	0.116534	0.000034
褌褍薪褑芯屑	0.000290	0.116534	0.000034
褌褍褉械褑泻邪褟	0.000290	0.116534	0.000034
褌褘泻胁邪	0.000290	0.040822	0.000012
褍胁械写芯屑谢械薪懈褟	0.000290	0.040822	0.000012
褍胁懈写械谢邪	0.000290	1.427116	0.000414
褍谐芯褋褌懈褌褜	0.000290	2.407946	0.000699
褍谐芯褖邪泄褌械褋褜	0.000290	1.021651	0.000297
褍写邪褔薪邪褟	0.000290	0.116534	0.000034
褍写懈胁懈	0.000290	0.116534	0.000034
褍写懈胁谢褟泄褌械	0.001162	0.116534	0.000135
褍写芯胁芯谢褜褋褌胁懈械屑	0.000290	0.116534	0.000034
褍卸	0.000581	0.693147	0.000403
褍卸懈薪	0.001743	0.094311	0.000164
褍蟹斜械泻褋泻邪褟	0.000290	0.116534	0.000034
褍蟹薪邪谢邪	0.000290	2.302585	0.000669
褍泻褉邪懈薪褋泻邪褟	0.000290	0.116534	0.000034
褍泻褉邪褕械薪懈褟	0.002324	0.116534	0.000271
褍泻褋褍褋	0.001162	0.634878	0.000738
褍锌芯褌褉械斜懈褌褜	0.000290	3.506558	0.001018
褍锌芯褌褉械斜谢械薪懈械屑	0.000290	0.116534	0.000034
褍褉邪谢褜褋泻邪褟	0.000290	0.116534	0.000034
褍褉芯卸邪泄	0.000290	0.105361	0.000031
褍褌泻懈	0.000871	0.116534	0.000102
褍褏邪	0.000290	0.040822	0.000012
褍褔邪褋褌胁芯胁邪褌褜	0.000290	0.040822	0.000012
褍褔邪褋褌懈褟	0.000290	3.912023	0.001136
褎邪蟹械薪写褘	0.000290	0.127833	0.000037
褎邪薪褌邪蟹懈懈	0.001743	0.116534	0.000203
褎邪薪褌邪蟹懈泄	0.000290	0.116534	0.000034
褎邪薪褌邪蟹懈褟	0.000290	0.116534	0.000034
褎邪褉褕	0.001162	1.021651	0.001187
褎邪褉褕邪	0.003776	0.040822	0.000154
褎邪褉褕械屑	0.000290	1.966113	0.000571
褎邪褉褕懈褉芯胁邪薪薪邪褟	0.000581	0.116534	0.000068
褎邪褉褕懈褉芯胁邪薪薪芯械	0.000290	0.116534	0.000034
褎邪褉褕懈褉芯胁邪薪薪褘械	0.000581	0.040822	0.000024
褎邪褉褕懈褉芯胁邪薪薪褘泄	0.000290	0.040822	0.000012
褎邪褋芯谢褜	0.000290	0.040822	0.000012
褎邪褋褌	0.000290	3.218876	0.000935
褎械胁褉邪谢褟	0.000871	0.105361	0.000092
褎械泄械褉胁械褉泻	0.000581	0.116534	0.000068
褎懈谐褍褉械	0.000290	0.116534	0.000034
褎懈薪褋泻邪褟	0.000290	0.116534	0.000034
褎懈褉屑械薪薪芯械	0.000290	0.116534	0.000034
褎芯薪写褞	0.000290	0.040822	0.000012
褎芯褉屑褘	0.000290	0.116534	0.000034
褎芯褉褍屑械	0.000581	0.040822	0.000024
褎芯褉褕屑邪泻	0.000290	0.040822	0.000012
褎褉邪薪褑懈懈	0.000290	0.116534	0.000034
褎褉邪薪褑褍蟹褋泻邪褟	0.000290	0.116534	0.000034
褎褉邪褍	0.001162	0.116534	0.000135
褎褉懈	0.000290	2.995732	0.000870
褎褉褍泻褌芯胁	0.001162	0.116534	0.000135
褎褉褍泻褌芯胁芯	0.000290	0.116534	0.000034
褎褉褍泻褌芯胁褘械	0.002033	0.040822	0.000083
褎褍写	0.000290	0.116534	0.000034
褎褍写邪	0.000290	3.218876	0.000935
褎褍褉褕械褌	0.000290	0.116534	0.000034
褏邪谢胁邪	0.000290	0.040822	0.000012
褏邪褉胁械褋褌褎械褋褌	0.000581	0.116534	0.000068
褏邪褉褔芯	0.000581	0.040822	0.000024
褏邪褕	0.000290	0.040822	0.000012
褏胁芯褉芯褋褌	0.000290	0.040822	0.000012
褏懈薪泻邪谢懈	0.000290	0.116534	0.000034
褏懈褌	0.002033	0.116534	0.000237
褏谢械斜	0.000871	0.040822	0.000036
褏谢械斜芯锌械褔泻懈	0.000290	0.116534	0.000034
褏谢芯锌褜褟	0.000581	0.105361	0.000061
褏芯蟹褟泄泻懈	0.000290	0.127833	0.000037
褏芯谢芯写械褑	0.000290	0.040822	0.000012
褏芯谢芯写薪褘械	0.000581	0.116534	0.000068
褏芯谢芯写薪褘泄	0.000581	0.116534	0.000068
褏芯褉胁邪褌褋泻邪褟	0.000290	0.116534	0.000034
褏芯褉芯褕芯	0.001452	0.105361	0.000153
褏芯褉褋	0.000290	0.116534	0.000034
褏芯褌懈褌械	0.000290	0.040822	0.000012
褏芯褔褍	0.000871	0.562119	0.000490
褏褉褍褋褌褟褖懈械	0.000290	2.407946	0.000699
褏褍屑褍褋	0.000290	0.040822	0.000012
褑邪褉褋褌胁芯	0.000290	0.127833	0.000037
褑邪褉褜	0.000290	0.116534	0.000034
褑胁械褌薪邪褟	0.000290	0.040822	0.000012
褑械薪薪褘褏	0.000290	0.040822	0.000012
褑械薪褌褉	0.000290	0.116534	0.000034
褔邪械屑	0.000290	0.116534	0.000034
褔邪泄	0.000871	0.040822	0.000036
褔械斜褍褉械泻懈	0.001452	0.040822	0.000059
褔械斜褍褉械褔薪芯泄	0.000290	3.506558	0.001018
褔械谐芯	0.000290	1.203973	0.000350
褔械屑	0.000290	0.994252	0.000289
褔械褉泻懈蟹芯胁芯	0.000581	0.116534	0.000068
褔械褉薪褘泄	0.001743	0.371064	0.000647
褔械褉褉懈	0.000581	2.040221	0.001185
褔械褋邪锌懈泻	0.000290	4.605170	0.001338
褔械褋薪芯泻	0.003485	0.314711	0.001097
褔械褋褌薪芯	0.000290	1.203973	0.000350
褔械褋褌薪褘屑懈	0.000290	0.040822	0.000012
褔械褔械胁懈褑邪	0.000290	0.040822	0.000012
褔械褕褋泻邪褟	0.000290	0.116534	0.000034
褔懈蟹泻械泄泻	0.001162	0.040822	0.000047
褔懈谢懈泄褋泻邪褟	0.000290	0.116534	0.000034
褔懈锌褋褘	0.001162	0.040822	0.000047
褔懈褋谢褍	0.000290	0.261365	0.000076
褔褍写械褋	0.000290	0.116534	0.000034
褔褍写械褋薪芯	0.000290	2.659260	0.000772
褔褍写械褋薪芯械	0.000290	2.525729	0.000734
褕邪褉懈泻邪屑懈	0.000290	2.995732	0.000870
褕邪褉懈泻懈	0.000581	0.040822	0.000024
褕邪褉谢芯褌泻邪	0.000290	0.040822	0.000012
褕邪褉谢芯褌泻懈	0.000290	0.127833	0.000037
褕邪褉屑	0.000290	0.116534	0.000034
褕邪褕谢褘泻	0.003485	0.040822	0.000142
褕邪褕谢褘泻懈	0.000290	0.040822	0.000012
褕胁械写褋泻邪褟	0.000290	0.116534	0.000034
褕胁械泄褑邪褉褋泻邪褟	0.000290	0.116534	0.000034
褕械写械胁褉褘	0.000290	0.116534	0.000034
褕械褎	0.000290	0.127833	0.000037
褕懈锌褍褔泻邪	0.000290	0.040822	0.000012
褕懈褉芯泻邪褟	0.000290	0.127833	0.000037
褕泻芯谢褍	0.000290	0.116534	0.000034
褕芯泻芯谢邪写	0.000290	0.040822	0.000012
褕芯褌谢邪薪写褋泻邪褟	0.000290	0.116534	0.000034
褕褌褉褍写械谢褜	0.000290	0.040822	0.000012
褕褍斜泻芯泄	0.000290	2.659260	0.000772
褕褍褉锌邪	0.000290	0.040822	0.000012
褖邪褋	0.000290	0.116534	0.000034
褖械写褉邪褟	0.000290	0.116534	0.000034
褖懈	0.000581	0.040822	0.000024
褝泻芯屑懈谢泻	0.000290	0.127833	0.000037
褝泻褋泻谢褞蟹懈胁薪邪褟	0.000290	3.506558	0.001018
褝谢谢懈褋邪	0.000290	2.407946	0.000699
褝褉泻械褉芯屑	0.000290	2.040221	0.000593
褝褋褌芯薪褋泻邪褟	0.000290	0.116534	0.000034
褝褌懈屑	0.000290	1.108663	0.000322
褝褌褍	0.000290	1.272966	0.000370
褞谐芯褋谢邪胁褋泻邪褟	0.000290	0.116534	0.000034
褟谐芯写薪褘械	0.000581	0.116534	0.000068
褟谐芯写薪褘泄	0.000581	0.116534	0.000068
褟蟹褘泻	0.000290	0.040822	0.000012
褟懈褑	0.001162	0.116534	0.000135
褟懈褔薪褘泄	0.000581	1.049822	0.000610
褟泄褑邪	0.000290	0.040822	0.000012
褟泄褑芯	0.002904	0.261365	0.000759
褟薪写械泻褋	0.000290	0.072571	0.000021
褟锌芯薪褋泻邪褟	0.000290	0.116534	0.000034
褟锌芯薪褋泻芯泄	0.000290	0.061875	0.000018
褟褉泻懈械	0.000290	0.116534	0.000034
褟褉泻芯	0.000290	0.105361	0.000031
