褌芯泻械薪	TF	IDF	TF-IDF
邪斜褏邪蟹褋泻邪褟	0.000328	0.116534	0.000038
邪胁褋褌褉邪谢懈泄褋泻邪褟	0.000328	0.116534	0.000038
邪胁褋褌褉懈泄褋泻邪褟	0.000328	0.116534	0.000038
邪胁褌芯泻谢邪胁邪	0.000328	0.116534	0.000038
邪胁褌芯褉	0.000328	1.427116	0.000468
邪胁褌芯褉邪屑	0.000328	0.040822	0.000013
邪谐褉芯	0.000328	0.116534	0.000038
邪写卸懈泻邪	0.000328	0.040822	0.000013
邪蟹械褉斜邪泄写卸邪薪褋泻邪褟	0.000328	0.116534	0.000038
邪蟹懈邪褌褋泻邪褟	0.000328	0.127833	0.000042
邪蟹褘	0.000328	0.127833	0.000042
邪泄褉邪薪	0.000328	0.040822	0.000013
邪泻胁邪褌懈泻邪	0.000983	0.127833	0.000126
邪谢械泻褋械褟	0.000328	0.127833	0.000042
邪谢泻芯谐芯谢褜	0.000655	0.116534	0.000076
邪谢泻芯谐芯谢褜薪褘械	0.000328	0.116534	0.000038
邪谢泻芯谐芯谢褟	0.000328	0.116534	0.000038
邪谢褜褟薪褋	0.000328	0.116534	0.000038
邪屑械褉懈泻邪薪褋泻邪褟	0.000328	0.116534	0.000038
邪薪谐谢懈泄褋泻邪褟	0.000328	0.116534	0.000038
邪薪写褉械褟	0.000328	0.127833	0.000042
邪锌械谢褜褋懈薪邪褏	0.000328	4.605170	0.001509
邪锌锌械褌懈褌邪	0.000328	2.659260	0.000871
邪褉邪斜褋泻邪褟	0.000328	0.116534	0.000038
邪褉谐械薪褌懈薪褋泻邪褟	0.000328	0.116534	0.000038
邪褉屑褟薪褋泻邪褟	0.000328	0.116534	0.000038
邪褉芯屑邪褌薪褘屑	0.001311	2.407946	0.003156
邪褉褌懈褕芯泻	0.001311	3.506558	0.004596
邪褉褌懈褕芯泻邪屑懈	0.005242	3.506558	0.018383
邪褉褌懈褕芯泻懈	0.000328	3.912023	0.001282
邪褉褌懈褕芯泻芯胁	0.000328	3.912023	0.001282
邪褋褋芯褉褌懈	0.000655	0.116534	0.000076
邪褌谢邪薪褌	0.000328	0.127833	0.000042
邪褎谐邪薪褋泻邪褟	0.000328	0.116534	0.000038
邪褎褉懈泻邪薪褋泻邪褟	0.000328	0.116534	0.000038
邪褝褉芯谐褉懈谢械	0.003277	0.116534	0.000382
斜邪泻谢邪卸邪薪褘	0.000328	0.040822	0.000013
斜邪谢褌泻芯屑	0.000328	0.127833	0.000042
斜邪薪泻懈	0.000328	3.912023	0.001282
斜邪褉邪薪懈薪褘	0.001311	0.116534	0.000153
斜邪褋屑邪褌懈	0.000655	0.127833	0.000084
斜邪褋褌褍褉屑邪	0.000328	0.040822	0.000013
斜邪褌芯薪褔懈泻懈	0.000328	0.127833	0.000042
斜邪褕泻懈褉褋泻邪褟	0.000328	0.116534	0.000038
斜械蟹邪谢泻芯谐芯谢褜薪褘械	0.000328	0.116534	0.000038
斜械蟹谐谢褞褌械薪芯胁褘械	0.000328	0.116534	0.000038
斜械蟹写褉芯卸卸械胁芯械	0.001311	2.659260	0.003485
斜械蟹械	0.001311	0.040822	0.000054
斜械谢械斜械械胁褋泻懈泄	0.000655	0.116534	0.000076
斜械谢泻懈	0.000983	2.407946	0.002367
斜械谢芯谐芯	0.000328	3.218876	0.001055
斜械谢芯褉褍褋褋泻邪褟	0.000328	0.116534	0.000038
斜械谢芯褕谢褟锌薪褘泄	0.000328	4.605170	0.001509
斜械谢褜谐懈泄褋泻邪褟	0.000328	0.116534	0.000038
斜械褉械屑械薪薪褘褏	0.000328	0.116534	0.000038
斜械褋械写懈薪邪	0.000328	0.127833	0.000042
斜懈褋泻胁懈褌	0.000328	0.040822	0.000013
斜懈褋泻胁懈褌薪芯械	0.000655	0.116534	0.000076
斜懈褋泻胁懈褌薪褘泄	0.000328	0.105361	0.000035
斜懈褋泻胁懈褌褘	0.000328	0.127833	0.000042
斜谢懈卸械	0.000328	0.116534	0.000038
斜谢懈蟹泻懈褏	0.000328	0.116534	0.000038
斜谢懈薪芯胁	0.000655	0.116534	0.000076
斜谢懈薪褘	0.001311	0.040822	0.000054
斜谢芯谐邪	0.000328	2.407946	0.000789
斜谢芯谐邪褏	0.000328	2.407946	0.000789
斜谢褞写	0.000655	0.094311	0.000062
斜谢褞写邪	0.030472	0.040822	0.001244
斜谢褞写芯	0.001311	0.040822	0.000054
斜谢褞写褍	0.000328	0.116534	0.000038
斜芯斜芯胁褘械	0.000655	0.127833	0.000084
斜芯斜芯胁褘褏	0.001966	0.116534	0.000229
斜芯谢谐邪褉褋泻邪褟	0.000328	0.116534	0.000038
斜芯谢褜褕械	0.000983	0.105361	0.000104
斜芯谢褜褕懈械	0.000328	3.912023	0.001282
斜芯褉褖	0.000655	0.040822	0.000027
斜芯褌胁懈薪褜褟	0.000328	0.040822	0.000013
斜褉邪胁芯	0.000328	3.218876	0.001055
斜褉邪蟹懈谢褜褋泻邪褟	0.000328	0.116534	0.000038
斜褉邪褍蟹械褉械	0.000328	0.040822	0.000013
斜褉邪褍薪懈	0.000328	0.040822	0.000013
斜褉械褋褌	0.000328	0.127833	0.000042
斜褉芯泻泻芯谢懈	0.000328	0.040822	0.000013
斜褍卸械薪懈薪邪	0.000328	0.040822	0.000013
斜褍谢芯褔泻邪屑懈	0.000328	0.116534	0.000038
斜褍谢芯褔泻懈	0.000655	0.040822	0.000027
斜褍谢褜芯薪	0.002294	0.040822	0.000094
斜褍谢褜芯薪褘	0.001311	0.116534	0.000153
斜褍褉谐械褉	0.000328	0.040822	0.000013
斜褍褉谐械褉褘	0.000328	0.127833	0.000042
斜褍褉褟褌褋泻邪褟	0.000328	0.116534	0.000038
斜褍褌械褉斜褉芯写	0.000655	0.116534	0.000076
斜褍褌械褉斜褉芯写褘	0.000655	0.040822	0.000027
斜褘褋褌褉芯	0.001638	0.094311	0.000155
斜褘褋褌褉芯泄	0.000328	0.116534	0.000038
斜褘褋褌褉褘泄	0.000655	0.105361	0.000069
胁邪卸薪褘械	0.000328	0.116534	0.000038
胁邪谢谢懈泄褋泻邪褟	0.000328	0.116534	0.000038
胁邪薪懈谢褜薪褘械	0.000328	4.605170	0.001509
胁邪褉械薪懈泻懈	0.000328	0.116534	0.000038
胁邪褉械薪褜械	0.000655	0.040822	0.000027
胁邪褌褉褍褕泻懈	0.000328	0.040822	0.000013
胁邪褎谢懈	0.000655	0.040822	0.000027
胁邪褕械泄	0.000655	0.040822	0.000027
胁胁芯写邪	0.000328	2.302585	0.000754
胁胁芯写褟	0.000328	0.040822	0.000013
胁写芯褏薪芯胁械薪懈械	0.001311	0.116534	0.000153
胁写芯褏薪芯胁械薪懈械屑	0.000655	0.116534	0.000076
胁写芯褏薪芯胁谢褟泄褋褟	0.000328	0.116534	0.000038
胁械谐械褌邪褉懈邪薪褋泻懈械	0.000328	0.127833	0.000042
胁械谐械褌邪褉懈邪薪褋泻芯械	0.000328	0.116534	0.000038
胁械谢懈泻懈泄	0.000328	0.116534	0.000038
胁械薪谐械褉褋泻邪褟	0.000328	0.116534	0.000038
胁械褉褋懈褟	0.000328	2.407946	0.000789
胁械褋械薪薪懈械	0.000328	0.051293	0.000017
胁械褋薪邪	0.001638	0.116534	0.000191
胁械褋薪褘	0.000328	0.116534	0.000038
胁械褌褔懈薪褘	0.000328	0.105361	0.000035
胁懈写	0.000655	2.207275	0.001446
胁懈写械芯	0.000655	0.116534	0.000076
胁懈写薪芯	0.000328	3.506558	0.001149
胁懈薪芯	0.000655	0.040822	0.000027
胁懈薪芯谐褉邪写芯屑	0.000328	4.605170	0.001509
胁泻褍褋	0.000655	0.105361	0.000069
胁泻褍褋邪	0.002621	0.116534	0.000305
胁泻褍褋薪邪褟	0.001311	0.061875	0.000081
胁泻褍褋薪械械	0.000655	0.116534	0.000076
胁泻褍褋薪械泄	0.000328	0.116534	0.000038
胁泻褍褋薪芯	0.000983	0.094311	0.000093
胁泻褍褋薪褘械	0.000655	0.105361	0.000069
胁泻褍褋薪褘屑	0.001311	1.049822	0.001376
胁泻褍褋芯屑	0.000328	0.105361	0.000035
胁泻褍褋褘	0.000655	2.120264	0.001389
胁谢褞斜谢械薪薪褘褏	0.000328	0.116534	0.000038
胁芯	0.001638	0.061875	0.000101
胁芯写械	0.000328	0.105361	0.000035
胁芯泄褌懈	0.001311	0.000000	0.000000
胁芯谢芯胁邪薪褘	0.000328	0.116534	0.000038
胁芯谢褕械斜薪褘械	0.000328	0.116534	0.000038
胁芯谢褕械斜褋褌胁芯	0.000328	0.116534	0.000038
胁芯芯斜褖械	0.000328	1.386294	0.000454
胁芯锌褉芯褋	0.000328	1.771957	0.000581
胁芯锌褉芯褋褘	0.000655	0.000000	0.000000
胁芯褋锌芯谢褜蟹芯胁邪胁褕懈褋褜	0.000328	2.302585	0.000754
胁芯褋褌芯褔薪邪褟	0.000328	0.127833	0.000042
胁褉械屑械薪邪	0.000328	0.116534	0.000038
胁褉械屑械薪械屑	0.001966	0.116534	0.000229
胁褉械屑褟	0.000328	0.400478	0.000131
胁褉芯写械	0.000328	1.897120	0.000622
胁褋械谐芯	0.001311	0.186330	0.000244
胁褋械泄	0.000983	0.105361	0.000104
胁褋械屑褍	0.000655	0.061875	0.000041
胁褋锌芯屑薪懈褌褜	0.000328	0.040822	0.000013
胁褋褌邪胁泻懈	0.000655	2.407946	0.001578
胁褋褌褍锌邪泄褌械	0.000328	2.407946	0.000789
胁褌芯褉芯械	0.000655	0.116534	0.000076
胁褌芯褉褘械	0.000328	0.127833	0.000042
胁褌芯褉褘屑	0.000328	3.218876	0.001055
胁褏芯写	0.000983	0.030459	0.000030
胁褘谐谢褟写械褌褜	0.000328	2.302585	0.000754
胁褘写邪械褌	0.000328	3.912023	0.001282
胁褘泄褌懈	0.000328	0.040822	0.000013
胁褘谢懈褌褜	0.000328	3.912023	0.001282
胁褘谢芯卸懈褌褜	0.000655	2.302585	0.001509
胁褘薪褍褌褜	0.000328	3.912023	0.001282
胁褘锌械褔泻邪	0.005570	0.040822	0.000227
胁褘锌械褔泻懈	0.000655	0.072571	0.000048
胁褘锌械褔泻芯泄	0.000328	0.116534	0.000038
胁褜械褌薪邪屑褋泻邪褟	0.000328	0.116534	0.000038
谐邪胁邪泄褋泻邪褟	0.000328	0.116534	0.000038
谐邪褉薪懈褉	0.001638	0.040822	0.000067
谐邪褋锌邪褔芯	0.000328	0.040822	0.000013
谐械芯谐褉邪褎懈褟	0.000328	0.116534	0.000038
谐谢邪胁薪褘泄	0.000328	0.040822	0.000013
谐谢邪蟹褍褉褜	0.000983	0.040822	0.000040
谐谢懈薪褌胁械泄薪	0.000328	0.040822	0.000013
谐芯胁芯褉褟褌	0.000328	3.218876	0.001055
谐芯胁褟写懈薪褘	0.001311	0.116534	0.000153
谐芯写	0.002949	0.105361	0.000311
谐芯谢谢邪薪写褋泻邪褟	0.000328	0.116534	0.000038
谐芯褉邪蟹写芯	0.000328	2.040221	0.000668
谐芯褉芯写邪	0.000328	0.116534	0.000038
谐芯褉芯褏	0.000328	0.116534	0.000038
谐芯褉褔懈褑邪	0.000655	0.040822	0.000027
谐芯褉褔懈褑邪屑懈	0.000328	0.127833	0.000042
谐芯褉褕芯褔泻邪褏	0.000328	0.105361	0.000035
谐芯褉褕芯褔泻械	0.000328	0.040822	0.000013
谐芯褉褟褔械械	0.001311	0.116534	0.000153
谐芯褉褟褔懈械	0.011468	0.105361	0.001208
谐芯褉褟褔懈泄	0.000655	0.116534	0.000076
谐芯褋褌懈	0.000655	0.116534	0.000076
谐芯褌芯胁懈谢	0.000328	2.659260	0.000871
谐芯褌芯胁懈屑	0.001966	0.094311	0.000185
谐芯褌芯胁懈褌褋褟	0.001311	0.478036	0.000627
谐芯褌芯胁懈褌褜	0.001638	0.105361	0.000173
谐芯褌芯胁芯谐芯	0.000328	2.302585	0.000754
谐芯褌芯胁褜	0.000655	0.116534	0.000076
谐芯褌芯胁褜褌械	0.000328	2.407946	0.000789
谐芯褌芯胁褟褌	0.000328	0.116534	0.000038
谐褉邪屑屑邪褏	0.000328	4.605170	0.001509
谐褉械薪泻懈	0.000655	0.040822	0.000027
谐褉械褔械褋泻邪褟	0.000328	0.116534	0.000038
谐褉械褔械褋泻懈泄	0.000328	4.605170	0.001509
谐褉械褔泻邪	0.000328	0.040822	0.000013
谐褉懈斜	0.000328	3.912023	0.001282
谐褉懈斜邪屑懈	0.006553	0.105361	0.000690
谐褉懈斜邪褏	0.000328	4.605170	0.001509
谐褉懈斜薪芯泄	0.000328	2.120264	0.000695
谐褉懈斜薪褘械	0.000655	0.040822	0.000027
谐褉懈斜芯胁	0.000983	0.116534	0.000115
谐褉懈斜褘	0.003932	0.040822	0.000161
谐褉懈谢械	0.001638	0.116534	0.000191
谐褉懈谢褜	0.000328	0.116534	0.000038
谐褉懈谢褜屑邪薪懈褟	0.000328	0.116534	0.000038
谐褉懈谢褟	0.001311	0.116534	0.000153
谐褉芯谐	0.000328	0.040822	0.000013
谐褉褍蟹懈薪褋泻邪褟	0.000328	0.116534	0.000038
谐褉褍锌锌褍	0.000655	2.407946	0.001578
谐褉褍锌锌褘	0.000328	0.061875	0.000020
谐褍褉屑邪薪懈褟	0.001966	0.116534	0.000229
谐褍褉屑械	0.000328	0.127833	0.000042
谐褍褋褟	0.000655	0.105361	0.000069
写邪械褌	0.000328	0.040822	0.000013
写邪薪薪褘械	0.000328	0.040822	0.000013
写邪褉褘	0.000328	0.116534	0.000038
写邪褌褋泻邪褟	0.000328	0.116534	0.000038
写邪褌褜	0.000328	2.120264	0.000695
写邪褔薪芯械	0.000983	0.116534	0.000115
写械泻芯褉	0.000328	0.127833	0.000042
写械谢邪械褌	0.000655	0.116534	0.000076
写械谢懈屑褋褟	0.000328	0.040822	0.000013
写械谢芯屑	0.000328	0.116534	0.000038
写械薪褜	0.001638	0.083382	0.000137
写械褉卸邪谢	0.000328	4.605170	0.001509
写械褋械褉褌	0.000983	0.116534	0.000115
写械褋械褉褌邪褑懈褟	0.000328	0.116534	0.000038
写械褋械褉褌薪褘械	0.000328	0.116534	0.000038
写械褋械褉褌褘	0.004587	0.040822	0.000187
写械褋褟褌褜	0.000328	2.207275	0.000723
写械褌械泄	0.000328	0.116534	0.000038
写卸械屑	0.000328	0.040822	0.000013
写蟹械薪	0.000328	0.116534	0.000038
写懈邪屑械褌褉械	0.000328	4.605170	0.001509
写懈械褌邪	0.000328	0.116534	0.000038
写懈械褌褘	0.000328	0.116534	0.000038
写懈泻懈泄	0.000655	0.116534	0.000076
写懈泻芯谐芯	0.000328	0.116534	0.000038
写懈锌	0.000328	0.116534	0.000038
写懈褔懈	0.000655	0.116534	0.000076
写懈褔褜	0.000328	0.116534	0.000038
写薪械胁薪懈泻邪褏	0.000328	0.061875	0.000020
写薪械泄	0.000983	0.116534	0.000115
写薪褟	0.000328	0.040822	0.000013
写芯斜邪胁谢褟褌褜	0.000328	0.040822	0.000013
写芯斜邪胁褜	0.000328	0.116534	0.000038
写芯斜邪胁褜褌械	0.000328	3.912023	0.001282
写芯斜褉芯褎谢芯褌	0.000328	0.127833	0.000042
写芯胁械褉褟械褕褜	0.000328	0.116534	0.000038
写芯屑	0.002949	0.040822	0.000120
写芯屑邪褕薪械械	0.000983	0.040822	0.000040
写芯屑邪褕薪懈械	0.000983	0.040822	0.000040
写芯屑邪褕薪懈泄	0.001638	0.116534	0.000191
写芯屑邪褕薪褟褟	0.000655	0.105361	0.000069
写芯屑芯胁	0.000328	0.040822	0.000013
写褉邪泄胁	0.001638	0.127833	0.000209
写褉芯卸卸械胁芯械	0.000328	0.116534	0.000038
写褉褍谐懈屑懈	0.000328	0.040822	0.000013
写褉褍谐懈褏	0.000328	1.714798	0.000562
写褉褍蟹褜褟屑懈	0.000328	2.040221	0.000668
写褍褏	0.000328	4.605170	0.001509
写褍褏芯胁泻邪	0.001311	0.127833	0.000168
写褍褏芯胁泻懈	0.000328	2.659260	0.000871
写褍褏芯胁泻褍	0.000655	1.771957	0.001161
写褍褕懈	0.000983	0.105361	0.000104
械胁褉械泄褋泻邪褟	0.000328	0.116534	0.000038
械谐懈锌械褌褋泻邪褟	0.000328	0.116534	0.000038
械写懈薪褘泄	0.000328	0.040822	0.000013
械泻芯	0.000328	0.127833	0.000042
卸邪褉泻芯械	0.000328	0.040822	0.000013
卸械谢械	0.000983	0.040822	0.000040
卸械薪褋泻邪褟	0.000328	0.127833	0.000042
卸械薪褋泻芯屑	0.000328	0.061875	0.000020
卸械薪褖懈薪褘	0.000655	0.116534	0.000076
卸懈蟹薪懈	0.000655	0.040822	0.000027
卸懈蟹薪褜	0.000328	0.116534	0.000038
卸懈褉褘	0.000983	2.207275	0.002170
卸褍谢褜械薪	0.000328	0.040822	0.000013
卸褍褉薪邪谢邪	0.000328	0.127833	0.000042
卸褞谢褜械薪	0.000328	0.040822	0.000013
蟹邪胁邪褉薪芯械	0.000328	0.116534	0.000038
蟹邪胁邪褉薪芯泄	0.000328	0.116534	0.000038
蟹邪胁褌褉邪泻	0.004260	0.094311	0.000402
蟹邪胁褌褉邪泻懈	0.000328	0.127833	0.000042
蟹邪谐芯褌芯胁泻懈	0.001311	0.040822	0.000054
蟹邪写邪胁邪褌褜	0.000328	0.040822	0.000013
蟹邪泄褑邪	0.000655	0.116534	0.000076
蟹邪泻胁邪褋泻邪	0.000328	0.040822	0.000013
蟹邪泻胁邪褋泻邪屑懈	0.000328	0.116534	0.000038
蟹邪泻胁邪褋芯泻	0.000328	0.127833	0.000042
蟹邪泻褉褘褌褘泄	0.000328	0.116534	0.000038
蟹邪泻褍褋泻懈	0.005898	0.040822	0.000241
蟹邪泻褍褋泻褍	0.000983	0.116534	0.000115
蟹邪泻褍褋芯薪褔懈泻	0.000328	0.116534	0.000038
蟹邪泻褍褋芯褔泻邪	0.000328	0.116534	0.000038
蟹邪泻褍褋芯褔薪褘械	0.002949	0.116534	0.000344
蟹邪谢懈胁薪芯械	0.000655	0.040822	0.000027
蟹邪屑械薪懈褌褜	0.000328	2.659260	0.000871
蟹邪屑芯褉芯蟹泻邪	0.000328	0.105361	0.000035
蟹邪锌邪写	0.000328	0.116534	0.000038
蟹邪锌械泻邪械褌褋褟	0.001311	2.659260	0.003485
蟹邪锌械泻邪薪懈褟	0.000328	1.560648	0.000511
蟹邪锌械泻邪薪泻邪	0.001311	0.105361	0.000138
蟹邪锌械泻邪薪泻懈	0.002294	0.040822	0.000094
蟹邪锌械泻邪褌褜褋褟	0.000328	3.218876	0.001055
蟹邪锌懈褋褜褞	0.000328	2.302585	0.000754
蟹邪锌褉邪胁泻邪	0.000655	0.040822	0.000027
蟹邪褉械谐懈褋褌褉懈褉芯胁邪胁褕懈褋褜	0.000328	0.040822	0.000013
蟹邪褉械谐懈褋褌褉懈褉芯胁邪薪薪褘械	0.000328	2.207275	0.000723
蟹邪褉械谐懈褋褌褉懈褉芯胁邪褌褜褋褟	0.000655	0.030459	0.000020
蟹邪褋芯谢泻邪	0.000328	0.116534	0.000038
蟹胁邪薪褘泄	0.000328	0.127833	0.000042
蟹胁械蟹写邪	0.000328	0.127833	0.000042
蟹胁褢蟹写薪褘械	0.000328	0.116534	0.000038
蟹写芯褉芯胁芯械	0.000328	0.116534	0.000038
蟹写芯褉芯胁褘泄	0.000328	0.116534	0.000038
蟹械谢械薪褜	0.000328	0.094311	0.000031
蟹械屑谢懈	0.000328	3.912023	0.001282
蟹械褎懈褉	0.000328	0.040822	0.000013
蟹懈屑薪懈械	0.000328	0.051293	0.000017
蟹懈屑褍	0.001311	0.040822	0.000054
蟹薪邪械屑	0.000328	3.506558	0.001149
蟹芯谢芯褌邪褟	0.000328	0.116534	0.000038
蟹褍斜	0.000328	3.506558	0.001149
懈胁邪薪芯胁邪	0.000328	0.127833	0.000042
懈写械邪谢褜薪邪褟	0.000328	0.116534	0.000038
懈写械邪谢褜薪芯谐芯	0.001638	0.116534	0.000191
懈写械邪谢褜薪芯械	0.000328	0.116534	0.000038
懈写械泄泻懈	0.000328	0.116534	0.000038
懈蟹胁懈薪械薪懈褟	0.000328	2.302585	0.000754
懈蟹写械谢懈褟	0.002621	0.116534	0.000305
懈蟹写械谢懈褟屑懈	0.000983	0.116534	0.000115
懈蟹屑械薪械薪懈褟	0.000328	3.912023	0.001282
懈泻褉邪	0.000983	0.040822	0.000040
懈屑械薪械屑	0.000328	0.040822	0.000013
懈薪胁械褉褌芯褉薪芯泄	0.000328	0.127833	0.000042
懈薪谐褉械写懈械薪褌褘	0.001311	0.139262	0.000183
懈薪写械泄泻懈	0.001638	0.094311	0.000155
懈薪写械泄泻芯泄	0.000328	0.116534	0.000038
懈薪写懈泄褋泻邪褟	0.000328	0.116534	0.000038
懈薪写懈谢邪泄褌	0.000983	0.116534	0.000115
懈薪写懈褉械褋薪褘械	0.000328	0.116534	0.000038
懈薪褋褌褉褍泻褑懈褟屑懈	0.000328	0.040822	0.000013
懈褉邪泻褋泻邪褟	0.000328	0.116534	0.000038
懈褉邪薪褋泻邪褟	0.000328	0.116534	0.000038
懈褉谢邪薪写褋泻邪褟	0.000328	0.116534	0.000038
懈褋泻褉械薪薪械	0.000328	0.116534	0.000038
懈褋谢邪薪写褋泻邪褟	0.000328	0.116534	0.000038
懈褋锌邪薪褋泻邪褟	0.000328	0.116534	0.000038
懈褋锌械泻懈	0.000328	0.116534	0.000038
懈褋锌芯谢褜蟹褍械褌褋褟	0.000655	1.714798	0.001124
懈褋锌芯谢褜蟹褍褞褌	0.000328	3.506558	0.001149
懈褋褌芯褉懈懈	0.001638	0.116534	0.000191
懈褋褌芯褉懈褞	0.000328	0.116534	0.000038
懈褌邪谢懈懈	0.000655	0.105361	0.000069
懈褌邪谢褜褟薪褋泻邪褟	0.000328	0.116534	0.000038
懈褌邪谢褜褟薪褋泻懈	0.000328	3.218876	0.001055
泄芯谐褍褉褌	0.000983	0.040822	0.000040
泻邪斜邪褔泻懈	0.000328	0.040822	0.000013
泻邪胁泻邪蟹褋泻邪褟	0.000328	0.116534	0.000038
泻邪蟹邪薪械	0.000328	0.116534	0.000038
泻邪蟹邪褏褋泻邪褟	0.000328	0.116534	0.000038
泻邪泻邪芯	0.000655	0.040822	0.000027
泻邪谢械泄写芯褋泻芯锌	0.001311	0.116534	0.000153
泻邪谢屑褘褑泻邪褟	0.000328	0.116534	0.000038
泻邪谢褜屑邪褉	0.000328	0.040822	0.000013
泻邪屑械褉邪	0.000328	0.116534	0.000038
泻邪薪邪写褋泻邪褟	0.000328	0.116534	0.000038
泻邪薪邪谢	0.000655	0.040822	0.000027
泻邪薪邪谢械	0.000328	0.040822	0.000013
泻邪薪邪锌械	0.000655	0.040822	0.000027
泻邪锌褍褋褌邪	0.000655	0.040822	0.000027
泻邪锌褍褋褌薪褟泻	0.000328	0.040822	0.000013
泻邪锌褍褋褌褘	0.000328	0.040822	0.000013
泻邪褉邪屑械谢褜	0.000328	0.040822	0.000013
泻邪褉泻邪褋薪褘泄	0.001311	0.116534	0.000153
泻邪褉褌芯褎械谢褜	0.000328	0.040822	0.000013
泻邪褉褌芯褎械谢褜薪芯械	0.000328	0.040822	0.000013
泻邪褉褌芯褎械谢褜薪褘泄	0.000328	0.116534	0.000038
泻邪褉褌芯褕泻邪	0.000655	0.040822	0.000027
泻邪褌械谐芯褉懈懈	0.000328	0.116534	0.000038
泻邪褌械谐芯褉懈褟	0.000983	0.150823	0.000148
泻邪褔械褋褌胁芯	0.000328	0.116534	0.000038
泻邪褕邪	0.000328	0.040822	0.000013
泻邪褕懈	0.001638	0.105361	0.000173
泻邪褕褌邪薪芯胁褘械	0.000655	4.605170	0.003018
泻邪褕褍	0.000328	0.094311	0.000031
泻胁邪褋	0.000983	0.040822	0.000040
泻胁邪褋薪芯械	0.000983	0.116534	0.000115
泻胁邪褋芯屑	0.000328	0.127833	0.000042
泻械泻褋	0.000328	0.040822	0.000013
泻械泻褋褘	0.000655	0.116534	0.000076
泻械褎懈褉	0.000328	0.040822	0.000013
泻懈屑褔懈	0.000328	0.040822	0.000013
泻懈薪芯邪	0.000655	0.127833	0.000084
泻懈薪芯谢械薪褌邪	0.000328	0.116534	0.000038
泻懈褋械谢褜	0.000655	0.040822	0.000027
泻懈褌邪泄褋泻邪褟	0.000328	0.116534	0.000038
泻懈褕	0.005242	3.506558	0.018383
泻泻邪谢	0.001966	2.302585	0.004527
泻谢邪褋褋	0.002621	0.116534	0.000305
泻谢邪褋褋褘	0.000328	0.116534	0.000038
泻薪懈谐褍	0.000328	0.040822	0.000013
泻芯写	0.001638	2.407946	0.003945
泻芯蟹褜懈屑	0.000328	4.605170	0.001509
泻芯泻褌械泄谢懈	0.000328	0.127833	0.000042
泻芯泻褌械泄谢褜	0.001638	0.040822	0.000067
泻芯谢斜邪褋邪	0.000328	0.040822	0.000013
泻芯谢斜邪褋薪褘屑懈	0.000983	0.116534	0.000115
泻芯谢懈褔械褋褌胁芯	0.000328	1.832581	0.000600
泻芯屑邪薪写邪	0.000655	0.127833	0.000084
泻芯屑懈	0.000328	0.116534	0.000038
泻芯屑屑械薪褌邪褉懈懈	0.000983	1.966113	0.001933
泻芯屑屑械薪褌邪褉懈泄	0.000655	2.302585	0.001509
泻芯屑薪邪褌邪屑懈	0.000328	4.605170	0.001509
泻芯屑锌邪薪懈泄	0.000328	0.105361	0.000035
泻芯屑锌芯褌	0.000983	0.040822	0.000040
泻芯薪懈薪褘	0.000328	0.116534	0.000038
泻芯薪泻褍褉褋	0.070118	0.105361	0.007388
泻芯薪泻褍褉褋邪	0.000328	0.116534	0.000038
泻芯薪泻褍褉褋邪褏	0.000328	0.040822	0.000013
泻芯薪泻褍褉褋薪褘械	0.000328	0.127833	0.000042
泻芯薪褋械褉胁懈褉芯胁邪薪懈械	0.000328	0.040822	0.000013
泻芯薪褋械褉胁懈褉芯胁邪薪薪邪褟	0.000328	0.116534	0.000038
泻芯薪褋械褉胁懈褉芯胁邪薪薪芯械	0.000328	0.116534	0.000038
泻芯薪褋械褉胁懈褉芯胁邪薪薪褘械	0.000655	0.116534	0.000076
泻芯薪褋械褉胁懈褉芯胁邪薪薪褘泄	0.000655	0.116534	0.000076
泻芯薪褌邪泻褌械	0.000328	2.407946	0.000789
泻芯薪褎械褌褌懈	0.000328	0.116534	0.000038
泻芯薪褎械褌褘	0.000983	0.040822	0.000040
泻芯薪褎懈写械薪褑懈邪谢褜薪芯褋褌懈	0.000328	0.040822	0.000013
泻芯薪褎懈褌褞褉	0.000328	0.040822	0.000013
泻芯锌褔械薪芯褋褌褟屑懈	0.000328	0.116534	0.000038
泻芯褉械泄褋泻邪褟	0.000328	0.116534	0.000038
泻芯褉械泄褋泻懈	0.000328	0.040822	0.000013
泻芯褉卸懈泻懈	0.000328	0.040822	0.000013
泻芯褉蟹懈薪泻懈	0.000328	4.605170	0.001509
泻芯褉屑褟褖懈褏	0.000328	0.116534	0.000038
泻芯褉芯谢械胁褋泻懈械	0.000328	3.506558	0.001149
泻芯褋懈褔泻邪	0.000328	4.605170	0.001509
泻芯褌谢械褌褘	0.000328	0.040822	0.000013
泻芯褌芯褉芯屑褍	0.000328	0.116534	0.000038
泻芯褎械	0.000655	0.040822	0.000027
泻褉邪褋泻懈	0.000328	0.116534	0.000038
泻褉械邪褌懈胁	0.000328	0.127833	0.000042
泻褉械屑	0.001966	0.040822	0.000080
泻褉械屑邪	0.000655	0.116534	0.000076
泻褉械屑芯胁芯谐芯	0.000328	4.605170	0.001509
泻褉械屑芯屑	0.000328	2.659260	0.000871
泻褉械锌泻懈泄	0.000328	0.116534	0.000038
泻褉芯谢懈泻邪	0.000655	0.116534	0.000076
泻褉芯屑械	0.000328	0.061875	0.000020
泻褉芯褏懈	0.000328	0.116534	0.000038
泻褉褍邪褋褋邪薪褘	0.000328	3.506558	0.001149
泻褉褍谐褍	0.000655	0.116534	0.000076
泻褉褍锌	0.001966	0.116534	0.000229
泻褉褍锌邪	0.000328	0.127833	0.000042
泻褉褍锌褘	0.000655	0.127833	0.000084
泻褉褍锌褟薪褘械	0.000328	0.116534	0.000038
泻褍斜懈薪褋泻邪褟	0.000328	0.116534	0.000038
泻褍谢械褕	0.000328	0.040822	0.000013
泻褍谢懈薪邪褉懈懈	0.000983	0.094311	0.000093
泻褍谢懈薪邪褉薪邪褟	0.000328	0.116534	0.000038
泻褍谢懈薪邪褉薪芯械	0.000328	0.116534	0.000038
泻褍谢懈薪邪褉薪褍褞	0.000328	0.040822	0.000013
泻褍谢懈薪邪褉薪褘泄	0.000655	0.072571	0.000048
泻褍谢懈薪邪褉薪褘褏	0.000328	0.116534	0.000038
泻褍谢懈褔	0.000328	0.040822	0.000013
泻褍谢懈褔懈	0.000328	0.116534	0.000038
泻褍褉写褋泻邪褟	0.000328	0.116534	0.000038
泻褍褉懈薪芯谐芯	0.000328	0.116534	0.000038
泻褍褉懈薪芯械	0.001638	0.127833	0.000209
泻褍褉懈薪褘泄	0.000328	0.105361	0.000035
泻褍褉懈褑邪	0.000328	0.040822	0.000013
泻褍褉懈褑械泄	0.000328	2.407946	0.000789
泻褍褉懈褑褘	0.000983	0.116534	0.000115
泻褍褉芯褔泻芯泄	0.000328	0.116534	0.000038
泻褍褋泻褍褋	0.000328	0.040822	0.000013
泻褍褋芯褔泻懈	0.000983	2.525729	0.002483
泻褍褏薪械泄	0.000328	0.040822	0.000013
泻褍褏薪懈	0.000983	0.040822	0.000040
泻褍褏薪褟	0.000983	0.116534	0.000115
谢邪胁邪褕	0.000655	0.040822	0.000027
谢邪胁邪褕邪	0.001311	0.116534	0.000153
谢邪谐屑邪薪	0.000328	0.040822	0.000013
谢邪泻芯屑褋褌胁芯	0.000328	0.116534	0.000038
谢邪锌褕邪	0.000655	0.040822	0.000027
谢邪褌褘褕褋泻邪褟	0.000328	0.116534	0.000038
谢械胁懈褋胁懈谢谢	0.000328	4.605170	0.001509
谢械谐械薪写褘	0.000328	4.605170	0.001509
谢械谐泻邪褟	0.000328	0.116534	0.000038
谢械谐泻懈泄	0.000655	0.116534	0.000076
谢械谐泻芯	0.001966	0.116534	0.000229
谢械锌械褕泻懈	0.000655	0.040822	0.000027
谢械褋薪褘械	0.000983	3.912023	0.003845
谢械褌邪	0.000328	0.116534	0.000038
谢械褌薪懈械	0.000328	0.040822	0.000013
谢械褌薪褟褟	0.000328	0.116534	0.000038
谢械褌芯	0.001638	0.116534	0.000191
谢械褔芯	0.000328	0.040822	0.000013
谢懈谐邪	0.000983	0.116534	0.000115
谢懈泻械褉	0.000328	0.040822	0.000013
谢懈屑芯薪邪写	0.000655	0.040822	0.000027
谢懈屑芯薪薪懈泻	0.000328	4.605170	0.001509
谢懈屑芯薪薪褘泄	0.000328	0.798508	0.000262
谢懈褌芯胁褋泻	0.000328	0.127833	0.000042
谢懈褌芯胁褋泻邪褟	0.000328	0.116534	0.000038
谢懈褔薪芯	0.000328	2.995732	0.000982
谢懈褔薪褘械	0.000328	4.605170	0.001509
谢褍褔褕懈械	0.000328	0.116534	0.000038
谢褍褔褕懈泄	0.000655	0.040822	0.000027
谢褍褔褕懈褏	0.000328	0.116534	0.000038
谢褞斜胁懈	0.000328	0.105361	0.000035
谢褞斜懈屑芯谐芯	0.000328	0.127833	0.000042
谢褞斜懈屑芯屑褍	0.000328	0.116534	0.000038
谢褞斜懈屑褘褏	0.001966	0.116534	0.000229
谢褞斜芯胁褜	0.000328	0.116534	0.000038
谢褞斜芯泄	0.000328	0.116534	0.000038
谢褞斜褘械	0.000328	3.506558	0.001149
谢褢写	0.000328	0.127833	0.000042
屑邪谐褉懈斜邪	0.000328	0.116534	0.000038
屑邪泄	0.000328	0.116534	0.000038
屑邪泄芯薪械蟹	0.000328	0.116534	0.000038
屑邪泻邪褉芯薪薪褘械	0.000328	0.116534	0.000038
屑邪泻邪褉芯薪褘	0.000328	0.040822	0.000013
屑邪谢邪蟹懈泄褋泻邪褟	0.000328	0.116534	0.000038
屑邪薪薪懈泻	0.000328	0.040822	0.000013
屑邪薪褋邪褉写芯泄	0.000328	0.755023	0.000247
屑邪薪褌褘	0.000328	0.116534	0.000038
屑邪薪褢胁褉褘	0.000328	0.116534	0.000038
屑邪褉邪褎芯薪	0.000983	0.116534	0.000115
屑邪褉懈薪邪写	0.002949	0.040822	0.000120
屑邪褉懈薪邪写褘	0.000983	0.116534	0.000115
屑邪褉懈薪芯胁邪薪薪褘械	0.000328	0.116534	0.000038
屑邪褉屑械谢邪写	0.000328	0.040822	0.000013
屑邪褉芯泻泻邪薪褋泻邪褟	0.000328	0.116534	0.000038
屑邪褉褌邪	0.001638	0.105361	0.000173
屑邪褋泻邪褉锌芯薪械	0.000328	0.040822	0.000013
屑邪褋谢械薪懈褑邪	0.000983	0.040822	0.000040
屑邪褋谢械薪懈褔薪芯械	0.000328	0.116534	0.000038
屑邪褋谢芯	0.001966	0.116534	0.000229
屑邪褋谢芯屑	0.000328	0.116534	0.000038
屑邪褋褌械褉	0.002949	0.116534	0.000344
屑邪褋褌懈泻邪	0.000328	0.040822	0.000013
屑邪褋褌懈泻懈	0.000328	0.116534	0.000038
屑邪褎褎懈薪褘	0.000328	0.116534	0.000038
屑邪褏械械胁褗	0.001311	0.116534	0.000153
屑械写懈邪褎芯褉褌	0.000983	0.000000	0.000000
屑械写芯胁褘泄	0.000328	0.116534	0.000038
屑械泻褋懈泻邪薪褋泻邪褟	0.000328	0.116534	0.000038
屑械谢泻芯	0.000328	2.995732	0.000982
屑械薪褞	0.000328	0.116534	0.000038
屑械薪褟	0.000983	0.083382	0.000082
屑械薪褟械褌褋褟	0.000328	0.116534	0.000038
屑械褋泻懈褌	0.000328	3.912023	0.001282
屑械褔褌邪	0.000328	0.116534	0.000038
屑械褔褌褘	0.000655	0.040822	0.000027
屑懈写懈懈	0.000328	0.040822	0.000013
屑懈泻褉芯胁芯谢薪芯胁泻械	0.000328	0.116534	0.000038
屑懈谢褜械	0.000328	0.116534	0.000038
屑懈薪褍褌	0.002621	0.755023	0.001979
屑懈芯	0.000328	0.116534	0.000038
屑懈褉	0.000328	0.116534	0.000038
屑懈褉邪	0.000328	0.116534	0.000038
屑懈褉芯胁邪褟	0.000328	0.116534	0.000038
屑懈褋芯	0.000328	0.040822	0.000013
屑懈褋褌械褉懈褟	0.000328	0.116534	0.000038
屑懈褋褌褉邪谢褜	0.002294	0.116534	0.000267
屑薪芯卸械褋褌胁芯屑	0.000328	0.040822	0.000013
屑芯斜懈谢褜薪褘泄	0.000328	4.605170	0.001509
屑芯械	0.000328	0.116534	0.000038
屑芯卸械褌械	0.000983	0.000000	0.000000
屑芯泄	0.000328	0.105361	0.000035
屑芯谢写邪胁褋泻邪褟	0.000328	0.116534	0.000038
屑芯谢芯泻械	0.000328	0.105361	0.000035
屑芯谢芯泻芯	0.000328	0.116534	0.000038
屑芯谢芯褔薪褘泄	0.000655	0.040822	0.000027
屑芯谢芯褔薪褘褏	0.000328	0.116534	0.000038
屑芯屑械薪褌	0.000983	0.116534	0.000115
屑芯薪谐芯谢褜褋泻邪褟	0.000328	0.116534	0.000038
屑芯褉械	0.000328	0.116534	0.000038
屑芯褉械锌褉芯写褍泻褌芯胁	0.003604	0.040822	0.000147
屑芯褉械锌褉芯写褍泻褌褘	0.000655	0.116534	0.000076
屑芯褉泻芯胁褜	0.000328	0.040822	0.000013
屑芯褉芯卸械薪芯械	0.000983	0.040822	0.000040
屑芯褉褋	0.000328	0.040822	0.000013
屑芯褉褋褘	0.000328	0.116534	0.000038
屑芯褌芯褉	0.000328	0.116534	0.000038
屑芯褏懈褌芯	0.000328	0.040822	0.000013
屑芯褑邪褉械谢谢邪	0.002621	2.813411	0.007375
屑褍卸褋泻邪褟	0.000328	0.127833	0.000042
屑褍卸褔懈薪褘	0.000655	0.116534	0.000076
屑褍谢褜褌懈胁邪褉泻械	0.012451	0.116534	0.001451
屑褍谢褜褌懈锌械泻邪褉械泄	0.000983	0.116534	0.000115
屑褍褋褋	0.000328	0.040822	0.000013
屑褍褋褋褘	0.000655	0.116534	0.000076
屑褍褔薪褘械	0.000328	0.116534	0.000038
屑褞褋谢懈	0.000655	0.116534	0.000076
屑褟褋邪	0.002621	0.116534	0.000305
屑褟褋薪芯谐芯	0.000655	0.116534	0.000076
屑褟褋薪芯泄	0.000328	0.116534	0.000038
屑褟褋薪褘械	0.001638	0.040822	0.000067
屑褟褋薪褘褏	0.000983	0.116534	0.000115
屑褟褋芯	0.002621	0.040822	0.000107
屑褟褋芯屑	0.001638	0.040822	0.000067
屑褟褋褍	0.000655	0.116534	0.000076
薪邪斜懈褉邪褞	0.000328	4.605170	0.001509
薪邪胁械褉褏	0.000328	2.302585	0.000754
薪邪蟹邪写	0.000655	0.967584	0.000634
薪邪蟹薪邪褔械薪懈械	0.000328	2.407946	0.000789
薪邪蟹薪邪褔械薪懈褟	0.000655	0.116534	0.000076
薪邪谢懈胁泻邪	0.000328	0.040822	0.000013
薪邪锌懈褌泻懈	0.001966	0.040822	0.000080
薪邪锌懈褌芯泻	0.000328	0.040822	0.000013
薪邪锌褉懈屑械褉	0.000328	1.771957	0.000581
薪邪褉械蟹邪薪薪褘械	0.000328	3.912023	0.001282
薪邪褉械蟹邪薪薪褘泄	0.000328	3.218876	0.001055
薪邪褉械蟹邪褌褜	0.000328	2.525729	0.000828
薪邪褋褌芯泄泻邪	0.000328	0.040822	0.000013
薪邪褋褌芯褟褖懈械	0.000328	3.506558	0.001149
薪邪褋褌褉芯械薪懈械	0.000328	0.116534	0.000038
薪邪褑懈芯薪邪谢褜薪褘械	0.000328	0.116534	0.000038
薪邪褔懈薪泻邪	0.000655	0.040822	0.000027
薪邪褔懈薪泻芯泄	0.000655	0.116534	0.000076
薪邪褕	0.000328	2.525729	0.000828
薪邪褕械屑	0.000328	0.040822	0.000013
薪邪褕懈	0.000655	0.061875	0.000041
薪邪褕褍	0.000328	2.407946	0.000789
薪械写械谢褟	0.003277	0.061875	0.000203
薪械卸薪芯泄	0.000328	0.116534	0.000038
薪械谢褜蟹褟	0.000328	2.302585	0.000754
薪械屑械褑泻邪褟	0.000328	0.116534	0.000038
薪械芯卸懈写邪薪薪褘械	0.000655	0.116534	0.000076
薪械褋谢邪写泻芯械	0.000328	0.116534	0.000038
薪懈泻邪泻	0.000328	2.659260	0.000871
薪懈褏	0.000328	1.660731	0.000544
薪芯胁邪褟	0.000328	0.116534	0.000038
薪芯胁芯谐芯写薪械谐芯	0.001638	0.116534	0.000191
薪芯胁芯谐芯写薪械械	0.000983	0.116534	0.000115
薪芯胁芯谐芯写薪懈械	0.001966	0.040822	0.000080
薪芯胁芯谐芯写薪懈泄	0.002294	0.116534	0.000267
薪芯胁芯谐芯写薪褟褟	0.000328	0.105361	0.000035
薪芯胁芯褋褌褟褏	0.000328	0.061875	0.000020
薪芯胁褘械	0.000655	0.051293	0.000034
薪芯胁褘泄	0.002949	0.094311	0.000278
薪芯胁褘褏	0.000328	1.966113	0.000644
薪芯褉胁械卸褋泻邪褟	0.000328	0.116534	0.000038
薪褉邪胁褟褌褋褟	0.000328	1.771957	0.000581
芯斜械写	0.002621	0.105361	0.000276
芯斜械蟹褜褟薪褘	0.000328	0.116534	0.000038
芯斜褖邪褌褜褋褟	0.000328	0.040822	0.000013
芯斜褘褔薪芯	0.000328	1.714798	0.000562
芯斜褘褔薪褘械	0.000655	3.912023	0.002564
芯胁芯褖邪屑懈	0.000328	0.116534	0.000038
芯胁芯褖械泄	0.004587	0.105361	0.000483
芯胁芯褖懈	0.001966	0.094311	0.000185
芯胁芯褖薪邪褟	0.000328	0.040822	0.000013
芯胁芯褖薪芯械	0.000328	0.116534	0.000038
芯胁芯褖薪芯泄	0.000983	0.105361	0.000104
芯胁芯褖薪褘械	0.001638	0.040822	0.000067
芯胁褋褟薪芯械	0.000328	0.116534	0.000038
芯谐薪械	0.000328	2.659260	0.000871
芯谐薪械薪薪芯泄	0.000328	0.116534	0.000038
芯谐薪褟	0.000328	0.116534	0.000038
芯谐褍褉褑褘	0.000655	0.116534	0.000076
芯写薪芯泄	0.000328	1.237874	0.000406
芯写薪芯泻谢邪褋褋薪懈泻邪褏	0.000328	2.407946	0.000789
芯泄	0.000328	3.218876	0.001055
芯泻褉芯褕泻邪	0.000983	0.040822	0.000040
芯谢邪写褜懈	0.000983	0.040822	0.000040
芯谢械泄薪邪	0.000983	0.116534	0.000115
芯谢械泄薪芯泄	0.001311	0.116534	0.000153
芯谢械泄薪褘	0.000328	0.127833	0.000042
芯谢懈胁泻芯胁芯械	0.001311	0.544727	0.000714
芯屑谢械褌	0.000328	0.040822	0.000013
芯锌邪褉邪	0.000328	0.040822	0.000013
芯锌褉芯褋	0.000328	0.061875	0.000020
芯褋械薪薪械械	0.000328	0.116534	0.000038
芯褋械薪薪懈械	0.000328	0.051293	0.000017
芯褋械薪薪懈泄	0.000655	0.116534	0.000076
芯褋械薪薪褟褟	0.000328	4.605170	0.001509
芯褋械薪褜	0.003277	0.105361	0.000345
芯褋薪芯胁薪芯械	0.000328	0.040822	0.000013
芯褋褌邪胁懈褌褜	0.000655	2.302585	0.001509
芯褋褌邪胁谢褟褌褜	0.000328	1.897120	0.000622
芯褋褌邪械褌褋褟	0.000328	0.116534	0.000038
芯褌胁械褌	0.000328	2.040221	0.000668
芯褌胁械褌懈褌褜	0.000328	0.051293	0.000017
芯褌胁械褌芯胁	0.000328	0.051293	0.000017
芯褌胁械褌褘	0.000328	0.000000	0.000000
芯褌写械谢褜薪芯泄	0.000328	3.912023	0.001282
芯褌写芯褏薪褍褌褜	0.000328	3.912023	0.001282
芯褌写褘褏邪	0.000328	3.218876	0.001055
芯褌蟹褘胁	0.000328	2.302585	0.000754
芯褌蟹褘胁褘	0.000983	2.207275	0.002170
芯褌泻褉褘褌褘泄	0.000655	0.116534	0.000076
芯褌屑械薪懈褌褜	0.000983	0.040822	0.000040
芯褌锌褉邪胁懈褌褜	0.000328	4.605170	0.001509
芯褌褉褘胁邪谢	0.000328	4.605170	0.001509
芯褏谢邪写懈褌褜	0.000328	0.116534	0.000038
芯褔械褉械写懈	0.000328	3.506558	0.001149
芯褔懈褖械薪薪褘械	0.000328	3.912023	0.001282
芯褕懈斜邪褞褋褜	0.000328	3.912023	0.001282
锌邪泻械褌懈泻邪褏	0.000328	0.105361	0.000035
锌邪谢芯褔泻懈	0.000328	0.040822	0.000013
锌邪薪懈褉芯胁泻邪	0.002621	0.116534	0.000305
锌邪褉邪	0.000328	0.116534	0.000038
锌邪褉邪写	0.002294	0.116534	0.000267
锌邪褉芯胁邪褉泻械	0.002949	0.116534	0.000344
锌邪褉芯谢褜	0.000328	0.020203	0.000007
锌邪褉芯谢褟	0.000328	2.120264	0.000695
锌邪褋褌邪	0.000983	0.040822	0.000040
锌邪褋褌褉芯屑邪	0.000328	0.040822	0.000013
锌邪褋褏邪	0.000655	0.040822	0.000027
锌邪褋褏邪谢褜薪邪褟	0.000655	0.116534	0.000076
锌邪褋褏邪谢褜薪褘泄	0.000328	0.127833	0.000042
锌邪褕褌械褌	0.000328	0.040822	0.000013
锌邪褕褌械褌褘	0.000655	0.116534	0.000076
锌械泻邪褉褟	0.000328	0.127833	0.000042
锌械谢褜屑械薪懈	0.000328	0.116534	0.000038
锌械褉胁芯械	0.000655	0.040822	0.000027
锌械褉胁褘械	0.000328	0.127833	0.000042
锌械褉胁褘屑	0.000328	0.116534	0.000038
锌械褉械泄褌懈	0.000328	0.040822	0.000013
锌械褉械泻褍褋	0.000655	0.116534	0.000076
锌械褉械褑	0.000328	0.040822	0.000013
锌械褉褋芯薪褘	0.000328	0.116534	0.000038
锌械褉褍邪薪褋泻邪褟	0.000328	0.116534	0.000038
锌械褋芯褔薪芯械	0.000655	0.105361	0.000069
锌械褋芯褔薪褘泄	0.000328	0.116534	0.000038
锌械褌械谢懈薪泻懈	0.000328	0.127833	0.000042
锌械褔邪褌懈	0.000328	2.407946	0.000789
锌械褔械薪芯褔薪褘泄	0.000328	0.040822	0.000013
锌械褔械薪褜械	0.002949	0.040822	0.000120
锌械褔懈	0.000328	0.127833	0.000042
锌懈胁芯	0.000328	0.116534	0.000038
锌懈泻邪薪褌褘	0.000328	0.127833	0.000042
锌懈泻薪懈泻	0.000655	0.116534	0.000076
锌懈泻薪懈泻邪	0.000328	0.116534	0.000038
锌懈泻薪懈泻褍	0.000328	0.105361	0.000035
锌懈褉	0.000328	0.116534	0.000038
锌懈褉芯谐	0.008191	0.040822	0.000334
锌懈褉芯谐懈	0.000328	0.105361	0.000035
锌懈褉芯卸泻懈	0.000655	0.040822	0.000027
锌懈褉芯卸薪芯械	0.000328	0.040822	0.000013
锌懈褉芯卸薪褘械	0.000328	0.116534	0.000038
锌懈褌邪薪懈械	0.001638	0.105361	0.000173
锌懈褑褑邪	0.000655	0.040822	0.000027
锌懈褖械胁邪褟	0.000328	2.407946	0.000789
锌谢邪屑褟	0.000328	0.116534	0.000038
锌谢懈褌邪	0.001311	0.127833	0.000168
锌谢芯胁	0.000328	0.116534	0.000038
锌谢芯写褘	0.000328	0.116534	0.000038
锌芯胁邪褉械薪泻械	0.000328	0.040822	0.000013
锌芯胁邪褉械薪芯泻	0.000655	0.061875	0.000041
锌芯胁邪褉褟褌	0.000328	0.116534	0.000038
锌芯胁邪褉褟褌邪屑懈	0.000328	0.040822	0.000013
锌芯胁邪褉褢薪泻邪	0.000655	0.116534	0.000076
锌芯胁懈写谢芯	0.000328	0.040822	0.000013
锌芯写邪胁邪褌褜	0.000328	2.120264	0.000695
锌芯写邪褉泻芯胁	0.000328	0.116534	0.000038
锌芯写械谢懈褌褜褋褟	0.000328	0.478036	0.000157
锌芯写谢懈胁邪	0.000328	0.116534	0.000038
锌芯写谢懈胁泻邪	0.000328	0.040822	0.000013
锌芯写锌懈褋邪褌褜褋褟	0.000328	0.040822	0.000013
锌芯写锌懈褋褘胁邪泄褌械褋褜	0.000328	2.407946	0.000789
锌芯写锌懈褕懈褌械褋褜	0.000655	0.040822	0.000027
锌芯械写懈薪泻懈	0.004587	0.116534	0.000535
锌芯蟹邪胁褔械褉邪	0.001311	2.813411	0.003687
锌芯蟹写褉邪胁褜	0.000328	0.116534	0.000038
锌芯懈褋泻	0.000328	0.051293	0.000017
锌芯泻邪蟹邪褌褜	0.000328	1.714798	0.000562
锌芯谢写薪懈泻	0.000655	0.116534	0.000076
锌芯谢械蟹薪芯	0.000328	0.116534	0.000038
锌芯谢懈褌懈泻芯泄	0.000328	0.040822	0.000013
锌芯谢薪芯褋褌褜褞	0.000655	1.347074	0.000883
锌芯谢芯胁懈薪邪	0.002621	0.116534	0.000305
锌芯谢褌芯褉邪	0.000328	2.525729	0.000828
锌芯谢褍褔邪械褌褋褟	0.001311	0.400478	0.000525
锌芯谢褍褔邪泄褌械	0.000983	0.040822	0.000040
锌芯谢褍褔邪褌褜	0.000328	0.040822	0.000013
锌芯谢褜蟹邪	0.000328	0.127833	0.000042
锌芯谢褜蟹芯胁邪褌械谢懈	0.000328	2.120264	0.000695
锌芯谢褜蟹芯泄	0.001311	0.116534	0.000153
锌芯谢褜褋泻邪褟	0.000328	0.116534	0.000038
锌芯屑邪写泻邪	0.000655	0.040822	0.000027
锌芯屑邪写泻懈	0.000328	0.116534	0.000038
锌芯屑懈写芯褉泻懈	0.000328	0.127833	0.000042
锌芯屑懈写芯褉褘	0.000655	0.116534	0.000076
锌芯薪褉邪胁懈胁褕懈械褋褟	0.000328	0.040822	0.000013
锌芯薪褉邪胁懈谢芯褋褜	0.000328	1.514128	0.000496
锌芯薪褔懈泻懈	0.000655	0.040822	0.000027
锌芯褉邪	0.000655	0.116534	0.000076
锌芯褉械蟹邪薪薪褘褏	0.000328	4.605170	0.001509
锌芯褉褌芯斜械谢谢芯	0.000655	4.605170	0.003018
锌芯褉褌褍谐邪谢褜褋泻邪褟	0.000328	0.116534	0.000038
锌芯褉褑懈懈	0.000328	2.120264	0.000695
锌芯褉褑懈泄	0.000328	2.813411	0.000922
锌芯褋械褖邪械褌械	0.000328	0.061875	0.000020
锌芯褋屑芯褌褉械谢	0.000328	4.605170	0.001509
锌芯褋褌	0.001638	0.105361	0.000173
锌芯褋褌薪芯械	0.000328	0.116534	0.000038
锌芯褋褌薪褘械	0.000328	0.040822	0.000013
锌芯褋褌薪褘泄	0.000328	0.116534	0.000038
锌芯褋褌芯褟薪薪芯	0.000328	0.040822	0.000013
锌芯褋褌褉芯懈屑	0.000328	0.116534	0.000038
锌芯褋褍写邪	0.000655	0.094311	0.000062
锌芯褋褘锌邪械褌褋褟	0.001311	3.912023	0.005127
锌芯褋褘锌邪褌褜	0.000328	3.912023	0.001282
锌芯褏芯卸懈械	0.000328	1.832581	0.000600
锌芯褔褌褍	0.000655	0.040822	0.000027
锌芯褕邪谐芯胁褘屑懈	0.000328	0.040822	0.000013
锌褉邪胁懈谢褜薪芯	0.000328	2.040221	0.000668
锌褉邪蟹写薪懈泻邪	0.000328	0.116534	0.000038
锌褉邪蟹写薪懈褔薪芯	0.000328	0.116534	0.000038
锌褉邪蟹写薪懈褔薪芯谐芯	0.000328	0.116534	0.000038
锌褉邪蟹写薪懈褔薪褘泄	0.000328	0.116534	0.000038
锌褉邪泻褌懈泻褍屑	0.000328	0.116534	0.000038
锌褉械胁芯褋褏芯写薪褘械	0.000328	0.116534	0.000038
锌褉械胁褉邪褖械薪懈褟	0.000328	0.116534	0.000038
锌褉械褋薪芯械	0.000328	0.116534	0.000038
锌褉懈谐芯褌芯胁懈屑	0.000328	0.116534	0.000038
锌褉懈谐芯褌芯胁谢械薪懈械	0.000328	0.105361	0.000035
锌褉懈谐芯褌芯胁谢械薪懈褞	0.000328	0.040822	0.000013
锌褉懈谐芯褌芯胁谢械薪懈褟	0.000328	0.371064	0.000122
锌褉懈蟹薪邪薪懈械	0.000328	0.116534	0.000038
锌褉懈蟹芯胁	0.000328	0.040822	0.000013
锌褉懈薪芯褕褍	0.000328	2.302585	0.000754
锌褉懈锌褉邪胁邪	0.000328	0.040822	0.000013
锌褉懈褉芯写褍	0.000655	0.116534	0.000076
锌褉懈褉芯写褘	0.000328	0.116534	0.000038
锌褉懈褋褌褍锌懈褌褜	0.000328	0.040822	0.000013
锌褉懈褟褌薪芯谐芯	0.000328	2.525729	0.000828
锌褉芯胁械写懈	0.001311	0.116534	0.000153
锌褉芯胁械褉械薪芯	0.001966	0.116534	0.000229
锌褉芯胁芯写懈屑褘褏	0.000328	0.040822	0.000013
锌褉芯胁芯卸邪械屑	0.000328	0.116534	0.000038
锌褉芯写褍泻褌芯胁	0.000328	0.094311	0.000031
锌褉芯械泻褌芯胁	0.000328	0.116534	0.000038
锌褉芯械泻褌褘	0.000328	0.061875	0.000020
锌褉芯褋褌芯	0.002294	0.083382	0.000191
锌褉芯褋褌芯泻胁邪褕邪	0.000328	0.040822	0.000013
锌褉芯褎懈谢褜	0.000328	0.040822	0.000013
锌褉褟屑芯	0.000328	0.040822	0.000013
锌褉褟屑芯褍谐芯谢褜薪懈泻	0.000655	4.605170	0.003018
锌褉褟薪懈泻	0.000328	0.040822	0.000013
锌褉褟薪懈泻懈	0.000328	0.116534	0.000038
锌褉褟薪懈褔薪芯械	0.000328	0.116534	0.000038
锌褌懈褑邪	0.001638	0.116534	0.000191
锌褌懈褑械	0.000655	0.116534	0.000076
锌褌懈褑械泄	0.000328	0.127833	0.000042
锌褌懈褑褘	0.003604	0.116534	0.000420
锌褍写懈薪谐	0.000328	0.040822	0.000013
锌褍写懈薪谐懈	0.000655	0.116534	0.000076
锌褍薪褕	0.000328	0.040822	0.000013
锌褍褌械褕械褋褌胁懈械	0.000655	0.116534	0.000076
锌褍褌褜	0.000328	0.116534	0.000038
锌褘褕泻懈	0.000328	0.040822	0.000013
锌褞褉械	0.001311	0.040822	0.000054
褉邪谐褍	0.000328	0.116534	0.000038
褉邪蟹邪	0.000328	2.407946	0.000789
褉邪蟹胁械褉薪褍褌褜	0.000328	0.116534	0.000038
褉邪蟹写械谢懈谢邪	0.000328	4.605170	0.001509
褉邪蟹写械谢褜薪芯械	0.000328	0.116534	0.000038
褉邪蟹屑械褉	0.000328	4.605170	0.001509
褉邪蟹薪褘械	0.000328	0.116534	0.000038
褉邪蟹芯谐褉械泄褌械	0.000328	4.605170	0.001509
褉邪蟹芯谐褉械褌褜	0.000328	2.525729	0.000828
褉邪褋褋芯谢褜薪懈泻	0.000655	0.040822	0.000027
褉邪褋褋芯谢褜薪懈泻邪	0.000328	0.116534	0.000038
褉邪褋褋褘谢泻懈	0.000328	0.061875	0.000020
褉械谐懈褋褌褉邪褑懈懈	0.000983	0.010050	0.000010
褉械谐懈褋褌褉邪褑懈褟	0.000328	0.000000	0.000000
褉械谐懈褋褌褉懈褉芯胁邪谢懈褋褜	0.000328	2.302585	0.000754
褉械泻谢邪屑械	0.000328	4.605170	0.001509
褉械褑械锌褌	0.005242	0.040822	0.000214
褉械褑械锌褌邪	0.000655	0.462035	0.000303
褉械褑械锌褌邪褏	0.000328	0.061875	0.000020
褉械褑械锌褌械	0.000328	1.171183	0.000384
褉械褑械锌褌芯胁	0.002294	0.040822	0.000094
褉械褑械锌褌芯屑	0.000328	0.693147	0.000227
褉械褑械锌褌褍	0.000655	0.891598	0.000584
褉械褑械锌褌褘	0.024246	0.040822	0.000990
褉懈褋	0.001311	0.040822	0.000054
褉懈褋邪	0.000328	0.116534	0.000038
褉懈褌屑械	0.000328	0.116534	0.000038
褉芯谐邪谢懈泻懈	0.000328	0.040822	0.000013
褉芯写薪芯械	0.000328	0.116534	0.000038
褉芯卸写械薪懈褟	0.000328	0.105361	0.000035
褉芯卸写械褋褌胁芯	0.000328	0.116534	0.000038
褉芯蟹屑邪褉懈薪	0.001638	1.609438	0.002637
褉芯谢谢械	0.000328	3.506558	0.001149
褉芯谢谢褌芯薪	0.000328	0.116534	0.000038
褉芯谢谢褘	0.000655	0.040822	0.000027
褉芯屑	0.000328	0.040822	0.000013
褉褌褍	0.001311	1.469676	0.001926
褉褍斜褉懈泻邪褌芯褉	0.000328	0.051293	0.000017
褉褍泻邪褏	0.000328	4.605170	0.001509
褉褍谢械褌	0.000328	0.040822	0.000013
褉褍谢械褌褘	0.003277	0.116534	0.000382
褉褍屑褘薪褋泻邪褟	0.000328	0.116534	0.000038
褉褍屑褟薪褘械	0.000328	0.116534	0.000038
褉褍薪械褌械	0.000328	0.020203	0.000007
褉褍褋褋泻邪褟	0.000328	0.116534	0.000038
褉褘斜邪	0.002949	0.040822	0.000120
褉褘斜械	0.000655	0.116534	0.000076
褉褘斜薪邪褟	0.000328	0.116534	0.000038
褉褘斜薪芯谐芯	0.000655	0.116534	0.000076
褉褘斜薪褘械	0.001311	0.116534	0.000153
褉褘斜薪褘泄	0.000655	0.116534	0.000076
褉褘斜薪褘褏	0.000328	0.116534	0.000038
褉褘斜芯泄	0.000655	0.116534	0.000076
褉褘斜褘	0.003932	0.116534	0.000458
褉褟卸械薪泻邪	0.000328	0.116534	0.000038
褋邪泄褌	0.001311	0.000000	0.000000
褋邪泄褌邪	0.000328	1.108663	0.000363
褋邪泄褌邪褏	0.000328	2.120264	0.000695
褋邪泄褌褍	0.000655	0.061875	0.000041
褋邪谢邪褌	0.000328	0.094311	0.000031
褋邪谢邪褌薪邪褟	0.000328	0.116534	0.000038
褋邪谢邪褌褘	0.010157	0.040822	0.000415
褋邪屑芯谐芯薪	0.000328	0.040822	0.000013
褋邪屑褘褏	0.000655	0.116534	0.000076
褋邪薪褎芯褉写	0.000328	4.605170	0.001509
褋邪褎	0.000983	0.116534	0.000115
褋邪褎褋械屑	0.000328	0.116534	0.000038
褋邪褏邪褉	0.000655	0.116534	0.000076
褋斜懈褌械薪褜	0.000328	0.040822	0.000013
褋胁械卸械褋褌褜	0.000328	0.105361	0.000035
褋胁械泻谢邪	0.000328	0.040822	0.000013
褋胁械泻芯谢褜薪懈泻	0.000655	0.040822	0.000027
褋胁械褌邪	0.001311	0.116534	0.000153
褋胁械褌芯屑	0.000328	3.912023	0.001282
褋胁懈薪懈薪邪	0.000328	0.040822	0.000013
褋胁懈薪懈薪褘	0.001311	0.116534	0.000153
褋胁芯械	0.000328	0.116534	0.000038
褋胁芯械泄	0.000328	1.347074	0.000441
褋胁芯械屑	0.000328	0.040822	0.000013
褋胁芯懈屑	0.000328	0.040822	0.000013
褋胁芯褞	0.000328	0.040822	0.000013
褋谐褍褖械薪泻邪	0.000328	0.040822	0.000013
褋械蟹芯薪	0.000328	0.116534	0.000038
褋械泄褔邪褋	0.000328	0.030459	0.000010
褋械泻褉械褌褘	0.000655	0.116534	0.000076
褋械谢械写泻邪	0.000328	0.040822	0.000013
褋械屑谐邪	0.000328	0.040822	0.000013
褋械屑械泄薪褘泄	0.000328	0.116534	0.000038
褋械屑褜懈	0.000328	0.116534	0.000038
褋械褉芯褕谢褟锌薪褘泄	0.000328	4.605170	0.001509
褋懈写褉	0.000328	0.040822	0.000013
褋懈谢褜薪械械	0.000328	4.605170	0.001509
褋懈褉懈泄褋泻邪褟	0.000328	0.116534	0.000038
褋懈褉芯锌	0.000328	0.040822	0.000013
褋懈褉芯锌褘	0.000328	0.116534	0.000038
褋懈褋褌械屑褘	0.000328	0.040822	0.000013
褋懈褌懈	0.000328	0.127833	0.000042
褋泻邪蟹芯泻	0.000328	0.116534	0.000038
褋泻芯胁芯褉芯写械	0.000328	1.560648	0.000511
褋谢邪写泻邪褟	0.000655	0.116534	0.000076
褋谢邪写泻懈械	0.001966	0.040822	0.000080
褋谢邪写泻懈泄	0.002949	0.105361	0.000311
褋谢邪写泻懈褏	0.000655	0.116534	0.000076
褋谢邪写泻芯	0.000328	0.116534	0.000038
褋谢械写褍褞褖懈褏	0.000328	2.207275	0.000723
褋谢懈胁芯褔薪芯	0.001311	2.995732	0.003926
褋谢懈胁芯褔薪芯械	0.000328	0.116534	0.000038
褋谢芯械薪芯谐芯	0.000328	0.127833	0.000042
褋谢芯械薪芯械	0.001638	0.116534	0.000191
褋谢芯械薪褘械	0.000983	2.995732	0.002945
褋谢芯械薪褘泄	0.000328	0.116534	0.000038
褋谢芯泄泻邪	0.000655	0.040822	0.000027
褋谢芯泄泻懈	0.002294	0.116534	0.000267
褋屑	0.000655	2.040221	0.001337
褋屑械褋懈	0.001311	2.995732	0.003926
褋屑械褋褜	0.000328	1.660731	0.000544
褋屑械褌邪薪邪	0.000328	0.105361	0.000035
褋屑械褕邪薪薪芯谐芯	0.000328	0.116534	0.000038
褋屑械褕邪褌褜	0.000328	2.995732	0.000982
褋屑芯卸械褌械	0.000328	0.040822	0.000013
褋屑褍蟹懈	0.000983	0.040822	0.000040
褋薪褝泻	0.000328	0.116534	0.000038
褋芯斜懈褉邪械褌械褋褜	0.000328	0.040822	0.000013
褋芯斜懈褉邪谢	0.000328	4.605170	0.001509
褋芯胁械褉褕械薪褋褌胁芯	0.001638	0.116534	0.000191
褋芯胁械褌邪屑懈	0.000328	0.040822	0.000013
褋芯谐谢邪褕邪械褌械褋褜	0.000328	0.040822	0.000013
褋芯蟹写邪械褌	0.000328	0.116534	0.000038
褋芯泻	0.000328	0.116534	0.000038
褋芯泻邪	0.000328	0.105361	0.000035
褋芯泻懈	0.000328	0.040822	0.000013
褋芯谢械薪褘械	0.000983	0.116534	0.000115
褋芯谢械薪褜褟	0.000655	0.116534	0.000076
褋芯谢薪械褔薪芯泄	0.000328	0.127833	0.000042
褋芯谢褜	0.001638	0.150823	0.000247
褋芯谢褟薪泻邪	0.000655	0.040822	0.000027
褋芯褋懈褋泻懈	0.000328	3.218876	0.001055
褋芯褋褌邪胁褜	0.000328	0.116534	0.000038
褋芯褍褋	0.002621	0.040822	0.000107
褋芯褍褋芯屑	0.001638	0.116534	0.000191
褋芯褍褋褘	0.001311	0.116534	0.000153
褋芯褏褉邪薪褟褌褜	0.000328	0.040822	0.000013
褋芯褑褋械褌懈	0.000655	0.040822	0.000027
褋芯褔械褌邪薪懈械	0.000328	0.116534	0.000038
褋芯褔薪芯械	0.000328	0.116534	0.000038
褋芯褔薪芯泄	0.000328	2.813411	0.000922
褋芯褔薪褘屑	0.001311	2.302585	0.003018
褋锌邪谢褜薪褟屑懈	0.000328	0.446287	0.000146
褋锌邪褋懈斜芯	0.000655	0.673345	0.000441
褋锌械褑懈邪谢褜薪芯械	0.000328	0.116534	0.000038
褋锌械褑懈懈	0.000328	0.105361	0.000035
褋锌械褑锌褉芯械泻褌	0.010813	0.116534	0.001260
褋锌懈褋芯泻	0.000328	0.116534	0.000038
褋锌芯褋芯斜	0.000328	1.427116	0.000468
褋锌芯褞	0.000328	0.116534	0.000038
褋褉械写懈蟹械屑薪芯屑芯褉褋泻邪褟	0.000328	0.127833	0.000042
褋褉械写薪械屑	0.000328	3.506558	0.001149
褋褌	0.000328	2.659260	0.000871
褋褌邪褌褜褟褏	0.000328	0.061875	0.000020
褋褌械锌懈	0.000328	2.302585	0.000754
褋褌懈谢械	0.000328	0.116534	0.000038
褋褌懈谢褟	0.000328	0.116534	0.000038
褋褌芯谢	0.000655	0.105361	0.000069
褋褌芯谢邪	0.001966	0.116534	0.000229
褋褌褉芯懈褌械谢褜褋褌胁械	0.000328	0.040822	0.000013
褋褌褉芯懈褌械谢褜褋褌胁褍	0.000328	0.040822	0.000013
褋褌褉芯懈褌褜	0.000328	0.040822	0.000013
褋褌褉芯泄薪芯泄	0.000328	0.116534	0.000038
褋褍斜锌褉芯写褍泻褌芯胁	0.002294	0.116534	0.000267
褋褍斜锌褉芯写褍泻褌褘	0.000983	0.116534	0.000115
褋褍写褟	0.000328	4.605170	0.001509
褋褍锌	0.002949	0.040822	0.000120
褋褍锌邪	0.000328	0.040822	0.000013
褋褍锌褘	0.002949	0.040822	0.000120
褋褍褎谢械	0.000983	0.040822	0.000040
褋褍褏邪褉懈	0.000328	0.040822	0.000013
褋褍褕懈	0.000655	0.040822	0.000027
褋褘褉	0.000983	0.040822	0.000040
褋褘褉邪	0.001638	0.116534	0.000191
褋褘褉邪屑懈	0.000328	0.127833	0.000042
褋褘褉薪懈泻	0.000328	0.040822	0.000013
褋褘褉薪懈泻懈	0.000655	0.116534	0.000076
褋褘褉薪褘械	0.001311	0.040822	0.000054
褋褘褉薪褘泄	0.000328	2.407946	0.000789
褋褘褉芯屑	0.001966	0.713350	0.001402
褋褘褌薪褘泄	0.000983	0.105361	0.000104
褋褘褔褍卸薪褘屑懈	0.000328	0.127833	0.000042
褋褝薪写胁懈褔懈	0.000328	0.127833	0.000042
褋褞褉锌褉懈蟹	0.000328	0.116534	0.000038
褌邪写卸懈泻褋泻邪褟	0.000328	0.116534	0.000038
褌邪械褌	0.001311	2.120264	0.002779
褌邪泄褋泻邪褟	0.000328	0.116534	0.000038
褌邪泻懈屑	0.001311	1.021651	0.001339
褌邪褉褌	0.000328	0.116534	0.000038
褌邪褉褌邪谢械褌泻懈	0.000655	0.040822	0.000027
褌邪褌邪褉褋泻邪褟	0.000328	0.116534	0.000038
褌胁芯懈	0.000655	0.116534	0.000076
褌胁芯褉懈	0.000328	0.116534	0.000038
褌胁芯褉芯谐	0.000655	0.040822	0.000027
褌胁芯褉芯谐芯屑	0.000655	0.105361	0.000069
褌胁芯褉芯卸薪芯械	0.000328	0.116534	0.000038
褌胁芯褉芯卸薪褘械	0.000655	0.116534	0.000076
褌胁芯褉芯卸薪褘泄	0.000328	0.116534	0.000038
褌械谐懈	0.000328	2.407946	0.000789
褌械谢械谐褉邪屑	0.000328	0.040822	0.000013
褌械谢褟褌懈薪褘	0.001311	0.116534	0.000153
褌械锌谢芯屑	0.000328	0.116534	0.000038
褌械褉褉邪褋邪屑懈	0.000328	4.605170	0.001509
褌械褉褉懈薪	0.000328	0.040822	0.000013
褌械褋褌	0.001638	0.127833	0.000209
褌械褋褌邪	0.003277	0.105361	0.000345
褌械褋褌芯	0.004915	0.040822	0.000201
褌械褏薪懈泻邪	0.001638	0.105361	0.000173
褌械褖懈薪	0.000328	0.040822	0.000013
褌屑	0.001311	0.127833	0.000168
褌芯锌谢械薪芯械	0.000328	0.116534	0.000038
褌芯褉褌	0.003604	0.040822	0.000147
褌芯褉褌褘	0.002949	0.116534	0.000344
褌褉邪胁褘	0.000328	0.105361	0.000035
褌褉邪写懈褑懈懈	0.000328	0.116534	0.000038
褌褉邪写懈褑懈泄	0.001311	0.116534	0.000153
褌褉邪写懈褑懈褟褏	0.000328	0.116534	0.000038
褌褉械褏谢械褌懈械屑	0.000328	0.116534	0.000038
褌褉褍斜芯褔泻懈	0.000328	0.040822	0.000013
褌褍薪懈褋褋泻邪褟	0.000328	0.116534	0.000038
褌褍薪褑芯屑	0.000328	0.116534	0.000038
褌褍褉械褑泻邪褟	0.000328	0.116534	0.000038
褌褘泻胁邪	0.000328	0.040822	0.000013
褌褝谐懈	0.001311	2.407946	0.003156
褍胁械写芯屑谢械薪懈褟	0.000328	0.040822	0.000013
褍谐谢械胁芯写褘	0.000983	2.407946	0.002367
褍写邪褔薪邪褟	0.000328	0.116534	0.000038
褍写懈胁懈	0.000328	0.116534	0.000038
褍写懈胁谢褟泄褌械	0.001311	0.116534	0.000153
褍写芯斜褋褌胁邪	0.000328	3.912023	0.001282
褍写芯胁芯谢褜褋褌胁懈械屑	0.000328	0.116534	0.000038
褍卸懈薪	0.003604	0.094311	0.000340
褍蟹斜械泻褋泻邪褟	0.000328	0.116534	0.000038
褍泻邪蟹邪褌褜	0.000328	4.605170	0.001509
褍泻褉邪懈薪褋泻邪褟	0.000328	0.116534	0.000038
褍泻褉邪褕械薪懈褟	0.002621	0.116534	0.000305
褍锌芯褌褉械斜谢械薪懈械屑	0.000328	0.116534	0.000038
褍褉邪谢褜褋泻邪褟	0.000328	0.116534	0.000038
褍褉芯胁薪褟	0.000328	2.302585	0.000754
褍褉芯卸邪泄	0.000328	0.105361	0.000035
褍褌泻懈	0.000983	0.116534	0.000115
褍褏邪	0.000328	0.040822	0.000013
褍褔邪褋褌胁芯胁邪褌褜	0.000328	0.040822	0.000013
褍褔械褌薪芯泄	0.000328	2.302585	0.000754
褎邪蟹械薪写褘	0.000328	0.127833	0.000042
褎邪薪褌邪蟹懈懈	0.001966	0.116534	0.000229
褎邪薪褌邪蟹懈泄	0.000328	0.116534	0.000038
褎邪薪褌邪蟹懈褟	0.000328	0.116534	0.000038
褎邪褉褕邪	0.004260	0.040822	0.000174
褎邪褉褕懈褉芯胁邪薪薪邪褟	0.000655	0.116534	0.000076
褎邪褉褕懈褉芯胁邪薪薪芯械	0.000328	0.116534	0.000038
褎邪褉褕懈褉芯胁邪薪薪褘械	0.000655	0.040822	0.000027
褎邪褉褕懈褉芯胁邪薪薪褘泄	0.000328	0.040822	0.000013
褎邪褉褕懈褉芯胁泻懈	0.000328	4.605170	0.001509
褎邪褋芯谢褜	0.000328	0.040822	0.000013
褎械胁褉邪谢褟	0.000655	0.105361	0.000069
褎械泄械褉胁械褉泻	0.000655	0.116534	0.000076
褎懈谐褍褉械	0.000328	0.116534	0.000038
褎懈谢芯	0.000328	4.605170	0.001509
褎懈薪褋泻邪褟	0.000328	0.116534	0.000038
褎懈褉屑械薪薪芯械	0.000328	0.116534	0.000038
褎芯薪写褞	0.000328	0.040822	0.000013
褎芯褉屑褘	0.000328	0.116534	0.000038
褎芯褉薪械褌褌懈	0.000328	4.605170	0.001509
褎芯褉褍屑邪	0.000328	1.832581	0.000600
褎芯褉褍屑邪褏	0.000328	2.407946	0.000789
褎芯褉褍屑械	0.000655	0.040822	0.000027
褎芯褉褕屑邪泻	0.000328	0.040822	0.000013
褎褉邪薪褑懈懈	0.000328	0.116534	0.000038
褎褉邪薪褑褍蟹褋泻邪褟	0.000328	0.116534	0.000038
褎褉邪褍	0.001311	0.116534	0.000153
褎褉械褕	0.001638	3.506558	0.005745
褎褉褍泻褌	0.000328	4.605170	0.001509
褎褉褍泻褌芯胁	0.001311	0.116534	0.000153
褎褉褍泻褌芯胁芯	0.000328	0.116534	0.000038
褎褉褍泻褌芯胁褘械	0.002294	0.040822	0.000094
褎褍写	0.000328	0.116534	0.000038
褎褍褉褕械褌	0.000328	0.116534	0.000038
褏邪谢胁邪	0.000328	0.040822	0.000013
褏邪褉胁械褋褌褎械褋褌	0.000655	0.116534	0.000076
褏邪褉褔芯	0.000655	0.040822	0.000027
褏邪褕	0.000328	0.040822	0.000013
褏胁芯褉芯褋褌	0.000328	0.040822	0.000013
褏懈薪泻邪谢懈	0.000328	0.116534	0.000038
褏懈褌	0.002294	0.116534	0.000267
褏谢械斜	0.000983	0.040822	0.000040
褏谢械斜芯锌械褔泻懈	0.000328	0.116534	0.000038
褏谢芯锌褜褟	0.000655	0.105361	0.000069
褏芯蟹褟泄泻懈	0.000328	0.127833	0.000042
褏芯谢芯写械褑	0.000328	0.040822	0.000013
褏芯谢芯写薪褘械	0.000655	0.116534	0.000076
褏芯谢芯写薪褘泄	0.000655	0.116534	0.000076
褏芯褉胁邪褌褋泻邪褟	0.000328	0.116534	0.000038
褏芯褉芯褕芯	0.001638	0.105361	0.000173
褏芯褉褋	0.000328	0.116534	0.000038
褏芯褌懈褌械	0.000328	0.040822	0.000013
褏褉褞	0.000655	4.605170	0.003018
褏褍屑褍褋	0.000328	0.040822	0.000013
褑邪褉褋褌胁芯	0.000328	0.127833	0.000042
褑邪褉褜	0.000328	0.116534	0.000038
褑胁械褌邪	0.000655	2.525729	0.001655
褑胁械褌薪邪褟	0.000328	0.040822	0.000013
褑械谢褘褏	0.000328	2.207275	0.000723
褑械薪薪芯褋褌褜	0.000328	2.407946	0.000789
褑械薪薪褘褏	0.000328	0.040822	0.000013
褑械薪褌褉	0.000328	0.116534	0.000038
褑懈褌邪褌邪	0.000328	2.302585	0.000754
褔邪械屑	0.000328	0.116534	0.000038
褔邪泄	0.000983	0.040822	0.000040
褔邪褋邪	0.000328	1.514128	0.000496
褔邪褋芯胁	0.000328	2.040221	0.000668
褔邪褋褌懈	0.000328	3.506558	0.001149
褔械斜褍褉械泻懈	0.000655	0.040822	0.000027
褔械谢芯胁械泻	0.000328	1.966113	0.000644
褔械褉泻懈蟹芯胁芯	0.000655	0.116534	0.000076
褔械褋薪芯泻	0.001638	0.314711	0.000516
褔械褋薪芯褔薪褘泄	0.000328	1.660731	0.000544
褔械褋褌薪褘屑懈	0.000328	0.040822	0.000013
褔械褔械胁懈褑邪	0.000328	0.040822	0.000013
褔械褕褋泻邪褟	0.000328	0.116534	0.000038
褔懈蟹泻械泄泻	0.001311	0.040822	0.000054
褔懈谢懈泄褋泻邪褟	0.000328	0.116534	0.000038
褔懈锌褋褘	0.000328	0.040822	0.000013
褔懈褌邪褌褜	0.000983	1.966113	0.001933
褔褍胁褋褌胁懈褌械谢褜薪褘泄	0.000328	4.605170	0.001509
褔褍写械褋	0.000328	0.116534	0.000038
褕邪屑锌懈薪褜芯薪	0.000328	4.605170	0.001509
褕邪屑锌懈薪褜芯薪芯胁褘泄	0.000328	4.605170	0.001509
褕邪屑锌懈薪褜芯薪褘	0.000983	1.309333	0.001287
褕邪褉懈泻懈	0.000328	0.040822	0.000013
褕邪褉谢芯褌泻邪	0.000328	0.040822	0.000013
褕邪褉谢芯褌泻懈	0.000328	0.127833	0.000042
褕邪褉屑	0.000328	0.116534	0.000038
褕邪褕谢褘泻	0.003932	0.040822	0.000161
褕邪褕谢褘泻懈	0.000328	0.040822	0.000013
褕胁械写褋泻邪褟	0.000328	0.116534	0.000038
褕胁械泄褑邪褉褋泻邪褟	0.000328	0.116534	0.000038
褕械写械胁褉褘	0.000328	0.116534	0.000038
褕械褎	0.000328	0.127833	0.000042
褕懈锌褍褔泻邪	0.000328	0.040822	0.000013
褕懈褉芯泻邪褟	0.000328	0.127833	0.000042
褕泻芯谢褍	0.000328	0.116534	0.000038
褕谢褟锌泻懈	0.000328	3.912023	0.001282
褕芯泻芯谢邪写	0.000328	0.040822	0.000013
褕芯褌谢邪薪写褋泻邪褟	0.000328	0.116534	0.000038
褕锌懈薪邪褌芯屑	0.000328	4.605170	0.001509
褕褌	0.000655	2.525729	0.001655
褕褌褉褍写械谢褜	0.000328	0.040822	0.000013
褕褌褍泻	0.000328	2.120264	0.000695
褕褍褉锌邪	0.000328	0.040822	0.000013
褖邪褋	0.000328	0.116534	0.000038
褖械写褉邪褟	0.000328	0.116534	0.000038
褖懈	0.000655	0.040822	0.000027
褝泻芯屑懈谢泻	0.000328	0.127833	0.000042
褝薪械褉谐械褌懈褔械褋泻邪褟	0.000328	2.407946	0.000789
褝褋褌芯薪褋泻邪褟	0.000328	0.116534	0.000038
褞谐芯褋谢邪胁褋泻邪褟	0.000328	0.116534	0.000038
褟斜谢芯泻邪屑懈	0.000328	2.302585	0.000754
褟斜谢芯褔薪邪褟	0.000328	4.605170	0.001509
褟胁薪芯	0.000328	3.506558	0.001149
褟谐芯写薪褘械	0.000655	0.116534	0.000076
褟谐芯写薪褘泄	0.000655	0.116534	0.000076
褟蟹褘泻	0.000328	0.040822	0.000013
褟懈褑	0.001311	0.116534	0.000153
褟懈褔薪芯泄	0.001311	3.506558	0.004596
褟懈褔薪褍褞	0.000328	4.605170	0.001509
褟懈褔薪褘泄	0.000328	1.049822	0.000344
褟泄褑邪	0.000655	0.040822	0.000027
褟泄褑芯	0.001311	0.261365	0.000343
褟薪写械泻褋	0.000328	0.072571	0.000024
褟锌芯薪褋泻邪褟	0.000328	0.116534	0.000038
褟锌芯薪褋泻芯泄	0.000328	0.061875	0.000020
褟褉泻懈械	0.000328	0.116534	0.000038
褟褉泻芯	0.000328	0.105361	0.000035
褢屑泻芯褋褌懈	0.000328	3.506558	0.001149
褢屑泻芯褋褌褜	0.000328	3.506558	0.001149
