褌芯泻械薪	TF	IDF	TF-IDF
邪斜褋芯谢褞褌薪芯	0.000280	1.832581	0.000514
邪斜褏邪蟹褋泻邪褟	0.000280	0.116534	0.000033
邪胁谐褍褋褌邪	0.000561	0.867501	0.000487
邪胁褋褌褉邪谢懈泄褋泻邪褟	0.000280	0.116534	0.000033
邪胁褋褌褉懈泄褋泻邪褟	0.000280	0.116534	0.000033
邪胁褌芯泻谢邪胁邪	0.000280	0.116534	0.000033
邪胁褌芯褉邪屑	0.000280	0.040822	0.000011
邪胁褌芯褉芯屑	0.000280	2.407946	0.000675
邪胁褌芯褉褍	0.000280	1.660731	0.000466
邪谐褉芯	0.000280	0.116534	0.000033
邪写卸懈泻邪	0.000280	0.040822	0.000011
邪蟹械褉斜邪泄写卸邪薪褋泻邪褟	0.000280	0.116534	0.000033
邪蟹懈邪褌褋泻邪褟	0.000280	0.127833	0.000036
邪蟹褘	0.000280	0.127833	0.000036
邪泄褉邪薪	0.000280	0.040822	0.000011
邪泻胁邪褌懈泻邪	0.000841	0.127833	0.000108
邪谢械泻褋械褟	0.000280	0.127833	0.000036
邪谢泻芯谐芯谢褜	0.000561	0.116534	0.000065
邪谢泻芯谐芯谢褜薪褘械	0.000280	0.116534	0.000033
邪谢泻芯谐芯谢褟	0.000280	0.116534	0.000033
邪谢褜褟薪褋	0.000280	0.116534	0.000033
邪屑械褉懈泻邪薪褋泻邪褟	0.000280	0.116534	0.000033
邪屑械褉懈泻邪薪褋泻懈褏	0.000280	2.407946	0.000675
邪屑械褉懈泻邪薪褋泻芯泄	0.000280	2.120264	0.000595
邪屑械褉懈泻褍	0.000280	2.407946	0.000675
邪薪谐谢懈泄褋泻邪褟	0.000280	0.116534	0.000033
邪薪写褉械褟	0.000280	0.127833	0.000036
邪锌褉械谢褟	0.001122	0.579818	0.000650
邪褉邪斜褋泻邪褟	0.000280	0.116534	0.000033
邪褉谐械薪褌懈薪褋泻邪褟	0.000280	0.116534	0.000033
邪褉屑褟薪褋泻邪褟	0.000280	0.116534	0.000033
邪褉芯屑邪褌薪褘屑	0.000280	2.407946	0.000675
邪褉芯屑邪褌芯屑	0.000280	1.514128	0.000425
邪褋褋芯褉褌懈	0.000561	0.116534	0.000065
邪褌谢邪薪褌	0.000280	0.127833	0.000036
邪褎谐邪薪褋泻邪褟	0.000280	0.116534	0.000033
邪褎褉懈泻邪薪褋泻邪褟	0.000280	0.116534	0.000033
邪褝褉芯谐褉懈谢械	0.002804	0.116534	0.000327
斜邪斜懈褔	0.000280	1.514128	0.000425
斜邪泻谢邪卸邪薪褘	0.000280	0.040822	0.000011
斜邪谢褌泻芯屑	0.000280	0.127833	0.000036
斜邪褉邪薪懈薪褘	0.001122	0.116534	0.000131
斜邪褋屑邪褌懈	0.000561	0.127833	0.000072
斜邪褋褌褍褉屑邪	0.000280	0.040822	0.000011
斜邪褌芯薪褔懈泻懈	0.000280	0.127833	0.000036
斜邪褕泻懈褉褋泻邪褟	0.000280	0.116534	0.000033
斜械蟹邪谢泻芯谐芯谢褜薪褘械	0.000280	0.116534	0.000033
斜械蟹谐谢褞褌械薪芯胁褘械	0.000280	0.116534	0.000033
斜械蟹械	0.001122	0.040822	0.000046
斜械蟹屑械褉薪芯	0.000280	2.659260	0.000746
斜械泄泻械褉褋褎懈谢写	0.000280	4.605170	0.001291
斜械谢械斜械械胁褋泻懈泄	0.000561	0.116534	0.000065
斜械谢芯泻芯褔邪薪薪邪褟	0.001122	0.994252	0.001115
斜械谢芯褉褍褋褋泻邪褟	0.000280	0.116534	0.000033
斜械谢褜谐懈泄褋泻邪褟	0.000280	0.116534	0.000033
斜械褉械屑械薪薪褘褏	0.000280	0.116534	0.000033
斜械褋械写懈薪邪	0.000280	0.127833	0.000036
斜械褋锌芯写芯斜薪褘泄	0.000280	2.407946	0.000675
斜懈褋泻胁懈褌	0.000561	0.040822	0.000023
斜懈褋泻胁懈褌薪芯械	0.000561	0.116534	0.000065
斜懈褋泻胁懈褌薪褘泄	0.000280	0.105361	0.000030
斜懈褋泻胁懈褌褘	0.000280	0.127833	0.000036
斜懈褌芯褔泻懈	0.000280	1.897120	0.000532
斜谢邪谐芯写邪褉薪邪	0.000280	1.660731	0.000466
斜谢邪谐芯写邪褉褟	0.000280	1.897120	0.000532
斜谢械褋褌褟褖懈泄	0.000561	3.506558	0.001967
斜谢懈卸械	0.000280	0.116534	0.000033
斜谢懈蟹泻懈褏	0.000280	0.116534	0.000033
斜谢懈薪芯胁	0.000561	0.116534	0.000065
斜谢懈薪褘	0.001122	0.040822	0.000046
斜谢懈褑	0.000280	2.207275	0.000619
斜谢褞写	0.000561	0.094311	0.000053
斜谢褞写邪	0.025799	0.040822	0.001053
斜谢褞写芯	0.001122	0.040822	0.000046
斜谢褞写芯屑	0.000280	0.994252	0.000279
斜谢褞写褍	0.000280	0.116534	0.000033
斜芯斜芯胁褘械	0.000561	0.127833	0.000072
斜芯斜芯胁褘褏	0.001683	0.116534	0.000196
斜芯谢谐邪褉褋泻邪褟	0.000280	0.116534	0.000033
斜芯谢谐邪褉褋泻懈械	0.000280	2.407946	0.000675
斜芯谢褜薪芯	0.000280	1.966113	0.000551
斜芯谢褜褕械	0.000841	0.105361	0.000089
斜芯谢褜褕芯械	0.000280	1.560648	0.000438
斜芯谢褜褕芯泄	0.000561	1.560648	0.000875
斜芯褉褖	0.001402	0.040822	0.000057
斜芯褌胁懈薪褜褟	0.000280	0.040822	0.000011
斜褉邪蟹懈谢褜褋泻邪褟	0.000280	0.116534	0.000033
斜褉邪褌芯屑	0.000280	3.218876	0.000903
斜褉邪褍蟹械褉械	0.000280	0.040822	0.000011
斜褉邪褍薪懈	0.000280	0.040822	0.000011
斜褉械褋褌	0.000280	0.127833	0.000036
斜褉芯泻泻芯谢懈	0.000280	0.040822	0.000011
斜褍卸械薪懈薪邪	0.000280	0.040822	0.000011
斜褍泻胁邪谢褜薪芯	0.000280	2.407946	0.000675
斜褍谢芯褔泻邪屑懈	0.000280	0.116534	0.000033
斜褍谢芯褔泻懈	0.000841	0.040822	0.000034
斜褍谢褜芯薪	0.002524	0.040822	0.000103
斜褍谢褜芯薪褘	0.001122	0.116534	0.000131
斜褍褉谐械褉	0.000280	0.040822	0.000011
斜褍褉谐械褉褘	0.000280	0.127833	0.000036
斜褍褉褟褌褋泻邪褟	0.000280	0.116534	0.000033
斜褍褌械褉斜褉芯写	0.000561	0.116534	0.000065
斜褍褌械褉斜褉芯写褘	0.000561	0.040822	0.000023
斜褘褋褌褉芯	0.000561	0.094311	0.000053
斜褘褋褌褉芯泄	0.000280	0.116534	0.000033
斜褘褋褌褉褘械	0.000280	1.832581	0.000514
斜褘褋褌褉褘泄	0.000841	0.105361	0.000089
胁邪卸薪褘械	0.000280	0.116534	0.000033
胁邪谢谢懈泄褋泻邪褟	0.000280	0.116534	0.000033
胁邪薪懈谢褜薪褘泄	0.001683	1.427116	0.002401
胁邪褉械薪懈泻懈	0.000280	0.116534	0.000033
胁邪褉械薪褜械	0.000561	0.040822	0.000023
胁邪褉懈邪薪褌	0.000280	0.562119	0.000158
胁邪褉懈邪薪褌褘	0.000280	1.609438	0.000451
胁邪褌褉褍褕泻懈	0.000280	0.040822	0.000011
胁邪褎谢懈	0.000561	0.040822	0.000023
胁邪褕	0.000280	1.309333	0.000367
胁邪褕械谐芯	0.000280	2.040221	0.000572
胁邪褕械泄	0.000561	0.040822	0.000023
胁胁芯写褟	0.000280	0.040822	0.000011
胁写芯褏薪芯胁械薪懈械	0.001122	0.116534	0.000131
胁写芯褏薪芯胁械薪懈械屑	0.000561	0.116534	0.000065
胁写芯褏薪芯胁谢褟泄褋褟	0.000280	0.116534	0.000033
胁械谐械褌邪褉懈邪薪褋泻懈械	0.000280	0.127833	0.000036
胁械谐械褌邪褉懈邪薪褋泻芯械	0.000280	0.116534	0.000033
胁械泻邪	0.000280	2.207275	0.000619
胁械谢懈泻懈泄	0.000280	0.116534	0.000033
胁械谢懈泻芯泄	0.000280	2.302585	0.000646
胁械谢懈泻芯谢械锌薪械泄褕械械械	0.000280	2.659260	0.000746
胁械谢懈泻芯谢械锌薪褘泄	0.000561	1.832581	0.001028
胁械薪谐械褉褋泻邪褟	0.000280	0.116534	0.000033
胁械褋械薪薪懈械	0.000280	0.051293	0.000014
胁械褋薪邪	0.001402	0.116534	0.000163
胁械褋薪褘	0.000280	0.116534	0.000033
胁械褌褔懈薪邪	0.000561	1.469676	0.000824
胁械褌褔懈薪褘	0.000280	0.105361	0.000030
胁懈写械芯	0.000561	0.116534	0.000065
胁懈写械芯褉械褑械锌褌褘	0.000280	0.301105	0.000084
胁懈薪芯	0.000561	0.040822	0.000023
胁泻褍褋	0.000841	0.105361	0.000089
胁泻褍褋邪	0.002243	0.116534	0.000261
胁泻褍褋械薪	0.000280	1.560648	0.000438
胁泻褍褋薪邪褟	0.001122	0.061875	0.000069
胁泻褍褋薪械械	0.000561	0.116534	0.000065
胁泻褍褋薪械泄	0.000280	0.116534	0.000033
胁泻褍褋薪芯	0.000841	0.094311	0.000079
胁泻褍褋薪褘械	0.000841	0.105361	0.000089
胁泻褍褋薪褘泄	0.000561	0.385662	0.000216
胁泻褍褋芯屑	0.000561	0.105361	0.000059
胁谢褞斜谢械薪薪褘褏	0.000280	0.116534	0.000033
胁屑械褋褌械	0.000280	0.916291	0.000257
胁薪邪褔邪谢械	0.001122	0.248461	0.000279
胁薪褍褌褉懈	0.000280	1.469676	0.000412
胁芯	0.000561	0.061875	0.000035
胁芯写邪	0.003365	0.287682	0.000968
胁芯写械	0.000280	0.105361	0.000030
胁芯蟹写褍褕薪褘泄	0.000280	2.207275	0.000619
胁芯蟹屑芯卸薪芯	0.000561	1.469676	0.000824
胁芯蟹屑芯卸薪芯褋褌褜	0.000280	2.407946	0.000675
胁芯泄褌懈	0.000280	0.000000	0.000000
胁芯谢薪芯胁邪谢	0.000280	2.407946	0.000675
胁芯谢芯胁邪薪褘	0.000280	0.116534	0.000033
胁芯谢褕械斜薪褘械	0.000280	0.116534	0.000033
胁芯谢褕械斜褋褌胁芯	0.000280	0.116534	0.000033
胁芯锌褉芯褋褘	0.000280	0.000000	0.000000
胁芯褋泻褉械褋薪芯谐芯	0.000280	2.407946	0.000675
胁芯褋锌芯屑懈薪邪薪懈械	0.000280	3.218876	0.000903
胁芯褋褌芯褔薪邪褟	0.000280	0.127833	0.000036
胁锌械褉械写懈	0.000280	2.407946	0.000675
胁锌懈褌褘胁邪褞褌	0.000280	3.506558	0.000983
胁锌褉芯泻	0.000280	2.813411	0.000789
胁褉械屑械薪邪	0.000561	0.116534	0.000065
胁褉械屑械薪械屑	0.001683	0.116534	0.000196
胁褉械屑褟	0.000280	0.400478	0.000112
胁褉芯写械	0.000280	1.897120	0.000532
胁褉褍褌	0.000280	2.407946	0.000675
胁褋械谐写邪	0.000841	0.653926	0.000550
胁褋械谐芯	0.000561	0.186330	0.000105
胁褋械泄	0.001122	0.105361	0.000118
胁褋械屑褍	0.000280	0.061875	0.000017
胁褋锌芯屑薪懈褌褜	0.000280	0.040822	0.000011
胁褋褌褉械褌懈褌褜褋褟	0.000280	3.506558	0.000983
胁褌芯褉芯械	0.000280	0.116534	0.000033
胁褌芯褉褘械	0.000280	0.127833	0.000036
胁褏芯写	0.000841	0.030459	0.000026
胁褘泄褌懈	0.000280	0.040822	0.000011
胁褘锌械褔泻邪	0.007572	0.040822	0.000309
胁褘锌械褔泻懈	0.000841	0.072571	0.000061
胁褘锌械褔泻芯泄	0.000280	0.116534	0.000033
胁褘褉褍褔邪谢芯褔泻邪	0.000561	1.560648	0.000875
胁褘褋褌邪胁谢褟褟	0.000280	3.506558	0.000983
胁褘褌械泻邪械褌	0.000280	2.813411	0.000789
胁褘褏芯写薪褘械	0.000280	2.302585	0.000646
胁褜械褌薪邪屑褋泻邪褟	0.000280	0.116534	0.000033
谐邪胁邪泄褋泻邪褟	0.000280	0.116534	0.000033
谐邪蟹械褌械	0.000280	2.302585	0.000646
谐邪谢褍褕泻懈	0.000280	2.813411	0.000789
谐邪褉薪懈褉	0.001402	0.040822	0.000057
谐邪褋锌邪褔芯	0.000280	0.040822	0.000011
谐械芯谐褉邪褎懈褟	0.000280	0.116534	0.000033
谐谢邪胁薪芯械	0.000280	1.139434	0.000320
谐谢邪胁薪褘泄	0.000280	0.040822	0.000011
谐谢邪蟹褍褉褜	0.000841	0.040822	0.000034
谐谢懈薪褌胁械泄薪	0.000280	0.040822	0.000011
谐芯胁褟写懈薪褘	0.001122	0.116534	0.000131
谐芯写	0.002804	0.105361	0.000295
谐芯写邪	0.004767	0.248461	0.001184
谐芯写邪褏	0.000280	2.207275	0.000619
谐芯写褍	0.000280	1.171183	0.000328
谐芯谢谢邪薪写褋泻邪褟	0.000280	0.116534	0.000033
谐芯褉芯写邪	0.000280	0.116534	0.000033
谐芯褉芯褏	0.000280	0.116534	0.000033
谐芯褉褔懈褑邪	0.000561	0.040822	0.000023
谐芯褉褔懈褑邪屑懈	0.000280	0.127833	0.000036
谐芯褉褕芯褔泻邪褏	0.000280	0.105361	0.000030
谐芯褉褕芯褔泻械	0.000561	0.040822	0.000023
谐芯褉褟褔械械	0.000561	0.116534	0.000065
谐芯褉褟褔懈械	0.009815	0.105361	0.001034
谐芯褉褟褔懈泄	0.000561	0.116534	0.000065
谐芯褋褌懈	0.000280	0.116534	0.000033
谐芯褌芯胁邪褟	0.000561	2.525729	0.001417
谐芯褌芯胁懈谢邪	0.000280	0.733969	0.000206
谐芯褌芯胁懈谢懈	0.000280	1.560648	0.000438
谐芯褌芯胁懈屑	0.001683	0.094311	0.000159
谐芯褌芯胁懈褌褋褟	0.000561	0.478036	0.000268
谐芯褌芯胁懈褌褜	0.001683	0.105361	0.000177
谐芯褌芯胁谢褞	0.000280	1.049822	0.000294
谐芯褌芯胁褘褏	0.000280	2.659260	0.000746
谐芯褌芯胁褜	0.000561	0.116534	0.000065
谐芯褌芯胁褟褌	0.000280	0.116534	0.000033
谐褉械薪泻懈	0.000561	0.040822	0.000023
谐褉械褔械褋泻邪褟	0.000280	0.116534	0.000033
谐褉械褔泻邪	0.000280	0.040822	0.000011
谐褉懈斜邪屑懈	0.001122	0.105361	0.000118
谐褉懈斜薪褘械	0.000561	0.040822	0.000023
谐褉懈斜芯胁	0.000841	0.116534	0.000098
谐褉懈斜褘	0.000841	0.040822	0.000034
谐褉懈谢械	0.001402	0.116534	0.000163
谐褉懈谢褜	0.000280	0.116534	0.000033
谐褉懈谢褜屑邪薪懈褟	0.000280	0.116534	0.000033
谐褉懈谢褟	0.001122	0.116534	0.000131
谐褉芯谐	0.000280	0.040822	0.000011
谐褉褍蟹懈薪褋泻邪褟	0.000280	0.116534	0.000033
谐褉褍锌锌褘	0.000280	0.061875	0.000017
谐褍褉屑邪薪懈褟	0.001683	0.116534	0.000196
谐褍褉屑械	0.000280	0.127833	0.000036
谐褍褋褟	0.000561	0.105361	0.000059
写邪械褌	0.000280	0.040822	0.000011
写邪薪薪褘械	0.000280	0.040822	0.000011
写邪褉褘	0.000280	0.116534	0.000033
写邪褌械	0.000561	0.248461	0.000139
写邪褌褋泻邪褟	0.000280	0.116534	0.000033
写邪褔薪芯械	0.000841	0.116534	0.000098
写胁械褉褜	0.000280	2.407946	0.000675
写械胁芯褔泻懈	0.000561	1.427116	0.000800
写械泻芯褉	0.000280	0.127833	0.000036
写械谢邪械褌	0.001122	0.116534	0.000131
写械谢邪械褌褋褟	0.000280	1.347074	0.000378
写械谢邪褞褌褋褟	0.000280	2.407946	0.000675
写械谢懈屑褋褟	0.000280	0.040822	0.000011
写械谢芯	0.000280	1.386294	0.000389
写械谢芯屑	0.000280	0.116534	0.000033
写械薪褜	0.000841	0.083382	0.000070
写械锌褉械褋褋懈懈	0.000280	2.302585	0.000646
写械褉卸懈褌械褋褜	0.000280	2.407946	0.000675
写械褋械褉褌	0.000841	0.116534	0.000098
写械褋械褉褌邪褑懈褟	0.000280	0.116534	0.000033
写械褋械褉褌薪褘械	0.000280	0.116534	0.000033
写械褋械褉褌褘	0.003926	0.040822	0.000160
写械褌械泄	0.000561	0.116534	0.000065
写械褌褋褌胁邪	0.000280	2.207275	0.000619
写卸械屑	0.000280	0.040822	0.000011
写蟹械薪	0.000280	0.116534	0.000033
写懈械褌邪	0.000280	0.116534	0.000033
写懈械褌褘	0.000280	0.116534	0.000033
写懈泻懈泄	0.000561	0.116534	0.000065
写懈泻芯谐芯	0.000280	0.116534	0.000033
写懈锌	0.000280	0.116534	0.000033
写懈褔懈	0.000561	0.116534	0.000065
写懈褔褜	0.000280	0.116534	0.000033
写谢懈褌械谢褜薪芯谐芯	0.000280	2.525729	0.000708
写薪械胁薪懈泻邪褏	0.000280	0.061875	0.000017
写薪械泄	0.000841	0.116534	0.000098
写薪褟	0.000280	0.040822	0.000011
写芯斜邪胁谢械薪懈褟屑	0.000280	0.274437	0.000077
写芯斜邪胁谢褟褌褜	0.000280	0.040822	0.000011
写芯斜邪胁褜	0.000280	0.116534	0.000033
写芯斜褉芯褎谢芯褌	0.000280	0.127833	0.000036
写芯胁械褉褟械褕褜	0.000280	0.116534	0.000033
写芯胁芯谢褜薪芯	0.000280	1.609438	0.000451
写芯屑	0.002524	0.040822	0.000103
写芯屑邪褕薪械械	0.000841	0.040822	0.000034
写芯屑邪褕薪懈械	0.000561	0.040822	0.000023
写芯屑邪褕薪懈泄	0.001963	0.116534	0.000229
写芯屑邪褕薪褟褟	0.000561	0.105361	0.000059
写芯屑芯胁	0.000280	0.040822	0.000011
写芯屑芯褏芯蟹褟械泻	0.000280	2.407946	0.000675
写芯褉芯谐懈械	0.000280	1.272966	0.000357
写芯褉芯卸泻褍	0.000280	3.218876	0.000903
写芯褋褌芯懈薪褋褌胁邪	0.000280	2.302585	0.000646
写褉邪泄胁	0.001402	0.127833	0.000179
写褉芯卸卸械胁芯谐芯	0.000280	2.407946	0.000675
写褉芯卸卸械胁芯械	0.000280	0.116534	0.000033
写褉芯卸卸懈	0.001683	0.941609	0.001584
写褉褍谐懈屑懈	0.000280	0.040822	0.000011
写褍屑邪谢邪	0.000280	1.272966	0.000357
写褍褏芯胁泻邪	0.001122	0.127833	0.000143
写褍褕懈	0.000841	0.105361	0.000089
械胁褉械泄褋泻邪褟	0.000280	0.116534	0.000033
械谐懈锌械褌褋泻邪褟	0.000280	0.116534	0.000033
械写懈薪褘泄	0.000280	0.040822	0.000011
械卸械谐芯写薪芯	0.000280	2.407946	0.000675
械泻芯	0.000280	0.127833	0.000036
械褏邪谢懈	0.000280	3.218876	0.000903
卸邪褉懈谢邪	0.000280	2.995732	0.000840
卸邪褉泻芯械	0.000280	0.040822	0.000011
卸写邪谢懈	0.000280	3.218876	0.000903
卸械谢邪械屑褘械	0.000280	1.469676	0.000412
卸械谢邪薪懈褟	0.000280	2.302585	0.000646
卸械谢械	0.000841	0.040822	0.000034
卸械薪褋泻邪褟	0.000280	0.127833	0.000036
卸械薪褋泻芯屑	0.000280	0.061875	0.000017
卸械薪褖懈薪褘	0.000561	0.116534	0.000065
卸懈蟹薪懈	0.000280	0.040822	0.000011
卸懈蟹薪褜	0.000280	0.116534	0.000033
卸褍谢褜械薪	0.000280	0.040822	0.000011
卸褍褉薪邪谢邪	0.000280	0.127833	0.000036
卸褞谢褜械薪	0.000280	0.040822	0.000011
蟹邪胁邪褉薪芯谐芯	0.000280	2.525729	0.000708
蟹邪胁邪褉薪芯械	0.000280	0.116534	0.000033
蟹邪胁邪褉薪芯泄	0.000280	0.116534	0.000033
蟹邪胁懈褋懈褌	0.000280	2.120264	0.000595
蟹邪胁褌褉邪泻	0.002243	0.094311	0.000212
蟹邪胁褌褉邪泻懈	0.000280	0.127833	0.000036
蟹邪谐芯褌芯胁懈褌褜	0.000280	3.218876	0.000903
蟹邪谐芯褌芯胁泻懈	0.001122	0.040822	0.000046
蟹邪写邪胁邪褌褜	0.000280	0.040822	0.000011
蟹邪懈薪褌褉懈谐芯胁邪谢邪	0.000280	3.506558	0.000983
蟹邪泄褑邪	0.000561	0.116534	0.000065
蟹邪泻胁邪褋泻邪	0.000280	0.040822	0.000011
蟹邪泻胁邪褋泻邪屑懈	0.000280	0.116534	0.000033
蟹邪泻胁邪褋芯泻	0.000280	0.127833	0.000036
蟹邪泻褉褘褌褘泄	0.000280	0.116534	0.000033
蟹邪泻褍褋泻懈	0.005048	0.040822	0.000206
蟹邪泻褍褋泻褍	0.000841	0.116534	0.000098
蟹邪泻褍褋芯薪褔懈泻	0.000280	0.116534	0.000033
蟹邪泻褍褋芯褔泻邪	0.000280	0.116534	0.000033
蟹邪泻褍褋芯褔薪褘械	0.002524	0.116534	0.000294
蟹邪谢邪屑懈薪懈褉芯胁邪褌褜	0.000280	2.407946	0.000675
蟹邪谢懈胁薪芯械	0.000561	0.040822	0.000023
蟹邪屑械褋邪	0.000280	2.659260	0.000746
蟹邪屑械褔邪褌械谢褜薪芯械	0.000280	3.218876	0.000903
蟹邪屑械褔邪褌械谢褜薪褘械	0.000280	2.207275	0.000619
蟹邪屑芯褉芯蟹泻邪	0.000280	0.105361	0.000030
蟹邪锌邪写	0.000280	0.116534	0.000033
蟹邪锌械泻邪薪懈褟	0.000280	1.560648	0.000438
蟹邪锌械泻邪薪泻邪	0.001122	0.105361	0.000118
蟹邪锌械泻邪薪泻懈	0.001963	0.040822	0.000080
蟹邪锌褉邪胁泻邪	0.000561	0.040822	0.000023
蟹邪褉械谐懈褋褌褉懈褉芯胁邪胁褕懈褋褜	0.000280	0.040822	0.000011
蟹邪褉械谐懈褋褌褉懈褉芯胁邪褌褜褋褟	0.000280	0.030459	0.000009
蟹邪褋芯谢泻邪	0.000280	0.116534	0.000033
蟹邪褏芯写懈褌械	0.000280	0.755023	0.000212
蟹邪褏芯褔械褌褋褟	0.000280	3.506558	0.000983
蟹邪褟胁谢褟褞	0.000280	2.207275	0.000619
蟹胁邪薪褘泄	0.000280	0.127833	0.000036
蟹胁械蟹写邪	0.000280	0.127833	0.000036
蟹胁褢蟹写薪褘械	0.000280	0.116534	0.000033
蟹写芯褉芯胁芯械	0.000280	0.116534	0.000033
蟹写芯褉芯胁褘泄	0.000280	0.116534	0.000033
蟹械谢械薪懈	0.000280	2.120264	0.000595
蟹械谢械薪褘泄	0.000561	1.021651	0.000573
蟹械谢械薪褜	0.000841	0.094311	0.000079
蟹械褎懈褉	0.000280	0.040822	0.000011
蟹懈屑薪懈械	0.000280	0.051293	0.000014
蟹懈屑褍	0.001122	0.040822	0.000046
蟹薪邪械褌	0.000280	2.302585	0.000646
蟹薪邪褞	0.001122	0.755023	0.000847
蟹薪邪褞褌	0.000280	2.525729	0.000708
蟹芯谢芯褌邪褟	0.000280	0.116534	0.000033
懈胁邪薪芯胁邪	0.000280	0.127833	0.000036
懈写械邪谢褜薪邪褟	0.000280	0.116534	0.000033
懈写械邪谢褜薪芯	0.000280	1.514128	0.000425
懈写械邪谢褜薪芯谐芯	0.001402	0.116534	0.000163
懈写械邪谢褜薪芯械	0.000280	0.116534	0.000033
懈写械邪谢褜薪褘泄	0.000280	1.966113	0.000551
懈写械泄泻懈	0.000280	0.116534	0.000033
懈蟹胁械褋褌薪褘泄	0.000280	1.897120	0.000532
懈蟹写械谢懈褟	0.006730	0.116534	0.000784
懈蟹写械谢懈褟屑懈	0.000841	0.116534	0.000098
懈蟹褍屑懈褌械谢褜薪械泄褕懈泄	0.000280	2.659260	0.000746
懈蟹褞屑	0.000561	2.040221	0.001144
懈泻褉邪	0.000841	0.040822	0.000034
懈屑械薪械屑	0.000280	0.040822	0.000011
懈薪邪褔械	0.000280	1.897120	0.000532
懈薪胁械褉褌芯褉薪芯泄	0.000280	0.127833	0.000036
懈薪谐褉械写懈械薪褌邪屑	0.000280	1.469676	0.000412
懈薪谐褉械写懈械薪褌褘	0.009254	0.139262	0.001289
懈薪写械泄泻懈	0.001402	0.094311	0.000132
懈薪写械泄泻芯泄	0.000280	0.116534	0.000033
懈薪写懈泄褋泻邪褟	0.000280	0.116534	0.000033
懈薪写懈谢邪泄褌	0.000841	0.116534	0.000098
懈薪写懈褉械褋薪褘械	0.000280	0.116534	0.000033
懈薪褋褌褉褍泻褑懈褟屑懈	0.000280	0.040822	0.000011
懈薪褌械褉薪械褌械	0.000280	1.309333	0.000367
懈褉邪泻褋泻邪褟	0.000280	0.116534	0.000033
懈褉邪薪褋泻邪褟	0.000280	0.116534	0.000033
懈褉谢邪薪写褋泻邪褟	0.000280	0.116534	0.000033
懈褉褉械蟹	0.000280	1.347074	0.000378
懈褋泻谢褞褔懈褌褜	0.000280	1.469676	0.000412
懈褋泻褉械薪薪械	0.000280	0.116534	0.000033
懈褋谢邪薪写褋泻邪褟	0.000280	0.116534	0.000033
懈褋锌邪薪褋泻邪褟	0.000280	0.116534	0.000033
懈褋锌械泻懈	0.000280	0.116534	0.000033
懈褋锌芯谢褜蟹褍械褌褋褟	0.000561	1.714798	0.000962
懈褋锌褘褌褘胁邪褟	0.000280	2.407946	0.000675
懈褋褌芯褉懈懈	0.001402	0.116534	0.000163
懈褋褌芯褉懈褞	0.000280	0.116534	0.000033
懈褌邪谢懈懈	0.000561	0.105361	0.000059
懈褌邪谢褜褟薪褋泻邪褟	0.000280	0.116534	0.000033
懈褖褍	0.000280	2.659260	0.000746
懈褖褍褌	0.000280	1.609438	0.000451
懈褞谢褟	0.000280	0.597837	0.000168
懈褞薪褟	0.000280	0.579818	0.000163
泄芯谐褍褉褌	0.000841	0.040822	0.000034
泄芯褉泻	0.000280	2.407946	0.000675
泻邪斜邪褔泻懈	0.000280	0.040822	0.000011
泻邪胁泻邪蟹褋泻邪褟	0.000280	0.116534	0.000033
泻邪卸械褌褋褟	0.000280	1.714798	0.000481
泻邪蟹邪谢芯褋褜	0.000280	1.609438	0.000451
泻邪蟹邪薪械	0.000280	0.116534	0.000033
泻邪蟹邪褏褋泻邪褟	0.000280	0.116534	0.000033
泻邪泻邪芯	0.001122	0.040822	0.000046
泻邪谢械泄写芯褋泻芯锌	0.001122	0.116534	0.000131
泻邪谢屑褘褑泻邪褟	0.000280	0.116534	0.000033
泻邪谢芯褉懈泄	0.000280	2.813411	0.000789
泻邪谢褜屑邪褉	0.000280	0.040822	0.000011
泻邪屑械褉邪	0.000280	0.116534	0.000033
泻邪薪邪写褋泻邪褟	0.000280	0.116534	0.000033
泻邪薪邪谢	0.000561	0.040822	0.000023
泻邪薪邪谢械	0.000280	0.040822	0.000011
泻邪薪邪锌械	0.000561	0.040822	0.000023
泻邪锌褍褋褌邪	0.001683	0.040822	0.000069
泻邪锌褍褋褌薪褘泄	0.000280	2.302585	0.000646
泻邪锌褍褋褌薪褟泻	0.000280	0.040822	0.000011
泻邪锌褍褋褌芯泄	0.000561	1.966113	0.001103
泻邪锌褍褋褌褘	0.000280	0.040822	0.000011
泻邪褉邪屑械谢褜	0.000280	0.040822	0.000011
泻邪褉泻邪褋薪褘泄	0.001122	0.116534	0.000131
泻邪褉褌芯褎械谢褜	0.000841	0.040822	0.000034
泻邪褉褌芯褎械谢褜薪芯械	0.000280	0.040822	0.000011
泻邪褉褌芯褎械谢褜薪褘泄	0.000280	0.116534	0.000033
泻邪褉褌芯褕泻邪	0.000561	0.040822	0.000023
泻邪褌械谐芯褉懈懈	0.000561	0.116534	0.000065
泻邪褌械谐芯褉懈褟	0.004206	0.150823	0.000634
泻邪褔械褋褌胁芯	0.000280	0.116534	0.000033
泻邪褕邪	0.000280	0.040822	0.000011
泻邪褕懈	0.001402	0.105361	0.000148
泻邪褕褍	0.000280	0.094311	0.000026
泻胁邪褋	0.000841	0.040822	0.000034
泻胁邪褋薪芯械	0.000841	0.116534	0.000098
泻胁邪褋芯屑	0.000280	0.127833	0.000036
泻械泻褋	0.001122	0.040822	0.000046
泻械泻褋褘	0.001122	0.116534	0.000131
泻械褎懈褉	0.001402	0.040822	0.000057
泻懈屑褔懈	0.000280	0.040822	0.000011
泻懈薪芯邪	0.000561	0.127833	0.000072
泻懈薪芯谢械薪褌邪	0.000280	0.116534	0.000033
泻懈褋械谢褜	0.000561	0.040822	0.000023
泻懈褌邪泄褋泻邪褟	0.000280	0.116534	0.000033
泻懈褌邪泄褋泻懈褏	0.000280	2.659260	0.000746
泻谢邪褋褋	0.002243	0.116534	0.000261
泻谢邪褋褋褘	0.000280	0.116534	0.000033
泻薪懈谐褍	0.000561	0.040822	0.000023
泻芯泻褌械泄谢懈	0.000280	0.127833	0.000036
泻芯泻褌械泄谢褜	0.001402	0.040822	0.000057
泻芯谢斜邪褋邪	0.000280	0.040822	0.000011
泻芯谢斜邪褋薪褘屑懈	0.000841	0.116534	0.000098
泻芯屑邪薪写邪	0.000561	0.127833	0.000072
泻芯屑懈	0.000280	0.116534	0.000033
泻芯屑屑械薪褌邪褉懈械胁	0.000280	0.223144	0.000063
泻芯屑锌邪薪懈泄	0.000280	0.105361	0.000030
泻芯屑锌芯褌	0.000841	0.040822	0.000034
泻芯薪械褔薪芯	0.000280	0.527633	0.000148
泻芯薪懈薪褘	0.000280	0.116534	0.000033
泻芯薪泻褍褉褋	0.060011	0.105361	0.006323
泻芯薪泻褍褉褋邪	0.000280	0.116534	0.000033
泻芯薪泻褍褉褋邪褏	0.000280	0.040822	0.000011
泻芯薪泻褍褉褋薪褘械	0.000280	0.127833	0.000036
泻芯薪褋械褉胁懈褉芯胁邪薪懈械	0.000280	0.040822	0.000011
泻芯薪褋械褉胁懈褉芯胁邪薪薪邪褟	0.000280	0.116534	0.000033
泻芯薪褋械褉胁懈褉芯胁邪薪薪芯械	0.000280	0.116534	0.000033
泻芯薪褋械褉胁懈褉芯胁邪薪薪褘械	0.000561	0.116534	0.000065
泻芯薪褋械褉胁懈褉芯胁邪薪薪褘泄	0.000280	0.116534	0.000033
泻芯薪褎械褌褌懈	0.000280	0.116534	0.000033
泻芯薪褎械褌褘	0.000841	0.040822	0.000034
泻芯薪褎懈写械薪褑懈邪谢褜薪芯褋褌懈	0.000280	0.040822	0.000011
泻芯薪褎懈褌褞褉	0.000280	0.040822	0.000011
泻芯薪褜褟泻	0.000561	2.207275	0.001238
泻芯锌褔械薪芯褋褌褟屑懈	0.000280	0.116534	0.000033
泻芯褉械泄褋泻邪褟	0.000280	0.116534	0.000033
泻芯褉械泄褋泻懈	0.000280	0.040822	0.000011
泻芯褉卸	0.000280	2.302585	0.000646
泻芯褉卸懈泻懈	0.000280	0.040822	0.000011
泻芯褉懈褑邪	0.000561	1.427116	0.000800
泻芯褉懈褔薪械胁褘泄	0.000561	1.386294	0.000778
泻芯褉屑褟褖懈褏	0.000280	0.116534	0.000033
泻芯褉薪褍褝谢褜褋泻懈泄	0.000280	2.525729	0.000708
泻芯褉芯褔泻芯泄	0.000561	1.771957	0.000994
泻芯褌谢械褌褘	0.000280	0.040822	0.000011
泻芯褌芯褉芯屑褍	0.000561	0.116534	0.000065
泻芯褎械	0.000561	0.040822	0.000023
泻芯褎械泄泻芯屑	0.000280	2.659260	0.000746
泻褉邪褋邪胁械褑	0.000280	2.659260	0.000746
泻褉邪褋泻懈	0.000280	0.116534	0.000033
泻褉械邪褌懈胁	0.000280	0.127833	0.000036
泻褉械屑	0.000280	0.040822	0.000011
泻褉械屑邪	0.000561	0.116534	0.000065
泻褉械锌泻懈泄	0.000280	0.116534	0.000033
泻褉懈褌懈泻芯胁邪褌褜	0.000280	3.506558	0.000983
泻褉芯谢懈泻邪	0.000561	0.116534	0.000065
泻褉芯屑械	0.000280	0.061875	0.000017
泻褉芯褏懈	0.000280	0.116534	0.000033
泻褉褍谐褍	0.000561	0.116534	0.000065
泻褉褍锌	0.001683	0.116534	0.000196
泻褉褍锌邪	0.000280	0.127833	0.000036
泻褉褍锌褘	0.000561	0.127833	0.000072
泻褉褍锌褟薪褘械	0.000280	0.116534	0.000033
泻褋褌邪褌懈	0.000280	1.237874	0.000347
泻褍斜懈薪褋泻邪褟	0.000280	0.116534	0.000033
泻褍谢械褕	0.000280	0.040822	0.000011
泻褍谢懈薪邪褉懈懈	0.000841	0.094311	0.000079
泻褍谢懈薪邪褉薪邪褟	0.000280	0.116534	0.000033
泻褍谢懈薪邪褉薪芯械	0.000280	0.116534	0.000033
泻褍谢懈薪邪褉薪褍褞	0.000561	0.040822	0.000023
泻褍谢懈薪邪褉薪褘泄	0.000280	0.072571	0.000020
泻褍谢懈薪邪褉薪褘褏	0.000280	0.116534	0.000033
泻褍谢懈褔	0.000561	0.040822	0.000023
泻褍谢懈褔械泄	0.000280	2.995732	0.000840
泻褍谢懈褔懈	0.001122	0.116534	0.000131
泻褍薪卸褍褌	0.000561	0.994252	0.000558
泻褍褉写褋泻邪褟	0.000280	0.116534	0.000033
泻褍褉懈薪芯谐芯	0.000280	0.116534	0.000033
泻褍褉懈薪芯械	0.004767	0.127833	0.000609
泻褍褉懈薪褘泄	0.000561	0.105361	0.000059
泻褍褉懈褑邪	0.000280	0.040822	0.000011
泻褍褉懈褑褘	0.000841	0.116534	0.000098
泻褍褉芯褔泻芯泄	0.000280	0.116534	0.000033
泻褍褋泻褍褋	0.000280	0.040822	0.000011
泻褍褋芯褔械泻	0.000280	2.525729	0.000708
泻褍褏薪械泄	0.000280	0.040822	0.000011
泻褍褏薪懈	0.001122	0.040822	0.000046
泻褍褏薪褟	0.000841	0.116534	0.000098
泻褍褕邪褌褜	0.000280	2.525729	0.000708
谢邪胁邪褕	0.000841	0.040822	0.000034
谢邪胁邪褕邪	0.001122	0.116534	0.000131
谢邪谐屑邪薪	0.000561	0.040822	0.000023
谢邪泻芯屑褋褌胁芯	0.000280	0.116534	0.000033
谢邪锌褕邪	0.000561	0.040822	0.000023
谢邪褌褘褕褋泻邪褟	0.000280	0.116534	0.000033
谢械谐械薪写械	0.000280	2.207275	0.000619
谢械谐泻邪褟	0.000280	0.116534	0.000033
谢械谐泻懈泄	0.000561	0.116534	0.000065
谢械谐泻芯	0.001963	0.116534	0.000229
谢械谐泻芯谐芯	0.000280	2.040221	0.000572
谢械锌械褕泻懈	0.003365	0.040822	0.000137
谢械褌	0.000561	0.843970	0.000473
谢械褌邪	0.000280	0.116534	0.000033
谢械褌薪懈械	0.000280	0.040822	0.000011
谢械褌薪褟褟	0.000280	0.116534	0.000033
谢械褌芯	0.001402	0.116534	0.000163
谢械褔芯	0.000280	0.040822	0.000011
谢懈谐邪	0.000841	0.116534	0.000098
谢懈泻械褉	0.000280	0.040822	0.000011
谢懈屑芯薪	0.000841	1.203973	0.001013
谢懈屑芯薪邪写	0.000561	0.040822	0.000023
谢懈屑芯薪薪芯	0.000280	3.506558	0.000983
谢懈褌芯胁褋泻	0.000280	0.127833	0.000036
谢懈褌芯胁褋泻邪褟	0.000280	0.116534	0.000033
谢芯卸泻邪	0.000280	3.218876	0.000903
谢芯锌薪褍谢芯	0.000280	2.407946	0.000675
谢褍泻	0.001683	0.301105	0.000507
谢褍褔褕械械	0.000280	2.407946	0.000675
谢褍褔褕懈械	0.000280	0.116534	0.000033
谢褍褔褕懈泄	0.000561	0.040822	0.000023
谢褍褔褕懈褏	0.000280	0.116534	0.000033
谢褞斜胁懈	0.000280	0.105361	0.000030
谢褞斜懈屑芯谐芯	0.000280	0.127833	0.000036
谢褞斜懈屑芯屑褍	0.000280	0.116534	0.000033
谢褞斜懈屑褘泄	0.000280	1.609438	0.000451
谢褞斜懈屑褘屑	0.000280	1.469676	0.000412
谢褞斜懈屑褘褏	0.001683	0.116534	0.000196
谢褞斜懈褌	0.000280	1.427116	0.000400
谢褞斜芯胁褜	0.000280	0.116534	0.000033
谢褞斜芯泄	0.000561	0.116534	0.000065
谢褞写懈	0.000280	2.207275	0.000619
谢褢写	0.000280	0.127833	0.000036
屑邪谐褉懈斜邪	0.000280	0.116534	0.000033
屑邪泄	0.000280	0.116534	0.000033
屑邪泄芯薪械蟹	0.000841	0.116534	0.000098
屑邪泻邪褉芯薪薪褘械	0.000280	0.116534	0.000033
屑邪泻邪褉芯薪褘	0.000280	0.040822	0.000011
屑邪泻褋懈屑褍屑	0.000280	2.407946	0.000675
屑邪谢邪蟹懈泄褋泻邪褟	0.000280	0.116534	0.000033
屑邪屑褍谢褟	0.000280	2.995732	0.000840
屑邪薪薪懈泻	0.000280	0.040822	0.000011
屑邪薪褌褘	0.000280	0.116534	0.000033
屑邪薪褢胁褉褘	0.000280	0.116534	0.000033
屑邪褉邪褎芯薪	0.000841	0.116534	0.000098
屑邪褉懈薪邪写	0.002524	0.040822	0.000103
屑邪褉懈薪邪写褘	0.000841	0.116534	0.000098
屑邪褉懈薪芯胁邪薪薪褘械	0.000280	0.116534	0.000033
屑邪褉屑械谢邪写	0.000280	0.040822	0.000011
屑邪褉芯泻泻邪薪褋泻邪褟	0.000280	0.116534	0.000033
屑邪褉褌邪	0.001963	0.105361	0.000207
屑邪褋泻邪褉锌芯薪械	0.000280	0.040822	0.000011
屑邪褋谢邪	0.000561	1.237874	0.000694
屑邪褋谢械薪懈褑邪	0.000841	0.040822	0.000034
屑邪褋谢械薪懈褔薪芯械	0.000280	0.116534	0.000033
屑邪褋谢芯	0.008132	0.116534	0.000948
屑邪褋谢芯屑	0.000280	0.116534	0.000033
屑邪褋褌械褉	0.002524	0.116534	0.000294
屑邪褋褌懈泻邪	0.000280	0.040822	0.000011
屑邪褋褌懈泻懈	0.000280	0.116534	0.000033
屑邪褎褎懈薪褘	0.000280	0.116534	0.000033
屑邪褏械械胁褗	0.001122	0.116534	0.000131
屑邪褕懈薪褘	0.000280	2.407946	0.000675
屑邪褟	0.000280	0.634878	0.000178
屑械写懈邪褎芯褉褌	0.000841	0.000000	0.000000
屑械写芯胁褘泄	0.000280	0.116534	0.000033
屑械泻褋懈泻邪薪褋泻邪褟	0.000280	0.116534	0.000033
屑械薪褞	0.000280	0.116534	0.000033
屑械薪褟	0.001963	0.083382	0.000164
屑械薪褟械褌褋褟	0.000280	0.116534	0.000033
屑械褔褌邪	0.000280	0.116534	0.000033
屑械褔褌褘	0.000561	0.040822	0.000023
屑懈写懈懈	0.000280	0.040822	0.000011
屑懈泻褉芯胁芯谢薪芯胁泻械	0.000280	0.116534	0.000033
屑懈谢芯褋褌懈	0.000280	1.897120	0.000532
屑懈谢褜械	0.000280	0.116534	0.000033
屑懈薪写邪谢褜	0.000561	2.040221	0.001144
屑懈薪懈屑褍屑	0.000280	1.427116	0.000400
屑懈薪褍褌	0.000280	0.755023	0.000212
屑懈薪褍褌褘	0.000561	1.171183	0.000657
屑懈芯	0.000280	0.116534	0.000033
屑懈褉	0.000280	0.116534	0.000033
屑懈褉邪	0.000280	0.116534	0.000033
屑懈褉芯胁邪褟	0.000280	0.116534	0.000033
屑懈褋芯	0.000280	0.040822	0.000011
屑懈褋褌械褉懈褟	0.000280	0.116534	0.000033
屑懈褋褌褉邪谢褜	0.001963	0.116534	0.000229
屑屑屑屑屑屑屑屑	0.000280	2.659260	0.000746
屑薪芯谐懈械	0.000280	1.309333	0.000367
屑薪芯谐芯	0.000280	0.776529	0.000218
屑薪芯谐芯褋褌褉邪写邪谢褜薪芯谐芯	0.000280	2.407946	0.000675
屑薪芯谐芯褔懈褋谢械薪薪褘屑	0.000280	2.302585	0.000646
屑薪芯卸械褋褌胁芯屑	0.000280	0.040822	0.000011
屑芯谐	0.000280	2.659260	0.000746
屑芯械	0.000280	0.116534	0.000033
屑芯卸械褌械	0.000280	0.000000	0.000000
屑芯懈	0.000280	1.078810	0.000303
屑芯懈屑	0.000280	2.302585	0.000646
屑芯泄	0.000280	0.105361	0.000030
屑芯谢写邪胁褋泻邪褟	0.000280	0.116534	0.000033
屑芯谢薪懈械薪芯褋薪芯	0.000280	2.407946	0.000675
屑芯谢芯泻邪	0.000280	1.714798	0.000481
屑芯谢芯泻械	0.000280	0.105361	0.000030
屑芯谢芯泻芯	0.001402	0.116534	0.000163
屑芯谢芯褔薪褘泄	0.000561	0.040822	0.000023
屑芯谢芯褔薪褘褏	0.000280	0.116534	0.000033
屑芯屑械薪褌	0.000841	0.116534	0.000098
屑芯薪谐芯谢褜褋泻邪褟	0.000280	0.116534	0.000033
屑芯褉械	0.000280	0.116534	0.000033
屑芯褉械锌褉芯写褍泻褌芯胁	0.003085	0.040822	0.000126
屑芯褉械锌褉芯写褍泻褌褘	0.000561	0.116534	0.000065
屑芯褉泻芯胁褜	0.000841	0.040822	0.000034
屑芯褉芯卸械薪芯械	0.000841	0.040822	0.000034
屑芯褉芯蟹懈谢褜薪懈泻械	0.000280	3.218876	0.000903
屑芯褉褋	0.000280	0.040822	0.000011
屑芯褉褋褘	0.000280	0.116534	0.000033
屑芯褌芯褉	0.000280	0.116534	0.000033
屑芯褏懈褌芯	0.000280	0.040822	0.000011
屑芯褟	0.000280	1.427116	0.000400
屑褍卸褋泻邪褟	0.000280	0.127833	0.000036
屑褍卸褔懈薪褘	0.000561	0.116534	0.000065
屑褍泻邪	0.008413	0.274437	0.002309
屑褍谢褜褌懈胁邪褉泻械	0.010656	0.116534	0.001242
屑褍谢褜褌懈锌械泻邪褉械泄	0.000841	0.116534	0.000098
屑褍褋褋	0.000280	0.040822	0.000011
屑褍褋褋褘	0.000561	0.116534	0.000065
屑褍褔薪褘械	0.000280	0.116534	0.000033
屑褞褋谢懈	0.000561	0.116534	0.000065
屑褟褋邪	0.002243	0.116534	0.000261
屑褟褋薪芯谐芯	0.000561	0.116534	0.000065
屑褟褋薪芯泄	0.000280	0.116534	0.000033
屑褟褋薪褘械	0.001402	0.040822	0.000057
屑褟褋薪褘褏	0.000841	0.116534	0.000098
屑褟褋芯	0.002243	0.040822	0.000092
屑褟褋芯屑	0.001402	0.040822	0.000057
屑褟褋褍	0.000561	0.116534	0.000065
薪邪斜芯褉	0.000280	1.897120	0.000532
薪邪胁械褋芯屑	0.000280	2.525729	0.000708
薪邪蟹薪邪褔械薪懈褟	0.000280	0.116534	0.000033
薪邪泻芯薪械褑	0.000280	1.609438	0.000451
薪邪谢懈胁泻邪	0.000280	0.040822	0.000011
薪邪锌械褔邪褌邪谢	0.000280	2.407946	0.000675
薪邪锌懈褌泻懈	0.001683	0.040822	0.000069
薪邪锌懈褌芯泻	0.000280	0.040822	0.000011
薪邪褋泻芯谢褜泻芯	0.000561	1.427116	0.000800
薪邪褋谢邪写懈褌褜褋褟	0.000280	2.302585	0.000646
薪邪褋褌芯泄泻邪	0.000280	0.040822	0.000011
薪邪褋褌芯褟褌械谢褜薪芯	0.000280	2.040221	0.000572
薪邪褋褌褉芯械薪懈械	0.000280	0.116534	0.000033
薪邪褏芯写泻邪	0.000280	2.525729	0.000708
薪邪褑懈芯薪邪谢褜薪褘械	0.000280	0.116534	0.000033
薪邪褔邪谢邪	0.000280	2.120264	0.000595
薪邪褔邪谢芯屑	0.000280	2.302585	0.000646
薪邪褔懈薪泻邪	0.001122	0.040822	0.000046
薪邪褔懈薪泻械	0.000280	2.659260	0.000746
薪邪褔懈薪泻芯泄	0.000841	0.116534	0.000098
薪邪褔懈薪泻褍	0.000280	2.120264	0.000595
薪邪褔懈薪褟械屑	0.000280	3.218876	0.000903
薪邪褕械泄	0.000280	1.347074	0.000378
薪邪褕械屑	0.000280	0.040822	0.000011
薪邪褕懈	0.000280	0.061875	0.000017
薪邪褕谢邪	0.000561	0.579818	0.000325
薪械斜褘谢懈褑邪	0.000280	2.407946	0.000675
薪械胁械褉芯褟褌薪芯	0.000280	1.386294	0.000389
薪械胁懈写懈屑褘泄	0.000561	3.506558	0.001967
薪械胁芯蟹屑芯卸薪芯	0.000561	1.347074	0.000756
薪械写械谢褟	0.002804	0.061875	0.000174
薪械械	0.000280	1.966113	0.000551
薪械卸薪芯泄	0.000280	0.116534	0.000033
薪械卸薪褘泄	0.000561	0.891598	0.000500
薪械屑	0.000280	1.203973	0.000338
薪械屑械褑泻邪褟	0.000280	0.116534	0.000033
薪械屑薪芯谐芯	0.000280	1.203973	0.000338
薪械屑褍	0.000280	2.525729	0.000708
薪械芯斜褏芯写懈屑芯褋褌懈	0.000280	3.218876	0.000903
薪械芯斜褘褔薪芯谐芯	0.000561	2.995732	0.001680
薪械芯斜褘褔薪褘泄	0.000280	1.347074	0.000378
薪械芯斜褘褔薪褘褏	0.000280	2.995732	0.000840
薪械芯卸懈写邪薪薪褘械	0.000280	0.116534	0.000033
薪械锌褉械屑械薪薪芯	0.000280	1.832581	0.000514
薪械褋泻芯谢褜泻芯	0.000280	0.916291	0.000257
薪械褋谢邪写泻芯械	0.000280	0.116534	0.000033
薪懈斜褍写褜	0.000561	1.832581	0.001028
薪懈泻邪泻芯泄	0.000561	2.207275	0.001238
薪懈薪邪	0.000561	1.203973	0.000675
薪芯胁邪褟	0.000280	0.116534	0.000033
薪芯胁芯谐芯写薪械谐芯	0.001402	0.116534	0.000163
薪芯胁芯谐芯写薪械械	0.000841	0.116534	0.000098
薪芯胁芯谐芯写薪懈械	0.001683	0.040822	0.000069
薪芯胁芯谐芯写薪懈泄	0.001963	0.116534	0.000229
薪芯胁芯谐芯写薪褟褟	0.000280	0.105361	0.000030
薪芯胁芯褋褌褟褏	0.000280	0.061875	0.000017
薪芯胁褘械	0.000561	0.051293	0.000029
薪芯胁褘泄	0.002804	0.094311	0.000264
薪芯胁褘褏	0.000280	1.966113	0.000551
薪芯褉胁械卸褋泻邪褟	0.000280	0.116534	0.000033
薪褜褞	0.000280	2.207275	0.000619
薪褟屑泻邪	0.000841	2.659260	0.002237
芯斜械写	0.000841	0.105361	0.000089
芯斜械蟹褜褟薪懈泄	0.000280	2.407946	0.000675
芯斜械蟹褜褟薪褘	0.000280	0.116534	0.000033
芯斜谢邪泻邪	0.000280	3.218876	0.000903
芯斜薪邪褉褍卸懈褌褋褟	0.000280	2.302585	0.000646
芯斜芯卸邪褞	0.000280	1.897120	0.000532
芯斜褉褍谐邪薪薪芯泄	0.000280	3.506558	0.000983
芯斜褖邪褌褜褋褟	0.000280	0.040822	0.000011
芯斜褖械屑	0.000280	2.040221	0.000572
芯斜褟蟹邪薪邪	0.000280	2.407946	0.000675
芯胁芯褖邪屑懈	0.000280	0.116534	0.000033
芯胁芯褖械泄	0.003926	0.105361	0.000414
芯胁芯褖懈	0.001683	0.094311	0.000159
芯胁芯褖薪邪褟	0.000280	0.040822	0.000011
芯胁芯褖薪芯械	0.000280	0.116534	0.000033
芯胁芯褖薪芯泄	0.000561	0.105361	0.000059
芯胁芯褖薪褘械	0.001402	0.040822	0.000057
芯胁褋褟薪芯械	0.000280	0.116534	0.000033
芯谐薪械薪薪芯泄	0.000280	0.116534	0.000033
芯谐薪褟	0.000280	0.116534	0.000033
芯谐褍褉褑褘	0.000561	0.116534	0.000065
芯写薪芯泄	0.000280	1.237874	0.000347
芯泻邪蟹邪谢芯褋褜	0.000280	1.832581	0.000514
芯泻褉芯褕泻邪	0.000841	0.040822	0.000034
芯泻褌褟斜褉褟	0.000280	0.562119	0.000158
芯谢邪写褜懈	0.000841	0.040822	0.000034
芯谢械泄薪邪	0.000841	0.116534	0.000098
芯谢械泄薪芯泄	0.001122	0.116534	0.000131
芯谢械泄薪褘	0.000280	0.127833	0.000036
芯谢褜谐邪	0.000280	1.427116	0.000400
芯屑谢械褌	0.000280	0.040822	0.000011
芯锌邪褉邪	0.000280	0.040822	0.000011
芯锌褉芯斜芯胁邪薪薪褘褏	0.000280	3.506558	0.000983
芯锌褉芯褋	0.000280	0.061875	0.000017
芯褋械薪薪械械	0.000280	0.116534	0.000033
芯褋械薪薪懈械	0.000280	0.051293	0.000014
芯褋械薪薪懈泄	0.000561	0.116534	0.000065
芯褋械薪褜	0.002804	0.105361	0.000295
芯褋泻邪薪写邪谢械薪薪芯泄	0.000280	3.506558	0.000983
芯褋薪芯胁薪芯械	0.000280	0.040822	0.000011
芯褋褌邪械褌褋褟	0.000280	0.116534	0.000033
芯褋褌邪薪械褌褋褟	0.000280	3.218876	0.000903
芯褋褌邪薪芯胁懈褌褜褋褟	0.000280	1.714798	0.000481
芯褋褌邪褞褌褋褟	0.000280	2.207275	0.000619
芯褌胁械褌懈褌褜	0.000280	0.051293	0.000014
芯褌胁械褌芯胁	0.000280	0.051293	0.000014
芯褌胁械褌褋褌胁械薪薪芯褋褌褜褞	0.000280	2.120264	0.000595
芯褌胁械褌褘	0.000280	0.000000	0.000000
芯褌泻褉褘褌懈械	0.000280	2.525729	0.000708
芯褌泻褉褘褌懈械屑	0.000280	2.525729	0.000708
芯褌泻褉褘褌褘泄	0.000841	0.116534	0.000098
芯褌谢懈褔薪褘泄	0.000280	1.560648	0.000438
芯褌屑械薪懈褌褜	0.000280	0.040822	0.000011
芯褏谢邪写懈褌褜	0.000280	0.116534	0.000033
芯褏芯褌邪	0.000280	3.218876	0.000903
芯褔械褉械写薪芯泄	0.000280	1.771957	0.000497
锌邪泻械褌懈泻邪褏	0.000280	0.105361	0.000030
锌邪谢芯褔泻邪	0.000561	1.560648	0.000875
锌邪谢芯褔泻懈	0.000280	0.040822	0.000011
锌邪薪懈褉芯胁泻邪	0.002243	0.116534	0.000261
锌邪褉邪	0.000280	0.116534	0.000033
锌邪褉邪写	0.001963	0.116534	0.000229
锌邪褉邪屑械褌褉邪屑	0.000280	3.506558	0.000983
锌邪褉芯胁邪褉泻械	0.002524	0.116534	0.000294
锌邪褉芯谢褜	0.000280	0.020203	0.000006
锌邪褋褌邪	0.000841	0.040822	0.000034
锌邪褋褌褉芯屑邪	0.000280	0.040822	0.000011
锌邪褋褏邪	0.000561	0.040822	0.000023
锌邪褋褏邪谢褜薪邪褟	0.000561	0.116534	0.000065
锌邪褋褏邪谢褜薪褘泄	0.000280	0.127833	0.000036
锌邪褕褌械褌	0.000280	0.040822	0.000011
锌邪褕褌械褌褘	0.000561	0.116534	0.000065
锌械泻邪褉褟	0.000280	0.127833	0.000036
锌械谢褜屑械薪懈	0.000280	0.116534	0.000033
锌械褉胁芯械	0.000561	0.040822	0.000023
锌械褉胁芯泻谢邪褋褋薪懈泻芯胁	0.000280	2.407946	0.000675
锌械褉胁褘械	0.000280	0.127833	0.000036
锌械褉胁褘屑	0.000280	0.116534	0.000033
锌械褉械胁芯褉芯褌	0.000280	3.506558	0.000983
锌械褉械泄褌懈	0.000280	0.040822	0.000011
锌械褉械泻褍褋	0.000561	0.116534	0.000065
锌械褉械褑	0.000280	0.040822	0.000011
锌械褉懈芯写	0.000280	2.207275	0.000619
锌械褉褋芯薪褘	0.000280	0.116534	0.000033
锌械褉褍邪薪褋泻邪褟	0.000280	0.116534	0.000033
锌械褋芯褔薪芯械	0.000561	0.105361	0.000059
锌械褋芯褔薪褘泄	0.000280	0.116534	0.000033
锌械褌械谢懈薪泻懈	0.000280	0.127833	0.000036
锌械褌褉褍褕泻邪	0.000561	0.693147	0.000389
锌械褔械薪芯褔薪褘泄	0.000280	0.040822	0.000011
锌械褔械薪褜械	0.002524	0.040822	0.000103
锌械褔懈	0.000280	0.127833	0.000036
锌懈胁芯	0.000280	0.116534	0.000033
锌懈泻邪薪褌褘	0.000280	0.127833	0.000036
锌懈泻薪懈泻	0.000561	0.116534	0.000065
锌懈泻薪懈泻邪	0.000280	0.116534	0.000033
锌懈泻薪懈泻褍	0.000280	0.105361	0.000030
锌懈锌械褑	0.000280	2.659260	0.000746
锌懈褉	0.000280	0.116534	0.000033
锌懈褉芯谐	0.005328	0.040822	0.000218
锌懈褉芯谐邪	0.000841	1.309333	0.001102
锌懈褉芯谐械	0.000280	2.995732	0.000840
锌懈褉芯谐懈	0.002524	0.105361	0.000266
锌懈褉芯谐芯屑	0.000280	2.407946	0.000675
锌懈褉芯卸泻懈	0.001683	0.040822	0.000069
锌懈褉芯卸泻芯胁	0.000561	1.966113	0.001103
锌懈褉芯卸薪芯械	0.000280	0.040822	0.000011
锌懈褉芯卸薪褘械	0.000280	0.116534	0.000033
锌懈褌邪薪懈械	0.001402	0.105361	0.000148
锌懈褌邪褌械谢褜薪褘屑	0.000280	2.813411	0.000789
锌懈褑褑邪	0.000561	0.040822	0.000023
锌谢邪胁谢械薪褘泄	0.000561	1.237874	0.000694
锌谢邪屑褟	0.000280	0.116534	0.000033
锌谢懈褌邪	0.001122	0.127833	0.000143
锌谢芯胁	0.000280	0.116534	0.000033
锌谢芯写褘	0.000280	0.116534	0.000033
锌芯胁邪褉械薪泻械	0.000280	0.040822	0.000011
锌芯胁邪褉械薪芯泻	0.000280	0.061875	0.000017
锌芯胁邪褉褟褌	0.000280	0.116534	0.000033
锌芯胁邪褉褟褌邪屑懈	0.000280	0.040822	0.000011
锌芯胁邪褉褢薪泻邪	0.000280	0.116534	0.000033
锌芯胁械褋懈褌褜	0.000280	2.407946	0.000675
锌芯胁懈写谢芯	0.000280	0.040822	0.000011
锌芯写邪褉泻芯胁	0.000280	0.116534	0.000033
锌芯写斜芯褉	0.000280	1.514128	0.000425
锌芯写胁械褉谐邪褞	0.000280	3.506558	0.000983
锌芯写谢懈胁邪	0.000280	0.116534	0.000033
锌芯写谢懈胁泻邪	0.000280	0.040822	0.000011
锌芯写锌懈褋邪褌褜褋褟	0.000280	0.040822	0.000011
锌芯写锌懈褕懈褌械褋褜	0.000561	0.040822	0.000023
锌芯械写邪薪懈懈	0.000280	2.207275	0.000619
锌芯械写懈薪泻懈	0.003926	0.116534	0.000458
锌芯械蟹写	0.000280	3.218876	0.000903
锌芯卸邪谢褍泄褋褌邪	0.000280	1.966113	0.000551
锌芯蟹写褉邪胁谢褟褞	0.000280	2.207275	0.000619
锌芯蟹写褉邪胁褜	0.000280	0.116534	0.000033
锌芯懈褋泻	0.000280	0.051293	0.000014
锌芯懈褋泻褍	0.000280	2.302585	0.000646
锌芯泻谢芯薪懈谢邪褋褜	0.000280	3.506558	0.000983
锌芯泻芯谢械薪懈褟	0.000280	2.525729	0.000708
锌芯谢写薪懈泻	0.000561	0.116534	0.000065
锌芯谢械蟹薪芯	0.000280	0.116534	0.000033
锌芯谢械蟹薪褘屑	0.000280	3.218876	0.000903
锌芯谢懈褌懈泻芯泄	0.000280	0.040822	0.000011
锌芯谢薪褘泄	0.000280	2.040221	0.000572
锌芯谢芯胁懈薪邪	0.002243	0.116534	0.000261
锌芯谢芯卸懈褌褜	0.000280	2.525729	0.000708
锌芯谢褍褔邪械褌褋褟	0.001683	0.400478	0.000674
锌芯谢褍褔邪泄褌械	0.000280	0.040822	0.000011
锌芯谢褍褔邪褌褜	0.000280	0.040822	0.000011
锌芯谢褍褔邪褞褌褋褟	0.000280	1.427116	0.000400
锌芯谢褍褔械薪懈褟	0.000280	2.659260	0.000746
锌芯谢褜蟹邪	0.000280	0.127833	0.000036
锌芯谢褜蟹芯泄	0.001122	0.116534	0.000131
锌芯谢褜蟹褘	0.000280	3.218876	0.000903
锌芯谢褜褋泻邪褟	0.000280	0.116534	0.000033
锌芯屑邪写泻邪	0.000561	0.040822	0.000023
锌芯屑邪写泻懈	0.000280	0.116534	0.000033
锌芯屑懈写芯褉泻懈	0.000280	0.127833	0.000036
锌芯屑懈写芯褉褘	0.000561	0.116534	0.000065
锌芯屑薪懈褌	0.000280	3.218876	0.000903
锌芯薪褉邪胁懈胁褕懈械褋褟	0.000280	0.040822	0.000011
锌芯薪褉邪胁懈谢褋褟	0.000280	1.714798	0.000481
锌芯薪褔懈泻懈	0.000841	0.040822	0.000034
锌芯锌褉芯斜芯胁邪褌褜	0.000841	0.798508	0.000672
锌芯锌褉芯斜褍泄褌械	0.000280	0.562119	0.000158
锌芯锌褍谢褟褉薪褘泄	0.000280	2.040221	0.000572
锌芯褉邪	0.000280	0.116534	0.000033
锌芯褉懈褋褌芯谐芯	0.000280	2.659260	0.000746
锌芯褉懈褋褌褘泄	0.000280	2.207275	0.000619
锌芯褉芯褕芯泻	0.000561	0.916291	0.000514
锌芯褉褌褍谐邪谢褜褋泻邪褟	0.000280	0.116534	0.000033
锌芯褉褑懈懈	0.000280	2.120264	0.000595
锌芯褋械褖邪械褌械	0.000280	0.061875	0.000017
锌芯褋谢械写薪懈泄	0.000280	1.560648	0.000438
锌芯褋褌	0.001402	0.105361	0.000148
锌芯褋褌薪芯械	0.000280	0.116534	0.000033
锌芯褋褌薪褘械	0.000280	0.040822	0.000011
锌芯褋褌薪褘泄	0.000561	0.116534	0.000065
锌芯褋褌芯褟薪薪芯	0.000280	0.040822	0.000011
锌芯褋褌褉芯懈屑	0.000280	0.116534	0.000033
锌芯褋褍写邪	0.000561	0.094311	0.000053
锌芯褌褉褟褋	0.000561	3.506558	0.001967
锌芯褌褉褟褋邪褞褖械谐芯	0.000280	2.407946	0.000675
锌芯褔褌懈	0.000280	1.021651	0.000286
锌芯褔褌褍	0.000280	0.040822	0.000011
锌芯褕邪谐芯胁褘械	0.000280	0.301105	0.000084
锌芯褕邪谐芯胁褘屑懈	0.000280	0.040822	0.000011
锌芯褟胁懈谢邪褋褜	0.000280	3.218876	0.000903
锌芯褟褋	0.000280	3.506558	0.000983
锌褉邪胁写邪	0.000280	1.139434	0.000320
锌褉邪蟹写薪懈泻邪	0.000280	0.116534	0.000033
锌褉邪蟹写薪懈褔薪芯	0.000280	0.116534	0.000033
锌褉邪蟹写薪懈褔薪芯谐芯	0.000280	0.116534	0.000033
锌褉邪蟹写薪懈褔薪褘泄	0.000280	0.116534	0.000033
锌褉邪泻褌懈泻褍屑	0.000280	0.116534	0.000033
锌褉械胁芯褋褏芯写薪褘械	0.000280	0.116534	0.000033
锌褉械胁褉邪褖械薪懈褟	0.000280	0.116534	0.000033
锌褉械写谢邪谐邪褞	0.000561	0.693147	0.000389
锌褉械写谢芯卸懈褌褜	0.000280	1.237874	0.000347
锌褉械褋薪芯械	0.000280	0.116534	0.000033
锌褉懈谐芯褌芯胁懈屑	0.000280	0.116534	0.000033
锌褉懈谐芯褌芯胁懈褌褜	0.000561	0.342490	0.000192
锌褉懈谐芯褌芯胁谢械薪懈械	0.000280	0.105361	0.000030
锌褉懈谐芯褌芯胁谢械薪懈懈	0.000280	0.798508	0.000224
锌褉懈谐芯褌芯胁谢械薪懈褞	0.000280	0.040822	0.000011
锌褉懈谐芯褌芯胁谢械薪懈褟	0.000280	0.371064	0.000104
锌褉懈写褍屑邪薪	0.000280	2.207275	0.000619
锌褉懈蟹薪邪薪懈械	0.000280	0.116534	0.000033
锌褉懈蟹芯胁	0.000280	0.040822	0.000011
锌褉懈屑械褉薪芯	0.000280	1.966113	0.000551
锌褉懈锌褉邪胁邪	0.000280	0.040822	0.000011
锌褉懈褉芯写褍	0.000280	0.116534	0.000033
锌褉懈褉芯写褘	0.000280	0.116534	0.000033
锌褉懈褋褌褍锌懈褌褜	0.000280	0.040822	0.000011
锌褉芯斜褍褞	0.000280	3.506558	0.000983
锌褉芯胁械写懈	0.001122	0.116534	0.000131
锌褉芯胁械褉械薪芯	0.001683	0.116534	0.000196
锌褉芯胁械褉懈褌褜	0.000561	1.832581	0.001028
锌褉芯胁芯写懈屑褘褏	0.000280	0.040822	0.000011
锌褉芯胁芯卸邪械屑	0.000280	0.116534	0.000033
锌褉芯写褍泻褌芯胁	0.000561	0.094311	0.000053
锌褉芯械泻褌芯胁	0.000280	0.116534	0.000033
锌褉芯械泻褌褘	0.000280	0.061875	0.000017
锌褉芯褋屑芯褌褉邪屑	0.000280	0.274437	0.000077
锌褉芯褋褌芯	0.001683	0.083382	0.000140
锌褉芯褋褌芯谐芯	0.000280	2.040221	0.000572
锌褉芯褋褌芯泄	0.001122	0.755023	0.000847
锌褉芯褋褌芯泻胁邪褕邪	0.000280	0.040822	0.000011
锌褉芯褋褜斜邪屑	0.000280	2.207275	0.000619
锌褉芯褋褜斜芯泄	0.000280	2.302585	0.000646
锌褉芯褎懈谢褜	0.000280	0.040822	0.000011
锌褉芯褔谢邪	0.000280	2.302585	0.000646
锌褉芯褕谢芯谐芯	0.000280	2.302585	0.000646
锌褉芯褕褍	0.000280	1.139434	0.000320
锌褉芯褖械	0.000280	1.660731	0.000466
锌褉褟屑芯	0.000280	0.040822	0.000011
锌褉褟薪懈泻	0.000280	0.040822	0.000011
锌褉褟薪懈泻懈	0.000280	0.116534	0.000033
锌褉褟薪懈褔薪芯械	0.000280	0.116534	0.000033
锌褌懈褑邪	0.001402	0.116534	0.000163
锌褌懈褑械	0.000561	0.116534	0.000065
锌褌懈褑械泄	0.000280	0.127833	0.000036
锌褌懈褑褘	0.003085	0.116534	0.000359
锌褍斜谢懈泻芯胁邪谢褋褟	0.000280	2.407946	0.000675
锌褍写懈薪谐	0.000280	0.040822	0.000011
锌褍写懈薪谐懈	0.000561	0.116534	0.000065
锌褍薪褕	0.000280	0.040822	0.000011
锌褍褌械褕械褋褌胁懈械	0.000561	0.116534	0.000065
锌褍褌褜	0.000561	0.116534	0.000065
锌褕械薪懈褔薪邪褟	0.008413	0.287682	0.002420
锌褘褕泻懈	0.000280	0.040822	0.000011
锌褘褕薪褘屑	0.000280	3.506558	0.000983
锌褞褉械	0.001122	0.040822	0.000046
褉邪谐褍	0.000280	0.116534	0.000033
褉邪蟹	0.000561	0.446287	0.000250
褉邪蟹胁械褉薪褍褌褜	0.000280	0.116534	0.000033
褉邪蟹写械谢懈胁	0.000280	3.218876	0.000903
褉邪蟹写械谢褜薪芯械	0.000280	0.116534	0.000033
褉邪蟹薪芯芯斜褉邪蟹懈褟	0.000280	2.659260	0.000746
褉邪蟹薪褘械	0.000280	0.116534	0.000033
褉邪蟹褉褘褏谢懈褌械谢褜	0.002243	1.237874	0.002777
褉邪屑泻邪褏	0.000280	1.832581	0.000514
褉邪褋褋芯谢褜薪懈泻	0.001122	0.040822	0.000046
褉邪褋褋芯谢褜薪懈泻邪	0.000280	0.116534	0.000033
褉邪褋褋褌芯泄泻懈	0.000280	2.659260	0.000746
褉邪褋褋褔懈褌邪薪	0.000280	2.302585	0.000646
褉邪褋褋褘谢泻懈	0.000280	0.061875	0.000017
褉邪褋褌懈褌械谢褜薪芯械	0.003926	0.235722	0.000925
褉邪褋褏芯褔械褌褋褟	0.000280	3.506558	0.000983
褉胁械褌褋褟	0.000280	3.218876	0.000903
褉械胁芯谢褞褑懈芯薪薪褘泄	0.000280	3.506558	0.000983
褉械谐懈褋褌褉邪褑懈懈	0.000561	0.010050	0.000006
褉械谐懈褋褌褉邪褑懈褟	0.000280	0.000000	0.000000
褉械写邪泻褌芯褉邪	0.000561	2.407946	0.001351
褉械蟹褍谢褜褌邪褌	0.000280	0.967584	0.000271
褉械泄褌懈薪谐褍	0.000280	0.248461	0.000070
褉械泻芯屑械薪写褍褞	0.000561	1.049822	0.000589
褉械锌褔邪褌褘泄	0.001122	0.430783	0.000483
褉械褑械锌褌	0.008413	0.040822	0.000343
褉械褑械锌褌邪	0.000561	0.462035	0.000259
褉械褑械锌褌邪褏	0.000561	0.061875	0.000035
褉械褑械锌褌芯胁	0.001963	0.040822	0.000080
褉械褑械锌褌芯屑	0.000280	0.693147	0.000194
褉械褑械锌褌褘	0.020191	0.040822	0.000824
褉懈褋	0.001122	0.040822	0.000046
褉懈褋邪	0.000280	0.116534	0.000033
褉懈褋泻褍	0.000280	3.506558	0.000983
褉懈褋芯屑	0.000280	1.660731	0.000466
褉懈褌屑械	0.000280	0.116534	0.000033
褉芯谐邪谢懈泻懈	0.000280	0.040822	0.000011
褉芯写邪	0.000280	2.525729	0.000708
褉芯写懈褌械谢械泄	0.000280	2.040221	0.000572
褉芯写薪芯械	0.000280	0.116534	0.000033
褉芯卸写械薪懈褟	0.000280	0.105361	0.000030
褉芯卸写械褋褌胁芯	0.000280	0.116534	0.000033
褉芯谢谢褌芯薪	0.000280	0.116534	0.000033
褉芯谢谢褘	0.000561	0.040822	0.000023
褉芯屑	0.000280	0.040822	0.000011
褉褍斜褉懈泻邪褌芯褉	0.000280	0.051293	0.000014
褉褍谐邪泄褌械褋褜	0.000280	3.218876	0.000903
褉褍谐褍胁邪褔泻懈	0.000841	2.659260	0.002237
褉褍谢械褌	0.000280	0.040822	0.000011
褉褍谢械褌褘	0.003085	0.116534	0.000359
褉褍屑褘薪褋泻邪褟	0.000280	0.116534	0.000033
褉褍屑褟薪褘械	0.000280	0.116534	0.000033
褉褍屑褟薪褘褏	0.000280	2.659260	0.000746
褉褍薪械褌械	0.000280	0.020203	0.000006
褉褍褋褋泻邪褟	0.000280	0.116534	0.000033
褉褘斜邪	0.002524	0.040822	0.000103
褉褘斜械	0.000561	0.116534	0.000065
褉褘斜薪邪褟	0.000280	0.116534	0.000033
褉褘斜薪芯谐芯	0.000561	0.116534	0.000065
褉褘斜薪褘械	0.001122	0.116534	0.000131
褉褘斜薪褘泄	0.000561	0.116534	0.000065
褉褘斜薪褘褏	0.000280	0.116534	0.000033
褉褘斜芯泄	0.000561	0.116534	0.000065
褉褘斜褘	0.003365	0.116534	0.000392
褉褟卸械薪泻邪	0.000280	0.116534	0.000033
褋邪泄褌	0.000841	0.000000	0.000000
褋邪泄褌邪	0.000280	1.108663	0.000311
褋邪泄褌械	0.000280	0.462035	0.000130
褋邪泄褌褍	0.000561	0.061875	0.000035
褋邪谢邪褌	0.000280	0.094311	0.000026
褋邪谢邪褌薪邪褟	0.000280	0.116534	0.000033
褋邪谢邪褌褘	0.008693	0.040822	0.000355
褋邪屑芯谐芯薪	0.000280	0.040822	0.000011
褋邪屑褍褞	0.000280	3.218876	0.000903
褋邪屑褘褏	0.000841	0.116534	0.000098
褋邪薪谐邪褉懈	0.000280	2.659260	0.000746
褋邪褍薪芯泄	0.000280	3.506558	0.000983
褋邪褎	0.000841	0.116534	0.000098
褋邪褎褋械屑	0.000280	0.116534	0.000033
褋邪褏邪褉	0.007852	0.116534	0.000915
褋斜懈褌械薪褜	0.000280	0.040822	0.000011
褋胁械卸械褋褌褜	0.000280	0.105361	0.000030
褋胁械卸懈屑懈	0.000280	2.525729	0.000708
褋胁械泻谢邪	0.000280	0.040822	0.000011
褋胁械泻芯谢褜薪懈泻	0.000841	0.040822	0.000034
褋胁械褌邪	0.001122	0.116534	0.000131
褋胁懈薪懈薪邪	0.000280	0.040822	0.000011
褋胁懈薪懈薪褘	0.001122	0.116534	0.000131
褋胁芯械	0.000280	0.116534	0.000033
褋胁芯械谐芯	0.000280	1.897120	0.000532
褋胁芯械屑	0.000280	0.040822	0.000011
褋胁芯懈屑	0.000280	0.040822	0.000011
褋胁芯褞	0.000280	0.040822	0.000011
褋谐褍褖械薪泻邪	0.000280	0.040822	0.000011
褋械蟹芯薪	0.000280	0.116534	0.000033
褋械泄褔邪褋	0.000280	0.030459	0.000009
褋械泻褉械褌褘	0.000561	0.116534	0.000065
褋械谢械写泻邪	0.000280	0.040822	0.000011
褋械谢懈	0.000280	3.218876	0.000903
褋械屑谐邪	0.000280	0.040822	0.000011
褋械屑械泄薪褘泄	0.000280	0.116534	0.000033
褋械屑褜械	0.000280	1.309333	0.000367
褋械屑褜懈	0.000561	0.116534	0.000065
褋械薪褌褟斜褉褟	0.000841	0.673345	0.000566
褋械褋褌褉芯泄	0.000280	3.218876	0.000903
褋懈谐邪褉褘	0.000280	2.525729	0.000708
褋懈写褉	0.000280	0.040822	0.000011
褋懈褉懈泄褋泻邪褟	0.000280	0.116534	0.000033
褋懈褉芯锌	0.000280	0.040822	0.000011
褋懈褉芯锌褘	0.000280	0.116534	0.000033
褋懈褋褌械屑褘	0.000280	0.040822	0.000011
褋懈褌懈	0.000280	0.127833	0.000036
褋泻邪蟹邪褌褜	0.000280	0.653926	0.000183
褋泻邪蟹泻邪	0.000280	2.302585	0.000646
褋泻邪蟹芯泻	0.000280	0.116534	0.000033
褋谢邪写泻邪褟	0.000561	0.116534	0.000065
褋谢邪写泻懈械	0.001683	0.040822	0.000069
褋谢邪写泻懈泄	0.002524	0.105361	0.000266
褋谢邪写泻懈褏	0.000561	0.116534	0.000065
褋谢邪写泻芯	0.000280	0.116534	0.000033
褋谢械写懈褌	0.000280	2.995732	0.000840
褋谢懈胁邪	0.000561	2.302585	0.001291
褋谢懈胁芯胁褘泄	0.000280	2.407946	0.000675
褋谢懈胁芯褔薪芯谐芯	0.000280	1.771957	0.000497
褋谢懈胁芯褔薪芯械	0.004206	0.116534	0.000490
褋谢芯械薪芯谐芯	0.000280	0.127833	0.000036
褋谢芯械薪芯械	0.000280	0.116534	0.000033
褋谢芯械薪褘泄	0.000280	0.116534	0.000033
褋谢芯泄泻邪	0.000280	0.040822	0.000011
褋谢芯泄泻懈	0.000561	0.116534	0.000065
褋谢褍褔邪懈	0.000280	2.407946	0.000675
褋屑	0.000280	2.040221	0.000572
褋屑械褌邪薪邪	0.001963	0.105361	0.000207
褋屑械褕邪薪薪芯谐芯	0.000280	0.116534	0.000033
褋屑芯卸械褌械	0.000280	0.040822	0.000011
褋屑褍蟹懈	0.000841	0.040822	0.000034
褋薪邪褔邪谢邪	0.000280	2.120264	0.000595
褋薪褝泻	0.000280	0.116534	0.000033
褋芯斜懈褉邪械褌械褋褜	0.000280	0.040822	0.000011
褋芯胁械褉褕械薪褋褌胁芯	0.001402	0.116534	0.000163
褋芯胁械褉褕懈谢邪	0.000280	3.506558	0.000983
褋芯胁械褌邪屑懈	0.000280	0.040822	0.000011
褋芯胁械褌褍褞	0.000561	1.139434	0.000639
褋芯谐谢邪褋薪芯	0.000280	2.302585	0.000646
褋芯谐谢邪褕邪械褌械褋褜	0.000280	0.040822	0.000011
褋芯写邪	0.001683	0.967584	0.001628
褋芯蟹写邪械褌	0.000280	0.116534	0.000033
褋芯蟹写邪薪懈褟	0.000561	0.261365	0.000147
褋芯泻	0.000841	0.116534	0.000098
褋芯泻邪	0.000280	0.105361	0.000030
褋芯泻懈	0.000280	0.040822	0.000011
褋芯谢械薪褘械	0.000841	0.116534	0.000098
褋芯谢械薪褜褟	0.000561	0.116534	0.000065
褋芯谢薪械褔薪芯泄	0.000280	0.127833	0.000036
褋芯谢褜	0.004487	0.150823	0.000677
褋芯谢褟薪泻邪	0.000841	0.040822	0.000034
褋芯褉褌懈褉芯胁邪褌褜	0.000280	0.248461	0.000070
褋芯褋褌邪胁褜	0.000280	0.116534	0.000033
褋芯褍褋	0.002243	0.040822	0.000092
褋芯褍褋芯屑	0.001402	0.116534	0.000163
褋芯褍褋褘	0.001122	0.116534	0.000131
褋芯褏褉邪薪褟褌褜	0.000280	0.040822	0.000011
褋芯褑褋械褌懈	0.000280	0.040822	0.000011
褋芯褔械褌邪薪懈械	0.000280	0.116534	0.000033
褋芯褔薪芯械	0.000280	0.116534	0.000033
褋芯褔薪褍褞	0.000280	2.995732	0.000840
褋锌邪谢褜薪褟屑懈	0.000561	0.446287	0.000250
褋锌邪褋懈斜芯	0.000280	0.673345	0.000189
褋锌械褑懈邪谢褜薪芯械	0.000280	0.116534	0.000033
褋锌械褑懈懈	0.000280	0.105361	0.000030
褋锌械褑锌褉芯械泻褌	0.009254	0.116534	0.001078
褋锌械褕褍	0.000280	2.040221	0.000572
褋锌懈褋芯泻	0.000280	0.116534	0.000033
褋锌芯褞	0.000280	0.116534	0.000033
褋锌褉芯褋懈褌械	0.000280	3.506558	0.000983
褋褉邪胁薪懈褌褜褋褟	0.000280	3.506558	0.000983
褋褉邪蟹褍	0.000280	0.733969	0.000206
褋褉械写懈蟹械屑薪芯屑芯褉褋泻邪褟	0.000280	0.127833	0.000036
褋褌邪褉褘械	0.000280	0.261365	0.000073
褋褌邪褌褜褟褏	0.000280	0.061875	0.000017
褋褌懈谢械	0.000280	0.116534	0.000033
褋褌懈谢褟	0.000280	0.116534	0.000033
褋褌芯谢	0.000561	0.105361	0.000059
褋褌芯谢邪	0.001683	0.116534	0.000196
褋褌褉芯懈褌械谢褜褋褌胁械	0.000280	0.040822	0.000011
褋褌褉芯懈褌械谢褜褋褌胁褍	0.000280	0.040822	0.000011
褋褌褉芯懈褌褜	0.000280	0.040822	0.000011
褋褌褉芯泄薪芯泄	0.000280	0.116534	0.000033
褋褍斜锌褉芯写褍泻褌芯胁	0.001963	0.116534	0.000229
褋褍斜锌褉芯写褍泻褌褘	0.000841	0.116534	0.000098
褋褍写	0.000280	2.525729	0.000708
褋褍屑邪褋褕械写褕懈泄	0.000280	2.207275	0.000619
褋褍锌	0.003085	0.040822	0.000126
褋褍锌邪	0.000280	0.040822	0.000011
褋褍锌械褉斜邪斜褍褕泻邪	0.000561	1.237874	0.000694
褋褍锌褘	0.002524	0.040822	0.000103
褋褍褌泻懈	0.000280	2.120264	0.000595
褋褍褎谢械	0.000841	0.040822	0.000034
褋褍褏邪褉懈	0.000280	0.040822	0.000011
褋褍褕懈	0.000561	0.040822	0.000023
褋褔懈褌邪薪薪褘械	0.000280	1.966113	0.000551
褋褔懈褌邪褌褜	0.000280	2.302585	0.000646
褋褘褉	0.003646	0.040822	0.000149
褋褘褉邪	0.001402	0.116534	0.000163
褋褘褉邪屑懈	0.000280	0.127833	0.000036
褋褘褉薪懈泻	0.000280	0.040822	0.000011
褋褘褉薪懈泻懈	0.000561	0.116534	0.000065
褋褘褉薪褘械	0.001402	0.040822	0.000057
褋褘褉芯屑	0.000841	0.713350	0.000600
褋褘褌薪褘泄	0.000561	0.105361	0.000059
褋褘褔褍卸薪褘屑懈	0.000280	0.127833	0.000036
褋褝薪写胁懈褔懈	0.000280	0.127833	0.000036
褋褞褉锌褉懈蟹	0.000280	0.116534	0.000033
褌邪写卸懈泻褋泻邪褟	0.000280	0.116534	0.000033
褌邪泄屑褋	0.000280	2.407946	0.000675
褌邪泄褋泻邪褟	0.000280	0.116534	0.000033
褌邪泻芯谐芯	0.000280	1.078810	0.000303
褌邪褉褌	0.000561	0.116534	0.000065
褌邪褉褌邪谢械褌泻懈	0.000561	0.040822	0.000023
褌邪褌邪褉褋泻邪褟	0.000280	0.116534	0.000033
褌胁械褉写褘泄	0.002243	0.562119	0.001261
褌胁芯懈	0.000561	0.116534	0.000065
褌胁芯褉懈	0.000280	0.116534	0.000033
褌胁芯褉芯谐	0.002243	0.040822	0.000092
褌胁芯褉芯谐邪	0.000280	1.897120	0.000532
褌胁芯褉芯谐芯屑	0.000561	0.105361	0.000059
褌胁芯褉芯卸薪芯械	0.000280	0.116534	0.000033
褌胁芯褉芯卸薪褘械	0.000561	0.116534	0.000065
褌胁芯褉芯卸薪褘泄	0.000561	0.116534	0.000065
褌械谢械谐褉邪屑	0.000280	0.040822	0.000011
褌械谢褟褌懈薪褘	0.001122	0.116534	0.000131
褌械锌谢芯屑	0.000280	0.116534	0.000033
褌械褉锌械薪懈械	0.000561	2.407946	0.001351
褌械褉褉懈薪	0.000280	0.040822	0.000011
褌械褋褌	0.001402	0.127833	0.000179
褌械褋褌邪	0.010095	0.105361	0.001064
褌械褋褌械	0.000280	2.040221	0.000572
褌械褋褌芯	0.004206	0.040822	0.000172
褌械褏	0.000561	0.634878	0.000356
褌械褏薪懈泻邪	0.001402	0.105361	0.000148
褌械褏薪芯谢芯谐懈懈	0.000280	2.407946	0.000675
褌械褖懈薪	0.000280	0.040822	0.000011
褌屑	0.001122	0.127833	0.000143
褌芯谐写邪褕薪械谐芯	0.000280	2.407946	0.000675
褌芯薪械薪褜泻芯械	0.000280	3.218876	0.000903
褌芯薪泻芯谐芯	0.000561	2.302585	0.001291
褌芯锌谢械薪芯械	0.000280	0.116534	0.000033
褌芯褉褌	0.003365	0.040822	0.000137
褌芯褉褌褘	0.002524	0.116534	0.000294
褌褉邪胁褘	0.000280	0.105361	0.000030
褌褉邪写懈褑懈懈	0.000280	0.116534	0.000033
褌褉邪写懈褑懈泄	0.001122	0.116534	0.000131
褌褉邪写懈褑懈芯薪薪褘械	0.000280	2.525729	0.000708
褌褉邪写懈褑懈褟褏	0.000280	0.116534	0.000033
褌褉械斜褍械褌褋褟	0.000280	2.302585	0.000646
褌褉械褏谢械褌懈械屑	0.000280	0.116534	0.000033
褌褉懈卸写褘	0.000280	2.302585	0.000646
褌褉褍斜芯褔泻懈	0.000280	0.040822	0.000011
褌褍薪懈褋褋泻邪褟	0.000280	0.116534	0.000033
褌褍薪褑芯屑	0.000280	0.116534	0.000033
褌褍褉械褑泻邪褟	0.000280	0.116534	0.000033
褌褍褋芯薪	0.000280	4.605170	0.001291
褌褘泻胁邪	0.000280	0.040822	0.000011
褍胁械写芯屑谢械薪懈褟	0.000280	0.040822	0.000011
褍胁械褉械薪邪	0.000561	1.272966	0.000714
褍谐芯褖邪泄褌械褋褜	0.000280	1.021651	0.000286
褍写邪谢褞	0.000280	1.771957	0.000497
褍写邪褔薪邪褟	0.000280	0.116534	0.000033
褍写懈胁懈	0.000280	0.116534	0.000033
褍写懈胁懈褌褜	0.000280	1.771957	0.000497
褍写懈胁谢褟泄褌械	0.001122	0.116534	0.000131
褍写芯胁芯谢褜褋褌胁懈械屑	0.000280	0.116534	0.000033
褍卸	0.000561	0.693147	0.000389
褍卸懈薪	0.001963	0.094311	0.000185
褍蟹斜械泻褋泻邪褟	0.000280	0.116534	0.000033
褍懈褔懈褌芯	0.000280	3.912023	0.001097
褍泻褉邪懈薪褋泻邪褟	0.000280	0.116534	0.000033
褍泻褉邪懈薪褋泻懈泄	0.000280	2.995732	0.000840
褍泻褉邪褕械薪懈褟	0.002243	0.116534	0.000261
褍泻褉芯锌	0.001683	0.562119	0.000946
褍泻褋褍褋	0.000561	0.634878	0.000356
褍屑芯锌芯屑褉邪褔懈褌械谢褜薪褘屑	0.000280	2.302585	0.000646
褍锌芯褌褉械斜谢械薪懈械屑	0.000280	0.116534	0.000033
褍褉邪谢褜褋泻邪褟	0.000280	0.116534	0.000033
褍褉芯卸邪泄	0.000280	0.105361	0.000030
褍褋锌械褕薪芯	0.000280	3.506558	0.000983
褍褌泻懈	0.000841	0.116534	0.000098
褍褏邪	0.000280	0.040822	0.000011
褍褔邪褋褌胁芯胁邪褌褜	0.000280	0.040822	0.000011
褍褔械斜薪芯谐芯	0.000280	2.407946	0.000675
褍褕谢芯	0.000280	2.302585	0.000646
褎邪蟹械薪写褘	0.000280	0.127833	0.000036
褎邪薪褌邪蟹懈懈	0.001683	0.116534	0.000196
褎邪薪褌邪蟹懈泄	0.000280	0.116534	0.000033
褎邪薪褌邪蟹懈褟	0.000280	0.116534	0.000033
褎邪褉褕邪	0.003646	0.040822	0.000149
褎邪褉褕械屑	0.000280	1.966113	0.000551
褎邪褉褕懈褉芯胁邪薪薪邪褟	0.000561	0.116534	0.000065
褎邪褉褕懈褉芯胁邪薪薪芯械	0.000280	0.116534	0.000033
褎邪褉褕懈褉芯胁邪薪薪褘械	0.000561	0.040822	0.000023
褎邪褉褕懈褉芯胁邪薪薪褘泄	0.000280	0.040822	0.000011
褎邪褋芯谢褜	0.000280	0.040822	0.000011
褎械胁褉邪谢褟	0.000280	0.105361	0.000030
褎械泄械褉胁械褉泻	0.000561	0.116534	0.000065
褎懈谐褍褉械	0.000280	0.116534	0.000033
褎懈谐褍褉芯泄	0.000280	2.995732	0.000840
褎懈薪褋泻邪褟	0.000280	0.116534	0.000033
褎懈褉屑械薪薪芯械	0.000280	0.116534	0.000033
褎芯薪写褞	0.000280	0.040822	0.000011
褎芯褉屑褍	0.000280	1.832581	0.000514
褎芯褉屑褘	0.000280	0.116534	0.000033
褎芯褉褍屑械	0.000561	0.040822	0.000023
褎芯褉褕屑邪泻	0.000280	0.040822	0.000011
褎褉邪薪褑懈懈	0.000280	0.116534	0.000033
褎褉邪薪褑褍蟹褋泻邪褟	0.000280	0.116534	0.000033
褎褉邪褍	0.001122	0.116534	0.000131
褎褉褍泻褌芯胁	0.001122	0.116534	0.000131
褎褉褍泻褌芯胁芯	0.000280	0.116534	0.000033
褎褉褍泻褌芯胁褘械	0.001963	0.040822	0.000080
褎褍写	0.000280	0.116534	0.000033
褎褍褉褕械褌	0.000280	0.116534	0.000033
褏邪谢胁邪	0.000280	0.040822	0.000011
褏邪褉胁械褋褌褎械褋褌	0.000561	0.116534	0.000065
褏邪褉褔芯	0.000561	0.040822	0.000023
褏邪褔邪锌褍褉懈	0.000561	2.407946	0.001351
褏邪褕	0.000280	0.040822	0.000011
褏胁芯褉芯褋褌	0.000280	0.040822	0.000011
褏懈薪泻邪谢懈	0.000280	0.116534	0.000033
褏懈褌	0.001963	0.116534	0.000229
褏谢械斜	0.001963	0.040822	0.000080
褏谢械斜芯锌械褔泻懈	0.000280	0.116534	0.000033
褏谢芯锌褜褟	0.000561	0.105361	0.000059
褏芯写懈褌	0.000280	2.407946	0.000675
褏芯蟹褟泄泻懈	0.000280	0.127833	0.000036
褏芯谢芯写械褑	0.000280	0.040822	0.000011
褏芯谢芯写懈谢褜薪懈泻邪	0.000280	2.302585	0.000646
褏芯谢芯写薪褘械	0.000561	0.116534	0.000065
褏芯谢芯写薪褘泄	0.000561	0.116534	0.000065
褏芯褉胁邪褌褋泻邪褟	0.000280	0.116534	0.000033
褏芯褉芯褕	0.000561	2.120264	0.001189
褏芯褉芯褕芯	0.001402	0.105361	0.000148
褏芯褉褋	0.000280	0.116534	0.000033
褏芯褌懈褌械	0.000280	0.040822	0.000011
褏芯褔械褌	0.000280	2.040221	0.000572
褏褉邪薪懈褌褜	0.000280	2.207275	0.000619
褏褉褍褋褌褟褖械谐芯	0.000280	2.407946	0.000675
褏褉褍褋褌褟褖械械	0.000280	2.525729	0.000708
褏褉褍褋褌褟褖械泄	0.000561	1.609438	0.000903
褏褍屑褍褋	0.000280	0.040822	0.000011
褑邪褉褋褌胁芯	0.000280	0.127833	0.000036
褑邪褉褜	0.000280	0.116534	0.000033
褑胁械褌薪邪褟	0.000280	0.040822	0.000011
褑械写褉邪	0.000280	1.832581	0.000514
褑械谢懈泻芯屑	0.000280	3.506558	0.000983
褑械谢褘褏	0.000280	2.207275	0.000619
褑械薪薪褘褏	0.000280	0.040822	0.000011
褑械薪褌褉	0.000280	0.116534	0.000033
褔邪械屑	0.000561	0.116534	0.000065
褔邪泄	0.000841	0.040822	0.000034
褔邪褋邪	0.000280	1.514128	0.000425
褔械斜褍褉械泻懈	0.001122	0.040822	0.000046
褔械斜褍褉械泻芯胁	0.000561	2.659260	0.001491
褔械褉泻懈蟹芯胁芯	0.000561	0.116534	0.000065
褔械褋薪芯泻	0.000561	0.314711	0.000177
褔械褋薪芯泻芯屑	0.000280	1.660731	0.000466
褔械褋褌薪芯	0.000280	1.203973	0.000338
褔械褋褌薪褘屑懈	0.000280	0.040822	0.000011
褔械褔械胁懈褑邪	0.000280	0.040822	0.000011
褔械褕褋泻邪褟	0.000280	0.116534	0.000033
褔懈蟹泻械泄泻	0.001122	0.040822	0.000046
褔懈谢懈泄褋泻邪褟	0.000280	0.116534	0.000033
褔懈锌褋褘	0.000280	0.040822	0.000011
褔懈褋谢褍	0.000280	0.261365	0.000073
褔褉械蟹胁褘褔邪泄薪芯	0.000280	2.040221	0.000572
褔褍写械褋	0.000280	0.116534	0.000033
褔褍写械褋薪褘屑	0.000280	2.407946	0.000675
褔褍写芯屑	0.000280	2.407946	0.000675
褕邪褉懈泻懈	0.000280	0.040822	0.000011
褕邪褉谢芯褌泻邪	0.000280	0.040822	0.000011
褕邪褉谢芯褌泻懈	0.000280	0.127833	0.000036
褕邪褉屑	0.000280	0.116534	0.000033
褕邪褕谢褘泻	0.003365	0.040822	0.000137
褕邪褕谢褘泻懈	0.000280	0.040822	0.000011
褕胁械写褋泻邪褟	0.000280	0.116534	0.000033
褕胁械泄褑邪褉褋泻邪褟	0.000280	0.116534	0.000033
褕械写械胁褉褘	0.000280	0.116534	0.000033
褕械褎	0.000280	0.127833	0.000036
褕懈锌褍褔泻邪	0.000280	0.040822	0.000011
褕懈褉芯泻邪褟	0.000280	0.127833	0.000036
褕泻芯谢褍	0.000280	0.116534	0.000033
褕芯泻芯谢邪写	0.000280	0.040822	0.000011
褕芯泻芯谢邪写薪褘泄	0.000280	1.660731	0.000466
褕芯褌谢邪薪写褋泻邪褟	0.000280	0.116534	0.000033
褕褌褉褍写械谢褜	0.000280	0.040822	0.000011
褕褍褉锌邪	0.000280	0.040822	0.000011
褖邪褋	0.000280	0.116534	0.000033
褖械写褉邪褟	0.000280	0.116534	0.000033
褖懈	0.000561	0.040822	0.000023
褝泻芯屑懈谢泻	0.000280	0.127833	0.000036
褝褋褌芯薪褋泻邪褟	0.000280	0.116534	0.000033
褝褌懈屑	0.000280	1.108663	0.000311
褝褌懈褏	0.000280	1.714798	0.000481
褝褌芯谐芯	0.001122	0.415515	0.000466
褝褌芯屑	0.000280	0.843970	0.000237
褞谐芯褋谢邪胁褋泻邪褟	0.000280	0.116534	0.000033
褞谢懈懈	0.000280	2.525729	0.000708
褟斜谢芯泻邪屑懈	0.000561	2.302585	0.001291
褟斜谢芯泻懈	0.000280	2.995732	0.000840
褟斜谢芯泻芯	0.001122	1.427116	0.001601
褟斜谢芯褔薪芯谐芯	0.000280	3.506558	0.000983
褟斜谢芯褔薪褘泄	0.000841	1.832581	0.001542
褟斜谢芯褔薪褘屑	0.000280	2.659260	0.000746
褟谐芯写薪褘械	0.000561	0.116534	0.000065
褟谐芯写薪褘泄	0.000561	0.116534	0.000065
褟蟹褘泻	0.000280	0.040822	0.000011
褟懈褑	0.001402	0.116534	0.000163
褟泄褑邪	0.000280	0.040822	0.000011
褟泄褑芯	0.004487	0.261365	0.001173
褟薪写械泻褋	0.000280	0.072571	0.000020
褟锌芯薪褋泻邪褟	0.000280	0.116534	0.000033
褟锌芯薪褋泻芯泄	0.000280	0.061875	0.000017
褟褉泻懈械	0.000280	0.116534	0.000033
褟褉泻芯	0.000280	0.105361	0.000030
