褌芯泻械薪	TF	IDF	TF-IDF
邪斜褏邪蟹褋泻邪褟	0.000261	0.116534	0.000030
邪胁褋褌褉邪谢懈泄褋泻邪褟	0.000261	0.116534	0.000030
邪胁褋褌褉邪谢懈泄褋泻芯泄	0.000261	4.605170	0.001202
邪胁褋褌褉懈泄褋泻邪褟	0.000261	0.116534	0.000030
邪胁褌芯泻谢邪胁邪	0.000261	0.116534	0.000030
邪胁褌芯褉邪屑	0.000261	0.040822	0.000011
邪谐褉芯	0.000261	0.116534	0.000030
邪写卸懈泻邪	0.000261	0.040822	0.000011
邪蟹械褉斜邪泄写卸邪薪褋泻邪褟	0.000261	0.116534	0.000030
邪蟹懈邪褌褋泻邪褟	0.000261	0.127833	0.000033
邪蟹褘	0.000261	0.127833	0.000033
邪泄褉邪薪	0.000261	0.040822	0.000011
邪泻胁邪褌懈泻邪	0.000783	0.127833	0.000100
邪谢械泻褋邪薪写褉	0.000261	4.605170	0.001202
邪谢械泻褋械褟	0.000261	0.127833	0.000033
邪谢泻芯谐芯谢褜	0.000522	0.116534	0.000061
邪谢泻芯谐芯谢褜薪褘械	0.000261	0.116534	0.000030
邪谢泻芯谐芯谢褟	0.000261	0.116534	0.000030
邪谢褍褕褌褘	0.000261	4.605170	0.001202
邪谢褜褟薪褋	0.000261	0.116534	0.000030
邪屑械褉懈泻邪薪褋泻邪褟	0.000261	0.116534	0.000030
邪屑械褉懈泻邪薪褋泻懈泄	0.000522	3.912023	0.002042
邪屑械褉懈泻邪薪褋泻芯械	0.000261	4.605170	0.001202
邪薪谐谢懈泄褋泻邪褟	0.000261	0.116534	0.000030
邪薪谐褍褋	0.000783	4.605170	0.003605
邪薪写褉械褟	0.000261	0.127833	0.000033
邪锌锌械褌懈褌邪	0.000261	2.659260	0.000694
邪锌褉械谢褟	0.001044	0.579818	0.000605
邪褉邪斜褋泻邪褟	0.000261	0.116534	0.000030
邪褉谐械薪褌懈薪褋泻邪褟	0.000261	0.116534	0.000030
邪褉屑褟薪褋泻邪褟	0.000261	0.116534	0.000030
邪褉芯屑邪褌薪褘泄	0.000261	2.207275	0.000576
邪褋褋芯褉褌懈	0.000522	0.116534	0.000061
邪褋褋芯褑懈邪褑懈褟	0.000261	4.605170	0.001202
邪褋褋芯褑懈懈褉芯胁邪褌褜褋褟	0.000261	4.605170	0.001202
邪褌谢邪薪褌	0.000261	0.127833	0.000033
邪褌屑芯褋褎械褉邪	0.000261	3.912023	0.001021
邪褎谐邪薪褋泻邪褟	0.000261	0.116534	0.000030
邪褎褉懈泻邪薪褋泻邪褟	0.000261	0.116534	0.000030
邪褝褉芯谐褉懈谢械	0.002610	0.116534	0.000304
斜邪斜褍褕泻邪	0.000261	2.659260	0.000694
斜邪斜褍褕泻械	0.000261	4.605170	0.001202
斜邪泄泻懈	0.000261	3.912023	0.001021
斜邪泻谢邪卸邪薪褘	0.000261	0.040822	0.000011
斜邪谢邪泻谢邪胁褘	0.000261	4.605170	0.001202
斜邪谢褌泻芯屑	0.000261	0.127833	0.000033
斜邪薪邪薪	0.000522	3.218876	0.001680
斜邪薪邪薪芯胁褘屑	0.000261	4.605170	0.001202
斜邪褉邪薪懈薪褘	0.001044	0.116534	0.000122
斜邪褋屑邪褌懈	0.000522	0.127833	0.000067
斜邪褋褌褍褉屑邪	0.000261	0.040822	0.000011
斜邪褌芯薪褔懈泻懈	0.000261	0.127833	0.000033
斜邪褕泻懈褉褋泻邪褟	0.000261	0.116534	0.000030
斜械蟹邪谢泻芯谐芯谢褜薪褘械	0.000261	0.116534	0.000030
斜械蟹谐谢褞褌械薪芯胁褘械	0.000261	0.116534	0.000030
斜械蟹械	0.001044	0.040822	0.000043
斜械蟹蟹邪斜芯褌薪褘屑懈	0.000261	4.605170	0.001202
斜械蟹褍屑薪芯	0.000522	1.560648	0.000815
斜械谢械斜械械胁褋泻懈泄	0.000522	0.116534	0.000061
斜械谢芯褉褍褋褋泻邪褟	0.000261	0.116534	0.000030
斜械谢芯褑械褉泻芯胁褋泻芯泄	0.000261	4.605170	0.001202
斜械谢褘泄	0.000522	1.609438	0.000840
斜械谢褜谐懈泄褋泻邪褟	0.000261	0.116534	0.000030
斜械褉械屑械薪薪褘褏	0.000261	0.116534	0.000030
斜械褉薪械褋邪	0.000261	4.605170	0.001202
斜械褋械写懈薪邪	0.000261	0.127833	0.000033
斜懈薪写褞卸薪懈泻懈	0.000261	4.605170	0.001202
斜懈褋泻胁懈褌	0.001044	0.040822	0.000043
斜懈褋泻胁懈褌薪芯械	0.000522	0.116534	0.000061
斜懈褋泻胁懈褌薪褘泄	0.001044	0.105361	0.000110
斜懈褋泻胁懈褌褘	0.000261	0.127833	0.000033
斜谢邪谐芯写邪褉薪芯褋褌褜	0.000261	2.813411	0.000734
斜谢邪褌薪邪褟	0.000261	4.605170	0.001202
斜谢邪褌薪芯泄	0.000261	4.605170	0.001202
斜谢懈卸械	0.000261	0.116534	0.000030
斜谢懈蟹泻邪	0.000261	3.912023	0.001021
斜谢懈蟹泻懈褏	0.000261	0.116534	0.000030
斜谢懈薪芯胁	0.000522	0.116534	0.000061
斜谢懈薪褘	0.001044	0.040822	0.000043
斜谢褞写	0.000522	0.094311	0.000049
斜谢褞写邪	0.026357	0.040822	0.001076
斜谢褞写械	0.000261	2.302585	0.000601
斜谢褞写芯	0.001827	0.040822	0.000075
斜谢褞写褍	0.000522	0.116534	0.000061
斜芯斜芯胁褘械	0.000522	0.127833	0.000067
斜芯斜芯胁褘褏	0.001566	0.116534	0.000182
斜芯谢谐邪褉褋泻邪褟	0.000261	0.116534	0.000030
斜芯谢谐邪褉褋泻懈泄	0.000522	0.843970	0.000440
斜芯谢褜褕械	0.000522	0.105361	0.000055
斜芯谢褜褕懈械	0.000261	3.912023	0.001021
斜芯谢褜褕芯泄	0.000261	1.560648	0.000407
斜芯褉褖	0.000522	0.040822	0.000021
斜芯褌胁懈薪褜褟	0.000261	0.040822	0.000011
斜褉邪蟹懈谢褜褋泻邪褟	0.000261	0.116534	0.000030
斜褉邪褌	0.000261	3.912023	0.001021
斜褉邪褍蟹械褉械	0.000261	0.040822	0.000011
斜褉邪褍薪懈	0.000261	0.040822	0.000011
斜褉械褋褌	0.000261	0.127833	0.000033
斜褉芯泻泻芯谢懈	0.000261	0.040822	0.000011
斜褍写褍	0.000261	1.427116	0.000372
斜褍卸械薪懈薪邪	0.000261	0.040822	0.000011
斜褍谢芯褔泻邪屑懈	0.000261	0.116534	0.000030
斜褍谢芯褔泻懈	0.000783	0.040822	0.000032
斜褍谢褜芯薪	0.001827	0.040822	0.000075
斜褍谢褜芯薪褘	0.001044	0.116534	0.000122
斜褍褉谐械褉	0.000261	0.040822	0.000011
斜褍褉谐械褉褘	0.000261	0.127833	0.000033
斜褍褉褟褌褋泻邪褟	0.000261	0.116534	0.000030
斜褍褌械褉斜褉芯写	0.000522	0.116534	0.000061
斜褍褌械褉斜褉芯写褘	0.000522	0.040822	0.000021
斜褘褋褌褉芯	0.001305	0.094311	0.000123
斜褘褋褌褉芯泄	0.000261	0.116534	0.000030
斜褘褋褌褉褘泄	0.000522	0.105361	0.000055
胁邪卸薪褘械	0.000261	0.116534	0.000030
胁邪谢谢懈泄褋泻邪褟	0.000261	0.116534	0.000030
胁邪屑懈	0.000261	0.843970	0.000220
胁邪薪懈谢褜	0.000522	3.218876	0.001680
胁邪薪懈谢褜薪褘泄	0.001044	1.427116	0.001490
胁邪褉械薪懈泻懈	0.000261	0.116534	0.000030
胁邪褉械薪褜械	0.001044	0.040822	0.000043
胁邪褉懈邪薪褌	0.000522	0.562119	0.000293
胁邪褌褉褍褕泻懈	0.000261	0.040822	0.000011
胁邪褎谢懈	0.000522	0.040822	0.000021
胁邪褕械	0.000261	1.897120	0.000495
胁邪褕械泄	0.000522	0.040822	0.000021
胁胁芯写褟	0.000261	0.040822	0.000011
胁写芯褏薪芯胁械薪懈械	0.001044	0.116534	0.000122
胁写芯褏薪芯胁械薪懈械屑	0.000522	0.116534	0.000061
胁写芯褏薪芯胁谢褟泄褋褟	0.000261	0.116534	0.000030
胁写褉褍谐	0.000261	2.407946	0.000628
胁械谐械褌邪褉懈邪薪褋泻懈械	0.000261	0.127833	0.000033
胁械谐械褌邪褉懈邪薪褋泻芯械	0.000261	0.116534	0.000030
胁械写褉邪屑懈	0.000261	4.605170	0.001202
胁械谢懈泻邪	0.000261	3.912023	0.001021
胁械谢懈泻懈泄	0.000261	0.116534	0.000030
胁械谢懈泻芯谢械锌薪芯	0.000261	3.506558	0.000915
胁械薪谐械褉褋泻邪褟	0.000261	0.116534	0.000030
胁械褉屑懈褕械谢褜	0.000522	3.912023	0.002042
胁械褋械薪薪懈械	0.000261	0.051293	0.000013
胁械褋薪邪	0.001305	0.116534	0.000152
胁械褋薪褘	0.000261	0.116534	0.000030
胁械褌褔懈薪褘	0.000261	0.105361	0.000027
胁懈写械	0.000261	1.171183	0.000306
胁懈写械芯	0.000522	0.116534	0.000061
胁懈写械芯褉械褑械锌褌褘	0.000261	0.301105	0.000079
胁懈薪芯	0.000522	0.040822	0.000021
胁懈褕薪械泄	0.000261	3.506558	0.000915
胁泻谢褞褔邪褞褖懈褏	0.000261	0.634878	0.000166
胁泻褍褋	0.000783	0.105361	0.000082
胁泻褍褋邪	0.002088	0.116534	0.000243
胁泻褍褋薪邪褟	0.001044	0.061875	0.000065
胁泻褍褋薪械械	0.000783	0.116534	0.000091
胁泻褍褋薪械泄	0.000261	0.116534	0.000030
胁泻褍褋薪芯	0.001827	0.094311	0.000172
胁泻褍褋薪芯屑	0.000261	3.506558	0.000915
胁泻褍褋薪芯褋褌褜褞	0.000261	4.605170	0.001202
胁泻褍褋薪褘械	0.000522	0.105361	0.000055
胁泻褍褋薪褘泄	0.000261	0.385662	0.000101
胁泻褍褋薪褘屑	0.000261	1.049822	0.000274
胁泻褍褋芯胁	0.000522	3.218876	0.001680
胁泻褍褋芯屑	0.001044	0.105361	0.000110
胁谢邪卸薪褘械	0.000261	4.605170	0.001202
胁谢邪卸薪褘泄	0.000261	3.912023	0.001021
胁谢邪卸薪褘屑	0.000261	3.506558	0.000915
胁谢褞斜谢械薪薪褘褏	0.000261	0.116534	0.000030
胁屑械褋褌芯	0.000261	2.407946	0.000628
胁薪邪褔邪谢械	0.001044	0.248461	0.000259
胁芯	0.001305	0.061875	0.000081
胁芯写邪	0.002349	0.287682	0.000676
胁芯写械	0.000261	0.105361	0.000027
胁芯泄褌懈	0.000261	0.000000	0.000000
胁芯谢芯胁邪薪褘	0.000261	0.116534	0.000030
胁芯谢褕械斜薪褘械	0.000261	0.116534	0.000030
胁芯谢褕械斜褋褌胁芯	0.000261	0.116534	0.000030
胁芯锌褉芯褋	0.000261	1.771957	0.000462
胁芯锌褉芯褋褘	0.000261	0.000000	0.000000
胁芯褋锌芯屑懈薪邪薪懈褟屑懈	0.000261	4.605170	0.001202
胁芯褋褌芯褉谐械	0.000522	1.469676	0.000767
胁芯褋褌芯褔薪邪褟	0.000261	0.127833	0.000033
胁芯褋褏芯写	0.000261	4.605170	0.001202
胁锌械褔邪褌谢械薪懈褟屑懈	0.000522	3.912023	0.002042
胁锌芯谢薪械	0.000261	2.813411	0.000734
胁褉械屑械薪邪	0.000261	0.116534	0.000030
胁褉械屑械薪械屑	0.001566	0.116534	0.000182
胁褉械屑褟	0.000261	0.400478	0.000105
胁褋械谐写邪	0.000783	0.653926	0.000512
胁褋械谐芯	0.000261	0.186330	0.000049
胁褋械泄	0.000783	0.105361	0.000082
胁褋械屑褍	0.000261	0.061875	0.000016
胁褋锌芯屑薪懈褌褜	0.000261	0.040822	0.000011
胁褌芯褉芯械	0.000261	0.116534	0.000030
胁褌芯褉褘械	0.000261	0.127833	0.000033
胁褏芯写	0.000783	0.030459	0.000024
胁褘泄褌懈	0.000261	0.040822	0.000011
胁褘锌械褔泻邪	0.003392	0.040822	0.000138
胁褘锌械褔泻械	0.000261	2.659260	0.000694
胁褘锌械褔泻懈	0.001566	0.072571	0.000114
胁褘锌械褔泻芯泄	0.000261	0.116534	0.000030
胁褘褉邪卸械薪薪褘屑	0.000261	4.605170	0.001202
胁褘褉褍褔邪谢芯褔泻邪	0.000261	1.560648	0.000407
胁褘褉褍褔懈谢	0.000261	4.605170	0.001202
胁褜械褌薪邪屑褋泻邪褟	0.000261	0.116534	0.000030
谐邪胁邪泄褋泻邪褟	0.000261	0.116534	0.000030
谐邪蟹邪	0.000261	4.605170	0.001202
谐邪蟹芯胁芯泄	0.000261	4.605170	0.001202
谐邪屑屑邪	0.000522	3.912023	0.002042
谐邪褉邪卸芯屑	0.000261	1.078810	0.000282
谐邪褉薪懈褉	0.001566	0.040822	0.000064
谐邪褋锌邪褔芯	0.000261	0.040822	0.000011
谐邪褋褌褉芯薪芯屑芯胁	0.000261	4.605170	0.001202
谐胁芯蟹写懈泻邪	0.000522	2.302585	0.001202
谐械芯谐褉邪褎懈褟	0.000261	0.116534	0.000030
谐懈褌邪褉薪褘褏	0.000261	4.605170	0.001202
谐懈褌邪褉芯泄	0.000261	4.605170	0.001202
谐谢邪胁薪芯械	0.000261	1.139434	0.000297
谐谢邪胁薪褘泄	0.000261	0.040822	0.000011
谐谢邪蟹褍褉褜	0.000783	0.040822	0.000032
谐谢懈薪褌胁械泄薪	0.000261	0.040822	0.000011
谐芯	0.000261	3.506558	0.000915
谐芯胁芯褉懈谢	0.000261	2.659260	0.000694
谐芯胁芯褉懈褌褜	0.000261	2.659260	0.000694
谐芯胁芯褉褟	0.000783	2.207275	0.001728
谐芯胁褟写懈薪褘	0.001305	0.116534	0.000152
谐芯写	0.002349	0.105361	0.000247
谐芯写邪	0.003914	0.248461	0.000973
谐芯谢谢邪薪写褋泻邪褟	0.000261	0.116534	0.000030
谐芯谢芯胁褍	0.000261	3.506558	0.000915
谐芯褉芯写邪	0.000261	0.116534	0.000030
谐芯褉芯褏	0.000261	0.116534	0.000030
谐芯褉褔懈褑邪	0.000522	0.040822	0.000021
谐芯褉褔懈褑邪屑懈	0.000261	0.127833	0.000033
谐芯褉褕芯褔泻邪褏	0.000261	0.105361	0.000027
谐芯褉褕芯褔泻械	0.000261	0.040822	0.000011
谐芯褉褟褔械械	0.000522	0.116534	0.000061
谐芯褉褟褔械屑褍	0.000261	4.605170	0.001202
谐芯褉褟褔懈械	0.010699	0.105361	0.001127
谐芯褉褟褔懈泄	0.000522	0.116534	0.000061
谐芯褋褌懈	0.000522	0.116534	0.000061
谐芯褋褌褞	0.000261	4.605170	0.001202
谐芯褌芯胁懈屑	0.001827	0.094311	0.000172
谐芯褌芯胁懈褌褋褟	0.001566	0.478036	0.000748
谐芯褌芯胁懈褌褜	0.001305	0.105361	0.000137
谐芯褌芯胁褜	0.000522	0.116534	0.000061
谐芯褌芯胁褟褌	0.000261	0.116534	0.000030
谐褉械薪泻懈	0.000522	0.040822	0.000021
谐褉械褔械褋泻邪褟	0.000261	0.116534	0.000030
谐褉械褔泻邪	0.000261	0.040822	0.000011
谐褉械褔薪械胁邪褟	0.000783	3.912023	0.003063
谐褉懈斜邪屑懈	0.001305	0.105361	0.000137
谐褉懈斜薪褘械	0.000522	0.040822	0.000021
谐褉懈斜芯胁	0.001044	0.116534	0.000122
谐褉懈斜褘	0.001305	0.040822	0.000053
谐褉懈谢械	0.001305	0.116534	0.000152
谐褉懈谢褜	0.000261	0.116534	0.000030
谐褉懈谢褜屑邪薪懈褟	0.000261	0.116534	0.000030
谐褉懈谢褟	0.001044	0.116534	0.000122
谐褉芯谐	0.000261	0.040822	0.000011
谐褉芯屑泻芯	0.000783	4.605170	0.003605
谐褉芯屑褔械	0.000261	4.605170	0.001202
谐褉褍蟹懈薪褋泻邪褟	0.000261	0.116534	0.000030
谐褉褍锌锌褘	0.000522	0.061875	0.000032
谐褍褉屑邪薪懈褟	0.001566	0.116534	0.000182
谐褍褉屑械	0.000261	0.127833	0.000033
谐褍褋褟	0.000522	0.105361	0.000055
写邪械褌	0.000261	0.040822	0.000011
写邪薪薪芯谐芯	0.000261	2.407946	0.000628
写邪薪薪褘械	0.000261	0.040822	0.000011
写邪褉褘	0.000261	0.116534	0.000030
写邪褌械	0.000522	0.248461	0.000130
写邪褌褋泻邪褟	0.000261	0.116534	0.000030
写邪褔薪芯械	0.000783	0.116534	0.000091
写胁褍褏	0.000261	2.813411	0.000734
写械斜芯褕懈褉	0.000261	4.605170	0.001202
写械胁芯褔泻邪屑	0.000261	3.912023	0.001021
写械泻邪斜褉褟	0.000261	0.597837	0.000156
写械泻芯褉	0.000261	0.127833	0.000033
写械谢邪械褌	0.000522	0.116534	0.000061
写械谢邪谢邪	0.000261	1.469676	0.000384
写械谢懈屑褋褟	0.000261	0.040822	0.000011
写械谢懈褌械褋褜	0.000261	3.912023	0.001021
写械谢芯屑	0.000261	0.116534	0.000030
写械薪褜	0.001827	0.083382	0.000152
写械褋械褉褌	0.001044	0.116534	0.000122
写械褋械褉褌邪褏	0.000261	4.605170	0.001202
写械褋械褉褌邪褑懈褟	0.000261	0.116534	0.000030
写械褋械褉褌薪褘械	0.000522	0.116534	0.000061
写械褋械褉褌褘	0.005741	0.040822	0.000234
写械褌械泄	0.000261	0.116534	0.000030
写械褌懈	0.000261	2.659260	0.000694
写械褌褋泻懈屑懈	0.000261	4.605170	0.001202
写械褌褋褌胁械	0.000261	3.912023	0.001021
写卸械屑	0.000261	0.040822	0.000011
写蟹械薪	0.000261	0.116534	0.000030
写懈械褌邪	0.000261	0.116534	0.000030
写懈械褌褘	0.000261	0.116534	0.000030
写懈泻懈泄	0.000522	0.116534	0.000061
写懈泻芯谐芯	0.000261	0.116534	0.000030
写懈锌	0.000261	0.116534	0.000030
写懈褔懈	0.000522	0.116534	0.000061
写懈褔褜	0.000261	0.116534	0.000030
写薪械胁薪懈泻邪褏	0.000261	0.061875	0.000016
写薪械泄	0.000783	0.116534	0.000091
写薪褞	0.000261	4.605170	0.001202
写薪褟	0.000261	0.040822	0.000011
写芯斜邪胁谢械薪懈褟屑	0.000261	0.274437	0.000072
写芯斜邪胁谢褟褌褜	0.000261	0.040822	0.000011
写芯斜邪胁褜	0.000261	0.116534	0.000030
写芯斜褉芯	0.000261	3.218876	0.000840
写芯斜褉芯褎谢芯褌	0.000261	0.127833	0.000033
写芯斜褉褘屑	0.000261	3.912023	0.001021
写芯胁械褉褟械褕褜	0.000261	0.116534	0.000030
写芯胁芯谢褜薪邪	0.000261	2.659260	0.000694
写芯胁芯谢褜薪芯	0.000261	1.609438	0.000420
写芯胁芯谢褜薪褘	0.000261	2.407946	0.000628
写芯卸懈谢	0.000261	4.605170	0.001202
写芯谢谐芯	0.000261	1.514128	0.000395
写芯谢卸薪芯	0.000261	1.832581	0.000478
写芯屑	0.002349	0.040822	0.000096
写芯屑邪褕薪械谐芯	0.000261	2.995732	0.000782
写芯屑邪褕薪械械	0.000783	0.040822	0.000032
写芯屑邪褕薪懈械	0.000522	0.040822	0.000021
写芯屑邪褕薪懈泄	0.001305	0.116534	0.000152
写芯屑邪褕薪褟褟	0.000522	0.105361	0.000055
写芯屑芯胁	0.000261	0.040822	0.000011
写芯锌芯谢薪械薪懈械	0.000261	2.659260	0.000694
写芯褉芯谐懈械	0.000261	1.272966	0.000332
写芯褉芯谐褍	0.000261	2.995732	0.000782
写褉邪泄胁	0.001305	0.127833	0.000167
写褉芯卸卸械胁芯械	0.000261	0.116534	0.000030
写褉褍谐懈屑懈	0.000261	0.040822	0.000011
写褉褍谐懈褏	0.000261	1.714798	0.000447
写褉褍谐褍	0.000261	3.506558	0.000915
写褉褍卸薪芯	0.000261	4.605170	0.001202
写褍屑邪褞	0.000261	1.427116	0.000372
写褍褏芯胁泻邪	0.001044	0.127833	0.000133
写褍褕懈	0.000783	0.105361	0.000082
械胁褉械泄褋泻邪褟	0.000261	0.116534	0.000030
械谐懈锌械褌褋泻邪褟	0.000261	0.116534	0.000030
械写懈薪芯谐谢邪褋薪芯	0.000261	3.912023	0.001021
械写懈薪褘泄	0.000261	0.040822	0.000011
械泻芯	0.000261	0.127833	0.000033
械谢邪	0.000261	2.659260	0.000694
卸邪薪褉	0.000261	4.605170	0.001202
卸邪褉泻芯械	0.000261	0.040822	0.000011
卸械谢邪褌懈薪	0.001566	1.427116	0.002235
卸械谢械	0.000783	0.040822	0.000032
卸械薪褋泻邪褟	0.000261	0.127833	0.000033
卸械薪褋泻芯屑	0.000261	0.061875	0.000016
卸械薪褖懈薪褘	0.000522	0.116534	0.000061
卸械褉芯屑邪	0.000261	4.605170	0.001202
卸械褋褌泻懈械	0.000261	4.605170	0.001202
卸懈蟹薪懈	0.000261	0.040822	0.000011
卸懈蟹薪褜	0.000261	0.116534	0.000030
卸褍谢褜械薪	0.000261	0.040822	0.000011
卸褍褉薪邪谢邪	0.000261	0.127833	0.000033
卸褞谢褜械薪	0.000261	0.040822	0.000011
蟹邪胁邪褉薪芯械	0.000261	0.116534	0.000030
蟹邪胁邪褉薪芯泄	0.000261	0.116534	0.000030
蟹邪胁褌褉邪泻	0.001827	0.094311	0.000172
蟹邪胁褌褉邪泻懈	0.000261	0.127833	0.000033
蟹邪谐芯褌芯胁泻懈	0.001044	0.040822	0.000043
蟹邪写邪胁邪褌褜	0.000261	0.040822	0.000011
蟹邪泄褑邪	0.000522	0.116534	0.000061
蟹邪泄褑械胁	0.000261	4.605170	0.001202
蟹邪泻胁邪褋泻邪	0.000261	0.040822	0.000011
蟹邪泻胁邪褋泻邪屑懈	0.000261	0.116534	0.000030
蟹邪泻胁邪褋芯泻	0.000261	0.127833	0.000033
蟹邪泻褉褘褌褘泄	0.000261	0.116534	0.000030
蟹邪泻褍褋泻邪	0.000261	1.347074	0.000352
蟹邪泻褍褋泻懈	0.005480	0.040822	0.000224
蟹邪泻褍褋泻褍	0.000783	0.116534	0.000091
蟹邪泻褍褋芯薪褔懈泻	0.000261	0.116534	0.000030
蟹邪泻褍褋芯褔泻邪	0.000261	0.116534	0.000030
蟹邪泻褍褋芯褔薪褘械	0.002610	0.116534	0.000304
蟹邪谢懈胁薪芯械	0.000522	0.040822	0.000021
蟹邪谢懈胁薪芯泄	0.000261	4.605170	0.001202
蟹邪屑芯褉芯蟹泻邪	0.000261	0.105361	0.000027
蟹邪芯写薪芯	0.000261	3.506558	0.000915
蟹邪芯褔薪褘泄	0.000261	4.605170	0.001202
蟹邪锌邪写	0.000261	0.116534	0.000030
蟹邪锌械泻邪薪泻邪	0.001044	0.105361	0.000110
蟹邪锌械泻邪薪泻懈	0.001827	0.040822	0.000075
蟹邪锌械褔械薪薪褘泄	0.000261	1.897120	0.000495
蟹邪锌芯屑懈薪邪褞褖械械褋褟	0.000261	4.605170	0.001202
蟹邪锌褉邪胁泻邪	0.000522	0.040822	0.000021
蟹邪褉械谐懈褋褌褉懈褉芯胁邪胁褕懈褋褜	0.000261	0.040822	0.000011
蟹邪褉械谐懈褋褌褉懈褉芯胁邪褌褜褋褟	0.000261	0.030459	0.000008
蟹邪褋芯谢泻邪	0.000261	0.116534	0.000030
蟹邪褏芯写懈褌械	0.000261	0.755023	0.000197
蟹邪褏芯褌械谢芯褋褜	0.000261	2.407946	0.000628
蟹邪褟胁懈谢懈	0.000522	4.605170	0.002404
蟹胁邪薪褘泄	0.000261	0.127833	0.000033
蟹胁械蟹写邪	0.000261	0.127833	0.000033
蟹胁褍褔邪褌褜	0.000261	3.912023	0.001021
蟹胁褢蟹写薪褘械	0.000261	0.116534	0.000030
蟹写芯褉芯胁芯械	0.000261	0.116534	0.000030
蟹写芯褉芯胁褘泄	0.000261	0.116534	0.000030
蟹械谢械薪褜	0.000783	0.094311	0.000074
蟹械褎懈褉	0.000261	0.040822	0.000011
蟹懈屑薪懈械	0.000261	0.051293	0.000013
蟹懈屑褍	0.001044	0.040822	0.000043
蟹薪邪泻芯屑邪褟	0.000261	3.912023	0.001021
蟹薪邪屑械薪懈褌芯屑	0.000261	4.605170	0.001202
蟹薪邪褔械薪懈褟	0.000261	4.605170	0.001202
蟹芯谢芯褌邪褟	0.000261	0.116534	0.000030
懈胁邪薪芯胁邪	0.000261	0.127833	0.000033
懈谐褉邪械褌	0.000261	3.218876	0.000840
懈写械邪谢褜薪邪褟	0.000261	0.116534	0.000030
懈写械邪谢褜薪芯谐芯	0.001305	0.116534	0.000152
懈写械邪谢褜薪芯械	0.000261	0.116534	0.000030
懈写械泄泻懈	0.000261	0.116534	0.000030
懈写芯谢	0.000261	4.605170	0.001202
懈蟹胁械褋褌薪芯	0.000261	2.525729	0.000659
懈蟹胁械褋褌薪芯泄	0.000261	2.407946	0.000628
懈蟹写械谢懈褟	0.001305	0.116534	0.000152
懈蟹写械谢懈褟屑懈	0.000783	0.116534	0.000091
懈蟹屑械薪械薪懈褟屑懈	0.000261	3.506558	0.000915
懈蟹薪邪褔邪谢褜薪芯	0.000261	3.912023	0.001021
懈蟹褍屑懈褌械谢褜薪褘泄	0.000522	3.218876	0.001680
懈蟹褘褋泻邪薪薪褘屑	0.000261	3.912023	0.001021
懈泻褉邪	0.000783	0.040822	0.000032
懈屑械谢	0.000261	4.605170	0.001202
懈屑械薪械屑	0.000261	0.040822	0.000011
懈屑械薪懈薪薪懈泻	0.000522	4.605170	0.002404
懈薪胁械褉褌芯褉薪芯泄	0.000261	0.127833	0.000033
懈薪谐褉械写懈械薪褌褘	0.007829	0.139262	0.001090
懈薪写械泄泻懈	0.002088	0.094311	0.000197
懈薪写械泄泻芯泄	0.000261	0.116534	0.000030
懈薪写懈泄褋泻邪褟	0.000261	0.116534	0.000030
懈薪写懈谢邪泄褌	0.000783	0.116534	0.000091
懈薪写懈褉械褋薪褘械	0.000261	0.116534	0.000030
懈薪褋褌褉褍泻褑懈褟屑懈	0.000261	0.040822	0.000011
懈薪褌械褉械褋薪芯	0.000261	1.660731	0.000433
懈褉邪泻褋泻邪褟	0.000261	0.116534	0.000030
懈褉邪薪褋泻邪褟	0.000261	0.116534	0.000030
懈褉谢邪薪写褋泻邪褟	0.000261	0.116534	0.000030
懈褉芯褔泻懈	0.000261	4.605170	0.001202
懈褋泻褉械薪薪械	0.000261	0.116534	0.000030
懈褋谢邪薪写褋泻邪褟	0.000261	0.116534	0.000030
懈褋锌邪薪褋泻邪褟	0.000261	0.116534	0.000030
懈褋锌械泻懈	0.000261	0.116534	0.000030
懈褋锌芯谢褜蟹芯胁邪谢邪	0.000261	2.995732	0.000782
懈褋锌芯谢褜蟹芯胁邪薪芯	0.000261	4.605170	0.001202
懈褋锌芯谢褜蟹芯胁邪褌褜	0.000261	1.514128	0.000395
懈褋褌芯褉懈懈	0.001305	0.116534	0.000152
懈褋褌芯褉懈褞	0.000261	0.116534	0.000030
懈褌邪泻	0.000261	1.609438	0.000420
懈褌邪谢懈懈	0.000522	0.105361	0.000055
懈褌邪谢褜褟薪褋泻邪褟	0.000261	0.116534	0.000030
懈褌邪谢褜褟薪褋泻懈	0.000261	3.218876	0.000840
懈褞薪褟	0.000261	0.579818	0.000151
泄芯谐褍褉褌	0.000783	0.040822	0.000032
泻邪斜邪褔泻懈	0.000261	0.040822	0.000011
泻邪胁泻邪蟹褋泻邪褟	0.000261	0.116534	0.000030
泻邪卸写芯屑褍	0.000261	4.605170	0.001202
泻邪蟹邪薪械	0.000261	0.116534	0.000030
泻邪蟹邪褏褋泻邪褟	0.000261	0.116534	0.000030
泻邪泻邪芯	0.002088	0.040822	0.000085
泻邪谢械泄写芯褋泻芯锌	0.001044	0.116534	0.000122
泻邪谢屑褘褑泻邪褟	0.000261	0.116534	0.000030
泻邪谢褜屑邪褉	0.000261	0.040822	0.000011
泻邪屑械褉邪	0.000261	0.116534	0.000030
泻邪薪邪写褋泻邪褟	0.000261	0.116534	0.000030
泻邪薪邪谢	0.000522	0.040822	0.000021
泻邪薪邪谢械	0.000261	0.040822	0.000011
泻邪薪邪锌械	0.000522	0.040822	0.000021
泻邪锌褍褋褌邪	0.000522	0.040822	0.000021
泻邪锌褍褋褌薪褟泻	0.000261	0.040822	0.000011
泻邪锌褍褋褌褘	0.000261	0.040822	0.000011
泻邪褉邪屑械谢褜	0.000783	0.040822	0.000032
泻邪褉邪屑械谢褜薪褘泄	0.000261	3.218876	0.000840
泻邪褉泻邪褋薪褘泄	0.001044	0.116534	0.000122
泻邪褉褌芯褎械谢褜	0.000783	0.040822	0.000032
泻邪褉褌芯褎械谢褜薪芯械	0.000261	0.040822	0.000011
泻邪褉褌芯褎械谢褜薪褘泄	0.000522	0.116534	0.000061
泻邪褉褌芯褕泻邪	0.000522	0.040822	0.000021
泻邪褌械谐芯褉懈懈	0.000261	0.116534	0.000030
泻邪褌械谐芯褉懈褟	0.003914	0.150823	0.000590
泻邪褔械褋褌胁芯	0.000261	0.116534	0.000030
泻邪褕邪	0.000522	0.040822	0.000021
泻邪褕懈	0.001305	0.105361	0.000137
泻邪褕褍	0.000261	0.094311	0.000025
泻胁邪褋	0.000783	0.040822	0.000032
泻胁邪褋薪芯械	0.000783	0.116534	0.000091
泻胁邪褋芯屑	0.000261	0.127833	0.000033
泻械泄泻	0.000261	4.605170	0.001202
泻械泻褋	0.000261	0.040822	0.000011
泻械泻褋褘	0.000522	0.116534	0.000061
泻械褎邪谢懈	0.000522	4.605170	0.002404
泻械褎邪谢褜	0.000522	4.605170	0.002404
泻械褎邪谢褜泻懈	0.000261	4.605170	0.001202
泻械褎懈褉	0.000522	0.040822	0.000021
泻懈屑褔懈	0.000261	0.040822	0.000011
泻懈薪芯邪	0.000522	0.127833	0.000067
泻懈薪芯谢械薪褌邪	0.000261	0.116534	0.000030
泻懈锌褟褌泻械	0.000522	3.506558	0.001830
泻懈褋械谢褜	0.000522	0.040822	0.000021
泻懈褌邪泄褋泻邪褟	0.000261	0.116534	0.000030
泻谢邪褋褋	0.002088	0.116534	0.000243
泻谢邪褋褋褘	0.000261	0.116534	0.000030
泻谢褍斜薪懈泻邪	0.000522	3.912023	0.002042
泻谢褍斜薪懈褔薪芯谐芯	0.000261	4.605170	0.001202
泻谢褍斜薪懈褔薪褘泄	0.000261	4.605170	0.001202
泻薪懈谐邪	0.000522	3.218876	0.001680
泻薪懈谐褍	0.000522	0.040822	0.000021
泻芯	0.000261	1.469676	0.000384
泻芯泻褌械泄谢懈	0.000261	0.127833	0.000033
泻芯泻褌械泄谢褜	0.001305	0.040822	0.000053
泻芯谢斜邪褋邪	0.000261	0.040822	0.000011
泻芯谢斜邪褋薪褘屑懈	0.000783	0.116534	0.000091
泻芯谢谢械泻褌懈胁邪	0.000261	4.605170	0.001202
泻芯屑邪薪写邪	0.000522	0.127833	0.000067
泻芯屑懈	0.000261	0.116534	0.000030
泻芯屑屑械薪褌邪褉懈械胁	0.000261	0.223144	0.000058
泻芯屑锌邪薪懈泄	0.000261	0.105361	0.000027
泻芯屑锌芯褌	0.001305	0.040822	0.000053
泻芯屑锌褉芯屑懈褋芯胁	0.000261	4.605170	0.001202
泻芯屑褍	0.000261	1.347074	0.000352
泻芯薪懈薪褘	0.000261	0.116534	0.000030
泻芯薪泻褍褉褋	0.055846	0.105361	0.005884
泻芯薪泻褍褉褋邪	0.000522	0.116534	0.000061
泻芯薪泻褍褉褋邪褏	0.000261	0.040822	0.000011
泻芯薪泻褍褉褋薪褘械	0.000261	0.127833	0.000033
泻芯薪褋械褉胁懈褉芯胁邪薪懈械	0.000261	0.040822	0.000011
泻芯薪褋械褉胁懈褉芯胁邪薪薪邪褟	0.000261	0.116534	0.000030
泻芯薪褋械褉胁懈褉芯胁邪薪薪芯械	0.000261	0.116534	0.000030
泻芯薪褋械褉胁懈褉芯胁邪薪薪褘械	0.000522	0.116534	0.000061
泻芯薪褋械褉胁懈褉芯胁邪薪薪褘泄	0.000261	0.116534	0.000030
泻芯薪褋械褉胁褘	0.000522	2.813411	0.001468
泻芯薪褋懈褋褌械薪褑懈懈	0.000261	2.813411	0.000734
泻芯薪褎械褌褌懈	0.000261	0.116534	0.000030
泻芯薪褎械褌褘	0.000783	0.040822	0.000032
泻芯薪褎懈写械薪褑懈邪谢褜薪芯褋褌懈	0.000261	0.040822	0.000011
泻芯薪褎懈褌褞褉	0.000783	0.040822	0.000032
泻芯薪褜褟泻	0.001566	2.207275	0.003456
泻芯锌褔械薪芯褋褌褟屑懈	0.000261	0.116534	0.000030
泻芯褉械泄褋泻邪褟	0.000261	0.116534	0.000030
泻芯褉械泄褋泻懈	0.000261	0.040822	0.000011
泻芯褉卸懈	0.000522	4.605170	0.002404
泻芯褉卸懈泻懈	0.000261	0.040822	0.000011
泻芯褉蟹懈薪泻邪褏	0.000261	4.605170	0.001202
泻芯褉蟹懈薪芯褔泻懈	0.000261	4.605170	0.001202
泻芯褉懈褑邪	0.000522	1.427116	0.000745
泻芯褉屑褟褖懈褏	0.000261	0.116534	0.000030
泻芯褉薪械胁芯泄	0.000522	2.995732	0.001564
泻芯褉芯褌泻芯械	0.000261	4.605170	0.001202
泻芯褉芯褔械	0.000783	2.995732	0.002345
泻芯褋褌褞屑械	0.000261	4.605170	0.001202
泻芯褌械谢褜薪芯泄	0.000261	3.912023	0.001021
泻芯褌谢械褌褘	0.000261	0.040822	0.000011
泻芯褌芯褉芯屑褍	0.000261	0.116534	0.000030
泻芯褎械	0.000783	0.040822	0.000032
泻褉邪褋懈胁邪褟	0.000261	2.525729	0.000659
泻褉邪褋泻懈	0.000261	0.116534	0.000030
泻褉邪褋薪褘泄	0.001044	1.171183	0.001223
泻褉邪褋芯褔薪褘泄	0.000261	3.912023	0.001021
泻褉械邪褌懈胁	0.000261	0.127833	0.000033
泻褉械屑	0.009656	0.040822	0.000394
泻褉械屑邪	0.000783	0.116534	0.000091
泻褉械锌泻懈泄	0.000261	0.116534	0.000030
泻褉芯谢懈泻邪	0.000522	0.116534	0.000061
泻褉芯屑械	0.000522	0.061875	0.000032
泻褉芯褏懈	0.000261	0.116534	0.000030
泻褉褍谐褍	0.000522	0.116534	0.000061
泻褉褍锌	0.001566	0.116534	0.000182
泻褉褍锌邪	0.000783	0.127833	0.000100
泻褉褍锌褘	0.000522	0.127833	0.000067
泻褉褍锌褟薪褘械	0.000261	0.116534	0.000030
泻褉褘屑邪	0.000261	4.605170	0.001202
泻褍斜懈薪褋泻邪褟	0.000261	0.116534	0.000030
泻褍谢械褕	0.000261	0.040822	0.000011
泻褍谢懈薪邪褉懈懈	0.000783	0.094311	0.000074
泻褍谢懈薪邪褉薪邪褟	0.000783	0.116534	0.000091
泻褍谢懈薪邪褉薪芯械	0.000261	0.116534	0.000030
泻褍谢懈薪邪褉薪褍褞	0.000522	0.040822	0.000021
泻褍谢懈薪邪褉薪褘泄	0.000261	0.072571	0.000019
泻褍谢懈薪邪褉薪褘褏	0.000261	0.116534	0.000030
泻褍谢懈褔	0.000261	0.040822	0.000011
泻褍谢懈褔懈	0.000261	0.116534	0.000030
泻褍屑懈褉	0.000261	4.605170	0.001202
泻褍锌褉懈薪	0.000261	4.605170	0.001202
泻褍褉写褋泻邪褟	0.000261	0.116534	0.000030
泻褍褉懈薪芯谐芯	0.000261	0.116534	0.000030
泻褍褉懈薪芯械	0.003914	0.127833	0.000500
泻褍褉懈薪褘泄	0.000261	0.105361	0.000027
泻褍褉懈褑邪	0.000783	0.040822	0.000032
泻褍褉懈褑褘	0.001044	0.116534	0.000122
泻褍褉芯褔泻芯泄	0.000261	0.116534	0.000030
泻褍褋泻褍褋	0.000261	0.040822	0.000011
泻褍褋芯褔泻邪屑	0.000261	4.605170	0.001202
泻褍褋芯褔泻懈	0.000261	2.525729	0.000659
泻褍褋芯褔泻芯胁	0.000261	3.912023	0.001021
泻褍褏薪械泄	0.000261	0.040822	0.000011
泻褍褏薪懈	0.000783	0.040822	0.000032
泻褍褏薪褟	0.000783	0.116534	0.000091
泻褍褕邪薪褜械屑	0.000261	4.605170	0.001202
谢邪胁邪褕	0.000522	0.040822	0.000021
谢邪胁邪褕邪	0.001044	0.116534	0.000122
谢邪胁褉芯胁褘泄	0.000522	1.139434	0.000595
谢邪谐屑邪薪	0.000261	0.040822	0.000011
谢邪泻芯屑褋褌胁芯	0.000261	0.116534	0.000030
谢邪锌褕邪	0.000522	0.040822	0.000021
谢邪褌褘褕褋泻邪褟	0.000261	0.116534	0.000030
谢械谐泻邪褟	0.000261	0.116534	0.000030
谢械谐泻懈泄	0.000522	0.116534	0.000061
谢械谐泻芯	0.001827	0.116534	0.000213
谢械谐泻芯谐芯	0.000261	2.040221	0.000532
谢械泄谢邪	0.000261	4.605170	0.001202
谢械薪褌褟泄泻邪	0.000261	4.605170	0.001202
谢械锌械褕泻懈	0.000522	0.040822	0.000021
谢械褋薪褘械	0.000522	3.912023	0.002042
谢械褌邪	0.000261	0.116534	0.000030
谢械褌薪懈械	0.000261	0.040822	0.000011
谢械褌薪褟褟	0.000261	0.116534	0.000030
谢械褌芯	0.001305	0.116534	0.000152
谢械褔芯	0.000261	0.040822	0.000011
谢懈谐邪	0.000783	0.116534	0.000091
谢懈泻械褉	0.000783	0.040822	0.000032
谢懈屑芯薪邪	0.000522	1.897120	0.000990
谢懈屑芯薪邪写	0.000522	0.040822	0.000021
谢懈屑芯薪薪褘泄	0.000522	0.798508	0.000417
谢懈褋褌	0.000522	1.139434	0.000595
谢懈褋褌褉懈谐芯薪邪褏	0.000261	4.605170	0.001202
谢懈褋褌褜褟	0.000522	1.514128	0.000790
谢懈褌芯胁褋泻	0.000261	0.127833	0.000033
谢懈褌芯胁褋泻邪褟	0.000261	0.116534	0.000030
谢懈褑芯屑	0.000261	4.605170	0.001202
谢懈褔薪芯	0.000261	2.995732	0.000782
谢芯写泻懈	0.000261	4.605170	0.001202
谢芯褉邪薪邪	0.000261	4.605170	0.001202
谢褍泻	0.004958	0.301105	0.001493
谢褍褔褕懈械	0.000261	0.116534	0.000030
谢褍褔褕懈泄	0.000783	0.040822	0.000032
谢褍褔褕懈褏	0.000261	0.116534	0.000030
谢褞斜胁懈	0.000261	0.105361	0.000027
谢褞斜懈屑芯谐芯	0.000261	0.127833	0.000033
谢褞斜懈屑芯屑褍	0.000261	0.116534	0.000030
谢褞斜懈屑褑械屑	0.000261	4.605170	0.001202
谢褞斜懈屑褘褏	0.001566	0.116534	0.000182
谢褞斜懈褌械谢褟屑	0.000261	2.659260	0.000694
谢褞斜芯胁褜	0.000261	0.116534	0.000030
谢褞斜芯泄	0.000261	0.116534	0.000030
谢褢写	0.000261	0.127833	0.000033
屑邪谐懈褔械褋泻芯械	0.000261	4.605170	0.001202
屑邪谐褉懈斜邪	0.000261	0.116534	0.000030
屑邪泄	0.000261	0.116534	0.000030
屑邪泄芯薪械蟹	0.001044	0.116534	0.000122
屑邪泻邪褉芯薪薪褘械	0.000261	0.116534	0.000030
屑邪泻邪褉芯薪褘	0.000261	0.040822	0.000011
屑邪谢邪	0.000261	3.912023	0.001021
屑邪谢邪蟹懈泄褋泻邪褟	0.000261	0.116534	0.000030
屑邪谢械薪褜泻懈屑懈	0.000261	3.912023	0.001021
屑邪谢械薪褜泻懈褏	0.000261	3.912023	0.001021
屑邪薪薪懈泻	0.000261	0.040822	0.000011
屑邪薪褋邪褉写芯泄	0.000261	0.755023	0.000197
屑邪薪褌褘	0.000261	0.116534	0.000030
屑邪薪褢胁褉褘	0.000261	0.116534	0.000030
屑邪褉邪褎芯薪	0.000783	0.116534	0.000091
屑邪褉谐邪褉懈薪	0.000522	1.609438	0.000840
屑邪褉懈薪邪写	0.002349	0.040822	0.000096
屑邪褉懈薪邪写褘	0.000783	0.116534	0.000091
屑邪褉懈薪芯胁邪薪薪褘械	0.000261	0.116534	0.000030
屑邪褉泻邪	0.000261	4.605170	0.001202
屑邪褉屑械谢邪写	0.000261	0.040822	0.000011
屑邪褉芯泻泻邪薪褋泻邪褟	0.000261	0.116534	0.000030
屑邪褉褌邪	0.001566	0.105361	0.000165
屑邪褋泻邪褉锌芯薪械	0.000261	0.040822	0.000011
屑邪褋谢械薪懈褑邪	0.000783	0.040822	0.000032
屑邪褋谢械薪懈褔薪芯械	0.000261	0.116534	0.000030
屑邪褋谢芯	0.006002	0.116534	0.000699
屑邪褋谢芯屑	0.000261	0.116534	0.000030
屑邪褋褌械褉	0.002349	0.116534	0.000274
屑邪褋褌懈泻邪	0.000261	0.040822	0.000011
屑邪褋褌懈泻懈	0.000261	0.116534	0.000030
屑邪褎褎懈薪褘	0.000261	0.116534	0.000030
屑邪褏械械胁褗	0.001044	0.116534	0.000122
屑邪褟	0.000522	0.634878	0.000331
屑谐薪芯胁械薪懈械	0.000261	4.605170	0.001202
屑械写	0.000522	1.832581	0.000956
屑械写懈邪褎芯褉褌	0.000783	0.000000	0.000000
屑械写芯胁褘泄	0.000261	0.116534	0.000030
屑械泻褋懈泻邪薪褋泻邪褟	0.000261	0.116534	0.000030
屑械谢泻邪褟	0.000261	4.605170	0.001202
屑械薪褞	0.000261	0.116534	0.000030
屑械薪褟	0.001305	0.083382	0.000109
屑械薪褟械褌褋褟	0.000261	0.116534	0.000030
屑械褋褌薪褘褏	0.000261	4.605170	0.001202
屑械褔褌邪	0.000261	0.116534	0.000030
屑械褔褌褘	0.000522	0.040822	0.000021
屑懈写懈懈	0.000261	0.040822	0.000011
屑懈泻褉芯胁芯谢薪芯胁泻械	0.000522	0.116534	0.000061
屑懈谢谢懈芯薪芯胁	0.000261	4.605170	0.001202
屑懈谢褜械	0.000261	0.116534	0.000030
屑懈谢褜褎械懈	0.000261	4.605170	0.001202
屑懈薪写邪谢褜	0.000522	2.040221	0.001065
屑懈薪褍褌	0.000522	0.755023	0.000394
屑懈薪褍褌褘	0.000261	1.171183	0.000306
屑懈芯	0.000261	0.116534	0.000030
屑懈褉	0.000261	0.116534	0.000030
屑懈褉邪	0.000261	0.116534	0.000030
屑懈褉芯胁邪褟	0.000261	0.116534	0.000030
屑懈褋芯	0.000261	0.040822	0.000011
屑懈褋褌械褉懈褟	0.000261	0.116534	0.000030
屑懈褋褌褉邪谢褜	0.001827	0.116534	0.000213
屑薪械薪懈褟	0.000261	3.506558	0.000915
屑薪芯谐懈械	0.000261	1.309333	0.000342
屑薪芯谐懈褏	0.000522	2.659260	0.001388
屑薪芯卸械褋褌胁芯屑	0.000261	0.040822	0.000011
屑芯谐谢邪	0.000261	2.407946	0.000628
屑芯谐褍	0.000261	0.798508	0.000208
屑芯械	0.000261	0.116534	0.000030
屑芯卸械褌械	0.000522	0.000000	0.000000
屑芯懈	0.000261	1.078810	0.000282
屑芯泄	0.000261	0.105361	0.000027
屑芯泻褉褘屑	0.000261	4.605170	0.001202
屑芯谢写邪胁邪薪泻邪	0.000261	4.605170	0.001202
屑芯谢写邪胁褋泻邪褟	0.000261	0.116534	0.000030
屑芯谢芯泻械	0.000261	0.105361	0.000027
屑芯谢芯泻芯	0.001305	0.116534	0.000152
屑芯谢芯褔薪褘泄	0.001566	0.040822	0.000064
屑芯谢芯褔薪褘褏	0.000261	0.116534	0.000030
屑芯屑械薪褌	0.000783	0.116534	0.000091
屑芯薪谐芯谢褜褋泻邪褟	0.000261	0.116534	0.000030
屑芯褉械	0.000522	0.116534	0.000061
屑芯褉械锌褉芯写褍泻褌芯胁	0.003392	0.040822	0.000138
屑芯褉械锌褉芯写褍泻褌褘	0.000522	0.116534	0.000061
屑芯褉泻芯胁褜	0.000261	0.040822	0.000011
屑芯褉芯卸械薪芯械	0.000783	0.040822	0.000032
屑芯褉褋	0.000261	0.040822	0.000011
屑芯褉褋褘	0.000261	0.116534	0.000030
屑芯褉褟	0.000261	3.912023	0.001021
屑芯褌懈胁褘	0.000261	4.605170	0.001202
屑芯褌芯褉	0.000261	0.116534	0.000030
屑芯褏懈褌芯	0.000261	0.040822	0.000011
屑芯褟	0.000261	1.427116	0.000372
屑褍卸	0.000522	1.171183	0.000611
屑褍卸褋泻邪褟	0.000522	0.127833	0.000067
屑褍卸褔懈薪褘	0.000522	0.116534	0.000061
屑褍蟹褘泻邪	0.000261	3.912023	0.001021
屑褍泻邪	0.003653	0.274437	0.001003
屑褍谢褜褌懈胁邪褉泻械	0.009916	0.116534	0.001156
屑褍谢褜褌懈锌械泻邪褉械泄	0.000783	0.116534	0.000091
屑褍褋褋	0.000522	0.040822	0.000021
屑褍褋褋褘	0.000522	0.116534	0.000061
屑褍褔薪褘械	0.000261	0.116534	0.000030
屑褞褋谢懈	0.000522	0.116534	0.000061
屑褟谐泻懈泄	0.000261	1.386294	0.000362
屑褟谐泻芯	0.000522	3.912023	0.002042
屑褟泻芯褌懈	0.000261	4.605170	0.001202
屑褟褋邪	0.002610	0.116534	0.000304
屑褟褋薪芯谐芯	0.000522	0.116534	0.000061
屑褟褋薪芯泄	0.000783	0.116534	0.000091
屑褟褋薪褘械	0.001305	0.040822	0.000053
屑褟褋薪褘褏	0.001044	0.116534	0.000122
屑褟褋芯	0.002610	0.040822	0.000107
屑褟褋芯屑	0.001305	0.040822	0.000053
屑褟褋褍	0.000522	0.116534	0.000061
薪邪蟹胁邪谢	0.000261	3.912023	0.001021
薪邪蟹胁邪薪懈械	0.000522	0.941609	0.000491
薪邪蟹薪邪褔械薪懈懈	0.000261	4.605170	0.001202
薪邪蟹薪邪褔械薪懈褟	0.000261	0.116534	0.000030
薪邪泻褉褘褌芯屑	0.000261	4.605170	0.001202
薪邪谢懈胁泻邪	0.000261	0.040822	0.000011
薪邪锌械胁邪谢	0.000261	4.605170	0.001202
薪邪锌懈褌泻懈	0.001566	0.040822	0.000064
薪邪锌懈褌芯泻	0.000261	0.040822	0.000011
薪邪锌芯褉懈褋褌芯	0.000261	4.605170	0.001202
薪邪褋谢邪卸写械薪懈械	0.000261	3.912023	0.001021
薪邪褋褌芯泄泻邪	0.000261	0.040822	0.000011
薪邪褋褌芯谢褜泻芯	0.000522	1.514128	0.000790
薪邪褋褌褉芯械薪懈械	0.000261	0.116534	0.000030
薪邪褋褘褖械薪薪褘械	0.000261	2.995732	0.000782
薪邪褋褘褖械薪薪褘泄	0.000261	1.897120	0.000495
薪邪褑懈芯薪邪谢褜薪褘械	0.000261	0.116534	0.000030
薪邪褔懈薪泻邪	0.000522	0.040822	0.000021
薪邪褔懈薪泻懈	0.000261	2.207275	0.000576
薪邪褔懈薪泻芯泄	0.000783	0.116534	0.000091
薪邪褕邪	0.000261	2.525729	0.000659
薪邪褕械泄	0.000261	1.347074	0.000352
薪邪褕械屑	0.000522	0.040822	0.000021
薪邪褕懈	0.000261	0.061875	0.000016
薪械写械谢褟	0.002610	0.061875	0.000161
薪械卸写邪薪薪褘械	0.000261	4.605170	0.001202
薪械卸薪械泄褕懈械	0.000261	3.912023	0.001021
薪械卸薪械泄褕懈泄	0.000261	2.995732	0.000782
薪械卸薪械泄褕懈屑	0.000261	2.407946	0.000628
薪械卸薪芯	0.000261	2.659260	0.000694
薪械卸薪芯械	0.000261	1.309333	0.000342
薪械卸薪芯泄	0.000522	0.116534	0.000061
薪械卸薪芯褋褌褜	0.000261	2.813411	0.000734
薪械卸薪褘泄	0.000783	0.891598	0.000698
薪械蟹邪褌械泄谢懈胁褘械	0.000261	4.605170	0.001202
薪械懈蟹斜懈褌褘泄	0.000261	3.912023	0.001021
薪械泻芯褌芯褉褘屑懈	0.000261	2.995732	0.000782
薪械泻褉褍锌薪芯泄	0.000261	4.605170	0.001202
薪械屑械褑泻邪褟	0.000261	0.116534	0.000030
薪械屑薪芯谐芯	0.000261	1.203973	0.000314
薪械芯斜褘泻薪芯胁械薪薪芯	0.000261	1.897120	0.000495
薪械芯斜褘褔薪芯械	0.000261	2.813411	0.000734
薪械芯卸懈写邪薪薪褘械	0.000261	0.116534	0.000030
薪械芯褌写械谢懈屑邪褟	0.000261	4.605170	0.001202
薪械褋泻芯谢褜泻芯	0.000261	0.916291	0.000239
薪械褋谢邪写泻芯械	0.000261	0.116534	0.000030
薪械褋谢邪写泻芯屑褍	0.000261	4.605170	0.001202
薪懈泻邪泻懈褏	0.000261	2.525729	0.000659
薪懈泻懈	0.000261	4.605170	0.001202
薪懈泻芯谐芯	0.000261	3.506558	0.000915
薪薪邪褌邪谢懈	0.000261	4.605170	0.001202
薪芯胁邪褟	0.000261	0.116534	0.000030
薪芯胁芯谐芯写薪械谐芯	0.001305	0.116534	0.000152
薪芯胁芯谐芯写薪械械	0.000783	0.116534	0.000091
薪芯胁芯谐芯写薪懈械	0.001566	0.040822	0.000064
薪芯胁芯谐芯写薪懈泄	0.001827	0.116534	0.000213
薪芯胁芯谐芯写薪褟褟	0.000261	0.105361	0.000027
薪芯胁芯褋褌褟褏	0.000261	0.061875	0.000016
薪芯胁褘械	0.000522	0.051293	0.000027
薪芯胁褘泄	0.002349	0.094311	0.000222
薪芯褉胁械卸褋泻邪褟	0.000261	0.116534	0.000030
芯斜械写	0.000783	0.105361	0.000082
芯斜械写邪	0.000261	2.813411	0.000734
芯斜械蟹褜褟薪褘	0.000261	0.116534	0.000030
芯斜褉械蟹泻芯胁	0.000261	4.605170	0.001202
芯斜褖邪褌褜褋褟	0.000261	0.040822	0.000011
芯斜褘褔薪芯	0.000261	1.714798	0.000447
芯斜褘褔薪芯泄	0.000261	2.659260	0.000694
芯斜褘褔薪褘泄	0.000261	1.897120	0.000495
芯胁芯褖邪屑懈	0.000261	0.116534	0.000030
芯胁芯褖械泄	0.004436	0.105361	0.000467
芯胁芯褖懈	0.001566	0.094311	0.000148
芯胁芯褖薪邪褟	0.000261	0.040822	0.000011
芯胁芯褖薪芯械	0.000261	0.116534	0.000030
芯胁芯褖薪芯泄	0.000522	0.105361	0.000055
芯胁芯褖薪褘械	0.001305	0.040822	0.000053
芯胁褋褟薪芯械	0.000261	0.116534	0.000030
芯谐谢褟写泻懈	0.000261	4.605170	0.001202
芯谐薪械薪薪芯泄	0.000261	0.116534	0.000030
芯谐薪褟	0.000261	0.116534	0.000030
芯谐褍褉械褑	0.001044	1.237874	0.001292
芯谐褍褉褑芯胁褘泄	0.000261	3.912023	0.001021
芯谐褍褉褑褘	0.000522	0.116534	0.000061
芯写械褋褋褘	0.000522	4.605170	0.002404
芯泻褉芯褕泻邪	0.000783	0.040822	0.000032
芯泻褌褟斜褉褟	0.000261	0.562119	0.000147
芯谢邪写褜懈	0.000783	0.040822	0.000032
芯谢械泄薪邪	0.000783	0.116534	0.000091
芯谢械泄薪芯泄	0.001044	0.116534	0.000122
芯谢械泄薪褘	0.000261	0.127833	0.000033
芯谢懈胁泻芯胁芯械	0.001566	0.544727	0.000853
芯屑谢械褌	0.000261	0.040822	0.000011
芯锌邪褉邪	0.000261	0.040822	0.000011
芯锌褉邪胁写褘胁邪褞褌	0.000261	4.605170	0.001202
芯锌褉芯褋	0.000261	0.061875	0.000016
芯锌褟褌褜	0.000261	2.040221	0.000532
芯褉械谐邪薪芯	0.000522	2.525729	0.001318
芯褉械褏懈	0.000522	1.139434	0.000595
芯褉懈谐懈薪邪谢褜薪芯泄	0.000261	3.506558	0.000915
芯褋胁械卸邪褞褖械谐芯	0.000261	4.605170	0.001202
芯褋械薪薪械械	0.000261	0.116534	0.000030
芯褋械薪薪懈械	0.000261	0.051293	0.000013
芯褋械薪薪懈泄	0.000522	0.116534	0.000061
芯褋械薪褜	0.002610	0.105361	0.000275
芯褋薪芯胁薪芯械	0.000261	0.040822	0.000011
芯褋芯斜芯械	0.000261	4.605170	0.001202
芯褋芯斜褘褏	0.000261	3.218876	0.000840
芯褋褌邪胁懈褌	0.000261	2.995732	0.000782
芯褋褌邪械褌褋褟	0.000261	0.116534	0.000030
芯褋褌邪谢邪褋褜	0.000261	2.407946	0.000628
芯褋褌邪谢懈褋褜	0.000261	4.605170	0.001202
芯褋褌邪谢褜薪褘屑	0.000261	4.605170	0.001202
芯褌胁械褌懈褌褜	0.000261	0.051293	0.000013
芯褌胁械褌芯胁	0.000261	0.051293	0.000013
芯褌胁械褌褘	0.000261	0.000000	0.000000
芯褌蟹胁褍泻邪屑懈	0.000261	4.605170	0.001202
芯褌泻褉褘褌褘泄	0.000522	0.116534	0.000061
芯褌谢懈褔薪邪褟	0.000261	2.995732	0.000782
芯褌谢懈褔薪褘屑	0.000261	3.912023	0.001021
芯褌屑械薪懈褌褜	0.000261	0.040822	0.000011
芯褌薪芯褕械薪懈械	0.000261	3.218876	0.000840
芯褎懈褑懈邪谢褜薪芯	0.000261	4.605170	0.001202
芯褏谢邪写懈褌褜	0.000261	0.116534	0.000030
锌邪泻械褌懈泻邪褏	0.000261	0.105361	0.000027
锌邪谢芯褔泻邪	0.000261	1.560648	0.000407
锌邪谢芯褔泻懈	0.000261	0.040822	0.000011
锌邪薪懈褉芯胁泻邪	0.002088	0.116534	0.000243
锌邪薪褌械褉褉褉芯褔泻邪	0.000261	2.813411	0.000734
锌邪锌邪	0.000522	4.605170	0.002404
锌邪锌褉懈泻邪	0.000522	1.203973	0.000628
锌邪锌褘	0.000261	3.506558	0.000915
锌邪褉邪	0.000261	0.116534	0.000030
锌邪褉邪写	0.001827	0.116534	0.000213
锌邪褉芯胁邪褉泻械	0.002349	0.116534	0.000274
锌邪褉芯谢褜	0.000261	0.020203	0.000005
锌邪褋褌邪	0.001305	0.040822	0.000053
锌邪褋褌褉芯屑邪	0.000261	0.040822	0.000011
锌邪褋褏邪	0.000522	0.040822	0.000021
锌邪褋褏邪谢褜薪邪褟	0.000522	0.116534	0.000061
锌邪褋褏邪谢褜薪褘泄	0.000261	0.127833	0.000033
锌邪褏褌邪	0.000522	3.912023	0.002042
锌邪褏褌褘	0.000261	4.605170	0.001202
锌邪褕褌械褌	0.000261	0.040822	0.000011
锌邪褕褌械褌褘	0.000522	0.116534	0.000061
锌械泻邪褉褟	0.000261	0.127833	0.000033
锌械泻褍	0.000261	2.302585	0.000601
锌械谢懈	0.000261	4.605170	0.001202
锌械谢褜屑械薪懈	0.000261	0.116534	0.000030
锌械薪褌邪褌芯薪懈泻械	0.000261	4.605170	0.001202
锌械褉胁芯械	0.000522	0.040822	0.000021
锌械褉胁褘械	0.000261	0.127833	0.000033
锌械褉胁褘屑	0.000261	0.116534	0.000030
锌械褉胁褘褏	0.000261	2.120264	0.000553
锌械褉械泄褌懈	0.000261	0.040822	0.000011
锌械褉械泻褍褋	0.000522	0.116534	0.000061
锌械褉械锌械谢懈薪芯械	0.000522	2.813411	0.001468
锌械褉械褋褘锌褜	0.000261	4.605170	0.001202
锌械褉械褑	0.003914	0.040822	0.000160
锌械褉褋芯薪褘	0.000261	0.116534	0.000030
锌械褉褍邪薪褋泻邪褟	0.000261	0.116534	0.000030
锌械褋械薪泻褍	0.000261	4.605170	0.001202
锌械褋薪懈	0.000522	3.506558	0.001830
锌械褋薪褟	0.000522	2.407946	0.001257
锌械褋芯褔薪芯械	0.000522	0.105361	0.000055
锌械褋芯褔薪褘泄	0.000261	0.116534	0.000030
锌械褌械谢懈薪泻懈	0.000261	0.127833	0.000033
锌械褌褉褍褕泻邪	0.000522	0.693147	0.000362
锌械褔械薪芯褔薪褘泄	0.000261	0.040822	0.000011
锌械褔械薪褜械	0.002871	0.040822	0.000117
锌械褔械薪褜褟	0.000261	2.995732	0.000782
锌械褔懈	0.000261	0.127833	0.000033
锌懈胁芯	0.000261	0.116534	0.000030
锌懈泻邪薪褌褘	0.000261	0.127833	0.000033
锌懈泻薪懈泻	0.000522	0.116534	0.000061
锌懈泻薪懈泻邪	0.000261	0.116534	0.000030
锌懈泻薪懈泻褍	0.000261	0.105361	0.000027
锌懈褉	0.000261	0.116534	0.000030
锌懈褉芯谐	0.001305	0.040822	0.000053
锌懈褉芯谐懈	0.000522	0.105361	0.000055
锌懈褉芯卸泻懈	0.000261	0.040822	0.000011
锌懈褉芯卸薪芯械	0.000261	0.040822	0.000011
锌懈褉芯卸薪褘械	0.000261	0.116534	0.000030
锌懈褌邪薪懈械	0.001305	0.105361	0.000137
锌懈褑褑邪	0.000522	0.040822	0.000021
锌谢邪屑褟	0.000261	0.116534	0.000030
锌谢懈褌邪	0.001044	0.127833	0.000133
锌谢芯胁	0.000261	0.116534	0.000030
锌谢芯写褘	0.000261	0.116534	0.000030
锌谢芯褌薪褘械	0.000261	4.605170	0.001202
锌芯斜械褉械卸褜褟	0.000261	4.605170	0.001202
锌芯胁邪褉械薪泻械	0.000261	0.040822	0.000011
锌芯胁邪褉械薪芯泻	0.000261	0.061875	0.000016
锌芯胁邪褉褟褌	0.000261	0.116534	0.000030
锌芯胁邪褉褟褌邪屑懈	0.000261	0.040822	0.000011
锌芯胁邪褉褢薪泻邪	0.000261	0.116534	0.000030
锌芯胁懈写谢芯	0.000261	0.040822	0.000011
锌芯胁褌芯褉褟褌褜	0.000261	4.605170	0.001202
锌芯写邪褉泻芯胁	0.000261	0.116534	0.000030
锌芯写邪褉芯泻	0.000261	3.218876	0.000840
锌芯写邪褔邪	0.000261	2.995732	0.000782
锌芯写邪褔械泄	0.000261	3.912023	0.001021
锌芯写械谢懈谢邪褋褜	0.000261	2.813411	0.000734
锌芯写械谢懈褌褜褋褟	0.000261	0.478036	0.000125
锌芯写械谢褞褋褜	0.000261	2.525729	0.000659
锌芯写谢懈胁邪	0.000261	0.116534	0.000030
锌芯写谢懈胁泻邪	0.000261	0.040822	0.000011
锌芯写芯泄写械褌	0.000261	1.832581	0.000478
锌芯写锌懈褋邪褌褜褋褟	0.000261	0.040822	0.000011
锌芯写锌懈褕懈褌械褋褜	0.000522	0.040822	0.000021
锌芯写褍屑邪胁	0.000261	4.605170	0.001202
锌芯械写懈薪泻懈	0.003653	0.116534	0.000426
锌芯卸邪谢械械褌械	0.000261	1.897120	0.000495
锌芯卸邪谢芯胁邪褌褜	0.000261	3.218876	0.000840
锌芯卸械谢邪薪懈褟	0.000522	4.605170	0.002404
锌芯卸懈谢芯屑褍	0.000261	4.605170	0.001202
锌芯蟹写褉邪胁谢械薪懈褟	0.000261	3.912023	0.001021
锌芯蟹写褉邪胁褜	0.000261	0.116534	0.000030
锌芯懈褋泻	0.000261	0.051293	0.000013
锌芯泻邪卸褍	0.000261	2.813411	0.000734
锌芯泻芯褉懈谢	0.000261	4.605170	0.001202
锌芯谢写薪懈泻	0.000522	0.116534	0.000061
锌芯谢械蟹薪芯	0.000261	0.116534	0.000030
锌芯谢懈褌懈泻芯泄	0.000261	0.040822	0.000011
锌芯谢薪褘械	0.000522	4.605170	0.002404
锌芯谢薪褘屑懈	0.000261	4.605170	0.001202
锌芯谢芯胁懈薪邪	0.002088	0.116534	0.000243
锌芯谢芯屑邪褌褜	0.000261	4.605170	0.001202
锌芯谢褍褔邪械褌褋褟	0.000261	0.400478	0.000105
锌芯谢褍褔邪泄褌械	0.000261	0.040822	0.000011
锌芯谢褍褔邪褌褜	0.000261	0.040822	0.000011
锌芯谢褍褔懈谢芯褋褜	0.000522	0.994252	0.000519
锌芯谢褍褔懈谢褋褟	0.000783	2.525729	0.001977
锌芯谢褜蟹邪	0.000261	0.127833	0.000033
锌芯谢褜蟹芯泄	0.001044	0.116534	0.000122
锌芯谢褜褋泻邪褟	0.000261	0.116534	0.000030
锌芯屑邪写泻邪	0.000522	0.040822	0.000021
锌芯屑邪写泻懈	0.000261	0.116534	0.000030
锌芯屑懈写芯褉	0.001566	0.713350	0.001117
锌芯屑懈写芯褉泻懈	0.000261	0.127833	0.000033
锌芯屑懈写芯褉褘	0.000522	0.116534	0.000061
锌芯薪懈屑邪谢邪	0.000261	4.605170	0.001202
锌芯薪褉邪胁懈胁褕懈械褋褟	0.000261	0.040822	0.000011
锌芯薪褉邪胁懈谢芯褋褜	0.000522	1.514128	0.000790
锌芯薪褉邪胁懈谢褋褟	0.000522	1.714798	0.000895
锌芯薪褉邪胁懈褌褋褟	0.000261	1.427116	0.000372
锌芯薪褔懈泻懈	0.000522	0.040822	0.000021
锌芯薪褟褌懈褟	0.000261	4.605170	0.001202
锌芯薪褟褌褜	0.000261	3.912023	0.001021
锌芯锌泻褍	0.000261	4.605170	0.001202
锌芯锌褉芯斜芯胁邪谢邪	0.000261	1.469676	0.000384
锌芯锌褉芯斜褍泄褌械	0.000783	0.562119	0.000440
锌芯褉邪	0.000261	0.116534	0.000030
锌芯褉械泄	0.001044	2.302585	0.002404
锌芯褉芯褕芯泻	0.001566	0.916291	0.001435
锌芯褉褌褍谐邪谢褜褋泻邪褟	0.000261	0.116534	0.000030
锌芯褋胁褟褖邪械褌褋褟	0.000261	3.506558	0.000915
锌芯褋械褖邪械褌械	0.000261	0.061875	0.000016
锌芯褋芯胁械褖邪胁褕懈褋褜	0.000261	4.605170	0.001202
锌芯褋褌	0.001305	0.105361	0.000137
锌芯褋褌薪芯械	0.000261	0.116534	0.000030
锌芯褋褌薪褘械	0.000261	0.040822	0.000011
锌芯褋褌薪褘泄	0.000261	0.116534	0.000030
锌芯褋褌芯褟薪薪芯	0.000261	0.040822	0.000011
锌芯褋褌褉芯械薪邪	0.000261	4.605170	0.001202
锌芯褋褌褉芯懈屑	0.000261	0.116534	0.000030
锌芯褋褍写邪	0.000522	0.094311	0.000049
锌芯褔械屑褍	0.000261	1.203973	0.000314
锌芯褔懈褌邪械屑褘泄	0.000261	4.605170	0.001202
锌芯褔褌褍	0.000261	0.040822	0.000011
锌芯褕邪谐芯胁芯	0.000261	3.912023	0.001021
锌芯褕邪谐芯胁褘械	0.000261	0.301105	0.000079
锌芯褕邪谐芯胁褘屑懈	0.000261	0.040822	0.000011
锌褉邪胁邪	0.000261	3.912023	0.001021
锌褉邪蟹写薪懈泻邪	0.000261	0.116534	0.000030
锌褉邪蟹写薪懈褔薪芯	0.000261	0.116534	0.000030
锌褉邪蟹写薪懈褔薪芯谐芯	0.000522	0.116534	0.000061
锌褉邪蟹写薪懈褔薪褘械	0.000261	2.995732	0.000782
锌褉邪蟹写薪懈褔薪褘泄	0.000783	0.116534	0.000091
锌褉邪泻褌懈泻褍屑	0.000261	0.116534	0.000030
锌褉械胁芯褋褏芯写薪褘械	0.000261	0.116534	0.000030
锌褉械胁褉邪褖械薪懈褟	0.000261	0.116534	0.000030
锌褉械泻褉邪褋薪芯械	0.000261	2.525729	0.000659
锌褉械泻褉邪褋薪褘泄	0.000261	2.407946	0.000628
锌褉械谢械褋褌褜	0.000261	3.912023	0.001021
锌褉械芯斜褉邪蟹芯胁邪谢褋褟	0.000261	4.605170	0.001202
锌褉械褋薪芯械	0.000261	0.116534	0.000030
锌褉懈谐芯褌芯胁懈屑	0.000522	0.116534	0.000061
锌褉懈谐芯褌芯胁懈褌褜	0.000783	0.342490	0.000268
锌褉懈谐芯褌芯胁谢械薪懈械	0.000261	0.105361	0.000027
锌褉懈谐芯褌芯胁谢械薪懈褞	0.000261	0.040822	0.000011
锌褉懈谐芯褌芯胁谢械薪薪褘械	0.000261	4.605170	0.001202
锌褉懈写褍屑邪谢	0.000261	3.218876	0.000840
锌褉懈蟹薪邪薪懈械	0.000261	0.116534	0.000030
锌褉懈蟹芯胁	0.000261	0.040822	0.000011
锌褉懈泻芯谢褜薪芯械	0.000261	4.605170	0.001202
锌褉懈薪褑懈锌褘	0.000261	4.605170	0.001202
锌褉懈锌褉邪胁邪	0.000261	0.040822	0.000011
锌褉懈褉芯写褍	0.000522	0.116534	0.000061
锌褉懈褉芯写褘	0.000261	0.116534	0.000030
锌褉懈褋褌褍锌懈褌褜	0.000261	0.040822	0.000011
锌褉懈褕谢芯褋褜	0.000261	2.659260	0.000694
锌褉懈褟褌薪芯谐芯	0.000261	2.525729	0.000659
锌褉懈褟褌薪芯械	0.000261	3.218876	0.000840
锌褉芯斜褍泄褌械	0.000522	2.302585	0.001202
锌褉芯胁械写懈	0.001044	0.116534	0.000122
锌褉芯胁械褉械薪芯	0.001566	0.116534	0.000182
锌褉芯胁芯写懈屑褘褏	0.000261	0.040822	0.000011
锌褉芯胁芯卸邪械屑	0.000261	0.116534	0.000030
锌褉芯写褍泻褌邪	0.000261	3.218876	0.000840
锌褉芯写褍泻褌芯胁	0.000522	0.094311	0.000049
锌褉芯械泻褌芯胁	0.000261	0.116534	0.000030
锌褉芯械泻褌褘	0.000261	0.061875	0.000016
锌褉芯褋屑芯褌褉邪屑	0.000261	0.274437	0.000072
锌褉芯褋褌	0.000261	2.525729	0.000659
锌褉芯褋褌芯	0.001827	0.083382	0.000152
锌褉芯褋褌芯械	0.000261	1.514128	0.000395
锌褉芯褋褌芯泄	0.000522	0.755023	0.000394
锌褉芯褋褌芯泻胁邪褕邪	0.000261	0.040822	0.000011
锌褉芯褋褌芯褌芯泄	0.000261	3.506558	0.000915
锌褉芯褎懈谢褜	0.000261	0.040822	0.000011
锌褉褟屑芯	0.000261	0.040822	0.000011
锌褉褟屑芯屑	0.000261	3.912023	0.001021
锌褉褟薪懈泻	0.000261	0.040822	0.000011
锌褉褟薪懈泻懈	0.000522	0.116534	0.000061
锌褉褟薪懈褔薪芯械	0.000261	0.116534	0.000030
锌褌懈褑邪	0.001305	0.116534	0.000152
锌褌懈褑械	0.000522	0.116534	0.000061
锌褌懈褑械泄	0.000261	0.127833	0.000033
锌褌懈褑褘	0.003132	0.116534	0.000365
锌褍写懈薪谐	0.000261	0.040822	0.000011
锌褍写懈薪谐懈	0.000522	0.116534	0.000061
锌褍写褉邪	0.000522	1.897120	0.000990
锌褍薪褕	0.000261	0.040822	0.000011
锌褍褌械褕械褋褌胁懈械	0.000522	0.116534	0.000061
锌褍褌褜	0.000261	0.116534	0.000030
锌褕械薪懈褔薪邪褟	0.003653	0.287682	0.001051
锌褘褕泻懈	0.000261	0.040822	0.000011
锌褜械褉邪	0.000261	4.605170	0.001202
锌褞褉械	0.001044	0.040822	0.000043
锌褟褌邪褟	0.000261	4.605170	0.001202
褉邪胁薪芯写褍褕薪褘屑	0.000261	2.813411	0.000734
褉邪谐褍	0.000261	0.116534	0.000030
褉邪蟹胁械褉薪褍褌褜	0.000261	0.116534	0.000030
褉邪蟹写械谢懈谢懈褋褜	0.000261	4.605170	0.001202
褉邪蟹写械谢褜薪芯械	0.000261	0.116534	0.000030
褉邪蟹薪褘械	0.000261	0.116534	0.000030
褉邪蟹芯谐褉械褌褜	0.000261	2.525729	0.000659
褉邪蟹褉褘褏谢懈褌械谢褜	0.003132	1.237874	0.003876
褉邪褋锌褉芯褋褌褉邪薪械薪	0.000261	4.605170	0.001202
褉邪褋褋泻邪蟹褘胁邪褌褜	0.000261	2.995732	0.000782
褉邪褋褋芯谢褜薪懈泻	0.000522	0.040822	0.000021
褉邪褋褋芯谢褜薪懈泻邪	0.000261	0.116534	0.000030
褉邪褋褋褘谢泻懈	0.000261	0.061875	0.000016
褉邪褋褌邪褖懈谢懈	0.000261	4.605170	0.001202
褉邪褋褌懈褌械谢褜薪芯械	0.001044	0.235722	0.000246
褉械谐懈芯薪械	0.000261	4.605170	0.001202
褉械谐懈褋褌褉邪褑懈懈	0.000522	0.010050	0.000005
褉械谐懈褋褌褉邪褑懈褟	0.000261	0.000000	0.000000
褉械蟹褍谢褜褌邪褌	0.000261	0.967584	0.000253
褉械泄褌懈薪谐褍	0.000261	0.248461	0.000065
褉械泻芯屑械薪写褍械褌褋褟	0.000261	4.605170	0.001202
褉械锌褔邪褌褘泄	0.002088	0.430783	0.000899
褉械褑械锌褌	0.003653	0.040822	0.000149
褉械褑械锌褌邪	0.000261	0.462035	0.000121
褉械褑械锌褌邪褏	0.000261	0.061875	0.000016
褉械褑械锌褌芯胁	0.001566	0.040822	0.000064
褉械褑械锌褌芯屑	0.000783	0.693147	0.000543
褉械褑械锌褌褘	0.018789	0.040822	0.000767
褉械褕械薪芯	0.000261	4.605170	0.001202
褉械褕懈谢邪	0.000261	0.820981	0.000214
褉懈褋	0.001044	0.040822	0.000043
褉懈褋邪	0.000261	0.116534	0.000030
褉懈褌屑械	0.000261	0.116534	0.000030
褉懈褌屑懈褔薪芯	0.000261	4.605170	0.001202
褉芯谐邪谢懈泻懈	0.000261	0.040822	0.000011
褉芯写薪芯械	0.000261	0.116534	0.000030
褉芯卸写械薪懈械	0.000261	3.912023	0.001021
褉芯卸写械薪懈褟	0.000783	0.105361	0.000082
褉芯卸写械褋褌胁芯	0.000261	0.116534	0.000030
褉芯泻	0.000522	2.813411	0.001468
褉芯泻邪	0.000261	4.605170	0.001202
褉芯谢谢褌芯薪	0.000261	0.116534	0.000030
褉芯谢谢褘	0.000522	0.040822	0.000021
褉芯谢谢褜薪芯泄	0.000261	4.605170	0.001202
褉芯屑	0.000261	0.040822	0.000011
褉褌褍	0.000261	1.469676	0.000384
褉褍斜褉懈泻邪褌芯褉	0.000261	0.051293	0.000013
褉褍泻芯泄	0.000261	2.525729	0.000659
褉褍谢械褌	0.000783	0.040822	0.000032
褉褍谢械褌褘	0.003132	0.116534	0.000365
褉褍屑褘薪褋泻邪褟	0.000261	0.116534	0.000030
褉褍屑褟薪褘械	0.000261	0.116534	0.000030
褉褍薪械褌械	0.000261	0.020203	0.000005
褉褍褋褋泻邪褟	0.000261	0.116534	0.000030
褉褘斜邪	0.002610	0.040822	0.000107
褉褘斜邪泻懈	0.000261	4.605170	0.001202
褉褘斜邪褑泻邪褟	0.000522	4.605170	0.002404
褉褘斜械	0.000522	0.116534	0.000061
褉褘斜薪邪褟	0.000261	0.116534	0.000030
褉褘斜薪芯谐芯	0.000522	0.116534	0.000061
褉褘斜薪褘械	0.002088	0.116534	0.000243
褉褘斜薪褘泄	0.000522	0.116534	0.000061
褉褘斜薪褘褏	0.000261	0.116534	0.000030
褉褘斜芯泄	0.000522	0.116534	0.000061
褉褘斜褘	0.004436	0.116534	0.000517
褉褟卸械薪泻邪	0.000261	0.116534	0.000030
褋邪泄褌	0.000783	0.000000	0.000000
褋邪泄褌邪	0.000261	1.108663	0.000289
褋邪泄褌褍	0.000522	0.061875	0.000032
褋邪谢邪褌	0.001044	0.094311	0.000098
褋邪谢邪褌邪	0.000783	1.078810	0.000845
褋邪谢邪褌薪邪褟	0.000261	0.116534	0.000030
褋邪谢邪褌褘	0.009656	0.040822	0.000394
褋邪屑芯谐芯	0.000261	2.813411	0.000734
褋邪屑芯谐芯薪	0.000261	0.040822	0.000011
褋邪屑芯械	0.000261	1.897120	0.000495
褋邪屑褘泄	0.000261	1.021651	0.000267
褋邪屑褘屑	0.000261	1.386294	0.000362
褋邪屑褘褏	0.000522	0.116534	0.000061
褋邪褎	0.000783	0.116534	0.000091
褋邪褎褋械屑	0.000261	0.116534	0.000030
褋邪褏邪褉	0.005219	0.116534	0.000608
褋邪褏邪褉薪邪褟	0.000522	1.897120	0.000990
褋斜懈褌械薪褜	0.000261	0.040822	0.000011
褋胁械卸械胁褘谢芯胁谢械薪薪芯泄	0.000261	4.605170	0.001202
褋胁械卸械褋褌褜	0.000261	0.105361	0.000027
褋胁械泻谢邪	0.000783	0.040822	0.000032
褋胁械泻芯谢褜薪懈泻	0.000522	0.040822	0.000021
褋胁械褌邪	0.001044	0.116534	0.000122
褋胁懈薪懈薪邪	0.000261	0.040822	0.000011
褋胁懈薪懈薪褘	0.001044	0.116534	0.000122
褋胁芯械	0.000522	0.116534	0.000061
褋胁芯械泄	0.000261	1.347074	0.000352
褋胁芯械屑	0.000261	0.040822	0.000011
褋胁芯懈屑	0.000522	0.040822	0.000021
褋胁芯懈屑懈	0.000522	2.302585	0.001202
褋胁芯褞	0.000261	0.040822	0.000011
褋胁褟蟹邪薪薪芯械	0.000261	3.912023	0.001021
褋谐褍褖械薪泻邪	0.000261	0.040822	0.000011
褋谐褍褖械薪薪芯械	0.000522	2.040221	0.001065
褋写械谢邪薪芯	0.000261	4.605170	0.001202
褋写械谢邪褌褜	0.000261	1.021651	0.000267
褋械谐芯写薪褟褕薪械屑	0.000261	4.605170	0.001202
褋械蟹芯薪	0.000261	0.116534	0.000030
褋械泄褔邪褋	0.000522	0.030459	0.000016
褋械泻褉械褌褘	0.000522	0.116534	0.000061
褋械谢械写泻邪	0.000261	0.040822	0.000011
褋械谢褜写械褉械泄	0.000522	2.120264	0.001107
褋械屑谐邪	0.000261	0.040822	0.000011
褋械屑械泄薪褘泄	0.000261	0.116534	0.000030
褋械屑褜懈	0.000522	0.116534	0.000061
褋械薪褌褟斜褉褟	0.000522	0.673345	0.000351
褋懈写褉	0.000261	0.040822	0.000011
褋懈褉懈泄褋泻邪褟	0.000261	0.116534	0.000030
褋懈褉芯锌	0.000261	0.040822	0.000011
褋懈褉芯锌褘	0.000261	0.116534	0.000030
褋懈褋褌械屑褘	0.000261	0.040822	0.000011
褋懈褌懈	0.000261	0.127833	0.000033
褋泻邪蟹邪薪芯	0.000261	3.218876	0.000840
褋泻邪蟹邪褌褜	0.000261	0.653926	0.000171
褋泻邪蟹芯泻	0.000261	0.116534	0.000030
褋泻芯褉械械	0.000261	2.525729	0.000659
褋泻芯褉芯褋褌褜褞	0.000261	3.912023	0.001021
褋谢邪写械薪褜泻芯谐芯	0.000261	3.912023	0.001021
褋谢邪写泻邪褟	0.001044	0.116534	0.000122
褋谢邪写泻懈械	0.001566	0.040822	0.000064
褋谢邪写泻懈泄	0.002349	0.105361	0.000247
褋谢邪写泻懈褏	0.000522	0.116534	0.000061
褋谢邪写泻芯	0.000522	0.116534	0.000061
褋谢邪写泻芯谐芯	0.000261	2.995732	0.000782
褋谢邪写泻芯械	0.000261	2.407946	0.000628
褋谢械写褍褞褖懈泄	0.000261	2.995732	0.000782
褋谢懈胁泻懈	0.002610	1.078810	0.002815
褋谢懈胁芯褔薪芯械	0.003392	0.116534	0.000395
褋谢懈胁芯褔薪褘泄	0.001044	1.469676	0.001534
褋谢懈褕泻芯屑	0.000261	2.120264	0.000553
褋谢芯胁	0.000261	2.813411	0.000734
褋谢芯械薪芯谐芯	0.000522	0.127833	0.000067
褋谢芯械薪芯械	0.000783	0.116534	0.000091
褋谢芯械薪褘泄	0.000261	0.116534	0.000030
褋谢芯泄泻邪	0.000261	0.040822	0.000011
褋谢芯泄泻懈	0.000261	0.116534	0.000030
褋谢褍褔邪懈	0.000261	2.407946	0.000628
褋谢褍褔邪泄薪芯	0.000261	2.407946	0.000628
褋屑械褌邪薪邪	0.000783	0.105361	0.000082
褋屑械褌邪薪薪褘泄	0.000261	3.912023	0.001021
褋屑械褕邪薪薪芯谐芯	0.000261	0.116534	0.000030
褋屑芯卸械褌械	0.000261	0.040822	0.000011
褋屑褍蟹懈	0.000783	0.040822	0.000032
褋屑褘褋谢邪	0.000261	4.605170	0.001202
褋薪褝泻	0.000261	0.116534	0.000030
褋芯斜懈褉邪械褌械褋褜	0.000261	0.040822	0.000011
褋芯胁械褉褕械薪薪芯	0.000261	1.171183	0.000306
褋芯胁械褉褕械薪褋褌胁芯	0.001305	0.116534	0.000152
褋芯胁械褌邪屑懈	0.000261	0.040822	0.000011
褋芯谐谢邪褕邪械褌械褋褜	0.000261	0.040822	0.000011
褋芯写邪	0.001566	0.967584	0.001515
褋芯蟹写邪械褌	0.000261	0.116534	0.000030
褋芯蟹写邪薪懈褟	0.000522	0.261365	0.000136
褋芯泻	0.000783	0.116534	0.000091
褋芯泻邪	0.000261	0.105361	0.000027
褋芯泻懈	0.000261	0.040822	0.000011
褋芯谢械薪邪褟	0.000261	3.912023	0.001021
褋芯谢械薪褘械	0.000783	0.116534	0.000091
褋芯谢械薪褘屑	0.000261	4.605170	0.001202
褋芯谢械薪褜褟	0.000522	0.116534	0.000061
褋芯谢薪械褔薪芯泄	0.000261	0.127833	0.000033
褋芯谢褜	0.003653	0.150823	0.000551
褋芯谢褟薪泻邪	0.000522	0.040822	0.000021
褋芯褉褌懈褉芯胁邪褌褜	0.000261	0.248461	0.000065
褋芯褋褌邪胁邪	0.000261	3.506558	0.000915
褋芯褋褌邪胁械	0.000261	2.407946	0.000628
褋芯褋褌邪胁褜	0.000261	0.116534	0.000030
褋芯褍褋	0.002088	0.040822	0.000085
褋芯褍褋械	0.000261	1.897120	0.000495
褋芯褍褋芯屑	0.001305	0.116534	0.000152
褋芯褍褋褘	0.001044	0.116534	0.000122
褋芯褏褉邪薪褟褌褜	0.000261	0.040822	0.000011
褋芯褑褋械褌懈	0.000261	0.040822	0.000011
褋芯褔械褌邪薪懈械	0.000261	0.116534	0.000030
褋芯褔薪芯械	0.000261	0.116534	0.000030
褋锌邪谢褜薪褟屑懈	0.000522	0.446287	0.000233
褋锌械褑懈邪谢褜薪芯械	0.000261	0.116534	0.000030
褋锌械褑懈懈	0.000783	0.105361	0.000082
褋锌械褑锌褉芯械泻褌	0.008612	0.116534	0.001004
褋锌懈褋芯泻	0.000261	0.116534	0.000030
褋锌芯褞	0.000261	0.116534	0.000030
褋锌褉邪褕懈胁邪谢邪	0.000261	4.605170	0.001202
褋锌褉懈薪谐褎懈谢写	0.000261	4.605170	0.001202
褋褉邪蟹褍	0.000522	0.733969	0.000383
褋褉械写懈蟹械屑薪芯屑芯褉褋泻邪褟	0.000261	0.127833	0.000033
褋褌邪胁褉懈写泻懈	0.000261	4.605170	0.001202
褋褌邪褉懈薪薪芯械	0.000261	3.912023	0.001021
褋褌邪褉褘械	0.000261	0.261365	0.000068
褋褌邪褌褜	0.000261	1.966113	0.000513
褋褌邪褌褜褟褏	0.000261	0.061875	0.000016
褋褌懈谢械	0.000522	0.116534	0.000061
褋褌懈谢褟	0.000261	0.116534	0.000030
褋褌芯懈褌	0.000261	1.771957	0.000462
褋褌芯谢	0.000783	0.105361	0.000082
褋褌芯谢邪	0.002088	0.116534	0.000243
褋褌芯褉芯薪褘	0.000261	2.659260	0.000694
褋褌褉芯懈褌械谢褜褋褌胁械	0.000261	0.040822	0.000011
褋褌褉芯懈褌械谢褜褋褌胁褍	0.000261	0.040822	0.000011
褋褌褉芯懈褌褜	0.000261	0.040822	0.000011
褋褌褉芯泄薪芯泄	0.000261	0.116534	0.000030
褋褍斜锌褉芯写褍泻褌芯胁	0.001827	0.116534	0.000213
褋褍斜锌褉芯写褍泻褌褘	0.000783	0.116534	0.000091
褋褍锌	0.002349	0.040822	0.000096
褋褍锌邪	0.000261	0.040822	0.000011
褋褍锌褘	0.002349	0.040822	0.000096
褋褍褎谢械	0.000783	0.040822	0.000032
褋褍褏邪褉懈	0.000261	0.040822	0.000011
褋褍褕懈	0.000522	0.040822	0.000021
褋褔邪褋褌谢懈胁褘屑	0.000261	4.605170	0.001202
褋褔邪褋褌褜械	0.000261	3.506558	0.000915
褋褔懈褌邪薪薪褘械	0.000261	1.966113	0.000513
褋褔懈褌邪褟	0.000522	4.605170	0.002404
褋褔褢褌	0.000261	4.605170	0.001202
褋褘褉	0.002349	0.040822	0.000096
褋褘褉邪	0.001566	0.116534	0.000182
褋褘褉邪屑懈	0.000261	0.127833	0.000033
褋褘褉薪懈泻	0.000261	0.040822	0.000011
褋褘褉薪懈泻懈	0.000522	0.116534	0.000061
褋褘褉薪芯	0.000261	2.813411	0.000734
褋褘褉薪芯械	0.000261	3.506558	0.000915
褋褘褉薪褘械	0.001044	0.040822	0.000043
褋褘褉薪褘泄	0.000261	2.407946	0.000628
褋褘褌薪褘泄	0.000522	0.105361	0.000055
褋褘褔褍卸薪褘屑懈	0.000261	0.127833	0.000033
褋褝薪写胁懈褔懈	0.000261	0.127833	0.000033
褋褞褉锌褉懈蟹	0.000522	0.116534	0.000061
褌邪写卸懈泻褋泻邪褟	0.000261	0.116534	0.000030
褌邪械褌	0.000261	2.120264	0.000553
褌邪泄褋泻邪褟	0.000261	0.116534	0.000030
褌邪泻懈	0.000261	1.237874	0.000323
褌邪泻褍褞	0.000261	1.427116	0.000372
褌邪褉褌	0.000261	0.116534	0.000030
褌邪褉褌邪谢械褌泻懈	0.000522	0.040822	0.000021
褌邪褌邪褉褋泻邪褟	0.000261	0.116534	0.000030
褌胁械褉写褘泄	0.000522	0.562119	0.000293
褌胁芯懈	0.000522	0.116534	0.000061
褌胁芯褉懈	0.000261	0.116534	0.000030
褌胁芯褉芯谐	0.000522	0.040822	0.000021
褌胁芯褉芯谐芯屑	0.000261	0.105361	0.000027
褌胁芯褉芯卸薪芯械	0.000261	0.116534	0.000030
褌胁芯褉芯卸薪褘械	0.000522	0.116534	0.000061
褌胁芯褉芯卸薪褘泄	0.000261	0.116534	0.000030
褌械谢械谐褉邪屑	0.000261	0.040822	0.000011
褌械谢褟褌懈薪褘	0.001044	0.116534	0.000122
褌械屑	0.000261	0.967584	0.000253
褌械屑薪褘泄	0.002088	2.040221	0.004259
褌械锌谢芯屑	0.000261	0.116534	0.000030
褌械锌谢褘屑	0.000261	4.605170	0.001202
褌械褉褉懈薪	0.000261	0.040822	0.000011
褌械褋褌	0.001305	0.127833	0.000167
褌械褋褌邪	0.005480	0.105361	0.000577
褌械褋褌芯	0.002871	0.040822	0.000117
褌械褏薪懈泻邪	0.001305	0.105361	0.000137
褌械褖懈薪	0.000261	0.040822	0.000011
褌屑	0.001044	0.127833	0.000133
褌芯谐芯	0.000522	1.427116	0.000745
褌芯屑	0.000522	1.171183	0.000611
褌芯屑邪褌薪邪褟	0.000522	1.560648	0.000815
褌芯薪泻懈屑	0.000261	4.605170	0.001202
褌芯锌谢械薪芯械	0.000261	0.116534	0.000030
褌芯褉褌	0.007568	0.040822	0.000309
褌芯褉褌邪	0.000783	2.120264	0.001660
褌芯褉褌褘	0.004175	0.116534	0.000487
褌芯褔泻邪	0.000261	4.605170	0.001202
褌褉邪胁褘	0.000261	0.105361	0.000027
褌褉邪写懈褑懈懈	0.000261	0.116534	0.000030
褌褉邪写懈褑懈泄	0.001044	0.116534	0.000122
褌褉邪写懈褑懈褟褏	0.000261	0.116534	0.000030
褌褉械斜褍械褌	0.000261	2.995732	0.000782
褌褉械褏谢械褌懈械屑	0.000261	0.116534	0.000030
褌褉褍斜芯褔泻懈	0.000261	0.040822	0.000011
褌褍薪械褑	0.000522	3.506558	0.001830
褌褍薪懈褋褋泻邪褟	0.000261	0.116534	0.000030
褌褍薪褑芯屑	0.000261	0.116534	0.000030
褌褍褉械褑泻邪褟	0.000261	0.116534	0.000030
褌褘泻胁邪	0.000261	0.040822	0.000011
褍斜懈褌褜	0.000261	4.605170	0.001202
褍胁械写芯屑谢械薪懈褟	0.000261	0.040822	0.000011
褍写邪褔薪邪褟	0.000261	0.116534	0.000030
褍写邪褔薪芯	0.000261	3.218876	0.000840
褍写懈胁懈	0.000261	0.116534	0.000030
褍写懈胁谢褟泄褌械	0.001044	0.116534	0.000122
褍写芯胁芯谢褜褋褌胁懈械屑	0.000261	0.116534	0.000030
褍写芯胁芯谢褜褋褌胁懈褟	0.000261	2.302585	0.000601
褍卸	0.000261	0.693147	0.000181
褍卸懈薪	0.001566	0.094311	0.000148
褍卸懈薪邪	0.000261	2.207275	0.000576
褍蟹斜械泻褋泻邪褟	0.000261	0.116534	0.000030
褍蟹薪邪谢邪	0.000261	2.302585	0.000601
褍泻褉邪懈薪褋泻邪褟	0.000261	0.116534	0.000030
褍泻褉邪褕邪褌褜	0.000261	4.605170	0.001202
褍泻褉邪褕械薪懈褟	0.002349	0.116534	0.000274
褍泻褉芯锌	0.000522	0.562119	0.000293
褍锌芯褌褉械斜谢械薪懈械屑	0.000261	0.116534	0.000030
褍褉邪谢褜褋泻邪褟	0.000261	0.116534	0.000030
褍褉芯卸邪泄	0.000261	0.105361	0.000027
褍褌胁械褉卸写邪械褌	0.000261	3.506558	0.000915
褍褌泻懈	0.000783	0.116534	0.000091
褍褏邪	0.000261	0.040822	0.000011
褍褔邪褋褌胁芯胁邪褌褜	0.000261	0.040822	0.000011
褍褔懈褌械谢褜	0.000261	4.605170	0.001202
褍褕谢芯	0.000261	2.302585	0.000601
褍褞褌薪芯谐芯	0.000261	4.605170	0.001202
褎邪蟹械薪写褘	0.000261	0.127833	0.000033
褎邪薪邪褌芯胁	0.000261	4.605170	0.001202
褎邪薪褌邪蟹懈懈	0.001566	0.116534	0.000182
褎邪薪褌邪蟹懈泄	0.000261	0.116534	0.000030
褎邪薪褌邪蟹懈褟	0.000261	0.116534	0.000030
褎邪褉褕	0.000522	1.021651	0.000533
褎邪褉褕邪	0.003392	0.040822	0.000138
褎邪褉褕懈褉芯胁邪薪薪邪褟	0.000522	0.116534	0.000061
褎邪褉褕懈褉芯胁邪薪薪芯械	0.000261	0.116534	0.000030
褎邪褉褕懈褉芯胁邪薪薪褘械	0.000522	0.040822	0.000021
褎邪褉褕懈褉芯胁邪薪薪褘泄	0.000261	0.040822	0.000011
褎邪褋芯谢褜	0.000261	0.040822	0.000011
褎械胁褉邪谢褟	0.000783	0.105361	0.000082
褎械泄械褉胁械褉泻	0.000522	0.116534	0.000061
褎械褌邪	0.000522	3.506558	0.001830
褎懈谐褍褉械	0.000261	0.116534	0.000030
褎懈谢械	0.000261	0.916291	0.000239
褎懈薪褋泻邪褟	0.000261	0.116534	0.000030
褎懈褉屑械薪薪芯械	0.000261	0.116534	0.000030
褎懈褋褌邪褕泻懈	0.000522	3.218876	0.001680
褎谢懈薪褌	0.000261	4.605170	0.001202
褎芯薪写褞	0.000261	0.040822	0.000011
褎芯褉屑褘	0.000261	0.116534	0.000030
褎芯褉褍屑械	0.000522	0.040822	0.000021
褎芯褉褕屑邪泻	0.000261	0.040822	0.000011
褎褉邪薪褑懈懈	0.000522	0.116534	0.000061
褎褉邪薪褑褍卸械薪泻邪	0.000261	4.605170	0.001202
褎褉邪薪褑褍蟹褋泻邪褟	0.000261	0.116534	0.000030
褎褉邪薪褑褍蟹褋泻芯屑	0.000261	4.605170	0.001202
褎褉邪褍	0.001044	0.116534	0.000122
褎褉械褕	0.008612	3.506558	0.030197
褎褉褍泻褌芯胁	0.001044	0.116534	0.000122
褎褉褍泻褌芯胁芯	0.000261	0.116534	0.000030
褎褉褍泻褌芯胁褘械	0.001827	0.040822	0.000075
褎褍写	0.000261	0.116534	0.000030
褎褍褉褕械褌	0.000261	0.116534	0.000030
褎褍褌斜芯谢	0.000522	4.605170	0.002404
褎褍褌斜芯谢褍	0.000261	4.605170	0.001202
褏邪谢胁邪	0.000783	0.040822	0.000032
褏邪褉邪泻褌械褉薪芯	0.000261	4.605170	0.001202
褏邪褉胁械褋褌褎械褋褌	0.000522	0.116534	0.000061
褏邪褉写	0.000261	4.605170	0.001202
褏邪褉褔芯	0.000522	0.040822	0.000021
褏邪褕	0.000261	0.040822	0.000011
褏胁芯褉芯褋褌	0.000261	0.040822	0.000011
褏懈薪泻邪谢懈	0.000261	0.116534	0.000030
褏懈薪褌芯薪	0.000261	4.605170	0.001202
褏懈褌	0.001827	0.116534	0.000213
褏谢械斜	0.001305	0.040822	0.000053
褏谢械斜芯锌械褔泻懈	0.000261	0.116534	0.000030
褏谢芯锌褜褟	0.000522	0.105361	0.000055
褏芯蟹褟泄泻懈	0.000261	0.127833	0.000033
褏芯谢芯写械褑	0.000261	0.040822	0.000011
褏芯谢芯写薪褘械	0.000522	0.116534	0.000061
褏芯谢芯写薪褘泄	0.000522	0.116534	0.000061
褏芯褉胁邪褌褋泻邪褟	0.000261	0.116534	0.000030
褏芯褉芯褕芯	0.001305	0.105361	0.000137
褏芯褉褋	0.000261	0.116534	0.000030
褏芯褌懈褌械	0.000261	0.040822	0.000011
褏芯褌褜	0.000261	1.897120	0.000495
褏芯褌褟褌	0.000261	4.605170	0.001202
褏芯褔械褌褋褟	0.000261	1.469676	0.000384
褏褉邪薪懈褌褜	0.000261	2.207275	0.000576
褏褉械薪	0.000522	2.995732	0.001564
褏褍屑褍褋	0.000261	0.040822	0.000011
褑邪褉褋褌胁芯	0.000261	0.127833	0.000033
褑邪褉褜	0.000261	0.116534	0.000030
褑胁械褌薪邪褟	0.000261	0.040822	0.000011
褑械写褉邪	0.000522	1.832581	0.000956
褑械薪薪褘褏	0.000261	0.040822	0.000011
褑械薪褌褉	0.000261	0.116534	0.000030
褔邪械屑	0.000261	0.116534	0.000030
褔邪泄	0.000783	0.040822	0.000032
褔邪褋褌芯	0.000522	0.994252	0.000519
褔邪褋褌褜	0.000261	2.525729	0.000659
褔邪褞	0.000261	2.659260	0.000694
褔械斜褍褉械泻懈	0.000522	0.040822	0.000021
褔械谢芯胁械泻褍	0.000261	4.605170	0.001202
褔械屑	0.000783	0.994252	0.000778
褔械褉泻懈蟹芯胁芯	0.000522	0.116534	0.000061
褔械褉薪芯谐芯	0.000261	4.605170	0.001202
褔械褉薪褘泄	0.002088	0.371064	0.000775
褔械褋薪芯泻	0.000522	0.314711	0.000164
褔械褋褌薪褘屑懈	0.000261	0.040822	0.000011
褔械褔械胁懈褑邪	0.000261	0.040822	0.000011
褔械褕褋泻邪褟	0.000261	0.116534	0.000030
褔懈蟹泻械泄泻	0.001827	0.040822	0.000075
褔懈谢懈	0.000522	1.237874	0.000646
褔懈谢懈泄褋泻邪褟	0.000261	0.116534	0.000030
褔懈锌褋褘	0.000261	0.040822	0.000011
褔懈褋谢芯	0.000261	3.912023	0.001021
褔懈褋谢褍	0.000261	0.261365	0.000068
褔懈褋褌芯	0.000261	3.506558	0.000915
褔褌芯斜	0.001044	3.506558	0.003660
褔褍写械褋	0.000261	0.116534	0.000030
褔褍写芯	0.000261	1.309333	0.000342
褕邪谢邪薪写褘	0.000522	4.605170	0.002404
褕邪薪褋芯薪	0.000261	4.605170	0.001202
褕邪褉懈泻懈	0.000261	0.040822	0.000011
褕邪褉谢芯褌泻邪	0.000261	0.040822	0.000011
褕邪褉谢芯褌泻懈	0.000261	0.127833	0.000033
褕邪褉屑	0.000261	0.116534	0.000030
褕邪褕谢褘泻	0.003132	0.040822	0.000128
褕邪褕谢褘泻懈	0.000261	0.040822	0.000011
褕胁械写褋泻邪褟	0.000261	0.116534	0.000030
褕胁械泄褑邪褉褋泻邪褟	0.000261	0.116534	0.000030
褕械写械胁褉褘	0.000261	0.116534	0.000030
褕械褎	0.000261	0.127833	0.000033
褕懈泻邪褉薪械泄褕懈泄	0.000261	4.605170	0.001202
褕懈锌褍褔泻邪	0.000261	0.040822	0.000011
褕懈褉芯泻邪褟	0.000261	0.127833	0.000033
褕泻邪褉邪	0.000522	4.605170	0.002404
褕泻邪褉褘	0.000261	4.605170	0.001202
褕泻芯谢褍	0.000261	0.116534	0.000030
褕泻芯谢褜薪芯屑	0.000261	4.605170	0.001202
褕芯泻芯谐芯谢懈泻邪屑	0.000261	4.605170	0.001202
褕芯泻芯谢邪写	0.003914	0.040822	0.000160
褕芯泻芯谢邪写邪	0.000522	2.995732	0.001564
褕芯泻芯谢邪写薪芯	0.000522	2.813411	0.001468
褕芯泻芯谢邪写薪芯谐芯	0.000261	3.506558	0.000915
褕芯泻芯谢邪写薪芯械	0.000261	2.659260	0.000694
褕芯泻芯谢邪写薪褘械	0.000261	3.218876	0.000840
褕芯泻芯谢邪写薪褘泄	0.000261	1.660731	0.000433
褕芯褉褌邪屑懈	0.000261	4.605170	0.001202
褕芯褌谢邪薪写械褑	0.000261	4.605170	0.001202
褕芯褌谢邪薪写褋泻邪褟	0.000261	0.116534	0.000030
褕芯褌谢邪薪写褋泻懈屑懈	0.000261	4.605170	0.001202
褕褌褉褍写械谢褜	0.000261	0.040822	0.000011
褕褍褉锌邪	0.000261	0.040822	0.000011
褖邪褋	0.000261	0.116534	0.000030
褖械写褉邪褟	0.000261	0.116534	0.000030
褖懈	0.000522	0.040822	0.000021
褝泻芯屑懈谢泻	0.000261	0.127833	0.000033
褝泻褋褌褉邪泻褌	0.000522	4.605170	0.002404
褝谢械屑械薪褌邪褉薪芯	0.000261	3.506558	0.000915
褝谢褜蟹邪褋邪	0.000261	4.605170	0.001202
褝褉屑械	0.000261	4.605170	0.001202
褝褋褌芯薪褋泻邪褟	0.000261	0.116534	0.000030
褝褋褌褉邪谐芯薪	0.000522	4.605170	0.002404
褝褌懈屑	0.000522	1.108663	0.000579
褝褌芯谐芯	0.000261	0.415515	0.000108
褝褌芯泄	0.000261	1.427116	0.000372
褝褌芯屑	0.000522	0.843970	0.000440
褝褌芯屑褍	0.000261	1.272966	0.000332
褝褌褍	0.000261	1.272966	0.000332
褞斜懈谢械泄薪褘泄	0.000261	3.912023	0.001021
褞谐芯褋谢邪胁褋泻邪褟	0.000261	0.116534	0.000030
褟斜谢芯泻芯	0.000522	1.427116	0.000745
褟谐芯写薪褘械	0.000522	0.116534	0.000061
褟谐芯写薪褘泄	0.000522	0.116534	0.000061
褟蟹褘泻	0.000261	0.040822	0.000011
褟懈褑	0.001044	0.116534	0.000122
褟泄褑邪	0.000261	0.040822	0.000011
褟泄褑芯	0.004175	0.261365	0.001091
褟谢褌褘	0.000261	4.605170	0.001202
褟薪胁邪褉褟	0.000261	0.733969	0.000192
褟薪谐	0.000783	4.605170	0.003605
褟薪写械泻褋	0.000261	0.072571	0.000019
褟锌芯薪褋泻邪褟	0.000261	0.116534	0.000030
褟锌芯薪褋泻芯泄	0.000261	0.061875	0.000016
褟褉泻懈械	0.000261	0.116534	0.000030
褟褉泻懈泄	0.000261	3.218876	0.000840
褟褉泻芯	0.000522	0.105361	0.000055
