褌芯泻械薪	TF	IDF	TF-IDF
邪斜褏邪蟹褋泻邪褟	0.000295	0.116534	0.000034
邪胁褋褌褉邪谢懈泄褋泻邪褟	0.000295	0.116534	0.000034
邪胁褋褌褉懈泄褋泻邪褟	0.000295	0.116534	0.000034
邪胁褌芯泻谢邪胁邪	0.000295	0.116534	0.000034
邪胁褌芯褉邪屑	0.000295	0.040822	0.000012
邪谐褉芯	0.000295	0.116534	0.000034
邪写卸懈泻邪	0.000295	0.040822	0.000012
邪蟹械褉斜邪泄写卸邪薪褋泻邪褟	0.000295	0.116534	0.000034
邪蟹懈邪褌褋泻邪褟	0.000295	0.127833	0.000038
邪蟹褘	0.000295	0.127833	0.000038
邪泄褉邪薪	0.000295	0.040822	0.000012
邪泻胁邪褌懈泻邪	0.000884	0.127833	0.000113
邪谢械泻褋邪薪写械褉	0.000295	3.506558	0.001033
邪谢械泻褋械褟	0.000295	0.127833	0.000038
邪谢泻芯谐芯谢褜	0.000589	0.116534	0.000069
邪谢泻芯谐芯谢褜薪褘械	0.000295	0.116534	0.000034
邪谢泻芯谐芯谢褟	0.000295	0.116534	0.000034
邪谢褜褟薪褋	0.000295	0.116534	0.000034
邪屑械褉懈泻邪薪褋泻邪褟	0.000295	0.116534	0.000034
邪薪谐谢懈泄褋泻邪褟	0.000295	0.116534	0.000034
邪薪写褉械褟	0.000295	0.127833	0.000038
邪锌褉械谢褟	0.000589	0.579818	0.000342
邪褉邪斜褋泻邪褟	0.000295	0.116534	0.000034
邪褉邪褏懈褋	0.000589	2.995732	0.001765
邪褉谐械薪褌懈薪褋泻邪褟	0.000295	0.116534	0.000034
邪褉屑褟薪褋泻邪褟	0.000295	0.116534	0.000034
邪褉芯屑邪褌薪褘泄	0.000295	2.207275	0.000650
邪褋褋芯褉褌懈	0.000589	0.116534	0.000069
邪褌谢邪薪褌	0.000295	0.127833	0.000038
邪褌屑芯褋褎械褉褍	0.000295	2.995732	0.000883
邪褎谐邪薪褋泻邪褟	0.000295	0.116534	0.000034
邪褎褉懈泻邪薪褋泻邪褟	0.000295	0.116534	0.000034
邪褝褉芯谐褉懈谢械	0.002946	0.116534	0.000343
斜邪斜懈褔	0.000295	1.514128	0.000446
斜邪泻谢邪卸邪薪褘	0.000295	0.040822	0.000012
斜邪谢褌泻芯屑	0.000295	0.127833	0.000038
斜邪薪谐芯褉	0.000295	3.912023	0.001153
斜邪褉邪薪懈薪褘	0.001179	0.116534	0.000137
斜邪褋屑邪褌懈	0.000589	0.127833	0.000075
斜邪褋褌褍褉屑邪	0.000295	0.040822	0.000012
斜邪褌芯薪	0.000295	1.660731	0.000489
斜邪褌芯薪褔懈泻懈	0.000295	0.127833	0.000038
斜邪褕泻懈褉褋泻邪褟	0.000295	0.116534	0.000034
斜械蟹邪谢泻芯谐芯谢褜薪褘械	0.000295	0.116534	0.000034
斜械蟹谐谢褞褌械薪芯胁褘械	0.000295	0.116534	0.000034
斜械蟹写械谢懈褑邪	0.000295	4.605170	0.001357
斜械蟹写械谢褍褕泻邪	0.000295	4.605170	0.001357
斜械蟹写褉芯卸卸械胁芯械	0.009723	2.659260	0.025856
斜械蟹械	0.001179	0.040822	0.000048
斜械谢械斜械械胁褋泻懈泄	0.000589	0.116534	0.000069
斜械谢芯泻芯褔邪薪薪邪褟	0.000589	0.994252	0.000586
斜械谢芯褉褍褋褋泻邪褟	0.000295	0.116534	0.000034
斜械谢褜谐懈泄褋泻邪褟	0.000295	0.116534	0.000034
斜械褉械屑械薪薪褘褏	0.000295	0.116534	0.000034
斜械褋械写懈薪邪	0.000295	0.127833	0.000038
斜懈褋泻胁懈褌	0.000295	0.040822	0.000012
斜懈褋泻胁懈褌薪芯械	0.000589	0.116534	0.000069
斜懈褋泻胁懈褌薪褘泄	0.000295	0.105361	0.000031
斜懈褋泻胁懈褌褘	0.000295	0.127833	0.000038
斜谢懈卸械	0.000295	0.116534	0.000034
斜谢懈蟹泻懈褏	0.000295	0.116534	0.000034
斜谢懈薪芯胁	0.000589	0.116534	0.000069
斜谢懈薪褘	0.001179	0.040822	0.000048
斜谢褞写	0.000589	0.094311	0.000056
斜谢褞写邪	0.028285	0.040822	0.001155
斜谢褞写械	0.000295	2.302585	0.000678
斜谢褞写芯	0.001473	0.040822	0.000060
斜谢褞写褍	0.000295	0.116534	0.000034
斜芯斜芯胁褘械	0.000589	0.127833	0.000075
斜芯斜芯胁褘褏	0.001768	0.116534	0.000206
斜芯谐邪褌褘泄	0.000295	3.218876	0.000948
斜芯谢谐邪褉褋泻邪褟	0.000295	0.116534	0.000034
斜芯谢褜褕械	0.000589	0.105361	0.000062
斜芯谢褜褕懈屑懈	0.000295	3.912023	0.001153
斜芯褉褖	0.000589	0.040822	0.000024
斜芯褌胁懈薪褜褟	0.000295	0.040822	0.000012
斜褉邪蟹懈谢褜褋泻邪褟	0.000295	0.116534	0.000034
斜褉邪褌褜	0.000295	2.659260	0.000784
斜褉邪褍蟹械褉械	0.000295	0.040822	0.000012
斜褉邪褍薪懈	0.000295	0.040822	0.000012
斜褉械褋褌	0.000295	0.127833	0.000038
斜褉芯泻泻芯谢懈	0.000295	0.040822	0.000012
斜褉褘薪蟹邪	0.000589	4.605170	0.002714
斜褍卸械薪懈薪邪	0.000295	0.040822	0.000012
斜褍泻械褌	0.000589	3.506558	0.002066
斜褍谢芯褔泻邪屑懈	0.000295	0.116534	0.000034
斜褍谢芯褔泻懈	0.000589	0.040822	0.000024
斜褍谢褜芯薪	0.002062	0.040822	0.000084
斜褍谢褜芯薪褘	0.001179	0.116534	0.000137
斜褍褉谐械褉	0.000295	0.040822	0.000012
斜褍褉谐械褉褘	0.000295	0.127833	0.000038
斜褍褉褟褌褋泻邪褟	0.000295	0.116534	0.000034
斜褍褌械褉斜褉芯写	0.000589	0.116534	0.000069
斜褍褌械褉斜褉芯写褘	0.000884	0.040822	0.000036
斜褘褋褌褉芯	0.001179	0.094311	0.000111
斜褘褋褌褉芯泄	0.000295	0.116534	0.000034
斜褘褋褌褉芯屑褍	0.000295	2.813411	0.000829
斜褘褋褌褉褘械	0.000589	1.832581	0.001080
斜褘褋褌褉褘泄	0.000884	0.105361	0.000093
斜褘褋褌褉褘屑懈	0.000295	4.605170	0.001357
胁邪卸薪褘械	0.000295	0.116534	0.000034
胁邪谢谢懈泄褋泻邪褟	0.000295	0.116534	0.000034
胁邪屑懈	0.000589	0.843970	0.000497
胁邪薪懈谢懈薪	0.001179	1.609438	0.001897
胁邪褉械薪懈泻懈	0.000295	0.116534	0.000034
胁邪褉械薪褜械	0.000589	0.040822	0.000024
胁邪褉懈邪薪褌褘	0.000295	1.609438	0.000474
胁邪褌褉褍褕泻懈	0.000295	0.040822	0.000012
胁邪褎谢懈	0.000589	0.040822	0.000024
胁邪褕械泄	0.000589	0.040822	0.000024
胁胁芯写褟	0.000295	0.040822	0.000012
胁写芯褏薪芯胁械薪懈械	0.001179	0.116534	0.000137
胁写芯褏薪芯胁械薪懈械屑	0.000589	0.116534	0.000069
胁写芯褏薪芯胁谢褟泄褋褟	0.000295	0.116534	0.000034
胁械谐械褌邪褉懈邪薪褋泻懈械	0.000295	0.127833	0.000038
胁械谐械褌邪褉懈邪薪褋泻芯械	0.000295	0.116534	0.000034
胁械谢懈泻懈泄	0.000295	0.116534	0.000034
胁械薪谐械褉褋泻邪褟	0.000295	0.116534	0.000034
胁械褋械薪薪懈械	0.000295	0.051293	0.000015
胁械褋薪邪	0.001473	0.116534	0.000172
胁械褋薪褘	0.000295	0.116534	0.000034
胁械褌褔懈薪褘	0.000295	0.105361	0.000031
胁械褔械褉懈薪泻懈	0.000884	3.912023	0.003458
胁械褔械褉芯屑	0.000295	2.407946	0.000709
胁蟹褟褌	0.000295	2.207275	0.000650
胁蟹褟褌褜	0.000295	2.207275	0.000650
胁懈写械芯	0.000589	0.116534	0.000069
胁懈写械芯褉械褑械锌褌褘	0.000295	0.301105	0.000089
胁懈薪薪懈	0.000295	4.605170	0.001357
胁懈薪芯	0.000884	0.040822	0.000036
胁懈褕薪褟	0.000589	2.040221	0.001202
胁泻谢褞褔邪褞褖懈褏	0.000295	0.634878	0.000187
胁泻褍褋	0.000589	0.105361	0.000062
胁泻褍褋邪	0.002357	0.116534	0.000275
胁泻褍褋薪邪褟	0.001179	0.061875	0.000073
胁泻褍褋薪械械	0.000589	0.116534	0.000069
胁泻褍褋薪械泄	0.000295	0.116534	0.000034
胁泻褍褋薪芯	0.001768	0.094311	0.000167
胁泻褍褋薪芯谐芯	0.000295	2.207275	0.000650
胁泻褍褋薪褘械	0.001179	0.105361	0.000124
胁泻褍褋薪褘泄	0.000295	0.385662	0.000114
胁泻褍褋芯胁	0.000295	3.218876	0.000948
胁泻褍褋芯屑	0.000295	0.105361	0.000031
胁泻褍褍褍褍褍褋薪芯	0.000295	3.912023	0.001153
胁谢褞斜谢械薪薪褘褏	0.000295	0.116534	0.000034
胁薪邪褔邪谢械	0.001179	0.248461	0.000293
胁薪褍褌褉懈	0.000295	1.469676	0.000433
胁芯	0.000589	0.061875	0.000036
胁芯写邪	0.001768	0.287682	0.000509
胁芯写械	0.000295	0.105361	0.000031
胁芯蟹屑芯卸薪芯	0.000295	1.469676	0.000433
胁芯泄褌懈	0.000295	0.000000	0.000000
胁芯谢芯胁邪薪褘	0.000589	0.116534	0.000069
胁芯谢褕械斜薪褘械	0.000295	0.116534	0.000034
胁芯谢褕械斜褋褌胁芯	0.000295	0.116534	0.000034
胁芯锌褉芯褋褘	0.000295	0.000000	0.000000
胁芯褋褌芯褉谐械	0.000295	1.469676	0.000433
胁芯褋褌芯褔薪邪褟	0.000295	0.127833	0.000038
胁锌械褔邪褌谢械薪懈械	0.000295	2.813411	0.000829
胁锌芯谢薪械	0.000295	2.813411	0.000829
胁褉械屑械薪邪	0.000295	0.116534	0.000034
胁褉械屑械薪械屑	0.001768	0.116534	0.000206
胁褉械屑褟	0.000884	0.400478	0.000354
胁褉芯写械	0.000295	1.897120	0.000559
胁褋械谐芯	0.000295	0.186330	0.000055
胁褋械泄	0.000884	0.105361	0.000093
胁褋械屑褍	0.000295	0.061875	0.000018
胁褋锌芯屑薪懈褌褜	0.000589	0.040822	0.000024
胁褌芯褉芯械	0.000295	0.116534	0.000034
胁褌芯褉褘械	0.000295	0.127833	0.000038
胁褏芯写	0.000884	0.030459	0.000027
胁褘谐芯写薪芯	0.000295	4.605170	0.001357
胁褘泄褌懈	0.000295	0.040822	0.000012
胁褘锌械褔泻邪	0.006482	0.040822	0.000265
胁褘锌械褔泻懈	0.000589	0.072571	0.000043
胁褘锌械褔泻芯泄	0.000295	0.116534	0.000034
胁褘锌械褔泻褍	0.000295	2.813411	0.000829
胁褜械褌薪邪屑褋泻邪褟	0.000295	0.116534	0.000034
谐邪胁邪泄褋泻邪褟	0.000295	0.116534	0.000034
谐邪褉薪懈褉	0.001473	0.040822	0.000060
谐邪褋锌邪褔芯	0.000295	0.040822	0.000012
谐械芯谐褉邪褎懈褟	0.000295	0.116534	0.000034
谐谢邪胁薪褘泄	0.000295	0.040822	0.000012
谐谢邪蟹褍褉褜	0.000884	0.040822	0.000036
谐谢懈薪褌胁械泄薪	0.000295	0.040822	0.000012
谐谢褍斜懈薪褍	0.000295	4.605170	0.001357
谐芯胁芯褉懈谢	0.000295	2.659260	0.000784
谐芯胁芯褉褟	0.000295	2.207275	0.000650
谐芯胁芯褉褟褌	0.000295	3.218876	0.000948
谐芯胁褟写懈薪褘	0.001179	0.116534	0.000137
谐芯写	0.002652	0.105361	0.000279
谐芯写邪	0.004420	0.248461	0.001098
谐芯谢谢邪薪写褋泻邪褟	0.000295	0.116534	0.000034
谐芯褉写芯械	0.000295	4.605170	0.001357
谐芯褉芯写邪	0.000295	0.116534	0.000034
谐芯褉芯褏	0.000295	0.116534	0.000034
谐芯褉褔懈褑邪	0.000589	0.040822	0.000024
谐芯褉褔懈褑邪屑懈	0.000295	0.127833	0.000038
谐芯褉褕芯褔泻邪褏	0.000295	0.105361	0.000031
谐芯褉褕芯褔泻械	0.000295	0.040822	0.000012
谐芯褉褟褔械械	0.000589	0.116534	0.000069
谐芯褉褟褔懈械	0.010902	0.105361	0.001149
谐芯褉褟褔懈泄	0.000589	0.116534	0.000069
谐芯褋褌械泄	0.000589	1.272966	0.000750
谐芯褋褌懈	0.000295	0.116534	0.000034
谐芯褋褌褟屑	0.000295	2.525729	0.000744
谐芯褌芯胁	0.000295	2.207275	0.000650
谐芯褌芯胁懈屑	0.002062	0.094311	0.000195
谐芯褌芯胁懈褌褜	0.001473	0.105361	0.000155
谐芯褌芯胁褜	0.000589	0.116534	0.000069
谐芯褌芯胁褟褌	0.000295	0.116534	0.000034
谐褉械薪泻懈	0.000589	0.040822	0.000024
谐褉械褔械褋泻邪褟	0.000295	0.116534	0.000034
谐褉械褔泻邪	0.000295	0.040822	0.000012
谐褉懈斜邪屑懈	0.001179	0.105361	0.000124
谐褉懈斜薪褘械	0.000589	0.040822	0.000024
谐褉懈斜芯胁	0.000884	0.116534	0.000103
谐褉懈斜褘	0.000884	0.040822	0.000036
谐褉懈谢械	0.001473	0.116534	0.000172
谐褉懈谢褜	0.000295	0.116534	0.000034
谐褉懈谢褜屑邪薪懈褟	0.000295	0.116534	0.000034
谐褉懈谢褟	0.001179	0.116534	0.000137
谐褉芯谐	0.000295	0.040822	0.000012
谐褉褍写泻邪	0.001179	1.108663	0.001307
谐褉褍蟹懈薪褋泻邪褟	0.000295	0.116534	0.000034
谐褉褍蟹懈薪褘	0.000295	4.605170	0.001357
谐褉褍锌锌	0.000295	3.506558	0.001033
谐褉褍锌锌褘	0.000295	0.061875	0.000018
谐褍褉屑邪薪懈褟	0.001768	0.116534	0.000206
谐褍褉屑械	0.000295	0.127833	0.000038
谐褍褋褟	0.000589	0.105361	0.000062
写邪胁邪泄	0.000295	3.912023	0.001153
写邪械褌	0.000295	0.040822	0.000012
写邪谢械泻懈	0.000295	3.912023	0.001153
写邪屑褘	0.000295	3.912023	0.001153
写邪薪薪褘械	0.000295	0.040822	0.000012
写邪褉褘	0.000295	0.116534	0.000034
写邪褌械	0.000589	0.248461	0.000146
写邪褌芯	0.000884	4.605170	0.004071
写邪褌褋泻邪褟	0.000295	0.116534	0.000034
写邪褔薪芯械	0.000884	0.116534	0.000103
写胁邪	0.000295	1.171183	0.000345
写胁械	0.000295	2.525729	0.000744
写械泻邪斜褉褟	0.000295	0.597837	0.000176
写械泻芯褉	0.000295	0.127833	0.000038
写械谢邪械屑	0.000295	2.659260	0.000784
写械谢邪械褌	0.000589	0.116534	0.000069
写械谢懈屑褋褟	0.000295	0.040822	0.000012
写械谢芯屑	0.000295	0.116534	0.000034
写械谢褍	0.000295	4.605170	0.001357
写械谢褞褋褜	0.000295	2.407946	0.000709
写械薪褜	0.001179	0.083382	0.000098
写械褉械胁褜褟	0.000295	4.605170	0.001357
写械褋械褉褌	0.002652	0.116534	0.000309
写械褋械褉褌邪褑懈褟	0.000295	0.116534	0.000034
写械褋械褉褌薪褘械	0.000295	0.116534	0.000034
写械褋械褉褌褘	0.004420	0.040822	0.000180
写械褌械泄	0.000295	0.116534	0.000034
写械褌褋泻懈褏	0.000295	3.912023	0.001153
写械褌褋褌胁邪	0.000295	2.207275	0.000650
写卸械屑	0.000884	0.040822	0.000036
写蟹械薪	0.000295	0.116534	0.000034
写懈械褌邪	0.000295	0.116534	0.000034
写懈械褌懈褔械褋泻芯械	0.000295	4.605170	0.001357
写懈械褌褘	0.000295	0.116534	0.000034
写懈泻懈泄	0.000589	0.116534	0.000069
写懈泻芯谐芯	0.000295	0.116534	0.000034
写懈锌	0.000295	0.116534	0.000034
写懈褔懈	0.000589	0.116534	0.000069
写懈褔褜	0.000295	0.116534	0.000034
写薪械胁薪懈泻邪褏	0.000295	0.061875	0.000018
写薪械泄	0.000884	0.116534	0.000103
写薪褟	0.000295	0.040822	0.000012
写芯斜邪胁谢械薪懈褟屑	0.000295	0.274437	0.000081
写芯斜邪胁谢褟褌褜	0.000295	0.040822	0.000012
写芯斜邪胁褜	0.000295	0.116534	0.000034
写芯斜褉芯褎谢芯褌	0.000295	0.127833	0.000038
写芯胁械褉褟械褕褜	0.000295	0.116534	0.000034
写芯胁芯谢褜薪邪	0.000295	2.659260	0.000784
写芯谢卸薪邪	0.000295	2.207275	0.000650
写芯屑	0.002946	0.040822	0.000120
写芯屑邪褕薪械械	0.000884	0.040822	0.000036
写芯屑邪褕薪懈械	0.000589	0.040822	0.000024
写芯屑邪褕薪懈泄	0.001473	0.116534	0.000172
写芯屑邪褕薪褟褟	0.000589	0.105361	0.000062
写芯屑芯胁	0.000295	0.040822	0.000012
写芯锌褍褋泻邪褞	0.000295	4.605170	0.001357
写芯褋褌褍锌薪褘屑懈	0.000295	4.605170	0.001357
写褉邪泄胁	0.001473	0.127833	0.000188
写褉芯卸卸械胁芯械	0.000295	0.116534	0.000034
写褉褍谐	0.000295	2.040221	0.000601
写褉褍谐邪	0.000295	2.407946	0.000709
写褉褍谐懈屑懈	0.000295	0.040822	0.000012
写褉褍卸薪褘泄	0.000295	4.605170	0.001357
写褍褏芯胁泻邪	0.001179	0.127833	0.000151
写褍褕懈	0.000884	0.105361	0.000093
写褍褕芯泄	0.000295	4.605170	0.001357
械胁褉械泄褋泻邪褟	0.000295	0.116534	0.000034
械谐懈锌械褌褋泻邪褟	0.000295	0.116534	0.000034
械写懈薪褘泄	0.000295	0.040822	0.000012
械写褟褌	0.000295	2.813411	0.000829
械泻芯	0.000295	0.127833	0.000038
卸邪褉泻芯械	0.000295	0.040822	0.000012
卸谐褍褔懈泄	0.000589	1.966113	0.001159
卸械谢械	0.000884	0.040822	0.000036
卸械谢褌芯泻	0.002357	1.272966	0.003001
卸械薪褋泻邪褟	0.000295	0.127833	0.000038
卸械薪褋泻芯屑	0.000295	0.061875	0.000018
卸械薪褖懈薪褘	0.000589	0.116534	0.000069
卸懈蟹薪懈	0.000589	0.040822	0.000024
卸懈蟹薪褜	0.000295	0.116534	0.000034
卸褍谢褜械薪	0.000295	0.040822	0.000012
卸褍褉薪邪谢邪	0.000295	0.127833	0.000038
卸褞谢褜械薪	0.000295	0.040822	0.000012
蟹邪胁邪褉薪芯械	0.000295	0.116534	0.000034
蟹邪胁邪褉薪芯泄	0.000295	0.116534	0.000034
蟹邪胁褌褉邪泻	0.002062	0.094311	0.000195
蟹邪胁褌褉邪泻懈	0.000295	0.127833	0.000038
蟹邪谐芯褌芯胁泻懈	0.001179	0.040822	0.000048
蟹邪写邪胁邪褌褜	0.000295	0.040822	0.000012
蟹邪泄褑邪	0.000589	0.116534	0.000069
蟹邪泻邪薪褔懈胁邪褞褌褋褟	0.000295	4.605170	0.001357
蟹邪泻胁邪褋泻邪	0.000295	0.040822	0.000012
蟹邪泻胁邪褋泻邪屑懈	0.000295	0.116534	0.000034
蟹邪泻胁邪褋芯泻	0.000295	0.127833	0.000038
蟹邪泻褉褘褌褘泄	0.000295	0.116534	0.000034
蟹邪泻褍褋泻邪	0.000589	1.347074	0.000794
蟹邪泻褍褋泻邪屑懈	0.000295	4.605170	0.001357
蟹邪泻褍褋泻懈	0.006187	0.040822	0.000253
蟹邪泻褍褋泻褍	0.000884	0.116534	0.000103
蟹邪泻褍褋芯薪褔懈泻	0.000295	0.116534	0.000034
蟹邪泻褍褋芯褔泻邪	0.000295	0.116534	0.000034
蟹邪泻褍褋芯褔薪褘械	0.002652	0.116534	0.000309
蟹邪泻褍褋芯褔薪褘泄	0.000295	2.120264	0.000625
蟹邪谢懈胁泻芯泄	0.000295	4.605170	0.001357
蟹邪谢懈胁薪芯械	0.000589	0.040822	0.000024
蟹邪屑械褔邪褌械谢褜薪芯	0.000295	2.813411	0.000829
蟹邪屑芯褉芯蟹泻邪	0.000295	0.105361	0.000031
蟹邪锌邪写	0.000295	0.116534	0.000034
蟹邪锌械泻邪薪泻邪	0.001179	0.105361	0.000124
蟹邪锌械泻邪薪泻懈	0.002062	0.040822	0.000084
蟹邪锌褉邪胁泻邪	0.000589	0.040822	0.000024
蟹邪褉械谐懈褋褌褉懈褉芯胁邪胁褕懈褋褜	0.000295	0.040822	0.000012
蟹邪褉械谐懈褋褌褉懈褉芯胁邪褌褜褋褟	0.000295	0.030459	0.000009
蟹邪褋芯谢泻邪	0.000295	0.116534	0.000034
蟹胁邪薪褘泄	0.000295	0.127833	0.000038
蟹胁械蟹写邪	0.000295	0.127833	0.000038
蟹胁褢蟹写薪褘械	0.000295	0.116534	0.000034
蟹写芯褉芯胁芯械	0.000295	0.116534	0.000034
蟹写芯褉芯胁褘泄	0.000295	0.116534	0.000034
蟹写褉邪胁褋褌胁褍泄褌械	0.000295	2.407946	0.000709
蟹械谢械薪褜	0.001473	0.094311	0.000139
蟹械屑谢褟	0.000295	3.506558	0.001033
蟹械褎懈褉	0.000295	0.040822	0.000012
蟹懈屑薪懈械	0.000295	0.051293	0.000015
蟹懈屑薪褟褟	0.000295	3.506558	0.001033
蟹懈屑褍	0.001179	0.040822	0.000048
蟹懈褉邪	0.000589	3.218876	0.001897
蟹芯谢芯褌邪褟	0.000295	0.116534	0.000034
懈胁邪薪芯胁邪	0.000295	0.127833	0.000038
懈写械邪谢褜薪邪褟	0.000295	0.116534	0.000034
懈写械邪谢褜薪芯谐芯	0.001473	0.116534	0.000172
懈写械邪谢褜薪芯械	0.000295	0.116534	0.000034
懈写械泄泻懈	0.000295	0.116534	0.000034
懈写械褞	0.000295	2.525729	0.000744
懈蟹写械谢懈褟	0.004420	0.116534	0.000515
懈蟹写械谢懈褟屑懈	0.000884	0.116534	0.000103
懈蟹褘褋泻邪薪薪褍褞	0.000295	4.605170	0.001357
懈泻褉邪	0.000884	0.040822	0.000036
懈屑械薪械屑	0.000295	0.040822	0.000012
懈薪胁械褉褌芯褉薪芯泄	0.000295	0.127833	0.000038
懈薪谐褉械写懈械薪褌褘	0.008839	0.139262	0.001231
懈薪写械泄泻懈	0.001473	0.094311	0.000139
懈薪写械泄泻芯泄	0.000295	0.116534	0.000034
懈薪写懈泄褋泻邪褟	0.000295	0.116534	0.000034
懈薪写懈谢邪泄褌	0.000884	0.116534	0.000103
懈薪写懈褉械褋薪褘械	0.000295	0.116534	0.000034
懈薪褋褌褉褍泻褑懈褟屑懈	0.000295	0.040822	0.000012
懈薪褌械褉薪械褌邪	0.000589	1.771957	0.001044
懈褉邪泻褋泻邪褟	0.000295	0.116534	0.000034
懈褉邪薪褋泻邪褟	0.000295	0.116534	0.000034
懈褉懈薪械	0.000295	4.605170	0.001357
懈褉谢邪薪写褋泻邪褟	0.000295	0.116534	0.000034
懈褋泻褉械薪薪械	0.000295	0.116534	0.000034
懈褋谢邪薪写褋泻邪褟	0.000295	0.116534	0.000034
懈褋锌邪薪褋泻邪褟	0.000295	0.116534	0.000034
懈褋锌械泻懈	0.000295	0.116534	0.000034
懈褋锌褉邪胁谢械薪	0.000295	3.912023	0.001153
懈褋褌芯褉懈懈	0.001473	0.116534	0.000172
懈褋褌芯褉懈褞	0.000295	0.116534	0.000034
懈褌邪谢懈懈	0.000589	0.105361	0.000062
懈褌邪谢褜褟薪褋泻邪褟	0.000295	0.116534	0.000034
懈褞谢褟	0.000295	0.597837	0.000176
懈褞薪褟	0.000589	0.579818	0.000342
泄芯谐褍褉褌	0.000884	0.040822	0.000036
泻邪斜邪褔泻懈	0.000295	0.040822	0.000012
泻邪斜邪褔泻芯胁褘泄	0.000295	3.218876	0.000948
泻邪斜邪褔芯泻	0.000589	1.771957	0.001044
泻邪胁泻邪蟹褋泻邪褟	0.000295	0.116534	0.000034
泻邪蟹邪谢芯褋褜	0.000295	1.609438	0.000474
泻邪蟹邪薪械	0.000295	0.116534	0.000034
泻邪蟹邪褏褋泻邪褟	0.000295	0.116534	0.000034
泻邪泻邪芯	0.000589	0.040822	0.000024
泻邪谢械泄写芯褋泻芯锌	0.001179	0.116534	0.000137
泻邪谢屑褘褑泻邪褟	0.000295	0.116534	0.000034
泻邪谢褜屑邪褉	0.000295	0.040822	0.000012
泻邪屑械褉邪	0.000295	0.116534	0.000034
泻邪薪邪写褋泻邪褟	0.000295	0.116534	0.000034
泻邪薪邪谢	0.000589	0.040822	0.000024
泻邪薪邪谢械	0.000295	0.040822	0.000012
泻邪薪邪锌械	0.000589	0.040822	0.000024
泻邪锌褍褋褌邪	0.001179	0.040822	0.000048
泻邪锌褍褋褌薪褟泻	0.000295	0.040822	0.000012
泻邪锌褍褋褌芯泄	0.000295	1.966113	0.000579
泻邪锌褍褋褌褘	0.000295	0.040822	0.000012
泻邪褉邪屑械谢褜	0.000295	0.040822	0.000012
泻邪褉斜芯薪邪写	0.000589	3.506558	0.002066
泻邪褉泻邪褋薪褘泄	0.001179	0.116534	0.000137
泻邪褉褌芯褎械谢褜	0.000884	0.040822	0.000036
泻邪褉褌芯褎械谢褜薪芯械	0.000295	0.040822	0.000012
泻邪褉褌芯褎械谢褜薪褘泄	0.000295	0.116534	0.000034
泻邪褉褌芯褕泻邪	0.000589	0.040822	0.000024
泻邪褌械谐芯褉懈懈	0.000295	0.116534	0.000034
泻邪褌械谐芯褉懈褟	0.004420	0.150823	0.000667
泻邪褔械褋褌胁械	0.000295	1.609438	0.000474
泻邪褔械褋褌胁芯	0.000295	0.116534	0.000034
泻邪褕邪	0.000295	0.040822	0.000012
泻邪褕懈	0.001473	0.105361	0.000155
泻邪褕褍	0.000295	0.094311	0.000028
泻胁邪写褉邪褌薪褘屑懈	0.000295	4.605170	0.001357
泻胁邪褋	0.000884	0.040822	0.000036
泻胁邪褋薪芯械	0.000884	0.116534	0.000103
泻胁邪褋芯屑	0.000295	0.127833	0.000038
泻械泄屑斜褉懈写卸	0.000295	4.605170	0.001357
泻械泻褋	0.000295	0.040822	0.000012
泻械泻褋褘	0.000589	0.116534	0.000069
泻械褎懈褉	0.000295	0.040822	0.000012
泻懈屑褔懈	0.000295	0.040822	0.000012
泻懈薪芯邪	0.000589	0.127833	0.000075
泻懈薪芯谢械薪褌邪	0.000295	0.116534	0.000034
泻懈褋械谢褜	0.000589	0.040822	0.000024
泻懈褌邪泄褋泻邪褟	0.000295	0.116534	0.000034
泻谢邪褋褋	0.002357	0.116534	0.000275
泻谢邪褋褋褘	0.000295	0.116534	0.000034
泻谢褍斜芯褔泻懈	0.000295	4.605170	0.001357
泻薪懈谐褍	0.000589	0.040822	0.000024
泻芯泻褌械泄谢懈	0.000295	0.127833	0.000038
泻芯泻褌械泄谢褜	0.001473	0.040822	0.000060
泻芯谢斜邪褋邪	0.000295	0.040822	0.000012
泻芯谢斜邪褋薪褘屑懈	0.000884	0.116534	0.000103
泻芯屑邪薪写邪	0.000589	0.127833	0.000075
泻芯屑懈	0.000295	0.116534	0.000034
泻芯屑屑械薪褌邪褉懈械胁	0.000295	0.223144	0.000066
泻芯屑锌邪薪懈泄	0.000295	0.105361	0.000031
泻芯屑锌芯褌	0.000884	0.040822	0.000036
泻芯屑褍	0.000589	1.347074	0.000794
泻芯薪懈薪褘	0.000295	0.116534	0.000034
泻芯薪泻褍褉褋	0.063052	0.105361	0.006643
泻芯薪泻褍褉褋邪	0.000295	0.116534	0.000034
泻芯薪泻褍褉褋邪褏	0.000295	0.040822	0.000012
泻芯薪泻褍褉褋薪褘械	0.000295	0.127833	0.000038
泻芯薪褋械褉胁懈褉芯胁邪薪懈械	0.000295	0.040822	0.000012
泻芯薪褋械褉胁懈褉芯胁邪薪薪邪褟	0.000295	0.116534	0.000034
泻芯薪褋械褉胁懈褉芯胁邪薪薪芯械	0.000295	0.116534	0.000034
泻芯薪褋械褉胁懈褉芯胁邪薪薪褘械	0.000589	0.116534	0.000069
泻芯薪褋械褉胁懈褉芯胁邪薪薪褘泄	0.000295	0.116534	0.000034
泻芯薪褌邪泻褌邪	0.000295	4.605170	0.001357
泻芯薪褎械褌褌懈	0.000295	0.116534	0.000034
泻芯薪褎械褌褘	0.000884	0.040822	0.000036
泻芯薪褎懈写械薪褑懈邪谢褜薪芯褋褌懈	0.000295	0.040822	0.000012
泻芯薪褎懈褌褞褉	0.000295	0.040822	0.000012
泻芯锌褔械薪芯褋褌褟屑懈	0.000295	0.116534	0.000034
泻芯褉械泄褋泻邪褟	0.000295	0.116534	0.000034
泻芯褉械泄褋泻懈	0.000295	0.040822	0.000012
泻芯褉卸懈泻懈	0.000295	0.040822	0.000012
泻芯褉懈褔薪械胁褘泄	0.000589	1.386294	0.000817
泻芯褉屑褟褖懈褏	0.000295	0.116534	0.000034
泻芯褉芯褔械	0.000295	2.995732	0.000883
泻芯褉芯褔泻芯泄	0.000295	1.771957	0.000522
泻芯褌谢械褌褘	0.000884	0.040822	0.000036
泻芯褌芯褉芯屑褍	0.000295	0.116534	0.000034
泻芯褎械	0.000589	0.040822	0.000024
泻褉邪褋懈胁芯谐芯	0.000295	3.506558	0.001033
泻褉邪褋懈胁褘屑懈	0.000295	3.912023	0.001153
泻褉邪褋泻懈	0.000295	0.116534	0.000034
泻褉邪褋薪褘泄	0.000589	1.171183	0.000690
泻褉邪褏屑邪谢	0.001179	0.891598	0.001051
泻褉械邪褌懈胁	0.000295	0.127833	0.000038
泻褉械屑	0.000295	0.040822	0.000012
泻褉械屑邪	0.000884	0.116534	0.000103
泻褉械屑芯屑	0.000589	2.659260	0.001567
泻褉械锌泻懈泄	0.000295	0.116534	0.000034
泻褉芯谢懈泻邪	0.000589	0.116534	0.000069
泻褉芯屑械	0.000295	0.061875	0.000018
泻褉芯褏懈	0.000295	0.116534	0.000034
泻褉褍谐邪	0.000295	3.912023	0.001153
泻褉褍谐谢褘屑懈	0.000295	4.605170	0.001357
泻褉褍谐褍	0.000589	0.116534	0.000069
泻褉褍锌	0.001768	0.116534	0.000206
泻褉褍锌邪	0.000295	0.127833	0.000038
泻褉褍锌褘	0.000589	0.127833	0.000075
泻褉褍锌褟薪褘械	0.000295	0.116534	0.000034
泻褍斜懈薪褋泻邪褟	0.000295	0.116534	0.000034
泻褍蟹褜屑懈薪芯泄	0.000295	4.605170	0.001357
泻褍谢械褕	0.000295	0.040822	0.000012
泻褍谢懈薪邪褉懈懈	0.000884	0.094311	0.000083
泻褍谢懈薪邪褉薪邪褟	0.000295	0.116534	0.000034
泻褍谢懈薪邪褉薪芯械	0.000295	0.116534	0.000034
泻褍谢懈薪邪褉薪褍褞	0.000589	0.040822	0.000024
泻褍谢懈薪邪褉薪褘泄	0.000295	0.072571	0.000021
泻褍谢懈薪邪褉薪褘褏	0.000589	0.116534	0.000069
泻褍谢懈褔	0.000295	0.040822	0.000012
泻褍谢懈褔懈	0.000295	0.116534	0.000034
泻褍谢褜屑斜邪褏械褉褋泻懈械	0.000295	3.912023	0.001153
泻褍薪卸褍褌	0.001179	0.994252	0.001172
泻褍褉写褋泻邪褟	0.000295	0.116534	0.000034
泻褍褉懈薪邪褟	0.001179	1.021651	0.001204
泻褍褉懈薪芯谐芯	0.000295	0.116534	0.000034
泻褍褉懈薪芯械	0.005009	0.127833	0.000640
泻褍褉懈薪褘泄	0.000884	0.105361	0.000093
泻褍褉懈褑邪	0.000295	0.040822	0.000012
泻褍褉懈褑褘	0.000884	0.116534	0.000103
泻褍褉芯褔泻芯泄	0.000295	0.116534	0.000034
泻褍褋泻褍褋	0.000295	0.040822	0.000012
泻褍褏薪械泄	0.000295	0.040822	0.000012
泻褍褏薪懈	0.000884	0.040822	0.000036
泻褍褏薪褟	0.000884	0.116534	0.000103
谢邪胁邪褕	0.000589	0.040822	0.000024
谢邪胁邪褕邪	0.001179	0.116534	0.000137
谢邪谐屑邪薪	0.000295	0.040822	0.000012
谢邪泻芯屑褋褌胁芯	0.000295	0.116534	0.000034
谢邪锌褕邪	0.000589	0.040822	0.000024
谢邪褌褘褕褋泻邪褟	0.000295	0.116534	0.000034
谢械谐泻邪褟	0.000295	0.116534	0.000034
谢械谐泻懈泄	0.000589	0.116534	0.000069
谢械谐泻懈屑懈	0.000295	2.995732	0.000883
谢械谐泻芯	0.001768	0.116534	0.000206
谢械谐泻芯谐芯	0.000295	2.040221	0.000601
谢械薪懈胁褘褏	0.000295	3.912023	0.001153
谢械薪懈薪谐褉邪写褋泻芯械	0.000295	4.605170	0.001357
谢械锌械褕泻懈	0.000589	0.040822	0.000024
谢械褌邪	0.000295	0.116534	0.000034
谢械褌薪懈械	0.000295	0.040822	0.000012
谢械褌薪褟褟	0.000295	0.116534	0.000034
谢械褌芯	0.001473	0.116534	0.000172
谢械褔芯	0.000295	0.040822	0.000012
谢懈谐邪	0.000884	0.116534	0.000103
谢懈泻械褉	0.000295	0.040822	0.000012
谢懈屑芯薪邪写	0.000589	0.040822	0.000024
谢懈屑芯薪薪褘泄	0.000589	0.798508	0.000471
谢懈褌芯胁褋泻	0.000295	0.127833	0.000038
谢懈褌芯胁褋泻邪褟	0.000295	0.116534	0.000034
谢芯褉褏械薪	0.000295	3.912023	0.001153
谢褍泻	0.002357	0.301105	0.000710
谢褍褔褕懈械	0.000295	0.116534	0.000034
谢褍褔褕懈泄	0.000589	0.040822	0.000024
谢褍褔褕懈褏	0.000295	0.116534	0.000034
谢褞斜胁懈	0.000295	0.105361	0.000031
谢褞斜懈屑芯谐芯	0.000295	0.127833	0.000038
谢褞斜懈屑芯屑褍	0.000295	0.116534	0.000034
谢褞斜懈屑褘褏	0.001768	0.116534	0.000206
谢褞斜芯胁褜	0.000295	0.116534	0.000034
谢褞斜芯泄	0.000295	0.116534	0.000034
谢褟	0.000589	1.771957	0.001044
谢褢写	0.000295	0.127833	0.000038
屑邪谐邪蟹懈薪薪芯谐芯	0.000295	3.218876	0.000948
屑邪谐褉懈斜邪	0.000295	0.116534	0.000034
屑邪泄	0.000295	0.116534	0.000034
屑邪泄芯薪械蟹	0.000295	0.116534	0.000034
屑邪泻邪褉芯薪薪褘械	0.000295	0.116534	0.000034
屑邪泻邪褉芯薪褘	0.000295	0.040822	0.000012
屑邪谢邪蟹懈泄褋泻邪褟	0.000295	0.116534	0.000034
屑邪谢芯褋褌褜	0.000295	3.912023	0.001153
屑邪谢褜褔懈泻懈	0.000295	3.218876	0.000948
屑邪薪薪懈泻	0.000295	0.040822	0.000012
屑邪薪褌褘	0.000295	0.116534	0.000034
屑邪薪褢胁褉褘	0.000295	0.116534	0.000034
屑邪褉邪褎芯薪	0.000884	0.116534	0.000103
屑邪褉懈薪邪写	0.002652	0.040822	0.000108
屑邪褉懈薪邪写褘	0.000884	0.116534	0.000103
屑邪褉懈薪芯胁邪薪薪褘械	0.000295	0.116534	0.000034
屑邪褉屑械谢邪写	0.000295	0.040822	0.000012
屑邪褉芯泻泻邪薪褋泻邪褟	0.000295	0.116534	0.000034
屑邪褉褌邪	0.002062	0.105361	0.000217
屑邪褋泻邪褉锌芯薪械	0.000295	0.040822	0.000012
屑邪褋谢械薪懈褑邪	0.000884	0.040822	0.000036
屑邪褋谢械薪懈褔薪芯械	0.000295	0.116534	0.000034
屑邪褋谢芯	0.002652	0.116534	0.000309
屑邪褋谢芯屑	0.000295	0.116534	0.000034
屑邪褋褌械褉	0.002652	0.116534	0.000309
屑邪褋褌懈泻邪	0.000295	0.040822	0.000012
屑邪褋褌懈泻懈	0.000295	0.116534	0.000034
屑邪褎褎懈薪褘	0.000295	0.116534	0.000034
屑邪褏械械胁褗	0.001179	0.116534	0.000137
屑械写懈邪褎芯褉褌	0.000884	0.000000	0.000000
屑械写芯胁褘泄	0.000295	0.116534	0.000034
屑械泻褋懈泻邪薪褋泻邪褟	0.000295	0.116534	0.000034
屑械薪褞	0.000295	0.116534	0.000034
屑械薪褟	0.000589	0.083382	0.000049
屑械薪褟械褌褋褟	0.000295	0.116534	0.000034
屑械褔褌邪	0.000295	0.116534	0.000034
屑械褔褌褘	0.000589	0.040822	0.000024
屑懈写懈懈	0.000295	0.040822	0.000012
屑懈泻褉芯胁芯谢薪芯胁泻械	0.000295	0.116534	0.000034
屑懈谢褘械	0.000295	3.912023	0.001153
屑懈谢褜械	0.000295	0.116534	0.000034
屑懈薪褍褌	0.000589	0.755023	0.000445
屑懈芯	0.000295	0.116534	0.000034
屑懈褉	0.000295	0.116534	0.000034
屑懈褉邪	0.000295	0.116534	0.000034
屑懈褉芯胁邪褟	0.000295	0.116534	0.000034
屑懈褋芯	0.000295	0.040822	0.000012
屑懈褋褌械褉懈褟	0.000295	0.116534	0.000034
屑懈褋褌褉邪谢褜	0.002062	0.116534	0.000240
屑薪芯卸械褋褌胁芯屑	0.000295	0.040822	0.000012
屑芯谐谢懈	0.000295	3.218876	0.000948
屑芯械	0.000295	0.116534	0.000034
屑芯卸械褌械	0.000295	0.000000	0.000000
屑芯懈	0.000295	1.078810	0.000318
屑芯泄	0.000589	0.105361	0.000062
屑芯谢写邪胁褋泻邪褟	0.000295	0.116534	0.000034
屑芯谢芯泻械	0.000295	0.105361	0.000031
屑芯谢芯泻芯	0.002652	0.116534	0.000309
屑芯谢芯褔薪褘泄	0.000589	0.040822	0.000024
屑芯谢芯褔薪褘褏	0.000295	0.116534	0.000034
屑芯屑械薪褌	0.000884	0.116534	0.000103
屑芯薪谐芯谢褜褋泻邪褟	0.000295	0.116534	0.000034
屑芯褉械	0.000589	0.116534	0.000069
屑芯褉械锌褉芯写褍泻褌芯胁	0.003241	0.040822	0.000132
屑芯褉械锌褉芯写褍泻褌褘	0.000589	0.116534	0.000069
屑芯褉泻芯胁褜	0.001473	0.040822	0.000060
屑芯褉芯卸械薪芯械	0.000884	0.040822	0.000036
屑芯褉芯蟹懈谢泻械	0.000295	2.813411	0.000829
屑芯褉褋	0.000295	0.040822	0.000012
屑芯褉褋褘	0.000295	0.116534	0.000034
屑芯褌芯褉	0.000295	0.116534	0.000034
屑芯褏懈褌芯	0.000295	0.040822	0.000012
屑芯褞	0.000295	3.912023	0.001153
屑褍卸褋泻邪褟	0.000295	0.127833	0.000038
屑褍卸褔懈薪褘	0.000589	0.116534	0.000069
屑褍泻邪	0.000589	0.274437	0.000162
屑褍谢褜褌懈胁邪褉泻械	0.011786	0.116534	0.001373
屑褍谢褜褌懈锌械泻邪褉械泄	0.000884	0.116534	0.000103
屑褍褋褋	0.000295	0.040822	0.000012
屑褍褋褋褘	0.000589	0.116534	0.000069
屑褍褔薪褘械	0.000295	0.116534	0.000034
屑褞褋谢懈	0.000589	0.116534	0.000069
屑褟褋邪	0.002357	0.116534	0.000275
屑褟褋薪芯谐芯	0.000589	0.116534	0.000069
屑褟褋薪芯泄	0.002062	0.116534	0.000240
屑褟褋薪褘械	0.001473	0.040822	0.000060
屑褟褋薪褘屑	0.000295	2.207275	0.000650
屑褟褋薪褘褏	0.000884	0.116534	0.000103
屑褟褋芯	0.002357	0.040822	0.000096
屑褟褋芯屑	0.001473	0.040822	0.000060
屑褟褋褍	0.000589	0.116534	0.000069
薪邪蟹邪写	0.000295	0.967584	0.000285
薪邪蟹胁邪薪懈械	0.000295	0.941609	0.000277
薪邪蟹薪邪褔械薪懈褟	0.000295	0.116534	0.000034
薪邪谢懈胁泻邪	0.000295	0.040822	0.000012
薪邪锌懈褌泻懈	0.001768	0.040822	0.000072
薪邪锌懈褌芯泻	0.000295	0.040822	0.000012
薪邪褋褌芯泄泻邪	0.000295	0.040822	0.000012
薪邪褋褌褉芯械薪懈械	0.000295	0.116534	0.000034
薪邪褑懈芯薪邪谢褜薪褘械	0.000295	0.116534	0.000034
薪邪褔懈薪泻邪	0.000589	0.040822	0.000024
薪邪褔懈薪泻芯泄	0.000295	0.116534	0.000034
薪邪褕邪	0.000295	2.525729	0.000744
薪邪褕械谐芯	0.000295	2.120264	0.000625
薪邪褕械屑	0.000295	0.040822	0.000012
薪邪褕懈	0.000589	0.061875	0.000036
薪邪褕谢邪	0.000295	0.579818	0.000171
薪械斜芯	0.000295	3.506558	0.001033
薪械谐芯	0.000295	0.941609	0.000277
薪械写械谢懈	0.000589	2.120264	0.001249
薪械写械谢褟	0.002946	0.061875	0.000182
薪械械械械褌	0.000295	3.912023	0.001153
薪械卸薪械泄褕懈泄	0.000295	2.995732	0.000883
薪械卸薪芯泄	0.000295	0.116534	0.000034
薪械卸薪褘械	0.000295	1.660731	0.000489
薪械泻芯褌芯褉褘屑懈	0.000295	2.995732	0.000883
薪械屑械褑泻邪褟	0.000295	0.116534	0.000034
薪械芯斜褘泻薪芯胁械薪薪芯械	0.000295	3.912023	0.001153
薪械芯卸懈写邪薪薪褘械	0.000295	0.116534	0.000034
薪械褋谢邪写泻芯械	0.000295	0.116534	0.000034
薪懈薪邪	0.000295	1.203973	0.000355
薪懈褌芯泻	0.000295	4.605170	0.001357
薪懈褏	0.000589	1.660731	0.000979
薪懈褔械谐芯	0.000295	0.941609	0.000277
薪芯胁邪褟	0.000295	0.116534	0.000034
薪芯胁芯谐芯写薪械谐芯	0.001473	0.116534	0.000172
薪芯胁芯谐芯写薪械械	0.000884	0.116534	0.000103
薪芯胁芯谐芯写薪懈械	0.001768	0.040822	0.000072
薪芯胁芯谐芯写薪懈泄	0.002062	0.116534	0.000240
薪芯胁芯谐芯写薪褟褟	0.000295	0.105361	0.000031
薪芯胁芯褋褌褟褏	0.000295	0.061875	0.000018
薪芯胁褘械	0.000589	0.051293	0.000030
薪芯胁褘泄	0.002652	0.094311	0.000250
薪芯褉胁械卸褋泻邪褟	0.000295	0.116534	0.000034
薪芯褋懈谢邪	0.000295	4.605170	0.001357
薪芯褟斜褉褟	0.000589	0.527633	0.000311
芯斜写褍屑褘胁邪谢邪	0.000295	4.605170	0.001357
芯斜械写	0.000884	0.105361	0.000093
芯斜械蟹褜褟薪褘	0.000295	0.116534	0.000034
芯斜械褖邪褞	0.000295	4.605170	0.001357
芯斜懈写薪褘泄	0.000295	4.605170	0.001357
芯斜褖邪褌褜褋褟	0.000295	0.040822	0.000012
芯斜褘褔薪芯泄	0.000295	2.659260	0.000784
芯胁邪谢褜薪褘屑懈	0.000295	4.605170	0.001357
芯胁芯褖邪屑懈	0.000295	0.116534	0.000034
芯胁芯褖械泄	0.004125	0.105361	0.000435
芯胁芯褖懈	0.001768	0.094311	0.000167
芯胁芯褖薪邪褟	0.000295	0.040822	0.000012
芯胁芯褖薪芯械	0.000295	0.116534	0.000034
芯胁芯褖薪芯泄	0.000589	0.105361	0.000062
芯胁芯褖薪褘械	0.001473	0.040822	0.000060
芯胁褋褟薪芯械	0.000295	0.116534	0.000034
芯谐薪械薪薪芯泄	0.000295	0.116534	0.000034
芯谐薪褟	0.000295	0.116534	0.000034
芯谐褍褉褑褘	0.000589	0.116534	0.000069
芯写薪芯泄	0.000295	1.237874	0.000365
芯写薪芯屑	0.000295	1.771957	0.000522
芯写薪芯褝褌邪卸薪褘泄	0.000295	2.302585	0.000678
芯泻邪蟹褘胁邪械褌褋褟	0.000295	3.218876	0.000948
芯泻芯薪褔邪褌械谢褜薪芯	0.000295	3.912023	0.001153
芯泻褉芯褕泻邪	0.000884	0.040822	0.000036
芯泻褌褟斜褉褟	0.000884	0.562119	0.000497
芯谢邪写褜懈	0.000884	0.040822	0.000036
芯谢械泄薪邪	0.000884	0.116534	0.000103
芯谢械泄薪芯泄	0.001179	0.116534	0.000137
芯谢械泄薪褘	0.000295	0.127833	0.000038
芯谢懈胁泻芯胁芯械	0.000589	0.544727	0.000321
芯谢褜谐邪	0.000295	1.427116	0.000420
芯屑谢械褌	0.000295	0.040822	0.000012
芯锌邪褉邪	0.000295	0.040822	0.000012
芯锌褉芯斜芯胁邪薪	0.000295	3.912023	0.001153
芯锌褉芯褋	0.000295	0.061875	0.000018
芯锌褟褌褜	0.000295	2.040221	0.000601
芯褉械褏懈	0.000589	1.139434	0.000671
芯褋械薪薪械械	0.000295	0.116534	0.000034
芯褋械薪薪懈械	0.000295	0.051293	0.000015
芯褋械薪薪懈泄	0.000589	0.116534	0.000069
芯褋械薪褜	0.002946	0.105361	0.000310
芯褋薪芯胁薪芯械	0.000295	0.040822	0.000012
芯褋芯斜械薪薪芯	0.000295	1.469676	0.000433
芯褋褌邪械褌褋褟	0.000295	0.116534	0.000034
芯褋褌邪薪芯胁懈褌褜褋褟	0.000295	1.714798	0.000505
芯褌胁械褌懈褌褜	0.000295	0.051293	0.000015
芯褌胁械褌芯胁	0.000295	0.051293	0.000015
芯褌胁械褌褘	0.000295	0.000000	0.000000
芯褌蟹芯胁械褌褋褟	0.000295	4.605170	0.001357
芯褌泻褉褘褌褘泄	0.001179	0.116534	0.000137
芯褌屑械薪懈褌褜	0.000295	0.040822	0.000012
芯褏谢邪写懈褌褜	0.000295	0.116534	0.000034
锌邪泻械褌懈泻邪褏	0.000295	0.105361	0.000031
锌邪谢芯褔泻懈	0.000295	0.040822	0.000012
锌邪薪懈褉芯胁泻邪	0.002357	0.116534	0.000275
锌邪薪懈褉芯胁芯褔薪褘械	0.000589	1.309333	0.000772
锌邪锌褉懈泻邪	0.000589	1.203973	0.000709
锌邪褉邪	0.000295	0.116534	0.000034
锌邪褉邪写	0.002062	0.116534	0.000240
锌邪褉芯胁邪褉泻械	0.002652	0.116534	0.000309
锌邪褉芯谢褜	0.000295	0.020203	0.000006
锌邪褋褌邪	0.000884	0.040822	0.000036
锌邪褋褌褉芯屑邪	0.000295	0.040822	0.000012
锌邪褋褏邪	0.000589	0.040822	0.000024
锌邪褋褏邪谢褜薪邪褟	0.000589	0.116534	0.000069
锌邪褋褏邪谢褜薪褘泄	0.000295	0.127833	0.000038
锌邪褌懈褋褜械褉	0.000589	3.912023	0.002305
锌邪褕褌械褌	0.000295	0.040822	0.000012
锌邪褕褌械褌褘	0.000589	0.116534	0.000069
锌械泻邪褉褟	0.000295	0.127833	0.000038
锌械谢褜屑械薪懈	0.000295	0.116534	0.000034
锌械褉胁芯械	0.000589	0.040822	0.000024
锌械褉胁褘械	0.000295	0.127833	0.000038
锌械褉胁褘屑	0.000295	0.116534	0.000034
锌械褉械泄褌懈	0.000295	0.040822	0.000012
锌械褉械泻褍褋	0.000589	0.116534	0.000069
锌械褉械泻褍褋芯胁	0.000295	3.912023	0.001153
锌械褉械褑	0.003241	0.040822	0.000132
锌械褉懈薪邪	0.000295	4.605170	0.001357
锌械褉褋芯薪褘	0.000295	0.116534	0.000034
锌械褉褋锌械泻褌懈胁褘	0.000295	4.605170	0.001357
锌械褉褍邪薪褋泻邪褟	0.000295	0.116534	0.000034
锌械褋芯褔薪芯械	0.000589	0.105361	0.000062
锌械褋芯褔薪褘泄	0.000295	0.116534	0.000034
锌械褌械谢懈薪泻懈	0.000295	0.127833	0.000038
锌械褌褉褍褕泻邪	0.001179	0.693147	0.000817
锌械褔械薪芯褔薪褘泄	0.000295	0.040822	0.000012
锌械褔械薪褜械	0.002652	0.040822	0.000108
锌械褔懈	0.000295	0.127833	0.000038
锌懈胁芯	0.000295	0.116534	0.000034
锌懈泻邪薪褌褘	0.000295	0.127833	0.000038
锌懈泻薪懈泻	0.000589	0.116534	0.000069
锌懈泻薪懈泻邪	0.000295	0.116534	0.000034
锌懈泻薪懈泻褍	0.000295	0.105361	0.000031
锌懈褉	0.000295	0.116534	0.000034
锌懈褉芯谐	0.001768	0.040822	0.000072
锌懈褉芯谐邪	0.000295	1.309333	0.000386
锌懈褉芯谐懈	0.000589	0.105361	0.000062
锌懈褉芯卸泻懈	0.000295	0.040822	0.000012
锌懈褉芯卸薪芯械	0.000884	0.040822	0.000036
锌懈褉芯卸薪褘械	0.000884	0.116534	0.000103
锌懈褌邪薪懈械	0.001473	0.105361	0.000155
锌懈褑褑邪	0.000589	0.040822	0.000024
锌谢邪屑褟	0.000295	0.116534	0.000034
锌谢邪薪褍	0.000295	3.912023	0.001153
锌谢懈褌邪	0.001179	0.127833	0.000151
锌谢芯胁	0.000295	0.116534	0.000034
锌谢芯写褘	0.000295	0.116534	0.000034
锌芯胁邪褉械薪泻械	0.000295	0.040822	0.000012
锌芯胁邪褉械薪芯泻	0.000295	0.061875	0.000018
锌芯胁邪褉褟褌	0.000295	0.116534	0.000034
锌芯胁邪褉褟褌邪屑懈	0.000295	0.040822	0.000012
锌芯胁邪褉褢薪泻邪	0.000295	0.116534	0.000034
锌芯胁懈写谢芯	0.000295	0.040822	0.000012
锌芯胁褋械写薪械胁薪芯泄	0.000295	4.605170	0.001357
锌芯写邪褉泻芯胁	0.000295	0.116534	0.000034
锌芯写邪褌褜	0.000295	1.560648	0.000460
锌芯写谐谢褟写械谢邪	0.000295	3.912023	0.001153
锌芯写谐芯褌芯胁泻褍	0.000295	3.218876	0.000948
锌芯写械谢懈褌褜褋褟	0.000884	0.478036	0.000423
锌芯写谢懈胁邪	0.000295	0.116534	0.000034
锌芯写谢懈胁泻邪	0.000295	0.040822	0.000012
锌芯写芯泄写械屑	0.000295	4.605170	0.001357
锌芯写芯泄写褍褌	0.000295	2.207275	0.000650
锌芯写锌懈褋邪褌褜褋褟	0.000295	0.040822	0.000012
锌芯写锌懈褕懈褌械褋褜	0.000589	0.040822	0.000024
锌芯写褔械褉泻薪褍谢	0.000295	4.605170	0.001357
锌芯械写懈薪泻懈	0.004125	0.116534	0.000481
锌芯蟹写褉邪胁褜	0.000295	0.116534	0.000034
锌芯懈褋泻	0.000295	0.051293	0.000015
锌芯懈褋泻邪谢邪	0.000295	4.605170	0.001357
锌芯谢写薪懈泻	0.000589	0.116534	0.000069
锌芯谢械蟹薪芯	0.000295	0.116534	0.000034
锌芯谢械蟹薪芯械	0.000295	3.506558	0.001033
锌芯谢懈褌懈泻芯泄	0.000295	0.040822	0.000012
锌芯谢薪芯褑械薪薪褘泄	0.000295	2.995732	0.000883
锌芯谢芯胁懈薪邪	0.002357	0.116534	0.000275
锌芯谢褍褔邪泄褌械	0.000295	0.040822	0.000012
锌芯谢褍褔邪褌褜	0.000295	0.040822	0.000012
锌芯谢褍褔邪褞褌褋褟	0.000295	1.427116	0.000420
锌芯谢褜蟹邪	0.000295	0.127833	0.000038
锌芯谢褜蟹芯泄	0.001179	0.116534	0.000137
锌芯谢褜褋泻邪褟	0.000295	0.116534	0.000034
锌芯屑邪写泻邪	0.000589	0.040822	0.000024
锌芯屑邪写泻懈	0.000295	0.116534	0.000034
锌芯屑懈写芯褉泻懈	0.000295	0.127833	0.000038
锌芯屑懈写芯褉褘	0.000589	0.116534	0.000069
锌芯屑薪懈褌械	0.000295	2.813411	0.000829
锌芯屑薪褞	0.000295	1.966113	0.000579
锌芯薪褉邪胁懈胁褕懈械褋褟	0.000295	0.040822	0.000012
锌芯薪褉邪胁懈褌褋褟	0.000295	1.427116	0.000420
锌芯薪褔懈泻懈	0.000589	0.040822	0.000024
锌芯褉邪	0.000295	0.116534	0.000034
锌芯褉邪写褍械褌	0.000295	1.660731	0.000489
锌芯褉邪蟹懈褌械谢褜薪芯	0.000295	4.605170	0.001357
锌芯褉褌褍谐邪谢褜褋泻邪褟	0.000295	0.116534	0.000034
锌芯褋械褖邪械褌械	0.000295	0.061875	0.000018
锌芯褋褌	0.001473	0.105361	0.000155
锌芯褋褌薪芯械	0.000295	0.116534	0.000034
锌芯褋褌薪褘械	0.000295	0.040822	0.000012
锌芯褋褌薪褘泄	0.000295	0.116534	0.000034
锌芯褋褌芯褟薪薪芯	0.000295	0.040822	0.000012
锌芯褋褌褉芯懈屑	0.000295	0.116534	0.000034
锌芯褋褍写邪	0.000589	0.094311	0.000056
锌芯褏芯卸懈械	0.000295	1.832581	0.000540
锌芯褔褌懈	0.000295	1.021651	0.000301
锌芯褔褌褍	0.000295	0.040822	0.000012
锌芯褕邪谐芯胁褘械	0.000295	0.301105	0.000089
锌芯褕邪谐芯胁褘屑懈	0.000295	0.040822	0.000012
锌褉邪蟹写薪懈泻邪	0.000589	0.116534	0.000069
锌褉邪蟹写薪懈泻邪褏	0.000295	3.912023	0.001153
锌褉邪蟹写薪懈褔薪芯	0.000295	0.116534	0.000034
锌褉邪蟹写薪懈褔薪芯谐芯	0.000295	0.116534	0.000034
锌褉邪蟹写薪懈褔薪芯屑	0.000295	1.771957	0.000522
锌褉邪蟹写薪懈褔薪褘泄	0.000295	0.116534	0.000034
锌褉邪泻褌懈泻褍屑	0.000295	0.116534	0.000034
锌褉邪泻褌懈褔薪芯	0.000295	2.525729	0.000744
锌褉械胁芯褋褏芯写薪褘械	0.000295	0.116534	0.000034
锌褉械胁褉邪褖械薪懈褟	0.000295	0.116534	0.000034
锌褉械写谢邪谐邪褞	0.000295	0.693147	0.000204
锌褉械写褋褌芯褟褖械泄	0.000295	4.605170	0.001357
锌褉械泻褉邪褋薪芯	0.000295	1.714798	0.000505
锌褉械褋薪芯械	0.000295	0.116534	0.000034
锌褉懈谐芯写懈褌褋褟	0.000295	1.609438	0.000474
锌褉懈谐芯褌芯胁懈屑	0.000295	0.116534	0.000034
锌褉懈谐芯褌芯胁懈褌	0.000295	4.605170	0.001357
锌褉懈谐芯褌芯胁谢械薪懈械	0.000295	0.105361	0.000031
锌褉懈谐芯褌芯胁谢械薪懈械屑	0.000295	3.506558	0.001033
锌褉懈谐芯褌芯胁谢械薪懈懈	0.000295	0.798508	0.000235
锌褉懈谐芯褌芯胁谢械薪懈褞	0.000295	0.040822	0.000012
锌褉懈写褍屑邪谢邪	0.000295	4.605170	0.001357
锌褉懈蟹薪邪薪懈械	0.000295	0.116534	0.000034
锌褉懈蟹薪邪褞褋褜	0.000295	3.506558	0.001033
锌褉懈蟹芯胁	0.000295	0.040822	0.000012
锌褉懈锌褉邪胁邪	0.000295	0.040822	0.000012
锌褉懈褉芯写褍	0.000589	0.116534	0.000069
锌褉懈褉芯写褘	0.000295	0.116534	0.000034
锌褉懈褋褌褍锌懈褌褜	0.000295	0.040822	0.000012
锌褉懈褏芯写褍	0.000295	3.912023	0.001153
锌褉芯斜芯胁邪谢	0.000295	2.525729	0.000744
锌褉芯斜褍泄褌械	0.000295	2.302585	0.000678
锌褉芯胁械写懈	0.001179	0.116534	0.000137
锌褉芯胁械褉械薪芯	0.001768	0.116534	0.000206
锌褉芯胁芯写懈屑褘褏	0.000295	0.040822	0.000012
锌褉芯胁芯卸邪械屑	0.000295	0.116534	0.000034
锌褉芯写胁懈薪褍褌褜	0.000295	4.605170	0.001357
锌褉芯写褍泻褌芯胁	0.000589	0.094311	0.000056
锌褉芯写褍泻褌褘	0.000295	1.386294	0.000408
锌褉芯械泻褌芯胁	0.000295	0.116534	0.000034
锌褉芯械泻褌褘	0.000295	0.061875	0.000018
锌褉芯懈蟹胁械谢懈	0.000295	3.912023	0.001153
锌褉芯褋屑芯褌褉邪屑	0.000295	0.274437	0.000081
锌褉芯褋褌芯	0.000884	0.083382	0.000074
锌褉芯褋褌芯泄	0.000589	0.755023	0.000445
锌褉芯褋褌芯泻胁邪褕邪	0.000295	0.040822	0.000012
锌褉芯褋褌芯褉邪褏	0.000295	1.771957	0.000522
锌褉芯褋褌芯褉芯胁	0.000295	3.506558	0.001033
锌褉芯褎懈谢褜	0.000295	0.040822	0.000012
锌褉褟屑芯	0.000589	0.040822	0.000024
锌褉褟薪懈泻	0.000295	0.040822	0.000012
锌褉褟薪懈泻懈	0.000295	0.116534	0.000034
锌褉褟薪懈褔薪芯械	0.000295	0.116534	0.000034
锌褉褟薪芯褋褌懈	0.000589	3.218876	0.001897
锌褌懈褑邪	0.001473	0.116534	0.000172
锌褌懈褑械	0.000589	0.116534	0.000069
锌褌懈褑械泄	0.000295	0.127833	0.000038
锌褌懈褑褘	0.003536	0.116534	0.000412
锌褍写懈薪谐	0.000295	0.040822	0.000012
锌褍写懈薪谐懈	0.000589	0.116534	0.000069
锌褍写褉邪	0.001179	1.897120	0.002236
锌褍薪褕	0.000295	0.040822	0.000012
锌褍褉懈	0.000295	4.605170	0.001357
锌褍褌械褕械褋褌胁懈械	0.000589	0.116534	0.000069
锌褍褌褜	0.000295	0.116534	0.000034
锌褍褏	0.000295	3.218876	0.000948
锌褕械薪懈褔薪邪褟	0.000589	0.287682	0.000170
锌褘褕泻邪	0.000295	4.605170	0.001357
锌褘褕泻懈	0.000295	0.040822	0.000012
锌褞褉械	0.001179	0.040822	0.000048
锌褟褌薪懈褑褍	0.000295	3.912023	0.001153
褉邪斜芯褌褍	0.000295	1.560648	0.000460
褉邪谐褍	0.000295	0.116534	0.000034
褉邪蟹胁械褉薪褍褌褜	0.000295	0.116534	0.000034
褉邪蟹写械谢褜薪芯械	0.000295	0.116534	0.000034
褉邪蟹屑械褋褌懈谢邪	0.000295	4.605170	0.001357
褉邪蟹薪褘械	0.000589	0.116534	0.000069
褉邪褋褋泻邪卸褍	0.000295	2.995732	0.000883
褉邪褋褋芯谢褜薪懈泻	0.000589	0.040822	0.000024
褉邪褋褋芯谢褜薪懈泻邪	0.000295	0.116534	0.000034
褉邪褋褋褘谢泻懈	0.000295	0.061875	0.000018
褉械斜械薪芯泻	0.000589	4.605170	0.002714
褉械谐懈褋褌褉邪褑懈懈	0.000589	0.010050	0.000006
褉械谐懈褋褌褉邪褑懈褟	0.000295	0.000000	0.000000
褉械蟹褍谢褜褌邪褌	0.000295	0.967584	0.000285
褉械蟹褍谢褜褌邪褌芯屑	0.000295	3.218876	0.000948
褉械泄褌懈薪谐褍	0.000295	0.248461	0.000073
褉械锌褔邪褌褘泄	0.002357	0.430783	0.001015
褉械褑械锌褌	0.003536	0.040822	0.000144
褉械褑械锌褌邪	0.000295	0.462035	0.000136
褉械褑械锌褌邪褏	0.000295	0.061875	0.000018
褉械褑械锌褌芯胁	0.001768	0.040822	0.000072
褉械褑械锌褌芯屑	0.000295	0.693147	0.000204
褉械褑械锌褌褘	0.021509	0.040822	0.000878
褉械褕懈谢邪	0.000295	0.820981	0.000242
褉懈褋	0.001179	0.040822	0.000048
褉懈褋邪	0.000295	0.116534	0.000034
褉懈褌屑械	0.000295	0.116534	0.000034
褉芯谐邪谢懈泻懈	0.000295	0.040822	0.000012
褉芯写薪芯械	0.000295	0.116534	0.000034
褉芯写芯屑	0.000295	2.525729	0.000744
褉芯卸写械薪懈褟	0.000295	0.105361	0.000031
褉芯卸写械褋褌胁芯	0.000295	0.116534	0.000034
褉芯蟹	0.000589	3.506558	0.002066
褉芯蟹邪	0.000295	3.506558	0.001033
褉芯蟹邪薪	0.000295	4.605170	0.001357
褉芯蟹芯褔泻懈	0.000295	3.912023	0.001153
褉芯蟹褘	0.000295	3.506558	0.001033
褉芯谢谢械	0.000295	3.506558	0.001033
褉芯谢谢褌芯薪	0.000295	0.116534	0.000034
褉芯谢谢褘	0.000589	0.040822	0.000024
褉芯屑	0.000295	0.040822	0.000012
褉褍斜褉懈泻邪褌芯褉	0.000295	0.051293	0.000015
褉褍卸	0.000295	3.506558	0.001033
褉褍谢械褌	0.000295	0.040822	0.000012
褉褍谢械褌褘	0.002946	0.116534	0.000343
褉褍屑褘薪褋泻邪褟	0.000295	0.116534	0.000034
褉褍屑褟薪褘械	0.000295	0.116534	0.000034
褉褍薪械褌械	0.000295	0.020203	0.000006
褉褍褋	0.000589	4.605170	0.002714
褉褍褋褋泻邪褟	0.000295	0.116534	0.000034
褉褘斜邪	0.002652	0.040822	0.000108
褉褘斜械	0.000589	0.116534	0.000069
褉褘斜薪邪褟	0.000295	0.116534	0.000034
褉褘斜薪芯谐芯	0.000589	0.116534	0.000069
褉褘斜薪褘械	0.001179	0.116534	0.000137
褉褘斜薪褘泄	0.000589	0.116534	0.000069
褉褘斜薪褘褏	0.000295	0.116534	0.000034
褉褘斜芯泄	0.000589	0.116534	0.000069
褉褘斜褘	0.003536	0.116534	0.000412
褉褟卸械薪泻邪	0.000295	0.116534	0.000034
褋邪泄褌	0.000884	0.000000	0.000000
褋邪泄褌械	0.000295	0.462035	0.000136
褋邪泄褌褍	0.000589	0.061875	0.000036
褋邪谢邪褌	0.000295	0.094311	0.000028
褋邪谢邪褌薪邪褟	0.000295	0.116534	0.000034
褋邪谢邪褌褘	0.009134	0.040822	0.000373
褋邪屑芯谐芯薪	0.000295	0.040822	0.000012
褋邪屑褘泄	0.000295	1.021651	0.000301
褋邪屑褘褏	0.000589	0.116534	0.000069
褋邪褎	0.000884	0.116534	0.000103
褋邪褎褋械屑	0.000295	0.116534	0.000034
褋邪褏邪褉	0.004125	0.116534	0.000481
褋邪褏邪褉薪邪褟	0.001179	1.897120	0.002236
褋斜懈褌械薪褜	0.000295	0.040822	0.000012
褋胁械卸械褋褌褜	0.000295	0.105361	0.000031
褋胁械泻谢邪	0.000295	0.040822	0.000012
褋胁械泻芯谢褜薪懈泻	0.000589	0.040822	0.000024
褋胁械褌邪	0.001179	0.116534	0.000137
褋胁械褌懈薪褜泻邪	0.000295	3.912023	0.001153
褋胁懈薪懈薪邪	0.000295	0.040822	0.000012
褋胁懈薪懈薪褘	0.001179	0.116534	0.000137
褋胁芯械	0.000295	0.116534	0.000034
褋胁芯械屑	0.000295	0.040822	0.000012
褋胁芯懈屑	0.000295	0.040822	0.000012
褋胁芯褞	0.000295	0.040822	0.000012
褋谐褍褖械薪泻邪	0.000295	0.040822	0.000012
褋谐褍褖械薪薪芯械	0.000589	2.040221	0.001202
褋写械谢邪械屑	0.000295	4.605170	0.001357
褋写械谢邪谢邪	0.000295	2.659260	0.000784
褋写械谢邪褌褜	0.000589	1.021651	0.000602
褋械谐芯写薪褟	0.000589	0.843970	0.000497
褋械蟹芯薪	0.000295	0.116534	0.000034
褋械泄褔邪褋	0.000295	0.030459	0.000009
褋械泻褉械褌褘	0.000589	0.116534	0.000069
褋械谢械写泻邪	0.000295	0.040822	0.000012
褋械屑谐邪	0.000884	0.040822	0.000036
褋械屑械泄薪芯谐芯	0.000295	2.407946	0.000709
褋械屑械泄薪褘泄	0.000295	0.116534	0.000034
褋械屑褜懈	0.000589	0.116534	0.000069
褋械屑褜褞	0.000295	2.207275	0.000650
褋懈写褉	0.000295	0.040822	0.000012
褋懈谢褜薪芯	0.000295	3.218876	0.000948
褋懈谢褜薪芯械	0.000295	3.912023	0.001153
褋懈褉懈泄褋泻邪褟	0.000295	0.116534	0.000034
褋懈褉芯锌	0.000295	0.040822	0.000012
褋懈褉芯锌褘	0.000295	0.116534	0.000034
褋懈褋褌械屑褘	0.000295	0.040822	0.000012
褋懈褌懈	0.000295	0.127833	0.000038
褋泻邪蟹邪褌褜	0.000295	0.653926	0.000193
褋泻邪蟹芯泻	0.000295	0.116534	0.000034
褋泻褍褔邪械褌	0.000295	3.912023	0.001153
褋谢邪写泻邪褟	0.001179	0.116534	0.000137
褋谢邪写泻懈械	0.001768	0.040822	0.000072
褋谢邪写泻懈泄	0.002652	0.105361	0.000279
褋谢邪写泻懈褏	0.000589	0.116534	0.000069
褋谢邪写泻芯	0.000295	0.116534	0.000034
褋谢懈胁泻懈	0.001179	1.078810	0.001271
褋谢懈胁芯褔薪芯械	0.002062	0.116534	0.000240
褋谢芯械薪芯谐芯	0.000589	0.127833	0.000075
褋谢芯械薪芯械	0.010607	0.116534	0.001236
褋谢芯械薪褘械	0.000295	2.995732	0.000883
褋谢芯械薪褘泄	0.000589	0.116534	0.000069
褋谢芯卸薪芯谐芯	0.000295	4.605170	0.001357
褋谢芯泄泻邪	0.000295	0.040822	0.000012
褋谢芯泄泻懈	0.002652	0.116534	0.000309
褋屑械褌邪薪邪	0.000884	0.105361	0.000093
褋屑械褌邪薪薪芯	0.000295	3.912023	0.001153
褋屑械褕邪薪薪芯谐芯	0.000295	0.116534	0.000034
褋屑芯卸械褌械	0.000295	0.040822	0.000012
褋屑芯褌褉械褌褜褋褟	0.000295	3.218876	0.000948
褋屑褍蟹懈	0.000884	0.040822	0.000036
褋薪褝泻	0.000295	0.116534	0.000034
褋芯斜懈褉邪械褌械褋褜	0.000295	0.040822	0.000012
褋芯胁械褉褕械薪褋褌胁芯	0.001473	0.116534	0.000172
褋芯胁械褌邪屑懈	0.000295	0.040822	0.000012
褋芯谐谢邪褋薪邪褟	0.000295	3.912023	0.001153
褋芯谐谢邪褕邪械褌械褋褜	0.000295	0.040822	0.000012
褋芯械胁褘泄	0.000589	0.798508	0.000471
褋芯蟹写邪械褌	0.000295	0.116534	0.000034
褋芯蟹写邪薪懈褟	0.000589	0.261365	0.000154
褋芯蟹写邪褢褌	0.000295	4.605170	0.001357
褋芯泻	0.000884	0.116534	0.000103
褋芯泻邪	0.000295	0.105361	0.000031
褋芯泻懈	0.000295	0.040822	0.000012
褋芯谢械薪褘械	0.000884	0.116534	0.000103
褋芯谢械薪褜褟	0.000589	0.116534	0.000069
褋芯谢薪械褔薪芯泄	0.000295	0.127833	0.000038
褋芯谢褜	0.002946	0.150823	0.000444
褋芯谢褟薪泻邪	0.000589	0.040822	0.000024
褋芯褉褌懈褉芯胁邪褌褜	0.000295	0.248461	0.000073
褋芯褋懈褋泻邪	0.000295	2.659260	0.000784
褋芯褋懈褋泻懈	0.000295	3.218876	0.000948
褋芯褋褌邪胁褜	0.000295	0.116534	0.000034
褋芯褍褋	0.003536	0.040822	0.000144
褋芯褍褋芯屑	0.001473	0.116534	0.000172
褋芯褍褋褘	0.001179	0.116534	0.000137
褋芯褏褉邪薪褟褌褜	0.000295	0.040822	0.000012
褋芯褑褋械褌懈	0.000295	0.040822	0.000012
褋芯褔械褌邪薪懈械	0.000589	0.116534	0.000069
褋芯褔薪芯	0.000295	2.120264	0.000625
褋芯褔薪芯械	0.000295	0.116534	0.000034
褋芯褔薪褘械	0.000295	1.966113	0.000579
褋芯褔薪褘屑懈	0.000295	3.218876	0.000948
褋锌邪谢褜薪褟屑懈	0.000295	0.446287	0.000131
褋锌邪褋懈斜芯	0.000295	0.673345	0.000198
褋锌械褑懈邪谢褜薪芯械	0.000295	0.116534	0.000034
褋锌械褑懈懈	0.002062	0.105361	0.000217
褋锌械褑锌褉芯械泻褌	0.009723	0.116534	0.001133
褋锌械褕褍	0.000589	2.040221	0.001202
褋锌懈褉邪谢褜泻懈	0.000295	3.912023	0.001153
褋锌懈褋芯泻	0.000295	0.116534	0.000034
褋锌芯褞	0.000295	0.116534	0.000034
褋锌褉邪胁懈褌褋褟	0.000589	2.995732	0.001765
褋褉邪蟹褍	0.000295	0.733969	0.000216
褋褉械写懈蟹械屑薪芯屑芯褉褋泻邪褟	0.000295	0.127833	0.000038
褋褋褋褉	0.000295	3.218876	0.000948
褋褌邪褉褘械	0.000295	0.261365	0.000077
褋褌邪褌褜褟褏	0.000295	0.061875	0.000018
褋褌懈谢械	0.000295	0.116534	0.000034
褋褌懈谢褟	0.000295	0.116534	0.000034
褋褌芯谢	0.000884	0.105361	0.000093
褋褌芯谢邪	0.001768	0.116534	0.000206
褋褌芯谢械	0.000589	1.469676	0.000866
褋褌褉邪薪邪	0.000295	2.525729	0.000744
褋褌褉芯懈褌械谢褜褋褌胁械	0.000295	0.040822	0.000012
褋褌褉芯懈褌械谢褜褋褌胁褍	0.000295	0.040822	0.000012
褋褌褉芯懈褌褜	0.000295	0.040822	0.000012
褋褌褉芯泄薪芯泄	0.000295	0.116534	0.000034
褋褌褘写薪芯	0.000295	2.120264	0.000625
褋褍斜锌褉芯写褍泻褌芯胁	0.002062	0.116534	0.000240
褋褍斜锌褉芯写褍泻褌褘	0.000884	0.116534	0.000103
褋褍锌	0.002652	0.040822	0.000108
褋褍锌邪	0.000295	0.040822	0.000012
褋褍锌械褉	0.000295	2.302585	0.000678
褋褍锌械褉斜邪斜褍褕泻邪	0.000295	1.237874	0.000365
褋褍锌褘	0.002652	0.040822	0.000108
褋褍褎谢械	0.000884	0.040822	0.000036
褋褍褏邪褉懈	0.000884	0.040822	0.000036
褋褍褏芯械	0.000295	1.660731	0.000489
褋褍褕懈	0.000589	0.040822	0.000024
褋褘褉	0.004714	0.040822	0.000192
褋褘褉邪	0.001473	0.116534	0.000172
褋褘褉邪屑懈	0.000295	0.127833	0.000038
褋褘褉薪懈泻	0.000295	0.040822	0.000012
褋褘褉薪懈泻懈	0.000589	0.116534	0.000069
褋褘褉薪褘械	0.001179	0.040822	0.000048
褋褘褌薪褘泄	0.000589	0.105361	0.000062
褋褘褔褍卸薪褘屑懈	0.000295	0.127833	0.000038
褋褝薪写胁懈褔懈	0.000295	0.127833	0.000038
褋褞褉锌褉懈蟹	0.000295	0.116534	0.000034
褌邪写卸懈泻褋泻邪褟	0.000295	0.116534	0.000034
褌邪泄褋泻邪褟	0.000295	0.116534	0.000034
褌邪泻芯谐芯	0.000295	1.078810	0.000318
褌邪褉褌	0.000884	0.116534	0.000103
褌邪褉褌邪谢械褌泻懈	0.000884	0.040822	0.000036
褌邪褌邪褉褋泻邪褟	0.000295	0.116534	0.000034
褌胁械褉写褘泄	0.003536	0.562119	0.001987
褌胁芯懈	0.000589	0.116534	0.000069
褌胁芯褉懈	0.000295	0.116534	0.000034
褌胁芯褉芯谐	0.000589	0.040822	0.000024
褌胁芯褉芯谐芯屑	0.000295	0.105361	0.000031
褌胁芯褉芯卸薪芯械	0.000295	0.116534	0.000034
褌胁芯褉芯卸薪褘械	0.000589	0.116534	0.000069
褌胁芯褉芯卸薪褘泄	0.000295	0.116534	0.000034
褌械谢械谐褉邪屑	0.000295	0.040822	0.000012
褌械谢褟褌懈薪褘	0.001179	0.116534	0.000137
褌械屑	0.000295	0.967584	0.000285
褌械屑薪褘泄	0.000589	2.040221	0.001202
褌械锌谢芯屑	0.000295	0.116534	0.000034
褌械褉褉邪褋芯泄	0.000295	0.798508	0.000235
褌械褉褉懈薪	0.000295	0.040822	0.000012
褌械褋褌	0.001473	0.127833	0.000188
褌械褋褌邪	0.005303	0.105361	0.000559
褌械褋褌械	0.000295	2.040221	0.000601
褌械褋褌芯	0.012964	0.040822	0.000529
褌械褏	0.000295	0.634878	0.000187
褌械褏薪懈泻邪	0.001473	0.105361	0.000155
褌械褖懈薪	0.000295	0.040822	0.000012
褌屑	0.001179	0.127833	0.000151
褌屑懈薪	0.000589	2.407946	0.001419
褌芯薪泻芯褋褌褟屑懈	0.000295	4.605170	0.001357
褌芯锌泻褍	0.000295	3.912023	0.001153
褌芯锌谢械薪芯械	0.000295	0.116534	0.000034
褌芯褉卸械褋褌胁械薪薪芯	0.000295	4.605170	0.001357
褌芯褉褌	0.004125	0.040822	0.000168
褌芯褉褌褘	0.002652	0.116534	0.000309
褌褉邪胁褘	0.000295	0.105361	0.000031
褌褉邪写懈褑懈懈	0.000295	0.116534	0.000034
褌褉邪写懈褑懈泄	0.001179	0.116534	0.000137
褌褉邪写懈褑懈褟褏	0.000295	0.116534	0.000034
褌褉械褏谢械褌懈械屑	0.000295	0.116534	0.000034
褌褉芯褋褌薪懈泻芯胁褘泄	0.000589	3.912023	0.002305
褌褉褍斜芯褔泻懈	0.000295	0.040822	0.000012
褌褉褍写芯胁芯泄	0.000295	4.605170	0.001357
褌褍薪懈褋褋泻邪褟	0.000295	0.116534	0.000034
褌褍薪褑芯屑	0.000295	0.116534	0.000034
褌褍褉械褑泻邪褟	0.000295	0.116534	0.000034
褌褘泻胁邪	0.000295	0.040822	0.000012
褍胁械写芯屑谢械薪懈褟	0.000295	0.040822	0.000012
褍胁懈写械谢邪	0.000295	1.427116	0.000420
褍谐芯褖邪泄褌械褋褜	0.000295	1.021651	0.000301
褍写邪谢懈褌褜	0.000295	3.912023	0.001153
褍写邪褔薪邪褟	0.000295	0.116534	0.000034
褍写懈胁懈	0.000295	0.116534	0.000034
褍写懈胁谢褟泄褌械	0.001179	0.116534	0.000137
褍写芯胁芯谢褜褋褌胁懈械屑	0.000295	0.116534	0.000034
褍卸懈薪	0.002062	0.094311	0.000195
褍卸懈薪芯屑	0.000295	2.659260	0.000784
褍蟹斜械泻褋泻邪褟	0.000295	0.116534	0.000034
褍泻褉邪懈薪褋泻邪褟	0.000295	0.116534	0.000034
褍泻褉邪褕械薪懈械	0.000295	4.605170	0.001357
褍泻褉邪褕械薪懈褟	0.002357	0.116534	0.000275
褍泻褉芯锌	0.000589	0.562119	0.000331
褍谢懈褌泻懈	0.000295	3.912023	0.001153
褍锌芯褌褉械斜谢械薪懈械屑	0.000295	0.116534	0.000034
褍褉邪谢褜褋泻邪褟	0.000295	0.116534	0.000034
褍褉芯卸邪泄	0.000295	0.105361	0.000031
褍褋褌褉芯懈屑	0.000295	4.605170	0.001357
褍褌泻懈	0.000884	0.116534	0.000103
褍褏邪	0.000295	0.040822	0.000012
褍褔邪褋褌胁芯胁邪褌褜	0.000295	0.040822	0.000012
褍褞褌邪	0.000295	4.605170	0.001357
褎邪蟹械薪写褘	0.000295	0.127833	0.000038
褎邪薪褌邪蟹懈懈	0.002062	0.116534	0.000240
褎邪薪褌邪蟹懈泄	0.000295	0.116534	0.000034
褎邪薪褌邪蟹懈褟	0.000295	0.116534	0.000034
褎邪褉褕	0.002652	1.021651	0.002709
褎邪褉褕邪	0.004420	0.040822	0.000180
褎邪褉褕械屑	0.000589	1.966113	0.001159
褎邪褉褕懈褉芯胁邪薪薪邪褟	0.000589	0.116534	0.000069
褎邪褉褕懈褉芯胁邪薪薪芯械	0.000295	0.116534	0.000034
褎邪褉褕懈褉芯胁邪薪薪褘械	0.000589	0.040822	0.000024
褎邪褉褕懈褉芯胁邪薪薪褘泄	0.000295	0.040822	0.000012
褎邪褋芯谢褜	0.000295	0.040822	0.000012
褎械胁褉邪谢褟	0.000884	0.105361	0.000093
褎械泄械褉胁械褉泻	0.000589	0.116534	0.000069
褎械薪芯屑械薪	0.000295	4.605170	0.001357
褎懈谐褍褉械	0.000295	0.116534	0.000034
褎懈薪褋泻邪褟	0.000295	0.116534	0.000034
褎懈褉屑械薪薪芯械	0.000295	0.116534	0.000034
褎芯薪写褞	0.000295	0.040822	0.000012
褎芯褉屑褘	0.000295	0.116534	0.000034
褎芯褉褍屑械	0.000589	0.040822	0.000024
褎芯褉褕屑邪泻	0.000295	0.040822	0.000012
褎芯褌芯	0.000295	2.040221	0.000601
褎褉邪薪褑懈懈	0.000295	0.116534	0.000034
褎褉邪薪褑褍蟹褋泻邪褟	0.000295	0.116534	0.000034
褎褉邪褍	0.001179	0.116534	0.000137
褎褉褍泻褌芯胁	0.001179	0.116534	0.000137
褎褉褍泻褌芯胁芯	0.000295	0.116534	0.000034
褎褉褍泻褌芯胁褘械	0.002062	0.040822	0.000084
褎褍写	0.000295	0.116534	0.000034
褎褍褉褕械褌	0.000884	0.116534	0.000103
褏邪谢胁邪	0.000295	0.040822	0.000012
褏邪褉胁械褋褌褎械褋褌	0.000589	0.116534	0.000069
褏邪褉褔芯	0.000589	0.040822	0.000024
褏邪褔邪锌褍褉懈	0.000589	2.407946	0.001419
褏邪褔芯	0.000295	4.605170	0.001357
褏邪褕	0.000295	0.040822	0.000012
褏胁芯褉芯褋褌	0.000295	0.040822	0.000012
褏懈薪泻邪谢懈	0.000295	0.116534	0.000034
褏懈褌	0.002062	0.116534	0.000240
褏谢械斜	0.001179	0.040822	0.000048
褏谢械斜邪	0.000295	2.995732	0.000883
褏谢械斜芯锌械褔泻懈	0.000295	0.116534	0.000034
褏谢芯锌褜褟	0.000589	0.105361	0.000062
褏芯写褍	0.000295	3.912023	0.001153
褏芯蟹褟泄泻懈	0.000295	0.127833	0.000038
褏芯谢芯写械褑	0.000295	0.040822	0.000012
褏芯谢芯写薪褘械	0.000589	0.116534	0.000069
褏芯谢芯写薪褘泄	0.000589	0.116534	0.000069
褏芯褉胁邪褌褋泻邪褟	0.000295	0.116534	0.000034
褏芯褉芯褕芯	0.001768	0.105361	0.000186
褏芯褉褋	0.000295	0.116534	0.000034
褏芯褌懈褌械	0.000295	0.040822	0.000012
褏芯褔褍	0.000295	0.562119	0.000166
褏褉褍褋褌褟褖械泄	0.000295	1.609438	0.000474
褏褍写褘褕泻邪	0.000295	4.605170	0.001357
褏褍屑褍褋	0.000295	0.040822	0.000012
褑邪褉褋褌胁芯	0.000295	0.127833	0.000038
褑邪褉褜	0.000295	0.116534	0.000034
褑胁械褌薪邪褟	0.000295	0.040822	0.000012
褑械薪薪褘褏	0.000295	0.040822	0.000012
褑械薪褌褉	0.000295	0.116534	0.000034
褔邪械屑	0.000295	0.116534	0.000034
褔邪泄	0.000884	0.040822	0.000036
褔邪泄薪褘褏	0.000589	3.506558	0.002066
褔械斜褍褉械泻懈	0.000589	0.040822	0.000024
褔械屑	0.000295	0.994252	0.000293
褔械褉泻懈蟹芯胁芯	0.000589	0.116534	0.000069
褔械褉薪褘泄	0.001768	0.371064	0.000656
褔械褋薪芯泻	0.001179	0.314711	0.000371
褔械褋褌薪芯	0.000589	1.203973	0.000709
褔械褋褌薪褘屑懈	0.000295	0.040822	0.000012
褔械褔械胁懈褑邪	0.000295	0.040822	0.000012
褔械褕褋泻邪褟	0.000295	0.116534	0.000034
褔懈蟹泻械泄泻	0.001179	0.040822	0.000048
褔懈谢懈	0.000589	1.237874	0.000729
褔懈谢懈泄褋泻邪褟	0.000295	0.116534	0.000034
褔懈锌褋褘	0.000295	0.040822	0.000012
褔懈褋谢褍	0.000295	0.261365	0.000077
褔谢械薪芯胁	0.000295	4.605170	0.001357
褔褍写械褋	0.000295	0.116534	0.000034
褕邪屑锌懈薪褜芯薪褘	0.000589	1.309333	0.000772
褕邪褉懈泻懈	0.000295	0.040822	0.000012
褕邪褉谢芯褌泻邪	0.000295	0.040822	0.000012
褕邪褉谢芯褌泻懈	0.000295	0.127833	0.000038
褕邪褉屑	0.000295	0.116534	0.000034
褕邪褕谢褘泻	0.003536	0.040822	0.000144
褕邪褕谢褘泻懈	0.000295	0.040822	0.000012
褕胁械写褋泻邪褟	0.000295	0.116534	0.000034
褕胁械泄褑邪褉褋泻邪褟	0.000295	0.116534	0.000034
褕械写械胁褉褘	0.000295	0.116534	0.000034
褕械褎	0.000295	0.127833	0.000038
褕懈锌褍褔泻邪	0.000295	0.040822	0.000012
褕懈褉芯泻邪褟	0.000295	0.127833	0.000038
褕泻芯谢褍	0.000295	0.116534	0.000034
褕芯泻芯谢邪写	0.000884	0.040822	0.000036
褕芯褌谢邪薪写褋泻邪褟	0.000295	0.116534	0.000034
褕锌褉芯褌褘	0.000589	3.912023	0.002305
褕褌褉褍写械谢褜	0.000295	0.040822	0.000012
褕褍褉锌邪	0.000295	0.040822	0.000012
褖邪褋	0.000295	0.116534	0.000034
褖械写褉邪褟	0.000295	0.116534	0.000034
褖懈	0.000589	0.040822	0.000024
褝写邪泻芯械	0.000295	4.605170	0.001357
褝泻芯屑懈谢泻	0.000295	0.127833	0.000038
褝谢械谐邪薪褌薪褘泄	0.000295	3.912023	0.001153
褝谢械屑械薪褌邪褉薪褘械	0.000295	4.605170	0.001357
褝褋褌芯薪褋泻邪褟	0.000295	0.116534	0.000034
褝褌芯屑	0.000295	0.843970	0.000249
褞谐芯褋谢邪胁褋泻邪褟	0.000295	0.116534	0.000034
褟斜谢芯泻	0.000589	3.912023	0.002305
褟斜谢芯泻芯	0.001768	1.427116	0.002523
褟斜谢芯褔薪褘械	0.000295	4.605170	0.001357
褟谐芯写薪褘械	0.000589	0.116534	0.000069
褟谐芯写薪褘泄	0.000589	0.116534	0.000069
褟蟹褘泻	0.000295	0.040822	0.000012
褟懈褑	0.001179	0.116534	0.000137
褟懈褔薪芯泄	0.000295	3.506558	0.001033
褟懈褔薪褘泄	0.002357	1.049822	0.002475
褟泄褑邪	0.000295	0.040822	0.000012
褟泄褑芯	0.004714	0.261365	0.001232
褟薪写械泻褋	0.000295	0.072571	0.000021
褟锌芯薪褋泻邪褟	0.000295	0.116534	0.000034
褟锌芯薪褋泻芯泄	0.000295	0.061875	0.000018
褟褉泻懈械	0.000295	0.116534	0.000034
褟褉泻芯	0.000295	0.105361	0.000031
