褌芯泻械薪	TF	IDF	TF-IDF
邪斜褏邪蟹褋泻邪褟	0.000282	0.116534	0.000033
邪胁谐褍褋褌邪	0.000563	0.867501	0.000489
邪胁褋褌褉邪谢懈泄褋泻邪褟	0.000282	0.116534	0.000033
邪胁褋褌褉懈泄褋泻邪褟	0.000282	0.116534	0.000033
邪胁褌芯泻谢邪胁邪	0.000282	0.116534	0.000033
邪胁褌芯褉邪屑	0.000282	0.040822	0.000011
邪谐褉芯	0.000563	0.116534	0.000066
邪谐褉芯写芯谢褜褔械	0.000563	4.605170	0.002594
邪写卸懈泻邪	0.000282	0.040822	0.000011
邪蟹械褉斜邪泄写卸邪薪褋泻邪褟	0.000282	0.116534	0.000033
邪蟹懈邪褌褋泻邪褟	0.000282	0.127833	0.000036
邪蟹褘	0.000282	0.127833	0.000036
邪泄褉邪薪	0.000282	0.040822	0.000011
邪泻胁邪褌懈泻邪	0.000845	0.127833	0.000108
邪谢械泻褋械褟	0.000282	0.127833	0.000036
邪谢泻芯谐芯谢褜	0.000563	0.116534	0.000066
邪谢泻芯谐芯谢褜薪褘械	0.000282	0.116534	0.000033
邪谢泻芯谐芯谢褟	0.000282	0.116534	0.000033
邪谢褜褟薪褋	0.000282	0.116534	0.000033
邪屑械褉懈泻邪薪褋泻邪褟	0.000282	0.116534	0.000033
邪薪谐谢懈泄褋泻邪褟	0.000282	0.116534	0.000033
邪薪写褉械褟	0.000282	0.127833	0.000036
邪薪褌芯薪懈芯	0.000282	3.912023	0.001102
邪薪褔芯褍褋邪屑懈	0.000282	3.912023	0.001102
邪薪褔芯褍褋褘	0.000563	3.912023	0.002204
邪锌褉械谢褟	0.000563	0.579818	0.000327
邪褉邪斜褋泻邪褟	0.000282	0.116534	0.000033
邪褉邪褏懈褋芯胁芯械	0.000563	4.605170	0.002594
邪褉谐械薪褌懈薪褋泻邪褟	0.000282	0.116534	0.000033
邪褉屑褟薪褋泻邪褟	0.000282	0.116534	0.000033
邪褉褌懈褕芯泻	0.010423	3.506558	0.036547
邪褉褌懈褕芯泻邪屑懈	0.001127	3.506558	0.003951
邪褉褌懈褕芯泻懈	0.001972	3.912023	0.007714
邪褉褌懈褕芯泻芯胁	0.000845	3.912023	0.003306
邪褉褌懈褕芯泻芯屑	0.000282	4.605170	0.001297
邪褋褋芯褉褌懈	0.000563	0.116534	0.000066
邪褌谢邪薪褌	0.000282	0.127833	0.000036
邪褎谐邪薪褋泻邪褟	0.000282	0.116534	0.000033
邪褎褉懈泻邪薪褋泻邪褟	0.000282	0.116534	0.000033
邪褎褉芯写懈蟹懈邪泻邪	0.000282	4.605170	0.001297
邪褝褉芯谐褉懈谢械	0.002817	0.116534	0.000328
斜邪蟹懈谢懈泻	0.000563	1.609438	0.000907
斜邪泻谢邪卸邪薪褘	0.000282	0.040822	0.000011
斜邪谢褌泻芯屑	0.000282	0.127833	0.000036
斜邪谢褜蟹邪屑懈泻	0.000845	2.659260	0.002247
斜邪薪芯褔械泻	0.000282	3.506558	0.000988
斜邪褉邪薪懈薪褘	0.001127	0.116534	0.000131
斜邪褉斜械泻褞	0.000282	3.218876	0.000907
斜邪褋屑邪褌懈	0.000563	0.127833	0.000072
斜邪褋褌褍褉屑邪	0.000282	0.040822	0.000011
斜邪褌芯薪	0.000282	1.660731	0.000468
斜邪褌芯薪褔懈泻懈	0.000282	0.127833	0.000036
斜邪褕泻懈褉褋泻邪褟	0.000282	0.116534	0.000033
斜械邪褉薪	0.000282	4.605170	0.001297
斜械蟹邪谢泻芯谐芯谢褜薪褘械	0.000282	0.116534	0.000033
斜械蟹谐谢褞褌械薪芯胁褘械	0.000282	0.116534	0.000033
斜械蟹械	0.001127	0.040822	0.000046
斜械谢械斜械械胁褋泻懈泄	0.000563	0.116534	0.000066
斜械谢芯褉褍褋褋泻邪褟	0.000282	0.116534	0.000033
斜械谢褘泄	0.000845	1.609438	0.001360
斜械谢褜谐懈泄褋泻邪褟	0.000282	0.116534	0.000033
斜械褉械屑械薪薪褘褏	0.000282	0.116534	0.000033
斜械褋械写	0.000282	4.605170	0.001297
斜械褋械写懈薪邪	0.000282	0.127833	0.000036
斜械褕邪屑械谢械屑	0.000282	3.912023	0.001102
斜懈褋泻胁懈褌	0.000282	0.040822	0.000011
斜懈褋泻胁懈褌薪芯械	0.000563	0.116534	0.000066
斜懈褋泻胁懈褌薪褘泄	0.000282	0.105361	0.000030
斜懈褋泻胁懈褌褘	0.000282	0.127833	0.000036
斜谢懈卸械	0.000282	0.116534	0.000033
斜谢懈蟹泻懈褏	0.000282	0.116534	0.000033
斜谢懈薪芯胁	0.000563	0.116534	0.000066
斜谢懈薪褘	0.001127	0.040822	0.000046
斜谢褞写	0.000563	0.094311	0.000053
斜谢褞写邪	0.031268	0.040822	0.001276
斜谢褞写芯	0.001972	0.040822	0.000080
斜谢褞写褍	0.000563	0.116534	0.000066
斜芯斜芯胁褘械	0.000563	0.127833	0.000072
斜芯斜芯胁褘褏	0.002817	0.116534	0.000328
斜芯谢谐邪褉褋泻邪褟	0.000282	0.116534	0.000033
斜芯谢褜褕械	0.000563	0.105361	0.000059
斜芯褉褖	0.000563	0.040822	0.000023
斜芯褌胁懈薪褜褟	0.000282	0.040822	0.000011
斜褉邪蟹懈谢褜褋泻邪褟	0.000282	0.116534	0.000033
斜褉邪褍蟹械褉械	0.000282	0.040822	0.000011
斜褉邪褍薪懈	0.000282	0.040822	0.000011
斜褉械褋褌	0.000282	0.127833	0.000036
斜褉懈	0.000282	4.605170	0.001297
斜褉芯泻泻芯谢懈	0.000282	0.040822	0.000011
斜褍写褍褖械屑	0.000282	4.605170	0.001297
斜褍卸械薪懈薪邪	0.000282	0.040822	0.000011
斜褍谢芯褔泻邪屑懈	0.000282	0.116534	0.000033
斜褍谢芯褔泻懈	0.000563	0.040822	0.000023
斜褍谢褜芯薪	0.001972	0.040822	0.000080
斜褍谢褜芯薪褘	0.001127	0.116534	0.000131
斜褍褉谐械褉	0.000282	0.040822	0.000011
斜褍褉谐械褉褘	0.000282	0.127833	0.000036
斜褍褉褟褌褋泻邪褟	0.000282	0.116534	0.000033
斜褍褌械褉斜褉芯写	0.000845	0.116534	0.000098
斜褍褌械褉斜褉芯写褘	0.001127	0.040822	0.000046
斜褍褌芯薪芯胁	0.000282	4.605170	0.001297
斜褘褋褌褉芯	0.000845	0.094311	0.000080
斜褘褋褌褉芯泄	0.000282	0.116534	0.000033
斜褘褋褌褉褘泄	0.000563	0.105361	0.000059
斜褘褋褌褉褘屑	0.000282	3.912023	0.001102
胁邪卸薪褘械	0.000282	0.116534	0.000033
胁邪谢谢懈泄褋泻邪褟	0.000282	0.116534	0.000033
胁邪屑懈	0.000282	0.843970	0.000238
胁邪褉械薪懈泻懈	0.000282	0.116534	0.000033
胁邪褉械薪褘泄	0.000282	4.605170	0.001297
胁邪褉械薪褜械	0.000563	0.040822	0.000023
胁邪褌褉褍褕泻懈	0.000282	0.040822	0.000011
胁邪褎谢懈	0.000563	0.040822	0.000023
胁邪褕械泄	0.000563	0.040822	0.000023
胁邪褕懈屑懈	0.000282	4.605170	0.001297
胁胁芯写褟	0.000282	0.040822	0.000011
胁写芯褏薪芯胁械薪懈械	0.001127	0.116534	0.000131
胁写芯褏薪芯胁械薪懈械屑	0.000563	0.116534	0.000066
胁写芯褏薪芯胁谢褟泄褋褟	0.000282	0.116534	0.000033
胁械谐械褌邪褉懈邪薪褋泻懈械	0.000282	0.127833	0.000036
胁械谐械褌邪褉懈邪薪褋泻芯械	0.000282	0.116534	0.000033
胁械蟹写械褋褍褖懈泄	0.000282	4.605170	0.001297
胁械谢懈泻懈泄	0.000282	0.116534	0.000033
胁械薪谐械褉褋泻邪褟	0.000282	0.116534	0.000033
胁械褉屑懈褕械谢褜	0.000563	3.912023	0.002204
胁械褉褋懈泄	0.000282	4.605170	0.001297
胁械褉褋懈褞	0.000282	3.218876	0.000907
胁械褋械薪薪械屑	0.000282	4.605170	0.001297
胁械褋械薪薪懈械	0.000282	0.051293	0.000014
胁械褋械薪薪懈褏	0.000282	4.605170	0.001297
胁械褋薪邪	0.001690	0.116534	0.000197
胁械褋薪褘	0.000563	0.116534	0.000066
胁械褌褔懈薪邪	0.000563	1.469676	0.000828
胁械褌褔懈薪褘	0.000282	0.105361	0.000030
胁械褔械褉	0.000282	2.407946	0.000678
胁械褔械褉薪械谐芯	0.000282	4.605170	0.001297
胁蟹褟谢邪	0.000282	2.525729	0.000711
胁懈胁邪谢褜写懈	0.000282	4.605170	0.001297
胁懈写械芯	0.000563	0.116534	0.000066
胁懈写械芯褉械褑械锌褌褘	0.000282	0.301105	0.000085
胁懈卸褍	0.000282	3.912023	0.001102
胁懈薪芯	0.000563	0.040822	0.000023
胁懈褌邪屑懈薪泻懈	0.000282	4.605170	0.001297
胁泻谢褞褔邪褞褖懈褏	0.000282	0.634878	0.000179
胁泻褍褋	0.000563	0.105361	0.000059
胁泻褍褋邪	0.002254	0.116534	0.000263
胁泻褍褋薪邪褟	0.001408	0.061875	0.000087
胁泻褍褋薪械械	0.000563	0.116534	0.000066
胁泻褍褋薪械泄	0.000282	0.116534	0.000033
胁泻褍褋薪芯	0.001408	0.094311	0.000133
胁泻褍褋薪褘械	0.000563	0.105361	0.000059
胁泻褍褋薪褘泄	0.000282	0.385662	0.000109
胁泻褍褋薪褘屑	0.000282	1.049822	0.000296
胁泻褍褋芯屑	0.000282	0.105361	0.000030
胁谢褞斜谢械薪薪褘褏	0.000282	0.116534	0.000033
胁薪邪褔邪谢械	0.001127	0.248461	0.000280
胁芯	0.001127	0.061875	0.000070
胁芯写邪	0.001127	0.287682	0.000324
胁芯写械	0.000282	0.105361	0.000030
胁芯蟹屑芯卸薪芯	0.000282	1.469676	0.000414
胁芯泄褌懈	0.000282	0.000000	0.000000
胁芯谢芯胁邪薪褘	0.000282	0.116534	0.000033
胁芯谢褕械斜薪褘械	0.000282	0.116534	0.000033
胁芯谢褕械斜褋褌胁芯	0.000282	0.116534	0.000033
胁芯锌褉芯褋芯胁	0.000282	4.605170	0.001297
胁芯锌褉芯褋褘	0.000282	0.000000	0.000000
胁芯褋锌械胁邪谢芯褋褜	0.000282	4.605170	0.001297
胁芯褋锌褉芯懈蟹胁械褋褌懈	0.000282	4.605170	0.001297
胁芯褋褌芯褔薪邪褟	0.000282	0.127833	0.000036
胁褉械屑械薪	0.000282	4.605170	0.001297
胁褉械屑械薪邪	0.000563	0.116534	0.000066
胁褉械屑械薪械屑	0.001690	0.116534	0.000197
胁褉械屑褟	0.000563	0.400478	0.000226
胁褋械谐芯	0.000282	0.186330	0.000052
胁褋械泄	0.000845	0.105361	0.000089
胁褋械屑褍	0.000282	0.061875	0.000017
胁褋锌芯屑薪懈谢邪	0.000282	3.506558	0.000988
胁褋锌芯屑薪懈褌褜	0.000282	0.040822	0.000011
胁褌芯褉芯械	0.000282	0.116534	0.000033
胁褌芯褉褘械	0.000282	0.127833	0.000036
胁褏芯写	0.000845	0.030459	0.000026
胁褏芯写懈谢芯	0.000282	4.605170	0.001297
胁褏芯写褟褌	0.000282	3.912023	0.001102
胁褘斜懈褉邪泄褌械	0.000282	4.605170	0.001297
胁褘斜懈褉邪褞	0.000282	4.605170	0.001297
胁褘泄褌懈	0.000282	0.040822	0.000011
胁褘锌械褔泻邪	0.003944	0.040822	0.000161
胁褘锌械褔泻懈	0.000563	0.072571	0.000041
胁褘锌械褔泻芯泄	0.000282	0.116534	0.000033
胁褘褋泻邪泻懈胁邪褞褌	0.000282	4.605170	0.001297
胁褘褋褌邪胁谢褞	0.000282	3.912023	0.001102
胁褜械褌薪邪屑褋泻邪褟	0.000282	0.116534	0.000033
胁褟谢械薪褘械	0.000563	2.995732	0.001688
谐邪胁邪泄褋泻邪褟	0.000282	0.116534	0.000033
谐邪褉邪卸芯屑	0.000282	1.078810	0.000304
谐邪褉薪懈褉	0.001408	0.040822	0.000057
谐邪褋锌邪褔芯	0.000282	0.040822	0.000011
谐邪褋褌褉芯薪芯屑懈褔械褋泻懈褏	0.000282	4.605170	0.001297
谐胁芯蟹写懈泻邪	0.000563	2.302585	0.001297
谐械芯谐褉邪褎懈褟	0.000282	0.116534	0.000033
谐谢邪胁薪褘泄	0.000282	0.040822	0.000011
谐谢邪蟹褍褉褜	0.000845	0.040822	0.000034
谐谢懈薪褌胁械泄薪	0.000282	0.040822	0.000011
谐芯胁芯褉褟	0.000282	2.207275	0.000622
谐芯胁褟写懈薪褘	0.001127	0.116534	0.000131
谐芯写	0.002817	0.105361	0.000297
谐芯写邪	0.004789	0.248461	0.001190
谐芯写褍	0.000282	1.171183	0.000330
谐芯谢谢邪薪写褋泻邪褟	0.000282	0.116534	0.000033
谐芯谢谢邪薪写褋泻懈屑	0.000282	4.605170	0.001297
谐芯谢褍斜邪褟	0.000282	4.605170	0.001297
谐芯谢褍斜芯谐芯	0.000282	4.605170	0.001297
谐芯谢褍斜芯泄	0.000563	3.912023	0.002204
谐芯褉芯写邪	0.000282	0.116534	0.000033
谐芯褉芯写褋泻芯泄	0.000282	4.605170	0.001297
谐芯褉芯卸邪薪械	0.000282	4.605170	0.001297
谐芯褉芯褏	0.000282	0.116534	0.000033
谐芯褉芯褕械泻	0.001127	2.407946	0.002713
谐芯褉芯褕泻邪	0.000282	4.605170	0.001297
谐芯褉褔懈褑邪	0.001127	0.040822	0.000046
谐芯褉褔懈褑邪屑懈	0.000282	0.127833	0.000036
谐芯褉褕芯褔泻邪褏	0.000282	0.105361	0.000030
谐芯褉褕芯褔泻械	0.000282	0.040822	0.000011
谐芯褉褟褔械械	0.000563	0.116534	0.000066
谐芯褉褟褔懈械	0.013521	0.105361	0.001425
谐芯褉褟褔懈泄	0.000563	0.116534	0.000066
谐芯褋褌械泄	0.000282	1.272966	0.000359
谐芯褋褌懈	0.000282	0.116534	0.000033
谐芯褌芯胁懈谢	0.000282	2.659260	0.000749
谐芯褌芯胁懈谢懈	0.000563	1.560648	0.000879
谐芯褌芯胁懈屑	0.001972	0.094311	0.000186
谐芯褌芯胁懈褌褋褟	0.000563	0.478036	0.000269
谐芯褌芯胁懈褌褜	0.001690	0.105361	0.000178
谐芯褌芯胁褜	0.000563	0.116534	0.000066
谐芯褌芯胁褟褌	0.000282	0.116534	0.000033
谐褉邪薪邪褌	0.000563	3.912023	0.002204
谐褉械薪泻懈	0.000563	0.040822	0.000023
谐褉械褔械褋泻邪褟	0.000282	0.116534	0.000033
谐褉械褔泻邪	0.000282	0.040822	0.000011
谐褉懈斜邪屑懈	0.001408	0.105361	0.000148
谐褉懈斜薪褘械	0.000563	0.040822	0.000023
谐褉懈斜芯胁	0.002254	0.116534	0.000263
谐褉懈斜褘	0.001408	0.040822	0.000057
谐褉懈谢械	0.001408	0.116534	0.000164
谐褉懈谢褜	0.000282	0.116534	0.000033
谐褉懈谢褜屑邪薪懈褟	0.000282	0.116534	0.000033
谐褉懈谢褟	0.001127	0.116534	0.000131
谐褉芯谐	0.000282	0.040822	0.000011
谐褉褍写泻邪	0.000563	1.108663	0.000625
谐褉褍蟹懈薪褋泻邪褟	0.000282	0.116534	0.000033
谐褉褍锌锌褘	0.000282	0.061875	0.000017
谐褍褉屑邪薪懈褟	0.001690	0.116534	0.000197
谐褍褉屑械	0.000282	0.127833	0.000036
谐褍褋褟	0.000563	0.105361	0.000059
写邪胁薪懈褏	0.000282	4.605170	0.001297
写邪械褌	0.000282	0.040822	0.000011
写邪谢	0.000282	3.506558	0.000988
写邪薪薪褘械	0.000282	0.040822	0.000011
写邪褉褘	0.000282	0.116534	0.000033
写邪褌械	0.000563	0.248461	0.000140
写邪褌褋泻邪褟	0.000282	0.116534	0.000033
写邪褔薪芯械	0.000845	0.116534	0.000098
写胁邪	0.000563	1.171183	0.000660
写胁芯懈褏	0.000282	4.605170	0.001297
写械胁芯褔泻懈	0.000282	1.427116	0.000402
写械泻邪斜褉褟	0.000563	0.597837	0.000337
写械泻芯褉	0.000282	0.127833	0.000036
写械谢邪械褌	0.000563	0.116534	0.000066
写械谢懈泻邪褌械褋薪褘械	0.000282	4.605170	0.001297
写械谢懈屑褋褟	0.000282	0.040822	0.000011
写械谢芯胁芯泄	0.000282	4.605170	0.001297
写械谢芯屑	0.000282	0.116534	0.000033
写械薪褜	0.001127	0.083382	0.000094
写械褋械褉褌	0.000845	0.116534	0.000098
写械褋械褉褌邪褑懈褟	0.000282	0.116534	0.000033
写械褋械褉褌薪褘械	0.000282	0.116534	0.000033
写械褋械褉褌褘	0.003944	0.040822	0.000161
写械褌械泄	0.000282	0.116534	0.000033
写卸械屑	0.000282	0.040822	0.000011
写蟹械薪	0.000282	0.116534	0.000033
写懈械褌邪	0.000282	0.116534	0.000033
写懈械褌褘	0.000282	0.116534	0.000033
写懈泻懈泄	0.000563	0.116534	0.000066
写懈泻芯谐芯	0.000563	0.116534	0.000066
写懈锌	0.000282	0.116534	0.000033
写懈褔懈	0.000563	0.116534	0.000066
写懈褔褜	0.000282	0.116534	0.000033
写谢懈褌褜褋褟	0.000282	4.605170	0.001297
写薪械胁薪懈泻邪褏	0.000282	0.061875	0.000017
写薪械泄	0.000845	0.116534	0.000098
写薪褟	0.000563	0.040822	0.000023
写芯斜邪胁谢械薪懈褟屑	0.000282	0.274437	0.000077
写芯斜邪胁谢褟褌褜	0.000282	0.040822	0.000011
写芯斜邪胁褜	0.000282	0.116534	0.000033
写芯斜褉芯褎谢芯褌	0.000282	0.127833	0.000036
写芯胁械褉褟械褕褜	0.000282	0.116534	0.000033
写芯谢谐芯	0.000563	1.514128	0.000853
写芯谢褜褔械	0.000282	3.912023	0.001102
写芯屑	0.002535	0.040822	0.000103
写芯屑邪	0.000282	0.994252	0.000280
写芯屑邪褕薪械械	0.000845	0.040822	0.000034
写芯屑邪褕薪懈械	0.000563	0.040822	0.000023
写芯屑邪褕薪懈泄	0.001408	0.116534	0.000164
写芯屑邪褕薪褟褟	0.000563	0.105361	0.000059
写芯屑芯胁	0.000282	0.040822	0.000011
写芯屑芯泄	0.000282	2.525729	0.000711
写芯褏芯写懈谢懈	0.000282	4.605170	0.001297
写褉邪泄胁	0.001408	0.127833	0.000180
写褉芯卸卸械胁芯械	0.000845	0.116534	0.000098
写褉芯卸卸懈	0.000563	0.941609	0.000530
写褉褍谐懈屑懈	0.000282	0.040822	0.000011
写褍屑邪谢邪	0.000282	1.272966	0.000359
写褍褏芯胁泻邪	0.001127	0.127833	0.000144
写褍褕懈	0.000845	0.105361	0.000089
械胁褉械泄褋泻邪褟	0.000282	0.116534	0.000033
械谐懈锌械褌褋泻邪褟	0.000282	0.116534	0.000033
械写懈薪懈褑褘	0.000282	4.605170	0.001297
械写懈薪褘泄	0.000282	0.040822	0.000011
械卸械写薪械胁薪芯泄	0.000282	4.605170	0.001297
械泻芯	0.000282	0.127833	0.000036
械谢懈	0.000282	2.995732	0.000844
卸邪褉泻芯械	0.000282	0.040822	0.000011
卸邪褉褟褌	0.000282	4.605170	0.001297
卸械谢械	0.000845	0.040822	0.000034
卸械薪褋泻邪褟	0.000282	0.127833	0.000036
卸械薪褋泻芯屑	0.000282	0.061875	0.000017
卸械薪褖懈薪褘	0.000563	0.116534	0.000066
卸懈胁褘械	0.000282	4.605170	0.001297
卸懈蟹薪懈	0.000845	0.040822	0.000034
卸懈蟹薪褜	0.000282	0.116534	0.000033
卸褍谢褜械薪	0.000282	0.040822	0.000011
卸褍褉薪邪谢	0.000282	2.659260	0.000749
卸褍褉薪邪谢邪	0.000563	0.127833	0.000072
卸褞谢褜械薪	0.000282	0.040822	0.000011
蟹邪胁邪褉薪芯械	0.000282	0.116534	0.000033
蟹邪胁邪褉薪芯泄	0.000282	0.116534	0.000033
蟹邪胁褌褉邪泻	0.002254	0.094311	0.000213
蟹邪胁褌褉邪泻懈	0.000282	0.127833	0.000036
蟹邪谐芯褌芯胁泻懈	0.001127	0.040822	0.000046
蟹邪写邪胁邪褌褜	0.000282	0.040822	0.000011
蟹邪泄褑邪	0.000563	0.116534	0.000066
蟹邪泻邪蟹邪褌褜	0.000282	4.605170	0.001297
蟹邪泻胁邪褋泻邪	0.000282	0.040822	0.000011
蟹邪泻胁邪褋泻邪屑懈	0.000282	0.116534	0.000033
蟹邪泻胁邪褋芯泻	0.000282	0.127833	0.000036
蟹邪泻褉褘褌褘泄	0.000282	0.116534	0.000033
蟹邪泻褍褋泻懈	0.005352	0.040822	0.000218
蟹邪泻褍褋泻褍	0.000845	0.116534	0.000098
蟹邪泻褍褋芯薪褔懈泻	0.000282	0.116534	0.000033
蟹邪泻褍褋芯褔泻邪	0.000282	0.116534	0.000033
蟹邪泻褍褋芯褔薪芯泄	0.000282	4.605170	0.001297
蟹邪泻褍褋芯褔薪褘械	0.002535	0.116534	0.000295
蟹邪谢懈胁薪芯械	0.000563	0.040822	0.000023
蟹邪屑械薪芯泄	0.000282	4.605170	0.001297
蟹邪屑泻薪褍褌褘泄	0.000282	4.605170	0.001297
蟹邪屑芯褉芯蟹泻邪	0.000282	0.105361	0.000030
蟹邪屑芯褉褋泻懈泄	0.000282	4.605170	0.001297
蟹邪薪芯胁芯	0.000282	4.605170	0.001297
蟹邪薪褟褌褜	0.000282	4.605170	0.001297
蟹邪锌邪写	0.000282	0.116534	0.000033
蟹邪锌械泻邪薪泻邪	0.001127	0.105361	0.000119
蟹邪锌械泻邪薪泻懈	0.001972	0.040822	0.000080
蟹邪锌械泻邪褞褌	0.000282	4.605170	0.001297
蟹邪锌褉邪胁泻邪	0.000563	0.040822	0.000023
蟹邪褉械谐懈褋褌褉懈褉芯胁邪胁褕懈褋褜	0.000282	0.040822	0.000011
蟹邪褉械谐懈褋褌褉懈褉芯胁邪褌褜褋褟	0.000282	0.030459	0.000009
蟹邪褋芯谢泻邪	0.000282	0.116534	0.000033
蟹邪褏芯褌械谢芯褋褜	0.000282	2.407946	0.000678
蟹胁邪薪褘泄	0.000282	0.127833	0.000036
蟹胁械蟹写邪	0.000282	0.127833	0.000036
蟹胁褢蟹写薪褘械	0.000282	0.116534	0.000033
蟹写芯褉芯胁芯械	0.000282	0.116534	0.000033
蟹写芯褉芯胁芯泄	0.000282	2.995732	0.000844
蟹写芯褉芯胁褘泄	0.000282	0.116534	0.000033
蟹械谢械薪褘械	0.000563	2.302585	0.001297
蟹械谢械薪褘泄	0.002817	1.021651	0.002878
蟹械谢械薪褜	0.001408	0.094311	0.000133
蟹械谢褢薪芯谐芯	0.000282	3.912023	0.001102
蟹械褎懈褉	0.000282	0.040822	0.000011
蟹懈屑邪	0.000282	2.813411	0.000793
蟹懈屑薪懈械	0.000282	0.051293	0.000014
蟹懈屑褍	0.001127	0.040822	0.000046
蟹薪邪泻芯屑褘	0.000282	4.605170	0.001297
蟹薪邪屑械薪懈褌褘泄	0.000282	3.912023	0.001102
蟹薪邪褔懈褌	0.000282	2.659260	0.000749
蟹薪邪褞	0.000563	0.755023	0.000425
蟹芯谢芯褌邪褟	0.000282	0.116534	0.000033
懈胁邪薪芯胁邪	0.000282	0.127833	0.000036
懈写械邪谢褜薪邪褟	0.000282	0.116534	0.000033
懈写械邪谢褜薪芯谐芯	0.001408	0.116534	0.000164
懈写械邪谢褜薪芯械	0.000282	0.116534	0.000033
懈写械泄泻懈	0.000282	0.116534	0.000033
懈蟹胁械褋褌薪芯谐芯	0.000282	2.995732	0.000844
懈蟹胁械褋褌薪褘泄	0.000282	1.897120	0.000534
懈蟹胁械褋褌薪褘褏	0.000282	3.218876	0.000907
懈蟹写械谢懈褟	0.001408	0.116534	0.000164
懈蟹写械谢懈褟屑懈	0.001127	0.116534	0.000131
懈蟹褘褋泻芯胁	0.000282	3.912023	0.001102
懈泻褉邪	0.000845	0.040822	0.000034
懈屑械薪械屑	0.000282	0.040822	0.000011
懈薪邪褔械	0.000282	1.897120	0.000534
懈薪胁械褉褌芯褉薪芯泄	0.000282	0.127833	0.000036
懈薪谐褉械写懈械薪褌芯胁	0.000282	1.771957	0.000499
懈薪谐褉械写懈械薪褌褘	0.008451	0.139262	0.001177
懈薪写械泄泻懈	0.001690	0.094311	0.000159
懈薪写械泄泻芯泄	0.000563	0.116534	0.000066
懈薪写懈泄褋泻邪褟	0.000282	0.116534	0.000033
懈薪写懈谢邪泄褌	0.000845	0.116534	0.000098
懈薪写懈褉械褋薪褘械	0.000282	0.116534	0.000033
懈薪褋褌褉褍泻褑懈褟屑懈	0.000282	0.040822	0.000011
懈褉邪泻褋泻邪褟	0.000282	0.116534	0.000033
懈褉邪薪褋泻邪褟	0.000282	0.116534	0.000033
懈褉谢邪薪写褋泻邪褟	0.000282	0.116534	0.000033
懈褋泻邪谢	0.000282	4.605170	0.001297
懈褋泻谢褞褔懈褌械谢褜薪芯	0.000282	3.218876	0.000907
懈褋泻褉械薪薪械	0.000282	0.116534	0.000033
懈褋泻褍褋褋褌胁邪	0.000282	4.605170	0.001297
懈褋谢邪薪写褋泻邪褟	0.000282	0.116534	0.000033
懈褋锌邪薪褋泻邪褟	0.000282	0.116534	0.000033
懈褋锌邪薪褋泻懈泄	0.000282	4.605170	0.001297
懈褋锌邪薪褋泻芯泄	0.000282	4.605170	0.001297
懈褋锌械泻懈	0.000282	0.116534	0.000033
懈褋褌芯褉懈懈	0.001408	0.116534	0.000164
懈褋褌芯褉懈褞	0.000282	0.116534	0.000033
懈褌邪谢懈懈	0.000845	0.105361	0.000089
懈褌邪谢褜褟薪械褑	0.000282	3.912023	0.001102
懈褌邪谢褜褟薪褋泻邪褟	0.000282	0.116534	0.000033
懈褌邪谢褜褟薪褋泻懈泄	0.000282	2.995732	0.000844
懈褌邪谢褜褟薪褑褘	0.000282	3.218876	0.000907
懈褞谢褟	0.000563	0.597837	0.000337
懈褞薪褟	0.000282	0.579818	0.000163
泄芯谐褍褉褌	0.001408	0.040822	0.000057
泻邪斜邪褔泻懈	0.000282	0.040822	0.000011
泻邪胁泻邪蟹褋泻邪褟	0.000282	0.116534	0.000033
泻邪蟹邪薪械	0.000282	0.116534	0.000033
泻邪蟹邪褏褋泻邪褟	0.000282	0.116534	0.000033
泻邪泻邪芯	0.000563	0.040822	0.000023
泻邪谢械泄写芯褋泻芯锌	0.001127	0.116534	0.000131
泻邪谢懈褎芯褉薪懈懈	0.000282	4.605170	0.001297
泻邪谢屑褘褑泻邪褟	0.000282	0.116534	0.000033
泻邪谢褜屑邪褉	0.000282	0.040822	0.000011
泻邪屑械褉邪	0.000282	0.116534	0.000033
泻邪薪邪写褋泻邪褟	0.000282	0.116534	0.000033
泻邪薪邪谢	0.000563	0.040822	0.000023
泻邪薪邪谢械	0.000282	0.040822	0.000011
泻邪薪邪锌械	0.000563	0.040822	0.000023
泻邪锌械褉褋褘	0.000563	2.525729	0.001423
泻邪锌褍褋褌邪	0.000563	0.040822	0.000023
泻邪锌褍褋褌薪褟泻	0.000282	0.040822	0.000011
泻邪锌褍褋褌褘	0.000282	0.040822	0.000011
泻邪褉邪屑械谢褜	0.000282	0.040822	0.000011
泻邪褉泻邪褋薪褘泄	0.001127	0.116534	0.000131
泻邪褉褌芯褎械谢褜	0.001408	0.040822	0.000057
泻邪褉褌芯褎械谢褜薪芯械	0.000282	0.040822	0.000011
泻邪褉褌芯褎械谢褜薪褘泄	0.000282	0.116534	0.000033
泻邪褉褌芯褕泻邪	0.000563	0.040822	0.000023
泻邪褋褍褝谢邪	0.000282	4.605170	0.001297
泻邪褌邪谢芯薪懈懈	0.000282	4.605170	0.001297
泻邪褌械谐芯褉懈懈	0.000282	0.116534	0.000033
泻邪褌械谐芯褉懈褟	0.004225	0.150823	0.000637
泻邪褔械褋褌胁芯	0.000282	0.116534	0.000033
泻邪褕邪	0.000282	0.040822	0.000011
泻邪褕懈	0.001408	0.105361	0.000148
泻邪褕褍	0.000282	0.094311	0.000027
泻胁邪褋	0.000845	0.040822	0.000034
泻胁邪褋薪芯械	0.000845	0.116534	0.000098
泻胁邪褋芯屑	0.000282	0.127833	0.000036
泻械写褉芯胁褘械	0.000563	3.912023	0.002204
泻械泻褋	0.000282	0.040822	0.000011
泻械泻褋褘	0.000563	0.116534	0.000066
泻械褎懈褉	0.000282	0.040822	0.000011
泻懈胁芯泻	0.000282	4.605170	0.001297
泻懈屑褔懈	0.000282	0.040822	0.000011
泻懈薪芯邪	0.000563	0.127833	0.000072
泻懈薪芯谢械薪褌邪	0.000282	0.116534	0.000033
泻懈褋械谢褜	0.000563	0.040822	0.000023
泻懈褋谢褘泄	0.000282	3.912023	0.001102
泻懈褌邪泄褋泻邪褟	0.000282	0.116534	0.000033
泻谢邪褋褋	0.002254	0.116534	0.000263
泻谢邪褋褋懈褔械褋泻芯谐芯	0.000282	3.506558	0.000988
泻谢邪褋褋褘	0.000282	0.116534	0.000033
泻薪懈谐褍	0.000563	0.040822	0.000023
泻芯泻褌械泄谢懈	0.000282	0.127833	0.000036
泻芯泻褌械泄谢褜	0.001408	0.040822	0.000057
泻芯谢斜邪褋邪	0.000282	0.040822	0.000011
泻芯谢斜邪褋泻邪屑懈	0.000282	4.605170	0.001297
泻芯谢斜邪褋泻懈	0.000563	2.995732	0.001688
泻芯谢斜邪褋薪褘屑懈	0.001127	0.116534	0.000131
泻芯谢斜邪褋褘	0.000282	2.995732	0.000844
泻芯屑邪薪写邪	0.000563	0.127833	0.000072
泻芯屑懈	0.000282	0.116534	0.000033
泻芯屑屑械薪褌邪褉懈械胁	0.000282	0.223144	0.000063
泻芯屑锌邪薪懈泄	0.000282	0.105361	0.000030
泻芯屑锌芯褌	0.000845	0.040822	0.000034
泻芯屑褍	0.000282	1.347074	0.000379
泻芯薪械褔薪芯	0.000563	0.527633	0.000297
泻芯薪懈薪褘	0.000282	0.116534	0.000033
泻芯薪泻褍褉褋	0.060282	0.105361	0.006351
泻芯薪泻褍褉褋邪	0.000845	0.116534	0.000098
泻芯薪泻褍褉褋邪褏	0.000282	0.040822	0.000011
泻芯薪泻褍褉褋薪褘械	0.000282	0.127833	0.000036
泻芯薪褋械褉胁懈褉芯胁邪薪懈械	0.000282	0.040822	0.000011
泻芯薪褋械褉胁懈褉芯胁邪薪薪邪褟	0.000282	0.116534	0.000033
泻芯薪褋械褉胁懈褉芯胁邪薪薪芯械	0.000282	0.116534	0.000033
泻芯薪褋械褉胁懈褉芯胁邪薪薪褘械	0.000563	0.116534	0.000066
泻芯薪褋械褉胁懈褉芯胁邪薪薪褘泄	0.000282	0.116534	0.000033
泻芯薪褎械褌褌懈	0.000282	0.116534	0.000033
泻芯薪褎械褌褘	0.000845	0.040822	0.000034
泻芯薪褎懈写械薪褑懈邪谢褜薪芯褋褌懈	0.000282	0.040822	0.000011
泻芯薪褎懈褌褞褉	0.000282	0.040822	0.000011
泻芯薪褑械褉褌邪	0.000282	4.605170	0.001297
泻芯锌褔械薪芯褋褌褟屑懈	0.000282	0.116534	0.000033
泻芯褉械泄褋泻邪褟	0.000282	0.116534	0.000033
泻芯褉械泄褋泻懈	0.000282	0.040822	0.000011
泻芯褉卸懈泻懈	0.000282	0.040822	0.000011
泻芯褉屑褟褖懈褏	0.000282	0.116534	0.000033
泻芯褉薪懈褕芯薪褘	0.000563	2.995732	0.001688
泻芯褉芯谢械泄	0.000282	4.605170	0.001297
泻芯褉芯褌泻懈泄	0.000282	3.912023	0.001102
泻芯褌谢械褌褘	0.000282	0.040822	0.000011
泻芯褌芯褉芯谐芯	0.000845	2.120264	0.001792
泻芯褌芯褉芯屑褍	0.000282	0.116534	0.000033
泻芯褎械	0.000563	0.040822	0.000023
泻褉邪斜芯胁褘械	0.000563	2.659260	0.001498
泻褉邪褋懈胁芯	0.000563	1.832581	0.001032
泻褉邪褋泻懈	0.000282	0.116534	0.000033
泻褉邪褋薪褘泄	0.000563	1.171183	0.000660
泻褉械邪褌懈胁	0.000282	0.127833	0.000036
泻褉械胁械褌泻懈	0.000563	2.407946	0.001357
泻褉械屑	0.000282	0.040822	0.000011
泻褉械屑邪	0.000563	0.116534	0.000066
泻褉械锌泻懈泄	0.000282	0.116534	0.000033
泻褉芯谢懈泻邪	0.000563	0.116534	0.000066
泻褉芯屑械	0.000282	0.061875	0.000017
泻褉芯褏懈	0.000282	0.116534	0.000033
泻褉褍谐	0.000282	4.605170	0.001297
泻褉褍谐褍	0.000563	0.116534	0.000066
泻褉褍锌	0.001690	0.116534	0.000197
泻褉褍锌邪	0.000282	0.127833	0.000036
泻褉褍锌褘	0.000563	0.127833	0.000072
泻褉褍锌褟薪褘械	0.000282	0.116534	0.000033
泻褉褘谢邪褌褘屑	0.000282	4.605170	0.001297
泻褋褌邪褌懈	0.000282	1.237874	0.000349
泻褍斜懈薪褋泻邪褟	0.000282	0.116534	0.000033
泻褍谢械褕	0.000282	0.040822	0.000011
泻褍谢懈薪邪褉懈懈	0.001127	0.094311	0.000106
泻褍谢懈薪邪褉薪邪褟	0.000282	0.116534	0.000033
泻褍谢懈薪邪褉薪芯械	0.000282	0.116534	0.000033
泻褍谢懈薪邪褉薪褍褞	0.000563	0.040822	0.000023
泻褍谢懈薪邪褉薪褘泄	0.000282	0.072571	0.000020
泻褍谢懈薪邪褉薪褘褏	0.000282	0.116534	0.000033
泻褍谢懈褔	0.000282	0.040822	0.000011
泻褍谢懈褔懈	0.000282	0.116534	0.000033
泻褍谢褜褌褍褉薪褘泄	0.000282	4.605170	0.001297
泻褍锌懈褌褜	0.000282	2.407946	0.000678
泻褍褉写褋泻邪褟	0.000282	0.116534	0.000033
泻褍褉懈薪邪褟	0.000563	1.021651	0.000576
泻褍褉懈薪芯谐芯	0.000282	0.116534	0.000033
泻褍褉懈薪芯械	0.001972	0.127833	0.000252
泻褍褉懈薪褘泄	0.000282	0.105361	0.000030
泻褍褉懈褑邪	0.000282	0.040822	0.000011
泻褍褉懈褑械泄	0.000282	2.407946	0.000678
泻褍褉懈褑褘	0.000845	0.116534	0.000098
泻褍褉芯褔泻芯泄	0.000282	0.116534	0.000033
泻褍褋泻褍褋	0.000282	0.040822	0.000011
泻褍褏薪械泄	0.000282	0.040822	0.000011
泻褍褏薪懈	0.001127	0.040822	0.000046
泻褍褏薪褟	0.000845	0.116534	0.000098
谢邪胁邪褕	0.000563	0.040822	0.000023
谢邪胁邪褕邪	0.001127	0.116534	0.000131
谢邪胁褉芯胁褘泄	0.000563	1.139434	0.000642
谢邪谐屑邪薪	0.000282	0.040822	0.000011
谢邪泻芯屑褋褌胁芯	0.000282	0.116534	0.000033
谢邪锌褕邪	0.000563	0.040822	0.000023
谢邪褌褘褕褋泻邪褟	0.000282	0.116534	0.000033
谢械谐泻邪褟	0.000282	0.116534	0.000033
谢械谐泻懈泄	0.001127	0.116534	0.000131
谢械谐泻懈屑	0.000563	2.995732	0.001688
谢械谐泻芯	0.001972	0.116534	0.000230
谢械锌械褕泻懈	0.000563	0.040822	0.000023
谢械褌邪	0.000282	0.116534	0.000033
谢械褌薪懈械	0.000282	0.040822	0.000011
谢械褌薪褟褟	0.000282	0.116534	0.000033
谢械褌芯	0.001690	0.116534	0.000197
谢械褔芯	0.000282	0.040822	0.000011
谢懈谐邪	0.000845	0.116534	0.000098
谢懈泻械褉	0.000282	0.040822	0.000011
谢懈屑芯薪	0.001127	1.203973	0.001357
谢懈屑芯薪邪写	0.000563	0.040822	0.000023
谢懈屑芯薪薪邪褟	0.000282	3.506558	0.000988
谢懈屑芯薪薪褘泄	0.001690	0.798508	0.001350
谢懈褋褌	0.000563	1.139434	0.000642
谢懈褋褌褜褟	0.001127	1.514128	0.001706
谢懈褌芯胁褋泻	0.000282	0.127833	0.000036
谢懈褌芯胁褋泻邪褟	0.000282	0.116534	0.000033
谢褍泻	0.002817	0.301105	0.000848
谢褍褔褕懈械	0.000282	0.116534	0.000033
谢褍褔褕懈泄	0.000563	0.040822	0.000023
谢褍褔褕懈褏	0.000563	0.116534	0.000066
谢褞斜胁懈	0.000282	0.105361	0.000030
谢褞斜懈屑芯谐芯	0.000282	0.127833	0.000036
谢褞斜懈屑芯屑褍	0.000282	0.116534	0.000033
谢褞斜懈屑褘褏	0.001972	0.116534	0.000230
谢褞斜谢褞	0.000282	1.514128	0.000427
谢褞斜芯胁褜	0.000282	0.116534	0.000033
谢褞斜芯泄	0.000563	0.116534	0.000066
谢褞写械泄	0.000282	3.218876	0.000907
谢褟	0.000282	1.771957	0.000499
谢褢写	0.000282	0.127833	0.000036
屑邪谐邪蟹懈薪邪褏	0.000282	2.813411	0.000793
屑邪谐褉懈斜邪	0.000282	0.116534	0.000033
屑邪泄	0.000282	0.116534	0.000033
屑邪泄芯薪械蟹	0.001127	0.116534	0.000131
屑邪泻邪褉芯薪	0.000282	3.912023	0.001102
屑邪泻邪褉芯薪薪褘械	0.000845	0.116534	0.000098
屑邪泻邪褉芯薪褘	0.000282	0.040822	0.000011
屑邪谢邪蟹懈泄褋泻邪褟	0.000282	0.116534	0.000033
屑邪薪薪懈泻	0.000282	0.040822	0.000011
屑邪薪褌褘	0.000282	0.116534	0.000033
屑邪薪褢胁褉褘	0.000282	0.116534	0.000033
屑邪褉邪褎芯薪	0.000845	0.116534	0.000098
屑邪褉懈薪邪写	0.002535	0.040822	0.000103
屑邪褉懈薪邪写褘	0.000845	0.116534	0.000098
屑邪褉懈薪芯胁邪薪薪褘械	0.000282	0.116534	0.000033
屑邪褉屑械谢邪写	0.000282	0.040822	0.000011
屑邪褉芯泻泻邪薪褋泻邪褟	0.000282	0.116534	0.000033
屑邪褉褌邪	0.001690	0.105361	0.000178
屑邪褋泻邪褉锌芯薪械	0.000282	0.040822	0.000011
屑邪褋谢械薪懈褑邪	0.000845	0.040822	0.000034
屑邪褋谢械薪懈褔薪芯械	0.000282	0.116534	0.000033
屑邪褋谢懈薪邪屑懈	0.000282	3.506558	0.000988
屑邪褋谢懈薪褘	0.001690	1.966113	0.003323
屑邪褋谢芯	0.007042	0.116534	0.000821
屑邪褋谢芯屑	0.000282	0.116534	0.000033
屑邪褋褌械褉	0.002535	0.116534	0.000295
屑邪褋褌懈泻邪	0.000282	0.040822	0.000011
屑邪褋褌懈泻懈	0.000282	0.116534	0.000033
屑邪褎褎懈薪褘	0.000282	0.116534	0.000033
屑邪褏械械胁褗	0.001127	0.116534	0.000131
屑邪褟	0.000282	0.634878	0.000179
屑械写懈邪褎芯褉褌	0.000845	0.000000	0.000000
屑械写芯胁邪	0.000282	4.605170	0.001297
屑械写芯胁褘泄	0.000282	0.116534	0.000033
屑械泻褋懈泻邪薪褋泻邪褟	0.000282	0.116534	0.000033
屑械薪褌芯褉	0.000282	4.605170	0.001297
屑械薪褞	0.000282	0.116534	0.000033
屑械薪褟	0.000563	0.083382	0.000047
屑械薪褟械褌褋褟	0.000282	0.116534	0.000033
屑械褋褟褑	0.000282	2.659260	0.000749
屑械褌褉芯	0.000563	3.506558	0.001976
屑械褔褌邪	0.000282	0.116534	0.000033
屑械褔褌褘	0.000563	0.040822	0.000023
屑懈写懈懈	0.000282	0.040822	0.000011
屑懈泻褉芯胁芯谢薪芯胁泻械	0.000282	0.116534	0.000033
屑懈谢褜械	0.000282	0.116534	0.000033
屑懈芯	0.000282	0.116534	0.000033
屑懈褉	0.000282	0.116534	0.000033
屑懈褉邪	0.000282	0.116534	0.000033
屑懈褉械	0.000282	2.659260	0.000749
屑懈褉芯胁邪褟	0.000282	0.116534	0.000033
屑懈褋芯	0.000282	0.040822	0.000011
屑懈褋褌械褉懈褟	0.000282	0.116534	0.000033
屑懈褋褌褉邪谢褜	0.001972	0.116534	0.000230
屑薪芯谐懈械	0.000282	1.309333	0.000369
屑薪芯谐芯	0.000563	0.776529	0.000437
屑薪芯卸械褋褌胁芯	0.000282	1.560648	0.000440
屑薪芯卸械褋褌胁芯屑	0.000282	0.040822	0.000011
屑芯谐谢邪	0.000282	2.407946	0.000678
屑芯谐谢懈	0.000282	3.218876	0.000907
屑芯械	0.000282	0.116534	0.000033
屑芯卸械褌械	0.000282	0.000000	0.000000
屑芯泄	0.000282	0.105361	0.000030
屑芯谢写邪胁褋泻邪褟	0.000282	0.116534	0.000033
屑芯谢芯泻械	0.000282	0.105361	0.000030
屑芯谢芯泻芯	0.000282	0.116534	0.000033
屑芯谢芯褔薪褘泄	0.000563	0.040822	0.000023
屑芯谢芯褔薪褘褏	0.000282	0.116534	0.000033
屑芯屑械薪褌	0.000845	0.116534	0.000098
屑芯屑械薪褌邪谢褜薪芯	0.000282	2.813411	0.000793
屑芯薪谐芯谢褜褋泻邪褟	0.000282	0.116534	0.000033
屑芯薪芯褌芯薪薪芯谐芯	0.000282	4.605170	0.001297
屑芯褉械	0.000282	0.116534	0.000033
屑芯褉械锌褉芯写褍泻褌芯胁	0.003944	0.040822	0.000161
屑芯褉械锌褉芯写褍泻褌褘	0.000563	0.116534	0.000066
屑芯褉泻芯胁褜	0.001408	0.040822	0.000057
屑芯褉芯卸械薪芯械	0.000845	0.040822	0.000034
屑芯褉褋	0.000282	0.040822	0.000011
屑芯褉褋褘	0.000282	0.116534	0.000033
屑芯褋泻胁褘	0.000282	4.605170	0.001297
屑芯褌芯褉	0.000282	0.116534	0.000033
屑芯褏懈褌芯	0.000282	0.040822	0.000011
屑芯褑邪褉械谢谢邪	0.001127	2.813411	0.003170
屑芯褖薪褘褏	0.000282	4.605170	0.001297
屑褍卸	0.000282	1.171183	0.000330
屑褍卸褋泻邪褟	0.000282	0.127833	0.000036
屑褍卸褔懈薪褘	0.000563	0.116534	0.000066
屑褍泻邪	0.001127	0.274437	0.000309
屑褍谢褜褌懈胁邪褉泻械	0.010704	0.116534	0.001247
屑褍谢褜褌懈锌械泻邪褉械泄	0.000845	0.116534	0.000098
屑褍褋泻邪褌薪褘泄	0.000563	1.832581	0.001032
屑褍褋褋	0.000282	0.040822	0.000011
屑褍褋褋褘	0.000563	0.116534	0.000066
屑褍褔薪褘械	0.000282	0.116534	0.000033
屑褞褋谢懈	0.000563	0.116534	0.000066
屑褟谐泻懈泄	0.001127	1.386294	0.001562
屑褟褋邪	0.002535	0.116534	0.000295
屑褟褋薪芯谐芯	0.000563	0.116534	0.000066
屑褟褋薪芯泄	0.000282	0.116534	0.000033
屑褟褋薪褘械	0.001408	0.040822	0.000057
屑褟褋薪褘褏	0.000845	0.116534	0.000098
屑褟褋芯	0.002817	0.040822	0.000115
屑褟褋芯屑	0.001408	0.040822	0.000057
屑褟褋褍	0.000563	0.116534	0.000066
薪邪械谢邪褋褜	0.000282	4.605170	0.001297
薪邪械褋褌褜褋褟	0.000282	4.605170	0.001297
薪邪蟹胁邪薪懈械	0.000282	0.941609	0.000265
薪邪蟹胁邪薪懈械屑	0.000282	1.203973	0.000339
薪邪蟹薪邪褔械薪懈褟	0.000282	0.116534	0.000033
薪邪蟹褘胁邪械褌褋褟	0.000282	2.040221	0.000575
薪邪懈屑械薪褜褕械谐芯	0.000282	4.605170	0.001297
薪邪泄褌懈	0.000563	1.714798	0.000966
薪邪泻芯薪械褑	0.000282	1.609438	0.000453
薪邪谢懈胁泻邪	0.000282	0.040822	0.000011
薪邪锌懈褌泻懈	0.001690	0.040822	0.000069
薪邪锌懈褌芯泻	0.000282	0.040822	0.000011
薪邪锌芯屑懈薪邪械褌	0.000282	2.813411	0.000793
薪邪褋褌芯泄泻邪	0.000282	0.040822	0.000011
薪邪褋褌褉芯械薪懈械	0.000282	0.116534	0.000033
薪邪褋褌褍锌懈谢	0.000282	4.605170	0.001297
薪邪褌褍褉邪谢褜薪芯泄	0.000282	3.912023	0.001102
薪邪褏芯写褟褌	0.000282	4.605170	0.001297
薪邪褑懈芯薪邪谢褜薪褘械	0.000282	0.116534	0.000033
薪邪褔懈薪泻邪	0.000563	0.040822	0.000023
薪邪褔懈薪泻芯泄	0.000282	0.116534	0.000033
薪邪褕	0.000563	2.525729	0.001423
薪邪褕邪	0.000282	2.525729	0.000711
薪邪褕械	0.000282	2.407946	0.000678
薪邪褕械谢	0.000282	4.605170	0.001297
薪邪褕械屑	0.000282	0.040822	0.000011
薪邪褕懈	0.000282	0.061875	0.000017
薪邪褕懈褏	0.000282	1.514128	0.000427
薪械写械谢褟	0.002817	0.061875	0.000174
薪械卸薪芯泄	0.000563	0.116534	0.000066
薪械屑械褑泻邪褟	0.000282	0.116534	0.000033
薪械芯卸懈写邪薪薪褘械	0.000282	0.116534	0.000033
薪械芯卸懈写邪薪薪褘褏	0.000282	3.912023	0.001102
薪械锌谢芯褏芯泄	0.000282	4.605170	0.001297
薪械褋泻芯谢褜泻芯	0.000282	0.916291	0.000258
薪械褋谢邪写泻芯械	0.000282	0.116534	0.000033
薪懈斜褍写褜	0.000282	1.832581	0.000516
薪懈泻芯谐写邪	0.000282	1.771957	0.000499
薪懈屑	0.000282	1.897120	0.000534
薪芯胁邪褟	0.000282	0.116534	0.000033
薪芯胁芯谐芯写薪械谐芯	0.001690	0.116534	0.000197
薪芯胁芯谐芯写薪械械	0.000845	0.116534	0.000098
薪芯胁芯谐芯写薪械屑褍	0.000282	2.995732	0.000844
薪芯胁芯谐芯写薪懈械	0.001690	0.040822	0.000069
薪芯胁芯谐芯写薪懈泄	0.001972	0.116534	0.000230
薪芯胁芯谐芯写薪褟褟	0.000282	0.105361	0.000030
薪芯胁芯褋褌褟褏	0.000282	0.061875	0.000017
薪芯胁褘械	0.000563	0.051293	0.000029
薪芯胁褘泄	0.002535	0.094311	0.000239
薪芯褉胁械卸褋泻邪褟	0.000282	0.116534	0.000033
薪芯褌泻芯泄	0.000282	4.605170	0.001297
薪芯褟斜褉褟	0.000563	0.527633	0.000297
薪褌	0.000282	2.659260	0.000749
芯斜械写	0.001127	0.105361	0.000119
芯斜械写芯屑	0.000563	4.605170	0.002594
芯斜械蟹褜褟薪褘	0.000282	0.116534	0.000033
芯斜械褋锌械褔械薪薪褘褏	0.000282	4.605170	0.001297
芯斜褋褍卸写邪谢邪褋褜	0.000282	4.605170	0.001297
芯斜褖邪褌褜褋褟	0.000282	0.040822	0.000011
芯斜褗械褏邪谢	0.000282	4.605170	0.001297
芯胁芯褖	0.000282	4.605170	0.001297
芯胁芯褖邪屑懈	0.000563	0.116534	0.000066
芯胁芯褖械泄	0.006761	0.105361	0.000712
芯胁芯褖懈	0.001972	0.094311	0.000186
芯胁芯褖薪邪褟	0.000282	0.040822	0.000011
芯胁芯褖薪芯械	0.000282	0.116534	0.000033
芯胁芯褖薪芯泄	0.000563	0.105361	0.000059
芯胁芯褖薪褘械	0.001408	0.040822	0.000057
芯胁褋褟薪芯械	0.000282	0.116534	0.000033
芯谐薪械薪薪芯泄	0.000282	0.116534	0.000033
芯谐薪褟	0.000282	0.116534	0.000033
芯谐褍褉褑芯胁褘泄	0.000282	3.912023	0.001102
芯谐褍褉褑褘	0.000563	0.116534	0.000066
芯写薪邪卸写褘	0.000282	2.407946	0.000678
芯写薪芯褝褌邪卸薪褘泄	0.000282	2.302585	0.000649
芯泻邪蟹邪谢芯褋褜	0.000282	1.832581	0.000516
芯泻褉芯褕泻邪	0.000845	0.040822	0.000034
芯谢邪写褜懈	0.000845	0.040822	0.000034
芯谢械泄薪邪	0.000845	0.116534	0.000098
芯谢械泄薪芯泄	0.001127	0.116534	0.000131
芯谢械泄薪褘	0.000282	0.127833	0.000036
芯谢懈胁泻懈	0.001127	2.207275	0.002487
芯谢懈胁泻芯胁芯械	0.004507	0.544727	0.002455
芯谢懈胁褜械	0.000282	2.995732	0.000844
芯屑谢械褌	0.000282	0.040822	0.000011
芯芯芯褔械薪褜	0.000282	3.218876	0.000907
芯锌邪褉邪	0.000282	0.040822	0.000011
芯锌褉械写械谢械薪懈械	0.000282	4.605170	0.001297
芯锌褉芯褋	0.000282	0.061875	0.000017
芯褉械谐邪薪芯	0.001127	2.525729	0.002846
芯褉械褏	0.000563	1.660731	0.000936
芯褉械褏懈	0.000563	1.139434	0.000642
芯褉懈谐懈薪邪谢褜薪邪褟	0.000282	2.302585	0.000649
芯褋械薪薪械械	0.000282	0.116534	0.000033
芯褋械薪薪懈械	0.000282	0.051293	0.000014
芯褋械薪薪懈泄	0.000563	0.116534	0.000066
芯褋械薪褜	0.003099	0.105361	0.000326
芯褋屑械谢懈褌褜褋褟	0.000282	4.605170	0.001297
芯褋薪芯胁薪芯械	0.000282	0.040822	0.000011
芯褋褌邪械褌褋褟	0.000282	0.116534	0.000033
芯褋褌邪谢芯褋褜	0.000282	3.506558	0.000988
芯褌胁械褌懈褌褜	0.000563	0.051293	0.000029
芯褌胁械褌芯胁	0.000282	0.051293	0.000014
芯褌胁械褌褘	0.000282	0.000000	0.000000
芯褌泻褉褘褌褘泄	0.000845	0.116534	0.000098
芯褌屑械薪懈褌褜	0.000282	0.040822	0.000011
芯褌芯褉胁邪谢邪褋褜	0.000282	4.605170	0.001297
芯褏谢邪写懈褌褜	0.000282	0.116534	0.000033
锌邪泻械褌懈泻邪褏	0.000282	0.105361	0.000030
锌邪谢芯褔泻邪屑懈	0.000282	3.506558	0.000988
锌邪谢芯褔泻懈	0.000845	0.040822	0.000034
锌邪薪懈褉芯胁泻邪	0.002254	0.116534	0.000263
锌邪薪懈褉芯胁芯褔薪褘械	0.000563	1.309333	0.000738
锌邪褉邪	0.000282	0.116534	0.000033
锌邪褉邪写	0.001972	0.116534	0.000230
锌邪褉懈卸邪薪	0.000282	4.605170	0.001297
锌邪褉屑械蟹邪薪	0.002254	2.407946	0.005426
锌邪褉芯胁邪褉泻械	0.003099	0.116534	0.000361
锌邪褉芯谢褜	0.000282	0.020203	0.000006
锌邪褉褍	0.000282	1.966113	0.000554
锌邪褋褌邪	0.002254	0.040822	0.000092
锌邪褋褌褉芯屑邪	0.000282	0.040822	0.000011
锌邪褋褏邪	0.000563	0.040822	0.000023
锌邪褋褏邪谢褜薪邪褟	0.000563	0.116534	0.000066
锌邪褋褏邪谢褜薪褘泄	0.000282	0.127833	0.000036
锌邪褕褌械褌	0.000282	0.040822	0.000011
锌邪褕褌械褌褘	0.000563	0.116534	0.000066
锌邪褝谢褜褞	0.000282	4.605170	0.001297
锌械泻邪褉褟	0.000282	0.127833	0.000036
锌械谢褜屑械薪懈	0.000282	0.116534	0.000033
锌械褉胁芯械	0.000563	0.040822	0.000023
锌械褉胁褘械	0.000282	0.127833	0.000036
锌械褉胁褘屑	0.000282	0.116534	0.000033
锌械褉械胁芯写懈褌褋褟	0.000282	4.605170	0.001297
锌械褉械泄褌懈	0.000282	0.040822	0.000011
锌械褉械泻褍褋	0.000563	0.116534	0.000066
锌械褉械泻褍褋邪	0.000282	2.813411	0.000793
锌械褉械褑	0.004225	0.040822	0.000172
锌械褉褋芯薪褘	0.000282	0.116534	0.000033
锌械褉褍邪薪褋泻邪褟	0.000282	0.116534	0.000033
锌械褋芯褔薪芯械	0.000563	0.105361	0.000059
锌械褋芯褔薪褘泄	0.000282	0.116534	0.000033
锌械褌械谢懈薪泻懈	0.000282	0.127833	0.000036
锌械褌褉褍褕泻邪	0.002254	0.693147	0.001562
锌械褔械薪芯褔薪褘泄	0.000282	0.040822	0.000011
锌械褔械薪褜械	0.002535	0.040822	0.000103
锌械褔懈	0.000282	0.127833	0.000036
锌懈胁芯	0.000282	0.116534	0.000033
锌懈泻邪薪褌薪芯泄	0.000282	2.659260	0.000749
锌懈泻邪薪褌褘	0.000282	0.127833	0.000036
锌懈泻薪懈泻	0.000563	0.116534	0.000066
锌懈泻薪懈泻邪	0.000282	0.116534	0.000033
锌懈泻薪懈泻褍	0.000282	0.105361	0.000030
锌懈褉	0.000282	0.116534	0.000033
锌懈褉芯谐	0.000845	0.040822	0.000034
锌懈褉芯谐懈	0.000282	0.105361	0.000030
锌懈褉芯卸泻懈	0.000282	0.040822	0.000011
锌懈褉芯卸薪芯械	0.000282	0.040822	0.000011
锌懈褉芯卸薪褘械	0.000282	0.116534	0.000033
锌懈褋邪褌械谢褜	0.000282	3.912023	0.001102
锌懈褋邪褌械谢褟屑懈	0.000282	4.605170	0.001297
锌懈褌邪薪懈械	0.001408	0.105361	0.000148
锌懈褑褑邪	0.001972	0.040822	0.000080
锌懈褑褑械泄	0.000282	3.912023	0.001102
锌懈褖懈	0.000282	3.506558	0.000988
锌谢邪屑褟	0.000282	0.116534	0.000033
锌谢邪褋褌懈薪泻邪屑懈	0.000282	3.912023	0.001102
锌谢懈褌邪	0.001127	0.127833	0.000144
锌谢芯胁	0.000282	0.116534	0.000033
锌谢芯写褘	0.000282	0.116534	0.000033
锌芯胁邪褉械薪泻械	0.000282	0.040822	0.000011
锌芯胁邪褉械薪芯泻	0.000282	0.061875	0.000017
锌芯胁邪褉褟褌	0.000282	0.116534	0.000033
锌芯胁邪褉褟褌邪屑懈	0.000282	0.040822	0.000011
锌芯胁邪褉褢薪泻邪	0.000282	0.116534	0.000033
锌芯胁懈写谢芯	0.000282	0.040822	0.000011
锌芯胁褌芯褉褟械褌褋褟	0.000282	4.605170	0.001297
锌芯写邪褉泻芯胁	0.000282	0.116534	0.000033
锌芯写邪褞褌	0.000282	2.659260	0.000749
锌芯写械谢懈褌褜褋褟	0.000282	0.478036	0.000135
锌芯写谢懈胁邪	0.000282	0.116534	0.000033
锌芯写谢懈胁泻邪	0.000282	0.040822	0.000011
锌芯写芯泄写褍褌	0.000282	2.207275	0.000622
锌芯写锌懈褋邪褌褜褋褟	0.000282	0.040822	0.000011
锌芯写锌懈褕懈褌械褋褜	0.000563	0.040822	0.000023
锌芯写褋屑芯褌褉械谢邪	0.000282	3.506558	0.000988
锌芯械写懈薪泻懈	0.003944	0.116534	0.000460
锌芯械蟹写泻邪	0.000282	3.218876	0.000907
锌芯蟹写褉邪胁褜	0.000282	0.116534	0.000033
锌芯懈褋泻	0.000282	0.051293	0.000014
锌芯泻邪蟹邪褌褜	0.000282	1.714798	0.000483
锌芯泻褍锌邪褞	0.000282	2.995732	0.000844
锌芯谢	0.000282	2.995732	0.000844
锌芯谢写薪懈泻	0.000563	0.116534	0.000066
锌芯谢械蟹薪芯	0.000563	0.116534	0.000066
锌芯谢械蟹薪芯械	0.000282	3.506558	0.000988
锌芯谢懈褌懈泻芯泄	0.000282	0.040822	0.000011
锌芯谢薪芯褑械薪薪褘屑	0.000282	4.605170	0.001297
锌芯谢芯胁懈薪邪	0.002254	0.116534	0.000263
锌芯谢褍褔邪械褌褋褟	0.000563	0.400478	0.000226
锌芯谢褍褔邪泄褌械	0.000282	0.040822	0.000011
锌芯谢褍褔邪褌褜	0.000282	0.040822	0.000011
锌芯谢褍褔懈谢	0.000282	3.912023	0.001102
锌芯谢褍褔懈谢芯褋褜	0.000282	0.994252	0.000280
锌芯谢褜蟹邪	0.000282	0.127833	0.000036
锌芯谢褜蟹芯泄	0.001127	0.116534	0.000131
锌芯谢褜褋泻邪褟	0.000282	0.116534	0.000033
锌芯屑邪写泻邪	0.000563	0.040822	0.000023
锌芯屑邪写泻懈	0.000282	0.116534	0.000033
锌芯屑械褖褍	0.000282	4.605170	0.001297
锌芯屑懈写芯褉	0.001127	0.713350	0.000804
锌芯屑懈写芯褉邪屑懈	0.000282	2.995732	0.000844
锌芯屑懈写芯褉泻懈	0.000282	0.127833	0.000036
锌芯屑懈写芯褉褘	0.001127	0.116534	0.000131
锌芯薪褉邪胁懈胁褕懈械褋褟	0.000282	0.040822	0.000011
锌芯薪褉邪胁懈谢褋褟	0.000282	1.714798	0.000483
锌芯薪褔懈泻懈	0.000563	0.040822	0.000023
锌芯锌褉芯斜芯胁邪褌褜	0.000282	0.798508	0.000225
锌芯锌褍谢褟褉薪褘泄	0.000282	2.040221	0.000575
锌芯褉邪	0.000282	0.116534	0.000033
锌芯褉褌褍谐邪谢褜褋泻邪褟	0.000282	0.116534	0.000033
锌芯褋胁褟褌懈谢	0.000282	4.605170	0.001297
锌芯褋胁褟褖械薪芯	0.000282	4.605170	0.001297
锌芯褋械褖邪械褌械	0.000282	0.061875	0.000017
锌芯褋谢械写薪械械	0.000282	2.995732	0.000844
锌芯褋褌	0.001408	0.105361	0.000148
锌芯褋褌薪芯械	0.000282	0.116534	0.000033
锌芯褋褌薪褘械	0.000282	0.040822	0.000011
锌芯褋褌薪褘泄	0.000282	0.116534	0.000033
锌芯褋褌芯褟薪薪芯	0.000282	0.040822	0.000011
锌芯褋褌褉芯懈屑	0.000282	0.116534	0.000033
锌芯褋褍写邪	0.000563	0.094311	0.000053
锌芯褔械屑褍	0.000282	1.203973	0.000339
锌芯褔褌褍	0.000282	0.040822	0.000011
锌芯褕邪谐芯胁褘械	0.000282	0.301105	0.000085
锌芯褕邪谐芯胁褘屑懈	0.000282	0.040822	0.000011
锌芯褕谢邪	0.000282	3.912023	0.001102
锌芯褟胁褟褌褋褟	0.000282	2.995732	0.000844
锌褉邪蟹写薪懈泻邪	0.000282	0.116534	0.000033
锌褉邪蟹写薪懈褔薪芯	0.000282	0.116534	0.000033
锌褉邪蟹写薪懈褔薪芯谐芯	0.000282	0.116534	0.000033
锌褉邪蟹写薪懈褔薪褘泄	0.000282	0.116534	0.000033
锌褉邪泻褌懈泻褍屑	0.000282	0.116534	0.000033
锌褉械胁芯褋褏芯写薪芯泄	0.000282	4.605170	0.001297
锌褉械胁芯褋褏芯写薪褘械	0.000282	0.116534	0.000033
锌褉械胁褉邪褖械薪懈褟	0.000282	0.116534	0.000033
锌褉械写锌芯褔褌械薪懈褟屑懈	0.000282	4.605170	0.001297
锌褉械泻褉邪褋薪芯	0.000282	1.714798	0.000483
锌褉械泻褉邪褋薪芯泄	0.000282	3.912023	0.001102
锌褉械褋薪芯械	0.000282	0.116534	0.000033
锌褉懈胁械蟹谢邪	0.000282	2.813411	0.000793
锌褉懈胁褘褔薪芯屑褍	0.000282	4.605170	0.001297
锌褉懈谐芯写懈褌褋褟	0.000282	1.609438	0.000453
锌褉懈谐芯褌芯胁懈屑	0.000282	0.116534	0.000033
锌褉懈谐芯褌芯胁懈褌褜	0.000563	0.342490	0.000193
锌褉懈谐芯褌芯胁谢械薪懈械	0.000282	0.105361	0.000030
锌褉懈谐芯褌芯胁谢械薪懈懈	0.000282	0.798508	0.000225
锌褉懈谐芯褌芯胁谢械薪懈褞	0.000282	0.040822	0.000011
锌褉懈谐芯褌芯胁谢械薪懈褟	0.000845	0.371064	0.000314
锌褉懈写褍屑邪褌褜	0.000282	2.525729	0.000711
锌褉懈蟹薪邪薪懈械	0.000282	0.116534	0.000033
锌褉懈蟹芯胁	0.000282	0.040822	0.000011
锌褉懈锌褉邪胁邪	0.000845	0.040822	0.000034
锌褉懈褉芯写邪	0.000282	4.605170	0.001297
锌褉懈褉芯写褍	0.000282	0.116534	0.000033
锌褉懈褉芯写褘	0.000563	0.116534	0.000066
锌褉懈褋褌褍锌懈褌褜	0.000282	0.040822	0.000011
锌褉芯胁械写懈	0.001127	0.116534	0.000131
锌褉芯胁械褉械薪芯	0.001690	0.116534	0.000197
锌褉芯胁芯写懈屑褘褏	0.000282	0.040822	0.000011
锌褉芯胁芯卸邪械屑	0.000282	0.116534	0.000033
锌褉芯写褍泻褌邪	0.000282	3.218876	0.000907
锌褉芯写褍泻褌芯胁	0.000282	0.094311	0.000027
锌褉芯械泻褌芯胁	0.000282	0.116534	0.000033
锌褉芯械泻褌褘	0.000282	0.061875	0.000017
锌褉芯懈蟹胁械写械薪懈械	0.000563	4.605170	0.002594
锌褉芯褋屑芯褌褉邪屑	0.000282	0.274437	0.000077
锌褉芯褋褌芯	0.001127	0.083382	0.000094
锌褉芯褋褌芯泄	0.000282	0.755023	0.000213
锌褉芯褋褌芯泻胁邪褕邪	0.000282	0.040822	0.000011
锌褉芯褋褌褘屑	0.000282	3.218876	0.000907
锌褉芯褎懈谢褜	0.000282	0.040822	0.000011
锌褉芯褕谢芯屑	0.000282	3.912023	0.001102
锌褉褟屑芯	0.000282	0.040822	0.000011
锌褉褟薪懈泻	0.000282	0.040822	0.000011
锌褉褟薪懈泻懈	0.000282	0.116534	0.000033
锌褉褟薪懈褔薪芯械	0.000282	0.116534	0.000033
锌褌懈褑邪	0.001408	0.116534	0.000164
锌褌懈褑械	0.000563	0.116534	0.000066
锌褌懈褑械泄	0.000282	0.127833	0.000036
锌褌懈褑褘	0.003380	0.116534	0.000394
锌褍斜谢懈泻褍械褌	0.000282	4.605170	0.001297
锌褍写懈薪谐	0.000282	0.040822	0.000011
锌褍写懈薪谐懈	0.000563	0.116534	0.000066
锌褍薪褕	0.000282	0.040822	0.000011
锌褍褌械褕械褋褌胁懈械	0.000563	0.116534	0.000066
锌褍褌械褕械褋褌胁芯胁邪谢懈	0.000282	4.605170	0.001297
锌褍褌懈	0.000282	3.506558	0.000988
锌褍褌褜	0.000282	0.116534	0.000033
锌褍褏	0.000282	3.218876	0.000907
锌褕械薪懈褔薪邪褟	0.001127	0.287682	0.000324
锌褘褌邪谢褋褟	0.000282	4.605170	0.001297
锌褘褕泻懈	0.000282	0.040822	0.000011
锌褜械褉	0.000282	4.605170	0.001297
锌褞褉械	0.001690	0.040822	0.000069
褉邪斜芯褌邪	0.000282	2.995732	0.000844
褉邪斜芯褌械	0.000282	2.813411	0.000793
褉邪斜芯褌芯泄	0.000282	4.605170	0.001297
褉邪斜芯褔懈褏	0.000282	4.605170	0.001297
褉邪谐褍	0.000282	0.116534	0.000033
褉邪蟹胁械褉薪褍褌褜	0.000282	0.116534	0.000033
褉邪蟹写械谢	0.000282	4.605170	0.001297
褉邪蟹写械谢褜薪芯械	0.000282	0.116534	0.000033
褉邪蟹屑械褉械薪薪褘褏	0.000282	4.605170	0.001297
褉邪蟹薪褘械	0.000282	0.116534	0.000033
褉邪蟹薪褘屑懈	0.000282	2.813411	0.000793
褉邪蟹褍屑械械褌褋褟	0.000282	3.218876	0.000907
褉邪褋褋芯谢褜薪懈泻	0.000563	0.040822	0.000023
褉邪褋褋芯谢褜薪懈泻邪	0.000282	0.116534	0.000033
褉邪褋褋褘谢泻懈	0.000282	0.061875	0.000017
褉邪褋褌械薪懈械	0.000282	3.912023	0.001102
褉邪褋褌懈褌械谢褜薪芯械	0.000563	0.235722	0.000133
褉邪褑懈芯薪	0.000282	4.605170	0.001297
褉械谐懈褋褌褉邪褑懈懈	0.000563	0.010050	0.000006
褉械谐懈褋褌褉邪褑懈褟	0.000282	0.000000	0.000000
褉械卸褍褌	0.000282	4.605170	0.001297
褉械泄褌懈薪谐褍	0.000282	0.248461	0.000070
褉械锌褔邪褌褘泄	0.001127	0.430783	0.000485
褉械褋褌芯褉邪薪	0.000282	4.605170	0.001297
褉械褋褌芯褉邪薪邪	0.000282	1.832581	0.000516
褉械褑械锌褌	0.005634	0.040822	0.000230
褉械褑械锌褌邪屑懈	0.000282	3.218876	0.000907
褉械褑械锌褌邪褏	0.000282	0.061875	0.000017
褉械褑械锌褌芯胁	0.001972	0.040822	0.000080
褉械褑械锌褌褘	0.020282	0.040822	0.000828
褉械褕邪谢邪褋褜	0.000282	3.912023	0.001102
褉械褕械薪懈械	0.000282	2.813411	0.000793
褉懈屑褋泻懈屑懈	0.000282	4.605170	0.001297
褉懈褋	0.001690	0.040822	0.000069
褉懈褋邪	0.000282	0.116534	0.000033
褉懈褋芯屑	0.000282	1.660731	0.000468
褉懈褌屑邪	0.000282	4.605170	0.001297
褉懈褌屑械	0.000282	0.116534	0.000033
褉芯谐邪谢懈泻懈	0.000282	0.040822	0.000011
褉芯写薪芯械	0.000282	0.116534	0.000033
褉芯写褋褌胁械薪薪懈泻	0.000282	4.605170	0.001297
褉芯卸写械薪懈褟	0.000282	0.105361	0.000030
褉芯卸写械褋褌胁芯	0.000282	0.116534	0.000033
褉芯泻褎芯褉写	0.000282	3.506558	0.000988
褉芯谢谢褌芯薪	0.000282	0.116534	0.000033
褉芯谢谢褘	0.000563	0.040822	0.000023
褉芯屑	0.000282	0.040822	0.000011
褉芯褋褋懈懈	0.000282	2.659260	0.000749
褉褍斜褉懈泻邪褌芯褉	0.000282	0.051293	0.000014
褉褍卸	0.000282	3.506558	0.000988
褉褍泻懈	0.000282	2.813411	0.000793
褉褍泻芯谢邪	0.001408	3.912023	0.005510
褉褍谢械褌	0.000282	0.040822	0.000011
褉褍谢械褌褘	0.002817	0.116534	0.000328
褉褍屑褘薪褋泻邪褟	0.000282	0.116534	0.000033
褉褍屑褟薪褘械	0.000282	0.116534	0.000033
褉褍薪械褌械	0.000282	0.020203	0.000006
褉褍褋褋泻邪褟	0.000282	0.116534	0.000033
褉褍褋褋泻懈泄	0.000845	2.813411	0.002378
褉褍褋褋泻懈屑	0.000282	4.605170	0.001297
褉褍褌懈薪械	0.000282	4.605170	0.001297
褉褘斜邪	0.004225	0.040822	0.000172
褉褘斜械	0.000563	0.116534	0.000066
褉褘斜薪邪褟	0.000282	0.116534	0.000033
褉褘斜薪芯谐芯	0.000563	0.116534	0.000066
褉褘斜薪褘械	0.001127	0.116534	0.000131
褉褘斜薪褘泄	0.000563	0.116534	0.000066
褉褘斜薪褘屑懈	0.000282	4.605170	0.001297
褉褘斜薪褘褏	0.000282	0.116534	0.000033
褉褘斜芯泄	0.000563	0.116534	0.000066
褉褘斜褘	0.004225	0.116534	0.000492
褉褟卸械薪泻邪	0.000282	0.116534	0.000033
褋邪泄褌	0.000845	0.000000	0.000000
褋邪泄褌邪	0.000282	1.108663	0.000312
褋邪泄褌褍	0.000563	0.061875	0.000035
褋邪谢邪褌	0.002254	0.094311	0.000213
褋邪谢邪褌邪	0.001127	1.078810	0.001216
褋邪谢邪褌懈泻	0.000282	2.302585	0.000649
褋邪谢邪褌薪邪褟	0.000282	0.116534	0.000033
褋邪谢邪褌芯屑	0.000282	2.207275	0.000622
褋邪谢邪褌褘	0.010704	0.040822	0.000437
褋邪谢褟屑懈	0.000845	4.605170	0.003892
褋邪屑芯谐芯薪	0.000282	0.040822	0.000011
褋邪屑褘泄	0.000282	1.021651	0.000288
褋邪屑褘褏	0.000563	0.116534	0.000066
褋邪褎	0.000845	0.116534	0.000098
褋邪褎褋械屑	0.000282	0.116534	0.000033
褋邪褏邪褉	0.002254	0.116534	0.000263
褋斜懈褌械薪褜	0.000282	0.040822	0.000011
褋胁械卸械褋褌褜	0.000282	0.105361	0.000030
褋胁械泻谢邪	0.000282	0.040822	0.000011
褋胁械泻芯谢褜薪懈泻	0.000563	0.040822	0.000023
褋胁械褌邪	0.001127	0.116534	0.000131
褋胁懈薪懈薪邪	0.000282	0.040822	0.000011
褋胁懈薪懈薪褘	0.001127	0.116534	0.000131
褋胁芯械	0.000563	0.116534	0.000066
褋胁芯械屑	0.000282	0.040822	0.000011
褋胁芯械屑褍	0.000282	2.525729	0.000711
褋胁芯懈屑	0.000282	0.040822	0.000011
褋胁芯懈褏	0.000282	1.347074	0.000379
褋胁芯褞	0.000282	0.040822	0.000011
褋谐褍褖械薪泻邪	0.000282	0.040822	0.000011
褋械谐芯写薪褟	0.000845	0.843970	0.000713
褋械蟹芯薪	0.000845	0.116534	0.000098
褋械蟹芯薪邪	0.000282	3.912023	0.001102
褋械泄	0.000282	2.995732	0.000844
褋械泄褔邪褋	0.000563	0.030459	0.000017
褋械泻褉械褌褘	0.000845	0.116534	0.000098
褋械谢械写泻邪	0.000282	0.040822	0.000011
褋械屑谐邪	0.000282	0.040822	0.000011
褋械屑械泄薪芯谐芯	0.000563	2.407946	0.001357
褋械屑械泄薪芯械	0.000282	3.912023	0.001102
褋械屑械泄薪褘泄	0.000282	0.116534	0.000033
褋械屑械泄褋褌胁芯	0.000282	4.605170	0.001297
褋械屑褜懈	0.000282	0.116534	0.000033
褋械屑褜褟	0.000282	2.813411	0.000793
褋懈写褉	0.000282	0.040822	0.000011
褋懈褉械薪械胁褘械	0.000282	4.605170	0.001297
褋懈褉懈泄褋泻邪褟	0.000282	0.116534	0.000033
褋懈褉芯锌	0.000282	0.040822	0.000011
褋懈褉芯锌褘	0.000282	0.116534	0.000033
褋懈褋褌械屑褘	0.000282	0.040822	0.000011
褋懈褌懈	0.000282	0.127833	0.000036
褋泻邪蟹芯泻	0.000282	0.116534	0.000033
褋谢邪写泻邪褟	0.000563	0.116534	0.000066
褋谢邪写泻懈械	0.001690	0.040822	0.000069
褋谢邪写泻懈泄	0.003380	0.105361	0.000356
褋谢邪写泻懈褏	0.000563	0.116534	0.000066
褋谢邪写泻芯	0.000282	0.116534	0.000033
褋谢邪写芯褋褌懈	0.000282	4.605170	0.001297
褋谢懈胁芯褔薪芯械	0.001408	0.116534	0.000164
褋谢懈胁芯褔薪褘泄	0.000563	1.469676	0.000828
褋谢芯械薪芯谐芯	0.000282	0.127833	0.000036
褋谢芯械薪芯械	0.000282	0.116534	0.000033
褋谢芯械薪褘泄	0.000282	0.116534	0.000033
褋谢芯泄泻邪	0.000282	0.040822	0.000011
褋谢芯泄泻懈	0.000282	0.116534	0.000033
褋谢褍褔邪泄薪芯	0.000282	2.407946	0.000678
褋谢褘褕邪谢懈	0.000282	3.912023	0.001102
褋屑械褌邪薪邪	0.000845	0.105361	0.000089
褋屑械褕邪薪薪芯谐芯	0.000282	0.116534	0.000033
褋屑芯卸械褌械	0.000282	0.040822	0.000011
褋屑褍蟹懈	0.000845	0.040822	0.000034
褋薪褝泻	0.000282	0.116534	0.000033
褋芯斜懈褉邪械褌械褋褜	0.000282	0.040822	0.000011
褋芯斜褉邪谢邪褋褜	0.000282	4.605170	0.001297
褋芯斜褋褌胁械薪薪芯屑	0.000563	2.407946	0.001357
褋芯胁械褉褕械薪褋褌胁芯	0.001408	0.116534	0.000164
褋芯胁械褌邪屑懈	0.000282	0.040822	0.000011
褋芯胁屑械褖邪褟	0.000282	4.605170	0.001297
褋芯胁褉械屑械薪薪褘械	0.000282	4.605170	0.001297
褋芯胁褋械屑	0.000282	1.139434	0.000321
褋芯谐谢邪褕邪械褌械褋褜	0.000282	0.040822	0.000011
褋芯械胁褘泄	0.000563	0.798508	0.000450
褋芯蟹写邪械褌	0.000282	0.116534	0.000033
褋芯蟹写邪谢	0.000282	4.605170	0.001297
褋芯蟹写邪薪懈褟	0.000563	0.261365	0.000147
褋芯泻	0.002535	0.116534	0.000295
褋芯泻邪	0.000282	0.105361	0.000030
褋芯泻懈	0.000282	0.040822	0.000011
褋芯泻褍	0.000563	2.407946	0.001357
褋芯谢械薪褘械	0.000845	0.116534	0.000098
褋芯谢械薪褜褟	0.000563	0.116534	0.000066
褋芯谢薪械褔薪芯泄	0.000282	0.127833	0.000036
褋芯谢褜	0.005070	0.150823	0.000765
褋芯谢褟薪泻邪	0.000563	0.040822	0.000023
褋芯薪	0.000563	4.605170	0.002594
褋芯芯褌胁械褌褋褌胁懈懈	0.000282	3.912023	0.001102
褋芯芯褌械褔械褋褌胁械薪薪懈泻褍	0.000282	4.605170	0.001297
褋芯锌褉芯褌懈胁谢械薪懈褟	0.000282	4.605170	0.001297
褋芯褉褌懈褉芯胁邪褌褜	0.000282	0.248461	0.000070
褋芯褋褌邪胁褜	0.000282	0.116534	0.000033
褋芯褍褋	0.004225	0.040822	0.000172
褋芯褍褋邪屑懈	0.000282	4.605170	0.001297
褋芯褍褋械	0.000282	1.897120	0.000534
褋芯褍褋芯屑	0.001690	0.116534	0.000197
褋芯褍褋褘	0.001127	0.116534	0.000131
褋芯褏褉邪薪褟褌褜	0.000282	0.040822	0.000011
褋芯褑褋械褌懈	0.000282	0.040822	0.000011
褋芯褔械褌邪薪懈械	0.000282	0.116534	0.000033
褋芯褔薪邪褟	0.000282	2.302585	0.000649
褋芯褔薪芯械	0.000282	0.116534	0.000033
褋锌邪谢褜薪褟屑懈	0.000282	0.446287	0.000126
褋锌邪褉卸邪	0.000563	3.506558	0.001976
褋锌邪褉卸褍	0.000282	3.912023	0.001102
褋锌械褑懈邪谢褜薪芯械	0.000282	0.116534	0.000033
褋锌械褑懈懈	0.001408	0.105361	0.000148
褋锌械褑锌褉芯械泻褌	0.009296	0.116534	0.001083
褋锌懈褋泻械	0.000282	4.605170	0.001297
褋锌懈褋芯泻	0.000282	0.116534	0.000033
褋锌芯褋芯斜邪屑懈	0.000282	4.605170	0.001297
褋锌芯褋芯斜褍	0.000282	3.506558	0.000988
褋锌芯褞	0.000282	0.116534	0.000033
褋褉邪蟹褍	0.000282	0.733969	0.000207
褋褉械写懈蟹械屑薪芯屑芯褉褋泻邪褟	0.000282	0.127833	0.000036
褋褌邪谢芯	0.000282	2.995732	0.000844
褋褌邪褉褘械	0.000282	0.261365	0.000074
褋褌邪褌褜	0.000282	1.966113	0.000554
褋褌邪褌褜褟褏	0.000282	0.061875	0.000017
褋褌械锌械薪懈	0.000282	4.605170	0.001297
褋褌懈谢械	0.000282	0.116534	0.000033
褋褌懈谢褟	0.000282	0.116534	0.000033
褋褌芯谢	0.000563	0.105361	0.000059
褋褌芯谢邪	0.001690	0.116534	0.000197
褋褌芯褉芯薪薪懈泻芯胁	0.000282	4.605170	0.001297
褋褌芯褉芯薪褍	0.000282	2.813411	0.000793
褋褌褉芯懈褌械谢褜褋褌胁械	0.000282	0.040822	0.000011
褋褌褉芯懈褌械谢褜褋褌胁褍	0.000282	0.040822	0.000011
褋褌褉芯懈褌褜	0.000282	0.040822	0.000011
褋褌褉芯泄薪芯泄	0.000282	0.116534	0.000033
褋褌褉褍褔泻芯胁邪褟	0.000563	3.506558	0.001976
褋褍斜锌褉芯写褍泻褌芯胁	0.001972	0.116534	0.000230
褋褍斜锌褉芯写褍泻褌褘	0.000845	0.116534	0.000098
褋褍锌	0.002535	0.040822	0.000103
褋褍锌邪	0.000282	0.040822	0.000011
褋褍锌褘	0.002535	0.040822	0.000103
褋褍褎谢械	0.000845	0.040822	0.000034
褋褍褏邪褉懈	0.000845	0.040822	0.000034
褋褍褕懈	0.000563	0.040822	0.000023
褋褍褖械褋褌胁褍械褌	0.000282	2.659260	0.000749
褋褎芯褌芯谐褉邪褎懈褉芯胁邪褌褜	0.000282	4.605170	0.001297
褋褕邪	0.000282	2.813411	0.000793
褋褘薪芯屑	0.000282	4.605170	0.001297
褋褘褉	0.003099	0.040822	0.000126
褋褘褉邪	0.001972	0.116534	0.000230
褋褘褉邪屑懈	0.000282	0.127833	0.000036
褋褘褉薪懈泻	0.000282	0.040822	0.000011
褋褘褉薪懈泻懈	0.000563	0.116534	0.000066
褋褘褉薪褘械	0.001127	0.040822	0.000046
褋褘褉芯屑	0.000282	0.713350	0.000201
褋褘褌薪褘泄	0.000563	0.105361	0.000059
褋褘褔褍卸薪褘屑懈	0.000282	0.127833	0.000036
褋褝薪写胁懈褔懈	0.000282	0.127833	0.000036
褋褞褉锌褉懈蟹	0.000282	0.116534	0.000033
褌邪写卸懈泻褋泻邪褟	0.000282	0.116534	0.000033
褌邪泄褋泻邪褟	0.000282	0.116534	0.000033
褌邪泻懈	0.000282	1.237874	0.000349
褌邪泻褍褞	0.000282	1.427116	0.000402
褌邪褉械谢泻懈	0.000282	2.995732	0.000844
褌邪褉褌	0.000282	0.116534	0.000033
褌邪褉褌邪谢械褌泻懈	0.000563	0.040822	0.000023
褌邪褌邪褉褋泻邪褟	0.000282	0.116534	0.000033
褌胁芯懈	0.000563	0.116534	0.000066
褌胁芯褉械薪懈泄	0.000282	4.605170	0.001297
褌胁芯褉懈	0.000282	0.116534	0.000033
褌胁芯褉芯谐	0.000563	0.040822	0.000023
褌胁芯褉芯谐芯屑	0.000282	0.105361	0.000030
褌胁芯褉芯卸薪芯械	0.000282	0.116534	0.000033
褌胁芯褉芯卸薪褘械	0.000563	0.116534	0.000066
褌胁芯褉芯卸薪褘泄	0.000282	0.116534	0.000033
褌械谢械谐褉邪屑	0.000282	0.040822	0.000011
褌械谢褟褌懈薪褘	0.001127	0.116534	0.000131
褌械屑邪	0.000282	3.912023	0.001102
褌械屑械	0.000282	3.912023	0.001102
褌械锌谢芯屑	0.000282	0.116534	0.000033
褌械褉褉懈薪	0.000282	0.040822	0.000011
褌械褋褌	0.001408	0.127833	0.000180
褌械褋褌邪	0.001408	0.105361	0.000148
褌械褋褌芯	0.003099	0.040822	0.000126
褌械褏	0.000282	0.634878	0.000179
褌械褏薪懈泻邪	0.001408	0.105361	0.000148
褌械褖懈薪	0.000282	0.040822	0.000011
褌屑	0.001127	0.127833	0.000144
褌芯屑邪	0.000282	4.605170	0.001297
褌芯屑邪褌薪邪褟	0.000563	1.560648	0.000879
褌芯屑邪褌薪芯械	0.000563	4.605170	0.002594
褌芯屑邪褌褘	0.001127	2.302585	0.002594
褌芯薪泻懈屑懈	0.000282	2.659260	0.000749
褌芯锌谢械薪芯械	0.000282	0.116534	0.000033
褌芯褉褌	0.003099	0.040822	0.000126
褌芯褉褌褘	0.002535	0.116534	0.000295
褌芯褔薪械械	0.000282	3.218876	0.000907
褌褉邪胁褘	0.000282	0.105361	0.000030
褌褉邪写懈褑懈懈	0.000282	0.116534	0.000033
褌褉邪写懈褑懈泄	0.001127	0.116534	0.000131
褌褉邪写懈褑懈褟褏	0.000282	0.116534	0.000033
褌褉械褏谢械褌懈械屑	0.000282	0.116534	0.000033
褌褉芯褎械泄薪褘褏	0.000282	4.605170	0.001297
褌褉褍斜芯褔泻懈	0.000282	0.040822	0.000011
褌褉褍写薪芯	0.000282	2.040221	0.000575
褌褍薪懈褋褋泻邪褟	0.000282	0.116534	0.000033
褌褍薪褑芯屑	0.000282	0.116534	0.000033
褌褍褉械褑泻邪褟	0.000282	0.116534	0.000033
褌褍褕械薪褘械	0.000282	3.506558	0.000988
褌褘泻胁邪	0.000282	0.040822	0.000011
褍胁械写芯屑谢械薪懈褟	0.000282	0.040822	0.000011
褍谐芯褋褌懈褌褜	0.000282	2.407946	0.000678
褍写邪褔薪邪褟	0.000282	0.116534	0.000033
褍写懈胁懈	0.000282	0.116534	0.000033
褍写懈胁谢褟泄褌械	0.001127	0.116534	0.000131
褍写芯胁芯谢褜褋褌胁懈械屑	0.000563	0.116534	0.000066
褍卸	0.000282	0.693147	0.000195
褍卸懈薪	0.002535	0.094311	0.000239
褍卸懈薪邪	0.000282	2.207275	0.000622
褍卸懈薪芯屑	0.000282	2.659260	0.000749
褍蟹斜械泻褋泻邪褟	0.000282	0.116534	0.000033
褍泻褉邪懈薪褋泻邪褟	0.000282	0.116534	0.000033
褍泻褉邪褕械薪懈褟	0.002254	0.116534	0.000263
褍泻褋褍褋	0.000845	0.634878	0.000537
褍锌邪泻芯胁泻械	0.000282	4.605170	0.001297
褍锌芯褌褉械斜谢械薪懈械屑	0.000282	0.116534	0.000033
褍褉邪谢褜褋泻邪褟	0.000282	0.116534	0.000033
褍褉芯卸邪泄	0.000282	0.105361	0.000030
褍褌泻懈	0.000845	0.116534	0.000098
褍褌褉械薪薪褟褟	0.000282	4.605170	0.001297
褍褏邪	0.000282	0.040822	0.000011
褍褔邪褋褌胁芯胁邪褌褜	0.000282	0.040822	0.000011
褎邪蟹械薪写褘	0.000282	0.127833	0.000036
褎邪泻褌懈褔械褋泻懈	0.000282	3.912023	0.001102
褎邪薪褌邪蟹懈懈	0.001690	0.116534	0.000197
褎邪薪褌邪蟹懈泄	0.000282	0.116534	0.000033
褎邪薪褌邪蟹懈褟	0.000282	0.116534	0.000033
褎邪褉褕邪	0.003662	0.040822	0.000149
褎邪褉褕懈褉芯胁邪薪薪邪褟	0.000563	0.116534	0.000066
褎邪褉褕懈褉芯胁邪薪薪芯械	0.000282	0.116534	0.000033
褎邪褉褕懈褉芯胁邪薪薪褘械	0.001408	0.040822	0.000057
褎邪褉褕懈褉芯胁邪薪薪褘泄	0.000282	0.040822	0.000011
褎邪褋芯谢褜	0.000845	0.040822	0.000034
褎械胁褉邪谢褟	0.000563	0.105361	0.000059
褎械泄械褉胁械褉泻	0.000563	0.116534	0.000066
褎械薪芯屑械薪褍	0.000282	4.605170	0.001297
褎懈谐褍褉械	0.000282	0.116534	0.000033
褎懈写褝褍邪	0.000282	4.605170	0.001297
褎懈薪褋泻邪褟	0.000282	0.116534	0.000033
褎懈褉屑械薪薪芯械	0.000282	0.116534	0.000033
褎芯薪写褞	0.000282	0.040822	0.000011
褎芯褉屑褘	0.000282	0.116534	0.000033
褎芯褉褍屑械	0.000563	0.040822	0.000023
褎芯褉褕屑邪泻	0.000282	0.040822	0.000011
褎褉邪薪褑懈懈	0.000563	0.116534	0.000066
褎褉邪薪褑褍蟹褋泻邪褟	0.000282	0.116534	0.000033
褎褉邪薪褑褍蟹褋泻懈泄	0.000282	2.995732	0.000844
褎褉邪薪褑褍蟹褋泻芯谐芯	0.000282	2.659260	0.000749
褎褉邪褍	0.001127	0.116534	0.000131
褎褉懈褌褞褉械	0.000282	2.995732	0.000844
褎褉褍泻褌芯胁	0.001127	0.116534	0.000131
褎褉褍泻褌芯胁芯	0.000282	0.116534	0.000033
褎褉褍泻褌芯胁褘械	0.001972	0.040822	0.000080
褎褍写	0.000282	0.116534	0.000033
褎褍褉褕械褌	0.000282	0.116534	0.000033
褏邪谢胁邪	0.000282	0.040822	0.000011
褏邪褉胁械褋褌褎械褋褌	0.000563	0.116534	0.000066
褏邪褉褔芯	0.000563	0.040822	0.000023
褏邪褕	0.000282	0.040822	0.000011
褏胁芯褉芯褋褌	0.000282	0.040822	0.000011
褏懈薪泻邪谢懈	0.000282	0.116534	0.000033
褏懈褌	0.001972	0.116534	0.000230
褏谢械斜	0.001408	0.040822	0.000057
褏谢械斜芯锌械褔泻懈	0.000282	0.116534	0.000033
褏谢芯锌褜褟	0.000563	0.105361	0.000059
褏芯蟹褟泄泻懈	0.000282	0.127833	0.000036
褏芯谢芯写械褑	0.000282	0.040822	0.000011
褏芯谢芯写薪褘械	0.000563	0.116534	0.000066
褏芯谢芯写薪褘泄	0.000563	0.116534	0.000066
褏芯褉胁邪褌褋泻邪褟	0.000282	0.116534	0.000033
褏芯褉芯褕芯	0.001408	0.105361	0.000148
褏芯褉褋	0.000282	0.116534	0.000033
褏芯褌械谢芯褋褜	0.000282	2.407946	0.000678
褏芯褌懈褌械	0.000282	0.040822	0.000011
褏芯褔械褌	0.000282	2.040221	0.000575
褏芯褔械褌褋褟	0.000282	1.469676	0.000414
褏芯褔褍	0.000282	0.562119	0.000158
褏褍屑褍褋	0.000282	0.040822	0.000011
褑邪褉褋褌胁芯	0.000282	0.127833	0.000036
褑邪褉褜	0.000282	0.116534	0.000033
褑胁械褌薪邪褟	0.000282	0.040822	0.000011
褑胁械褌褘	0.000282	3.506558	0.000988
褑械谢褘泄	0.000282	2.995732	0.000844
褑械薪薪褘褏	0.000282	0.040822	0.000011
褑械薪褌褉	0.000282	0.116534	0.000033
褔邪械屑	0.000282	0.116534	0.000033
褔邪泄	0.000845	0.040822	0.000034
褔邪褋褌芯	0.000282	0.994252	0.000280
褔械斜褍褉械泻懈	0.000563	0.040822	0.000023
褔械屑	0.000282	0.994252	0.000280
褔械褉泻懈蟹芯胁芯	0.000563	0.116534	0.000066
褔械褉薪褘械	0.000563	3.506558	0.001976
褔械褉薪褘泄	0.002817	0.371064	0.001045
褔械褉褉懈	0.000563	2.040221	0.001149
褔械褉褌芯锌芯谢芯褏邪	0.000282	4.605170	0.001297
褔械褋薪芯泻	0.002817	0.314711	0.000887
褔械褋褌薪褘屑懈	0.000282	0.040822	0.000011
褔械褌褘褉械	0.000282	2.995732	0.000844
褔械褔械胁懈褑邪	0.000282	0.040822	0.000011
褔械褕褋泻邪褟	0.000282	0.116534	0.000033
褔懈蟹泻械泄泻	0.001127	0.040822	0.000046
褔懈谢懈泄褋泻邪褟	0.000282	0.116534	0.000033
褔懈锌褋褘	0.000282	0.040822	0.000011
褔懈褋谢褍	0.000282	0.261365	0.000074
褔褍写械褋	0.000282	0.116534	0.000033
褔褍写芯	0.000282	1.309333	0.000369
褕邪屑锌懈薪褜芯薪褘	0.000563	1.309333	0.000738
褕邪褉懈泻懈	0.000282	0.040822	0.000011
褕邪褉谢芯褌泻邪	0.000282	0.040822	0.000011
褕邪褉谢芯褌泻懈	0.000282	0.127833	0.000036
褕邪褉屑	0.000282	0.116534	0.000033
褕邪褕谢褘泻	0.003380	0.040822	0.000138
褕邪褕谢褘泻懈	0.000282	0.040822	0.000011
褕胁械写褋泻邪褟	0.000282	0.116534	0.000033
褕胁械泄褑邪褉褋泻邪褟	0.000282	0.116534	0.000033
褕械写械胁褉褘	0.000282	0.116534	0.000033
褕械褎	0.000282	0.127833	0.000036
褕懈锌褍褔泻邪	0.000282	0.040822	0.000011
褕懈褉芯泻邪褟	0.000282	0.127833	0.000036
褕泻芯谢褍	0.000282	0.116534	0.000033
褕芯泻芯谢邪写	0.000282	0.040822	0.000011
褕芯褌谢邪薪写褋泻邪褟	0.000282	0.116534	0.000033
褕褌褉褍写械谢褜	0.000282	0.040822	0.000011
褕褍褉锌邪	0.000282	0.040822	0.000011
褖邪褋	0.000282	0.116534	0.000033
褖械写褉邪褟	0.000282	0.116534	0.000033
褖懈	0.000563	0.040822	0.000023
褝泻芯屑懈谢泻	0.000282	0.127833	0.000036
褝泻褋锌械褉懈屑械薪褌懈褉褍褞	0.000282	3.912023	0.001102
褝褋褌芯薪褋泻邪褟	0.000282	0.116534	0.000033
褝褌芯谐芯	0.000282	0.415515	0.000117
褝褌芯泄	0.000282	1.427116	0.000402
褝褌芯屑褍	0.000563	1.272966	0.000717
褞谐芯褋谢邪胁褋泻邪褟	0.000282	0.116534	0.000033
褟谐芯写薪褘械	0.000563	0.116534	0.000066
褟谐芯写薪褘泄	0.000563	0.116534	0.000066
褟蟹褘泻	0.000282	0.040822	0.000011
褟懈褑	0.001127	0.116534	0.000131
褟懈褔薪懈褑邪	0.000282	2.995732	0.000844
褟泄褑邪	0.000282	0.040822	0.000011
褟泄褑芯	0.001690	0.261365	0.000442
褟薪胁邪褉褟	0.000845	0.733969	0.000620
褟薪写械泻褋	0.000282	0.072571	0.000020
褟锌芯薪褋泻邪褟	0.000282	0.116534	0.000033
褟锌芯薪褋泻芯泄	0.000282	0.061875	0.000017
褟褉泻懈械	0.000282	0.116534	0.000033
褟褉泻芯	0.000282	0.105361	0.000030
