褌芯泻械薪	TF	IDF	TF-IDF
邪斜斜邪褌褋褌胁邪	0.000562	4.605170	0.002589
邪斜褏邪蟹褋泻邪褟	0.000281	0.116534	0.000033
邪胁谐褍褋褌邪	0.000562	0.867501	0.000488
邪胁褋褌褉邪谢懈泄褋泻邪褟	0.000281	0.116534	0.000033
邪胁褋褌褉懈泄褋泻邪褟	0.000281	0.116534	0.000033
邪胁褌芯泻谢邪胁邪	0.000281	0.116534	0.000033
邪胁褌芯褉邪	0.000281	2.407946	0.000677
邪胁褌芯褉邪屑	0.000281	0.040822	0.000011
邪谐褉芯	0.000281	0.116534	0.000033
邪写卸懈泻邪	0.000281	0.040822	0.000011
邪蟹械褉斜邪泄写卸邪薪褋泻邪褟	0.000281	0.116534	0.000033
邪蟹懈邪褌褋泻邪褟	0.000281	0.127833	0.000036
邪蟹褘	0.000281	0.127833	0.000036
邪泄褉邪薪	0.000281	0.040822	0.000011
邪泻胁邪褌懈泻邪	0.000843	0.127833	0.000108
邪泻褉芯薪	0.000281	4.605170	0.001295
邪谢械泻褋械褟	0.000281	0.127833	0.000036
邪谢懈谐芯	0.000843	4.605170	0.003884
邪谢泻芯谐芯谢褜	0.000562	0.116534	0.000066
邪谢泻芯谐芯谢褜薪褘械	0.000281	0.116534	0.000033
邪谢泻芯谐芯谢褟	0.000281	0.116534	0.000033
邪谢褜褟薪褋	0.000281	0.116534	0.000033
邪屑械褉懈泻邪薪褋泻邪褟	0.000281	0.116534	0.000033
邪薪邪褋褌邪褋懈懈	0.000281	4.605170	0.001295
邪薪谐谢懈泄褋泻邪褟	0.000281	0.116534	0.000033
邪薪写褉械褟	0.000281	0.127833	0.000036
邪褉邪斜褋泻邪褟	0.000281	0.116534	0.000033
邪褉谐械薪褌懈薪褋泻邪褟	0.000281	0.116534	0.000033
邪褉屑褟薪褋泻邪褟	0.000281	0.116534	0.000033
邪褉芯屑邪褌薪芯	0.000281	2.659260	0.000748
邪褉芯屑邪褌薪褍褞	0.000281	3.506558	0.000986
邪褉褏懈胁邪	0.000281	4.605170	0.001295
邪褋褋芯褉褌懈	0.000562	0.116534	0.000066
邪褌谢邪薪褌	0.000281	0.127833	0.000036
邪褎谐邪薪褋泻邪褟	0.000281	0.116534	0.000033
邪褎褉懈泻邪薪褋泻邪褟	0.000281	0.116534	0.000033
邪褝褉芯谐褉懈谢械	0.002811	0.116534	0.000328
斜邪蟹懈谢懈泻	0.001687	1.609438	0.002715
斜邪泻谢邪卸邪薪	0.000562	2.207275	0.001241
斜邪泻谢邪卸邪薪褘	0.000281	0.040822	0.000011
斜邪谢褌泻芯屑	0.000281	0.127833	0.000036
斜邪褉邪薪懈薪褘	0.001125	0.116534	0.000131
斜邪褋屑邪褌懈	0.000562	0.127833	0.000072
斜邪褋褌褍褉屑邪	0.000281	0.040822	0.000011
斜邪褌芯薪褔懈泻懈	0.000281	0.127833	0.000036
斜邪褕泻懈褉褋泻邪褟	0.000281	0.116534	0.000033
斜械蟹邪谢泻芯谐芯谢褜薪褘械	0.000281	0.116534	0.000033
斜械蟹谐谢褞褌械薪芯胁褘械	0.000281	0.116534	0.000033
斜械蟹械	0.001125	0.040822	0.000046
斜械蟹褍屑懈褟	0.000281	4.605170	0.001295
斜械泻芯薪	0.000562	1.966113	0.001105
斜械泻芯薪芯屑	0.000281	2.995732	0.000842
斜械谢械斜械械胁褋泻懈泄	0.000562	0.116534	0.000066
斜械谢芯褉褍褋褋泻邪褟	0.000281	0.116534	0.000033
斜械谢褜谐懈泄褋泻邪褟	0.000281	0.116534	0.000033
斜械褉械屑械薪薪褘褏	0.000281	0.116534	0.000033
斜械褋械写懈薪邪	0.000281	0.127833	0.000036
斜懈褋泻胁懈褌	0.000281	0.040822	0.000011
斜懈褋泻胁懈褌薪芯械	0.000562	0.116534	0.000066
斜懈褋泻胁懈褌薪褘泄	0.000281	0.105361	0.000030
斜懈褋泻胁懈褌褘	0.000281	0.127833	0.000036
斜谢邪褌褍	0.000281	3.506558	0.000986
斜谢懈卸械	0.000281	0.116534	0.000033
斜谢懈蟹泻懈褏	0.000281	0.116534	0.000033
斜谢懈薪芯胁	0.000562	0.116534	0.000066
斜谢懈薪褘	0.001125	0.040822	0.000046
斜谢褞写	0.000562	0.094311	0.000053
斜谢褞写邪	0.031206	0.040822	0.001274
斜谢褞写芯	0.002530	0.040822	0.000103
斜谢褞写褍	0.000281	0.116534	0.000033
斜芯斜芯胁褘械	0.000562	0.127833	0.000072
斜芯斜芯胁褘褏	0.001968	0.116534	0.000229
斜芯谢谐邪褉褋泻邪褟	0.000281	0.116534	0.000033
斜芯谢谐邪褉褋泻懈泄	0.001687	0.843970	0.001424
斜芯谢褜褕械	0.000562	0.105361	0.000059
斜芯谢褜褕懈屑	0.000281	3.218876	0.000905
斜芯屑斜邪	0.000281	3.506558	0.000986
斜芯褉褖	0.000562	0.040822	0.000023
斜芯褌胁懈薪褜褟	0.000281	0.040822	0.000011
斜褉邪蟹懈谢褜褋泻邪褟	0.000281	0.116534	0.000033
斜褉邪褌	0.000281	3.912023	0.001100
斜褉邪褌褜	0.000281	2.659260	0.000748
斜褉邪褍蟹械褉械	0.000281	0.040822	0.000011
斜褉邪褍薪懈	0.000281	0.040822	0.000011
斜褉械褋褌	0.000281	0.127833	0.000036
斜褉芯泻泻芯谢懈	0.000281	0.040822	0.000011
斜褍写薪懈	0.000281	3.506558	0.000986
斜褍写褍	0.000281	1.427116	0.000401
斜褍卸械薪懈薪邪	0.000281	0.040822	0.000011
斜褍谢芯褔泻邪屑懈	0.000281	0.116534	0.000033
斜褍谢芯褔泻懈	0.000562	0.040822	0.000023
斜褍谢褜芯薪	0.001968	0.040822	0.000080
斜褍谢褜芯薪褘	0.001125	0.116534	0.000131
斜褍褉谐械褉	0.000281	0.040822	0.000011
斜褍褉谐械褉褘	0.000281	0.127833	0.000036
斜褍褉褟褌褋泻邪褟	0.000281	0.116534	0.000033
斜褍褌械褉斜褉芯写	0.000562	0.116534	0.000066
斜褍褌械褉斜褉芯写褘	0.000562	0.040822	0.000023
斜褘褋褌褉芯	0.000843	0.094311	0.000080
斜褘褋褌褉芯械	0.000281	2.525729	0.000710
斜褘褋褌褉芯泄	0.000281	0.116534	0.000033
斜褘褋褌褉褘泄	0.000562	0.105361	0.000059
胁邪卸薪褘械	0.000562	0.116534	0.000066
胁邪谢谢懈泄褋泻邪褟	0.000281	0.116534	0.000033
胁邪褉械薪懈泻懈	0.000281	0.116534	0.000033
胁邪褉械薪褜械	0.000562	0.040822	0.000023
胁邪褉懈邪薪褌	0.000281	0.562119	0.000158
胁邪褌褉褍褕泻懈	0.000281	0.040822	0.000011
胁邪褎谢懈	0.000562	0.040822	0.000023
胁邪褕	0.000281	1.309333	0.000368
胁邪褕邪	0.000281	4.605170	0.001295
胁邪褕械泄	0.000562	0.040822	0.000023
胁胁芯写褟	0.000281	0.040822	0.000011
胁写芯褏薪芯胁械薪懈械	0.001125	0.116534	0.000131
胁写芯褏薪芯胁械薪懈械屑	0.000562	0.116534	0.000066
胁写芯褏薪芯胁谢褟泄褋褟	0.000281	0.116534	0.000033
胁械谐械褌邪褉懈邪薪褋泻懈械	0.000281	0.127833	0.000036
胁械谐械褌邪褉懈邪薪褋泻芯械	0.000281	0.116534	0.000033
胁械谢懈泻懈泄	0.000281	0.116534	0.000033
胁械谢懈泻芯谐芯	0.000281	3.218876	0.000905
胁械薪谐械褉褋泻邪褟	0.000281	0.116534	0.000033
胁械薪械褉懈泻	0.000843	2.120264	0.001788
胁械褋械薪薪懈械	0.000281	0.051293	0.000014
胁械褋薪邪	0.001406	0.116534	0.000164
胁械褋薪褘	0.000281	0.116534	0.000033
胁械褌褔懈薪邪	0.000562	1.469676	0.000826
胁械褌褔懈薪褘	0.000281	0.105361	0.000030
胁械褔薪芯屑	0.000281	4.605170	0.001295
胁蟹褉芯褋谢褘屑	0.000281	3.912023	0.001100
胁懈写械	0.000281	1.171183	0.000329
胁懈写械芯	0.000562	0.116534	0.000066
胁懈写械芯褉械褑械锌褌褘	0.000281	0.301105	0.000085
胁懈薪芯	0.000562	0.040822	0.000023
胁泻谢褞褔邪褞褖懈褏	0.000281	0.634878	0.000178
胁泻褍褋	0.000843	0.105361	0.000089
胁泻褍褋邪	0.002249	0.116534	0.000262
胁泻褍褋薪邪褟	0.001406	0.061875	0.000087
胁泻褍褋薪械械	0.000562	0.116534	0.000066
胁泻褍褋薪械泄	0.000281	0.116534	0.000033
胁泻褍褋薪芯	0.002249	0.094311	0.000212
胁泻褍褋薪芯谐芯	0.000281	2.207275	0.000621
胁泻褍褋薪芯械	0.000843	0.994252	0.000839
胁泻褍褋薪芯泄	0.000281	1.609438	0.000452
胁泻褍褋薪褍褞	0.000281	2.207275	0.000621
胁泻褍褋薪褘械	0.000562	0.105361	0.000059
胁泻褍褋薪褘泄	0.000281	0.385662	0.000108
胁泻褍褋芯屑	0.000562	0.105361	0.000059
胁泻褍褋褍	0.000562	1.272966	0.000716
胁谢褞斜谢械薪薪褘褏	0.000281	0.116534	0.000033
胁薪邪褔邪谢械	0.001125	0.248461	0.000279
胁芯	0.001687	0.061875	0.000104
胁芯写邪	0.001687	0.287682	0.000485
胁芯写械	0.000281	0.105361	0.000030
胁芯泄褌懈	0.000281	0.000000	0.000000
胁芯谢芯胁邪薪褘	0.000281	0.116534	0.000033
胁芯谢褕械斜薪褘械	0.000281	0.116534	0.000033
胁芯谢褕械斜褋褌胁芯	0.000281	0.116534	0.000033
胁芯锌褉芯褋褘	0.000281	0.000000	0.000000
胁芯褋锌芯谢褜蟹芯胁邪褌褜褋褟	0.000281	3.506558	0.000986
胁芯褋褌芯褔薪邪褟	0.000281	0.127833	0.000036
胁锌械褔邪褌谢械薪懈械屑	0.000281	4.605170	0.001295
胁褉械屑械薪邪	0.000562	0.116534	0.000066
胁褉械屑械薪械屑	0.001687	0.116534	0.000197
胁褉械屑械薪懈	0.000281	0.967584	0.000272
胁褋械谐芯	0.000281	0.186330	0.000052
胁褋械泄	0.000843	0.105361	0.000089
胁褋械屑褍	0.000281	0.061875	0.000017
胁褋锌芯屑薪懈褌褜	0.000281	0.040822	0.000011
胁褋褌褉械褌懈谢邪	0.000281	4.605170	0.001295
胁褌芯褉芯械	0.000281	0.116534	0.000033
胁褌芯褉褘械	0.000281	0.127833	0.000036
胁褌芯褉褘褏	0.000281	2.407946	0.000677
胁褏芯写	0.000843	0.030459	0.000026
胁褘斜褉邪褋褘胁邪褌褜	0.000281	3.912023	0.001100
胁褘卸懈胁褕懈械	0.000281	4.605170	0.001295
胁褘泄褌懈	0.000281	0.040822	0.000011
胁褘泻谢邪写褘胁邪褞	0.000281	2.407946	0.000677
胁褘锌械褔泻邪	0.005904	0.040822	0.000241
胁褘锌械褔泻懈	0.000562	0.072571	0.000041
胁褘锌械褔泻芯泄	0.000281	0.116534	0.000033
胁褘褉褍褔邪谢芯褔泻邪	0.000281	1.560648	0.000439
胁褘褏芯写薪褘屑	0.000281	4.605170	0.001295
胁褜械褌薪邪屑褋泻邪褟	0.000281	0.116534	0.000033
胁褟谢械薪褘械	0.000562	2.995732	0.001684
谐邪胁邪泄褋泻邪褟	0.000281	0.116534	0.000033
谐邪褉薪懈褉	0.001406	0.040822	0.000057
谐邪褋锌邪褔芯	0.000281	0.040822	0.000011
谐械薪懈邪谢褜薪褘械	0.000281	4.605170	0.001295
谐械芯谐褉邪褎懈褟	0.000281	0.116534	0.000033
谐懈斜械谢褜	0.000281	4.605170	0.001295
谐谢邪胁薪芯械	0.000562	1.139434	0.000641
谐谢邪胁薪褘泄	0.000281	0.040822	0.000011
谐谢邪蟹褍褉褜	0.000843	0.040822	0.000034
谐谢懈薪褌胁械泄薪	0.000281	0.040822	0.000011
谐谢褍斜懈薪泻械	0.000281	4.605170	0.001295
谐芯胁褟写懈薪褘	0.001125	0.116534	0.000131
谐芯写	0.002530	0.105361	0.000267
谐芯写邪	0.004217	0.248461	0.001048
谐芯谢谢邪薪写褋泻邪褟	0.000281	0.116534	0.000033
谐芯谢谢邪薪写褋泻懈泄	0.000562	1.966113	0.001105
谐芯褉芯写邪	0.000281	0.116534	0.000033
谐芯褉芯褏	0.000281	0.116534	0.000033
谐芯褉褔懈褑邪	0.001125	0.040822	0.000046
谐芯褉褔懈褑邪屑懈	0.000281	0.127833	0.000036
谐芯褉褕芯褔泻邪褏	0.000281	0.105361	0.000030
谐芯褉褕芯褔泻械	0.000281	0.040822	0.000011
谐芯褉褟褔械械	0.000562	0.116534	0.000066
谐芯褉褟褔懈械	0.013213	0.105361	0.001392
谐芯褉褟褔懈泄	0.000562	0.116534	0.000066
谐芯褋褌懈	0.000281	0.116534	0.000033
谐芯褌芯胁	0.000281	2.207275	0.000621
谐芯褌芯胁懈谢邪	0.000281	0.733969	0.000206
谐芯褌芯胁懈屑	0.001687	0.094311	0.000159
谐芯褌芯胁懈褌褋褟	0.000843	0.478036	0.000403
谐芯褌芯胁懈褌褜	0.001406	0.105361	0.000148
谐芯褌芯胁谢褞	0.000281	1.049822	0.000295
谐芯褌芯胁褜	0.000562	0.116534	0.000066
谐芯褌芯胁褟褌	0.000281	0.116534	0.000033
谐褉械薪泻懈	0.000562	0.040822	0.000023
谐褉械褏	0.000281	4.605170	0.001295
谐褉械褔械褋泻邪褟	0.000281	0.116534	0.000033
谐褉械褔泻邪	0.000281	0.040822	0.000011
谐褉懈斜邪屑懈	0.001687	0.105361	0.000178
谐褉懈斜薪褘械	0.000562	0.040822	0.000023
谐褉懈斜芯胁	0.001125	0.116534	0.000131
谐褉懈斜褘	0.001406	0.040822	0.000057
谐褉懈谢械	0.001406	0.116534	0.000164
谐褉懈谢褜	0.000281	0.116534	0.000033
谐褉懈谢褜屑邪薪懈褟	0.000281	0.116534	0.000033
谐褉懈谢褟	0.001125	0.116534	0.000131
谐褉芯谐	0.000281	0.040822	0.000011
谐褉褍写泻懈	0.000281	2.525729	0.000710
谐褉褍写芯泻	0.000281	3.912023	0.001100
谐褉褍蟹懈薪褋泻邪褟	0.000281	0.116534	0.000033
谐褉褍锌锌褘	0.000281	0.061875	0.000017
谐褍褉屑邪薪懈褟	0.001687	0.116534	0.000197
谐褍褉屑械	0.000281	0.127833	0.000036
谐褍褋褟	0.000562	0.105361	0.000059
写邪胁邪褌褜	0.000281	3.218876	0.000905
写邪胁薪芯	0.000562	0.967584	0.000544
写邪械褌	0.000281	0.040822	0.000011
写邪薪薪褘械	0.000281	0.040822	0.000011
写邪褉褘	0.000281	0.116534	0.000033
写邪褌械	0.000562	0.248461	0.000140
写邪褌褋泻邪褟	0.000281	0.116534	0.000033
写邪褔薪芯械	0.000843	0.116534	0.000098
写胁邪	0.000281	1.171183	0.000329
写胁械褉懈	0.000281	4.605170	0.001295
写械谐褍褋褌邪褑懈械泄	0.000281	4.605170	0.001295
写械泻芯褉	0.000281	0.127833	0.000036
写械谢邪械褌	0.000562	0.116534	0.000066
写械谢邪褌褜	0.000281	1.386294	0.000390
写械谢邪褞	0.000281	1.386294	0.000390
写械谢懈屑褋褟	0.000281	0.040822	0.000011
写械谢芯屑	0.000281	0.116534	0.000033
写械薪褜	0.001406	0.083382	0.000117
写械褉卸邪褖懈褏	0.000281	4.605170	0.001295
写械褋械褉褌	0.000843	0.116534	0.000098
写械褋械褉褌邪褑懈褟	0.000281	0.116534	0.000033
写械褋械褉褌薪褘械	0.000281	0.116534	0.000033
写械褋械褉褌褘	0.003936	0.040822	0.000161
写械褌械泄	0.000281	0.116534	0.000033
写械褌懈褕泻邪屑	0.000281	3.912023	0.001100
写卸	0.000281	4.605170	0.001295
写卸械屑	0.000281	0.040822	0.000011
写蟹械薪	0.000281	0.116534	0.000033
写懈械褌邪	0.000281	0.116534	0.000033
写懈械褌褘	0.000562	0.116534	0.000066
写懈泻懈泄	0.000562	0.116534	0.000066
写懈泻芯谐芯	0.000281	0.116534	0.000033
写懈锌	0.000281	0.116534	0.000033
写懈褔懈	0.000562	0.116534	0.000066
写懈褔褜	0.000281	0.116534	0.000033
写薪械胁薪懈泻邪褏	0.000281	0.061875	0.000017
写薪械泄	0.000843	0.116534	0.000098
写薪褟	0.000281	0.040822	0.000011
写芯斜邪胁谢械薪懈褟屑	0.000281	0.274437	0.000077
写芯斜邪胁谢褟褌褜	0.000281	0.040822	0.000011
写芯斜邪胁褜	0.000281	0.116534	0.000033
写芯斜褉芯褎谢芯褌	0.000281	0.127833	0.000036
写芯胁械褉褟械褕褜	0.000281	0.116534	0.000033
写芯胁芯谢褜薪芯	0.000281	1.609438	0.000452
写芯谢谐芯	0.000281	1.514128	0.000426
写芯屑	0.002530	0.040822	0.000103
写芯屑邪褕薪械械	0.000843	0.040822	0.000034
写芯屑邪褕薪懈械	0.000562	0.040822	0.000023
写芯屑邪褕薪懈泄	0.001968	0.116534	0.000229
写芯屑邪褕薪褟褟	0.000562	0.105361	0.000059
写芯屑芯胁	0.000281	0.040822	0.000011
写芯褉芯谐褍	0.000281	2.995732	0.000842
写芯褋褌邪胁褕懈泄褋褟	0.000281	4.605170	0.001295
写芯褋褌懈卸械薪懈褟屑懈	0.000281	4.605170	0.001295
写褉邪泄胁	0.001406	0.127833	0.000180
写褉芯卸卸械胁芯械	0.000843	0.116534	0.000098
写褉芯卸卸懈	0.002811	0.941609	0.002647
写褉褍谐懈屑懈	0.000281	0.040822	0.000011
写褉褍谐芯谐芯	0.000281	2.813411	0.000791
写褉褍蟹械泄	0.000281	1.514128	0.000426
写褍褏芯胁泻邪	0.001125	0.127833	0.000144
写褍褏芯胁泻械	0.000281	0.867501	0.000244
写褍褕懈	0.000843	0.105361	0.000089
械胁褉械泄褋泻邪褟	0.000281	0.116534	0.000033
械谐懈锌械褌褋泻邪褟	0.000281	0.116534	0.000033
械写懈薪褘泄	0.000281	0.040822	0.000011
械泻芯	0.000281	0.127833	0.000036
卸邪谢褜	0.000281	3.218876	0.000905
卸邪褉泻芯械	0.000281	0.040822	0.000011
卸写邪褌褜	0.000281	3.912023	0.001100
卸械谢械	0.000843	0.040822	0.000034
卸械谢褌芯泻	0.000562	1.272966	0.000716
卸械薪褋泻邪褟	0.000281	0.127833	0.000036
卸械薪褋泻芯屑	0.000281	0.061875	0.000017
卸械薪褖懈薪褘	0.000562	0.116534	0.000066
卸械褋褌芯泻懈械	0.000281	4.605170	0.001295
卸懈蟹薪懈	0.000281	0.040822	0.000011
卸懈蟹薪褜	0.000281	0.116534	0.000033
卸褍谢褜械薪	0.000281	0.040822	0.000011
卸褍褉薪邪谢邪	0.000281	0.127833	0.000036
卸褞谢褜械薪	0.000281	0.040822	0.000011
蟹邪胁邪褉薪芯械	0.000281	0.116534	0.000033
蟹邪胁邪褉薪芯泄	0.000281	0.116534	0.000033
蟹邪胁褌褉邪泻	0.001968	0.094311	0.000186
蟹邪胁褌褉邪泻懈	0.000281	0.127833	0.000036
蟹邪谐芯褌芯胁泻懈	0.001125	0.040822	0.000046
蟹邪写邪胁邪褌褜	0.000281	0.040822	0.000011
蟹邪泄褑邪	0.000562	0.116534	0.000066
蟹邪泻胁邪褋泻邪	0.000281	0.040822	0.000011
蟹邪泻胁邪褋泻邪屑懈	0.000281	0.116534	0.000033
蟹邪泻胁邪褋芯泻	0.000281	0.127833	0.000036
蟹邪泻褉褘褌褘泄	0.000281	0.116534	0.000033
蟹邪泻褍褋泻懈	0.005060	0.040822	0.000207
蟹邪泻褍褋泻褍	0.000843	0.116534	0.000098
蟹邪泻褍褋芯薪褔懈泻	0.000281	0.116534	0.000033
蟹邪泻褍褋芯褔泻邪	0.000281	0.116534	0.000033
蟹邪泻褍褋芯褔薪褘械	0.002530	0.116534	0.000295
蟹邪谢懈胁薪芯械	0.000562	0.040822	0.000023
蟹邪屑械褉蟹褕懈械	0.000281	4.605170	0.001295
蟹邪屑械褋懈谢邪	0.000281	4.605170	0.001295
蟹邪屑械褔邪褌械谢褜薪褘泄	0.000281	1.514128	0.000426
蟹邪屑芯褉芯蟹泻邪	0.000281	0.105361	0.000030
蟹邪薪芯褋褘	0.000281	4.605170	0.001295
蟹邪芯写薪芯	0.000281	3.506558	0.000986
蟹邪锌邪写	0.000281	0.116534	0.000033
蟹邪锌械泻邪薪泻邪	0.001687	0.105361	0.000178
蟹邪锌械泻邪薪泻懈	0.002249	0.040822	0.000092
蟹邪锌械褔械薪薪褘褏	0.000281	4.605170	0.001295
蟹邪锌褉邪胁泻邪	0.000562	0.040822	0.000023
蟹邪褉械谐懈褋褌褉懈褉芯胁邪胁褕懈褋褜	0.000281	0.040822	0.000011
蟹邪褉械谐懈褋褌褉懈褉芯胁邪褌褜褋褟	0.000281	0.030459	0.000009
蟹邪褋芯谢泻邪	0.000281	0.116534	0.000033
蟹邪褋褌邪胁懈谢邪	0.000281	3.912023	0.001100
蟹胁邪薪褘泄	0.000281	0.127833	0.000036
蟹胁械蟹写邪	0.000281	0.127833	0.000036
蟹胁褢蟹写薪褘械	0.000281	0.116534	0.000033
蟹写芯褉芯胁芯械	0.000281	0.116534	0.000033
蟹写芯褉芯胁褘泄	0.000281	0.116534	0.000033
蟹械谢械薪褜	0.000843	0.094311	0.000080
蟹械褎懈褉	0.000281	0.040822	0.000011
蟹懈屑薪懈械	0.000281	0.051293	0.000014
蟹懈屑褍	0.001125	0.040822	0.000046
蟹芯谢芯褌邪褟	0.000281	0.116534	0.000033
懈邪泻芯胁邪	0.000281	4.605170	0.001295
懈胁邪薪芯胁邪	0.000281	0.127833	0.000036
懈写械邪谢褜薪邪褟	0.000281	0.116534	0.000033
懈写械邪谢褜薪芯谐芯	0.001406	0.116534	0.000164
懈写械邪谢褜薪芯械	0.000281	0.116534	0.000033
懈写械泄泻懈	0.000281	0.116534	0.000033
懈蟹写械谢懈褟	0.002249	0.116534	0.000262
懈蟹写械谢懈褟屑懈	0.000843	0.116534	0.000098
懈蟹屑褍褔械薪薪褘械	0.000281	4.605170	0.001295
懈蟹芯斜褉械褌械薪芯	0.000281	4.605170	0.001295
懈泻褉邪	0.000843	0.040822	0.000034
懈屑械薪械屑	0.000281	0.040822	0.000011
懈薪胁械褉褌芯褉薪芯泄	0.000281	0.127833	0.000036
懈薪谐褉械写懈械薪褌褘	0.008434	0.139262	0.001175
懈薪写械泄泻邪	0.000562	3.218876	0.001810
懈薪写械泄泻懈	0.002249	0.094311	0.000212
懈薪写械泄泻芯泄	0.000281	0.116534	0.000033
懈薪写懈泄褋泻邪褟	0.000281	0.116534	0.000033
懈薪写懈谢邪泄褌	0.000843	0.116534	0.000098
懈薪写懈褉械褋薪褘械	0.000281	0.116534	0.000033
懈薪褋褌褉褍泻褑懈褟屑懈	0.000281	0.040822	0.000011
懈薪褌械褉薪械褌邪	0.000281	1.771957	0.000498
懈薪褌械褉薪械褌械	0.000281	1.309333	0.000368
懈褉邪泻褋泻邪褟	0.000281	0.116534	0.000033
懈褉邪薪褋泻邪褟	0.000281	0.116534	0.000033
懈褉谢邪薪写褋泻邪褟	0.000281	0.116534	0.000033
懈褋泻褉械薪薪械	0.000281	0.116534	0.000033
懈褋谢邪薪写褋泻邪褟	0.000281	0.116534	0.000033
懈褋锌邪薪懈褞	0.000281	4.605170	0.001295
懈褋锌邪薪褋泻邪褟	0.000281	0.116534	0.000033
懈褋锌械泻懈	0.000281	0.116534	0.000033
懈褋锌褘褌邪薪懈褟	0.000281	4.605170	0.001295
懈褋褌芯褉懈懈	0.001406	0.116534	0.000164
懈褋褌芯褉懈褞	0.000281	0.116534	0.000033
懈褌邪泻	0.000281	1.609438	0.000452
懈褌邪谢懈懈	0.000562	0.105361	0.000059
懈褌邪谢褜褟薪褋泻邪褟	0.000281	0.116534	0.000033
懈褌邪谢褜褟薪褋泻懈泄	0.000281	2.995732	0.000842
懈褌邪谢褜褟薪褋泻芯泄	0.000281	3.506558	0.000986
懈褌邪谢褜褟薪褑褘	0.000281	3.218876	0.000905
懈褞谢褟	0.000281	0.597837	0.000168
泄芯谐褍褉褌	0.001406	0.040822	0.000057
泻邪斜邪褔泻懈	0.000281	0.040822	0.000011
泻邪斜邪褔芯泻	0.000562	1.771957	0.000996
泻邪胁泻邪蟹褋泻邪褟	0.000281	0.116534	0.000033
泻邪卸械褌褋褟	0.000281	1.714798	0.000482
泻邪蟹邪薪械	0.000281	0.116534	0.000033
泻邪蟹邪褏褋泻邪褟	0.000281	0.116534	0.000033
泻邪泻邪芯	0.000562	0.040822	0.000023
泻邪谢械泄写芯褋泻芯锌	0.001125	0.116534	0.000131
泻邪谢屑褘褑泻邪褟	0.000281	0.116534	0.000033
泻邪谢褜屑邪褉	0.000281	0.040822	0.000011
泻邪屑械褉邪	0.000281	0.116534	0.000033
泻邪薪邪写褋泻邪褟	0.000281	0.116534	0.000033
泻邪薪邪谢	0.000562	0.040822	0.000023
泻邪薪邪谢械	0.000281	0.040822	0.000011
泻邪薪邪锌械	0.000562	0.040822	0.000023
泻邪薪薪械谢谢芯薪懈	0.001125	3.912023	0.004399
泻邪锌械褉褋褘	0.000562	2.525729	0.001420
泻邪锌褍褋褌邪	0.000562	0.040822	0.000023
泻邪锌褍褋褌薪褟泻	0.000281	0.040822	0.000011
泻邪锌褍褋褌褘	0.000281	0.040822	0.000011
泻邪褉邪屑械谢褜	0.000281	0.040822	0.000011
泻邪褉泻邪褋薪褘泄	0.001125	0.116534	0.000131
泻邪褉褌芯褎械谢械屑	0.000562	2.813411	0.001582
泻邪褉褌芯褎械谢褜	0.001968	0.040822	0.000080
泻邪褉褌芯褎械谢褜薪芯	0.000281	2.995732	0.000842
泻邪褉褌芯褎械谢褜薪芯械	0.000281	0.040822	0.000011
泻邪褉褌芯褎械谢褜薪褘泄	0.000281	0.116534	0.000033
泻邪褉褌芯褕泻邪	0.000562	0.040822	0.000023
泻邪褌械谐芯褉懈懈	0.000281	0.116534	0.000033
泻邪褌械谐芯褉懈褟	0.004217	0.150823	0.000636
泻邪褔械褋褌胁芯	0.000281	0.116534	0.000033
泻邪褕邪	0.000281	0.040822	0.000011
泻邪褕懈	0.001406	0.105361	0.000148
泻邪褕褍	0.000281	0.094311	0.000027
泻胁邪褋	0.000843	0.040822	0.000034
泻胁邪褋薪芯械	0.000843	0.116534	0.000098
泻胁邪褋芯屑	0.000281	0.127833	0.000036
泻械泻褋	0.000281	0.040822	0.000011
泻械泻褋褘	0.000562	0.116534	0.000066
泻械褌褔褍锌	0.001125	1.560648	0.001755
泻械褎懈褉	0.000281	0.040822	0.000011
泻懈屑褔懈	0.000281	0.040822	0.000011
泻懈薪芯邪	0.000562	0.127833	0.000072
泻懈薪芯谢械薪褌邪	0.000281	0.116534	0.000033
泻懈褋械谢褜	0.000562	0.040822	0.000023
泻懈褌邪泄褋泻邪褟	0.000281	0.116534	0.000033
泻谢邪褋褋	0.002249	0.116534	0.000262
泻谢邪褋褋褘	0.000281	0.116534	0.000033
泻薪懈谐	0.000281	3.912023	0.001100
泻薪懈谐褍	0.000562	0.040822	0.000023
泻芯泻褌械泄谢懈	0.000281	0.127833	0.000036
泻芯泻褌械泄谢褜	0.001406	0.040822	0.000057
泻芯谢斜邪褋邪	0.000281	0.040822	0.000011
泻芯谢斜邪褋薪褘屑懈	0.000843	0.116534	0.000098
泻芯屑邪薪写邪	0.000562	0.127833	0.000072
泻芯屑懈	0.000281	0.116534	0.000033
泻芯屑屑械薪褌邪褉懈械胁	0.000281	0.223144	0.000063
泻芯屑锌邪薪懈泄	0.000281	0.105361	0.000030
泻芯屑锌芯薪械薪褌邪屑懈	0.000281	3.912023	0.001100
泻芯屑锌芯褌	0.000843	0.040822	0.000034
泻芯薪械褔薪芯	0.000281	0.527633	0.000148
泻芯薪懈薪褘	0.000281	0.116534	0.000033
泻芯薪泻褍褉褋	0.060163	0.105361	0.006339
泻芯薪泻褍褉褋邪	0.000281	0.116534	0.000033
泻芯薪泻褍褉褋邪褏	0.000281	0.040822	0.000011
泻芯薪泻褍褉褋薪褘械	0.000281	0.127833	0.000036
泻芯薪褋械褉胁懈褉芯胁邪薪懈械	0.000281	0.040822	0.000011
泻芯薪褋械褉胁懈褉芯胁邪薪薪邪褟	0.000281	0.116534	0.000033
泻芯薪褋械褉胁懈褉芯胁邪薪薪芯械	0.000281	0.116534	0.000033
泻芯薪褋械褉胁懈褉芯胁邪薪薪褘械	0.000562	0.116534	0.000066
泻芯薪褋械褉胁懈褉芯胁邪薪薪褘泄	0.000281	0.116534	0.000033
泻芯薪褎械褌褌懈	0.000281	0.116534	0.000033
泻芯薪褎械褌褘	0.000843	0.040822	0.000034
泻芯薪褎懈写械薪褑懈邪谢褜薪芯褋褌懈	0.000281	0.040822	0.000011
泻芯薪褎懈褌褞褉	0.000281	0.040822	0.000011
泻芯锌褔械薪芯褋褌褟屑懈	0.000281	0.116534	0.000033
泻芯褉械泄褋泻邪褟	0.000281	0.116534	0.000033
泻芯褉械泄褋泻懈	0.000281	0.040822	0.000011
泻芯褉卸懈泻懈	0.000281	0.040822	0.000011
泻芯褉屑褟褖懈褏	0.000281	0.116534	0.000033
泻芯褌谢械褌褘	0.000281	0.040822	0.000011
泻芯褌芯褉芯谐芯	0.000281	2.120264	0.000596
泻芯褌芯褉芯屑褍	0.000281	0.116534	0.000033
泻芯褎械	0.000843	0.040822	0.000034
泻褉邪褋泻懈	0.000281	0.116534	0.000033
泻褉邪褋薪褘泄	0.001125	1.171183	0.001317
泻褉械邪褌懈胁	0.000281	0.127833	0.000036
泻褉械屑	0.000281	0.040822	0.000011
泻褉械屑邪	0.000562	0.116534	0.000066
泻褉械锌泻懈泄	0.000281	0.116534	0.000033
泻褉芯谢懈泻邪	0.000562	0.116534	0.000066
泻褉芯屑械	0.000281	0.061875	0.000017
泻褉芯褏懈	0.000281	0.116534	0.000033
泻褉褍谐褍	0.000562	0.116534	0.000066
泻褉褍锌	0.001687	0.116534	0.000197
泻褉褍锌邪	0.000843	0.127833	0.000108
泻褉褍锌褘	0.000562	0.127833	0.000072
泻褉褍锌褟薪褘械	0.000281	0.116534	0.000033
泻褋褌邪褌懈	0.000281	1.237874	0.000348
泻褍斜懈薪褋泻邪褟	0.000281	0.116534	0.000033
泻褍谢械褕	0.000281	0.040822	0.000011
泻褍谢懈薪邪褉懈懈	0.000843	0.094311	0.000080
泻褍谢懈薪邪褉薪邪褟	0.000281	0.116534	0.000033
泻褍谢懈薪邪褉薪芯械	0.000281	0.116534	0.000033
泻褍谢懈薪邪褉薪褍褞	0.000562	0.040822	0.000023
泻褍谢懈薪邪褉薪褘泄	0.000281	0.072571	0.000020
泻褍谢懈薪邪褉薪褘褏	0.000281	0.116534	0.000033
泻褍谢懈薪邪褉褘	0.000281	3.912023	0.001100
泻褍谢懈褔	0.000281	0.040822	0.000011
泻褍谢懈褔懈	0.000281	0.116534	0.000033
泻褍褉写褋泻邪褟	0.000281	0.116534	0.000033
泻褍褉懈薪芯谐芯	0.000281	0.116534	0.000033
泻褍褉懈薪芯械	0.004498	0.127833	0.000575
泻褍褉懈薪褘械	0.000281	1.832581	0.000515
泻褍褉懈薪褘泄	0.000281	0.105361	0.000030
泻褍褉懈薪褘褏	0.000281	2.659260	0.000748
泻褍褉懈褑邪	0.000281	0.040822	0.000011
泻褍褉懈褑褘	0.001406	0.116534	0.000164
泻褍褉芯褔泻芯泄	0.000281	0.116534	0.000033
泻褍褋泻褍褋	0.000281	0.040822	0.000011
泻褍褏薪械泄	0.000281	0.040822	0.000011
泻褍褏薪懈	0.001125	0.040822	0.000046
泻褍褏薪褟	0.000843	0.116534	0.000098
谢邪胁邪褕	0.000562	0.040822	0.000023
谢邪胁邪褕邪	0.001125	0.116534	0.000131
谢邪谐屑邪薪	0.000281	0.040822	0.000011
谢邪泻芯屑褋褌胁芯	0.000281	0.116534	0.000033
谢邪锌褕邪	0.000562	0.040822	0.000023
谢邪褌懈薪褋泻芯谐芯	0.000281	3.912023	0.001100
谢邪褌褘褕褋泻邪褟	0.000281	0.116534	0.000033
谢械谐械薪写械	0.000281	2.207275	0.000621
谢械谐泻邪褟	0.000281	0.116534	0.000033
谢械谐泻懈泄	0.000843	0.116534	0.000098
谢械谐泻芯	0.001687	0.116534	0.000197
谢械谐泻芯械	0.000281	3.218876	0.000905
谢械锌械褕泻邪	0.000281	4.605170	0.001295
谢械锌械褕泻懈	0.000562	0.040822	0.000023
谢械褌邪	0.000281	0.116534	0.000033
谢械褌薪懈械	0.000281	0.040822	0.000011
谢械褌薪褟褟	0.000281	0.116534	0.000033
谢械褌芯	0.001406	0.116534	0.000164
谢械褔芯	0.000281	0.040822	0.000011
谢懈谐邪	0.000843	0.116534	0.000098
谢懈泻械褉	0.000281	0.040822	0.000011
谢懈屑芯薪邪写	0.000562	0.040822	0.000023
谢懈褌芯胁褋泻	0.000281	0.127833	0.000036
谢懈褌芯胁褋泻邪褟	0.000281	0.116534	0.000033
谢芯褋芯褋械屑	0.000281	3.506558	0.000986
谢芯褋芯褋褟	0.000281	4.605170	0.001295
谢褍泻	0.002811	0.301105	0.000847
谢褍褔褕懈械	0.000281	0.116534	0.000033
谢褍褔褕懈泄	0.000562	0.040822	0.000023
谢褍褔褕懈褏	0.000281	0.116534	0.000033
谢褞斜胁懈	0.000281	0.105361	0.000030
谢褞斜懈屑芯谐芯	0.000281	0.127833	0.000036
谢褞斜懈屑芯屑褍	0.000281	0.116534	0.000033
谢褞斜懈屑褘泄	0.000281	1.609438	0.000452
谢褞斜懈屑褘褏	0.001687	0.116534	0.000197
谢褞斜芯胁褜	0.000281	0.116534	0.000033
谢褞斜芯泄	0.000281	0.116534	0.000033
谢褞斜芯屑	0.000281	2.525729	0.000710
谢褢写	0.000281	0.127833	0.000036
屑邪谐褉懈斜邪	0.000281	0.116534	0.000033
屑邪泄	0.000281	0.116534	0.000033
屑邪泄芯薪械蟹	0.000843	0.116534	0.000098
屑邪泻邪褉芯薪薪褘械	0.000281	0.116534	0.000033
屑邪泻邪褉芯薪芯褎懈谢	0.000281	4.605170	0.001295
屑邪泻邪褉芯薪褘	0.000281	0.040822	0.000011
屑邪谢邪蟹懈泄褋泻邪褟	0.000281	0.116534	0.000033
屑邪谢械薪褜泻懈泄	0.000281	3.506558	0.000986
屑邪谢褘褕邪屑	0.000281	4.605170	0.001295
屑邪薪械褉	0.000281	3.506558	0.000986
屑邪薪薪邪褟	0.000562	1.609438	0.000905
屑邪薪薪懈泻	0.000281	0.040822	0.000011
屑邪薪褋邪褉写芯泄	0.000281	0.755023	0.000212
屑邪薪褌褘	0.000281	0.116534	0.000033
屑邪薪褢胁褉褘	0.000281	0.116534	0.000033
屑邪褉邪褎芯薪	0.000843	0.116534	0.000098
屑邪褉懈薪邪写	0.002530	0.040822	0.000103
屑邪褉懈薪邪写褘	0.000843	0.116534	0.000098
屑邪褉懈薪芯胁邪薪薪褘械	0.000281	0.116534	0.000033
屑邪褉屑械谢邪写	0.000281	0.040822	0.000011
屑邪褉芯泻泻邪薪褋泻邪褟	0.000281	0.116534	0.000033
屑邪褉褌邪	0.001687	0.105361	0.000178
屑邪褋泻邪褉锌芯薪械	0.000281	0.040822	0.000011
屑邪褋谢械薪懈褑邪	0.000843	0.040822	0.000034
屑邪褋谢械薪懈褔薪芯械	0.000281	0.116534	0.000033
屑邪褋谢懈薪褘	0.001687	1.966113	0.003316
屑邪褋谢芯	0.007028	0.116534	0.000819
屑邪褋谢芯屑	0.000281	0.116534	0.000033
屑邪褋褋褍	0.000281	2.407946	0.000677
屑邪褋褌械褉	0.002530	0.116534	0.000295
屑邪褋褌懈泻邪	0.000281	0.040822	0.000011
屑邪褋褌懈泻懈	0.000281	0.116534	0.000033
屑邪褎褎懈薪褘	0.000281	0.116534	0.000033
屑邪褏械械胁褗	0.001125	0.116534	0.000131
屑邪褟	0.001125	0.634878	0.000714
屑械写懈邪褎芯褉褌	0.000843	0.000000	0.000000
屑械写芯胁褘泄	0.000281	0.116534	0.000033
屑械泻褋懈泻邪薪褋泻邪褟	0.000281	0.116534	0.000033
屑械薪褞	0.000562	0.116534	0.000066
屑械薪褟	0.000562	0.083382	0.000047
屑械薪褟械褌褋褟	0.000281	0.116534	0.000033
屑械褋褌芯	0.000281	2.995732	0.000842
屑械褔褌邪	0.000281	0.116534	0.000033
屑械褔褌褘	0.000562	0.040822	0.000023
屑懈写懈懈	0.000281	0.040822	0.000011
屑懈泻褉芯胁芯谢薪芯胁泻械	0.000281	0.116534	0.000033
屑懈谢芯褋褌懈	0.000281	1.897120	0.000533
屑懈谢褜械	0.000281	0.116534	0.000033
屑懈芯	0.000281	0.116534	0.000033
屑懈褉	0.000281	0.116534	0.000033
屑懈褉邪	0.000281	0.116534	0.000033
屑懈褉芯胁邪褟	0.000281	0.116534	0.000033
屑懈褋芯	0.000281	0.040822	0.000011
屑懈褋褌械褉懈褟	0.000281	0.116534	0.000033
屑懈褋褌褉邪谢褜	0.001968	0.116534	0.000229
屑薪芯谐芯	0.000562	0.776529	0.000437
屑薪芯谐芯褔懈褋谢械薪薪褘屑	0.000281	2.302585	0.000647
屑薪芯卸械褋褌胁芯屑	0.000281	0.040822	0.000011
屑芯谐谢邪	0.000281	2.407946	0.000677
屑芯谐褍	0.000281	0.798508	0.000224
屑芯写懈褎懈褑懈褉芯胁邪薪薪芯械	0.000281	4.605170	0.001295
屑芯械	0.000281	0.116534	0.000033
屑芯械屑	0.000281	2.813411	0.000791
屑芯卸械褌械	0.000281	0.000000	0.000000
屑芯懈	0.000281	1.078810	0.000303
屑芯泄	0.000843	0.105361	0.000089
屑芯谢写邪胁褋泻邪褟	0.000281	0.116534	0.000033
屑芯谢芯泻械	0.000281	0.105361	0.000030
屑芯谢芯泻芯	0.001406	0.116534	0.000164
屑芯谢芯褔薪褘泄	0.000562	0.040822	0.000023
屑芯谢芯褔薪褘褏	0.000281	0.116534	0.000033
屑芯屑械薪褌	0.000843	0.116534	0.000098
屑芯屑械薪褌褘	0.000281	2.813411	0.000791
屑芯薪邪褏懈	0.000281	4.605170	0.001295
屑芯薪谐芯谢褜褋泻邪褟	0.000281	0.116534	0.000033
屑芯褉械	0.000281	0.116534	0.000033
屑芯褉械锌褉芯写褍泻褌芯胁	0.003092	0.040822	0.000126
屑芯褉械锌褉芯写褍泻褌褘	0.000562	0.116534	0.000066
屑芯褉泻芯胁褜	0.000843	0.040822	0.000034
屑芯褉芯卸械薪芯械	0.000843	0.040822	0.000034
屑芯褉芯蟹懈谢泻械	0.000281	2.813411	0.000791
屑芯褉褋	0.000281	0.040822	0.000011
屑芯褉褋褘	0.000281	0.116534	0.000033
屑芯褌芯褉	0.000281	0.116534	0.000033
屑芯褏懈褌芯	0.000281	0.040822	0.000011
屑芯褑邪褉械谢谢邪	0.009277	2.813411	0.026101
屑芯褑邪褉械谢谢芯泄	0.001406	4.605170	0.006473
屑芯褖邪屑	0.000281	4.605170	0.001295
屑褍卸	0.000281	1.171183	0.000329
屑褍卸褋泻邪褟	0.000281	0.127833	0.000036
屑褍卸褔懈薪褘	0.000562	0.116534	0.000066
屑褍泻邪	0.003374	0.274437	0.000926
屑褍谢褜褌懈胁邪褉泻械	0.010683	0.116534	0.001245
屑褍谢褜褌懈锌械泻邪褉械泄	0.000843	0.116534	0.000098
屑褍褋泻邪褌薪褘泄	0.001125	1.832581	0.002061
屑褍褋褋	0.000281	0.040822	0.000011
屑褍褋褋褘	0.000562	0.116534	0.000066
屑褍褔薪褘械	0.000281	0.116534	0.000033
屑褞褋谢懈	0.000562	0.116534	0.000066
屑褟褋邪	0.002249	0.116534	0.000262
屑褟褋薪芯谐芯	0.000843	0.116534	0.000098
屑褟褋薪芯泄	0.001406	0.116534	0.000164
屑褟褋薪褘械	0.001406	0.040822	0.000057
屑褟褋薪褘褏	0.000843	0.116534	0.000098
屑褟褋芯	0.002249	0.040822	0.000092
屑褟褋芯屑	0.001687	0.040822	0.000069
屑褟褋褍	0.000562	0.116534	0.000066
薪邪写械卸写芯泄	0.000281	4.605170	0.001295
薪邪写芯谢谐芯	0.000281	3.912023	0.001100
薪邪蟹胁邪薪懈械	0.000281	0.941609	0.000265
薪邪蟹胁邪薪懈懈	0.000281	2.813411	0.000791
薪邪蟹胁邪薪懈褞	0.000281	3.506558	0.000986
薪邪蟹薪邪褔械薪懈褟	0.000281	0.116534	0.000033
薪邪蟹褘胁邪械褌褋褟	0.000281	2.040221	0.000574
薪邪泻芯薪械褑	0.000562	1.609438	0.000905
薪邪谢懈胁泻邪	0.000281	0.040822	0.000011
薪邪锌懈褋邪薪芯	0.000281	3.912023	0.001100
薪邪锌懈褌泻懈	0.001687	0.040822	0.000069
薪邪锌懈褌芯泻	0.000281	0.040822	0.000011
薪邪褉褟写薪芯械	0.000281	4.605170	0.001295
薪邪褋褌芯泄泻邪	0.000281	0.040822	0.000011
薪邪褋褌芯褟褖械屑褍	0.000281	3.506558	0.000986
薪邪褋褌褉芯械薪懈械	0.000281	0.116534	0.000033
薪邪褏芯卸褍褋褜	0.000281	4.605170	0.001295
薪邪褑懈芯薪邪谢褜薪褘械	0.000281	0.116534	0.000033
薪邪褔懈薪泻邪	0.000562	0.040822	0.000023
薪邪褔懈薪泻芯泄	0.000281	0.116534	0.000033
薪邪褕械泄	0.000281	1.347074	0.000379
薪邪褕械屑	0.000281	0.040822	0.000011
薪邪褕懈	0.000281	0.061875	0.000017
薪邪褕懈褏	0.000281	1.514128	0.000426
薪邪褕谢邪	0.000843	0.579818	0.000489
薪械胁邪卸薪芯	0.000281	4.605170	0.001295
薪械写械谢褟	0.002811	0.061875	0.000174
薪械写芯谢谐芯	0.000281	3.912023	0.001100
薪械卸薪芯	0.000281	2.659260	0.000748
薪械卸薪芯械	0.000281	1.309333	0.000368
薪械卸薪芯泄	0.000281	0.116534	0.000033
薪械懈蟹斜械卸薪褍褞	0.000281	4.605170	0.001295
薪械屑械褑泻邪褟	0.000281	0.116534	0.000033
薪械芯斜褏芯写懈屑芯	0.000281	2.813411	0.000791
薪械芯斜褘褔邪泄薪芯	0.000281	3.506558	0.000986
薪械芯卸懈写邪薪薪褘械	0.000281	0.116534	0.000033
薪械褉械邪谢褜薪芯	0.000281	2.995732	0.000842
薪械褋	0.000281	4.605170	0.001295
薪械褋谢邪写泻芯械	0.000281	0.116534	0.000033
薪械褔褌芯	0.000281	3.218876	0.000905
薪懈斜褍写褜	0.000281	1.832581	0.000515
薪懈褏	0.000281	1.660731	0.000467
薪懈褔械谐芯	0.000281	0.941609	0.000265
薪芯胁邪褟	0.000281	0.116534	0.000033
薪芯胁芯谐芯写薪械谐芯	0.001406	0.116534	0.000164
薪芯胁芯谐芯写薪械械	0.000843	0.116534	0.000098
薪芯胁芯谐芯写薪懈械	0.001687	0.040822	0.000069
薪芯胁芯谐芯写薪懈泄	0.001968	0.116534	0.000229
薪芯胁芯谐芯写薪褟褟	0.000281	0.105361	0.000030
薪芯胁芯械	0.000281	3.912023	0.001100
薪芯胁芯褋褌褟褏	0.000281	0.061875	0.000017
薪芯胁褘械	0.000562	0.051293	0.000029
薪芯胁褘泄	0.002530	0.094311	0.000239
薪芯胁褘褏	0.000281	1.966113	0.000553
薪芯褉胁械卸褋泻邪褟	0.000281	0.116534	0.000033
薪芯褟斜褉褟	0.000562	0.527633	0.000297
芯斜械写	0.000843	0.105361	0.000089
芯斜械蟹褜褟薪褘	0.000281	0.116534	0.000033
芯斜褉邪泻	0.000281	4.605170	0.001295
芯斜褖邪褌褜褋褟	0.000281	0.040822	0.000011
芯斜褘褔薪芯	0.000281	1.714798	0.000482
芯斜褘褔薪褘褏	0.000281	3.506558	0.000986
芯胁芯褖邪屑懈	0.000281	0.116534	0.000033
芯胁芯褖械泄	0.004779	0.105361	0.000504
芯胁芯褖懈	0.001968	0.094311	0.000186
芯胁芯褖薪邪褟	0.000281	0.040822	0.000011
芯胁芯褖薪芯械	0.000281	0.116534	0.000033
芯胁芯褖薪芯泄	0.000843	0.105361	0.000089
芯胁芯褖薪褘械	0.001406	0.040822	0.000057
芯胁褋褟薪芯械	0.000281	0.116534	0.000033
芯谐薪械薪薪芯泄	0.000281	0.116534	0.000033
芯谐薪褟	0.000281	0.116534	0.000033
芯谐褍褉褑褘	0.000562	0.116534	0.000066
芯写懈薪芯褔械褋褌胁邪	0.000281	4.605170	0.001295
芯写薪芯蟹薪邪褔薪芯	0.000281	4.605170	0.001295
芯写薪芯泄	0.000281	1.237874	0.000348
芯卸懈写邪薪懈褟	0.000281	2.120264	0.000596
芯泻褉芯褕泻邪	0.000843	0.040822	0.000034
芯泻褌褟斜褉褟	0.001125	0.562119	0.000632
芯谢邪写褜懈	0.000843	0.040822	0.000034
芯谢械泄薪邪	0.000843	0.116534	0.000098
芯谢械泄薪芯泄	0.001125	0.116534	0.000131
芯谢械泄薪褘	0.000281	0.127833	0.000036
芯谢懈胁械褉邪	0.000281	2.525729	0.000710
芯谢懈胁泻芯胁芯械	0.002811	0.544727	0.001531
芯屑谢械褌	0.000281	0.040822	0.000011
芯锌邪褉邪	0.000281	0.040822	0.000011
芯锌械褉褘	0.000281	4.605170	0.001295
芯锌懈褋褘胁邪谢懈	0.000281	3.912023	0.001100
芯锌褉芯斜褍褞	0.000281	4.605170	0.001295
芯锌褉芯褋	0.000281	0.061875	0.000017
芯褉械谐邪薪芯	0.001125	2.525729	0.002840
芯褉械褏	0.001125	1.660731	0.001868
芯褉懈谐懈薪邪谢械	0.000281	2.995732	0.000842
芯褉懈谐懈薪邪谢褜薪芯	0.000281	3.218876	0.000905
芯褋械薪薪械械	0.000281	0.116534	0.000033
芯褋械薪薪懈械	0.000281	0.051293	0.000014
芯褋械薪薪懈泄	0.000562	0.116534	0.000066
芯褋械薪褜	0.002811	0.105361	0.000296
芯褋薪芯胁械	0.000281	2.813411	0.000791
芯褋薪芯胁薪芯械	0.000281	0.040822	0.000011
芯褋薪芯胁薪褘屑懈	0.000281	3.506558	0.000986
芯褋褌邪械褌褋褟	0.000281	0.116534	0.000033
芯褋褌邪谢邪褋褜	0.000281	2.407946	0.000677
芯褋褌邪谢褜薪芯屑	0.000281	4.605170	0.001295
芯褌胁械褌懈褌褜	0.000281	0.051293	0.000014
芯褌胁械褌芯胁	0.000281	0.051293	0.000014
芯褌胁械褌褘	0.000281	0.000000	0.000000
芯褌泻谢褞褔懈谢懈	0.000281	4.605170	0.001295
芯褌泻褉褘褌褘泄	0.000843	0.116534	0.000098
芯褌谢懈褔薪芯	0.000281	1.514128	0.000426
芯褌屑械薪懈褌褜	0.000281	0.040822	0.000011
芯褌薪芯褕械薪懈褟褏	0.000281	4.605170	0.001295
芯褏谢邪写懈褌褜	0.000281	0.116534	0.000033
锌邪泻械褌懈泻邪褏	0.000281	0.105361	0.000030
锌邪谢芯屑薪懈泻懈	0.000843	4.605170	0.003884
锌邪谢芯褔泻邪	0.000281	1.560648	0.000439
锌邪谢芯褔泻懈	0.000281	0.040822	0.000011
锌邪薪懈褉芯胁泻邪	0.002249	0.116534	0.000262
锌邪薪懈褉芯胁芯褔薪褘械	0.000562	1.309333	0.000736
锌邪锌褉懈泻邪	0.000562	1.203973	0.000677
锌邪褉邪	0.000281	0.116534	0.000033
锌邪褉邪写	0.001968	0.116534	0.000229
锌邪褉屑械写卸邪薪芯	0.000281	4.605170	0.001295
锌邪褉屑械蟹邪薪	0.001406	2.407946	0.003385
锌邪褉芯胁邪褉泻械	0.002530	0.116534	0.000295
锌邪褉芯谢褜	0.000281	0.020203	0.000006
锌邪褋褌邪	0.001125	0.040822	0.000046
锌邪褋褌褉芯屑邪	0.000281	0.040822	0.000011
锌邪褋褏邪	0.000562	0.040822	0.000023
锌邪褋褏邪谢褜薪邪褟	0.000562	0.116534	0.000066
锌邪褋褏邪谢褜薪褘泄	0.000281	0.127833	0.000036
锌邪褔泻邪	0.000281	3.912023	0.001100
锌邪褕褌械褌	0.000281	0.040822	0.000011
锌邪褕褌械褌褘	0.000562	0.116534	0.000066
锌械泻邪褉褟	0.000281	0.127833	0.000036
锌械谢褜屑械薪械泄	0.000281	2.525729	0.000710
锌械谢褜屑械薪懈	0.000843	0.116534	0.000098
锌械谢褜屑械褕械泻	0.000281	4.605170	0.001295
锌械褉胁芯械	0.000562	0.040822	0.000023
锌械褉胁褘械	0.000281	0.127833	0.000036
锌械褉胁褘屑	0.000281	0.116534	0.000033
锌械褉胁褘褏	0.000281	2.120264	0.000596
锌械褉械泄褌懈	0.000281	0.040822	0.000011
锌械褉械泻褍褋	0.000562	0.116534	0.000066
锌械褉械泻褍褋邪	0.000281	2.813411	0.000791
锌械褉械谢芯锌邪褌懈胁	0.000281	4.605170	0.001295
锌械褉械褑	0.006466	0.040822	0.000264
锌械褉懈芯写懈褔械褋泻懈	0.000281	4.605170	0.001295
锌械褉褋芯薪褘	0.000281	0.116534	0.000033
锌械褉褍邪薪褋泻邪褟	0.000281	0.116534	0.000033
锌械褉褑械胁	0.001125	2.659260	0.002990
锌械褋薪褟	0.000281	2.407946	0.000677
锌械褋芯褔薪芯械	0.000562	0.105361	0.000059
锌械褋芯褔薪褘泄	0.000281	0.116534	0.000033
锌械褋褌芯	0.000843	3.912023	0.003299
锌械褌械谢懈薪泻懈	0.000281	0.127833	0.000036
锌械褌褉褍褕泻邪	0.002249	0.693147	0.001559
锌械褔邪谢褜薪褍褞	0.000281	4.605170	0.001295
锌械褔械薪芯褔薪褘泄	0.000281	0.040822	0.000011
锌械褔械薪褜械	0.002530	0.040822	0.000103
锌械褔懈	0.000281	0.127833	0.000036
锌懈胁芯	0.000281	0.116534	0.000033
锌懈泻邪薪褌薪芯械	0.000281	3.912023	0.001100
锌懈泻邪薪褌褘	0.000281	0.127833	0.000036
锌懈泻薪懈泻	0.000562	0.116534	0.000066
锌懈泻薪懈泻邪	0.000281	0.116534	0.000033
锌懈泻薪懈泻褍	0.000281	0.105361	0.000030
锌懈褉	0.000281	0.116534	0.000033
锌懈褉芯谐	0.002811	0.040822	0.000115
锌懈褉芯谐邪	0.000562	1.309333	0.000736
锌懈褉芯谐懈	0.000843	0.105361	0.000089
锌懈褉芯谐芯胁	0.000281	3.218876	0.000905
锌懈褉芯卸泻懈	0.000281	0.040822	0.000011
锌懈褉芯卸薪芯械	0.000281	0.040822	0.000011
锌懈褉芯卸薪褘械	0.000281	0.116534	0.000033
锌懈褌邪薪懈械	0.001406	0.105361	0.000148
锌懈褑褑邪	0.002530	0.040822	0.000103
锌懈褑褑械褉懈懈	0.000281	4.605170	0.001295
锌懈褑褑械褉懈褞	0.000281	3.912023	0.001100
锌懈褑褑褍	0.000281	2.995732	0.000842
锌懈褑褑褘	0.001125	2.207275	0.002482
锌谢邪屑褟	0.000281	0.116534	0.000033
锌谢邪褋褌懈褔薪褍褞	0.000281	4.605170	0.001295
锌谢邪褌芯	0.000843	4.605170	0.003884
锌谢懈褌邪	0.001125	0.127833	0.000144
锌谢芯胁	0.000281	0.116534	0.000033
锌谢芯写褘	0.000281	0.116534	0.000033
锌芯斜谢邪谐芯写邪褉懈褌褜	0.000281	4.605170	0.001295
锌芯胁邪褉械薪泻械	0.000281	0.040822	0.000011
锌芯胁邪褉械薪芯泻	0.000281	0.061875	0.000017
锌芯胁邪褉褟褌	0.000562	0.116534	0.000066
锌芯胁邪褉褟褌邪屑懈	0.000281	0.040822	0.000011
锌芯胁邪褉褢薪泻邪	0.000281	0.116534	0.000033
锌芯胁懈写谢芯	0.000281	0.040822	0.000011
锌芯写邪褉泻芯胁	0.000281	0.116534	0.000033
锌芯写邪褌褜	0.000281	1.560648	0.000439
锌芯写谢懈胁邪	0.000281	0.116534	0.000033
锌芯写谢懈胁泻邪	0.000281	0.040822	0.000011
锌芯写锌懈褋邪褌褜褋褟	0.000281	0.040822	0.000011
锌芯写锌懈褕懈褌械褋褜	0.000562	0.040822	0.000023
锌芯写褋芯谢薪械褔薪芯械	0.000562	1.347074	0.000757
锌芯写褏芯写懈褌	0.000281	1.897120	0.000533
锌芯械写懈薪泻懈	0.003936	0.116534	0.000459
锌芯蟹写褉邪胁褜	0.000281	0.116534	0.000033
锌芯懈褋泻	0.000281	0.051293	0.000014
锌芯懈褋泻械	0.000281	2.407946	0.000677
锌芯泻芯谢械薪懈褟	0.000281	2.525729	0.000710
锌芯谢写薪懈泻	0.000562	0.116534	0.000066
锌芯谢械蟹薪芯	0.000281	0.116534	0.000033
锌芯谢懈褌懈泻芯泄	0.000281	0.040822	0.000011
锌芯谢芯胁懈薪邪	0.002249	0.116534	0.000262
锌芯谢褍褔邪泄褌械	0.000281	0.040822	0.000011
锌芯谢褍褔邪褌褜	0.000281	0.040822	0.000011
锌芯谢褜蟹邪	0.000281	0.127833	0.000036
锌芯谢褜蟹芯泄	0.001125	0.116534	0.000131
锌芯谢褜褋泻邪褟	0.000281	0.116534	0.000033
锌芯屑邪写泻邪	0.000562	0.040822	0.000023
锌芯屑邪写泻懈	0.000281	0.116534	0.000033
锌芯屑懈写芯褉	0.003936	0.713350	0.002808
锌芯屑懈写芯褉邪屑懈	0.000281	2.995732	0.000842
锌芯屑懈写芯褉泻懈	0.000281	0.127833	0.000036
锌芯屑懈写芯褉芯胁	0.000281	2.525729	0.000710
锌芯屑懈写芯褉褘	0.001125	0.116534	0.000131
锌芯屑薪褞	0.000281	1.966113	0.000553
锌芯薪褉邪胁懈胁褕懈械褋褟	0.000281	0.040822	0.000011
锌芯薪褔懈泻懈	0.000562	0.040822	0.000023
锌芯薪褔懈泻芯胁	0.000281	4.605170	0.001295
锌芯薪褟谢邪	0.000281	2.302585	0.000647
锌芯锌褉芯斜芯胁邪褌褜	0.000562	0.798508	0.000449
锌芯锌褉芯斜褍泄褌械	0.000281	0.562119	0.000158
锌芯锌褍谢褟褉薪褘屑	0.000281	4.605170	0.001295
锌芯褉邪	0.000281	0.116534	0.000033
锌芯褉邪写褍械褌	0.000281	1.660731	0.000467
锌芯褉褌褍谐邪谢褜褋泻邪褟	0.000281	0.116534	0.000033
锌芯褋械谢懈谢褋褟	0.000281	4.605170	0.001295
锌芯褋械褖邪械褌械	0.000281	0.061875	0.000017
锌芯褋谢械写薪械泄	0.000281	4.605170	0.001295
锌芯褋褌	0.001406	0.105361	0.000148
锌芯褋褌薪芯械	0.000281	0.116534	0.000033
锌芯褋褌薪褘械	0.000281	0.040822	0.000011
锌芯褋褌薪褘泄	0.000281	0.116534	0.000033
锌芯褋褌芯褟薪薪芯	0.000281	0.040822	0.000011
锌芯褋褌褉芯懈屑	0.000281	0.116534	0.000033
锌芯褋褍写邪	0.000562	0.094311	0.000053
锌芯褔褌懈	0.000281	1.021651	0.000287
锌芯褔褌褍	0.000281	0.040822	0.000011
锌芯褕邪谐芯胁褘械	0.000281	0.301105	0.000085
锌芯褕邪谐芯胁褘屑懈	0.000281	0.040822	0.000011
锌褉邪蟹写薪懈泻邪	0.000281	0.116534	0.000033
锌褉邪蟹写薪懈泻邪屑	0.000281	3.506558	0.000986
锌褉邪蟹写薪懈泻懈	0.000281	1.771957	0.000498
锌褉邪蟹写薪懈褔薪芯	0.000281	0.116534	0.000033
锌褉邪蟹写薪懈褔薪芯谐芯	0.000281	0.116534	0.000033
锌褉邪蟹写薪懈褔薪褘泄	0.000281	0.116534	0.000033
锌褉邪泻褌懈泻褍屑	0.000281	0.116534	0.000033
锌褉邪泻褌懈褔械褋泻懈	0.000281	1.386294	0.000390
锌褉械胁蟹芯褕械谢	0.000281	2.207275	0.000621
锌褉械胁芯褋褏芯写薪褘械	0.000281	0.116534	0.000033
锌褉械胁褉邪褌懈谢邪褋褜	0.000281	4.605170	0.001295
锌褉械胁褉邪褖械薪懈褟	0.000281	0.116534	0.000033
锌褉械写谢邪谐邪褞	0.000843	0.693147	0.000585
锌褉械芯写芯谢械胁邪谢懈	0.000281	4.605170	0.001295
锌褉械褋薪芯械	0.000281	0.116534	0.000033
锌褉懈谐芯褌芯胁懈屑	0.000281	0.116534	0.000033
锌褉懈谐芯褌芯胁懈褌褜	0.000562	0.342490	0.000193
锌褉懈谐芯褌芯胁谢械薪懈械	0.000281	0.105361	0.000030
锌褉懈谐芯褌芯胁谢械薪懈懈	0.000562	0.798508	0.000449
锌褉懈谐芯褌芯胁谢械薪懈褞	0.000281	0.040822	0.000011
锌褉懈写械褌褋褟	0.000281	2.995732	0.000842
锌褉懈写褍屑邪谢懈	0.000562	4.605170	0.002589
锌褉懈卸懈谢褋褟	0.000281	3.506558	0.000986
锌褉懈蟹薪邪薪懈械	0.000281	0.116534	0.000033
锌褉懈蟹芯胁	0.000281	0.040822	0.000011
锌褉懈锌褉邪胁邪	0.000843	0.040822	0.000034
锌褉懈锌褉邪胁谢械薪芯	0.000281	3.912023	0.001100
锌褉懈褉芯写褍	0.000281	0.116534	0.000033
锌褉懈褉芯写褘	0.000281	0.116534	0.000033
锌褉懈褋褌褍锌懈褌褜	0.000281	0.040822	0.000011
锌褉芯胁械写懈	0.001125	0.116534	0.000131
锌褉芯胁械褉械薪芯	0.001687	0.116534	0.000197
锌褉芯胁芯写懈屑褘褏	0.000281	0.040822	0.000011
锌褉芯胁芯卸邪械屑	0.000281	0.116534	0.000033
锌褉芯写褍泻褌芯胁	0.000562	0.094311	0.000053
锌褉芯械泻褌芯胁	0.000281	0.116534	0.000033
锌褉芯械泻褌褘	0.000281	0.061875	0.000017
锌褉芯懈蟹芯褕谢芯	0.000281	3.912023	0.001100
锌褉芯褋懈谢	0.000281	2.813411	0.000791
锌褉芯褋谢邪胁懈谢懈褋褜	0.000281	4.605170	0.001295
锌褉芯褋屑芯褌褉邪屑	0.000281	0.274437	0.000077
锌褉芯褋褌	0.000281	2.525729	0.000710
锌褉芯褋褌芯	0.001406	0.083382	0.000117
锌褉芯褋褌芯泄	0.000562	0.755023	0.000425
锌褉芯褋褌芯泻胁邪褕邪	0.000281	0.040822	0.000011
锌褉芯褋褌芯褉邪褏	0.000281	1.771957	0.000498
锌褉芯褋褜斜邪屑	0.000281	2.207275	0.000621
锌褉芯褋褟	0.000281	4.605170	0.001295
锌褉芯褎懈谢褜	0.000281	0.040822	0.000011
锌褉芯褏芯写懈谢	0.000281	4.605170	0.001295
锌褉芯褕褍	0.000562	1.139434	0.000641
锌褉芯褖械薪懈褟	0.000281	3.506558	0.000986
锌褉褟屑	0.000281	3.912023	0.001100
锌褉褟屑芯	0.000281	0.040822	0.000011
锌褉褟薪懈泻	0.000281	0.040822	0.000011
锌褉褟薪懈泻懈	0.000281	0.116534	0.000033
锌褉褟薪懈褔薪芯械	0.000281	0.116534	0.000033
锌褉褟薪芯褋褌懈	0.000562	3.218876	0.001810
锌褌懈褑邪	0.001406	0.116534	0.000164
锌褌懈褑械	0.000562	0.116534	0.000066
锌褌懈褑械泄	0.000281	0.127833	0.000036
锌褌懈褑褘	0.003936	0.116534	0.000459
锌褍斜谢懈泻褍褞	0.000281	4.605170	0.001295
锌褍写懈薪谐	0.000281	0.040822	0.000011
锌褍写懈薪谐懈	0.000562	0.116534	0.000066
锌褍薪褕	0.000281	0.040822	0.000011
锌褍褌械褕械褋褌胁懈械	0.000562	0.116534	0.000066
锌褍褌懈	0.000281	3.506558	0.000986
锌褍褌褜	0.000843	0.116534	0.000098
锌褕械薪懈褔薪邪褟	0.003374	0.287682	0.000971
锌褘褕泻懈	0.000281	0.040822	0.000011
锌褞褉械	0.001406	0.040822	0.000057
褉邪斜芯褌褍	0.000281	1.560648	0.000439
褉邪谐褍	0.000281	0.116534	0.000033
褉邪蟹	0.000281	0.446287	0.000125
褉邪蟹胁械褉薪褍褌褜	0.000281	0.116534	0.000033
褉邪蟹写械谢褜薪芯械	0.000281	0.116534	0.000033
褉邪蟹薪褘械	0.000281	0.116534	0.000033
褉邪蟹薪褘屑懈	0.000281	2.813411	0.000791
褉邪褋锌芯谢芯卸械薪薪芯谐芯	0.000281	4.605170	0.001295
褉邪褋褋泻邪卸褍	0.000281	2.995732	0.000842
褉邪褋褋芯谢褜薪懈泻	0.000562	0.040822	0.000023
褉邪褋褋芯谢褜薪懈泻邪	0.000281	0.116534	0.000033
褉邪褋褋褘谢泻懈	0.000281	0.061875	0.000017
褉邪褋褌懈褌械谢褜薪芯械	0.001125	0.235722	0.000265
褉械谐懈芯薪邪褏	0.000281	4.605170	0.001295
褉械谐懈褋褌褉邪褑懈懈	0.000562	0.010050	0.000006
褉械谐懈褋褌褉邪褑懈褟	0.000281	0.000000	0.000000
褉械卸懈屑械	0.000281	3.912023	0.001100
褉械蟹褍谢褜褌邪褌	0.000281	0.967584	0.000272
褉械泄褌懈薪谐褍	0.000281	0.248461	0.000070
褉械泻芯屑械薪写褍褞	0.000281	1.049822	0.000295
褉械锌褔邪褌褘泄	0.001687	0.430783	0.000727
褉械褑械锌褌	0.006185	0.040822	0.000252
褉械褑械锌褌邪褏	0.000281	0.061875	0.000017
褉械褑械锌褌芯胁	0.001968	0.040822	0.000080
褉械褑械锌褌褘	0.020804	0.040822	0.000849
褉懈褋	0.001125	0.040822	0.000046
褉懈褋邪	0.000281	0.116534	0.000033
褉懈褌屑械	0.000281	0.116534	0.000033
褉芯谐邪谢懈泻懈	0.000281	0.040822	0.000011
褉芯写懈薪芯泄	0.000281	4.605170	0.001295
褉芯写薪芯械	0.000281	0.116534	0.000033
褉芯写薪芯泄	0.000281	3.912023	0.001100
褉芯卸写械薪懈褟	0.000281	0.105361	0.000030
褉芯卸写械褋褌胁芯	0.000281	0.116534	0.000033
褉芯蟹屑邪褉懈薪	0.000562	1.609438	0.000905
褉芯谢谢褌芯薪	0.000281	0.116534	0.000033
褉芯谢谢褘	0.000562	0.040822	0.000023
褉芯屑	0.000281	0.040822	0.000011
褉褍斜褉懈泻邪褌芯褉	0.000281	0.051293	0.000014
褉褍泻邪屑懈	0.000281	2.995732	0.000842
褉褍谢械褌	0.000281	0.040822	0.000011
褉褍谢械褌褘	0.002811	0.116534	0.000328
褉褍屑褘薪褋泻邪褟	0.000281	0.116534	0.000033
褉褍屑褟薪褘械	0.000281	0.116534	0.000033
褉褍薪械褌械	0.000281	0.020203	0.000006
褉褍褋褋泻邪褟	0.000281	0.116534	0.000033
褉褍褋褋泻懈	0.000281	3.218876	0.000905
褉褘斜邪	0.002530	0.040822	0.000103
褉褘斜械	0.000562	0.116534	0.000066
褉褘斜薪邪褟	0.000281	0.116534	0.000033
褉褘斜薪芯谐芯	0.000562	0.116534	0.000066
褉褘斜薪芯械	0.000562	2.525729	0.001420
褉褘斜薪褘械	0.001125	0.116534	0.000131
褉褘斜薪褘泄	0.000843	0.116534	0.000098
褉褘斜薪褘褏	0.000281	0.116534	0.000033
褉褘斜芯泄	0.000843	0.116534	0.000098
褉褘斜褘	0.003374	0.116534	0.000393
褉褟卸械薪泻邪	0.000281	0.116534	0.000033
褋邪谐械薪械泄	0.000281	4.605170	0.001295
褋邪泄褌	0.000843	0.000000	0.000000
褋邪泄褌械	0.000281	0.462035	0.000130
褋邪泄褌褍	0.000562	0.061875	0.000035
褋邪谢邪褌	0.000281	0.094311	0.000027
褋邪谢邪褌薪邪褟	0.000281	0.116534	0.000033
褋邪谢邪褌褘	0.008715	0.040822	0.000356
褋邪屑芯谐芯薪	0.000281	0.040822	0.000011
褋邪屑褘泄	0.000281	1.021651	0.000287
褋邪屑褘褏	0.000562	0.116534	0.000066
褋邪褎	0.000843	0.116534	0.000098
褋邪褎褋械屑	0.000281	0.116534	0.000033
褋邪褏邪褉	0.003374	0.116534	0.000393
褋斜懈褌械薪褜	0.000281	0.040822	0.000011
褋胁械卸械谐芯	0.000281	4.605170	0.001295
褋胁械卸械褋褌褜	0.000281	0.105361	0.000030
褋胁械泻谢邪	0.000281	0.040822	0.000011
褋胁械泻芯谢褜薪懈泻	0.000562	0.040822	0.000023
褋胁械褌邪	0.001125	0.116534	0.000131
褋胁械褌懈薪褜泻邪	0.000281	3.912023	0.001100
褋胁懈薪懈薪邪	0.000281	0.040822	0.000011
褋胁懈薪懈薪褘	0.001125	0.116534	0.000131
褋胁芯械	0.000281	0.116534	0.000033
褋胁芯械屑	0.000281	0.040822	0.000011
褋胁芯懈屑	0.000281	0.040822	0.000011
褋胁芯褞	0.000281	0.040822	0.000011
褋胁褟褌芯谐芯	0.000562	3.912023	0.002200
褋谐褍褖械薪泻邪	0.000281	0.040822	0.000011
褋写械谢邪谢懈	0.000281	2.813411	0.000791
褋械谐芯写薪褟	0.000562	0.843970	0.000475
褋械蟹芯薪	0.000281	0.116534	0.000033
褋械泄褔邪褋	0.000281	0.030459	0.000009
褋械泻褉械褌褘	0.000562	0.116534	0.000066
褋械谢械写泻邪	0.000281	0.040822	0.000011
褋械屑谐邪	0.000281	0.040822	0.000011
褋械屑械泄薪褘泄	0.000281	0.116534	0.000033
褋械屑芯谢懈薪邪	0.000562	3.912023	0.002200
褋械屑褜械	0.000281	1.309333	0.000368
褋械屑褜懈	0.000281	0.116534	0.000033
褋懈写褉	0.000281	0.040822	0.000011
褋懈屑锌邪褌懈褔薪芯	0.000281	4.605170	0.001295
褋懈褉懈泄褋泻邪褟	0.000281	0.116534	0.000033
褋懈褉芯锌	0.000281	0.040822	0.000011
褋懈褉芯锌褘	0.000281	0.116534	0.000033
褋懈褋褌械屑褘	0.000281	0.040822	0.000011
褋懈褌懈	0.000281	0.127833	0.000036
褋懈褑懈谢懈薪邪	0.000281	3.912023	0.001100
褋泻邪蟹邪褌褜	0.000281	0.653926	0.000184
褋泻邪蟹芯泻	0.000281	0.116534	0.000033
褋泻褉懈锌泻懈薪芯泄	0.000281	4.605170	0.001295
褋谢邪写泻邪褟	0.001125	0.116534	0.000131
褋谢邪写泻懈械	0.001687	0.040822	0.000069
褋谢邪写泻懈泄	0.002530	0.105361	0.000267
褋谢邪写泻懈屑	0.000281	3.218876	0.000905
褋谢邪写泻懈褏	0.000562	0.116534	0.000066
褋谢邪写泻芯	0.000281	0.116534	0.000033
褋谢懈胁泻懈	0.001687	1.078810	0.001820
褋谢懈胁芯褔薪芯	0.000281	2.995732	0.000842
褋谢懈胁芯褔薪芯械	0.002530	0.116534	0.000295
褋谢懈胁芯褔薪褘屑	0.000281	1.966113	0.000553
褋谢芯械薪芯谐芯	0.000281	0.127833	0.000036
褋谢芯械薪芯械	0.000843	0.116534	0.000098
褋谢芯械薪褘泄	0.000562	0.116534	0.000066
褋谢芯卸薪芯	0.000281	2.525729	0.000710
褋谢芯泄泻邪	0.000281	0.040822	0.000011
褋谢芯泄泻懈	0.000281	0.116534	0.000033
褋谢褍褔邪泄薪芯	0.000281	2.407946	0.000677
褋谢褍褔懈谢芯褋褜	0.000281	3.506558	0.000986
褋屑械褋褜	0.001125	1.660731	0.001868
褋屑械褌邪薪邪	0.000281	0.105361	0.000030
褋屑械褕邪薪薪芯谐芯	0.000281	0.116534	0.000033
褋屑芯卸械褌械	0.000281	0.040822	0.000011
褋屑褍蟹懈	0.000843	0.040822	0.000034
褋薪械卸泻	0.000281	3.912023	0.001100
褋薪械卸薪褘械	0.000281	4.605170	0.001295
褋薪褝泻	0.000281	0.116534	0.000033
褋芯斜懈褉邪械褌械褋褜	0.000281	0.040822	0.000011
褋芯斜谢褞写邪褌褜	0.000281	4.605170	0.001295
褋芯斜褋褌胁械薪薪芯屑	0.000562	2.407946	0.001354
褋芯胁械褉褕械薪褋褌胁芯	0.001406	0.116534	0.000164
褋芯胁械褌邪屑懈	0.000281	0.040822	0.000011
褋芯胁褋械屑	0.000281	1.139434	0.000320
褋芯谐谢邪褕邪械褌械褋褜	0.000281	0.040822	0.000011
褋芯蟹写邪胁邪褌褜	0.000281	3.912023	0.001100
褋芯蟹写邪械褌	0.000281	0.116534	0.000033
褋芯蟹写邪薪懈褟	0.000562	0.261365	0.000147
褋芯泻	0.000843	0.116534	0.000098
褋芯泻邪	0.000281	0.105361	0.000030
褋芯泻懈	0.000281	0.040822	0.000011
褋芯泻褍	0.000562	2.407946	0.001354
褋芯谢械薪褘械	0.000843	0.116534	0.000098
褋芯谢械薪褜褟	0.000562	0.116534	0.000066
褋芯谢薪械褔薪芯泄	0.000281	0.127833	0.000036
褋芯谢褜	0.007872	0.150823	0.001187
褋芯谢褟薪泻邪	0.000562	0.040822	0.000023
褋芯褉褌懈褉芯胁邪褌褜	0.000281	0.248461	0.000070
褋芯褋褌邪胁褜	0.000281	0.116534	0.000033
褋芯褍褋	0.002811	0.040822	0.000115
褋芯褍褋芯屑	0.001687	0.116534	0.000197
褋芯褍褋褘	0.001125	0.116534	0.000131
褋芯褏褉邪薪褟褌褜	0.000281	0.040822	0.000011
褋芯褑褋械褌懈	0.000281	0.040822	0.000011
褋芯褔械褌邪薪懈械	0.000281	0.116534	0.000033
褋芯褔薪芯械	0.000281	0.116534	0.000033
褋芯褔薪褍褞	0.000281	2.995732	0.000842
褋锌械褑懈邪谢褜薪芯械	0.000281	0.116534	0.000033
褋锌械褑懈懈	0.000843	0.105361	0.000089
褋锌械褑锌褉芯械泻褌	0.009277	0.116534	0.001081
褋锌械褕懈褌械	0.000281	3.912023	0.001100
褋锌懈褋芯泻	0.000281	0.116534	0.000033
褋锌芯褋芯斜	0.000281	1.427116	0.000401
褋锌芯褋芯斜褍	0.000281	3.506558	0.000986
褋锌芯褞	0.000281	0.116534	0.000033
褋褉械写懈蟹械屑薪芯屑芯褉褋泻邪褟	0.000281	0.127833	0.000036
褋褉械写懈蟹械屑薪芯屑芯褉褋泻芯屑	0.000843	3.912023	0.003299
褋褉械写薪械胁械泻芯胁芯泄	0.000281	4.605170	0.001295
褋褌邪褉芯械	0.000281	4.605170	0.001295
褋褌邪褉褘械	0.000281	0.261365	0.000073
褋褌邪褌褜	0.000281	1.966113	0.000553
褋褌邪褌褜褟褏	0.000281	0.061875	0.000017
褋褌懈谢械	0.001125	0.116534	0.000131
褋褌懈谢褟	0.000281	0.116534	0.000033
褋褌芯懈褌	0.000281	1.771957	0.000498
褋褌芯谢	0.000843	0.105361	0.000089
褋褌芯谢邪	0.001687	0.116534	0.000197
褋褌褉邪薪褘	0.000281	2.995732	0.000842
褋褌褉芯懈褌械谢褜褋褌胁械	0.000281	0.040822	0.000011
褋褌褉芯懈褌械谢褜褋褌胁褍	0.000281	0.040822	0.000011
褋褌褉芯懈褌褜	0.000281	0.040822	0.000011
褋褌褉芯泄薪芯泄	0.000281	0.116534	0.000033
褋褌褍褔邪谢懈	0.000281	4.605170	0.001295
褋褍斜锌褉芯写褍泻褌芯胁	0.001968	0.116534	0.000229
褋褍斜锌褉芯写褍泻褌褘	0.000843	0.116534	0.000098
褋褍锌	0.002530	0.040822	0.000103
褋褍锌邪	0.000281	0.040822	0.000011
褋褍锌械褉	0.000281	2.302585	0.000647
褋褍锌褘	0.002530	0.040822	0.000103
褋褍褎谢械	0.000843	0.040822	0.000034
褋褍褏邪褉懈	0.000843	0.040822	0.000034
褋褍褕懈	0.000562	0.040822	0.000023
褋褍褖械褋褌胁褍褞褌	0.000281	4.605170	0.001295
褋褘褉	0.003655	0.040822	0.000149
褋褘褉邪	0.001687	0.116534	0.000197
褋褘褉邪屑懈	0.000562	0.127833	0.000072
褋褘褉薪邪褟	0.000281	4.605170	0.001295
褋褘褉薪懈泻	0.000281	0.040822	0.000011
褋褘褉薪懈泻懈	0.000562	0.116534	0.000066
褋褘褉薪芯	0.000281	2.813411	0.000791
褋褘褉薪芯械	0.000281	3.506558	0.000986
褋褘褉薪褘械	0.001125	0.040822	0.000046
褋褘褉芯屑	0.000281	0.713350	0.000201
褋褘褌薪芯	0.000281	1.771957	0.000498
褋褘褌薪褘泄	0.000562	0.105361	0.000059
褋褘褔褍卸薪褘屑懈	0.000281	0.127833	0.000036
褋褝薪写胁懈褔懈	0.000281	0.127833	0.000036
褋褞褉锌褉懈蟹	0.000281	0.116534	0.000033
褌邪写卸懈泻褋泻邪褟	0.000281	0.116534	0.000033
褌邪泄褋泻邪褟	0.000281	0.116534	0.000033
褌邪泻懈	0.000281	1.237874	0.000348
褌邪褉褌	0.000562	0.116534	0.000066
褌邪褉褌邪谢械褌泻懈	0.000562	0.040822	0.000023
褌邪褌邪褉褋泻邪褟	0.000281	0.116534	0.000033
褌胁械褉写褘泄	0.002249	0.562119	0.001264
褌胁芯懈	0.000562	0.116534	0.000066
褌胁芯褉懈	0.000281	0.116534	0.000033
褌胁芯褉芯谐	0.001125	0.040822	0.000046
褌胁芯褉芯谐芯屑	0.000281	0.105361	0.000030
褌胁芯褉芯卸薪芯械	0.000281	0.116534	0.000033
褌胁芯褉芯卸薪褘械	0.000562	0.116534	0.000066
褌胁芯褉芯卸薪褘泄	0.000281	0.116534	0.000033
褌械谢械谐褉邪屑	0.000281	0.040822	0.000011
褌械谢褟褌懈薪褘	0.001125	0.116534	0.000131
褌械屑	0.000281	0.967584	0.000272
褌械锌械褉褜	0.000281	0.916291	0.000258
褌械锌谢芯屑	0.000281	0.116534	0.000033
褌械褉褉懈薪	0.000281	0.040822	0.000011
褌械褋褌	0.001406	0.127833	0.000180
褌械褋褌邪	0.003092	0.105361	0.000326
褌械褋褌芯	0.004217	0.040822	0.000172
褌械褏薪懈泻邪	0.001406	0.105361	0.000148
褌械褖懈薪	0.000281	0.040822	0.000011
褌懈屑褜褟薪	0.000562	2.659260	0.001495
褌屑	0.001125	0.127833	0.000144
褌芯谐芯	0.000281	1.427116	0.000401
褌芯屑邪褌邪屑懈	0.000562	2.407946	0.001354
褌芯屑邪褌薪褘泄	0.000562	1.897120	0.001067
褌芯屑邪褌褘	0.001125	2.302585	0.002589
褌芯锌谢械薪芯械	0.000281	0.116534	0.000033
褌芯褉褌	0.003092	0.040822	0.000126
褌芯褉褌褘	0.002530	0.116534	0.000295
褌褉邪胁褘	0.000281	0.105361	0.000030
褌褉邪写懈褑懈懈	0.000281	0.116534	0.000033
褌褉邪写懈褑懈泄	0.001125	0.116534	0.000131
褌褉邪写懈褑懈褟褏	0.000281	0.116534	0.000033
褌褉械褌褜懈褏	0.000281	4.605170	0.001295
褌褉械褏谢械褌懈械屑	0.000281	0.116534	0.000033
褌褉褍斜芯褔泻懈	0.000281	0.040822	0.000011
褌褍薪懈褋褋泻邪褟	0.000281	0.116534	0.000033
褌褍薪褑芯屑	0.000281	0.116534	0.000033
褌褍褉械褑泻邪褟	0.000281	0.116534	0.000033
褌褘泻胁邪	0.000281	0.040822	0.000011
褍胁械写芯屑谢械薪懈褟	0.000281	0.040822	0.000011
褍胁谢械泻谢邪褋褜	0.000281	4.605170	0.001295
褍写邪褔薪邪褟	0.000281	0.116534	0.000033
褍写邪褔薪芯	0.000281	3.218876	0.000905
褍写懈胁懈	0.000281	0.116534	0.000033
褍写懈胁谢褟泄褌械	0.001125	0.116534	0.000131
褍写芯胁芯谢褜褋褌胁懈械屑	0.000281	0.116534	0.000033
褍卸邪褋邪	0.000281	3.912023	0.001100
褍卸懈薪	0.001968	0.094311	0.000186
褍蟹斜械泻褋泻邪褟	0.000281	0.116534	0.000033
褍泻褉邪懈薪褋泻邪褟	0.000281	0.116534	0.000033
褍泻褉邪褋懈褌	0.000281	1.560648	0.000439
褍泻褉邪褕械薪懈褟	0.002249	0.116534	0.000262
褍泻褉芯锌	0.000562	0.562119	0.000316
褍屑械薪懈械屑	0.000281	4.605170	0.001295
褍锌芯褌褉械斜谢械薪懈械屑	0.000281	0.116534	0.000033
褍褉邪谢褜褋泻邪褟	0.000281	0.116534	0.000033
褍褉芯卸邪泄	0.000281	0.105361	0.000030
褍褋锌芯泻芯褞褋褜	0.000281	4.605170	0.001295
褍褌泻懈	0.000843	0.116534	0.000098
褍褌芯薪褔械薪薪褘械	0.000281	4.605170	0.001295
褍褏邪	0.000281	0.040822	0.000011
褍褔邪褋褌胁芯胁邪褌褜	0.000281	0.040822	0.000011
褎邪蟹械薪写褘	0.000281	0.127833	0.000036
褎邪薪褌邪蟹懈懈	0.001687	0.116534	0.000197
褎邪薪褌邪蟹懈泄	0.000281	0.116534	0.000033
褎邪薪褌邪蟹懈褟	0.000281	0.116534	0.000033
褎邪褉褕	0.001125	1.021651	0.001149
褎邪褉褕邪	0.004217	0.040822	0.000172
褎邪褉褕械屑	0.000281	1.966113	0.000553
褎邪褉褕懈褉芯胁邪薪薪邪褟	0.000562	0.116534	0.000066
褎邪褉褕懈褉芯胁邪薪薪芯械	0.000281	0.116534	0.000033
褎邪褉褕懈褉芯胁邪薪薪褘械	0.000562	0.040822	0.000023
褎邪褉褕懈褉芯胁邪薪薪褘泄	0.000281	0.040822	0.000011
褎邪褋芯谢褜	0.000281	0.040822	0.000011
褎械胁褉邪谢褟	0.000562	0.105361	0.000059
褎械泄械褉胁械褉泻	0.000562	0.116534	0.000066
褎械褌邪	0.000562	3.506558	0.001972
褎懈谐褍褉械	0.000281	0.116534	0.000033
褎懈谢械	0.001968	0.916291	0.001803
褎懈薪褋泻邪褟	0.000281	0.116534	0.000033
褎懈褉屑械薪薪芯械	0.000281	0.116534	0.000033
褎芯泻邪褔褔邪	0.000281	3.506558	0.000986
褎芯薪写褞	0.000281	0.040822	0.000011
褎芯褉屑芯胁泻懈	0.000562	3.912023	0.002200
褎芯褉屑褘	0.000281	0.116534	0.000033
褎芯褉褍屑械	0.000562	0.040822	0.000023
褎芯褉褕屑邪泻	0.000281	0.040822	0.000011
褎褉邪薪褑懈懈	0.000281	0.116534	0.000033
褎褉邪薪褑懈褟	0.000281	4.605170	0.001295
褎褉邪薪褑褍蟹褋泻邪褟	0.000281	0.116534	0.000033
褎褉邪薪褑褍蟹褋泻芯泄	0.000281	2.525729	0.000710
褎褉邪褍	0.001125	0.116534	0.000131
褎褉褍泻褌芯胁	0.001125	0.116534	0.000131
褎褉褍泻褌芯胁芯	0.000281	0.116534	0.000033
褎褉褍泻褌芯胁褘械	0.001968	0.040822	0.000080
褎褍写	0.000281	0.116534	0.000033
褎褍谢谢械褉褌芯薪	0.000281	4.605170	0.001295
褎褍褉褕械褌	0.000281	0.116534	0.000033
褏邪谢胁邪	0.000281	0.040822	0.000011
褏邪褉胁械褋褌褎械褋褌	0.000562	0.116534	0.000066
褏邪褉褔芯	0.000562	0.040822	0.000023
褏邪褕	0.000281	0.040822	0.000011
褏胁邪褌邪械褌	0.000281	2.407946	0.000677
褏胁芯褉芯褋褌	0.000281	0.040822	0.000011
褏懈薪泻邪谢懈	0.000281	0.116534	0.000033
褏懈褌	0.001968	0.116534	0.000229
褏谢械斜	0.003092	0.040822	0.000126
褏谢械斜芯锌械褔泻械	0.000281	4.605170	0.001295
褏谢械斜芯锌械褔泻懈	0.000281	0.116534	0.000033
褏谢芯锌褜褟	0.000562	0.105361	0.000059
褏芯蟹褟泄泻懈	0.000281	0.127833	0.000036
褏芯谢芯写械褑	0.000281	0.040822	0.000011
褏芯谢芯写薪褘械	0.000562	0.116534	0.000066
褏芯谢芯写薪褘泄	0.000562	0.116534	0.000066
褏芯褉胁邪褌褋泻邪褟	0.000281	0.116534	0.000033
褏芯褉芯褕芯	0.001687	0.105361	0.000178
褏芯褉褋	0.000281	0.116534	0.000033
褏芯褌械谢芯褋褜	0.000281	2.407946	0.000677
褏芯褌懈褌械	0.000281	0.040822	0.000011
褏芯褌褜	0.000281	1.897120	0.000533
褏褍屑褍褋	0.000281	0.040822	0.000011
褑邪褉褋褌胁芯	0.000281	0.127833	0.000036
褑邪褉褜	0.000281	0.116534	0.000033
褑胁械褌薪邪褟	0.000281	0.040822	0.000011
褑械薪薪褘褏	0.000281	0.040822	0.000011
褑械薪褌褉	0.000281	0.116534	0.000033
褔邪械屑	0.000562	0.116534	0.000066
褔邪泄	0.000843	0.040822	0.000034
褔邪褋褌芯	0.000281	0.994252	0.000280
褔械斜褍褉械泻懈	0.000562	0.040822	0.000023
褔械褉泻懈蟹芯胁芯	0.000562	0.116534	0.000066
褔械褉薪褘泄	0.003374	0.371064	0.001252
褔械褉褉懈	0.000562	2.040221	0.001147
褔械褋薪芯泻	0.004498	0.314711	0.001416
褔械褋薪芯褔薪褘泄	0.000562	1.660731	0.000934
褔械褋褌薪褘屑懈	0.000281	0.040822	0.000011
褔械褔械胁懈褑邪	0.000281	0.040822	0.000011
褔械褕褋泻邪褟	0.000281	0.116534	0.000033
褔懈蟹泻械泄泻	0.001125	0.040822	0.000046
褔懈谢懈	0.001125	1.237874	0.001392
褔懈谢懈泄褋泻邪褟	0.000281	0.116534	0.000033
褔懈锌褋褘	0.000281	0.040822	0.000011
褔懈褋谢褍	0.000281	0.261365	0.000073
褔褍写械褋	0.000281	0.116534	0.000033
褕邪褉懈泻懈	0.000843	0.040822	0.000034
褕邪褉懈泻芯胁	0.000281	4.605170	0.001295
褕邪褉谢芯褌泻邪	0.000281	0.040822	0.000011
褕邪褉谢芯褌泻懈	0.000281	0.127833	0.000036
褕邪褉屑	0.000281	0.116534	0.000033
褕邪褕谢褘泻	0.003374	0.040822	0.000138
褕邪褕谢褘泻懈	0.000281	0.040822	0.000011
褕胁械写褋泻邪褟	0.000281	0.116534	0.000033
褕胁械泄褑邪褉褋泻邪褟	0.000281	0.116534	0.000033
褕械写械胁褉	0.000281	3.912023	0.001100
褕械写械胁褉邪谢械薪	0.000281	4.605170	0.001295
褕械写械胁褉褘	0.000281	0.116534	0.000033
褕械褎	0.000281	0.127833	0.000036
褕懈锌褍褔泻邪	0.000281	0.040822	0.000011
褕懈褉芯泻邪褟	0.000281	0.127833	0.000036
褕泻芯谢褍	0.000562	0.116534	0.000066
褕芯泻芯谢邪写	0.000281	0.040822	0.000011
褕芯褌谢邪薪写褋泻邪褟	0.000281	0.116534	0.000033
褕褌褉褍写械谢褜	0.000281	0.040822	0.000011
褕褍褉锌邪	0.000281	0.040822	0.000011
褖邪褋	0.000281	0.116534	0.000033
褖械写褉邪褟	0.000281	0.116534	0.000033
褖懈	0.000562	0.040822	0.000023
褝泻芯屑懈谢泻	0.000281	0.127833	0.000036
褝谢械泻褌褉懈褔械褋褌胁芯	0.000281	3.912023	0.001100
褝褋褌芯薪褋泻邪褟	0.000281	0.116534	0.000033
褝褌芯谐芯	0.000281	0.415515	0.000117
褝褌褍	0.000281	1.272966	0.000358
褞谐芯褋谢邪胁褋泻邪褟	0.000281	0.116534	0.000033
褟谐芯写薪褘械	0.000562	0.116534	0.000066
褟谐芯写薪褘泄	0.000562	0.116534	0.000066
褟蟹褘泻	0.000281	0.040822	0.000011
褟懈褑	0.001125	0.116534	0.000131
褟懈褔薪褘泄	0.000562	1.049822	0.000590
褟泄褑邪	0.000281	0.040822	0.000011
褟泄褑芯	0.002811	0.261365	0.000735
褟谢芯褉懈褋	0.000281	1.771957	0.000498
褟薪写械泻褋	0.000281	0.072571	0.000020
褟锌芯薪褋泻邪褟	0.000281	0.116534	0.000033
褟锌芯薪褋泻芯泄	0.000281	0.061875	0.000017
褟褉泻懈械	0.000281	0.116534	0.000033
褟褉泻芯	0.000281	0.105361	0.000030
