褌芯泻械薪	TF	IDF	TF-IDF
邪斜褋芯谢褞褌薪芯	0.000284	1.832581	0.000520
邪斜褏邪蟹褋泻邪褟	0.000284	0.116534	0.000033
邪胁谐褍褋褌邪	0.000568	0.867501	0.000492
邪胁褋褌褉邪谢懈泄褋泻邪褟	0.000284	0.116534	0.000033
邪胁褋褌褉懈泄褋泻邪褟	0.000284	0.116534	0.000033
邪胁褌芯泻谢邪胁邪	0.000284	0.116534	0.000033
邪胁褌芯褉邪屑	0.000284	0.040822	0.000012
邪谐褉芯	0.000284	0.116534	0.000033
邪写邪锌褌懈褉芯胁邪薪薪褘泄	0.000284	3.912023	0.001110
邪写卸懈泻邪	0.000284	0.040822	0.000012
邪蟹械褉斜邪泄写卸邪薪褋泻邪褟	0.000284	0.116534	0.000033
邪蟹懈邪褌褋泻邪褟	0.000284	0.127833	0.000036
邪蟹褘	0.000284	0.127833	0.000036
邪泄褉邪薪	0.000284	0.040822	0.000012
邪泻胁邪褌懈泻邪	0.000851	0.127833	0.000109
邪谢械泻褋械褟	0.000284	0.127833	0.000036
邪谢泻芯谐芯谢褜	0.000568	0.116534	0.000066
邪谢泻芯谐芯谢褜薪褘械	0.000284	0.116534	0.000033
邪谢泻芯谐芯谢褟	0.000284	0.116534	0.000033
邪谢褜褟薪褋	0.000284	0.116534	0.000033
邪屑械褉懈泻邪薪褋泻邪褟	0.000284	0.116534	0.000033
邪薪谐谢懈泄褋泻邪褟	0.000284	0.116534	0.000033
邪薪写褉械褟	0.000284	0.127833	0.000036
邪褉邪斜褋泻邪褟	0.000284	0.116534	0.000033
邪褉谐械薪褌懈薪褋泻邪褟	0.000284	0.116534	0.000033
邪褉屑褟薪褋泻邪褟	0.000284	0.116534	0.000033
邪褉芯屑邪褌	0.000284	1.660731	0.000471
邪褉芯屑邪褌薪邪褟	0.000284	1.832581	0.000520
邪褉芯屑邪褌薪褍褞	0.000284	3.506558	0.000995
邪褉芯屑邪褌芯胁	0.000568	2.813411	0.001597
邪褉芯屑邪褌芯屑	0.000284	1.514128	0.000430
邪褋褋芯褉褌懈	0.000568	0.116534	0.000066
邪褌谢邪薪褌	0.000284	0.127833	0.000036
邪褍褉懈褔泻邪	0.000284	3.506558	0.000995
邪褎谐邪薪褋泻邪褟	0.000284	0.116534	0.000033
邪褎褉懈泻邪薪褋泻邪褟	0.000284	0.116534	0.000033
邪褝褉芯谐褉懈谢械	0.002838	0.116534	0.000331
斜邪谐械褌	0.000568	3.218876	0.001827
斜邪写褜褟薪	0.000568	3.218876	0.001827
斜邪蟹懈谢懈泻	0.001135	1.609438	0.001827
斜邪泻谢邪卸邪薪褘	0.000284	0.040822	0.000012
斜邪谢褌泻芯屑	0.000284	0.127833	0.000036
斜邪谢褜蟹邪屑懈泻	0.000568	2.659260	0.001509
斜邪褉邪薪懈薪褘	0.001135	0.116534	0.000132
斜邪褋屑邪褌懈	0.000568	0.127833	0.000073
斜邪褋褌褍褉屑邪	0.000284	0.040822	0.000012
斜邪褌芯薪褔懈泻懈	0.000284	0.127833	0.000036
斜邪褕泻懈褉褋泻邪褟	0.000284	0.116534	0.000033
斜械写褉芯	0.000568	2.302585	0.001307
斜械蟹邪谢泻芯谐芯谢褜薪褘械	0.000284	0.116534	0.000033
斜械蟹谐谢褞褌械薪芯胁褘械	0.000284	0.116534	0.000033
斜械蟹械	0.001135	0.040822	0.000046
斜械蟹芯斜褉邪蟹懈褟	0.000284	2.525729	0.000717
斜械泻芯薪	0.000568	1.966113	0.001116
斜械谢械斜械械胁褋泻懈泄	0.000568	0.116534	0.000066
斜械谢芯褉褍褋褋泻邪褟	0.000284	0.116534	0.000033
斜械谢芯褑械褉泻芯胁褋泻邪褟	0.000284	4.605170	0.001307
斜械谢褜谐懈泄褋泻邪褟	0.000284	0.116534	0.000033
斜械褉械蟹芯胁芯泄	0.000284	4.605170	0.001307
斜械褉械屑械薪薪褘褏	0.000284	0.116534	0.000033
斜械褋械写懈薪邪	0.000284	0.127833	0.000036
斜械褋锌芯写芯斜薪邪褟	0.000284	4.605170	0.001307
斜械褋锌芯写芯斜薪芯	0.000284	1.966113	0.000558
斜懈褋泻胁懈褌	0.000284	0.040822	0.000012
斜懈褋泻胁懈褌薪芯械	0.000568	0.116534	0.000066
斜懈褋泻胁懈褌薪褘泄	0.000284	0.105361	0.000030
斜懈褋泻胁懈褌褘	0.000284	0.127833	0.000036
斜谢邪谐芯写邪褉褟	0.000284	1.897120	0.000538
斜谢懈卸械	0.000284	0.116534	0.000033
斜谢懈蟹泻懈褏	0.000284	0.116534	0.000033
斜谢懈薪芯胁	0.000568	0.116534	0.000066
斜谢懈薪褘	0.001135	0.040822	0.000046
斜谢褞写	0.000851	0.094311	0.000080
斜谢褞写邪	0.030363	0.040822	0.001239
斜谢褞写械	0.000568	2.302585	0.001307
斜谢褞写芯	0.001703	0.040822	0.000070
斜谢褞写芯屑	0.000284	0.994252	0.000282
斜谢褞写褍	0.000851	0.116534	0.000099
斜芯斜芯胁褘械	0.000568	0.127833	0.000073
斜芯斜芯胁褘褏	0.001986	0.116534	0.000231
斜芯谢谐邪褉褋泻邪褟	0.000284	0.116534	0.000033
斜芯谢褜褕械	0.000568	0.105361	0.000060
斜芯谢褜褕懈屑懈	0.000284	3.912023	0.001110
斜芯薪褍褋	0.000284	3.912023	0.001110
斜芯褉褖	0.000568	0.040822	0.000023
斜芯褌胁懈薪褜褟	0.000284	0.040822	0.000012
斜褉邪蟹懈谢褜褋泻邪褟	0.000284	0.116534	0.000033
斜褉邪褍蟹械褉械	0.000284	0.040822	0.000012
斜褉邪褍薪懈	0.000284	0.040822	0.000012
斜褉械褋褌	0.000284	0.127833	0.000036
斜褉芯泻泻芯谢懈	0.000284	0.040822	0.000012
斜褉褍褋芯褔泻邪屑懈	0.000284	3.912023	0.001110
斜褍写褍	0.000284	1.427116	0.000405
斜褍卸械薪懈薪邪	0.000284	0.040822	0.000012
斜褍泻械褌芯屑	0.000284	4.605170	0.001307
斜褍谢芯褔泻邪屑懈	0.000284	0.116534	0.000033
斜褍谢芯褔泻懈	0.000568	0.040822	0.000023
斜褍谢褜芯薪	0.002554	0.040822	0.000104
斜褍谢褜芯薪褘	0.001135	0.116534	0.000132
斜褍褉谐械褉	0.000284	0.040822	0.000012
斜褍褉谐械褉褘	0.000284	0.127833	0.000036
斜褍褉褟褌褋泻邪褟	0.000284	0.116534	0.000033
斜褍褌械褉斜褉芯写	0.000568	0.116534	0.000066
斜褍褌械褉斜褉芯写褘	0.000568	0.040822	0.000023
斜褘褋褌褉芯	0.000568	0.094311	0.000054
斜褘褋褌褉芯械	0.000284	2.525729	0.000717
斜褘褋褌褉芯泄	0.000284	0.116534	0.000033
斜褘褋褌褉褘泄	0.000851	0.105361	0.000090
斜褢写褉邪屑懈	0.000284	3.506558	0.000995
胁邪卸薪褘械	0.000284	0.116534	0.000033
胁邪谢谢懈泄褋泻邪褟	0.000284	0.116534	0.000033
胁邪屑懈	0.000851	0.843970	0.000718
胁邪褉械薪懈泻懈	0.000284	0.116534	0.000033
胁邪褉械薪褜械	0.000568	0.040822	0.000023
胁邪褉懈邪薪褌	0.000284	0.562119	0.000160
胁邪褉懈邪薪褌械	0.000568	2.659260	0.001509
胁邪褌褉褍褕泻懈	0.000284	0.040822	0.000012
胁邪褎谢懈	0.000568	0.040822	0.000023
胁邪褕械泄	0.000568	0.040822	0.000023
胁胁芯写褟	0.000284	0.040822	0.000012
胁写芯褏薪芯胁械薪懈械	0.001135	0.116534	0.000132
胁写芯褏薪芯胁械薪懈械屑	0.000568	0.116534	0.000066
胁写芯褏薪芯胁谢褟泄褋褟	0.000284	0.116534	0.000033
胁械谐械褌邪褉懈邪薪褋泻懈械	0.000284	0.127833	0.000036
胁械谐械褌邪褉懈邪薪褋泻芯械	0.000284	0.116534	0.000033
胁械谢懈泻懈泄	0.000284	0.116534	0.000033
胁械薪谐械褉褋泻邪褟	0.000284	0.116534	0.000033
胁械褋械薪薪懈械	0.000284	0.051293	0.000015
胁械褋薪邪	0.001703	0.116534	0.000198
胁械褋薪褘	0.000284	0.116534	0.000033
胁械褌褔懈薪褘	0.000284	0.105361	0.000030
胁懈写械芯	0.000568	0.116534	0.000066
胁懈写械芯褉械褑械锌褌褘	0.000284	0.301105	0.000085
胁懈薪邪	0.000284	3.912023	0.001110
胁懈薪芯	0.000568	0.040822	0.000023
胁泻谢褞褔邪褞褖懈褏	0.000284	0.634878	0.000180
胁泻褍褋	0.000851	0.105361	0.000090
胁泻褍褋邪	0.002270	0.116534	0.000265
胁泻褍褋械薪	0.000284	1.560648	0.000443
胁泻褍褋薪邪褟	0.001419	0.061875	0.000088
胁泻褍褋薪械械	0.000568	0.116534	0.000066
胁泻褍褋薪械泄	0.000568	0.116534	0.000066
胁泻褍褋薪械泄褕邪褟	0.000284	2.813411	0.000798
胁泻褍褋薪械泄褕褍褞	0.000284	4.605170	0.001307
胁泻褍褋薪芯	0.002554	0.094311	0.000241
胁泻褍褋薪芯械	0.000284	0.994252	0.000282
胁泻褍褋薪褘械	0.000568	0.105361	0.000060
胁泻褍褋薪褘泄	0.000568	0.385662	0.000219
胁泻褍褋薪褘屑	0.000568	1.049822	0.000596
胁泻褍褋芯屑	0.000284	0.105361	0.000030
胁谢褞斜谢械薪薪褘褏	0.000284	0.116534	0.000033
胁谢褞斜谢械薪褘	0.000284	4.605170	0.001307
胁屑械褋褌械	0.000568	0.916291	0.000520
胁薪邪褔邪谢械	0.001135	0.248461	0.000282
胁薪褍褌褉懈	0.000568	1.469676	0.000834
胁芯	0.000284	0.061875	0.000018
胁芯写邪	0.001703	0.287682	0.000490
胁芯写械	0.000284	0.105361	0.000030
胁芯泄褌懈	0.000284	0.000000	0.000000
胁芯谢芯胁邪薪褘	0.000284	0.116534	0.000033
胁芯谢褕械斜薪褘械	0.000284	0.116534	0.000033
胁芯谢褕械斜褋褌胁芯	0.000284	0.116534	0.000033
胁芯锌褉芯褋褘	0.000284	0.000000	0.000000
胁芯褋褌芯褔薪邪褟	0.000284	0.127833	0.000036
胁褉械屑械薪邪	0.000284	0.116534	0.000033
胁褉械屑械薪械屑	0.001986	0.116534	0.000231
胁褉械屑械薪懈	0.000284	0.967584	0.000275
胁褋械谐芯	0.000568	0.186330	0.000106
胁褋械泄	0.000851	0.105361	0.000090
胁褋械屑褍	0.000284	0.061875	0.000018
胁褋锌芯屑薪懈褌褜	0.000284	0.040822	0.000012
胁褋褞	0.000284	1.966113	0.000558
胁褌芯褉芯械	0.000284	0.116534	0.000033
胁褌芯褉芯泄	0.000284	2.813411	0.000798
胁褌芯褉褘械	0.000284	0.127833	0.000036
胁褏芯写	0.000851	0.030459	0.000026
胁褘泄褌懈	0.000284	0.040822	0.000012
胁褘泻谢邪写褘胁邪械褌褋褟	0.000284	3.506558	0.000995
胁褘锌械褔泻邪	0.003689	0.040822	0.000151
胁褘锌械褔泻械	0.000284	2.659260	0.000755
胁褘锌械褔泻懈	0.000568	0.072571	0.000041
胁褘锌械褔泻芯泄	0.000568	0.116534	0.000066
胁褘褕谢芯	0.000284	3.506558	0.000995
胁褜械褌薪邪屑褋泻邪褟	0.000284	0.116534	0.000033
胁褟谢械薪邪褟	0.000284	3.912023	0.001110
胁褟谢械薪芯械	0.000284	3.506558	0.000995
胁褟谢械薪褘械	0.000568	2.995732	0.001700
胁褟谢械薪褘屑	0.000284	4.605170	0.001307
胁褟谢械薪褘褏	0.000568	4.605170	0.002614
谐邪胁邪泄褋泻邪褟	0.000284	0.116534	0.000033
谐邪褉薪懈褉	0.003689	0.040822	0.000151
谐邪褉薪懈褉芯屑	0.000284	2.525729	0.000717
谐邪褋锌邪褔芯	0.000284	0.040822	0.000012
谐邪褋褌褉芯薪芯屑懈	0.000284	4.605170	0.001307
谐胁芯蟹写懈泻邪	0.001135	2.302585	0.002614
谐械芯谐褉邪褎懈褟	0.000284	0.116534	0.000033
谐谢邪胁薪芯械	0.000284	1.139434	0.000323
谐谢邪胁薪褘泄	0.000284	0.040822	0.000012
谐谢邪蟹褍褉褜	0.000851	0.040822	0.000035
谐谢懈薪褌胁械泄薪	0.000284	0.040822	0.000012
谐芯胁褟写懈薪邪	0.000851	2.302585	0.001960
谐芯胁褟写懈薪褘	0.001135	0.116534	0.000132
谐芯写	0.002838	0.105361	0.000299
谐芯写邪	0.004257	0.248461	0.001058
谐芯谢械薪褟屑懈	0.000284	3.506558	0.000995
谐芯谢谢邪薪写褋泻邪褟	0.000284	0.116534	0.000033
谐芯谢谢邪薪写褋泻懈泄	0.000568	1.966113	0.001116
谐芯褉邪蟹写芯	0.000284	2.040221	0.000579
谐芯褉芯写邪	0.000284	0.116534	0.000033
谐芯褉芯褏	0.000284	0.116534	0.000033
谐芯褉褔懈褑邪	0.001703	0.040822	0.000070
谐芯褉褔懈褑邪屑懈	0.000284	0.127833	0.000036
谐芯褉褔懈褔泻芯泄	0.000284	4.605170	0.001307
谐芯褉褕芯褔泻邪褏	0.000284	0.105361	0.000030
谐芯褉褕芯褔泻械	0.000284	0.040822	0.000012
谐芯褉褟褔械械	0.000568	0.116534	0.000066
谐芯褉褟褔懈械	0.013053	0.105361	0.001375
谐芯褉褟褔懈泄	0.000568	0.116534	0.000066
谐芯褋褌械泄	0.000568	1.272966	0.000722
谐芯褋褌懈	0.000284	0.116534	0.000033
谐芯褌芯胁懈屑	0.001703	0.094311	0.000161
谐芯褌芯胁懈褌褋褟	0.000568	0.478036	0.000271
谐芯褌芯胁懈褌褜	0.001986	0.105361	0.000209
谐芯褌芯胁谢褞	0.000284	1.049822	0.000298
谐芯褌芯胁褜	0.000568	0.116534	0.000066
谐芯褌芯胁褟褌	0.000284	0.116534	0.000033
谐褉械薪泻懈	0.000568	0.040822	0.000023
谐褉械褑泻懈械	0.000568	1.469676	0.000834
谐褉械褑泻懈屑懈	0.000284	4.605170	0.001307
谐褉械褔械褋泻邪褟	0.000284	0.116534	0.000033
谐褉械褔泻邪	0.000284	0.040822	0.000012
谐褉懈斜邪屑	0.000284	3.218876	0.000913
谐褉懈斜邪屑懈	0.001419	0.105361	0.000149
谐褉懈斜薪褘械	0.000568	0.040822	0.000023
谐褉懈斜芯胁	0.001703	0.116534	0.000198
谐褉懈斜褘	0.001135	0.040822	0.000046
谐褉懈谢械	0.001419	0.116534	0.000165
谐褉懈谢褜	0.000284	0.116534	0.000033
谐褉懈谢褜屑邪薪懈褟	0.000284	0.116534	0.000033
谐褉懈谢褟	0.001135	0.116534	0.000132
谐褉芯谐	0.000284	0.040822	0.000012
谐褉褍写泻芯泄	0.000284	3.218876	0.000913
谐褉褍蟹懈薪褋泻邪褟	0.000284	0.116534	0.000033
谐褉褍锌锌褘	0.000284	0.061875	0.000018
谐褍卸械褉褘	0.000568	4.605170	0.002614
谐褍褉屑邪薪懈褟	0.001703	0.116534	0.000198
谐褍褉屑械	0.000284	0.127833	0.000036
谐褍褋褟	0.000568	0.105361	0.000060
写邪胁薪芯	0.000284	0.967584	0.000275
写邪械褌	0.000284	0.040822	0.000012
写邪薪薪褘械	0.000284	0.040822	0.000012
写邪褉褘	0.000284	0.116534	0.000033
写邪褌械	0.000568	0.248461	0.000141
写邪褌褋泻邪褟	0.000284	0.116534	0.000033
写邪褔薪芯械	0.000851	0.116534	0.000099
写械泄褋褌胁懈褌械谢褜薪芯	0.000284	1.832581	0.000520
写械泻邪斜褉褟	0.001135	0.597837	0.000679
写械泻芯褉	0.000284	0.127833	0.000036
写械谢邪械褌	0.000568	0.116534	0.000066
写械谢邪谢邪	0.000284	1.469676	0.000417
写械谢邪褞	0.000284	1.386294	0.000393
写械谢懈屑褋褟	0.000284	0.040822	0.000012
写械谢懈褌褜褋褟	0.000284	2.659260	0.000755
写械谢芯屑	0.000284	0.116534	0.000033
写械薪褜	0.001419	0.083382	0.000118
写械褋械褉褌	0.000851	0.116534	0.000099
写械褋械褉褌邪褑懈褟	0.000284	0.116534	0.000033
写械褋械褉褌薪褘械	0.000284	0.116534	0.000033
写械褋械褉褌褘	0.003973	0.040822	0.000162
写械褋褟褌懈	0.000284	3.506558	0.000995
写械褌械泄	0.000284	0.116534	0.000033
写械褌泻邪屑	0.000284	3.506558	0.000995
写卸械泄屑懈	0.000284	2.659260	0.000755
写卸械屑	0.000284	0.040822	0.000012
写蟹械薪	0.000284	0.116534	0.000033
写懈械褌邪	0.000284	0.116534	0.000033
写懈械褌褍	0.000284	3.218876	0.000913
写懈械褌褘	0.000568	0.116534	0.000066
写懈泻懈泄	0.000568	0.116534	0.000066
写懈泻芯谐芯	0.000284	0.116534	0.000033
写懈锌	0.000284	0.116534	0.000033
写懈褔懈	0.000568	0.116534	0.000066
写懈褔褜	0.000284	0.116534	0.000033
写谢懈褌械谢褜薪芯谐芯	0.000568	2.525729	0.001433
写薪械胁薪懈泻邪褏	0.000284	0.061875	0.000018
写薪械泄	0.000851	0.116534	0.000099
写薪褟	0.000284	0.040822	0.000012
写芯斜邪胁谢械薪懈褟屑	0.000284	0.274437	0.000078
写芯斜邪胁谢褟褌褜	0.000284	0.040822	0.000012
写芯斜邪胁褜	0.000284	0.116534	0.000033
写芯斜褉芯	0.000284	3.218876	0.000913
写芯斜褉芯褎谢芯褌	0.000284	0.127833	0.000036
写芯胁械褉褟械褕褜	0.000284	0.116534	0.000033
写芯屑	0.002554	0.040822	0.000104
写芯屑邪	0.000284	0.994252	0.000282
写芯屑邪褕薪械械	0.000851	0.040822	0.000035
写芯屑邪褕薪懈械	0.000568	0.040822	0.000023
写芯屑邪褕薪懈泄	0.001703	0.116534	0.000198
写芯屑邪褕薪懈褏	0.000568	1.714798	0.000973
写芯屑邪褕薪褟褟	0.000568	0.105361	0.000060
写芯屑械	0.000284	1.832581	0.000520
写芯屑芯胁	0.000284	0.040822	0.000012
写芯屑芯泄	0.000284	2.525729	0.000717
写芯锌芯谢薪械薪懈械屑	0.000284	3.506558	0.000995
写芯褉芯谐懈械	0.000284	1.272966	0.000361
写芯褉芯谐懈褏	0.000284	4.605170	0.001307
写芯褋褌邪褌芯褔薪芯	0.000284	2.040221	0.000579
写芯褋褌芯懈褌	0.000284	4.605170	0.001307
写褉邪泄胁	0.001419	0.127833	0.000181
写褉芯卸卸械胁芯械	0.000284	0.116534	0.000033
写褉芯卸卸懈	0.000568	0.941609	0.000534
写褉褍谐懈屑懈	0.000284	0.040822	0.000012
写褉褍谐芯屑褍	0.000284	2.407946	0.000683
写褉褍蟹械泄	0.000284	1.514128	0.000430
写褍屑邪褞	0.000284	1.427116	0.000405
写褍褏芯胁泻邪	0.001135	0.127833	0.000145
写褍褕懈	0.000851	0.105361	0.000090
写褍褕懈褋褌褘泄	0.001703	1.237874	0.002108
械胁褉械泄褋泻邪褟	0.000284	0.116534	0.000033
械谐懈锌械褌褋泻邪褟	0.000284	0.116534	0.000033
械写懈薪褘泄	0.000284	0.040822	0.000012
械泻芯	0.000284	0.127833	0.000036
卸邪谢械褌褜	0.000284	3.506558	0.000995
卸邪褉械薪邪褟	0.000284	2.995732	0.000850
卸邪褉泻懈	0.000284	3.912023	0.001110
卸邪褉泻芯械	0.000284	0.040822	0.000012
卸械谢械	0.000851	0.040822	0.000035
卸械薪褋泻邪褟	0.000284	0.127833	0.000036
卸械薪褋泻芯屑	0.000284	0.061875	0.000018
卸械薪褖懈薪褘	0.000568	0.116534	0.000066
卸懈蟹薪懈	0.000284	0.040822	0.000012
卸懈蟹薪褜	0.000284	0.116534	0.000033
卸懈谢邪	0.000284	3.912023	0.001110
卸懈谢谢邪褉写懈	0.000284	4.605170	0.001307
卸褍谢褜械薪	0.000284	0.040822	0.000012
卸褍褉薪邪谢邪	0.000568	0.127833	0.000073
卸褞谢褜械薪	0.000284	0.040822	0.000012
蟹邪胁邪褉薪芯械	0.000284	0.116534	0.000033
蟹邪胁邪褉薪芯泄	0.000284	0.116534	0.000033
蟹邪胁褌褉邪泻	0.001986	0.094311	0.000187
蟹邪胁褌褉邪泻懈	0.000284	0.127833	0.000036
蟹邪谐芯褌芯胁泻懈	0.001703	0.040822	0.000070
蟹邪谐褉褍卸褍	0.000284	4.605170	0.001307
蟹邪写邪胁邪褌褜	0.000284	0.040822	0.000012
蟹邪泄褑邪	0.000568	0.116534	0.000066
蟹邪泻胁邪褋泻邪	0.000284	0.040822	0.000012
蟹邪泻胁邪褋泻邪屑懈	0.000284	0.116534	0.000033
蟹邪泻胁邪褋芯泻	0.000284	0.127833	0.000036
蟹邪泻褉褘褌褘泄	0.000284	0.116534	0.000033
蟹邪泻褍褋泻邪	0.000284	1.347074	0.000382
蟹邪泻褍褋泻懈	0.007378	0.040822	0.000301
蟹邪泻褍褋泻褍	0.000851	0.116534	0.000099
蟹邪泻褍褋芯薪褔懈泻	0.000284	0.116534	0.000033
蟹邪泻褍褋芯褔泻邪	0.000284	0.116534	0.000033
蟹邪泻褍褋芯褔薪褘械	0.002554	0.116534	0.000298
蟹邪谢懈胁薪芯械	0.000568	0.040822	0.000023
蟹邪屑械薪懈褌褜	0.000284	2.659260	0.000755
蟹邪屑械褌懈胁	0.000284	3.912023	0.001110
蟹邪屑械褔邪褌械谢褜薪褘屑	0.000284	2.302585	0.000653
蟹邪屑芯褉芯蟹泻邪	0.000284	0.105361	0.000030
蟹邪锌邪写	0.000284	0.116534	0.000033
蟹邪锌械泻邪薪懈械屑	0.000284	4.605170	0.001307
蟹邪锌械泻邪薪泻邪	0.001135	0.105361	0.000120
蟹邪锌械泻邪薪泻懈	0.001986	0.040822	0.000081
蟹邪锌械褔械薪薪邪褟	0.000284	2.120264	0.000602
蟹邪锌械褔械薪薪褘械	0.000284	2.302585	0.000653
蟹邪锌械褔械薪薪褘泄	0.000568	1.897120	0.001077
蟹邪锌褉邪胁泻邪	0.000568	0.040822	0.000023
蟹邪锌褉邪胁谢械薪薪褘泄	0.000284	4.605170	0.001307
蟹邪锌褉邪胁谢褟谢邪	0.000284	4.605170	0.001307
蟹邪锌褉芯褋褌芯	0.000284	3.912023	0.001110
蟹邪褉械谐懈褋褌褉懈褉芯胁邪胁褕懈褋褜	0.000284	0.040822	0.000012
蟹邪褉械谐懈褋褌褉懈褉芯胁邪褌褜褋褟	0.000284	0.030459	0.000009
蟹邪褋芯谢泻邪	0.000284	0.116534	0.000033
蟹胁邪薪褘泄	0.000284	0.127833	0.000036
蟹胁械蟹写邪	0.000284	0.127833	0.000036
蟹胁褢蟹写薪褘械	0.000284	0.116534	0.000033
蟹写芯褉芯胁芯	0.000284	4.605170	0.001307
蟹写芯褉芯胁芯械	0.000284	0.116534	0.000033
蟹写芯褉芯胁褘泄	0.000284	0.116534	0.000033
蟹械谢械薪褜	0.001419	0.094311	0.000134
蟹械褎懈褉	0.000284	0.040822	0.000012
蟹懈屑邪	0.000568	2.813411	0.001597
蟹懈屑薪懈械	0.000284	0.051293	0.000015
蟹懈屑褍	0.001135	0.040822	0.000046
蟹芯谢芯褌邪褟	0.000284	0.116534	0.000033
懈胁邪薪邪	0.000284	4.605170	0.001307
懈胁邪薪芯胁邪	0.000284	0.127833	0.000036
懈写械邪谢褜薪邪褟	0.000568	0.116534	0.000066
懈写械邪谢褜薪芯	0.000284	1.514128	0.000430
懈写械邪谢褜薪芯谐芯	0.001419	0.116534	0.000165
懈写械邪谢褜薪芯械	0.000284	0.116534	0.000033
懈写械邪谢褜薪褘泄	0.000284	1.966113	0.000558
懈写械泄泻懈	0.000284	0.116534	0.000033
懈写械褌	0.000284	2.120264	0.000602
懈蟹斜褍褕泻械	0.000284	4.605170	0.001307
懈蟹写械谢懈褟	0.001135	0.116534	0.000132
懈蟹写械谢懈褟屑懈	0.000851	0.116534	0.000099
懈泻褉邪	0.000851	0.040822	0.000035
懈屑械薪械屑	0.000284	0.040822	0.000012
懈薪胁械褉褌芯褉薪芯泄	0.000284	0.127833	0.000036
懈薪谐褉械写懈械薪褌褘	0.008513	0.139262	0.001186
懈薪写械泄泻懈	0.001986	0.094311	0.000187
懈薪写械泄泻芯泄	0.000284	0.116534	0.000033
懈薪写懈泄褋泻邪褟	0.000284	0.116534	0.000033
懈薪写懈谢邪泄褌	0.000851	0.116534	0.000099
懈薪写懈褉械褋薪褘械	0.000284	0.116534	0.000033
懈薪褋褌褉褍泻褑懈褟屑懈	0.000284	0.040822	0.000012
懈薪褌械褉械褋薪褘泄	0.000284	1.897120	0.000538
懈褉邪泻褋泻邪褟	0.000284	0.116534	0.000033
懈褉邪薪褋泻邪褟	0.000284	0.116534	0.000033
懈褉谢邪薪写褋泻邪褟	0.000284	0.116534	0.000033
懈褋泻褉械薪薪械	0.000284	0.116534	0.000033
懈褋谢邪薪写褋泻邪褟	0.000284	0.116534	0.000033
懈褋锌邪薪褋泻邪褟	0.000284	0.116534	0.000033
懈褋锌械泻懈	0.000284	0.116534	0.000033
懈褋锌械褔褜	0.000284	1.966113	0.000558
懈褋褌芯褉懈懈	0.001419	0.116534	0.000165
懈褋褌芯褉懈褞	0.000284	0.116534	0.000033
懈褌邪谢懈懈	0.000568	0.105361	0.000060
懈褌邪谢褜褟薪褋泻邪褟	0.000284	0.116534	0.000033
懈褌邪谢褜褟薪褋泻芯泄	0.000284	3.506558	0.000995
懈褌邪谢褜褟薪褋泻褍褞	0.000284	3.912023	0.001110
懈褖褍	0.000284	2.659260	0.000755
懈褞谢褟	0.000284	0.597837	0.000170
懈褞薪褟	0.000284	0.579818	0.000165
泄芯谐褍褉褌	0.000851	0.040822	0.000035
泄芯谐褍褉褌芯屑	0.000284	3.912023	0.001110
泻邪斜邪褔泻懈	0.000284	0.040822	0.000012
泻邪胁泻邪蟹褋泻邪褟	0.000284	0.116534	0.000033
泻邪写褍褕泻械	0.000284	4.605170	0.001307
泻邪蟹邪薪械	0.000284	0.116534	0.000033
泻邪蟹邪褏褋泻邪褟	0.000284	0.116534	0.000033
泻邪泻邪芯	0.000568	0.040822	0.000023
泻邪谢械泄写芯褋泻芯锌	0.001135	0.116534	0.000132
泻邪谢屑褘褑泻邪褟	0.000284	0.116534	0.000033
泻邪谢芯褉懈泄薪芯械	0.000284	3.218876	0.000913
泻邪谢褜屑邪褉	0.000284	0.040822	0.000012
泻邪屑械褉邪	0.000284	0.116534	0.000033
泻邪薪邪写械	0.000284	3.912023	0.001110
泻邪薪邪写褋泻邪褟	0.000284	0.116534	0.000033
泻邪薪邪谢	0.000568	0.040822	0.000023
泻邪薪邪谢械	0.000284	0.040822	0.000012
泻邪薪邪锌械	0.000568	0.040822	0.000023
泻邪锌械谢褜泻芯泄	0.000284	4.605170	0.001307
泻邪锌褍褋褌邪	0.000568	0.040822	0.000023
泻邪锌褍褋褌薪褟泻	0.000284	0.040822	0.000012
泻邪锌褍褋褌褘	0.000284	0.040822	0.000012
泻邪褉邪屑械谢褜	0.000284	0.040822	0.000012
泻邪褉泻邪褋薪褘泄	0.001135	0.116534	0.000132
泻邪褉褌芯褎械谢褜	0.003405	0.040822	0.000139
泻邪褉褌芯褎械谢褜薪芯械	0.000284	0.040822	0.000012
泻邪褉褌芯褎械谢褜薪褘泄	0.001135	0.116534	0.000132
泻邪褉褌芯褕械褔泻邪	0.000284	2.407946	0.000683
泻邪褉褌芯褕泻邪	0.001135	0.040822	0.000046
泻邪褉褌芯褕泻褍	0.000284	2.207275	0.000626
泻邪褌械谐芯褉懈懈	0.000284	0.116534	0.000033
泻邪褌械谐芯褉懈褟	0.004257	0.150823	0.000642
泻邪褔械褋褌胁芯	0.000284	0.116534	0.000033
泻邪褕邪	0.000284	0.040822	0.000012
泻邪褕懈	0.001419	0.105361	0.000149
泻邪褕褍	0.000284	0.094311	0.000027
泻胁邪褋	0.000851	0.040822	0.000035
泻胁邪褋薪芯械	0.000851	0.116534	0.000099
泻胁邪褋芯屑	0.000284	0.127833	0.000036
泻械泻褋	0.000284	0.040822	0.000012
泻械泻褋褘	0.000568	0.116534	0.000066
泻械褎懈褉	0.000284	0.040822	0.000012
泻懈屑褔懈	0.000284	0.040822	0.000012
泻懈薪芯邪	0.000568	0.127833	0.000073
泻懈薪芯谢械薪褌邪	0.000284	0.116534	0.000033
泻懈褋械谢褜	0.000568	0.040822	0.000023
泻懈褌邪泄褋泻邪褟	0.000284	0.116534	0.000033
泻谢邪褋褋	0.002270	0.116534	0.000265
泻谢邪褋褋褘	0.000284	0.116534	0.000033
泻薪懈谐褍	0.000568	0.040822	0.000023
泻芯泻褌械泄谢懈	0.000284	0.127833	0.000036
泻芯泻褌械泄谢褜	0.001419	0.040822	0.000058
泻芯谢斜邪褋邪	0.000284	0.040822	0.000012
泻芯谢斜邪褋薪褘屑懈	0.000851	0.116534	0.000099
泻芯谢写芯胁邪薪懈褞	0.000284	4.605170	0.001307
泻芯谢懈褔械褋褌胁芯	0.000284	1.832581	0.000520
泻芯屑邪薪写邪	0.000568	0.127833	0.000073
泻芯屑懈	0.000284	0.116534	0.000033
泻芯屑屑械薪褌邪褉懈械胁	0.000284	0.223144	0.000063
泻芯屑锌邪薪懈泄	0.000284	0.105361	0.000030
泻芯屑锌芯蟹懈褑懈械泄	0.000284	2.995732	0.000850
泻芯屑锌芯蟹懈褑懈褞	0.000284	3.506558	0.000995
泻芯屑锌芯褌	0.000851	0.040822	0.000035
泻芯屑褍	0.000284	1.347074	0.000382
泻芯薪械褔薪芯	0.000568	0.527633	0.000299
泻芯薪懈薪褘	0.000284	0.116534	0.000033
泻芯薪泻褍褉褋	0.060726	0.105361	0.006398
泻芯薪泻褍褉褋邪	0.000284	0.116534	0.000033
泻芯薪泻褍褉褋邪褏	0.000284	0.040822	0.000012
泻芯薪泻褍褉褋薪褘械	0.000284	0.127833	0.000036
泻芯薪褋械褉胁懈褉芯胁邪薪懈械	0.000284	0.040822	0.000012
泻芯薪褋械褉胁懈褉芯胁邪薪薪邪褟	0.000284	0.116534	0.000033
泻芯薪褋械褉胁懈褉芯胁邪薪薪芯械	0.000284	0.116534	0.000033
泻芯薪褋械褉胁懈褉芯胁邪薪薪褘械	0.001135	0.116534	0.000132
泻芯薪褋械褉胁懈褉芯胁邪薪薪褘泄	0.000284	0.116534	0.000033
泻芯薪褎械褌褌懈	0.000284	0.116534	0.000033
泻芯薪褎械褌褘	0.000851	0.040822	0.000035
泻芯薪褎懈写械薪褑懈邪谢褜薪芯褋褌懈	0.000284	0.040822	0.000012
泻芯薪褎懈褌褞褉	0.000284	0.040822	0.000012
泻芯锌褔械薪芯褋褌褟屑懈	0.000284	0.116534	0.000033
泻芯褉械泄泻邪	0.000568	3.912023	0.002220
泻芯褉械泄褋泻邪褟	0.000284	0.116534	0.000033
泻芯褉械泄褋泻懈	0.000284	0.040822	0.000012
泻芯褉卸懈泻懈	0.000284	0.040822	0.000012
泻芯褉懈邪薪写褉	0.001135	1.469676	0.001668
泻芯褉屑褟褖懈褏	0.000284	0.116534	0.000033
泻芯褉芯褔泻械	0.000568	2.813411	0.001597
泻芯褉芯褔泻芯泄	0.000284	1.771957	0.000503
泻芯褌谢械褌褘	0.000284	0.040822	0.000012
泻芯褌芯褉芯屑褍	0.000284	0.116534	0.000033
泻芯褌芯褉褘屑	0.000568	2.302585	0.001307
泻芯褎械	0.000568	0.040822	0.000023
泻褉邪褋懈胁芯	0.000284	1.832581	0.000520
泻褉邪褋泻懈	0.000284	0.116534	0.000033
泻褉械邪褌懈胁	0.000284	0.127833	0.000036
泻褉械屑	0.000284	0.040822	0.000012
泻褉械屑邪	0.000568	0.116534	0.000066
泻褉械锌泻懈泄	0.000284	0.116534	0.000033
泻褉芯谢懈泻邪	0.000568	0.116534	0.000066
泻褉芯屑械	0.000284	0.061875	0.000018
泻褉芯褏懈	0.000284	0.116534	0.000033
泻褉褍谐褍	0.000568	0.116534	0.000066
泻褉褍锌	0.001703	0.116534	0.000198
泻褉褍锌邪	0.000284	0.127833	0.000036
泻褉褍锌褘	0.000568	0.127833	0.000073
泻褉褍锌褟薪褘械	0.000284	0.116534	0.000033
泻褍斜懈薪褋泻邪褟	0.000284	0.116534	0.000033
泻褍谢械褕	0.000284	0.040822	0.000012
泻褍谢懈薪邪褉懈懈	0.000851	0.094311	0.000080
泻褍谢懈薪邪褉薪邪褟	0.000284	0.116534	0.000033
泻褍谢懈薪邪褉薪芯械	0.000284	0.116534	0.000033
泻褍谢懈薪邪褉薪褍褞	0.000568	0.040822	0.000023
泻褍谢懈薪邪褉薪褘泄	0.000284	0.072571	0.000021
泻褍谢懈薪邪褉薪褘屑懈	0.000284	4.605170	0.001307
泻褍谢懈薪邪褉薪褘褏	0.000284	0.116534	0.000033
泻褍谢懈褔	0.000284	0.040822	0.000012
泻褍谢懈褔懈	0.000284	0.116534	0.000033
泻褍薪卸褍褌	0.000568	0.994252	0.000564
泻褍褉写褋泻邪褟	0.000284	0.116534	0.000033
泻褍褉懈薪芯谐芯	0.000284	0.116534	0.000033
泻褍褉懈薪芯械	0.001986	0.127833	0.000254
泻褍褉懈薪芯泄	0.000284	2.120264	0.000602
泻褍褉懈薪褘泄	0.000284	0.105361	0.000030
泻褍褉懈薪褘屑懈	0.000568	2.813411	0.001597
泻褍褉懈褑邪	0.002270	0.040822	0.000093
泻褍褉懈褑褘	0.001703	0.116534	0.000198
泻褍褉芯褔泻芯泄	0.000284	0.116534	0.000033
泻褍褋泻褍褋	0.000284	0.040822	0.000012
泻褍褏薪械泄	0.000284	0.040822	0.000012
泻褍褏薪懈	0.001135	0.040822	0.000046
泻褍褏薪褞	0.000284	2.525729	0.000717
泻褍褏薪褟	0.000851	0.116534	0.000099
谢邪胁邪褕	0.000568	0.040822	0.000023
谢邪胁邪褕邪	0.001135	0.116534	0.000132
谢邪胁褉芯胁褘泄	0.002270	1.139434	0.002587
谢邪谐屑邪薪	0.000284	0.040822	0.000012
谢邪泻芯屑褋褌胁芯	0.000284	0.116534	0.000033
谢邪锌褕邪	0.000568	0.040822	0.000023
谢邪褌褘褕褋泻邪褟	0.000284	0.116534	0.000033
谢械谐泻邪褟	0.000284	0.116534	0.000033
谢械谐泻懈泄	0.000568	0.116534	0.000066
谢械谐泻芯	0.001986	0.116534	0.000231
谢械锌械褕泻懈	0.000568	0.040822	0.000023
谢械褋邪	0.000284	4.605170	0.001307
谢械褌	0.000568	0.843970	0.000479
谢械褌邪	0.000284	0.116534	0.000033
谢械褌薪懈械	0.000284	0.040822	0.000012
谢械褌薪褟褟	0.000284	0.116534	0.000033
谢械褌芯	0.001419	0.116534	0.000165
谢械褔芯	0.000284	0.040822	0.000012
谢懈谐邪	0.000851	0.116534	0.000099
谢懈泻械褉	0.000284	0.040822	0.000012
谢懈屑芯薪	0.000568	1.203973	0.000683
谢懈屑芯薪邪	0.000284	1.897120	0.000538
谢懈屑芯薪邪写	0.000568	0.040822	0.000023
谢懈褋褌	0.002270	1.139434	0.002587
谢懈褋褌褜褟	0.000568	1.514128	0.000859
谢懈褌芯胁褋泻	0.000284	0.127833	0.000036
谢懈褌芯胁褋泻邪褟	0.000284	0.116534	0.000033
谢褍泻	0.001419	0.301105	0.000427
谢褍褔褕懈械	0.000284	0.116534	0.000033
谢褍褔褕懈泄	0.000568	0.040822	0.000023
谢褍褔褕懈褏	0.000284	0.116534	0.000033
谢褞斜胁懈	0.000284	0.105361	0.000030
谢褞斜懈屑芯谐芯	0.000284	0.127833	0.000036
谢褞斜懈屑芯屑褍	0.000284	0.116534	0.000033
谢褞斜懈屑褘褏	0.001703	0.116534	0.000198
谢褞斜懈褌	0.000568	1.427116	0.000810
谢褞斜懈褌械谢褟屑懈	0.000284	3.912023	0.001110
谢褞斜芯胁褜	0.000284	0.116534	0.000033
谢褞斜芯泄	0.000284	0.116534	0.000033
谢褞斜芯屑褍	0.000568	3.912023	0.002220
谢褢写	0.000284	0.127833	0.000036
屑邪谐邪蟹懈薪械	0.000284	3.506558	0.000995
屑邪谐褉懈斜邪	0.000284	0.116534	0.000033
屑邪泄	0.000284	0.116534	0.000033
屑邪泄芯薪械蟹	0.000568	0.116534	0.000066
屑邪泄芯薪械蟹芯屑	0.000284	3.912023	0.001110
屑邪泻邪褉芯薪薪褘械	0.000284	0.116534	0.000033
屑邪泻邪褉芯薪褘	0.000284	0.040822	0.000012
屑邪谢邪蟹懈泄褋泻邪褟	0.000284	0.116534	0.000033
屑邪谢械薪褜泻懈械	0.000568	3.506558	0.001990
屑邪谢械薪褜泻懈屑	0.000284	4.605170	0.001307
屑邪薪薪懈泻	0.000284	0.040822	0.000012
屑邪薪褋邪褉写芯泄	0.000568	0.755023	0.000429
屑邪薪褌褘	0.000284	0.116534	0.000033
屑邪薪褢胁褉褘	0.000284	0.116534	0.000033
屑邪褉邪褎芯薪	0.000851	0.116534	0.000099
屑邪褉懈薪邪写	0.002554	0.040822	0.000104
屑邪褉懈薪邪写褘	0.000851	0.116534	0.000099
屑邪褉懈薪芯胁邪薪懈褞	0.000284	4.605170	0.001307
屑邪褉懈薪芯胁邪薪薪褘械	0.000284	0.116534	0.000033
屑邪褉屑械谢邪写	0.000284	0.040822	0.000012
屑邪褉芯泻泻邪薪褋泻邪褟	0.000284	0.116534	0.000033
屑邪褉褌邪	0.002554	0.105361	0.000269
屑邪褋泻邪褉锌芯薪械	0.000284	0.040822	0.000012
屑邪褋谢械薪懈褑邪	0.000851	0.040822	0.000035
屑邪褋谢械薪懈褔薪芯械	0.000284	0.116534	0.000033
屑邪褋谢懈薪邪屑懈	0.000284	3.506558	0.000995
屑邪褋谢懈薪褘	0.000568	1.966113	0.001116
屑邪褋谢芯	0.008229	0.116534	0.000959
屑邪褋谢芯屑	0.000284	0.116534	0.000033
屑邪褋褌械褉	0.002554	0.116534	0.000298
屑邪褋褌懈泻邪	0.000284	0.040822	0.000012
屑邪褋褌懈泻懈	0.000284	0.116534	0.000033
屑邪褎褎懈薪褘	0.000284	0.116534	0.000033
屑邪褏械械胁褗	0.001135	0.116534	0.000132
屑邪褟	0.000284	0.634878	0.000180
屑械写	0.000568	1.832581	0.001040
屑械写懈邪褎芯褉褌	0.000851	0.000000	0.000000
屑械写芯胁褘泄	0.000284	0.116534	0.000033
屑械泻褋懈泻邪薪褋泻邪褟	0.000284	0.116534	0.000033
屑械薪褜褕械	0.000284	2.207275	0.000626
屑械薪褞	0.000284	0.116534	0.000033
屑械薪褟	0.001135	0.083382	0.000095
屑械薪褟械褌褋褟	0.000284	0.116534	0.000033
屑械褔褌邪	0.000284	0.116534	0.000033
屑械褔褌褘	0.000568	0.040822	0.000023
屑懈写懈懈	0.000284	0.040822	0.000012
屑懈泻褉芯胁芯谢薪芯胁泻械	0.000284	0.116534	0.000033
屑懈谢褜械	0.000284	0.116534	0.000033
屑懈薪懈屑褍屑	0.000284	1.427116	0.000405
屑懈芯	0.000284	0.116534	0.000033
屑懈褉	0.000284	0.116534	0.000033
屑懈褉邪	0.000284	0.116534	0.000033
屑懈褉芯胁邪褟	0.000284	0.116534	0.000033
屑懈褋芯	0.000284	0.040822	0.000012
屑懈褋褋懈褋懈锌懈	0.000284	4.605170	0.001307
屑懈褋褌械褉懈褟	0.000284	0.116534	0.000033
屑懈褋褌褉邪谢褜	0.001986	0.116534	0.000231
屑薪芯谐芯	0.000284	0.776529	0.000220
屑薪芯卸械褋褌胁芯	0.000284	1.560648	0.000443
屑薪芯卸械褋褌胁芯屑	0.000284	0.040822	0.000012
屑芯械	0.000284	0.116534	0.000033
屑芯卸械褌械	0.000284	0.000000	0.000000
屑芯泄	0.000568	0.105361	0.000060
屑芯谢写邪胁褋泻邪褟	0.000284	0.116534	0.000033
屑芯谢芯泻械	0.000284	0.105361	0.000030
屑芯谢芯泻芯	0.000284	0.116534	0.000033
屑芯谢芯褔薪褘泄	0.000568	0.040822	0.000023
屑芯谢芯褔薪褘褏	0.000284	0.116534	0.000033
屑芯屑械薪褌	0.000851	0.116534	0.000099
屑芯薪谐芯谢褜褋泻邪褟	0.000284	0.116534	0.000033
屑芯褉械	0.000284	0.116534	0.000033
屑芯褉械锌褉芯写褍泻褌芯胁	0.003121	0.040822	0.000127
屑芯褉械锌褉芯写褍泻褌褘	0.000568	0.116534	0.000066
屑芯褉泻芯胁褜	0.000284	0.040822	0.000012
屑芯褉芯卸械薪芯械	0.000851	0.040822	0.000035
屑芯褉褋	0.000284	0.040822	0.000012
屑芯褉褋褘	0.000284	0.116534	0.000033
屑芯褌芯褉	0.000284	0.116534	0.000033
屑芯褏懈褌芯	0.000284	0.040822	0.000012
屑褍卸	0.000284	1.171183	0.000332
屑褍卸褋泻邪褟	0.000284	0.127833	0.000036
屑褍卸褔懈薪褘	0.000568	0.116534	0.000066
屑褍泻邪	0.001703	0.274437	0.000467
屑褍谢褜褌懈胁邪褉泻械	0.010783	0.116534	0.001257
屑褍谢褜褌懈锌械泻邪褉械泄	0.000851	0.116534	0.000099
屑褍褋泻邪褌薪褘泄	0.000568	1.832581	0.001040
屑褍褋褋	0.000284	0.040822	0.000012
屑褍褋褋褘	0.000568	0.116534	0.000066
屑褍褔薪褘械	0.000284	0.116534	0.000033
屑褞褋谢懈	0.000568	0.116534	0.000066
屑褟谐泻芯泄	0.000284	2.659260	0.000755
屑褟褋邪	0.003405	0.116534	0.000397
屑褟褋薪芯谐芯	0.000568	0.116534	0.000066
屑褟褋薪芯泄	0.000284	0.116534	0.000033
屑褟褋薪褘械	0.001419	0.040822	0.000058
屑褟褋薪褘褏	0.000851	0.116534	0.000099
屑褟褋芯	0.005108	0.040822	0.000209
屑褟褋芯屑	0.001986	0.040822	0.000081
屑褟褋褍	0.000568	0.116534	0.000066
屑褟褌邪	0.001135	2.659260	0.003018
薪邪蟹薪邪褔械薪懈褟	0.000284	0.116534	0.000033
薪邪懈斜芯谢械械	0.000284	3.506558	0.000995
薪邪泻芯褉屑懈褌褜	0.000284	2.995732	0.000850
薪邪谢懈胁泻邪	0.000284	0.040822	0.000012
薪邪锌懈褌泻懈	0.001703	0.040822	0.000070
薪邪锌懈褌芯泻	0.000284	0.040822	0.000012
薪邪锌褉懈屑械褉	0.000284	1.771957	0.000503
薪邪褋褌芯泄泻邪	0.000284	0.040822	0.000012
薪邪褋褌褉芯械薪懈械	0.000284	0.116534	0.000033
薪邪褌褍褉邪谢褜薪褘屑	0.000284	4.605170	0.001307
薪邪褑懈芯薪邪谢褜薪褘械	0.000284	0.116534	0.000033
薪邪褔懈薪泻邪	0.000568	0.040822	0.000023
薪邪褔懈薪泻芯泄	0.000284	0.116534	0.000033
薪邪褕械屑	0.000284	0.040822	0.000012
薪邪褕懈	0.000284	0.061875	0.000018
薪邪褕懈屑	0.000284	3.506558	0.000995
薪械写械谢褞	0.000284	1.897120	0.000538
薪械写械谢褟	0.002838	0.061875	0.000176
薪械写芯锌械褔械薪薪褘屑	0.000284	3.912023	0.001110
薪械卸械谢邪褌械谢褜薪芯	0.000284	4.605170	0.001307
薪械卸薪械泄褕邪褟	0.000284	3.506558	0.000995
薪械卸薪芯械	0.000284	1.309333	0.000372
薪械卸薪芯泄	0.000284	0.116534	0.000033
薪械卸薪褘泄	0.000284	0.891598	0.000253
薪械泄	0.000284	1.897120	0.000538
薪械谢褜蟹褟	0.000284	2.302585	0.000653
薪械屑邪谢芯胁邪卸薪芯	0.000284	2.207275	0.000626
薪械屑械褑泻邪褟	0.000284	0.116534	0.000033
薪械芯卸懈写邪薪薪褘械	0.000284	0.116534	0.000033
薪械芯褌褗械屑谢械屑褘泄	0.000284	4.605170	0.001307
薪械褋谢邪写泻懈褏	0.000284	4.605170	0.001307
薪械褋谢邪写泻芯械	0.000284	0.116534	0.000033
薪懈泻邪	0.000284	4.605170	0.001307
薪懈泻邪泻	0.000284	2.659260	0.000755
薪懈泻芯谐写邪	0.000284	1.771957	0.000503
薪芯胁邪褟	0.000284	0.116534	0.000033
薪芯胁芯谐芯写薪械谐芯	0.001419	0.116534	0.000165
薪芯胁芯谐芯写薪械械	0.000851	0.116534	0.000099
薪芯胁芯谐芯写薪械屑褍	0.000284	2.995732	0.000850
薪芯胁芯谐芯写薪懈械	0.001703	0.040822	0.000070
薪芯胁芯谐芯写薪懈泄	0.001986	0.116534	0.000231
薪芯胁芯谐芯写薪褟褟	0.000568	0.105361	0.000060
薪芯胁芯褋褌褟褏	0.000284	0.061875	0.000018
薪芯胁褘械	0.000568	0.051293	0.000029
薪芯胁褘泄	0.003121	0.094311	0.000294
薪芯褉胁械卸褋泻邪褟	0.000284	0.116534	0.000033
芯斜邪谢写械薪薪芯	0.000284	2.120264	0.000602
芯斜械写	0.001135	0.105361	0.000120
芯斜械蟹褜褟薪褘	0.000284	0.116534	0.000033
芯斜谢邪写邪械褌	0.000284	2.040221	0.000579
芯斜谢邪写邪褞褌	0.000284	4.605170	0.001307
芯斜谢邪褔泻芯	0.000284	2.995732	0.000850
芯斜褖邪褌褜褋褟	0.000284	0.040822	0.000012
芯胁芯褖邪屑懈	0.000284	0.116534	0.000033
芯胁芯褖械泄	0.004824	0.105361	0.000508
芯胁芯褖懈	0.002270	0.094311	0.000214
芯胁芯褖薪邪褟	0.000284	0.040822	0.000012
芯胁芯褖薪芯械	0.000284	0.116534	0.000033
芯胁芯褖薪芯泄	0.000568	0.105361	0.000060
芯胁芯褖薪褘械	0.001419	0.040822	0.000058
芯胁褋褟薪芯械	0.000284	0.116534	0.000033
芯谐薪械薪薪芯泄	0.000284	0.116534	0.000033
芯谐薪褟	0.000284	0.116534	0.000033
芯谐褉芯屑薪芯械	0.000284	1.237874	0.000351
芯谐褍褉褑褘	0.000568	0.116534	0.000066
芯写薪邪卸写褘	0.000568	2.407946	0.001367
芯写薪懈屑	0.000284	1.309333	0.000372
芯泻谢械薪写	0.000284	4.605170	0.001307
芯泻薪芯屑	0.000284	4.605170	0.001307
芯泻芯褉芯泻	0.000568	3.506558	0.001990
芯泻褉芯褕泻邪	0.000851	0.040822	0.000035
芯谢邪写褜懈	0.000851	0.040822	0.000035
芯谢械泄薪邪	0.000851	0.116534	0.000099
芯谢械泄薪芯泄	0.001135	0.116534	0.000132
芯谢械泄薪褘	0.000284	0.127833	0.000036
芯谢懈胁械褉邪	0.000284	2.525729	0.000717
芯谢懈胁泻芯胁芯械	0.003973	0.544727	0.002164
芯屑谢械褌	0.000284	0.040822	0.000012
芯锌邪褉邪	0.000284	0.040822	0.000012
芯锌褉芯褋	0.000284	0.061875	0.000018
芯锌褍褕泻械	0.000284	4.605170	0.001307
芯锌褘褌	0.000284	2.995732	0.000850
芯锌褟褌褜	0.000284	2.040221	0.000579
芯褉械谐邪薪芯	0.001135	2.525729	0.002867
芯褉械褏	0.000568	1.660731	0.000943
芯褉械褏邪屑懈	0.000284	2.659260	0.000755
芯褉械褏懈	0.000568	1.139434	0.000647
芯褉懈谐懈薪邪谢褜薪褘泄	0.000284	2.120264	0.000602
芯褋械薪薪械械	0.000284	0.116534	0.000033
芯褋械薪薪懈械	0.000284	0.051293	0.000015
芯褋械薪薪懈泄	0.000568	0.116534	0.000066
芯褋械薪褜	0.002838	0.105361	0.000299
芯褋薪芯胁薪芯械	0.000284	0.040822	0.000012
芯褋薪芯胁薪芯屑褍	0.000284	4.605170	0.001307
芯褋芯斜械薪薪芯	0.000284	1.469676	0.000417
芯褋褌邪械褌褋褟	0.000284	0.116534	0.000033
芯褋褌邪薪芯胁谢褞	0.000284	4.605170	0.001307
芯褋褌邪锌邪	0.000284	4.605170	0.001307
芯褋褌褉芯械	0.000284	4.605170	0.001307
芯褌胁械写邪械屑	0.000284	4.605170	0.001307
芯褌胁械褌懈褌褜	0.000284	0.051293	0.000015
芯褌胁械褌芯胁	0.000284	0.051293	0.000015
芯褌胁械褌褘	0.000284	0.000000	0.000000
芯褌泻褉褘褌褘泄	0.000568	0.116534	0.000066
芯褌屑械薪懈褌褜	0.000284	0.040822	0.000012
芯褏谢邪写懈褌褜	0.000284	0.116534	0.000033
锌邪泻械褌懈泻邪褏	0.000284	0.105361	0.000030
锌邪谢芯褔泻懈	0.000284	0.040822	0.000012
锌邪薪懈褉芯胁泻邪	0.002270	0.116534	0.000265
锌邪薪懈褉芯胁芯褔薪褘械	0.000568	1.309333	0.000743
锌邪锌褉懈泻邪	0.002270	1.203973	0.002733
锌邪褉邪	0.000284	0.116534	0.000033
锌邪褉邪写	0.001986	0.116534	0.000231
锌邪褉屑械蟹邪薪	0.000568	2.407946	0.001367
锌邪褉芯胁邪褉泻械	0.002554	0.116534	0.000298
锌邪褉芯谢褜	0.000284	0.020203	0.000006
锌邪褋褌邪	0.000851	0.040822	0.000035
锌邪褋褌芯泄	0.000284	4.605170	0.001307
锌邪褋褌褉芯屑邪	0.000568	0.040822	0.000023
锌邪褋褏邪	0.000568	0.040822	0.000023
锌邪褋褏邪谢褜薪邪褟	0.000568	0.116534	0.000066
锌邪褋褏邪谢褜薪褘泄	0.000284	0.127833	0.000036
锌邪褏薪械褌	0.000284	4.605170	0.001307
锌邪褕褌械褌	0.000284	0.040822	0.000012
锌邪褕褌械褌褘	0.000568	0.116534	0.000066
锌械泻邪褉褟	0.000284	0.127833	0.000036
锌械泻褍	0.000284	2.302585	0.000653
锌械谢褜屑械薪懈	0.000284	0.116534	0.000033
锌械褉胁芯械	0.000568	0.040822	0.000023
锌械褉胁芯屑	0.000284	3.218876	0.000913
锌械褉胁褘械	0.000284	0.127833	0.000036
锌械褉胁褘泄	0.000851	1.309333	0.001115
锌械褉胁褘屑	0.000284	0.116534	0.000033
锌械褉谐邪屑械薪褌械	0.000284	4.605170	0.001307
锌械褉械卸懈胁邪褞	0.000568	3.912023	0.002220
锌械褉械泄褌懈	0.000284	0.040822	0.000012
锌械褉械泻褍褋	0.000568	0.116534	0.000066
锌械褉械褋褍褕械薪薪褘屑	0.000284	3.912023	0.001110
锌械褉械褑	0.006527	0.040822	0.000266
锌械褉褋芯薪褘	0.000284	0.116534	0.000033
锌械褉褍邪薪褋泻邪褟	0.000284	0.116534	0.000033
锌械褉褑械胁	0.001135	2.659260	0.003018
锌械褋薪褟	0.000284	2.407946	0.000683
锌械褋芯褔薪芯械	0.000568	0.105361	0.000060
锌械褋芯褔薪褘泄	0.000284	0.116534	0.000033
锌械褌械谢懈薪泻懈	0.000284	0.127833	0.000036
锌械褔械薪芯褔薪褘泄	0.000284	0.040822	0.000012
锌械褔械薪褜械	0.002554	0.040822	0.000104
锌械褔懈	0.000284	0.127833	0.000036
锌懈胁芯	0.000284	0.116534	0.000033
锌懈泻邪薪褌褘	0.000284	0.127833	0.000036
锌懈泻薪懈泻	0.000568	0.116534	0.000066
锌懈泻薪懈泻邪	0.000284	0.116534	0.000033
锌懈泻薪懈泻褍	0.000284	0.105361	0.000030
锌懈褉	0.000284	0.116534	0.000033
锌懈褉芯谐	0.000851	0.040822	0.000035
锌懈褉芯谐邪褏	0.000284	4.605170	0.001307
锌懈褉芯谐懈	0.000284	0.105361	0.000030
锌懈褉芯卸泻懈	0.000284	0.040822	0.000012
锌懈褉芯卸薪芯械	0.000284	0.040822	0.000012
锌懈褉芯卸薪褘械	0.000284	0.116534	0.000033
锌懈褌邪薪懈械	0.001419	0.105361	0.000149
锌懈褑褑邪	0.000568	0.040822	0.000023
锌谢邪屑褟	0.000284	0.116534	0.000033
锌谢懈褌邪	0.001135	0.127833	0.000145
锌谢芯胁	0.000284	0.116534	0.000033
锌谢芯写褘	0.000851	0.116534	0.000099
锌芯胁邪褉械薪泻械	0.000568	0.040822	0.000023
锌芯胁邪褉械薪芯泻	0.000284	0.061875	0.000018
锌芯胁邪褉褟褌	0.000284	0.116534	0.000033
锌芯胁邪褉褟褌邪	0.000284	1.897120	0.000538
锌芯胁邪褉褟褌邪屑懈	0.000284	0.040822	0.000012
锌芯胁邪褉褢薪泻邪	0.000284	0.116534	0.000033
锌芯胁懈写谢芯	0.000284	0.040822	0.000012
锌芯写邪褉泻芯胁	0.000284	0.116534	0.000033
锌芯写械谢懈褌褜褋褟	0.001135	0.478036	0.000543
锌芯写泻褍锌懈谢	0.000284	2.659260	0.000755
锌芯写谢懈胁邪	0.000284	0.116534	0.000033
锌芯写谢懈胁泻邪	0.000284	0.040822	0.000012
锌芯写芯泄写械褌	0.000284	1.832581	0.000520
锌芯写锌懈褋邪褌褜褋褟	0.000284	0.040822	0.000012
锌芯写锌懈褕懈褌械褋褜	0.000568	0.040822	0.000023
锌芯写褏芯写	0.000284	3.912023	0.001110
锌芯械写懈薪泻懈	0.003973	0.116534	0.000463
锌芯卸邪谢芯胁邪褌褜	0.000284	3.218876	0.000913
锌芯卸邪谢褍泄	0.000284	2.040221	0.000579
锌芯蟹邪斜褘胁	0.000284	4.605170	0.001307
锌芯蟹写褉邪胁褜	0.000284	0.116534	0.000033
锌芯蟹卸械	0.000284	3.218876	0.000913
锌芯懈褋泻	0.000284	0.051293	0.000015
锌芯懈褋泻懈	0.000284	3.912023	0.001110
锌芯谢写薪懈泻	0.000568	0.116534	0.000066
锌芯谢械蟹薪芯	0.000568	0.116534	0.000066
锌芯谢懈褌懈泻芯泄	0.000284	0.040822	0.000012
锌芯谢芯胁懈薪邪	0.002270	0.116534	0.000265
锌芯谢芯泻	0.000284	4.605170	0.001307
锌芯谢褍褔邪械褌褋褟	0.001135	0.400478	0.000455
锌芯谢褍褔邪泄褌械	0.000284	0.040822	0.000012
锌芯谢褍褔邪褌褜	0.000284	0.040822	0.000012
锌芯谢褍褔懈谢芯褋褜	0.000284	0.994252	0.000282
锌芯谢褍褔懈褌褋褟	0.000284	1.714798	0.000487
锌芯谢褜蟹邪	0.000284	0.127833	0.000036
锌芯谢褜蟹芯泄	0.001135	0.116534	0.000132
锌芯谢褜褋泻邪褟	0.000284	0.116534	0.000033
锌芯谢褞斜懈谢懈	0.000284	3.912023	0.001110
锌芯屑邪写泻邪	0.000568	0.040822	0.000023
锌芯屑邪写泻懈	0.000284	0.116534	0.000033
锌芯屑懈写芯褉	0.001703	0.713350	0.001215
锌芯屑懈写芯褉泻懈	0.000284	0.127833	0.000036
锌芯屑懈写芯褉褘	0.000568	0.116534	0.000066
锌芯薪械褋谢芯	0.000284	4.605170	0.001307
锌芯薪褉邪胁懈胁褕懈械褋褟	0.000284	0.040822	0.000012
锌芯薪褉邪胁懈谢芯褋褜	0.000284	1.514128	0.000430
锌芯薪褔懈泻懈	0.000568	0.040822	0.000023
锌芯锌褉芯斜褍泄褌械	0.000284	0.562119	0.000160
锌芯褉邪	0.000284	0.116534	0.000033
锌芯褉邪写褍械褌	0.000284	1.660731	0.000471
锌芯褉芯褕芯泻	0.000568	0.916291	0.000520
锌芯褉褌褍谐邪谢褜褋泻邪褟	0.000284	0.116534	0.000033
锌芯褋胁褟褌懈褌褜	0.000284	3.506558	0.000995
锌芯褋械褖邪械褌械	0.000284	0.061875	0.000018
锌芯褋褌	0.001419	0.105361	0.000149
锌芯褋褌薪芯械	0.000284	0.116534	0.000033
锌芯褋褌薪褘械	0.000284	0.040822	0.000012
锌芯褋褌薪褘泄	0.000284	0.116534	0.000033
锌芯褋褌芯褟薪薪芯	0.000284	0.040822	0.000012
锌芯褋褌褉芯懈屑	0.000284	0.116534	0.000033
锌芯褋褍写邪	0.000568	0.094311	0.000054
锌芯褌褉褟褋邪褞褖械	0.000284	1.560648	0.000443
锌芯褌褉褟褋邪褞褖械泄	0.000284	2.995732	0.000850
锌芯褌褉褟褋邪褞褖懈泄	0.000284	2.525729	0.000717
锌芯褌褉褟褋邪褞褖懈屑	0.000284	3.218876	0.000913
锌芯褔褌懈	0.000284	1.021651	0.000290
锌芯褔褌褍	0.000284	0.040822	0.000012
锌芯褕邪谐芯胁褘械	0.000284	0.301105	0.000085
锌芯褕邪谐芯胁褘屑懈	0.000284	0.040822	0.000012
锌褉邪蟹写薪懈泻	0.000284	1.832581	0.000520
锌褉邪蟹写薪懈泻邪	0.000284	0.116534	0.000033
锌褉邪蟹写薪懈泻芯屑	0.000284	3.506558	0.000995
锌褉邪蟹写薪懈褔薪芯	0.000284	0.116534	0.000033
锌褉邪蟹写薪懈褔薪芯谐芯	0.000284	0.116534	0.000033
锌褉邪蟹写薪懈褔薪褘泄	0.000568	0.116534	0.000066
锌褉邪泻褌懈泻褍屑	0.000284	0.116534	0.000033
锌褉械胁芯褋褏芯写薪褘械	0.000284	0.116534	0.000033
锌褉械胁褉邪褖械薪懈褟	0.000284	0.116534	0.000033
锌褉械写锌芯褔懈褌邪褞	0.000284	4.605170	0.001307
锌褉械泻褉邪褋薪芯	0.000284	1.714798	0.000487
锌褉械泻褉邪褋薪褘泄	0.000284	2.407946	0.000683
锌褉械泻褉邪褋薪褘屑	0.000284	3.218876	0.000913
锌褉械褋薪芯械	0.000284	0.116534	0.000033
锌褉懈胁褘褔薪褘屑	0.000284	4.605170	0.001307
锌褉懈谐芯写懈褌褋褟	0.000284	1.609438	0.000457
锌褉懈谐芯褌芯胁懈屑	0.000284	0.116534	0.000033
锌褉懈谐芯褌芯胁懈褌褜	0.000284	0.342490	0.000097
锌褉懈谐芯褌芯胁谢械薪懈械	0.000568	0.105361	0.000060
锌褉懈谐芯褌芯胁谢械薪懈懈	0.000284	0.798508	0.000227
锌褉懈谐芯褌芯胁谢械薪懈褞	0.000568	0.040822	0.000023
锌褉懈谐芯褌芯胁谢械薪懈褟	0.000568	0.371064	0.000211
锌褉懈写械褌	0.000284	4.605170	0.001307
锌褉懈写褟	0.000284	3.218876	0.000913
锌褉懈蟹薪邪薪懈械	0.000284	0.116534	0.000033
锌褉懈蟹薪邪褞褋褜	0.000284	3.506558	0.000995
锌褉懈蟹芯胁	0.000284	0.040822	0.000012
锌褉懈锌褉邪胁邪	0.000284	0.040822	0.000012
锌褉懈锌褉邪胁邪屑懈	0.000284	3.912023	0.001110
锌褉懈褉芯写褍	0.000284	0.116534	0.000033
锌褉懈褉芯写褘	0.000284	0.116534	0.000033
锌褉懈褋褌褍锌懈褌褜	0.000284	0.040822	0.000012
锌褉懈褔懈薪邪屑	0.000284	3.912023	0.001110
锌褉芯斜褍	0.000284	3.506558	0.000995
锌褉芯斜褍泄褌械	0.000284	2.302585	0.000653
锌褉芯胁械写懈	0.001135	0.116534	0.000132
锌褉芯胁械褉械薪芯	0.001703	0.116534	0.000198
锌褉芯胁芯写懈屑褘褏	0.000284	0.040822	0.000012
锌褉芯胁芯卸邪械屑	0.000284	0.116534	0.000033
锌褉芯写芯谢卸邪褞	0.000284	2.995732	0.000850
锌褉芯写褍泻褌芯胁	0.000284	0.094311	0.000027
锌褉芯械泻褌芯胁	0.000284	0.116534	0.000033
锌褉芯械泻褌褘	0.000284	0.061875	0.000018
锌褉芯锌懈褌褘胁邪械褌褋褟	0.000284	2.995732	0.000850
锌褉芯褋屑芯褌褉邪屑	0.000284	0.274437	0.000078
锌褉芯褋褌芯	0.001703	0.083382	0.000142
锌褉芯褋褌芯械	0.000284	1.514128	0.000430
锌褉芯褋褌芯泻胁邪褕邪	0.000284	0.040822	0.000012
锌褉芯褋褌芯褌芯泄	0.000284	3.506558	0.000995
锌褉芯褋褌褘屑	0.000284	3.218876	0.000913
锌褉芯褎懈谢褜	0.000284	0.040822	0.000012
锌褉芯褎懈褌褉芯谢懈	0.000284	3.912023	0.001110
锌褉褟屑芯	0.000284	0.040822	0.000012
锌褉褟薪懈泻	0.000284	0.040822	0.000012
锌褉褟薪懈泻懈	0.000284	0.116534	0.000033
锌褉褟薪懈褔薪芯械	0.000284	0.116534	0.000033
锌褌懈褑邪	0.001419	0.116534	0.000165
锌褌懈褑械	0.000568	0.116534	0.000066
锌褌懈褑械泄	0.000284	0.127833	0.000036
锌褌懈褑褘	0.003689	0.116534	0.000430
锌褍斜谢懈泻褍械屑褘泄	0.000284	3.912023	0.001110
锌褍写懈薪谐	0.000284	0.040822	0.000012
锌褍写懈薪谐懈	0.000568	0.116534	0.000066
锌褍薪褕	0.000284	0.040822	0.000012
锌褍褌械褕械褋褌胁懈械	0.000568	0.116534	0.000066
锌褍褌褜	0.000284	0.116534	0.000033
锌褕械薪懈褔薪邪褟	0.001703	0.287682	0.000490
锌褘褌邪谢邪褋褜	0.000284	3.506558	0.000995
锌褘褕泻懈	0.000284	0.040822	0.000012
锌褞褉械	0.001135	0.040822	0.000046
锌褟褌褜	0.000284	1.832581	0.000520
褉邪斜芯褌邪褌褜	0.000568	3.218876	0.001827
褉邪谐褍	0.000284	0.116534	0.000033
褉邪蟹	0.000284	0.446287	0.000127
褉邪蟹胁械褉薪褍褌褜	0.000284	0.116534	0.000033
褉邪蟹写械谢褜薪芯械	0.000284	0.116534	0.000033
褉邪蟹谢芯卸懈褌褜	0.000284	4.605170	0.001307
褉邪蟹薪褘械	0.000284	0.116534	0.000033
褉邪褋褋芯谢褜薪懈泻	0.000568	0.040822	0.000023
褉邪褋褋芯谢褜薪懈泻邪	0.000284	0.116534	0.000033
褉邪褋褋褘谢泻懈	0.000284	0.061875	0.000018
褉邪褋褌懈褌械谢褜薪芯械	0.002270	0.235722	0.000535
褉械谐懈褋褌褉邪褑懈懈	0.000568	0.010050	0.000006
褉械谐懈褋褌褉邪褑懈褟	0.000284	0.000000	0.000000
褉械蟹邪谢邪	0.000284	4.605170	0.001307
褉械蟹褍谢褜褌邪褌	0.000284	0.967584	0.000275
褉械泄褌懈薪谐褍	0.000284	0.248461	0.000071
褉械泻芯屑械薪写褍褞	0.000284	1.049822	0.000298
褉械锌褔邪褌褘泄	0.001135	0.430783	0.000489
褉械褑械锌褌	0.004257	0.040822	0.000174
褉械褑械锌褌邪褏	0.000284	0.061875	0.000018
褉械褑械锌褌芯胁	0.001986	0.040822	0.000081
褉械褑械锌褌芯屑	0.000284	0.693147	0.000197
褉械褑械锌褌褍	0.000568	0.891598	0.000506
褉械褑械锌褌褘	0.020431	0.040822	0.000834
褉械褑械锌褌褘褕懈	0.000284	4.605170	0.001307
褉械褕懈谢邪	0.000284	0.820981	0.000233
褉懈褋	0.001135	0.040822	0.000046
褉懈褋邪	0.000284	0.116534	0.000033
褉懈褌屑械	0.000284	0.116534	0.000033
褉芯谐邪谢懈泻懈	0.000284	0.040822	0.000012
褉芯写薪芯械	0.000284	0.116534	0.000033
褉芯卸写械薪懈褟	0.000284	0.105361	0.000030
褉芯卸写械褋褌胁芯	0.000284	0.116534	0.000033
褉芯蟹屑邪褉懈薪	0.009364	1.609438	0.015071
褉芯谢谢褌芯薪	0.000284	0.116534	0.000033
褉芯谢谢褘	0.000568	0.040822	0.000023
褉芯屑	0.000284	0.040822	0.000012
褉褍斜褉懈泻邪褌芯褉	0.000284	0.051293	0.000015
褉褍谐邪泄褌械褋褜	0.000284	3.218876	0.000913
褉褍谢械褌	0.000284	0.040822	0.000012
褉褍谢械褌褘	0.002838	0.116534	0.000331
褉褍屑褘薪褋泻邪褟	0.000284	0.116534	0.000033
褉褍屑褟薪褘械	0.000284	0.116534	0.000033
褉褍薪械褌械	0.000284	0.020203	0.000006
褉褍褋褋泻邪褟	0.000284	0.116534	0.000033
褉褘斜邪	0.002554	0.040822	0.000104
褉褘斜械	0.000568	0.116534	0.000066
褉褘斜薪邪褟	0.000284	0.116534	0.000033
褉褘斜薪芯谐芯	0.000568	0.116534	0.000066
褉褘斜薪褘械	0.001135	0.116534	0.000132
褉褘斜薪褘泄	0.000568	0.116534	0.000066
褉褘斜薪褘褏	0.000284	0.116534	0.000033
褉褘斜芯泄	0.000568	0.116534	0.000066
褉褘斜褘	0.003405	0.116534	0.000397
褉褟卸械薪泻邪	0.000284	0.116534	0.000033
褋邪泄褌	0.000851	0.000000	0.000000
褋邪泄褌褍	0.000568	0.061875	0.000035
褋邪谢邪褌	0.000568	0.094311	0.000054
褋邪谢邪褌邪	0.000568	1.078810	0.000612
褋邪谢邪褌薪邪褟	0.000284	0.116534	0.000033
褋邪谢邪褌褘	0.009648	0.040822	0.000394
褋邪屑芯谐芯薪	0.000284	0.040822	0.000012
褋邪屑褘泄	0.000284	1.021651	0.000290
褋邪屑褘褏	0.000851	0.116534	0.000099
褋邪褎	0.000851	0.116534	0.000099
褋邪褎褋械屑	0.000284	0.116534	0.000033
褋邪褏邪褉	0.001703	0.116534	0.000198
褋斜懈褌械薪褜	0.000284	0.040822	0.000012
褋胁械卸械褋褌褜	0.000284	0.105361	0.000030
褋胁械泻谢邪	0.001135	0.040822	0.000046
褋胁械泻谢褍	0.000568	3.912023	0.002220
褋胁械泻谢褘	0.000284	2.659260	0.000755
褋胁械泻芯谢褜薪懈泻	0.000568	0.040822	0.000023
褋胁械褌邪	0.001135	0.116534	0.000132
褋胁懈薪懈薪邪	0.000851	0.040822	0.000035
褋胁懈薪懈薪褘	0.001419	0.116534	0.000165
褋胁芯械	0.000284	0.116534	0.000033
褋胁芯械泄	0.000284	1.347074	0.000382
褋胁芯械屑	0.000284	0.040822	0.000012
褋胁芯懈屑	0.000568	0.040822	0.000023
褋胁芯懈屑懈	0.000284	2.302585	0.000653
褋胁芯褞	0.000284	0.040822	0.000012
褋胁褢泻谢褍	0.000284	4.605170	0.001307
褋谐褍褖械薪泻邪	0.000284	0.040822	0.000012
褋械谐芯写薪褟	0.000568	0.843970	0.000479
褋械蟹芯薪	0.000284	0.116534	0.000033
褋械蟹芯薪邪	0.000284	3.912023	0.001110
褋械泄褔邪褋	0.000284	0.030459	0.000009
褋械泻褉械褌邪屑懈	0.000284	2.120264	0.000602
褋械泻褉械褌薪邪褟	0.000284	2.659260	0.000755
褋械泻褉械褌芯屑	0.000284	4.605170	0.001307
褋械泻褉械褌褘	0.000568	0.116534	0.000066
褋械谢械写泻邪	0.000284	0.040822	0.000012
褋械屑谐邪	0.000284	0.040822	0.000012
褋械屑械泄薪褘泄	0.000284	0.116534	0.000033
褋械屑褜懈	0.000284	0.116534	0.000033
褋械屑褜褞	0.000284	2.207275	0.000626
褋械薪褌褟斜褉褟	0.000284	0.673345	0.000191
褋械褉械写懈薪泻芯泄	0.000284	4.605170	0.001307
褋懈写褉	0.000284	0.040822	0.000012
褋懈褉懈泄褋泻邪褟	0.000284	0.116534	0.000033
褋懈褉芯锌	0.000284	0.040822	0.000012
褋懈褉芯锌褘	0.000284	0.116534	0.000033
褋懈褋褌械屑褘	0.000284	0.040822	0.000012
褋懈褌懈	0.000284	0.127833	0.000036
褋泻邪蟹邪谢	0.000284	1.771957	0.000503
褋泻邪蟹邪褌褜	0.000284	0.653926	0.000186
褋泻邪蟹芯泻	0.000284	0.116534	0.000033
褋谢邪写泻邪褟	0.002838	0.116534	0.000331
褋谢邪写泻懈械	0.001703	0.040822	0.000070
褋谢邪写泻懈泄	0.002554	0.105361	0.000269
褋谢邪写泻懈褏	0.000568	0.116534	0.000066
褋谢邪写泻芯	0.000284	0.116534	0.000033
褋谢械写褍褞褖械谐芯	0.000284	3.912023	0.001110
褋谢懈胁芯褔薪芯械	0.001986	0.116534	0.000231
褋谢芯械薪芯谐芯	0.000284	0.127833	0.000036
褋谢芯械薪芯械	0.000284	0.116534	0.000033
褋谢芯械薪褘泄	0.000284	0.116534	0.000033
褋谢芯泄泻邪	0.000284	0.040822	0.000012
褋谢芯泄泻懈	0.000284	0.116534	0.000033
褋屑械褋褜	0.001135	1.660731	0.001885
褋屑械褌邪薪邪	0.000284	0.105361	0.000030
褋屑械褕邪薪薪芯谐芯	0.000284	0.116534	0.000033
褋屑芯卸械褌械	0.000284	0.040822	0.000012
褋屑褍蟹懈	0.000851	0.040822	0.000035
褋薪械谐	0.000284	3.912023	0.001110
褋薪械卸泻懈	0.000568	4.605170	0.002614
褋薪褝泻	0.000284	0.116534	0.000033
褋芯斜懈褉邪械褌械褋褜	0.000284	0.040822	0.000012
褋芯胁械褉褕械薪褋褌胁芯	0.001419	0.116534	0.000165
褋芯胁械褌邪屑懈	0.000284	0.040822	0.000012
褋芯胁械褌褍褞	0.000284	1.139434	0.000323
褋芯谐谢邪褕邪械褌械褋褜	0.000284	0.040822	0.000012
褋芯械胁褘泄	0.000568	0.798508	0.000453
褋芯蟹写邪械褌	0.000284	0.116534	0.000033
褋芯蟹写邪薪懈褟	0.000568	0.261365	0.000148
褋芯泻	0.000284	0.116534	0.000033
褋芯泻邪	0.000284	0.105361	0.000030
褋芯泻懈	0.000284	0.040822	0.000012
褋芯泻芯屑	0.000284	2.207275	0.000626
褋芯谢械薪褘械	0.000851	0.116534	0.000099
褋芯谢械薪褜褟	0.000568	0.116534	0.000066
褋芯谢懈谢邪	0.000284	4.605170	0.001307
褋芯谢薪械褔薪芯泄	0.000284	0.127833	0.000036
褋芯谢褜	0.006810	0.150823	0.001027
褋芯谢褟薪泻邪	0.000568	0.040822	0.000023
褋芯褉褌懈褉芯胁邪褌褜	0.000284	0.248461	0.000071
褋芯褋褌邪胁懈褌褜	0.000284	4.605170	0.001307
褋芯褋褌邪胁褜	0.000284	0.116534	0.000033
褋芯褍褋	0.003121	0.040822	0.000127
褋芯褍褋芯屑	0.001419	0.116534	0.000165
褋芯褍褋褘	0.001135	0.116534	0.000132
褋芯褏褉邪薪褟褌褜	0.000284	0.040822	0.000012
褋芯褑褋械褌懈	0.000284	0.040822	0.000012
褋芯褔械褌邪薪懈械	0.000284	0.116534	0.000033
褋芯褔械褌邪薪懈懈	0.000284	3.506558	0.000995
褋芯褔薪邪褟	0.000284	2.302585	0.000653
褋芯褔薪芯械	0.000568	0.116534	0.000066
褋芯褔薪褘械	0.000284	1.966113	0.000558
褋锌邪谢褜薪褟屑懈	0.000284	0.446287	0.000127
褋锌械褑懈邪谢褜薪芯械	0.000284	0.116534	0.000033
褋锌械褑懈懈	0.001419	0.105361	0.000149
褋锌械褑懈泄	0.000284	1.966113	0.000558
褋锌械褑锌褉芯械泻褌	0.009364	0.116534	0.001091
褋锌械褕褍	0.000284	2.040221	0.000579
褋锌懈褋芯泻	0.000284	0.116534	0.000033
褋锌芯褋芯斜芯屑	0.000284	2.207275	0.000626
褋锌芯褞	0.000284	0.116534	0.000033
褋褉邪蟹褍	0.000284	0.733969	0.000208
褋褉械写懈蟹械屑薪芯屑芯褉褋泻邪褟	0.000284	0.127833	0.000036
褋褌邪谢懈	0.000284	3.912023	0.001110
褋褌邪褉邪褞褋褜	0.000284	2.813411	0.000798
褋褌邪褉褘械	0.000284	0.261365	0.000074
褋褌邪褌褜褟褏	0.000284	0.061875	0.000018
褋褌懈谢械	0.000284	0.116534	0.000033
褋褌懈谢褟	0.000284	0.116534	0.000033
褋褌芯懈褌	0.000284	1.771957	0.000503
褋褌芯谢	0.000851	0.105361	0.000090
褋褌芯谢邪	0.001703	0.116534	0.000198
褋褌褉芯谐芯	0.000284	2.407946	0.000683
褋褌褉芯懈褌械谢褜褋褌胁械	0.000284	0.040822	0.000012
褋褌褉芯懈褌械谢褜褋褌胁褍	0.000284	0.040822	0.000012
褋褌褉芯懈褌褜	0.000284	0.040822	0.000012
褋褌褉芯泄薪芯泄	0.000284	0.116534	0.000033
褋褍斜锌褉芯写褍泻褌芯胁	0.001986	0.116534	0.000231
褋褍斜锌褉芯写褍泻褌褘	0.000851	0.116534	0.000099
褋褍写懈褌械	0.000284	2.813411	0.000798
褋褍写懈褌褜	0.000284	4.605170	0.001307
褋褍锌	0.002554	0.040822	0.000104
褋褍锌邪	0.000284	0.040822	0.000012
褋褍锌械褉	0.000284	2.302585	0.000653
褋褍锌褘	0.002554	0.040822	0.000104
褋褍褎谢械	0.000851	0.040822	0.000035
褋褍褏邪褉懈	0.000851	0.040822	0.000035
褋褍褏芯胁邪褌芯	0.000284	3.506558	0.000995
褋褍褕懈	0.000568	0.040822	0.000023
褋褗械谢邪	0.000284	2.659260	0.000755
褋褘胁芯褉芯褌泻邪	0.000568	3.912023	0.002220
褋褘褉	0.001419	0.040822	0.000058
褋褘褉邪	0.002270	0.116534	0.000265
褋褘褉邪屑懈	0.000568	0.127833	0.000073
褋褘褉薪懈泻	0.000284	0.040822	0.000012
褋褘褉薪懈泻懈	0.000568	0.116534	0.000066
褋褘褉薪褘械	0.001135	0.040822	0.000046
褋褘褉芯屑	0.000284	0.713350	0.000202
褋褘褌薪芯械	0.000284	2.207275	0.000626
褋褘褌薪褘泄	0.000568	0.105361	0.000060
褋褘褔褍卸薪褘屑懈	0.000284	0.127833	0.000036
褋褝薪写胁懈褔懈	0.000284	0.127833	0.000036
褋褞褉锌褉懈蟹	0.000284	0.116534	0.000033
褌邪写卸懈泻褋泻邪褟	0.000284	0.116534	0.000033
褌邪泄褋泻邪褟	0.000284	0.116534	0.000033
褌邪褉褌	0.000284	0.116534	0.000033
褌邪褉褌邪谢械褌泻懈	0.000568	0.040822	0.000023
褌邪褌邪褉褋泻邪褟	0.000284	0.116534	0.000033
褌胁芯懈	0.000568	0.116534	0.000066
褌胁芯褉懈	0.000284	0.116534	0.000033
褌胁芯褉芯谐	0.001703	0.040822	0.000070
褌胁芯褉芯谐芯屑	0.000284	0.105361	0.000030
褌胁芯褉芯卸薪芯械	0.000284	0.116534	0.000033
褌胁芯褉芯卸薪褘械	0.000568	0.116534	0.000066
褌胁芯褉芯卸薪褘泄	0.000284	0.116534	0.000033
褌械谢械谐褉邪屑	0.000284	0.040822	0.000012
褌械谢褟褌懈薪褘	0.001135	0.116534	0.000132
褌械锌谢芯	0.000284	4.605170	0.001307
褌械锌谢芯屑	0.000284	0.116534	0.000033
褌械褉屑芯褋械	0.000284	3.912023	0.001110
褌械褉褉懈薪	0.000284	0.040822	0.000012
褌械褋褌	0.001419	0.127833	0.000181
褌械褋褌邪	0.001703	0.105361	0.000179
褌械褋褌芯	0.002554	0.040822	0.000104
褌械褏薪懈泻邪	0.001419	0.105361	0.000149
褌械褖懈薪	0.000284	0.040822	0.000012
褌懈屑褜褟薪	0.001703	2.659260	0.004528
褌屑	0.001135	0.127833	0.000145
褌屑懈薪	0.000568	2.407946	0.001367
褌芯屑邪褌芯胁	0.000568	3.912023	0.002220
褌芯屑邪褌褘	0.000568	2.302585	0.001307
褌芯锌谢械薪芯械	0.000284	0.116534	0.000033
褌芯褉褌	0.003121	0.040822	0.000127
褌芯褉褌褘	0.002554	0.116534	0.000298
褌褉邪胁褘	0.000284	0.105361	0.000030
褌褉邪写懈褑懈懈	0.000284	0.116534	0.000033
褌褉邪写懈褑懈泄	0.001135	0.116534	0.000132
褌褉邪写懈褑懈褟褏	0.000284	0.116534	0.000033
褌褉械屑	0.000284	4.605170	0.001307
褌褉械褏谢械褌懈械屑	0.000284	0.116534	0.000033
褌褉褍斜芯褔泻懈	0.000284	0.040822	0.000012
褌褉褍写薪芯	0.000284	2.040221	0.000579
褌褍薪懈褋褋泻邪褟	0.000284	0.116534	0.000033
褌褍薪褑芯屑	0.000284	0.116534	0.000033
褌褍褉械褑泻邪褟	0.000284	0.116534	0.000033
褌褘泻胁邪	0.000284	0.040822	0.000012
褍胁械写芯屑谢械薪懈褟	0.000284	0.040822	0.000012
褍谐芯褋褌懈褌褜	0.000284	2.407946	0.000683
褍写邪褔薪邪褟	0.000284	0.116534	0.000033
褍写懈胁懈	0.000284	0.116534	0.000033
褍写懈胁谢褟泄褌械	0.001419	0.116534	0.000165
褍写芯胁芯谢褜褋褌胁懈械屑	0.000284	0.116534	0.000033
褍卸懈薪	0.001986	0.094311	0.000187
褍蟹斜械泻褋泻邪褟	0.000284	0.116534	0.000033
褍蟹泻芯谐芯	0.000284	2.995732	0.000850
褍泻褉邪懈薪褋泻邪褟	0.000284	0.116534	0.000033
褍泻褉邪褋懈褌	0.000284	1.560648	0.000443
褍泻褉邪褕械薪懈褟	0.002270	0.116534	0.000265
褍泻褋褍褋	0.001703	0.634878	0.001081
褍屑芯锌芯屑褉邪褔懈褌械谢褜薪褘泄	0.000284	2.995732	0.000850
褍锌芯褌褉械斜谢械薪懈械屑	0.000284	0.116534	0.000033
褍锌芯褌褉械斜谢褟械屑褘褏	0.000284	3.912023	0.001110
褍褉邪谢褜褋泻邪褟	0.000284	0.116534	0.000033
褍褉芯卸邪泄	0.000284	0.105361	0.000030
褍褋懈谢懈泄	0.000284	3.218876	0.000913
褍褋谢芯胁懈褟屑	0.000284	3.506558	0.000995
褍褋谢芯胁懈褟褏	0.000568	1.771957	0.001006
褍褌泻懈	0.000851	0.116534	0.000099
褍褏邪	0.000284	0.040822	0.000012
褍褏芯写懈褌	0.000284	2.525729	0.000717
褍褔邪褋褌胁芯胁邪褌褜	0.000284	0.040822	0.000012
褍褔邪褋褌泻邪	0.000284	2.995732	0.000850
褍褞褌	0.000284	4.605170	0.001307
褎邪蟹械薪写褘	0.000284	0.127833	0.000036
褎邪薪褌邪蟹懈懈	0.001703	0.116534	0.000198
褎邪薪褌邪蟹懈泄	0.000284	0.116534	0.000033
褎邪薪褌邪蟹懈褟	0.000284	0.116534	0.000033
褎邪薪褌邪褋褌懈褔械褋泻懈	0.000284	3.218876	0.000913
褎邪褉褕邪	0.003689	0.040822	0.000151
褎邪褉褕懈褉芯胁邪薪薪邪褟	0.000568	0.116534	0.000066
褎邪褉褕懈褉芯胁邪薪薪芯械	0.000284	0.116534	0.000033
褎邪褉褕懈褉芯胁邪薪薪褘械	0.000568	0.040822	0.000023
褎邪褉褕懈褉芯胁邪薪薪褘泄	0.000284	0.040822	0.000012
褎邪褋芯谢褜	0.000284	0.040822	0.000012
褎械胁褉邪谢褟	0.000568	0.105361	0.000060
褎械泄械褉胁械褉泻	0.000568	0.116534	0.000066
褎械薪褏械谢褜	0.000568	2.995732	0.001700
褎懈谐褍褉械	0.000284	0.116534	0.000033
褎懈薪褋泻邪褟	0.000284	0.116534	0.000033
褎懈褉屑械薪薪芯械	0.000284	0.116534	0.000033
褎芯泻邪褔褔邪	0.000284	3.506558	0.000995
褎芯薪写褞	0.000284	0.040822	0.000012
褎芯褉屑褘	0.000284	0.116534	0.000033
褎芯褉褍屑械	0.000568	0.040822	0.000023
褎芯褉褕屑邪泻	0.000284	0.040822	0.000012
褎芯褌芯	0.000568	2.040221	0.001158
褎褉邪薪褑懈懈	0.000284	0.116534	0.000033
褎褉邪薪褑褍蟹褋泻邪褟	0.000284	0.116534	0.000033
褎褉邪褍	0.001135	0.116534	0.000132
褎褉褍泻褌芯胁	0.001135	0.116534	0.000132
褎褉褍泻褌芯胁芯	0.000284	0.116534	0.000033
褎褉褍泻褌芯胁褘械	0.001986	0.040822	0.000081
褎褍写	0.000284	0.116534	0.000033
褎褍褉褕械褌	0.000284	0.116534	0.000033
褏邪谢胁邪	0.000284	0.040822	0.000012
褏邪薪褌褋胁懈谢谢	0.000284	4.605170	0.001307
褏邪褉胁械褋褌褎械褋褌	0.000568	0.116534	0.000066
褏邪褉褔芯	0.000568	0.040822	0.000023
褏邪褕	0.000284	0.040822	0.000012
褏胁芯褉芯褋褌	0.000284	0.040822	0.000012
褏械谢褜谐邪褋	0.000284	4.605170	0.001307
褏懈薪泻邪谢懈	0.000284	0.116534	0.000033
褏懈褌	0.001986	0.116534	0.000231
褏谢械斜	0.002270	0.040822	0.000093
褏谢械斜邪褏	0.000284	4.605170	0.001307
褏谢械斜芯屑	0.000568	2.525729	0.001433
褏谢械斜芯锌械褔泻懈	0.000284	0.116534	0.000033
褏谢械斜褍褕械泻	0.000284	2.120264	0.000602
褏谢芯锌褜褟	0.000568	0.105361	0.000060
褏芯蟹褟泄泻邪屑	0.000284	3.506558	0.000995
褏芯蟹褟泄泻懈	0.000284	0.127833	0.000036
褏芯谢芯写械褑	0.000284	0.040822	0.000012
褏芯谢芯写懈谢褜薪懈泻邪	0.000568	2.302585	0.001307
褏芯谢芯写薪褘械	0.000568	0.116534	0.000066
褏芯谢芯写薪褘泄	0.000568	0.116534	0.000066
褏芯褉胁邪褌褋泻邪褟	0.000284	0.116534	0.000033
褏芯褉芯褕芯	0.001419	0.105361	0.000149
褏芯褉褋	0.000284	0.116534	0.000033
褏芯褌械谢邪	0.000284	2.659260	0.000755
褏芯褌懈褌械	0.000284	0.040822	0.000012
褏芯褔褍	0.000851	0.562119	0.000479
褏褉邪薪械薪懈褟	0.000568	3.912023	0.002220
褏褉邪薪懈褌褜褋褟	0.000284	3.912023	0.001110
褏褉褍褋褌褟褖械泄	0.000851	1.609438	0.001370
褏褉褍褋褌褟褖懈泄	0.000284	2.040221	0.000579
褏褍屑褍褋	0.000284	0.040822	0.000012
褑邪褉褋褌胁芯	0.000284	0.127833	0.000036
褑邪褉褜	0.000284	0.116534	0.000033
褑胁械褌薪邪褟	0.000284	0.040822	0.000012
褑械薪薪褘褏	0.000284	0.040822	0.000012
褑械薪褌褉	0.000284	0.116534	0.000033
褔邪斜褉械褑	0.000568	3.912023	0.002220
褔邪械屑	0.000284	0.116534	0.000033
褔邪泄	0.000851	0.040822	0.000035
褔械斜褍褉械泻懈	0.000568	0.040822	0.000023
褔械屑	0.000284	0.994252	0.000282
褔械褉泻懈蟹芯胁芯	0.000568	0.116534	0.000066
褔械褉薪褘泄	0.003973	0.371064	0.001474
褔械褋泻懈械	0.000284	4.605170	0.001307
褔械褋薪芯泻	0.007378	0.314711	0.002322
褔械褋薪芯泻芯屑	0.001135	1.660731	0.001885
褔械褋薪芯褔薪褘泄	0.000568	1.660731	0.000943
褔械褋褌薪褘屑懈	0.000284	0.040822	0.000012
褔械褔械胁懈褑邪	0.000284	0.040822	0.000012
褔械褕褋泻邪褟	0.000284	0.116534	0.000033
褔懈邪斜邪褌褌邪	0.000284	3.506558	0.000995
褔懈蟹泻械泄泻	0.001135	0.040822	0.000046
褔懈蟹泻械泄泻邪褏	0.000284	4.605170	0.001307
褔懈谢懈	0.000568	1.237874	0.000703
褔懈谢懈泄褋泻邪褟	0.000284	0.116534	0.000033
褔懈锌褋褘	0.000284	0.040822	0.000012
褔懈褋谢褍	0.000284	0.261365	0.000074
褔褍写械褋	0.000284	0.116534	0.000033
褔褍褌褜	0.000284	1.771957	0.000503
褕邪屑锌懈薪褜芯薪邪屑	0.000284	4.605170	0.001307
褕邪屑锌懈薪褜芯薪褘	0.000568	1.309333	0.000743
褕邪褉懈泻懈	0.000284	0.040822	0.000012
褕邪褉谢芯褌泻邪	0.000284	0.040822	0.000012
褕邪褉谢芯褌泻懈	0.000284	0.127833	0.000036
褕邪褉屑	0.000284	0.116534	0.000033
褕邪褕谢褘泻	0.003405	0.040822	0.000139
褕邪褕谢褘泻懈	0.000284	0.040822	0.000012
褕胁械写褋泻邪褟	0.000284	0.116534	0.000033
褕胁械泄褑邪褉褋泻邪褟	0.000284	0.116534	0.000033
褕械写械胁褉邪谢褜薪褘械	0.000568	4.605170	0.002614
褕械写械胁褉邪屑懈	0.000284	4.605170	0.001307
褕械写械胁褉褘	0.000284	0.116534	0.000033
褕械褎	0.000284	0.127833	0.000036
褕械褎邪	0.000284	4.605170	0.001307
褕懈锌褍褔泻邪	0.000284	0.040822	0.000012
褕懈褉芯泻邪褟	0.000284	0.127833	0.000036
褕泻芯谢褍	0.000284	0.116534	0.000033
褕芯泻芯谢邪写	0.000284	0.040822	0.000012
褕芯褌谢邪薪写褋泻邪褟	0.000284	0.116534	0.000033
褕褌褉褍写械谢褜	0.000284	0.040822	0.000012
褕褍褉锌邪	0.000284	0.040822	0.000012
褖邪褋	0.000284	0.116534	0.000033
褖械写褉邪褟	0.000284	0.116534	0.000033
褖懈	0.000568	0.040822	0.000023
褝写邪泻	0.000284	4.605170	0.001307
褝泻芯屑懈谢泻	0.000284	0.127833	0.000036
褝泻褋锌械褉懈屑械薪褌褘	0.000284	4.605170	0.001307
褝褋褌芯薪褋泻邪褟	0.000284	0.116534	0.000033
褝褌懈屑	0.000284	1.108663	0.000315
褝褌芯谐芯	0.000568	0.415515	0.000236
褝褌芯屑	0.000851	0.843970	0.000718
褝褌芯屑褍	0.000284	1.272966	0.000361
褞谐芯褋谢邪胁褋泻邪褟	0.000284	0.116534	0.000033
褟谐芯写薪褘械	0.000568	0.116534	0.000066
褟谐芯写薪褘泄	0.000568	0.116534	0.000066
褟蟹褘泻	0.000284	0.040822	0.000012
褟懈褑	0.001135	0.116534	0.000132
褟泄褑邪	0.000284	0.040822	0.000012
褟泄褑芯	0.001135	0.261365	0.000297
褟薪胁邪褉褟	0.000284	0.733969	0.000208
褟薪写械泻褋	0.000284	0.072571	0.000021
褟锌芯薪褋泻邪褟	0.000284	0.116534	0.000033
褟锌芯薪褋泻芯泄	0.000284	0.061875	0.000018
褟褉泻懈械	0.000284	0.116534	0.000033
褟褉泻芯	0.000284	0.105361	0.000030
