褌芯泻械薪	TF	IDF	TF-IDF
邪斜褋芯谢褞褌薪芯	0.000277	1.832581	0.000507
邪斜褏邪蟹褋泻邪褟	0.000277	0.116534	0.000032
邪胁谐褍褋褌邪	0.000277	0.867501	0.000240
邪胁褋褌褉邪谢懈泄褋泻邪褟	0.000277	0.116534	0.000032
邪胁褋褌褉懈泄褋泻邪褟	0.000277	0.116534	0.000032
邪胁褌芯泻谢邪胁邪	0.000277	0.116534	0.000032
邪胁褌芯褉邪屑	0.000277	0.040822	0.000011
邪谐褉芯	0.000277	0.116534	0.000032
邪写卸懈泻邪	0.000277	0.040822	0.000011
邪蟹械褉斜邪泄写卸邪薪褋泻邪褟	0.000277	0.116534	0.000032
邪蟹懈邪褌褋泻邪褟	0.000277	0.127833	0.000035
邪蟹褘	0.000277	0.127833	0.000035
邪泄褉邪薪	0.000277	0.040822	0.000011
邪泻胁邪褌懈泻邪	0.000830	0.127833	0.000106
邪谢械泻褋械褟	0.000277	0.127833	0.000035
邪谢泻芯谐芯谢褜	0.000553	0.116534	0.000064
邪谢泻芯谐芯谢褜薪褘械	0.000277	0.116534	0.000032
邪谢泻芯谐芯谢褟	0.000277	0.116534	0.000032
邪谢褜褟薪褋	0.000277	0.116534	0.000032
邪屑械褉懈泻邪薪褋泻邪褟	0.000277	0.116534	0.000032
邪屑械褉懈泻邪薪褋泻懈褏	0.000277	2.407946	0.000666
邪屑械褉懈泻邪薪褋泻芯泄	0.000277	2.120264	0.000586
邪屑械褉懈泻褍	0.000277	2.407946	0.000666
邪薪谐谢懈泄褋泻邪褟	0.000277	0.116534	0.000032
邪薪写褉械褟	0.000277	0.127833	0.000035
邪褉邪斜褋泻邪褟	0.000277	0.116534	0.000032
邪褉谐械薪褌懈薪褋泻邪褟	0.000277	0.116534	0.000032
邪褉屑褟薪褋泻邪褟	0.000277	0.116534	0.000032
邪褉芯屑邪褌	0.000277	1.660731	0.000459
邪褉芯屑邪褌薪芯谐芯	0.000277	2.813411	0.000778
邪褋褋芯褉褌懈	0.000553	0.116534	0.000064
邪褌谢邪薪褌	0.000277	0.127833	0.000035
邪褎谐邪薪褋泻邪褟	0.000277	0.116534	0.000032
邪褎褉懈泻邪薪褋泻邪褟	0.000277	0.116534	0.000032
邪褝褉芯谐褉懈谢械	0.002765	0.116534	0.000322
斜邪斜懈褔	0.000277	1.514128	0.000419
斜邪泻谢邪卸邪薪褘	0.000277	0.040822	0.000011
斜邪谢褌泻芯屑	0.000277	0.127833	0.000035
斜邪褉邪薪懈薪褘	0.001106	0.116534	0.000129
斜邪褋屑邪褌懈	0.000553	0.127833	0.000071
斜邪褋褌褍褉屑邪	0.000277	0.040822	0.000011
斜邪褌芯薪褔懈泻懈	0.000277	0.127833	0.000035
斜邪褌芯薪褘	0.000277	4.605170	0.001274
斜邪褕泻懈褉褋泻邪褟	0.000277	0.116534	0.000032
斜械蟹邪谢泻芯谐芯谢褜薪褘械	0.000277	0.116534	0.000032
斜械蟹谐谢褞褌械薪芯胁褘械	0.000277	0.116534	0.000032
斜械蟹械	0.001106	0.040822	0.000045
斜械蟹芯斜褉邪蟹懈褟	0.000277	2.525729	0.000698
斜械蟹褍屑薪芯	0.000277	1.560648	0.000432
斜械谢械斜械械胁褋泻懈泄	0.000553	0.116534	0.000064
斜械谢芯泻芯褔邪薪薪邪褟	0.001106	0.994252	0.001100
斜械谢芯褉褍褋褋泻邪褟	0.000277	0.116534	0.000032
斜械谢芯褕胁械泄泻邪	0.000277	3.912023	0.001082
斜械谢褜谐懈泄褋泻邪褟	0.000277	0.116534	0.000032
斜械褉械屑械薪薪褘褏	0.000277	0.116534	0.000032
斜械褋械写懈薪邪	0.000277	0.127833	0.000035
斜懈褋泻胁懈褌	0.000553	0.040822	0.000023
斜懈褋泻胁懈褌薪芯械	0.000553	0.116534	0.000064
斜懈褋泻胁懈褌薪褘泄	0.000277	0.105361	0.000029
斜懈褋泻胁懈褌褘	0.000277	0.127833	0.000035
斜谢邪谐芯写邪褉褟	0.000277	1.897120	0.000525
斜谢懈卸械	0.000277	0.116534	0.000032
斜谢懈蟹泻懈褏	0.000277	0.116534	0.000032
斜谢懈薪芯胁	0.000553	0.116534	0.000064
斜谢懈薪褘	0.001106	0.040822	0.000045
斜谢懈褑	0.000277	2.207275	0.000610
斜谢褞写	0.000553	0.094311	0.000052
斜谢褞写邪	0.025166	0.040822	0.001027
斜谢褞写邪屑	0.000277	2.813411	0.000778
斜谢褞写芯	0.001106	0.040822	0.000045
斜谢褞写芯屑	0.000277	0.994252	0.000275
斜谢褞写褍	0.000277	0.116534	0.000032
斜芯斜芯胁褘械	0.000553	0.127833	0.000071
斜芯斜芯胁褘褏	0.001659	0.116534	0.000193
斜芯谢谐邪褉褋泻邪褟	0.000277	0.116534	0.000032
斜芯谢褜薪芯	0.000277	1.966113	0.000544
斜芯谢褜褕械	0.001106	0.105361	0.000117
斜芯谢褜褕懈褏	0.000277	3.506558	0.000970
斜芯谢褜褕芯械	0.000277	1.560648	0.000432
斜芯谢褜褕芯泄	0.000553	1.560648	0.000863
斜芯褉褖	0.000830	0.040822	0.000034
斜芯褌胁懈薪褜褟	0.000277	0.040822	0.000011
斜褉邪蟹懈谢褜褋泻邪褟	0.000277	0.116534	0.000032
斜褉邪褌褜	0.000553	2.659260	0.001471
斜褉邪褍蟹械褉械	0.000277	0.040822	0.000011
斜褉邪褍薪懈	0.000277	0.040822	0.000011
斜褉械褋褌	0.000277	0.127833	0.000035
斜褉芯泻泻芯谢懈	0.000277	0.040822	0.000011
斜褍卸械薪懈薪邪	0.000277	0.040822	0.000011
斜褍谢芯褔泻邪屑懈	0.000277	0.116534	0.000032
斜褍谢芯褔泻懈	0.000830	0.040822	0.000034
斜褍谢褜芯薪	0.002765	0.040822	0.000113
斜褍谢褜芯薪褘	0.001106	0.116534	0.000129
斜褍褉谐械褉	0.000277	0.040822	0.000011
斜褍褉谐械褉褘	0.000277	0.127833	0.000035
斜褍褉褟褌褋泻邪褟	0.000277	0.116534	0.000032
斜褍褌械褉斜褉芯写	0.000553	0.116534	0.000064
斜褍褌械褉斜褉芯写褘	0.000553	0.040822	0.000023
斜褘褋褌褉芯	0.001106	0.094311	0.000104
斜褘褋褌褉芯谐芯	0.000277	2.995732	0.000828
斜褘褋褌褉芯泄	0.000277	0.116534	0.000032
斜褘褋褌褉褘械	0.000277	1.832581	0.000507
斜褘褋褌褉褘泄	0.001106	0.105361	0.000117
胁邪卸薪褘械	0.000277	0.116534	0.000032
胁邪谢谢懈泄褋泻邪褟	0.000277	0.116534	0.000032
胁邪薪懈谢褜薪褘泄	0.001106	1.427116	0.001579
胁邪褉械薪懈泻懈	0.000277	0.116534	0.000032
胁邪褉械薪褜械	0.000830	0.040822	0.000034
胁邪褉懈邪薪褌	0.000277	0.562119	0.000155
胁邪褌褉褍褕泻懈	0.000277	0.040822	0.000011
胁邪褎谢懈	0.000553	0.040822	0.000023
胁邪褕械谐芯	0.000277	2.040221	0.000564
胁邪褕械泄	0.000553	0.040822	0.000023
胁胁芯写褟	0.000277	0.040822	0.000011
胁写胁芯械	0.000277	4.605170	0.001274
胁写芯褏薪芯胁械薪懈械	0.001106	0.116534	0.000129
胁写芯褏薪芯胁械薪懈械屑	0.000553	0.116534	0.000064
胁写芯褏薪芯胁谢褟泄褋褟	0.000277	0.116534	0.000032
胁械谐械褌邪褉懈邪薪褋泻懈械	0.000277	0.127833	0.000035
胁械谐械褌邪褉懈邪薪褋泻芯械	0.000277	0.116534	0.000032
胁械泻邪	0.000277	2.207275	0.000610
胁械谢懈泻懈泄	0.000277	0.116534	0.000032
胁械谢懈泻芯泄	0.000277	2.302585	0.000637
胁械谢懈泻芯谢械锌薪褘泄	0.000277	1.832581	0.000507
胁械薪谐械褉褋泻邪褟	0.000277	0.116534	0.000032
胁械褋械薪薪懈械	0.000277	0.051293	0.000014
胁械褋薪邪	0.001383	0.116534	0.000161
胁械褋薪褘	0.000277	0.116534	0.000032
胁械褌褔懈薪褘	0.000277	0.105361	0.000029
胁械褖械褋褌胁	0.000277	3.912023	0.001082
胁懈写械芯	0.000553	0.116534	0.000064
胁懈写械芯褉械褑械锌褌褘	0.000277	0.301105	0.000083
胁懈薪芯	0.000553	0.040822	0.000023
胁懈褕薪褟	0.000277	2.040221	0.000564
胁泻褍褋	0.001383	0.105361	0.000146
胁泻褍褋邪	0.002489	0.116534	0.000290
胁泻褍褋械薪	0.000553	1.560648	0.000863
胁泻褍褋薪邪褟	0.001383	0.061875	0.000086
胁泻褍褋薪械械	0.000553	0.116534	0.000064
胁泻褍褋薪械泄	0.000277	0.116534	0.000032
胁泻褍褋薪芯	0.001106	0.094311	0.000104
胁泻褍褋薪芯谐芯	0.000277	2.207275	0.000610
胁泻褍褋薪芯械	0.000277	0.994252	0.000275
胁泻褍褋薪褘械	0.000553	0.105361	0.000058
胁泻褍褋薪褘泄	0.000277	0.385662	0.000107
胁泻褍褋芯屑	0.000277	0.105361	0.000029
胁谢邪写懈泻邪胁泻邪蟹	0.000277	4.605170	0.001274
胁谢褞斜懈谢邪褋褜	0.000277	1.832581	0.000507
胁谢褞斜谢械薪薪褘褏	0.000277	0.116534	0.000032
胁屑械褋褌械	0.000277	0.916291	0.000253
胁薪邪褔邪谢械	0.001106	0.248461	0.000275
胁薪褍褔泻芯泄	0.000277	4.605170	0.001274
胁芯	0.000830	0.061875	0.000051
胁芯写邪	0.002212	0.287682	0.000636
胁芯写械	0.000277	0.105361	0.000029
胁芯蟹写褍褕薪邪褟	0.000277	3.912023	0.001082
胁芯蟹写褍褕薪芯械	0.000277	4.605170	0.001274
胁芯蟹屑芯卸薪芯	0.000830	1.469676	0.001219
胁芯泄褌懈	0.000277	0.000000	0.000000
胁芯谢薪芯胁邪谢	0.000277	2.407946	0.000666
胁芯谢芯胁邪薪褘	0.000277	0.116534	0.000032
胁芯谢褕械斜薪褘械	0.000277	0.116534	0.000032
胁芯谢褕械斜褋褌胁芯	0.000277	0.116534	0.000032
胁芯芯斜褖械	0.000277	1.386294	0.000383
胁芯锌褉芯褋	0.000277	1.771957	0.000490
胁芯锌褉芯褋褘	0.000277	0.000000	0.000000
胁芯褋泻褉械褋薪芯谐芯	0.000277	2.407946	0.000666
胁芯褋褌芯褔薪邪褟	0.000277	0.127833	0.000035
胁锌械褉械写懈	0.000277	2.407946	0.000666
胁锌懈褌褘胁邪褞褌	0.000277	3.506558	0.000970
胁锌芯谢薪械	0.000277	2.813411	0.000778
胁褉械屑械薪邪	0.000553	0.116534	0.000064
胁褉械屑械薪械屑	0.001659	0.116534	0.000193
胁褉械屑褟	0.000277	0.400478	0.000111
胁褉芯写械	0.000830	1.897120	0.001574
胁褉褍褌	0.000277	2.407946	0.000666
胁褋械胁芯蟹屑芯卸薪褘褏	0.000277	2.813411	0.000778
胁褋械谐写邪	0.000830	0.653926	0.000543
胁褋械谐芯	0.000277	0.186330	0.000052
胁褋械泄	0.001106	0.105361	0.000117
胁褋械屑褍	0.000277	0.061875	0.000017
胁褋锌芯屑薪懈褌褜	0.000277	0.040822	0.000011
胁褌芯褉芯械	0.000277	0.116534	0.000032
胁褌芯褉褘械	0.000277	0.127833	0.000035
胁褌褉芯械	0.000277	4.605170	0.001274
胁褏芯写	0.000830	0.030459	0.000025
胁褘泄褌懈	0.000277	0.040822	0.000011
胁褘泻谢邪写褘胁邪谢邪	0.000277	3.218876	0.000890
胁褘泻谢邪写褘胁邪褌褜	0.000277	2.659260	0.000735
胁褘泻谢邪写褘胁邪褞褌	0.000277	4.605170	0.001274
胁褘锌械褔泻邪	0.007743	0.040822	0.000316
胁褘锌械褔泻懈	0.000830	0.072571	0.000060
胁褘锌械褔泻芯泄	0.000277	0.116534	0.000032
胁褘褋芯泻邪褟	0.000277	4.605170	0.001274
胁褘褋褌邪胁谢褟褟	0.000277	3.506558	0.000970
胁褘褏芯写薪褘械	0.000277	2.302585	0.000637
胁褜械褌薪邪屑褋泻邪褟	0.000277	0.116534	0.000032
谐邪胁邪泄褋泻邪褟	0.000277	0.116534	0.000032
谐邪蟹械褌械	0.000277	2.302585	0.000637
谐邪褉邪卸芯屑	0.000277	1.078810	0.000298
谐邪褉薪懈褉	0.001383	0.040822	0.000056
谐邪褋锌邪褔芯	0.000277	0.040822	0.000011
谐械芯谐褉邪褎懈褟	0.000277	0.116534	0.000032
谐谢邪胁薪褘泄	0.000277	0.040822	0.000011
谐谢邪蟹褍褉褜	0.000830	0.040822	0.000034
谐谢懈薪褌胁械泄薪	0.000277	0.040822	0.000011
谐芯胁芯褉懈褌	0.000277	2.813411	0.000778
谐芯胁芯褉褟	0.000277	2.207275	0.000610
谐芯胁褟写懈薪褘	0.001106	0.116534	0.000129
谐芯写	0.002489	0.105361	0.000262
谐芯写邪	0.004701	0.248461	0.001168
谐芯写邪褏	0.000277	2.207275	0.000610
谐芯谢谢邪薪写褋泻邪褟	0.000277	0.116534	0.000032
谐芯褉芯写邪	0.000277	0.116534	0.000032
谐芯褉芯写邪褏	0.000277	4.605170	0.001274
谐芯褉芯褏	0.000277	0.116534	0.000032
谐芯褉芯褏芯胁邪褟	0.000277	4.605170	0.001274
谐芯褉褔懈褑邪	0.000553	0.040822	0.000023
谐芯褉褔懈褑邪屑懈	0.000277	0.127833	0.000035
谐芯褉褕芯褔泻邪褏	0.000277	0.105361	0.000029
谐芯褉褕芯褔泻械	0.000553	0.040822	0.000023
谐芯褉褟褔械械	0.000553	0.116534	0.000064
谐芯褉褟褔懈械	0.009679	0.105361	0.001020
谐芯褉褟褔懈泄	0.000553	0.116534	0.000064
谐芯褋褌懈	0.000277	0.116534	0.000032
谐芯褌芯胁邪褟	0.001106	2.525729	0.002794
谐芯褌芯胁懈谢邪	0.000277	0.733969	0.000203
谐芯褌芯胁懈屑	0.001659	0.094311	0.000156
谐芯褌芯胁懈褌褋褟	0.000830	0.478036	0.000397
谐芯褌芯胁懈褌褜	0.001659	0.105361	0.000175
谐芯褌芯胁褘褏	0.000277	2.659260	0.000735
谐芯褌芯胁褜	0.000553	0.116534	0.000064
谐芯褌芯胁褟褌	0.000553	0.116534	0.000064
谐褉邪薪写	0.000277	3.912023	0.001082
谐褉械薪泻懈	0.000553	0.040822	0.000023
谐褉械褔械褋泻邪褟	0.000277	0.116534	0.000032
谐褉械褔泻邪	0.000277	0.040822	0.000011
谐褉懈斜邪屑懈	0.001106	0.105361	0.000117
谐褉懈斜薪褘械	0.000553	0.040822	0.000023
谐褉懈斜芯胁	0.000830	0.116534	0.000097
谐褉懈斜褘	0.000830	0.040822	0.000034
谐褉懈谢械	0.001383	0.116534	0.000161
谐褉懈谢褜	0.000277	0.116534	0.000032
谐褉懈谢褜屑邪薪懈褟	0.000277	0.116534	0.000032
谐褉懈谢褟	0.001106	0.116534	0.000129
谐褉芯谐	0.000277	0.040822	0.000011
谐褉褍蟹懈薪褋泻邪褟	0.000277	0.116534	0.000032
谐褉褍锌锌褘	0.000277	0.061875	0.000017
谐褍褉屑邪薪懈褟	0.001659	0.116534	0.000193
谐褍褉屑械	0.000277	0.127833	0.000035
谐褍褋褟	0.000553	0.105361	0.000058
写邪械褌	0.000277	0.040822	0.000011
写邪薪薪褘械	0.000277	0.040822	0.000011
写邪褉褘	0.000277	0.116534	0.000032
写邪褌械	0.000553	0.248461	0.000137
写邪褌褋泻邪褟	0.000277	0.116534	0.000032
写邪褔薪芯械	0.000830	0.116534	0.000097
写胁械褉褜	0.000277	2.407946	0.000666
写械胁芯褔泻懈	0.000277	1.427116	0.000395
写械泄褋褌胁懈褌械谢褜薪芯	0.000277	1.832581	0.000507
写械泻芯褉	0.000277	0.127833	0.000035
写械谢邪械褌	0.000553	0.116534	0.000064
写械谢邪械褌褋褟	0.000277	1.347074	0.000373
写械谢邪褌褜	0.000277	1.386294	0.000383
写械谢邪褞	0.000553	1.386294	0.000767
写械谢懈屑褋褟	0.000277	0.040822	0.000011
写械谢芯	0.000277	1.386294	0.000383
写械谢芯屑	0.000277	0.116534	0.000032
写械屑芯薪懈泻邪	0.000277	2.525729	0.000698
写械薪褜	0.000830	0.083382	0.000069
写械锌褉械褋褋懈懈	0.000277	2.302585	0.000637
写械褉卸懈褌械褋褜	0.000277	2.407946	0.000666
写械褋械褉褌	0.000830	0.116534	0.000097
写械褋械褉褌邪褑懈褟	0.000277	0.116534	0.000032
写械褋械褉褌薪褘械	0.000277	0.116534	0.000032
写械褋械褉褌褘	0.003872	0.040822	0.000158
写械褌械泄	0.000277	0.116534	0.000032
写卸械屑	0.000277	0.040822	0.000011
写蟹械薪	0.000277	0.116534	0.000032
写懈械褌邪	0.000277	0.116534	0.000032
写懈械褌褘	0.000277	0.116534	0.000032
写懈泻懈泄	0.000553	0.116534	0.000064
写懈泻芯谐芯	0.000277	0.116534	0.000032
写懈锌	0.000277	0.116534	0.000032
写懈褔懈	0.000553	0.116534	0.000064
写懈褔褜	0.000277	0.116534	0.000032
写谢懈褌械谢褜薪芯谐芯	0.000277	2.525729	0.000698
写薪械胁薪懈泻邪褏	0.000277	0.061875	0.000017
写薪械泄	0.001106	0.116534	0.000129
写薪褟	0.000277	0.040822	0.000011
写芯斜邪胁谢械薪懈褟屑	0.000277	0.274437	0.000076
写芯斜邪胁谢褟褌褜	0.000277	0.040822	0.000011
写芯斜邪胁褜	0.000277	0.116534	0.000032
写芯斜褉芯褎谢芯褌	0.000277	0.127833	0.000035
写芯胁械褉褟械褕褜	0.000277	0.116534	0.000032
写芯胁芯谢褜薪芯	0.000277	1.609438	0.000445
写芯谢谐芯	0.000553	1.514128	0.000837
写芯屑	0.002489	0.040822	0.000102
写芯屑邪	0.000553	0.994252	0.000550
写芯屑邪褕薪械械	0.000830	0.040822	0.000034
写芯屑邪褕薪懈械	0.000553	0.040822	0.000023
写芯屑邪褕薪懈泄	0.001383	0.116534	0.000161
写芯屑邪褕薪褟褟	0.000553	0.105361	0.000058
写芯屑芯胁	0.000277	0.040822	0.000011
写芯屑芯褏芯蟹褟械泻	0.000277	2.407946	0.000666
写芯锌芯谢薪械薪懈械	0.000277	2.659260	0.000735
写芯褉芯谐懈械	0.000553	1.272966	0.000704
写芯褉芯谐褍	0.000277	2.995732	0.000828
写芯褋褌芯懈薪褋褌胁邪	0.000277	2.302585	0.000637
写芯褔械薪褜泻邪	0.000277	4.605170	0.001274
写芯褔泻邪	0.000277	3.912023	0.001082
写褉邪泄胁	0.001383	0.127833	0.000177
写褉芯卸卸械胁芯谐芯	0.000277	2.407946	0.000666
写褉芯卸卸械胁芯械	0.000277	0.116534	0.000032
写褉芯卸卸械胁褘屑	0.000277	4.605170	0.001274
写褉芯卸卸懈	0.001659	0.941609	0.001562
写褉褍谐懈屑懈	0.000277	0.040822	0.000011
写褉褍谐懈褏	0.000277	1.714798	0.000474
写褉褍谐芯屑褍	0.000277	2.407946	0.000666
写褍屑邪谢邪	0.000277	1.272966	0.000352
写褍褏芯胁泻邪	0.001106	0.127833	0.000141
写褍褕懈	0.000830	0.105361	0.000087
械胁褉械泄褋泻邪褟	0.000277	0.116534	0.000032
械谐懈锌械褌褋泻邪褟	0.000277	0.116534	0.000032
械写懈薪褘泄	0.000277	0.040822	0.000011
械卸械谐芯写薪芯	0.000277	2.407946	0.000666
械泻芯	0.000277	0.127833	0.000035
卸邪褉泻芯械	0.000553	0.040822	0.000023
卸械谢邪械屑褘械	0.000277	1.469676	0.000406
卸械谢邪薪懈褟	0.000277	2.302585	0.000637
卸械谢邪褞褖懈泄	0.000277	4.605170	0.001274
卸械谢械	0.000830	0.040822	0.000034
卸械谢褌芯泻	0.000553	1.272966	0.000704
卸械薪褋泻邪褟	0.000277	0.127833	0.000035
卸械薪褋泻芯屑	0.000277	0.061875	0.000017
卸械薪褖懈薪褘	0.000553	0.116534	0.000064
卸懈胁械褌	0.000277	3.912023	0.001082
卸懈蟹薪懈	0.000277	0.040822	0.000011
卸懈蟹薪褜	0.000277	0.116534	0.000032
卸褍谢褜械薪	0.000277	0.040822	0.000011
卸褍褉薪邪谢邪	0.000277	0.127833	0.000035
卸褞谢褜械薪	0.000277	0.040822	0.000011
蟹邪胁邪褉薪芯谐芯	0.000277	2.525729	0.000698
蟹邪胁邪褉薪芯械	0.000277	0.116534	0.000032
蟹邪胁邪褉薪芯泄	0.000277	0.116534	0.000032
蟹邪胁懈褋懈褌	0.000277	2.120264	0.000586
蟹邪胁褌褉邪泻	0.001936	0.094311	0.000183
蟹邪胁褌褉邪泻懈	0.000277	0.127833	0.000035
蟹邪谐芯褌芯胁泻懈	0.001106	0.040822	0.000045
蟹邪写邪胁邪褌褜	0.000277	0.040822	0.000011
蟹邪写邪褞	0.000277	3.218876	0.000890
蟹邪懈薪褌褉懈谐芯胁邪谢邪	0.000277	3.506558	0.000970
蟹邪泄褑邪	0.000553	0.116534	0.000064
蟹邪泻胁邪褋泻邪	0.000277	0.040822	0.000011
蟹邪泻胁邪褋泻邪屑懈	0.000277	0.116534	0.000032
蟹邪泻胁邪褋芯泻	0.000277	0.127833	0.000035
蟹邪泻褉褘褌褘泄	0.000277	0.116534	0.000032
蟹邪泻褍褋泻懈	0.004978	0.040822	0.000203
蟹邪泻褍褋泻褍	0.000830	0.116534	0.000097
蟹邪泻褍褋芯薪褔懈泻	0.000277	0.116534	0.000032
蟹邪泻褍褋芯褔泻邪	0.000277	0.116534	0.000032
蟹邪泻褍褋芯褔薪褘械	0.002489	0.116534	0.000290
蟹邪泻褍褋芯褔薪褘泄	0.000277	2.120264	0.000586
蟹邪谢邪屑懈薪懈褉芯胁邪褌褜	0.000277	2.407946	0.000666
蟹邪谢懈胁薪芯械	0.000553	0.040822	0.000023
蟹邪屑械褋邪	0.000277	2.659260	0.000735
蟹邪屑械褔邪褌械谢褜薪褘械	0.000277	2.207275	0.000610
蟹邪屑芯褉芯蟹泻邪	0.000277	0.105361	0.000029
蟹邪锌邪写	0.000277	0.116534	0.000032
蟹邪锌械泻邪薪懈褟	0.000277	1.560648	0.000432
蟹邪锌械泻邪薪泻邪	0.001106	0.105361	0.000117
蟹邪锌械泻邪薪泻懈	0.001936	0.040822	0.000079
蟹邪锌褉邪胁泻邪	0.000553	0.040822	0.000023
蟹邪褉邪薪械械	0.000277	1.660731	0.000459
蟹邪褉械谐懈褋褌褉懈褉芯胁邪胁褕懈褋褜	0.000277	0.040822	0.000011
蟹邪褉械谐懈褋褌褉懈褉芯胁邪褌褜褋褟	0.000277	0.030459	0.000008
蟹邪褋芯谢泻邪	0.000277	0.116534	0.000032
蟹邪褏芯褔械褌褋褟	0.000277	3.506558	0.000970
蟹邪褔邪褋褌褍褞	0.000277	4.605170	0.001274
蟹邪褟胁谢褟褞	0.000277	2.207275	0.000610
蟹胁邪薪褘泄	0.000277	0.127833	0.000035
蟹胁械蟹写邪	0.000277	0.127833	0.000035
蟹胁褢蟹写薪褘械	0.000277	0.116534	0.000032
蟹写芯褉芯胁芯械	0.000277	0.116534	0.000032
蟹写芯褉芯胁褘泄	0.000277	0.116534	0.000032
蟹械谢械薪褜	0.000830	0.094311	0.000078
蟹械谢械薪褜褞	0.000277	2.525729	0.000698
蟹械褎懈褉	0.000277	0.040822	0.000011
蟹懈屑薪懈械	0.000277	0.051293	0.000014
蟹懈屑褍	0.001106	0.040822	0.000045
蟹薪邪褞	0.001383	0.755023	0.001044
蟹芯谢芯褌邪褟	0.000277	0.116534	0.000032
蟹褉褟	0.000277	3.506558	0.000970
蟹褟褌褜	0.000277	3.912023	0.001082
懈胁邪薪芯胁邪	0.000277	0.127833	0.000035
懈写械邪谢褜薪邪褟	0.000277	0.116534	0.000032
懈写械邪谢褜薪芯	0.000277	1.514128	0.000419
懈写械邪谢褜薪芯谐芯	0.001383	0.116534	0.000161
懈写械邪谢褜薪芯械	0.000277	0.116534	0.000032
懈写械泄泻懈	0.000277	0.116534	0.000032
懈蟹胁械褋褌薪褘泄	0.000277	1.897120	0.000525
懈蟹写械谢懈褟	0.004978	0.116534	0.000580
懈蟹写械谢懈褟屑懈	0.000830	0.116534	0.000097
懈泻褉邪	0.000830	0.040822	0.000034
懈屑械械褌	0.000277	1.832581	0.000507
懈屑械薪械屑	0.000277	0.040822	0.000011
懈屑懈	0.000277	1.832581	0.000507
懈薪邪褔械	0.000277	1.897120	0.000525
懈薪胁械褉褌芯褉薪芯泄	0.000277	0.127833	0.000035
懈薪谐褉械写懈械薪褌邪屑	0.000277	1.469676	0.000406
懈薪谐褉械写懈械薪褌芯胁	0.000277	1.771957	0.000490
懈薪谐褉械写懈械薪褌褘	0.009403	0.139262	0.001309
懈薪写械泄泻懈	0.001383	0.094311	0.000130
懈薪写械泄泻芯泄	0.000277	0.116534	0.000032
懈薪写懈泄褋泻邪褟	0.000277	0.116534	0.000032
懈薪写懈谢邪泄褌	0.000830	0.116534	0.000097
懈薪写懈褉械褋薪褘械	0.000277	0.116534	0.000032
懈薪芯谐写邪	0.000277	1.897120	0.000525
懈薪褋褌褉褍泻褑懈褟屑懈	0.000277	0.040822	0.000011
懈薪褌械褉薪械褌械	0.000277	1.309333	0.000362
懈褉邪泻褋泻邪褟	0.000277	0.116534	0.000032
懈褉邪薪褋泻邪褟	0.000277	0.116534	0.000032
懈褉懈薪泻邪	0.000277	4.605170	0.001274
懈褉谢邪薪写褋泻邪褟	0.000277	0.116534	0.000032
懈褉褉械蟹	0.000277	1.347074	0.000373
懈褋泻邪褌褜	0.000277	3.506558	0.000970
懈褋泻谢褞褔懈褌褜	0.000277	1.469676	0.000406
懈褋泻褉械薪薪械	0.000277	0.116534	0.000032
懈褋谢邪薪写褋泻邪褟	0.000277	0.116534	0.000032
懈褋锌邪薪褋泻邪褟	0.000277	0.116534	0.000032
懈褋锌械泻懈	0.000277	0.116534	0.000032
懈褋锌械褔褜	0.000277	1.966113	0.000544
懈褋锌褘褌褘胁邪褟	0.000277	2.407946	0.000666
懈褋褌芯褉懈懈	0.001383	0.116534	0.000161
懈褋褌芯褉懈褞	0.000277	0.116534	0.000032
懈褌邪谢懈懈	0.000553	0.105361	0.000058
懈褌邪谢褜褟薪褋泻邪褟	0.000277	0.116534	0.000032
懈褖褍褌	0.000277	1.609438	0.000445
懈褞谢褟	0.000553	0.597837	0.000331
懈褞薪褟	0.000830	0.579818	0.000481
泄芯谐褍褉褌	0.000830	0.040822	0.000034
泄芯褉泻	0.000277	2.407946	0.000666
泻邪斜邪褔泻懈	0.000277	0.040822	0.000011
泻邪胁泻邪蟹褋泻邪褟	0.000277	0.116534	0.000032
泻邪蟹邪谢芯褋褜	0.000277	1.609438	0.000445
泻邪蟹邪薪械	0.000277	0.116534	0.000032
泻邪蟹邪褏褋泻邪褟	0.000277	0.116534	0.000032
泻邪泻邪芯	0.001106	0.040822	0.000045
泻邪谢械泄写芯褋泻芯锌	0.001106	0.116534	0.000129
泻邪谢屑褘褑泻邪褟	0.000277	0.116534	0.000032
泻邪谢褜屑邪褉	0.000277	0.040822	0.000011
泻邪屑械褉邪	0.000277	0.116534	0.000032
泻邪薪邪写褋泻邪褟	0.000277	0.116534	0.000032
泻邪薪邪谢	0.000553	0.040822	0.000023
泻邪薪邪谢械	0.000277	0.040822	0.000011
泻邪薪邪锌械	0.000553	0.040822	0.000023
泻邪锌褍褋褌邪	0.001659	0.040822	0.000068
泻邪锌褍褋褌薪褘泄	0.000553	2.302585	0.001274
泻邪锌褍褋褌薪褟泻	0.000277	0.040822	0.000011
泻邪锌褍褋褌芯泄	0.000553	1.966113	0.001087
泻邪锌褍褋褌褘	0.000277	0.040822	0.000011
泻邪褉邪屑械谢褜	0.000277	0.040822	0.000011
泻邪褉泻邪褋薪褘泄	0.001106	0.116534	0.000129
泻邪褉褌芯褎械谢褜	0.001106	0.040822	0.000045
泻邪褉褌芯褎械谢褜薪芯械	0.000553	0.040822	0.000023
泻邪褉褌芯褎械谢褜薪褘泄	0.000277	0.116534	0.000032
泻邪褉褌芯褕泻邪	0.001106	0.040822	0.000045
泻邪褉褌芯褕泻芯泄	0.000277	2.302585	0.000637
泻邪褌械谐芯褉懈懈	0.000553	0.116534	0.000064
泻邪褌械谐芯褉懈褟	0.004148	0.150823	0.000626
泻邪褔械褋褌胁芯	0.000277	0.116534	0.000032
泻邪褕邪	0.000553	0.040822	0.000023
泻邪褕懈	0.001383	0.105361	0.000146
泻邪褕褍	0.000277	0.094311	0.000026
泻胁邪褋	0.000830	0.040822	0.000034
泻胁邪褋薪芯械	0.000830	0.116534	0.000097
泻胁邪褋芯屑	0.000277	0.127833	0.000035
泻械泻褋	0.000277	0.040822	0.000011
泻械泻褋褘	0.000553	0.116534	0.000064
泻械褎懈褉	0.000830	0.040822	0.000034
泻懈屑褔懈	0.000277	0.040822	0.000011
泻懈薪芯邪	0.000553	0.127833	0.000071
泻懈薪芯谢械薪褌邪	0.000277	0.116534	0.000032
泻懈褋械谢褜	0.000553	0.040822	0.000023
泻懈褌邪泄褋泻邪褟	0.000277	0.116534	0.000032
泻谢邪褋褋	0.002212	0.116534	0.000258
泻谢邪褋褋褘	0.000277	0.116534	0.000032
泻谢芯薪	0.000277	4.605170	0.001274
泻薪懈谐褍	0.000553	0.040822	0.000023
泻芯泻褌械泄谢懈	0.000277	0.127833	0.000035
泻芯泻褌械泄谢褜	0.001383	0.040822	0.000056
泻芯谢邪屑斜褍褋	0.000277	4.605170	0.001274
泻芯谢斜邪褋邪	0.000277	0.040822	0.000011
泻芯谢斜邪褋薪褘屑懈	0.000830	0.116534	0.000097
泻芯屑邪薪写邪	0.000553	0.127833	0.000071
泻芯屑懈	0.000277	0.116534	0.000032
泻芯屑屑械薪褌邪褉懈械胁	0.000277	0.223144	0.000062
泻芯屑锌邪薪懈泄	0.000277	0.105361	0.000029
泻芯屑锌芯褌	0.000830	0.040822	0.000034
泻芯薪械褔薪芯	0.000553	0.527633	0.000292
泻芯薪懈薪褘	0.000277	0.116534	0.000032
泻芯薪泻褍褉褋	0.059181	0.105361	0.006235
泻芯薪泻褍褉褋邪	0.000277	0.116534	0.000032
泻芯薪泻褍褉褋邪褏	0.000277	0.040822	0.000011
泻芯薪泻褍褉褋薪褘械	0.000277	0.127833	0.000035
泻芯薪褋械褉胁懈褉芯胁邪薪懈械	0.000277	0.040822	0.000011
泻芯薪褋械褉胁懈褉芯胁邪薪薪邪褟	0.000277	0.116534	0.000032
泻芯薪褋械褉胁懈褉芯胁邪薪薪芯械	0.000277	0.116534	0.000032
泻芯薪褋械褉胁懈褉芯胁邪薪薪褘械	0.000553	0.116534	0.000064
泻芯薪褋械褉胁懈褉芯胁邪薪薪褘泄	0.000277	0.116534	0.000032
泻芯薪褎械褌褌懈	0.000277	0.116534	0.000032
泻芯薪褎械褌褘	0.000830	0.040822	0.000034
泻芯薪褎懈写械薪褑懈邪谢褜薪芯褋褌懈	0.000277	0.040822	0.000011
泻芯薪褎懈褌褞褉	0.000277	0.040822	0.000011
泻芯薪褜褟泻	0.000553	2.207275	0.001221
泻芯锌褔械薪芯褋褌褟屑懈	0.000277	0.116534	0.000032
泻芯褉械泄褋泻邪褟	0.000277	0.116534	0.000032
泻芯褉械泄褋泻懈	0.000277	0.040822	0.000011
泻芯褉卸	0.000277	2.302585	0.000637
泻芯褉卸懈泻懈	0.000277	0.040822	0.000011
泻芯褉懈褑邪	0.000553	1.427116	0.000789
泻芯褉懈褔薪械胁褘泄	0.000553	1.386294	0.000767
泻芯褉屑褟褖懈褏	0.000277	0.116534	0.000032
泻芯褉薪褍褝谢褜褋泻懈泄	0.000277	2.525729	0.000698
泻芯褉芯褔泻芯泄	0.000553	1.771957	0.000980
泻芯褌谢械褌褘	0.000277	0.040822	0.000011
泻芯褌芯褉芯屑褍	0.000277	0.116534	0.000032
泻芯褎械	0.000553	0.040822	0.000023
泻褉邪褋邪胁械褑	0.000277	2.659260	0.000735
泻褉邪褋泻懈	0.000277	0.116534	0.000032
泻褉械邪褌懈胁	0.000277	0.127833	0.000035
泻褉械屑	0.000277	0.040822	0.000011
泻褉械屑邪	0.000553	0.116534	0.000064
泻褉械锌泻懈泄	0.000277	0.116534	0.000032
泻褉懈褌懈泻芯胁邪褌褜	0.000277	3.506558	0.000970
泻褉芯谢懈泻邪	0.000553	0.116534	0.000064
泻褉芯屑械	0.000277	0.061875	0.000017
泻褉芯褏懈	0.000277	0.116534	0.000032
泻褉褍谐褍	0.000553	0.116534	0.000064
泻褉褍锌	0.001659	0.116534	0.000193
泻褉褍锌邪	0.000277	0.127833	0.000035
泻褉褍锌褘	0.000553	0.127833	0.000071
泻褉褍锌褟薪褘械	0.000277	0.116534	0.000032
泻褍斜械褌械	0.000553	3.218876	0.001780
泻褍斜懈薪褋泻邪褟	0.000277	0.116534	0.000032
泻褍谢械褕	0.000277	0.040822	0.000011
泻褍谢懈薪邪褉懈懈	0.000830	0.094311	0.000078
泻褍谢懈薪邪褉薪邪褟	0.000277	0.116534	0.000032
泻褍谢懈薪邪褉薪芯械	0.000277	0.116534	0.000032
泻褍谢懈薪邪褉薪褍褞	0.000553	0.040822	0.000023
泻褍谢懈薪邪褉薪褘泄	0.000277	0.072571	0.000020
泻褍谢懈薪邪褉薪褘褏	0.000277	0.116534	0.000032
泻褍谢懈褔	0.000277	0.040822	0.000011
泻褍谢懈褔懈	0.000277	0.116534	0.000032
泻褍薪卸褍褌	0.000553	0.994252	0.000550
泻褍褉写褋泻邪褟	0.000277	0.116534	0.000032
泻褍褉懈薪芯谐芯	0.000277	0.116534	0.000032
泻褍褉懈薪芯械	0.005808	0.127833	0.000742
泻褍褉懈薪褘泄	0.000277	0.105361	0.000029
泻褍褉懈褑邪	0.000277	0.040822	0.000011
泻褍褉懈褑褘	0.000830	0.116534	0.000097
泻褍褉芯褔泻芯泄	0.000277	0.116534	0.000032
泻褍褋泻褍褋	0.000277	0.040822	0.000011
泻褍褋芯褔械泻	0.000277	2.525729	0.000698
泻褍褋芯褔泻芯屑	0.000277	2.995732	0.000828
泻褍褏薪械泄	0.000277	0.040822	0.000011
泻褍褏薪懈	0.001106	0.040822	0.000045
泻褍褏薪褟	0.000830	0.116534	0.000097
谢邪胁邪褕	0.000553	0.040822	0.000023
谢邪胁邪褕邪	0.001106	0.116534	0.000129
谢邪谐屑邪薪	0.000277	0.040822	0.000011
谢邪泻芯屑褋褌胁芯	0.000277	0.116534	0.000032
谢邪锌褕邪	0.000553	0.040822	0.000023
谢邪褌褘褕褋泻邪褟	0.000277	0.116534	0.000032
谢械谐械薪写械	0.000277	2.207275	0.000610
谢械谐泻邪褟	0.000277	0.116534	0.000032
谢械谐泻懈泄	0.000553	0.116534	0.000064
谢械谐泻芯	0.001936	0.116534	0.000226
谢械薪懈胁邪褟	0.000277	2.813411	0.000778
谢械锌械褕泻懈	0.000553	0.040822	0.000023
谢械褌	0.000553	0.843970	0.000467
谢械褌邪	0.000277	0.116534	0.000032
谢械褌薪懈械	0.000277	0.040822	0.000011
谢械褌薪褟褟	0.000277	0.116534	0.000032
谢械褌芯	0.001383	0.116534	0.000161
谢械褔芯	0.000277	0.040822	0.000011
谢懈谐邪	0.000830	0.116534	0.000097
谢懈泻械褉	0.000277	0.040822	0.000011
谢懈屑芯薪邪写	0.000553	0.040822	0.000023
谢懈屑芯薪薪褘泄	0.000553	0.798508	0.000442
谢懈褌芯胁褋泻	0.000277	0.127833	0.000035
谢懈褌芯胁褋泻邪褟	0.000277	0.116534	0.000032
谢芯锌薪褍谢芯	0.000277	2.407946	0.000666
谢褍泻	0.001106	0.301105	0.000333
谢褍褔褕懈械	0.000277	0.116534	0.000032
谢褍褔褕懈泄	0.000553	0.040822	0.000023
谢褍褔褕懈褏	0.000277	0.116534	0.000032
谢褞斜胁懈	0.000277	0.105361	0.000029
谢褞斜懈屑	0.000277	2.995732	0.000828
谢褞斜懈屑芯谐芯	0.000277	0.127833	0.000035
谢褞斜懈屑芯屑褍	0.000277	0.116534	0.000032
谢褞斜懈屑褘褏	0.001659	0.116534	0.000193
谢褞斜芯胁褜	0.000277	0.116534	0.000032
谢褞斜芯泄	0.000830	0.116534	0.000097
谢褞斜褍褞	0.000277	3.912023	0.001082
谢褞写懈	0.000277	2.207275	0.000610
谢褢写	0.000277	0.127833	0.000035
屑邪谐褉懈斜邪	0.000277	0.116534	0.000032
屑邪泄	0.000277	0.116534	0.000032
屑邪泄芯薪械蟹	0.001936	0.116534	0.000226
屑邪泻邪褉芯薪薪褘械	0.000277	0.116534	0.000032
屑邪泻邪褉芯薪褘	0.000277	0.040822	0.000011
屑邪谢邪蟹懈泄褋泻邪褟	0.000277	0.116534	0.000032
屑邪谢懈薪芯泄	0.000277	4.605170	0.001274
屑邪薪薪懈泻	0.000277	0.040822	0.000011
屑邪薪褌褘	0.000277	0.116534	0.000032
屑邪薪褢胁褉褘	0.000277	0.116534	0.000032
屑邪褉邪褎芯薪	0.000830	0.116534	0.000097
屑邪褉谐邪褉懈薪	0.001659	1.609438	0.002671
屑邪褉懈薪邪写	0.002489	0.040822	0.000102
屑邪褉懈薪邪写褘	0.000830	0.116534	0.000097
屑邪褉懈薪芯胁邪薪薪褘械	0.000277	0.116534	0.000032
屑邪褉屑械谢邪写	0.000277	0.040822	0.000011
屑邪褉芯泻泻邪薪褋泻邪褟	0.000277	0.116534	0.000032
屑邪褉褌邪	0.001659	0.105361	0.000175
屑邪褋泻邪褉锌芯薪械	0.000277	0.040822	0.000011
屑邪褋谢邪	0.000277	1.237874	0.000342
屑邪褋谢械薪懈褑邪	0.000830	0.040822	0.000034
屑邪褋谢械薪懈褔薪芯械	0.000277	0.116534	0.000032
屑邪褋谢芯	0.006637	0.116534	0.000773
屑邪褋谢芯屑	0.000277	0.116534	0.000032
屑邪褋褌械褉	0.002489	0.116534	0.000290
屑邪褋褌懈泻邪	0.000277	0.040822	0.000011
屑邪褋褌懈泻懈	0.000277	0.116534	0.000032
屑邪褎褎懈薪褘	0.000277	0.116534	0.000032
屑邪褏械械胁褗	0.001106	0.116534	0.000129
屑邪褟	0.000277	0.634878	0.000176
屑械写懈邪褎芯褉褌	0.000830	0.000000	0.000000
屑械写芯胁褘泄	0.000277	0.116534	0.000032
屑械泻褋懈泻邪薪褋泻邪褟	0.000277	0.116534	0.000032
屑械薪褞	0.000277	0.116534	0.000032
屑械薪褟	0.001383	0.083382	0.000115
屑械薪褟械褌褋褟	0.000277	0.116534	0.000032
屑械褔褌邪	0.000277	0.116534	0.000032
屑械褔褌褘	0.000553	0.040822	0.000023
屑懈写懈懈	0.000277	0.040822	0.000011
屑懈泻褉芯胁芯谢薪芯胁泻械	0.000277	0.116534	0.000032
屑懈谢邪褕懈薪芯	0.000277	4.605170	0.001274
屑懈谢芯褋褌懈	0.000277	1.897120	0.000525
屑懈谢褜械	0.000277	0.116534	0.000032
屑懈薪写邪谢褜	0.000553	2.040221	0.001128
屑懈薪褍褌	0.000277	0.755023	0.000209
屑懈芯	0.000277	0.116534	0.000032
屑懈褉	0.000277	0.116534	0.000032
屑懈褉邪	0.000277	0.116534	0.000032
屑懈褉芯胁邪褟	0.000277	0.116534	0.000032
屑懈褋芯	0.000277	0.040822	0.000011
屑懈褋褌械褉懈褟	0.000277	0.116534	0.000032
屑懈褋褌褉邪谢褜	0.001936	0.116534	0.000226
屑屑屑屑屑屑屑屑	0.000277	2.659260	0.000735
屑薪械薪懈械	0.000277	2.995732	0.000828
屑薪芯谐芯褋褌褉邪写邪谢褜薪芯谐芯	0.000277	2.407946	0.000666
屑薪芯谐芯褔懈褋谢械薪薪褘屑	0.000277	2.302585	0.000637
屑薪芯卸械褋褌胁芯	0.000277	1.560648	0.000432
屑薪芯卸械褋褌胁芯屑	0.000277	0.040822	0.000011
屑芯谐褍	0.000553	0.798508	0.000442
屑芯械	0.000277	0.116534	0.000032
屑芯械屑褍	0.000277	1.897120	0.000525
屑芯卸械褌械	0.000277	0.000000	0.000000
屑芯懈	0.000553	1.078810	0.000597
屑芯懈屑	0.000277	2.302585	0.000637
屑芯泄	0.000553	0.105361	0.000058
屑芯谢写邪胁褋泻邪褟	0.000277	0.116534	0.000032
屑芯谢薪懈械薪芯褋薪芯	0.000277	2.407946	0.000666
屑芯谢薪懈械薪芯褋薪芯泄	0.000277	4.605170	0.001274
屑芯谢芯泻邪	0.000277	1.714798	0.000474
屑芯谢芯泻械	0.000277	0.105361	0.000029
屑芯谢芯泻芯	0.001936	0.116534	0.000226
屑芯谢芯褔薪褘泄	0.000553	0.040822	0.000023
屑芯谢芯褔薪褘褏	0.000277	0.116534	0.000032
屑芯屑械薪褌	0.000830	0.116534	0.000097
屑芯薪谐芯谢褜褋泻邪褟	0.000277	0.116534	0.000032
屑芯褉械	0.000277	0.116534	0.000032
屑芯褉械锌褉芯写褍泻褌芯胁	0.003042	0.040822	0.000124
屑芯褉械锌褉芯写褍泻褌褘	0.000553	0.116534	0.000064
屑芯褉泻芯胁褜	0.000830	0.040822	0.000034
屑芯褉芯卸械薪邪褟	0.000277	4.605170	0.001274
屑芯褉芯卸械薪芯械	0.000830	0.040822	0.000034
屑芯褉褋	0.000277	0.040822	0.000011
屑芯褉褋褘	0.000277	0.116534	0.000032
屑芯褌芯褉	0.000277	0.116534	0.000032
屑芯褏懈褌芯	0.000277	0.040822	0.000011
屑褍卸褋泻邪褟	0.000277	0.127833	0.000035
屑褍卸褔懈薪褘	0.000553	0.116534	0.000064
屑褍泻邪	0.008573	0.274437	0.002353
屑褍谢褜褌懈胁邪褉泻械	0.010509	0.116534	0.001225
屑褍谢褜褌懈锌械泻邪褉械泄	0.000830	0.116534	0.000097
屑褍褋褋	0.000277	0.040822	0.000011
屑褍褋褋褘	0.000553	0.116534	0.000064
屑褍褔薪褘械	0.000277	0.116534	0.000032
屑褞褋谢懈	0.000553	0.116534	0.000064
屑褟褋邪	0.002212	0.116534	0.000258
屑褟褋薪芯谐芯	0.000553	0.116534	0.000064
屑褟褋薪芯泄	0.000277	0.116534	0.000032
屑褟褋薪褘械	0.001383	0.040822	0.000056
屑褟褋薪褘褏	0.000830	0.116534	0.000097
屑褟褋芯	0.002765	0.040822	0.000113
屑褟褋芯屑	0.001936	0.040822	0.000079
屑褟褋褍	0.000553	0.116534	0.000064
薪邪斜芯褉	0.000277	1.897120	0.000525
薪邪蟹邪写	0.000277	0.967584	0.000268
薪邪蟹薪邪褔械薪懈褟	0.000277	0.116534	0.000032
薪邪泻芯薪械褑	0.000277	1.609438	0.000445
薪邪谢懈胁泻邪	0.000277	0.040822	0.000011
薪邪锌械褔邪褌邪谢	0.000277	2.407946	0.000666
薪邪锌懈褌泻懈	0.001659	0.040822	0.000068
薪邪锌懈褌芯泻	0.000277	0.040822	0.000011
薪邪褋泻芯谢褜泻芯	0.000277	1.427116	0.000395
薪邪褋褌芯泄泻邪	0.000277	0.040822	0.000011
薪邪褋褌褉芯械薪懈械	0.000277	0.116534	0.000032
薪邪褋褘褖械薪薪褘泄	0.000277	1.897120	0.000525
薪邪褑懈芯薪邪谢褜薪褘械	0.000277	0.116534	0.000032
薪邪褔邪谢邪	0.000277	2.120264	0.000586
薪邪褔邪谢芯屑	0.000277	2.302585	0.000637
薪邪褔懈薪泻邪	0.001936	0.040822	0.000079
薪邪褔懈薪泻芯泄	0.000830	0.116534	0.000097
薪邪褕械谐芯	0.000277	2.120264	0.000586
薪邪褕械泄	0.000553	1.347074	0.000745
薪邪褕械屑	0.000277	0.040822	0.000011
薪邪褕懈	0.000277	0.061875	0.000017
薪邪褕谢邪	0.000277	0.579818	0.000160
薪械斜褘谢懈褑邪	0.000277	2.407946	0.000666
薪械胁懈写懈屑褘泄	0.000553	3.506558	0.001939
薪械胁芯蟹屑芯卸薪芯	0.000553	1.347074	0.000745
薪械谐芯	0.000553	0.941609	0.000521
薪械写邪胁薪芯	0.000277	2.120264	0.000586
薪械写械谢褟	0.002765	0.061875	0.000171
薪械卸薪芯泄	0.000277	0.116534	0.000032
薪械卸薪褘泄	0.000553	0.891598	0.000493
薪械泄褌褉邪谢褜薪褘泄	0.000277	3.912023	0.001082
薪械屑	0.000277	1.203973	0.000333
薪械屑械褑泻邪褟	0.000277	0.116534	0.000032
薪械屑薪芯谐芯	0.000277	1.203973	0.000333
薪械芯斜褘泻薪芯胁械薪薪芯	0.000277	1.897120	0.000525
薪械芯斜褘褔薪芯谐芯	0.000553	2.995732	0.001657
薪械芯斜褘褔薪褘泄	0.000277	1.347074	0.000373
薪械芯卸懈写邪薪薪褘械	0.000277	0.116534	0.000032
薪械褋泻芯谢褜泻芯	0.000277	0.916291	0.000253
薪械褋谢邪写泻懈械	0.000277	4.605170	0.001274
薪械褋谢邪写泻芯械	0.000277	0.116534	0.000032
薪懈泻邪泻芯泄	0.000553	2.207275	0.001221
薪懈屑	0.000553	1.897120	0.001049
薪懈薪邪	0.000553	1.203973	0.000666
薪懈褏	0.000277	1.660731	0.000459
薪芯胁邪褟	0.000277	0.116534	0.000032
薪芯胁芯谐芯写薪械谐芯	0.001383	0.116534	0.000161
薪芯胁芯谐芯写薪械械	0.000830	0.116534	0.000097
薪芯胁芯谐芯写薪懈械	0.001659	0.040822	0.000068
薪芯胁芯谐芯写薪懈泄	0.001936	0.116534	0.000226
薪芯胁芯谐芯写薪褟褟	0.000277	0.105361	0.000029
薪芯胁芯褋褌褟褏	0.000277	0.061875	0.000017
薪芯胁褘械	0.000553	0.051293	0.000028
薪芯胁褘泄	0.002489	0.094311	0.000235
薪芯褉胁械卸褋泻邪褟	0.000277	0.116534	0.000032
薪芯褟斜褉褟	0.000277	0.527633	0.000146
薪褜褞	0.000277	2.207275	0.000610
薪褞邪薪褋褘	0.000277	2.995732	0.000828
薪褟屑泻邪	0.000830	2.659260	0.002206
芯斜械写	0.000830	0.105361	0.000087
芯斜械蟹褜褟薪褘	0.000277	0.116534	0.000032
芯斜谢邪泻邪	0.000277	3.218876	0.000890
芯斜薪邪褉褍卸懈褌褋褟	0.000277	2.302585	0.000637
芯斜芯卸邪褞	0.000277	1.897120	0.000525
芯斜褉褍谐邪薪薪芯泄	0.000277	3.506558	0.000970
芯斜褖邪褌褜褋褟	0.000277	0.040822	0.000011
芯斜褟蟹邪薪邪	0.000277	2.407946	0.000666
芯胁芯褖邪屑懈	0.000277	0.116534	0.000032
芯胁芯褖械泄	0.003872	0.105361	0.000408
芯胁芯褖懈	0.001659	0.094311	0.000156
芯胁芯褖薪邪褟	0.000277	0.040822	0.000011
芯胁芯褖薪芯械	0.000277	0.116534	0.000032
芯胁芯褖薪芯泄	0.000553	0.105361	0.000058
芯胁芯褖薪褘械	0.001383	0.040822	0.000056
芯胁褋褟薪芯械	0.000277	0.116534	0.000032
芯谐薪械薪薪芯泄	0.000277	0.116534	0.000032
芯谐薪褟	0.000277	0.116534	0.000032
芯谐褉芯屑薪芯械	0.000277	1.237874	0.000342
芯谐褍褉褑褘	0.000553	0.116534	0.000064
芯写薪邪卸写褘	0.000277	2.407946	0.000666
芯写薪芯屑	0.000277	1.771957	0.000490
芯泻邪蟹邪谢芯褋褜	0.000277	1.832581	0.000507
芯泻褉芯褕泻邪	0.000830	0.040822	0.000034
芯泻褌褟斜褉褟	0.000277	0.562119	0.000155
芯谢邪写褜懈	0.000830	0.040822	0.000034
芯谢械泄薪邪	0.000830	0.116534	0.000097
芯谢械泄薪芯泄	0.001106	0.116534	0.000129
芯谢械泄薪褘	0.000277	0.127833	0.000035
芯谢褜谐邪	0.000277	1.427116	0.000395
芯屑谢械褌	0.000277	0.040822	0.000011
芯锌邪褉邪	0.000277	0.040822	0.000011
芯锌褉芯褋	0.000277	0.061875	0.000017
芯褋械薪薪械械	0.000277	0.116534	0.000032
芯褋械薪薪懈械	0.000277	0.051293	0.000014
芯褋械薪薪懈泄	0.000553	0.116534	0.000064
芯褋械薪褜	0.002765	0.105361	0.000291
芯褋械褌懈薪褋泻懈械	0.000553	4.605170	0.002547
芯褋泻邪薪写邪谢械薪薪芯泄	0.000277	3.506558	0.000970
芯褋薪芯胁薪芯械	0.000277	0.040822	0.000011
芯褋褌邪械褌褋褟	0.000277	0.116534	0.000032
芯褋褌邪薪芯胁懈褌褜褋褟	0.000277	1.714798	0.000474
芯褋褌邪褌褜褋褟	0.000277	3.912023	0.001082
芯褋褌邪褞褌褋褟	0.000277	2.207275	0.000610
芯褌胁械褌	0.000277	2.040221	0.000564
芯褌胁械褌懈褌褜	0.000277	0.051293	0.000014
芯褌胁械褌芯胁	0.000277	0.051293	0.000014
芯褌胁械褌褋褌胁械薪薪芯褋褌褜褞	0.000277	2.120264	0.000586
芯褌胁械褌褘	0.000277	0.000000	0.000000
芯褌泻褉褘褌懈械	0.000277	2.525729	0.000698
芯褌泻褉褘褌懈械屑	0.000277	2.525729	0.000698
芯褌泻褉褘褌褘泄	0.000553	0.116534	0.000064
芯褌谢懈褔薪褘泄	0.000553	1.560648	0.000863
芯褌屑械薪懈褌褜	0.000277	0.040822	0.000011
芯褏谢邪写懈褌褜	0.000277	0.116534	0.000032
芯褔械褉械写薪芯泄	0.000277	1.771957	0.000490
锌邪泻械褌懈泻邪褏	0.000277	0.105361	0.000029
锌邪谢芯褔泻懈	0.000277	0.040822	0.000011
锌邪薪懈褉芯胁泻邪	0.002212	0.116534	0.000258
锌邪褉邪	0.000553	0.116534	0.000064
锌邪褉邪写	0.001936	0.116534	0.000226
锌邪褉芯胁邪褉泻械	0.002489	0.116534	0.000290
锌邪褉芯谢褜	0.000277	0.020203	0.000006
锌邪褋褌邪	0.000830	0.040822	0.000034
锌邪褋褌褉芯屑邪	0.000277	0.040822	0.000011
锌邪褋褏邪	0.000553	0.040822	0.000023
锌邪褋褏邪谢褜薪邪褟	0.000553	0.116534	0.000064
锌邪褋褏邪谢褜薪褘泄	0.000277	0.127833	0.000035
锌邪褕褌械褌	0.000277	0.040822	0.000011
锌邪褕褌械褌褘	0.000553	0.116534	0.000064
锌械泻邪褉褟	0.000277	0.127833	0.000035
锌械谢褜屑械薪懈	0.000277	0.116534	0.000032
锌械褉胁芯械	0.000553	0.040822	0.000023
锌械褉胁芯泻谢邪褋褋薪懈泻芯胁	0.000277	2.407946	0.000666
锌械褉胁褘械	0.000277	0.127833	0.000035
锌械褉胁褘泄	0.000277	1.309333	0.000362
锌械褉胁褘屑	0.000553	0.116534	0.000064
锌械褉械泄褌懈	0.000277	0.040822	0.000011
锌械褉械泻褍褋	0.000553	0.116534	0.000064
锌械褉械褑	0.000277	0.040822	0.000011
锌械褉懈芯写	0.000277	2.207275	0.000610
锌械褉褋芯薪褘	0.000277	0.116534	0.000032
锌械褉褍邪薪褋泻邪褟	0.000277	0.116534	0.000032
锌械褋芯褔薪芯械	0.000553	0.105361	0.000058
锌械褋芯褔薪褘泄	0.000277	0.116534	0.000032
锌械褌械谢懈薪泻懈	0.000277	0.127833	0.000035
锌械褔械薪芯褔薪褘泄	0.000277	0.040822	0.000011
锌械褔械薪褜械	0.002489	0.040822	0.000102
锌械褔懈	0.000277	0.127833	0.000035
锌懈胁芯	0.000277	0.116534	0.000032
锌懈泻邪薪褌薪芯泄	0.000277	2.659260	0.000735
锌懈泻邪薪褌褘	0.000277	0.127833	0.000035
锌懈泻薪懈泻	0.000553	0.116534	0.000064
锌懈泻薪懈泻邪	0.000277	0.116534	0.000032
锌懈泻薪懈泻褍	0.000277	0.105361	0.000029
锌懈锌械褑	0.000277	2.659260	0.000735
锌懈褉	0.000277	0.116534	0.000032
锌懈褉芯谐	0.007743	0.040822	0.000316
锌懈褉芯谐邪	0.001659	1.309333	0.002173
锌懈褉芯谐械	0.000277	2.995732	0.000828
锌懈褉芯谐懈	0.006361	0.105361	0.000670
锌懈褉芯谐芯屑	0.000277	2.407946	0.000666
锌懈褉芯卸泻懈	0.001936	0.040822	0.000079
锌懈褉芯卸泻芯胁	0.000277	1.966113	0.000544
锌懈褉芯卸薪芯械	0.000277	0.040822	0.000011
锌懈褉芯卸薪褘械	0.000277	0.116534	0.000032
锌懈褌邪薪懈械	0.001383	0.105361	0.000146
锌懈褑褑邪	0.000830	0.040822	0.000034
锌懈褑褑褍	0.000277	2.995732	0.000828
锌谢邪屑褟	0.000277	0.116534	0.000032
锌谢懈褌邪	0.001106	0.127833	0.000141
锌谢芯胁	0.000277	0.116534	0.000032
锌谢芯写褘	0.000277	0.116534	0.000032
锌谢褞褕泻懈	0.000277	3.912023	0.001082
锌芯胁邪褉械薪泻械	0.000277	0.040822	0.000011
锌芯胁邪褉械薪芯泻	0.000277	0.061875	0.000017
锌芯胁邪褉褟褌	0.000277	0.116534	0.000032
锌芯胁邪褉褟褌邪屑懈	0.000277	0.040822	0.000011
锌芯胁邪褉褢薪泻邪	0.000277	0.116534	0.000032
锌芯胁械褋懈褌褜	0.000277	2.407946	0.000666
锌芯胁懈写谢芯	0.000830	0.040822	0.000034
锌芯写邪褉泻芯胁	0.000277	0.116534	0.000032
锌芯写斜芯褉	0.000277	1.514128	0.000419
锌芯写胁械褉谐邪褞	0.000277	3.506558	0.000970
锌芯写械谢懈褌褜褋褟	0.000277	0.478036	0.000132
锌芯写谢懈胁邪	0.000277	0.116534	0.000032
锌芯写谢懈胁泻邪	0.000277	0.040822	0.000011
锌芯写芯斜薪褘褏	0.000553	3.218876	0.001780
锌芯写芯斜褉邪薪芯	0.000277	4.605170	0.001274
锌芯写锌懈褋邪褌褜褋褟	0.000277	0.040822	0.000011
锌芯写锌懈褕懈褌械褋褜	0.000553	0.040822	0.000023
锌芯写褉芯斜薪芯	0.000277	2.659260	0.000735
锌芯写褉褍卸懈谢懈褋褜	0.000277	4.605170	0.001274
锌芯写褋泻邪卸械褌	0.000277	2.659260	0.000735
锌芯写褍屑邪谢邪	0.000277	2.659260	0.000735
锌芯械写邪薪懈懈	0.000277	2.207275	0.000610
锌芯械写懈薪泻懈	0.003872	0.116534	0.000451
锌芯蟹写褉邪胁谢褟褞	0.000277	2.207275	0.000610
锌芯蟹写褉邪胁褜	0.000277	0.116534	0.000032
锌芯懈褋泻	0.000277	0.051293	0.000014
锌芯懈褋泻褍	0.000277	2.302585	0.000637
锌芯泻芯谢械薪懈械	0.000277	3.912023	0.001082
锌芯谢写薪懈泻	0.000553	0.116534	0.000064
锌芯谢械蟹薪芯	0.000277	0.116534	0.000032
锌芯谢懈褌懈泻芯泄	0.000277	0.040822	0.000011
锌芯谢薪褘泄	0.000277	2.040221	0.000564
锌芯谢芯胁懈薪邪	0.002212	0.116534	0.000258
锌芯谢褍褔邪械褌褋褟	0.001936	0.400478	0.000775
锌芯谢褍褔邪泄褌械	0.000277	0.040822	0.000011
锌芯谢褍褔邪褌褜	0.000277	0.040822	0.000011
锌芯谢褍褔械薪懈褟	0.000277	2.659260	0.000735
锌芯谢褜蟹邪	0.000277	0.127833	0.000035
锌芯谢褜蟹芯胁邪褌械谢懈	0.000277	2.120264	0.000586
锌芯谢褜蟹芯泄	0.001106	0.116534	0.000129
锌芯谢褜蟹褍	0.000277	3.506558	0.000970
锌芯谢褜褋泻邪褟	0.000277	0.116534	0.000032
锌芯屑邪写泻邪	0.000553	0.040822	0.000023
锌芯屑邪写泻懈	0.000277	0.116534	0.000032
锌芯屑懈写芯褉泻懈	0.000277	0.127833	0.000035
锌芯屑懈写芯褉褘	0.000553	0.116534	0.000064
锌芯薪褉邪胁懈胁褕懈械褋褟	0.000277	0.040822	0.000011
锌芯薪褉邪胁懈谢褋褟	0.000277	1.714798	0.000474
锌芯薪褔懈泻懈	0.000553	0.040822	0.000023
锌芯薪褟谢邪	0.000277	2.302585	0.000637
锌芯锌褉芯斜芯胁邪胁褕懈泄	0.000277	4.605170	0.001274
锌芯锌褉芯斜芯胁邪谢邪	0.000277	1.469676	0.000406
锌芯锌褉芯斜芯胁邪谢懈	0.000277	2.813411	0.000778
锌芯锌褉芯斜芯胁邪褌褜	0.000277	0.798508	0.000221
锌芯锌褉芯斜褍泄褌械	0.000277	0.562119	0.000155
锌芯锌褍谢褟褉薪褘泄	0.000277	2.040221	0.000564
锌芯褉邪	0.000277	0.116534	0.000032
锌芯褉懈褋褌褘泄	0.000277	2.207275	0.000610
锌芯褉芯褕芯泻	0.000553	0.916291	0.000507
锌芯褉褌褍谐邪谢褜褋泻邪褟	0.000277	0.116534	0.000032
锌芯褋械褖邪械褌械	0.000277	0.061875	0.000017
锌芯褋谢械写薪懈泄	0.000277	1.560648	0.000432
锌芯褋褌	0.001383	0.105361	0.000146
锌芯褋褌薪芯械	0.000277	0.116534	0.000032
锌芯褋褌薪褘械	0.000277	0.040822	0.000011
锌芯褋褌薪褘泄	0.000277	0.116534	0.000032
锌芯褋褌芯褟薪薪芯	0.000277	0.040822	0.000011
锌芯褋褌褉芯懈屑	0.000277	0.116534	0.000032
锌芯褋褍写邪	0.000553	0.094311	0.000052
锌芯褌褉褟褋邪褞褖械谐芯	0.000277	2.407946	0.000666
锌芯褔褌懈	0.000277	1.021651	0.000283
锌芯褔褌褍	0.000277	0.040822	0.000011
锌芯褕邪谐芯胁褘械	0.000277	0.301105	0.000083
锌芯褕邪谐芯胁褘屑懈	0.000277	0.040822	0.000011
锌芯褟胁谢褟械褌褋褟	0.000277	3.506558	0.000970
锌褉邪胁写邪	0.000830	1.139434	0.000945
锌褉邪蟹写薪懈泻邪	0.000277	0.116534	0.000032
锌褉邪蟹写薪懈褔薪芯	0.000277	0.116534	0.000032
锌褉邪蟹写薪懈褔薪芯谐芯	0.000277	0.116534	0.000032
锌褉邪蟹写薪懈褔薪褘泄	0.000277	0.116534	0.000032
锌褉邪泻褌懈泻褍屑	0.000277	0.116534	0.000032
锌褉械胁芯褋褏芯写薪褘械	0.000277	0.116534	0.000032
锌褉械胁褉邪褖械薪懈褟	0.000277	0.116534	0.000032
锌褉械写谢邪谐邪褞	0.000553	0.693147	0.000383
锌褉械写谢芯卸懈褌褜	0.000277	1.237874	0.000342
锌褉械褋薪芯械	0.000277	0.116534	0.000032
锌褉懈谐谢邪褕邪褞	0.000277	2.207275	0.000610
锌褉懈谐芯褌芯胁懈屑	0.000277	0.116534	0.000032
锌褉懈谐芯褌芯胁懈褌褜	0.000830	0.342490	0.000284
锌褉懈谐芯褌芯胁谢械薪懈械	0.000277	0.105361	0.000029
锌褉懈谐芯褌芯胁谢械薪懈懈	0.000553	0.798508	0.000442
锌褉懈谐芯褌芯胁谢械薪懈褞	0.000277	0.040822	0.000011
锌褉懈谐芯褌芯胁谢械薪懈褟	0.000277	0.371064	0.000103
锌褉懈写褍屑邪薪	0.000277	2.207275	0.000610
锌褉懈械蟹写	0.000277	4.605170	0.001274
锌褉懈蟹薪邪薪懈械	0.000277	0.116534	0.000032
锌褉懈蟹芯胁	0.000277	0.040822	0.000011
锌褉懈屑械褉薪芯	0.000277	1.966113	0.000544
锌褉懈薪械褋谢邪	0.000277	2.659260	0.000735
锌褉懈薪褟谢懈褋褜	0.000277	4.605170	0.001274
锌褉懈锌褉邪胁邪	0.000277	0.040822	0.000011
锌褉懈褉芯写褍	0.000553	0.116534	0.000064
锌褉懈褉芯写褘	0.000277	0.116534	0.000032
锌褉懈褋褌褍锌懈褌褜	0.000277	0.040822	0.000011
锌褉懈褔懈薪械	0.000277	3.912023	0.001082
锌褉芯斜褍褞褌	0.000277	4.605170	0.001274
锌褉芯胁械写懈	0.001106	0.116534	0.000129
锌褉芯胁械褉械薪芯	0.001659	0.116534	0.000193
锌褉芯胁械褉懈褌褜	0.000553	1.832581	0.001014
锌褉芯胁芯写懈屑褘褏	0.000277	0.040822	0.000011
锌褉芯胁芯卸邪械屑	0.000277	0.116534	0.000032
锌褉芯写褍泻褌芯胁	0.000553	0.094311	0.000052
锌褉芯械泻褌芯胁	0.000277	0.116534	0.000032
锌褉芯械泻褌褘	0.000277	0.061875	0.000017
锌褉芯褋懈褌	0.000277	3.218876	0.000890
锌褉芯褋屑芯褌褉邪屑	0.000277	0.274437	0.000076
锌褉芯褋褌	0.000277	2.525729	0.000698
锌褉芯褋褌芯	0.002489	0.083382	0.000208
锌褉芯褋褌芯泄	0.000830	0.755023	0.000626
锌褉芯褋褌芯泻胁邪褕邪	0.000277	0.040822	0.000011
锌褉芯褋褜斜邪屑	0.000277	2.207275	0.000610
锌褉芯褋褜斜芯泄	0.000277	2.302585	0.000637
锌褉芯褎懈谢褜	0.000277	0.040822	0.000011
锌褉芯褔谢邪	0.000553	2.302585	0.001274
锌褉芯褕谢芯谐芯	0.000277	2.302585	0.000637
锌褉芯褕褍	0.000277	1.139434	0.000315
锌褉褟屑芯	0.000277	0.040822	0.000011
锌褉褟薪懈泻	0.000277	0.040822	0.000011
锌褉褟薪懈泻懈	0.000277	0.116534	0.000032
锌褉褟薪懈褔薪芯械	0.000277	0.116534	0.000032
锌褌懈褑邪	0.001383	0.116534	0.000161
锌褌懈褑械	0.000553	0.116534	0.000064
锌褌懈褑械泄	0.000277	0.127833	0.000035
锌褌懈褑褘	0.003042	0.116534	0.000354
锌褍斜谢懈泻芯胁邪谢褋褟	0.000277	2.407946	0.000666
锌褍写懈薪谐	0.000277	0.040822	0.000011
锌褍写懈薪谐懈	0.000553	0.116534	0.000064
锌褍薪褕	0.000277	0.040822	0.000011
锌褍褌械褕械褋褌胁懈械	0.000553	0.116534	0.000064
锌褍褌褜	0.000277	0.116534	0.000032
锌褕械薪懈褔薪邪褟	0.008296	0.287682	0.002387
锌褘褌邪褞褌褋褟	0.000277	4.605170	0.001274
锌褘褕泻懈	0.000277	0.040822	0.000011
锌褞褉械	0.001383	0.040822	0.000056
褉邪斜芯褌邪褌褜	0.000277	3.218876	0.000890
褉邪斜芯褌械	0.000277	2.813411	0.000778
褉邪胁薪芯写褍褕薪褘屑	0.000277	2.813411	0.000778
褉邪谐褍	0.000277	0.116534	0.000032
褉邪蟹	0.000277	0.446287	0.000123
褉邪蟹胁械褉薪褍褌褜	0.000277	0.116534	0.000032
褉邪蟹胁芯蟹褟褌	0.000277	4.605170	0.001274
褉邪蟹写械谢褜薪芯械	0.000277	0.116534	0.000032
褉邪蟹屑械褋褌懈褌褜	0.000277	2.813411	0.000778
褉邪蟹屑械褖械薪芯	0.000277	4.605170	0.001274
褉邪蟹薪邪褟	0.000277	4.605170	0.001274
褉邪蟹薪褘械	0.000277	0.116534	0.000032
褉邪蟹芯褔邪褉褍械褌	0.000277	3.218876	0.000890
褉邪蟹褉褘褏谢懈褌械谢褜	0.002765	1.237874	0.003423
褉邪褋锌褍褕懈胁邪褞褖懈褏	0.000277	4.605170	0.001274
褉邪褋褋泻邪蟹邪褌褜	0.000277	2.659260	0.000735
褉邪褋褋芯谢褜薪懈泻	0.001106	0.040822	0.000045
褉邪褋褋芯谢褜薪懈泻邪	0.000277	0.116534	0.000032
褉邪褋褋褌芯泄泻懈	0.000277	2.659260	0.000735
褉邪褋褋褔懈褌邪薪	0.000277	2.302585	0.000637
褉邪褋褋褘谢泻懈	0.000277	0.061875	0.000017
褉邪褋褌懈褌械谢褜薪芯械	0.003319	0.235722	0.000782
褉邪褋褏芯褔械褌褋褟	0.000277	3.506558	0.000970
褉械谐懈褋褌褉邪褑懈懈	0.000553	0.010050	0.000006
褉械谐懈褋褌褉邪褑懈褟	0.000277	0.000000	0.000000
褉械写邪泻褌芯褉邪	0.000553	2.407946	0.001332
褉械蟹褍谢褜褌邪褌	0.000553	0.967584	0.000535
褉械泄褌懈薪谐褍	0.000277	0.248461	0.000069
褉械锌褔邪褌褘泄	0.001106	0.430783	0.000477
褉械褑械锌褌	0.008296	0.040822	0.000339
褉械褑械锌褌邪	0.000553	0.462035	0.000256
褉械褑械锌褌邪褏	0.000277	0.061875	0.000017
褉械褑械锌褌械	0.000277	1.171183	0.000324
褉械褑械锌褌懈泻	0.000277	1.660731	0.000459
褉械褑械锌褌芯胁	0.002489	0.040822	0.000102
褉械褑械锌褌褍	0.000553	0.891598	0.000493
褉械褑械锌褌褘	0.020188	0.040822	0.000824
褉械褕邪褞褌褋褟	0.000277	4.605170	0.001274
褉懈褋	0.001106	0.040822	0.000045
褉懈褋邪	0.000277	0.116534	0.000032
褉懈褋泻褍	0.000277	3.506558	0.000970
褉懈褋芯屑	0.000277	1.660731	0.000459
褉懈褌屑械	0.000277	0.116534	0.000032
褉芯谐邪谢懈泻懈	0.000277	0.040822	0.000011
褉芯谐械褉褋	0.000277	4.605170	0.001274
褉芯写懈褌械谢械泄	0.000277	2.040221	0.000564
褉芯写薪芯械	0.000277	0.116534	0.000032
褉芯卸写械薪懈褟	0.000277	0.105361	0.000029
褉芯卸写械褋褌胁芯	0.000277	0.116534	0.000032
褉芯谢谢褌芯薪	0.000277	0.116534	0.000032
褉芯谢谢褘	0.000553	0.040822	0.000023
褉芯屑	0.000277	0.040822	0.000011
褉褍斜褉懈泻邪褌芯褉	0.000277	0.051293	0.000014
褉褍谐邪泄褌械褋褜	0.000277	3.218876	0.000890
褉褍谢械褌	0.000277	0.040822	0.000011
褉褍谢械褌褘	0.002765	0.116534	0.000322
褉褍屑褘薪褋泻邪褟	0.000277	0.116534	0.000032
褉褍屑褟薪褘械	0.000277	0.116534	0.000032
褉褍屑褟薪褘褏	0.000277	2.659260	0.000735
褉褍薪械褌械	0.000277	0.020203	0.000006
褉褍褋褋泻邪褟	0.000277	0.116534	0.000032
褉褘斜邪	0.002489	0.040822	0.000102
褉褘斜械	0.000553	0.116534	0.000064
褉褘斜薪邪褟	0.000277	0.116534	0.000032
褉褘斜薪芯谐芯	0.000553	0.116534	0.000064
褉褘斜薪褘械	0.001106	0.116534	0.000129
褉褘斜薪褘泄	0.000553	0.116534	0.000064
褉褘斜薪褘褏	0.000277	0.116534	0.000032
褉褘斜芯泄	0.000553	0.116534	0.000064
褉褘斜褘	0.003319	0.116534	0.000387
褉褘褏谢芯械	0.000277	4.605170	0.001274
褉褟卸械薪泻邪	0.000277	0.116534	0.000032
褋邪泄褌	0.000830	0.000000	0.000000
褋邪泄褌邪	0.000553	1.108663	0.000613
褋邪泄褌械	0.000553	0.462035	0.000256
褋邪泄褌褍	0.000553	0.061875	0.000034
褋邪谢邪褌	0.000277	0.094311	0.000026
褋邪谢邪褌薪邪褟	0.000277	0.116534	0.000032
褋邪谢邪褌褘	0.008573	0.040822	0.000350
褋邪屑芯谐芯薪	0.000277	0.040822	0.000011
褋邪屑褘褏	0.000553	0.116534	0.000064
褋邪褎	0.000830	0.116534	0.000097
褋邪褎褋械屑	0.000277	0.116534	0.000032
褋邪褏邪褉	0.008020	0.116534	0.000935
褋斜懈褌械薪褜	0.000277	0.040822	0.000011
褋胁械卸械褋褌褜	0.000277	0.105361	0.000029
褋胁械卸懈屑懈	0.000277	2.525729	0.000698
褋胁械泻谢邪	0.000277	0.040822	0.000011
褋胁械泻芯谢褜薪懈泻	0.000553	0.040822	0.000023
褋胁械褌邪	0.001106	0.116534	0.000129
褋胁械褌褘	0.000553	4.605170	0.002547
褋胁懈薪懈薪邪	0.000277	0.040822	0.000011
褋胁懈薪懈薪褘	0.001106	0.116534	0.000129
褋胁芯械	0.000277	0.116534	0.000032
褋胁芯械屑	0.000277	0.040822	0.000011
褋胁芯懈屑	0.000277	0.040822	0.000011
褋胁芯褞	0.000277	0.040822	0.000011
褋谐褍褖械薪泻邪	0.000277	0.040822	0.000011
褋写芯斜薪褘泄	0.000277	3.912023	0.001082
褋械谐芯写薪褟	0.000277	0.843970	0.000233
褋械蟹芯薪	0.000277	0.116534	0.000032
褋械泄褔邪褋	0.000277	0.030459	0.000008
褋械泻褉械褌邪褏	0.000277	3.218876	0.000890
褋械泻褉械褌褘	0.000553	0.116534	0.000064
褋械谢械写泻邪	0.000277	0.040822	0.000011
褋械屑谐邪	0.000277	0.040822	0.000011
褋械屑械泄薪褘泄	0.000277	0.116534	0.000032
褋械屑褜械	0.000553	1.309333	0.000724
褋械屑褜懈	0.000277	0.116534	0.000032
褋械薪褌褟斜褉褟	0.001383	0.673345	0.000931
褋械褉写褑械	0.000277	1.832581	0.000507
褋懈谐邪褉褘	0.000277	2.525729	0.000698
褋懈写褉	0.000277	0.040822	0.000011
褋懈褉懈泄褋泻邪褟	0.000277	0.116534	0.000032
褋懈褉芯锌	0.000277	0.040822	0.000011
褋懈褉芯锌褘	0.000277	0.116534	0.000032
褋懈褋褌械屑褘	0.000277	0.040822	0.000011
褋懈褌懈	0.000277	0.127833	0.000035
褋泻邪蟹邪褌褜	0.000830	0.653926	0.000543
褋泻邪蟹泻邪	0.000277	2.302585	0.000637
褋泻邪蟹芯泻	0.000277	0.116534	0.000032
褋泻芯胁芯褉芯写械	0.000277	1.560648	0.000432
褋泻芯褉芯褋褌褜褞	0.000277	3.912023	0.001082
褋谢邪写泻邪褟	0.000553	0.116534	0.000064
褋谢邪写泻懈械	0.001936	0.040822	0.000079
褋谢邪写泻懈泄	0.002489	0.105361	0.000262
褋谢邪写泻懈褏	0.000553	0.116534	0.000064
褋谢邪写泻芯	0.000277	0.116534	0.000032
褋谢邪写泻芯谐芯	0.000277	2.995732	0.000828
褋谢懈胁邪	0.000553	2.302585	0.001274
褋谢懈胁芯胁褘泄	0.000277	2.407946	0.000666
褋谢懈胁芯褔薪芯谐芯	0.000277	1.771957	0.000490
褋谢懈胁芯褔薪芯械	0.003042	0.116534	0.000354
褋谢芯械薪芯谐芯	0.000277	0.127833	0.000035
褋谢芯械薪芯械	0.000277	0.116534	0.000032
褋谢芯械薪褘泄	0.000277	0.116534	0.000032
褋谢芯泄泻邪	0.000277	0.040822	0.000011
褋谢芯泄泻懈	0.000277	0.116534	0.000032
褋屑	0.000277	2.040221	0.000564
褋屑械褌邪薪邪	0.003042	0.105361	0.000321
褋屑械褕邪薪薪芯谐芯	0.000277	0.116534	0.000032
褋屑芯卸械褌	0.000277	3.218876	0.000890
褋屑芯卸械褌械	0.000277	0.040822	0.000011
褋屑褍蟹懈	0.000830	0.040822	0.000034
褋薪邪褔邪谢邪	0.000277	2.120264	0.000586
褋薪褝泻	0.000277	0.116534	0.000032
褋芯斜邪泻褍	0.000277	3.218876	0.000890
褋芯斜懈褉邪械褌械褋褜	0.000277	0.040822	0.000011
褋芯斜褋褌胁械薪薪芯	0.000277	2.120264	0.000586
褋芯胁械褉褕械薪褋褌胁芯	0.001383	0.116534	0.000161
褋芯胁械褌邪屑懈	0.000277	0.040822	0.000011
褋芯谐谢邪褋薪芯	0.000277	2.302585	0.000637
褋芯谐谢邪褕邪械褌械褋褜	0.000277	0.040822	0.000011
褋芯写邪	0.001659	0.967584	0.001606
褋芯写褘	0.000277	3.506558	0.000970
褋芯蟹写邪械褌	0.000277	0.116534	0.000032
褋芯蟹写邪薪懈褟	0.000553	0.261365	0.000145
褋芯泻	0.000830	0.116534	0.000097
褋芯泻邪	0.000277	0.105361	0.000029
褋芯泻懈	0.000277	0.040822	0.000011
褋芯谢械薪褘械	0.000830	0.116534	0.000097
褋芯谢械薪褜褟	0.000553	0.116534	0.000064
褋芯谢薪械褔薪芯泄	0.000277	0.127833	0.000035
褋芯谢褜	0.004425	0.150823	0.000667
褋芯谢褟薪泻邪	0.000553	0.040822	0.000023
褋芯屑薪械胁邪谢邪褋褜	0.000277	2.995732	0.000828
褋芯芯褌薪芯褕械薪懈械	0.000277	4.605170	0.001274
褋芯褉褌懈褉芯胁邪褌褜	0.000277	0.248461	0.000069
褋芯褋懈褋泻邪	0.000553	2.659260	0.001471
褋芯褋褌邪胁褜	0.000277	0.116534	0.000032
褋芯褍褋	0.002212	0.040822	0.000090
褋芯褍褋芯屑	0.001383	0.116534	0.000161
褋芯褍褋褘	0.001106	0.116534	0.000129
褋芯褏褉邪薪褟褌褜	0.000277	0.040822	0.000011
褋芯褑褋械褌懈	0.000277	0.040822	0.000011
褋芯褔械褌邪械褌褋褟	0.000277	2.659260	0.000735
褋芯褔械褌邪薪懈械	0.000277	0.116534	0.000032
褋芯褔薪芯械	0.000277	0.116534	0.000032
褋锌邪谢褜薪褟屑懈	0.000830	0.446287	0.000370
褋锌邪褋懈斜芯	0.000553	0.673345	0.000372
褋锌械褑懈邪谢褜薪芯械	0.000277	0.116534	0.000032
褋锌械褑懈懈	0.000830	0.105361	0.000087
褋锌械褑锌褉芯械泻褌	0.009126	0.116534	0.001063
褋锌懈褋芯泻	0.000277	0.116534	0.000032
褋锌芯泻芯泄薪芯	0.000277	4.605170	0.001274
褋锌芯褞	0.000277	0.116534	0.000032
褋锌褉芯褋懈褌械	0.000277	3.506558	0.000970
褋褉邪蟹褍	0.000277	0.733969	0.000203
褋褉械写懈蟹械屑薪芯屑芯褉褋泻邪褟	0.000277	0.127833	0.000035
褋褌邪薪械褌	0.000277	1.832581	0.000507
褋褌邪褉褘械	0.000277	0.261365	0.000072
褋褌邪褌褜褟褏	0.000277	0.061875	0.000017
褋褌懈谢械	0.000277	0.116534	0.000032
褋褌懈谢褟	0.000277	0.116534	0.000032
褋褌芯谢	0.000553	0.105361	0.000058
褋褌芯谢邪	0.001659	0.116534	0.000193
褋褌芯谢褜泻芯	0.000277	2.040221	0.000564
褋褌褉邪薪懈褑	0.000277	2.525729	0.000698
褋褌褉芯懈褌械谢褜褋褌胁械	0.000277	0.040822	0.000011
褋褌褉芯懈褌械谢褜褋褌胁褍	0.000277	0.040822	0.000011
褋褌褉芯懈褌褜	0.000277	0.040822	0.000011
褋褌褉芯泄薪芯泄	0.000277	0.116534	0.000032
褋褍斜锌褉芯写褍泻褌芯胁	0.001936	0.116534	0.000226
褋褍斜锌褉芯写褍泻褌褘	0.000830	0.116534	0.000097
褋褍屑邪褋褕械写褕懈泄	0.000277	2.207275	0.000610
褋褍锌	0.003042	0.040822	0.000124
褋褍锌邪	0.000277	0.040822	0.000011
褋褍锌械褉斜邪斜褍褕泻邪	0.000553	1.237874	0.000685
褋褍锌褘	0.002489	0.040822	0.000102
褋褍褌泻懈	0.000277	2.120264	0.000586
褋褍褎谢械	0.000830	0.040822	0.000034
褋褍褏邪褉懈	0.000277	0.040822	0.000011
褋褍褕懈	0.000553	0.040822	0.000023
褋褔懈褌邪褌褜	0.000277	2.302585	0.000637
褋褗械写邪械褌褋褟	0.000277	2.813411	0.000778
褋褗械谢邪	0.000277	2.659260	0.000735
褋褘褉	0.001936	0.040822	0.000079
褋褘褉邪	0.001383	0.116534	0.000161
褋褘褉邪屑懈	0.000277	0.127833	0.000035
褋褘褉薪懈泻	0.000277	0.040822	0.000011
褋褘褉薪懈泻懈	0.000553	0.116534	0.000064
褋褘褉薪褘械	0.001106	0.040822	0.000045
褋褘褉薪褘泄	0.000277	2.407946	0.000666
褋褘褉芯屑	0.000277	0.713350	0.000197
褋褘褌薪褘泄	0.000553	0.105361	0.000058
褋褘褔褍卸薪褘屑懈	0.000277	0.127833	0.000035
褋褝薪写胁懈褔懈	0.000277	0.127833	0.000035
褋褞写邪	0.000277	2.995732	0.000828
褋褞褉锌褉懈蟹	0.000277	0.116534	0.000032
褌邪写卸懈泻褋泻邪褟	0.000277	0.116534	0.000032
褌邪泄屑褋	0.000277	2.407946	0.000666
褌邪泄褋泻邪褟	0.000277	0.116534	0.000032
褌邪泻懈	0.000277	1.237874	0.000342
褌邪泻芯谐芯	0.000277	1.078810	0.000298
褌邪褉褌	0.000277	0.116534	0.000032
褌邪褉褌邪谢械褌泻懈	0.000553	0.040822	0.000023
褌邪褌邪褉褋泻邪褟	0.000277	0.116534	0.000032
褌邪褌邪褉褋泻懈泄	0.000277	2.995732	0.000828
褌胁械褉写褘泄	0.001106	0.562119	0.000622
褌胁芯懈	0.000553	0.116534	0.000064
褌胁芯褉懈	0.000277	0.116534	0.000032
褌胁芯褉芯谐	0.000830	0.040822	0.000034
褌胁芯褉芯谐芯屑	0.000277	0.105361	0.000029
褌胁芯褉芯卸薪芯械	0.000277	0.116534	0.000032
褌胁芯褉芯卸薪褘械	0.000553	0.116534	0.000064
褌胁芯褉芯卸薪褘泄	0.000277	0.116534	0.000032
褌械谢械谐褉邪屑	0.000277	0.040822	0.000011
褌械谢褟褌懈薪褘	0.001106	0.116534	0.000129
褌械锌械褉褜	0.000277	0.916291	0.000253
褌械锌谢芯屑	0.000277	0.116534	0.000032
褌械褉锌械薪懈械	0.000553	2.407946	0.001332
褌械褉褉懈薪	0.000277	0.040822	0.000011
褌械褉褌褘泄	0.000277	3.506558	0.000970
褌械褉褟械褌	0.000277	4.605170	0.001274
褌械褋褌	0.001383	0.127833	0.000177
褌械褋褌邪	0.009126	0.105361	0.000962
褌械褋褌芯	0.004425	0.040822	0.000181
褌械褋褌芯屑	0.000277	2.302585	0.000637
褌械褌懈	0.000553	3.912023	0.002164
褌械褏薪懈泻邪	0.001383	0.105361	0.000146
褌械褏薪芯谢芯谐懈懈	0.000277	2.407946	0.000666
褌械褖懈薪	0.000277	0.040822	0.000011
褌屑	0.001106	0.127833	0.000141
褌芯谐写邪褕薪械谐芯	0.000277	2.407946	0.000666
褌芯谐芯	0.000277	1.427116	0.000395
褌芯屑	0.000277	1.171183	0.000324
褌芯薪泻芯谐芯	0.000277	2.302585	0.000637
褌芯锌谢械薪芯械	0.000277	0.116534	0.000032
褌芯褉褌	0.003319	0.040822	0.000135
褌芯褉褌褘	0.002489	0.116534	0.000290
褌褉邪胁褘	0.000277	0.105361	0.000029
褌褉邪写懈褑懈懈	0.000277	0.116534	0.000032
褌褉邪写懈褑懈泄	0.001106	0.116534	0.000129
褌褉邪写懈褑懈褟褏	0.000277	0.116534	0.000032
褌褉械斜褍械褌褋褟	0.000277	2.302585	0.000637
褌褉械褏谢械褌懈械屑	0.000277	0.116534	0.000032
褌褉懈卸写褘	0.000277	2.302585	0.000637
褌褉褍斜芯褔泻懈	0.000277	0.040822	0.000011
褌褍薪懈褋褋泻邪褟	0.000277	0.116534	0.000032
褌褍薪褑芯屑	0.000277	0.116534	0.000032
褌褍褉械褑泻邪褟	0.000277	0.116534	0.000032
褌褘泻胁邪	0.000277	0.040822	0.000011
褍胁械写芯屑谢械薪懈褟	0.000277	0.040822	0.000011
褍胁械谢懈褔懈胁邪泄	0.000277	4.605170	0.001274
褍胁械谢懈褔懈褌褜	0.000277	3.912023	0.001082
褍胁械褉械薪邪	0.000830	1.272966	0.001056
褍谐芯写薪芯	0.000277	2.995732	0.000828
褍写邪谢褞	0.000277	1.771957	0.000490
褍写邪褔薪邪褟	0.000277	0.116534	0.000032
褍写邪褔薪芯	0.000277	3.218876	0.000890
褍写懈胁懈	0.000277	0.116534	0.000032
褍写懈胁懈褌褜	0.000277	1.771957	0.000490
褍写懈胁谢褟泄褌械	0.001106	0.116534	0.000129
褍写芯斜薪芯械	0.000277	3.912023	0.001082
褍写芯胁芯谢褜褋褌胁懈械	0.000277	2.813411	0.000778
褍写芯胁芯谢褜褋褌胁懈械屑	0.000277	0.116534	0.000032
褍卸	0.000830	0.693147	0.000575
褍卸懈薪	0.001659	0.094311	0.000156
褍蟹斜械泻褋泻邪褟	0.000277	0.116534	0.000032
褍泻褉邪懈薪褋泻邪褟	0.000277	0.116534	0.000032
褍泻褉邪褕械薪懈褟	0.002212	0.116534	0.000258
褍泻褉芯锌	0.000553	0.562119	0.000311
褍泻褋褍褋	0.001106	0.634878	0.000702
褍薪懈胁械褉褋邪谢褜薪芯械	0.000277	4.605170	0.001274
褍锌芯褌褉械斜谢械薪懈械屑	0.000277	0.116534	0.000032
褍褉邪谢褜褋泻邪褟	0.000277	0.116534	0.000032
褍褉芯卸邪泄	0.000277	0.105361	0.000029
褍褌泻懈	0.000830	0.116534	0.000097
褍褏邪	0.000277	0.040822	0.000011
褍褔邪褋褌胁芯胁邪褌褜	0.000277	0.040822	0.000011
褍褔械斜薪芯谐芯	0.000277	2.407946	0.000666
褍褕谢芯	0.000277	2.302585	0.000637
褎邪胁芯褉懈褌芯屑	0.000277	3.506558	0.000970
褎邪蟹械薪写褘	0.000277	0.127833	0.000035
褎邪薪褌邪蟹懈懈	0.001659	0.116534	0.000193
褎邪薪褌邪蟹懈泄	0.000277	0.116534	0.000032
褎邪薪褌邪蟹懈褟	0.000277	0.116534	0.000032
褎邪褉褕邪	0.003872	0.040822	0.000158
褎邪褉褕懈褉芯胁邪薪薪邪褟	0.000553	0.116534	0.000064
褎邪褉褕懈褉芯胁邪薪薪芯械	0.000277	0.116534	0.000032
褎邪褉褕懈褉芯胁邪薪薪褘械	0.000553	0.040822	0.000023
褎邪褉褕懈褉芯胁邪薪薪褘泄	0.000277	0.040822	0.000011
褎邪褋芯谢褜	0.000277	0.040822	0.000011
褎械胁褉邪谢褟	0.000277	0.105361	0.000029
褎械泄械褉胁械褉泻	0.000553	0.116534	0.000064
褎懈谐褍褉械	0.000277	0.116534	0.000032
褎懈薪褋泻邪褟	0.000277	0.116534	0.000032
褎懈褉屑械薪薪芯械	0.000277	0.116534	0.000032
褎芯薪写褞	0.000277	0.040822	0.000011
褎芯褉泻褋	0.000277	4.605170	0.001274
褎芯褉屑褍	0.000277	1.832581	0.000507
褎芯褉屑褘	0.000277	0.116534	0.000032
褎芯褉褍屑械	0.000553	0.040822	0.000023
褎芯褉褍屑芯胁	0.000277	4.605170	0.001274
褎芯褉褕屑邪泻	0.000277	0.040822	0.000011
褎芯褌芯邪锌锌邪褉邪褌	0.000277	4.605170	0.001274
褎褉邪薪褑懈懈	0.000277	0.116534	0.000032
褎褉邪薪褑褍蟹褋泻邪褟	0.000277	0.116534	0.000032
褎褉邪褍	0.001106	0.116534	0.000129
褎褉褍泻褌芯胁	0.001106	0.116534	0.000129
褎褉褍泻褌芯胁芯	0.000277	0.116534	0.000032
褎褉褍泻褌芯胁褘械	0.001936	0.040822	0.000079
褎褉褍泻褌褘	0.000277	2.995732	0.000828
褎褍写	0.000277	0.116534	0.000032
褎褍褉褕械褌	0.000277	0.116534	0.000032
褏邪谢胁邪	0.000277	0.040822	0.000011
褏邪褉胁械褋褌褎械褋褌	0.000553	0.116534	0.000064
褏邪褉褔芯	0.000553	0.040822	0.000023
褏邪褕	0.000277	0.040822	0.000011
褏胁芯褉芯褋褌	0.000277	0.040822	0.000011
褏懈薪泻邪谢懈	0.000277	0.116534	0.000032
褏懈褌	0.001936	0.116534	0.000226
褏谢械斜	0.000830	0.040822	0.000034
褏谢械斜芯锌械褔泻懈	0.000277	0.116534	0.000032
褏谢芯锌褜褟	0.000553	0.105361	0.000058
褏芯写懈褌	0.000277	2.407946	0.000666
褏芯蟹褟泄泻懈	0.000277	0.127833	0.000035
褏芯谢芯写械褑	0.000277	0.040822	0.000011
褏芯谢芯写懈谢褜薪懈泻邪	0.000277	2.302585	0.000637
褏芯谢芯写薪褘械	0.000553	0.116534	0.000064
褏芯谢芯写薪褘泄	0.000553	0.116534	0.000064
褏芯褉胁邪褌褋泻邪褟	0.000277	0.116534	0.000032
褏芯褉芯褕	0.000830	2.120264	0.001759
褏芯褉芯褕懈械	0.000277	4.605170	0.001274
褏芯褉芯褕芯	0.001383	0.105361	0.000146
褏芯褉褋	0.000277	0.116534	0.000032
褏芯褌懈褌械	0.000277	0.040822	0.000011
褏芯褔褍	0.000553	0.562119	0.000311
褏褉邪薪懈褌褋褟	0.000277	2.525729	0.000698
褏褉褍褋褌褟褖械谐芯	0.000277	2.407946	0.000666
褏褉褍褋褌褟褖械泄	0.000553	1.609438	0.000890
褏褍屑褍褋	0.000277	0.040822	0.000011
褑邪褉褋褌胁芯	0.000277	0.127833	0.000035
褑邪褉褜	0.000277	0.116534	0.000032
褑胁械褌薪邪褟	0.000277	0.040822	0.000011
褑械谢褘褏	0.000277	2.207275	0.000610
褑械薪薪褘褏	0.000277	0.040822	0.000011
褑械薪褌褉	0.000277	0.116534	0.000032
褔邪械屑	0.000277	0.116534	0.000032
褔邪泄	0.000830	0.040822	0.000034
褔邪褋邪	0.000277	1.514128	0.000419
褔邪褋褌芯	0.000277	0.994252	0.000275
褔邪褕械褔泻褍	0.000277	3.912023	0.001082
褔邪褞	0.000553	2.659260	0.001471
褔邪褟	0.000277	3.912023	0.001082
褔械斜褍褉械泻懈	0.000553	0.040822	0.000023
褔械谢芯胁械泻	0.000277	1.966113	0.000544
褔械褉泻懈蟹芯胁芯	0.000553	0.116534	0.000064
褔械褋褌薪芯	0.000553	1.203973	0.000666
褔械褋褌薪褘屑懈	0.000277	0.040822	0.000011
褔械褔械胁懈褑邪	0.000277	0.040822	0.000011
褔械褕褋泻邪褟	0.000277	0.116534	0.000032
褔懈蟹泻械泄泻	0.001106	0.040822	0.000045
褔懈谢懈泄褋泻邪褟	0.000277	0.116534	0.000032
褔懈锌褋褘	0.000277	0.040822	0.000011
褔懈褋谢褍	0.000277	0.261365	0.000072
褔褉械蟹胁褘褔邪泄薪芯	0.000277	2.040221	0.000564
褔褍写械褋	0.000277	0.116534	0.000032
褕邪褉懈泻懈	0.000277	0.040822	0.000011
褕邪褉谢芯褌泻邪	0.000830	0.040822	0.000034
褕邪褉谢芯褌泻懈	0.000277	0.127833	0.000035
褕邪褉谢芯褌泻褍	0.000277	4.605170	0.001274
褕邪褉谢芯褌芯泻	0.000277	4.605170	0.001274
褕邪褉屑	0.000277	0.116534	0.000032
褕邪褕谢褘泻	0.003319	0.040822	0.000135
褕邪褕谢褘泻懈	0.000277	0.040822	0.000011
褕胁械写褋泻邪褟	0.000277	0.116534	0.000032
褕胁械泄褑邪褉褋泻邪褟	0.000277	0.116534	0.000032
褕械写械胁褉褘	0.000277	0.116534	0.000032
褕械褎	0.000277	0.127833	0.000035
褕懈锌褍褔泻邪	0.000277	0.040822	0.000011
褕懈褉芯泻邪褟	0.000277	0.127833	0.000035
褕泻芯谢褍	0.000277	0.116534	0.000032
褕芯泻芯谢邪写	0.000277	0.040822	0.000011
褕芯泻芯谢邪写薪褘泄	0.000277	1.660731	0.000459
褕芯褌谢邪薪写褋泻邪褟	0.000277	0.116534	0.000032
褕褌褉褍写械谢褜	0.000277	0.040822	0.000011
褕褍褉锌邪	0.000277	0.040822	0.000011
褖邪褋	0.000277	0.116534	0.000032
褖械写褉邪褟	0.000277	0.116534	0.000032
褖懈	0.000553	0.040822	0.000023
褝泻芯屑懈谢泻	0.000277	0.127833	0.000035
褝褋褌芯薪褋泻邪褟	0.000277	0.116534	0.000032
褝褌芯谐芯	0.001106	0.415515	0.000460
褝褌芯泄	0.000277	1.427116	0.000395
褝褌芯屑褍	0.000277	1.272966	0.000352
褝褌褍	0.000277	1.272966	0.000352
褞谐芯褋谢邪胁褋泻邪褟	0.000277	0.116534	0.000032
褞谢懈懈	0.000277	2.525729	0.000698
褟斜谢芯泻邪屑懈	0.000277	2.302585	0.000637
褟斜谢芯泻懈	0.000277	2.995732	0.000828
褟斜谢芯泻芯	0.001659	1.427116	0.002368
褟斜谢芯褔薪芯谐芯	0.000277	3.506558	0.000970
褟斜谢芯褔薪褘泄	0.000830	1.832581	0.001520
褟斜谢芯褔薪褘屑	0.000277	2.659260	0.000735
褟谐芯写邪	0.000553	3.218876	0.001780
褟谐芯写薪褘械	0.000553	0.116534	0.000064
褟谐芯写薪褘泄	0.000553	0.116534	0.000064
褟谐芯写褍	0.000277	4.605170	0.001274
褟蟹褘泻	0.000277	0.040822	0.000011
褟懈褑	0.001383	0.116534	0.000161
褟懈褔薪褘泄	0.000553	1.049822	0.000581
褟泄褑邪	0.000553	0.040822	0.000023
褟泄褑芯	0.005531	0.261365	0.001446
褟薪写械泻褋	0.000277	0.072571	0.000020
褟锌芯薪褋泻邪褟	0.000277	0.116534	0.000032
褟锌芯薪褋泻芯泄	0.000277	0.061875	0.000017
褟褉泻懈械	0.000277	0.116534	0.000032
褟褉泻芯	0.000277	0.105361	0.000029
