褌芯泻械薪	TF	IDF	TF-IDF
邪斜褏邪蟹褋泻邪褟	0.000273	0.116534	0.000032
邪胁谐褍褋褌邪	0.000273	0.867501	0.000237
邪胁褋褌褉邪谢懈泄褋泻邪褟	0.000273	0.116534	0.000032
邪胁褋褌褉懈泄褋泻邪褟	0.000273	0.116534	0.000032
邪胁褌芯泻谢邪胁邪	0.000273	0.116534	0.000032
邪胁褌芯褉邪屑	0.000273	0.040822	0.000011
邪谐褉芯	0.000273	0.116534	0.000032
邪写卸懈泻邪	0.000273	0.040822	0.000011
邪蟹械褉斜邪泄写卸邪薪褋泻邪褟	0.000273	0.116534	0.000032
邪蟹懈邪褌褋泻邪褟	0.000273	0.127833	0.000035
邪蟹褘	0.000273	0.127833	0.000035
邪泄褉邪薪	0.000273	0.040822	0.000011
邪泻胁邪褌懈泻邪	0.000820	0.127833	0.000105
邪谢械泻褋械褟	0.000273	0.127833	0.000035
邪谢泻芯谐芯谢褜	0.000546	0.116534	0.000064
邪谢泻芯谐芯谢褜薪褘械	0.000273	0.116534	0.000032
邪谢泻芯谐芯谢褟	0.000273	0.116534	0.000032
邪谢褜褟薪褋	0.000273	0.116534	0.000032
邪屑械褉懈泻邪薪褋泻邪褟	0.000273	0.116534	0.000032
邪屑锌谢褍邪	0.000273	3.912023	0.001069
邪薪谐谢懈泄褋泻邪褟	0.000273	0.116534	0.000032
邪薪写褉械褟	0.000273	0.127833	0.000035
邪锌褉械谢褟	0.000546	0.579818	0.000317
邪褉邪斜褋泻邪褟	0.000273	0.116534	0.000032
邪褉谐械薪褌懈薪褋泻邪褟	0.000273	0.116534	0.000032
邪褉屑褟薪褋泻邪褟	0.000273	0.116534	0.000032
邪褉芯屑邪褌	0.000546	1.660731	0.000908
邪褋褋芯褉褌懈	0.000546	0.116534	0.000064
邪褌谢邪薪褌	0.000273	0.127833	0.000035
邪褌褉懈斜褍褌	0.000273	4.605170	0.001258
邪褎谐邪薪褋泻邪褟	0.000273	0.116534	0.000032
邪褎褉懈泻邪薪褋泻邪褟	0.000273	0.116534	0.000032
邪褝褉芯谐褉懈谢械	0.002732	0.116534	0.000318
斜邪泻谢邪卸邪薪褘	0.000273	0.040822	0.000011
斜邪谢褌泻芯屑	0.000273	0.127833	0.000035
斜邪薪邪谢褜薪邪褟	0.000273	4.605170	0.001258
斜邪褉邪薪懈薪褘	0.001093	0.116534	0.000127
斜邪褋屑邪褌懈	0.000546	0.127833	0.000070
斜邪褋褌褍褉屑邪	0.000273	0.040822	0.000011
斜邪褌芯薪邪	0.000273	2.995732	0.000819
斜邪褌芯薪褔懈泻懈	0.000273	0.127833	0.000035
斜邪褕泻懈褉褋泻邪褟	0.000273	0.116534	0.000032
斜械写	0.000273	4.605170	0.001258
斜械蟹邪谢泻芯谐芯谢褜薪褘械	0.000273	0.116534	0.000032
斜械蟹谐谢褞褌械薪芯胁褘械	0.000273	0.116534	0.000032
斜械蟹械	0.001093	0.040822	0.000045
斜械蟹褍屑薪芯	0.000273	1.560648	0.000426
斜械泻芯薪	0.000546	1.966113	0.001074
斜械谢械斜械械胁褋泻懈泄	0.000546	0.116534	0.000064
斜械谢芯泻芯褔邪薪薪邪褟	0.002186	0.994252	0.002173
斜械谢芯泻芯褔邪薪薪芯泄	0.000546	3.218876	0.001759
斜械谢芯褉褍褋褋泻邪褟	0.000273	0.116534	0.000032
斜械谢褜谐懈泄褋泻邪褟	0.000273	0.116534	0.000032
斜械褉械屑械薪薪褘褏	0.000273	0.116534	0.000032
斜械褋械写懈薪邪	0.000273	0.127833	0.000035
斜懈褋泻胁懈褌	0.000273	0.040822	0.000011
斜懈褋泻胁懈褌薪芯械	0.000546	0.116534	0.000064
斜懈褋泻胁懈褌薪褘泄	0.000273	0.105361	0.000029
斜懈褋泻胁懈褌褘	0.000273	0.127833	0.000035
斜谢邪谐芯写邪褉薪芯褋褌褜褞	0.000273	4.605170	0.001258
斜谢邪谐芯写邪褉褟	0.000273	1.897120	0.000518
斜谢懈卸械	0.000273	0.116534	0.000032
斜谢懈蟹泻懈屑	0.000273	2.995732	0.000819
斜谢懈蟹泻懈褏	0.000273	0.116534	0.000032
斜谢懈薪芯胁	0.000546	0.116534	0.000064
斜谢懈薪褔懈泻芯胁	0.000273	2.995732	0.000819
斜谢懈薪褘	0.001093	0.040822	0.000045
斜谢褞写	0.000546	0.094311	0.000052
斜谢褞写邪	0.024863	0.040822	0.001015
斜谢褞写芯	0.001093	0.040822	0.000045
斜谢褞写褍	0.000273	0.116534	0.000032
斜芯斜芯胁褘械	0.000546	0.127833	0.000070
斜芯斜芯胁褘褏	0.001639	0.116534	0.000191
斜芯谢谐邪褉褋泻邪褟	0.000273	0.116534	0.000032
斜芯谢谐邪褉褋泻懈泄	0.000546	0.843970	0.000461
斜芯谢械蟹薪懈	0.000273	4.605170	0.001258
斜芯谢褜褕械	0.001093	0.105361	0.000115
斜芯褉褖	0.003279	0.040822	0.000134
斜芯褉褖邪	0.001093	3.218876	0.003518
斜芯褉褖懈泻	0.000546	4.605170	0.002516
斜芯褉褖懈泻褍	0.000273	3.506558	0.000958
斜芯褌胁懈薪褜褟	0.000273	0.040822	0.000011
斜芯褞褋褜	0.000273	4.605170	0.001258
斜褉邪蟹懈谢褜褋泻邪褟	0.000273	0.116534	0.000032
斜褉邪褍蟹械褉械	0.000273	0.040822	0.000011
斜褉邪褍薪懈	0.000273	0.040822	0.000011
斜褉械褋褌	0.000273	0.127833	0.000035
斜褉芯泻泻芯谢懈	0.000273	0.040822	0.000011
斜褍写械褌械	0.000273	2.302585	0.000629
斜褍写褍	0.000273	1.427116	0.000390
斜褍卸械薪懈薪邪	0.000273	0.040822	0.000011
斜褍泻械褌	0.001093	3.506558	0.003832
斜褍泻械褌邪	0.000273	4.605170	0.001258
斜褍谢芯褔泻邪屑懈	0.000273	0.116534	0.000032
斜褍谢芯褔泻懈	0.000546	0.040822	0.000022
斜褍谢褜芯薪	0.003005	0.040822	0.000123
斜褍谢褜芯薪褘	0.001639	0.116534	0.000191
斜褍褉谐械褉	0.000273	0.040822	0.000011
斜褍褉谐械褉褘	0.000273	0.127833	0.000035
斜褍褉褟褌褋泻邪褟	0.000273	0.116534	0.000032
斜褍褌械褉斜褉芯写	0.000546	0.116534	0.000064
斜褍褌械褉斜褉芯写褘	0.000546	0.040822	0.000022
斜褘胁邪械褌	0.000273	2.407946	0.000658
斜褘褋褌褉械械	0.000273	2.525729	0.000690
斜褘褋褌褉芯	0.001913	0.094311	0.000180
斜褘褋褌褉芯泄	0.000273	0.116534	0.000032
斜褘褋褌褉芯屑褍	0.000273	2.813411	0.000769
斜褘褋褌褉褘械	0.000273	1.832581	0.000501
斜褘褋褌褉褘泄	0.000546	0.105361	0.000058
胁邪卸薪褘械	0.000273	0.116534	0.000032
胁邪谢谢懈泄褋泻邪褟	0.000273	0.116534	0.000032
胁邪屑懈	0.000546	0.843970	0.000461
胁邪褉械薪懈泻懈	0.000273	0.116534	0.000032
胁邪褉械薪褜械	0.000546	0.040822	0.000022
胁邪褉懈邪薪褌	0.000546	0.562119	0.000307
胁邪褉懈邪薪褌邪	0.000273	2.659260	0.000727
胁邪褌褉褍褕泻懈	0.000273	0.040822	0.000011
胁邪褎谢懈	0.000546	0.040822	0.000022
胁邪褕械	0.000273	1.897120	0.000518
胁邪褕械泄	0.000546	0.040822	0.000022
胁邪褕懈	0.000273	2.302585	0.000629
胁邪褕懈褏	0.000273	2.040221	0.000557
胁胁械写械薪懈械屑	0.000273	4.605170	0.001258
胁胁械写械薪懈褟	0.000273	4.605170	0.001258
胁胁芯写褟	0.000273	0.040822	0.000011
胁写芯褏薪芯胁械薪懈械	0.001093	0.116534	0.000127
胁写芯褏薪芯胁械薪懈械屑	0.000546	0.116534	0.000064
胁写芯褏薪芯胁谢褟泄褋褟	0.000273	0.116534	0.000032
胁械谐械褌邪褉懈邪薪褋泻懈械	0.000273	0.127833	0.000035
胁械谐械褌邪褉懈邪薪褋泻芯械	0.000273	0.116534	0.000032
胁械谢懈泻懈泄	0.000273	0.116534	0.000032
胁械薪谐械褉褋泻邪褟	0.000273	0.116534	0.000032
胁械薪械褉懈泻	0.000273	2.120264	0.000579
胁械褉懈褌	0.000546	3.506558	0.001916
胁械褉褞	0.000546	3.218876	0.001759
胁械褋械薪薪懈械	0.000273	0.051293	0.000014
胁械褋薪邪	0.001366	0.116534	0.000159
胁械褋薪褘	0.000273	0.116534	0.000032
胁械褌褔懈薪褘	0.000273	0.105361	0.000029
胁械褔薪芯	0.000273	4.605170	0.001258
胁懈写	0.000273	2.207275	0.000603
胁懈写械	0.000273	1.171183	0.000320
胁懈写械芯	0.000546	0.116534	0.000064
胁懈写械芯褉械褑械锌褌褘	0.000273	0.301105	0.000082
胁懈薪芯	0.000546	0.040822	0.000022
胁泻谢褞褔邪褞褖懈褏	0.000273	0.634878	0.000173
胁泻褍褋	0.000820	0.105361	0.000086
胁泻褍褋邪	0.002186	0.116534	0.000255
胁泻褍褋薪邪褟	0.001093	0.061875	0.000068
胁泻褍褋薪械械	0.000820	0.116534	0.000096
胁泻褍褋薪械泄	0.000273	0.116534	0.000032
胁泻褍褋薪芯	0.001913	0.094311	0.000180
胁泻褍褋薪褘械	0.000546	0.105361	0.000058
胁泻褍褋薪褘泄	0.000546	0.385662	0.000211
胁泻褍褋薪褘屑	0.000546	1.049822	0.000574
胁泻褍褋薪褘褏	0.000273	1.897120	0.000518
胁泻褍褋芯屑	0.000273	0.105361	0.000029
胁泻褍褋褍	0.000273	1.272966	0.000348
胁谢褞斜谢械薪薪褘褏	0.000273	0.116534	0.000032
胁屑械褋褌械	0.000273	0.916291	0.000250
胁薪邪褔邪谢械	0.001093	0.248461	0.000272
胁芯	0.000273	0.061875	0.000017
胁芯写邪	0.001366	0.287682	0.000393
胁芯写械	0.000273	0.105361	0.000029
胁芯写芯褔泻褍	0.000273	4.605170	0.001258
胁芯蟹薪懈泻邪褞褌	0.000273	4.605170	0.001258
胁芯泄褌懈	0.000273	0.000000	0.000000
胁芯谢芯胁邪薪褘	0.000273	0.116534	0.000032
胁芯谢褕械斜薪褍褞	0.000273	3.218876	0.000879
胁芯谢褕械斜薪褘械	0.000273	0.116534	0.000032
胁芯谢褕械斜褋褌胁芯	0.000273	0.116534	0.000032
胁芯锌褉芯褋褘	0.000273	0.000000	0.000000
胁芯褋锌芯谢褜蟹褍械褌械褋褜	0.000273	3.506558	0.000958
胁芯褋褌芯褔薪邪褟	0.000273	0.127833	0.000035
胁芯褋褏懈褌懈褌械谢褜薪械泄褕懈泄	0.000273	4.605170	0.001258
胁褉械屑械薪邪	0.000273	0.116534	0.000032
胁褉械屑械薪械屑	0.001639	0.116534	0.000191
胁褉械屑褟	0.000273	0.400478	0.000109
胁褋械谐写邪	0.000546	0.653926	0.000357
胁褋械谐芯	0.000273	0.186330	0.000051
胁褋械泄	0.000820	0.105361	0.000086
胁褋械屑褍	0.000273	0.061875	0.000017
胁褋锌芯屑薪懈褌械	0.000273	3.218876	0.000879
胁褋锌芯屑薪懈褌褜	0.000273	0.040822	0.000011
胁褋褌褉械褔邪谢邪	0.000273	3.506558	0.000958
胁褋褌褉械褔懈	0.000273	3.506558	0.000958
胁褋褞	0.000546	1.966113	0.001074
胁褌芯褉芯械	0.000273	0.116534	0.000032
胁褌芯褉褘械	0.000273	0.127833	0.000035
胁褏芯写	0.000820	0.030459	0.000025
胁褏芯写懈谢懈	0.000273	4.605170	0.001258
胁褘胁邪褉懈胁邪谢邪褋褜	0.000273	4.605170	0.001258
胁褘泄褌懈	0.000273	0.040822	0.000011
胁褘谢芯卸懈褌褜	0.000273	2.302585	0.000629
胁褘锌械褔泻邪	0.003279	0.040822	0.000134
胁褘锌械褔泻懈	0.000546	0.072571	0.000040
胁褘锌械褔泻芯泄	0.000273	0.116534	0.000032
胁褘褉褘胁邪械褌褋褟	0.000273	3.506558	0.000958
胁褘褌械泻邪械褌	0.000273	2.813411	0.000769
胁褘褌械褋薪械薪薪芯谐芯	0.000273	3.218876	0.000879
胁褜械褌薪邪屑褋泻邪褟	0.000273	0.116534	0.000032
谐邪胁邪泄褋泻邪褟	0.000273	0.116534	0.000032
谐邪谢邪褌褉懈褝谢褜	0.000273	4.605170	0.001258
谐邪褉写械薪	0.000273	3.506558	0.000958
谐邪褉薪懈褉	0.001366	0.040822	0.000056
谐邪褋锌邪褔芯	0.000273	0.040822	0.000011
谐械芯谐褉邪褎懈褟	0.000273	0.116534	0.000032
谐谢邪胁薪芯械	0.000546	1.139434	0.000623
谐谢邪胁薪褘泄	0.000273	0.040822	0.000011
谐谢邪蟹	0.000273	3.506558	0.000958
谐谢邪蟹褍褉褜	0.000820	0.040822	0.000033
谐谢懈薪褌胁械泄薪	0.000273	0.040822	0.000011
谐芯胁褟写懈薪褘	0.001093	0.116534	0.000127
谐芯写	0.002732	0.105361	0.000288
谐芯写邪	0.004098	0.248461	0.001018
谐芯写褍	0.000273	1.171183	0.000320
谐芯谢谢邪薪写褋泻邪褟	0.000273	0.116534	0.000032
谐芯谢芯写	0.000273	4.605170	0.001258
谐芯褉芯写邪	0.000273	0.116534	0.000032
谐芯褉芯褏	0.000273	0.116534	0.000032
谐芯褉褔懈褑邪	0.001093	0.040822	0.000045
谐芯褉褔懈褑邪屑懈	0.000273	0.127833	0.000035
谐芯褉褕芯褔泻邪褏	0.000273	0.105361	0.000029
谐芯褉褕芯褔泻械	0.000273	0.040822	0.000011
谐芯褉褟褔械械	0.000546	0.116534	0.000064
谐芯褉褟褔懈械	0.010109	0.105361	0.001065
谐芯褉褟褔懈泄	0.000546	0.116534	0.000064
谐芯褋褌械泄	0.000273	1.272966	0.000348
谐芯褋褌懈	0.000273	0.116534	0.000032
谐芯褋褌褟屑懈	0.000273	2.995732	0.000819
谐芯褌芯胁懈谢邪	0.000273	0.733969	0.000201
谐芯褌芯胁懈屑	0.001639	0.094311	0.000155
谐芯褌芯胁懈褌褋褟	0.000820	0.478036	0.000392
谐芯褌芯胁懈褌褜	0.002186	0.105361	0.000230
谐芯褌芯胁谢褞	0.000546	1.049822	0.000574
谐芯褌芯胁褜	0.000546	0.116534	0.000064
谐芯褌芯胁褟褌	0.000273	0.116534	0.000032
谐褉械薪泻懈	0.000546	0.040822	0.000022
谐褉械褑泻懈械	0.000546	1.469676	0.000803
谐褉械褔械褋泻邪褟	0.000273	0.116534	0.000032
谐褉械褔泻邪	0.000273	0.040822	0.000011
谐褉懈斜邪屑懈	0.001093	0.105361	0.000115
谐褉懈斜薪褘械	0.000546	0.040822	0.000022
谐褉懈斜芯胁	0.001913	0.116534	0.000223
谐褉懈斜褘	0.000820	0.040822	0.000033
谐褉懈谢械	0.001366	0.116534	0.000159
谐褉懈谢褜	0.000273	0.116534	0.000032
谐褉懈谢褜屑邪薪懈褟	0.000273	0.116534	0.000032
谐褉懈谢褟	0.001093	0.116534	0.000127
谐褉芯谐	0.000273	0.040822	0.000011
谐褉褍胁	0.000273	3.506558	0.000958
谐褉褍蟹懈懈	0.000273	2.995732	0.000819
谐褉褍蟹懈薪褋泻邪褟	0.000273	0.116534	0.000032
谐褉褍蟹懈薪褋泻懈	0.000273	3.506558	0.000958
谐褉褍锌锌褘	0.000273	0.061875	0.000017
谐褍褉屑邪薪懈褟	0.001639	0.116534	0.000191
谐褍褉屑械	0.000273	0.127833	0.000035
谐褍褋褟	0.000546	0.105361	0.000058
写邪械褌	0.000273	0.040822	0.000011
写邪谢械泻芯	0.000273	3.218876	0.000879
写邪谢褜褕械	0.000273	3.218876	0.000879
写邪薪薪芯谐芯	0.000273	2.407946	0.000658
写邪薪薪褘械	0.000273	0.040822	0.000011
写邪薪薪褘泄	0.000273	2.813411	0.000769
写邪褉褘	0.000273	0.116534	0.000032
写邪褌械	0.000546	0.248461	0.000136
写邪褌褋泻邪褟	0.000273	0.116534	0.000032
写邪褔薪芯械	0.000820	0.116534	0.000096
写胁懈卸械薪懈械屑	0.000273	3.912023	0.001069
写械斜褞褌薪褘泄	0.000273	4.605170	0.001258
写械胁褔邪褌	0.000273	4.605170	0.001258
写械泻邪斜褉褟	0.000820	0.597837	0.000490
写械泻芯褉	0.000273	0.127833	0.000035
写械泻芯褉邪褌懈胁薪褍褞	0.000273	4.605170	0.001258
写械谢邪械褌	0.000546	0.116534	0.000064
写械谢邪械褌褋褟	0.000273	1.347074	0.000368
写械谢邪褞	0.000273	1.386294	0.000379
写械谢懈屑褋褟	0.000273	0.040822	0.000011
写械谢芯屑	0.000273	0.116534	0.000032
写械屑芯薪懈泻邪	0.000273	2.525729	0.000690
写械薪械卸泻懈	0.000273	4.605170	0.001258
写械薪褜	0.001639	0.083382	0.000137
写械褋械褉褌	0.000820	0.116534	0.000096
写械褋械褉褌邪褑懈褟	0.000273	0.116534	0.000032
写械褋械褉褌薪褘械	0.000273	0.116534	0.000032
写械褋械褉褌褘	0.003825	0.040822	0.000156
写械褌械泄	0.000546	0.116534	0.000064
写卸械屑	0.000273	0.040822	0.000011
写蟹械薪	0.000273	0.116534	0.000032
写懈械褌邪	0.000273	0.116534	0.000032
写懈械褌褘	0.000273	0.116534	0.000032
写懈泻懈泄	0.000546	0.116534	0.000064
写懈泻芯谐芯	0.000273	0.116534	0.000032
写懈锌	0.000273	0.116534	0.000032
写懈褔懈	0.000546	0.116534	0.000064
写懈褔褜	0.000273	0.116534	0.000032
写薪械胁薪懈泻邪褏	0.000273	0.061875	0.000017
写薪械泄	0.000820	0.116534	0.000096
写薪褟	0.000273	0.040822	0.000011
写薪褟褏	0.000273	1.897120	0.000518
写芯斜邪胁谢械薪懈褟屑	0.000273	0.274437	0.000075
写芯斜邪胁谢褟褌褜	0.000546	0.040822	0.000022
写芯斜邪胁褜	0.000273	0.116534	0.000032
写芯斜褉芯褎谢芯褌	0.000273	0.127833	0.000035
写芯斜褉褘屑	0.000273	3.912023	0.001069
写芯胁械褉褟械褕褜	0.000273	0.116534	0.000032
写芯谢卸械薪	0.000273	2.302585	0.000629
写芯屑	0.002459	0.040822	0.000100
写芯屑邪褕薪械械	0.000820	0.040822	0.000033
写芯屑邪褕薪懈械	0.000546	0.040822	0.000022
写芯屑邪褕薪懈泄	0.001366	0.116534	0.000159
写芯屑邪褕薪懈屑懈	0.000273	2.995732	0.000819
写芯屑邪褕薪褟褟	0.000546	0.105361	0.000058
写芯屑械	0.000273	1.832581	0.000501
写芯屑芯胁	0.000273	0.040822	0.000011
写芯褉芯谐懈械	0.000273	1.272966	0.000348
写芯褋褌邪褌芯褔薪芯	0.000273	2.040221	0.000557
写褉邪泄胁	0.001366	0.127833	0.000175
写褉芯卸卸械胁芯械	0.000273	0.116534	0.000032
写褉褍谐懈屑懈	0.000273	0.040822	0.000011
写褍褏芯胁	0.000273	4.605170	0.001258
写褍褏芯胁泻邪	0.001093	0.127833	0.000140
写褍褕懈	0.000820	0.105361	0.000086
械胁褉械泄褋泻邪褟	0.000273	0.116534	0.000032
械谐懈锌械褌褋泻邪褟	0.000273	0.116534	0.000032
械写懈薪褘泄	0.000273	0.040822	0.000011
械泻芯	0.000273	0.127833	0.000035
卸邪褉械薪芯谐芯	0.000273	2.995732	0.000819
卸邪褉泻芯械	0.000273	0.040822	0.000011
卸谐褍褔懈泄	0.001093	1.966113	0.002149
卸写械褌械	0.000273	4.605170	0.001258
卸械谢邪褌懈薪	0.000546	1.427116	0.000780
卸械谢械	0.000820	0.040822	0.000033
卸械薪褋泻邪褟	0.000273	0.127833	0.000035
卸械薪褋泻芯屑	0.000273	0.061875	0.000017
卸械薪褖懈薪褘	0.000546	0.116534	0.000064
卸懈蟹薪懈	0.000273	0.040822	0.000011
卸懈蟹薪褜	0.000820	0.116534	0.000096
卸褍谢褜械薪	0.000273	0.040822	0.000011
卸褍褉薪邪谢邪	0.000273	0.127833	0.000035
卸褞谢褜械薪	0.000273	0.040822	0.000011
蟹邪斜懈褉邪褞褌	0.000273	3.506558	0.000958
蟹邪斜芯褌谢懈胁褘械	0.000273	4.605170	0.001258
蟹邪斜褘褌	0.000273	3.218876	0.000879
蟹邪胁邪褉薪芯械	0.000273	0.116534	0.000032
蟹邪胁邪褉薪芯泄	0.000273	0.116534	0.000032
蟹邪胁褌褉邪泻	0.001913	0.094311	0.000180
蟹邪胁褌褉邪泻懈	0.000273	0.127833	0.000035
蟹邪谐芯褌芯胁泻懈	0.001639	0.040822	0.000067
蟹邪谐芯褌芯胁泻褍	0.000273	3.912023	0.001069
蟹邪谐芯褌芯胁芯泻	0.000273	3.218876	0.000879
蟹邪写邪胁邪褌褜	0.000273	0.040822	0.000011
蟹邪泄褑邪	0.000546	0.116534	0.000064
蟹邪泻胁邪褋泻邪	0.000273	0.040822	0.000011
蟹邪泻胁邪褋泻邪屑懈	0.000273	0.116534	0.000032
蟹邪泻胁邪褋芯泻	0.000273	0.127833	0.000035
蟹邪泻褉褘褌褘泄	0.000273	0.116534	0.000032
蟹邪泻褍褋泻邪	0.001366	1.347074	0.001840
蟹邪泻褍褋泻懈	0.007650	0.040822	0.000312
蟹邪泻褍褋泻褍	0.000820	0.116534	0.000096
蟹邪泻褍褋芯泻	0.000273	3.218876	0.000879
蟹邪泻褍褋芯薪褔懈泻	0.000273	0.116534	0.000032
蟹邪泻褍褋芯褔泻邪	0.000273	0.116534	0.000032
蟹邪泻褍褋芯褔薪褘械	0.003279	0.116534	0.000382
蟹邪泻褍褋芯褔薪褘泄	0.000546	2.120264	0.001159
蟹邪谢懈胁薪芯械	0.000546	0.040822	0.000022
蟹邪屑芯褉芯蟹泻邪	0.000273	0.105361	0.000029
蟹邪锌邪写	0.000273	0.116534	0.000032
蟹邪锌械泻邪薪泻邪	0.001093	0.105361	0.000115
蟹邪锌械泻邪薪泻懈	0.001913	0.040822	0.000078
蟹邪锌懈褋懈	0.000273	3.506558	0.000958
蟹邪锌褉邪胁泻邪	0.000546	0.040822	0.000022
蟹邪褉邪斜邪褌褘胁邪褞褌	0.000273	4.605170	0.001258
蟹邪褉械谐懈褋褌褉懈褉芯胁邪胁褕懈褋褜	0.000273	0.040822	0.000011
蟹邪褉械谐懈褋褌褉懈褉芯胁邪褌褜褋褟	0.000273	0.030459	0.000008
蟹邪褋芯谢泻邪	0.000546	0.116534	0.000064
蟹邪褖懈褌薪褍褞	0.000273	4.605170	0.001258
蟹邪褟胁谢褟褞	0.000273	2.207275	0.000603
蟹胁邪薪褘泄	0.000273	0.127833	0.000035
蟹胁械蟹写邪	0.000273	0.127833	0.000035
蟹胁褢蟹写薪褘械	0.000273	0.116534	0.000032
蟹写芯褉芯胁芯械	0.000273	0.116534	0.000032
蟹写芯褉芯胁褘泄	0.000273	0.116534	0.000032
蟹械谢械薪褘械	0.000546	2.302585	0.001258
蟹械谢械薪褘泄	0.001093	1.021651	0.001117
蟹械谢械薪褜	0.000820	0.094311	0.000077
蟹械褎懈褉	0.000273	0.040822	0.000011
蟹懈屑薪懈械	0.000273	0.051293	0.000014
蟹懈屑芯泄	0.000546	2.995732	0.001637
蟹懈屑褍	0.001639	0.040822	0.000067
蟹谢褘褏	0.000273	4.605170	0.001258
蟹薪邪褞	0.000546	0.755023	0.000413
蟹芯谢芯褌邪褟	0.000273	0.116534	0.000032
懈胁邪薪芯胁邪	0.000273	0.127833	0.000035
懈谐褉邪谢	0.000273	4.605170	0.001258
懈写械邪谢邪	0.000273	4.605170	0.001258
懈写械邪谢褜薪邪褟	0.000273	0.116534	0.000032
懈写械邪谢褜薪芯谐芯	0.001366	0.116534	0.000159
懈写械邪谢褜薪芯械	0.000273	0.116534	0.000032
懈写械械泄	0.000273	2.995732	0.000819
懈写械泄泻懈	0.000273	0.116534	0.000032
懈写懈谢褜谐邪	0.000273	4.605170	0.001258
懈蟹写械谢懈褟	0.000820	0.116534	0.000096
懈蟹写械谢懈褟屑懈	0.000820	0.116534	0.000096
懈蟹薪邪褔邪谢褜薪芯	0.000273	3.912023	0.001069
懈蟹褞屑	0.000546	2.040221	0.001115
懈泻褉邪	0.001366	0.040822	0.000056
懈屑械谢邪	0.000273	4.605170	0.001258
懈屑械薪械屑	0.000273	0.040822	0.000011
懈屑械褞褌褋褟	0.000273	2.659260	0.000727
懈薪胁械褉褌芯褉薪芯泄	0.000273	0.127833	0.000035
懈薪谐褉械写懈械薪褌邪褏	0.000273	3.912023	0.001069
懈薪谐褉械写懈械薪褌褘	0.008197	0.139262	0.001141
懈薪写械泄泻懈	0.001366	0.094311	0.000129
懈薪写械泄泻芯泄	0.000273	0.116534	0.000032
懈薪写懈泄褋泻邪褟	0.000273	0.116534	0.000032
懈薪写懈谢邪泄褌	0.000820	0.116534	0.000096
懈薪写懈褉械褋薪褘械	0.000273	0.116534	0.000032
懈薪褋褌褉褍泻褑懈褟屑懈	0.000273	0.040822	0.000011
懈薪褌械褉薪械褌邪	0.000273	1.771957	0.000484
懈褉邪泻褋泻邪褟	0.000273	0.116534	0.000032
懈褉邪薪褋泻邪褟	0.000273	0.116534	0.000032
懈褉谢邪薪写褋泻邪褟	0.000273	0.116534	0.000032
懈褋泻褉械薪薪械	0.000273	0.116534	0.000032
懈褋谢邪薪写褋泻邪褟	0.000273	0.116534	0.000032
懈褋锌邪薪褋泻邪褟	0.000273	0.116534	0.000032
懈褋锌械泻懈	0.000273	0.116534	0.000032
懈褋褌芯褉懈懈	0.001366	0.116534	0.000159
懈褋褌芯褉懈褞	0.000273	0.116534	0.000032
懈褌邪谢懈懈	0.000546	0.105361	0.000058
懈褌邪谢褜褟薪褋泻邪褟	0.000273	0.116534	0.000032
泄芯谐褍褉褌	0.000820	0.040822	0.000033
泻邪斜邪褔泻懈	0.000273	0.040822	0.000011
泻邪胁泻邪蟹褋泻邪褟	0.000273	0.116534	0.000032
泻邪卸写芯泄	0.000273	1.832581	0.000501
泻邪卸写芯屑	0.000273	2.525729	0.000690
泻邪卸械褌褋褟	0.000273	1.714798	0.000469
泻邪蟹邪薪械	0.000273	0.116534	0.000032
泻邪蟹邪褏褋泻邪褟	0.000273	0.116534	0.000032
泻邪泻邪芯	0.000546	0.040822	0.000022
泻邪泻芯屑	0.000273	2.120264	0.000579
泻邪谢械泄写芯褋泻芯锌	0.001093	0.116534	0.000127
泻邪谢屑褘褑泻邪褟	0.000273	0.116534	0.000032
泻邪谢褜屑邪褉	0.000273	0.040822	0.000011
泻邪屑械褉邪	0.000273	0.116534	0.000032
泻邪薪邪写褋泻邪褟	0.000273	0.116534	0.000032
泻邪薪邪谢	0.000546	0.040822	0.000022
泻邪薪邪谢械	0.000273	0.040822	0.000011
泻邪薪邪锌械	0.000546	0.040822	0.000022
泻邪锌褍褋褌邪	0.003005	0.040822	0.000123
泻邪锌褍褋褌薪褟泻	0.000273	0.040822	0.000011
泻邪锌褍褋褌褍	0.000273	2.659260	0.000727
泻邪锌褍褋褌褘	0.001093	0.040822	0.000045
泻邪褉邪屑械谢褜	0.000273	0.040822	0.000011
泻邪褉泻邪褋薪褘泄	0.001093	0.116534	0.000127
泻邪褉褌芯褎械谢懈薪	0.000273	4.605170	0.001258
泻邪褉褌芯褎械谢褜	0.001913	0.040822	0.000078
泻邪褉褌芯褎械谢褜薪芯械	0.000273	0.040822	0.000011
泻邪褉褌芯褎械谢褜薪褘泄	0.000273	0.116534	0.000032
泻邪褉褌芯褕械褔泻芯泄	0.000273	2.525729	0.000690
泻邪褉褌芯褕泻邪	0.000546	0.040822	0.000022
泻邪褌械谐芯褉懈懈	0.000273	0.116534	0.000032
泻邪褌械谐芯褉懈褟	0.004098	0.150823	0.000618
泻邪褔械褋褌胁芯	0.000273	0.116534	0.000032
泻邪褕邪	0.000273	0.040822	0.000011
泻邪褕懈	0.001366	0.105361	0.000144
泻邪褕褍	0.000273	0.094311	0.000026
泻胁邪褋	0.000820	0.040822	0.000033
泻胁邪褋薪芯械	0.000820	0.116534	0.000096
泻胁邪褋芯屑	0.000273	0.127833	0.000035
泻械泻褋	0.000273	0.040822	0.000011
泻械泻褋褘	0.000546	0.116534	0.000064
泻械褌褔褍锌	0.001093	1.560648	0.001706
泻械褎懈褉	0.000273	0.040822	0.000011
泻懈屑褔懈	0.000273	0.040822	0.000011
泻懈薪蟹邪	0.000546	2.407946	0.001316
泻懈薪芯邪	0.000546	0.127833	0.000070
泻懈薪芯谢械薪褌邪	0.000273	0.116534	0.000032
泻懈褋械谢褜	0.000546	0.040822	0.000022
泻懈褌邪泄褋泻邪褟	0.000273	0.116534	0.000032
泻谢邪褋褋	0.002186	0.116534	0.000255
泻谢邪褋褋懈褔械褋泻懈泄	0.000273	1.897120	0.000518
泻谢邪褋褋懈褔械褋泻芯谐芯	0.000273	3.506558	0.000958
泻谢邪褋褋褘	0.000273	0.116534	0.000032
泻薪懈谐褍	0.000546	0.040822	0.000022
泻芯谐芯	0.000546	1.714798	0.000937
泻芯泻褌械泄谢懈	0.000273	0.127833	0.000035
泻芯泻褌械泄谢褜	0.001366	0.040822	0.000056
泻芯谢斜邪褋邪	0.000273	0.040822	0.000011
泻芯谢斜邪褋薪褘屑懈	0.000820	0.116534	0.000096
泻芯屑邪薪写邪	0.000546	0.127833	0.000070
泻芯屑懈	0.000273	0.116534	0.000032
泻芯屑屑械薪褌邪褉懈械胁	0.000273	0.223144	0.000061
泻芯屑锌邪薪懈泄	0.000273	0.105361	0.000029
泻芯屑锌芯蟹懈褑懈褞	0.000273	3.506558	0.000958
泻芯屑锌芯褌	0.000820	0.040822	0.000033
泻芯薪械褔薪芯	0.000820	0.527633	0.000432
泻芯薪懈薪褘	0.000273	0.116534	0.000032
泻芯薪泻褍褉褋	0.058470	0.105361	0.006160
泻芯薪泻褍褉褋邪	0.000546	0.116534	0.000064
泻芯薪泻褍褉褋邪褏	0.000273	0.040822	0.000011
泻芯薪泻褍褉褋薪褘械	0.000273	0.127833	0.000035
泻芯薪褋械褉胁懈褉芯胁邪薪懈械	0.000273	0.040822	0.000011
泻芯薪褋械褉胁懈褉芯胁邪薪薪邪褟	0.000273	0.116534	0.000032
泻芯薪褋械褉胁懈褉芯胁邪薪薪芯械	0.000273	0.116534	0.000032
泻芯薪褋械褉胁懈褉芯胁邪薪薪褘械	0.000546	0.116534	0.000064
泻芯薪褋械褉胁懈褉芯胁邪薪薪褘泄	0.000546	0.116534	0.000064
泻芯薪褎械褌褌懈	0.000273	0.116534	0.000032
泻芯薪褎械褌褘	0.000820	0.040822	0.000033
泻芯薪褎懈写械薪褑懈邪谢褜薪芯褋褌懈	0.000273	0.040822	0.000011
泻芯薪褎懈褌褞褉	0.000273	0.040822	0.000011
泻芯锌褔械薪芯褋褌褟屑懈	0.000273	0.116534	0.000032
泻芯褉械泄褋泻邪褟	0.000273	0.116534	0.000032
泻芯褉械泄褋泻懈	0.000546	0.040822	0.000022
泻芯褉械泄褋泻懈械	0.000273	4.605170	0.001258
泻芯褉卸懈泻懈	0.000273	0.040822	0.000011
泻芯褉懈邪薪写褉	0.000546	1.469676	0.000803
泻芯褉屑褟褖懈褏	0.000273	0.116534	0.000032
泻芯褉薪懈褕芯薪褘	0.000546	2.995732	0.001637
泻芯褌谢械褌褘	0.000273	0.040822	0.000011
泻芯褌芯褉芯屑	0.000273	3.218876	0.000879
泻芯褌芯褉芯屑褍	0.000273	0.116534	0.000032
泻芯褌芯褉褍褞	0.000273	1.966113	0.000537
泻芯褌芯褉褘屑	0.000273	2.302585	0.000629
泻芯褎械	0.000546	0.040822	0.000022
泻褉邪褋懈胁芯	0.000273	1.832581	0.000501
泻褉邪褋懈胁褘褏	0.000273	3.912023	0.001069
泻褉邪褋泻懈	0.000273	0.116534	0.000032
泻褉邪褋薪邪褟	0.000546	2.995732	0.001637
泻褉邪褋薪褘泄	0.002186	1.171183	0.002560
泻褉邪褌泻芯褋褉芯褔薪芯械	0.000273	4.605170	0.001258
泻褉械邪褌懈胁	0.000273	0.127833	0.000035
泻褉械屑	0.000273	0.040822	0.000011
泻褉械屑邪	0.000546	0.116534	0.000064
泻褉械锌泻懈泄	0.000273	0.116534	0.000032
泻褉芯谢懈泻邪	0.000546	0.116534	0.000064
泻褉芯屑械	0.000273	0.061875	0.000017
泻褉芯褏懈	0.000273	0.116534	0.000032
泻褉褍谐褍	0.000546	0.116534	0.000064
泻褉褍锌	0.001639	0.116534	0.000191
泻褉褍锌邪	0.000273	0.127833	0.000035
泻褉褍锌褘	0.000546	0.127833	0.000070
泻褉褍锌褟薪褘械	0.000273	0.116534	0.000032
泻褍斜懈薪褋泻邪褟	0.000273	0.116534	0.000032
泻褍谢械褕	0.000273	0.040822	0.000011
泻褍谢懈薪邪	0.000273	4.605170	0.001258
泻褍谢懈薪邪褉懈懈	0.001093	0.094311	0.000103
泻褍谢懈薪邪褉薪邪褟	0.000273	0.116534	0.000032
泻褍谢懈薪邪褉薪芯械	0.000273	0.116534	0.000032
泻褍谢懈薪邪褉薪褍褞	0.000546	0.040822	0.000022
泻褍谢懈薪邪褉薪褘械	0.000273	2.525729	0.000690
泻褍谢懈薪邪褉薪褘泄	0.000273	0.072571	0.000020
泻褍谢懈薪邪褉薪褘褏	0.000273	0.116534	0.000032
泻褍谢懈褔	0.000273	0.040822	0.000011
泻褍谢懈褔懈	0.000273	0.116534	0.000032
泻褍褉写褋泻邪褟	0.000273	0.116534	0.000032
泻褍褉懈薪芯谐芯	0.000273	0.116534	0.000032
泻褍褉懈薪芯械	0.004645	0.127833	0.000594
泻褍褉懈薪褘泄	0.000273	0.105361	0.000029
泻褍褉懈褑邪	0.000273	0.040822	0.000011
泻褍褉懈褑褘	0.000820	0.116534	0.000096
泻褍褉芯褔泻邪	0.000273	2.407946	0.000658
泻褍褉芯褔泻芯泄	0.000273	0.116534	0.000032
泻褍褋泻褍褋	0.000273	0.040822	0.000011
泻褍褏薪械	0.000273	1.237874	0.000338
泻褍褏薪械泄	0.000273	0.040822	0.000011
泻褍褏薪懈	0.000820	0.040822	0.000033
泻褍褏薪褟	0.000820	0.116534	0.000096
谢邪胁邪褕	0.000546	0.040822	0.000022
谢邪胁邪褕邪	0.001093	0.116534	0.000127
谢邪胁邪褕懈泻芯屑	0.000273	3.218876	0.000879
谢邪谐屑邪薪	0.000273	0.040822	0.000011
谢邪泻芯屑褋褌胁芯	0.000273	0.116534	0.000032
谢邪锌褕邪	0.000546	0.040822	0.000022
谢邪褌褘褕褋泻邪褟	0.000273	0.116534	0.000032
谢械谐泻邪褟	0.000273	0.116534	0.000032
谢械谐泻懈泄	0.000546	0.116534	0.000064
谢械谐泻懈屑	0.000273	2.995732	0.000819
谢械谐泻芯	0.001639	0.116534	0.000191
谢械锌械褕泻懈	0.000546	0.040822	0.000022
谢械褌	0.000820	0.843970	0.000692
谢械褌邪	0.000273	0.116534	0.000032
谢械褌薪懈械	0.000273	0.040822	0.000011
谢械褌薪褟褟	0.000273	0.116534	0.000032
谢械褌芯	0.001366	0.116534	0.000159
谢械褔芯	0.000273	0.040822	0.000011
谢懈谐邪	0.000820	0.116534	0.000096
谢懈泻械褉	0.000273	0.040822	0.000011
谢懈屑芯薪邪	0.000546	1.897120	0.001037
谢懈屑芯薪邪写	0.000546	0.040822	0.000022
谢懈褋褌芯胁芯泄	0.000546	3.912023	0.002138
谢懈褋褌褜褟	0.000546	1.514128	0.000827
谢懈褌芯胁褋泻	0.000273	0.127833	0.000035
谢懈褌芯胁褋泻邪褟	0.000273	0.116534	0.000032
谢懈褕薪械谐芯	0.000273	3.506558	0.000958
谢芯卸械褔泻褍	0.000273	3.506558	0.000958
谢褍泻	0.003825	0.301105	0.001152
谢褍褔褕懈械	0.000273	0.116534	0.000032
谢褍褔褕懈泄	0.000546	0.040822	0.000022
谢褍褔褕懈褏	0.000273	0.116534	0.000032
谢褞斜胁懈	0.000273	0.105361	0.000029
谢褞斜懈屑芯谐芯	0.000273	0.127833	0.000035
谢褞斜懈屑芯械	0.000273	3.218876	0.000879
谢褞斜懈屑芯屑褍	0.000273	0.116534	0.000032
谢褞斜懈屑褘屑	0.000273	1.469676	0.000402
谢褞斜懈屑褘褏	0.001913	0.116534	0.000223
谢褞斜懈褌械谢褟屑	0.000273	2.659260	0.000727
谢褞斜芯胁薪懈褑邪	0.000273	4.605170	0.001258
谢褞斜芯胁褜	0.000273	0.116534	0.000032
谢褞斜芯谐芯	0.000273	2.302585	0.000629
谢褞斜芯泄	0.000273	0.116534	0.000032
谢褞斜芯屑	0.000273	2.525729	0.000690
谢褢写	0.000273	0.127833	0.000035
屑邪谐褉懈斜邪	0.000273	0.116534	0.000032
屑邪泄	0.000273	0.116534	0.000032
屑邪泄芯薪械蟹	0.004098	0.116534	0.000478
屑邪泻邪褉芯薪薪褘械	0.000273	0.116534	0.000032
屑邪泻邪褉芯薪褘	0.000273	0.040822	0.000011
屑邪谢邪蟹懈泄褋泻邪褟	0.000273	0.116534	0.000032
屑邪谢芯	0.000273	1.609438	0.000440
屑邪屑芯泄	0.000273	4.605170	0.001258
屑邪屑芯褔泻懈	0.000273	3.506558	0.000958
屑邪薪薪懈泻	0.000273	0.040822	0.000011
屑邪薪褋邪褉写芯泄	0.000546	0.755023	0.000413
屑邪薪褌褘	0.000273	0.116534	0.000032
屑邪薪褢胁褉褘	0.000273	0.116534	0.000032
屑邪褉邪褎芯薪	0.000820	0.116534	0.000096
屑邪褉懈薪邪写	0.002459	0.040822	0.000100
屑邪褉懈薪邪写褘	0.000820	0.116534	0.000096
屑邪褉懈薪芯胁邪薪薪褘械	0.000273	0.116534	0.000032
屑邪褉懈褟	0.000273	3.218876	0.000879
屑邪褉屑械谢邪写	0.000273	0.040822	0.000011
屑邪褉芯泻泻邪薪褋泻邪褟	0.000273	0.116534	0.000032
屑邪褉褌邪	0.001639	0.105361	0.000173
屑邪褉褕	0.000273	4.605170	0.001258
屑邪褋泻邪褉锌芯薪械	0.000273	0.040822	0.000011
屑邪褋谢邪	0.000273	1.237874	0.000338
屑邪褋谢械薪懈褑邪	0.000820	0.040822	0.000033
屑邪褋谢械薪懈褔薪芯械	0.000273	0.116534	0.000032
屑邪褋谢芯	0.004098	0.116534	0.000478
屑邪褋谢芯屑	0.000273	0.116534	0.000032
屑邪褋褌械褉	0.002459	0.116534	0.000287
屑邪褋褌懈泻邪	0.000273	0.040822	0.000011
屑邪褋褌懈泻懈	0.000273	0.116534	0.000032
屑邪褎褎懈薪褘	0.000273	0.116534	0.000032
屑邪褏械械胁褗	0.001093	0.116534	0.000127
屑邪褟	0.000546	0.634878	0.000347
屑械写懈邪褎芯褉褌	0.000820	0.000000	0.000000
屑械写芯胁褘泄	0.000273	0.116534	0.000032
屑械泻褋懈泻邪薪褋泻邪褟	0.000273	0.116534	0.000032
屑械薪写械谢褜褋芯薪邪	0.000273	4.605170	0.001258
屑械薪褞	0.000273	0.116534	0.000032
屑械薪褟	0.001913	0.083382	0.000159
屑械薪褟械褌褋褟	0.000273	0.116534	0.000032
屑械褔褌邪	0.000273	0.116534	0.000032
屑械褔褌褘	0.000546	0.040822	0.000022
屑懈写懈懈	0.000273	0.040822	0.000011
屑懈泻褉芯胁芯谢薪芯胁泻械	0.000273	0.116534	0.000032
屑懈谢褜械	0.000273	0.116534	0.000032
屑懈屑芯	0.000273	3.912023	0.001069
屑懈薪薪械褋芯褌邪	0.000273	4.605170	0.001258
屑懈薪褍褌	0.000273	0.755023	0.000206
屑懈芯	0.000273	0.116534	0.000032
屑懈褉	0.000273	0.116534	0.000032
屑懈褉邪	0.000273	0.116534	0.000032
屑懈褉芯胁邪褟	0.000273	0.116534	0.000032
屑懈褋芯	0.000273	0.040822	0.000011
屑懈褋褌械褉懈褟	0.000273	0.116534	0.000032
屑懈褋褌褉邪谢褜	0.001913	0.116534	0.000223
屑薪芯谐懈屑懈	0.000273	3.218876	0.000879
屑薪芯谐芯	0.000546	0.776529	0.000424
屑薪芯卸械褋褌胁芯屑	0.000273	0.040822	0.000011
屑芯械	0.000273	0.116534	0.000032
屑芯卸械褌械	0.000273	0.000000	0.000000
屑芯懈屑懈	0.000273	2.995732	0.000819
屑芯泄	0.001366	0.105361	0.000144
屑芯谢写邪胁褋泻邪褟	0.000273	0.116534	0.000032
屑芯谢芯写芯泄	0.000273	3.912023	0.001069
屑芯谢芯泻械	0.000273	0.105361	0.000029
屑芯谢芯泻芯	0.000820	0.116534	0.000096
屑芯谢芯褔薪褘泄	0.000546	0.040822	0.000022
屑芯谢芯褔薪褘褏	0.000273	0.116534	0.000032
屑芯屑械薪褌	0.000820	0.116534	0.000096
屑芯薪谐芯谢褜褋泻邪褟	0.000273	0.116534	0.000032
屑芯褉械	0.000273	0.116534	0.000032
屑芯褉械锌褉芯写褍泻褌芯胁	0.004098	0.040822	0.000167
屑芯褉械锌褉芯写褍泻褌褘	0.000546	0.116534	0.000064
屑芯褉泻芯胁懈	0.000273	2.995732	0.000819
屑芯褉泻芯胁芯褔泻芯泄	0.000273	4.605170	0.001258
屑芯褉泻芯胁褜	0.004645	0.040822	0.000190
屑芯褉芯卸械薪芯械	0.000820	0.040822	0.000033
屑芯褉褋	0.000273	0.040822	0.000011
屑芯褉褋褘	0.000273	0.116534	0.000032
屑芯褌芯褉	0.000273	0.116534	0.000032
屑芯褏懈褌芯	0.000273	0.040822	0.000011
屑芯褟	0.000546	1.427116	0.000780
屑褍卸褋泻邪褟	0.000273	0.127833	0.000035
屑褍卸褔懈薪褘	0.000546	0.116534	0.000064
屑褍泻邪	0.000546	0.274437	0.000150
屑褍谢褜褌懈胁邪褉泻械	0.010383	0.116534	0.001210
屑褍谢褜褌懈锌械泻邪褉械泄	0.000820	0.116534	0.000096
屑褍褋褋	0.000273	0.040822	0.000011
屑褍褋褋褘	0.000546	0.116534	0.000064
屑褍褔薪褘械	0.000273	0.116534	0.000032
屑褞褋谢懈	0.000546	0.116534	0.000064
屑褟褋邪	0.002732	0.116534	0.000318
屑褟褋薪芯谐芯	0.000546	0.116534	0.000064
屑褟褋薪芯泄	0.000273	0.116534	0.000032
屑褟褋薪褘械	0.001366	0.040822	0.000056
屑褟褋薪褘褏	0.000820	0.116534	0.000096
屑褟褋芯	0.003552	0.040822	0.000145
屑褟褋芯屑	0.001366	0.040822	0.000056
屑褟褋褍	0.000546	0.116534	0.000064
薪邪胁械褉薪芯	0.000273	2.407946	0.000658
薪邪蟹邪写	0.000273	0.967584	0.000264
薪邪蟹胁邪薪懈械	0.000273	0.941609	0.000257
薪邪蟹薪邪褔械薪懈褟	0.000273	0.116534	0.000032
薪邪泄写褢褌褋褟	0.000273	4.605170	0.001258
薪邪谢懈胁泻邪	0.000273	0.040822	0.000011
薪邪锌懈褌泻懈	0.001639	0.040822	0.000067
薪邪锌懈褌芯泻	0.000273	0.040822	0.000011
薪邪褉邪褋褏胁邪褌	0.000273	4.605170	0.001258
薪邪褉褟写褍	0.000273	3.912023	0.001069
薪邪褋褌芯泄泻邪	0.000273	0.040822	0.000011
薪邪褋褌芯谢褜泻芯	0.000273	1.514128	0.000414
薪邪褋褌芯褟褖懈械	0.000273	3.506558	0.000958
薪邪褋褌褉芯械薪懈械	0.000273	0.116534	0.000032
薪邪褋褘褖械薪薪褘泄	0.000546	1.897120	0.001037
薪邪褌泻薪褍谢邪褋褜	0.000273	1.966113	0.000537
薪邪褌褍褉邪谢褜薪褘泄	0.000273	2.813411	0.000769
薪邪褍褔懈谢邪	0.000546	3.506558	0.001916
薪邪褑懈芯薪邪谢褜薪褘械	0.000273	0.116534	0.000032
薪邪褔懈薪泻邪	0.000546	0.040822	0.000022
薪邪褔懈薪泻芯泄	0.000273	0.116534	0.000032
薪邪褕邪	0.000273	2.525729	0.000690
薪邪褕械屑	0.000273	0.040822	0.000011
薪邪褕懈	0.000546	0.061875	0.000034
薪邪褕懈褏	0.000273	1.514128	0.000414
薪邪褕谢懈	0.000273	2.407946	0.000658
薪械胁械褋褌械	0.000273	4.605170	0.001258
薪械胁械褋褌泻邪	0.000273	3.218876	0.000879
薪械胁械褋褌褘	0.000820	4.605170	0.003775
薪械谐芯	0.000546	0.941609	0.000515
薪械写械谢褟	0.002732	0.061875	0.000169
薪械卸薪芯泄	0.000273	0.116534	0.000032
薪械卸薪褘械	0.000273	1.660731	0.000454
薪械蟹邪褋谢褍卸械薪薪芯	0.000273	2.995732	0.000819
薪械泻芯谐写邪	0.000273	3.506558	0.000958
薪械屑	0.000273	1.203973	0.000329
薪械屑械褑泻邪褟	0.000273	0.116534	0.000032
薪械芯卸懈写邪薪薪褘械	0.000273	0.116534	0.000032
薪械锌褉械屑械薪薪褘泄	0.000273	4.605170	0.001258
薪械褉邪写懈胁邪褟	0.000273	4.605170	0.001258
薪械褋泻芯谢褜泻芯	0.000273	0.916291	0.000250
薪械褋谢邪写泻芯械	0.000273	0.116534	0.000032
薪械褋谢懈	0.000273	4.605170	0.001258
薪械褋谢芯卸薪芯	0.000273	2.207275	0.000603
薪懈谐写械	0.000273	3.912023	0.001069
薪懈泻邪泻芯谐芯	0.000273	2.040221	0.000557
薪懈泻芯谐写邪	0.000273	1.771957	0.000484
薪懈泻褌芯	0.000273	1.897120	0.000518
薪懈褏	0.000273	1.660731	0.000454
薪懈褔械谐芯	0.000273	0.941609	0.000257
薪芯胁邪褟	0.000273	0.116534	0.000032
薪芯胁芯谐芯写薪械谐芯	0.001366	0.116534	0.000159
薪芯胁芯谐芯写薪械械	0.000820	0.116534	0.000096
薪芯胁芯谐芯写薪械屑	0.000273	2.995732	0.000819
薪芯胁芯谐芯写薪懈械	0.001639	0.040822	0.000067
薪芯胁芯谐芯写薪懈泄	0.001913	0.116534	0.000223
薪芯胁芯谐芯写薪褞褞	0.000273	3.912023	0.001069
薪芯胁芯谐芯写薪褟褟	0.000273	0.105361	0.000029
薪芯胁芯屑	0.000273	3.506558	0.000958
薪芯胁芯褋褌褟褏	0.000273	0.061875	0.000017
薪芯胁褘械	0.000546	0.051293	0.000028
薪芯胁褘泄	0.002732	0.094311	0.000258
薪芯褉胁械卸褋泻邪褟	0.000273	0.116534	0.000032
薪芯褔褜	0.000273	2.813411	0.000769
薪芯褟斜褉褟	0.000820	0.527633	0.000432
薪褞邪薪褋芯屑	0.000273	4.605170	0.001258
芯斜械写	0.000820	0.105361	0.000086
芯斜械蟹褜褟薪褘	0.000273	0.116534	0.000032
芯斜械褖邪械褕褜	0.000273	3.506558	0.000958
芯斜芯卸邪褞褌	0.000273	2.302585	0.000629
芯斜褉邪褖邪褟褋褜	0.000273	4.605170	0.001258
芯斜褖邪褌褜褋褟	0.000273	0.040822	0.000011
芯斜褗械屑械	0.000273	3.506558	0.000958
芯胁芯褖邪屑懈	0.000273	0.116534	0.000032
芯胁芯褖械泄	0.006284	0.105361	0.000662
芯胁芯褖懈	0.002186	0.094311	0.000206
芯胁芯褖薪邪褟	0.000273	0.040822	0.000011
芯胁芯褖薪芯械	0.000273	0.116534	0.000032
芯胁芯褖薪芯泄	0.000546	0.105361	0.000058
芯胁芯褖薪褘械	0.001366	0.040822	0.000056
芯胁褋褟薪芯械	0.000273	0.116534	0.000032
芯谐谢邪褕邪械褕褜	0.000273	3.506558	0.000958
芯谐薪械薪薪芯泄	0.000273	0.116534	0.000032
芯谐薪褟	0.000273	0.116534	0.000032
芯谐褍褉械褑	0.000546	1.237874	0.000676
芯谐褍褉褑褘	0.000546	0.116534	0.000064
芯谐褍褉褔懈泻邪屑懈	0.000273	4.605170	0.001258
芯写薪懈屑	0.000820	1.309333	0.001073
芯卸懈写邪薪懈褟	0.000273	2.120264	0.000579
芯泻褉芯褕泻邪	0.000820	0.040822	0.000033
芯泻褌褟斜褉褟	0.000546	0.562119	0.000307
芯谢邪写褜懈	0.000820	0.040822	0.000033
芯谢械泄薪邪	0.000820	0.116534	0.000096
芯谢械泄薪芯泄	0.001093	0.116534	0.000127
芯谢械泄薪褘	0.000273	0.127833	0.000035
芯谢懈胁泻懈	0.000546	2.207275	0.001206
芯谢懈胁褜械	0.000273	2.995732	0.000819
芯屑谢械褌	0.000273	0.040822	0.000011
芯锌邪褉邪	0.000273	0.040822	0.000011
芯锌褉芯褋	0.000273	0.061875	0.000017
芯褉械褏懈	0.000546	1.139434	0.000623
芯褉懈谐懈薪邪谢褜薪褘泄	0.000273	2.120264	0.000579
芯褋械薪薪械械	0.000273	0.116534	0.000032
芯褋械薪薪懈械	0.000273	0.051293	0.000014
芯褋械薪薪懈泄	0.000546	0.116534	0.000064
芯褋械薪褜	0.002732	0.105361	0.000288
芯褋薪芯胁薪芯械	0.000273	0.040822	0.000011
芯褋芯斜芯	0.000273	2.302585	0.000629
芯褋褌邪械褌褋褟	0.000546	0.116534	0.000064
芯褋褌邪谢褋褟	0.000273	3.218876	0.000879
芯褌胁械写邪褌褜	0.000273	4.605170	0.001258
芯褌胁械褌懈褌褜	0.000273	0.051293	0.000014
芯褌胁械褌芯胁	0.000273	0.051293	0.000014
芯褌胁械褌褋褌胁械薪薪芯	0.000273	3.912023	0.001069
芯褌胁械褌褘	0.000273	0.000000	0.000000
芯褌泻褉褘褌褘泄	0.000546	0.116534	0.000064
芯褌谢懈褔邪械褌褋褟	0.000273	1.771957	0.000484
芯褌谢懈褔薪邪褟	0.000273	2.995732	0.000819
芯褌谢懈褔薪芯	0.000273	1.514128	0.000414
芯褌屑械薪懈褌褜	0.000273	0.040822	0.000011
芯褌锌褍谐薪褍褌褜	0.000273	4.605170	0.001258
芯褏谢邪写懈褌褜	0.000273	0.116534	0.000032
芯褔械褉械写薪芯泄	0.000273	1.771957	0.000484
芯褔械褉械写褜	0.000273	1.966113	0.000537
锌邪泻械褌懈泻邪褏	0.000273	0.105361	0.000029
锌邪谢芯褔泻懈	0.000273	0.040822	0.000011
锌邪薪懈褉芯胁泻邪	0.002186	0.116534	0.000255
锌邪褉邪	0.000273	0.116534	0.000032
锌邪褉邪写	0.001913	0.116534	0.000223
锌邪褉懈褌褜褋褟	0.000273	4.605170	0.001258
锌邪褉屑械蟹邪薪	0.000546	2.407946	0.001316
锌邪褉芯胁邪褉泻械	0.002459	0.116534	0.000287
锌邪褉芯谢褜	0.000273	0.020203	0.000006
锌邪褋褌邪	0.000820	0.040822	0.000033
锌邪褋褌褉芯屑邪	0.000273	0.040822	0.000011
锌邪褋褏邪	0.000546	0.040822	0.000022
锌邪褋褏邪谢褜薪邪褟	0.000546	0.116534	0.000064
锌邪褋褏邪谢褜薪褘泄	0.000273	0.127833	0.000035
锌邪褕褌械褌	0.000273	0.040822	0.000011
锌邪褕褌械褌褘	0.000546	0.116534	0.000064
锌械泻邪褉褟	0.000273	0.127833	0.000035
锌械谢褜屑械薪懈	0.000273	0.116534	0.000032
锌械褉胁芯谐芯	0.000273	2.120264	0.000579
锌械褉胁芯械	0.000820	0.040822	0.000033
锌械褉胁褍褞	0.000273	3.506558	0.000958
锌械褉胁褘械	0.000273	0.127833	0.000035
锌械褉胁褘泄	0.000273	1.309333	0.000358
锌械褉胁褘屑	0.000273	0.116534	0.000032
锌械褉械写邪褞褌褋褟	0.000273	3.912023	0.001069
锌械褉械卸懈胁邪械褌械	0.000273	4.605170	0.001258
锌械褉械泄褌懈	0.000273	0.040822	0.000011
锌械褉械泻褍褋	0.000546	0.116534	0.000064
锌械褉械锌械谢懈薪芯械	0.000546	2.813411	0.001537
锌械褉械褋屑芯褌褉械谢邪	0.000273	2.813411	0.000769
锌械褉械褑	0.004645	0.040822	0.000190
锌械褉褋芯薪褘	0.000273	0.116534	0.000032
锌械褉褍邪薪褋泻邪褟	0.000273	0.116534	0.000032
锌械褋芯褔薪芯械	0.000546	0.105361	0.000058
锌械褋芯褔薪褘泄	0.000273	0.116534	0.000032
锌械褌械谢懈薪泻懈	0.000273	0.127833	0.000035
锌械褔械薪芯褔薪褘泄	0.000273	0.040822	0.000011
锌械褔械薪褜械	0.002459	0.040822	0.000100
锌械褔懈	0.000273	0.127833	0.000035
锌懈胁芯	0.000273	0.116534	0.000032
锌懈泻邪薪褌薪芯	0.000273	3.218876	0.000879
锌懈泻邪薪褌褘	0.000273	0.127833	0.000035
锌懈泻薪懈泻	0.000546	0.116534	0.000064
锌懈泻薪懈泻邪	0.000273	0.116534	0.000032
锌懈泻薪懈泻褍	0.000273	0.105361	0.000029
锌懈褉	0.000273	0.116534	0.000032
锌懈褉芯谐	0.000820	0.040822	0.000033
锌懈褉芯谐懈	0.000273	0.105361	0.000029
锌懈褉芯卸泻懈	0.000273	0.040822	0.000011
锌懈褉芯卸薪芯械	0.000273	0.040822	0.000011
锌懈褉芯卸薪褘械	0.000273	0.116534	0.000032
锌懈褋邪谢	0.000273	3.912023	0.001069
锌懈褌邪薪懈械	0.001366	0.105361	0.000144
锌懈褑褑邪	0.000546	0.040822	0.000022
锌谢邪胁谢械薪褘泄	0.000546	1.237874	0.000676
锌谢邪屑褟	0.000273	0.116534	0.000032
锌谢邪薪械	0.000273	3.912023	0.001069
锌谢懈褌邪	0.001093	0.127833	0.000140
锌谢芯胁	0.000273	0.116534	0.000032
锌谢芯写褘	0.000273	0.116534	0.000032
锌芯胁邪褉械薪泻械	0.000273	0.040822	0.000011
锌芯胁邪褉械薪芯泻	0.000273	0.061875	0.000017
锌芯胁邪褉褟褌	0.000273	0.116534	0.000032
锌芯胁邪褉褟褌邪屑懈	0.000273	0.040822	0.000011
锌芯胁邪褉褢薪泻邪	0.000273	0.116534	0.000032
锌芯胁械褉懈谢邪	0.000273	3.218876	0.000879
锌芯胁懈写谢芯	0.000273	0.040822	0.000011
锌芯写邪褉泻芯胁	0.000273	0.116534	0.000032
锌芯写械谢懈谢邪褋褜	0.000273	2.813411	0.000769
锌芯写械谢懈褌褜褋褟	0.000546	0.478036	0.000261
锌芯写谢懈胁邪	0.000273	0.116534	0.000032
锌芯写谢懈胁泻邪	0.000273	0.040822	0.000011
锌芯写芯斜薪褘械	0.000273	3.218876	0.000879
锌芯写锌懈褋邪褌褜褋褟	0.000273	0.040822	0.000011
锌芯写锌懈褕懈褌械褋褜	0.000546	0.040822	0.000022
锌芯写褉褍谐邪	0.000273	4.605170	0.001258
锌芯写褋芯谢薪械褔薪芯械	0.000546	1.347074	0.000736
锌芯械写邪薪懈械	0.000273	4.605170	0.001258
锌芯械写懈薪泻懈	0.003825	0.116534	0.000446
锌芯械褋褌褜	0.000273	3.506558	0.000958
锌芯卸邪谢褍泄	0.000273	2.040221	0.000557
锌芯蟹写褉邪胁褜	0.000273	0.116534	0.000032
锌芯懈褋泻	0.000273	0.051293	0.000014
锌芯泻邪卸褍	0.000273	2.813411	0.000769
锌芯谢写薪懈泻	0.000546	0.116534	0.000064
锌芯谢械蟹薪芯	0.000273	0.116534	0.000032
锌芯谢懈褌懈泻芯泄	0.000273	0.040822	0.000011
锌芯谢薪芯褋褌褜褞	0.000273	1.347074	0.000368
锌芯谢芯胁懈薪邪	0.002186	0.116534	0.000255
锌芯谢褍褔邪械褌褋褟	0.000273	0.400478	0.000109
锌芯谢褍褔邪泄褌械	0.000273	0.040822	0.000011
锌芯谢褍褔邪谢芯褋褜	0.000273	3.912023	0.001069
锌芯谢褍褔邪褋邪	0.000273	4.605170	0.001258
锌芯谢褍褔邪褌褜	0.000273	0.040822	0.000011
锌芯谢褍褔懈谢芯褋褜	0.000273	0.994252	0.000272
锌芯谢褍褔懈褌褋褟	0.000273	1.714798	0.000469
锌芯谢褜蟹邪	0.000273	0.127833	0.000035
锌芯谢褜蟹芯泄	0.001093	0.116534	0.000127
锌芯谢褜褋泻邪褟	0.000273	0.116534	0.000032
锌芯屑邪写泻邪	0.000546	0.040822	0.000022
锌芯屑邪写泻懈	0.000273	0.116534	0.000032
锌芯屑懈写芯褉	0.001093	0.713350	0.000780
锌芯屑懈写芯褉泻懈	0.000273	0.127833	0.000035
锌芯屑懈写芯褉褘	0.000546	0.116534	0.000064
锌芯屑薪懈褌械	0.000273	2.813411	0.000769
锌芯屑芯谐邪谢懈	0.000273	4.605170	0.001258
锌芯屑芯褖褜褞	0.000273	3.912023	0.001069
锌芯薪懈屑邪褞褌	0.000273	3.218876	0.000879
锌芯薪褉邪胁懈胁褕懈械褋褟	0.000273	0.040822	0.000011
锌芯薪褉邪胁懈褌褋褟	0.000273	1.427116	0.000390
锌芯薪褔懈泻懈	0.000546	0.040822	0.000022
锌芯锌邪写邪褟	0.000273	4.605170	0.001258
锌芯锌邪褉懈褌褜褋褟	0.000273	4.605170	0.001258
锌芯锌褉芯斜芯胁邪褌褜	0.000273	0.798508	0.000218
锌芯锌褉芯斜褍械褌械	0.000273	3.912023	0.001069
锌芯锌褉芯斜褍泄褌械	0.000546	0.562119	0.000307
锌芯锌褉芯斜褍褞	0.000273	2.813411	0.000769
锌芯褉邪	0.000273	0.116534	0.000032
锌芯褉邪写芯胁邪褌褜	0.000273	2.407946	0.000658
锌芯褉褌懈褌褋褟	0.000273	3.912023	0.001069
锌芯褉褌褍谐邪谢褜褋泻邪褟	0.000273	0.116534	0.000032
锌芯褋械褖邪械褌械	0.000273	0.061875	0.000017
锌芯褋谢械写薪械械	0.000273	2.995732	0.000819
锌芯褋谢械写褍褞褖懈械	0.000273	3.506558	0.000958
锌芯褋褌	0.001366	0.105361	0.000144
锌芯褋褌薪芯械	0.000273	0.116534	0.000032
锌芯褋褌薪褘械	0.000273	0.040822	0.000011
锌芯褋褌薪褘泄	0.000273	0.116534	0.000032
锌芯褋褌芯褟薪薪芯	0.000273	0.040822	0.000011
锌芯褋褌褉芯懈屑	0.000273	0.116534	0.000032
锌芯褋褍写邪	0.000546	0.094311	0.000052
锌芯褌褉邪褌懈胁	0.000273	4.605170	0.001258
锌芯褌褉褟褋邪褞褖懈泄	0.000273	2.525729	0.000690
锌芯褏芯卸	0.000273	3.218876	0.000879
锌芯褔褌褍	0.000273	0.040822	0.000011
锌芯褕邪谐芯胁褘械	0.000273	0.301105	0.000082
锌芯褕邪谐芯胁褘屑懈	0.000273	0.040822	0.000011
锌芯褝褌	0.000273	4.605170	0.001258
锌褉邪胁写邪	0.000273	1.139434	0.000311
锌褉邪胁懈谢褜薪褘泄	0.000273	3.506558	0.000958
锌褉邪蟹写薪懈泻	0.000273	1.832581	0.000501
锌褉邪蟹写薪懈泻邪	0.000546	0.116534	0.000064
锌褉邪蟹写薪懈褔薪芯	0.000273	0.116534	0.000032
锌褉邪蟹写薪懈褔薪芯谐芯	0.000273	0.116534	0.000032
锌褉邪蟹写薪懈褔薪褘泄	0.000273	0.116534	0.000032
锌褉邪蟹写薪懈褔薪褘褏	0.000273	2.995732	0.000819
锌褉邪泻褌懈泻褍屑	0.000273	0.116534	0.000032
锌褉邪泻褌懈褔械褋泻懈	0.000273	1.386294	0.000379
锌褉械胁蟹芯泄写褢褌	0.000273	4.605170	0.001258
锌褉械胁芯褋褏芯写薪褘械	0.000273	0.116534	0.000032
锌褉械胁褉邪褖邪械褌褋褟	0.000273	4.605170	0.001258
锌褉械胁褉邪褖械薪懈褟	0.000273	0.116534	0.000032
锌褉械写褋褌邪胁懈褌褜	0.000273	1.660731	0.000454
锌褉械写褋褌邪胁谢褟褞	0.000273	2.302585	0.000629
锌褉械懈屑褍褖械褋褌胁芯	0.000273	3.912023	0.001069
锌褉械褋薪芯械	0.000273	0.116534	0.000032
锌褉懈谐谢褟薪褍谢邪褋褜	0.000273	4.605170	0.001258
锌褉懈谐芯褌芯胁懈胁	0.000273	2.995732	0.000819
锌褉懈谐芯褌芯胁懈屑	0.000273	0.116534	0.000032
锌褉懈谐芯褌芯胁懈褌褜	0.000546	0.342490	0.000187
锌褉懈谐芯褌芯胁谢械薪	0.000273	2.302585	0.000629
锌褉懈谐芯褌芯胁谢械薪懈械	0.000820	0.105361	0.000086
锌褉懈谐芯褌芯胁谢械薪懈懈	0.000273	0.798508	0.000218
锌褉懈谐芯褌芯胁谢械薪懈褞	0.000546	0.040822	0.000022
锌褉懈谐芯褌芯胁谢械薪懈褟	0.000546	0.371064	0.000203
锌褉懈写褍屑邪谢芯褋褜	0.000273	3.912023	0.001069
锌褉懈写褢褌褋褟	0.000273	3.912023	0.001069
锌褉懈蟹薪邪薪懈械	0.000273	0.116534	0.000032
锌褉懈蟹芯胁	0.000273	0.040822	0.000011
锌褉懈锌褉邪胁邪	0.000273	0.040822	0.000011
锌褉懈褉芯写褍	0.000273	0.116534	0.000032
锌褉懈褉芯写褘	0.000273	0.116534	0.000032
锌褉懈褋褌褍锌懈褌褜	0.000273	0.040822	0.000011
锌褉懈褋褍褌褋褌胁褍褞褌	0.000273	3.912023	0.001069
锌褉懈褍泻褉邪褕懈胁邪褟	0.000273	3.506558	0.000958
锌褉芯斜谢械屑褘	0.000273	3.506558	0.000958
锌褉芯斜褍泄褌械	0.000273	2.302585	0.000629
锌褉芯斜褘	0.000273	3.912023	0.001069
锌褉芯胁邪谢	0.000273	4.605170	0.001258
锌褉芯胁械写懈	0.001093	0.116534	0.000127
锌褉芯胁械褉械薪芯	0.001639	0.116534	0.000191
锌褉芯胁芯写懈屑褘褏	0.000273	0.040822	0.000011
锌褉芯胁芯卸邪械屑	0.000273	0.116534	0.000032
锌褉芯写褍泻褌芯胁	0.000546	0.094311	0.000052
锌褉芯写褍泻褌褘	0.000273	1.386294	0.000379
锌褉芯械泻褌芯胁	0.000273	0.116534	0.000032
锌褉芯械泻褌褘	0.000273	0.061875	0.000017
锌褉芯卸懈胁褕邪褟	0.000273	3.912023	0.001069
锌褉芯谢懈褋褌邪谢邪	0.000273	3.506558	0.000958
锌褉芯褋屑芯褌褉邪屑	0.000273	0.274437	0.000075
锌褉芯褋褌芯	0.001639	0.083382	0.000137
锌褉芯褋褌芯泻胁邪褕邪	0.000273	0.040822	0.000011
锌褉芯褋褌芯屑褍	0.000273	3.912023	0.001069
锌褉芯褋褌芯褉邪褏	0.000273	1.771957	0.000484
锌褉芯褋褌芯褟谢	0.000273	3.912023	0.001069
锌褉芯褋褟褌	0.000273	2.040221	0.000557
锌褉芯褎懈谢褜	0.000273	0.040822	0.000011
锌褉芯褏芯写懈褌械	0.000273	4.605170	0.001258
锌褉芯褑械褋褋懈懈	0.000273	4.605170	0.001258
锌褉芯褔械谐芯	0.000273	3.912023	0.001069
锌褉芯褕褍	0.000273	1.139434	0.000311
锌褉褟屑芯	0.000273	0.040822	0.000011
锌褉褟薪懈泻	0.000273	0.040822	0.000011
锌褉褟薪懈泻懈	0.000273	0.116534	0.000032
锌褉褟薪懈褔薪芯械	0.000273	0.116534	0.000032
锌褌懈褑邪	0.001366	0.116534	0.000159
锌褌懈褑械	0.000546	0.116534	0.000064
锌褌懈褑械泄	0.000273	0.127833	0.000035
锌褌懈褑褘	0.003005	0.116534	0.000350
锌褍写懈薪谐	0.000273	0.040822	0.000011
锌褍写懈薪谐懈	0.000546	0.116534	0.000064
锌褍薪褕	0.000273	0.040822	0.000011
锌褍褌械褕械褋褌胁懈械	0.000546	0.116534	0.000064
锌褍褌褜	0.000273	0.116534	0.000032
锌褕械薪懈褑邪	0.000273	4.605170	0.001258
锌褕械薪懈褔泻芯泄	0.000273	4.605170	0.001258
锌褕械薪懈褔薪邪褟	0.000546	0.287682	0.000157
锌褘褕泻懈	0.000273	0.040822	0.000011
锌褞褉械	0.001093	0.040822	0.000045
褉邪胁薪芯	0.000273	2.120264	0.000579
褉邪谐褍	0.000273	0.116534	0.000032
褉邪蟹	0.000546	0.446287	0.000244
褉邪蟹胁邪谢械	0.000273	4.605170	0.001258
褉邪蟹胁械褉薪褍褌褜	0.000273	0.116534	0.000032
褉邪蟹写械谢褜薪芯械	0.000273	0.116534	0.000032
褉邪蟹屑械褖邪褌褜	0.000273	2.302585	0.000629
褉邪蟹薪褘械	0.000273	0.116534	0.000032
褉邪蟹褍	0.000273	2.525729	0.000690
褉邪薪褜褕械	0.000546	1.560648	0.000853
褉邪褋褋芯谢褜薪懈泻	0.000546	0.040822	0.000022
褉邪褋褋芯谢褜薪懈泻邪	0.000273	0.116534	0.000032
褉邪褋褋褘谢泻懈	0.000273	0.061875	0.000017
褉邪褋褌懈褌械谢褜薪芯械	0.001639	0.235722	0.000386
褉械谐懈褋褌褉邪褑懈懈	0.000546	0.010050	0.000005
褉械谐懈褋褌褉邪褑懈褟	0.000273	0.000000	0.000000
褉械蟹褍谢褜褌邪褌	0.000273	0.967584	0.000264
褉械泄褌懈薪谐褍	0.000273	0.248461	0.000068
褉械锌褔邪褌褘泄	0.002732	0.430783	0.001177
褉械褑械锌褌	0.004372	0.040822	0.000178
褉械褑械锌褌邪	0.000273	0.462035	0.000126
褉械褑械锌褌邪褏	0.000273	0.061875	0.000017
褉械褑械锌褌芯胁	0.002186	0.040822	0.000089
褉械褑械锌褌芯屑	0.000273	0.693147	0.000189
褉械褑械锌褌褘	0.019945	0.040822	0.000814
褉械褕懈谢邪	0.000546	0.820981	0.000449
褉懈褋	0.001093	0.040822	0.000045
褉懈褋邪	0.000273	0.116534	0.000032
褉懈褋泻薪褍褌褜	0.000273	3.912023	0.001069
褉懈褌屑械	0.000273	0.116534	0.000032
褉芯谐邪谢懈泻懈	0.000273	0.040822	0.000011
褉芯写薪芯械	0.000273	0.116534	0.000032
褉芯卸写械薪懈褟	0.000273	0.105361	0.000029
褉芯卸写械褋褌胁芯	0.000273	0.116534	0.000032
褉芯蟹	0.000273	3.506558	0.000958
褉芯蟹邪屑懈	0.000273	4.605170	0.001258
褉芯蟹褘	0.000273	3.506558	0.000958
褉芯谢谢褌芯薪	0.000273	0.116534	0.000032
褉芯谢谢褘	0.001366	0.040822	0.000056
褉芯屑	0.000273	0.040822	0.000011
褉褍斜褉懈泻邪褌芯褉	0.000273	0.051293	0.000014
褉褍泻懈	0.000273	2.813411	0.000769
褉褍谢械褌	0.000273	0.040822	0.000011
褉褍谢械褌褘	0.003279	0.116534	0.000382
褉褍屑褘薪褋泻邪褟	0.000273	0.116534	0.000032
褉褍屑褟薪褘械	0.000273	0.116534	0.000032
褉褍薪械褌械	0.000273	0.020203	0.000006
褉褍褋褋泻邪褟	0.000273	0.116534	0.000032
褉褍褋褋泻懈械	0.000546	2.995732	0.001637
褉褍褔泻懈	0.000273	2.525729	0.000690
褉褘斜邪	0.002459	0.040822	0.000100
褉褘斜械	0.000546	0.116534	0.000064
褉褘斜薪邪褟	0.000273	0.116534	0.000032
褉褘斜薪芯谐芯	0.000546	0.116534	0.000064
褉褘斜薪褘械	0.002186	0.116534	0.000255
褉褘斜薪褘泄	0.000546	0.116534	0.000064
褉褘斜薪褘褏	0.000273	0.116534	0.000032
褉褘斜芯泄	0.000546	0.116534	0.000064
褉褘斜褘	0.004372	0.116534	0.000509
褉褟卸械薪泻邪	0.000273	0.116534	0.000032
褋邪泄褌	0.000820	0.000000	0.000000
褋邪泄褌械	0.000273	0.462035	0.000126
褋邪泄褌褍	0.000546	0.061875	0.000034
褋邪谢邪褌	0.003552	0.094311	0.000335
褋邪谢邪褌邪	0.001366	1.078810	0.001474
褋邪谢邪褌懈泻	0.000273	2.302585	0.000629
褋邪谢邪褌薪邪褟	0.000273	0.116534	0.000032
褋邪谢邪褌芯屑	0.000273	2.207275	0.000603
褋邪谢邪褌褘	0.013661	0.040822	0.000558
褋邪屑邪褟	0.000273	2.995732	0.000819
褋邪屑芯谐芯薪	0.000273	0.040822	0.000011
褋邪屑褘泄	0.000546	1.021651	0.000558
褋邪屑褘屑	0.000273	1.386294	0.000379
褋邪屑褘褏	0.000820	0.116534	0.000096
褋邪褎	0.000820	0.116534	0.000096
褋邪褎褋械屑	0.000273	0.116534	0.000032
褋邪褏邪褉	0.002459	0.116534	0.000287
褋斜懈褌械薪褜	0.000273	0.040822	0.000011
褋胁邪写械斜薪芯谐芯	0.000273	3.912023	0.001069
褋胁邪写械斜薪芯泄	0.000273	4.605170	0.001258
褋胁邪写械斜薪褘泄	0.000273	2.813411	0.000769
褋胁邪褉褟褌	0.000273	4.605170	0.001258
褋胁械卸械褋褌褜	0.000273	0.105361	0.000029
褋胁械泻谢邪	0.009836	0.040822	0.000402
褋胁械泻谢褘	0.001093	2.659260	0.002906
褋胁械泻芯谢泻芯泄	0.000273	4.605170	0.001258
褋胁械泻芯谢褜薪懈泻	0.000546	0.040822	0.000022
褋胁械泻芯谢褜薪褘泄	0.000273	3.218876	0.000879
褋胁械泻褉芯胁褍褕泻懈	0.000273	4.605170	0.001258
褋胁械泻褉芯胁褜	0.000273	2.995732	0.000819
褋胁械褌邪	0.001093	0.116534	0.000127
褋胁懈薪懈薪邪	0.000273	0.040822	0.000011
褋胁懈薪懈薪褘	0.001093	0.116534	0.000127
褋胁芯械	0.000273	0.116534	0.000032
褋胁芯械泄	0.000546	1.347074	0.000736
褋胁芯械屑	0.000273	0.040822	0.000011
褋胁芯懈屑	0.000273	0.040822	0.000011
褋胁芯懈褏	0.000546	1.347074	0.000736
褋胁芯褞	0.000273	0.040822	0.000011
褋谐褍褖械薪泻邪	0.000273	0.040822	0.000011
褋写械谢邪泄褌械	0.000546	3.506558	0.001916
褋写械谢邪褌褜	0.000273	1.021651	0.000279
褋械谐芯写薪褟	0.000546	0.843970	0.000461
褋械蟹芯薪	0.000546	0.116534	0.000064
褋械泄褔邪褋	0.000546	0.030459	0.000017
褋械泻褉械褌褘	0.000820	0.116534	0.000096
褋械谢械写泻邪	0.000273	0.040822	0.000011
褋械谢械写芯褔泻芯泄	0.000273	4.605170	0.001258
褋械谢褜写械褉械泄	0.000546	2.120264	0.001159
褋械谢褜写懈	0.000546	2.995732	0.001637
褋械谢褜写褜	0.004098	2.207275	0.009046
褋械屑谐邪	0.001366	0.040822	0.000056
褋械屑械泄薪褘泄	0.000273	0.116534	0.000032
褋械屑褜懈	0.000546	0.116534	0.000064
褋械褉懈懈	0.000546	2.407946	0.001316
褋懈写褉	0.000273	0.040822	0.000011
褋懈褉懈泄褋泻邪褟	0.000273	0.116534	0.000032
褋懈褉芯锌	0.000273	0.040822	0.000011
褋懈褉芯锌褘	0.000273	0.116534	0.000032
褋懈褋褌械屑褘	0.000273	0.040822	0.000011
褋懈褌懈	0.000273	0.127833	0.000035
褋泻邪卸褍	0.000273	1.714798	0.000469
褋泻邪蟹芯泻	0.000273	0.116534	0.000032
褋泻芯谢褜泻芯	0.000546	1.832581	0.001001
褋谢邪写泻邪褟	0.000546	0.116534	0.000064
褋谢邪写泻懈械	0.001639	0.040822	0.000067
褋谢邪写泻懈泄	0.003279	0.105361	0.000345
褋谢邪写泻懈褏	0.000546	0.116534	0.000064
褋谢邪写泻芯	0.000273	0.116534	0.000032
褋谢懈胁芯褔薪芯械	0.001913	0.116534	0.000223
褋谢懈胁芯褔薪褘泄	0.000546	1.469676	0.000803
褋谢芯胁芯	0.000273	2.302585	0.000629
褋谢芯胁芯屑	0.000273	2.995732	0.000819
褋谢芯械薪芯谐芯	0.000273	0.127833	0.000035
褋谢芯械薪芯械	0.000273	0.116534	0.000032
褋谢芯械薪褘泄	0.000273	0.116534	0.000032
褋谢芯泄泻邪	0.000273	0.040822	0.000011
褋谢芯泄泻懈	0.000273	0.116534	0.000032
褋谢褍褔邪械	0.000273	1.897120	0.000518
褋屑械褌邪薪邪	0.000820	0.105361	0.000086
褋屑械褌邪薪褘	0.000273	2.659260	0.000727
褋屑械褕邪薪薪芯谐芯	0.000273	0.116534	0.000032
褋屑芯卸械褌	0.000273	3.218876	0.000879
褋屑芯卸械褌械	0.000273	0.040822	0.000011
褋屑褍蟹懈	0.000820	0.040822	0.000033
褋薪芯胁邪	0.000546	2.407946	0.001316
褋薪褝泻	0.000273	0.116534	0.000032
褋薪褟褌懈褟	0.000273	3.912023	0.001069
褋芯斜械褋械写薪懈泻邪	0.000273	3.506558	0.000958
褋芯斜懈褉邪械褌械褋褜	0.000273	0.040822	0.000011
褋芯斜褘褌懈褟	0.000273	4.605170	0.001258
褋芯胁械褉褕械薪薪芯	0.000273	1.171183	0.000320
褋芯胁械褉褕械薪褋褌胁芯	0.001366	0.116534	0.000159
褋芯胁械褌邪屑懈	0.000273	0.040822	0.000011
褋芯胁械褌芯胁	0.000273	3.506558	0.000958
褋芯胁械褌褍褞	0.000273	1.139434	0.000311
褋芯胁屑械褋褌懈胁	0.000273	3.218876	0.000879
褋芯谐谢邪褕邪械褌械褋褜	0.000273	0.040822	0.000011
褋芯蟹写邪械褌	0.000273	0.116534	0.000032
褋芯蟹写邪薪懈褟	0.000546	0.261365	0.000143
褋芯泻	0.000546	0.116534	0.000064
褋芯泻邪	0.000273	0.105361	0.000029
褋芯泻懈	0.000273	0.040822	0.000011
褋芯谢械薪懈泄	0.000273	3.912023	0.001069
褋芯谢械薪褘械	0.000820	0.116534	0.000096
褋芯谢械薪褜褟	0.000820	0.116534	0.000096
褋芯谢薪械褔薪芯泄	0.000273	0.127833	0.000035
褋芯谢褜	0.004372	0.150823	0.000659
褋芯谢褟薪泻邪	0.000546	0.040822	0.000022
褋芯芯斜褖械褋褌胁邪	0.000273	4.605170	0.001258
褋芯褉褌懈褉芯胁邪褌褜	0.000273	0.248461	0.000068
褋芯褋械写泻邪	0.000273	4.605170	0.001258
褋芯褋褌邪胁	0.000546	1.897120	0.001037
褋芯褋褌邪胁褜	0.000273	0.116534	0.000032
褋芯褍褋	0.002186	0.040822	0.000089
褋芯褍褋芯屑	0.001366	0.116534	0.000159
褋芯褍褋褘	0.001093	0.116534	0.000127
褋芯褏褉邪薪懈褌褜	0.000273	3.506558	0.000958
褋芯褏褉邪薪褟械褌褋褟	0.000273	4.605170	0.001258
褋芯褏褉邪薪褟褌褜	0.000273	0.040822	0.000011
褋芯褑褋械褌懈	0.000273	0.040822	0.000011
褋芯褔械褌邪薪懈械	0.000273	0.116534	0.000032
褋芯褔薪芯械	0.000273	0.116534	0.000032
褋锌邪谢褜薪褟屑懈	0.000546	0.446287	0.000244
褋锌械褑懈邪谢褜薪芯械	0.000273	0.116534	0.000032
褋锌械褑懈懈	0.000273	0.105361	0.000029
褋锌械褑锌褉芯械泻褌	0.009016	0.116534	0.001051
褋锌懈褋芯泻	0.000273	0.116534	0.000032
褋锌芯褋芯斜	0.000273	1.427116	0.000390
褋锌芯褞	0.000273	0.116534	0.000032
褋褉邪蟹褍	0.000546	0.733969	0.000401
褋褉械写懈蟹械屑薪芯屑芯褉褋泻邪褟	0.000273	0.127833	0.000035
褋褉械写薪械胁械泻芯胁褘泄	0.000273	4.605170	0.001258
褋褌邪薪芯胁懈谢褋褟	0.000273	3.912023	0.001069
褋褌邪褉邪谢邪褋褜	0.000273	4.605170	0.001258
褋褌邪褉邪褌褜褋褟	0.000273	4.605170	0.001258
褋褌邪褉褘械	0.000546	0.261365	0.000143
褋褌邪褌褜褟褏	0.000273	0.061875	0.000017
褋褌懈谢械	0.000546	0.116534	0.000064
褋褌懈谢褟	0.000273	0.116534	0.000032
褋褌芯谢	0.000546	0.105361	0.000058
褋褌芯谢邪	0.001639	0.116534	0.000191
褋褌芯谢邪褏	0.000273	2.813411	0.000769
褋褌芯谢械	0.000273	1.469676	0.000402
褋褌芯谢褜	0.000273	3.506558	0.000958
褋褌芯谢褜泻芯	0.000273	2.040221	0.000557
褋褌芯锌褟褌懈写械褋褟褌褘泄	0.000273	4.605170	0.001258
褋褌褉芯懈褌械谢褜褋褌胁械	0.000273	0.040822	0.000011
褋褌褉芯懈褌械谢褜褋褌胁褍	0.000273	0.040822	0.000011
褋褌褉芯懈褌褜	0.000273	0.040822	0.000011
褋褌褉芯泄薪芯泄	0.000273	0.116534	0.000032
褋褌褘写邪	0.000273	4.605170	0.001258
褋褌褘写薪芯	0.000273	2.120264	0.000579
褋褍斜锌褉芯写褍泻褌芯胁	0.001913	0.116534	0.000223
褋褍斜锌褉芯写褍泻褌褘	0.000820	0.116534	0.000096
褋褍锌	0.002732	0.040822	0.000112
褋褍锌邪	0.000546	0.040822	0.000022
褋褍锌械	0.000273	4.605170	0.001258
褋褍锌褘	0.003552	0.040822	0.000145
褋褍褎谢械	0.000820	0.040822	0.000033
褋褍褏邪褉懈	0.000273	0.040822	0.000011
褋褍褕懈	0.000820	0.040822	0.000033
褋褔懈褌邪械褌褋褟	0.000273	3.912023	0.001069
褋褗械写邪械褌褋褟	0.000546	2.813411	0.001537
褋褗械写芯斜薪褘泄	0.000273	3.506558	0.000958
褋褗械写褟褌	0.000273	4.605170	0.001258
褋褘褉	0.004098	0.040822	0.000167
褋褘褉邪	0.002732	0.116534	0.000318
褋褘褉邪屑懈	0.000273	0.127833	0.000035
褋褘褉薪懈泻	0.000273	0.040822	0.000011
褋褘褉薪懈泻懈	0.000546	0.116534	0.000064
褋褘褉薪褘械	0.001093	0.040822	0.000045
褋褘褉芯屑	0.000273	0.713350	0.000195
褋褘褌薪褘泄	0.000546	0.105361	0.000058
褋褘褔褍卸薪褘屑懈	0.000273	0.127833	0.000035
褋褝薪写胁懈褔懈	0.000273	0.127833	0.000035
褋褞褉锌褉懈蟹	0.000273	0.116534	0.000032
褌邪写卸懈泻褋泻邪褟	0.000273	0.116534	0.000032
褌邪泄褋泻邪褟	0.000273	0.116534	0.000032
褌邪泻懈	0.000273	1.237874	0.000338
褌邪泻懈屑	0.000273	1.021651	0.000279
褌邪泻懈褏	0.000273	1.660731	0.000454
褌邪泻芯胁芯泄	0.000273	4.605170	0.001258
褌邪泻芯谐芯	0.000273	1.078810	0.000295
褌邪褉械谢泻械	0.000273	1.897120	0.000518
褌邪褉褌	0.000273	0.116534	0.000032
褌邪褉褌邪谢械褌泻懈	0.000546	0.040822	0.000022
褌邪褌邪褉褋泻邪褟	0.000273	0.116534	0.000032
褌胁械褉写褘泄	0.002186	0.562119	0.001229
褌胁芯懈	0.000546	0.116534	0.000064
褌胁芯褉懈	0.000273	0.116534	0.000032
褌胁芯褉芯谐	0.000546	0.040822	0.000022
褌胁芯褉芯谐芯屑	0.000273	0.105361	0.000029
褌胁芯褉芯卸薪芯械	0.000273	0.116534	0.000032
褌胁芯褉芯卸薪褘械	0.000546	0.116534	0.000064
褌胁芯褉芯卸薪褘泄	0.000273	0.116534	0.000032
褌械谢械谐褉邪屑	0.000273	0.040822	0.000011
褌械谢褟褌懈薪褘	0.001093	0.116534	0.000127
褌械屑	0.000546	0.967584	0.000529
褌械屑懈	0.000273	3.218876	0.000879
褌械锌谢芯屑	0.000273	0.116534	0.000032
褌械褉褉懈薪	0.000273	0.040822	0.000011
褌械褋褌	0.001366	0.127833	0.000175
褌械褋褌邪	0.001366	0.105361	0.000144
褌械褋褌芯	0.002459	0.040822	0.000100
褌械褌褟	0.000273	3.506558	0.000958
褌械褏薪懈泻邪	0.001366	0.105361	0.000144
褌械褖懈薪	0.000273	0.040822	0.000011
褌屑	0.001093	0.127833	0.000140
褌芯泄	0.000273	3.912023	0.001069
褌芯屑	0.000273	1.171183	0.000320
褌芯锌谢械薪芯械	0.000273	0.116534	0.000032
褌芯褉卸械褋褌胁邪	0.000273	3.506558	0.000958
褌芯褉卸械褋褌胁械薪薪褘泄	0.000273	3.912023	0.001069
褌芯褉褌	0.003552	0.040822	0.000145
褌芯褉褌褘	0.003005	0.116534	0.000350
褌芯褔薪械械	0.000273	3.218876	0.000879
褌褉邪胁褘	0.000273	0.105361	0.000029
褌褉邪写懈褑懈懈	0.000273	0.116534	0.000032
褌褉邪写懈褑懈泄	0.001093	0.116534	0.000127
褌褉邪写懈褑懈芯薪薪芯	0.000273	2.995732	0.000819
褌褉邪写懈褑懈芯薪薪褘屑	0.000273	3.218876	0.000879
褌褉邪写懈褑懈芯薪薪褘屑懈	0.000273	4.605170	0.001258
褌褉邪写懈褑懈褟	0.000273	3.912023	0.001069
褌褉邪写懈褑懈褟褏	0.000273	0.116534	0.000032
褌褉械褏谢械褌懈械屑	0.000273	0.116534	0.000032
褌褉懈	0.000546	1.386294	0.000758
褌褉褍斜芯褔泻懈	0.000273	0.040822	0.000011
褌褉褍写薪芯	0.000273	2.040221	0.000557
褌褍薪懈褋褋泻邪褟	0.000273	0.116534	0.000032
褌褍薪褑芯屑	0.000273	0.116534	0.000032
褌褍褉械褑泻邪褟	0.000273	0.116534	0.000032
褌褍褕械薪懈械	0.000273	3.912023	0.001069
褌褍褕褢薪泻邪	0.000273	4.605170	0.001258
褌褘泻胁邪	0.000273	0.040822	0.000011
褍斜械写懈褌械褋褜	0.000273	2.120264	0.000579
褍胁邪卸邪褞褖械屑	0.000273	3.506558	0.000958
褍胁械写芯屑谢械薪懈褟	0.000273	0.040822	0.000011
褍胁械褉械薪邪	0.000273	1.272966	0.000348
褍写邪褔薪邪褟	0.000273	0.116534	0.000032
褍写懈胁懈	0.000273	0.116534	0.000032
褍写懈胁懈谢邪褋褜	0.000273	3.218876	0.000879
褍写懈胁懈褕褜	0.000273	2.813411	0.000769
褍写懈胁谢褟泄褌械	0.001093	0.116534	0.000127
褍写芯胁芯谢褜褋褌胁懈械屑	0.000273	0.116534	0.000032
褍卸	0.000820	0.693147	0.000568
褍卸懈薪	0.001639	0.094311	0.000155
褍蟹斜械泻褋泻邪褟	0.000273	0.116534	0.000032
褍泄写褢褌	0.000273	4.605170	0.001258
褍泻褉邪懈薪褋泻邪褟	0.000273	0.116534	0.000032
褍泻褉邪褕械薪懈械屑	0.000273	3.506558	0.000958
褍泻褉邪褕械薪懈褟	0.002186	0.116534	0.000255
褍泻褉芯锌	0.001639	0.562119	0.000922
褍泻褋褍褋	0.001913	0.634878	0.001214
褍泻褋褍褋邪	0.000273	3.218876	0.000879
褍谢芯胁泻懈	0.000273	4.605170	0.001258
褍薪懈胁械褉褋邪谢褜薪芯褋褌懈	0.000273	3.912023	0.001069
褍锌邪褋懈	0.000273	4.605170	0.001258
褍锌芯褌褉械斜谢械薪懈械屑	0.000273	0.116534	0.000032
褍褉邪谢褜褋泻邪褟	0.000273	0.116534	0.000032
褍褉芯卸邪泄	0.000273	0.105361	0.000029
褍褋褌	0.000273	3.506558	0.000958
褍褌泻懈	0.000820	0.116534	0.000096
褍褏邪	0.000273	0.040822	0.000011
褍褔邪褋褌胁芯胁邪褌褜	0.000273	0.040822	0.000011
褍褔懈谢邪褋褜	0.000273	3.912023	0.001069
褎邪蟹械薪写褘	0.000273	0.127833	0.000035
褎邪薪褌邪蟹懈懈	0.001913	0.116534	0.000223
褎邪薪褌邪蟹懈泄	0.000273	0.116534	0.000032
褎邪薪褌邪蟹懈褟	0.000273	0.116534	0.000032
褎邪褉褕邪	0.003552	0.040822	0.000145
褎邪褉褕懈褉芯胁邪薪薪邪褟	0.000546	0.116534	0.000064
褎邪褉褕懈褉芯胁邪薪薪芯谐芯	0.000273	2.995732	0.000819
褎邪褉褕懈褉芯胁邪薪薪芯械	0.000273	0.116534	0.000032
褎邪褉褕懈褉芯胁邪薪薪褘械	0.000546	0.040822	0.000022
褎邪褉褕懈褉芯胁邪薪薪褘泄	0.000273	0.040822	0.000011
褎邪褋芯谢褜	0.000273	0.040822	0.000011
褎械胁褉邪谢褟	0.000273	0.105361	0.000029
褎械泄械褉胁械褉泻	0.000546	0.116534	0.000064
褎懈谐褍褉械	0.000273	0.116534	0.000032
褎懈薪褋泻邪褟	0.000273	0.116534	0.000032
褎懈褉屑械薪薪芯械	0.000273	0.116534	0.000032
褎芯薪写褞	0.000273	0.040822	0.000011
褎芯褉屑褘	0.000273	0.116534	0.000032
褎芯褉褍屑械	0.000546	0.040822	0.000022
褎芯褉褕屑邪泻	0.000273	0.040822	0.000011
褎芯褌芯	0.000273	2.040221	0.000557
褎芯褌芯谐褉邪褎懈褉芯胁邪褌褜	0.000273	4.605170	0.001258
褎褉邪薪褑懈懈	0.000273	0.116534	0.000032
褎褉邪薪褑褍蟹褋泻邪褟	0.000273	0.116534	0.000032
褎褉邪薪褑褍蟹褋泻芯谐芯	0.000273	2.659260	0.000727
褎褉邪褍	0.001093	0.116534	0.000127
褎褉褍泻褌芯胁	0.001093	0.116534	0.000127
褎褉褍泻褌芯胁芯	0.000273	0.116534	0.000032
褎褉褍泻褌芯胁褘械	0.001913	0.040822	0.000078
褎褍写	0.000273	0.116534	0.000032
褎褍薪泻褑懈褞	0.000273	4.605170	0.001258
褎褍褉褕械褌	0.000273	0.116534	0.000032
褏邪谢胁邪	0.000273	0.040822	0.000011
褏邪褉胁械褋褌褎械褋褌	0.000546	0.116534	0.000064
褏邪褉褔芯	0.000546	0.040822	0.000022
褏邪褕	0.000273	0.040822	0.000011
褏胁芯褉芯褋褌	0.000273	0.040822	0.000011
褏懈薪泻邪谢懈	0.000273	0.116534	0.000032
褏懈褌	0.001913	0.116534	0.000223
褏谢械斜	0.001913	0.040822	0.000078
褏谢械斜芯锌械褔泻懈	0.000273	0.116534	0.000032
褏谢械斜褍褕械泻	0.000273	2.120264	0.000579
褏谢芯锌褜褟	0.000546	0.105361	0.000058
褏芯写褍	0.000273	3.912023	0.001069
褏芯蟹褟泄泻懈	0.000546	0.127833	0.000070
褏芯谢芯写械褑	0.000273	0.040822	0.000011
褏芯谢芯写懈谢褜薪懈泻械	0.000273	1.609438	0.000440
褏芯谢芯写薪褘械	0.000546	0.116534	0.000064
褏芯谢芯写薪褘泄	0.000546	0.116534	0.000064
褏芯褉胁邪褌褋泻邪褟	0.000273	0.116534	0.000032
褏芯褉芯褕芯	0.001366	0.105361	0.000144
褏芯褉褋	0.000273	0.116534	0.000032
褏芯褌械谢芯褋褜	0.000273	2.407946	0.000658
褏芯褌懈褌械	0.000273	0.040822	0.000011
褏芯褌褜	0.000273	1.897120	0.000518
褏芯褔褍	0.000273	0.562119	0.000154
褏褉邪薪懈褌	0.000273	4.605170	0.001258
褏褉械薪	0.000546	2.995732	0.001637
褏褍屑褍褋	0.000273	0.040822	0.000011
褑邪褉褋褌胁芯	0.000273	0.127833	0.000035
褑邪褉褜	0.000273	0.116534	0.000032
褑胁械褌	0.000820	2.302585	0.001887
褑胁械褌薪邪褟	0.000273	0.040822	0.000011
褑胁械褌芯屑	0.000273	4.605170	0.001258
褑械写褉邪	0.000546	1.832581	0.001001
褑械薪薪褘褏	0.000273	0.040822	0.000011
褑械薪褌褉	0.000273	0.116534	0.000032
褑褍谢谢屑邪薪	0.000273	4.605170	0.001258
褔邪写芯	0.000273	4.605170	0.001258
褔邪械屑	0.000273	0.116534	0.000032
褔邪泄	0.000820	0.040822	0.000033
褔邪褋褌芯	0.000273	0.994252	0.000272
褔械斜褍褉械泻懈	0.000546	0.040822	0.000022
褔械褉泻懈蟹芯胁芯	0.000546	0.116534	0.000064
褔械褉薪褘泄	0.002186	0.371064	0.000811
褔械褋薪芯泻	0.003552	0.314711	0.001118
褔械褋薪芯褔泻芯屑	0.000273	3.912023	0.001069
褔械褋薪芯褔芯泻	0.000273	3.506558	0.000958
褔械褋褌薪褘屑懈	0.000273	0.040822	0.000011
褔械褔械胁懈褑邪	0.000273	0.040822	0.000011
褔械褕褋泻邪褟	0.000273	0.116534	0.000032
褔懈蟹泻械泄泻	0.001093	0.040822	0.000045
褔懈谢懈泄褋泻邪褟	0.000273	0.116534	0.000032
褔懈锌褋褘	0.000273	0.040822	0.000011
褔懈褋谢褍	0.000273	0.261365	0.000071
褔褍胁褋褌胁褍械褌械	0.000273	4.605170	0.001258
褔褍写邪	0.000273	4.605170	0.001258
褔褍写械褋	0.000273	0.116534	0.000032
褔褍屑芯胁芯泄	0.000273	3.912023	0.001069
褕邪屑锌邪薪褋泻芯谐芯	0.000273	3.912023	0.001069
褕邪褉懈泻懈	0.000273	0.040822	0.000011
褕邪褉谢芯褌泻邪	0.000273	0.040822	0.000011
褕邪褉谢芯褌泻懈	0.000273	0.127833	0.000035
褕邪褉屑	0.000273	0.116534	0.000032
褕邪褕谢褘泻	0.003279	0.040822	0.000134
褕邪褕谢褘泻懈	0.000273	0.040822	0.000011
褕胁械写褋泻邪褟	0.000273	0.116534	0.000032
褕胁械泄褑邪褉褋泻邪褟	0.000273	0.116534	0.000032
褕械写械胁褉褘	0.000273	0.116534	0.000032
褕械褎	0.000273	0.127833	0.000035
褕懈锌褍褔泻邪	0.000273	0.040822	0.000011
褕懈褉芯泻邪褟	0.000273	0.127833	0.000035
褕泻芯谢褍	0.000273	0.116534	0.000032
褕芯泻芯谢邪写	0.000273	0.040822	0.000011
褕芯褌谢邪薪写褋泻邪褟	0.000273	0.116534	0.000032
褕褌褉褍写械谢褜	0.000273	0.040822	0.000011
褕褍斜邪	0.000273	3.218876	0.000879
褕褍斜械	0.000273	2.995732	0.000819
褕褍斜芯泄	0.001093	2.407946	0.002632
褕褍褉锌邪	0.000273	0.040822	0.000011
褖邪褋	0.000273	0.116534	0.000032
褖械写褉邪褟	0.000273	0.116534	0.000032
褖懈	0.000820	0.040822	0.000033
褝泻芯屑懈谢泻	0.000273	0.127833	0.000035
褝褋褌芯薪褋泻邪褟	0.000273	0.116534	0.000032
褝褌芯谐芯	0.001366	0.415515	0.000568
褝褌芯泄	0.000273	1.427116	0.000390
褝褌芯屑褍	0.000273	1.272966	0.000348
褝褌褍	0.000273	1.272966	0.000348
褞谐芯褋谢邪胁褋泻邪褟	0.000273	0.116534	0.000032
褞薪芯泄	0.000273	4.605170	0.001258
褟谐芯写薪褘械	0.000546	0.116534	0.000064
褟谐芯写薪褘泄	0.000546	0.116534	0.000064
褟蟹褘泻	0.000273	0.040822	0.000011
褟懈褑	0.002186	0.116534	0.000255
褟泄褑邪	0.000273	0.040822	0.000011
褟泄褑芯	0.004918	0.261365	0.001285
褟薪胁邪褉褟	0.000273	0.733969	0.000201
褟薪写械泻褋	0.000273	0.072571	0.000020
褟锌芯薪褋泻邪褟	0.000273	0.116534	0.000032
褟锌芯薪褋泻芯泄	0.000273	0.061875	0.000017
褟褉泻懈械	0.000273	0.116534	0.000032
褟褉泻懈泄	0.000273	3.218876	0.000879
褟褉泻芯	0.000273	0.105361	0.000029
褟褉褔械	0.000273	4.605170	0.001258
