褌芯泻械薪	TF	IDF	TF-IDF
邪邪邪邪邪邪邪邪邪邪	0.000276	4.605170	0.001271
邪斜褏邪蟹褋泻邪褟	0.000276	0.116534	0.000032
邪胁褋褌褉邪谢懈泄褋泻邪褟	0.000276	0.116534	0.000032
邪胁褋褌褉懈泄褋泻邪褟	0.000276	0.116534	0.000032
邪胁褌芯泻谢邪胁邪	0.000276	0.116534	0.000032
邪胁褌芯褉邪	0.000276	2.407946	0.000665
邪胁褌芯褉邪屑	0.000276	0.040822	0.000011
邪谐褉芯	0.000276	0.116534	0.000032
邪写邪锌褌懈褉芯胁邪薪	0.000276	4.605170	0.001271
邪写卸懈泻邪	0.000276	0.040822	0.000011
邪蟹械褉斜邪泄写卸邪薪褋泻邪褟	0.000276	0.116534	0.000032
邪蟹懈邪褌褋泻邪褟	0.000276	0.127833	0.000035
邪蟹褘	0.000276	0.127833	0.000035
邪泄褉邪薪	0.000276	0.040822	0.000011
邪泻胁邪褌懈泻邪	0.000828	0.127833	0.000106
邪谢械泻褋械褟	0.000276	0.127833	0.000035
邪谢泻芯谐芯谢褜	0.000552	0.116534	0.000064
邪谢泻芯谐芯谢褜薪褘械	0.000276	0.116534	0.000032
邪谢泻芯谐芯谢褟	0.000276	0.116534	0.000032
邪谢褜褟薪褋	0.000276	0.116534	0.000032
邪屑械褉懈泻邪薪褋泻邪褟	0.000276	0.116534	0.000032
邪屑械褉懈泻邪薪褋泻懈	0.000276	2.995732	0.000827
邪屑械褉懈泻邪薪褋泻懈褏	0.000276	2.407946	0.000665
邪屑械褉懈泻褍	0.000276	2.407946	0.000665
邪薪邪谢芯谐芯胁	0.000276	4.605170	0.001271
邪薪谐谢懈懈	0.000276	4.605170	0.001271
邪薪谐谢懈泄褋泻邪褟	0.000276	0.116534	0.000032
邪薪写褉械褟	0.000276	0.127833	0.000035
邪薪褟	0.000276	4.605170	0.001271
邪锌械谢褜褋懈薪	0.000552	3.912023	0.002160
邪锌褉械谢褟	0.000828	0.579818	0.000480
邪褉邪斜褋泻邪褟	0.000276	0.116534	0.000032
邪褉谐械薪褌懈薪褋泻邪褟	0.000276	0.116534	0.000032
邪褉屑褟薪褋泻邪褟	0.000276	0.116534	0.000032
邪褉芯屑邪褌薪芯谐芯	0.000276	2.813411	0.000777
邪褉芯屑邪褌薪芯械	0.000276	2.813411	0.000777
邪褉芯屑邪褌薪褘泄	0.000828	2.207275	0.001828
邪褉芯屑邪褌褘	0.000276	2.659260	0.000734
邪褋褋芯褉褌懈	0.000552	0.116534	0.000064
邪褌谢邪薪褌	0.000276	0.127833	0.000035
邪褎谐邪薪褋泻邪褟	0.000276	0.116534	0.000032
邪褎褉懈泻邪薪褋泻邪褟	0.000276	0.116534	0.000032
邪褝褉芯谐褉懈谢械	0.002760	0.116534	0.000322
斜邪斜褍褕泻懈	0.000276	3.912023	0.001080
斜邪泻谢邪卸邪薪褘	0.000276	0.040822	0.000011
斜邪谢褌泻芯屑	0.000276	0.127833	0.000035
斜邪褉邪薪懈薪褘	0.001104	0.116534	0.000129
斜邪褉斜械泻褞	0.000552	3.218876	0.001777
斜邪褉薪褏邪褍褋	0.000276	3.218876	0.000888
斜邪褋屑邪褌懈	0.000552	0.127833	0.000071
斜邪褋褌褍褉屑邪	0.000276	0.040822	0.000011
斜邪褌芯薪褔懈泻懈	0.000276	0.127833	0.000035
斜邪褕泻懈褉褋泻邪褟	0.000276	0.116534	0.000032
斜械卸械薪褑褘	0.000276	4.605170	0.001271
斜械蟹邪谢泻芯谐芯谢褜薪褘械	0.000276	0.116534	0.000032
斜械蟹谐谢褞褌械薪芯胁褘械	0.000276	0.116534	0.000032
斜械蟹械	0.001104	0.040822	0.000045
斜械蟹褍屑薪芯	0.000276	1.560648	0.000431
斜械谢械斜械械胁褋泻懈泄	0.000552	0.116534	0.000064
斜械谢芯泻	0.001104	2.120264	0.002341
斜械谢芯褉褍褋褋泻邪褟	0.000276	0.116534	0.000032
斜械谢褜谐懈泄褋泻邪褟	0.000276	0.116534	0.000032
斜械褉械屑械薪薪褘褏	0.000276	0.116534	0.000032
斜械褉谢懈薪邪	0.000552	4.605170	0.002542
斜械褉谢懈薪褋泻懈械	0.000276	4.605170	0.001271
斜械褋械写懈薪邪	0.000276	0.127833	0.000035
斜懈褋泻胁懈褌	0.000276	0.040822	0.000011
斜懈褋泻胁懈褌薪芯械	0.000552	0.116534	0.000064
斜懈褋泻胁懈褌薪褘泄	0.000276	0.105361	0.000029
斜懈褋泻胁懈褌褘	0.000276	0.127833	0.000035
斜谢懈卸械	0.000276	0.116534	0.000032
斜谢懈蟹泻懈褏	0.000552	0.116534	0.000064
斜谢懈薪芯胁	0.000552	0.116534	0.000064
斜谢懈薪褘	0.001104	0.040822	0.000045
斜谢褞写	0.000552	0.094311	0.000052
斜谢褞写邪	0.027049	0.040822	0.001104
斜谢褞写芯	0.001104	0.040822	0.000045
斜谢褞写褍	0.000276	0.116534	0.000032
斜芯斜芯胁褘械	0.000552	0.127833	0.000071
斜芯斜芯胁褘褏	0.001656	0.116534	0.000193
斜芯泄褔褍泻	0.000276	4.605170	0.001271
斜芯谢谐邪褉褋泻邪褟	0.000276	0.116534	0.000032
斜芯谢褜褕械	0.000828	0.105361	0.000087
斜芯谢褜褕芯械	0.000276	1.560648	0.000431
斜芯褉褖	0.000552	0.040822	0.000023
斜芯褌胁懈薪褜褟	0.000276	0.040822	0.000011
斜褉邪蟹懈谢褜褋泻邪褟	0.000276	0.116534	0.000032
斜褉邪褍蟹械褉械	0.000276	0.040822	0.000011
斜褉邪褍薪懈	0.000276	0.040822	0.000011
斜褉械褋褌	0.000276	0.127833	0.000035
斜褉芯泻泻芯谢懈	0.000276	0.040822	0.000011
斜褍写械褌械	0.000276	2.302585	0.000636
斜褍卸械薪懈薪邪	0.000276	0.040822	0.000011
斜褍谢芯褔械泻	0.000276	3.912023	0.001080
斜褍谢芯褔泻邪屑懈	0.000276	0.116534	0.000032
斜褍谢芯褔泻懈	0.002208	0.040822	0.000090
斜褍谢褜芯薪	0.001932	0.040822	0.000079
斜褍谢褜芯薪褘	0.001104	0.116534	0.000129
斜褍褉谐械褉	0.000276	0.040822	0.000011
斜褍褉谐械褉褘	0.000276	0.127833	0.000035
斜褍褉褟褌褋泻邪褟	0.000276	0.116534	0.000032
斜褍褌械褉斜褉芯写	0.000552	0.116534	0.000064
斜褍褌械褉斜褉芯写褘	0.000552	0.040822	0.000023
斜褘褋褌褉芯	0.000828	0.094311	0.000078
斜褘褋褌褉芯泄	0.000276	0.116534	0.000032
斜褘褋褌褉芯屑褍	0.000276	2.813411	0.000777
斜褘褋褌褉褘械	0.000276	1.832581	0.000506
斜褘褋褌褉褘泄	0.000552	0.105361	0.000058
斜褝蟹	0.000276	4.605170	0.001271
胁邪卸薪褘械	0.000276	0.116534	0.000032
胁邪谢谢懈泄褋泻邪褟	0.000276	0.116534	0.000032
胁邪薪懈谢褜薪褘泄	0.002208	1.427116	0.003151
胁邪褉械薪懈泻懈	0.000276	0.116534	0.000032
胁邪褉械薪褜械	0.001104	0.040822	0.000045
胁邪褉懈邪薪褌芯胁	0.000276	2.120264	0.000585
胁邪褋懈谢褜械胁邪	0.000276	4.605170	0.001271
胁邪褌褉褍褕泻懈	0.000276	0.040822	0.000011
胁邪褎谢懈	0.000552	0.040822	0.000023
胁邪褕械谐芯	0.000276	2.040221	0.000563
胁邪褕械泄	0.000552	0.040822	0.000023
胁邪褕械屑褍	0.000276	1.560648	0.000431
胁胁芯写褟	0.000276	0.040822	0.000011
胁写芯褏薪芯胁械薪懈械	0.001104	0.116534	0.000129
胁写芯褏薪芯胁械薪懈械屑	0.000552	0.116534	0.000064
胁写芯褏薪芯胁谢褟泄褋褟	0.000276	0.116534	0.000032
胁械谐械褌邪褉懈邪薪褋泻懈械	0.000276	0.127833	0.000035
胁械谐械褌邪褉懈邪薪褋泻芯械	0.000276	0.116534	0.000032
胁械谢懈泻懈泄	0.000276	0.116534	0.000032
胁械薪谐械褉褋泻邪褟	0.000276	0.116534	0.000032
胁械褋械薪薪懈械	0.000276	0.051293	0.000014
胁械褋薪邪	0.001380	0.116534	0.000161
胁械褋薪褘	0.000276	0.116534	0.000032
胁械褌褔懈薪褘	0.000276	0.105361	0.000029
胁懈写械芯	0.000552	0.116534	0.000064
胁懈写械芯褉械褑械锌褌褘	0.000276	0.301105	0.000083
胁懈薪芯	0.000552	0.040822	0.000023
胁懈褌邪谢懈	0.000276	3.912023	0.001080
胁泻谢褞褔邪褞褖懈褏	0.000276	0.634878	0.000175
胁泻褍褋	0.000552	0.105361	0.000058
胁泻褍褋邪	0.002484	0.116534	0.000289
胁泻褍褋械薪	0.000276	1.560648	0.000431
胁泻褍褋薪邪褟	0.001380	0.061875	0.000085
胁泻褍褋薪械械	0.000828	0.116534	0.000096
胁泻褍褋薪械泄	0.000276	0.116534	0.000032
胁泻褍褋薪芯	0.001656	0.094311	0.000156
胁泻褍褋薪芯谐芯	0.000276	2.207275	0.000609
胁泻褍褋薪芯械	0.000276	0.994252	0.000274
胁泻褍褋薪褘械	0.000828	0.105361	0.000087
胁泻褍褋薪褘泄	0.001104	0.385662	0.000426
胁泻褍褋薪褘屑	0.000276	1.049822	0.000290
胁泻褍褋芯屑	0.000276	0.105361	0.000029
胁泻褍褋褍	0.000552	1.272966	0.000703
胁谢褞斜谢械薪薪褘褏	0.000276	0.116534	0.000032
胁屑械褋褌械	0.000276	0.916291	0.000253
胁薪邪褔邪谢械	0.001104	0.248461	0.000274
胁薪懈屑邪薪懈褞	0.000276	1.609438	0.000444
胁薪懈屑邪薪懈褟	0.000276	2.995732	0.000827
胁薪褍褌褉懈	0.000276	1.469676	0.000406
胁芯	0.000552	0.061875	0.000034
胁芯写械	0.000276	0.105361	0.000029
胁芯写泻邪	0.000552	2.302585	0.001271
胁芯泄褌懈	0.000276	0.000000	0.000000
胁芯谢薪芯胁邪谢	0.000276	2.407946	0.000665
胁芯谢芯胁邪薪褘	0.000276	0.116534	0.000032
胁芯谢褕械斜薪褘械	0.000276	0.116534	0.000032
胁芯谢褕械斜褋褌胁芯	0.000276	0.116534	0.000032
胁芯锌褉芯褋褘	0.000276	0.000000	0.000000
胁芯褋褌芯褉谐械	0.000276	1.469676	0.000406
胁芯褋褌芯褔薪邪褟	0.000276	0.127833	0.000035
胁褉械屑械薪邪	0.000276	0.116534	0.000032
胁褉械屑械薪械屑	0.001656	0.116534	0.000193
胁褉械屑褟	0.000276	0.400478	0.000111
胁褉褍褌	0.000276	2.407946	0.000665
胁褋械谐写邪	0.000552	0.653926	0.000361
胁褋械谐芯	0.000276	0.186330	0.000051
胁褋械泄	0.001104	0.105361	0.000116
胁褋械屑褍	0.000276	0.061875	0.000017
胁褋锌芯屑薪懈褌褜	0.000276	0.040822	0.000011
胁褋褌邪胁谢褞	0.000276	4.605170	0.001271
胁褋褟泻芯泄	0.000276	3.912023	0.001080
胁褌芯褉芯械	0.000276	0.116534	0.000032
胁褌芯褉褘械	0.000276	0.127833	0.000035
胁褏芯写	0.000828	0.030459	0.000025
胁褘斜褉邪谢邪	0.000276	3.912023	0.001080
胁褘泄褌懈	0.000276	0.040822	0.000011
胁褘谢芯卸懈褌褜	0.000276	2.302585	0.000636
胁褘锌械泻邪械屑	0.000276	4.605170	0.001271
胁褘锌械褔泻邪	0.005796	0.040822	0.000237
胁褘锌械褔泻械	0.000276	2.659260	0.000734
胁褘锌械褔泻懈	0.000828	0.072571	0.000060
胁褘锌械褔泻芯泄	0.000276	0.116534	0.000032
胁褘褋褌褉邪懈胁邪谢懈褋褜	0.000276	3.912023	0.001080
胁褜械褌薪邪屑褋泻邪褟	0.000276	0.116534	0.000032
谐邪胁邪泄褋泻邪褟	0.000276	0.116534	0.000032
谐邪蟹械褌械	0.000276	2.302585	0.000636
谐邪褉薪懈褉	0.001380	0.040822	0.000056
谐邪褋锌邪褔芯	0.000276	0.040822	0.000011
谐胁芯蟹写懈泻邪	0.001104	2.302585	0.002542
谐械芯谐褉邪褎懈褟	0.000276	0.116534	0.000032
谐械褉屑邪薪懈懈	0.000552	3.506558	0.001936
谐谢邪胁薪芯械	0.000828	1.139434	0.000944
谐谢邪胁薪褘泄	0.000276	0.040822	0.000011
谐谢邪蟹褍褉褜	0.001380	0.040822	0.000056
谐谢懈薪褌胁械泄薪	0.000276	0.040822	0.000011
谐芯胁芯褉懈褌褜	0.000276	2.659260	0.000734
谐芯胁芯褉褟	0.000552	2.207275	0.001218
谐芯胁褟写懈薪褘	0.001104	0.116534	0.000129
谐芯写	0.002760	0.105361	0.000291
谐芯写邪	0.004416	0.248461	0.001097
谐芯谢谢邪薪写褋泻邪褟	0.000276	0.116534	0.000032
谐芯褉邪蟹写芯	0.000276	2.040221	0.000563
谐芯褉芯写邪	0.000276	0.116534	0.000032
谐芯褉芯褏	0.000276	0.116534	0.000032
谐芯褉褔懈褑邪	0.001104	0.040822	0.000045
谐芯褉褔懈褑邪屑懈	0.000276	0.127833	0.000035
谐芯褉褕芯褔泻邪褏	0.000276	0.105361	0.000029
谐芯褉褕芯褔泻械	0.000276	0.040822	0.000011
谐芯褉褟褔械械	0.000552	0.116534	0.000064
谐芯褉褟褔懈械	0.010765	0.105361	0.001134
谐芯褉褟褔懈泄	0.000552	0.116534	0.000064
谐芯褋褌懈	0.000276	0.116534	0.000032
谐芯褌芯胁懈谢邪	0.000276	0.733969	0.000203
谐芯褌芯胁懈屑	0.002208	0.094311	0.000208
谐芯褌芯胁懈褌褋褟	0.000552	0.478036	0.000264
谐芯褌芯胁懈褌褜	0.001656	0.105361	0.000174
谐芯褌芯胁谢褞	0.000276	1.049822	0.000290
谐芯褌芯胁褜	0.000552	0.116534	0.000064
谐芯褌芯胁褟褌	0.000552	0.116534	0.000064
谐芯褌芯胁褟褌褋褟	0.000276	1.660731	0.000458
谐褉械薪泻懈	0.000552	0.040822	0.000023
谐褉械褔械褋泻邪褟	0.000276	0.116534	0.000032
谐褉械褔泻邪	0.000276	0.040822	0.000011
谐褉懈斜邪屑懈	0.001104	0.105361	0.000116
谐褉懈斜薪褘械	0.000552	0.040822	0.000023
谐褉懈斜芯胁	0.000828	0.116534	0.000096
谐褉懈斜褘	0.000828	0.040822	0.000034
谐褉懈谢械	0.001656	0.116534	0.000193
谐褉懈谢褜	0.000276	0.116534	0.000032
谐褉懈谢褜屑邪薪懈褟	0.000276	0.116534	0.000032
谐褉懈谢褟	0.001104	0.116534	0.000129
谐褉芯谐	0.000276	0.040822	0.000011
谐褉芯屑泻芯械	0.000276	4.605170	0.001271
谐褉褍蟹懈薪褋泻邪褟	0.000276	0.116534	0.000032
谐褉褍锌锌邪褏	0.000276	4.605170	0.001271
谐褉褍锌锌褘	0.000276	0.061875	0.000017
谐褍褉屑邪薪懈褟	0.001656	0.116534	0.000193
谐褍褉屑械	0.000276	0.127833	0.000035
谐褍褋褟	0.000552	0.105361	0.000058
写邪胁薪芯	0.000276	0.967584	0.000267
写邪械褌	0.000276	0.040822	0.000011
写邪薪薪褘械	0.000276	0.040822	0.000011
写邪褉褘	0.000276	0.116534	0.000032
写邪褌械	0.000552	0.248461	0.000137
写邪褌褋泻邪褟	0.000276	0.116534	0.000032
写邪褌褜	0.000276	2.120264	0.000585
写邪褔薪芯械	0.000828	0.116534	0.000096
写胁械褉褜	0.000276	2.407946	0.000665
写械胁芯褔泻懈	0.000276	1.427116	0.000394
写械泻邪斜褉褟	0.000276	0.597837	0.000165
写械泻芯褉	0.000276	0.127833	0.000035
写械谢	0.000276	2.813411	0.000777
写械谢邪械褌	0.000552	0.116534	0.000064
写械谢邪械褌褋褟	0.000276	1.347074	0.000372
写械谢懈屑褋褟	0.000276	0.040822	0.000011
写械谢芯屑	0.000276	0.116534	0.000032
写械薪褜	0.001104	0.083382	0.000092
写械褉卸懈褌械褋褜	0.000276	2.407946	0.000665
写械褋械褉褌	0.000828	0.116534	0.000096
写械褋械褉褌邪褑懈褟	0.000276	0.116534	0.000032
写械褋械褉褌薪褘械	0.000276	0.116534	0.000032
写械褋械褉褌褘	0.005244	0.040822	0.000214
写械褌械泄	0.000552	0.116534	0.000064
写卸械屑	0.000828	0.040822	0.000034
写蟹械薪	0.000276	0.116534	0.000032
写懈械褌邪	0.000276	0.116534	0.000032
写懈械褌褘	0.000276	0.116534	0.000032
写懈泻懈泄	0.000552	0.116534	0.000064
写懈泻芯谐芯	0.000276	0.116534	0.000032
写懈锌	0.000276	0.116534	0.000032
写懈褔懈	0.000552	0.116534	0.000064
写懈褔褜	0.000276	0.116534	0.000032
写薪械胁薪懈泻邪褏	0.000276	0.061875	0.000017
写薪械泄	0.001104	0.116534	0.000129
写薪褟	0.000276	0.040822	0.000011
写芯斜邪胁谢械薪懈褟屑	0.000276	0.274437	0.000076
写芯斜邪胁谢褞	0.000276	4.605170	0.001271
写芯斜邪胁谢褟褌褜	0.000276	0.040822	0.000011
写芯斜邪胁褜	0.000276	0.116534	0.000032
写芯斜褉芯褎谢芯褌	0.000276	0.127833	0.000035
写芯胁械褉褟械褕褜	0.000276	0.116534	0.000032
写芯谢谐芯	0.000276	1.514128	0.000418
写芯屑	0.001932	0.040822	0.000079
写芯屑邪褕薪械械	0.000828	0.040822	0.000034
写芯屑邪褕薪懈械	0.000552	0.040822	0.000023
写芯屑邪褕薪懈泄	0.001380	0.116534	0.000161
写芯屑邪褕薪褟褟	0.000552	0.105361	0.000058
写芯屑芯胁	0.000276	0.040822	0.000011
写芯屑芯泄	0.000276	2.525729	0.000697
写芯屑芯褏芯蟹褟械泻	0.000276	2.407946	0.000665
写芯褉芯谐懈械	0.000276	1.272966	0.000351
写芯褋褌芯懈薪	0.000276	3.912023	0.001080
写褉邪泄胁	0.001380	0.127833	0.000176
写褉芯卸卸械胁芯械	0.000276	0.116534	0.000032
写褉芯卸卸械泄	0.000276	3.506558	0.000968
写褉芯卸卸懈	0.001656	0.941609	0.001559
写褉褍谐懈屑懈	0.000276	0.040822	0.000011
写褍屑邪谢邪	0.000276	1.272966	0.000351
写褍褏芯胁泻邪	0.001104	0.127833	0.000141
写褍褏芯胁泻械	0.000828	0.867501	0.000718
写褍褕懈	0.001104	0.105361	0.000116
械胁褉械泄褋泻邪褟	0.000276	0.116534	0.000032
械谐懈锌械褌褋泻邪褟	0.000276	0.116534	0.000032
械写懈薪芯谐芯	0.000276	4.605170	0.001271
械写懈薪褘泄	0.000276	0.040822	0.000011
械卸械谐芯写薪芯	0.000276	2.407946	0.000665
械泻芯	0.000276	0.127833	0.000035
械谢邪	0.000276	2.659260	0.000734
械谢懈	0.000276	2.995732	0.000827
械褏邪褌褜	0.000276	2.995732	0.000827
卸邪褉泻芯械	0.000276	0.040822	0.000011
卸械谢邪褌械谢褜薪芯	0.000276	2.525729	0.000697
卸械谢械	0.000828	0.040822	0.000034
卸械谢褌芯泻	0.000552	1.272966	0.000703
卸械薪褋泻邪褟	0.000276	0.127833	0.000035
卸械薪褋泻芯屑	0.000276	0.061875	0.000017
卸械薪褖懈薪褘	0.000552	0.116534	0.000064
卸懈蟹薪懈	0.000276	0.040822	0.000011
卸懈蟹薪褜	0.000276	0.116534	0.000032
卸褍谢褜械薪	0.000276	0.040822	0.000011
卸褍褉薪邪谢邪	0.000276	0.127833	0.000035
卸褞谢褜械薪	0.000276	0.040822	0.000011
蟹邪胁邪褉薪芯械	0.000276	0.116534	0.000032
蟹邪胁邪褉薪芯泄	0.000276	0.116534	0.000032
蟹邪胁褌褉邪泻	0.001932	0.094311	0.000182
蟹邪胁褌褉邪泻懈	0.000276	0.127833	0.000035
蟹邪谐芯褌芯胁泻懈	0.001104	0.040822	0.000045
蟹邪写邪胁邪褌褜	0.000276	0.040822	0.000011
蟹邪懈薪褌械褉械褋芯胁邪谢懈褋褜	0.000276	3.912023	0.001080
蟹邪泄褑邪	0.000552	0.116534	0.000064
蟹邪泻胁邪褋泻邪	0.000276	0.040822	0.000011
蟹邪泻胁邪褋泻邪屑懈	0.000276	0.116534	0.000032
蟹邪泻胁邪褋芯泻	0.000276	0.127833	0.000035
蟹邪泻褉褘褌褘泄	0.000276	0.116534	0.000032
蟹邪泻褍褋泻懈	0.004968	0.040822	0.000203
蟹邪泻褍褋泻褍	0.000828	0.116534	0.000096
蟹邪泻褍褋芯薪褔懈泻	0.000276	0.116534	0.000032
蟹邪泻褍褋芯褔泻邪	0.000276	0.116534	0.000032
蟹邪泻褍褋芯褔薪褘械	0.002484	0.116534	0.000289
蟹邪谢邪屑懈薪懈褉芯胁邪褌褜	0.000276	2.407946	0.000665
蟹邪谢懈胁薪芯械	0.000552	0.040822	0.000023
蟹邪屑械褔邪褌械谢褜薪褘械	0.000276	2.207275	0.000609
蟹邪屑械褕懈胁邪泄褌械	0.000276	3.912023	0.001080
蟹邪屑芯褉芯蟹泻邪	0.000276	0.105361	0.000029
蟹邪锌邪写	0.000276	0.116534	0.000032
蟹邪锌邪褏芯屑	0.000276	4.605170	0.001271
蟹邪锌械泻邪薪懈褟	0.000276	1.560648	0.000431
蟹邪锌械泻邪薪泻邪	0.001104	0.105361	0.000116
蟹邪锌械泻邪薪泻懈	0.001932	0.040822	0.000079
蟹邪锌褉邪胁泻邪	0.000552	0.040822	0.000023
蟹邪褉邪薪械械	0.000276	1.660731	0.000458
蟹邪褉械谐懈褋褌褉懈褉芯胁邪胁褕懈褋褜	0.000276	0.040822	0.000011
蟹邪褉械谐懈褋褌褉懈褉芯胁邪褌褜褋褟	0.000276	0.030459	0.000008
蟹邪褋芯谢泻邪	0.000276	0.116534	0.000032
蟹邪褟胁谢褟褞	0.000276	2.207275	0.000609
蟹胁邪薪褘泄	0.000276	0.127833	0.000035
蟹胁械蟹写邪	0.000276	0.127833	0.000035
蟹胁褢蟹写薪褘械	0.000276	0.116534	0.000032
蟹写芯褉芯胁芯械	0.000276	0.116534	0.000032
蟹写芯褉芯胁褘泄	0.000276	0.116534	0.000032
蟹械谢械薪褜	0.000276	0.094311	0.000026
蟹械褎懈褉	0.000276	0.040822	0.000011
蟹懈屑薪懈械	0.000276	0.051293	0.000014
蟹懈屑褍	0.001104	0.040822	0.000045
蟹薪邪褞	0.000552	0.755023	0.000417
蟹芯谢芯褌邪褟	0.000276	0.116534	0.000032
懈胁邪薪芯胁邪	0.000276	0.127833	0.000035
懈写械邪谢	0.000276	4.605170	0.001271
懈写械邪谢褜薪邪褟	0.000276	0.116534	0.000032
懈写械邪谢褜薪芯谐芯	0.001380	0.116534	0.000161
懈写械邪谢褜薪芯械	0.000276	0.116534	0.000032
懈写械泄泻懈	0.000276	0.116534	0.000032
懈蟹斜懈褉邪褌械谢褜薪芯	0.000276	4.605170	0.001271
懈蟹胁械褋褌薪芯屑	0.000276	3.912023	0.001080
懈蟹写械谢懈褟	0.002760	0.116534	0.000322
懈蟹写械谢懈褟屑懈	0.000828	0.116534	0.000096
懈蟹褍褔懈谢邪	0.000276	4.605170	0.001271
懈蟹褞屑	0.001656	2.040221	0.003379
懈蟹褞屑邪	0.000276	3.912023	0.001080
懈泻械懈	0.000276	4.605170	0.001271
懈泻械褟	0.000276	4.605170	0.001271
懈泻褉邪	0.000828	0.040822	0.000034
懈屑斜懈褉薪芯械	0.000276	3.912023	0.001080
懈屑斜懈褉褜	0.000552	1.897120	0.001047
懈屑械薪械屑	0.000276	0.040822	0.000011
懈薪胁械褉褌芯褉薪芯泄	0.000276	0.127833	0.000035
懈薪谐褉械写懈械薪褌褘	0.008280	0.139262	0.001153
懈薪写械泄泻懈	0.001380	0.094311	0.000130
懈薪写械泄泻芯泄	0.000276	0.116534	0.000032
懈薪写懈泄褋泻邪褟	0.000276	0.116534	0.000032
懈薪写懈谢邪泄褌	0.000828	0.116534	0.000096
懈薪写懈褉械褋薪褘械	0.000276	0.116534	0.000032
懈薪褋褌褉褍泻褑懈褟屑懈	0.000276	0.040822	0.000011
懈薪褌械褉械褋薪褘泄	0.000276	1.897120	0.000524
懈薪褌械褉薪械褌邪	0.000276	1.771957	0.000489
懈薪褌械褉薪械褌械	0.000276	1.309333	0.000361
懈褉邪泻褋泻邪褟	0.000276	0.116534	0.000032
懈褉邪薪褋泻邪褟	0.000276	0.116534	0.000032
懈褉谢邪薪写褋泻邪褟	0.000276	0.116534	0.000032
懈褋泻褉械薪薪械	0.000276	0.116534	0.000032
懈褋谢邪薪写褋泻邪褟	0.000276	0.116534	0.000032
懈褋锌邪薪懈懈	0.000276	3.912023	0.001080
懈褋锌邪薪褋泻邪褟	0.000276	0.116534	0.000032
懈褋锌械泻懈	0.000276	0.116534	0.000032
懈褋锌械泻谢邪	0.000276	3.912023	0.001080
懈褋锌褘褌褘胁邪褟	0.000276	2.407946	0.000665
懈褋褌芯褉懈懈	0.001380	0.116534	0.000161
懈褋褌芯褉懈褞	0.000276	0.116534	0.000032
懈褋褔械蟹邪褞褖械械	0.000276	4.605170	0.001271
懈褌邪谢懈懈	0.000552	0.105361	0.000058
懈褌邪谢褜褟薪褋泻邪褟	0.000276	0.116534	0.000032
懈褞谢褟	0.000276	0.597837	0.000165
懈褞薪褟	0.000276	0.579818	0.000160
泄芯谐褍褉褌	0.000828	0.040822	0.000034
泄芯褉泻	0.000276	2.407946	0.000665
泻邪邪邪邪邪邪泻	0.000276	4.605170	0.001271
泻邪斜邪褔泻懈	0.000276	0.040822	0.000011
泻邪胁泻邪蟹褋泻邪褟	0.000276	0.116534	0.000032
泻邪蟹邪薪械	0.000276	0.116534	0.000032
泻邪蟹邪褏褋泻邪褟	0.000276	0.116534	0.000032
泻邪泻邪芯	0.000552	0.040822	0.000023
泻邪谢械泄写芯褋泻芯锌	0.001104	0.116534	0.000129
泻邪谢屑褘褑泻邪褟	0.000276	0.116534	0.000032
泻邪谢褜屑邪褉	0.000276	0.040822	0.000011
泻邪屑械褉邪	0.000276	0.116534	0.000032
泻邪薪邪写褋泻邪褟	0.000276	0.116534	0.000032
泻邪薪邪写褋泻懈	0.000276	3.912023	0.001080
泻邪薪邪谢	0.000552	0.040822	0.000023
泻邪薪邪谢械	0.000276	0.040822	0.000011
泻邪薪邪锌械	0.000552	0.040822	0.000023
泻邪锌褍褋褌邪	0.000552	0.040822	0.000023
泻邪锌褍褋褌薪褟泻	0.000276	0.040822	0.000011
泻邪锌褍褋褌褘	0.000276	0.040822	0.000011
泻邪褉邪屑械谢褜	0.000276	0.040822	0.000011
泻邪褉邪锌褍蟹褘	0.000276	4.605170	0.001271
泻邪褉写邪屑芯薪	0.000552	3.218876	0.001777
泻邪褉泻邪褋薪褘泄	0.001104	0.116534	0.000129
泻邪褉褌芯褎械谢褜	0.000276	0.040822	0.000011
泻邪褉褌芯褎械谢褜薪芯械	0.000276	0.040822	0.000011
泻邪褉褌芯褎械谢褜薪褘泄	0.000276	0.116534	0.000032
泻邪褉褌芯褕泻邪	0.000552	0.040822	0.000023
泻邪褌械谐芯褉懈懈	0.000276	0.116534	0.000032
泻邪褌械谐芯褉懈褟	0.004140	0.150823	0.000624
泻邪褌褞褕邪	0.000276	4.605170	0.001271
泻邪褔械褋褌胁芯	0.000276	0.116534	0.000032
泻邪褕邪	0.000276	0.040822	0.000011
泻邪褕懈	0.001380	0.105361	0.000145
泻邪褕褍	0.000276	0.094311	0.000026
泻胁邪褋	0.000828	0.040822	0.000034
泻胁邪褋薪芯械	0.000828	0.116534	0.000096
泻胁邪褋芯屑	0.000276	0.127833	0.000035
泻械泻褋	0.000276	0.040822	0.000011
泻械泻褋褘	0.000828	0.116534	0.000096
泻械褌褔褍锌	0.000552	1.560648	0.000862
泻械褎懈褉	0.000276	0.040822	0.000011
泻懈屑褔懈	0.000276	0.040822	0.000011
泻懈薪芯邪	0.000552	0.127833	0.000071
泻懈薪芯谢械薪褌邪	0.000276	0.116534	0.000032
泻懈褋械谢褜	0.000552	0.040822	0.000023
泻懈褌邪泄褋泻邪褟	0.000276	0.116534	0.000032
泻谢邪褋褋	0.002208	0.116534	0.000257
泻谢邪褋褋褘	0.000276	0.116534	0.000032
泻薪懈谐褍	0.000552	0.040822	0.000023
泻薪懈卸泻械	0.000276	3.912023	0.001080
泻芯泻褌械泄谢懈	0.000276	0.127833	0.000035
泻芯泻褌械泄谢褜	0.001380	0.040822	0.000056
泻芯谢斜邪褋邪	0.000276	0.040822	0.000011
泻芯谢斜邪褋薪褘屑懈	0.000828	0.116534	0.000096
泻芯谢懈褔械褋褌胁械	0.000276	3.218876	0.000888
泻芯谢懈褔械褋褌胁芯	0.000276	1.832581	0.000506
泻芯屑邪薪写邪	0.000552	0.127833	0.000071
泻芯屑懈	0.000276	0.116534	0.000032
泻芯屑屑械薪褌邪褉懈械胁	0.000276	0.223144	0.000062
泻芯屑锌邪薪懈泄	0.000276	0.105361	0.000029
泻芯屑锌芯褌	0.000828	0.040822	0.000034
泻芯薪写懈褌械褉褋泻邪褟	0.000552	4.605170	0.002542
泻芯薪械褔薪芯	0.000276	0.527633	0.000146
泻芯薪械褔薪芯泄	0.000276	4.605170	0.001271
泻芯薪懈薪褘	0.000276	0.116534	0.000032
泻芯薪泻褍褉褋	0.059067	0.105361	0.006223
泻芯薪泻褍褉褋邪	0.000276	0.116534	0.000032
泻芯薪泻褍褉褋邪褏	0.000276	0.040822	0.000011
泻芯薪泻褍褉褋薪褘械	0.000276	0.127833	0.000035
泻芯薪褋械褉胁懈褉芯胁邪薪懈械	0.000276	0.040822	0.000011
泻芯薪褋械褉胁懈褉芯胁邪薪薪邪褟	0.000276	0.116534	0.000032
泻芯薪褋械褉胁懈褉芯胁邪薪薪芯械	0.000276	0.116534	0.000032
泻芯薪褋械褉胁懈褉芯胁邪薪薪褘械	0.000552	0.116534	0.000064
泻芯薪褋械褉胁懈褉芯胁邪薪薪褘泄	0.000276	0.116534	0.000032
泻芯薪褎械褌褌懈	0.000276	0.116534	0.000032
泻芯薪褎械褌褘	0.000828	0.040822	0.000034
泻芯薪褎懈写械薪褑懈邪谢褜薪芯褋褌懈	0.000276	0.040822	0.000011
泻芯薪褎懈褌褞褉	0.000276	0.040822	0.000011
泻芯薪褑邪	0.000276	3.506558	0.000968
泻芯薪褜褟泻	0.000552	2.207275	0.001218
泻芯锌褔械薪芯褋褌褟屑懈	0.000276	0.116534	0.000032
泻芯褉械泄褋泻邪褟	0.000276	0.116534	0.000032
泻芯褉械泄褋泻懈	0.000276	0.040822	0.000011
泻芯褉卸懈泻懈	0.000276	0.040822	0.000011
泻芯褉懈褑邪	0.009108	1.427116	0.012999
泻芯褉懈褑褘	0.000276	3.912023	0.001080
泻芯褉懈褔薪械胁褘泄	0.000552	1.386294	0.000765
泻芯褉屑褟褖懈褏	0.000276	0.116534	0.000032
泻芯褉薪褍芯谢谢	0.000276	4.605170	0.001271
泻芯褉薪褍褝谢褜褋泻懈泄	0.000276	2.525729	0.000697
泻芯褉芯褔泻邪	0.000276	2.525729	0.000697
泻芯褌谢械褌褘	0.000276	0.040822	0.000011
泻芯褌芯褉芯谐芯	0.000276	2.120264	0.000585
泻芯褌芯褉芯屑褍	0.000276	0.116534	0.000032
泻芯褎械	0.000552	0.040822	0.000023
泻褉邪褋泻懈	0.000276	0.116534	0.000032
泻褉邪褏屑邪谢	0.000552	0.891598	0.000492
泻褉械邪褌懈胁	0.000276	0.127833	0.000035
泻褉械屑	0.000276	0.040822	0.000011
泻褉械屑邪	0.000552	0.116534	0.000064
泻褉械锌泻懈泄	0.000276	0.116534	0.000032
泻褉芯谢懈泻邪	0.000552	0.116534	0.000064
泻褉芯屑械	0.000276	0.061875	0.000017
泻褉芯褏懈	0.000276	0.116534	0.000032
泻褉褍谐褍	0.000552	0.116534	0.000064
泻褉褍锌	0.001656	0.116534	0.000193
泻褉褍锌邪	0.000276	0.127833	0.000035
泻褉褍锌褘	0.000552	0.127833	0.000071
泻褉褍锌褟薪褘械	0.000276	0.116534	0.000032
泻褍斜懈薪褋泻邪褟	0.000276	0.116534	0.000032
泻褍谢械褕	0.000276	0.040822	0.000011
泻褍谢懈薪邪褉邪	0.000276	3.506558	0.000968
泻褍谢懈薪邪褉邪屑	0.000276	3.506558	0.000968
泻褍谢懈薪邪褉懈懈	0.000828	0.094311	0.000078
泻褍谢懈薪邪褉薪邪褟	0.000276	0.116534	0.000032
泻褍谢懈薪邪褉薪芯械	0.000276	0.116534	0.000032
泻褍谢懈薪邪褉薪芯泄	0.000276	2.525729	0.000697
泻褍谢懈薪邪褉薪褍褞	0.000552	0.040822	0.000023
泻褍谢懈薪邪褉薪褘泄	0.000276	0.072571	0.000020
泻褍谢懈薪邪褉薪褘褏	0.000552	0.116534	0.000064
泻褍谢懈褔	0.000828	0.040822	0.000034
泻褍谢懈褔械泄	0.000552	2.995732	0.001654
泻褍谢懈褔懈	0.000828	0.116534	0.000096
泻褍褉写褋泻邪褟	0.000276	0.116534	0.000032
泻褍褉懈薪芯谐芯	0.000276	0.116534	0.000032
泻褍褉懈薪芯械	0.006348	0.127833	0.000812
泻褍褉懈薪褘泄	0.000276	0.105361	0.000029
泻褍褉懈褑邪	0.001104	0.040822	0.000045
泻褍褉懈褑褘	0.001104	0.116534	0.000129
泻褍褉芯褔泻邪	0.000276	2.407946	0.000665
泻褍褉芯褔泻芯泄	0.000276	0.116534	0.000032
泻褍褋泻褍褋	0.000276	0.040822	0.000011
泻褍褏薪械	0.000276	1.237874	0.000342
泻褍褏薪械泄	0.000276	0.040822	0.000011
泻褍褏薪懈	0.000828	0.040822	0.000034
泻褍褏薪褟	0.000828	0.116534	0.000096
谢邪胁邪褕	0.000552	0.040822	0.000023
谢邪胁邪褕邪	0.001104	0.116534	0.000129
谢邪胁褉芯胁褘泄	0.000552	1.139434	0.000629
谢邪谐屑邪薪	0.000276	0.040822	0.000011
谢邪泻芯屑褋褌胁芯	0.000276	0.116534	0.000032
谢邪锌褕邪	0.000552	0.040822	0.000023
谢邪褌褘褕褋泻邪褟	0.000276	0.116534	0.000032
谢械谐泻邪褟	0.000276	0.116534	0.000032
谢械谐泻懈泄	0.000552	0.116534	0.000064
谢械谐泻芯	0.001656	0.116534	0.000193
谢械锌械褕泻懈	0.000552	0.040822	0.000023
谢械褌	0.001104	0.843970	0.000932
谢械褌邪	0.000276	0.116534	0.000032
谢械褌薪懈械	0.000276	0.040822	0.000011
谢械褌薪褟褟	0.000276	0.116534	0.000032
谢械褌芯	0.001380	0.116534	0.000161
谢械褌芯屑	0.000276	3.912023	0.001080
谢械褔芯	0.000276	0.040822	0.000011
谢懈谐邪	0.000828	0.116534	0.000096
谢懈泻械褉	0.000276	0.040822	0.000011
谢懈屑芯薪	0.000552	1.203973	0.000665
谢懈屑芯薪邪	0.000552	1.897120	0.001047
谢懈屑芯薪邪写	0.000552	0.040822	0.000023
谢懈屑芯薪薪褘泄	0.001104	0.798508	0.000882
谢懈褋褌	0.000552	1.139434	0.000629
谢懈褌芯胁褋泻	0.000276	0.127833	0.000035
谢懈褌芯胁褋泻邪褟	0.000276	0.116534	0.000032
谢芯锌薪褍谢芯	0.000276	2.407946	0.000665
谢褍褔褕懈械	0.000276	0.116534	0.000032
谢褍褔褕懈泄	0.000552	0.040822	0.000023
谢褍褔褕懈褏	0.000276	0.116534	0.000032
谢褞斜胁懈	0.000276	0.105361	0.000029
谢褞斜懈屑芯谐芯	0.000276	0.127833	0.000035
谢褞斜懈屑芯屑褍	0.000276	0.116534	0.000032
谢褞斜懈屑褘褏	0.001932	0.116534	0.000225
谢褞斜芯胁褜	0.000276	0.116534	0.000032
谢褞斜芯泄	0.000828	0.116534	0.000096
谢褞斜芯锌褘褌薪褘泄	0.000276	3.506558	0.000968
谢褞斜芯锌褘褌褋褌胁邪	0.000276	3.506558	0.000968
谢褞写懈	0.000276	2.207275	0.000609
谢褞写屑懈谢邪	0.000276	1.771957	0.000489
谢褢写	0.000276	0.127833	0.000035
屑邪谐邪蟹懈薪邪	0.000276	3.912023	0.001080
屑邪谐邪蟹懈薪邪褏	0.000276	2.813411	0.000777
屑邪谐邪蟹懈薪薪芯械	0.000276	4.605170	0.001271
屑邪谐褉懈斜邪	0.000276	0.116534	0.000032
屑邪泄	0.000276	0.116534	0.000032
屑邪泄芯薪械蟹	0.000276	0.116534	0.000032
屑邪泻邪褉芯薪薪褘械	0.000276	0.116534	0.000032
屑邪泻邪褉芯薪褘	0.000276	0.040822	0.000011
屑邪泻褋懈屑邪谢褜薪芯	0.000276	2.040221	0.000563
屑邪谢邪蟹懈泄褋泻邪褟	0.000276	0.116534	0.000032
屑邪谢芯	0.000276	1.609438	0.000444
屑邪谢褜褔懈褕泻邪屑懈	0.000276	4.605170	0.001271
屑邪薪薪懈泻	0.000276	0.040822	0.000011
屑邪薪褌褘	0.000276	0.116534	0.000032
屑邪薪褢胁褉褘	0.000276	0.116534	0.000032
屑邪褉邪褎芯薪	0.000828	0.116534	0.000096
屑邪褉谐邪褉懈薪	0.001656	1.609438	0.002665
屑邪褉懈薪邪写	0.003036	0.040822	0.000124
屑邪褉懈薪邪写械	0.000276	2.302585	0.000636
屑邪褉懈薪邪写褘	0.000828	0.116534	0.000096
屑邪褉懈薪芯胁邪薪薪邪褟	0.000276	1.966113	0.000543
屑邪褉懈薪芯胁邪薪薪褘械	0.000276	0.116534	0.000032
屑邪褉懈薪芯胁邪褌褜	0.000276	2.995732	0.000827
屑邪褉屑械谢邪写	0.000276	0.040822	0.000011
屑邪褉芯泻泻邪薪褋泻邪褟	0.000276	0.116534	0.000032
屑邪褉褌邪	0.001656	0.105361	0.000174
屑邪褋泻邪褉锌芯薪械	0.000276	0.040822	0.000011
屑邪褋谢械薪懈褑邪	0.000828	0.040822	0.000034
屑邪褋谢械薪懈褔薪芯械	0.000276	0.116534	0.000032
屑邪褋谢芯	0.005796	0.116534	0.000675
屑邪褋谢芯屑	0.000276	0.116534	0.000032
屑邪褋褌械褉	0.002484	0.116534	0.000289
屑邪褋褌懈泻邪	0.000276	0.040822	0.000011
屑邪褋褌懈泻懈	0.000276	0.116534	0.000032
屑邪褋褟褋褟	0.000276	4.605170	0.001271
屑邪褎褎懈薪芯胁	0.000276	4.605170	0.001271
屑邪褎褎懈薪褘	0.000552	0.116534	0.000064
屑邪褏械械胁褗	0.001104	0.116534	0.000129
屑械写	0.002208	1.832581	0.004047
屑械写懈邪褎芯褉褌	0.000828	0.000000	0.000000
屑械写芯胁褘泄	0.000276	0.116534	0.000032
屑械泻褋懈泻邪薪褋泻邪褟	0.000276	0.116534	0.000032
屑械薪褞	0.000276	0.116534	0.000032
屑械薪褟	0.000552	0.083382	0.000046
屑械薪褟械褌褋褟	0.000276	0.116534	0.000032
屑械褔褌邪	0.000276	0.116534	0.000032
屑械褔褌褘	0.000552	0.040822	0.000023
屑械褕邪械屑	0.000276	4.605170	0.001271
屑懈	0.000276	2.995732	0.000827
屑懈写懈懈	0.000276	0.040822	0.000011
屑懈泻褉芯胁芯谢薪芯胁泻械	0.000276	0.116534	0.000032
屑懈谢褌芯薪	0.000276	4.605170	0.001271
屑懈谢褜械	0.000276	0.116534	0.000032
屑懈薪褍褌	0.000552	0.755023	0.000417
屑懈芯	0.000276	0.116534	0.000032
屑懈褉	0.000276	0.116534	0.000032
屑懈褉邪	0.000276	0.116534	0.000032
屑懈褉芯胁邪褟	0.000276	0.116534	0.000032
屑懈褋芯	0.000276	0.040822	0.000011
屑懈褋褌械褉懈褟	0.000276	0.116534	0.000032
屑懈褋褌褉邪谢褜	0.001932	0.116534	0.000225
屑薪械薪懈褞	0.000276	4.605170	0.001271
屑薪芯谐芯褋褌褉邪写邪谢褜薪芯谐芯	0.000276	2.407946	0.000665
屑薪芯谐芯褔懈褋谢械薪薪褘屑	0.000276	2.302585	0.000636
屑薪芯卸械褋褌胁芯屑	0.000276	0.040822	0.000011
屑芯谐褍	0.000276	0.798508	0.000220
屑芯写械褉邪褌芯褉邪屑	0.000276	4.605170	0.001271
屑芯械	0.000276	0.116534	0.000032
屑芯械谐芯	0.000276	1.771957	0.000489
屑芯卸械褌械	0.000276	0.000000	0.000000
屑芯懈	0.000552	1.078810	0.000596
屑芯懈褏	0.000276	1.832581	0.000506
屑芯泄	0.000552	0.105361	0.000058
屑芯谢写邪胁褋泻邪褟	0.000276	0.116534	0.000032
屑芯谢薪懈械薪芯褋薪芯	0.000276	2.407946	0.000665
屑芯谢芯泻械	0.000276	0.105361	0.000029
屑芯谢芯泻芯	0.003588	0.116534	0.000418
屑芯谢芯褔薪褘泄	0.000552	0.040822	0.000023
屑芯谢芯褔薪褘褏	0.000276	0.116534	0.000032
屑芯屑械薪褌	0.001380	0.116534	0.000161
屑芯薪谐芯谢褜褋泻邪褟	0.000276	0.116534	0.000032
屑芯薪褉械邪谢械	0.000276	3.912023	0.001080
屑芯褉械	0.000276	0.116534	0.000032
屑芯褉械锌褉芯写褍泻褌芯胁	0.003036	0.040822	0.000124
屑芯褉械锌褉芯写褍泻褌褘	0.000552	0.116534	0.000064
屑芯褉泻芯胁褜	0.000276	0.040822	0.000011
屑芯褉芯卸械薪芯械	0.000828	0.040822	0.000034
屑芯褉褋	0.000276	0.040822	0.000011
屑芯褉褋褘	0.000276	0.116534	0.000032
屑芯褌芯褉	0.000276	0.116534	0.000032
屑芯褏懈褌芯	0.000276	0.040822	0.000011
屑芯褟	0.000276	1.427116	0.000394
屑褍卸褋泻邪褟	0.000276	0.127833	0.000035
屑褍卸褔懈薪褘	0.000552	0.116534	0.000064
屑褍泻邪	0.007176	0.274437	0.001969
屑褍谢褜褌懈胁邪褉泻械	0.011041	0.116534	0.001287
屑褍谢褜褌懈胁邪褉泻懈	0.000276	3.912023	0.001080
屑褍谢褜褌懈锌械泻邪褉械泄	0.000828	0.116534	0.000096
屑褍褋泻邪褌薪褘泄	0.001104	1.832581	0.002023
屑褍褋褋	0.000276	0.040822	0.000011
屑褍褋褋褘	0.000552	0.116534	0.000064
屑褍褔薪褘械	0.000276	0.116534	0.000032
屑褞褋谢懈	0.000552	0.116534	0.000064
屑褟谐泻懈屑	0.000276	2.120264	0.000585
屑褟谐泻芯	0.000276	3.912023	0.001080
屑褟谐泻芯械	0.000276	2.995732	0.000827
屑褟褋邪	0.002484	0.116534	0.000289
屑褟褋薪芯谐芯	0.000552	0.116534	0.000064
屑褟褋薪芯泄	0.000276	0.116534	0.000032
屑褟褋薪褘械	0.001380	0.040822	0.000056
屑褟褋薪褘褏	0.000828	0.116534	0.000096
屑褟褋芯	0.002208	0.040822	0.000090
屑褟褋芯屑	0.001380	0.040822	0.000056
屑褟褋褍	0.000552	0.116534	0.000064
薪邪斜谢褞写邪谢邪	0.000276	4.605170	0.001271
薪邪斜芯褉	0.000276	1.897120	0.000524
薪邪胁邪谢芯屑	0.000276	2.995732	0.000827
薪邪写械褞褋褜	0.000276	1.609438	0.000444
薪邪械谢懈褋褜	0.000276	4.605170	0.001271
薪邪蟹邪写	0.000276	0.967584	0.000267
薪邪蟹胁邪薪懈械	0.000276	0.941609	0.000260
薪邪蟹胁邪薪懈械屑	0.000276	1.203973	0.000332
薪邪蟹薪邪褔械薪懈褟	0.000276	0.116534	0.000032
薪邪懈胁泻褍褋薪械泄褕械械	0.000276	3.912023	0.001080
薪邪泄褌懈	0.000276	1.714798	0.000473
薪邪泻芯薪械褑	0.000276	1.609438	0.000444
薪邪谢懈胁泻邪	0.000276	0.040822	0.000011
薪邪芯斜芯褉芯褌	0.000276	3.912023	0.001080
薪邪锌械褔邪褌邪谢	0.000276	2.407946	0.000665
薪邪锌懈褌泻懈	0.001656	0.040822	0.000068
薪邪锌懈褌芯泻	0.000276	0.040822	0.000011
薪邪锌芯屑懈薪邪械褌	0.000276	2.813411	0.000777
薪邪褋泻芯谢褜泻芯	0.000552	1.427116	0.000788
薪邪褋褌芯泄泻邪	0.000276	0.040822	0.000011
薪邪褋褌褉芯械薪懈械	0.000276	0.116534	0.000032
薪邪褏芯写褟褖懈械褟褋褟	0.000276	4.605170	0.001271
薪邪褑懈芯薪邪谢褜薪褘械	0.000276	0.116534	0.000032
薪邪褔邪谢芯屑	0.000276	2.302585	0.000636
薪邪褔懈薪泻邪	0.000552	0.040822	0.000023
薪邪褔懈薪泻芯泄	0.000552	0.116534	0.000064
薪邪褕械屑	0.000552	0.040822	0.000023
薪邪褕懈	0.000276	0.061875	0.000017
薪邪褕懈褏	0.000276	1.514128	0.000418
薪邪褕谢邪	0.000828	0.579818	0.000480
薪械斜芯褋褜	0.000276	4.605170	0.001271
薪械斜褘谢懈褑邪	0.000276	2.407946	0.000665
薪械胁械褉芯褟褌薪褘泄	0.000276	4.605170	0.001271
薪械胁械褉芯褟褌薪褘屑	0.000276	4.605170	0.001271
薪械胁芯蟹屑芯卸薪芯	0.000276	1.347074	0.000372
薪械谐芯	0.000276	0.941609	0.000260
薪械写械谢懈	0.000276	2.120264	0.000585
薪械写械谢褟	0.002760	0.061875	0.000171
薪械卸薪芯械	0.000276	1.309333	0.000361
薪械卸薪芯泄	0.000276	0.116534	0.000032
薪械卸薪褘械	0.000276	1.660731	0.000458
薪械卸薪褘屑	0.000276	2.040221	0.000563
薪械屑械褑泻邪褟	0.000276	0.116534	0.000032
薪械屑械褑泻芯泄	0.000276	3.912023	0.001080
薪械屑薪芯谐芯	0.000552	1.203973	0.000665
薪械芯斜褘褔薪褘泄	0.000552	1.347074	0.000744
薪械芯写薪芯泻褉邪褌薪芯	0.000276	3.218876	0.000888
薪械芯卸懈写邪薪薪褘械	0.000276	0.116534	0.000032
薪械芯褌谢懈褔懈屑	0.000276	3.912023	0.001080
薪械褋谢邪写泻芯械	0.000276	0.116534	0.000032
薪械褋芯胁械褉褕械薪薪芯谢械褌薪懈械	0.000276	4.605170	0.001271
薪械褔械谐芯	0.000276	3.218876	0.000888
薪懈屑	0.000276	1.897120	0.000524
薪懈屑懈	0.000276	2.995732	0.000827
薪懈薪邪	0.000276	1.203973	0.000332
薪泻	0.000276	1.771957	0.000489
薪芯胁邪褟	0.000276	0.116534	0.000032
薪芯胁芯谐芯写薪械谐芯	0.001380	0.116534	0.000161
薪芯胁芯谐芯写薪械械	0.000828	0.116534	0.000096
薪芯胁芯谐芯写薪懈械	0.001656	0.040822	0.000068
薪芯胁芯谐芯写薪懈泄	0.001932	0.116534	0.000225
薪芯胁芯谐芯写薪褟褟	0.000276	0.105361	0.000029
薪芯胁芯褋褌褟褏	0.000276	0.061875	0.000017
薪芯胁褘械	0.000552	0.051293	0.000028
薪芯胁褘泄	0.002760	0.094311	0.000260
薪芯褉胁械卸褋泻邪褟	0.000276	0.116534	0.000032
薪芯褟斜褉褟	0.000276	0.527633	0.000146
薪褜褞	0.000276	2.207275	0.000609
芯斜械写	0.000828	0.105361	0.000087
芯斜械蟹褜褟薪褘	0.000276	0.116534	0.000032
芯斜褖邪褌褜褋褟	0.000276	0.040822	0.000011
芯斜褟蟹邪薪邪	0.000276	2.407946	0.000665
芯斜褟蟹邪褌械谢褜薪芯	0.000552	0.967584	0.000534
芯胁芯褖邪屑懈	0.000276	0.116534	0.000032
芯胁芯褖械泄	0.003864	0.105361	0.000407
芯胁芯褖懈	0.001656	0.094311	0.000156
芯胁芯褖薪邪褟	0.000276	0.040822	0.000011
芯胁芯褖薪芯械	0.000276	0.116534	0.000032
芯胁芯褖薪芯泄	0.000552	0.105361	0.000058
芯胁芯褖薪褘械	0.001380	0.040822	0.000056
芯胁褋褟薪泻懈	0.000276	3.912023	0.001080
芯胁褋褟薪芯械	0.001104	0.116534	0.000129
芯胁褋褟薪褘械	0.000552	2.302585	0.001271
芯谐薪械薪薪芯泄	0.000276	0.116534	0.000032
芯谐薪褟	0.000276	0.116534	0.000032
芯谐褉芯屑薪邪褟	0.000276	4.605170	0.001271
芯谐褉芯屑薪芯屑	0.000276	3.912023	0.001080
芯谐褍褉褑褘	0.000552	0.116534	0.000064
芯写薪芯屑	0.000276	1.771957	0.000489
芯泻邪蟹邪谢芯褋褜	0.000276	1.832581	0.000506
芯泻芯薪褔邪褌械谢褜薪芯	0.000276	3.912023	0.001080
芯泻褉芯褕泻邪	0.000828	0.040822	0.000034
芯谢邪写褜懈	0.000828	0.040822	0.000034
芯谢械泄薪邪	0.000828	0.116534	0.000096
芯谢械泄薪芯泄	0.001104	0.116534	0.000129
芯谢械泄薪褘	0.000276	0.127833	0.000035
芯屑谢械褌	0.000276	0.040822	0.000011
芯锌邪褉邪	0.000276	0.040822	0.000011
芯锌械泻芯泄	0.000276	4.605170	0.001271
芯锌懈褋邪薪懈械	0.000276	3.912023	0.001080
芯锌懈褋邪薪懈懈	0.000276	3.506558	0.000968
芯锌褉械写械谢懈谢懈褋褜	0.000276	4.605170	0.001271
芯锌褉芯斜芯胁邪褌褜	0.000276	4.605170	0.001271
芯锌褉芯褋	0.000276	0.061875	0.000017
芯锌褘褌芯屑	0.000276	3.506558	0.000968
芯褉械褏	0.001104	1.660731	0.001834
芯褉懈谐懈薪邪谢褍	0.000276	2.407946	0.000665
芯褋械薪薪械械	0.000276	0.116534	0.000032
芯褋械薪薪懈械	0.000276	0.051293	0.000014
芯褋械薪薪懈泄	0.000552	0.116534	0.000064
芯褋械薪褜	0.002760	0.105361	0.000291
芯褋薪芯胁薪芯械	0.000276	0.040822	0.000011
芯褋褌邪胁谢褟褌褜	0.000552	1.897120	0.001047
芯褋褌邪械褌褋褟	0.000552	0.116534	0.000064
芯褋褌邪薪芯胁懈谢邪褋褜	0.000276	3.506558	0.000968
芯褋褌邪薪芯胁懈褌褜褋褟	0.000276	1.714798	0.000473
芯褋褌褉芯胁邪	0.000276	3.506558	0.000968
芯褌胁械褌懈褌褜	0.000276	0.051293	0.000014
芯褌胁械褌芯胁	0.000276	0.051293	0.000014
芯褌胁械褌褋褌胁械薪薪芯褋褌褜褞	0.000276	2.120264	0.000585
芯褌胁械褌褘	0.000276	0.000000	0.000000
芯褌胁械褔邪褞	0.000276	4.605170	0.001271
芯褌泻褉褘褌褘泄	0.000552	0.116534	0.000064
芯褌谢懈褔邪械褌褋褟	0.000276	1.771957	0.000489
芯褌屑械薪懈褌褜	0.000276	0.040822	0.000011
芯褌薪芯褋懈谢邪褋褜	0.000276	4.605170	0.001271
芯褏谢邪写懈褌褜	0.000276	0.116534	0.000032
芯褔械褉械写懈	0.000276	3.506558	0.000968
锌邪泻械褌懈泻邪褏	0.000276	0.105361	0.000029
锌邪谢芯褔泻懈	0.000276	0.040822	0.000011
锌邪薪懈褉芯胁泻邪	0.002208	0.116534	0.000257
锌邪锌褉懈泻邪	0.000552	1.203973	0.000665
锌邪褉邪	0.000276	0.116534	0.000032
锌邪褉邪写	0.001932	0.116534	0.000225
锌邪褉芯胁邪褉泻械	0.002484	0.116534	0.000289
锌邪褉芯谢褜	0.000276	0.020203	0.000006
锌邪褋褌邪	0.000828	0.040822	0.000034
锌邪褋褌褉芯屑邪	0.000276	0.040822	0.000011
锌邪褋褏邪	0.000552	0.040822	0.000023
锌邪褋褏邪谢褜薪邪褟	0.000552	0.116534	0.000064
锌邪褋褏邪谢褜薪芯泄	0.000276	4.605170	0.001271
锌邪褋褏邪谢褜薪褘泄	0.000552	0.127833	0.000071
锌邪褕褌械褌	0.000276	0.040822	0.000011
锌邪褕褌械褌褘	0.000552	0.116534	0.000064
锌械泻邪褉褟	0.000276	0.127833	0.000035
锌械泻谢懈	0.000276	3.912023	0.001080
锌械泻褍	0.000552	2.302585	0.001271
锌械谢褜屑械薪懈	0.000276	0.116534	0.000032
锌械褉胁芯械	0.000828	0.040822	0.000034
锌械褉胁芯泻谢邪褋褋薪懈泻芯胁	0.000276	2.407946	0.000665
锌械褉胁褘械	0.000276	0.127833	0.000035
锌械褉胁褘泄	0.000276	1.309333	0.000361
锌械褉胁褘屑	0.000276	0.116534	0.000032
锌械褉械写邪褌褜	0.000276	3.218876	0.000888
锌械褉械泄褌懈	0.000276	0.040822	0.000011
锌械褉械泻褍褋	0.000552	0.116534	0.000064
锌械褉械谢芯锌邪褌懈褌褜	0.000276	4.605170	0.001271
锌械褉械褑	0.000828	0.040822	0.000034
锌械褉懈芯写	0.000276	2.207275	0.000609
锌械褉褋芯薪褘	0.000276	0.116534	0.000032
锌械褉褍邪薪褋泻邪褟	0.000276	0.116534	0.000032
锌械褋芯褔薪芯械	0.000828	0.105361	0.000087
锌械褋芯褔薪褘泄	0.000276	0.116534	0.000032
锌械褌械谢懈薪泻懈	0.000276	0.127833	0.000035
锌械褔械薪芯褔薪褘泄	0.000276	0.040822	0.000011
锌械褔械薪褜械	0.006072	0.040822	0.000248
锌械褔械薪褜械屑	0.000276	3.912023	0.001080
锌械褔械薪褜褟	0.000276	2.995732	0.000827
锌械褔懈	0.000276	0.127833	0.000035
锌械褔褜	0.000276	1.966113	0.000543
锌懈胁芯	0.000276	0.116534	0.000032
锌懈泻邪薪褌褘	0.000276	0.127833	0.000035
锌懈泻薪懈泻	0.000552	0.116534	0.000064
锌懈泻薪懈泻邪	0.000276	0.116534	0.000032
锌懈泻薪懈泻褍	0.000276	0.105361	0.000029
锌懈褉	0.000276	0.116534	0.000032
锌懈褉芯谐	0.003036	0.040822	0.000124
锌懈褉芯谐邪	0.000276	1.309333	0.000361
锌懈褉芯谐懈	0.001104	0.105361	0.000116
锌懈褉芯卸泻邪屑懈	0.000276	4.605170	0.001271
锌懈褉芯卸泻懈	0.000828	0.040822	0.000034
锌懈褉芯卸泻芯胁	0.000276	1.966113	0.000543
锌懈褉芯卸薪芯械	0.000276	0.040822	0.000011
锌懈褉芯卸薪褘械	0.000276	0.116534	0.000032
锌懈褌邪薪懈械	0.001380	0.105361	0.000145
锌懈褑褑邪	0.000552	0.040822	0.000023
锌谢邪屑褟	0.000276	0.116534	0.000032
锌谢邪薪懈褉褍械褌械	0.000276	2.995732	0.000827
锌谢懈褌邪	0.001104	0.127833	0.000141
锌谢芯胁	0.000276	0.116534	0.000032
锌谢芯写褘	0.000276	0.116534	0.000032
锌芯胁邪褉械薪泻械	0.000276	0.040822	0.000011
锌芯胁邪褉械薪芯泻	0.000276	0.061875	0.000017
锌芯胁邪褉褟褌	0.000276	0.116534	0.000032
锌芯胁邪褉褟褌邪屑懈	0.000276	0.040822	0.000011
锌芯胁邪褉褢薪泻邪	0.000276	0.116534	0.000032
锌芯胁械褉懈褌械	0.000552	3.506558	0.001936
锌芯胁械褋懈褌褜	0.000276	2.407946	0.000665
锌芯胁懈写谢芯	0.000828	0.040822	0.000034
锌芯胁褌芯褉褞	0.000276	3.912023	0.001080
锌芯写邪褉泻芯胁	0.000276	0.116534	0.000032
锌芯写邪褞褌	0.000276	2.659260	0.000734
锌芯写械谢懈褌褜褋褟	0.000276	0.478036	0.000132
锌芯写谢懈胁邪	0.000276	0.116534	0.000032
锌芯写谢懈胁泻邪	0.000276	0.040822	0.000011
锌芯写锌懈褋邪褌褜褋褟	0.000276	0.040822	0.000011
锌芯写锌懈褕懈褌械褋褜	0.000552	0.040822	0.000023
锌芯写褉邪斜芯褌邪谢邪	0.000276	4.605170	0.001271
锌芯写褉褍卸泻邪	0.000276	2.995732	0.000827
锌芯写褋械谢邪	0.000276	3.912023	0.001080
锌芯械写懈薪泻懈	0.003864	0.116534	0.000450
锌芯卸邪谢械谢邪	0.000828	3.912023	0.003239
锌芯蟹写褉邪胁谢褟褞	0.000276	2.207275	0.000609
锌芯蟹写褉邪胁褜	0.000276	0.116534	0.000032
锌芯懈褋泻	0.000276	0.051293	0.000014
锌芯泻邪蟹褘胁邪褞	0.000276	2.995732	0.000827
锌芯谢写薪懈泻	0.000552	0.116534	0.000064
锌芯谢械蟹薪芯	0.000276	0.116534	0.000032
锌芯谢懈褌懈泻芯泄	0.000276	0.040822	0.000011
锌芯谢芯胁懈薪邪	0.002208	0.116534	0.000257
锌芯谢褍褔邪械褌褋褟	0.000552	0.400478	0.000221
锌芯谢褍褔邪泄褌械	0.000276	0.040822	0.000011
锌芯谢褍褔邪褌褜	0.000276	0.040822	0.000011
锌芯谢褍褔懈谢懈褋褜	0.000276	2.659260	0.000734
锌芯谢褍褔懈谢芯褋褜	0.000276	0.994252	0.000274
锌芯谢褜蟹邪	0.000276	0.127833	0.000035
锌芯谢褜蟹芯泄	0.001104	0.116534	0.000129
锌芯谢褜蟹褍褞褋褜	0.000276	2.407946	0.000665
锌芯谢褜褋泻邪褟	0.000276	0.116534	0.000032
锌芯屑邪写泻邪	0.000552	0.040822	0.000023
锌芯屑邪写泻懈	0.000276	0.116534	0.000032
锌芯屑懈写芯褉泻懈	0.000276	0.127833	0.000035
锌芯屑懈写芯褉褘	0.000552	0.116534	0.000064
锌芯薪褉邪胁懈胁褕懈械褋褟	0.000276	0.040822	0.000011
锌芯薪褉邪胁懈褌褋褟	0.000276	1.427116	0.000394
锌芯薪褔懈泻懈	0.000828	0.040822	0.000034
锌芯锌褉芯斜芯胁邪褌褜	0.000552	0.798508	0.000441
锌芯锌褉芯斜褍械褌械	0.000276	3.912023	0.001080
锌芯锌褉芯斜褍泄褌械	0.000276	0.562119	0.000155
锌芯褉邪	0.000276	0.116534	0.000032
锌芯褉邪写褍械褌	0.000276	1.660731	0.000458
锌芯褉褌褍谐邪谢褜褋泻邪褟	0.000276	0.116534	0.000032
锌芯褋械褖邪械褌械	0.000276	0.061875	0.000017
锌芯褋谢械写薪懈泄	0.000552	1.560648	0.000862
锌芯褋锌械褕懈谢邪	0.000276	3.912023	0.001080
锌芯褋褌	0.001380	0.105361	0.000145
锌芯褋褌薪芯械	0.000276	0.116534	0.000032
锌芯褋褌薪褘械	0.000276	0.040822	0.000011
锌芯褋褌薪褘泄	0.000276	0.116534	0.000032
锌芯褋褌芯褟薪薪芯	0.000276	0.040822	0.000011
锌芯褋褌褉芯懈屑	0.000276	0.116534	0.000032
锌芯褋褍写邪	0.000552	0.094311	0.000052
锌芯褋褘锌泻邪	0.000552	3.912023	0.002160
锌芯褏芯卸懈泄	0.000276	2.995732	0.000827
锌芯褔械屑褍	0.000276	1.203973	0.000332
锌芯褔泻懈	0.000276	4.605170	0.001271
锌芯褔褌褍	0.000276	0.040822	0.000011
锌芯褕邪谐芯胁褘械	0.000276	0.301105	0.000083
锌芯褕邪谐芯胁褘屑懈	0.000276	0.040822	0.000011
锌芯褟胁懈谢褋褟	0.000276	2.995732	0.000827
锌褉邪胁写邪	0.000552	1.139434	0.000629
锌褉邪蟹写薪懈泻邪	0.000276	0.116534	0.000032
锌褉邪蟹写薪懈褔薪芯	0.000276	0.116534	0.000032
锌褉邪蟹写薪懈褔薪芯谐芯	0.000276	0.116534	0.000032
锌褉邪蟹写薪懈褔薪芯屑	0.000276	1.771957	0.000489
锌褉邪蟹写薪懈褔薪褘泄	0.000276	0.116534	0.000032
锌褉邪泻褌懈泻褍屑	0.000276	0.116534	0.000032
锌褉械胁芯褋褏芯写薪褘械	0.000276	0.116534	0.000032
锌褉械胁褉邪褖械薪懈褟	0.000276	0.116534	0.000032
锌褉械写谢邪谐邪褞	0.000552	0.693147	0.000383
锌褉械写褘写褍褖械谐芯	0.000276	4.605170	0.001271
锌褉械泻褉邪褋薪芯	0.000276	1.714798	0.000473
锌褉械褋薪芯械	0.000276	0.116534	0.000032
锌褉懈斜谢懈卸械薪薪褘泄	0.000276	4.605170	0.001271
锌褉懈谐芯褌芯胁懈谢邪	0.000276	1.386294	0.000383
锌褉懈谐芯褌芯胁懈屑	0.000276	0.116534	0.000032
锌褉懈谐芯褌芯胁懈褌褜	0.000828	0.342490	0.000284
锌褉懈谐芯褌芯胁谢械薪懈械	0.000552	0.105361	0.000058
锌褉懈谐芯褌芯胁谢械薪懈懈	0.000276	0.798508	0.000220
锌褉懈谐芯褌芯胁谢械薪懈褞	0.000276	0.040822	0.000011
锌褉懈卸懈谢褋褟	0.000276	3.506558	0.000968
锌褉懈蟹薪邪薪懈械	0.000276	0.116534	0.000032
锌褉懈蟹芯胁	0.000276	0.040822	0.000011
锌褉懈锌褉邪胁邪	0.000276	0.040822	0.000011
锌褉懈褉芯写褍	0.000552	0.116534	0.000064
锌褉懈褉芯写褘	0.000276	0.116534	0.000032
锌褉懈褋褌褍锌懈褌褜	0.000276	0.040822	0.000011
锌褉懈褕谢邪	0.000276	2.995732	0.000827
锌褉懈褟褌薪芯械	0.000276	3.218876	0.000888
锌褉芯斜芯胁邪褌褜	0.000276	3.218876	0.000888
锌褉芯胁械写懈	0.001104	0.116534	0.000129
锌褉芯胁械褉械薪芯	0.001656	0.116534	0.000193
锌褉芯胁械褉懈褌褜	0.000552	1.832581	0.001012
锌褉芯胁芯写懈屑褘褏	0.000276	0.040822	0.000011
锌褉芯胁芯卸邪械屑	0.000276	0.116534	0.000032
锌褉芯写邪械褌褋褟	0.000276	2.813411	0.000777
锌褉芯写褍泻褌芯胁	0.000552	0.094311	0.000052
锌褉芯写褍泻褌芯胁褘褏	0.000276	4.605170	0.001271
锌褉芯械泻褌芯胁	0.000276	0.116534	0.000032
锌褉芯械泻褌褘	0.000276	0.061875	0.000017
锌褉芯锌芯褉褑懈懈	0.000276	1.714798	0.000473
锌褉芯褋屑芯褌褉邪屑	0.000276	0.274437	0.000076
锌褉芯褋屑芯褌褉械谢邪	0.000276	1.832581	0.000506
锌褉芯褋褌	0.000276	2.525729	0.000697
锌褉芯褋褌芯	0.001932	0.083382	0.000161
锌褉芯褋褌芯泄	0.000276	0.755023	0.000208
锌褉芯褋褌芯泻胁邪褕邪	0.000276	0.040822	0.000011
锌褉芯褋褜斜邪	0.000276	4.605170	0.001271
锌褉芯褋褜斜邪屑	0.000276	2.207275	0.000609
锌褉芯褋褜斜芯泄	0.000276	2.302585	0.000636
锌褉芯褎懈谢褜	0.000276	0.040822	0.000011
锌褉芯褏谢邪写薪芯	0.000276	4.605170	0.001271
锌褉芯褔谢邪	0.000276	2.302585	0.000636
锌褉芯褕褍	0.000276	1.139434	0.000315
锌褉褟屑芯	0.000552	0.040822	0.000023
锌褉褟薪懈泻	0.001380	0.040822	0.000056
锌褉褟薪懈泻懈	0.001104	0.116534	0.000129
锌褉褟薪懈褔薪芯械	0.000276	0.116534	0.000032
锌褉褟薪芯械	0.000276	4.605170	0.001271
锌褉褟薪褘泄	0.000276	3.506558	0.000968
锌褌懈褑邪	0.001380	0.116534	0.000161
锌褌懈褑械	0.000552	0.116534	0.000064
锌褌懈褑械泄	0.000276	0.127833	0.000035
锌褌懈褑褘	0.003312	0.116534	0.000386
锌褍斜谢懈泻芯胁邪谢褋褟	0.000276	2.407946	0.000665
锌褍写懈薪谐	0.000276	0.040822	0.000011
锌褍写懈薪谐懈	0.000552	0.116534	0.000064
锌褍写褉邪	0.000552	1.897120	0.001047
锌褍薪褕	0.000276	0.040822	0.000011
锌褍褌械褕械褋褌胁懈械	0.000552	0.116534	0.000064
锌褍褌褜	0.000276	0.116534	0.000032
锌褕械薪懈褔薪邪褟	0.007176	0.287682	0.002065
锌褘褌邪谢邪褋褜	0.000276	3.506558	0.000968
锌褘褕泻懈	0.000276	0.040822	0.000011
锌褞褉械	0.001656	0.040822	0.000068
褉邪谐褍	0.000276	0.116534	0.000032
褉邪写褍械褌	0.000276	2.995732	0.000827
褉邪蟹	0.001104	0.446287	0.000493
褉邪蟹邪	0.000552	2.407946	0.001329
褉邪蟹胁械褉薪褍褌褜	0.000276	0.116534	0.000032
褉邪蟹写械谢褜薪芯械	0.000276	0.116534	0.000032
褉邪蟹薪芯芯斜褉邪蟹懈褌	0.000276	3.912023	0.001080
褉邪蟹薪褘械	0.000276	0.116534	0.000032
褉邪蟹薪褘褏	0.000276	2.120264	0.000585
褉邪蟹芯褔械泻	0.000276	4.605170	0.001271
褉邪蟹褉褘褏谢懈褌械谢褜	0.003864	1.237874	0.004783
褉邪蟹褉褟写邪	0.000276	2.525729	0.000697
褉邪褋褋芯谢褜薪懈泻	0.000552	0.040822	0.000023
褉邪褋褋芯谢褜薪懈泻邪	0.000276	0.116534	0.000032
褉邪褋褋褘谢泻懈	0.000276	0.061875	0.000017
褉邪褋褋褘锌褔邪褌芯械	0.000276	3.912023	0.001080
褉邪褋褌懈褌械谢褜薪芯械	0.001656	0.235722	0.000390
褉邪褋褏胁邪谢懈胁邪谢懈	0.000276	4.605170	0.001271
褉械斜褉邪	0.000552	3.912023	0.002160
褉械斜褉褘褕械泻	0.000276	3.912023	0.001080
褉械斜褉褘褕泻懈	0.000276	3.506558	0.000968
褉械斜褟褌邪	0.000276	4.605170	0.001271
褉械谐懈褋褌褉邪褑懈懈	0.000552	0.010050	0.000006
褉械谐懈褋褌褉邪褑懈褟	0.000276	0.000000	0.000000
褉械写邪泻褌芯褉邪	0.000552	2.407946	0.001329
褉械写泻芯	0.000276	3.218876	0.000888
褉械蟹褍谢褜褌邪褌	0.000276	0.967584	0.000267
褉械泄褌懈薪谐褍	0.000276	0.248461	0.000069
褉械泻芯屑械薪写褍褞	0.000276	1.049822	0.000290
褉械褋褌芯褉邪薪械	0.000276	2.525729	0.000697
褉械褑械锌褌	0.006624	0.040822	0.000270
褉械褑械锌褌邪褏	0.000276	0.061875	0.000017
褉械褑械锌褌械	0.000276	1.171183	0.000323
褉械褑械锌褌芯胁	0.001932	0.040822	0.000079
褉械褑械锌褌芯屑	0.000276	0.693147	0.000191
褉械褑械锌褌褍	0.000552	0.891598	0.000492
褉械褑械锌褌褘	0.020425	0.040822	0.000834
褉械褕懈谢邪	0.000276	0.820981	0.000227
褉懈褋	0.001104	0.040822	0.000045
褉懈褋邪	0.000276	0.116534	0.000032
褉懈褌屑械	0.000276	0.116534	0.000032
褉芯谐邪谢懈泻懈	0.000276	0.040822	0.000011
褉芯写懈褌械谢械泄	0.000276	2.040221	0.000563
褉芯写薪芯械	0.000276	0.116534	0.000032
褉芯写芯屑	0.000276	2.525729	0.000697
褉芯卸写械薪懈褟	0.000276	0.105361	0.000029
褉芯卸写械褋褌胁芯	0.000276	0.116534	0.000032
褉芯谢谢褌芯薪	0.000276	0.116534	0.000032
褉芯谢谢褘	0.000552	0.040822	0.000023
褉芯屑	0.000276	0.040822	0.000011
褉芯褋褋懈褞	0.000276	4.605170	0.001271
褉芯褌褌械褉写邪屑	0.000276	3.506558	0.000968
褉褌褍	0.000276	1.469676	0.000406
褉褍斜褉懈泻邪褌芯褉	0.000276	0.051293	0.000014
褉褍谢械褌	0.000276	0.040822	0.000011
褉褍谢械褌褘	0.002760	0.116534	0.000322
褉褍屑褘薪褋泻邪褟	0.000276	0.116534	0.000032
褉褍屑褟薪褘械	0.000276	0.116534	0.000032
褉褍薪械褌械	0.000276	0.020203	0.000006
褉褍褋褋泻邪褟	0.000276	0.116534	0.000032
褉褘斜邪	0.002484	0.040822	0.000101
褉褘斜械	0.000552	0.116534	0.000064
褉褘斜薪邪褟	0.000276	0.116534	0.000032
褉褘斜薪芯谐芯	0.000552	0.116534	0.000064
褉褘斜薪褘械	0.001104	0.116534	0.000129
褉褘斜薪褘泄	0.000552	0.116534	0.000064
褉褘斜薪褘褏	0.000276	0.116534	0.000032
褉褘斜芯泄	0.000552	0.116534	0.000064
褉褘斜褘	0.003312	0.116534	0.000386
褉褟卸械薪泻邪	0.000276	0.116534	0.000032
褉褢斜褉褘褕械泻	0.000276	3.912023	0.001080
褋邪泄褌	0.000828	0.000000	0.000000
褋邪泄褌械	0.000276	0.462035	0.000128
褋邪泄褌褍	0.000552	0.061875	0.000034
褋邪谢邪褌	0.000276	0.094311	0.000026
褋邪谢邪褌薪邪褟	0.000276	0.116534	0.000032
褋邪谢邪褌褘	0.008556	0.040822	0.000349
褋邪屑芯谐芯薪	0.000276	0.040822	0.000011
褋邪屑芯械	0.000552	1.897120	0.001047
褋邪屑芯泄	0.000276	2.813411	0.000777
褋邪屑褘褏	0.000552	0.116534	0.000064
褋邪褎	0.000828	0.116534	0.000096
褋邪褎褋械屑	0.000276	0.116534	0.000032
褋邪褏邪褉	0.010489	0.116534	0.001222
褋邪褏邪褉薪邪褟	0.000552	1.897120	0.001047
褋斜懈褌械薪褜	0.000276	0.040822	0.000011
褋胁械卸械褋褌褜	0.000276	0.105361	0.000029
褋胁械泻谢邪	0.000276	0.040822	0.000011
褋胁械泻芯谢褜薪懈泻	0.000552	0.040822	0.000023
褋胁械褌邪	0.001104	0.116534	0.000129
褋胁懈薪懈薪邪	0.000276	0.040822	0.000011
褋胁懈薪懈薪褘	0.001380	0.116534	0.000161
褋胁懈薪褘械	0.000828	3.912023	0.003239
褋胁芯写懈褌	0.000276	3.506558	0.000968
褋胁芯械	0.000276	0.116534	0.000032
褋胁芯械泄	0.000276	1.347074	0.000372
褋胁芯械屑	0.000276	0.040822	0.000011
褋胁芯懈屑	0.000552	0.040822	0.000023
褋胁芯褞	0.000276	0.040822	0.000011
褋谐褍褖械薪泻邪	0.000276	0.040822	0.000011
褋写械谢邪谢邪	0.000276	2.659260	0.000734
褋写械谢邪褌褜	0.000552	1.021651	0.000564
褋写械谢邪褞	0.000276	2.659260	0.000734
褋械谐芯写薪褟	0.000552	0.843970	0.000466
褋械蟹芯薪	0.000552	0.116534	0.000064
褋械泄褔邪褋	0.000552	0.030459	0.000017
褋械泻褉械褌褘	0.000828	0.116534	0.000096
褋械谢械写泻邪	0.000276	0.040822	0.000011
褋械屑谐邪	0.000276	0.040822	0.000011
褋械屑械泄薪褘泄	0.000276	0.116534	0.000032
褋械屑褜械	0.000276	1.309333	0.000361
褋械屑褜懈	0.000552	0.116534	0.000064
褋械屑褜褟	0.000552	2.813411	0.001553
褋械薪褌褟斜褉褟	0.000828	0.673345	0.000558
褋械褋褌褉褘	0.000276	4.605170	0.001271
褋械褌懈	0.000276	2.995732	0.000827
褋懈写褉	0.000276	0.040822	0.000011
褋懈薪薪邪斜芯薪	0.000276	3.912023	0.001080
褋懈褉懈泄褋泻邪褟	0.000276	0.116534	0.000032
褋懈褉芯锌	0.000276	0.040822	0.000011
褋懈褉芯锌褘	0.000276	0.116534	0.000032
褋懈褋褌械屑褘	0.000276	0.040822	0.000011
褋懈褌懈	0.000276	0.127833	0.000035
褋懈褎芯薪芯褋	0.000276	4.605170	0.001271
褋泻邪卸褍	0.000276	1.714798	0.000473
褋泻邪蟹邪薪芯	0.000276	3.218876	0.000888
褋泻邪蟹邪褌褜	0.000552	0.653926	0.000361
褋泻邪蟹芯泻	0.000276	0.116534	0.000032
褋泻芯谢褜泻芯	0.000276	1.832581	0.000506
褋谢邪写泻邪褟	0.001380	0.116534	0.000161
褋谢邪写泻懈械	0.001656	0.040822	0.000068
褋谢邪写泻懈泄	0.002760	0.105361	0.000291
褋谢邪写泻懈褏	0.000552	0.116534	0.000064
褋谢邪写泻芯	0.000276	0.116534	0.000032
褋谢械谐泻邪	0.000276	2.525729	0.000697
褋谢懈胁邪	0.000552	2.302585	0.001271
褋谢懈胁芯胁褘泄	0.000276	2.407946	0.000665
褋谢懈胁芯褔薪芯械	0.004140	0.116534	0.000482
褋谢芯胁邪屑懈	0.000276	2.407946	0.000665
褋谢芯胁芯	0.000276	2.302585	0.000636
褋谢芯械薪芯谐芯	0.000276	0.127833	0.000035
褋谢芯械薪芯械	0.000276	0.116534	0.000032
褋谢芯械薪褘泄	0.000276	0.116534	0.000032
褋谢芯泄泻邪	0.000276	0.040822	0.000011
褋谢芯泄泻懈	0.000276	0.116534	0.000032
褋谢褍褔邪褟	0.000276	3.506558	0.000968
褋屑械褌邪薪邪	0.000276	0.105361	0.000029
褋屑械褕邪薪薪芯谐芯	0.000276	0.116534	0.000032
褋屑芯卸械褌械	0.000276	0.040822	0.000011
褋屑褍蟹懈	0.000828	0.040822	0.000034
褋薪褝泻	0.000276	0.116534	0.000032
褋芯斜懈褉邪械褌械褋褜	0.000276	0.040822	0.000011
褋芯胁械褉褕械薪褋褌胁芯	0.001380	0.116534	0.000161
褋芯胁械褌	0.000276	3.218876	0.000888
褋芯胁械褌邪屑懈	0.000276	0.040822	0.000011
褋芯胁械褌褍褞	0.000276	1.139434	0.000315
褋芯谐谢邪褕邪械褌械褋褜	0.000276	0.040822	0.000011
褋芯谐谢邪褕褍褋褜	0.000276	4.605170	0.001271
褋芯写邪	0.001656	0.967584	0.001602
褋芯械胁褘泄	0.000552	0.798508	0.000441
褋芯蟹写邪械褌	0.000276	0.116534	0.000032
褋芯蟹写邪薪懈褟	0.000552	0.261365	0.000144
褋芯泻	0.001380	0.116534	0.000161
褋芯泻邪	0.000276	0.105361	0.000029
褋芯泻懈	0.000276	0.040822	0.000011
褋芯谢械薪褘械	0.000828	0.116534	0.000096
褋芯谢械薪褜褟	0.000552	0.116534	0.000064
褋芯谢薪械褔薪芯泄	0.000276	0.127833	0.000035
褋芯谢褜	0.003312	0.150823	0.000500
褋芯谢褟薪泻邪	0.000552	0.040822	0.000023
褋芯芯斜褖懈褌褜	0.000276	4.605170	0.001271
褋芯褉褌懈褉芯胁邪褌褜	0.000276	0.248461	0.000069
褋芯褋褌邪胁褜	0.000276	0.116534	0.000032
褋芯褍褋	0.003036	0.040822	0.000124
褋芯褍褋邪	0.000276	1.897120	0.000524
褋芯褍褋芯屑	0.001380	0.116534	0.000161
褋芯褍褋褘	0.001104	0.116534	0.000129
褋芯褏褉邪薪褟褌褜	0.000276	0.040822	0.000011
褋芯褑褋械褌懈	0.000276	0.040822	0.000011
褋芯褔械褌邪薪懈械	0.000276	0.116534	0.000032
褋芯褔薪芯械	0.000276	0.116534	0.000032
褋锌邪谢褜薪褟屑懈	0.000276	0.446287	0.000123
褋锌械褑懈邪谢褜薪芯械	0.000276	0.116534	0.000032
褋锌械褑懈懈	0.000828	0.105361	0.000087
褋锌械褑锌褉芯械泻褌	0.009108	0.116534	0.001061
褋锌懈褋芯泻	0.000276	0.116534	0.000032
褋锌芯褞	0.000276	0.116534	0.000032
褋锌褉芯褋懈褌褜	0.000276	3.912023	0.001080
褋褉械写懈蟹械屑薪芯屑芯褉褋泻邪褟	0.000276	0.127833	0.000035
褋褋褘谢泻褍	0.000276	4.605170	0.001271
褋褌邪卸械屑	0.000276	3.912023	0.001080
褋褌邪谢芯	0.000276	2.995732	0.000827
褋褌邪褉褘械	0.000276	0.261365	0.000072
褋褌邪褌褜褟褏	0.000276	0.061875	0.000017
褋褌懈谢械	0.000276	0.116534	0.000032
褋褌懈谢褟	0.000276	0.116534	0.000032
褋褌芯谢	0.000828	0.105361	0.000087
褋褌芯谢邪	0.001656	0.116534	0.000193
褋褌芯谢械	0.000276	1.469676	0.000406
褋褌芯谢懈褔薪褘械	0.000276	4.605170	0.001271
褋褌褉邪薪	0.000276	3.218876	0.000888
褋褌褉邪薪懈褑	0.000276	2.525729	0.000697
褋褌褉芯懈褌械谢褜褋褌胁械	0.000276	0.040822	0.000011
褋褌褉芯懈褌械谢褜褋褌胁褍	0.000276	0.040822	0.000011
褋褌褉芯懈褌褜	0.000276	0.040822	0.000011
褋褌褉芯泄薪芯泄	0.000276	0.116534	0.000032
褋褌褉褍泻褌褍褉械	0.000276	3.218876	0.000888
褋褍斜锌褉芯写褍泻褌芯胁	0.001932	0.116534	0.000225
褋褍斜锌褉芯写褍泻褌褘	0.000828	0.116534	0.000096
褋褍屑邪褋褕械写褕懈泄	0.000276	2.207275	0.000609
褋褍屑械谢邪	0.000276	4.605170	0.001271
褋褍锌	0.002484	0.040822	0.000101
褋褍锌邪	0.000276	0.040822	0.000011
褋褍锌械褉斜邪斜褍褕泻邪	0.000276	1.237874	0.000342
褋褍锌褘	0.002484	0.040822	0.000101
褋褍褌泻懈	0.000276	2.120264	0.000585
褋褍褎谢械	0.000828	0.040822	0.000034
褋褍褏邪褉懈	0.000276	0.040822	0.000011
褋褍褕懈	0.000552	0.040822	0.000023
褋褔懈褌邪褌褜	0.000276	2.302585	0.000636
褋褘褉	0.000828	0.040822	0.000034
褋褘褉邪	0.001380	0.116534	0.000161
褋褘褉邪屑懈	0.000276	0.127833	0.000035
褋褘褉薪懈泻	0.000276	0.040822	0.000011
褋褘褉薪懈泻懈	0.000552	0.116534	0.000064
褋褘褉薪褘械	0.001104	0.040822	0.000045
褋褘褌薪褘泄	0.000552	0.105361	0.000058
褋褘褔褍卸薪褘屑懈	0.000276	0.127833	0.000035
褋褝薪写胁懈褔懈	0.000276	0.127833	0.000035
褋褞褉锌褉懈蟹	0.000276	0.116534	0.000032
褌邪写卸懈泻褋泻邪褟	0.000276	0.116534	0.000032
褌邪泄屑褋	0.000276	2.407946	0.000665
褌邪泄褋泻邪褟	0.000276	0.116534	0.000032
褌邪泻懈	0.000276	1.237874	0.000342
褌邪泻芯谐芯	0.000552	1.078810	0.000596
褌邪褉褌	0.000276	0.116534	0.000032
褌邪褉褌邪谢械褌泻懈	0.000552	0.040822	0.000023
褌邪褌邪褉褋泻邪褟	0.000276	0.116534	0.000032
褌邪褞褖械械	0.000276	3.218876	0.000888
褌胁芯懈	0.000552	0.116534	0.000064
褌胁芯褉懈	0.000276	0.116534	0.000032
褌胁芯褉芯谐	0.001104	0.040822	0.000045
褌胁芯褉芯谐芯屑	0.000276	0.105361	0.000029
褌胁芯褉芯卸薪芯械	0.000276	0.116534	0.000032
褌胁芯褉芯卸薪褘械	0.000552	0.116534	0.000064
褌胁芯褉芯卸薪褘泄	0.000276	0.116534	0.000032
褌械谢械谐褉邪屑	0.000276	0.040822	0.000011
褌械谢褟褌懈薪褘	0.001104	0.116534	0.000129
褌械锌械褉褜	0.000552	0.916291	0.000506
褌械锌谢芯屑	0.000276	0.116534	0.000032
褌械褉锌械薪懈械	0.000552	2.407946	0.001329
褌械褉锌械薪懈褟	0.000276	3.912023	0.001080
褌械褉褉懈薪	0.000276	0.040822	0.000011
褌械褋褌	0.001380	0.127833	0.000176
褌械褋褌邪	0.007452	0.105361	0.000785
褌械褋褌芯	0.003036	0.040822	0.000124
褌械褏	0.000276	0.634878	0.000175
褌械褏薪懈泻邪	0.001380	0.105361	0.000145
褌械褖懈薪	0.000276	0.040822	0.000011
褌屑	0.001104	0.127833	0.000141
褌芯谐写邪褕薪械谐芯	0.000276	2.407946	0.000665
褌芯屑	0.000552	1.171183	0.000647
褌芯锌谢械薪芯械	0.000276	0.116534	0.000032
褌芯褉褌	0.003036	0.040822	0.000124
褌芯褉褌褘	0.002484	0.116534	0.000289
褌芯褔泻芯泄	0.000276	4.605170	0.001271
褌褉邪胁褘	0.000276	0.105361	0.000029
褌褉邪写懈褑懈懈	0.000276	0.116534	0.000032
褌褉邪写懈褑懈泄	0.001104	0.116534	0.000129
褌褉邪写懈褑懈褟褏	0.000276	0.116534	0.000032
褌褉械褏谢械褌懈械屑	0.000276	0.116534	0.000032
褌褉懈卸写褘	0.000276	2.302585	0.000636
褌褉褍斜芯褔泻懈	0.000276	0.040822	0.000011
褌褍谢褜褋泻懈泄	0.000552	4.605170	0.002542
褌褍薪懈褋褋泻邪褟	0.000276	0.116534	0.000032
褌褍薪褑芯屑	0.000276	0.116534	0.000032
褌褍褉械褑泻邪褟	0.000276	0.116534	0.000032
褌褘泻胁邪	0.000828	0.040822	0.000034
褍胁械写芯屑谢械薪懈褟	0.000276	0.040822	0.000011
褍谐芯褋褌懈谢邪	0.000276	2.995732	0.000827
褍写邪谢褞	0.000276	1.771957	0.000489
褍写邪褔薪邪褟	0.000276	0.116534	0.000032
褍写懈胁懈	0.000276	0.116534	0.000032
褍写懈胁懈褌褜	0.000276	1.771957	0.000489
褍写懈胁谢褟泄褌械	0.001104	0.116534	0.000129
褍写芯胁芯谢褜褋褌胁懈械屑	0.000276	0.116534	0.000032
褍卸	0.000828	0.693147	0.000574
褍卸懈薪	0.001656	0.094311	0.000156
褍蟹斜械泻褋泻邪褟	0.000276	0.116534	0.000032
褍蟹薪邪谢邪	0.000276	2.302585	0.000636
褍泻邪蟹邪薪芯	0.000276	3.506558	0.000968
褍泻褉邪懈薪褋泻邪褟	0.000276	0.116534	0.000032
褍泻褉邪褕械薪懈褟	0.002208	0.116534	0.000257
褍泻褋褍褋	0.000552	0.634878	0.000350
褍谢懈褑械	0.000276	3.912023	0.001080
褍屑邪	0.000276	3.218876	0.000888
褍屑械薪褜褕懈胁	0.000276	4.605170	0.001271
褍屑械褉谢邪	0.000276	4.605170	0.001271
褍锌芯褌褉械斜谢械薪懈械屑	0.000276	0.116534	0.000032
褍褉邪谢褜褋泻邪褟	0.000276	0.116534	0.000032
褍褉芯卸邪泄	0.000276	0.105361	0.000029
褍褌泻懈	0.000828	0.116534	0.000096
褍褏邪	0.000276	0.040822	0.000011
褍褔邪褋褌胁芯胁邪褌褜	0.000276	0.040822	0.000011
褍褔械斜薪芯谐芯	0.000276	2.407946	0.000665
褎邪胁芯褉懈褌	0.000276	4.605170	0.001271
褎邪蟹械薪写褘	0.000276	0.127833	0.000035
褎邪薪褌邪蟹懈懈	0.001656	0.116534	0.000193
褎邪薪褌邪蟹懈泄	0.000276	0.116534	0.000032
褎邪薪褌邪蟹懈褟	0.000276	0.116534	0.000032
褎邪褉褕邪	0.003588	0.040822	0.000146
褎邪褉褕懈褉芯胁邪薪薪邪褟	0.000552	0.116534	0.000064
褎邪褉褕懈褉芯胁邪薪薪芯械	0.000276	0.116534	0.000032
褎邪褉褕懈褉芯胁邪薪薪褘械	0.000552	0.040822	0.000023
褎邪褉褕懈褉芯胁邪薪薪褘泄	0.000276	0.040822	0.000011
褎邪褋芯谢褜	0.000276	0.040822	0.000011
褎械胁褉邪谢褟	0.000828	0.105361	0.000087
褎械泄械褉胁械褉泻	0.000552	0.116534	0.000064
褎懈谐褍褉械	0.000276	0.116534	0.000032
褎懈薪褋泻邪褟	0.000276	0.116534	0.000032
褎懈褉屑械薪薪芯械	0.000276	0.116534	0.000032
褎芯薪写褞	0.000276	0.040822	0.000011
褎芯褉屑褘	0.000552	0.116534	0.000064
褎芯褉褍屑械	0.000552	0.040822	0.000023
褎芯褉褕屑邪泻	0.000276	0.040822	0.000011
褎芯褌芯	0.000828	2.040221	0.001689
褎褉邪薪褑懈懈	0.000276	0.116534	0.000032
褎褉邪薪褑褍蟹褋泻邪褟	0.000276	0.116534	0.000032
褎褉邪薪褑褍蟹褋泻懈械	0.000276	3.912023	0.001080
褎褉邪褍	0.001104	0.116534	0.000129
褎褉械泄屑	0.000276	3.218876	0.000888
褎褉褍泻褌芯胁	0.001104	0.116534	0.000129
褎褉褍泻褌芯胁芯	0.000276	0.116534	0.000032
褎褉褍泻褌芯胁芯械	0.000552	3.218876	0.001777
褎褉褍泻褌芯胁褘械	0.001932	0.040822	0.000079
褎褍写	0.000276	0.116534	0.000032
褎褍褉褕械褌	0.000276	0.116534	0.000032
褏邪谢胁邪	0.000276	0.040822	0.000011
褏邪褉胁械褋褌褎械褋褌	0.000552	0.116534	0.000064
褏邪褉褔芯	0.000552	0.040822	0.000023
褏邪褕	0.000276	0.040822	0.000011
褏胁芯褉芯褋褌	0.000276	0.040822	0.000011
褏懈屑懈懈	0.000276	3.218876	0.000888
褏懈薪泻邪谢懈	0.000276	0.116534	0.000032
褏懈褌	0.001932	0.116534	0.000225
褏谢械斜	0.000828	0.040822	0.000034
褏谢械斜芯锌械褔泻懈	0.000276	0.116534	0.000032
褏谢芯锌褜褟	0.001104	0.105361	0.000116
褏芯写懈褌	0.000276	2.407946	0.000665
褏芯蟹褟泄泻懈	0.000276	0.127833	0.000035
褏芯谢芯写械褑	0.000276	0.040822	0.000011
褏芯谢芯写懈谢褜薪懈泻邪	0.000276	2.302585	0.000636
褏芯谢芯写薪褘械	0.000552	0.116534	0.000064
褏芯谢芯写薪褘泄	0.000552	0.116534	0.000064
褏芯褉胁邪褌褋泻邪褟	0.000276	0.116534	0.000032
褏芯褉芯褕	0.000552	2.120264	0.001170
褏芯褉芯褕芯	0.001380	0.105361	0.000145
褏芯褉褋	0.000276	0.116534	0.000032
褏芯褌械谢芯褋褜	0.000276	2.407946	0.000665
褏芯褌懈褌械	0.000552	0.040822	0.000023
褏芯褔械褌褋褟	0.000276	1.469676	0.000406
褏芯褔褍	0.000276	0.562119	0.000155
褏褉褍褋褌褟褖邪褟	0.000276	2.302585	0.000636
褏褉褍褋褌褟褖械谐芯	0.000276	2.407946	0.000665
褏褍屑褍褋	0.000276	0.040822	0.000011
褑邪褉褋褌胁芯	0.000276	0.127833	0.000035
褑邪褉褜	0.000276	0.116534	0.000032
褑胁械褌薪邪褟	0.000276	0.040822	0.000011
褑械写褉邪	0.000552	1.832581	0.001012
褑械谢褘褏	0.000276	2.207275	0.000609
褑械薪薪褘褏	0.000276	0.040822	0.000011
褑械薪褌褉	0.000276	0.116534	0.000032
褑械薪褌褉械	0.000276	4.605170	0.001271
褔邪械屑	0.000276	0.116534	0.000032
褔邪泄	0.000828	0.040822	0.000034
褔邪褋褌芯	0.000276	0.994252	0.000274
褔械斜褍褉械泻懈	0.000552	0.040822	0.000023
褔械谢芯胁械泻	0.000276	1.966113	0.000543
褔械屑	0.000276	0.994252	0.000274
褔械褉泻懈蟹芯胁芯	0.000552	0.116534	0.000064
褔械褉薪褘泄	0.000552	0.371064	0.000205
褔械褋薪芯泻	0.001104	0.314711	0.000347
褔械褋褌薪芯	0.000552	1.203973	0.000665
褔械褋褌薪芯械	0.000276	3.912023	0.001080
褔械褋褌薪褘屑懈	0.000276	0.040822	0.000011
褔械褔械胁懈褑邪	0.000276	0.040822	0.000011
褔械褕褋泻邪褟	0.000276	0.116534	0.000032
褔懈蟹泻械泄泻	0.001104	0.040822	0.000045
褔懈谢懈泄褋泻邪褟	0.000276	0.116534	0.000032
褔懈锌褋褘	0.000276	0.040822	0.000011
褔懈褋谢褍	0.000276	0.261365	0.000072
褔褉械蟹胁褘褔邪泄薪芯	0.000276	2.040221	0.000563
褔褌芯斜	0.000276	3.506558	0.000968
褔褍写械褋	0.000276	0.116534	0.000032
褔褍写械褋薪械泄褕械械	0.000276	3.912023	0.001080
褕邪褉懈泻懈	0.000276	0.040822	0.000011
褕邪褉谢芯褌泻邪	0.000276	0.040822	0.000011
褕邪褉谢芯褌泻懈	0.000276	0.127833	0.000035
褕邪褉屑	0.000276	0.116534	0.000032
褕邪褕谢褘泻	0.003312	0.040822	0.000135
褕邪褕谢褘泻懈	0.000276	0.040822	0.000011
褕胁械写褋泻邪褟	0.000276	0.116534	0.000032
褕胁械泄褑邪褉褋泻邪褟	0.000276	0.116534	0.000032
褕械写械胁褉褘	0.000276	0.116534	0.000032
褕械褎	0.000276	0.127833	0.000035
褕懈锌褍褔泻邪	0.000276	0.040822	0.000011
褕懈褉芯泻邪褟	0.000276	0.127833	0.000035
褕泻芯谢褍	0.000276	0.116534	0.000032
褕芯泻芯谢邪写	0.000276	0.040822	0.000011
褕芯褌谢邪薪写褋泻邪褟	0.000276	0.116534	0.000032
褕褌褉褍写械谢褜	0.000276	0.040822	0.000011
褕褌褍褔泻懈	0.000276	2.120264	0.000585
褕褍褉锌邪	0.000276	0.040822	0.000011
褖邪褋	0.000276	0.116534	0.000032
褖械写褉邪褟	0.000276	0.116534	0.000032
褖懈	0.000552	0.040822	0.000023
褝泻芯屑懈谢泻	0.000276	0.127833	0.000035
褝屑屑褘	0.000276	4.605170	0.001271
褝褋褌芯薪褋泻邪褟	0.000276	0.116534	0.000032
褝褋褌芯薪褋泻懈	0.000276	4.605170	0.001271
褝褌懈屑	0.000552	1.108663	0.000612
褝褌懈褏	0.000276	1.714798	0.000473
褝褌芯谐芯	0.000276	0.415515	0.000115
褝褌芯屑	0.000276	0.843970	0.000233
褝褌芯屑褍	0.000276	1.272966	0.000351
褞谐芯褋谢邪胁褋泻邪褟	0.000276	0.116534	0.000032
褟斜谢芯泻邪屑懈	0.000276	2.302585	0.000636
褟斜谢芯泻芯	0.001656	1.427116	0.002363
褟斜谢芯褔泻芯	0.000276	3.912023	0.001080
褟斜谢芯褔薪褘泄	0.000276	1.832581	0.000506
褟谐芯写薪褘械	0.000552	0.116534	0.000064
褟谐芯写薪褘泄	0.000552	0.116534	0.000064
褟蟹褘泻	0.000276	0.040822	0.000011
褟懈褑	0.001104	0.116534	0.000129
褟懈褔薪褘泄	0.001656	1.049822	0.001739
褟泄褑邪	0.000276	0.040822	0.000011
褟泄褑芯	0.006072	0.261365	0.001587
褟薪胁邪褉褟	0.000552	0.733969	0.000405
褟薪写械泻褋	0.000276	0.072571	0.000020
褟锌芯薪褋泻邪褟	0.000276	0.116534	0.000032
褟锌芯薪褋泻芯泄	0.000276	0.061875	0.000017
褟褉泻懈械	0.000276	0.116534	0.000032
褟褉泻芯	0.000276	0.105361	0.000029
