褌芯泻械薪	TF	IDF	TF-IDF
邪斜懈谢懈薪	0.000254	4.605170	0.001172
邪斜褏邪蟹褋泻邪褟	0.000254	0.116534	0.000030
邪胁谐褍褋褌邪	0.000509	0.867501	0.000441
邪胁褋褌褉邪谢懈泄褋泻邪褟	0.000254	0.116534	0.000030
邪胁褋褌褉懈泄褋泻邪褟	0.000254	0.116534	0.000030
邪胁褌芯泻谢邪胁邪	0.000254	0.116534	0.000030
邪胁褌芯褉	0.000254	1.427116	0.000363
邪胁褌芯褉邪屑	0.000254	0.040822	0.000010
邪谐褉芯	0.000254	0.116534	0.000030
邪写卸懈泻邪	0.000254	0.040822	0.000010
邪写屑懈薪懈褋褌褉邪褌芯褉褍	0.000254	3.218876	0.000819
邪蟹械褉斜邪泄写卸邪薪褋泻邪褟	0.000254	0.116534	0.000030
邪蟹懈邪褌褋泻邪褟	0.000254	0.127833	0.000033
邪蟹褘	0.000254	0.127833	0.000033
邪泄褉邪薪	0.000254	0.040822	0.000010
邪泻邪写械屑懈懈	0.000254	4.605170	0.001172
邪泻胁邪褌懈泻邪	0.000763	0.127833	0.000098
邪谢械泻褋械褟	0.000254	0.127833	0.000033
邪谢泻芯谐芯谢褜	0.000509	0.116534	0.000059
邪谢泻芯谐芯谢褜薪褘械	0.000254	0.116534	0.000030
邪谢泻芯谐芯谢褟	0.000254	0.116534	0.000030
邪谢褜褟薪褋	0.000254	0.116534	0.000030
邪屑械褉懈泻邪薪褋泻邪褟	0.000254	0.116534	0.000030
邪薪邪谢芯谐芯屑	0.000254	3.506558	0.000892
邪薪邪薪邪褋	0.000509	2.995732	0.001525
邪薪邪褌芯屑懈褔械褋泻懈械	0.000254	4.605170	0.001172
邪薪谐谢懈泄褋泻邪褟	0.000254	0.116534	0.000030
邪薪写褉械褟	0.000254	0.127833	0.000033
邪褉邪斜褋泻邪褟	0.000763	0.116534	0.000089
邪褉谐械薪褌懈薪褋泻邪褟	0.000254	0.116534	0.000030
邪褉屑褟薪褋泻邪褟	0.000254	0.116534	0.000030
邪褉褜械	0.000254	4.605170	0.001172
邪褋褋芯褉褌懈	0.000509	0.116534	0.000059
邪褌谢邪薪褌	0.000254	0.127833	0.000033
邪褎谐邪薪褋泻邪褟	0.000254	0.116534	0.000030
邪褎褉懈泻邪薪褋泻邪褟	0.000254	0.116534	0.000030
邪褝褉芯谐褉懈谢械	0.002545	0.116534	0.000297
斜邪胁邪褉褋泻懈泄	0.000254	4.605170	0.001172
斜邪胁邪褉褋泻芯谐芯	0.000254	4.605170	0.001172
斜邪泻谢邪卸邪薪褘	0.000254	0.040822	0.000010
斜邪谢褌泻芯屑	0.000254	0.127833	0.000033
斜邪薪邪谢褜薪芯械	0.000254	3.506558	0.000892
斜邪褉邪薪懈薪褘	0.001018	0.116534	0.000119
斜邪褉褏邪褌懈褋褌褘屑	0.000254	4.605170	0.001172
斜邪褋屑邪褌懈	0.000509	0.127833	0.000065
斜邪褋褌褍褉屑邪	0.000254	0.040822	0.000010
斜邪褌芯薪褔懈泻	0.000509	4.605170	0.002344
斜邪褌芯薪褔懈泻懈	0.000254	0.127833	0.000033
斜邪褕泻懈褉褋泻邪褟	0.000254	0.116534	0.000030
斜械蟹邪谢泻芯谐芯谢褜薪褘械	0.000254	0.116534	0.000030
斜械蟹谐谢褞褌械薪芯胁褘械	0.000254	0.116534	0.000030
斜械蟹械	0.001018	0.040822	0.000042
斜械蟹褍屑薪芯	0.000254	1.560648	0.000397
斜械谢械斜械械胁褋泻懈泄	0.000509	0.116534	0.000059
斜械谢泻褍	0.000254	4.605170	0.001172
斜械谢芯褉褍褋褋泻邪褟	0.000254	0.116534	0.000030
斜械谢褘泄	0.001272	1.609438	0.002048
斜械谢褜谐懈泄褋泻邪褟	0.000254	0.116534	0.000030
斜械褉械屑械薪薪褘褏	0.000254	0.116534	0.000030
斜械褋械写懈薪邪	0.000254	0.127833	0.000033
斜懈褋泻胁懈褌	0.001272	0.040822	0.000052
斜懈褋泻胁懈褌邪	0.000254	2.813411	0.000716
斜懈褋泻胁懈褌薪芯械	0.000509	0.116534	0.000059
斜懈褋泻胁懈褌薪褘泄	0.001272	0.105361	0.000134
斜懈褋泻胁懈褌褘	0.000254	0.127833	0.000033
斜谢邪谐芯写邪褉褟	0.000254	1.897120	0.000483
斜谢懈卸械	0.000254	0.116534	0.000030
斜谢懈蟹泻懈褏	0.000254	0.116534	0.000030
斜谢懈薪芯胁	0.000509	0.116534	0.000059
斜谢懈薪褘	0.001018	0.040822	0.000042
斜谢褞写	0.000763	0.094311	0.000072
斜谢褞写邪	0.023155	0.040822	0.000945
斜谢褞写芯	0.001018	0.040822	0.000042
斜谢褞写褍	0.000254	0.116534	0.000030
斜芯斜芯胁褘械	0.000509	0.127833	0.000065
斜芯斜芯胁褘褏	0.001527	0.116534	0.000178
斜芯谢谐邪褉褋泻邪褟	0.000254	0.116534	0.000030
斜芯谢械谢褜褖懈泻懈	0.000254	4.605170	0.001172
斜芯谢褜褕械	0.000509	0.105361	0.000054
斜芯谢褜褕懈薪褋褌胁芯	0.000254	2.407946	0.000613
斜芯谢褜褕芯泄	0.000254	1.560648	0.000397
斜芯薪褍褋邪	0.000254	4.605170	0.001172
斜芯褉褖	0.000509	0.040822	0.000021
斜芯褌胁懈薪褜褟	0.000254	0.040822	0.000010
斜褉邪蟹懈谢褜褋泻邪褟	0.000254	0.116534	0.000030
斜褉邪褍蟹械褉械	0.000254	0.040822	0.000010
斜褉邪褍薪懈	0.000254	0.040822	0.000010
斜褉械褋褌	0.000254	0.127833	0.000033
斜褉芯泻泻芯谢懈	0.000254	0.040822	0.000010
斜褍卸械薪懈薪邪	0.000254	0.040822	0.000010
斜褍谢芯褔泻邪屑懈	0.000254	0.116534	0.000030
斜褍谢芯褔泻懈	0.000509	0.040822	0.000021
斜褍谢褜芯薪	0.001781	0.040822	0.000073
斜褍谢褜芯薪褘	0.001018	0.116534	0.000119
斜褍褉谐械褉	0.000254	0.040822	0.000010
斜褍褉谐械褉褘	0.000254	0.127833	0.000033
斜褍褉褟褌褋泻邪褟	0.000254	0.116534	0.000030
斜褍褌械褉斜褉芯写	0.000509	0.116534	0.000059
斜褍褌械褉斜褉芯写褘	0.000509	0.040822	0.000021
斜褘褋褌褉芯	0.001018	0.094311	0.000096
斜褘褋褌褉芯泄	0.000254	0.116534	0.000030
斜褘褋褌褉褘泄	0.000509	0.105361	0.000054
胁邪卸薪褘械	0.000254	0.116534	0.000030
胁邪谢谢懈泄褋泻邪褟	0.000254	0.116534	0.000030
胁邪薪懈谢懈薪	0.001018	1.609438	0.001638
胁邪薪懈谢褜薪褘泄	0.001018	1.427116	0.001453
胁邪褉械薪懈泻懈	0.000254	0.116534	0.000030
胁邪褉械薪褜械	0.000509	0.040822	0.000021
胁邪褉懈邪薪褌械	0.000254	2.659260	0.000677
胁邪褉懈邪薪褌芯胁	0.000254	2.120264	0.000540
胁邪褌褉褍褕泻邪	0.000254	4.605170	0.001172
胁邪褌褉褍褕泻懈	0.000254	0.040822	0.000010
胁邪褎谢懈	0.000509	0.040822	0.000021
胁邪褕	0.000254	1.309333	0.000333
胁邪褕械泄	0.000509	0.040822	0.000021
胁胁芯写褟	0.000254	0.040822	0.000010
胁写芯褏薪芯胁械薪懈械	0.001018	0.116534	0.000119
胁写芯褏薪芯胁械薪懈械屑	0.000509	0.116534	0.000059
胁写芯褏薪芯胁谢褟泄褋褟	0.000254	0.116534	0.000030
胁械谐械褌邪褉懈邪薪褋泻懈械	0.000254	0.127833	0.000033
胁械谐械褌邪褉懈邪薪褋泻芯械	0.000254	0.116534	0.000030
胁械谢懈泻懈泄	0.000254	0.116534	0.000030
胁械谢懈泻芯	0.000254	4.605170	0.001172
胁械谢懈泻芯谢械锌薪芯	0.000254	3.506558	0.000892
胁械谢懈泻芯谢械锌薪褘屑	0.000254	3.912023	0.000995
胁械薪谐械褉褋泻邪褟	0.000509	0.116534	0.000059
胁械褉懈褌褋褟	0.000254	4.605170	0.001172
胁械褋械薪薪懈械	0.000254	0.051293	0.000013
胁械褋薪邪	0.001272	0.116534	0.000148
胁械褋薪褘	0.000254	0.116534	0.000030
胁械褌褔懈薪褘	0.000254	0.105361	0.000027
胁蟹斜懈胁邪薪懈懈	0.000254	4.605170	0.001172
胁蟹斜懈胁邪薪懈褟	0.000254	3.912023	0.000995
胁蟹褟褌褜	0.000254	2.207275	0.000562
胁懈写械	0.000254	1.171183	0.000298
胁懈写械芯	0.000509	0.116534	0.000059
胁懈写械芯褉械褑械锌褌褘	0.000254	0.301105	0.000077
胁懈泻褌芯褉懈薪邪	0.000254	3.912023	0.000995
胁懈薪芯	0.000509	0.040822	0.000021
胁泻谢褞褔邪褞褖懈褏	0.000254	0.634878	0.000162
胁泻芯薪褌邪泻褌械	0.000254	3.912023	0.000995
胁泻褍褋	0.001272	0.105361	0.000134
胁泻褍褋邪	0.002290	0.116534	0.000267
胁泻褍褋邪屑	0.000254	4.605170	0.001172
胁泻褍褋械薪	0.000509	1.560648	0.000794
胁泻褍褋薪邪褟	0.001272	0.061875	0.000079
胁泻褍褋薪械械	0.000509	0.116534	0.000059
胁泻褍褋薪械泄	0.000254	0.116534	0.000030
胁泻褍褋薪芯	0.001272	0.094311	0.000120
胁泻褍褋薪芯芯芯	0.000254	4.605170	0.001172
胁泻褍褋薪褘械	0.000509	0.105361	0.000054
胁泻褍褋薪褘泄	0.000763	0.385662	0.000294
胁泻褍褋薪褘屑	0.000254	1.049822	0.000267
胁泻褍褋芯屑	0.001018	0.105361	0.000107
胁谢褞斜谢械薪薪褘褏	0.000254	0.116534	0.000030
胁屑械褋褌械	0.000254	0.916291	0.000233
胁薪邪褔邪谢械	0.001018	0.248461	0.000253
胁薪械褕薪械	0.000509	3.912023	0.001991
胁薪褍褌褉械薪薪械	0.000254	4.605170	0.001172
胁芯	0.001272	0.061875	0.000079
胁芯写邪	0.002545	0.287682	0.000732
胁芯写械	0.000254	0.105361	0.000027
胁芯写褍	0.000254	3.218876	0.000819
胁芯写褘	0.000509	2.813411	0.001432
胁芯蟹写褍褕薪芯泄	0.000254	4.605170	0.001172
胁芯蟹屑芯卸薪芯	0.000254	1.469676	0.000374
胁芯蟹褜屑褍褌褋褟	0.000254	4.605170	0.001172
胁芯泄褌懈	0.000254	0.000000	0.000000
胁芯谢芯胁邪薪褘	0.000254	0.116534	0.000030
胁芯谢褕械斜薪褘械	0.000254	0.116534	0.000030
胁芯谢褕械斜褋褌胁芯	0.000254	0.116534	0.000030
胁芯芯斜褖械	0.000763	1.386294	0.001058
胁芯锌谢芯褖械薪懈褟	0.000254	4.605170	0.001172
胁芯锌褉芯褋褘	0.000254	0.000000	0.000000
胁芯褋褌芯褔薪邪褟	0.000254	0.127833	0.000033
胁芯褋褏懈褌懈褌械谢褜薪褘泄	0.000763	3.218876	0.002457
胁锌械褉胁褘械	0.000254	1.560648	0.000397
胁褉械屑械薪邪	0.000254	0.116534	0.000030
胁褉械屑械薪械屑	0.001781	0.116534	0.000208
胁褉械屑械薪懈	0.001272	0.967584	0.001231
胁褉械屑褟	0.000254	0.400478	0.000102
胁褉褟写	0.000254	4.605170	0.001172
胁褋械谐写邪	0.000509	0.653926	0.000333
胁褋械谐芯	0.000254	0.186330	0.000047
胁褋械泄	0.001272	0.105361	0.000134
胁褋械屑褍	0.000254	0.061875	0.000016
胁褋锌芯屑薪懈褌褜	0.000254	0.040822	0.000010
胁褋褞	0.000254	1.966113	0.000500
胁褋褟泻懈械	0.000509	3.912023	0.001991
胁褋褟泻褍褞	0.000254	4.605170	0.001172
胁褌芯褉芯械	0.000254	0.116534	0.000030
胁褌芯褉芯泄	0.000254	2.813411	0.000716
胁褌芯褉褍褞	0.000254	3.912023	0.000995
胁褌芯褉褘械	0.000254	0.127833	0.000033
胁褌芯褉褘褏	0.000254	2.407946	0.000613
胁褏芯写	0.000763	0.030459	0.000023
胁褔械褉邪	0.000254	2.040221	0.000519
胁褘斜褉邪谢邪	0.000254	3.912023	0.000995
胁褘泄褌懈	0.000254	0.040822	0.000010
胁褘锌邪写邪械褌	0.000254	4.605170	0.001172
胁褘锌械褔泻邪	0.003308	0.040822	0.000135
胁褘锌械褔泻懈	0.000763	0.072571	0.000055
胁褘锌械褔泻芯泄	0.000254	0.116534	0.000030
胁褘褋褌邪胁懈谢邪	0.000254	4.605170	0.001172
胁褘褋褌邪胁谢褟褞	0.000254	3.218876	0.000819
胁褘褟胁懈谢	0.000254	4.605170	0.001172
胁褜械褌薪邪屑褋泻邪褟	0.000254	0.116534	0.000030
谐邪胁邪泄褋泻邪褟	0.000254	0.116534	0.000030
谐邪褉薪懈褉	0.001272	0.040822	0.000052
谐邪褋锌邪褔芯	0.000254	0.040822	0.000010
谐邪褋褌褉芯薪芯屑懈懈	0.000254	4.605170	0.001172
谐械芯谐褉邪褎懈褟	0.000254	0.116534	0.000030
谐谢邪胁薪褘泄	0.000254	0.040822	0.000010
谐谢邪蟹邪褏	0.000254	4.605170	0.001172
谐谢邪蟹褍褉懈	0.000254	4.605170	0.001172
谐谢邪蟹褍褉褜	0.000763	0.040822	0.000031
谐谢懈薪褋泻芯泄	0.000254	4.605170	0.001172
谐谢懈薪褌胁械泄薪	0.000254	0.040822	0.000010
谐谢褞泻芯蟹邪	0.000509	4.605170	0.002344
谐谢褞泻芯蟹褘	0.000509	4.605170	0.002344
谐芯	0.000254	3.506558	0.000892
谐芯胁褟写懈薪褘	0.001018	0.116534	0.000119
谐芯写	0.002290	0.105361	0.000241
谐芯写邪	0.004071	0.248461	0.001012
谐芯谢谢邪薪写褋泻邪褟	0.000254	0.116534	0.000030
谐芯谢芯胁褍	0.000254	3.506558	0.000892
谐芯褉芯写	0.000254	3.506558	0.000892
谐芯褉芯写邪	0.000254	0.116534	0.000030
谐芯褉芯写械	0.000254	3.506558	0.000892
谐芯褉芯褏	0.000254	0.116534	0.000030
谐芯褉褔懈褑邪	0.000509	0.040822	0.000021
谐芯褉褔懈褑邪屑懈	0.000254	0.127833	0.000033
谐芯褉褕芯褔泻邪褏	0.000254	0.105361	0.000027
谐芯褉褕芯褔泻械	0.000254	0.040822	0.000010
谐芯褉褜泻芯谐芯	0.000254	3.506558	0.000892
谐芯褉褟褔械械	0.000763	0.116534	0.000089
谐芯褉褟褔懈械	0.008906	0.105361	0.000938
谐芯褉褟褔懈泄	0.000509	0.116534	0.000059
谐芯褋褌械泄	0.000254	1.272966	0.000324
谐芯褋褌懈	0.000509	0.116534	0.000059
谐芯褋褌褟屑懈	0.000254	2.995732	0.000762
谐芯褌芯胁邪褟	0.000254	2.525729	0.000643
谐芯褌芯胁懈谢懈	0.000254	1.560648	0.000397
谐芯褌芯胁懈屑	0.001527	0.094311	0.000144
谐芯褌芯胁懈褌褜	0.002036	0.105361	0.000214
谐芯褌芯胁褜	0.000509	0.116534	0.000059
谐芯褌芯胁褟褌	0.000254	0.116534	0.000030
谐褉	0.000254	3.912023	0.000995
谐褉械薪泻懈	0.000509	0.040822	0.000021
谐褉械褑泻懈械	0.001018	1.469676	0.001496
谐褉械褔械褋泻邪褟	0.000254	0.116534	0.000030
谐褉械褔泻邪	0.000254	0.040822	0.000010
谐褉懈斜邪屑懈	0.001018	0.105361	0.000107
谐褉懈斜薪褘械	0.000509	0.040822	0.000021
谐褉懈斜芯胁	0.000763	0.116534	0.000089
谐褉懈斜褘	0.000763	0.040822	0.000031
谐褉懈谢械	0.001272	0.116534	0.000148
谐褉懈谢褜	0.000254	0.116534	0.000030
谐褉懈谢褜屑邪薪懈褟	0.000254	0.116534	0.000030
谐褉懈谢褟	0.001018	0.116534	0.000119
谐褉芯谐	0.000254	0.040822	0.000010
谐褉褍蟹懈薪褋泻邪褟	0.000254	0.116534	0.000030
谐褉褍锌锌	0.000254	3.506558	0.000892
谐褉褍锌锌械	0.000254	2.813411	0.000716
谐褉褍锌锌褘	0.000254	0.061875	0.000016
谐褉褟蟹懈	0.000254	4.605170	0.001172
谐褍褉	0.000254	4.605170	0.001172
谐褍褉屑邪薪懈褟	0.001527	0.116534	0.000178
谐褍褉屑械	0.000254	0.127833	0.000033
谐褍褋褟	0.000509	0.105361	0.000054
写邪械褌	0.000254	0.040822	0.000010
写邪薪薪褘械	0.000254	0.040822	0.000010
写邪薪薪褘泄	0.000254	2.813411	0.000716
写邪褉褘	0.000254	0.116534	0.000030
写邪褌械	0.000509	0.248461	0.000126
写邪褌褋泻邪褟	0.000254	0.116534	0.000030
写邪褔薪芯械	0.000763	0.116534	0.000089
写胁邪	0.000254	1.171183	0.000298
写胁邪写褑邪褌褜	0.000254	4.605170	0.001172
写胁邪卸写褘	0.000254	2.525729	0.000643
写械胁芯褔泻邪屑	0.000254	3.912023	0.000995
写械胁芯褔泻懈	0.000509	1.427116	0.000726
写械卸褍褉薪褘屑	0.000254	4.605170	0.001172
写械泻芯褉	0.000254	0.127833	0.000033
写械谢邪械褌	0.000509	0.116534	0.000059
写械谢邪械褌褋褟	0.000509	1.347074	0.000686
写械谢邪谢邪	0.000763	1.469676	0.001122
写械谢邪褌褜	0.000509	1.386294	0.000705
写械谢懈屑褋褟	0.000254	0.040822	0.000010
写械谢懈褌褋褟	0.000254	4.605170	0.001172
写械谢芯屑	0.000254	0.116534	0.000030
写械薪褜	0.001527	0.083382	0.000127
写械褋械褉褌	0.001272	0.116534	0.000148
写械褋械褉褌邪	0.000763	3.506558	0.002677
写械褋械褉褌邪褑懈褟	0.000254	0.116534	0.000030
写械褋械褉褌薪褘械	0.000509	0.116534	0.000059
写械褋械褉褌褘	0.007379	0.040822	0.000301
写械褌械泄	0.000254	0.116534	0.000030
写械褌褋褌胁邪	0.000254	2.207275	0.000562
写卸邪薪写褍泄褟	0.000254	4.605170	0.001172
写卸械屑	0.000254	0.040822	0.000010
写蟹械薪	0.000254	0.116534	0.000030
写懈胁薪褘泄	0.000254	4.605170	0.001172
写懈械褌邪	0.000254	0.116534	0.000030
写懈械褌褘	0.000254	0.116534	0.000030
写懈泻懈泄	0.000509	0.116534	0.000059
写懈泻芯谐芯	0.000254	0.116534	0.000030
写懈锌	0.000254	0.116534	0.000030
写懈褔懈	0.000509	0.116534	0.000059
写懈褔褜	0.000254	0.116534	0.000030
写薪械	0.000254	4.605170	0.001172
写薪械胁薪懈泻邪褏	0.000254	0.061875	0.000016
写薪械泄	0.000763	0.116534	0.000089
写薪懈	0.000254	2.207275	0.000562
写薪褟	0.000254	0.040822	0.000010
写芯斜邪胁懈谢邪	0.000254	1.897120	0.000483
写芯斜邪胁懈褌褜	0.000254	1.514128	0.000385
写芯斜邪胁泻邪屑懈	0.000254	3.218876	0.000819
写芯斜邪胁谢械薪懈褟屑	0.000254	0.274437	0.000070
写芯斜邪胁谢褟褌褜	0.000254	0.040822	0.000010
写芯斜邪胁褜	0.000254	0.116534	0.000030
写芯斜褉邪谢邪褋褜	0.000254	4.605170	0.001172
写芯斜褉芯褎谢芯褌	0.000254	0.127833	0.000033
写芯胁械褉褟械褕褜	0.000254	0.116534	0.000030
写芯胁芯谢褜薪芯	0.000254	1.609438	0.000410
写芯卸写邪褌褜褋褟	0.000254	3.912023	0.000995
写芯谢谐邪褟	0.000254	4.605170	0.001172
写芯谢谐懈褏	0.000254	2.995732	0.000762
写芯谢卸械薪	0.000254	2.302585	0.000586
写芯谢卸薪芯	0.000254	1.832581	0.000466
写芯屑	0.002290	0.040822	0.000093
写芯屑邪褕薪械械	0.000763	0.040822	0.000031
写芯屑邪褕薪懈械	0.000509	0.040822	0.000021
写芯屑邪褕薪懈泄	0.001272	0.116534	0.000148
写芯屑邪褕薪褟褟	0.000509	0.105361	0.000054
写芯屑懈薪懈褉褍褞褖懈屑懈	0.000254	3.912023	0.000995
写芯屑芯胁	0.000254	0.040822	0.000010
写芯褋褌芯泄薪芯	0.000254	2.995732	0.000762
写褉邪泄胁	0.001272	0.127833	0.000163
写褉芯卸卸械胁芯械	0.000254	0.116534	0.000030
写褉褍谐懈屑懈	0.000254	0.040822	0.000010
写褉褍谐芯谐芯	0.000254	2.813411	0.000716
写褉褍谐芯屑褍	0.000254	2.407946	0.000613
写褍屑邪谢邪	0.000254	1.272966	0.000324
写褍褏芯胁泻邪	0.001018	0.127833	0.000130
写褍褏芯胁泻褍	0.000254	1.771957	0.000451
写褍褕懈	0.001018	0.105361	0.000107
械胁褉械泄褋泻邪褟	0.000254	0.116534	0.000030
械谐懈锌械褌褋泻邪褟	0.000254	0.116534	0.000030
械写懈薪褋褌胁械薪薪芯械	0.000254	3.912023	0.000995
械写懈薪褘泄	0.000254	0.040822	0.000010
械蟹写懈谢懈	0.000254	4.605170	0.001172
械泻芯	0.000254	0.127833	0.000033
卸邪褉泻芯械	0.000254	0.040822	0.000010
卸写械褌	0.000254	3.912023	0.000995
卸械谢邪褌懈薪	0.002036	1.427116	0.002905
卸械谢械	0.000763	0.040822	0.000031
卸械谢褌芯泻	0.000509	1.272966	0.000648
卸械薪褋泻邪褟	0.000254	0.127833	0.000033
卸械薪褋泻芯屑	0.000254	0.061875	0.000016
卸械薪褖懈薪褘	0.000509	0.116534	0.000059
卸懈胁芯褌薪芯谐芯	0.000254	4.605170	0.001172
卸懈胁褍褌	0.000254	3.912023	0.000995
卸懈写泻芯泄	0.000509	4.605170	0.002344
卸懈蟹薪懈	0.000254	0.040822	0.000010
卸懈蟹薪褜	0.000509	0.116534	0.000059
卸褍谢褜械薪	0.000254	0.040822	0.000010
卸褍褉薪邪谢邪	0.000254	0.127833	0.000033
卸褞谢褜械薪	0.000254	0.040822	0.000010
蟹邪胁邪褉薪芯械	0.000254	0.116534	0.000030
蟹邪胁邪褉薪芯泄	0.000254	0.116534	0.000030
蟹邪胁邪褉薪褘械	0.000254	3.218876	0.000819
蟹邪胁械褉褕懈胁褕懈泄褋褟	0.000254	3.218876	0.000819
蟹邪胁褌褉邪泻	0.001781	0.094311	0.000168
蟹邪胁褌褉邪泻懈	0.000254	0.127833	0.000033
蟹邪谐芯褉械谢褋褟	0.000254	4.605170	0.001172
蟹邪谐芯褌芯胁泻懈	0.001018	0.040822	0.000042
蟹邪谐褍褋褌懈褌械谢褜	0.000509	4.605170	0.002344
蟹邪写邪胁邪褌褜	0.000254	0.040822	0.000010
蟹邪写褍斜械谢懈	0.000254	4.605170	0.001172
蟹邪泄褑邪	0.000509	0.116534	0.000059
蟹邪泻胁邪褋泻邪	0.000254	0.040822	0.000010
蟹邪泻胁邪褋泻邪屑懈	0.000254	0.116534	0.000030
蟹邪泻胁邪褋芯泻	0.000254	0.127833	0.000033
蟹邪泻褉褘褌褘泄	0.000254	0.116534	0.000030
蟹邪泻褍褋泻懈	0.004580	0.040822	0.000187
蟹邪泻褍褋泻褍	0.000763	0.116534	0.000089
蟹邪泻褍褋芯薪褔懈泻	0.000254	0.116534	0.000030
蟹邪泻褍褋芯褔泻邪	0.000254	0.116534	0.000030
蟹邪泻褍褋芯褔薪褘械	0.002290	0.116534	0.000267
蟹邪谢懈胁薪芯械	0.000509	0.040822	0.000021
蟹邪屑械薪懈谢邪	0.000254	4.605170	0.001172
蟹邪屑械褌懈褌褜	0.000509	3.506558	0.001785
蟹邪屑械褌泻褍	0.000254	2.995732	0.000762
蟹邪屑芯褉芯蟹泻邪	0.000254	0.105361	0.000027
蟹邪屑芯褉芯蟹泻懈	0.000254	3.912023	0.000995
蟹邪薪懈屑邪谢褋褟	0.000254	4.605170	0.001172
蟹邪锌邪写	0.000254	0.116534	0.000030
蟹邪锌械泻邪薪泻邪	0.001018	0.105361	0.000107
蟹邪锌械泻邪薪泻懈	0.001781	0.040822	0.000073
蟹邪锌褉邪胁泻邪	0.000509	0.040822	0.000021
蟹邪褉邪薪械械	0.000254	1.660731	0.000423
蟹邪褉械谐懈褋褌褉懈褉芯胁邪胁褕懈褋褜	0.000254	0.040822	0.000010
蟹邪褉械谐懈褋褌褉懈褉芯胁邪褌褜褋褟	0.000254	0.030459	0.000008
蟹邪褋芯谢泻邪	0.000254	0.116534	0.000030
蟹邪褋褌褘胁邪褞褌	0.000254	4.605170	0.001172
蟹邪褏芯写懈褌械	0.000254	0.755023	0.000192
蟹胁邪薪褘泄	0.000254	0.127833	0.000033
蟹胁械蟹写邪	0.000254	0.127833	0.000033
蟹胁褢蟹写薪褘械	0.000254	0.116534	0.000030
蟹写芯褉芯胁芯械	0.000254	0.116534	0.000030
蟹写芯褉芯胁褘泄	0.000254	0.116534	0.000030
蟹械谢械薪褜	0.000254	0.094311	0.000024
蟹械褉泻邪谢褜薪芯泄	0.000254	4.605170	0.001172
蟹械褎懈褉	0.000254	0.040822	0.000010
蟹懈屑薪懈械	0.000254	0.051293	0.000013
蟹懈屑芯泄	0.000254	2.995732	0.000762
蟹懈屑褍	0.001018	0.040822	0.000042
蟹薪邪泻芯屑褜褌械褋褜	0.000254	3.912023	0.000995
蟹薪邪薪懈褟	0.000254	4.605170	0.001172
蟹薪邪褞	0.000254	0.755023	0.000192
蟹芯谢芯褌邪褟	0.000254	0.116534	0.000030
蟹褉懈褌械谢械泄	0.000254	4.605170	0.001172
懈胁邪薪芯胁邪	0.000254	0.127833	0.000033
懈写械邪谢褜薪邪褟	0.000254	0.116534	0.000030
懈写械邪谢褜薪芯	0.000254	1.514128	0.000385
懈写械邪谢褜薪芯谐芯	0.001272	0.116534	0.000148
懈写械邪谢褜薪芯械	0.000254	0.116534	0.000030
懈写械邪谢褜薪褘泄	0.000254	1.966113	0.000500
懈写械邪谢褜薪褘屑	0.000254	2.995732	0.000762
懈写械械泄	0.000254	2.995732	0.000762
懈写械泄泻懈	0.000254	0.116534	0.000030
懈写械褟	0.000254	2.207275	0.000562
懈蟹胁械褋褌械薪	0.000254	3.912023	0.000995
懈蟹胁械褋褌薪褘泄	0.000254	1.897120	0.000483
懈蟹谐芯褌芯胁懈褌褜	0.000254	4.605170	0.001172
懈蟹谐芯褌芯胁谢械薪懈械	0.000254	4.605170	0.001172
懈蟹写械谢懈褟	0.001018	0.116534	0.000119
懈蟹写械谢懈褟屑懈	0.000763	0.116534	0.000089
懈蟹芯斜褉械褌械薪懈泄	0.000509	4.605170	0.002344
懈蟹褉邪懈谢褜	0.000254	4.605170	0.001172
懈蟹褘褋泻邪薪薪褘泄	0.000254	3.912023	0.000995
懈泻褉邪	0.000763	0.040822	0.000031
懈屑械薪械屑	0.000254	0.040822	0.000010
懈屑褟	0.000254	2.995732	0.000762
懈薪胁械褉褌芯褉薪芯泄	0.000254	0.127833	0.000033
懈薪谐褉械写懈械薪褌褘	0.007634	0.139262	0.001063
懈薪写械泄泻懈	0.001272	0.094311	0.000120
懈薪写械泄泻芯泄	0.000254	0.116534	0.000030
懈薪写懈泄褋泻邪褟	0.000254	0.116534	0.000030
懈薪写懈谢邪泄褌	0.000763	0.116534	0.000089
懈薪写懈褉械褋薪褘械	0.000254	0.116534	0.000030
懈薪芯谐写邪	0.000509	1.897120	0.000965
懈薪褋褌褉褍泻褑懈褟屑懈	0.000254	0.040822	0.000010
懈薪褌械褉械褋薪褘械	0.000254	2.659260	0.000677
懈薪褌械褉薪械褌械	0.000254	1.309333	0.000333
懈褉邪泻褋泻邪褟	0.000254	0.116534	0.000030
懈褉邪薪褋泻邪褟	0.000254	0.116534	0.000030
懈褉谢邪薪写褋泻邪褟	0.000254	0.116534	0.000030
懈褉褉械蟹	0.000254	1.347074	0.000343
懈褋泻邪谢邪	0.000254	2.302585	0.000586
懈褋泻邪褌褜	0.000254	3.506558	0.000892
懈褋泻褉械薪薪械	0.000254	0.116534	0.000030
懈褋谢邪薪写褋泻邪褟	0.000254	0.116534	0.000030
懈褋锌邪薪褋泻邪褟	0.000254	0.116534	0.000030
懈褋锌械泻懈	0.000254	0.116534	0.000030
懈褋锌芯谢褜蟹芯胁邪薪懈械	0.000254	3.506558	0.000892
懈褋锌芯褉褌懈褌褜	0.000254	4.605170	0.001172
懈褋褌芯褉懈懈	0.001272	0.116534	0.000148
懈褋褌芯褉懈褞	0.000254	0.116534	0.000030
懈褋褌芯褉懈褟	0.000254	3.506558	0.000892
懈褋褔械蟹邪褞褖懈泄	0.000254	3.912023	0.000995
懈褌邪谢懈懈	0.000509	0.105361	0.000054
懈褌邪谢褜褟薪褋泻邪褟	0.000254	0.116534	0.000030
懈褌芯谐械	0.000254	3.218876	0.000819
懈褞谢褟	0.000763	0.597837	0.000456
懈褞薪褟	0.000254	0.579818	0.000148
泄芯谐褍褉褌	0.000763	0.040822	0.000031
泻邪斜邪褔泻懈	0.000254	0.040822	0.000010
泻邪胁泻邪蟹褋泻邪褟	0.000254	0.116534	0.000030
泻邪蟹邪薪械	0.000254	0.116534	0.000030
泻邪蟹邪褏褋泻邪褟	0.000254	0.116534	0.000030
泻邪泻邪芯	0.002799	0.040822	0.000114
泻邪泻懈褏	0.000254	2.525729	0.000643
泻邪谢械泄写芯褋泻芯锌	0.001018	0.116534	0.000119
泻邪谢屑褘褑泻邪褟	0.000254	0.116534	0.000030
泻邪谢芯褉懈懈	0.000254	4.605170	0.001172
泻邪谢芯褉懈泄薪褘泄	0.000254	3.912023	0.000995
泻邪谢褜屑邪褉	0.000254	0.040822	0.000010
泻邪屑械薪薪褘屑懈	0.000254	4.605170	0.001172
泻邪屑械薪褜	0.000254	3.912023	0.000995
泻邪屑械褉邪	0.000254	0.116534	0.000030
泻邪薪邪写褋泻邪褟	0.000254	0.116534	0.000030
泻邪薪邪谢	0.000509	0.040822	0.000021
泻邪薪邪谢械	0.000254	0.040822	0.000010
泻邪薪邪锌械	0.000509	0.040822	0.000021
泻邪薪懈泻褍谢	0.000254	4.605170	0.001172
泻邪锌褍褋褌邪	0.000509	0.040822	0.000021
泻邪锌褍褋褌薪褟泻	0.000254	0.040822	0.000010
泻邪锌褍褋褌褘	0.000254	0.040822	0.000010
泻邪褉邪屑械谢褜	0.000254	0.040822	0.000010
泻邪褉懈薪邪	0.000254	4.605170	0.001172
泻邪褉泻邪褋薪褘泄	0.001018	0.116534	0.000119
泻邪褉褌芯褎械谢褜	0.000254	0.040822	0.000010
泻邪褉褌芯褎械谢褜薪芯械	0.000254	0.040822	0.000010
泻邪褉褌芯褎械谢褜薪褘泄	0.000763	0.116534	0.000089
泻邪褉褌芯褕泻邪	0.000509	0.040822	0.000021
泻邪褌械谐芯褉懈懈	0.000254	0.116534	0.000030
泻邪褌械谐芯褉懈褟	0.003817	0.150823	0.000576
泻邪褔械褋褌胁芯	0.000254	0.116534	0.000030
泻邪褕邪	0.000254	0.040822	0.000010
泻邪褕懈	0.001272	0.105361	0.000134
泻邪褕褍	0.000254	0.094311	0.000024
泻胁邪褋	0.000763	0.040822	0.000031
泻胁邪褋薪芯械	0.000763	0.116534	0.000089
泻胁邪褋芯屑	0.000254	0.127833	0.000033
泻械泻褋	0.000254	0.040822	0.000010
泻械泻褋褘	0.000509	0.116534	0.000059
泻械褎懈褉	0.000254	0.040822	0.000010
泻懈屑褔懈	0.000254	0.040822	0.000010
泻懈薪芯邪	0.000509	0.127833	0.000065
泻懈薪芯谢械薪褌邪	0.000254	0.116534	0.000030
泻懈褋械谢褜	0.000509	0.040822	0.000021
泻懈褋泻褍	0.000254	4.605170	0.001172
泻懈褌邪泄褋泻邪褟	0.000254	0.116534	0.000030
泻谢邪褋褋	0.002036	0.116534	0.000237
泻谢邪褋褋械	0.000254	3.912023	0.000995
泻谢邪褋褋褘	0.000254	0.116534	0.000030
泻谢褞泻胁邪	0.000254	3.218876	0.000819
泻薪懈谐褍	0.000509	0.040822	0.000021
泻芯泻褌械泄谢懈	0.000254	0.127833	0.000033
泻芯泻褌械泄谢褜	0.001272	0.040822	0.000052
泻芯谢斜邪褋邪	0.000254	0.040822	0.000010
泻芯谢斜邪褋薪褘屑懈	0.000763	0.116534	0.000089
泻芯屑邪薪写邪	0.000763	0.127833	0.000098
泻芯屑邪薪写械	0.000254	3.218876	0.000819
泻芯屑邪薪写褘	0.000254	4.605170	0.001172
泻芯屑懈	0.000254	0.116534	0.000030
泻芯屑屑械薪褌邪褉懈械胁	0.000254	0.223144	0.000057
泻芯屑锌邪薪懈泄	0.000254	0.105361	0.000027
泻芯屑锌芯褌	0.000763	0.040822	0.000031
泻芯薪懈薪褘	0.000254	0.116534	0.000030
泻芯薪泻褍褉褋	0.054962	0.105361	0.005791
泻芯薪泻褍褉褋邪	0.000254	0.116534	0.000030
泻芯薪泻褍褉褋邪褏	0.000254	0.040822	0.000010
泻芯薪泻褍褉褋械	0.000254	2.302585	0.000586
泻芯薪泻褍褉褋薪褘械	0.000254	0.127833	0.000033
泻芯薪褋械褉胁懈褉芯胁邪薪懈械	0.000254	0.040822	0.000010
泻芯薪褋械褉胁懈褉芯胁邪薪薪邪褟	0.000254	0.116534	0.000030
泻芯薪褋械褉胁懈褉芯胁邪薪薪芯械	0.000254	0.116534	0.000030
泻芯薪褋械褉胁懈褉芯胁邪薪薪褘械	0.000509	0.116534	0.000059
泻芯薪褋械褉胁懈褉芯胁邪薪薪褘泄	0.000254	0.116534	0.000030
泻芯薪褋褍谢褜褌邪薪褌邪屑	0.000254	3.218876	0.000819
泻芯薪褎械褌褌懈	0.000254	0.116534	0.000030
泻芯薪褎械褌褘	0.000763	0.040822	0.000031
泻芯薪褎懈写械薪褑懈邪谢褜薪芯褋褌懈	0.000254	0.040822	0.000010
泻芯薪褎懈褌褞褉	0.000254	0.040822	0.000010
泻芯薪褜褟泻	0.001527	2.207275	0.003370
泻芯锌懈褉芯胁邪褌褜	0.000254	4.605170	0.001172
泻芯锌褔械薪芯褋褌褟屑懈	0.000254	0.116534	0.000030
泻芯褉械泄褋泻邪褟	0.000254	0.116534	0.000030
泻芯褉械泄褋泻懈	0.000254	0.040822	0.000010
泻芯褉卸懈泻懈	0.000254	0.040822	0.000010
泻芯褉懈褑邪	0.000509	1.427116	0.000726
泻芯褉屑褟褖懈褏	0.000254	0.116534	0.000030
泻芯褉芯褔械	0.000254	2.995732	0.000762
泻芯褌谢械褌褘	0.000254	0.040822	0.000010
泻芯褌芯褉芯屑褍	0.000254	0.116534	0.000030
泻芯褎械	0.000509	0.040822	0.000021
泻芯褕邪褔褜懈褏	0.000254	4.605170	0.001172
泻褉邪褋懈胁芯	0.000254	1.832581	0.000466
泻褉邪褋懈褌械谢褜	0.001018	3.912023	0.003982
泻褉邪褋泻懈	0.000254	0.116534	0.000030
泻褉邪褋芯褌械薪褜	0.000254	4.605170	0.001172
泻褉邪褌泻芯	0.000254	4.605170	0.001172
泻褉邪褏屑邪谢	0.001018	0.891598	0.000907
泻褉械邪褌懈胁	0.000254	0.127833	0.000033
泻褉械屑	0.001527	0.040822	0.000062
泻褉械屑邪	0.000763	0.116534	0.000089
泻褉械屑芯胁邪褟	0.000254	4.605170	0.001172
泻褉械锌泻懈泄	0.000254	0.116534	0.000030
泻褉懈褋褌邪谢谢芯胁	0.000254	4.605170	0.001172
泻褉芯谢懈泻邪	0.000509	0.116534	0.000059
泻褉芯屑械	0.000254	0.061875	0.000016
泻褉芯锌芯褌谢懈胁褍褞	0.000254	4.605170	0.001172
泻褉芯褏懈	0.000254	0.116534	0.000030
泻褉褍谐褍	0.000509	0.116534	0.000059
泻褉褍锌	0.001527	0.116534	0.000178
泻褉褍锌邪	0.000254	0.127833	0.000033
泻褉褍锌薪褘褏	0.000254	4.605170	0.001172
泻褉褍锌褘	0.000509	0.127833	0.000065
泻褉褍锌褟薪褘械	0.000254	0.116534	0.000030
泻褍斜懈薪褋泻邪褟	0.000254	0.116534	0.000030
泻褍谢械褕	0.000254	0.040822	0.000010
泻褍谢懈薪邪褉邪屑	0.000254	3.506558	0.000892
泻褍谢懈薪邪褉懈懈	0.000763	0.094311	0.000072
泻褍谢懈薪邪褉薪邪褟	0.000254	0.116534	0.000030
泻褍谢懈薪邪褉薪芯械	0.000254	0.116534	0.000030
泻褍谢懈薪邪褉薪芯泄	0.000254	2.525729	0.000643
泻褍谢懈薪邪褉薪褍褞	0.000509	0.040822	0.000021
泻褍谢懈薪邪褉薪褘泄	0.000254	0.072571	0.000018
泻褍谢懈薪邪褉薪褘褏	0.001018	0.116534	0.000119
泻褍谢懈褔	0.000254	0.040822	0.000010
泻褍谢懈褔懈	0.000254	0.116534	0.000030
泻褍屑懈褉芯胁	0.000254	4.605170	0.001172
泻褍褉写褋泻邪褟	0.000254	0.116534	0.000030
泻褍褉懈薪芯谐芯	0.000254	0.116534	0.000030
泻褍褉懈薪芯械	0.005852	0.127833	0.000748
泻褍褉懈薪褘泄	0.000254	0.105361	0.000027
泻褍褉懈褑邪	0.000254	0.040822	0.000010
泻褍褉懈褑褘	0.000763	0.116534	0.000089
泻褍褉芯褔泻芯泄	0.000254	0.116534	0.000030
泻褍褋泻褍褋	0.000254	0.040822	0.000010
泻褍褋芯褔械泻	0.000254	2.525729	0.000643
泻褍褏薪械泄	0.000254	0.040822	0.000010
泻褍褏薪懈	0.000763	0.040822	0.000031
泻褍褏薪褟	0.001018	0.116534	0.000119
泻褍褔械泄	0.000254	3.218876	0.000819
谢邪胁邪褕	0.000509	0.040822	0.000021
谢邪胁邪褕邪	0.001018	0.116534	0.000119
谢邪谐屑邪薪	0.000254	0.040822	0.000010
谢邪泻芯屑褋褌胁芯	0.000509	0.116534	0.000059
谢邪锌褕邪	0.000509	0.040822	0.000021
谢邪褌褘褕褋泻邪褟	0.000254	0.116534	0.000030
谢械谐泻邪褟	0.000254	0.116534	0.000030
谢械谐泻懈泄	0.000763	0.116534	0.000089
谢械谐泻懈屑懈	0.000254	2.995732	0.000762
谢械谐泻懈褏	0.000254	3.218876	0.000819
谢械谐泻芯	0.001781	0.116534	0.000208
谢械谐芯泻	0.000254	3.218876	0.000819
谢械写	0.000509	3.912023	0.001991
谢械卸邪褌	0.000254	4.605170	0.001172
谢械薪懈胁褘泄	0.000254	1.897120	0.000483
谢械芯锌邪褉写	0.000509	4.605170	0.002344
谢械芯锌邪褉写邪	0.000254	4.605170	0.001172
谢械锌械褕泻懈	0.000509	0.040822	0.000021
谢械锌懈褌褋褟	0.000254	4.605170	0.001172
谢械锌泻芯泄	0.000254	4.605170	0.001172
谢械褌邪	0.000254	0.116534	0.000030
谢械褌薪懈械	0.000254	0.040822	0.000010
谢械褌薪懈褏	0.000254	4.605170	0.001172
谢械褌薪褟褟	0.000254	0.116534	0.000030
谢械褌芯	0.001272	0.116534	0.000148
谢械褔芯	0.000254	0.040822	0.000010
谢懈谐邪	0.000763	0.116534	0.000089
谢懈蟹褘	0.000254	4.605170	0.001172
谢懈泻械褉	0.000254	0.040822	0.000010
谢懈屑芯薪邪写	0.000509	0.040822	0.000021
谢懈锌薪械褌	0.000254	3.912023	0.000995
谢懈褌芯胁褋泻	0.000254	0.127833	0.000033
谢懈褌芯胁褋泻邪褟	0.000254	0.116534	0.000030
谢懈褌褉芯胁	0.000254	4.605170	0.001172
谢芯屑邪谢邪	0.000254	4.605170	0.001172
谢褍褔褕械屑	0.000254	4.605170	0.001172
谢褍褔褕懈械	0.000254	0.116534	0.000030
谢褍褔褕懈泄	0.000509	0.040822	0.000021
谢褍褔褕懈褏	0.000254	0.116534	0.000030
谢褞斜胁懈	0.000254	0.105361	0.000027
谢褞斜懈屑芯谐芯	0.000254	0.127833	0.000033
谢褞斜懈屑芯屑褍	0.000254	0.116534	0.000030
谢褞斜懈屑褘屑	0.000254	1.469676	0.000374
谢褞斜懈屑褘褏	0.001781	0.116534	0.000208
谢褞斜懈褌	0.000763	1.427116	0.001089
谢褞斜懈褌械	0.000254	1.966113	0.000500
谢褞斜懈褌械谢械泄	0.000254	2.525729	0.000643
谢褞斜谢褞	0.000254	1.514128	0.000385
谢褞斜芯胁褜	0.000254	0.116534	0.000030
谢褞斜芯谐芯	0.000254	2.302585	0.000586
谢褞斜芯泄	0.000254	0.116534	0.000030
谢褞写屑懈谢邪	0.000254	1.771957	0.000451
谢褢写	0.000254	0.127833	0.000033
屑邪谐褉懈斜邪	0.000254	0.116534	0.000030
屑邪泄	0.000254	0.116534	0.000030
屑邪泄芯薪械蟹	0.000254	0.116534	0.000030
屑邪泄芯薪械蟹邪	0.000254	2.813411	0.000716
屑邪泻邪褉芯薪薪褘械	0.000254	0.116534	0.000030
屑邪泻邪褉芯薪褘	0.000254	0.040822	0.000010
屑邪泻褋懈屑邪谢褜薪芯	0.000254	2.040221	0.000519
屑邪谢邪蟹懈泄褋泻邪褟	0.000254	0.116534	0.000030
屑邪屑邪	0.000254	1.771957	0.000451
屑邪屑褍褋褜胁懈泻褍褋褜	0.000254	3.912023	0.000995
屑邪薪薪懈泻	0.000254	0.040822	0.000010
屑邪薪褋邪褉写芯泄	0.000509	0.755023	0.000384
屑邪薪褌褘	0.000254	0.116534	0.000030
屑邪薪褢胁褉褘	0.000254	0.116534	0.000030
屑邪褉邪褎芯薪	0.000763	0.116534	0.000089
屑邪褉谐邪褉懈薪	0.000509	1.609438	0.000819
屑邪褉懈薪邪写	0.002290	0.040822	0.000093
屑邪褉懈薪邪写褘	0.000763	0.116534	0.000089
屑邪褉懈薪芯胁邪薪薪褘械	0.000254	0.116534	0.000030
屑邪褉屑械谢邪写	0.000763	0.040822	0.000031
屑邪褉芯泻泻邪薪褋泻邪褟	0.000254	0.116534	0.000030
屑邪褉褌邪	0.001781	0.105361	0.000188
屑邪褉褌械	0.000254	4.605170	0.001172
屑邪褉褕屑械谢谢芯褍	0.000509	3.912023	0.001991
屑邪褉褜褟薪邪	0.000254	4.605170	0.001172
屑邪褋泻邪褉锌芯薪械	0.000763	0.040822	0.000031
屑邪褋谢邪	0.000254	1.237874	0.000315
屑邪褋谢械薪懈褑邪	0.000763	0.040822	0.000031
屑邪褋谢械薪懈褔薪芯械	0.000254	0.116534	0.000030
屑邪褋谢芯	0.004835	0.116534	0.000563
屑邪褋谢芯屑	0.000254	0.116534	0.000030
屑邪褋褋邪	0.000509	2.659260	0.001353
屑邪褋褌械褉	0.002545	0.116534	0.000297
屑邪褋褌懈泻邪	0.000763	0.040822	0.000031
屑邪褋褌懈泻懈	0.000509	0.116534	0.000059
屑邪褋褌懈泻褍	0.000254	4.605170	0.001172
屑邪褎褎懈薪褘	0.000254	0.116534	0.000030
屑邪褏械械胁褗	0.001018	0.116534	0.000119
屑邪褟	0.000254	0.634878	0.000162
屑谐薪芯胁械薪薪芯	0.000254	3.218876	0.000819
屑械写	0.000509	1.832581	0.000933
屑械写懈邪褎芯褉褌	0.000763	0.000000	0.000000
屑械写芯胁懈泻	0.000254	4.605170	0.001172
屑械写芯胁褘泄	0.001018	0.116534	0.000119
屑械泻褋懈泻邪薪褋泻邪褟	0.000254	0.116534	0.000030
屑械薪褜褕械	0.000254	2.207275	0.000562
屑械薪褞	0.000254	0.116534	0.000030
屑械薪褟	0.001527	0.083382	0.000127
屑械薪褟械褌褋褟	0.000254	0.116534	0.000030
屑械褉褎褉懈褋斜芯褉芯	0.000254	4.605170	0.001172
屑械褋褜械	0.000254	3.218876	0.000819
屑械褔褌邪	0.000254	0.116534	0.000030
屑械褔褌褘	0.000509	0.040822	0.000021
屑懈写懈懈	0.000254	0.040822	0.000010
屑懈泻褉芯胁芯谢薪芯胁泻械	0.000254	0.116534	0.000030
屑懈谢褜械	0.000254	0.116534	0.000030
屑懈薪褍褌	0.000254	0.755023	0.000192
屑懈薪褍褌褘	0.000254	1.171183	0.000298
屑懈芯	0.000254	0.116534	0.000030
屑懈褉	0.000254	0.116534	0.000030
屑懈褉邪	0.000254	0.116534	0.000030
屑懈褉芯胁邪褟	0.000254	0.116534	0.000030
屑懈褋芯	0.000254	0.040822	0.000010
屑懈褋褌械褉懈褟	0.000254	0.116534	0.000030
屑懈褋褌褉邪谢褜	0.001781	0.116534	0.000208
屑薪械薪懈褟	0.000254	3.506558	0.000892
屑薪芯谐芯	0.000509	0.776529	0.000395
屑薪芯卸械褋褌胁芯屑	0.000254	0.040822	0.000010
屑芯械	0.000254	0.116534	0.000030
屑芯械谐芯	0.000254	1.771957	0.000451
屑芯械屑	0.000254	2.813411	0.000716
屑芯械屑褍	0.000254	1.897120	0.000483
屑芯卸械褌械	0.000254	0.000000	0.000000
屑芯懈屑	0.000254	2.302585	0.000586
屑芯懈褏	0.000509	1.832581	0.000933
屑芯泄	0.000509	0.105361	0.000054
屑芯谢写邪胁褋泻邪褟	0.000254	0.116534	0.000030
屑芯谢械泻褍谢褟褉薪邪褟	0.000254	4.605170	0.001172
屑芯谢芯泻邪	0.000254	1.714798	0.000436
屑芯谢芯泻械	0.000254	0.105361	0.000027
屑芯谢芯泻芯	0.004835	0.116534	0.000563
屑芯谢芯褔薪褘泄	0.001018	0.040822	0.000042
屑芯谢芯褔薪褘褏	0.000254	0.116534	0.000030
屑芯屑械薪褌	0.000763	0.116534	0.000089
屑芯薪谐芯谢褜褋泻邪褟	0.000254	0.116534	0.000030
屑芯褉械	0.000254	0.116534	0.000030
屑芯褉械锌褉芯写褍泻褌芯胁	0.002799	0.040822	0.000114
屑芯褉械锌褉芯写褍泻褌褘	0.000509	0.116534	0.000059
屑芯褉泻芯胁褜	0.000254	0.040822	0.000010
屑芯褉芯卸械薪芯谐芯	0.000254	3.506558	0.000892
屑芯褉芯卸械薪芯械	0.002036	0.040822	0.000083
屑芯褉褋	0.000254	0.040822	0.000010
屑芯褉褋褘	0.000254	0.116534	0.000030
屑芯褌芯褉	0.000254	0.116534	0.000030
屑芯褏懈褌芯	0.000254	0.040822	0.000010
屑芯褕械薪薪懈褔械褋褌胁邪	0.000254	4.605170	0.001172
屑芯褟	0.000509	1.427116	0.000726
屑褍卸褋泻邪褟	0.000254	0.127833	0.000033
屑褍卸褔懈薪褘	0.000509	0.116534	0.000059
屑褍泻邪	0.005089	0.274437	0.001397
屑褍泻懈	0.000509	2.040221	0.001038
屑褍谢褜褌懈胁邪褉泻械	0.009669	0.116534	0.001127
屑褍谢褜褌懈锌械泻邪褉械泄	0.000763	0.116534	0.000089
屑褍褋褋	0.001272	0.040822	0.000052
屑褍褋褋邪	0.000254	4.605170	0.001172
屑褍褋褋褘	0.000509	0.116534	0.000059
屑褍褔薪褘械	0.000254	0.116534	0.000030
屑褞褋谢懈	0.000509	0.116534	0.000059
屑褟谐泻懈屑	0.000254	2.120264	0.000540
屑褟谐泻芯泄	0.000254	2.659260	0.000677
屑褟褋邪	0.002036	0.116534	0.000237
屑褟褋薪芯谐芯	0.000509	0.116534	0.000059
屑褟褋薪芯泄	0.000254	0.116534	0.000030
屑褟褋薪褘械	0.001272	0.040822	0.000052
屑褟褋薪褘褏	0.000763	0.116534	0.000089
屑褟褋芯	0.002036	0.040822	0.000083
屑褟褋芯屑	0.001272	0.040822	0.000052
屑褟褋褍	0.000509	0.116534	0.000059
薪邪胁邪卸写械薪懈械	0.000254	4.605170	0.001172
薪邪胁械褉薪芯械	0.000254	2.207275	0.000562
薪邪胁械褉薪褟泻邪	0.000509	3.218876	0.001638
薪邪蟹胁邪谢	0.000254	3.912023	0.000995
薪邪蟹胁邪薪懈械	0.000763	0.941609	0.000719
薪邪蟹胁邪薪懈械屑	0.000509	1.203973	0.000613
薪邪蟹胁邪褌褜	0.000254	2.040221	0.000519
薪邪蟹薪邪褔械薪懈褟	0.000254	0.116534	0.000030
薪邪蟹褘胁邪械褌褋褟	0.000254	2.040221	0.000519
薪邪蟹褘胁邪谢褋褟	0.000254	3.506558	0.000892
薪邪蟹褘胁邪褞褌	0.000254	3.218876	0.000819
薪邪懈胁泻褍褋薪械泄褕械屑	0.000254	4.605170	0.001172
薪邪泄褌懈	0.000254	1.714798	0.000436
薪邪谢懈胁泻邪	0.000254	0.040822	0.000010
薪邪谢懈褔懈械	0.000254	3.912023	0.000995
薪邪锌懈褌泻懈	0.001527	0.040822	0.000062
薪邪锌懈褌芯泻	0.000254	0.040822	0.000010
薪邪锌褉邪胁懈谢	0.000254	4.605170	0.001172
薪邪锌褉懈屑械褉	0.000254	1.771957	0.000451
薪邪褋泻芯谢褜泻芯	0.000254	1.427116	0.000363
薪邪褋褌芯泄泻邪	0.000254	0.040822	0.000010
薪邪褋褌芯谢褜泻芯	0.000254	1.514128	0.000385
薪邪褋褌褉芯械薪懈械	0.000254	0.116534	0.000030
薪邪褋褘褖械薪薪褘械	0.000254	2.995732	0.000762
薪邪褍泻邪	0.000254	4.605170	0.001172
薪邪褍褔薪芯械	0.000254	4.605170	0.001172
薪邪褑懈芯薪邪谢褜薪褘械	0.000254	0.116534	0.000030
薪邪褔邪谢芯褋褜	0.000254	3.506558	0.000892
薪邪褔懈薪泻邪	0.000509	0.040822	0.000021
薪邪褔懈薪泻芯泄	0.000763	0.116534	0.000089
薪邪褕械泄	0.000509	1.347074	0.000686
薪邪褕械屑	0.000509	0.040822	0.000021
薪邪褕懈	0.000254	0.061875	0.000016
薪邪褕谢邪	0.000509	0.579818	0.000295
薪械胁械褉芯褟褌薪褘褏	0.000254	4.605170	0.001172
薪械胁芯蟹屑芯卸薪芯	0.000763	1.347074	0.001028
薪械谐芯	0.000254	0.941609	0.000240
薪械写械谢褟	0.002545	0.061875	0.000157
薪械写芯褋褌邪褌芯泻	0.000254	3.506558	0.000892
薪械卸薪械泄褕械谐芯	0.000254	3.506558	0.000892
薪械卸薪芯	0.000254	2.659260	0.000677
薪械卸薪芯械	0.000254	1.309333	0.000333
薪械卸薪芯泄	0.000509	0.116534	0.000059
薪械卸薪褘泄	0.000509	0.891598	0.000454
薪械卸薪褘屑	0.000509	2.040221	0.001038
薪械泄	0.000254	1.897120	0.000483
薪械泻芯褌芯褉褘屑懈	0.000254	2.995732	0.000762
薪械谢褜蟹褟	0.000254	2.302585	0.000586
薪械屑	0.000254	1.203973	0.000306
薪械屑械褑泻邪褟	0.000254	0.116534	0.000030
薪械屑薪芯谐芯	0.000254	1.203973	0.000306
薪械薪邪胁懈卸褍	0.000254	4.605170	0.001172
薪械芯斜褘泻薪芯胁械薪薪芯	0.000254	1.897120	0.000483
薪械芯斜褘褔薪褘泄	0.000254	1.347074	0.000343
薪械芯卸懈写邪薪薪褘械	0.000254	0.116534	0.000030
薪械褋谢邪写泻芯械	0.000254	0.116534	0.000030
薪械褋谢芯卸薪褘泄	0.000254	3.218876	0.000819
薪械褋屑芯褌褉褟	0.000254	2.525729	0.000643
薪械褋褍	0.000254	4.605170	0.001172
薪懈泻邪泻芯谐芯	0.000509	2.040221	0.001038
薪懈泻邪泻芯泄	0.000254	2.207275	0.000562
薪懈泻芯谐写邪	0.000254	1.771957	0.000451
薪懈泻褌芯	0.000254	1.897120	0.000483
薪懈薪邪	0.000254	1.203973	0.000306
薪懈褔械谐芯	0.000509	0.941609	0.000479
薪泻	0.000254	1.771957	0.000451
薪芯胁邪褟	0.000254	0.116534	0.000030
薪芯胁芯谐芯写薪械谐芯	0.001272	0.116534	0.000148
薪芯胁芯谐芯写薪械械	0.000763	0.116534	0.000089
薪芯胁芯谐芯写薪懈械	0.001527	0.040822	0.000062
薪芯胁芯谐芯写薪懈泄	0.001781	0.116534	0.000208
薪芯胁芯谐芯写薪褟褟	0.000254	0.105361	0.000027
薪芯胁芯褋褌褟褏	0.000254	0.061875	0.000016
薪芯胁褘械	0.000509	0.051293	0.000026
薪芯胁褘泄	0.002290	0.094311	0.000216
薪芯褉胁械卸褋泻邪褟	0.000254	0.116534	0.000030
薪芯褌泻邪屑懈	0.000254	3.912023	0.000995
薪芯褔褜	0.000509	2.813411	0.001432
薪芯褟斜褉褟	0.000509	0.527633	0.000269
薪褉邪胁懈谢褋褟	0.000254	4.605170	0.001172
薪褍卸薪褍褞	0.000254	4.605170	0.001172
薪褝屑械褋懈褋	0.000254	4.605170	0.001172
芯斜械写	0.000763	0.105361	0.000080
芯斜械蟹卸懈褉械薪薪芯谐芯	0.000254	3.218876	0.000819
芯斜械蟹褜褟薪褘	0.000254	0.116534	0.000030
芯斜械褖邪谢邪	0.000254	3.912023	0.000995
芯斜谢邪写邪械褌	0.000509	2.040221	0.001038
芯斜屑芯褉芯泻	0.000254	4.605170	0.001172
芯斜褉邪蟹芯屑	0.000254	2.207275	0.000562
芯斜褉邪蟹褍械褌	0.000254	2.995732	0.000762
芯斜褖邪褌褜褋褟	0.000254	0.040822	0.000010
芯斜褖邪褟	0.000254	2.995732	0.000762
芯斜褖械屑	0.000254	2.040221	0.000519
芯斜褗褟胁懈谢邪	0.000254	4.605170	0.001172
芯斜褗褟褋薪械薪懈械	0.000254	4.605170	0.001172
芯斜褘泻薪芯胁械薪薪褍褞	0.000254	4.605170	0.001172
芯斜褘褔薪芯	0.000254	1.714798	0.000436
芯胁芯褖邪屑懈	0.000254	0.116534	0.000030
芯胁芯褖械泄	0.003562	0.105361	0.000375
芯胁芯褖懈	0.001527	0.094311	0.000144
芯胁芯褖薪邪褟	0.000254	0.040822	0.000010
芯胁芯褖薪芯械	0.000254	0.116534	0.000030
芯胁芯褖薪芯泄	0.000509	0.105361	0.000054
芯胁芯褖薪褘械	0.001272	0.040822	0.000052
芯胁褋褟薪芯械	0.000254	0.116534	0.000030
芯谐薪械薪薪芯泄	0.000254	0.116534	0.000030
芯谐薪褟	0.000254	0.116534	0.000030
芯谐褉芯屑薪芯械	0.000509	1.237874	0.000630
芯谐褍褉褑褘	0.000509	0.116534	0.000059
芯写薪懈屑	0.000254	1.309333	0.000333
芯写薪芯谐芯	0.000254	1.660731	0.000423
芯写薪芯泄	0.000509	1.237874	0.000630
芯写薪芯屑	0.000509	1.771957	0.000902
芯蟹薪邪屑械薪芯胁邪薪懈械	0.000254	3.218876	0.000819
芯泻褉芯褕泻邪	0.000763	0.040822	0.000031
芯谢邪写褜懈	0.000763	0.040822	0.000031
芯谢械泄薪邪	0.000763	0.116534	0.000089
芯谢械泄薪芯泄	0.001018	0.116534	0.000119
芯谢械泄薪褘	0.000254	0.127833	0.000033
芯屑谢械褌	0.000254	0.040822	0.000010
芯锌邪褉邪	0.000254	0.040822	0.000010
芯锌懈褋邪薪懈械	0.000254	3.912023	0.000995
芯锌褉械写械谢械薪薪芯泄	0.000254	4.605170	0.001172
芯锌褉芯褋	0.000254	0.061875	0.000016
芯锌褟褌褜	0.000254	2.040221	0.000519
芯褉械褏懈	0.001018	1.139434	0.001160
芯褋械薪薪械械	0.000254	0.116534	0.000030
芯褋械薪薪懈械	0.000254	0.051293	0.000013
芯褋械薪薪懈泄	0.000509	0.116534	0.000059
芯褋械薪褜	0.002545	0.105361	0.000268
芯褋薪芯胁薪芯械	0.000254	0.040822	0.000010
芯褋芯斜械薪薪芯褋褌懈	0.000254	3.912023	0.000995
芯褋芯斜懈	0.000254	4.605170	0.001172
芯褋褌邪胁邪谢芯褋褜	0.000254	4.605170	0.001172
芯褋褌邪胁懈褌	0.000254	2.995732	0.000762
芯褋褌邪胁褕褍褞褋褟	0.000254	4.605170	0.001172
芯褋褌邪械褌褋褟	0.000254	0.116534	0.000030
芯褋褌邪薪芯胁懈褌褜褋褟	0.000254	1.714798	0.000436
芯褌斜邪胁谢褟泄	0.000254	4.605170	0.001172
芯褌胁械褌懈褌褜	0.000254	0.051293	0.000013
芯褌胁械褌芯胁	0.000254	0.051293	0.000013
芯褌胁械褌褘	0.000254	0.000000	0.000000
芯褌谐邪写邪谢	0.000254	4.605170	0.001172
芯褌泻褉褘褌褘泄	0.000509	0.116534	0.000059
芯褌谢懈褔薪芯	0.000509	1.514128	0.000771
芯褌谢懈褔薪褘械	0.000254	3.218876	0.000819
芯褌谢懈褔薪褘泄	0.000254	1.560648	0.000397
芯褌屑械薪懈褌褜	0.000254	0.040822	0.000010
芯褌屑械褌懈褌褜	0.000254	3.912023	0.000995
芯褌薪懈屑邪褌褜	0.000254	3.218876	0.000819
芯褌褌褍写邪	0.000254	4.605170	0.001172
芯褎懈褑懈邪谢褜薪芯械	0.000254	4.605170	0.001172
芯褎芯褉屑谢械薪懈械	0.000254	3.506558	0.000892
芯褏谢邪写懈褌褜	0.000254	0.116534	0.000030
芯褕懈斜邪谢邪褋褜	0.000254	4.605170	0.001172
芯褕懈斜邪褞褋褜	0.000254	3.912023	0.000995
芯褕懈斜懈褌褜褋褟	0.000254	4.605170	0.001172
芯褕懈斜芯泻	0.000254	2.813411	0.000716
锌邪泻械褌懈泻邪褏	0.000254	0.105361	0.000027
锌邪谢芯褔泻懈	0.000254	0.040822	0.000010
锌邪屑褟褌褜	0.000254	3.912023	0.000995
锌邪薪懈褉芯胁泻邪	0.002036	0.116534	0.000237
锌邪薪褔芯	0.000254	3.912023	0.000995
锌邪褉邪	0.000254	0.116534	0.000030
锌邪褉邪写	0.001781	0.116534	0.000208
锌邪褉芯胁邪褉泻械	0.002290	0.116534	0.000267
锌邪褉芯谢褜	0.000254	0.020203	0.000005
锌邪褋褌邪	0.000763	0.040822	0.000031
锌邪褋褌褉芯屑邪	0.000254	0.040822	0.000010
锌邪褋褏邪	0.000509	0.040822	0.000021
锌邪褋褏邪谢褜薪邪褟	0.000509	0.116534	0.000059
锌邪褋褏邪谢褜薪褘泄	0.000254	0.127833	0.000033
锌邪褕褌械褌	0.000254	0.040822	0.000010
锌邪褕褌械褌褘	0.000509	0.116534	0.000059
锌械泻	0.000254	4.605170	0.001172
锌械泻邪褉褟	0.000254	0.127833	0.000033
锌械谢褜屑械薪懈	0.000254	0.116534	0.000030
锌械薪邪	0.000254	4.605170	0.001172
锌械褉胁芯械	0.000509	0.040822	0.000021
锌械褉胁褘械	0.000254	0.127833	0.000033
锌械褉胁褘泄	0.000254	1.309333	0.000333
锌械褉胁褘屑	0.000254	0.116534	0.000030
锌械褉胁褘褏	0.000254	2.120264	0.000540
锌械褉械写邪褌褜	0.000254	3.218876	0.000819
锌械褉械泄褌懈	0.000254	0.040822	0.000010
锌械褉械泻褍褋	0.000509	0.116534	0.000059
锌械褉械屑械褕懈胁邪褌褜	0.000254	4.605170	0.001172
锌械褉械褑	0.000254	0.040822	0.000010
锌械褉褋芯薪褘	0.000254	0.116534	0.000030
锌械褉褍邪薪褋泻邪褟	0.000254	0.116534	0.000030
锌械褋芯褔薪芯械	0.000509	0.105361	0.000054
锌械褋芯褔薪褘泄	0.000254	0.116534	0.000030
锌械褌械谢懈薪泻懈	0.000254	0.127833	0.000033
锌械褔械薪芯褔薪褘泄	0.000254	0.040822	0.000010
锌械褔械薪褜械	0.002799	0.040822	0.000114
锌械褔械薪褜褟	0.000254	2.995732	0.000762
锌械褔懈	0.000254	0.127833	0.000033
锌械褔褜	0.000254	1.966113	0.000500
锌懈胁芯	0.000254	0.116534	0.000030
锌懈泻邪薪褌褘	0.000254	0.127833	0.000033
锌懈泻薪懈泻	0.000509	0.116534	0.000059
锌懈泻薪懈泻邪	0.000254	0.116534	0.000030
锌懈泻薪懈泻褍	0.000254	0.105361	0.000027
锌懈褉	0.000254	0.116534	0.000030
锌懈褉芯谐	0.001018	0.040822	0.000042
锌懈褉芯谐懈	0.000509	0.105361	0.000054
锌懈褉芯卸泻懈	0.000254	0.040822	0.000010
锌懈褉芯卸薪芯械	0.000763	0.040822	0.000031
锌懈褉芯卸薪褘械	0.000763	0.116534	0.000089
锌懈褌邪薪懈械	0.001272	0.105361	0.000134
锌懈褑褑邪	0.000509	0.040822	0.000021
锌懈褖械胁芯泄	0.001018	3.912023	0.003982
锌谢邪屑褟	0.000254	0.116534	0.000030
锌谢懈褌邪	0.001018	0.127833	0.000130
锌谢芯胁	0.000254	0.116534	0.000030
锌谢芯写褘	0.000254	0.116534	0.000030
锌芯斜邪谢芯胁邪褌褜	0.000254	2.525729	0.000643
锌芯斜械写邪	0.000254	3.218876	0.000819
锌芯斜械写懈谢邪	0.000254	4.605170	0.001172
锌芯斜械写褘	0.000509	2.995732	0.001525
锌芯胁邪褉	0.000254	2.407946	0.000613
锌芯胁邪褉械薪泻邪	0.000254	2.995732	0.000762
锌芯胁邪褉械薪泻械	0.000254	0.040822	0.000010
锌芯胁邪褉械薪芯泻	0.000254	0.061875	0.000016
锌芯胁邪褉褟褌	0.000254	0.116534	0.000030
锌芯胁邪褉褟褌邪屑懈	0.000254	0.040822	0.000010
锌芯胁邪褉褢薪泻邪	0.000254	0.116534	0.000030
锌芯胁械褉谐薪械褌	0.000254	4.605170	0.001172
锌芯胁械褉懈褌褜	0.000254	3.912023	0.000995
锌芯胁械褉褜褌械	0.000254	2.040221	0.000519
锌芯胁懈写谢芯	0.000254	0.040822	0.000010
锌芯胁芯写	0.000254	2.813411	0.000716
锌芯胁芯写邪	0.000254	3.912023	0.000995
锌芯胁芯写芯屑	0.000254	4.605170	0.001172
锌芯写邪褉泻芯胁	0.000254	0.116534	0.000030
锌芯写邪褔械泄	0.000254	3.912023	0.000995
锌芯写写械褉卸泻懈	0.000254	3.218876	0.000819
锌芯写谢懈胁邪	0.000254	0.116534	0.000030
锌芯写谢懈胁泻邪	0.000254	0.040822	0.000010
锌芯写薪褟谢邪褋褜	0.000254	4.605170	0.001172
锌芯写芯斜薪芯械	0.000254	3.218876	0.000819
锌芯写锌懈褋邪褌褜褋褟	0.000254	0.040822	0.000010
锌芯写锌懈褕懈褌械褋褜	0.000509	0.040822	0.000021
锌芯写褏芯写褟褖械谐芯	0.000254	4.605170	0.001172
锌芯写褗械谢邪	0.000254	4.605170	0.001172
锌芯械写懈薪泻懈	0.003562	0.116534	0.000415
锌芯卸邪谢械械褌械	0.000254	1.897120	0.000483
锌芯蟹胁芯谢懈褌褜	0.000254	3.912023	0.000995
锌芯蟹写褉邪胁褜	0.000254	0.116534	0.000030
锌芯懈褋泻	0.000254	0.051293	0.000013
锌芯泄屑械褌	0.000254	3.912023	0.000995
锌芯泻邪蟹邪谢褋褟	0.000254	3.912023	0.000995
锌芯泻褍锌邪谢邪	0.000254	3.912023	0.000995
锌芯谢写薪懈泻	0.000509	0.116534	0.000059
锌芯谢械蟹薪芯	0.000254	0.116534	0.000030
锌芯谢懈褌懈泻芯泄	0.000254	0.040822	0.000010
锌芯谢薪芯褋褌褜褞	0.000509	1.347074	0.000686
锌芯谢芯胁懈薪邪	0.002036	0.116534	0.000237
锌芯谢褍褔邪械褌褋褟	0.000763	0.400478	0.000306
锌芯谢褍褔邪泄褌械	0.000254	0.040822	0.000010
锌芯谢褍褔邪谢芯褋褜	0.000254	3.912023	0.000995
锌芯谢褍褔邪褌褜	0.000254	0.040822	0.000010
锌芯谢褍褔懈谢芯褋褜	0.000254	0.994252	0.000253
锌芯谢褍褔懈谢褋褟	0.000254	2.525729	0.000643
锌芯谢褍褔懈褌褋褟	0.000254	1.714798	0.000436
锌芯谢褜蟹邪	0.000254	0.127833	0.000033
锌芯谢褜蟹芯泄	0.001018	0.116534	0.000119
锌芯谢褜褋泻邪褟	0.000254	0.116534	0.000030
锌芯屑邪写泻邪	0.000509	0.040822	0.000021
锌芯屑邪写泻懈	0.000254	0.116534	0.000030
锌芯屑邪褋褕褌邪斜薪械械	0.000254	4.605170	0.001172
锌芯屑懈写芯褉泻懈	0.000254	0.127833	0.000033
锌芯屑懈写芯褉褘	0.000509	0.116534	0.000059
锌芯屑懈薪械	0.000254	3.506558	0.000892
锌芯薪褉邪胁懈胁褕懈械褋褟	0.000254	0.040822	0.000010
锌芯薪褉邪胁懈谢邪褋褜	0.000254	3.506558	0.000892
锌芯薪褉邪胁懈褌褋褟	0.000254	1.427116	0.000363
锌芯薪褔懈泻懈	0.000509	0.040822	0.000021
锌芯锌邪写邪褞褌	0.000254	4.605170	0.001172
锌芯锌褉芯斜芯胁邪褌褜	0.000763	0.798508	0.000610
锌芯锌褉芯斜褍泄褌械	0.000254	0.562119	0.000143
锌芯锌褍谢褟褉械薪	0.000254	3.912023	0.000995
锌芯锌褘褌邪谢邪褋褜	0.000254	4.605170	0.001172
锌芯褉邪	0.000254	0.116534	0.000030
锌芯褉邪写褍械褌	0.000254	1.660731	0.000423
锌芯褉芯褕芯泻	0.002036	0.916291	0.001865
锌芯褉褌邪谢械褋	0.000254	4.605170	0.001172
锌芯褉褌褍谐邪谢褜褋泻邪褟	0.000254	0.116534	0.000030
锌芯褉褘	0.000254	4.605170	0.001172
锌芯褋胁褟褌懈褌褜	0.000254	3.506558	0.000892
锌芯褋胁褟褖械薪懈褟	0.000254	4.605170	0.001172
锌芯褋械褖邪械褌械	0.000254	0.061875	0.000016
锌芯褋屑芯褌褉械褌褜	0.000254	3.506558	0.000892
锌芯褋褌	0.001272	0.105361	0.000134
锌芯褋褌邪胁懈褌褜	0.000254	2.525729	0.000643
锌芯褋褌薪芯械	0.000254	0.116534	0.000030
锌芯褋褌薪褘械	0.000254	0.040822	0.000010
锌芯褋褌薪褘泄	0.000254	0.116534	0.000030
锌芯褋褌芯褟薪薪芯	0.000254	0.040822	0.000010
锌芯褋褌褉芯懈屑	0.000254	0.116534	0.000030
锌芯褋褍写邪	0.000509	0.094311	0.000048
锌芯褋褘锌泻邪	0.000254	3.912023	0.000995
锌芯褌褉褟褋邪褞褖械	0.000254	1.560648	0.000397
锌芯褏芯卸懈泄	0.000254	2.995732	0.000762
锌芯褔褌懈	0.000254	1.021651	0.000260
锌芯褔褌褍	0.000254	0.040822	0.000010
锌芯褕邪谐芯胁褘械	0.000254	0.301105	0.000077
锌芯褕邪谐芯胁褘屑懈	0.000254	0.040822	0.000010
锌褉邪胁懈谢芯	0.000254	3.506558	0.000892
锌褉邪蟹写薪懈泻	0.000254	1.832581	0.000466
锌褉邪蟹写薪懈泻邪	0.000509	0.116534	0.000059
锌褉邪蟹写薪懈褔薪芯	0.000254	0.116534	0.000030
锌褉邪蟹写薪懈褔薪芯谐芯	0.000509	0.116534	0.000059
锌褉邪蟹写薪懈褔薪芯屑	0.000509	1.771957	0.000902
锌褉邪蟹写薪懈褔薪褘泄	0.000254	0.116534	0.000030
锌褉邪泻褌懈泻褍屑	0.000254	0.116534	0.000030
锌褉械胁芯褋褏芯写薪褘械	0.000254	0.116534	0.000030
锌褉械胁褉邪褖械薪懈褟	0.000254	0.116534	0.000030
锌褉械写谢芯卸械薪懈泄	0.000254	4.605170	0.001172
锌褉械写谢芯卸懈谢邪	0.000254	3.218876	0.000819
锌褉械褋薪芯械	0.000254	0.116534	0.000030
锌褉懈谐芯褌芯胁懈屑	0.000254	0.116534	0.000030
锌褉懈谐芯褌芯胁懈褌褜	0.001018	0.342490	0.000349
锌褉懈谐芯褌芯胁谢械薪	0.000254	2.302585	0.000586
锌褉懈谐芯褌芯胁谢械薪懈械	0.000509	0.105361	0.000054
锌褉懈谐芯褌芯胁谢械薪懈懈	0.000509	0.798508	0.000406
锌褉懈谐芯褌芯胁谢械薪懈褞	0.000254	0.040822	0.000010
锌褉懈谐芯褌芯胁谢械薪薪褘泄	0.000254	2.525729	0.000643
锌褉懈写褍屑邪褌褜	0.000254	2.525729	0.000643
锌褉懈蟹薪邪薪懈械	0.000254	0.116534	0.000030
锌褉懈蟹芯胁	0.000254	0.040822	0.000010
锌褉懈薪邪写谢械卸懈褌	0.000254	3.218876	0.000819
锌褉懈薪懈屑邪械褌	0.000254	4.605170	0.001172
锌褉懈锌褉邪胁邪	0.000254	0.040822	0.000010
锌褉懈褉芯写褍	0.000254	0.116534	0.000030
锌褉懈褉芯写褘	0.000254	0.116534	0.000030
锌褉懈褋锌芯褋芯斜懈褌褜	0.000254	4.605170	0.001172
锌褉懈褋褌褍锌懈褌褜	0.000254	0.040822	0.000010
锌褉芯斜	0.000254	2.995732	0.000762
锌褉芯斜芯胁邪谢邪	0.000254	1.897120	0.000483
锌褉芯胁械写懈	0.001018	0.116534	0.000119
锌褉芯胁械褉械薪薪褘泄	0.000254	3.506558	0.000892
锌褉芯胁械褉械薪芯	0.001527	0.116534	0.000178
锌褉芯胁芯写懈屑褘褏	0.000254	0.040822	0.000010
锌褉芯胁芯卸邪械屑	0.000254	0.116534	0.000030
锌褉芯写褍泻褌芯胁	0.000509	0.094311	0.000048
锌褉芯械泻褌芯胁	0.000254	0.116534	0.000030
锌褉芯械泻褌褘	0.000254	0.061875	0.000016
锌褉芯屑芯谢褔褍	0.000254	4.605170	0.001172
锌褉芯锌芯褉褑懈懈	0.000254	1.714798	0.000436
锌褉芯褋屑芯褌褉邪屑	0.000254	0.274437	0.000070
锌褉芯褋褌芯	0.002799	0.083382	0.000233
锌褉芯褋褌芯泻胁邪褕邪	0.000254	0.040822	0.000010
锌褉芯褎懈谢褜	0.000254	0.040822	0.000010
锌褉芯褑械褋褋	0.000254	2.813411	0.000716
锌褉芯褑械褋褋械	0.000254	3.506558	0.000892
锌褉芯褕械写褕械屑	0.000254	4.605170	0.001172
锌褉芯褕械写褕懈泄	0.000254	4.605170	0.001172
锌褉芯褕褍	0.000254	1.139434	0.000290
锌褉芯褕褍褌褌芯	0.000254	4.605170	0.001172
锌褉芯褖械薪懈褟	0.000254	3.506558	0.000892
锌褉褟屑芯	0.000254	0.040822	0.000010
锌褉褟薪懈泻	0.000254	0.040822	0.000010
锌褉褟薪懈泻懈	0.000254	0.116534	0.000030
锌褉褟薪懈褔薪芯械	0.000254	0.116534	0.000030
锌褌懈褑邪	0.001272	0.116534	0.000148
锌褌懈褑械	0.000509	0.116534	0.000059
锌褌懈褑械泄	0.000254	0.127833	0.000033
锌褌懈褑褘	0.002799	0.116534	0.000326
锌褌懈褔褜械谐芯	0.000254	4.605170	0.001172
锌褍写懈薪谐	0.000254	0.040822	0.000010
锌褍写懈薪谐懈	0.000509	0.116534	0.000059
锌褍写褉邪	0.001527	1.897120	0.002896
锌褍写褉械	0.000254	4.605170	0.001172
锌褍薪褕	0.000254	0.040822	0.000010
锌褍褌械褕械褋褌胁懈械	0.000509	0.116534	0.000059
锌褍褌褜	0.000254	0.116534	0.000030
锌褕械薪懈褔薪邪褟	0.005089	0.287682	0.001464
锌褘褌邪褟褋褜	0.000254	4.605170	0.001172
锌褘褕泻懈	0.000254	0.040822	0.000010
锌褞褉械	0.001018	0.040822	0.000042
褉邪斜芯褌邪	0.000509	2.995732	0.001525
褉邪斜芯褌褍	0.000254	1.560648	0.000397
褉邪谐褍	0.000254	0.116534	0.000030
褉邪蟹	0.001527	0.446287	0.000681
褉邪蟹胁械褉薪褍褌褜	0.000254	0.116534	0.000030
褉邪蟹写械谢褜薪芯械	0.000254	0.116534	0.000030
褉邪蟹屑械褉芯胁	0.000254	3.912023	0.000995
褉邪蟹薪懈褑邪	0.000254	3.912023	0.000995
褉邪蟹薪褘械	0.000254	0.116534	0.000030
褉邪蟹褉褘褏谢懈褌械谢褜	0.001527	1.237874	0.001890
褉邪蟹褍	0.000254	2.525729	0.000643
褉邪薪褜褕械	0.000254	1.560648	0.000397
褉邪褋泻褉褘胁邪械褌	0.000254	3.912023	0.000995
褉邪褋褋泻邪蟹邪褌褜	0.000509	2.659260	0.001353
褉邪褋褋芯谢褜薪懈泻	0.000509	0.040822	0.000021
褉邪褋褋芯谢褜薪懈泻邪	0.000254	0.116534	0.000030
褉邪褋褋褘谢泻懈	0.000254	0.061875	0.000016
褉械胁芯谢褞褑懈芯薪薪褘褏	0.000254	4.605170	0.001172
褉械谐懈褋褌褉邪褑懈懈	0.000509	0.010050	0.000005
褉械谐懈褋褌褉邪褑懈褟	0.000254	0.000000	0.000000
褉械蟹褍谢褜褌邪褌	0.001018	0.967584	0.000985
褉械蟹褍谢褜褌邪褌械	0.000254	2.525729	0.000643
褉械泄褌懈薪谐褍	0.000254	0.248461	0.000063
褉械泻芯屑械薪写褍褞	0.000509	1.049822	0.000534
褉械褋锌褍斜谢懈泻械	0.000254	4.605170	0.001172
褉械褑械锌褌	0.004835	0.040822	0.000197
褉械褑械锌褌邪	0.000509	0.462035	0.000235
褉械褑械锌褌邪褏	0.000254	0.061875	0.000016
褉械褑械锌褌芯胁	0.001527	0.040822	0.000062
褉械褑械锌褌芯屑	0.000254	0.693147	0.000176
褉械褑械锌褌褍	0.000509	0.891598	0.000454
褉械褑械锌褌褘	0.018321	0.040822	0.000748
褉械褕懈谢	0.000254	2.995732	0.000762
褉械褕懈谢邪	0.000254	0.820981	0.000209
褉懈褋	0.001018	0.040822	0.000042
褉懈褋邪	0.000254	0.116534	0.000030
褉懈褋泻薪械褌	0.000254	3.912023	0.000995
褉懈褋芯胁邪谢	0.000254	4.605170	0.001172
褉懈褌屑械	0.000254	0.116534	0.000030
褉芯谐邪谢懈泻懈	0.000254	0.040822	0.000010
褉芯写懈谢褋褟	0.000254	3.218876	0.000819
褉芯写懈褌械谢褟屑	0.000254	4.605170	0.001172
褉芯写薪芯械	0.000254	0.116534	0.000030
褉芯写薪芯屑	0.000254	3.912023	0.000995
褉芯卸写械薪懈褟	0.000763	0.105361	0.000080
褉芯卸写械褋褌胁芯	0.000254	0.116534	0.000030
褉芯蟹芯褔泻懈	0.000763	3.912023	0.002986
褉芯谢谢褌芯薪	0.000254	0.116534	0.000030
褉芯谢谢褘	0.000509	0.040822	0.000021
褉芯屑	0.000254	0.040822	0.000010
褉芯褋褋懈懈	0.000254	2.659260	0.000677
褉褌褍	0.000254	1.469676	0.000374
褉褍斜褉懈泻邪褌芯褉	0.000254	0.051293	0.000013
褉褍泻邪	0.000254	4.605170	0.001172
褉褍泻邪屑	0.000254	4.605170	0.001172
褉褍泻懈	0.000254	2.813411	0.000716
褉褍泻芯胁芯写褋褌胁芯屑	0.000254	4.605170	0.001172
褉褍谢械褌	0.000254	0.040822	0.000010
褉褍谢械褌邪	0.000254	2.813411	0.000716
褉褍谢械褌褘	0.002545	0.116534	0.000297
褉褍屑褘薪褋泻邪褟	0.000254	0.116534	0.000030
褉褍屑褟薪褘械	0.000254	0.116534	0.000030
褉褍薪械褌械	0.000254	0.020203	0.000005
褉褍褋褋泻邪褟	0.000254	0.116534	0.000030
褉褍褔泻懈	0.000254	2.525729	0.000643
褉褘斜邪	0.002290	0.040822	0.000093
褉褘斜械	0.000509	0.116534	0.000059
褉褘斜薪邪褟	0.000254	0.116534	0.000030
褉褘斜薪芯谐芯	0.000509	0.116534	0.000059
褉褘斜薪褘械	0.001018	0.116534	0.000119
褉褘斜薪褘泄	0.000509	0.116534	0.000059
褉褘斜薪褘褏	0.000254	0.116534	0.000030
褉褘斜芯泄	0.000509	0.116534	0.000059
褉褘斜褘	0.003053	0.116534	0.000356
褉褟写	0.000254	4.605170	0.001172
褉褟卸械薪泻邪	0.000254	0.116534	0.000030
褋邪胁芯褟褉写懈	0.000254	4.605170	0.001172
褋邪泄褌	0.000763	0.000000	0.000000
褋邪泄褌邪	0.000254	1.108663	0.000282
褋邪泄褌械	0.000254	0.462035	0.000118
褋邪泄褌芯胁	0.000254	2.659260	0.000677
褋邪泄褌褍	0.000509	0.061875	0.000031
褋邪谢邪褌	0.000254	0.094311	0.000024
褋邪谢邪褌薪邪褟	0.000254	0.116534	0.000030
褋邪谢邪褌褘	0.007888	0.040822	0.000322
褋邪屑芯谐芯	0.000254	2.813411	0.000716
褋邪屑芯谐芯薪	0.000254	0.040822	0.000010
褋邪屑褘褏	0.000763	0.116534	0.000089
褋邪褍薪芯泄	0.000509	3.506558	0.001785
褋邪褎	0.000763	0.116534	0.000089
褋邪褎褋械屑	0.000254	0.116534	0.000030
褋邪褏邪褉	0.007634	0.116534	0.000890
褋邪褏邪褉械	0.000254	3.912023	0.000995
褋邪褏邪褉薪邪褟	0.001527	1.897120	0.002896
褋邪褏邪褉薪芯泄	0.000254	3.912023	0.000995
褋斜懈褌械薪褜	0.000254	0.040822	0.000010
褋胁械卸械褋褌褜	0.000254	0.105361	0.000027
褋胁械泻谢邪	0.000254	0.040822	0.000010
褋胁械泻芯谢褜薪懈泻	0.000509	0.040822	0.000021
褋胁械褌邪	0.001018	0.116534	0.000119
褋胁懈薪懈薪邪	0.000254	0.040822	0.000010
褋胁懈薪懈薪褘	0.001018	0.116534	0.000119
褋胁芯斜芯写薪芯谐芯	0.000509	3.912023	0.001991
褋胁芯械	0.000254	0.116534	0.000030
褋胁芯械谐芯	0.000254	1.897120	0.000483
褋胁芯械屑	0.000254	0.040822	0.000010
褋胁芯懈屑	0.000509	0.040822	0.000021
褋胁芯懈褏	0.000254	1.347074	0.000343
褋胁芯褞	0.000254	0.040822	0.000010
褋谐褍褖械薪泻邪	0.000254	0.040822	0.000010
褋谐褍褖械薪薪芯械	0.003053	2.040221	0.006230
褋写械谢邪褌褜	0.000509	1.021651	0.000520
褋械谐芯写薪褟	0.000254	0.843970	0.000215
褋械蟹芯薪	0.000254	0.116534	0.000030
褋械泄褔邪褋	0.000509	0.030459	0.000016
褋械泻褉械褌	0.000254	1.609438	0.000410
褋械泻褉械褌芯胁	0.000254	3.912023	0.000995
褋械泻褉械褌褘	0.000509	0.116534	0.000059
褋械谢械写泻邪	0.000254	0.040822	0.000010
褋械屑谐邪	0.000254	0.040822	0.000010
褋械屑械泄薪褘泄	0.000509	0.116534	0.000059
褋械屑械泄褋褌胁邪	0.000254	3.218876	0.000819
褋械屑褜懈	0.000254	0.116534	0.000030
褋械屑褜褟	0.000254	2.813411	0.000716
褋械薪褌褟斜褉褟	0.000254	0.673345	0.000171
褋械褉械写懈薪褍	0.000254	3.912023	0.000995
褋懈写褉	0.000254	0.040822	0.000010
褋懈褉懈泄褋泻邪褟	0.000254	0.116534	0.000030
褋懈褉芯锌	0.000763	0.040822	0.000031
褋懈褉芯锌褘	0.000254	0.116534	0.000030
褋懈褋褌械屑褘	0.000254	0.040822	0.000010
褋懈褌懈	0.000254	0.127833	0.000033
褋泻邪蟹邪褌褜	0.000509	0.653926	0.000333
褋泻邪蟹芯泻	0.000254	0.116534	0.000030
褋谢邪写泻邪褟	0.000509	0.116534	0.000059
褋谢邪写泻懈械	0.001527	0.040822	0.000062
褋谢邪写泻懈泄	0.002290	0.105361	0.000241
褋谢邪写泻懈褏	0.000509	0.116534	0.000059
褋谢邪写泻芯	0.000254	0.116534	0.000030
褋谢邪写芯泻	0.000254	3.218876	0.000819
褋谢懈胁泻懈	0.005089	1.078810	0.005490
褋谢懈胁芯泻	0.001272	2.995732	0.003811
褋谢懈胁芯褔薪芯械	0.005089	0.116534	0.000593
褋谢懈胁芯褔薪褘械	0.000254	3.218876	0.000819
褋谢懈胁芯褔薪褘屑	0.000254	1.966113	0.000500
褋谢芯胁芯屑	0.000254	2.995732	0.000762
褋谢芯械薪芯谐芯	0.000254	0.127833	0.000033
褋谢芯械薪芯械	0.000254	0.116534	0.000030
褋谢芯械薪褘泄	0.000254	0.116534	0.000030
褋谢芯卸薪芯	0.000254	2.525729	0.000643
褋谢芯泄泻邪	0.000254	0.040822	0.000010
褋谢芯泄泻懈	0.000254	0.116534	0.000030
褋谢褍褔邪泄薪芯	0.000254	2.407946	0.000613
褋谢褍褔邪褟	0.000254	3.506558	0.000892
褋谢褘褕邪谢懈	0.000254	3.912023	0.000995
褋屑械褋褜	0.000254	1.660731	0.000423
褋屑械褌邪薪邪	0.002799	0.105361	0.000295
褋屑械褌邪薪芯泄	0.000254	3.912023	0.000995
褋屑械褕邪薪薪芯谐芯	0.000254	0.116534	0.000030
褋屑芯卸械褌械	0.000254	0.040822	0.000010
褋屑芯褌褉懈褌褋褟	0.000254	3.218876	0.000819
褋屑芯褌褉褟	0.000254	2.995732	0.000762
褋屑褍谐谢褟薪泻邪	0.000763	4.605170	0.003515
褋屑褍蟹懈	0.000763	0.040822	0.000031
褋屑褘褋谢械	0.000254	2.813411	0.000716
褋薪褝泻	0.000254	0.116534	0.000030
褋芯斜懈褉邪械褌械褋褜	0.000254	0.040822	0.000010
褋芯斜褘褌懈械	0.000254	2.995732	0.000762
褋芯胁械褉褕械薪褋褌胁芯	0.001272	0.116534	0.000148
褋芯胁械褌邪屑懈	0.000254	0.040822	0.000010
褋芯胁械褌褍褞	0.000509	1.139434	0.000580
褋芯胁褋械屑	0.000254	1.139434	0.000290
褋芯谐谢邪褕邪械褌械褋褜	0.000254	0.040822	0.000010
褋芯写邪	0.001527	0.967584	0.001477
褋芯蟹写邪械褌	0.000254	0.116534	0.000030
褋芯蟹写邪薪懈褟	0.000509	0.261365	0.000133
褋芯蟹写邪褌褜	0.000254	3.506558	0.000892
褋芯泻	0.000254	0.116534	0.000030
褋芯泻邪	0.000254	0.105361	0.000027
褋芯泻懈	0.000254	0.040822	0.000010
褋芯谢械薪褘械	0.000763	0.116534	0.000089
褋芯谢械薪褜褟	0.000509	0.116534	0.000059
褋芯谢薪械褔薪芯泄	0.000254	0.127833	0.000033
褋芯谢褜	0.001527	0.150823	0.000230
褋芯谢褟薪泻邪	0.000509	0.040822	0.000021
褋芯褉褌懈褉芯胁邪褌褜	0.000254	0.248461	0.000063
褋芯褋褌邪胁褜	0.000254	0.116534	0.000030
褋芯褍褋	0.002036	0.040822	0.000083
褋芯褍褋芯屑	0.001272	0.116534	0.000148
褋芯褍褋褘	0.001018	0.116534	0.000119
褋芯褏褉邪薪褟褌褜	0.000254	0.040822	0.000010
褋芯褑褋械褌懈	0.000254	0.040822	0.000010
褋芯褔械褌邪薪懈械	0.000254	0.116534	0.000030
褋芯褔械褌邪褞褌褋褟	0.000509	3.912023	0.001991
褋芯褔薪芯	0.000254	2.120264	0.000540
褋芯褔薪芯械	0.000254	0.116534	0.000030
褋锌邪褋懈斜芯	0.000509	0.673345	0.000343
褋锌械褑懈邪谢褜薪芯械	0.000254	0.116534	0.000030
褋锌械褑懈懈	0.000254	0.105361	0.000027
褋锌械褑锌褉芯械泻褌	0.008397	0.116534	0.000979
褋锌懈褋芯泻	0.000254	0.116534	0.000030
褋锌芯褞	0.000254	0.116534	0.000030
褋褉邪胁薪懈褌褜	0.000254	4.605170	0.001172
褋褉邪蟹褍	0.000254	0.733969	0.000187
褋褉械写懈蟹械屑薪芯屑芯褉褋泻邪褟	0.000254	0.127833	0.000033
褋褉械蟹械	0.000254	4.605170	0.001172
褋褌邪谢懈	0.000254	3.912023	0.000995
褋褌邪褉邪褞褋褜	0.000254	2.813411	0.000716
褋褌邪褉褘械	0.000254	0.261365	0.000067
褋褌邪褌褜褟褏	0.000254	0.061875	0.000016
褋褌懈谢械	0.000254	0.116534	0.000030
褋褌懈谢褟	0.000254	0.116534	0.000030
褋褌芯懈褌	0.000254	1.771957	0.000451
褋褌芯谢	0.000509	0.105361	0.000054
褋褌芯谢邪	0.001781	0.116534	0.000208
褋褌芯谢械	0.000509	1.469676	0.000748
褋褌芯褉芯薪褘	0.000254	2.659260	0.000677
褋褌褉芯谐芯	0.000254	2.407946	0.000613
褋褌褉芯懈褌械谢褜褋褌胁械	0.000254	0.040822	0.000010
褋褌褉芯懈褌械谢褜褋褌胁褍	0.000254	0.040822	0.000010
褋褌褉芯懈褌褜	0.000254	0.040822	0.000010
褋褌褉芯泄薪芯泄	0.000254	0.116534	0.000030
褋褌褉褍泻褌褍褉邪	0.000254	3.912023	0.000995
褋褌褉褍泻褌褍褉械	0.000254	3.218876	0.000819
褋褌褉褍泻褌褍褉芯泄	0.000509	4.605170	0.002344
褋褍斜锌褉芯写褍泻褌芯胁	0.001781	0.116534	0.000208
褋褍斜锌褉芯写褍泻褌褘	0.000763	0.116534	0.000089
褋褍锌	0.002290	0.040822	0.000093
褋褍锌邪	0.000254	0.040822	0.000010
褋褍锌械褉斜邪斜褍褕泻邪	0.000254	1.237874	0.000315
褋褍锌褘	0.002290	0.040822	0.000093
褋褍褎谢械	0.001527	0.040822	0.000062
褋褍褏邪褉懈	0.000254	0.040822	0.000010
褋褍褕懈	0.000509	0.040822	0.000021
褋褎械褉褍	0.000254	4.605170	0.001172
褋褗械写褟褌褋褟	0.000254	4.605170	0.001172
褋褘褉	0.000763	0.040822	0.000031
褋褘褉邪	0.001272	0.116534	0.000148
褋褘褉邪屑懈	0.000254	0.127833	0.000033
褋褘褉薪懈泻	0.000254	0.040822	0.000010
褋褘褉薪懈泻懈	0.000509	0.116534	0.000059
褋褘褉薪褘械	0.001018	0.040822	0.000042
褋褘褌薪褘泄	0.000509	0.105361	0.000054
褋褘褔褍卸薪褘屑懈	0.000254	0.127833	0.000033
褋褝薪写胁懈褔懈	0.000254	0.127833	0.000033
褋褞褉锌褉懈蟹	0.000254	0.116534	0.000030
褌邪写卸懈泻褋泻邪褟	0.000254	0.116534	0.000030
褌邪械褌	0.000254	2.120264	0.000540
褌邪泄褋泻邪褟	0.000254	0.116534	0.000030
褌邪泻懈屑	0.000254	1.021651	0.000260
褌邪泻懈褏	0.000254	1.660731	0.000423
褌邪泻芯谐芯	0.001272	1.078810	0.001373
褌邪泻芯屑	0.000509	1.897120	0.000965
褌邪褉械谢泻懈	0.000254	2.995732	0.000762
褌邪褉褌	0.000254	0.116534	0.000030
褌邪褉褌邪谢械褌泻懈	0.000509	0.040822	0.000021
褌邪褌邪褉褋泻邪褟	0.000254	0.116534	0.000030
褌胁械褉写芯	0.000254	3.912023	0.000995
褌胁芯懈	0.000509	0.116534	0.000059
褌胁芯褉懈	0.000254	0.116534	0.000030
褌胁芯褉芯谐	0.002036	0.040822	0.000083
褌胁芯褉芯谐邪	0.000254	1.897120	0.000483
褌胁芯褉芯谐芯屑	0.000254	0.105361	0.000027
褌胁芯褉芯卸薪邪褟	0.000509	2.302585	0.001172
褌胁芯褉芯卸薪芯	0.000509	2.813411	0.001432
褌胁芯褉芯卸薪芯械	0.000254	0.116534	0.000030
褌胁芯褉芯卸薪褘械	0.000509	0.116534	0.000059
褌胁芯褉芯卸薪褘泄	0.001018	0.116534	0.000119
褌械谢械谐褉邪屑	0.000254	0.040822	0.000010
褌械谢褟褌懈薪褘	0.001018	0.116534	0.000119
褌械屑	0.000763	0.967584	0.000739
褌械屑薪褘泄	0.008397	2.040221	0.017132
褌械锌械褉褜	0.000254	0.916291	0.000233
褌械锌谢芯械	0.000254	4.605170	0.001172
褌械锌谢芯屑	0.000254	0.116534	0.000030
褌械褉屑懈薪	0.000254	3.912023	0.000995
褌械褉褉懈薪	0.000254	0.040822	0.000010
褌械褋褌	0.001272	0.127833	0.000163
褌械褋褌邪	0.003053	0.105361	0.000322
褌械褋褌芯	0.002290	0.040822	0.000093
褌械褏	0.000254	0.634878	0.000162
褌械褏薪懈泻邪	0.001272	0.105361	0.000134
褌械褖懈薪	0.000254	0.040822	0.000010
褌懈谐褉	0.000254	4.605170	0.001172
褌懈谐褉邪	0.000254	4.605170	0.001172
褌懈褋	0.000509	4.605170	0.002344
褌懈褋邪	0.000509	4.605170	0.002344
褌屑	0.001018	0.127833	0.000130
褌芯谐芯	0.000509	1.427116	0.000726
褌芯屑	0.000254	1.171183	0.000298
褌芯锌谢械薪芯械	0.000254	0.116534	0.000030
褌芯褉褌	0.013232	0.040822	0.000540
褌芯褉褌邪	0.001272	2.120264	0.002698
褌芯褉褌械	0.000254	3.912023	0.000995
褌芯褉褌懈泻	0.000763	1.966113	0.001501
褌芯褉褌懈泻邪	0.000254	3.912023	0.000995
褌芯褉褌懈泻芯屑	0.000254	3.912023	0.000995
褌芯褉褌褘	0.005089	0.116534	0.000593
褌褉邪胁褘	0.000254	0.105361	0.000027
褌褉邪写懈褑懈懈	0.000254	0.116534	0.000030
褌褉邪写懈褑懈泄	0.001018	0.116534	0.000119
褌褉邪写懈褑懈褟褏	0.000254	0.116534	0.000030
褌褉械斜褍械褌褋褟	0.000254	2.302585	0.000586
褌褉械褏谢械褌懈械屑	0.000254	0.116534	0.000030
褌褉懈	0.000254	1.386294	0.000353
褌褉褍斜芯褔泻懈	0.000254	0.040822	0.000010
褌褉褍写薪邪褟	0.000254	4.605170	0.001172
褌褉褍写薪芯	0.000254	2.040221	0.000519
褌褉褞褎械谢褜	0.000254	4.605170	0.001172
褌褍薪懈褋褋泻邪褟	0.000254	0.116534	0.000030
褌褍薪褑芯屑	0.000254	0.116534	0.000030
褌褍褉械褑泻邪褟	0.000254	0.116534	0.000030
褌褘泻胁邪	0.000254	0.040822	0.000010
褍胁械写芯屑谢械薪懈褟	0.000254	0.040822	0.000010
褍胁懈写械谢	0.000254	2.995732	0.000762
褍写邪谢芯褋褜	0.000509	3.912023	0.001991
褍写邪褔薪邪褟	0.000254	0.116534	0.000030
褍写懈胁懈	0.000254	0.116534	0.000030
褍写懈胁谢褟泄褌械	0.001018	0.116534	0.000119
褍写芯胁芯谢褜褋褌胁懈械	0.000254	2.813411	0.000716
褍写芯胁芯谢褜褋褌胁懈械屑	0.000254	0.116534	0.000030
褍卸邪褋薪芯	0.000254	4.605170	0.001172
褍卸懈薪	0.001527	0.094311	0.000144
褍蟹斜械泻褋泻邪褟	0.000254	0.116534	0.000030
褍泻褉邪懈薪褋泻邪褟	0.000254	0.116534	0.000030
褍泻褉邪褕械薪懈褟	0.002545	0.116534	0.000297
褍屑械械褌	0.000254	4.605170	0.001172
褍薪懈胁械褉褋懈褌械褌械	0.000254	3.912023	0.000995
褍锌芯褌褉械斜谢械薪懈械屑	0.000254	0.116534	0.000030
褍褉邪谢褜褋泻邪褟	0.000254	0.116534	0.000030
褍褉芯卸邪泄	0.000254	0.105361	0.000027
褍褌泻懈	0.000763	0.116534	0.000089
褍褏邪	0.000254	0.040822	0.000010
褍褔邪褋褌胁芯胁邪褌褜	0.000254	0.040822	0.000010
褎邪蟹械薪写褘	0.000254	0.127833	0.000033
褎邪薪褌邪蟹懈懈	0.001527	0.116534	0.000178
褎邪薪褌邪蟹懈泄	0.000254	0.116534	0.000030
褎邪薪褌邪蟹懈褟	0.000254	0.116534	0.000030
褎邪薪褌邪褋褌懈褔械褋泻芯泄	0.000254	4.605170	0.001172
褎邪褉褕邪	0.003308	0.040822	0.000135
褎邪褉褕懈褉芯胁邪薪薪邪褟	0.000509	0.116534	0.000059
褎邪褉褕懈褉芯胁邪薪薪芯械	0.000254	0.116534	0.000030
褎邪褉褕懈褉芯胁邪薪薪褘械	0.000509	0.040822	0.000021
褎邪褉褕懈褉芯胁邪薪薪褘泄	0.000254	0.040822	0.000010
褎邪褋芯谢褜	0.000254	0.040822	0.000010
褎械胁褉邪谢褟	0.001272	0.105361	0.000134
褎械泄械褉胁械褉泻	0.000509	0.116534	0.000059
褎懈谐褍褉械	0.000254	0.116534	0.000030
褎懈薪懈泻	0.000509	3.506558	0.001785
褎懈薪懈泻芯胁	0.000254	4.605170	0.001172
褎懈薪懈泻芯胁褘泄	0.000254	4.605170	0.001172
褎懈薪褋泻邪褟	0.000254	0.116534	0.000030
褎懈褉屑械薪薪芯械	0.000254	0.116534	0.000030
褎芯薪写褞	0.000254	0.040822	0.000010
褎芯褉屑械	0.000254	2.995732	0.000762
褎芯褉屑褍	0.000254	1.832581	0.000466
褎芯褉屑褘	0.000254	0.116534	0.000030
褎芯褉褍屑	0.000254	3.912023	0.000995
褎芯褉褍屑械	0.000509	0.040822	0.000021
褎芯褉褕屑邪泻	0.000254	0.040822	0.000010
褎褉邪薪褑懈懈	0.000254	0.116534	0.000030
褎褉邪薪褑褍蟹褋泻邪褟	0.000254	0.116534	0.000030
褎褉邪薪褑褍蟹褋泻懈泄	0.000254	2.995732	0.000762
褎褉邪褍	0.001018	0.116534	0.000119
褎褉褍泻褌芯胁	0.001272	0.116534	0.000148
褎褉褍泻褌芯胁芯	0.000254	0.116534	0.000030
褎褉褍泻褌芯胁褘械	0.001781	0.040822	0.000073
褎褉褍泻褌褘	0.000509	2.995732	0.001525
褎褍写	0.000254	0.116534	0.000030
褎褍褉褕械褌	0.000254	0.116534	0.000030
褏邪谢胁邪	0.000254	0.040822	0.000010
褏邪谢懈褎	0.000254	3.912023	0.000995
褏邪褉胁械褋褌褎械褋褌	0.000509	0.116534	0.000059
褏邪褉褔芯	0.000509	0.040822	0.000021
褏邪褕	0.000254	0.040822	0.000010
褏胁芯褉芯褋褌	0.000254	0.040822	0.000010
褏懈屑懈泻	0.000254	4.605170	0.001172
褏懈薪泻邪谢懈	0.000254	0.116534	0.000030
褏懈褌	0.001781	0.116534	0.000208
褏谢械斜	0.000763	0.040822	0.000031
褏谢械斜芯锌械褔泻懈	0.000254	0.116534	0.000030
褏谢芯锌褜褟	0.000509	0.105361	0.000054
褏芯写懈谢	0.000254	4.605170	0.001172
褏芯蟹褟懈薪	0.000254	3.218876	0.000819
褏芯蟹褟泄泻懈	0.000254	0.127833	0.000033
褏芯谢芯写械褑	0.000254	0.040822	0.000010
褏芯谢芯写懈谢褜薪懈泻械	0.000254	1.609438	0.000410
褏芯谢芯写薪褘械	0.000509	0.116534	0.000059
褏芯谢芯写薪褘泄	0.000509	0.116534	0.000059
褏芯褉胁邪褌褋泻邪褟	0.000254	0.116534	0.000030
褏芯褉芯褕械屑	0.000254	4.605170	0.001172
褏芯褉芯褕芯	0.001272	0.105361	0.000134
褏芯褉褋	0.000254	0.116534	0.000030
褏芯褌械谢芯褋褜	0.000509	2.407946	0.001225
褏芯褌懈褌械	0.000254	0.040822	0.000010
褏芯褌褜	0.000254	1.897120	0.000483
褏芯褔械褌褋褟	0.000254	1.469676	0.000374
褏芯褔褍	0.001527	0.562119	0.000858
褏褍写芯卸械褋褌胁械薪薪褍褞	0.000254	4.605170	0.001172
褏褍卸械	0.000254	3.912023	0.000995
褏褍屑褍褋	0.000254	0.040822	0.000010
褑邪褉褋褌胁芯	0.000254	0.127833	0.000033
褑邪褉褜	0.000254	0.116534	0.000030
褑胁械褌薪邪褟	0.000254	0.040822	0.000010
褑械谢褘泄	0.000254	2.995732	0.000762
褑械薪薪褘褏	0.000254	0.040822	0.000010
褑械薪褌褉	0.000254	0.116534	0.000030
褔邪械屑	0.000254	0.116534	0.000030
褔邪泄	0.000763	0.040822	0.000031
褔邪褋	0.000254	2.525729	0.000643
褔邪褋褌褜	0.000254	2.525729	0.000643
褔械斜芯泻褋邪褉邪褏	0.000254	4.605170	0.001172
褔械斜芯泻褋邪褉褘	0.000254	4.605170	0.001172
褔械斜褍褉械泻懈	0.000509	0.040822	0.000021
褔械谐芯	0.000254	1.203973	0.000306
褔械屑	0.000509	0.994252	0.000506
褔械褉泻懈蟹芯胁芯	0.000509	0.116534	0.000059
褔械褉薪褘泄	0.000254	0.371064	0.000094
褔械褋褌薪芯	0.000254	1.203973	0.000306
褔械褋褌薪褘屑懈	0.000254	0.040822	0.000010
褔械褋褌褜	0.000254	2.659260	0.000677
褔械褔械胁懈褑邪	0.000254	0.040822	0.000010
褔械褕褋泻邪褟	0.000254	0.116534	0.000030
褔懈蟹泻械泄泻	0.001018	0.040822	0.000042
褔懈谢懈泄褋泻邪褟	0.000254	0.116534	0.000030
褔懈锌褋褘	0.000254	0.040822	0.000010
褔懈褋谢褍	0.000254	0.261365	0.000067
褔褉械蟹胁褘褔邪泄薪芯	0.000254	2.040221	0.000519
褔褍胁邪褕褋泻芯泄	0.000254	4.605170	0.001172
褔褍写械褋	0.000254	0.116534	0.000030
褕邪薪褌懈谢褜懈	0.000254	4.605170	0.001172
褕邪褉懈泻懈	0.000254	0.040822	0.000010
褕邪褉谢芯褌泻邪	0.000254	0.040822	0.000010
褕邪褉谢芯褌泻懈	0.000254	0.127833	0.000033
褕邪褉屑	0.000254	0.116534	0.000030
褕邪褕谢褘泻	0.003053	0.040822	0.000125
褕邪褕谢褘泻懈	0.000254	0.040822	0.000010
褕胁械写褋泻邪褟	0.000254	0.116534	0.000030
褕胁械泄褑邪褉褋泻邪褟	0.000254	0.116534	0.000030
褕械写械胁褉褘	0.000254	0.116534	0.000030
褕械褎	0.000509	0.127833	0.000065
褕懈泻邪褉薪芯	0.000254	4.605170	0.001172
褕懈泻邪褉薪芯械	0.000254	4.605170	0.001172
褕懈泻邪褉薪褘屑	0.000509	4.605170	0.002344
褕懈锌褍褔泻邪	0.000254	0.040822	0.000010
褕懈褉芯泻邪褟	0.000254	0.127833	0.000033
褕泻芯谢褍	0.000509	0.116534	0.000059
褕芯泻	0.000254	3.912023	0.000995
褕芯泻芯谢邪写	0.010687	0.040822	0.000436
褕芯泻芯谢邪写邪	0.001272	2.995732	0.003811
褕芯泻芯谢邪写薪邪褟	0.000509	3.506558	0.001785
褕芯泻芯谢邪写薪芯	0.000254	2.813411	0.000716
褕芯泻芯谢邪写薪芯谐芯	0.000254	3.506558	0.000892
褕芯泻芯谢邪写薪芯械	0.000763	2.659260	0.002030
褕芯泻芯谢邪写薪褘泄	0.001272	1.660731	0.002113
褕芯褌谢邪薪写褋泻邪褟	0.000254	0.116534	0.000030
褕褌褉褍写械谢褜	0.000254	0.040822	0.000010
褕褌褍褔械泻	0.000254	4.605170	0.001172
褕褌褍褔泻邪褏	0.000254	4.605170	0.001172
褕褌褍褔泻懈	0.000509	2.120264	0.001079
褕褌褍褔薪邪褟	0.000254	3.218876	0.000819
褕褍褉锌邪	0.000254	0.040822	0.000010
褖邪褋	0.000254	0.116534	0.000030
褖械写褉邪褟	0.000254	0.116534	0.000030
褖懈	0.000509	0.040822	0.000021
褝泻谢械褉薪褘泄	0.000254	4.605170	0.001172
褝泻芯屑懈谢泻	0.000254	0.127833	0.000033
褝泻褋锌械褉懈屑械薪褌芯胁	0.000254	2.995732	0.000762
褝泻褌芯褉邪	0.000254	4.605170	0.001172
褝谢械屑械薪褌邪褉薪芯	0.000254	3.506558	0.000892
褝褉胁械	0.000763	4.605170	0.003515
褝褉泻械褉芯屑	0.000254	2.040221	0.000519
褝褋褌芯薪褋泻邪褟	0.000254	0.116534	0.000030
褝褌懈屑	0.000254	1.108663	0.000282
褝褌芯谐芯	0.000509	0.415515	0.000211
褝褌芯泄	0.000254	1.427116	0.000363
褝褌芯屑	0.000509	0.843970	0.000430
褝褌芯屑褍	0.000254	1.272966	0.000324
褞斜懈谢械泄薪芯谐芯	0.000254	4.605170	0.001172
褞谐芯褋谢邪胁褋泻邪褟	0.000254	0.116534	0.000030
褟谐芯写薪褘械	0.000509	0.116534	0.000059
褟谐芯写薪褘泄	0.000509	0.116534	0.000059
褟蟹褘泻	0.000254	0.040822	0.000010
褟懈褑	0.001018	0.116534	0.000119
褟懈褔薪芯屑褍	0.000254	4.605170	0.001172
褟懈褔薪褘泄	0.000509	1.049822	0.000534
褟泄褑邪	0.000509	0.040822	0.000021
褟泄褑芯	0.005598	0.261365	0.001463
褟薪写械泻褋	0.000254	0.072571	0.000018
褟薪懈胁	0.000254	4.605170	0.001172
褟锌芯薪褋泻邪褟	0.000254	0.116534	0.000030
褟锌芯薪褋泻芯泄	0.000254	0.061875	0.000016
褟褉泻懈械	0.000254	0.116534	0.000030
褟褉泻芯	0.000254	0.105361	0.000027
