褌芯泻械薪	TF	IDF	TF-IDF
邪斜褉懈泻芯褋	0.000601	4.605170	0.002768
邪斜褉懈泻芯褋邪屑懈	0.000301	3.912023	0.001176
邪斜褏邪蟹褋泻邪褟	0.000301	0.116534	0.000035
邪胁褋褌褉邪谢懈泄褋泻邪褟	0.000301	0.116534	0.000035
邪胁褋褌褉懈泄褋泻邪褟	0.000301	0.116534	0.000035
邪胁褌芯泻谢邪胁邪	0.000301	0.116534	0.000035
邪胁褌芯褉邪屑	0.000301	0.040822	0.000012
邪谐褉芯	0.000301	0.116534	0.000035
邪写卸懈泻邪	0.000301	0.040822	0.000012
邪蟹械褉斜邪泄写卸邪薪褋泻邪褟	0.000301	0.116534	0.000035
邪蟹懈邪褌褋泻邪褟	0.000301	0.127833	0.000038
邪蟹懈褞	0.000301	4.605170	0.001384
邪蟹褘	0.000301	0.127833	0.000038
邪泄褉邪薪	0.000301	0.040822	0.000012
邪泻胁邪褌懈泻邪	0.000902	0.127833	0.000115
邪谢械泻褋械褟	0.000301	0.127833	0.000038
邪谢泻芯谐芯谢褜	0.000601	0.116534	0.000070
邪谢泻芯谐芯谢褜薪褘械	0.000301	0.116534	0.000035
邪谢泻芯谐芯谢褟	0.000301	0.116534	0.000035
邪谢褜褟薪褋	0.000301	0.116534	0.000035
邪屑械褉懈泻邪薪褋泻邪褟	0.000301	0.116534	0.000035
邪薪邪褋褌邪褋懈褞	0.000301	4.605170	0.001384
邪薪谐谢懈泄褋泻邪褟	0.000301	0.116534	0.000035
邪薪写褉械褟	0.000301	0.127833	0.000038
邪锌械谢褜褋懈薪芯胁褘泄	0.000301	3.506558	0.001054
邪锌褉械谢褟	0.000601	0.579818	0.000349
邪褉邪斜褋泻邪褟	0.000301	0.116534	0.000035
邪褉邪褏懈褋芯胁邪褟	0.000601	4.605170	0.002768
邪褉谐械薪褌懈薪褋泻邪褟	0.000301	0.116534	0.000035
邪褉屑褟薪褋泻邪褟	0.000301	0.116534	0.000035
邪褉芯屑邪褌薪褘械	0.000301	2.207275	0.000663
邪褉芯屑邪褌薪褘泄	0.000601	2.207275	0.001327
邪褋褋芯褉褌懈	0.000601	0.116534	0.000070
邪褌谢邪薪褌	0.000301	0.127833	0.000038
邪褎谐邪薪褋泻邪褟	0.000301	0.116534	0.000035
邪褎褉懈泻邪薪褋泻邪褟	0.000301	0.116534	0.000035
邪褝褉芯谐褉懈谢械	0.003006	0.116534	0.000350
斜邪泻谢邪卸邪薪褘	0.000301	0.040822	0.000012
斜邪谢褌泻芯屑	0.000301	0.127833	0.000038
斜邪薪邪薪	0.002104	3.218876	0.006773
斜邪薪邪薪芯胁褘械	0.000601	4.605170	0.002768
斜邪薪邪薪芯胁褘泄	0.000301	3.506558	0.001054
斜邪褉邪薪懈薪褘	0.001202	0.116534	0.000140
斜邪褋屑邪褌懈	0.000601	0.127833	0.000077
斜邪褋褌褍褉屑邪	0.000301	0.040822	0.000012
斜邪褌芯薪褔懈泻懈	0.000301	0.127833	0.000038
斜邪褕泻懈褉褋泻邪褟	0.000301	0.116534	0.000035
斜械蟹邪谢泻芯谐芯谢褜薪褘械	0.000301	0.116534	0.000035
斜械蟹谐谢褞褌械薪芯胁褘械	0.000301	0.116534	0.000035
斜械蟹械	0.001202	0.040822	0.000049
斜械谢械斜械械胁褋泻懈泄	0.000601	0.116534	0.000070
斜械谢芯褉褍褋褋泻邪褟	0.000301	0.116534	0.000035
斜械谢褜谐懈泄褋泻邪褟	0.000301	0.116534	0.000035
斜械褉械屑械薪薪褘褏	0.000301	0.116534	0.000035
斜械褋械写懈薪邪	0.000301	0.127833	0.000038
斜懈褋泻胁懈褌	0.000301	0.040822	0.000012
斜懈褋泻胁懈褌薪芯械	0.000601	0.116534	0.000070
斜懈褋泻胁懈褌薪褘泄	0.000601	0.105361	0.000063
斜懈褋泻胁懈褌褘	0.000301	0.127833	0.000038
斜谢邪谐芯写邪褉褞	0.000301	2.525729	0.000759
斜谢懈卸械	0.000301	0.116534	0.000035
斜谢懈蟹泻懈褏	0.000601	0.116534	0.000070
斜谢懈薪芯胁	0.000601	0.116534	0.000070
斜谢懈薪褘	0.001202	0.040822	0.000049
斜谢芯谐谐械褉邪	0.000301	4.605170	0.001384
斜谢褞写	0.000601	0.094311	0.000057
斜谢褞写邪	0.029155	0.040822	0.001190
斜谢褞写芯	0.001803	0.040822	0.000074
斜谢褞写芯屑	0.000301	0.994252	0.000299
斜谢褞写褍	0.000301	0.116534	0.000035
斜芯斜芯胁褘械	0.000902	0.127833	0.000115
斜芯斜芯胁褘褏	0.001803	0.116534	0.000210
斜芯谢谐邪褉褋泻邪褟	0.000301	0.116534	0.000035
斜芯谢褜褕械	0.000902	0.105361	0.000095
斜芯褉褖	0.000601	0.040822	0.000025
斜芯褌胁懈薪褜褟	0.000301	0.040822	0.000012
斜褉邪蟹懈谢褜褋泻邪褟	0.000301	0.116534	0.000035
斜褉邪褍蟹械褉械	0.000301	0.040822	0.000012
斜褉邪褍薪懈	0.000301	0.040822	0.000012
斜褉械褋褌	0.000301	0.127833	0.000038
斜褉芯泻泻芯谢懈	0.000301	0.040822	0.000012
斜褍卸械薪懈薪邪	0.000301	0.040822	0.000012
斜褍谢芯褔泻邪屑懈	0.000301	0.116534	0.000035
斜褍谢芯褔泻懈	0.000601	0.040822	0.000025
斜褍谢褜芯薪	0.002705	0.040822	0.000110
斜褍谢褜芯薪褘	0.001202	0.116534	0.000140
斜褍褉谐械褉	0.000301	0.040822	0.000012
斜褍褉谐械褉褘	0.000301	0.127833	0.000038
斜褍褉褟褌褋泻邪褟	0.000301	0.116534	0.000035
斜褍褌械褉斜褉芯写	0.000601	0.116534	0.000070
斜褍褌械褉斜褉芯写褘	0.000601	0.040822	0.000025
斜褘褋褌褉芯	0.000601	0.094311	0.000057
斜褘褋褌褉芯泄	0.000301	0.116534	0.000035
斜褘褋褌褉褘泄	0.000601	0.105361	0.000063
胁邪卸薪褘械	0.000301	0.116534	0.000035
胁邪谢谢懈泄褋泻邪褟	0.000301	0.116534	0.000035
胁邪薪懈谢懈薪	0.001202	1.609438	0.001935
胁邪薪懈谢褜	0.001202	3.218876	0.003870
胁邪薪懈谢褜薪邪褟	0.001202	4.605170	0.005537
胁邪褉械薪懈泻懈	0.000301	0.116534	0.000035
胁邪褉械薪褜械	0.000601	0.040822	0.000025
胁邪褌褉褍褕泻懈	0.000301	0.040822	0.000012
胁邪褎谢懈	0.000601	0.040822	0.000025
胁邪褕械泄	0.000601	0.040822	0.000025
胁胁芯写褟	0.000301	0.040822	0.000012
胁写芯褏薪芯胁械薪懈械	0.001202	0.116534	0.000140
胁写芯褏薪芯胁械薪懈械屑	0.000601	0.116534	0.000070
胁写芯褏薪芯胁谢褟泄褋褟	0.000301	0.116534	0.000035
胁械谐邪薪褋泻懈械	0.000301	4.605170	0.001384
胁械谐械褌邪褉懈邪薪褋泻懈械	0.000301	0.127833	0.000038
胁械谐械褌邪褉懈邪薪褋泻芯械	0.000301	0.116534	0.000035
胁械谢懈泻懈泄	0.000301	0.116534	0.000035
胁械谢懈泻芯谐芯	0.000301	3.218876	0.000968
胁械薪谐械褉褋泻邪褟	0.000301	0.116534	0.000035
胁械褉褋懈褞	0.000301	3.218876	0.000968
胁械褋械薪薪懈械	0.000301	0.051293	0.000015
胁械褋薪邪	0.001503	0.116534	0.000175
胁械褋薪褘	0.000301	0.116534	0.000035
胁械褌褔懈薪褘	0.000301	0.105361	0.000032
胁蟹褉芯褋谢褘褏	0.000301	2.995732	0.000900
胁懈写械芯	0.001202	0.116534	0.000140
胁懈写械芯褉械褑械锌褌褘	0.000301	0.301105	0.000091
胁懈薪芯	0.000601	0.040822	0.000025
胁泻谢褞褔邪褞褖懈褏	0.000301	0.634878	0.000191
胁泻褍褋	0.001202	0.105361	0.000127
胁泻褍褋邪	0.002405	0.116534	0.000280
胁泻褍褋薪邪褟	0.001202	0.061875	0.000074
胁泻褍褋薪械械	0.000601	0.116534	0.000070
胁泻褍褋薪械泄	0.000301	0.116534	0.000035
胁泻褍褋薪械薪褜泻芯谐芯	0.000301	3.912023	0.001176
胁泻褍褋薪芯	0.001503	0.094311	0.000142
胁泻褍褋薪芯谐芯	0.000301	2.207275	0.000663
胁泻褍褋薪褘械	0.001503	0.105361	0.000158
胁泻褍褋薪褘泄	0.000601	0.385662	0.000232
胁泻褍褋芯屑	0.000902	0.105361	0.000095
胁泻褍褋褍	0.000601	1.272966	0.000765
胁谢褞斜谢械薪薪褘褏	0.000301	0.116534	0.000035
胁薪邪褔邪谢械	0.001202	0.248461	0.000299
胁芯	0.001202	0.061875	0.000074
胁芯写邪	0.001803	0.287682	0.000519
胁芯写械	0.000301	0.105361	0.000032
胁芯写泻邪	0.000601	2.302585	0.001384
胁芯蟹写褍褕薪褘泄	0.000301	2.207275	0.000663
胁芯泄褌懈	0.000301	0.000000	0.000000
胁芯谢芯胁邪薪褘	0.000301	0.116534	0.000035
胁芯谢褕械斜薪褘械	0.000301	0.116534	0.000035
胁芯谢褕械斜褋褌胁芯	0.000301	0.116534	0.000035
胁芯锌褉芯褋褘	0.000301	0.000000	0.000000
胁芯褋褌芯褔薪邪褟	0.000301	0.127833	0.000038
胁褉械写邪	0.000301	3.912023	0.001176
胁褉械屑械薪邪	0.000301	0.116534	0.000035
胁褉械屑械薪械屑	0.001803	0.116534	0.000210
胁褉械屑褟	0.000301	0.400478	0.000120
胁褋械谐芯	0.000601	0.186330	0.000112
胁褋械泄	0.000902	0.105361	0.000095
胁褋械屑褍	0.000301	0.061875	0.000019
胁褋锌芯屑薪懈褌褜	0.000301	0.040822	0.000012
胁褋褢屑	0.000301	4.605170	0.001384
胁褌芯褉芯械	0.000301	0.116534	0.000035
胁褌芯褉褘械	0.000301	0.127833	0.000038
胁褏芯写	0.000902	0.030459	0.000027
胁褘谐薪邪褌褜	0.000301	4.605170	0.001384
胁褘泄褌懈	0.000301	0.040822	0.000012
胁褘锌械褔泻邪	0.004208	0.040822	0.000172
胁褘锌械褔泻懈	0.000601	0.072571	0.000044
胁褘锌械褔泻芯泄	0.000301	0.116534	0.000035
胁褜械褌薪邪屑褋泻邪褟	0.000301	0.116534	0.000035
谐邪胁邪泄褋泻邪褟	0.000301	0.116534	0.000035
谐邪褉薪懈褉	0.002405	0.040822	0.000098
谐邪褋锌邪褔芯	0.000301	0.040822	0.000012
谐械芯谐褉邪褎懈褟	0.000301	0.116534	0.000035
谐谢邪胁薪芯械	0.000301	1.139434	0.000342
谐谢邪胁薪褘泄	0.000301	0.040822	0.000012
谐谢邪蟹褍褉褜	0.000902	0.040822	0.000037
谐谢懈薪褌胁械泄薪	0.000301	0.040822	0.000012
谐芯胁褟写懈薪褘	0.001202	0.116534	0.000140
谐芯写	0.002705	0.105361	0.000285
谐芯写邪	0.004509	0.248461	0.001120
谐芯谢谢邪薪写褋泻邪褟	0.000301	0.116534	0.000035
谐芯褉芯写邪	0.000301	0.116534	0.000035
谐芯褉芯褏	0.000301	0.116534	0.000035
谐芯褉褔懈褑邪	0.000601	0.040822	0.000025
谐芯褉褔懈褑邪屑懈	0.000301	0.127833	0.000038
谐芯褉褕芯褔泻邪褏	0.000301	0.105361	0.000032
谐芯褉褕芯褔泻械	0.000301	0.040822	0.000012
谐芯褉褜泻芯谐芯	0.000301	3.506558	0.001054
谐芯褉褟褔械械	0.000601	0.116534	0.000070
谐芯褉褟褔懈械	0.012023	0.105361	0.001267
谐芯褉褟褔懈泄	0.000601	0.116534	0.000070
谐芯褋褌懈	0.000301	0.116534	0.000035
谐芯褌芯胁懈屑	0.001803	0.094311	0.000170
谐芯褌芯胁懈褌褋褟	0.000301	0.478036	0.000144
谐芯褌芯胁懈褌褜	0.001503	0.105361	0.000158
谐芯褌芯胁芯	0.000301	2.302585	0.000692
谐芯褌芯胁褜	0.000601	0.116534	0.000070
谐芯褌芯胁褟褌	0.000301	0.116534	0.000035
谐褉邪薪褍谢懈褉芯胁邪薪薪褘泄	0.000601	4.605170	0.002768
谐褉械薪泻懈	0.000601	0.040822	0.000025
谐褉械褑泻懈械	0.000601	1.469676	0.000883
谐褉械褔械褋泻邪褟	0.000301	0.116534	0.000035
谐褉械褔泻邪	0.000301	0.040822	0.000012
谐褉懈斜邪屑懈	0.001202	0.105361	0.000127
谐褉懈斜薪褘械	0.000601	0.040822	0.000025
谐褉懈斜芯胁	0.000902	0.116534	0.000105
谐褉懈斜褘	0.000902	0.040822	0.000037
谐褉懈谢械	0.001503	0.116534	0.000175
谐褉懈谢褜	0.000301	0.116534	0.000035
谐褉懈谢褜屑邪薪懈褟	0.000301	0.116534	0.000035
谐褉懈谢褟	0.001202	0.116534	0.000140
谐褉芯谐	0.000301	0.040822	0.000012
谐褉褍写泻邪	0.000902	1.108663	0.001000
谐褉褍蟹懈薪褋泻邪褟	0.000301	0.116534	0.000035
谐褉褍锌锌褘	0.000301	0.061875	0.000019
谐褍写蟹芯薪	0.000301	3.912023	0.001176
谐褍褉屑邪薪懈褟	0.001803	0.116534	0.000210
谐褍褉屑械	0.000301	0.127833	0.000038
谐褍褋褟	0.000601	0.105361	0.000063
写邪械褌	0.000301	0.040822	0.000012
写邪薪薪褘械	0.000301	0.040822	0.000012
写邪褉褘	0.000301	0.116534	0.000035
写邪褌械	0.000601	0.248461	0.000149
写邪褌褋泻邪褟	0.000301	0.116534	0.000035
写邪褔薪芯械	0.000902	0.116534	0.000105
写械泻邪斜褉褟	0.000601	0.597837	0.000359
写械泻芯褉	0.000301	0.127833	0.000038
写械谢邪械褌	0.000601	0.116534	0.000070
写械谢邪褞	0.000301	1.386294	0.000417
写械谢邪褞褌褋褟	0.000301	2.407946	0.000724
写械谢懈屑褋褟	0.000301	0.040822	0.000012
写械谢芯屑	0.000301	0.116534	0.000035
写械薪褜	0.000902	0.083382	0.000075
写械褋械褉褌	0.002705	0.116534	0.000315
写械褋械褉褌邪	0.000301	3.506558	0.001054
写械褋械褉褌邪褑懈褟	0.000301	0.116534	0.000035
写械褋械褉褌薪褘械	0.000301	0.116534	0.000035
写械褋械褉褌芯胁	0.000301	3.912023	0.001176
写械褋械褉褌芯屑	0.000301	3.506558	0.001054
写械褋械褉褌褘	0.007815	0.040822	0.000319
写械褌械泄	0.000601	0.116534	0.000070
写卸械屑	0.000301	0.040822	0.000012
写蟹械薪	0.000301	0.116534	0.000035
写懈械褌邪	0.000301	0.116534	0.000035
写懈械褌褘	0.000301	0.116534	0.000035
写懈泻懈泄	0.000601	0.116534	0.000070
写懈泻芯谐芯	0.000301	0.116534	0.000035
写懈锌	0.000301	0.116534	0.000035
写懈褔懈	0.000601	0.116534	0.000070
写懈褔褜	0.000301	0.116534	0.000035
写薪械胁薪懈泻邪褏	0.000301	0.061875	0.000019
写薪械泄	0.000902	0.116534	0.000105
写薪褟	0.000301	0.040822	0.000012
写芯斜邪胁谢械薪懈械屑	0.000301	2.813411	0.000846
写芯斜邪胁谢械薪懈褟屑	0.000301	0.274437	0.000082
写芯斜邪胁谢褟褌褜	0.000301	0.040822	0.000012
写芯斜邪胁褜	0.000301	0.116534	0.000035
写芯斜褉芯褎谢芯褌	0.000301	0.127833	0.000038
写芯胁械褉褟械褕褜	0.000301	0.116534	0.000035
写芯卸懈写邪褟褋褜	0.000301	4.605170	0.001384
写芯屑	0.002705	0.040822	0.000110
写芯屑邪褕薪械械	0.000902	0.040822	0.000037
写芯屑邪褕薪懈械	0.000601	0.040822	0.000025
写芯屑邪褕薪懈泄	0.001503	0.116534	0.000175
写芯屑邪褕薪懈屑	0.000301	4.605170	0.001384
写芯屑邪褕薪懈褏	0.000301	1.714798	0.000515
写芯屑邪褕薪褟褟	0.000601	0.105361	0.000063
写芯屑芯胁	0.000301	0.040822	0.000012
写芯褉芯谐懈械	0.000301	1.272966	0.000383
写芯褋薪褟谢	0.000301	4.605170	0.001384
写褉邪泄胁	0.001503	0.127833	0.000192
写褉芯卸卸械胁芯械	0.000301	0.116534	0.000035
写褉褍谐懈屑懈	0.000301	0.040822	0.000012
写褉褍蟹褜褟	0.000301	1.966113	0.000591
写褍褏芯胁泻邪	0.001202	0.127833	0.000154
写褍褕懈	0.000902	0.105361	0.000095
械胁褉械泄褋泻邪褟	0.000301	0.116534	0.000035
械谐懈锌械褌褋泻邪褟	0.000301	0.116534	0.000035
械写胁邪	0.000301	4.605170	0.001384
械写懈薪褘泄	0.000301	0.040822	0.000012
械泻芯	0.000301	0.127833	0.000038
卸邪褉械薪薪邪褟	0.000301	4.605170	0.001384
卸邪褉泻芯械	0.000301	0.040822	0.000012
卸械谢械	0.000902	0.040822	0.000037
卸械薪褋泻邪褟	0.000301	0.127833	0.000038
卸械薪褋泻芯屑	0.000301	0.061875	0.000019
卸械薪褖懈薪褘	0.000601	0.116534	0.000070
卸懈蟹薪懈	0.000301	0.040822	0.000012
卸懈蟹薪褜	0.000301	0.116534	0.000035
卸褍谢褜械薪	0.000301	0.040822	0.000012
卸褍褉薪邪谢邪	0.000301	0.127833	0.000038
卸褞谢褜械薪	0.000301	0.040822	0.000012
蟹邪胁邪褉薪芯械	0.000301	0.116534	0.000035
蟹邪胁邪褉薪芯泄	0.000902	0.116534	0.000105
蟹邪胁褌褉邪泻	0.002104	0.094311	0.000198
蟹邪胁褌褉邪泻懈	0.000301	0.127833	0.000038
蟹邪谐芯褌芯胁泻懈	0.001202	0.040822	0.000049
蟹邪写邪胁邪褌褜	0.000301	0.040822	0.000012
蟹邪泄褑邪	0.000601	0.116534	0.000070
蟹邪泻胁邪褋泻邪	0.000301	0.040822	0.000012
蟹邪泻胁邪褋泻邪屑懈	0.000301	0.116534	0.000035
蟹邪泻胁邪褋芯泻	0.000301	0.127833	0.000038
蟹邪泻褉褘褌褘泄	0.000301	0.116534	0.000035
蟹邪泻褍褋泻懈	0.005410	0.040822	0.000221
蟹邪泻褍褋泻褍	0.000902	0.116534	0.000105
蟹邪泻褍褋芯薪褔懈泻	0.000301	0.116534	0.000035
蟹邪泻褍褋芯褔泻邪	0.000301	0.116534	0.000035
蟹邪泻褍褋芯褔薪褘械	0.002705	0.116534	0.000315
蟹邪谢懈胁薪芯械	0.000601	0.040822	0.000025
蟹邪屑械褔邪褌械谢褜薪芯谐芯	0.000301	2.120264	0.000637
蟹邪屑芯褉芯蟹泻邪	0.000301	0.105361	0.000032
蟹邪锌邪写	0.000301	0.116534	0.000035
蟹邪锌械泻邪薪泻邪	0.001202	0.105361	0.000127
蟹邪锌械泻邪薪泻懈	0.002104	0.040822	0.000086
蟹邪锌褉邪胁泻邪	0.000601	0.040822	0.000025
蟹邪褉邪薪械械	0.000301	1.660731	0.000499
蟹邪褉械谐懈褋褌褉懈褉芯胁邪胁褕懈褋褜	0.000301	0.040822	0.000012
蟹邪褉械谐懈褋褌褉懈褉芯胁邪褌褜褋褟	0.000301	0.030459	0.000009
蟹邪褋芯谢泻邪	0.000301	0.116534	0.000035
蟹邪褋褌芯谢褜褟	0.000301	2.995732	0.000900
蟹胁邪薪褘泄	0.000301	0.127833	0.000038
蟹胁械蟹写邪	0.000301	0.127833	0.000038
蟹胁褢蟹写薪褘械	0.000301	0.116534	0.000035
蟹写芯褉芯胁芯械	0.000301	0.116534	0.000035
蟹写芯褉芯胁褘泄	0.000301	0.116534	0.000035
蟹械谢械薪褜	0.000902	0.094311	0.000085
蟹械褎懈褉	0.000301	0.040822	0.000012
蟹懈屑薪懈械	0.000301	0.051293	0.000015
蟹懈屑褍	0.001202	0.040822	0.000049
蟹屑械褟	0.000301	4.605170	0.001384
蟹薪邪泻芯屑褟褋褜	0.000301	4.605170	0.001384
蟹薪邪谢邪	0.000301	2.995732	0.000900
蟹芯谢芯褌邪褟	0.000301	0.116534	0.000035
懈胁邪薪芯胁邪	0.000301	0.127833	0.000038
懈写械邪谢褜薪邪褟	0.000301	0.116534	0.000035
懈写械邪谢褜薪芯	0.000301	1.514128	0.000455
懈写械邪谢褜薪芯谐芯	0.001503	0.116534	0.000175
懈写械邪谢褜薪芯械	0.000301	0.116534	0.000035
懈写械泄泻懈	0.000301	0.116534	0.000035
懈写械褟	0.000301	2.207275	0.000663
懈蟹写械谢懈褟	0.001503	0.116534	0.000175
懈蟹写械谢懈褟屑懈	0.000902	0.116534	0.000105
懈蟹屑械薪懈谢邪	0.000601	2.813411	0.001691
懈蟹薪褍褌褉懈	0.000301	3.912023	0.001176
懈蟹褍屑懈褌械谢褜薪褘屑	0.000301	3.912023	0.001176
懈泻褉邪	0.000902	0.040822	0.000037
懈屑斜懈褉褜	0.000601	1.897120	0.001140
懈屑械薪械屑	0.000301	0.040822	0.000012
懈薪胁械褉褌芯褉薪芯泄	0.000301	0.127833	0.000038
懈薪谐褉械写懈械薪褌褘	0.009017	0.139262	0.001256
懈薪写械泄泻懈	0.001503	0.094311	0.000142
懈薪写械泄泻芯泄	0.000301	0.116534	0.000035
懈薪写懈泄褋泻邪褟	0.000301	0.116534	0.000035
懈薪写懈谢邪泄褌	0.000902	0.116534	0.000105
懈薪写懈褉械褋薪褘械	0.000301	0.116534	0.000035
懈薪褋褌褉褍泻褑懈褟屑懈	0.000301	0.040822	0.000012
懈薪褌械褉械褋薪邪	0.000301	4.605170	0.001384
懈褉邪泻褋泻邪褟	0.000301	0.116534	0.000035
懈褉邪薪褋泻邪褟	0.000301	0.116534	0.000035
懈褉谢邪薪写褋泻邪褟	0.000301	0.116534	0.000035
懈褋泻褉械薪薪械	0.000301	0.116534	0.000035
懈褋谢邪薪写褋泻邪褟	0.000301	0.116534	0.000035
懈褋锌邪薪褋泻邪褟	0.000301	0.116534	0.000035
懈褋锌械泻懈	0.000301	0.116534	0.000035
懈褋褌芯褉懈懈	0.001503	0.116534	0.000175
懈褋褌芯褉懈褞	0.000301	0.116534	0.000035
懈褌邪谢懈懈	0.000601	0.105361	0.000063
懈褌邪谢褜褟薪褋泻邪褟	0.000301	0.116534	0.000035
懈褞谢褟	0.000301	0.597837	0.000180
懈褞薪褟	0.000601	0.579818	0.000349
泄芯谐褍褉褌	0.000902	0.040822	0.000037
泻邪斜邪褔泻懈	0.000301	0.040822	0.000012
泻邪胁泻邪蟹褋泻邪褟	0.000301	0.116534	0.000035
泻邪卸写褍褞	0.000301	3.506558	0.001054
泻邪蟹邪薪械	0.000601	0.116534	0.000070
泻邪蟹邪褏褋泻邪褟	0.000301	0.116534	0.000035
泻邪泻邪芯	0.003607	0.040822	0.000147
泻邪谢械泄写芯褋泻芯锌	0.001202	0.116534	0.000140
泻邪谢屑褘褑泻邪褟	0.000301	0.116534	0.000035
泻邪谢芯褉懈泄	0.000301	2.813411	0.000846
泻邪谢褜屑邪褉	0.000301	0.040822	0.000012
泻邪屑械褉邪	0.000301	0.116534	0.000035
泻邪薪邪写褋泻邪褟	0.000301	0.116534	0.000035
泻邪薪邪谢	0.000601	0.040822	0.000025
泻邪薪邪谢械	0.000301	0.040822	0.000012
泻邪薪邪锌械	0.000601	0.040822	0.000025
泻邪锌褍褋褌邪	0.000601	0.040822	0.000025
泻邪锌褍褋褌薪褟泻	0.000301	0.040822	0.000012
泻邪锌褍褋褌褘	0.000301	0.040822	0.000012
泻邪褉邪屑械谢褜	0.000601	0.040822	0.000025
泻邪褉泻邪褋薪褘泄	0.001202	0.116534	0.000140
泻邪褉褉懈	0.000902	2.813411	0.002537
泻邪褉褌芯褎械谢褜	0.001202	0.040822	0.000049
泻邪褉褌芯褎械谢褜薪芯械	0.000301	0.040822	0.000012
泻邪褉褌芯褎械谢褜薪褘泄	0.000601	0.116534	0.000070
泻邪褉褌芯褎械谢褟	0.000301	1.897120	0.000570
泻邪褉褌芯褕泻邪	0.000601	0.040822	0.000025
泻邪褌械谐芯褉懈懈	0.000301	0.116534	0.000035
泻邪褌械谐芯褉懈褟	0.004509	0.150823	0.000680
泻邪褔械褋褌胁芯	0.000301	0.116534	0.000035
泻邪褕邪	0.000301	0.040822	0.000012
泻邪褕械泄	0.000301	3.506558	0.001054
泻邪褕懈	0.001503	0.105361	0.000158
泻邪褕褍	0.000301	0.094311	0.000028
泻胁邪褋	0.000902	0.040822	0.000037
泻胁邪褋薪芯械	0.000902	0.116534	0.000105
泻胁邪褋芯屑	0.000301	0.127833	0.000038
泻械泻褋	0.000301	0.040822	0.000012
泻械泻褋褘	0.001503	0.116534	0.000175
泻械褎懈褉	0.000301	0.040822	0.000012
泻械褕褜褞	0.000601	2.995732	0.001801
泻懈屑斜械褉谢懈	0.000301	4.605170	0.001384
泻懈屑褔懈	0.000301	0.040822	0.000012
泻懈薪芯邪	0.000601	0.127833	0.000077
泻懈薪芯谢械薪褌邪	0.000301	0.116534	0.000035
泻懈褋械谢褜	0.000601	0.040822	0.000025
泻懈褋谢懈薪泻芯泄	0.000301	3.912023	0.001176
泻懈褌邪泄褋泻邪褟	0.000601	0.116534	0.000070
泻懈褌邪褞	0.000301	4.605170	0.001384
泻谢邪褋褋	0.002405	0.116534	0.000280
泻谢邪褋褋褘	0.000301	0.116534	0.000035
泻谢械薪芯胁褘泄	0.000601	2.813411	0.001691
泻薪懈谐褍	0.000601	0.040822	0.000025
泻芯泻芯褋邪	0.000601	4.605170	0.002768
泻芯泻芯褋芯胁邪褟	0.001803	3.218876	0.005805
泻芯泻芯褋芯胁芯	0.000601	4.605170	0.002768
泻芯泻芯褋芯胁芯械	0.012023	3.506558	0.042159
泻芯泻芯褋芯胁芯屑	0.000301	4.605170	0.001384
泻芯泻芯褋芯胁褘械	0.000902	4.605170	0.004153
泻芯泻芯褋芯胁褘泄	0.000301	3.912023	0.001176
泻芯泻芯褋芯胁褘屑	0.000301	4.605170	0.001384
泻芯泻褌械泄谢懈	0.000301	0.127833	0.000038
泻芯泻褌械泄谢褜	0.001503	0.040822	0.000061
泻芯谢斜邪褋邪	0.000301	0.040822	0.000012
泻芯谢斜邪褋薪褘屑懈	0.000902	0.116534	0.000105
泻芯谢懈褔械褋褌胁邪	0.000301	2.813411	0.000846
泻芯屑邪薪写邪	0.000601	0.127833	0.000077
泻芯屑懈	0.000301	0.116534	0.000035
泻芯屑屑械薪褌邪褉懈械胁	0.000301	0.223144	0.000067
泻芯屑锌邪薪懈泄	0.000301	0.105361	0.000032
泻芯屑锌芯褌	0.000902	0.040822	0.000037
泻芯屑褍	0.000301	1.347074	0.000405
泻芯薪懈薪褘	0.000301	0.116534	0.000035
泻芯薪泻褍褉褋	0.064322	0.105361	0.006777
泻芯薪泻褍褉褋邪	0.000301	0.116534	0.000035
泻芯薪泻褍褉褋邪褏	0.000301	0.040822	0.000012
泻芯薪泻褍褉褋薪褘械	0.000301	0.127833	0.000038
泻芯薪褋械褉胁懈褉芯胁邪薪懈械	0.000301	0.040822	0.000012
泻芯薪褋械褉胁懈褉芯胁邪薪薪邪褟	0.000301	0.116534	0.000035
泻芯薪褋械褉胁懈褉芯胁邪薪薪芯械	0.000301	0.116534	0.000035
泻芯薪褋械褉胁懈褉芯胁邪薪薪褘械	0.000601	0.116534	0.000070
泻芯薪褋械褉胁懈褉芯胁邪薪薪褘泄	0.000301	0.116534	0.000035
泻芯薪褎械褌	0.000301	3.912023	0.001176
泻芯薪褎械褌邪屑	0.000301	4.605170	0.001384
泻芯薪褎械褌泻懈	0.000301	2.995732	0.000900
泻芯薪褎械褌褌懈	0.000301	0.116534	0.000035
泻芯薪褎械褌褘	0.003607	0.040822	0.000147
泻芯薪褎懈写械薪褑懈邪谢褜薪芯褋褌懈	0.000301	0.040822	0.000012
泻芯薪褎懈褌褞褉	0.000301	0.040822	0.000012
泻芯锌褔械薪芯褋褌褟屑懈	0.000301	0.116534	0.000035
泻芯褉械泄褋泻邪褟	0.000301	0.116534	0.000035
泻芯褉械泄褋泻懈	0.000301	0.040822	0.000012
泻芯褉卸懈泻懈	0.000301	0.040822	0.000012
泻芯褉懈褑邪	0.001202	1.427116	0.001716
泻芯褉懈褔薪械胁褘泄	0.000601	1.386294	0.000833
泻芯褉屑褟褖懈褏	0.000301	0.116534	0.000035
泻芯褌谢械褌褘	0.000301	0.040822	0.000012
泻芯褌芯褉芯屑褍	0.000301	0.116534	0.000035
泻芯褎械	0.000601	0.040822	0.000025
泻褉邪褋泻懈	0.000301	0.116534	0.000035
泻褉邪褋薪芯泄	0.000301	3.912023	0.001176
泻褉邪褏屑邪谢	0.001202	0.891598	0.001072
泻褉械邪褌懈胁	0.000301	0.127833	0.000038
泻褉械屑	0.000301	0.040822	0.000012
泻褉械屑邪	0.000601	0.116534	0.000070
泻褉械屑芯胁褘泄	0.000301	3.912023	0.001176
泻褉械锌泻懈泄	0.000301	0.116534	0.000035
泻褉芯谢懈泻邪	0.000601	0.116534	0.000070
泻褉芯屑械	0.000301	0.061875	0.000019
泻褉芯褏懈	0.000301	0.116534	0.000035
泻褉褍谐褍	0.000601	0.116534	0.000070
泻褉褍锌	0.001803	0.116534	0.000210
泻褉褍锌邪	0.000301	0.127833	0.000038
泻褉褍锌褘	0.000601	0.127833	0.000077
泻褉褍锌褟薪褘械	0.000301	0.116534	0.000035
泻褍斜懈泻懈	0.000301	3.218876	0.000968
泻褍斜懈薪褋泻邪褟	0.000301	0.116534	0.000035
泻褍谢械褕	0.000301	0.040822	0.000012
泻褍谢懈薪邪褉懈懈	0.000902	0.094311	0.000085
泻褍谢懈薪邪褉薪邪褟	0.000301	0.116534	0.000035
泻褍谢懈薪邪褉薪芯械	0.000301	0.116534	0.000035
泻褍谢懈薪邪褉薪褍褞	0.000601	0.040822	0.000025
泻褍谢懈薪邪褉薪褘泄	0.000301	0.072571	0.000022
泻褍谢懈薪邪褉薪褘褏	0.000301	0.116534	0.000035
泻褍谢懈褔	0.000301	0.040822	0.000012
泻褍谢懈褔懈	0.000301	0.116534	0.000035
泻褍薪卸褍褌	0.000601	0.994252	0.000598
泻褍褉写褋泻邪褟	0.000301	0.116534	0.000035
泻褍褉懈薪邪褟	0.000902	1.021651	0.000921
泻褍褉懈薪芯谐芯	0.000301	0.116534	0.000035
泻褍褉懈薪芯械	0.002104	0.127833	0.000269
泻褍褉懈薪褘泄	0.000301	0.105361	0.000032
泻褍褉懈褑邪	0.000301	0.040822	0.000012
泻褍褉懈褑褘	0.001503	0.116534	0.000175
泻褍褉泻褍屑邪	0.000601	2.040221	0.001226
泻褍褉芯褔泻芯泄	0.000301	0.116534	0.000035
泻褍褋泻褍褋	0.000301	0.040822	0.000012
泻褍褏薪械泄	0.000301	0.040822	0.000012
泻褍褏薪懈	0.001202	0.040822	0.000049
泻褍褏薪褟	0.001202	0.116534	0.000140
泻褝褉芯斜	0.000601	4.605170	0.002768
谢邪胁邪褕	0.000601	0.040822	0.000025
谢邪胁邪褕邪	0.001202	0.116534	0.000140
谢邪谐屑邪薪	0.000301	0.040822	0.000012
谢邪写	0.000301	4.605170	0.001384
谢邪泄屑	0.000601	3.506558	0.002108
谢邪泄屑邪	0.000301	3.912023	0.001176
谢邪泄屑芯胁芯屑	0.000601	3.912023	0.002352
谢邪泻芯屑懈褌褜褋褟	0.000301	4.605170	0.001384
谢邪泻芯屑褋褌胁芯	0.001202	0.116534	0.000140
谢邪锌褕邪	0.000601	0.040822	0.000025
谢邪褌褘褕褋泻邪褟	0.000301	0.116534	0.000035
谢械谐泻邪褟	0.000301	0.116534	0.000035
谢械谐泻懈泄	0.000902	0.116534	0.000105
谢械谐泻芯	0.002104	0.116534	0.000245
谢械锌械褕泻懈	0.000601	0.040822	0.000025
谢械褌邪	0.000301	0.116534	0.000035
谢械褌薪懈械	0.000301	0.040822	0.000012
谢械褌薪褟褟	0.000301	0.116534	0.000035
谢械褌芯	0.001503	0.116534	0.000175
谢械褔芯	0.000301	0.040822	0.000012
谢懈谐邪	0.000902	0.116534	0.000105
谢懈泻械褉	0.000301	0.040822	0.000012
谢懈屑芯薪邪写	0.000601	0.040822	0.000025
谢懈褌芯胁褋泻	0.000301	0.127833	0.000038
谢懈褌芯胁褋泻邪褟	0.000301	0.116534	0.000035
谢褍泻	0.001202	0.301105	0.000362
谢褍褔褕懈械	0.000301	0.116534	0.000035
谢褍褔褕懈泄	0.000601	0.040822	0.000025
谢褍褔褕懈褏	0.000301	0.116534	0.000035
谢褞斜胁懈	0.000301	0.105361	0.000032
谢褞斜懈屑芯谐芯	0.000301	0.127833	0.000038
谢褞斜懈屑芯屑褍	0.000301	0.116534	0.000035
谢褞斜懈屑褘褏	0.001803	0.116534	0.000210
谢褞斜懈褌械谢械泄	0.000301	2.525729	0.000759
谢褞斜芯胁褜	0.000301	0.116534	0.000035
谢褞斜芯泄	0.000301	0.116534	0.000035
谢褞写屑懈谢邪	0.000301	1.771957	0.000533
谢褢写	0.000301	0.127833	0.000038
屑邪谐褉懈斜邪	0.000301	0.116534	0.000035
屑邪泄	0.000301	0.116534	0.000035
屑邪泄芯薪械蟹	0.000301	0.116534	0.000035
屑邪泻邪褉芯薪薪褘械	0.000301	0.116534	0.000035
屑邪泻邪褉芯薪褘	0.000301	0.040822	0.000012
屑邪谢邪蟹懈泄褋泻邪褟	0.000301	0.116534	0.000035
屑邪谢懈薪邪	0.000601	3.218876	0.001935
屑邪薪薪懈泻	0.000301	0.040822	0.000012
屑邪薪褋邪褉写芯泄	0.000301	0.755023	0.000227
屑邪薪褌褘	0.000301	0.116534	0.000035
屑邪薪褢胁褉褘	0.000301	0.116534	0.000035
屑邪褉邪褎芯薪	0.000902	0.116534	0.000105
屑邪褉懈薪邪写	0.002705	0.040822	0.000110
屑邪褉懈薪邪写褘	0.000902	0.116534	0.000105
屑邪褉懈薪芯胁邪薪薪褘械	0.000301	0.116534	0.000035
屑邪褉屑械谢邪写	0.000301	0.040822	0.000012
屑邪褉芯泻泻邪薪褋泻邪褟	0.000301	0.116534	0.000035
屑邪褉褌邪	0.002705	0.105361	0.000285
屑邪褋泻邪褉锌芯薪械	0.000301	0.040822	0.000012
屑邪褋谢械	0.000601	2.659260	0.001599
屑邪褋谢械薪懈褑邪	0.000902	0.040822	0.000037
屑邪褋谢械薪懈褔薪芯械	0.000301	0.116534	0.000035
屑邪褋谢芯	0.012323	0.116534	0.001436
屑邪褋谢芯屑	0.000301	0.116534	0.000035
屑邪褋褌械褉	0.002705	0.116534	0.000315
屑邪褋褌懈泻邪	0.000301	0.040822	0.000012
屑邪褋褌懈泻懈	0.000301	0.116534	0.000035
屑邪褎褎懈薪褘	0.000301	0.116534	0.000035
屑邪褏械械胁褗	0.001202	0.116534	0.000140
屑械写	0.001803	1.832581	0.003305
屑械写懈邪褎芯褉褌	0.000902	0.000000	0.000000
屑械写芯胁褘泄	0.000301	0.116534	0.000035
屑械泻褋懈泻邪薪褋泻邪褟	0.000301	0.116534	0.000035
屑械薪褞	0.000301	0.116534	0.000035
屑械薪褟	0.000902	0.083382	0.000075
屑械薪褟械褌褋褟	0.000301	0.116534	0.000035
屑械褔褌邪	0.000301	0.116534	0.000035
屑械褔褌褘	0.000601	0.040822	0.000025
屑懈写懈懈	0.000301	0.040822	0.000012
屑懈泻褉芯胁芯谢薪芯胁泻械	0.000301	0.116534	0.000035
屑懈谢褜械	0.000301	0.116534	0.000035
屑懈薪写邪谢褜	0.001202	2.040221	0.002453
屑懈薪写邪谢褜薪芯谐芯	0.000301	4.605170	0.001384
屑懈薪褍褋褘	0.000301	4.605170	0.001384
屑懈薪褍褌	0.000301	0.755023	0.000227
屑懈芯	0.000301	0.116534	0.000035
屑懈褉	0.000301	0.116534	0.000035
屑懈褉邪	0.000301	0.116534	0.000035
屑懈褉芯胁邪褟	0.000301	0.116534	0.000035
屑懈褋芯	0.000301	0.040822	0.000012
屑懈褋褌械褉懈褟	0.000301	0.116534	0.000035
屑懈褋褌褉邪谢褜	0.002104	0.116534	0.000245
屑薪芯谐懈屑	0.000301	2.659260	0.000799
屑薪芯谐芯	0.000601	0.776529	0.000467
屑薪芯卸械褋褌胁芯屑	0.000301	0.040822	0.000012
屑芯械	0.000301	0.116534	0.000035
屑芯卸械褌械	0.000301	0.000000	0.000000
屑芯懈屑	0.000301	2.302585	0.000692
屑芯泄	0.000301	0.105361	0.000032
屑芯谢写邪胁褋泻邪褟	0.000301	0.116534	0.000035
屑芯谢芯泻邪	0.000301	1.714798	0.000515
屑芯谢芯泻械	0.000301	0.105361	0.000032
屑芯谢芯泻芯	0.003306	0.116534	0.000385
屑芯谢芯褔薪褘泄	0.002405	0.040822	0.000098
屑芯谢芯褔薪褘褏	0.000301	0.116534	0.000035
屑芯屑械薪褌	0.000902	0.116534	0.000105
屑芯薪谐芯谢褜褋泻邪褟	0.000301	0.116534	0.000035
屑芯褉械	0.000301	0.116534	0.000035
屑芯褉械锌褉芯写褍泻褌芯胁	0.003306	0.040822	0.000135
屑芯褉械锌褉芯写褍泻褌褘	0.000601	0.116534	0.000070
屑芯褉泻芯胁褜	0.000301	0.040822	0.000012
屑芯褉芯卸械薪芯械	0.000902	0.040822	0.000037
屑芯褉褋	0.000301	0.040822	0.000012
屑芯褉褋褘	0.000301	0.116534	0.000035
屑芯褌芯褉	0.000301	0.116534	0.000035
屑芯褏懈褌芯	0.000301	0.040822	0.000012
屑褍卸褋泻邪褟	0.000301	0.127833	0.000038
屑褍卸褔懈薪褘	0.000601	0.116534	0.000070
屑褍泻邪	0.003006	0.274437	0.000825
屑褍泻懈	0.000601	2.040221	0.001226
屑褍泻屑懈薪芯胁褍	0.000301	4.605170	0.001384
屑褍谢褜褌懈胁邪褉泻械	0.011422	0.116534	0.001331
屑褍谢褜褌懈锌械泻邪褉械泄	0.000902	0.116534	0.000105
屑褍褋褋	0.000301	0.040822	0.000012
屑褍褋褋褘	0.000601	0.116534	0.000070
屑褍褔薪褘械	0.000301	0.116534	0.000035
屑褞褋谢懈	0.000601	0.116534	0.000070
屑褟褋邪	0.002405	0.116534	0.000280
屑褟褋薪芯谐芯	0.000601	0.116534	0.000070
屑褟褋薪芯泄	0.000301	0.116534	0.000035
屑褟褋薪褘械	0.001503	0.040822	0.000061
屑褟褋薪褘褏	0.000902	0.116534	0.000105
屑褟褋芯	0.003006	0.040822	0.000123
屑褟褋芯屑	0.001503	0.040822	0.000061
屑褟褋褍	0.000601	0.116534	0.000070
薪邪胁械褉薪褟泻邪	0.000301	3.218876	0.000968
薪邪蟹胁邪薪懈械	0.000301	0.941609	0.000283
薪邪蟹胁邪褌褜	0.000301	2.040221	0.000613
薪邪蟹薪邪褔械薪懈褟	0.000301	0.116534	0.000035
薪邪谢懈胁泻邪	0.000301	0.040822	0.000012
薪邪屑薪芯谐芯	0.000301	2.407946	0.000724
薪邪锌懈褌泻懈	0.001803	0.040822	0.000074
薪邪锌懈褌芯泻	0.000301	0.040822	0.000012
薪邪锌芯屑懈薪邪褞褖懈泄	0.000301	4.605170	0.001384
薪邪锌芯屑薪懈谢	0.000301	4.605170	0.001384
薪邪褋谢邪写懈褌械褋褜	0.000301	4.605170	0.001384
薪邪褋褌芯泄泻邪	0.000301	0.040822	0.000012
薪邪褋褌芯褟褖懈褏	0.000301	2.813411	0.000846
薪邪褋褌褉芯械薪懈械	0.000601	0.116534	0.000070
薪邪褋褘褖械薪薪褘屑	0.000301	3.506558	0.001054
薪邪褌泻薪褍谢邪褋褜	0.000301	1.966113	0.000591
薪邪褑懈芯薪邪谢褜薪褘械	0.000301	0.116534	0.000035
薪邪褔邪谢械	0.000301	3.506558	0.001054
薪邪褔懈薪泻邪	0.000601	0.040822	0.000025
薪邪褔懈薪泻芯泄	0.000301	0.116534	0.000035
薪邪褕械屑	0.000301	0.040822	0.000012
薪邪褕懈	0.000301	0.061875	0.000019
薪械斜芯谢褜褕芯谐芯	0.000301	3.912023	0.001176
薪械写械谢褞	0.000301	1.897120	0.000570
薪械写械谢褟	0.003006	0.061875	0.000186
薪械卸薪芯泄	0.000301	0.116534	0.000035
薪械卸薪褘械	0.000301	1.660731	0.000499
薪械卸薪褘泄	0.000301	0.891598	0.000268
薪械泄褌褉邪谢褜薪褘泄	0.000301	3.912023	0.001176
薪械屑械褑泻邪褟	0.000301	0.116534	0.000035
薪械屑薪芯谐芯	0.000301	1.203973	0.000362
薪械芯卸懈写邪薪薪褘械	0.000301	0.116534	0.000035
薪械褉胁褘	0.000301	4.605170	0.001384
薪械褋谢邪写泻芯械	0.000301	0.116534	0.000035
薪懈泻芯谐写邪	0.000301	1.771957	0.000533
薪泻	0.000301	1.771957	0.000533
薪芯胁邪褟	0.000301	0.116534	0.000035
薪芯胁芯谐芯写薪械谐芯	0.001503	0.116534	0.000175
薪芯胁芯谐芯写薪械械	0.000902	0.116534	0.000105
薪芯胁芯谐芯写薪懈械	0.001803	0.040822	0.000074
薪芯胁芯谐芯写薪懈泄	0.002104	0.116534	0.000245
薪芯胁芯谐芯写薪褟褟	0.000301	0.105361	0.000032
薪芯胁芯褋褌褟褏	0.000301	0.061875	0.000019
薪芯胁褘械	0.000601	0.051293	0.000031
薪芯胁褘泄	0.002705	0.094311	0.000255
薪芯褉胁械卸褋泻邪褟	0.000301	0.116534	0.000035
薪褉邪胁褟褌褋褟	0.000301	1.771957	0.000533
芯斜械写	0.000902	0.105361	0.000095
芯斜械蟹褜褟薪褘	0.000301	0.116534	0.000035
芯斜谢邪写邪械褌	0.000301	2.040221	0.000613
芯斜谢邪泻邪	0.000301	3.218876	0.000968
芯斜谢邪褋褌懈	0.000301	3.912023	0.001176
芯斜芯	0.000301	4.605170	0.001384
芯斜芯谐邪褌懈褌褜	0.000301	4.605170	0.001384
芯斜褖邪褌褜褋褟	0.000301	0.040822	0.000012
芯斜褟蟹邪褌械谢褜薪芯	0.000301	0.967584	0.000291
芯胁芯褖邪屑懈	0.000301	0.116534	0.000035
芯胁芯褖械泄	0.004208	0.105361	0.000443
芯胁芯褖懈	0.001803	0.094311	0.000170
芯胁芯褖薪邪褟	0.000301	0.040822	0.000012
芯胁芯褖薪芯械	0.000301	0.116534	0.000035
芯胁芯褖薪芯泄	0.000601	0.105361	0.000063
芯胁芯褖薪褘械	0.001503	0.040822	0.000061
芯胁褋褟薪芯械	0.001202	0.116534	0.000140
芯谐薪械薪薪芯泄	0.000301	0.116534	0.000035
芯谐薪褟	0.000301	0.116534	0.000035
芯谐褉芯屑薪芯械	0.000301	1.237874	0.000372
芯谐褍褉褑褘	0.000601	0.116534	0.000070
芯写薪芯屑	0.000301	1.771957	0.000533
芯泻褉芯褕泻邪	0.000902	0.040822	0.000037
芯泻褌褟斜褉褟	0.000301	0.562119	0.000169
芯谢邪写褜懈	0.000902	0.040822	0.000037
芯谢械泄薪邪	0.000902	0.116534	0.000105
芯谢械泄薪芯泄	0.001202	0.116534	0.000140
芯谢械泄薪褘	0.000301	0.127833	0.000038
芯谢褜谐懈	0.000301	4.605170	0.001384
芯屑谢械褌	0.000301	0.040822	0.000012
芯锌邪褉邪	0.000301	0.040822	0.000012
芯锌褉芯褋	0.000301	0.061875	0.000019
芯褉械褏懈	0.001803	1.139434	0.002055
芯褉械褏芯胁	0.000301	3.218876	0.000968
芯褉褍卸懈械屑	0.000301	4.605170	0.001384
芯褋械薪薪械械	0.000301	0.116534	0.000035
芯褋械薪薪懈械	0.000301	0.051293	0.000015
芯褋械薪薪懈泄	0.000601	0.116534	0.000070
芯褋械薪褜	0.003006	0.105361	0.000317
芯褋薪芯胁薪芯械	0.000301	0.040822	0.000012
芯褋薪芯胁芯泄	0.000301	4.605170	0.001384
芯褋芯斜械薪薪芯	0.000301	1.469676	0.000442
芯褋褌邪械褌褋褟	0.000301	0.116534	0.000035
芯褋褌褉芯谐芯	0.000301	3.506558	0.001054
芯褌胁械褌懈褌褜	0.000301	0.051293	0.000015
芯褌胁械褌芯胁	0.000301	0.051293	0.000015
芯褌胁械褌褘	0.000301	0.000000	0.000000
芯褌泻褉褘褌褘泄	0.000601	0.116534	0.000070
芯褌谢懈褔薪芯械	0.000301	2.995732	0.000900
芯褌屑械薪懈褌褜	0.000301	0.040822	0.000012
芯褌褋褞写邪	0.000301	3.218876	0.000968
芯褏谢邪写懈褌褜	0.000301	0.116534	0.000035
芯褑械薪懈褌械	0.000301	3.218876	0.000968
锌邪泻械褌懈泻邪褏	0.000301	0.105361	0.000032
锌邪谢芯褔泻懈	0.000301	0.040822	0.000012
锌邪薪懈褉芯胁泻邪	0.002405	0.116534	0.000280
锌邪薪褌械褉褉褉芯褔泻邪	0.000301	2.813411	0.000846
锌邪锌褉懈泻邪	0.000601	1.203973	0.000724
锌邪褉邪	0.000301	0.116534	0.000035
锌邪褉邪写	0.002104	0.116534	0.000245
锌邪褉芯胁邪褉泻械	0.002705	0.116534	0.000315
锌邪褉芯谢褜	0.000301	0.020203	0.000006
锌邪褋褌邪	0.001503	0.040822	0.000061
锌邪褋褌褉芯屑邪	0.000301	0.040822	0.000012
锌邪褋褏邪	0.000601	0.040822	0.000025
锌邪褋褏邪谢褜薪邪褟	0.000601	0.116534	0.000070
锌邪褋褏邪谢褜薪褘泄	0.000301	0.127833	0.000038
锌邪褏褌邪	0.000601	3.912023	0.002352
锌邪褕褌械褌	0.000301	0.040822	0.000012
锌邪褕褌械褌褘	0.000601	0.116534	0.000070
锌械泻邪褉褟	0.000301	0.127833	0.000038
锌械谢褜屑械薪懈	0.000301	0.116534	0.000035
锌械褉胁芯械	0.000601	0.040822	0.000025
锌械褉胁褘械	0.000301	0.127833	0.000038
锌械褉胁褘屑	0.000301	0.116534	0.000035
锌械褉械泄褌懈	0.000301	0.040822	0.000012
锌械褉械泻褍褋	0.000601	0.116534	0.000070
锌械褉械褑	0.001503	0.040822	0.000061
锌械褉褋懈泻	0.000902	3.506558	0.003162
锌械褉褋芯薪褘	0.000301	0.116534	0.000035
锌械褉褍邪薪褋泻邪褟	0.000301	0.116534	0.000035
锌械褋芯褔薪芯械	0.000601	0.105361	0.000063
锌械褋芯褔薪褘泄	0.000301	0.116534	0.000035
锌械褌械谢懈薪泻懈	0.000301	0.127833	0.000038
锌械褔械薪芯褔薪褘泄	0.000301	0.040822	0.000012
锌械褔械薪褜械	0.003907	0.040822	0.000160
锌械褔懈	0.000301	0.127833	0.000038
锌懈胁芯	0.000301	0.116534	0.000035
锌懈泻邪薪褌褘	0.000301	0.127833	0.000038
锌懈泻薪懈泻	0.000601	0.116534	0.000070
锌懈泻薪懈泻邪	0.000301	0.116534	0.000035
锌懈泻薪懈泻褍	0.000301	0.105361	0.000032
锌懈褉	0.000301	0.116534	0.000035
锌懈褉芯谐	0.001503	0.040822	0.000061
锌懈褉芯谐邪	0.000301	1.309333	0.000394
锌懈褉芯谐懈	0.000601	0.105361	0.000063
锌懈褉芯卸泻懈	0.000301	0.040822	0.000012
锌懈褉芯卸薪芯械	0.000301	0.040822	0.000012
锌懈褉芯卸薪褘械	0.000301	0.116534	0.000035
锌懈褌邪薪懈械	0.001503	0.105361	0.000158
锌懈褌邪薪懈褟	0.000301	2.302585	0.000692
锌懈褑褑邪	0.000601	0.040822	0.000025
锌谢邪屑褟	0.000301	0.116534	0.000035
锌谢懈褌邪	0.001202	0.127833	0.000154
锌谢芯胁	0.000301	0.116534	0.000035
锌谢芯写褘	0.000301	0.116534	0.000035
锌芯胁邪褉械薪泻械	0.000301	0.040822	0.000012
锌芯胁邪褉械薪芯泻	0.000301	0.061875	0.000019
锌芯胁邪褉褟褌	0.000301	0.116534	0.000035
锌芯胁邪褉褟褌邪屑懈	0.000301	0.040822	0.000012
锌芯胁邪褉褢薪泻邪	0.000301	0.116534	0.000035
锌芯胁械褉褜褌械	0.000601	2.040221	0.001226
锌芯胁懈写谢芯	0.000301	0.040822	0.000012
锌芯胁芯褉邪褔懈胁邪械褌褋褟	0.000301	3.912023	0.001176
锌芯写邪褉懈褌	0.000301	4.605170	0.001384
锌芯写邪褉泻芯胁	0.000301	0.116534	0.000035
锌芯写胁械谢芯	0.000301	4.605170	0.001384
锌芯写谢懈胁邪	0.000301	0.116534	0.000035
锌芯写谢懈胁泻邪	0.000301	0.040822	0.000012
锌芯写芯斜薪芯械	0.000301	3.218876	0.000968
锌芯写锌懈褋邪褌褜褋褟	0.000301	0.040822	0.000012
锌芯写锌懈褕懈褌械褋褜	0.000601	0.040822	0.000025
锌芯械写懈薪泻懈	0.004208	0.116534	0.000490
锌芯卸邪谢褍泄褋褌邪	0.000301	1.966113	0.000591
锌芯蟹写褉邪胁褜	0.000301	0.116534	0.000035
锌芯懈褋泻	0.000301	0.051293	0.000015
锌芯谢写薪懈泻	0.000601	0.116534	0.000070
锌芯谢械蟹薪芯	0.000301	0.116534	0.000035
锌芯谢械蟹薪芯械	0.000301	3.506558	0.001054
锌芯谢械蟹薪褍褞	0.000301	4.605170	0.001384
锌芯谢械蟹薪褘械	0.000301	3.506558	0.001054
锌芯谢懈褌懈泻芯泄	0.000301	0.040822	0.000012
锌芯谢芯胁懈薪邪	0.002405	0.116534	0.000280
锌芯谢褍褔邪泄褌械	0.000301	0.040822	0.000012
锌芯谢褍褔邪褌褜	0.000301	0.040822	0.000012
锌芯谢褍褔邪褞褌褋褟	0.000301	1.427116	0.000429
锌芯谢褍褔懈谢芯褋褜	0.000301	0.994252	0.000299
锌芯谢褜蟹邪	0.000301	0.127833	0.000038
锌芯谢褜蟹芯泄	0.001202	0.116534	0.000140
锌芯谢褜蟹褘	0.000301	3.218876	0.000968
锌芯谢褜褋泻邪褟	0.000301	0.116534	0.000035
锌芯谢褞斜懈谢褋褟	0.000301	3.912023	0.001176
锌芯屑邪写泻邪	0.000601	0.040822	0.000025
锌芯屑邪写泻懈	0.000301	0.116534	0.000035
锌芯屑懈写芯褉泻懈	0.000301	0.127833	0.000038
锌芯屑懈写芯褉褘	0.000601	0.116534	0.000070
锌芯薪懈屑邪薪懈械	0.000301	2.813411	0.000846
锌芯薪褉邪胁懈胁褕懈械褋褟	0.000301	0.040822	0.000012
锌芯薪褔懈泻懈	0.000601	0.040822	0.000025
锌芯锌褉芯斜芯胁邪褌褜	0.000601	0.798508	0.000480
锌芯锌褉芯斜褍泄褌械	0.000301	0.562119	0.000169
锌芯褉邪	0.000301	0.116534	0.000035
锌芯褉邪写褍泄褌械	0.000301	4.605170	0.001384
锌芯褉芯褕芯泻	0.003006	0.916291	0.002754
锌芯褉褌褍谐邪谢褜褋泻邪褟	0.000301	0.116534	0.000035
锌芯褉褟写泻褍	0.000301	3.912023	0.001176
锌芯褋械褖邪械褌械	0.000301	0.061875	0.000019
锌芯褋谢褍卸懈褌褜	0.000301	4.605170	0.001384
锌芯褋褌	0.001803	0.105361	0.000190
锌芯褋褌邪	0.000301	2.207275	0.000663
锌芯褋褌薪芯谐芯	0.000301	4.605170	0.001384
锌芯褋褌薪芯械	0.000301	0.116534	0.000035
锌芯褋褌薪褘械	0.000601	0.040822	0.000025
锌芯褋褌薪褘泄	0.000301	0.116534	0.000035
锌芯褋褌芯褟薪薪芯	0.000301	0.040822	0.000012
锌芯褋褌褉芯懈屑	0.000301	0.116534	0.000035
锌芯褋褍写邪	0.000601	0.094311	0.000057
锌芯褌褉褍写懈褌褜褋褟	0.000301	4.605170	0.001384
锌芯褔褌懈	0.000301	1.021651	0.000307
锌芯褔褌褍	0.000301	0.040822	0.000012
锌芯褕邪谐芯胁褘械	0.000301	0.301105	0.000091
锌芯褕邪谐芯胁褘屑懈	0.000301	0.040822	0.000012
锌锌	0.000301	4.605170	0.001384
锌褉邪蟹写薪懈泻邪	0.000301	0.116534	0.000035
锌褉邪蟹写薪懈褔薪芯	0.000301	0.116534	0.000035
锌褉邪蟹写薪懈褔薪芯谐芯	0.000601	0.116534	0.000070
锌褉邪蟹写薪懈褔薪褘泄	0.000301	0.116534	0.000035
锌褉邪泻褌懈泻褍屑	0.000301	0.116534	0.000035
锌褉邪泻褌懈褔械褋泻懈	0.000301	1.386294	0.000417
锌褉械胁芯褋褏芯写薪褘械	0.000301	0.116534	0.000035
锌褉械胁褉邪褖械薪懈褟	0.000301	0.116534	0.000035
锌褉械写谢邪谐邪褞	0.000601	0.693147	0.000417
锌褉械写褍锌褉械卸写邪褞	0.000301	3.506558	0.001054
锌褉械泻褉邪褋薪褘屑	0.000301	3.218876	0.000968
锌褉械褋薪芯械	0.000301	0.116534	0.000035
锌褉懈谐芯褌芯胁懈屑	0.000301	0.116534	0.000035
锌褉懈谐芯褌芯胁懈褌褜	0.000301	0.342490	0.000103
锌褉懈谐芯褌芯胁谢械薪懈械	0.000301	0.105361	0.000032
锌褉懈谐芯褌芯胁谢械薪懈懈	0.000301	0.798508	0.000240
锌褉懈谐芯褌芯胁谢械薪懈褞	0.000301	0.040822	0.000012
锌褉懈谐芯褌芯胁褜褌械	0.000301	1.897120	0.000570
锌褉懈写邪褞褌	0.000301	4.605170	0.001384
锌褉懈蟹薪邪薪懈械	0.000301	0.116534	0.000035
锌褉懈蟹芯胁	0.000301	0.040822	0.000012
锌褉懈薪械褋械褌	0.000301	4.605170	0.001384
锌褉懈锌褉邪胁邪	0.000301	0.040822	0.000012
锌褉懈褉芯写褍	0.000301	0.116534	0.000035
锌褉懈褉芯写褘	0.000301	0.116534	0.000035
锌褉懈褋褌褍锌懈褌褜	0.000301	0.040822	0.000012
锌褉懈褕谢芯褋褜	0.000301	2.659260	0.000799
锌褉芯斜芯胁邪谢邪	0.000301	1.897120	0.000570
锌褉芯胁械写懈	0.001202	0.116534	0.000140
锌褉芯胁械褉械薪芯	0.001803	0.116534	0.000210
锌褉芯胁芯写懈屑褘褏	0.000301	0.040822	0.000012
锌褉芯胁芯卸邪械屑	0.000301	0.116534	0.000035
锌褉芯写褍泻褌芯胁	0.000301	0.094311	0.000028
锌褉芯械泻褌芯胁	0.000301	0.116534	0.000035
锌褉芯械泻褌褘	0.000301	0.061875	0.000019
锌褉芯褋屑芯褌褉邪屑	0.000301	0.274437	0.000082
锌褉芯褋屑芯褌褉褍	0.000301	4.605170	0.001384
锌褉芯褋褌芯	0.001503	0.083382	0.000125
锌褉芯褋褌芯泄	0.000301	0.755023	0.000227
锌褉芯褋褌芯泻胁邪褕邪	0.000301	0.040822	0.000012
锌褉芯褎懈谢褜	0.000301	0.040822	0.000012
锌褉芯褕褍	0.000301	1.139434	0.000342
锌褉褟屑芯	0.000301	0.040822	0.000012
锌褉褟薪懈泻	0.000301	0.040822	0.000012
锌褉褟薪懈泻懈	0.000301	0.116534	0.000035
锌褉褟薪懈褔薪芯械	0.000301	0.116534	0.000035
锌褌懈褑邪	0.001503	0.116534	0.000175
锌褌懈褑械	0.000601	0.116534	0.000070
锌褌懈褑械泄	0.000301	0.127833	0.000038
锌褌懈褑褘	0.003607	0.116534	0.000420
锌褍写懈薪谐	0.000301	0.040822	0.000012
锌褍写懈薪谐懈	0.000902	0.116534	0.000105
锌褍写褉邪	0.000601	1.897120	0.001140
锌褍薪褕	0.000301	0.040822	0.000012
锌褍褋褌褘褏	0.000301	4.605170	0.001384
锌褍褌械褕械褋褌胁懈械	0.000601	0.116534	0.000070
锌褍褌械褕械褋褌胁芯胁邪谢	0.000301	4.605170	0.001384
锌褍褌褜	0.000301	0.116534	0.000035
锌褕械薪懈褔薪邪褟	0.002405	0.287682	0.000692
锌褘褌邪谢懈褋褜	0.000301	4.605170	0.001384
锌褘褕泻懈	0.000301	0.040822	0.000012
锌褘褕薪褘械	0.000301	3.218876	0.000968
锌褞褉械	0.001803	0.040822	0.000074
褉邪谐褍	0.000301	0.116534	0.000035
褉邪蟹胁械褉薪褍褌褜	0.000301	0.116534	0.000035
褉邪蟹写械谢褜薪芯械	0.000301	0.116534	0.000035
褉邪蟹薪褘械	0.000301	0.116534	0.000035
褉邪蟹褉褘褏谢懈褌械谢褜	0.000601	1.237874	0.000744
褉邪褋褋芯谢褜薪懈泻	0.000601	0.040822	0.000025
褉邪褋褋芯谢褜薪懈泻邪	0.000301	0.116534	0.000035
褉邪褋褋褘谢泻懈	0.000301	0.061875	0.000019
褉邪褋褌懈褌械谢褜薪芯屑	0.000301	4.605170	0.001384
褉械谐懈褋褌褉邪褑懈懈	0.000601	0.010050	0.000006
褉械谐懈褋褌褉邪褑懈褟	0.000301	0.000000	0.000000
褉械泄褌懈薪谐褍	0.000301	0.248461	0.000075
褉械锌褔邪褌褘泄	0.001202	0.430783	0.000518
褉械褋褌芯褉邪薪邪	0.000301	1.832581	0.000551
褉械褋褌芯褉邪薪械	0.000301	2.525729	0.000759
褉械褑械锌褌	0.004208	0.040822	0.000172
褉械褑械锌褌邪褏	0.000301	0.061875	0.000019
褉械褑械锌褌芯胁	0.001803	0.040822	0.000074
褉械褑械锌褌芯屑	0.000301	0.693147	0.000208
褉械褑械锌褌褘	0.021641	0.040822	0.000883
褉懈褋	0.001803	0.040822	0.000074
褉懈褋邪	0.000301	0.116534	0.000035
褉懈褋芯胁褘泄	0.000301	4.605170	0.001384
褉懈褌屑械	0.000301	0.116534	0.000035
褉芯谐邪谢懈泻懈	0.000301	0.040822	0.000012
褉芯写薪芯械	0.000301	0.116534	0.000035
褉芯卸写械薪懈褟	0.000301	0.105361	0.000032
褉芯卸写械褋褌胁芯	0.000301	0.116534	0.000035
褉芯蟹屑邪褉懈薪	0.000601	1.609438	0.000968
褉芯谢谢褌芯薪	0.000301	0.116534	0.000035
褉芯谢谢褘	0.000601	0.040822	0.000025
褉芯屑	0.000902	0.040822	0.000037
褉褌褍	0.000601	1.469676	0.000883
褉褍斜褉懈泻邪褌芯褉	0.000301	0.051293	0.000015
褉褍谢械褌	0.000301	0.040822	0.000012
褉褍谢械褌褘	0.003006	0.116534	0.000350
褉褍屑褘薪褋泻邪褟	0.000301	0.116534	0.000035
褉褍屑褟薪褘械	0.000301	0.116534	0.000035
褉褍薪械褌械	0.000301	0.020203	0.000006
褉褍褋褋泻邪褟	0.000301	0.116534	0.000035
褉褍褋褋泻懈械	0.000301	2.995732	0.000900
褉褘斜邪	0.002705	0.040822	0.000110
褉褘斜械	0.000601	0.116534	0.000070
褉褘斜薪邪褟	0.000301	0.116534	0.000035
褉褘斜薪芯谐芯	0.000601	0.116534	0.000070
褉褘斜薪褘械	0.001202	0.116534	0.000140
褉褘斜薪褘泄	0.000601	0.116534	0.000070
褉褘斜薪褘褏	0.000301	0.116534	0.000035
褉褘斜芯泄	0.000601	0.116534	0.000070
褉褘斜褘	0.003607	0.116534	0.000420
褉褟卸械薪泻邪	0.000301	0.116534	0.000035
褋邪泄褌	0.000902	0.000000	0.000000
褋邪泄褌褍	0.000601	0.061875	0.000037
褋邪谢邪褌	0.000301	0.094311	0.000028
褋邪谢邪褌薪邪褟	0.000301	0.116534	0.000035
褋邪谢邪褌褘	0.009318	0.040822	0.000380
褋邪屑芯谐芯薪	0.000301	0.040822	0.000012
褋邪屑芯屑	0.000301	2.120264	0.000637
褋邪屑褘褏	0.000601	0.116534	0.000070
褋邪褎	0.000902	0.116534	0.000105
褋邪褎褋械屑	0.000301	0.116534	0.000035
褋邪褏邪褉	0.006011	0.116534	0.000701
褋邪褏邪褉邪	0.000301	2.995732	0.000900
褋邪褏邪褉薪邪褟	0.000601	1.897120	0.001140
褋斜懈褌械薪褜	0.000301	0.040822	0.000012
褋胁械卸械胁褘卸邪褌褘泄	0.000601	4.605170	0.002768
褋胁械卸械褋褌褜	0.000301	0.105361	0.000032
褋胁械泻谢邪	0.000301	0.040822	0.000012
褋胁械泻芯谢褜薪懈泻	0.000601	0.040822	0.000025
褋胁械褌邪	0.001202	0.116534	0.000140
褋胁懈薪懈薪邪	0.000301	0.040822	0.000012
褋胁懈薪懈薪褘	0.001202	0.116534	0.000140
褋胁芯械	0.000301	0.116534	0.000035
褋胁芯械屑	0.000301	0.040822	0.000012
褋胁芯懈屑	0.000301	0.040822	0.000012
褋胁芯懈褏	0.000301	1.347074	0.000405
褋胁芯褞	0.000301	0.040822	0.000012
褋谐褍褖械薪泻邪	0.000301	0.040822	0.000012
褋写邪褞褌褋褟	0.000301	4.605170	0.001384
褋械谐芯写薪褟	0.000301	0.843970	0.000254
褋械蟹芯薪	0.000301	0.116534	0.000035
褋械泄褔邪褋	0.000301	0.030459	0.000009
褋械泻褉械褌褘	0.000601	0.116534	0.000070
褋械谢械写泻邪	0.000301	0.040822	0.000012
褋械屑谐邪	0.000301	0.040822	0.000012
褋械屑械泄薪褘泄	0.000301	0.116534	0.000035
褋械屑械薪邪	0.000601	3.218876	0.001935
褋械屑褜懈	0.000301	0.116534	0.000035
褋械薪褌褟斜褉褟	0.000601	0.673345	0.000405
褋懈写褉	0.000301	0.040822	0.000012
褋懈褉懈泄褋泻邪褟	0.000301	0.116534	0.000035
褋懈褉芯锌	0.001503	0.040822	0.000061
褋懈褉芯锌褘	0.000301	0.116534	0.000035
褋懈褋褌械屑褘	0.000301	0.040822	0.000012
褋懈褌懈	0.000301	0.127833	0.000038
褋泻邪蟹芯泻	0.000301	0.116534	0.000035
褋谢邪斜芯薪械褉胁薪褘褏	0.000301	4.605170	0.001384
褋谢邪斜褘械	0.000301	4.605170	0.001384
褋谢邪写械薪褜泻芯谐芯	0.000301	3.912023	0.001176
褋谢邪写泻邪褟	0.001202	0.116534	0.000140
褋谢邪写泻懈械	0.002104	0.040822	0.000086
褋谢邪写泻懈泄	0.002705	0.105361	0.000285
褋谢邪写泻懈褏	0.000601	0.116534	0.000070
褋谢邪写泻芯	0.000301	0.116534	0.000035
褋谢邪写泻芯械	0.000301	2.407946	0.000724
褋谢懈胁泻懈	0.002405	1.078810	0.002594
褋谢懈胁芯褔薪芯谐芯	0.000301	1.771957	0.000533
褋谢懈胁芯褔薪芯械	0.002104	0.116534	0.000245
褋谢芯械薪芯谐芯	0.000301	0.127833	0.000038
褋谢芯械薪芯械	0.000301	0.116534	0.000035
褋谢芯械薪褘泄	0.000301	0.116534	0.000035
褋谢芯卸薪褘褏	0.000301	4.605170	0.001384
褋谢芯泄泻邪	0.000301	0.040822	0.000012
褋谢芯泄泻懈	0.000301	0.116534	0.000035
褋屑械褋褜	0.000301	1.660731	0.000499
褋屑械褌邪薪邪	0.000301	0.105361	0.000032
褋屑械褕邪薪薪芯谐芯	0.000301	0.116534	0.000035
褋屑芯卸械褌械	0.000301	0.040822	0.000012
褋屑芯褉芯写懈薪邪	0.000601	3.912023	0.002352
褋屑芯褉芯写懈薪褘	0.000301	4.605170	0.001384
褋屑芯褌褉懈褌械	0.000601	3.506558	0.002108
褋屑褍蟹懈	0.000902	0.040822	0.000037
褋薪褝泻	0.000301	0.116534	0.000035
褋薪褟褌褜	0.000301	3.218876	0.000968
褋芯斜懈褉邪械褌械褋褜	0.000301	0.040822	0.000012
褋芯胁械褉褕械薪褋褌胁芯	0.001503	0.116534	0.000175
褋芯胁械褌邪屑懈	0.000301	0.040822	0.000012
褋芯谐谢邪褕邪械褌械褋褜	0.000301	0.040822	0.000012
褋芯写邪	0.001803	0.967584	0.001745
褋芯蟹写邪械褌	0.000601	0.116534	0.000070
褋芯蟹写邪薪懈褟	0.000601	0.261365	0.000157
褋芯泻	0.001202	0.116534	0.000140
褋芯泻邪	0.000301	0.105361	0.000032
褋芯泻懈	0.000301	0.040822	0.000012
褋芯谢械薪褘械	0.000902	0.116534	0.000105
褋芯谢械薪褜褟	0.000601	0.116534	0.000070
褋芯谢薪械褔薪芯泄	0.000301	0.127833	0.000038
褋芯谢薪械褔薪褍褞	0.000301	4.605170	0.001384
褋芯谢褜	0.003006	0.150823	0.000453
褋芯谢褟薪泻邪	0.000601	0.040822	0.000025
褋芯褉褌懈褉芯胁邪褌褜	0.000301	0.248461	0.000075
褋芯褋褌邪胁械	0.000301	2.407946	0.000724
褋芯褋褌邪胁褜	0.000301	0.116534	0.000035
褋芯褍褋	0.002405	0.040822	0.000098
褋芯褍褋械	0.000601	1.897120	0.001140
褋芯褍褋芯屑	0.001503	0.116534	0.000175
褋芯褍褋褘	0.001202	0.116534	0.000140
褋芯褏褉邪薪褟褌褜	0.000301	0.040822	0.000012
褋芯褑褋械褌懈	0.000301	0.040822	0.000012
褋芯褔械褌邪械褌褋褟	0.000301	2.659260	0.000799
褋芯褔械褌邪薪懈械	0.000301	0.116534	0.000035
褋芯褔薪芯械	0.000301	0.116534	0.000035
褋锌邪谢褜薪褟屑懈	0.000902	0.446287	0.000402
褋锌邪褋懈斜芯	0.000301	0.673345	0.000202
褋锌械褑懈邪谢褜薪芯械	0.000301	0.116534	0.000035
褋锌械褑懈懈	0.000902	0.105361	0.000095
褋锌械褑锌褉芯械泻褌	0.009919	0.116534	0.001156
褋锌懈褋芯泻	0.000301	0.116534	0.000035
褋锌芯褞	0.000301	0.116534	0.000035
褋褉械写懈蟹械屑薪芯屑芯褉褋泻邪褟	0.000301	0.127833	0.000038
褋褌邪胁褜褌械	0.000301	4.605170	0.001384
褋褌邪褉褘械	0.000301	0.261365	0.000079
褋褌邪褌褜褟褏	0.000301	0.061875	0.000019
褋褌懈谢械	0.000301	0.116534	0.000035
褋褌懈谢褟	0.000301	0.116534	0.000035
褋褌芯泻褌芯薪	0.000301	3.506558	0.001054
褋褌芯谢	0.000601	0.105361	0.000063
褋褌芯谢邪	0.001803	0.116534	0.000210
褋褌芯褟褌	0.000301	4.605170	0.001384
褋褌褉芯懈褌械谢褜褋褌胁械	0.000301	0.040822	0.000012
褋褌褉芯懈褌械谢褜褋褌胁褍	0.000301	0.040822	0.000012
褋褌褉芯懈褌褜	0.000301	0.040822	0.000012
褋褌褉芯泄薪芯泄	0.000301	0.116534	0.000035
褋褌褉褍卸泻邪	0.001803	3.218876	0.005805
褋褍斜锌褉芯写褍泻褌芯胁	0.002104	0.116534	0.000245
褋褍斜锌褉芯写褍泻褌褘	0.000902	0.116534	0.000105
褋褍锌	0.002705	0.040822	0.000110
褋褍锌邪	0.000301	0.040822	0.000012
褋褍锌械褉	0.000301	2.302585	0.000692
褋褍锌褘	0.002705	0.040822	0.000110
褋褍褎谢械	0.000902	0.040822	0.000037
褋褍褏邪褉懈	0.000301	0.040822	0.000012
褋褍褕懈	0.000601	0.040822	0.000025
褋褘褉	0.000902	0.040822	0.000037
褋褘褉邪	0.001503	0.116534	0.000175
褋褘褉邪屑懈	0.000301	0.127833	0.000038
褋褘褉薪懈泻	0.000301	0.040822	0.000012
褋褘褉薪懈泻懈	0.000601	0.116534	0.000070
褋褘褉薪褘械	0.001202	0.040822	0.000049
褋褘褌薪褘泄	0.000601	0.105361	0.000063
褋褘褔褍卸薪褘屑懈	0.000301	0.127833	0.000038
褋褝薪写胁懈褔懈	0.000301	0.127833	0.000038
褋褞褉锌褉懈蟹	0.000301	0.116534	0.000035
褌邪写卸懈泻褋泻邪褟	0.000301	0.116534	0.000035
褌邪泄褋泻邪褟	0.000301	0.116534	0.000035
褌邪谢邪薪褌谢懈胁芯谐芯	0.000301	4.605170	0.001384
褌邪褉褌	0.000301	0.116534	0.000035
褌邪褉褌邪谢械褌泻懈	0.000601	0.040822	0.000025
褌邪褌邪褉褋泻邪褟	0.000301	0.116534	0.000035
褌邪褞褌	0.000301	3.912023	0.001176
褌邪褞褖懈械	0.000301	3.912023	0.001176
褌胁芯懈	0.000601	0.116534	0.000070
褌胁芯褉懈	0.000301	0.116534	0.000035
褌胁芯褉芯谐	0.001803	0.040822	0.000074
褌胁芯褉芯谐芯屑	0.000301	0.105361	0.000032
褌胁芯褉芯卸薪芯械	0.000301	0.116534	0.000035
褌胁芯褉芯卸薪褘械	0.000601	0.116534	0.000070
褌胁芯褉芯卸薪褘泄	0.000301	0.116534	0.000035
褌械泻褋褌褍褉褍	0.000301	4.605170	0.001384
褌械谢械谐褉邪屑	0.000301	0.040822	0.000012
褌械谢褟褌懈薪褘	0.001202	0.116534	0.000140
褌械屑薪褘泄	0.001803	2.040221	0.003679
褌械锌谢芯屑	0.000301	0.116534	0.000035
褌械褉褉懈薪	0.000301	0.040822	0.000012
褌械褋褌	0.001503	0.127833	0.000192
褌械褋褌邪	0.002705	0.105361	0.000285
褌械褋褌芯	0.002705	0.040822	0.000110
褌械褏薪懈泻邪	0.001503	0.105361	0.000158
褌械褖懈薪	0.000301	0.040822	0.000012
褌屑	0.001202	0.127833	0.000154
褌芯谐芯	0.000301	1.427116	0.000429
褌芯锌谢械薪芯械	0.000301	0.116534	0.000035
褌芯褉褌	0.004509	0.040822	0.000184
褌芯褉褌褘	0.003306	0.116534	0.000385
褌褉邪胁褘	0.000301	0.105361	0.000032
褌褉邪写懈褑懈懈	0.000301	0.116534	0.000035
褌褉邪写懈褑懈泄	0.001202	0.116534	0.000140
褌褉邪写懈褑懈褟褏	0.000301	0.116534	0.000035
褌褉械褏谢械褌懈械屑	0.000301	0.116534	0.000035
褌褉芯锌懈褔械褋泻懈械	0.000301	3.912023	0.001176
褌褉芯锌懈褔械褋泻芯械	0.000301	4.605170	0.001384
褌褉褍斜芯褔泻懈	0.000301	0.040822	0.000012
褌褉褞褎械谢懈	0.000301	4.605170	0.001384
褌褉褞褎械谢褜薪褘褏	0.000301	4.605170	0.001384
褌褍薪懈褋褋泻邪褟	0.000301	0.116534	0.000035
褌褍薪褑芯屑	0.000301	0.116534	0.000035
褌褍褉械褑泻邪褟	0.000301	0.116534	0.000035
褌褘泻胁邪	0.000301	0.040822	0.000012
褍胁械写芯屑谢械薪懈褟	0.000301	0.040822	0.000012
褍谐邪写邪械褕褜	0.000301	4.605170	0.001384
褍写邪褔薪邪褟	0.000301	0.116534	0.000035
褍写懈胁懈	0.000301	0.116534	0.000035
褍写懈胁谢褟泄褌械	0.001202	0.116534	0.000140
褍写芯胁芯谢褜褋褌胁懈械屑	0.000301	0.116534	0.000035
褍卸	0.000301	0.693147	0.000208
褍卸懈薪	0.001803	0.094311	0.000170
褍蟹斜械泻褋泻邪褟	0.000301	0.116534	0.000035
褍泻褉邪懈薪褋泻邪褟	0.000301	0.116534	0.000035
褍泻褉邪褕械薪懈褟	0.002405	0.116534	0.000280
褍锌芯褌褉械斜谢械薪懈械屑	0.000301	0.116534	0.000035
褍褉邪谢褜褋泻邪褟	0.000301	0.116534	0.000035
褍褉芯卸邪泄	0.000301	0.105361	0.000032
褍褋懈谢懈泄	0.000301	3.218876	0.000968
褍褋谢芯胁懈褟褏	0.000301	1.771957	0.000533
褍褌泻懈	0.000902	0.116534	0.000105
褍褏邪	0.000301	0.040822	0.000012
褍褔邪褋褌胁芯胁邪褌褜	0.000301	0.040822	0.000012
褎邪写卸	0.000601	4.605170	0.002768
褎邪蟹械薪写褘	0.000301	0.127833	0.000038
褎邪薪褌邪蟹懈懈	0.001803	0.116534	0.000210
褎邪薪褌邪蟹懈泄	0.000301	0.116534	0.000035
褎邪薪褌邪蟹懈褟	0.000301	0.116534	0.000035
褎邪薪褌邪褋褌懈褔械褋泻懈	0.000301	3.218876	0.000968
褎邪褉褕邪	0.003907	0.040822	0.000160
褎邪褉褕懈褉芯胁邪薪薪邪褟	0.000601	0.116534	0.000070
褎邪褉褕懈褉芯胁邪薪薪芯械	0.000301	0.116534	0.000035
褎邪褉褕懈褉芯胁邪薪薪褘械	0.000601	0.040822	0.000025
褎邪褉褕懈褉芯胁邪薪薪褘泄	0.000301	0.040822	0.000012
褎邪褋芯谢懈	0.000902	3.912023	0.003528
褎邪褋芯谢褜	0.001503	0.040822	0.000061
褎械胁褉邪谢褟	0.000601	0.105361	0.000063
褎械泄械褉胁械褉泻	0.000601	0.116534	0.000070
褎懈谐褍褉械	0.000301	0.116534	0.000035
褎懈谐褍褉褘	0.000301	2.995732	0.000900
褎懈薪懈泻	0.000601	3.506558	0.002108
褎懈薪懈泻懈	0.000301	4.605170	0.001384
褎懈薪褋泻邪褟	0.000301	0.116534	0.000035
褎懈褉屑械薪薪芯械	0.000301	0.116534	0.000035
褎芯薪写褞	0.000301	0.040822	0.000012
褎芯褉屑褘	0.000301	0.116534	0.000035
褎芯褉褍屑械	0.000601	0.040822	0.000025
褎芯褉褕屑邪泻	0.000301	0.040822	0.000012
褎芯褌芯谐褉邪褎邪	0.000301	4.605170	0.001384
褎褉邪薪褑懈懈	0.000301	0.116534	0.000035
褎褉邪薪褑褍蟹褋泻邪褟	0.000301	0.116534	0.000035
褎褉邪褍	0.001202	0.116534	0.000140
褎褉懈褋泻芯	0.000301	3.506558	0.001054
褎褉褍泻褌芯胁	0.001202	0.116534	0.000140
褎褉褍泻褌芯胁芯	0.000301	0.116534	0.000035
褎褉褍泻褌芯胁芯械	0.000601	3.218876	0.001935
褎褉褍泻褌芯胁褘械	0.002104	0.040822	0.000086
褎褉褍泻褌芯胁褘泄	0.000601	3.506558	0.002108
褎褍写	0.000301	0.116534	0.000035
褎褍写褋褌懈谢懈褋褌邪	0.000301	4.605170	0.001384
褎褍褉褕械褌	0.000301	0.116534	0.000035
褏邪谢胁邪	0.000301	0.040822	0.000012
褏邪褉胁械褋褌褎械褋褌	0.000601	0.116534	0.000070
褏邪褉褔芯	0.000601	0.040822	0.000025
褏邪褕	0.000301	0.040822	0.000012
褏胁芯褉芯褋褌	0.000301	0.040822	0.000012
褏懈薪泻邪谢懈	0.000301	0.116534	0.000035
褏懈褌	0.002104	0.116534	0.000245
褏谢械斜	0.000902	0.040822	0.000037
褏谢械斜芯锌械褔泻懈	0.000301	0.116534	0.000035
褏谢芯锌褜褟	0.000601	0.105361	0.000063
褏芯蟹褟泄泻懈	0.000301	0.127833	0.000038
褏芯谢芯写械褑	0.000301	0.040822	0.000012
褏芯谢芯写薪褘械	0.000601	0.116534	0.000070
褏芯谢芯写薪褘泄	0.000601	0.116534	0.000070
褏芯褉胁邪褌褋泻邪褟	0.000301	0.116534	0.000035
褏芯褉芯褕芯	0.001503	0.105361	0.000158
褏芯褉褋	0.000301	0.116534	0.000035
褏芯褌懈褌械	0.000301	0.040822	0.000012
褏芯褔械褌褋褟	0.000301	1.469676	0.000442
褏褍写懈薪芯泄	0.000301	4.605170	0.001384
褏褍屑褍褋	0.000301	0.040822	0.000012
褑邪褉褋褌胁芯	0.000301	0.127833	0.000038
褑邪褉褜	0.000301	0.116534	0.000035
褑胁械褌薪邪褟	0.000301	0.040822	0.000012
褑械谢褜薪芯蟹械褉薪芯胁邪褟	0.000601	4.605170	0.002768
褑械谢褜薪芯蟹械褉薪芯胁芯泄	0.000601	3.912023	0.002352
褑械薪薪褘褏	0.000301	0.040822	0.000012
褑械薪褌褉	0.000301	0.116534	0.000035
褔邪械屑	0.000301	0.116534	0.000035
褔邪泄	0.000902	0.040822	0.000037
褔械斜褍褉械泻懈	0.000601	0.040822	0.000025
褔械谐芯	0.000301	1.203973	0.000362
褔械褉泻懈蟹芯胁芯	0.000601	0.116534	0.000070
褔械褉薪邪褟	0.000601	3.912023	0.002352
褔械褉薪褘泄	0.000601	0.371064	0.000223
褔械褋褌薪褘屑懈	0.000301	0.040822	0.000012
褔械褔械胁懈褑邪	0.000301	0.040822	0.000012
褔械褕褋泻邪褟	0.000301	0.116534	0.000035
褔懈蟹泻械泄泻	0.001803	0.040822	0.000074
褔懈谢懈	0.000601	1.237874	0.000744
褔懈谢懈泄褋泻邪褟	0.000301	0.116534	0.000035
褔懈锌褋褘	0.000301	0.040822	0.000012
褔懈褋谢褍	0.000301	0.261365	0.000079
褔懈褌邪褌械谢懈	0.000301	4.605170	0.001384
褔褍写械褋	0.000301	0.116534	0.000035
褔褍写械褋薪芯械	0.000301	2.525729	0.000759
褔褍写械褋薪褘泄	0.000301	2.659260	0.000799
褔褍褌褜械	0.000301	4.605170	0.001384
褕邪褉懈泻懈	0.000601	0.040822	0.000025
褕邪褉谢芯褌泻邪	0.000301	0.040822	0.000012
褕邪褉谢芯褌泻懈	0.000301	0.127833	0.000038
褕邪褉屑	0.000301	0.116534	0.000035
褕邪褕谢褘泻	0.003607	0.040822	0.000147
褕邪褕谢褘泻懈	0.000301	0.040822	0.000012
褕胁械写褋泻邪褟	0.000301	0.116534	0.000035
褕胁械泄褑邪褉褋泻邪褟	0.000301	0.116534	0.000035
褕械写械胁褉褘	0.000301	0.116534	0.000035
褕械褎	0.000301	0.127833	0.000038
褕懈锌褍褔泻邪	0.000301	0.040822	0.000012
褕懈褉芯泻邪褟	0.000301	0.127833	0.000038
褕泻芯谢褍	0.000301	0.116534	0.000035
褕芯泻芯谢邪写	0.003907	0.040822	0.000160
褕芯泻芯谢邪写邪	0.000301	2.995732	0.000900
褕芯泻芯谢邪写械	0.000301	3.912023	0.001176
褕芯泻芯谢邪写薪芯	0.000601	2.813411	0.001691
褕芯泻芯谢邪写薪芯械	0.000301	2.659260	0.000799
褕芯泻芯谢邪写薪褘械	0.000601	3.218876	0.001935
褕芯褌谢邪薪写褋泻邪褟	0.000301	0.116534	0.000035
褕褌褉褍写械谢褜	0.000301	0.040822	0.000012
褕褍褉锌邪	0.000301	0.040822	0.000012
褖邪褋	0.000301	0.116534	0.000035
褖械写褉邪褟	0.000301	0.116534	0.000035
褖懈	0.000601	0.040822	0.000025
褝泻蟹芯褌懈褔械褋泻芯械	0.000301	3.912023	0.001176
褝泻芯屑懈谢泻	0.000301	0.127833	0.000038
褝泻褋褌褉邪泻褌邪	0.000301	4.605170	0.001384
褝褉泻械褉芯屑	0.000301	2.040221	0.000613
褝褋褋械薪褑懈褟	0.001202	3.912023	0.004703
褝褋褌芯薪褋泻邪褟	0.000301	0.116534	0.000035
褝褌懈屑	0.000601	1.108663	0.000666
褝褌芯谐芯	0.000301	0.415515	0.000125
褞谐芯褋谢邪胁褋泻邪褟	0.000301	0.116534	0.000035
褟谐芯写薪褘械	0.000601	0.116534	0.000070
褟谐芯写薪褘泄	0.000601	0.116534	0.000070
褟蟹褘泻	0.000601	0.040822	0.000025
褟懈褑	0.001503	0.116534	0.000175
褟泄褑邪	0.000301	0.040822	0.000012
褟泄褑芯	0.001803	0.261365	0.000471
褟薪写械泻褋	0.000301	0.072571	0.000022
褟锌芯薪褋泻邪褟	0.000301	0.116534	0.000035
褟锌芯薪褋泻芯泄	0.000301	0.061875	0.000019
褟褉泻懈械	0.000301	0.116534	0.000035
褟褉泻芯	0.000301	0.105361	0.000032
