谢械屑屑邪	TF	IDF	TF-IDF
邪斜褏邪蟹褋泻懈泄	0.000760	0.116534	0.000089
邪胁褋褌褉邪谢懈泄褋泻懈泄	0.000760	0.116534	0.000089
邪胁褋褌褉懈泄褋泻懈泄	0.000760	0.116534	0.000089
邪胁褌芯泻谢邪胁	0.000380	0.116534	0.000044
邪胁褌芯褉	0.000380	0.040822	0.000016
邪谐褉芯	0.000380	0.116534	0.000044
邪写卸懈泻邪	0.000380	0.040822	0.000016
邪蟹	0.000380	0.127833	0.000049
邪蟹械褉斜邪泄写卸邪薪褋泻懈泄	0.000760	0.116534	0.000089
邪蟹懈邪褌褋泻懈泄	0.000380	0.127833	0.000049
邪泄褉邪薪	0.000380	0.040822	0.000016
邪泻胁邪褌懈泻	0.001139	0.127833	0.000146
邪谢械泻褋械泄	0.000380	0.127833	0.000049
邪谢泻芯谐芯谢褜	0.001139	0.116534	0.000133
邪谢泻芯谐芯谢褜薪褘泄	0.000380	0.116534	0.000044
邪谢褜褟薪褋	0.000380	0.116534	0.000044
邪屑械褉懈泻邪薪褋泻懈泄	0.001139	0.116534	0.000133
邪薪谐谢懈泄褋泻懈泄	0.000760	0.116534	0.000089
邪薪写褉械泄	0.000380	0.127833	0.000049
邪褉邪斜褋泻懈泄	0.000760	0.116534	0.000089
邪褉谐械薪褌懈薪褋泻懈泄	0.000760	0.116534	0.000089
邪褉屑褟薪褋泻懈泄	0.000760	0.116534	0.000089
邪褋褋芯褉褌懈	0.000760	0.116534	0.000089
邪褌谢邪薪褌	0.000380	0.116534	0.000044
邪褎谐邪薪褋泻懈泄	0.000760	0.116534	0.000089
邪褎褉懈泻邪薪褋泻懈泄	0.000760	0.116534	0.000089
邪褝褉芯谐褉懈谢褜	0.004558	0.116534	0.000531
斜邪泻谢邪卸邪薪	0.000380	0.040822	0.000016
斜邪谢褌泻芯屑邪	0.000380	0.127833	0.000049
斜邪褉邪薪懈薪邪	0.001519	0.116534	0.000177
斜邪褋屑邪褌懈	0.000760	0.127833	0.000097
斜邪褋褌褍褉屑	0.000380	0.040822	0.000016
斜邪褋褌褍褉屑邪	0.000380	0.040822	0.000016
斜邪褌芯薪褔懈泻	0.000380	0.127833	0.000049
斜邪褕泻懈褉褋泻懈泄	0.000760	0.116534	0.000089
斜械蟹邪谢泻芯谐芯谢褜薪褘泄	0.000380	0.116534	0.000044
斜械蟹谐谢褞褌械薪芯胁芯械	0.000380	0.116534	0.000044
斜械蟹械	0.001519	0.040822	0.000062
斜械谢械斜械械胁褋泻懈泄	0.000760	0.116534	0.000089
斜械谢芯褉褍褋褋泻懈泄	0.000760	0.116534	0.000089
斜械谢褜谐懈泄褋泻懈泄	0.000760	0.116534	0.000089
斜械褉械屑械薪薪邪褟	0.000380	0.116534	0.000044
斜械褋械写懈薪	0.000380	0.127833	0.000049
斜懈褋泻胁懈褌	0.000760	0.040822	0.000031
斜懈褋泻胁懈褌薪褘泄	0.001139	0.105361	0.000120
斜谢懈蟹泻懈泄	0.000760	0.116534	0.000089
斜谢懈薪	0.002279	0.040822	0.000093
斜谢褞写芯	0.042157	0.040822	0.001721
斜芯斜芯胁褘泄	0.003038	0.116534	0.000354
斜芯谢谐邪褉褋泻懈泄	0.000760	0.116534	0.000089
斜芯谢褜褕芯泄	0.000760	0.094311	0.000072
斜芯褉褖	0.000760	0.040822	0.000031
斜芯褌胁懈薪褜褟	0.000380	0.040822	0.000016
斜褉邪蟹懈谢褜褋泻懈泄	0.000760	0.116534	0.000089
斜褉邪褍蟹械褉	0.000380	0.040822	0.000016
斜褉邪褍薪懈	0.000380	0.040822	0.000016
斜褉械褋褌	0.000380	0.127833	0.000049
斜褉芯泻泻芯谢懈	0.000380	0.040822	0.000016
斜褍卸械薪懈薪邪	0.000380	0.040822	0.000016
斜褍谢芯褔泻邪	0.001139	0.040822	0.000047
斜褍谢褜芯薪	0.004937	0.040822	0.000202
斜褍褉谐械褉	0.000760	0.040822	0.000031
斜褍褉褟褌褋泻懈泄	0.000760	0.116534	0.000089
斜褍褌械褉斜褉芯写	0.001519	0.040822	0.000062
斜褘褋褌褉芯	0.000380	0.094311	0.000036
斜褘褋褌褉褘泄	0.001139	0.094311	0.000107
胁邪卸薪褘泄	0.000380	0.116534	0.000044
胁邪谢谢懈泄褋泻懈泄	0.000760	0.116534	0.000089
胁邪褉械薪懈械	0.000760	0.040822	0.000031
胁邪褉械薪懈泻	0.000380	0.116534	0.000044
胁邪褉褢薪褘泄	0.000380	2.407946	0.000915
胁邪褌褉褍褕泻邪	0.000380	0.040822	0.000016
胁邪褎谢褟	0.000760	0.040822	0.000031
胁邪褕	0.000380	0.000000	0.000000
胁胁械褋褌懈	0.000380	3.912023	0.001486
胁胁芯写懈褌褜	0.000380	0.040822	0.000016
胁写芯褏薪芯胁械薪懈械	0.002279	0.116534	0.000266
胁写芯褏薪芯胁谢褟褌褜褋褟	0.000380	0.116534	0.000044
胁械谐邪薪褋泻懈泄	0.000380	3.912023	0.001486
胁械谐械褌邪褉懈邪薪褋泻懈泄	0.001139	0.116534	0.000133
胁械谢懈泻懈泄	0.000380	0.116534	0.000044
胁械薪谐械褉褋泻懈泄	0.000760	0.116534	0.000089
胁械褋械薪薪懈泄	0.000380	0.051293	0.000019
胁械褋薪邪	0.002279	0.116534	0.000266
胁械褌褔懈薪邪	0.000380	0.094311	0.000036
胁懈写	0.000380	0.776529	0.000295
胁懈写械芯	0.001519	0.116534	0.000177
胁懈薪芯	0.000760	0.040822	0.000031
胁泻褍褋	0.004178	0.105361	0.000440
胁泻褍褋薪芯	0.001139	0.094311	0.000107
胁泻褍褋薪褘泄	0.003418	0.061875	0.000211
胁谢褞斜懈褌褜	0.000760	0.116534	0.000089
胁芯写邪	0.000380	0.094311	0.000036
胁芯泄褌懈	0.000380	0.000000	0.000000
胁芯谢芯胁邪薪	0.000380	0.116534	0.000044
胁芯谢褕械斜薪褘泄	0.000380	0.116534	0.000044
胁芯谢褕械斜褋褌胁芯	0.000380	0.116534	0.000044
胁芯锌褉芯褋	0.000380	0.000000	0.000000
胁芯褋褌芯褔薪褘泄	0.000380	0.127833	0.000049
胁褉械屑褟	0.002659	0.105361	0.000280
胁褋锌芯屑薪懈褌褜	0.000380	0.040822	0.000016
胁褌芯褉芯械	0.000380	0.116534	0.000044
胁褌芯褉芯泄	0.000380	0.116534	0.000044
胁褏芯写	0.001139	0.030459	0.000035
胁褘泄褌懈	0.000380	0.040822	0.000016
胁褘锌械褔泻邪	0.006457	0.040822	0.000264
胁褜械褌薪邪屑褋泻懈泄	0.000760	0.116534	0.000089
胁褟谢械薪褘泄	0.000380	2.525729	0.000959
谐邪胁邪泄褋泻懈泄	0.000760	0.116534	0.000089
谐邪褉薪懈褉	0.001899	0.040822	0.000078
谐邪褋锌邪褔芯	0.000380	0.040822	0.000016
谐械芯谐褉邪褎懈褟	0.000380	0.116534	0.000044
谐谢邪胁薪褘泄	0.000380	0.040822	0.000016
谐谢邪蟹褍褉褜	0.001139	0.040822	0.000047
谐谢懈薪褌胁械泄薪	0.000380	0.040822	0.000016
谐芯胁褟写懈薪邪	0.001519	0.116534	0.000177
谐芯写	0.003418	0.083382	0.000285
谐芯谢谢邪薪写褋泻懈泄	0.000760	0.116534	0.000089
谐芯褉芯写	0.000380	0.116534	0.000044
谐芯褉芯褏	0.000380	0.116534	0.000044
谐芯褉褔懈褑邪	0.001139	0.040822	0.000047
谐芯褉褕芯褔械泻	0.000760	0.040822	0.000031
谐芯褉褟褔械械	0.000760	0.116534	0.000089
谐芯褉褟褔懈泄	0.015572	0.105361	0.001641
谐芯褋褌褜	0.000760	0.116534	0.000089
谐芯褌芯胁懈褌褜	0.005317	0.083382	0.000443
谐褉械薪泻邪	0.000760	0.040822	0.000031
谐褉械褔械褋泻懈泄	0.001139	0.116534	0.000133
谐褉械褔泻邪	0.000380	0.040822	0.000016
谐褉懈斜	0.003798	0.040822	0.000155
谐褉懈斜薪芯泄	0.000760	0.040822	0.000031
谐褉懈谢褜	0.003798	0.105361	0.000400
谐褉懈谢褜屑邪薪懈褟	0.000380	0.116534	0.000044
谐褉芯谐	0.000380	0.040822	0.000016
谐褉褍蟹懈薪褋泻懈泄	0.000760	0.116534	0.000089
谐褉褍锌锌邪	0.000380	0.061875	0.000023
谐褍褉屑	0.000380	0.127833	0.000049
谐褍褉屑邪薪懈褟	0.002279	0.116534	0.000266
谐褍褋褜	0.000760	0.105361	0.000080
写邪胁邪褌褜	0.000380	0.040822	0.000016
写邪薪薪褘械	0.000380	0.040822	0.000016
写邪褉	0.000380	0.116534	0.000044
写邪褌褋泻懈泄	0.000760	0.116534	0.000089
写邪褌褜	0.000380	0.040822	0.000016
写邪褔薪褘泄	0.001139	0.116534	0.000133
写械泻芯褉	0.000380	0.127833	0.000049
写械谢邪褌褜	0.000760	0.083382	0.000063
写械谢懈褌褜褋褟	0.000380	0.040822	0.000016
写械谢芯	0.000380	0.105361	0.000040
写械薪褜	0.003418	0.040822	0.000140
写械褋械褉褌	0.007216	0.040822	0.000295
写械褋械褉褌邪褑懈褟	0.000380	0.116534	0.000044
写械褋械褉褌薪褘泄	0.000380	0.116534	0.000044
写卸械屑	0.000380	0.040822	0.000016
写卸械屑邪	0.000380	0.040822	0.000016
写蟹械薪	0.000380	0.116534	0.000044
写懈械褌邪	0.000760	0.094311	0.000072
写懈泻懈泄	0.001139	0.116534	0.000133
写懈锌	0.000380	0.116534	0.000044
写懈褔褜	0.001139	0.116534	0.000133
写薪械胁薪懈泻	0.000380	0.061875	0.000023
写芯斜邪胁懈褌褜	0.000380	0.083382	0.000032
写芯斜邪胁谢褟褌褜	0.000380	0.040822	0.000016
写芯斜褉芯褎谢芯褌	0.000380	0.127833	0.000049
写芯胁械褉褟褌褜	0.000380	0.116534	0.000044
写芯屑	0.002279	0.040822	0.000093
写芯屑邪褕薪懈泄	0.004558	0.040822	0.000186
写褉邪泄胁	0.001899	0.127833	0.000243
写褉芯卸卸械胁芯泄	0.000380	0.116534	0.000044
写褍褏芯胁泻邪	0.001899	0.105361	0.000200
写褍褕邪	0.001139	0.105361	0.000120
械胁褉械泄褋泻懈泄	0.000760	0.116534	0.000089
械谐懈锌械褌褋泻懈泄	0.000760	0.116534	0.000089
械写懈薪褘泄	0.000380	0.000000	0.000000
械泻芯	0.000380	0.127833	0.000049
卸邪褉械薪褘泄	0.000380	1.272966	0.000483
卸邪褉泻芯械	0.000380	0.040822	0.000016
卸械谢邪械屑褘泄	0.000380	1.469676	0.000558
卸械谢械	0.001139	0.040822	0.000047
卸械薪褋泻懈泄	0.000760	0.020203	0.000015
卸械薪褖懈薪邪	0.000760	0.061875	0.000047
卸懈蟹薪褜	0.000760	0.040822	0.000031
卸褍谢褜械薪	0.000380	0.040822	0.000016
卸褍褉薪邪谢	0.000380	0.072571	0.000028
卸褞谢褜械薪	0.000380	0.040822	0.000016
卸褞谢褜薪褘泄	0.000380	0.040822	0.000016
蟹邪胁邪褉薪芯泄	0.000760	0.116534	0.000089
蟹邪胁褌褉邪泻	0.003418	0.094311	0.000322
蟹邪谐芯褌芯胁泻邪	0.002279	0.040822	0.000093
蟹邪写邪胁邪褌褜	0.000380	0.040822	0.000016
蟹邪泻胁邪褋泻邪	0.001139	0.040822	0.000047
蟹邪泻褉褘褌褘泄	0.000380	0.116534	0.000044
蟹邪泻褍褋泻邪	0.008735	0.040822	0.000357
蟹邪泻褍褋芯薪褔懈泻	0.000380	0.116534	0.000044
蟹邪泻褍褋芯褔泻邪	0.000380	0.116534	0.000044
蟹邪泻褍褋芯褔薪邪褟	0.003418	0.116534	0.000398
蟹邪谢懈胁薪芯械	0.000760	0.040822	0.000031
蟹邪屑芯褉芯蟹泻邪	0.000380	0.105361	0.000040
蟹邪锌邪写	0.000380	0.116534	0.000044
蟹邪锌械泻邪薪泻邪	0.004178	0.040822	0.000171
蟹邪锌褉邪胁泻邪	0.000760	0.040822	0.000031
蟹邪褉械谐懈褋褌褉懈褉芯胁邪褌褜褋褟	0.000760	0.030459	0.000023
蟹邪褋芯谢泻邪	0.000380	0.116534	0.000044
蟹邪褟褑	0.000760	0.116534	0.000089
蟹胁邪薪褘泄	0.000380	0.127833	0.000049
蟹胁械蟹写邪	0.000380	0.116534	0.000044
蟹胁褢蟹写薪褘泄	0.000380	0.116534	0.000044
蟹写芯褉芯胁褘泄	0.000760	0.116534	0.000089
蟹械谢械薪褜	0.000380	0.094311	0.000036
蟹械褎懈褉	0.000380	0.040822	0.000016
蟹懈屑邪	0.001519	0.040822	0.000062
蟹懈屑薪懈泄	0.000380	0.051293	0.000019
蟹芯谢芯褌芯泄	0.000380	0.116534	0.000044
懈胁邪薪芯胁	0.000380	0.127833	0.000049
懈写械邪谢褜薪褘泄	0.002659	0.116534	0.000310
懈写械泄泻邪	0.000380	0.116534	0.000044
懈蟹写械谢懈械	0.002279	0.116534	0.000266
懈泻褉邪	0.001139	0.040822	0.000047
懈屑褟	0.000380	0.030459	0.000012
懈薪胁械褉褌芯褉薪褘泄	0.000380	0.127833	0.000049
懈薪谐褉械写懈械薪褌	0.001519	0.139262	0.000212
懈薪写械泄泻邪	0.002279	0.094311	0.000215
懈薪写懈泄褋泻懈泄	0.000760	0.116534	0.000089
懈薪写懈谢邪泄褌邪	0.001139	0.116534	0.000133
懈薪写懈褉械褋薪褘泄	0.000380	0.116534	0.000044
懈薪褋褌褉褍泻褑懈褟	0.000380	0.030459	0.000012
懈褉邪泻褋泻懈泄	0.000760	0.116534	0.000089
懈褉邪薪褋泻懈泄	0.000760	0.116534	0.000089
懈褉谢邪薪写褋泻懈泄	0.000760	0.116534	0.000089
懈褋泻谢褞褔懈褌褜	0.000380	1.469676	0.000558
懈褋泻褉械薪薪械	0.000380	0.116534	0.000044
懈褋谢邪薪写褋泻懈泄	0.000760	0.116534	0.000089
懈褋锌邪薪褋泻懈泄	0.001139	0.116534	0.000133
懈褋锌械褔褜	0.000380	0.105361	0.000040
懈褋褌芯褉懈褟	0.002279	0.116534	0.000266
懈褌邪谢懈褟	0.000760	0.105361	0.000080
懈褌邪谢褜褟薪褋泻懈泄	0.001139	0.105361	0.000120
泄芯谐褍褉褌	0.001139	0.040822	0.000047
泻邪斜邪褔芯泻	0.000380	0.040822	0.000016
泻邪胁泻邪蟹褋泻懈泄	0.001139	0.116534	0.000133
泻邪蟹邪薪	0.000380	0.116534	0.000044
泻邪蟹邪褏褋泻懈泄	0.000760	0.116534	0.000089
泻邪泻邪芯	0.000760	0.040822	0.000031
泻邪谢械泄写芯褋泻芯锌	0.001519	0.116534	0.000177
泻邪谢屑褘褑泻懈泄	0.000760	0.116534	0.000089
泻邪谢褜屑邪褉	0.000380	0.040822	0.000016
泻邪屑械褉邪	0.000380	0.116534	0.000044
泻邪薪邪写褋泻懈泄	0.000760	0.116534	0.000089
泻邪薪邪谢	0.001139	0.040822	0.000047
泻邪薪邪锌械	0.000760	0.040822	0.000031
泻邪锌褍褋褌邪	0.001139	0.040822	0.000047
泻邪锌褍褋褌薪褟泻	0.000380	0.040822	0.000016
泻邪褉邪屑械谢褜	0.000380	0.040822	0.000016
泻邪褉褌芯褎械谢褜	0.000380	0.040822	0.000016
泻邪褉褌芯褎械谢褜薪褘泄	0.000760	0.040822	0.000031
泻邪褉褌芯褕泻邪	0.000760	0.040822	0.000031
泻邪褌械谐芯褉懈褟	0.000760	0.116534	0.000089
泻邪褔械褋褌胁芯	0.000380	0.105361	0.000040
泻邪褕邪	0.003418	0.040822	0.000140
泻胁邪褋	0.001519	0.040822	0.000062
泻胁邪褋薪芯泄	0.001139	0.116534	0.000133
泻械泻褋	0.001139	0.040822	0.000047
泻械褎懈褉	0.000380	0.040822	0.000016
泻懈屑褔邪褌褜	0.000380	0.040822	0.000016
泻懈薪芯邪	0.000760	0.127833	0.000097
泻懈薪芯谢械薪褌邪	0.000380	0.116534	0.000044
泻懈褋械谢褜	0.000760	0.040822	0.000031
泻懈褌邪泄褋泻懈泄	0.001139	0.116534	0.000133
泻谢邪褋褋	0.003418	0.116534	0.000398
泻薪懈谐邪	0.000380	0.040822	0.000016
泻芯泻褌械泄谢褜	0.002279	0.040822	0.000093
泻芯谢斜邪褋邪	0.000380	0.040822	0.000016
泻芯谢斜邪褋薪褘泄	0.001139	0.116534	0.000133
泻芯屑邪薪写邪	0.000760	0.127833	0.000097
泻芯屑懈	0.000760	0.116534	0.000089
泻芯屑锌邪薪懈褟	0.000380	0.105361	0.000040
泻芯屑锌芯褌	0.001139	0.040822	0.000047
泻芯薪懈薪邪	0.000380	0.116534	0.000044
泻芯薪泻褍褉褋	0.082036	0.040822	0.003349
泻芯薪泻褍褉褋薪褘泄	0.000380	0.127833	0.000049
泻芯薪褋械褉胁懈褉芯胁邪薪懈械	0.000380	0.040822	0.000016
泻芯薪褋械褉胁懈褉芯胁邪薪薪褘泄	0.001899	0.116534	0.000221
泻芯薪褎械褌邪	0.001139	0.040822	0.000047
泻芯薪褎械褌褌懈	0.000380	0.116534	0.000044
泻芯薪褎懈写械薪褑懈邪谢褜薪芯褋褌褜	0.000380	0.040822	0.000016
泻芯薪褎懈褌褞褉	0.000380	0.040822	0.000016
泻芯锌褔褢薪芯褋褌褜	0.000380	0.116534	0.000044
泻芯锌褔褢薪褘泄	0.000380	2.995732	0.001138
泻芯褉械泄褋泻懈	0.000380	0.040822	0.000016
泻芯褉械泄褋泻懈泄	0.000760	0.105361	0.000080
泻芯褉卸懈泻	0.000380	0.040822	0.000016
泻芯褉屑懈褌褜	0.000380	0.116534	0.000044
泻芯褌谢械褌邪	0.000380	0.040822	0.000016
泻芯褎械	0.000760	0.040822	0.000031
泻褉邪褋泻邪	0.000380	0.116534	0.000044
泻褉械邪褌懈胁	0.000380	0.127833	0.000049
泻褉械屑	0.001139	0.040822	0.000047
泻褉械锌泻懈泄	0.000380	0.116534	0.000044
泻褉芯谢懈泻	0.000760	0.116534	0.000089
泻褉芯屑械	0.000380	0.061875	0.000023
泻褉芯褏邪	0.000380	0.116534	0.000044
泻褉褍谐	0.000760	0.116534	0.000089
泻褉褍锌	0.002279	0.105361	0.000240
泻褉褍锌邪	0.003418	0.116534	0.000398
泻褉褍锌褟薪芯泄	0.000380	0.116534	0.000044
泻褍斜懈薪褋泻懈泄	0.000760	0.116534	0.000089
泻褍谢械褕	0.000380	0.040822	0.000016
泻褍谢懈薪邪褉懈褟	0.001139	0.094311	0.000107
泻褍谢懈薪邪褉薪褘泄	0.001899	0.000000	0.000000
泻褍谢懈褔	0.000760	0.040822	0.000031
泻褍褉写褋泻懈泄	0.000760	0.116534	0.000089
泻褍褉懈薪褘泄	0.001139	0.094311	0.000107
泻褍褉懈褑邪	0.001519	0.040822	0.000062
泻褍褉芯褔泻邪	0.000380	0.116534	0.000044
泻褍褋泻褍褋	0.000380	0.040822	0.000016
泻褍褏薪褟	0.007976	0.040822	0.000326
谢邪胁邪褕	0.002659	0.040822	0.000109
谢邪谐屑邪薪	0.000380	0.040822	0.000016
谢邪泻芯屑褋褌胁芯	0.000380	0.116534	0.000044
谢邪锌褕邪	0.000760	0.040822	0.000031
谢邪褌褘褕褋泻懈泄	0.000760	0.116534	0.000089
谢械谐泻芯	0.002279	0.116534	0.000266
谢械锌褢褕泻邪	0.000760	0.040822	0.000031
谢械褌薪懈泄	0.000760	0.040822	0.000031
谢械褌芯	0.002279	0.116534	0.000266
谢械褔芯	0.000380	0.040822	0.000016
谢懈谐邪	0.001139	0.116534	0.000133
谢懈泻褢褉	0.000380	0.040822	0.000016
谢懈屑芯薪邪写	0.000760	0.040822	0.000031
谢懈褌芯胁褋泻	0.000380	0.127833	0.000049
谢懈褌芯胁褋泻懈泄	0.000760	0.116534	0.000089
谢褞斜懈屑褘泄	0.003038	0.116534	0.000354
谢褞斜芯胁褜	0.000760	0.105361	0.000080
谢褞斜芯泄	0.000380	0.094311	0.000036
谢褢谐泻懈泄	0.001139	0.094311	0.000107
谢褢写	0.000380	0.116534	0.000044
屑邪谐褉懈斜	0.000760	0.116534	0.000089
屑邪泄	0.000380	0.116534	0.000044
屑邪泄芯薪械蟹	0.000380	0.116534	0.000044
屑邪泻邪褉芯薪薪褘泄	0.000380	0.116534	0.000044
屑邪泻邪褉芯薪褘	0.000380	0.040822	0.000016
屑邪谢邪蟹懈泄褋泻懈泄	0.000760	0.116534	0.000089
屑邪薪薪懈泻	0.000380	0.040822	0.000016
屑邪薪褌邪	0.000380	0.116534	0.000044
屑邪薪褢胁褉	0.000380	0.116534	0.000044
屑邪褉邪褎芯薪	0.001139	0.116534	0.000133
屑邪褉懈薪邪写	0.004937	0.040822	0.000202
屑邪褉懈薪芯胁邪褌褜	0.000380	0.116534	0.000044
屑邪褉屑械谢邪写	0.000380	0.040822	0.000016
屑邪褉芯泻泻邪薪褋泻懈泄	0.000760	0.116534	0.000089
屑邪褉褌	0.002279	0.105361	0.000240
屑邪褋泻邪褉锌芯薪	0.000380	0.040822	0.000016
屑邪褋谢械薪懈褑邪	0.001139	0.040822	0.000047
屑邪褋谢械薪懈褔薪褘泄	0.000380	0.116534	0.000044
屑邪褋谢芯	0.000760	0.105361	0.000080
屑邪褋褌械褉	0.003418	0.116534	0.000398
屑邪褋褌懈泻邪	0.000760	0.040822	0.000031
屑邪褎褎懈薪邪	0.000380	0.116534	0.000044
屑邪褏械械胁褗	0.001519	0.116534	0.000177
屑械写懈邪褎芯褉褌	0.001139	0.000000	0.000000
屑械写芯胁褘泄	0.000380	0.116534	0.000044
屑械泻褋懈泻邪薪褋泻懈泄	0.000760	0.116534	0.000089
屑械薪褞	0.002659	0.116534	0.000310
屑械薪褟褌褜褋褟	0.000380	0.116534	0.000044
屑械褔褌邪	0.000760	0.040822	0.000031
屑懈写懈褟	0.000380	0.040822	0.000016
屑懈泻褉芯胁芯谢薪芯胁泻邪	0.000760	0.105361	0.000080
屑懈谢褜褟	0.000380	0.116534	0.000044
屑懈芯	0.000380	0.116534	0.000044
屑懈褉	0.000760	0.105361	0.000080
屑懈褉芯胁芯泄	0.000380	0.116534	0.000044
屑懈褋芯	0.000380	0.040822	0.000016
屑懈褋褌械褉懈褟	0.000380	0.116534	0.000044
屑懈褋褌褉邪谢褜	0.002659	0.116534	0.000310
屑薪芯卸械褋褌胁芯	0.000380	0.040822	0.000016
屑芯泄	0.000760	0.083382	0.000063
屑芯谢写邪胁褋泻懈泄	0.000760	0.116534	0.000089
屑芯谢芯泻芯	0.000760	0.083382	0.000063
屑芯谢芯褔薪褘泄	0.001519	0.040822	0.000062
屑芯屑械薪褌	0.001139	0.105361	0.000120
屑芯薪谐芯谢褜褋泻懈泄	0.000760	0.116534	0.000089
屑芯褉械	0.000380	0.116534	0.000044
屑芯褉械锌褉芯写褍泻褌	0.004937	0.040822	0.000202
屑芯褉泻芯胁褜	0.000380	0.040822	0.000016
屑芯褉芯卸械薪芯械	0.001139	0.040822	0.000047
屑芯褉褋	0.000760	0.040822	0.000031
屑芯褌芯褉	0.000380	0.116534	0.000044
屑芯褏懈褌褘泄	0.000380	0.040822	0.000016
屑芯褔褜	0.000380	0.000000	0.000000
屑褍卸褋泻芯泄	0.000380	0.127833	0.000049
屑褍卸褔懈薪邪	0.000760	0.116534	0.000089
屑褍谢褜褌懈胁邪褉泻邪	0.015192	0.116534	0.001770
屑褍谢褜褌懈锌械泻邪褉褜	0.001139	0.116534	0.000133
屑褍褋褋	0.000380	0.040822	0.000016
屑褍褋褋邪	0.001139	0.040822	0.000047
屑褍褔薪芯泄	0.000380	0.116534	0.000044
屑褞褋谢懈	0.000760	0.116534	0.000089
屑褟褋薪芯泄	0.004178	0.040822	0.000171
屑褟褋芯	0.008735	0.040822	0.000357
薪邪蟹胁邪薪懈械	0.000760	0.562119	0.000427
薪邪蟹薪邪褔械薪懈械	0.000760	0.116534	0.000089
薪邪泄褌懈	0.000380	0.446287	0.000169
薪邪谢懈胁泻邪	0.000380	0.040822	0.000016
薪邪锌懈褌芯泻	0.003418	0.040822	0.000140
薪邪褋褌芯泄泻邪	0.000380	0.040822	0.000016
薪邪褋褌褉芯械薪懈械	0.000380	0.116534	0.000044
薪邪褑懈芯薪邪谢褜薪褘泄	0.000380	0.116534	0.000044
薪邪褔懈薪泻邪	0.001139	0.040822	0.000047
薪邪褕	0.000760	0.040822	0.000031
薪械写械谢褟	0.003798	0.051293	0.000195
薪械卸薪褘泄	0.000380	0.094311	0.000036
薪械屑械褑泻懈泄	0.001139	0.116534	0.000133
薪械芯卸懈写邪薪薪褘泄	0.000760	0.116534	0.000089
薪械褋谢邪写泻懈泄	0.000380	0.116534	0.000044
薪芯胁芯谐芯写薪懈泄	0.008735	0.040822	0.000357
薪芯胁芯褋褌褜	0.000380	0.061875	0.000023
薪芯胁褘泄	0.004178	0.030459	0.000127
薪芯褉胁械卸褋泻懈泄	0.000760	0.116534	0.000089
芯斜械写	0.001519	0.105361	0.000160
芯斜械蟹褜褟薪邪	0.000380	0.116534	0.000044
芯斜褖邪褌褜褋褟	0.000380	0.040822	0.000016
芯胁芯褖	0.007976	0.094311	0.000752
芯胁芯褖薪芯泄	0.003418	0.040822	0.000140
芯胁褋褟薪褘泄	0.000380	0.105361	0.000040
芯谐薪械薪薪褘泄	0.000380	0.116534	0.000044
芯谐芯薪褜	0.000380	0.094311	0.000036
芯谐褍褉械褑	0.000760	0.116534	0.000089
芯泻褉芯褕泻邪	0.001139	0.040822	0.000047
芯谢邪写褜褟	0.001139	0.040822	0.000047
芯谢械泄薪芯泄	0.001519	0.116534	0.000177
芯谢械泄薪褘泄	0.001519	0.116534	0.000177
芯屑谢械褌	0.000380	0.040822	0.000016
芯锌邪褉邪	0.000380	0.040822	0.000016
芯锌褉芯褋	0.000380	0.061875	0.000023
芯褋械薪薪懈泄	0.001519	0.051293	0.000078
芯褋械薪褜	0.003798	0.105361	0.000400
芯褋薪芯胁薪褘泄	0.000380	0.040822	0.000016
芯褋褌邪胁邪褌褜褋褟	0.000380	0.116534	0.000044
芯褌胁械褌	0.000760	0.000000	0.000000
芯褌胁械褌懈褌褜	0.000380	0.051293	0.000019
芯褌泻褉褘褌褘泄	0.000760	0.105361	0.000080
芯褌屑械薪懈褌褜	0.000380	0.040822	0.000016
芯褏谢邪写懈褌褜	0.000380	0.116534	0.000044
锌邪泻械褌懈泻	0.000380	0.105361	0.000040
锌邪谢芯褔泻邪	0.000380	0.040822	0.000016
锌邪薪懈褉芯胁泻邪	0.003418	0.116534	0.000398
锌邪褉邪	0.000380	0.116534	0.000044
锌邪褉邪写	0.002659	0.116534	0.000310
锌邪褉芯胁邪褉泻邪	0.004178	0.105361	0.000440
锌邪褉芯谢褜	0.000380	0.020203	0.000008
锌邪褋褌邪	0.001139	0.040822	0.000047
锌邪褋褌褉芯屑邪	0.000380	0.040822	0.000016
锌邪褋褏邪	0.001139	0.040822	0.000047
锌邪褋褏邪谢褜薪褘泄	0.001139	0.116534	0.000133
锌邪褕褌械褌	0.001139	0.040822	0.000047
锌械泻邪褉褜	0.000380	0.127833	0.000049
锌械谢褜屑械薪褜	0.000380	0.116534	0.000044
锌械褉胁褘泄	0.001519	0.040822	0.000062
锌械褉械泄褌懈	0.000380	0.040822	0.000016
锌械褉械泻褍褋	0.000760	0.116534	0.000089
锌械褉械褑	0.000380	0.040822	0.000016
锌械褉褋芯薪邪	0.000380	0.116534	0.000044
锌械褉褍邪薪褋泻懈泄	0.000760	0.116534	0.000089
锌械褋芯褔薪褘泄	0.001139	0.105361	0.000120
锌械褌械谢懈薪泻	0.000380	0.127833	0.000049
锌械褔械薪懈械	0.003418	0.040822	0.000140
锌械褔褜	0.000380	0.116534	0.000044
锌械褔褢薪芯褔薪褘泄	0.000380	0.040822	0.000016
锌懈胁芯	0.000380	0.116534	0.000044
锌懈泻邪薪褌	0.000380	0.127833	0.000049
锌懈泻薪懈泻	0.001519	0.105361	0.000160
锌懈褉	0.000380	0.116534	0.000044
锌懈褉芯谐	0.001519	0.040822	0.000062
锌懈褉芯卸薪芯械	0.000760	0.040822	0.000031
锌懈褉芯卸芯泻	0.000380	0.040822	0.000016
锌懈褌邪薪懈械	0.002279	0.094311	0.000215
锌懈褑褑邪	0.000760	0.040822	0.000031
锌谢邪屑褟	0.000380	0.116534	0.000044
锌谢懈褌邪	0.001519	0.116534	0.000177
锌谢芯胁	0.000380	0.116534	0.000044
锌谢芯写	0.000380	0.116534	0.000044
锌芯胁邪褉褢薪芯泻	0.001899	0.000000	0.000000
锌芯胁懈写谢芯	0.000380	0.040822	0.000016
锌芯写邪褉芯泻	0.000380	0.116534	0.000044
锌芯写泻邪褌械谐芯褉懈褟	0.000380	4.605170	0.001749
锌芯写谢懈胁	0.000380	0.116534	0.000044
锌芯写谢懈胁泻邪	0.000380	0.040822	0.000016
锌芯写锌懈褋邪褌褜褋褟	0.001139	0.040822	0.000047
锌芯械写懈薪芯泻	0.005317	0.116534	0.000620
锌芯蟹写褉邪胁懈褌褜	0.000380	0.116534	0.000044
锌芯懈褋泻	0.001899	0.051293	0.000097
锌芯谢写薪懈泻	0.001139	0.116534	0.000133
锌芯谢械蟹薪芯	0.000380	0.116534	0.000044
锌芯谢懈褌懈泻邪	0.000380	0.040822	0.000016
锌芯谢芯胁懈薪邪	0.003038	0.105361	0.000320
锌芯谢褍褔邪褌褜	0.000760	0.040822	0.000031
锌芯谢褜蟹邪	0.001899	0.116534	0.000221
锌芯谢褜褋泻懈泄	0.000760	0.116534	0.000089
锌芯屑邪写泻邪	0.001139	0.040822	0.000047
锌芯屑懈写芯褉	0.000760	0.116534	0.000089
锌芯屑懈写芯褉泻	0.000380	0.127833	0.000049
锌芯薪褉邪胁懈褌褜褋褟	0.000380	0.040822	0.000016
锌芯薪褔懈泻	0.000760	0.040822	0.000031
锌芯锌褍谢褟褉薪褘泄	0.000760	1.427116	0.001084
锌芯褉邪	0.000380	0.105361	0.000040
锌芯褉褌褍谐邪谢褜褋泻懈泄	0.000760	0.116534	0.000089
锌芯褋械褖邪褌褜	0.000380	0.061875	0.000023
锌芯褋褌	0.001899	0.105361	0.000200
锌芯褋褌薪褘泄	0.001139	0.040822	0.000047
锌芯褋褌芯褟薪薪芯	0.000380	0.040822	0.000016
锌芯褋褍写邪	0.000760	0.094311	0.000072
锌芯褔褌邪	0.000380	0.040822	0.000016
锌芯褕邪谐芯胁褘泄	0.000380	0.040822	0.000016
锌褉邪蟹写薪懈泻	0.000380	0.105361	0.000040
锌褉邪蟹写薪懈褔薪芯	0.000380	0.116534	0.000044
锌褉邪蟹写薪懈褔薪褘泄	0.001139	0.105361	0.000120
锌褉邪泻褌懈泻褍屑	0.000380	0.116534	0.000044
锌褉械胁芯褋褏芯写薪褘泄	0.000380	0.116534	0.000044
锌褉械胁褉邪褖械薪懈械	0.000380	0.116534	0.000044
锌褉械褋薪褘泄	0.000380	0.116534	0.000044
锌褉懈谐芯褌芯胁懈褌褜	0.000380	0.083382	0.000032
锌褉懈谐芯褌芯胁谢械薪懈械	0.001139	0.040822	0.000047
锌褉懈蟹	0.000380	0.040822	0.000016
锌褉懈蟹薪邪薪懈械	0.000380	0.116534	0.000044
锌褉懈锌褉邪胁邪	0.000380	0.040822	0.000016
锌褉懈褉芯写邪	0.000760	0.105361	0.000080
锌褉懈褋褌褍锌懈褌褜	0.000380	0.040822	0.000016
锌褉芯胁械褉懈褌褜	0.002279	0.116534	0.000266
锌褉芯胁械褋褌懈	0.001519	0.116534	0.000177
锌褉芯胁芯写懈褌褜	0.000380	0.040822	0.000016
锌褉芯胁芯卸邪褌褜	0.000380	0.116534	0.000044
锌褉芯写褍泻褌	0.000760	0.072571	0.000055
锌褉芯械泻褌	0.000380	0.051293	0.000019
锌褉芯褋褌芯	0.000760	0.083382	0.000063
锌褉芯褋褌芯泻胁邪褕邪	0.000380	0.040822	0.000016
锌褉芯褎懈谢褜	0.000380	0.040822	0.000016
锌褉褟屑芯	0.000380	0.040822	0.000016
锌褉褟薪懈泻	0.000760	0.040822	0.000031
锌褉褟薪懈褔薪褘泄	0.000380	0.116534	0.000044
锌褌懈褑邪	0.007216	0.116534	0.000841
锌褍写懈薪谐	0.001139	0.040822	0.000047
锌褍薪褕	0.000380	0.040822	0.000016
锌褍褌械褕械褋褌胁懈械	0.000760	0.116534	0.000089
锌褍褌褜	0.000380	0.116534	0.000044
锌褘褕泻邪	0.000380	0.040822	0.000016
锌褞褉械	0.001519	0.040822	0.000062
褉邪谐褍	0.000380	0.116534	0.000044
褉邪蟹胁械褉薪褍褌褜	0.000380	0.116534	0.000044
褉邪蟹写械谢褜薪褘泄	0.000380	0.116534	0.000044
褉邪蟹薪褘泄	0.000380	0.094311	0.000036
褉邪褋褋芯谢褜薪懈泻	0.001139	0.040822	0.000047
褉邪褋褋褘谢泻邪	0.000380	0.061875	0.000023
褉械斜褢薪芯泻	0.000760	0.094311	0.000072
褉械谐懈褋褌褉邪褑懈褟	0.001139	0.000000	0.000000
褉械褑械锌褌	0.034182	0.040822	0.001395
褉懈褋	0.001899	0.040822	0.000078
褉懈褌屑	0.000380	0.116534	0.000044
褉芯谐邪谢懈泻	0.000380	0.040822	0.000016
褉芯写薪褘泄	0.000380	0.116534	0.000044
褉芯卸写械薪懈械	0.000760	0.105361	0.000080
褉芯卸写械褋褌胁芯	0.000760	0.116534	0.000089
褉芯谢谢	0.000760	0.040822	0.000031
褉芯谢谢褌芯薪	0.000380	0.116534	0.000044
褉芯屑	0.000380	0.040822	0.000016
褉褍斜褉懈泻邪	0.000380	3.218876	0.001223
褉褍斜褉懈泻邪褌芯褉	0.000380	0.051293	0.000019
褉褍谢械褌	0.004178	0.040822	0.000171
褉褍屑褘薪褋泻懈泄	0.000760	0.116534	0.000089
褉褍屑褟薪褘泄	0.000380	0.116534	0.000044
褉褍薪械褌	0.000380	0.020203	0.000008
褉褍褋褋泻懈泄	0.001139	0.105361	0.000120
褉褘斜邪	0.009495	0.040822	0.000388
褉褘斜薪褘泄	0.003798	0.105361	0.000400
褉褟卸械薪泻邪	0.000380	0.116534	0.000044
褋邪泄褌	0.001899	0.000000	0.000000
褋邪谢邪褌	0.012913	0.040822	0.000527
褋邪谢邪褌薪褘泄	0.000380	0.116534	0.000044
褋邪屑芯谐芯薪	0.000380	0.040822	0.000016
褋邪屑褘泄	0.000760	0.105361	0.000080
褋邪褎	0.001139	0.116534	0.000133
褋邪褎褋械屑邪	0.000380	0.116534	0.000044
褋邪褏邪褉	0.000760	0.105361	0.000080
褋斜懈褌械薪褜	0.000380	0.040822	0.000016
褋胁械卸械褋褌褜	0.000380	0.105361	0.000040
褋胁械泻芯谢褜薪懈泻	0.000760	0.040822	0.000031
褋胁械褌	0.001519	0.116534	0.000177
褋胁械褌邪	0.001519	0.116534	0.000177
褋胁懈薪懈薪	0.001519	0.116534	0.000177
褋胁懈薪懈薪邪	0.000380	0.040822	0.000016
褋胁褢泻谢邪	0.000380	0.040822	0.000016
褋谐褍褖褢薪泻邪	0.000380	0.040822	0.000016
褋械蟹芯薪	0.000380	0.116534	0.000044
褋械泄褔邪褋	0.000760	0.030459	0.000023
褋械泻褉械褌	0.000760	0.116534	0.000089
褋械谢褢写泻邪	0.000380	0.040822	0.000016
褋械屑械泄薪褘泄	0.000380	0.116534	0.000044
褋械屑褜褟	0.000380	0.116534	0.000044
褋懈写褉	0.000380	0.040822	0.000016
褋懈褉懈泄褋泻懈泄	0.000760	0.116534	0.000089
褋懈褉芯锌	0.000760	0.040822	0.000031
褋懈褋褌械屑邪	0.000380	0.040822	0.000016
褋懈褌懈	0.000380	0.127833	0.000049
褋泻邪蟹泻邪	0.000380	0.116534	0.000044
褋谢邪写泻懈泄	0.007216	0.040822	0.000295
褋谢邪写泻芯	0.000380	0.116534	0.000044
褋谢懈胁芯褔薪褘泄	0.000380	0.105361	0.000040
褋谢芯泄泻邪	0.000760	0.040822	0.000031
褋谢芯褢薪褘泄	0.001139	0.116534	0.000133
褋屑械褌邪薪邪	0.000380	0.105361	0.000040
褋屑械褕邪薪薪褘泄	0.000380	0.116534	0.000044
褋屑芯褔褜	0.000380	0.040822	0.000016
褋屑褍蟹懈	0.001139	0.040822	0.000047
褋薪褝泻	0.000380	0.116534	0.000044
褋芯斜懈褉邪褌褜褋褟	0.000380	0.040822	0.000016
褋芯胁械褉褕械薪褋褌胁芯	0.001899	0.116534	0.000221
褋芯胁械褌	0.000380	0.040822	0.000016
褋芯谐谢邪褕邪褌褜褋褟	0.000380	0.040822	0.000016
褋芯蟹写邪胁邪褌褜	0.000380	0.105361	0.000040
褋芯泻	0.001139	0.040822	0.000047
褋芯谢械薪懈械	0.001139	0.116534	0.000133
褋芯谢薪械褔薪褘泄	0.000380	0.116534	0.000044
褋芯谢褟薪泻邪	0.000760	0.040822	0.000031
褋芯谢褢薪褘泄	0.001139	0.116534	0.000133
褋芯褋褌邪胁懈褌褜	0.000380	0.116534	0.000044
褋芯褍褋	0.007216	0.040822	0.000295
褋芯褏褉邪薪褟褌褜	0.000380	0.040822	0.000016
褋芯褑褋械褌褜	0.000380	0.040822	0.000016
褋芯褔械褌邪薪懈械	0.000380	0.105361	0.000040
褋芯褔薪褘泄	0.000380	0.116534	0.000044
褋锌械褌褜	0.000380	0.116534	0.000044
褋锌械褑懈邪谢褜薪褘泄	0.000760	0.094311	0.000072
褋锌械褑懈褟	0.000380	0.094311	0.000036
褋锌械褑锌褉芯械泻褌	0.012533	0.116534	0.001461
褋锌懈褋芯泻	0.000380	0.116534	0.000044
褋锌芯褋芯斜	0.000380	0.891598	0.000339
褋褉械写懈蟹械屑薪芯屑芯褉褋泻懈泄	0.000380	0.127833	0.000049
褋褌邪褌褜褟	0.000380	0.061875	0.000023
褋褌懈谢褜	0.000760	0.116534	0.000089
褋褌芯谢	0.003418	0.105361	0.000360
褋褌褉芯懈褌械谢褜褋褌胁芯	0.000760	0.040822	0.000031
褋褌褉芯懈褌褜	0.000380	0.040822	0.000016
褋褌褉芯泄薪褘泄	0.000380	0.116534	0.000044
褋褍斜锌褉芯写褍泻褌	0.003798	0.116534	0.000443
褋褍锌	0.007976	0.040822	0.000326
褋褍褎谢械	0.001139	0.040822	0.000047
褋褍褏邪褉褜	0.000380	0.040822	0.000016
褋褍褕懈褌褜	0.000760	0.040822	0.000031
褋褘褉	0.003418	0.040822	0.000140
褋褘褉薪懈泻	0.001139	0.040822	0.000047
褋褘褉薪褘泄	0.001519	0.040822	0.000062
褋褘褌薪褘泄	0.000760	0.105361	0.000080
褋褘褔褍卸薪褘泄	0.000380	0.127833	0.000049
褋褝薪写胁懈褔	0.000380	0.127833	0.000049
褋褞褉锌褉懈蟹	0.000380	0.116534	0.000044
褋褢屑谐邪	0.000380	0.040822	0.000016
褌邪写卸懈泻褋泻懈泄	0.000760	0.116534	0.000089
褌邪泄褋泻懈泄	0.000760	0.116534	0.000089
褌邪褉褌	0.000380	0.116534	0.000044
褌邪褉褌邪谢械褌泻邪	0.000760	0.040822	0.000031
褌邪褌邪褉褋泻懈泄	0.000760	0.116534	0.000089
褌胁芯泄	0.000760	0.116534	0.000089
褌胁芯褉懈褌褜	0.000380	0.116534	0.000044
褌胁芯褉芯谐	0.001139	0.040822	0.000047
褌胁芯褉芯卸薪褘泄	0.001519	0.094311	0.000143
褌械谢械谐褉邪屑	0.000380	0.040822	0.000016
褌械谢褟褌懈薪邪	0.001519	0.116534	0.000177
褌械锌谢芯	0.000380	0.116534	0.000044
褌械褉褉懈薪邪	0.000380	0.040822	0.000016
褌械褋褌	0.003798	0.105361	0.000400
褌械褋褌芯	0.003418	0.040822	0.000140
褌械褏薪懈泻邪	0.001899	0.105361	0.000200
褌懈锌	0.000760	2.813411	0.002137
褌屑	0.001519	0.127833	0.000194
褌芯锌谢褢薪褘泄	0.000380	0.116534	0.000044
褌芯褉褌	0.007596	0.040822	0.000310
褌褉邪胁邪	0.000380	0.094311	0.000036
褌褉邪写懈褑懈褟	0.002279	0.116534	0.000266
褌褉褍斜芯褔泻邪	0.000380	0.040822	0.000016
褌褉褢褏谢械褌懈械	0.000380	0.116534	0.000044
褌褍薪械褑	0.000380	0.105361	0.000040
褌褍薪懈褋褋泻懈泄	0.000760	0.116534	0.000089
褌褍褉械褑泻懈泄	0.001139	0.116534	0.000133
褌褘泻胁邪	0.000380	0.040822	0.000016
褌褢褖懈薪	0.000380	0.040822	0.000016
褍胁械写芯屑谢械薪懈械	0.000380	0.040822	0.000016
褍写邪褔薪褘泄	0.000380	0.116534	0.000044
褍写懈胁懈褌褜	0.000380	0.116534	0.000044
褍写懈胁谢褟褌褜	0.001519	0.116534	0.000177
褍写芯胁芯谢褜褋褌胁懈械	0.000380	0.116534	0.000044
褍卸懈薪	0.002659	0.094311	0.000251
褍蟹斜械泻褋泻懈泄	0.000760	0.116534	0.000089
褍泻褉邪懈薪褋泻懈泄	0.001139	0.116534	0.000133
褍泻褉邪褕械薪懈械	0.003418	0.116534	0.000398
褍锌芯褌褉械斜谢械薪懈械	0.000380	0.116534	0.000044
褍褉邪谢褜褋泻懈泄	0.000760	0.116534	0.000089
褍褉芯卸邪泄	0.000380	0.105361	0.000040
褍褌泻邪	0.001139	0.116534	0.000133
褍褏芯	0.000380	0.040822	0.000016
褍褔邪褋褌胁芯胁邪褌褜	0.000380	0.040822	0.000016
褎邪蟹械薪写邪	0.000380	0.116534	0.000044
褎邪薪褌邪蟹懈褟	0.003038	0.116534	0.000354
褎邪褉褕	0.004937	0.040822	0.000202
褎邪褉褕懈褉芯胁邪薪薪褘泄	0.002279	0.040822	0.000093
褎邪褋芯谢褜	0.000380	0.040822	0.000016
褎械胁褉邪谢褜	0.000760	0.094311	0.000072
褎械泄械褉胁械褉泻	0.000760	0.116534	0.000089
褎懈谐褍褉邪	0.000380	0.116534	0.000044
褎懈薪褋泻懈泄	0.000760	0.116534	0.000089
褎懈褉屑械薪薪褘泄	0.000380	0.116534	0.000044
褎芯薪写褞	0.000380	0.040822	0.000016
褎芯褉屑邪	0.000380	0.105361	0.000040
褎芯褉褍屑	0.000760	0.040822	0.000031
褎芯褉褕屑邪泻	0.000380	0.040822	0.000016
褎褉邪薪褑懈褟	0.000380	0.116534	0.000044
褎褉邪薪褑褍蟹褋泻懈泄	0.001139	0.094311	0.000107
褎褉邪褍	0.001519	0.116534	0.000177
褎褉褍泻褌	0.001519	0.116534	0.000177
褎褉褍泻褌芯胁褘泄	0.003038	0.040822	0.000124
褎褍写	0.000380	0.116534	0.000044
褎褍褉褕械褌	0.000380	0.116534	0.000044
褏邪谢胁邪	0.000380	0.040822	0.000016
褏邪褉胁械褋褌褎械褋褌	0.000760	0.116534	0.000089
褏邪褉褔芯	0.000760	0.040822	0.000031
褏邪褕	0.000380	0.040822	0.000016
褏胁芯褉芯褋褌	0.000380	0.040822	0.000016
褏懈薪泻邪谢懈	0.000380	0.116534	0.000044
褏懈褌	0.002659	0.116534	0.000310
褏谢械斜	0.001139	0.040822	0.000047
褏谢械斜芯锌械褔泻邪	0.000380	0.116534	0.000044
褏谢芯锌褜褟	0.000760	0.094311	0.000072
褏芯蟹褟泄泻邪	0.000380	0.116534	0.000044
褏芯谢芯写械褑	0.000380	0.040822	0.000016
褏芯谢芯写薪芯械	0.000760	0.116534	0.000089
褏芯谢芯写薪褘泄	0.000760	0.116534	0.000089
褏芯褉胁邪褌褋泻懈泄	0.000760	0.116534	0.000089
褏芯褉芯褕懈泄	0.001519	0.040822	0.000062
褏芯褉芯褕芯	0.001899	0.105361	0.000200
褏芯褉褋	0.000380	0.116534	0.000044
褏芯褌械褌褜	0.000380	0.000000	0.000000
褏褍屑褍褋邪	0.000380	0.040822	0.000016
褑邪褉褋褌胁芯	0.000380	0.127833	0.000049
褑邪褉褜	0.000380	0.116534	0.000044
褑胁械褌薪芯泄	0.000380	0.040822	0.000016
褑械薪薪褘泄	0.000380	0.040822	0.000016
褑械薪褌褉	0.000380	0.116534	0.000044
褔邪械屑褘泄	0.000380	0.116534	0.000044
褔邪泄	0.001139	0.040822	0.000047
褔械斜褍褉械泻	0.000760	0.040822	0.000031
褔械褉泻懈蟹芯胁褘泄	0.000760	0.116534	0.000089
褔械褋褌薪芯泄	0.000380	0.040822	0.000016
褔械褔械胁懈褑邪	0.000380	0.040822	0.000016
褔械褕褋泻懈泄	0.000760	0.116534	0.000089
褔懈蟹泻械泄泻	0.001519	0.040822	0.000062
褔懈谢懈泄褋泻懈泄	0.000760	0.116534	0.000089
褔懈锌褋褘	0.000380	0.040822	0.000016
褔褍写芯	0.000380	0.116534	0.000044
褕邪褉懈泻	0.000380	0.040822	0.000016
褕邪褉谢芯褌泻邪	0.000760	0.040822	0.000031
褕邪褉屑	0.000380	0.116534	0.000044
褕邪褕谢褘泻	0.004937	0.040822	0.000202
褕胁械写褋泻懈泄	0.000760	0.116534	0.000089
褕胁械泄褑邪褉褋泻懈泄	0.000760	0.116534	0.000089
褕械写械胁褉	0.000380	0.116534	0.000044
褕械褎	0.000380	0.127833	0.000049
褕懈锌褍褔泻邪	0.000380	0.040822	0.000016
褕懈褉芯泻懈泄	0.000380	0.127833	0.000049
褕泻芯谢邪	0.000380	0.116534	0.000044
褕芯泻芯谢邪写	0.000380	0.040822	0.000016
褕芯褌谢邪薪写褋泻懈泄	0.000760	0.116534	0.000089
褕褌褉褍写械谢褜	0.000380	0.040822	0.000016
褕褍褉锌邪	0.000380	0.040822	0.000016
褖械写褉褘泄	0.000380	0.116534	0.000044
褖懈	0.000760	0.040822	0.000031
褝泻芯屑懈谢泻	0.000380	0.127833	0.000049
褝褋褌芯薪褋泻懈泄	0.000760	0.116534	0.000089
褞斜懈谢械泄	0.000380	2.040221	0.000775
褞谐芯褋谢邪胁褋泻懈泄	0.000760	0.116534	0.000089
褟谐芯写薪褘泄	0.001519	0.105361	0.000160
褟蟹褘泻	0.000380	0.040822	0.000016
褟泄褑芯	0.001899	0.040822	0.000078
褟薪写械泻褋	0.000380	0.072571	0.000028
褟锌芯薪褋泻懈泄	0.001519	0.051293	0.000078
褟褉泻懈泄	0.000380	0.116534	0.000044
褟褉泻芯	0.000380	0.105361	0.000040
