谢械屑屑邪	TF	IDF	TF-IDF
邪斜褏邪蟹褋泻懈泄	0.000735	0.116534	0.000086
邪胁褋褌褉邪谢懈泄褋泻懈泄	0.000735	0.116534	0.000086
邪胁褋褌褉懈泄褋泻懈泄	0.000735	0.116534	0.000086
邪胁褌芯泻谢邪胁	0.000735	0.116534	0.000086
邪胁褌芯褉	0.000735	0.040822	0.000030
邪写卸懈泻邪	0.000735	0.040822	0.000030
邪蟹械褉斜邪泄写卸邪薪褋泻懈泄	0.000735	0.116534	0.000086
邪蟹褍	0.000735	2.813411	0.002069
邪泄褉邪薪	0.000735	0.040822	0.000030
邪谢泻芯谐芯谢褜	0.002206	0.116534	0.000257
邪谢泻芯谐芯谢褜薪褘泄	0.000735	0.116534	0.000086
邪屑械褉懈泻邪薪褋泻懈泄	0.000735	0.116534	0.000086
邪薪谐谢懈泄褋泻懈泄	0.000735	0.116534	0.000086
邪褉邪斜褋泻懈泄	0.000735	0.116534	0.000086
邪褉谐械薪褌懈薪褋泻懈泄	0.000735	0.116534	0.000086
邪褉屑褟薪褋泻懈泄	0.000735	0.116534	0.000086
邪褋褋芯褉褌懈	0.001471	0.116534	0.000171
邪褎谐邪薪褋泻懈泄	0.000735	0.116534	0.000086
邪褎褉懈泻邪薪褋泻懈泄	0.000735	0.116534	0.000086
邪褔屑	0.000735	3.218876	0.002367
邪褝褉芯谐褉懈谢褜	0.007353	0.116534	0.000857
斜邪斜邪	0.000735	3.912023	0.002876
斜邪泻谢邪卸邪薪	0.000735	0.040822	0.000030
斜邪褉邪薪懈薪邪	0.002941	0.116534	0.000343
斜邪褋褌褍褉屑	0.000735	0.040822	0.000030
斜邪褋褌褍褉屑邪	0.000735	0.040822	0.000030
斜邪褍褉褋邪泻	0.000735	4.605170	0.003386
斜邪褕泻懈褉褋泻懈泄	0.000735	0.116534	0.000086
斜械蟹邪谢泻芯谐芯谢褜薪褘泄	0.000735	0.116534	0.000086
斜械蟹谐谢褞褌械薪芯胁芯械	0.000735	0.116534	0.000086
斜械蟹械	0.002206	0.040822	0.000090
斜械谢芯褉褍褋褋泻懈泄	0.000735	0.116534	0.000086
斜械谢褜谐懈泄褋泻懈泄	0.000735	0.116534	0.000086
斜械谢褟褕	0.000735	3.506558	0.002578
斜械褉械屑械薪薪邪褟	0.000735	0.116534	0.000086
斜械褎褋褌褉芯谐邪薪芯胁	0.000735	2.995732	0.002203
斜械褕斜邪褉屑邪泻	0.000735	3.506558	0.002578
斜懈谐褍褋	0.000735	3.506558	0.002578
斜懈褋泻胁懈褌	0.000735	0.040822	0.000030
斜懈褋泻胁懈褌薪褘泄	0.002206	0.105361	0.000232
斜懈褌芯褔械泻	0.000735	1.897120	0.001395
斜懈褎褕褌械泻褋	0.000735	4.605170	0.003386
斜谢懈薪	0.003676	0.040822	0.000150
斜谢褞写芯	0.056618	0.040822	0.002311
斜芯斜芯胁褘泄	0.003676	0.116534	0.000428
斜芯谢谐邪褉褋泻懈泄	0.000735	0.116534	0.000086
斜芯褉褖	0.001471	0.040822	0.000060
斜芯褌胁懈薪褜褟	0.000735	0.040822	0.000030
斜褉邪蟹懈谢褜褋泻懈泄	0.000735	0.116534	0.000086
斜褉邪褍蟹械褉	0.000735	0.040822	0.000030
斜褉邪褍薪懈	0.000735	0.040822	0.000030
斜褉懈蟹芯谢褜	0.000735	2.659260	0.001955
斜褉芯泻泻芯谢懈	0.000735	0.040822	0.000030
斜褍卸械薪懈薪邪	0.000735	0.040822	0.000030
斜褍谢芯褔泻邪	0.001471	0.040822	0.000060
斜褍谢褜芯薪	0.007353	0.040822	0.000300
斜褍褉谐械褉	0.000735	0.040822	0.000030
斜褍褉懈褌褜	0.000735	4.605170	0.003386
斜褍褉褟褌褋泻懈泄	0.000735	0.116534	0.000086
斜褍褌械褉斜褉芯写	0.002941	0.040822	0.000120
斜褍褕	0.000735	3.506558	0.002578
斜褘褋褌褉褘泄	0.000735	0.094311	0.000069
胁邪谢谢懈泄褋泻懈泄	0.000735	0.116534	0.000086
胁邪褉械薪懈械	0.001471	0.040822	0.000060
胁邪褉械薪懈泻	0.001471	0.116534	0.000171
胁邪褌褉褍褕泻邪	0.000735	0.040822	0.000030
胁邪褎谢褟	0.001471	0.040822	0.000060
胁邪褕	0.000735	0.000000	0.000000
胁胁芯写懈褌褜	0.000735	0.040822	0.000030
胁械谐械褌邪褉懈邪薪褋泻懈泄	0.000735	0.116534	0.000086
胁械薪谐械褉褋泻懈泄	0.000735	0.116534	0.000086
胁械褉褌褍褌	0.000735	4.605170	0.003386
胁械褌褔懈薪邪	0.000735	0.094311	0.000069
胁懈薪芯	0.001471	0.040822	0.000060
胁谢褞斜懈褌褜	0.000735	0.116534	0.000086
胁芯写邪	0.000735	0.094311	0.000069
胁芯泄褌懈	0.000735	0.000000	0.000000
胁芯谢芯胁邪薪	0.001471	0.116534	0.000171
胁芯锌褉芯褋	0.000735	0.000000	0.000000
胁褋锌芯屑薪懈褌褜	0.000735	0.040822	0.000030
胁褌芯褉芯械	0.000735	0.116534	0.000086
胁褏芯写	0.002206	0.030459	0.000067
胁褘泄褌懈	0.000735	0.040822	0.000030
胁褘锌械褔泻邪	0.005882	0.040822	0.000240
胁褜械褌薪邪屑褋泻懈泄	0.000735	0.116534	0.000086
谐邪胁邪泄褋泻懈泄	0.000735	0.116534	0.000086
谐邪谢械褌邪	0.000735	4.605170	0.003386
谐邪谢褍褕泻邪	0.000735	2.813411	0.002069
谐邪褉薪懈褉	0.003676	0.040822	0.000150
谐邪褋锌邪褔芯	0.000735	0.040822	0.000030
谐谢邪胁薪褘泄	0.000735	0.040822	0.000030
谐谢邪蟹褍褉褜	0.002206	0.040822	0.000090
谐谢懈薪褌胁械泄薪	0.000735	0.040822	0.000030
谐薪械蟹写芯	0.000735	2.207275	0.001623
谐芯胁褟写懈薪邪	0.002941	0.116534	0.000343
谐芯写	0.000735	0.083382	0.000061
谐芯谢谢邪薪写褋泻懈泄	0.000735	0.116534	0.000086
谐芯谢褍斜械褑	0.000735	2.813411	0.002069
谐芯褉褔懈褑邪	0.000735	0.040822	0.000030
谐芯褉褕芯褔械泻	0.001471	0.040822	0.000060
谐芯褉褟褔械械	0.001471	0.116534	0.000171
谐芯褉褟褔懈泄	0.025000	0.105361	0.002634
谐芯褋褌褜	0.000735	0.116534	0.000086
谐芯褌芯胁懈褌褜	0.002206	0.083382	0.000184
谐褉邪褌薪褘泄	0.000735	2.813411	0.002069
谐褉械薪泻邪	0.001471	0.040822	0.000060
谐褉械褔械褋泻懈泄	0.000735	0.116534	0.000086
谐褉械褔泻邪	0.000735	0.040822	0.000030
谐褉懈斜	0.007353	0.040822	0.000300
谐褉懈斜薪芯泄	0.001471	0.040822	0.000060
谐褉懈谢褜	0.003676	0.105361	0.000387
谐褉芯谐	0.000735	0.040822	0.000030
谐褉褍蟹懈薪褋泻懈泄	0.000735	0.116534	0.000086
谐褍谢褟褕	0.000735	3.912023	0.002876
谐褍褋褜	0.001471	0.105361	0.000155
写邪胁邪褌褜	0.000735	0.040822	0.000030
写邪薪薪褘械	0.000735	0.040822	0.000030
写邪褌褋泻懈泄	0.000735	0.116534	0.000086
写邪褌褜	0.000735	0.040822	0.000030
写械谢懈褌褜褋褟	0.000735	0.040822	0.000030
写械薪褜	0.002206	0.040822	0.000090
写械褉褍薪邪	0.000735	3.506558	0.002578
写械褋械褉褌	0.006618	0.040822	0.000270
写械褋械褉褌薪褘泄	0.000735	0.116534	0.000086
写卸械屑	0.000735	0.040822	0.000030
写卸械屑邪	0.000735	0.040822	0.000030
写懈械褌邪	0.000735	0.094311	0.000069
写懈锌	0.000735	0.116534	0.000086
写懈褔褜	0.002206	0.116534	0.000257
写芯斜邪胁谢褟褌褜	0.000735	0.040822	0.000030
写芯谐	0.000735	3.912023	0.002876
写芯谢屑邪	0.000735	3.506558	0.002578
写芯屑	0.002206	0.040822	0.000090
写芯屑邪褕薪懈泄	0.008088	0.040822	0.000330
写褉邪薪懈泻	0.000735	3.218876	0.002367
写褉芯卸卸械胁芯泄	0.000735	0.116534	0.000086
械胁褉械泄褋泻懈泄	0.000735	0.116534	0.000086
械谐懈锌械褌褋泻懈泄	0.000735	0.116534	0.000086
械写懈薪褘泄	0.000735	0.000000	0.000000
卸邪褉泻芯械	0.000735	0.040822	0.000030
卸械谢械	0.001471	0.040822	0.000060
卸懈蟹薪褜	0.000735	0.040822	0.000030
卸褍谢褜械薪	0.000735	0.040822	0.000030
卸褞谢褜械薪	0.000735	0.040822	0.000030
卸褞谢褜薪褘泄	0.000735	0.040822	0.000030
蟹邪胁邪褉薪芯泄	0.001471	0.116534	0.000171
蟹邪胁褌褉邪泻	0.002941	0.094311	0.000277
蟹邪谐芯褌芯胁泻邪	0.002206	0.040822	0.000090
蟹邪写邪胁邪褌褜	0.000735	0.040822	0.000030
蟹邪泻胁邪褋泻邪	0.000735	0.040822	0.000030
蟹邪泻褉褘褌褘泄	0.000735	0.116534	0.000086
蟹邪泻褍褋泻邪	0.012500	0.040822	0.000510
蟹邪泻褍褋芯褔薪邪褟	0.005882	0.116534	0.000685
蟹邪谢懈胁薪芯械	0.001471	0.040822	0.000060
蟹邪屑芯褉芯蟹泻邪	0.000735	0.105361	0.000077
蟹邪锌械泻邪薪泻邪	0.007353	0.040822	0.000300
蟹邪锌褉邪胁泻邪	0.001471	0.040822	0.000060
蟹邪褉械谐懈褋褌褉懈褉芯胁邪褌褜褋褟	0.001471	0.030459	0.000045
蟹邪褋芯谢泻邪	0.000735	0.116534	0.000086
蟹邪褟褑	0.001471	0.116534	0.000171
蟹胁褢蟹写薪褘泄	0.000735	0.116534	0.000086
蟹械谢械薪褜	0.000735	0.094311	0.000069
蟹械褎懈褉	0.000735	0.040822	0.000030
蟹懈屑邪	0.002206	0.040822	0.000090
蟹褉邪蟹邪	0.000735	2.040221	0.001500
懈蟹写械谢懈械	0.004412	0.116534	0.000514
懈泻褉邪	0.001471	0.040822	0.000060
懈屑褟	0.000735	0.030459	0.000022
懈薪写械泄泻邪	0.002206	0.094311	0.000208
懈薪写懈泄褋泻懈泄	0.000735	0.116534	0.000086
懈薪褋褌褉褍泻褑懈褟	0.000735	0.030459	0.000022
懈褉邪泻褋泻懈泄	0.000735	0.116534	0.000086
懈褉邪薪褋泻懈泄	0.000735	0.116534	0.000086
懈褉谢邪薪写褋泻懈泄	0.000735	0.116534	0.000086
懈褋谢邪薪写褋泻懈泄	0.000735	0.116534	0.000086
懈褋锌邪薪褋泻懈泄	0.000735	0.116534	0.000086
懈褌邪谢褜褟薪褋泻懈泄	0.000735	0.105361	0.000077
泄芯谐褍褉褌	0.002206	0.040822	0.000090
泻邪斜邪褔泻芯胁褘泄	0.000735	1.832581	0.001347
泻邪斜邪褔芯泻	0.000735	0.040822	0.000030
泻邪胁泻邪蟹褋泻懈泄	0.000735	0.116534	0.000086
泻邪蟹邪薪	0.000735	0.116534	0.000086
泻邪蟹邪褏褋泻懈泄	0.000735	0.116534	0.000086
泻邪泻邪芯	0.001471	0.040822	0.000060
泻邪谢屑褘褑泻懈泄	0.000735	0.116534	0.000086
泻邪谢褜屑邪褉	0.000735	0.040822	0.000030
泻邪薪邪写褋泻懈泄	0.000735	0.116534	0.000086
泻邪薪邪谢	0.002206	0.040822	0.000090
泻邪薪邪锌械	0.001471	0.040822	0.000060
泻邪锌褍褋褌邪	0.002206	0.040822	0.000090
泻邪锌褍褋褌薪褟泻	0.000735	0.040822	0.000030
泻邪褉邪屑械谢褜	0.000735	0.040822	0.000030
泻邪褉褌芯褎械谢褜	0.000735	0.040822	0.000030
泻邪褉褌芯褎械谢褜薪褘泄	0.002206	0.040822	0.000090
泻邪褉褌芯褕泻邪	0.001471	0.040822	0.000060
泻邪褌邪谢芯谐	0.001471	3.912023	0.005753
泻邪褌械谐芯褉懈褟	0.000735	0.116534	0.000086
泻邪褕邪	0.003676	0.040822	0.000150
泻胁邪褋	0.001471	0.040822	0.000060
泻械斜邪斜	0.000735	2.995732	0.002203
泻械泻褋	0.002206	0.040822	0.000090
泻械褎懈褉	0.000735	0.040822	0.000030
泻懈屑褔邪褌褜	0.000735	0.040822	0.000030
泻懈褋械谢褜	0.001471	0.040822	0.000060
泻懈褌邪泄褋泻懈泄	0.000735	0.116534	0.000086
泻谢械褑泻	0.000735	4.605170	0.003386
泻谢褟褉	0.000735	2.302585	0.001693
泻薪械写谢懈泻	0.000735	4.605170	0.003386
泻薪懈谐邪	0.000735	0.040822	0.000030
泻芯胁褉懈卸泻邪	0.000735	4.605170	0.003386
泻芯泻褌械泄谢褜	0.002206	0.040822	0.000090
泻芯谢斜邪褋邪	0.000735	0.040822	0.000030
泻芯谢斜邪褋薪褘泄	0.002206	0.116534	0.000257
泻芯谢写褍薪	0.000735	2.813411	0.002069
泻芯屑懈	0.000735	0.116534	0.000086
泻芯屑锌芯褌	0.002206	0.040822	0.000090
泻芯薪懈薪邪	0.000735	0.116534	0.000086
泻芯薪泻褍褉褋	0.000735	0.040822	0.000030
泻芯薪褋械褉胁懈褉芯胁邪薪懈械	0.000735	0.040822	0.000030
泻芯薪褋械褉胁懈褉芯胁邪薪薪褘泄	0.003676	0.116534	0.000428
泻芯薪褎械褌邪	0.001471	0.040822	0.000060
泻芯薪褎懈写械薪褑懈邪谢褜薪芯褋褌褜	0.000735	0.040822	0.000030
泻芯薪褎懈褌褞褉	0.000735	0.040822	0.000030
泻芯锌褔褢薪芯褋褌褜	0.000735	0.116534	0.000086
泻芯褉械泄褋泻懈	0.000735	0.040822	0.000030
泻芯褉械泄褋泻懈泄	0.000735	0.105361	0.000077
泻芯褉卸懈泻	0.000735	0.040822	0.000030
泻芯褉屑懈褌褜	0.000735	0.116534	0.000086
泻芯褌谢械褌邪	0.000735	0.040822	0.000030
泻芯褎械	0.001471	0.040822	0.000060
泻褉械屑	0.002206	0.040822	0.000090
泻褉械锌泻懈泄	0.000735	0.116534	0.000086
泻褉芯泻械褌	0.000735	3.218876	0.002367
泻褉芯谢懈泻	0.001471	0.116534	0.000171
泻褉褍邪褋褋邪薪	0.000735	3.506558	0.002578
泻褉褍锌	0.003676	0.105361	0.000387
泻褉褍锌邪	0.003676	0.116534	0.000428
泻褍斜懈薪褋泻懈泄	0.000735	0.116534	0.000086
泻褍谢械褕	0.000735	0.040822	0.000030
泻褍谢懈薪邪褉薪褘泄	0.000735	0.000000	0.000000
泻褍谢懈褔	0.001471	0.040822	0.000060
泻褍褉写褋泻懈泄	0.000735	0.116534	0.000086
泻褍褉懈薪褘泄	0.001471	0.094311	0.000139
泻褍褉懈褑邪	0.002941	0.040822	0.000120
泻褍褉薪懈泻薪褍褌褜	0.000735	4.605170	0.003386
泻褍褋泻褍褋	0.000735	0.040822	0.000030
泻褍褏薪褟	0.002206	0.040822	0.000090
谢邪胁邪褕	0.004412	0.040822	0.000180
谢邪谐屑邪薪	0.000735	0.040822	0.000030
谢邪蟹邪薪懈械	0.000735	2.995732	0.002203
谢邪薪谐械褌	0.000735	4.605170	0.003386
谢邪锌褕邪	0.001471	0.040822	0.000060
谢邪褋褌芯褔泻懈薪	0.000735	2.302585	0.001693
谢邪褌褘褕褋泻懈泄	0.000735	0.116534	0.000086
谢械锌褢褕泻邪	0.001471	0.040822	0.000060
谢械褌薪懈泄	0.000735	0.040822	0.000030
谢械褔芯	0.000735	0.040822	0.000030
谢懈泻褢褉	0.000735	0.040822	0.000030
谢懈屑芯薪邪写	0.001471	0.040822	0.000060
谢懈褌芯胁褋泻懈泄	0.000735	0.116534	0.000086
谢芯斜懈芯	0.000735	3.912023	0.002876
谢芯褋芯褋褜	0.000735	2.659260	0.001955
谢褞谢褟	0.000735	3.506558	0.002578
谢褢谐泻懈泄	0.001471	0.094311	0.000139
屑邪谐褉懈斜	0.000735	0.116534	0.000086
屑邪泄芯薪械蟹	0.000735	0.116534	0.000086
屑邪泻邪褉芯薪薪褘泄	0.000735	0.116534	0.000086
屑邪泻邪褉芯薪褘	0.000735	0.040822	0.000030
屑邪谢邪蟹懈泄褋泻懈泄	0.000735	0.116534	0.000086
屑邪屑邪谢褘谐邪	0.000735	4.605170	0.003386
屑邪薪薪懈泻	0.000735	0.040822	0.000030
屑邪薪褌邪	0.001471	0.116534	0.000171
屑邪褉懈薪邪写	0.008088	0.040822	0.000330
屑邪褉懈薪芯胁邪褌褜	0.000735	0.116534	0.000086
屑邪褉屑械谢邪写	0.000735	0.040822	0.000030
屑邪褉芯泻泻邪薪褋泻懈泄	0.000735	0.116534	0.000086
屑邪褉褌	0.000735	0.105361	0.000077
屑邪褋泻邪褉锌芯薪	0.000735	0.040822	0.000030
屑邪褋谢械薪懈褑邪	0.000735	0.040822	0.000030
屑邪褋谢芯	0.000735	0.105361	0.000077
屑邪褋褌懈泻邪	0.001471	0.040822	0.000060
屑邪褎褎懈薪邪	0.000735	0.116534	0.000086
屑械写懈邪褎芯褉褌	0.001471	0.000000	0.000000
屑械写芯胁褘泄	0.000735	0.116534	0.000086
屑械泻褋懈泻邪薪褋泻懈泄	0.000735	0.116534	0.000086
屑械褔褌邪	0.000735	0.040822	0.000030
屑懈写懈褟	0.000735	0.040822	0.000030
屑懈泻褉芯胁芯谢薪芯胁泻邪	0.000735	0.105361	0.000077
屑懈薪褌邪泄	0.000735	4.605170	0.003386
屑懈褋芯	0.000735	0.040822	0.000030
屑薪芯卸械褋褌胁芯	0.000735	0.040822	0.000030
屑芯谢写邪胁褋泻懈泄	0.000735	0.116534	0.000086
屑芯谢芯泻芯	0.001471	0.083382	0.000123
屑芯谢芯褔薪褘泄	0.002206	0.040822	0.000090
屑芯薪谐芯谢褜褋泻懈泄	0.000735	0.116534	0.000086
屑芯褉械锌褉芯写褍泻褌	0.008088	0.040822	0.000330
屑芯褉泻芯胁褜	0.000735	0.040822	0.000030
屑芯褉芯卸械薪芯械	0.001471	0.040822	0.000060
屑芯褉褋	0.001471	0.040822	0.000060
屑芯褏懈褌褘泄	0.000735	0.040822	0.000030
屑芯褔褜	0.000735	0.000000	0.000000
屑褍谢褜褌懈胁邪褉泻邪	0.022059	0.116534	0.002571
屑褍褋邪泻邪	0.000735	4.605170	0.003386
屑褍褋褋	0.000735	0.040822	0.000030
屑褍褋褋邪	0.001471	0.040822	0.000060
屑褍褔薪芯泄	0.000735	0.116534	0.000086
屑褞褋谢懈	0.000735	0.116534	0.000086
屑褟褋薪芯泄	0.008088	0.040822	0.000330
屑褟褋芯	0.012500	0.040822	0.000510
薪邪谐械褌褋	0.000735	3.912023	0.002876
薪邪蟹薪邪褔械薪懈械	0.000735	0.116534	0.000086
薪邪谢懈胁泻邪	0.000735	0.040822	0.000030
薪邪锌懈褌芯泻	0.005147	0.040822	0.000210
薪邪褋褌芯泄泻邪	0.000735	0.040822	0.000030
薪邪褑懈芯薪邪谢褜薪褘泄	0.000735	0.116534	0.000086
薪邪褔懈薪泻邪	0.002206	0.040822	0.000090
薪邪褕	0.000735	0.040822	0.000030
薪械屑械褑泻懈泄	0.000735	0.116534	0.000086
薪械芯卸懈写邪薪薪褘泄	0.000735	0.116534	0.000086
薪械褋谢邪写泻懈泄	0.000735	0.116534	0.000086
薪芯胁芯谐芯写薪懈泄	0.000735	0.040822	0.000030
薪芯胁褘泄	0.000735	0.030459	0.000022
薪芯褉胁械卸褋泻懈泄	0.000735	0.116534	0.000086
薪褍谐邪	0.000735	4.605170	0.003386
薪褜芯泻泻	0.000735	4.605170	0.003386
芯斜械写	0.001471	0.105361	0.000155
芯斜褖邪褌褜褋褟	0.000735	0.040822	0.000030
芯胁芯褖	0.012500	0.094311	0.001179
芯胁芯褖薪芯泄	0.006618	0.040822	0.000270
芯胁褋褟薪褘泄	0.000735	0.105361	0.000077
芯谐褍褉械褑	0.001471	0.116534	0.000171
芯泻褉芯褕泻邪	0.001471	0.040822	0.000060
芯谢邪写褜褟	0.002941	0.040822	0.000120
芯屑谢械褌	0.000735	0.040822	0.000030
芯锌邪褉邪	0.000735	0.040822	0.000030
芯褋薪芯胁薪褘泄	0.000735	0.040822	0.000030
芯褌斜懈胁薪芯泄	0.000735	2.120264	0.001559
芯褌胁械褌	0.000735	0.000000	0.000000
芯褌泻褉褘褌褘泄	0.001471	0.105361	0.000155
芯褌屑械薪懈褌褜	0.000735	0.040822	0.000030
锌邪谢芯褔泻邪	0.000735	0.040822	0.000030
锌邪屑锌褍褕泻邪	0.000735	4.605170	0.003386
锌邪薪邪泻芯褌	0.000735	4.605170	0.003386
锌邪薪懈褉芯胁泻邪	0.005882	0.116534	0.000685
锌邪褉芯胁邪褉泻邪	0.006618	0.105361	0.000697
锌邪褉芯谢褜	0.000735	0.020203	0.000015
锌邪褋褌邪	0.001471	0.040822	0.000060
锌邪褋褌褉芯屑邪	0.000735	0.040822	0.000030
锌邪褋褏邪	0.001471	0.040822	0.000060
锌邪褏谢邪胁邪	0.000735	3.912023	0.002876
锌邪褕褌械褌	0.001471	0.040822	0.000060
锌邪褝谢懈械	0.000735	3.912023	0.002876
锌械谢褜屑械薪褜	0.001471	0.116534	0.000171
锌械褉胁褘泄	0.001471	0.040822	0.000060
锌械褉械泄褌懈	0.000735	0.040822	0.000030
锌械褉械褑	0.000735	0.040822	0.000030
锌械褉褍邪薪褋泻懈泄	0.000735	0.116534	0.000086
锌械褋芯褔薪褘泄	0.002206	0.105361	0.000232
锌械褔械薪懈械	0.005882	0.040822	0.000240
锌械褔褢薪芯褔薪褘泄	0.000735	0.040822	0.000030
锌懈胁芯	0.000735	0.116534	0.000086
锌懈褉芯谐	0.002941	0.040822	0.000120
锌懈褉芯卸薪芯械	0.001471	0.040822	0.000060
锌懈褉芯卸芯泻	0.000735	0.040822	0.000030
锌懈褌邪薪懈械	0.002941	0.094311	0.000277
锌懈褑褑邪	0.001471	0.040822	0.000060
锌谢芯胁	0.001471	0.116534	0.000171
锌谢芯写	0.000735	0.116534	0.000086
锌谢褞褕泻邪	0.000735	3.912023	0.002876
锌芯胁邪褉褢薪芯泻	0.001471	0.000000	0.000000
锌芯胁懈写谢芯	0.000735	0.040822	0.000030
锌芯写谢懈胁	0.000735	0.116534	0.000086
锌芯写谢懈胁泻邪	0.000735	0.040822	0.000030
锌芯写锌懈褋邪褌褜褋褟	0.002206	0.040822	0.000090
锌芯谢写薪懈泻	0.001471	0.116534	0.000171
锌芯谢械薪褌邪	0.000735	3.506558	0.002578
锌芯谢懈褌懈泻邪	0.000735	0.040822	0.000030
锌芯谢褍褔邪褌褜	0.001471	0.040822	0.000060
锌芯谢褜褋泻懈泄	0.000735	0.116534	0.000086
锌芯屑邪写泻邪	0.002206	0.040822	0.000090
锌芯屑懈写芯褉	0.001471	0.116534	0.000171
锌芯薪褉邪胁懈褌褜褋褟	0.000735	0.040822	0.000030
锌芯薪褔懈泻	0.001471	0.040822	0.000060
锌芯褉褌褍谐邪谢褜褋泻懈泄	0.000735	0.116534	0.000086
锌芯褋褌薪褘泄	0.001471	0.040822	0.000060
锌芯褋褌芯褟薪薪芯	0.000735	0.040822	0.000030
锌芯褔褌邪	0.000735	0.040822	0.000030
锌芯褕邪谐芯胁褘泄	0.000735	0.040822	0.000030
锌褉邪蟹写薪懈褔薪褘泄	0.000735	0.105361	0.000077
锌褉械褋薪褘泄	0.000735	0.116534	0.000086
锌褉懈谐芯褌芯胁谢械薪懈械	0.001471	0.040822	0.000060
锌褉懈蟹	0.000735	0.040822	0.000030
锌褉懈锌褉邪胁邪	0.000735	0.040822	0.000030
锌褉懈褉芯写邪	0.000735	0.105361	0.000077
锌褉懈褋褌褍锌懈褌褜	0.000735	0.040822	0.000030
锌褉芯胁芯写懈褌褜	0.000735	0.040822	0.000030
锌褉芯写褍泻褌	0.000735	0.072571	0.000053
锌褉芯褋褌芯泻胁邪褕邪	0.000735	0.040822	0.000030
锌褉芯褎懈谢褜	0.000735	0.040822	0.000030
锌褉芯褎懈褌褉芯谢褜	0.000735	3.912023	0.002876
锌褉褟屑芯	0.000735	0.040822	0.000030
锌褉褟薪懈泻	0.001471	0.040822	0.000060
锌褉褟薪懈褔薪褘泄	0.000735	0.116534	0.000086
锌褌懈褑邪	0.010294	0.116534	0.001200
锌褍写懈薪谐	0.001471	0.040822	0.000060
锌褍薪褕	0.000735	0.040822	0.000030
锌褘褕泻邪	0.000735	0.040822	0.000030
锌褞褉械	0.002941	0.040822	0.000120
褉邪谐褍	0.001471	0.116534	0.000171
褉邪蟹胁械褉薪褍褌褜	0.004412	0.116534	0.000514
褉邪蟹写械谢褜薪褘泄	0.000735	0.116534	0.000086
褉邪褋褋芯谢褜薪懈泻	0.001471	0.040822	0.000060
褉邪褋褋褌械谐邪泄	0.000735	4.605170	0.003386
褉邪褌邪褌褍泄	0.000735	4.605170	0.003386
褉械斜褢薪芯泻	0.000735	0.094311	0.000069
褉械谐懈褋褌褉邪褑懈褟	0.002206	0.000000	0.000000
褉械褑械锌褌	0.011765	0.040822	0.000480
褉懈蟹芯褌褌芯	0.000735	4.605170	0.003386
褉懈褋	0.000735	0.040822	0.000030
褉芯谐邪谢懈泻	0.000735	0.040822	0.000030
褉芯卸写械薪懈械	0.000735	0.105361	0.000077
褉芯卸写械褋褌胁芯	0.000735	0.116534	0.000086
褉芯谢谢	0.001471	0.040822	0.000060
褉芯屑	0.000735	0.040822	0.000030
褉芯屑芯胁褘泄	0.000735	4.605170	0.003386
褉芯褋褌斜懈褎	0.000735	4.605170	0.003386
褉褍斜褉懈泻邪	0.004412	3.218876	0.014201
褉褍谢械褌	0.007353	0.040822	0.000300
褉褍谢褜泻邪	0.000735	4.605170	0.003386
褉褍屑褘薪褋泻懈泄	0.000735	0.116534	0.000086
褉褍褋褋泻懈泄	0.000735	0.105361	0.000077
褉褘斜邪	0.013235	0.040822	0.000540
褉褘斜薪褘泄	0.006618	0.105361	0.000697
褉褟卸械薪泻邪	0.000735	0.116534	0.000086
褉褢斜褉褘褕泻芯	0.000735	3.506558	0.002578
褋邪泄褌	0.002206	0.000000	0.000000
褋邪谢邪褌	0.019853	0.040822	0.000810
褋邪谢邪褌薪褘泄	0.000735	0.116534	0.000086
褋邪屑芯谐芯薪	0.000735	0.040822	0.000030
褋邪屑褋邪	0.000735	3.912023	0.002876
褋斜懈褌械薪褜	0.000735	0.040822	0.000030
褋胁械泻芯谢褜薪懈泻	0.001471	0.040822	0.000060
褋胁懈薪懈薪	0.002941	0.116534	0.000343
褋胁懈薪懈薪邪	0.000735	0.040822	0.000030
褋胁褢泻谢邪	0.000735	0.040822	0.000030
褋谐褍褖褢薪泻邪	0.000735	0.040822	0.000030
褋械泄褔邪褋	0.000735	0.030459	0.000022
褋械谢褢写泻邪	0.000735	0.040822	0.000030
褋懈写褉	0.000735	0.040822	0.000030
褋懈褉懈泄褋泻懈泄	0.000735	0.116534	0.000086
褋懈褉芯锌	0.001471	0.040822	0.000060
褋懈褋褌械屑邪	0.000735	0.040822	0.000030
褋泻褍屑斜褉懈褟	0.000735	2.813411	0.002069
褋谢邪写泻懈泄	0.004412	0.040822	0.000180
褋谢芯泄泻邪	0.001471	0.040822	0.000060
褋谢芯褢薪褘泄	0.001471	0.116534	0.000171
褋屑械褌邪薪邪	0.000735	0.105361	0.000077
褋屑械褕邪薪薪褘泄	0.000735	0.116534	0.000086
褋屑芯褔褜	0.000735	0.040822	0.000030
褋屑褍蟹懈	0.001471	0.040822	0.000060
褋薪褝泻	0.000735	0.116534	0.000086
褋芯斜懈褉邪褌褜褋褟	0.000735	0.040822	0.000030
褋芯胁械褌	0.000735	0.040822	0.000030
褋芯谐谢邪褕邪褌褜褋褟	0.000735	0.040822	0.000030
褋芯泻	0.001471	0.040822	0.000060
褋芯谢械薪懈械	0.001471	0.116534	0.000171
褋芯谢褟薪泻邪	0.001471	0.040822	0.000060
褋芯谢褢薪褘泄	0.002206	0.116534	0.000257
褋芯褋懈褋泻邪	0.000735	2.207275	0.001623
褋芯褌械	0.000735	4.605170	0.003386
褋芯褍褋	0.007353	0.040822	0.000300
褋芯褏褉邪薪褟褌褜	0.000735	0.040822	0.000030
褋芯褑褋械褌褜	0.000735	0.040822	0.000030
褋芯褔械薪褜	0.000735	4.605170	0.003386
褋锌械褑懈邪谢褜薪褘泄	0.000735	0.094311	0.000069
褋锌械褑懈褟	0.000735	0.094311	0.000069
褋褌械泄泻	0.000735	2.813411	0.002069
褋褌芯谢	0.000735	0.105361	0.000077
褋褌褉芯懈褌械谢褜褋褌胁芯	0.001471	0.040822	0.000060
褋褌褉芯懈褌褜	0.000735	0.040822	0.000030
褋褍斜锌褉芯写褍泻褌	0.007353	0.116534	0.000857
褋褍写邪泻	0.000735	4.605170	0.003386
褋褍锌	0.013235	0.040822	0.000540
褋褍褎谢械	0.002206	0.040822	0.000090
褋褍褏邪褉褜	0.000735	0.040822	0.000030
褋褍褕懈褌褜	0.001471	0.040822	0.000060
褋褘褉	0.005147	0.040822	0.000210
褋褘褉薪懈泻	0.002206	0.040822	0.000090
褋褘褉薪褘泄	0.002941	0.040822	0.000120
褋褘褌薪褘泄	0.000735	0.105361	0.000077
褋褢屑谐邪	0.000735	0.040822	0.000030
褌邪斜邪泻	0.000735	3.912023	0.002876
褌邪写卸懈泻褋泻懈泄	0.000735	0.116534	0.000086
褌邪泄褋泻懈泄	0.000735	0.116534	0.000086
褌邪褉褌	0.000735	0.116534	0.000086
褌邪褉褌邪谢械褌泻邪	0.001471	0.040822	0.000060
褌邪褌邪褉褋泻懈泄	0.000735	0.116534	0.000086
褌胁芯褉芯谐	0.002206	0.040822	0.000090
褌胁芯褉芯卸薪懈泻	0.000735	3.218876	0.002367
褌胁芯褉芯卸薪褘泄	0.002941	0.094311	0.000277
褌械谢械谐褉邪屑	0.000735	0.040822	0.000030
褌械谢褟褌懈薪邪	0.003676	0.116534	0.000428
褌械褉褉懈薪邪	0.000735	0.040822	0.000030
褌械褋褌	0.002206	0.105361	0.000232
褌械褋褌芯	0.006618	0.040822	0.000270
褌械褎褌械谢懈	0.000735	3.912023	0.002876
褌芯锌谢褢薪褘泄	0.000735	0.116534	0.000086
褌芯褉褌	0.013235	0.040822	0.000540
褌褉邪胁邪	0.000735	0.094311	0.000069
褌褉械褋泻	0.000735	3.506558	0.002578
褌褉褍斜芯褔泻邪	0.000735	0.040822	0.000030
褌褍薪械褑	0.000735	0.105361	0.000077
褌褍薪懈褋褋泻懈泄	0.000735	0.116534	0.000086
褌褍褉械褑泻懈泄	0.000735	0.116534	0.000086
褌褍褕褢薪泻邪	0.000735	2.995732	0.002203
褌褘泻胁邪	0.000735	0.040822	0.000030
褌褢褖懈薪	0.000735	0.040822	0.000030
褍胁械写芯屑谢械薪懈械	0.000735	0.040822	0.000030
褍卸懈薪	0.001471	0.094311	0.000139
褍蟹斜械泻褋泻懈泄	0.000735	0.116534	0.000086
褍泻褉邪懈薪褋泻懈泄	0.000735	0.116534	0.000086
褍泻褉邪褕械薪懈械	0.005882	0.116534	0.000685
褍褉邪谢褜褋泻懈泄	0.000735	0.116534	0.000086
褍褌泻邪	0.002941	0.116534	0.000343
褍褏芯	0.000735	0.040822	0.000030
褍褔邪褋褌胁芯胁邪褌褜	0.000735	0.040822	0.000030
褎邪褉褕	0.008824	0.040822	0.000360
褎邪褉褕懈褉芯胁邪薪薪褘泄	0.004412	0.040822	0.000180
褎邪褋芯谢褜	0.000735	0.040822	0.000030
褎械胁褉邪谢褜	0.000735	0.094311	0.000069
褎懈薪褋泻懈泄	0.000735	0.116534	0.000086
褎芯薪写褞	0.000735	0.040822	0.000030
褎芯褉械谢褜	0.000735	2.995732	0.002203
褎芯褉褍屑	0.000735	0.040822	0.000030
褎芯褉褕屑邪泻	0.000735	0.040822	0.000030
褎褉邪薪褑褍蟹褋泻懈泄	0.000735	0.094311	0.000069
褎褉懈泻邪写械谢褜泻邪	0.000735	3.506558	0.002578
褎褉懈泻邪褋械	0.000735	4.605170	0.003386
褎褉褍泻褌	0.002941	0.116534	0.000343
褎褉褍泻褌芯胁褘泄	0.002941	0.040822	0.000120
褏邪谢胁邪	0.000735	0.040822	0.000030
褏邪薪褍屑	0.000735	4.605170	0.003386
褏邪褉褔芯	0.001471	0.040822	0.000060
褏邪褔邪锌褍褉懈	0.000735	2.407946	0.001771
褏邪褕	0.000735	0.040822	0.000030
褏胁芯褉芯褋褌	0.000735	0.040822	0.000030
褏懈薪泻邪谢懈	0.001471	0.116534	0.000171
褏谢械斜	0.002206	0.040822	0.000090
褏谢械斜芯锌械褔泻邪	0.000735	0.116534	0.000086
褏芯谢芯写械褑	0.000735	0.040822	0.000030
褏芯谢芯写薪芯械	0.001471	0.116534	0.000171
褏芯谢芯写薪褘泄	0.001471	0.116534	0.000171
褏芯褉胁邪褌褋泻懈泄	0.000735	0.116534	0.000086
褏芯褉芯褕懈泄	0.000735	0.040822	0.000030
褏芯褌邪	0.000735	3.912023	0.002876
褏芯褌械褌褜	0.000735	0.000000	0.000000
褏褍屑褍褋邪	0.000735	0.040822	0.000030
褑胁械褌薪芯泄	0.000735	0.040822	0.000030
褑械薪薪褘泄	0.000735	0.040822	0.000030
褑褘锌谢褢薪芯泻	0.000735	2.995732	0.002203
褔邪泄	0.002206	0.040822	0.000090
褔邪泻	0.001471	4.605170	0.006772
褔邪薪邪褏懈	0.000735	4.605170	0.003386
褔邪褏芯褏斜懈谢懈	0.000735	4.605170	0.003386
褔械斜褍褉械泻	0.001471	0.040822	0.000060
褔械褋褌薪芯泄	0.000735	0.040822	0.000030
褔械褔械胁懈褑邪	0.000735	0.040822	0.000030
褔械褕褋泻懈泄	0.000735	0.116534	0.000086
褔懈蟹泻械泄泻	0.002941	0.040822	0.000120
褔懈谢懈泄褋泻懈泄	0.000735	0.116534	0.000086
褔懈锌褋褘	0.000735	0.040822	0.000030
褕邪褉懈泻	0.000735	0.040822	0.000030
褕邪褉谢芯褌泻邪	0.000735	0.040822	0.000030
褕邪褍褉屑	0.000735	3.218876	0.002367
褕邪褕谢褘泻	0.005147	0.040822	0.000210
褕胁械写褋泻懈泄	0.000735	0.116534	0.000086
褕胁械泄褑邪褉褋泻懈泄	0.000735	0.116534	0.000086
褕懈锌褍褔泻邪	0.000735	0.040822	0.000030
褕薪懈褑械谢褜	0.000735	3.912023	0.002876
褕芯泻芯谢邪写	0.000735	0.040822	0.000030
褕芯褌谢邪薪写褋泻懈泄	0.000735	0.116534	0.000086
褕褌褉褍写械谢褜	0.000735	0.040822	0.000030
褕褍褉锌邪	0.000735	0.040822	0.000030
褖械褉斜械褌邪	0.000735	4.605170	0.003386
褖懈	0.001471	0.040822	0.000060
褝褋泻邪谢芯锌	0.000735	3.912023	0.002876
褝褋褌芯薪褋泻懈泄	0.000735	0.116534	0.000086
褞谐芯褋谢邪胁褋泻懈泄	0.000735	0.116534	0.000086
褟谐芯写薪褘泄	0.001471	0.105361	0.000155
褟蟹褘泻	0.001471	0.040822	0.000060
褟懈褔薪懈褑邪	0.000735	2.659260	0.001955
褟泄褑芯	0.003676	0.040822	0.000150
褟锌芯薪褋泻懈泄	0.000735	0.051293	0.000038
