谢械屑屑邪	TF	IDF	TF-IDF
邪斜褏邪蟹褋泻懈泄	0.000267	0.116534	0.000031
邪胁褋褌褉邪谢懈泄褋泻懈泄	0.000267	0.116534	0.000031
邪胁褋褌褉懈泄褋泻懈泄	0.000267	0.116534	0.000031
邪胁褌芯泻谢邪胁	0.000267	0.116534	0.000031
邪胁褌芯褉	0.000800	0.040822	0.000033
邪谐褉芯	0.000267	0.116534	0.000031
邪写卸懈泻邪	0.000267	0.040822	0.000011
邪写芯谢褜褎	0.000267	3.218876	0.000858
邪卸褍褉	0.000267	2.525729	0.000673
邪蟹	0.000267	0.127833	0.000034
邪蟹械褉斜邪泄写卸邪薪褋泻懈泄	0.000267	0.116534	0.000031
邪蟹懈邪褌褋泻懈泄	0.000267	0.127833	0.000034
邪泄褉邪薪	0.000267	0.040822	0.000011
邪泻胁邪褌懈泻	0.000800	0.127833	0.000102
邪泻褑懈褟	0.000267	2.040221	0.000544
邪谢械泻褋械泄	0.000267	0.127833	0.000034
邪谢泻芯谐芯谢褜	0.000800	0.116534	0.000093
邪谢泻芯谐芯谢褜薪褘泄	0.000267	0.116534	0.000031
邪谢褜褟薪褋	0.000267	0.116534	0.000031
邪屑械褉懈泻邪薪褋泻懈泄	0.000267	0.116534	0.000031
邪薪谐谢懈泄褋泻懈泄	0.000267	0.116534	0.000031
邪薪写褉械泄	0.000267	0.127833	0.000034
邪薪薪邪	0.000533	2.995732	0.001597
邪锌锌械褌懈褌薪褘泄	0.000267	1.832581	0.000489
邪锌褉械谢褜	0.000533	0.544727	0.000290
邪褉邪斜褋泻懈泄	0.000267	0.116534	0.000031
邪褉谐械薪褌懈薪褋泻懈泄	0.000267	0.116534	0.000031
邪褉屑褟薪褋泻懈泄	0.000267	0.116534	0.000031
邪褉芯屑邪褌	0.000267	0.820981	0.000219
邪褋褋芯褉褌懈	0.000533	0.116534	0.000062
邪褌谢邪薪褌	0.000267	0.116534	0.000031
邪褎谐邪薪褋泻懈泄	0.000267	0.116534	0.000031
邪褎褉懈泻邪薪褋泻懈泄	0.000267	0.116534	0.000031
邪褝褉芯谐褉懈谢褜	0.002666	0.116534	0.000311
邪褝褉芯锌芯褉褌	0.000267	2.525729	0.000673
斜邪泻谢邪卸邪薪	0.000267	0.040822	0.000011
斜邪谢褌泻芯屑邪	0.000267	0.127833	0.000034
斜邪薪泻	0.000533	1.966113	0.001048
斜邪褉邪薪懈薪邪	0.001333	0.116534	0.000155
斜邪褋屑邪褌懈	0.000533	0.127833	0.000068
斜邪褋褌褍褉屑	0.000267	0.040822	0.000011
斜邪褋褌褍褉屑邪	0.000267	0.040822	0.000011
斜邪褌芯薪褔懈泻	0.000267	0.127833	0.000034
斜邪褕泻懈褉褋泻懈泄	0.000267	0.116534	0.000031
斜械蟹邪谢泻芯谐芯谢褜薪褘泄	0.000267	0.116534	0.000031
斜械蟹谐谢褞褌械薪芯胁芯械	0.000267	0.116534	0.000031
斜械蟹械	0.001066	0.040822	0.000044
斜械蟹褍屑薪芯	0.000267	1.560648	0.000416
斜械谢械斜械械胁褋泻懈泄	0.000533	0.116534	0.000062
斜械谢芯泻芯褔邪薪薪褘泄	0.000533	0.967584	0.000516
斜械谢芯褉褍褋褋泻懈泄	0.000267	0.116534	0.000031
斜械谢褘泄	0.000267	1.237874	0.000330
斜械谢褜谐懈泄褋泻懈泄	0.000267	0.116534	0.000031
斜械褉械屑械薪薪邪褟	0.000267	0.116534	0.000031
斜械褋械写懈薪	0.000267	0.127833	0.000034
斜懈邪	0.000267	2.995732	0.000799
斜懈蟹薪械褋	0.000267	2.525729	0.000673
斜懈褋泻胁懈褌	0.000533	0.040822	0.000022
斜懈褋泻胁懈褌薪褘泄	0.000800	0.105361	0.000084
斜谢邪谐芯写邪褉薪褘泄	0.000267	1.660731	0.000443
斜谢懈蟹泻懈泄	0.000533	0.116534	0.000062
斜谢懈薪	0.001600	0.040822	0.000065
斜谢褞写芯	0.050920	0.040822	0.002079
斜芯斜芯胁褘泄	0.002933	0.116534	0.000342
斜芯谢谐邪褉褋泻懈泄	0.000800	0.116534	0.000093
斜芯谢褜褕芯泄	0.001066	0.094311	0.000101
斜芯褉褌	0.000267	2.525729	0.000673
斜芯褉褌芯胁褘泄	0.000267	2.525729	0.000673
斜芯褉褖	0.001066	0.040822	0.000044
斜芯褌胁懈薪褜褟	0.000267	0.040822	0.000011
斜褉邪蟹懈谢褜褋泻懈泄	0.000267	0.116534	0.000031
斜褉邪褍蟹械褉	0.000267	0.040822	0.000011
斜褉邪褍薪懈	0.000267	0.040822	0.000011
斜褉械褋褌	0.000267	0.127833	0.000034
斜褉芯泻泻芯谢懈	0.000267	0.040822	0.000011
斜褉褘蟹谐懈	0.000267	2.659260	0.000709
斜褍卸械薪懈薪邪	0.000533	0.040822	0.000022
斜褍谢芯褔泻邪	0.000800	0.040822	0.000033
斜褍谢褜芯薪	0.003732	0.040822	0.000152
斜褍褉谐械褉	0.000533	0.040822	0.000022
斜褍褉褟褌褋泻懈泄	0.000267	0.116534	0.000031
斜褍褌械褉斜褉芯写	0.001066	0.040822	0.000044
斜褘褋褌褉芯	0.000800	0.094311	0.000075
斜褘褋褌褉褘泄	0.000800	0.094311	0.000075
胁邪卸薪褘泄	0.000267	0.116534	0.000031
胁邪谢谢懈泄褋泻懈泄	0.000267	0.116534	0.000031
胁邪褉械薪懈械	0.000533	0.040822	0.000022
胁邪褉械薪懈泻	0.000533	0.116534	0.000062
胁邪褉懈邪薪褌	0.000800	0.356675	0.000285
胁邪褌褉褍褕泻邪	0.000267	0.040822	0.000011
胁邪褎谢褟	0.000533	0.040822	0.000022
胁邪褕	0.001333	0.000000	0.000000
胁胁芯写懈褌褜	0.000267	0.040822	0.000011
胁写芯褏薪芯胁械薪懈械	0.001600	0.116534	0.000186
胁写芯褏薪芯胁谢褟褌褜褋褟	0.000267	0.116534	0.000031
胁械谐械褌邪褉懈邪薪褋泻懈泄	0.000533	0.116534	0.000062
胁械谢懈泻懈泄	0.000267	0.116534	0.000031
胁械薪谐械褉褋泻懈泄	0.000267	0.116534	0.000031
胁械褋械薪薪懈泄	0.000267	0.051293	0.000014
胁械褋薪邪	0.001600	0.116534	0.000186
胁械褌褔懈薪邪	0.000267	0.094311	0.000025
胁蟹谐谢褟写	0.000267	1.427116	0.000380
胁蟹褟褌褜	0.000267	1.171183	0.000312
胁懈写	0.000267	0.776529	0.000207
胁懈写械芯	0.000533	0.116534	0.000062
胁懈写械芯褉械褑械锌褌	0.000267	0.301105	0.000080
胁懈薪芯	0.000533	0.040822	0.000022
胁泻褍褋	0.004266	0.105361	0.000449
胁泻褍褋薪芯	0.001066	0.094311	0.000101
胁泻褍褋薪芯褌懈褖邪	0.000267	3.218876	0.000858
胁泻褍褋薪褘泄	0.004266	0.061875	0.000264
胁谢褞斜懈褌褜	0.000267	0.116534	0.000031
胁谢褞斜懈褌褜褋褟	0.000267	1.386294	0.000370
胁屑械褋褌械	0.000267	0.916291	0.000244
胁薪邪褔邪谢械	0.001066	0.248461	0.000265
胁薪懈屑邪薪懈械	0.000267	1.237874	0.000330
胁薪褍褌褉懈	0.000267	1.469676	0.000392
胁芯写邪	0.002133	0.094311	0.000201
胁芯蟹屑芯卸薪芯	0.000267	1.469676	0.000392
胁芯蟹褉邪蟹懈褌褜	0.000267	3.218876	0.000858
胁芯泄褌懈	0.000267	0.000000	0.000000
胁芯谢芯胁邪薪	0.000267	0.116534	0.000031
胁芯谢褕械斜薪芯	0.000267	2.525729	0.000673
胁芯谢褕械斜薪褘泄	0.000533	0.116534	0.000062
胁芯谢褕械斜褋褌胁芯	0.000267	0.116534	0.000031
胁芯锌褉芯褋	0.000533	0.000000	0.000000
胁芯褋褌芯褉谐	0.000533	1.309333	0.000698
胁芯褋褌芯褔薪褘泄	0.000267	0.127833	0.000034
胁锌械褉胁褘械	0.000267	1.560648	0.000416
胁褉械屑褟	0.002133	0.105361	0.000225
胁褋锌芯屑薪懈褌褜	0.000267	0.040822	0.000011
胁褌芯褉芯械	0.000267	0.116534	0.000031
胁褌芯褉芯泄	0.000267	0.116534	0.000031
胁褏芯写	0.000800	0.030459	0.000024
胁褘谐谢褟写械褌褜	0.000533	1.469676	0.000784
胁褘泄褌懈	0.000267	0.040822	0.000011
胁褘泻谢邪写褘胁邪褌褜	0.000267	1.660731	0.000443
胁褘锌械褔泻邪	0.003999	0.040822	0.000163
胁褘锌褉芯褋懈褌褜	0.000267	2.525729	0.000673
胁褜械褌薪邪屑褋泻懈泄	0.000267	0.116534	0.000031
谐邪胁邪泄褋泻懈泄	0.000267	0.116534	0.000031
谐邪褉邪卸	0.000267	1.078810	0.000288
谐邪褉薪懈褉	0.004266	0.040822	0.000174
谐邪褋锌邪褔芯	0.000267	0.040822	0.000011
谐械芯谐褉邪褎懈褟	0.000267	0.116534	0.000031
谐谢邪胁薪芯械	0.000267	1.139434	0.000304
谐谢邪胁薪褘泄	0.000533	0.040822	0.000022
谐谢邪蟹褍褉褜	0.000800	0.040822	0.000033
谐谢懈薪褌胁械泄薪	0.000267	0.040822	0.000011
谐薪械蟹写芯	0.000267	2.207275	0.000588
谐芯胁褟写懈薪邪	0.001333	0.116534	0.000155
谐芯写	0.006931	0.083382	0.000578
谐芯谢谢邪薪写褋泻懈泄	0.000267	0.116534	0.000031
谐芯褉芯写	0.000267	0.116534	0.000031
谐芯褉芯褏	0.000267	0.116534	0.000031
谐芯褉褔懈褑邪	0.000800	0.040822	0.000033
谐芯褉褕芯褔械泻	0.000800	0.040822	0.000033
谐芯褉褟褔械械	0.001066	0.116534	0.000124
谐芯褉褟褔懈泄	0.025860	0.105361	0.002725
谐芯褋褌褜	0.000533	0.116534	0.000062
谐芯褌芯胁懈褌褜	0.005065	0.083382	0.000422
谐芯褌芯胁懈褌褜褋褟	0.000800	0.371064	0.000297
谐芯褌芯胁泻邪	0.000267	2.120264	0.000565
谐芯褌芯胁褘泄	0.000267	0.755023	0.000201
谐褉械薪泻邪	0.000533	0.040822	0.000022
谐褉械褔械褋泻懈泄	0.000800	0.116534	0.000093
谐褉械褔泻邪	0.000267	0.040822	0.000011
谐褉懈斜	0.003732	0.040822	0.000152
谐褉懈斜薪芯泄	0.000800	0.040822	0.000033
谐褉懈谢褜	0.003999	0.105361	0.000421
谐褉懈谢褜屑邪薪懈褟	0.000267	0.116534	0.000031
谐褉芯谐	0.000267	0.040822	0.000011
谐褉褍写泻邪	0.000533	0.967584	0.000516
谐褉褍蟹懈薪褋泻懈泄	0.000267	0.116534	0.000031
谐褉褍锌锌邪	0.000267	0.061875	0.000016
谐褍褉屑	0.000267	0.127833	0.000034
谐褍褉屑邪薪懈褟	0.001600	0.116534	0.000186
谐褍褋褜	0.000800	0.105361	0.000084
写邪胁邪褌褜	0.000267	0.040822	0.000011
写邪胁薪械薪褜泻芯	0.000267	2.995732	0.000799
写邪胁薪芯	0.000533	0.967584	0.000516
写邪薪薪褘械	0.000267	0.040822	0.000011
写邪褉	0.000267	0.116534	0.000031
写邪褌邪	0.000533	0.248461	0.000132
写邪褌褋泻懈泄	0.000267	0.116534	0.000031
写邪褌褜	0.000533	0.040822	0.000022
写邪褔薪褘泄	0.000800	0.116534	0.000093
写械泻邪斜褉褜	0.000533	0.597837	0.000319
写械泻芯褉	0.000267	0.127833	0.000034
写械谢邪褌褜	0.000533	0.083382	0.000044
写械谢懈泻邪褌械褋	0.000267	2.659260	0.000709
写械谢懈芯薪	0.000267	3.218876	0.000858
写械谢懈褌褜褋褟	0.000267	0.040822	0.000011
写械谢芯	0.000533	0.105361	0.000056
写械薪褜	0.002133	0.040822	0.000087
写械褋械褉褌	0.004532	0.040822	0.000185
写械褋械褉褌邪褑懈褟	0.000267	0.116534	0.000031
写械褋械褉褌薪褘泄	0.000267	0.116534	0.000031
写卸械屑	0.000267	0.040822	0.000011
写卸械屑邪	0.000267	0.040822	0.000011
写蟹械薪	0.000267	0.116534	0.000031
写懈械褌邪	0.000533	0.094311	0.000050
写懈泻懈泄	0.000800	0.116534	0.000093
写懈锌	0.000267	0.116534	0.000031
写懈褔褜	0.001333	0.116534	0.000155
写薪械胁薪懈泻	0.000267	0.061875	0.000016
写芯斜邪胁懈褌褜	0.000267	0.083382	0.000022
写芯斜邪胁谢械薪懈械	0.000267	0.223144	0.000059
写芯斜邪胁谢褟褌褜	0.000267	0.040822	0.000011
写芯斜褉芯褎谢芯褌	0.000267	0.127833	0.000034
写芯胁械褉褟褌褜	0.000267	0.116534	0.000031
写芯胁芯谢褜薪褘泄	0.000267	1.897120	0.000506
写芯屑	0.002666	0.040822	0.000109
写芯屑邪褕薪懈泄	0.003466	0.040822	0.000141
写褉邪泄胁	0.001333	0.127833	0.000170
写褉芯卸卸械胁芯泄	0.000267	0.116534	0.000031
写褉褍谐	0.000267	0.544727	0.000145
写褍屑邪褌褜	0.000533	0.634878	0.000339
写褍褏芯胁泻邪	0.001866	0.105361	0.000197
写褍褕邪	0.000800	0.105361	0.000084
写褍褕懈褋褌褘泄	0.000533	1.237874	0.000660
写褞谐谢械褉邪	0.000267	3.218876	0.000858
械胁褉械泄褋泻懈泄	0.000267	0.116534	0.000031
械谐懈锌械褌褋泻懈泄	0.000267	0.116534	0.000031
械写邪	0.000267	2.120264	0.000565
械写懈薪褘泄	0.000267	0.000000	0.000000
械泻芯	0.000267	0.127833	0.000034
械褋褌械褋褌胁械薪薪褘泄	0.000267	2.813411	0.000750
卸邪褉械薪褘泄	0.000267	1.272966	0.000339
卸邪褉懈褌褜	0.000533	1.347074	0.000718
卸邪褉懈褌褜褋褟	0.000267	2.120264	0.000565
卸邪褉泻芯械	0.000267	0.040822	0.000011
卸械谢邪械屑褘泄	0.000267	1.469676	0.000392
卸械谢械	0.000800	0.040822	0.000033
卸械薪褋泻懈泄	0.000533	0.020203	0.000011
卸械薪褖懈薪邪	0.000533	0.061875	0.000033
卸懈蟹薪褜	0.000533	0.040822	0.000022
卸褍谢褜械薪	0.000267	0.040822	0.000011
卸褍褉薪邪谢	0.000533	0.072571	0.000039
卸褞谢褜械薪	0.000267	0.040822	0.000011
卸褞谢褜薪褘泄	0.000267	0.040822	0.000011
蟹邪斜褘褌褜	0.000267	2.040221	0.000544
蟹邪胁邪褉薪芯泄	0.000533	0.116534	0.000062
蟹邪胁褌褉邪泻	0.002133	0.094311	0.000201
蟹邪谐谢褟薪褍褌褜	0.000267	2.659260	0.000709
蟹邪谐芯褌芯胁泻邪	0.001066	0.040822	0.000044
蟹邪写邪胁邪褌褜	0.000267	0.040822	0.000011
蟹邪写邪褌褜	0.000267	2.525729	0.000673
蟹邪泻胁邪褋泻邪	0.000800	0.040822	0.000033
蟹邪泻褉褘褌褘泄	0.000267	0.116534	0.000031
蟹邪泻褍褋泻邪	0.005599	0.040822	0.000229
蟹邪泻褍褋芯薪褔懈泻	0.000267	0.116534	0.000031
蟹邪泻褍褋芯褔泻邪	0.000267	0.116534	0.000031
蟹邪泻褍褋芯褔薪邪褟	0.002399	0.116534	0.000280
蟹邪谢懈胁薪芯械	0.000533	0.040822	0.000022
蟹邪谢懈褌褜	0.000267	3.218876	0.000858
蟹邪屑械薪懈褌褜	0.000267	2.120264	0.000565
蟹邪屑芯褉芯蟹泻邪	0.000267	0.105361	0.000028
蟹邪锌邪写	0.000267	0.116534	0.000031
蟹邪锌械泻邪薪懈械	0.000267	1.514128	0.000404
蟹邪锌械泻邪薪泻邪	0.005599	0.040822	0.000229
蟹邪锌械褔褜	0.000267	0.916291	0.000244
蟹邪锌褉邪胁泻邪	0.000533	0.040822	0.000022
蟹邪褉械谐懈褋褌褉懈褉芯胁邪褌褜褋褟	0.000533	0.030459	0.000016
蟹邪褋械褔褜	0.000267	2.659260	0.000709
蟹邪褋芯谢泻邪	0.000267	0.116534	0.000031
蟹邪褏芯写懈褌褜	0.000267	0.733969	0.000196
蟹邪褏芯褌械褌褜褋褟	0.000267	2.207275	0.000588
蟹邪褟褑	0.000800	0.116534	0.000093
蟹胁邪薪褘泄	0.000267	0.127833	0.000034
蟹胁械蟹写邪	0.000267	0.116534	0.000031
蟹胁褢蟹写薪褘泄	0.000267	0.116534	0.000031
蟹写芯褉芯胁褘泄	0.000533	0.116534	0.000062
蟹械谢械薪褜	0.001866	0.094311	0.000176
蟹械谢褢薪褘泄	0.000533	0.820981	0.000438
蟹械褎懈褉	0.000267	0.040822	0.000011
蟹懈屑邪	0.001066	0.040822	0.000044
蟹懈屑薪懈泄	0.000267	0.051293	0.000014
蟹薪邪褌褜	0.001066	0.462035	0.000493
蟹芯谢芯褌懈褋褌褘泄	0.000267	2.407946	0.000642
蟹芯谢芯褌芯泄	0.000533	0.116534	0.000062
蟹褉邪蟹邪	0.000800	2.040221	0.001632
懈胁邪薪芯胁	0.000267	0.127833	0.000034
懈写械邪谢褜薪褘泄	0.001866	0.116534	0.000217
懈写械泄泻邪	0.000267	0.116534	0.000031
懈蟹胁械褋褌薪褘泄	0.000533	1.049822	0.000560
懈蟹写械谢懈械	0.002133	0.116534	0.000249
懈蟹褍褔懈褌褜	0.000267	2.407946	0.000642
懈泻褉邪	0.000800	0.040822	0.000033
懈谢谢褞褋褌褉懈褉芯胁邪褌褜	0.000267	2.120264	0.000565
懈屑械褌褜	0.000533	1.171183	0.000624
懈屑褟	0.000267	0.030459	0.000008
懈薪胁械褉褌芯褉薪褘泄	0.000267	0.127833	0.000034
懈薪谐褉械写懈械薪褌	0.009064	0.139262	0.001262
懈薪写械泄泻邪	0.001866	0.094311	0.000176
懈薪写懈泄褋泻懈	0.000267	2.659260	0.000709
懈薪写懈泄褋泻懈泄	0.000267	0.116534	0.000031
懈薪写懈谢邪泄褌邪	0.000800	0.116534	0.000093
懈薪写懈褉械褋薪褘泄	0.000267	0.116534	0.000031
懈薪写懈褟	0.000267	2.813411	0.000750
懈薪械褌	0.000267	1.771957	0.000472
懈薪芯泄	0.000267	2.040221	0.000544
懈薪褋褌褉褍泻褑懈褟	0.000267	0.030459	0.000008
懈薪褌械褉械褋薪芯	0.000267	1.660731	0.000443
懈褉邪泻褋泻懈泄	0.000267	0.116534	0.000031
懈褉邪薪褋泻懈泄	0.000267	0.116534	0.000031
懈褉谢邪薪写褋泻懈泄	0.000267	0.116534	0.000031
懈褋泻邪褌褜	0.000267	1.108663	0.000296
懈褋泻谢褞褔懈褌褜	0.000267	1.469676	0.000392
懈褋泻褉械薪薪械	0.000267	0.116534	0.000031
懈褋谢邪薪写褋泻懈泄	0.000267	0.116534	0.000031
懈褋锌邪薪褋泻懈泄	0.000267	0.116534	0.000031
懈褋锌械褔褜	0.000267	0.105361	0.000028
懈褋褌懈薪邪	0.000267	2.525729	0.000673
懈褋褌懈薪薪褘泄	0.000267	2.995732	0.000799
懈褋褌芯褉懈褟	0.001600	0.116534	0.000186
懈褋褌芯褔邪褌褜	0.000267	3.218876	0.000858
懈褌邪谢懈褟	0.000533	0.105361	0.000056
懈褌邪谢褜褟薪褋泻懈泄	0.000267	0.105361	0.000028
懈褞薪褜	0.000267	0.562119	0.000150
泄芯谐褍褉褌	0.000800	0.040822	0.000033
泻邪斜邪褔泻芯胁褘泄	0.000533	1.832581	0.000977
泻邪斜邪褔芯泻	0.000800	0.040822	0.000033
泻邪胁泻邪蟹褋泻懈泄	0.000267	0.116534	0.000031
泻邪蟹邪薪	0.000533	0.116534	0.000062
泻邪蟹邪褌褜褋褟	0.000267	1.139434	0.000304
泻邪蟹邪褏褋泻懈泄	0.000267	0.116534	0.000031
泻邪泻邪芯	0.000533	0.040822	0.000022
泻邪谢械泄写芯褋泻芯锌	0.001066	0.116534	0.000124
泻邪谢屑褘褑泻懈泄	0.000267	0.116534	0.000031
泻邪谢芯褉懈泄薪褘泄	0.000267	1.966113	0.000524
泻邪谢褜屑邪褉	0.000267	0.040822	0.000011
泻邪屑械褉邪	0.000267	0.116534	0.000031
泻邪薪邪写褋泻懈泄	0.000267	0.116534	0.000031
泻邪薪邪谢	0.000800	0.040822	0.000033
泻邪薪邪锌械	0.000533	0.040822	0.000022
泻邪锌褍褋褌邪	0.001600	0.040822	0.000065
泻邪锌褍褋褌薪褟泻	0.000267	0.040822	0.000011
泻邪褉邪屑械谢懈蟹芯胁邪褌褜褋褟	0.000267	3.218876	0.000858
泻邪褉邪屑械谢褜	0.000267	0.040822	0.000011
泻邪褉泻邪褋薪褘泄	0.001066	0.116534	0.000124
泻邪褉褌芯褎械谢褜	0.005332	0.040822	0.000218
泻邪褉褌芯褎械谢褜薪褘泄	0.001333	0.040822	0.000054
泻邪褉褌芯褕械褔泻邪	0.000267	1.897120	0.000506
泻邪褉褌芯褕泻邪	0.000800	0.040822	0.000033
泻邪褋褝褉芯谢	0.000267	3.218876	0.000858
泻邪褌械谐芯褉懈褟	0.004532	0.116534	0.000528
泻邪褔械褋褌胁芯	0.000267	0.105361	0.000028
泻邪褕邪	0.001866	0.040822	0.000076
泻胁邪褋	0.001066	0.040822	0.000044
泻胁邪褋薪芯泄	0.000800	0.116534	0.000093
泻械泻褋	0.000800	0.040822	0.000033
泻械褌褔褍锌	0.000533	1.469676	0.000784
泻械褎懈褉	0.000267	0.040822	0.000011
泻懈谢谢懈薪邪	0.000267	3.912023	0.001043
泻懈谢芯谐褉邪屑屑	0.000267	2.407946	0.000642
泻懈屑褔邪褌褜	0.000267	0.040822	0.000011
泻懈薪芯邪	0.000533	0.127833	0.000068
泻懈薪芯谢械薪褌邪	0.000267	0.116534	0.000031
泻懈褋械谢褜	0.000533	0.040822	0.000022
泻懈褌邪泄褋泻懈泄	0.000267	0.116534	0.000031
泻谢邪褋褋	0.002666	0.116534	0.000311
泻谢邪褋褋懈褔械褋泻懈泄	0.000533	1.427116	0.000761
泻薪懈谐邪	0.000533	0.040822	0.000022
泻芯泻褌械泄谢褜	0.001600	0.040822	0.000065
泻芯谢斜邪褋邪	0.000267	0.040822	0.000011
泻芯谢斜邪褋薪褘泄	0.001066	0.116534	0.000124
泻芯谢写褍薪	0.000267	2.813411	0.000750
泻芯谢谢械谐邪	0.000267	2.995732	0.000799
泻芯屑邪薪写邪	0.000533	0.127833	0.000068
泻芯屑懈	0.000267	0.116534	0.000031
泻芯屑屑械薪褌邪褉懈泄	0.000267	0.127833	0.000034
泻芯屑锌邪薪懈褟	0.000267	0.105361	0.000028
泻芯屑锌芯褌	0.000800	0.040822	0.000033
泻芯薪械褔薪芯	0.000267	0.527633	0.000141
泻芯薪懈薪邪	0.000533	0.116534	0.000062
泻芯薪泻褉械褌薪褘泄	0.000267	2.407946	0.000642
泻芯薪泻褍褉褋	0.057585	0.040822	0.002351
泻芯薪泻褍褉褋薪褘泄	0.000267	0.127833	0.000034
泻芯薪褋械褉胁懈褉芯胁邪薪懈械	0.000267	0.040822	0.000011
泻芯薪褋械褉胁懈褉芯胁邪薪薪褘泄	0.001333	0.116534	0.000155
泻芯薪褎械褌邪	0.000800	0.040822	0.000033
泻芯薪褎械褌褌懈	0.000267	0.116534	0.000031
泻芯薪褎懈写械薪褑懈邪谢褜薪芯褋褌褜	0.000267	0.040822	0.000011
泻芯薪褎懈褌褞褉	0.000267	0.040822	0.000011
泻芯锌褔褢薪芯褋褌褜	0.000267	0.116534	0.000031
泻芯褉械泄褋泻懈	0.000267	0.040822	0.000011
泻芯褉械泄褋泻懈泄	0.000267	0.105361	0.000028
泻芯褉卸懈泻	0.000267	0.040822	0.000011
泻芯褉懈邪薪写褉	0.000533	1.469676	0.000784
泻芯褉屑懈褌褜	0.000267	0.116534	0.000031
泻芯褉芯谢械胁褋泻懈泄	0.000267	2.302585	0.000614
泻芯褉芯褔泻邪	0.000533	1.309333	0.000698
泻芯褋褌褢褉	0.000267	2.407946	0.000642
泻芯褌谢械褌邪	0.001600	0.040822	0.000065
泻芯褎械	0.000533	0.040822	0.000022
泻褉邪褋懈胁褘泄	0.000267	0.843970	0.000225
泻褉邪褋泻邪	0.000267	0.116534	0.000031
泻褉邪褏屑邪谢	0.000533	0.891598	0.000475
泻褉械邪褌懈胁	0.000267	0.127833	0.000034
泻褉械屑	0.000800	0.040822	0.000033
泻褉械锌泻懈泄	0.000267	0.116534	0.000031
泻褉芯谢懈泻	0.000800	0.116534	0.000093
泻褉芯屑械	0.000267	0.061875	0.000016
泻褉芯褏邪	0.000267	0.116534	0.000031
泻褉褍谐	0.000533	0.116534	0.000062
泻褉褍锌	0.002399	0.105361	0.000253
泻褉褍锌邪	0.003199	0.116534	0.000373
泻褉褍锌褟薪芯泄	0.000267	0.116534	0.000031
泻褉褘屑	0.000267	2.302585	0.000614
泻褍斜懈薪褋泻懈泄	0.000267	0.116534	0.000031
泻褍谢械褕	0.000267	0.040822	0.000011
泻褍谢懈薪邪褉懈褟	0.000800	0.094311	0.000075
泻褍谢懈薪邪褉薪褘泄	0.001600	0.000000	0.000000
泻褍谢懈褔	0.000533	0.040822	0.000022
泻褍褉写褋泻懈泄	0.000267	0.116534	0.000031
泻褍褉懈薪褘泄	0.006931	0.094311	0.000654
泻褍褉懈褑邪	0.002399	0.040822	0.000098
泻褍褉泻褍屑邪	0.000533	2.040221	0.001088
泻褍褉芯褔泻邪	0.000267	0.116534	0.000031
泻褍褉褌懈蟹邪薪泻邪	0.000267	2.995732	0.000799
泻褍褋泻褍褋	0.000267	0.040822	0.000011
泻褍褋芯褔械泻	0.000267	1.078810	0.000288
泻褍褏薪褟	0.002666	0.040822	0.000109
谢邪胁邪褕	0.001600	0.040822	0.000065
谢邪胁褉芯胁褘泄	0.001066	1.139434	0.001215
谢邪谐屑邪薪	0.000533	0.040822	0.000022
谢邪泻芯屑褋褌胁芯	0.000267	0.116534	0.000031
谢邪锌褕邪	0.000533	0.040822	0.000022
谢邪褉懈褋邪	0.000267	2.407946	0.000642
谢邪褋褌芯褔泻懈薪	0.000267	2.302585	0.000614
谢邪褌褘褕褋泻懈泄	0.000267	0.116534	0.000031
谢邪褏邪薪芯褉懈蟹芯	0.000533	2.407946	0.001284
谢械谐泻芯	0.001600	0.116534	0.000186
谢械薪懈胁褘泄	0.000267	1.427116	0.000380
谢械锌褢褕泻邪	0.000533	0.040822	0.000022
谢械褌薪懈泄	0.000533	0.040822	0.000022
谢械褌芯	0.001600	0.116534	0.000186
谢械褔芯	0.000267	0.040822	0.000011
谢懈谐邪	0.000800	0.116534	0.000093
谢懈泻褢褉	0.000267	0.040822	0.000011
谢懈屑芯薪邪写	0.000533	0.040822	0.000022
谢懈屑芯薪薪褘泄	0.000800	0.713350	0.000571
谢懈褋褌	0.001066	0.843970	0.000900
谢懈褌芯胁褋泻	0.000267	0.127833	0.000034
谢懈褌芯胁褋泻懈泄	0.000267	0.116534	0.000031
谢懈褕薪懈泄	0.000267	1.560648	0.000416
谢褍泻	0.004799	0.301105	0.001445
谢褍泻芯胁褘泄	0.000267	2.407946	0.000642
谢褍褔芯泻	0.000267	2.302585	0.000614
谢褞斜懈屑褘泄	0.002399	0.116534	0.000280
谢褞斜懈褌械谢褜	0.000267	1.386294	0.000370
谢褞斜芯胁褜	0.000533	0.105361	0.000056
谢褞斜芯泄	0.000533	0.094311	0.000050
谢褞写屑懈谢邪	0.000267	1.771957	0.000472
谢褢谐泻懈泄	0.000800	0.094311	0.000075
谢褢写	0.000267	0.116534	0.000031
屑邪谐褉懈斜	0.000267	0.116534	0.000031
屑邪泄	0.000800	0.116534	0.000093
屑邪泄芯薪械蟹	0.002399	0.116534	0.000280
屑邪泄芯薪械蟹薪褘泄	0.000267	2.525729	0.000673
屑邪泻邪褉芯薪薪褘泄	0.000533	0.116534	0.000062
屑邪泻邪褉芯薪褘	0.000267	0.040822	0.000011
屑邪谢邪蟹懈泄褋泻懈泄	0.000267	0.116534	0.000031
屑邪薪薪懈泻	0.000267	0.040822	0.000011
屑邪薪褋邪褉写邪	0.000533	0.755023	0.000403
屑邪薪褌邪	0.000533	0.116534	0.000062
屑邪薪褢胁褉	0.000267	0.116534	0.000031
屑邪褉邪褎芯薪	0.000800	0.116534	0.000093
屑邪褉懈薪邪写	0.003199	0.040822	0.000131
屑邪褉懈薪芯胁邪褌褜	0.000533	0.116534	0.000062
屑邪褉屑械谢邪写	0.000267	0.040822	0.000011
屑邪褉芯泻泻邪薪褋泻懈泄	0.000267	0.116534	0.000031
屑邪褉褌	0.001333	0.105361	0.000140
屑邪褋泻邪褉锌芯薪	0.000267	0.040822	0.000011
屑邪褋谢械薪懈褑邪	0.000800	0.040822	0.000033
屑邪褋谢械薪懈褔薪褘泄	0.000267	0.116534	0.000031
屑邪褋谢芯	0.006931	0.105361	0.000730
屑邪褋谢褟薪褘泄	0.000267	2.525729	0.000673
屑邪褋褌械褉	0.002399	0.116534	0.000280
屑邪褋褌懈泻邪	0.000533	0.040822	0.000022
屑邪褎褎懈薪邪	0.000267	0.116534	0.000031
屑邪褏械械胁褗	0.001066	0.116534	0.000124
屑械写懈邪褎芯褉褌	0.000800	0.000000	0.000000
屑械写芯胁褘泄	0.000267	0.116534	0.000031
屑械泻褋懈泻邪薪褋泻懈泄	0.000267	0.116534	0.000031
屑械薪褞	0.000267	0.116534	0.000031
屑械薪褟褌褜褋褟	0.000267	0.116534	0.000031
屑械褔褌邪	0.000800	0.040822	0.000033
屑懈写懈褟	0.000267	0.040822	0.000011
屑懈泻褉芯胁芯谢薪芯胁泻邪	0.000533	0.105361	0.000056
屑懈谢褜褟	0.000267	0.116534	0.000031
屑懈薪懈屑褍屑	0.000800	1.237874	0.000990
屑懈芯	0.000267	0.116534	0.000031
屑懈褉	0.000533	0.105361	0.000056
屑懈褉芯胁芯泄	0.000267	0.116534	0.000031
屑懈褋芯	0.000267	0.040822	0.000011
屑懈褋褌械褉懈褟	0.000267	0.116534	0.000031
屑懈褋褌褉邪谢褜	0.001866	0.116534	0.000217
屑薪芯卸械褋褌胁芯	0.000533	0.040822	0.000022
屑芯泄	0.000800	0.083382	0.000067
屑芯谢写邪胁褋泻懈泄	0.000267	0.116534	0.000031
屑芯谢芯泻芯	0.001600	0.083382	0.000133
屑芯谢芯褔薪褘泄	0.000800	0.040822	0.000033
屑芯屑械薪褌	0.000800	0.105361	0.000084
屑芯薪谐芯谢褜褋泻懈泄	0.000267	0.116534	0.000031
屑芯褉械	0.000267	0.116534	0.000031
屑芯褉械锌褉芯写褍泻褌	0.005065	0.040822	0.000207
屑芯褉泻芯胁褜	0.001866	0.040822	0.000076
屑芯褉芯卸械薪芯械	0.000800	0.040822	0.000033
屑芯褉褋	0.000533	0.040822	0.000022
屑芯褌芯褉	0.000267	0.116534	0.000031
屑芯褏懈褌褘泄	0.000267	0.040822	0.000011
屑芯褔褜	0.000800	0.000000	0.000000
屑褍卸褋泻芯泄	0.000267	0.127833	0.000034
屑褍卸褔懈薪邪	0.000533	0.116534	0.000062
屑褍泻邪	0.002133	0.248461	0.000530
屑褍谢褜褌懈胁邪褉泻邪	0.010131	0.116534	0.001181
屑褍谢褜褌懈锌械泻邪褉褜	0.000800	0.116534	0.000093
屑褍褋褋	0.000267	0.040822	0.000011
屑褍褋褋邪	0.000800	0.040822	0.000033
屑褍褔薪芯泄	0.000533	0.116534	0.000062
屑褘褌褜	0.000267	2.659260	0.000709
屑褞褋谢懈	0.000533	0.116534	0.000062
屑褟褋薪芯泄	0.006665	0.040822	0.000272
屑褟褋芯	0.009331	0.040822	0.000381
薪邪胁褋械谐写邪	0.000267	2.040221	0.000544
薪邪写褢卸薪褘泄	0.000267	3.506558	0.000935
薪邪蟹胁邪薪懈械	0.001333	0.562119	0.000749
薪邪蟹胁邪褌褜	0.000267	1.560648	0.000416
薪邪蟹薪邪褔械薪懈械	0.000267	0.116534	0.000031
薪邪蟹褘胁邪褌褜褋褟	0.000267	1.714798	0.000457
薪邪泄褌懈	0.000800	0.446287	0.000357
薪邪谢懈胁泻邪	0.000267	0.040822	0.000011
薪邪锌懈褌芯泻	0.001866	0.040822	0.000076
薪邪褋褌芯泄泻邪	0.000267	0.040822	0.000011
薪邪褋褌芯褟褌械谢褜薪芯	0.000267	2.040221	0.000544
薪邪褋褌褉芯械薪懈械	0.000267	0.116534	0.000031
薪邪褌邪	0.000267	3.218876	0.000858
薪邪褌芯谢泻薪褍褌褜	0.000267	3.912023	0.001043
薪邪褑懈芯薪邪谢褜薪褘泄	0.000267	0.116534	0.000031
薪邪褔懈薪泻邪	0.000800	0.040822	0.000033
薪邪褕	0.000800	0.040822	0.000033
薪械写械谢褟	0.002666	0.051293	0.000137
薪械卸薪褘泄	0.001333	0.094311	0.000126
薪械屑邪谢芯胁邪卸薪褘泄	0.000267	2.207275	0.000588
薪械屑械褑泻懈泄	0.000267	0.116534	0.000031
薪械薪褍卸薪褘泄	0.000267	2.302585	0.000614
薪械芯卸懈写邪薪薪褘泄	0.000267	0.116534	0.000031
薪械锌芯胁褌芯褉懈屑褘泄	0.000267	2.813411	0.000750
薪械褋谢邪写泻懈泄	0.000267	0.116534	0.000031
薪懈泻邪泻芯泄	0.000267	1.203973	0.000321
薪懈泻芯谐写邪	0.000267	1.771957	0.000472
薪懈褔械谐芯	0.000267	0.941609	0.000251
薪泻	0.000267	1.771957	0.000472
薪芯胁芯谐芯写薪懈泄	0.006132	0.040822	0.000250
薪芯胁芯褋褌褜	0.000267	0.061875	0.000016
薪芯胁褘泄	0.003199	0.030459	0.000097
薪芯褉胁械卸褋泻懈泄	0.000267	0.116534	0.000031
薪芯褉褍芯谢泻薪褍褌褜	0.000267	4.605170	0.001228
薪芯褟斜褉褜	0.000800	0.527633	0.000422
薪褉邪胁懈褌褜褋褟	0.000267	0.941609	0.000251
薪褍褌褜	0.000267	3.218876	0.000858
薪褞褕泻邪	0.000267	3.218876	0.000858
芯斜械写	0.000800	0.105361	0.000084
芯斜械蟹褜褟薪邪	0.000267	0.116534	0.000031
芯斜谢邪写邪褌褜	0.000267	1.660731	0.000443
芯斜褉邪蟹芯胁邪褌褜	0.000267	2.995732	0.000799
芯斜褖邪褌褜褋褟	0.000267	0.040822	0.000011
芯斜褗械写械薪懈械	0.000267	2.407946	0.000642
芯斜褘写械薪薪褘泄	0.000267	3.218876	0.000858
芯斜褘褔薪褘泄	0.000267	1.386294	0.000370
芯胁芯褖	0.007998	0.094311	0.000754
芯胁芯褖薪芯泄	0.003466	0.040822	0.000141
芯胁褋褟薪褘泄	0.000267	0.105361	0.000028
芯谐薪械薪薪褘泄	0.000267	0.116534	0.000031
芯谐芯薪褜	0.000267	0.094311	0.000025
芯谐褉芯屑薪褘泄	0.000533	0.867501	0.000463
芯谐褍褉械褑	0.000533	0.116534	0.000062
芯卸懈写邪薪懈械	0.000267	2.120264	0.000565
芯泻芯褉芯褔芯泻	0.000533	2.407946	0.001284
芯泻褉芯褕泻邪	0.000800	0.040822	0.000033
芯泻褌褟斜褉褜	0.000267	0.562119	0.000150
芯谢邪写褜褟	0.000800	0.040822	0.000033
芯谢械邪薪邪	0.000267	4.605170	0.001228
芯谢械泄薪芯泄	0.001066	0.116534	0.000124
芯谢械泄薪褘泄	0.001066	0.116534	0.000124
芯谢懈胁泻芯胁褘泄	0.001066	0.544727	0.000581
芯屑谢械褌	0.000267	0.040822	0.000011
芯锌邪褉邪	0.000267	0.040822	0.000011
芯锌褉械写械谢褢薪薪褘泄	0.000267	1.832581	0.000489
芯锌褉芯褋	0.000267	0.061875	0.000016
芯褉懈谐懈薪邪谢褜薪褘泄	0.000533	1.049822	0.000560
芯褋械薪薪懈泄	0.001066	0.051293	0.000055
芯褋械薪褜	0.002666	0.105361	0.000281
芯褋薪芯胁薪褘泄	0.000267	0.040822	0.000011
芯褋褌邪胁邪褌褜褋褟	0.000267	0.116534	0.000031
芯褌斜懈胁薪芯泄	0.000267	2.120264	0.000565
芯褌胁械褌	0.000533	0.000000	0.000000
芯褌胁械褌懈褌褜	0.000267	0.051293	0.000014
芯褌写褘褏邪褌褜	0.000533	2.040221	0.001088
芯褌泻褉褘褌褘泄	0.000533	0.105361	0.000056
芯褌屑械薪懈褌褜	0.000267	0.040822	0.000011
芯褌薪芯褋懈褌褜褋褟	0.000267	1.714798	0.000457
芯褌薪芯褕械薪懈械	0.000267	1.714798	0.000457
芯褌褌懈褉邪褌褜	0.000267	2.659260	0.000709
芯褏谢邪写懈褌褜	0.000267	0.116534	0.000031
芯褔械褉械写薪芯泄	0.000267	1.514128	0.000404
锌邪泻械褌懈泻	0.000267	0.105361	0.000028
锌邪谢芯褔泻邪	0.000267	0.040822	0.000011
锌邪薪懈褉芯胁泻邪	0.002133	0.116534	0.000249
锌邪薪懈褉芯胁芯褔薪褘泄	0.000533	1.309333	0.000698
锌邪褉邪	0.000267	0.116534	0.000031
锌邪褉邪写	0.001866	0.116534	0.000217
锌邪褉懈卸褋泻懈泄	0.000267	3.218876	0.000858
锌邪褉泻	0.000267	2.659260	0.000709
锌邪褉芯胁邪褉泻邪	0.002399	0.105361	0.000253
锌邪褉芯谢褜	0.000267	0.020203	0.000005
锌邪褋褌邪	0.001066	0.040822	0.000044
锌邪褋褌褉芯屑邪	0.000267	0.040822	0.000011
锌邪褋褏邪	0.000533	0.040822	0.000022
锌邪褋褏邪谢褜薪褘泄	0.000800	0.116534	0.000093
锌邪褕褌械褌	0.000800	0.040822	0.000033
锌械泻邪褉褜	0.000267	0.127833	0.000034
锌械谢褜屑械薪褜	0.000533	0.116534	0.000062
锌械褉胁褘泄	0.001333	0.040822	0.000054
锌械褉械泄褌懈	0.000267	0.040822	0.000011
锌械褉械泻褍褋	0.000533	0.116534	0.000062
锌械褉械褑	0.007198	0.040822	0.000294
锌械褉褋芯薪邪	0.000267	0.116534	0.000031
锌械褉褍邪薪褋泻懈泄	0.000267	0.116534	0.000031
锌械褋薪褟	0.000267	2.207275	0.000588
锌械褋芯褔薪褘泄	0.000800	0.105361	0.000084
锌械褌械谢懈薪泻	0.000267	0.127833	0.000034
锌械褌褉褍褕泻邪	0.001066	0.673345	0.000718
锌械褔械薪懈械	0.002399	0.040822	0.000098
锌械褔褜	0.000267	0.116534	0.000031
锌械褔褢薪芯褔薪褘泄	0.000267	0.040822	0.000011
锌懈胁芯	0.000267	0.116534	0.000031
锌懈泻邪薪褌	0.000267	0.127833	0.000034
锌懈泻薪懈泻	0.001066	0.105361	0.000112
锌懈褉	0.000267	0.116534	0.000031
锌懈褉芯谐	0.001066	0.040822	0.000044
锌懈褉芯卸薪芯械	0.000533	0.040822	0.000022
锌懈褉芯卸芯泻	0.000267	0.040822	0.000011
锌懈褌邪薪懈械	0.001600	0.094311	0.000151
锌懈褑褑邪	0.000533	0.040822	0.000022
锌谢邪胁谢械薪褘泄	0.000533	1.237874	0.000660
锌谢邪屑褟	0.000267	0.116534	0.000031
锌谢懈褌邪	0.001600	0.116534	0.000186
锌谢芯胁	0.000533	0.116534	0.000062
锌谢芯写	0.000267	0.116534	0.000031
锌芯胁邪褉	0.000533	1.139434	0.000608
锌芯胁邪褉懈褌褜	0.000267	3.218876	0.000858
锌芯胁邪褉褢薪芯泻	0.001333	0.000000	0.000000
锌芯胁懈写谢芯	0.000267	0.040822	0.000011
锌芯谐褍谢褟褌褜	0.000267	2.659260	0.000709
锌芯写邪褉芯泻	0.000267	0.116534	0.000031
锌芯写斜芯褉	0.000267	1.514128	0.000404
锌芯写械谢懈褌褜褋褟	0.000267	0.400478	0.000107
锌芯写泻褍锌懈褌褜	0.000267	2.040221	0.000544
锌芯写谢懈胁	0.000267	0.116534	0.000031
锌芯写谢懈胁泻邪	0.000267	0.040822	0.000011
锌芯写锌懈褋邪褌褜褋褟	0.000800	0.040822	0.000033
锌芯写褋泻邪蟹邪褌褜	0.000267	1.832581	0.000489
锌芯械写懈薪芯泻	0.003732	0.116534	0.000435
锌芯卸邪谢褍泄	0.000267	2.040221	0.000544
锌芯蟹写褉邪胁懈褌褜	0.000267	0.116534	0.000031
锌芯懈褋泻	0.000267	0.051293	0.000014
锌芯泄褌懈	0.000267	1.966113	0.000524
锌芯泻邪蟹褘胁邪褌褜	0.000267	1.832581	0.000489
锌芯泻芯褉懈褌褜	0.000267	2.120264	0.000565
锌芯谢写薪懈泻	0.000533	0.116534	0.000062
锌芯谢械蟹薪芯	0.000267	0.116534	0.000031
锌芯谢懈褌懈泻邪	0.000267	0.040822	0.000011
锌芯谢薪褘泄	0.000267	1.237874	0.000330
锌芯谢芯胁懈薪邪	0.002133	0.105361	0.000225
锌芯谢褌芯褉邪	0.000267	2.120264	0.000565
锌芯谢褍褔邪褌褜	0.000533	0.040822	0.000022
锌芯谢褍褔邪褌褜褋褟	0.000533	0.328504	0.000175
锌芯谢褍褔懈褌褜	0.000267	1.237874	0.000330
锌芯谢褍褔懈褌褜褋褟	0.000267	0.653926	0.000174
锌芯谢褜蟹邪	0.001333	0.116534	0.000155
锌芯谢褜蟹芯胁邪褌械谢褜	0.000267	1.309333	0.000349
锌芯谢褜褋泻懈泄	0.000267	0.116534	0.000031
锌芯屑邪写泻邪	0.000800	0.040822	0.000033
锌芯屑懈写芯褉	0.002133	0.116534	0.000249
锌芯屑懈写芯褉泻	0.000267	0.127833	0.000034
锌芯屑薪懈褌褜	0.000267	1.469676	0.000392
锌芯薪邪写芯斜懈褌褜褋褟	0.000533	2.302585	0.001228
锌芯薪褉邪胁懈褌褜褋褟	0.000267	0.040822	0.000011
锌芯薪褔懈泻	0.000533	0.040822	0.000022
锌芯锌邪褋褌褜	0.000267	2.207275	0.000588
锌芯锌褉芯斜芯胁邪褌褜	0.001600	0.248461	0.000397
锌芯褉邪	0.000267	0.105361	0.000028
锌芯褉褌褍谐邪谢褜褋泻懈泄	0.000267	0.116534	0.000031
锌芯褋胁褟褖邪褌褜褋褟	0.000267	3.506558	0.000935
锌芯褋械褖邪褌褜	0.000267	0.061875	0.000016
锌芯褋褌	0.001333	0.105361	0.000140
锌芯褋褌薪褘泄	0.000800	0.040822	0.000033
锌芯褋褌芯褟薪薪芯	0.000267	0.040822	0.000011
锌芯褋褌褉芯懈褌褜	0.000267	0.105361	0.000028
锌芯褋褍写邪	0.000800	0.094311	0.000075
锌芯褌褉褟褋邪褞褖械	0.000533	1.560648	0.000832
锌芯褔械屑褍	0.000267	1.203973	0.000321
锌芯褔褌邪	0.000267	0.040822	0.000011
锌芯褕邪谐芯胁褘泄	0.000533	0.040822	0.000022
锌褉邪胁懈谢褜薪芯	0.000533	2.040221	0.001088
锌褉邪蟹写薪械褋褌胁芯	0.000267	2.407946	0.000642
锌褉邪蟹写薪懈泻	0.000267	0.105361	0.000028
锌褉邪蟹写薪懈褔薪芯	0.000267	0.116534	0.000031
锌褉邪蟹写薪懈褔薪褘泄	0.000533	0.105361	0.000056
锌褉邪泻褌懈泻褍屑	0.000267	0.116534	0.000031
锌褉械胁蟹芯泄褌懈	0.000267	2.120264	0.000565
锌褉械胁芯褋褏芯写薪褘泄	0.000267	0.116534	0.000031
锌褉械胁褉邪褖械薪懈械	0.000267	0.116534	0.000031
锌褉械写谢邪谐邪褌褜	0.000267	0.693147	0.000185
锌褉械写谢芯卸懈褌褜	0.000267	1.108663	0.000296
锌褉械写褋褌邪胁懈褌褜	0.000267	1.347074	0.000359
锌褉械褋薪褘泄	0.000267	0.116534	0.000031
锌褉懈斜邪胁谢械薪懈械	0.000267	2.659260	0.000709
锌褉懈胁械蟹褌懈	0.000267	2.525729	0.000673
锌褉懈谐芯褌芯胁懈褌褜	0.001600	0.083382	0.000133
锌褉懈谐芯褌芯胁谢械薪懈械	0.001600	0.040822	0.000065
锌褉懈写邪胁邪褌褜	0.000267	2.040221	0.000544
锌褉懈写褍屑邪褌褜	0.000267	1.237874	0.000330
锌褉懈蟹	0.000267	0.040822	0.000011
锌褉懈蟹薪邪薪懈械	0.000267	0.116534	0.000031
锌褉懈屑械褉	0.000267	2.302585	0.000614
锌褉懈锌褉邪胁邪	0.000800	0.040822	0.000033
锌褉懈褉芯写邪	0.000533	0.105361	0.000056
锌褉懈褋褌褍锌懈褌褜	0.000267	0.040822	0.000011
锌褉芯胁械褉懈褌褜	0.001866	0.116534	0.000217
锌褉芯胁械褋褌懈	0.001066	0.116534	0.000124
锌褉芯胁芯写懈褌褜	0.000267	0.040822	0.000011
锌褉芯胁芯卸邪褌褜	0.000267	0.116534	0.000031
锌褉芯写褍泻褌	0.000267	0.072571	0.000019
锌褉芯械泻褌	0.000533	0.051293	0.000027
锌褉芯褋懈褌褜	0.000267	0.776529	0.000207
锌褉芯褋屑芯褌褉	0.000267	0.274437	0.000073
锌褉芯褋屑芯褌褉械褌褜	0.000267	1.714798	0.000457
锌褉芯褋褌芯	0.001866	0.083382	0.000156
锌褉芯褋褌芯泄	0.000533	0.301105	0.000161
锌褉芯褋褌芯泻胁邪褕邪	0.000267	0.040822	0.000011
锌褉芯褋褌芯褌邪	0.000267	1.714798	0.000457
锌褉芯褎懈谢褜	0.000267	0.040822	0.000011
锌褉芯褔懈褌邪褌褜	0.000267	1.832581	0.000489
锌褉褟屑芯	0.000267	0.040822	0.000011
锌褉褟薪懈泻	0.000533	0.040822	0.000022
锌褉褟薪懈褔薪褘泄	0.000267	0.116534	0.000031
锌褌懈褑邪	0.007731	0.116534	0.000901
锌褌懈褔懈泄	0.000533	1.771957	0.000945
锌褍写懈薪谐	0.000800	0.040822	0.000033
锌褍薪褕	0.000267	0.040822	0.000011
锌褍褌械褕械褋褌胁懈械	0.000533	0.116534	0.000062
锌褍褌褜	0.000267	0.116534	0.000031
锌褕械薪懈褔薪褘泄	0.002133	0.287682	0.000614
锌褘褕泻邪	0.000267	0.040822	0.000011
锌褞褉械	0.001066	0.040822	0.000044
锌褟褌褜	0.000267	1.771957	0.000472
褉邪斜芯褌邪褌褜	0.000267	1.832581	0.000489
褉邪谐褍	0.000533	0.116534	0.000062
褉邪蟹	0.000800	0.356675	0.000285
褉邪蟹胁械褉薪褍褌褜	0.000267	0.116534	0.000031
褉邪蟹写械谢褜薪褘泄	0.000267	0.116534	0.000031
褉邪蟹屑械褋褌懈褌褜	0.000267	1.714798	0.000457
褉邪蟹屑械褖邪褌褜	0.000267	2.302585	0.000614
褉邪蟹薪褘泄	0.000267	0.094311	0.000025
褉邪蟹芯屑	0.000267	2.407946	0.000642
褉邪屑泻邪	0.000267	1.832581	0.000489
褉邪薪薪懈泄	0.000267	1.514128	0.000404
褉邪褋泻褉邪褋泻邪	0.000267	2.120264	0.000565
褉邪褋泻褉褘褌褜	0.000267	2.813411	0.000750
褉邪褋褋屑邪褌褉懈胁邪褌褜	0.000267	2.659260	0.000709
褉邪褋褋芯谢褜薪懈泻	0.001066	0.040822	0.000044
褉邪褋褋褘谢泻邪	0.000267	0.061875	0.000016
褉邪褋褌懈褌械谢褜薪褘泄	0.003199	0.223144	0.000714
褉械斜褢薪芯泻	0.000267	0.094311	0.000025
褉械谐懈褋褌褉邪褑懈褟	0.000800	0.000000	0.000000
褉械蟹褍谢褜褌邪褌	0.000267	0.820981	0.000219
褉械泄褌懈薪谐	0.000267	0.235722	0.000063
褉械泻芯屑械薪写芯胁邪褌褜	0.000267	1.021651	0.000272
褉械锌褔邪褌褘泄	0.004266	0.430783	0.001838
褉械褋褌芯褉邪薪	0.000267	1.386294	0.000370
褉械褑械锌褌	0.026926	0.040822	0.001099
褉械褑械锌褌懈泻	0.000267	1.609438	0.000429
褉械褕懈褌褜褋褟	0.000267	2.407946	0.000642
褉懈褋	0.003732	0.040822	0.000152
褉懈褋泻	0.000267	2.302585	0.000614
褉懈褌屑	0.000267	0.116534	0.000031
褉芯谐邪谢懈泻	0.000267	0.040822	0.000011
褉芯写薪褘泄	0.000267	0.116534	0.000031
褉芯卸写械薪懈械	0.000267	0.105361	0.000028
褉芯卸写械褋褌胁芯	0.000267	0.116534	0.000031
褉芯谢谢	0.000533	0.040822	0.000022
褉芯谢谢褌芯薪	0.000267	0.116534	0.000031
褉芯屑	0.000267	0.040822	0.000011
褉褍斜褉懈泻邪褌芯褉	0.000267	0.051293	0.000014
褉褍泻邪胁	0.000267	2.813411	0.000750
褉褍谢械褌	0.003199	0.040822	0.000131
褉褍屑褘薪褋泻懈泄	0.000267	0.116534	0.000031
褉褍屑褟薪褘泄	0.000267	0.116534	0.000031
褉褍薪械褌	0.000267	0.020203	0.000005
褉褍褋褋泻懈泄	0.000267	0.105361	0.000028
褉褘斜邪	0.010664	0.040822	0.000435
褉褘斜泻邪	0.000533	2.207275	0.001177
褉褘斜薪褘泄	0.003199	0.105361	0.000337
褉褟卸械薪泻邪	0.000267	0.116534	0.000031
褋邪泄褌	0.002133	0.000000	0.000000
褋邪谢邪褌	0.008531	0.040822	0.000348
褋邪谢邪褌薪褘泄	0.000267	0.116534	0.000031
褋邪屑芯谐芯薪	0.000267	0.040822	0.000011
褋邪屑芯谢褢褌	0.000267	2.525729	0.000673
褋邪屑芯褋褌芯褟褌械谢褜薪褘泄	0.000267	2.040221	0.000544
褋邪屑褘泄	0.000533	0.105361	0.000056
褋邪褎	0.000800	0.116534	0.000093
褋邪褎褋械屑邪	0.000267	0.116534	0.000031
褋邪褏邪褉	0.001066	0.105361	0.000112
褋斜懈褌械薪褜	0.000267	0.040822	0.000011
褋胁械卸械褋褌褜	0.000267	0.105361	0.000028
褋胁械泻芯谢褜薪懈泻	0.000533	0.040822	0.000022
褋胁械褌	0.001066	0.116534	0.000124
褋胁械褌邪	0.001066	0.116534	0.000124
褋胁械褌谢邪薪芯褔泻邪	0.000267	3.218876	0.000858
褋胁懈薪懈薪	0.002399	0.116534	0.000280
褋胁懈薪懈薪邪	0.001600	0.040822	0.000065
褋胁芯写懈褌褜	0.000267	2.302585	0.000614
褋胁褢泻谢邪	0.000533	0.040822	0.000022
褋谐褍褖褢薪泻邪	0.000267	0.040822	0.000011
褋写械谢邪褌褜	0.000267	0.733969	0.000196
褋械谐芯写薪褟	0.000267	0.843970	0.000225
褋械蟹芯薪	0.000267	0.116534	0.000031
褋械泄褔邪褋	0.000533	0.030459	0.000016
褋械泻褉械褌	0.000533	0.116534	0.000062
褋械谢褢写泻邪	0.000267	0.040822	0.000011
褋械屑械泄薪褘泄	0.000267	0.116534	0.000031
褋械屑褜褟	0.000533	0.116534	0.000062
褋械薪褌褟斜褉褜	0.000267	0.673345	0.000180
褋械褉写褑械	0.000267	1.771957	0.000472
褋懈写褉	0.000267	0.040822	0.000011
褋懈褉懈泄褋泻懈泄	0.000267	0.116534	0.000031
褋懈褉芯锌	0.000533	0.040822	0.000022
褋懈褋褌械屑邪	0.000267	0.040822	0.000011
褋懈褌懈	0.000267	0.127833	0.000034
褋泻邪蟹邪褌褜	0.000533	0.400478	0.000214
褋泻邪蟹泻邪	0.000267	0.116534	0.000031
褋泻芯胁芯褉芯写泻邪	0.000533	1.660731	0.000885
褋泻褍屑斜褉懈褟	0.001066	2.813411	0.003000
褋谢邪写泻懈泄	0.005065	0.040822	0.000207
褋谢邪写泻芯	0.000267	0.116534	0.000031
褋谢械写懈褌褜	0.000267	2.120264	0.000565
褋谢懈胁芯褔薪褘泄	0.002399	0.105361	0.000253
褋谢懈褕泻芯屑	0.000267	2.120264	0.000565
褋谢芯泄泻邪	0.000533	0.040822	0.000022
褋谢芯褢薪褘泄	0.000800	0.116534	0.000093
褋屑械谢芯	0.000267	2.120264	0.000565
褋屑械褌邪薪邪	0.000800	0.105361	0.000084
褋屑械褕邪薪薪褘泄	0.000800	0.116534	0.000093
褋屑芯褔褜	0.000533	0.040822	0.000022
褋屑褍蟹懈	0.000800	0.040822	0.000033
褋薪邪褉褍卸懈	0.000267	2.525729	0.000673
褋薪褝泻	0.000267	0.116534	0.000031
褋芯斜邪泻邪	0.000267	2.302585	0.000614
褋芯斜懈褉邪褌褜褋褟	0.000533	0.040822	0.000022
褋芯斜褋褌胁械薪薪褘泄	0.000267	1.966113	0.000524
褋芯胁械褉褕械薪褋褌胁芯	0.001333	0.116534	0.000155
褋芯胁械褌	0.000267	0.040822	0.000011
褋芯胁褋械屑	0.000267	1.139434	0.000304
褋芯谐谢邪褕邪褌褜褋褟	0.000267	0.040822	0.000011
褋芯械胁褘泄	0.001333	0.798508	0.001064
褋芯蟹写邪胁邪褌褜	0.000267	0.105361	0.000028
褋芯蟹写邪薪懈械	0.000533	0.261365	0.000139
褋芯泻	0.002399	0.040822	0.000098
褋芯谢械薪懈械	0.000533	0.116534	0.000062
褋芯谢薪械褔薪褘泄	0.000267	0.116534	0.000031
褋芯谢褜	0.007465	0.127833	0.000954
褋芯谢褟薪泻邪	0.001066	0.040822	0.000044
褋芯谢褢薪褘泄	0.000800	0.116534	0.000093
褋芯芯褌胁械褌褋褌胁芯胁邪褌褜	0.000267	2.120264	0.000565
褋芯褉褌懈褉芯胁邪褌褜	0.000267	0.248461	0.000066
褋芯褋褌邪胁懈褌褜	0.000267	0.116534	0.000031
褋芯褍褋	0.005865	0.040822	0.000239
褋芯褏褉邪薪褟褌褜	0.000267	0.040822	0.000011
褋芯褑褋械褌褜	0.000267	0.040822	0.000011
褋芯褔械褌邪薪懈械	0.000267	0.105361	0.000028
褋芯褔薪褘泄	0.000533	0.116534	0.000062
褋锌邪谢褜薪褟	0.000267	0.415515	0.000111
褋锌邪褋懈斜芯	0.000800	0.673345	0.000539
褋锌械褌褜	0.000267	0.116534	0.000031
褋锌械褑懈邪谢褜薪褘泄	0.000267	0.094311	0.000025
褋锌械褑懈褟	0.002133	0.094311	0.000201
褋锌械褑锌褉芯械泻褌	0.008798	0.116534	0.001025
褋锌懈褋芯泻	0.000267	0.116534	0.000031
褋锌芯褋芯斜	0.000533	0.891598	0.000475
褋褉械写懈蟹械屑薪芯屑芯褉褋泻懈泄	0.000267	0.127833	0.000034
褋褌邪褉褘泄	0.000533	0.261365	0.000139
褋褌邪褌褜	0.000533	1.049822	0.000560
褋褌邪褌褜褟	0.000267	0.061875	0.000016
褋褌械锌薪芯泄	0.000267	2.407946	0.000642
褋褌械锌褜	0.000267	2.207275	0.000588
褋褌懈谢褜	0.000533	0.116534	0.000062
褋褌芯谢	0.002399	0.105361	0.000253
褋褌褉芯懈褌械谢褜褋褌胁芯	0.000533	0.040822	0.000022
褋褌褉芯懈褌褜	0.000267	0.040822	0.000011
褋褌褉芯泄薪褘泄	0.000267	0.116534	0.000031
褋褍斜锌褉芯写褍泻褌	0.003466	0.116534	0.000404
褋褍锌	0.006665	0.040822	0.000272
褋褍褎谢械	0.000800	0.040822	0.000033
褋褍褏邪褉褜	0.000800	0.040822	0.000033
褋褍褕懈褌褜	0.000533	0.040822	0.000022
褋褕邪	0.000267	2.813411	0.000750
褋褘褉	0.006132	0.040822	0.000250
褋褘褉薪懈泻	0.000800	0.040822	0.000033
褋褘褉薪褘泄	0.001333	0.040822	0.000054
褋褘褌薪褘泄	0.000533	0.105361	0.000056
褋褘褔褍卸薪褘泄	0.000267	0.127833	0.000034
褋褝薪写胁懈褔	0.000267	0.127833	0.000034
褋褞褉锌褉懈蟹	0.000267	0.116534	0.000031
褋褢屑谐邪	0.000267	0.040822	0.000011
褌邪写卸懈泻褋泻懈泄	0.000267	0.116534	0.000031
褌邪泄薪邪	0.000800	2.995732	0.002396
褌邪泄褋泻懈泄	0.000267	0.116534	0.000031
褌邪泻懈	0.000267	1.237874	0.000330
褌邪泻芯屑	0.000267	1.897120	0.000506
褌邪褉械谢泻邪	0.000267	1.469676	0.000392
褌邪褉褌	0.000267	0.116534	0.000031
褌邪褉褌邪谢械褌泻邪	0.000533	0.040822	0.000022
褌邪褌邪褉褋泻懈泄	0.000267	0.116534	0.000031
褌胁芯泄	0.000533	0.116534	0.000062
褌胁芯褉懈褌褜	0.000267	0.116534	0.000031
褌胁芯褉芯谐	0.001066	0.040822	0.000044
褌胁芯褉芯卸薪褘泄	0.001066	0.094311	0.000101
褌胁褢褉写褘泄	0.003199	0.544727	0.001743
褌械谢械谐褉邪屑	0.000267	0.040822	0.000011
褌械谢芯写胁懈卸械薪懈械	0.000267	3.912023	0.001043
褌械谢褟褌懈薪邪	0.001333	0.116534	0.000155
褌械锌谢芯	0.000267	0.116534	0.000031
褌械褉褉懈薪邪	0.000267	0.040822	0.000011
褌械褋褌	0.002666	0.105361	0.000281
褌械褋褌芯	0.002399	0.040822	0.000098
褌械褏薪懈泻邪	0.001333	0.105361	0.000140
褌屑	0.001066	0.127833	0.000136
褌芯屑	0.000267	1.139434	0.000304
褌芯屑邪褌	0.000267	1.714798	0.000457
褌芯屑邪褌薪褘泄	0.000533	1.139434	0.000608
褌芯薪泻芯褋褌褜	0.000267	2.659260	0.000709
褌芯锌谢褢薪褘泄	0.000267	0.116534	0.000031
褌芯褉褌	0.005332	0.040822	0.000218
褌褉邪胁邪	0.000267	0.094311	0.000025
褌褉邪写懈褑懈褟	0.001600	0.116534	0.000186
褌褉褍斜芯褔泻邪	0.000267	0.040822	0.000011
褌褉褢褏谢械褌懈械	0.000267	0.116534	0.000031
褌褍薪械褑	0.000267	0.105361	0.000028
褌褍薪懈褋褋泻懈泄	0.000267	0.116534	0.000031
褌褍褉械褑泻懈泄	0.000267	0.116534	0.000031
褌褘泻胁邪	0.000267	0.040822	0.000011
褌褢褖懈薪	0.000267	0.040822	0.000011
褍胁械写芯屑谢械薪懈械	0.000267	0.040822	0.000011
褍谐芯褖邪褌褜褋褟	0.000267	0.994252	0.000265
褍写邪褔薪褘泄	0.000267	0.116534	0.000031
褍写懈胁懈褌褜	0.000267	0.116534	0.000031
褍写懈胁谢褟褌褜	0.001066	0.116534	0.000124
褍写芯胁芯谢褜褋褌胁懈械	0.000267	0.116534	0.000031
褍卸	0.000267	0.693147	0.000185
褍卸懈薪	0.001600	0.094311	0.000151
褍蟹斜械泻褋泻懈泄	0.000267	0.116534	0.000031
褍泻褉邪懈薪褋泻懈泄	0.000267	0.116534	0.000031
褍泻褉邪褋懈褌褜	0.000267	1.514128	0.000404
褍泻褉邪褕械薪懈械	0.002133	0.116534	0.000249
褍泻褉芯锌	0.000533	0.562119	0.000300
褍锌芯褌褉械斜谢械薪懈械	0.000267	0.116534	0.000031
褍褉邪谢褜褋泻懈泄	0.000267	0.116534	0.000031
褍褉芯卸邪泄	0.000267	0.105361	0.000028
褍褌泻邪	0.001066	0.116534	0.000124
褍褏芯	0.000267	0.040822	0.000011
褍褔邪褋褌胁芯胁邪褌褜	0.000267	0.040822	0.000011
褎邪蟹械薪写邪	0.000267	0.116534	0.000031
褎邪薪褌邪蟹懈褟	0.002133	0.116534	0.000249
褎邪褉褕	0.008798	0.040822	0.000359
褎邪褉褕懈褉芯胁邪薪薪褘泄	0.002666	0.040822	0.000109
褎邪褋芯谢褜	0.000267	0.040822	0.000011
褎械胁褉邪谢褜	0.001066	0.094311	0.000101
褎械泄械褉胁械褉泻	0.000533	0.116534	0.000062
褎懈谐褍褉邪	0.000267	0.116534	0.000031
褎懈谢械	0.000800	0.916291	0.000733
褎懈薪褋泻懈泄	0.000267	0.116534	0.000031
褎懈褉屑械薪薪褘泄	0.000267	0.116534	0.000031
褎芯薪写褞	0.000267	0.040822	0.000011
褎芯褉屑邪	0.000267	0.105361	0.000028
褎芯褉褍屑	0.000533	0.040822	0.000022
褎芯褉褕屑邪泻	0.000267	0.040822	0.000011
褎褉邪薪褑懈褟	0.000267	0.116534	0.000031
褎褉邪薪褑褍蟹褋泻懈泄	0.000800	0.094311	0.000075
褎褉邪褍	0.001066	0.116534	0.000124
褎褉褍泻褌	0.001066	0.116534	0.000124
褎褉褍泻褌芯胁褘泄	0.002133	0.040822	0.000087
褎褍写	0.000267	0.116534	0.000031
褎褍褉褕械褌	0.000267	0.116534	0.000031
褏邪谢胁邪	0.000267	0.040822	0.000011
褏邪褉胁械褋褌褎械褋褌	0.000533	0.116534	0.000062
褏邪褉褔芯	0.000533	0.040822	0.000022
褏邪褕	0.000267	0.040822	0.000011
褏胁芯褉芯褋褌	0.000267	0.040822	0.000011
褏懈薪泻邪谢懈	0.000533	0.116534	0.000062
褏懈褌	0.001866	0.116534	0.000217
褏懈褌褉芯褋褌褜	0.000267	2.407946	0.000642
褏谢械斜	0.001866	0.040822	0.000076
褏谢械斜芯锌械褔泻邪	0.000267	0.116534	0.000031
褏谢芯锌褜褟	0.000533	0.094311	0.000050
褏芯蟹褟泄泻邪	0.000533	0.116534	0.000062
褏芯谢芯写械褑	0.000267	0.040822	0.000011
褏芯谢芯写薪芯械	0.000533	0.116534	0.000062
褏芯谢芯写薪褘泄	0.000800	0.116534	0.000093
褏芯褉胁邪褌褋泻懈泄	0.000267	0.116534	0.000031
褏芯褉芯褕懈泄	0.001333	0.040822	0.000054
褏芯褉芯褕芯	0.001333	0.105361	0.000140
褏芯褉褋	0.000267	0.116534	0.000031
褏芯褌械褌褜	0.001066	0.000000	0.000000
褏褉褍褋褌械褌褜	0.000267	0.713350	0.000190
褏褍屑褍褋邪	0.000267	0.040822	0.000011
褑邪褉褋褌胁芯	0.000267	0.127833	0.000034
褑邪褉褜	0.000267	0.116534	0.000031
褑胁械褌薪芯泄	0.000267	0.040822	0.000011
褑械薪薪褘泄	0.000267	0.040822	0.000011
褑械薪褌褉	0.000267	0.116534	0.000031
褑械褏	0.000267	2.525729	0.000673
褔邪械屑褘泄	0.000267	0.116534	0.000031
褔邪泄	0.000800	0.040822	0.000033
褔邪褋	0.000267	1.139434	0.000304
褔械斜褍褉械泻	0.000533	0.040822	0.000022
褔械褉泻懈蟹芯胁褘泄	0.000533	0.116534	0.000062
褔械褋薪芯泻	0.002666	0.314711	0.000839
褔械褋褌薪芯泄	0.000267	0.040822	0.000011
褔械褋褌褜	0.000267	2.659260	0.000709
褔械褔械胁懈褑邪	0.000267	0.040822	0.000011
褔械褕褋泻懈泄	0.000267	0.116534	0.000031
褔懈蟹泻械泄泻	0.001066	0.040822	0.000044
褔懈谢懈	0.000533	1.237874	0.000660
褔懈谢懈泄褋泻懈泄	0.000267	0.116534	0.000031
褔懈锌褋褘	0.000267	0.040822	0.000011
褔懈褋谢芯	0.000267	0.235722	0.000063
褔褍写械褋薪芯	0.000267	2.659260	0.000709
褔褍写械褋薪褘泄	0.000533	1.514128	0.000807
褔褍写芯	0.000533	0.116534	0.000062
褔褍褌褜	0.000267	1.771957	0.000472
褔褢褉薪褘泄	0.005332	0.356675	0.001902
褕邪褉懈泻	0.000267	0.040822	0.000011
褕邪褉谢芯褌泻邪	0.000533	0.040822	0.000022
褕邪褉屑	0.000267	0.116534	0.000031
褕邪褕谢褘泻	0.004799	0.040822	0.000196
褕胁械写褋泻懈泄	0.000267	0.116534	0.000031
褕胁械泄褑邪褉褋泻懈泄	0.000267	0.116534	0.000031
褕械写械胁褉	0.000267	0.116534	0.000031
褕械褎	0.000533	0.127833	0.000068
褕懈锌褍褔泻邪	0.000267	0.040822	0.000011
褕懈褉芯泻懈泄	0.000267	0.127833	0.000034
褕泻芯谢邪	0.000267	0.116534	0.000031
褕芯泻芯谢邪写	0.000267	0.040822	0.000011
褕芯褌谢邪薪写褋泻懈泄	0.000267	0.116534	0.000031
褕褌褉褍写械谢褜	0.000267	0.040822	0.000011
褕褍斜泻邪	0.000267	2.407946	0.000642
褕褍褉锌邪	0.000267	0.040822	0.000011
褖械写褉褘泄	0.000267	0.116534	0.000031
褖懈	0.000533	0.040822	0.000022
褝泻芯屑懈谢泻	0.000267	0.127833	0.000034
褝谢谢懈褋邪	0.000267	2.407946	0.000642
褝褋褌芯薪褋泻懈泄	0.000267	0.116534	0.000031
褝褎褎械泻褌薪褘泄	0.000267	2.407946	0.000642
褞谐芯褋谢邪胁褋泻懈泄	0.000267	0.116534	0.000031
褟谐芯写薪褘泄	0.001066	0.105361	0.000112
褟蟹褘泻	0.000267	0.040822	0.000011
褟泄褑芯	0.005332	0.040822	0.000218
褟谢芯褉懈褋邪	0.000267	1.771957	0.000472
褟薪写械泻褋	0.000267	0.072571	0.000019
褟锌芯薪褋泻懈泄	0.000533	0.051293	0.000027
褟褉泻懈泄	0.000267	0.116534	0.000031
褟褉泻芯	0.000267	0.105361	0.000028
