谢械屑屑邪	TF	IDF	TF-IDF
邪斜褏邪蟹褋泻懈泄	0.000267	0.116534	0.000031
邪胁褋褌褉邪谢懈泄褋泻懈泄	0.000267	0.116534	0.000031
邪胁褋褌褉懈泄褋泻懈泄	0.000267	0.116534	0.000031
邪胁褌芯泻谢邪胁	0.000267	0.116534	0.000031
邪胁褌芯褉	0.000267	0.040822	0.000011
邪谐褉芯	0.000267	0.116534	0.000031
邪写卸懈泻邪	0.000267	0.040822	0.000011
邪蟹	0.000267	0.127833	0.000034
邪蟹械褉斜邪泄写卸邪薪褋泻懈泄	0.000267	0.116534	0.000031
邪蟹懈邪褌褋泻懈泄	0.000267	0.127833	0.000034
邪泄褉邪薪	0.000267	0.040822	0.000011
邪泻胁邪褌懈泻	0.000802	0.127833	0.000103
邪谢械泻褋械泄	0.000267	0.127833	0.000034
邪谢泻芯谐芯谢褜	0.000802	0.116534	0.000093
邪谢泻芯谐芯谢褜薪褘泄	0.000267	0.116534	0.000031
邪谢褜褟薪褋	0.000267	0.116534	0.000031
邪屑械褉懈泻邪薪褋泻懈泄	0.000267	0.116534	0.000031
邪屑锌谢褍邪	0.000267	3.912023	0.001046
邪薪邪薪邪褋	0.000535	2.995732	0.001602
邪薪邪褋褌邪褋懈褟	0.000267	3.506558	0.000938
邪薪谐谢懈泄褋泻懈泄	0.000267	0.116534	0.000031
邪薪写褉械泄	0.000267	0.127833	0.000034
邪褉邪斜褋泻懈泄	0.000267	0.116534	0.000031
邪褉谐械薪褌懈薪褋泻懈泄	0.000267	0.116534	0.000031
邪褉屑褟薪褋泻懈泄	0.000267	0.116534	0.000031
邪褋褋芯褉褌懈	0.000535	0.116534	0.000062
邪褌谢邪薪褌	0.000267	0.116534	0.000031
邪褎谐邪薪褋泻懈泄	0.000267	0.116534	0.000031
邪褎褉懈泻邪薪褋泻懈泄	0.000267	0.116534	0.000031
邪褝褉芯谐褉懈谢褜	0.002674	0.116534	0.000312
斜邪泻谢邪卸邪薪	0.000267	0.040822	0.000011
斜邪谢褌泻芯屑邪	0.000267	0.127833	0.000034
斜邪褉邪薪懈薪邪	0.001337	0.116534	0.000156
斜邪褋屑邪褌懈	0.000535	0.127833	0.000068
斜邪褋褌褍褉屑	0.000267	0.040822	0.000011
斜邪褋褌褍褉屑邪	0.000267	0.040822	0.000011
斜邪褌芯薪	0.000535	1.514128	0.000810
斜邪褌芯薪褔懈泻	0.000267	0.127833	0.000034
斜邪褕泻懈褉褋泻懈泄	0.000267	0.116534	0.000031
斜械蟹邪谢泻芯谐芯谢褜薪褘泄	0.000267	0.116534	0.000031
斜械蟹谐谢褞褌械薪芯胁芯械	0.000267	0.116534	0.000031
斜械蟹械	0.001070	0.040822	0.000044
斜械蟹芯斜褉邪蟹懈械	0.000267	2.525729	0.000675
斜械蟹褍屑薪芯	0.000267	1.560648	0.000417
斜械谢械斜械械胁褋泻懈泄	0.000535	0.116534	0.000062
斜械谢芯泻芯褔邪薪薪褘泄	0.001070	0.967584	0.001035
斜械谢芯褉褍褋褋泻懈泄	0.000267	0.116534	0.000031
斜械谢褘泄	0.000535	1.237874	0.000662
斜械谢褜谐懈泄褋泻懈泄	0.000267	0.116534	0.000031
斜械褉械屑械薪薪邪褟	0.000267	0.116534	0.000031
斜械褋械写懈薪	0.000267	0.127833	0.000034
斜懈褋泻胁懈褌	0.000535	0.040822	0.000022
斜懈褋泻胁懈褌薪褘泄	0.000802	0.105361	0.000085
斜谢邪谐芯写邪褉懈褌褜	0.000267	2.407946	0.000644
斜谢邪谐芯锌芯谢褍褔薪芯	0.000267	3.506558	0.000938
斜谢懈蟹泻懈泄	0.000802	0.116534	0.000093
斜谢懈薪	0.001604	0.040822	0.000065
斜谢懈薪褔懈泻	0.000267	1.714798	0.000459
斜谢芯泻薪芯褌	0.000267	3.912023	0.001046
斜谢芯薪写懈薪泻邪	0.000267	4.605170	0.001231
斜谢芯薪写懈薪芯褔泻邪	0.000267	3.218876	0.000861
斜谢褞写芯	0.027807	0.040822	0.001135
斜芯斜芯胁褘泄	0.002406	0.116534	0.000280
斜芯泻邪谢	0.000267	4.605170	0.001231
斜芯谢谐邪褉褋泻懈泄	0.001337	0.116534	0.000156
斜芯谢褜褕芯泄	0.000535	0.094311	0.000050
斜芯芯芯芯芯谢褜褕懈泄	0.000267	3.218876	0.000861
斜芯褉褖	0.000535	0.040822	0.000022
斜芯褌胁懈薪褜褟	0.000267	0.040822	0.000011
斜褉邪蟹懈谢褜褋泻懈泄	0.000267	0.116534	0.000031
斜褉邪褌褜	0.000267	1.897120	0.000507
斜褉邪褍蟹械褉	0.000267	0.040822	0.000011
斜褉邪褍薪懈	0.000267	0.040822	0.000011
斜褉械褋褌	0.000267	0.127833	0.000034
斜褉芯泻泻芯谢懈	0.000267	0.040822	0.000011
斜褍写薪懈	0.000267	2.525729	0.000675
斜褍卸械薪懈薪邪	0.000267	0.040822	0.000011
斜褍谢芯褔泻邪	0.000802	0.040822	0.000033
斜褍谢褜芯薪	0.002941	0.040822	0.000120
斜褍屑邪卸泻邪	0.000267	4.605170	0.001231
斜褍褉谐械褉	0.000535	0.040822	0.000022
斜褍褉褟褌褋泻懈泄	0.000267	0.116534	0.000031
斜褍褌械褉斜褉芯写	0.001070	0.040822	0.000044
斜褘褋褌褉芯	0.000802	0.094311	0.000076
斜褘褋褌褉褘泄	0.001337	0.094311	0.000126
胁邪卸薪褘泄	0.000267	0.116534	0.000031
胁邪谢谢懈泄褋泻懈泄	0.000267	0.116534	0.000031
胁邪褉械薪懈械	0.000535	0.040822	0.000022
胁邪褉械薪懈泻	0.000267	0.116534	0.000031
胁邪褉懈邪薪褌	0.000535	0.356675	0.000191
胁邪褌褉褍褕泻邪	0.000267	0.040822	0.000011
胁邪褎谢褟	0.000535	0.040822	0.000022
胁邪褕	0.000535	0.000000	0.000000
胁胁芯写懈褌褜	0.000267	0.040822	0.000011
胁写芯褏薪芯胁械薪懈械	0.001604	0.116534	0.000187
胁写芯褏薪芯胁谢褟褌褜褋褟	0.000267	0.116534	0.000031
胁写褉褍谐	0.000267	2.407946	0.000644
胁械谐械褌邪褉懈邪薪褋泻懈泄	0.000535	0.116534	0.000062
胁械谢懈泻懈泄	0.000267	0.116534	0.000031
胁械薪谐械褉褋泻懈泄	0.000267	0.116534	0.000031
胁械薪械褉懈泻	0.000535	2.120264	0.001134
胁械褉懈褌褜	0.001070	2.407946	0.002575
胁械褉薪褍褌褜褋褟	0.000267	2.995732	0.000801
胁械褋械薪薪懈泄	0.000267	0.051293	0.000014
胁械褋薪邪	0.001872	0.116534	0.000218
胁械褌褔懈薪邪	0.002139	0.094311	0.000202
胁械褖褜	0.000267	3.912023	0.001046
胁蟹褟褌褜	0.000535	1.171183	0.000626
胁懈写	0.000267	0.776529	0.000208
胁懈写械芯	0.000535	0.116534	0.000062
胁懈写械芯褉械褑械锌褌	0.000267	0.301105	0.000081
胁懈薪邪	0.000267	2.995732	0.000801
胁懈薪芯	0.000802	0.040822	0.000033
胁泻褍褋	0.003209	0.105361	0.000338
胁泻褍褋薪芯	0.001337	0.094311	0.000126
胁泻褍褋薪褘泄	0.004813	0.061875	0.000298
胁泻褍褋薪褟褌懈薪邪	0.000267	2.207275	0.000590
胁谢褞斜懈褌褜	0.000267	0.116534	0.000031
胁屑械褋褌械	0.000267	0.916291	0.000245
胁薪邪褔邪谢械	0.001070	0.248461	0.000266
胁薪褍褌褉懈	0.000267	1.469676	0.000393
胁芯写邪	0.001337	0.094311	0.000126
胁芯蟹屑芯卸薪芯褋褌褜	0.000267	1.966113	0.000526
胁芯泄褌懈	0.000267	0.000000	0.000000
胁芯谢芯胁邪薪	0.000535	0.116534	0.000062
胁芯谢褕械斜薪褘泄	0.000267	0.116534	0.000031
胁芯谢褕械斜褋褌胁芯	0.000267	0.116534	0.000031
胁芯锌褉芯褋	0.000267	0.000000	0.000000
胁芯褋褌芯褔薪褘泄	0.000267	0.127833	0.000034
胁锌械褉械写懈	0.000267	2.407946	0.000644
胁褉械屑褟	0.001872	0.105361	0.000197
胁褋械谐写邪	0.000535	0.653926	0.000350
胁褋锌芯屑薪懈褌褜	0.000267	0.040822	0.000011
胁褋褌邪胁邪褌褜	0.000267	3.912023	0.001046
胁褋褌褉械褔邪	0.000267	3.218876	0.000861
胁褌芯褉芯械	0.000267	0.116534	0.000031
胁褌芯褉芯泄	0.000802	0.116534	0.000093
胁褏芯写	0.000802	0.030459	0.000024
胁褘泄褌懈	0.000267	0.040822	0.000011
胁褘泻谢邪写褘胁邪褌褜	0.000267	1.660731	0.000444
胁褘谢芯卸懈褌褜	0.000267	1.832581	0.000490
胁褘锌械褔泻邪	0.004011	0.040822	0.000164
胁褘褉褘胁邪褌褜褋褟	0.000267	3.506558	0.000938
胁褘褌械泻邪褌褜	0.000267	2.813411	0.000752
胁褘褏芯写薪芯泄	0.000267	2.040221	0.000546
胁褜械褌薪邪屑褋泻懈泄	0.000267	0.116534	0.000031
谐邪胁邪泄褋泻懈泄	0.000267	0.116534	0.000031
谐邪褉邪卸	0.000267	1.078810	0.000288
谐邪褉薪懈褉	0.001337	0.040822	0.000055
谐邪褋锌邪褔芯	0.000267	0.040822	0.000011
谐械芯谐褉邪褎懈褟	0.000267	0.116534	0.000031
谐谢邪胁薪芯械	0.000267	1.139434	0.000305
谐谢邪胁薪褘泄	0.000535	0.040822	0.000022
谐谢邪蟹褍褉褜	0.000802	0.040822	0.000033
谐谢械褏褍褉邪写邪	0.000267	3.218876	0.000861
谐谢懈薪褌胁械泄薪	0.000267	0.040822	0.000011
谐芯胁芯褉懈褌褜	0.000535	1.272966	0.000681
谐芯胁褟写懈薪邪	0.001337	0.116534	0.000156
谐芯写	0.007487	0.083382	0.000624
谐芯谢谢邪薪写褋泻懈泄	0.000267	0.116534	0.000031
谐芯褉芯写	0.000267	0.116534	0.000031
谐芯褉芯褏	0.000267	0.116534	0.000031
谐芯褉芯褏芯胁褘泄	0.000267	3.506558	0.000938
谐芯褉褔懈褑邪	0.001337	0.040822	0.000055
谐芯褉褕芯褔械泻	0.000535	0.040822	0.000022
谐芯褉褟褔械械	0.000535	0.116534	0.000062
谐芯褉褟褔懈泄	0.010428	0.105361	0.001099
谐芯褋褌褜	0.001604	0.116534	0.000187
谐芯褌芯胁懈褌褜	0.005348	0.083382	0.000446
谐芯褌芯胁懈褌褜褋褟	0.000802	0.371064	0.000298
谐褉邪褌薪褘泄	0.000267	2.813411	0.000752
谐褉械薪泻邪	0.000535	0.040822	0.000022
谐褉械褑泻懈泄	0.001070	1.469676	0.001572
谐褉械褔械褋泻懈泄	0.000267	0.116534	0.000031
谐褉械褔泻邪	0.000267	0.040822	0.000011
谐褉懈斜	0.004813	0.040822	0.000196
谐褉懈斜薪芯泄	0.000535	0.040822	0.000022
谐褉懈谢褜	0.002674	0.105361	0.000282
谐褉懈谢褜屑邪薪懈褟	0.000267	0.116534	0.000031
谐褉芯谐	0.000267	0.040822	0.000011
谐褉褍写泻邪	0.001070	0.967584	0.001035
谐褉褍蟹懈薪褋泻懈泄	0.000267	0.116534	0.000031
谐褉褍锌锌邪	0.000267	0.061875	0.000017
谐褍褉屑	0.000267	0.127833	0.000034
谐褍褉屑邪薪懈褟	0.001604	0.116534	0.000187
谐褍褋褜	0.000802	0.105361	0.000085
写邪胁邪褌褜	0.000267	0.040822	0.000011
写邪胁薪芯	0.000267	0.967584	0.000259
写邪薪薪褘械	0.000267	0.040822	0.000011
写邪薪薪褘泄	0.000267	1.660731	0.000444
写邪褉	0.000267	0.116534	0.000031
写邪褌邪	0.000535	0.248461	0.000133
写邪褌褋泻懈泄	0.000267	0.116534	0.000031
写邪褌褜	0.000267	0.040822	0.000011
写邪褔薪褘泄	0.000802	0.116534	0.000093
写胁邪	0.000535	0.967584	0.000517
写械胁褟薪芯褋褌褘泄	0.000267	3.218876	0.000861
写械泻邪斜褉褜	0.000802	0.597837	0.000480
写械泻芯褉	0.000267	0.127833	0.000034
写械谢邪褌褜	0.000535	0.083382	0.000045
写械谢懈褌褜褋褟	0.000267	0.040822	0.000011
写械谢芯	0.000267	0.105361	0.000028
写械薪褜	0.002941	0.040822	0.000120
写械褉械胁械薪褋泻懈泄	0.000535	2.659260	0.001422
写械褋械褉褌	0.004545	0.040822	0.000186
写械褋械褉褌邪褑懈褟	0.000267	0.116534	0.000031
写械褋械褉褌薪褘泄	0.000267	0.116534	0.000031
写卸械屑	0.000267	0.040822	0.000011
写卸械屑邪	0.000267	0.040822	0.000011
写蟹械薪	0.000267	0.116534	0.000031
写懈械褌邪	0.000535	0.094311	0.000050
写懈泻懈泄	0.000802	0.116534	0.000093
写懈锌	0.000267	0.116534	0.000031
写懈褔褜	0.000802	0.116534	0.000093
写薪械胁薪懈泻	0.000267	0.061875	0.000017
写薪芯	0.000267	2.813411	0.000752
写芯斜邪胁懈褌褜	0.000535	0.083382	0.000045
写芯斜邪胁谢械薪懈械	0.000267	0.223144	0.000060
写芯斜邪胁谢褟褌褜	0.000267	0.040822	0.000011
写芯斜褉芯褎谢芯褌	0.000267	0.127833	0.000034
写芯胁械褉褟褌褜	0.000267	0.116534	0.000031
写芯谢谐懈泄	0.000267	1.609438	0.000430
写芯谢卸薪褘泄	0.000267	1.078810	0.000288
写芯屑	0.003743	0.040822	0.000153
写芯屑邪褕薪懈泄	0.003476	0.040822	0.000142
写芯褋褌芯泄薪芯	0.000267	2.995732	0.000801
写芯褋褌褍锌薪褘泄	0.000267	2.659260	0.000711
写褉邪泄胁	0.001337	0.127833	0.000171
写褉芯卸卸械胁芯泄	0.000267	0.116534	0.000031
写褉褍谐	0.000802	0.544727	0.000437
写褍褏芯胁泻邪	0.001337	0.105361	0.000141
写褍褕邪	0.000802	0.105361	0.000085
械胁褉械泄褋泻懈泄	0.000267	0.116534	0.000031
械谐懈锌械褌褋泻懈泄	0.000267	0.116534	0.000031
械写懈薪褘泄	0.000267	0.000000	0.000000
械卸械写薪械胁薪芯	0.000267	3.912023	0.001046
械泻芯	0.000267	0.127833	0.000034
卸邪褉械薪褘泄	0.000267	1.272966	0.000340
卸邪褉泻芯械	0.000267	0.040822	0.000011
卸械谢邪械屑褘泄	0.000267	1.469676	0.000393
卸械谢邪褌懈薪邪	0.000535	1.427116	0.000763
卸械谢械	0.000802	0.040822	0.000033
卸械薪褋泻懈泄	0.000535	0.020203	0.000011
卸械薪褖懈薪邪	0.000802	0.061875	0.000050
卸懈蟹薪褜	0.000535	0.040822	0.000022
卸懈褌械谢褜	0.000267	2.995732	0.000801
卸褍谢褜械薪	0.000267	0.040822	0.000011
卸褍褉薪邪谢	0.000267	0.072571	0.000019
卸褞谢褜械薪	0.000267	0.040822	0.000011
卸褞谢褜薪褘泄	0.000267	0.040822	0.000011
蟹邪斜懈褉邪褌褜	0.000267	2.995732	0.000801
蟹邪斜褘褌褘泄	0.000267	2.995732	0.000801
蟹邪胁邪褉薪芯泄	0.000535	0.116534	0.000062
蟹邪胁械写械薪懈械	0.000267	2.525729	0.000675
蟹邪胁褌褉邪泻	0.002139	0.094311	0.000202
蟹邪谐芯褌芯胁泻邪	0.001070	0.040822	0.000044
蟹邪写邪胁邪褌褜	0.000267	0.040822	0.000011
蟹邪懈薪褌械褉械褋芯胁邪褌褜	0.000267	1.966113	0.000526
蟹邪泻胁邪褋泻邪	0.000802	0.040822	0.000033
蟹邪泻褉褘褌褘泄	0.000267	0.116534	0.000031
蟹邪泻褍褋泻邪	0.005882	0.040822	0.000240
蟹邪泻褍褋芯薪褔懈泻	0.000267	0.116534	0.000031
蟹邪泻褍褋芯褔泻邪	0.000267	0.116534	0.000031
蟹邪泻褍褋芯褔薪邪褟	0.002406	0.116534	0.000280
蟹邪泻褍褋芯褔薪褘泄	0.000267	1.660731	0.000444
蟹邪谢懈胁薪芯械	0.000535	0.040822	0.000022
蟹邪屑芯褉芯蟹泻邪	0.000267	0.105361	0.000028
蟹邪薪褟褌褜	0.000267	2.525729	0.000675
蟹邪锌邪写	0.000267	0.116534	0.000031
蟹邪锌械泻邪薪泻邪	0.002941	0.040822	0.000120
蟹邪锌械褔褜	0.000267	0.916291	0.000245
蟹邪锌懈褋褘胁邪褌褜	0.000267	3.912023	0.001046
蟹邪锌懈褋褜	0.000267	1.897120	0.000507
蟹邪锌褉邪胁泻邪	0.000802	0.040822	0.000033
蟹邪褉械谐懈褋褌褉懈褉芯胁邪褌褜褋褟	0.000802	0.030459	0.000024
蟹邪褋芯谢泻邪	0.000267	0.116534	0.000031
蟹邪褏芯写懈褌褜	0.000535	0.733969	0.000392
蟹邪褟褑	0.000535	0.116534	0.000062
蟹胁邪薪褘泄	0.000267	0.127833	0.000034
蟹胁械蟹写邪	0.000267	0.116534	0.000031
蟹胁褢蟹写薪褘泄	0.000267	0.116534	0.000031
蟹写芯褉芯胁褘泄	0.000535	0.116534	0.000062
蟹械谢械薪褜	0.001872	0.094311	0.000177
蟹械谢褢薪褘泄	0.000535	0.820981	0.000439
蟹械褎懈褉	0.000267	0.040822	0.000011
蟹懈屑邪	0.001337	0.040822	0.000055
蟹懈屑薪懈泄	0.000267	0.051293	0.000014
蟹薪邪泻芯屑褘泄	0.000535	1.272966	0.000681
蟹薪邪褌褜	0.000802	0.462035	0.000371
蟹芯谢芯褌芯泄	0.000267	0.116534	0.000031
懈胁邪薪芯胁	0.000267	0.127833	0.000034
懈谐褉褍褕邪	0.000267	2.995732	0.000801
懈写械邪谢褜薪褘泄	0.001872	0.116534	0.000218
懈写械泄泻邪	0.000267	0.116534	0.000031
懈写懈谢谢懈褟	0.000267	4.605170	0.001231
懈蟹写械谢懈械	0.002139	0.116534	0.000249
懈蟹褍屑褉褍写薪褘泄	0.000267	3.912023	0.001046
懈蟹褞屑懈薪泻邪	0.000267	1.966113	0.000526
懈泻褉邪	0.000802	0.040822	0.000033
懈屑械褌褜褋褟	0.000535	2.525729	0.001351
懈屑褟	0.000267	0.030459	0.000008
懈薪胁械褉褌芯褉薪褘泄	0.000267	0.127833	0.000034
懈薪谐褉械写懈械薪褌	0.009091	0.139262	0.001266
懈薪写械泄泻邪	0.002139	0.094311	0.000202
懈薪写懈泄褋泻懈泄	0.000267	0.116534	0.000031
懈薪写懈谢邪泄褌邪	0.000802	0.116534	0.000093
懈薪写懈褉械褋薪褘泄	0.000267	0.116534	0.000031
懈薪褋褌褉褍泻褑懈褟	0.000267	0.030459	0.000008
懈薪褌械褉械褋薪褘泄	0.000267	0.916291	0.000245
懈薪褌械褉薪械褌	0.000267	0.967584	0.000259
懈褉邪泻褋泻懈泄	0.000267	0.116534	0.000031
懈褉邪薪褋泻懈泄	0.000267	0.116534	0.000031
懈褉谢邪薪写褋泻懈泄	0.000267	0.116534	0.000031
懈褉褉械蟹邪	0.000267	1.347074	0.000360
懈褋泻邪褌褜	0.000267	1.108663	0.000296
懈褋泻谢褞褔懈褌褜	0.000267	1.469676	0.000393
懈褋泻褉械薪薪械	0.000267	0.116534	0.000031
懈褋谢邪薪写褋泻懈泄	0.000267	0.116534	0.000031
懈褋锌邪薪褋泻懈泄	0.000267	0.116534	0.000031
懈褋锌械褔褜	0.000267	0.105361	0.000028
懈褋褌芯褉懈褟	0.001604	0.116534	0.000187
懈褌邪泻	0.000267	1.609438	0.000430
懈褌邪谢懈褟	0.000535	0.105361	0.000056
懈褌邪谢褜褟薪褋泻懈泄	0.000267	0.105361	0.000028
懈褌芯谐	0.000267	2.995732	0.000801
懈褞薪褜	0.000267	0.562119	0.000150
泄芯谐褍褉褌	0.000802	0.040822	0.000033
泻邪斜邪褔芯泻	0.000267	0.040822	0.000011
泻邪胁泻邪蟹褋泻懈泄	0.000267	0.116534	0.000031
泻邪蟹邪薪	0.000267	0.116534	0.000031
泻邪蟹邪褌褜褋褟	0.000535	1.139434	0.000609
泻邪蟹邪褏褋泻懈泄	0.000267	0.116534	0.000031
泻邪泻邪芯	0.000535	0.040822	0.000022
泻邪谢械泄写芯褋泻芯锌	0.001070	0.116534	0.000125
泻邪谢屑褘褑泻懈泄	0.000267	0.116534	0.000031
泻邪谢褜屑邪褉	0.000267	0.040822	0.000011
泻邪屑械褉邪	0.000267	0.116534	0.000031
泻邪薪邪写褋泻懈泄	0.000267	0.116534	0.000031
泻邪薪邪谢	0.000802	0.040822	0.000033
泻邪薪邪锌械	0.000535	0.040822	0.000022
泻邪锌褍褋褌邪	0.002406	0.040822	0.000098
泻邪锌褍褋褌薪褟泻	0.000267	0.040822	0.000011
泻邪褉邪屑械谢褜	0.000267	0.040822	0.000011
泻邪褉泻邪褋薪褘泄	0.001070	0.116534	0.000125
泻邪褉褌芯褎械谢褜	0.001070	0.040822	0.000044
泻邪褉褌芯褎械谢褜薪褘泄	0.000535	0.040822	0.000022
泻邪褉褌芯褕泻邪	0.001070	0.040822	0.000044
泻邪褌械谐芯褉懈褟	0.004545	0.116534	0.000530
泻邪褌懈褌褜	0.000267	4.605170	0.001231
泻邪褎械	0.000535	2.207275	0.001180
泻邪褔械褋褌胁芯	0.000535	0.105361	0.000056
泻邪褕邪	0.002406	0.040822	0.000098
泻胁邪褋	0.001070	0.040822	0.000044
泻胁邪褋薪芯泄	0.000802	0.116534	0.000093
泻械斜邪斜	0.000267	2.995732	0.000801
泻械泻褋	0.000802	0.040822	0.000033
泻械褎懈褉	0.000267	0.040822	0.000011
泻懈屑褔邪褌褜	0.000267	0.040822	0.000011
泻懈薪芯邪	0.000535	0.127833	0.000068
泻懈薪芯谢械薪褌邪	0.000267	0.116534	0.000031
泻懈褋械谢褜	0.000535	0.040822	0.000022
泻懈褌邪泄褋泻懈泄	0.000267	0.116534	0.000031
泻谢邪褋褋	0.002406	0.116534	0.000280
泻薪懈谐邪	0.000802	0.040822	0.000033
泻芯泻褌械泄谢褜	0.001604	0.040822	0.000065
泻芯谢斜邪褋邪	0.000802	0.040822	0.000033
泻芯谢斜邪褋薪褘泄	0.001337	0.116534	0.000156
泻芯谢写褍薪	0.000267	2.813411	0.000752
泻芯谢谢械谐邪	0.000267	2.995732	0.000801
泻芯屑邪薪写邪	0.000535	0.127833	0.000068
泻芯屑懈	0.000267	0.116534	0.000031
泻芯屑屑械薪褌邪褉懈泄	0.000267	0.127833	0.000034
泻芯屑锌邪薪懈褟	0.000267	0.105361	0.000028
泻芯屑锌芯褌	0.000802	0.040822	0.000033
泻芯薪械褔薪芯	0.000267	0.527633	0.000141
泻芯薪懈薪邪	0.000267	0.116534	0.000031
泻芯薪泻褍褉褋	0.057754	0.040822	0.002358
泻芯薪泻褍褉褋薪褘泄	0.000267	0.127833	0.000034
泻芯薪褋械褉胁懈褉芯胁邪薪懈械	0.000267	0.040822	0.000011
泻芯薪褋械褉胁懈褉芯胁邪薪薪褘泄	0.001872	0.116534	0.000218
泻芯薪褎械褌邪	0.000802	0.040822	0.000033
泻芯薪褎械褌褌懈	0.000267	0.116534	0.000031
泻芯薪褎懈写械薪褑懈邪谢褜薪芯褋褌褜	0.000267	0.040822	0.000011
泻芯薪褎懈褌褞褉	0.000267	0.040822	0.000011
泻芯锌褔褢薪芯褋褌褜	0.000267	0.116534	0.000031
泻芯褉械泄褋泻懈	0.000267	0.040822	0.000011
泻芯褉械泄褋泻懈泄	0.000267	0.105361	0.000028
泻芯褉卸懈泻	0.000267	0.040822	0.000011
泻芯褉屑懈褌褜	0.000267	0.116534	0.000031
泻芯褌谢械褌邪	0.000267	0.040822	0.000011
泻芯褎械	0.000535	0.040822	0.000022
泻褉邪褋懈胁芯	0.000267	1.832581	0.000490
泻褉邪褋懈胁褘泄	0.000267	0.843970	0.000226
泻褉邪褋泻邪	0.000267	0.116534	0.000031
泻褉邪褋薪褘泄	0.001604	0.941609	0.001511
泻褉械邪褌懈胁	0.000267	0.127833	0.000034
泻褉械屑	0.000802	0.040822	0.000033
泻褉械锌泻懈泄	0.000267	0.116534	0.000031
泻褉芯谢懈泻	0.000535	0.116534	0.000062
泻褉芯屑械	0.000267	0.061875	0.000017
泻褉芯褏邪	0.000267	0.116534	0.000031
泻褉褍谐	0.000535	0.116534	0.000062
泻褉褍谐谢褘泄	0.000267	2.813411	0.000752
泻褉褍锌	0.001604	0.105361	0.000169
泻褉褍锌邪	0.002406	0.116534	0.000280
泻褉褍锌褟薪芯泄	0.000267	0.116534	0.000031
泻褍斜懈薪褋泻懈泄	0.000267	0.116534	0.000031
泻褍谢械褕	0.000267	0.040822	0.000011
泻褍谢懈薪邪褉懈褟	0.000802	0.094311	0.000076
泻褍谢懈薪邪褉薪褘泄	0.001872	0.000000	0.000000
泻褍谢懈褔	0.000535	0.040822	0.000022
泻褍薪卸褍褌	0.000535	0.994252	0.000532
泻褍褉写褋泻懈泄	0.000267	0.116534	0.000031
泻褍褉懈薪褘泄	0.008289	0.094311	0.000782
泻褍褉懈褑邪	0.003743	0.040822	0.000153
泻褍褉芯褔泻邪	0.000267	0.116534	0.000031
泻褍褋泻褍褋	0.000267	0.040822	0.000011
泻褍褏薪褟	0.002406	0.040822	0.000098
谢邪胁邪褕	0.001604	0.040822	0.000065
谢邪谐屑邪薪	0.000267	0.040822	0.000011
谢邪泻芯屑褋褌胁芯	0.000267	0.116534	0.000031
谢邪锌褕邪	0.000535	0.040822	0.000022
谢邪褉懈褋邪	0.000267	2.407946	0.000644
谢邪褌褘褕褋泻懈泄	0.000267	0.116534	0.000031
谢械谐泻芯	0.001604	0.116534	0.000187
谢械锌褢褕泻邪	0.000535	0.040822	0.000022
谢械褌薪懈泄	0.000535	0.040822	0.000022
谢械褌芯	0.001872	0.116534	0.000218
谢械褔芯	0.000267	0.040822	0.000011
谢懈谐邪	0.000802	0.116534	0.000093
谢懈泻褢褉	0.000267	0.040822	0.000011
谢懈屑芯薪邪写	0.000535	0.040822	0.000022
谢懈褋褌	0.002139	0.843970	0.001805
谢懈褌芯胁褋泻	0.000267	0.127833	0.000034
谢懈褌芯胁褋泻懈泄	0.000267	0.116534	0.000031
谢懈褏芯泄	0.000267	3.218876	0.000861
谢懈褔薪芯	0.000267	2.995732	0.000801
谢褍泻	0.004278	0.301105	0.001288
谢褞斜懈屑褘泄	0.004278	0.116534	0.000499
谢褞斜懈褌械谢褜	0.000267	1.386294	0.000371
谢褞斜懈褌褜	0.000267	0.755023	0.000202
谢褞斜芯胁褜	0.000535	0.105361	0.000056
谢褞斜芯泄	0.000535	0.094311	0.000050
谢褟	0.000267	1.771957	0.000474
谢褢谐泻懈泄	0.001070	0.094311	0.000101
谢褢写	0.000267	0.116534	0.000031
屑邪谐褉懈斜	0.000267	0.116534	0.000031
屑邪泄	0.000267	0.116534	0.000031
屑邪泄芯薪械蟹	0.006150	0.116534	0.000717
屑邪泻邪褉芯薪薪褘泄	0.000267	0.116534	0.000031
屑邪泻邪褉芯薪褘	0.000267	0.040822	0.000011
屑邪谢邪蟹懈泄褋泻懈泄	0.000267	0.116534	0.000031
屑邪薪写邪褉懈薪芯胁褘泄	0.000535	2.525729	0.001351
屑邪薪薪懈泻	0.000267	0.040822	0.000011
屑邪薪褋邪褉写邪	0.000267	0.755023	0.000202
屑邪薪褌邪	0.000267	0.116534	0.000031
屑邪薪褢胁褉	0.000267	0.116534	0.000031
屑邪褉邪褎芯薪	0.000802	0.116534	0.000093
屑邪褉懈薪邪写	0.003209	0.040822	0.000131
屑邪褉懈薪芯胁邪褌褜	0.000267	0.116534	0.000031
屑邪褉屑械谢邪写	0.000267	0.040822	0.000011
屑邪褉芯泻泻邪薪褋泻懈泄	0.000267	0.116534	0.000031
屑邪褉褌	0.001337	0.105361	0.000141
屑邪褋泻邪褉锌芯薪	0.000267	0.040822	0.000011
屑邪褋谢械薪懈褑邪	0.000802	0.040822	0.000033
屑邪褋谢械薪懈褔薪褘泄	0.000267	0.116534	0.000031
屑邪褋谢芯	0.003743	0.105361	0.000394
屑邪褋褋邪	0.000267	1.771957	0.000474
屑邪褋褌械褉	0.002406	0.116534	0.000280
屑邪褋褌懈泻邪	0.000535	0.040822	0.000022
屑邪褎褎懈薪邪	0.000267	0.116534	0.000031
屑邪褏械械胁褗	0.001070	0.116534	0.000125
屑械写懈邪褎芯褉褌	0.000802	0.000000	0.000000
屑械写芯胁褘泄	0.000267	0.116534	0.000031
屑械泻褋懈泻邪薪褋泻懈泄	0.000267	0.116534	0.000031
屑械薪褞	0.000535	0.116534	0.000062
屑械薪褟褌褜	0.000267	2.525729	0.000675
屑械薪褟褌褜褋褟	0.000267	0.116534	0.000031
屑械褉邪	0.000267	1.832581	0.000490
屑械褉芯锌褉懈褟褌懈械	0.000267	2.995732	0.000801
屑械褋泻懈褌	0.000267	3.912023	0.001046
屑械褋褌薪褘泄	0.000267	2.813411	0.000752
屑械褋褌芯	0.000267	2.659260	0.000711
屑械褋褟褑	0.000535	1.660731	0.000888
屑械褔褌邪	0.000802	0.040822	0.000033
屑械褔褌邪褌褜	0.000267	2.995732	0.000801
屑懈写懈褟	0.000267	0.040822	0.000011
屑懈泻褉芯胁芯谢薪芯胁泻邪	0.000267	0.105361	0.000028
屑懈谢褜褟	0.000267	0.116534	0.000031
屑懈薪懈屑邪谢褜薪褘泄	0.000267	2.407946	0.000644
屑懈芯	0.000267	0.116534	0.000031
屑懈褉	0.000535	0.105361	0.000056
屑懈褉芯胁芯泄	0.000267	0.116534	0.000031
屑懈褋芯	0.000267	0.040822	0.000011
屑懈褋褌械褉懈褟	0.000267	0.116534	0.000031
屑懈褋褌褉邪谢褜	0.001872	0.116534	0.000218
屑薪芯谐懈械	0.000267	1.309333	0.000350
屑薪芯谐芯	0.000267	0.776529	0.000208
屑薪芯卸械褋褌胁芯	0.000267	0.040822	0.000011
屑芯泄	0.002406	0.083382	0.000201
屑芯谢写邪胁褋泻懈泄	0.000267	0.116534	0.000031
屑芯谢芯泻芯	0.000535	0.083382	0.000045
屑芯谢芯褔薪褘泄	0.000802	0.040822	0.000033
屑芯屑械薪褌	0.000802	0.105361	0.000085
屑芯薪谐芯谢褜褋泻懈泄	0.000267	0.116534	0.000031
屑芯褉械	0.000267	0.116534	0.000031
屑芯褉械锌褉芯写褍泻褌	0.004545	0.040822	0.000186
屑芯褉泻芯胁褜	0.002674	0.040822	0.000109
屑芯褉芯卸械薪芯械	0.000802	0.040822	0.000033
屑芯褉褋	0.000535	0.040822	0.000022
屑芯褌芯褉	0.000267	0.116534	0.000031
屑芯褏懈褌褘泄	0.000267	0.040822	0.000011
屑芯褔褜	0.000267	0.000000	0.000000
屑褍卸	0.000535	0.867501	0.000464
屑褍卸褋泻芯泄	0.000267	0.127833	0.000034
屑褍卸褔懈薪邪	0.000802	0.116534	0.000093
屑褍蟹褘泻邪	0.000267	3.506558	0.000938
屑褍谢褜褌懈胁邪褉泻邪	0.010160	0.116534	0.001184
屑褍谢褜褌懈锌械泻邪褉褜	0.000802	0.116534	0.000093
屑褍褋褋	0.000267	0.040822	0.000011
屑褍褋褋邪	0.000802	0.040822	0.000033
屑褍褔薪芯泄	0.000267	0.116534	0.000031
屑褔邪褌褜褋褟	0.000267	4.605170	0.001231
屑褞褋谢懈	0.000535	0.116534	0.000062
屑褟褋薪芯泄	0.003476	0.040822	0.000142
屑褟褋芯	0.009626	0.040822	0.000393
薪邪斜芯褉	0.000267	1.660731	0.000444
薪邪胁械褉薪芯	0.000267	2.407946	0.000644
薪邪蟹邪写	0.000267	0.967584	0.000259
薪邪蟹胁邪薪懈械	0.001070	0.562119	0.000601
薪邪蟹胁邪褌褜	0.000267	1.560648	0.000417
薪邪蟹薪邪褔械薪懈械	0.000267	0.116534	0.000031
薪邪泄褌懈	0.000535	0.446287	0.000239
薪邪泄褌懈褋褜	0.000267	2.995732	0.000801
薪邪谢懈胁泻邪	0.000267	0.040822	0.000011
薪邪锌械褉械谐芯薪泻懈	0.000267	3.218876	0.000861
薪邪锌懈褌芯泻	0.001872	0.040822	0.000076
薪邪锌褉懈屑械褉	0.000267	1.771957	0.000474
薪邪褋谢邪写懈褌褜褋褟	0.000267	2.120264	0.000567
薪邪褋褌芯泄泻邪	0.000267	0.040822	0.000011
薪邪褋褌芯谢褜泻芯	0.000267	1.514128	0.000405
薪邪褋褌芯褟褖懈泄	0.000267	1.108663	0.000296
薪邪褋褌褉芯械薪懈械	0.000267	0.116534	0.000031
薪邪褌泻薪褍褌褜褋褟	0.000267	1.966113	0.000526
薪邪褑懈芯薪邪谢褜薪褘泄	0.000267	0.116534	0.000031
薪邪褔邪褌褜	0.000267	1.771957	0.000474
薪邪褔懈薪泻邪	0.000802	0.040822	0.000033
薪邪褕	0.001872	0.040822	0.000076
薪械胁械褉芯褟褌薪芯	0.000267	1.386294	0.000371
薪械胁械褉芯褟褌薪褘泄	0.000267	2.659260	0.000711
薪械写械谢褟	0.002941	0.051293	0.000151
薪械卸薪褘泄	0.001070	0.094311	0.000101
薪械蟹邪褋谢褍卸械薪薪芯	0.000267	2.995732	0.000801
薪械懈蟹屑械薪薪芯	0.000267	2.525729	0.000675
薪械屑械褑泻懈泄	0.000267	0.116534	0.000031
薪械屑芯泄	0.000267	1.203973	0.000322
薪械芯斜褏芯写懈屑褘泄	0.000267	2.659260	0.000711
薪械芯斜褘褔薪褘泄	0.000267	0.916291	0.000245
薪械芯写薪芯泻褉邪褌薪芯	0.000267	3.218876	0.000861
薪械芯卸懈写邪薪薪褘泄	0.000267	0.116534	0.000031
薪械褋谢邪写泻懈泄	0.000267	0.116534	0.000031
薪械褋谢芯卸薪芯	0.000267	2.207275	0.000590
薪械褍谐芯屑芯薪薪褘泄	0.000267	3.218876	0.000861
薪懈泻褌芯	0.000267	1.427116	0.000382
薪懈薪邪	0.000267	1.078810	0.000288
薪芯胁芯谐芯写薪懈泄	0.006417	0.040822	0.000262
薪芯胁芯褋褌褜	0.000267	0.061875	0.000017
薪芯胁褘泄	0.005615	0.030459	0.000171
薪芯褉胁械卸褋泻懈泄	0.000267	0.116534	0.000031
薪芯褋懈褌褜褋褟	0.000267	3.218876	0.000861
薪芯褟斜褉褜	0.001070	0.527633	0.000564
薪褉邪胁懈褌褜褋褟	0.000267	0.941609	0.000252
薪褍卸薪褘泄	0.000267	2.995732	0.000801
薪褍褉	0.000267	4.605170	0.001231
薪褘薪械	0.000267	4.605170	0.001231
芯斜邪谢写械薪薪褘泄	0.000267	1.771957	0.000474
芯斜械写	0.000802	0.105361	0.000085
芯斜械蟹褜褟薪邪	0.000267	0.116534	0.000031
芯斜械褖邪褌褜	0.000267	2.407946	0.000644
芯斜薪邪褉褍卸懈褌褜	0.000267	3.218876	0.000861
芯斜褖邪褌褜褋褟	0.000267	0.040822	0.000011
芯斜褗褢屑	0.000267	3.218876	0.000861
芯斜褟蟹邪褌械谢褜薪芯	0.000535	0.967584	0.000517
芯胁芯褖	0.008824	0.094311	0.000832
芯胁芯褖薪芯泄	0.002406	0.040822	0.000098
芯胁褋褟薪褘泄	0.000267	0.105361	0.000028
芯谐邪褋褌邪	0.000267	4.605170	0.001231
芯谐谢邪褕邪褌褜	0.000267	3.506558	0.000938
芯谐薪械薪薪褘泄	0.000267	0.116534	0.000031
芯谐芯薪褜	0.000267	0.094311	0.000025
芯谐褉芯屑薪褘泄	0.000535	0.867501	0.000464
芯谐褍褉械褑	0.003209	0.116534	0.000374
芯谐褍褉懈泻	0.000267	4.605170	0.001231
芯卸懈写邪褌褜	0.000267	2.302585	0.000616
芯泻褉芯褕泻邪	0.000802	0.040822	0.000033
芯泻褌褟斜褉褜	0.000535	0.562119	0.000301
芯谢邪写褜褟	0.000802	0.040822	0.000033
芯谢械泄薪芯泄	0.001070	0.116534	0.000125
芯谢械泄薪褘泄	0.001070	0.116534	0.000125
芯谢懈胁泻芯胁褘泄	0.001604	0.544727	0.000874
芯谢褟	0.000535	2.120264	0.001134
芯屑谢械褌	0.000267	0.040822	0.000011
芯锌邪褉邪	0.000267	0.040822	0.000011
芯锌褉芯褋	0.000267	0.061875	0.000017
芯褉械褏	0.001070	0.776529	0.000831
芯褉械褕懈薪芯泻	0.000267	3.218876	0.000861
芯褉懈谐懈薪邪谢褜薪褘泄	0.000267	1.049822	0.000281
芯褋械薪薪懈泄	0.001070	0.051293	0.000055
芯褋械薪褜	0.002674	0.105361	0.000282
芯褋薪芯胁薪褘泄	0.000267	0.040822	0.000011
芯褋褌邪胁邪褌褜褋褟	0.000267	0.116534	0.000031
芯褋褌邪薪芯胁懈褌褜褋褟	0.000267	1.560648	0.000417
芯褋褌邪褌褜褋褟	0.000267	1.309333	0.000350
芯褌斜褘褌褜	0.000267	4.605170	0.001231
芯褌胁械褌	0.000535	0.000000	0.000000
芯褌胁械褌懈褌褜	0.000267	0.051293	0.000014
芯褌泻褉褘褌褘泄	0.000535	0.105361	0.000056
芯褌谢懈褔薪褘泄	0.000267	1.078810	0.000288
芯褌谢芯卸懈褌褜褋褟	0.000267	4.605170	0.001231
芯褌屑械薪懈褌褜	0.000267	0.040822	0.000011
芯褌屑械褔邪褌褜	0.000267	2.120264	0.000567
芯褌芯褉胁邪褌褜褋褟	0.000267	2.120264	0.000567
芯褌锌邪写	0.000267	3.506558	0.000938
芯褏谢邪写懈褌褜	0.000267	0.116534	0.000031
芯褔械褉械写褜	0.000267	1.771957	0.000474
芯褕械谢芯屑懈褌褜	0.000535	3.218876	0.001721
锌邪泻械褌懈泻	0.000267	0.105361	0.000028
锌邪谢邪褌泻邪	0.000535	2.813411	0.001504
锌邪谢芯褔泻邪	0.000267	0.040822	0.000011
锌邪屑褟褌褜	0.000267	3.506558	0.000938
锌邪薪懈褉芯胁泻邪	0.002139	0.116534	0.000249
锌邪褉邪	0.000267	0.116534	0.000031
锌邪褉邪写	0.001872	0.116534	0.000218
锌邪褉屑械蟹邪薪	0.000535	2.302585	0.001231
锌邪褉芯胁邪褉泻邪	0.002406	0.105361	0.000254
锌邪褉芯谢褜	0.000267	0.020203	0.000005
锌邪褋褌邪	0.000802	0.040822	0.000033
锌邪褋褌褉芯屑邪	0.000267	0.040822	0.000011
锌邪褋褏邪	0.000535	0.040822	0.000022
锌邪褋褏邪谢褜薪褘泄	0.000802	0.116534	0.000093
锌邪褕褌械褌	0.000802	0.040822	0.000033
锌械泻邪褉褜	0.000267	0.127833	0.000034
锌械泻懈薪褋泻懈泄	0.000535	2.407946	0.001288
锌械谢褜屑械薪褜	0.000267	0.116534	0.000031
锌械褉胁褘泄	0.002674	0.040822	0.000109
锌械褉械泄褌懈	0.000267	0.040822	0.000011
锌械褉械泻芯褔械胁邪褌褜	0.000267	4.605170	0.001231
锌械褉械泻褍褋	0.000535	0.116534	0.000062
锌械褉械锌懈褋邪褌褜	0.000267	3.912023	0.001046
锌械褉械褑	0.004011	0.040822	0.000164
锌械褉械褔械褋褌褜	0.000267	3.218876	0.000861
锌械褉谢芯胁褘泄	0.000267	3.218876	0.000861
锌械褉褋芯薪邪	0.000267	0.116534	0.000031
锌械褉褍邪薪褋泻懈泄	0.000267	0.116534	0.000031
锌械褋芯褔薪褘泄	0.000802	0.105361	0.000085
锌械褌械谢懈薪泻	0.000267	0.127833	0.000034
锌械褔械薪懈械	0.002406	0.040822	0.000098
锌械褔褜	0.000267	0.116534	0.000031
锌械褔褢薪芯褔薪褘泄	0.000267	0.040822	0.000011
锌懈胁芯	0.000267	0.116534	0.000031
锌懈泻邪薪褌	0.000267	0.127833	0.000034
锌懈泻邪薪褌薪褘泄	0.000267	1.514128	0.000405
锌懈泻薪懈泻	0.001070	0.105361	0.000113
锌懈褉	0.000267	0.116534	0.000031
锌懈褉芯谐	0.001070	0.040822	0.000044
锌懈褉芯卸薪芯械	0.000535	0.040822	0.000022
锌懈褉芯卸芯泻	0.000267	0.040822	0.000011
锌懈褌邪薪懈械	0.001337	0.094311	0.000126
锌懈褌械褉	0.000267	2.407946	0.000644
锌懈褑褑邪	0.000535	0.040822	0.000022
锌谢邪屑褟	0.000267	0.116534	0.000031
锌谢懈褌邪	0.001070	0.116534	0.000125
锌谢芯胁	0.000267	0.116534	0.000031
锌谢芯写	0.000267	0.116534	0.000031
锌屑卸	0.000267	4.605170	0.001231
锌芯斜邪谢芯胁邪褌褜	0.000267	2.120264	0.000567
锌芯斜褘胁邪褌褜	0.000267	3.218876	0.000861
锌芯胁邪褉懈褏邪	0.000267	3.218876	0.000861
锌芯胁邪褉褢薪芯泻	0.001872	0.000000	0.000000
锌芯胁械褉懈褌褜	0.000267	2.120264	0.000567
锌芯胁械褉褜褌械	0.000267	2.040221	0.000546
锌芯胁懈写谢芯	0.000267	0.040822	0.000011
锌芯写邪褉芯泻	0.000267	0.116534	0.000031
锌芯写邪褌褜	0.000535	1.427116	0.000763
锌芯写斜芯褉	0.000267	1.514128	0.000405
锌芯写谐谢褟写械褌褜	0.000267	3.912023	0.001046
锌芯写谢懈胁	0.000267	0.116534	0.000031
锌芯写谢懈胁泻邪	0.000267	0.040822	0.000011
锌芯写薪芯褋懈褌褜	0.000267	3.218876	0.000861
锌芯写锌懈褋邪褌褜褋褟	0.001337	0.040822	0.000055
锌芯写褉褍谐邪	0.000535	2.525729	0.001351
锌芯写褋芯谢薪械褔薪褘泄	0.000535	1.347074	0.000720
锌芯写褍褕械褔泻邪	0.000267	2.813411	0.000752
锌芯写褏芯写懈褌褜	0.000267	1.771957	0.000474
锌芯写褔械褉泻薪褍褌褜	0.000267	3.912023	0.001046
锌芯写褘褋泻懈胁邪褌褜	0.000267	2.525729	0.000675
锌芯械写邪薪懈械	0.000267	2.120264	0.000567
锌芯械写懈薪芯泻	0.003743	0.116534	0.000436
锌芯卸邪谢褍泄	0.000267	2.040221	0.000546
锌芯蟹写褉邪胁懈褌褜	0.000267	0.116534	0.000031
锌芯懈褋泻	0.000267	0.051293	0.000014
锌芯泻芯泄	0.000267	4.605170	0.001231
锌芯谢写薪懈泻	0.000535	0.116534	0.000062
锌芯谢械蟹薪芯	0.000267	0.116534	0.000031
锌芯谢懈褌懈泻邪	0.000267	0.040822	0.000011
锌芯谢薪褘泄	0.000267	1.237874	0.000331
锌芯谢芯胁懈薪邪	0.002406	0.105361	0.000254
锌芯谢褍褔邪褌褜	0.000802	0.040822	0.000033
锌芯谢褍褔邪褌褜褋褟	0.000267	0.328504	0.000088
锌芯谢褍褔懈褌褜	0.000267	1.237874	0.000331
锌芯谢褜蟹邪	0.001337	0.116534	0.000156
锌芯谢褜蟹芯胁邪褌褜褋褟	0.000267	1.347074	0.000360
锌芯谢褜褋泻懈泄	0.000267	0.116534	0.000031
锌芯屑邪写泻邪	0.000802	0.040822	0.000033
锌芯屑懈写芯褉	0.002139	0.116534	0.000249
锌芯屑懈写芯褉泻	0.000267	0.127833	0.000034
锌芯屑薪懈褌褜	0.000267	1.469676	0.000393
锌芯薪懈屑邪褌褜	0.000267	2.207275	0.000590
锌芯薪褉邪胁懈褌褜褋褟	0.000267	0.040822	0.000011
锌芯薪褔懈泻	0.000535	0.040822	0.000022
锌芯锌褉芯斜芯胁邪褌褜	0.001070	0.248461	0.000266
锌芯锌褍谢褟褉薪芯褋褌褜	0.000535	2.407946	0.001288
锌芯褉邪	0.000802	0.105361	0.000085
锌芯褉邪写芯胁邪褌褜	0.000267	1.309333	0.000350
锌芯褉褌懈褌褜褋褟	0.000267	3.912023	0.001046
锌芯褉褌褍谐邪谢褜褋泻懈泄	0.000267	0.116534	0.000031
锌芯褋胁褟褌懈褌褜	0.000267	2.995732	0.000801
锌芯褋械褖邪褌褜	0.000267	0.061875	0.000017
锌芯褋泻芯谢褜泻褍	0.000267	2.040221	0.000546
锌芯褋谢械写褍褞褖懈泄	0.000267	3.506558	0.000938
锌芯褋褌	0.001337	0.105361	0.000141
锌芯褋褌薪褘泄	0.000802	0.040822	0.000033
锌芯褋褌芯褟薪薪芯	0.000267	0.040822	0.000011
锌芯褋褌褉芯懈褌褜	0.000535	0.105361	0.000056
锌芯褋褍写邪	0.000535	0.094311	0.000050
锌芯褋褔邪褋褌谢懈胁懈褌褜褋褟	0.000267	3.218876	0.000861
锌芯褌褉褟褋邪褌褜	0.000267	1.272966	0.000340
锌芯褔械屑褍	0.000267	1.203973	0.000322
锌芯褔褌邪	0.000535	0.040822	0.000022
锌芯褕邪谐芯胁褘泄	0.000802	0.040822	0.000033
锌芯褟胁懈褌褜褋褟	0.000267	1.771957	0.000474
锌褉	0.000267	3.912023	0.001046
锌褉邪胁写邪	0.000267	1.139434	0.000305
锌褉邪蟹写薪懈泻	0.000535	0.105361	0.000056
锌褉邪蟹写薪懈褔薪芯	0.000267	0.116534	0.000031
锌褉邪蟹写薪懈褔薪褘泄	0.001872	0.105361	0.000197
锌褉邪蟹写薪芯胁邪褌褜	0.000267	2.995732	0.000801
锌褉邪泻褌懈泻褍屑	0.000267	0.116534	0.000031
锌褉邪泻褌懈褔械褋泻懈	0.000535	1.386294	0.000741
锌褉械胁芯褋褏芯写薪褘泄	0.000267	0.116534	0.000031
锌褉械胁褉邪褖械薪懈械	0.000267	0.116534	0.000031
锌褉械写褋褌邪胁谢褟褌褜	0.000535	1.714798	0.000917
锌褉械懈屑褍褖械褋褌胁芯	0.000267	3.912023	0.001046
锌褉械褋薪褘泄	0.000267	0.116534	0.000031
锌褉懈谐谢邪褋懈褌褜	0.000535	2.659260	0.001422
锌褉懈谐芯褌芯胁懈褌褜	0.001070	0.083382	0.000089
锌褉懈谐芯褌芯胁谢械薪懈械	0.001070	0.040822	0.000044
锌褉懈写邪胁邪褌褜	0.000267	2.040221	0.000546
锌褉懈械褋褌褜褋褟	0.000267	3.218876	0.000861
锌褉懈蟹	0.000267	0.040822	0.000011
锌褉懈蟹薪邪薪懈械	0.000267	0.116534	0.000031
锌褉懈谢邪胁芯泻	0.000267	2.995732	0.000801
锌褉懈薪褟褌褜	0.000267	2.302585	0.000616
锌褉懈锌褉邪胁邪	0.000802	0.040822	0.000033
锌褉懈褉芯写邪	0.000535	0.105361	0.000056
锌褉懈褋褌褍锌懈褌褜	0.000267	0.040822	0.000011
锌褉懈褍泻褉邪褕懈胁邪褌褜	0.000267	3.506558	0.000938
锌褉芯胁械褉懈褌褜	0.001604	0.116534	0.000187
锌褉芯胁械褋褌懈	0.001070	0.116534	0.000125
锌褉芯胁芯写懈褌褜	0.000267	0.040822	0.000011
锌褉芯胁芯卸邪褌褜	0.000267	0.116534	0.000031
锌褉芯写褍泻褌	0.001604	0.072571	0.000116
锌褉芯械泻褌	0.000535	0.051293	0.000027
锌褉芯谢懈褋褌邪褌褜	0.000267	3.506558	0.000938
锌褉芯褋懈褌褜	0.000267	0.776529	0.000208
锌褉芯褋屑芯褌褉	0.000267	0.274437	0.000073
锌褉芯褋褌芯	0.001070	0.083382	0.000089
锌褉芯褋褌芯泄	0.000535	0.301105	0.000161
锌褉芯褋褌芯泻胁邪褕邪	0.000267	0.040822	0.000011
锌褉芯褋褌芯褌邪	0.000267	1.714798	0.000459
锌褉芯褋褌芯褟褌褜	0.000267	3.912023	0.001046
锌褉芯褎懈谢褜	0.000267	0.040822	0.000011
锌褉芯褔懈泄	0.000267	3.506558	0.000938
锌褉褟屑芯	0.000267	0.040822	0.000011
锌褉褟薪懈泻	0.000535	0.040822	0.000022
锌褉褟薪懈褔薪褘泄	0.000267	0.116534	0.000031
锌褌懈褑邪	0.006684	0.116534	0.000779
锌褍写懈薪谐	0.000802	0.040822	0.000033
锌褍薪褕	0.000267	0.040822	0.000011
锌褍褌械褕械褋褌胁懈械	0.000535	0.116534	0.000062
锌褍褌褜	0.000267	0.116534	0.000031
锌褕褢薪薪褘泄	0.000267	3.506558	0.000938
锌褘褕泻邪	0.000267	0.040822	0.000011
锌褞褉械	0.001070	0.040822	0.000044
锌褟褌薪懈褑邪	0.000267	3.506558	0.000938
锌褟褌薪懈褔薪褘泄	0.000267	4.605170	0.001231
褉邪斜芯褌邪	0.000535	1.237874	0.000662
褉邪谐褍	0.000267	0.116534	0.000031
褉邪蟹	0.000535	0.356675	0.000191
褉邪蟹胁械褉薪褍褌褜	0.000267	0.116534	0.000031
褉邪蟹写械谢褜薪褘泄	0.000267	0.116534	0.000031
褉邪蟹薪褘泄	0.000267	0.094311	0.000025
褉邪蟹芯斜褉邪褌褜	0.000267	3.912023	0.001046
褉邪蟹褍蟹薪邪褌褜	0.000267	2.525729	0.000675
褉邪薪薪懈泄	0.000535	1.514128	0.000810
褉邪薪芯	0.000267	4.605170	0.001231
褉邪褋褋芯谢褜薪懈泻	0.000802	0.040822	0.000033
褉邪褋褋褘谢泻邪	0.000802	0.061875	0.000050
褉邪褋褌懈褌械谢褜薪褘泄	0.001070	0.223144	0.000239
褉械斜褢薪芯泻	0.000267	0.094311	0.000025
褉械谐懈褋褌褉邪褑懈褟	0.000802	0.000000	0.000000
褉械写懈褋	0.000535	2.995732	0.001602
褉械泄褌懈薪谐	0.000267	0.235722	0.000063
褉械锌褔邪褌褘泄	0.001604	0.430783	0.000691
褉械褑械锌褌	0.028075	0.040822	0.001146
褉械褑械锌褌懈泻	0.000267	1.609438	0.000430
褉械褕懈褌褜	0.000535	0.693147	0.000371
褉懈褋	0.001604	0.040822	0.000065
褉懈褋泻薪褍褌褜	0.000267	2.813411	0.000752
褉懈褌屑	0.000267	0.116534	0.000031
褉芯谐邪谢懈泻	0.000267	0.040822	0.000011
褉芯写薪褘泄	0.000267	0.116534	0.000031
褉芯写褋褌胁械薪薪懈泻	0.000267	2.659260	0.000711
褉芯卸写械薪懈械	0.000267	0.105361	0.000028
褉芯卸写械褋褌胁芯	0.000267	0.116534	0.000031
褉芯谢谢	0.000535	0.040822	0.000022
褉芯谢谢褌芯薪	0.000267	0.116534	0.000031
褉芯屑	0.000267	0.040822	0.000011
褉褍斜邪谢褜褋泻懈泄	0.000267	4.605170	0.001231
褉褍斜褉懈泻邪褌芯褉	0.000267	0.051293	0.000014
褉褍泻邪	0.000267	1.514128	0.000405
褉褍谢械褌	0.002941	0.040822	0.000120
褉褍屑褘薪褋泻懈泄	0.000267	0.116534	0.000031
褉褍屑褟薪褘泄	0.000267	0.116534	0.000031
褉褍薪械褌	0.000267	0.020203	0.000005
褉褍褋褋泻懈泄	0.000267	0.105361	0.000028
褉褘斜邪	0.007487	0.040822	0.000306
褉褘斜薪褘泄	0.003476	0.105361	0.000366
褉褟写芯屑	0.000267	2.995732	0.000801
褉褟卸械薪泻邪	0.000267	0.116534	0.000031
褋邪泄褌	0.001604	0.000000	0.000000
褋邪谢邪褌	0.041444	0.040822	0.001692
褋邪谢邪褌懈泻	0.001070	2.302585	0.002463
褋邪谢邪褌薪懈泻	0.000267	2.995732	0.000801
褋邪谢邪褌薪褘泄	0.000267	0.116534	0.000031
褋邪屑芯谐芯薪	0.000267	0.040822	0.000011
褋邪屑褘泄	0.002406	0.105361	0.000254
褋邪褎	0.000802	0.116534	0.000093
褋邪褎褋械屑邪	0.000267	0.116534	0.000031
褋邪褏邪褉	0.001070	0.105361	0.000113
褋斜懈褌械薪褜	0.000267	0.040822	0.000011
褋胁邪写械斜薪褘泄	0.000267	2.659260	0.000711
褋胁邪写褜斜邪	0.000267	3.218876	0.000861
褋胁械卸械褋褌褜	0.000267	0.105361	0.000028
褋胁械卸懈泄	0.001337	1.427116	0.001908
褋胁械泻芯谢褜薪懈泻	0.000535	0.040822	0.000022
褋胁械泻芯谢褜薪褘泄	0.000267	2.995732	0.000801
褋胁械褌	0.001337	0.116534	0.000156
褋胁械褌邪	0.001070	0.116534	0.000125
褋胁械褌谢邪薪邪	0.000267	2.659260	0.000711
褋胁懈薪懈薪	0.001872	0.116534	0.000218
褋胁懈薪懈薪邪	0.000802	0.040822	0.000033
褋胁褢泻谢邪	0.002406	0.040822	0.000098
褋谐褍褖褢薪泻邪	0.000267	0.040822	0.000011
褋写械谢邪褌褜	0.000535	0.733969	0.000392
褋械蟹芯薪	0.000267	0.116534	0.000031
褋械泄褔邪褋	0.000802	0.030459	0.000024
褋械泻褉械褌	0.000535	0.116534	0.000062
褋械谢褜写褜	0.001337	2.040221	0.002728
褋械谢褢写泻邪	0.000535	0.040822	0.000022
褋械屑械泄薪褘泄	0.000802	0.116534	0.000093
褋械屑褜褟	0.000535	0.116534	0.000062
褋械薪褌褟斜褉褜	0.000802	0.673345	0.000540
褋械褉懈褟	0.000267	2.407946	0.000644
褋懈写械褌褜	0.000267	2.813411	0.000752
褋懈写褉	0.000267	0.040822	0.000011
褋懈褉懈泄褋泻懈泄	0.000267	0.116534	0.000031
褋懈褉芯锌	0.000535	0.040822	0.000022
褋懈褋褌械屑邪	0.000267	0.040822	0.000011
褋懈褌懈	0.000267	0.127833	0.000034
褋泻邪蟹邪褌褜	0.001872	0.400478	0.000750
褋泻邪蟹泻邪	0.000267	0.116534	0.000031
褋泻邪屑械泄泻邪	0.000267	3.218876	0.000861
褋泻芯谢褜泻芯	0.000267	1.771957	0.000474
褋泻褉械褋褌懈	0.000267	3.218876	0.000861
褋谢邪写泻懈泄	0.005080	0.040822	0.000207
褋谢邪写泻芯	0.000267	0.116534	0.000031
褋谢懈胁芯褔薪褘泄	0.000267	0.105361	0.000028
褋谢芯胁芯	0.000267	1.021651	0.000273
褋谢芯卸薪芯	0.000267	2.525729	0.000675
褋谢芯泄泻邪	0.000535	0.040822	0.000022
褋谢芯褢薪褘泄	0.000802	0.116534	0.000093
褋谢褍褔邪泄	0.000535	1.171183	0.000626
褋屑械谢芯褋褌褜	0.000267	4.605170	0.001231
褋屑械褌邪薪邪	0.001337	0.105361	0.000141
褋屑械褕邪薪薪褘泄	0.000267	0.116534	0.000031
褋屑芯褔褜	0.000267	0.040822	0.000011
褋屑褍蟹懈	0.000802	0.040822	0.000033
褋薪褝泻	0.000267	0.116534	0.000031
褋芯斜械褋械写薪懈泻	0.000267	3.506558	0.000938
褋芯斜懈褉邪褌褜褋褟	0.000267	0.040822	0.000011
褋芯斜褋褌胁械薪薪芯	0.000267	2.120264	0.000567
褋芯斜褘褌懈械	0.000267	2.813411	0.000752
褋芯胁械褉褕械薪褋褌胁芯	0.001337	0.116534	0.000156
褋芯胁械褌	0.000267	0.040822	0.000011
褋芯胁械褌芯胁邪褌褜	0.000267	1.139434	0.000305
褋芯谐谢邪褕邪褌褜褋褟	0.000267	0.040822	0.000011
褋芯械胁褘泄	0.000535	0.798508	0.000427
褋芯蟹写邪胁邪褌褜	0.000267	0.105361	0.000028
褋芯蟹写邪薪懈械	0.000535	0.261365	0.000140
褋芯蟹褉械褌褜	0.000267	2.407946	0.000644
褋芯泻	0.001604	0.040822	0.000065
褋芯谢械薪懈械	0.000535	0.116534	0.000062
褋芯谢薪械褔薪褘泄	0.000267	0.116534	0.000031
褋芯谢褜	0.004278	0.127833	0.000547
褋芯谢褟薪泻邪	0.000535	0.040822	0.000022
褋芯谢褢薪褘泄	0.000802	0.116534	0.000093
褋芯芯褌胁械褌褋褌胁芯胁邪褌褜	0.000267	2.120264	0.000567
褋芯褉褌懈褉芯胁邪褌褜	0.000267	0.248461	0.000066
褋芯褋褌邪胁	0.000267	1.347074	0.000360
褋芯褋褌邪胁懈褌褜	0.000535	0.116534	0.000062
褋芯褍褋	0.005080	0.040822	0.000207
褋芯褏褉邪薪褟褌褜	0.000267	0.040822	0.000011
褋芯褑褋械褌褜	0.000267	0.040822	0.000011
褋芯褔械褌邪薪懈械	0.000535	0.105361	0.000056
褋芯褔薪褘泄	0.000535	0.116534	0.000062
褋锌邪褋懈斜芯	0.000267	0.673345	0.000180
褋锌械褌褜	0.000267	0.116534	0.000031
褋锌械褑懈邪谢褜薪芯	0.000267	2.813411	0.000752
褋锌械褑懈邪谢褜薪褘泄	0.000267	0.094311	0.000025
褋锌械褑懈褟	0.000267	0.094311	0.000025
褋锌械褑锌褉芯械泻褌	0.008824	0.116534	0.001028
褋锌懈褋芯泻	0.000267	0.116534	0.000031
褋褉械写懈蟹械屑薪芯屑芯褉褋泻懈泄	0.000267	0.127833	0.000034
褋褌邪褉褘泄	0.000802	0.261365	0.000210
褋褌邪褌褜褟	0.000267	0.061875	0.000017
褋褌懈谢褜	0.000535	0.116534	0.000062
褋褌芯谢	0.004278	0.105361	0.000451
褋褌芯褟褌褜	0.000267	2.207275	0.000590
褋褌褉芯懈褌械谢褜褋褌胁芯	0.000535	0.040822	0.000022
褋褌褉芯懈褌褜	0.000267	0.040822	0.000011
褋褌褉芯泄薪褘泄	0.000267	0.116534	0.000031
褋褌褘写薪芯	0.000267	2.120264	0.000567
褋褍斜锌褉芯写褍泻褌	0.003209	0.116534	0.000374
褋褍锌	0.005882	0.040822	0.000240
褋褍锌械褉斜邪斜褍褕泻邪	0.000267	1.237874	0.000331
褋褍锌褉褍谐	0.000267	2.813411	0.000752
褋褍褎谢械	0.000802	0.040822	0.000033
褋褍褏邪褉褜	0.000267	0.040822	0.000011
褋褍褏芯泄	0.000267	1.427116	0.000382
褋褍褕懈褌褜	0.000535	0.040822	0.000022
褋褗械写邪褌褜褋褟	0.000267	2.525729	0.000675
褋褗械写芯斜薪褘泄	0.000267	2.813411	0.000752
褋褘褉	0.007487	0.040822	0.000306
褋褘褉薪懈泻	0.000802	0.040822	0.000033
褋褘褉薪褘泄	0.001070	0.040822	0.000044
褋褘褌薪褘泄	0.000802	0.105361	0.000085
褋褘褔褍卸薪褘泄	0.000267	0.127833	0.000034
褋褝薪写胁懈褔	0.000267	0.127833	0.000034
褋褞褉锌褉懈蟹	0.000267	0.116534	0.000031
褋褢屑谐邪	0.000802	0.040822	0.000033
褌邪写卸懈泻褋泻懈泄	0.000267	0.116534	0.000031
褌邪泄褋泻懈泄	0.000267	0.116534	0.000031
褌邪泻芯屑	0.000267	1.897120	0.000507
褌邪褉械谢泻邪	0.000267	1.469676	0.000393
褌邪褉褌	0.000267	0.116534	0.000031
褌邪褉褌邪谢械褌泻邪	0.000802	0.040822	0.000033
褌邪褌邪褉褋泻懈泄	0.000267	0.116534	0.000031
褌胁芯泄	0.000535	0.116534	0.000062
褌胁芯褉懈褌褜	0.000267	0.116534	0.000031
褌胁芯褉芯谐	0.000802	0.040822	0.000033
褌胁芯褉芯卸薪褘泄	0.001604	0.094311	0.000151
褌胁褢褉写褘泄	0.002139	0.544727	0.001165
褌械谢械谐褉邪屑	0.000267	0.040822	0.000011
褌械谢褟褌懈薪邪	0.001337	0.116534	0.000156
褌械屑	0.000535	0.967584	0.000517
褌械锌械褉褜	0.000802	0.916291	0.000735
褌械锌谢芯	0.000267	0.116534	0.000031
褌械褉褉邪褋邪	0.000267	0.776529	0.000208
褌械褉褉懈薪邪	0.000267	0.040822	0.000011
褌械褋褌	0.002674	0.105361	0.000282
褌械褋褌芯	0.002406	0.040822	0.000098
褌械褏薪懈泻邪	0.001337	0.105361	0.000141
褌懈褏懈泄	0.000267	4.605170	0.001231
褌屑	0.001070	0.127833	0.000137
褌芯屑	0.000535	1.139434	0.000609
褌芯锌谢褢薪褘泄	0.000267	0.116534	0.000031
褌芯褉卸械褋褌胁芯	0.000267	3.218876	0.000861
褌芯褉褌	0.005348	0.040822	0.000218
褌芯褔薪械械	0.000267	3.218876	0.000861
褌褉邪胁邪	0.000267	0.094311	0.000025
褌褉邪写懈褑懈褟	0.001604	0.116534	0.000187
褌褉懈	0.000267	1.272966	0.000340
褌褉褍斜芯褔泻邪	0.000267	0.040822	0.000011
褌褉褍写	0.000535	2.302585	0.001231
褌褉褢褏谢械褌懈械	0.000267	0.116534	0.000031
褌褍薪械褑	0.000267	0.105361	0.000028
褌褍薪懈褋褋泻懈泄	0.000267	0.116534	0.000031
褌褍褉械褑泻懈泄	0.000267	0.116534	0.000031
褌褘泻胁邪	0.000267	0.040822	0.000011
褌褢褖懈薪	0.000267	0.040822	0.000011
褍胁邪卸邪褌褜	0.000267	3.506558	0.000938
褍胁械写芯屑谢械薪懈械	0.000267	0.040822	0.000011
褍胁械褉懈褌褜	0.000267	1.272966	0.000340
褍谐芯写懈褌褜	0.000267	4.605170	0.001231
褍谐芯褖邪褌褜褋褟	0.000802	0.994252	0.000798
褍写邪褔薪褘泄	0.000535	0.116534	0.000062
褍写懈胁懈褌褜	0.000802	0.116534	0.000093
褍写懈胁谢褟褌褜	0.001070	0.116534	0.000125
褍写芯胁芯谢褜褋褌胁懈械	0.000802	0.116534	0.000093
褍卸	0.000802	0.693147	0.000556
褍卸懈薪	0.002139	0.094311	0.000202
褍蟹斜械泻褋泻懈泄	0.000267	0.116534	0.000031
褍蟹泻懈泄	0.000267	2.995732	0.000801
褍泻邪蟹邪褌褜	0.000267	2.525729	0.000675
褍泻褉邪懈薪褋泻懈泄	0.000267	0.116534	0.000031
褍泻褉邪褕械薪懈械	0.002139	0.116534	0.000249
褍泻褋褍褋	0.001604	0.562119	0.000902
褍屑懈褉芯褌胁芯褉械薪懈械	0.000267	4.605170	0.001231
褍薪懈胁械褉褋懈褌械褌	0.000267	3.912023	0.001046
褍锌芯褌褉械斜谢械薪懈械	0.000267	0.116534	0.000031
褍锌褍褋褌懈褌褜	0.000267	3.912023	0.001046
褍褉邪谢褜褋泻懈泄	0.000267	0.116534	0.000031
褍褉芯卸邪泄	0.000267	0.105361	0.000028
褍褋褌邪	0.000267	3.506558	0.000938
褍褌泻邪	0.001070	0.116534	0.000125
褍褌褉芯屑	0.000267	2.207275	0.000590
褍褏	0.000267	2.995732	0.000801
褍褏芯	0.000267	0.040822	0.000011
褍褔邪褋褌胁芯胁邪褌褜	0.000267	0.040822	0.000011
褍褔邪褋褌芯泻	0.000267	2.659260	0.000711
褍褔懈褌褜褋褟	0.000267	3.218876	0.000861
褍褕泻芯	0.000267	2.995732	0.000801
褍褞褌薪褘泄	0.000267	2.120264	0.000567
褎邪蟹械薪写邪	0.000267	0.116534	0.000031
褎邪薪褌邪蟹懈褟	0.002139	0.116534	0.000249
褎邪褉褕	0.003476	0.040822	0.000142
褎邪褉褕懈褉芯胁邪薪薪褘泄	0.001604	0.040822	0.000065
褎邪褋芯谢褜	0.000802	0.040822	0.000033
褎械胁褉邪谢褜	0.000267	0.094311	0.000025
褎械泄械褉胁械褉泻	0.000535	0.116534	0.000062
褎懈谐褍褉邪	0.000267	0.116534	0.000031
褎懈谢械	0.001604	0.916291	0.001470
褎懈薪褋泻懈泄	0.000267	0.116534	0.000031
褎懈褉屑械薪薪褘泄	0.000535	0.116534	0.000062
褎芯薪写褞	0.000267	0.040822	0.000011
褎芯褉屑邪	0.000267	0.105361	0.000028
褎芯褉褍屑	0.000535	0.040822	0.000022
褎芯褉褕屑邪泻	0.000267	0.040822	0.000011
褎芯褌芯	0.000267	2.040221	0.000546
褎褉邪薪褑懈褟	0.000535	0.116534	0.000062
褎褉邪薪褑褍蟹褋泻懈泄	0.000535	0.094311	0.000050
褎褉邪褍	0.001070	0.116534	0.000125
褎褉褍泻褌	0.001070	0.116534	0.000125
褎褉褍泻褌芯胁褘泄	0.002139	0.040822	0.000087
褎褍写	0.000267	0.116534	0.000031
褎褍褉褕械褌	0.000267	0.116534	0.000031
褎褍褉褕械褌薪褘泄	0.000535	4.605170	0.002463
褏邪谢胁邪	0.000267	0.040822	0.000011
褏邪褉胁械褋褌褎械褋褌	0.000535	0.116534	0.000062
褏邪褉褔芯	0.000535	0.040822	0.000022
褏邪褕	0.000267	0.040822	0.000011
褏胁芯褉芯褋褌	0.000267	0.040822	0.000011
褏懈薪泻邪谢懈	0.000267	0.116534	0.000031
褏懈褌	0.001872	0.116534	0.000218
褏谢械斜	0.000802	0.040822	0.000033
褏谢械斜芯锌械褔泻邪	0.000267	0.116534	0.000031
褏谢芯锌褜褟	0.000535	0.094311	0.000050
褏芯蟹褟泄泻邪	0.000802	0.116534	0.000093
褏芯谢芯写械褑	0.000267	0.040822	0.000011
褏芯谢芯写懈谢褜薪懈泻	0.000535	1.049822	0.000561
褏芯谢芯写薪芯械	0.000535	0.116534	0.000062
褏芯谢芯写薪褘泄	0.000535	0.116534	0.000062
褏芯褉胁邪褌褋泻懈泄	0.000267	0.116534	0.000031
褏芯褉芯褕懈泄	0.001337	0.040822	0.000055
褏芯褉芯褕芯	0.001337	0.105361	0.000141
褏芯褉褋	0.000267	0.116534	0.000031
褏芯褌械褌褜	0.000535	0.000000	0.000000
褏芯褌械褌褜褋褟	0.000267	1.237874	0.000331
褏褍屑褍褋邪	0.000267	0.040822	0.000011
褑邪褉褋褌胁芯	0.000267	0.127833	0.000034
褑邪褉褜	0.000267	0.116534	0.000031
褑胁械褌薪芯泄	0.000267	0.040822	0.000011
褑械谢褘泄	0.000267	1.714798	0.000459
褑械谢褜	0.000267	2.995732	0.000801
褑械薪懈褌械谢褜	0.000267	3.912023	0.001046
褑械薪薪褘泄	0.000267	0.040822	0.000011
褑械薪褌褉	0.000267	0.116534	0.000031
褔邪械屑褘泄	0.000267	0.116534	0.000031
褔邪泄	0.000802	0.040822	0.000033
褔邪褋褌械薪褜泻芯	0.000267	2.995732	0.000801
褔邪褋褌芯	0.000535	0.994252	0.000532
褔械斜褍褉械泻	0.000535	0.040822	0.000022
褔械褉泻懈蟹芯胁褘泄	0.000535	0.116534	0.000062
褔械褉薪芯褋谢懈胁	0.000535	2.995732	0.001602
褔械褋薪芯泻	0.002674	0.314711	0.000841
褔械褋褌薪芯	0.000535	1.203973	0.000644
褔械褋褌薪芯泄	0.000267	0.040822	0.000011
褔械褋褌褜	0.000267	2.659260	0.000711
褔械褔械胁懈褑邪	0.000267	0.040822	0.000011
褔械褕褋泻懈泄	0.000267	0.116534	0.000031
褔懈蟹泻械泄泻	0.001070	0.040822	0.000044
褔懈泻邪谐芯	0.000267	4.605170	0.001231
褔懈谢懈泄褋泻懈泄	0.000267	0.116534	0.000031
褔懈锌褋褘	0.000267	0.040822	0.000011
褔懈褋谢芯	0.000535	0.235722	0.000126
褔褍胁褋褌胁芯	0.000267	3.218876	0.000861
褔褍写芯	0.000267	0.116534	0.000031
褔褢褉薪褘泄	0.002674	0.356675	0.000954
褕邪谢邪褕	0.000267	3.218876	0.000861
褕邪屑锌懈薪褜芯薪	0.000535	1.237874	0.000662
褕邪褉懈泻	0.000267	0.040822	0.000011
褕邪褉谢芯褌泻邪	0.000535	0.040822	0.000022
褕邪褉屑	0.000267	0.116534	0.000031
褕邪褕谢褘泻	0.003476	0.040822	0.000142
褕胁械写褋泻懈泄	0.000267	0.116534	0.000031
褕胁械泄褑邪褉褋泻懈泄	0.000267	0.116534	0.000031
褕械写械胁褉	0.000267	0.116534	0.000031
褕械锌薪褍褌褜	0.000267	3.218876	0.000861
褕械褎	0.000267	0.127833	0.000034
褕懈锌褍褔泻邪	0.000267	0.040822	0.000011
褕懈褉芯泻懈泄	0.000267	0.127833	0.000034
褕泻芯谢邪	0.000267	0.116534	0.000031
褕芯泻芯谢邪写	0.000267	0.040822	0.000011
褕芯褌谢邪薪写褋泻懈泄	0.000267	0.116534	0.000031
褕褌褉褍写械谢褜	0.000267	0.040822	0.000011
褕褌褍泻邪	0.000267	2.120264	0.000567
褕褍斜邪	0.000535	2.407946	0.001288
褕褍褉锌邪	0.000267	0.040822	0.000011
褖械写褉褘泄	0.000267	0.116534	0.000031
褖懈	0.000535	0.040822	0.000022
褝泻谢械褉	0.000267	3.506558	0.000938
褝泻芯屑懈谢泻	0.000267	0.127833	0.000034
褝褋褌芯薪褋泻懈泄	0.000267	0.116534	0.000031
褞谐芯褋谢邪胁褋泻懈泄	0.000267	0.116534	0.000031
褟斜谢芯泻芯	0.001337	1.237874	0.001655
褟斜谢芯褔泻芯	0.000267	3.506558	0.000938
褟谐芯写薪褘泄	0.001070	0.105361	0.000113
褟蟹褘泻	0.000267	0.040822	0.000011
褟懈褔薪褘泄	0.000267	0.941609	0.000252
褟泄褑芯	0.006417	0.040822	0.000262
褟薪胁邪褉褜	0.000535	0.733969	0.000392
褟薪写械泻褋	0.000267	0.072571	0.000019
褟锌芯薪褋泻懈泄	0.000535	0.051293	0.000027
褟褉泻懈泄	0.000267	0.116534	0.000031
褟褉泻芯	0.000267	0.105361	0.000028
褟褉褍褋	0.000267	3.218876	0.000861
