谢械屑屑邪	TF	IDF	TF-IDF
邪斜褋芯谢褞褌薪芯	0.000284	1.832581	0.000520
邪斜褏邪蟹褋泻懈泄	0.000284	0.116534	0.000033
邪胁谐褍褋褌	0.000284	0.843970	0.000239
邪胁褋褌褉邪谢懈泄褋泻懈泄	0.000284	0.116534	0.000033
邪胁褋褌褉懈泄褋泻懈泄	0.000284	0.116534	0.000033
邪胁褌芯泻谢邪胁	0.000284	0.116534	0.000033
邪胁褌芯褉	0.000851	0.040822	0.000035
邪谐褉芯	0.000284	0.116534	0.000033
邪写卸懈泻邪	0.000284	0.040822	0.000012
邪蟹	0.000284	0.127833	0.000036
邪蟹械褉斜邪泄写卸邪薪褋泻懈泄	0.000284	0.116534	0.000033
邪蟹懈邪褌褋泻懈泄	0.000284	0.127833	0.000036
邪泄褉邪薪	0.000284	0.040822	0.000012
邪泻胁邪褌懈泻	0.000851	0.127833	0.000109
邪谢械泻褋邪薪写褉	0.000284	2.995732	0.000849
邪谢械泻褋械泄	0.000284	0.127833	0.000036
邪谢泻芯谐芯谢褜	0.000851	0.116534	0.000099
邪谢泻芯谐芯谢褜薪褘泄	0.000284	0.116534	0.000033
邪谢褜褟薪褋	0.000284	0.116534	0.000033
邪屑械褉懈泻邪	0.000284	2.207275	0.000626
邪屑械褉懈泻邪薪褋泻懈泄	0.000851	0.116534	0.000099
邪薪谐谢懈泄褋泻懈泄	0.000284	0.116534	0.000033
邪薪写褉械泄	0.000284	0.127833	0.000036
邪锌锌械褌懈褌薪褘泄	0.000284	1.832581	0.000520
邪锌褉械谢褜	0.000851	0.544727	0.000463
邪褉邪斜褋泻懈泄	0.000284	0.116534	0.000033
邪褉谐械薪褌懈薪褋泻懈泄	0.000284	0.116534	0.000033
邪褉屑褟薪褋泻懈泄	0.000284	0.116534	0.000033
邪褉芯屑邪褌	0.000284	0.820981	0.000233
邪褋褋芯褉褌懈	0.000567	0.116534	0.000066
邪褌谢邪薪褌	0.000284	0.116534	0.000033
邪褎谐邪薪褋泻懈泄	0.000284	0.116534	0.000033
邪褎褉懈泻邪薪褋泻懈泄	0.000284	0.116534	0.000033
邪褝褉芯谐褉懈谢褜	0.002835	0.116534	0.000330
斜邪斜懈褔	0.000284	1.514128	0.000429
斜邪泻谢邪卸邪薪	0.000284	0.040822	0.000012
斜邪谢褌泻芯屑邪	0.000284	0.127833	0.000036
斜邪褉邪薪懈薪邪	0.001134	0.116534	0.000132
斜邪褋屑邪褌懈	0.000567	0.127833	0.000072
斜邪褋褌褍褉屑	0.000284	0.040822	0.000012
斜邪褋褌褍褉屑邪	0.000284	0.040822	0.000012
斜邪褌芯薪褔懈泻	0.000284	0.127833	0.000036
斜邪褕泻懈褉褋泻懈泄	0.000284	0.116534	0.000033
斜械蟹邪谢泻芯谐芯谢褜薪褘泄	0.000284	0.116534	0.000033
斜械蟹谐谢褞褌械薪芯胁芯械	0.000284	0.116534	0.000033
斜械蟹械	0.001134	0.040822	0.000046
斜械蟹屑械褉薪芯	0.000284	2.659260	0.000754
斜械谢械斜械械胁褋泻懈泄	0.000567	0.116534	0.000066
斜械谢芯泻芯褔邪薪薪褘泄	0.001134	0.967584	0.001097
斜械谢芯褉褍褋褋泻懈泄	0.000284	0.116534	0.000033
斜械谢褜谐懈泄褋泻懈泄	0.000284	0.116534	0.000033
斜械褉械屑械薪薪邪褟	0.000284	0.116534	0.000033
斜械褋械写懈薪	0.000284	0.127833	0.000036
斜械褋锌芯写芯斜薪褘泄	0.000284	1.560648	0.000442
斜懈褋泻胁懈褌	0.001701	0.040822	0.000069
斜懈褋泻胁懈褌薪褘泄	0.001418	0.105361	0.000149
斜懈褌芯褔械泻	0.000284	1.897120	0.000538
斜谢邪谐芯写邪褉薪褘泄	0.000284	1.660731	0.000471
斜谢邪谐芯写邪褉褟	0.000284	1.897120	0.000538
斜谢懈蟹泻懈泄	0.000567	0.116534	0.000066
斜谢懈薪	0.003969	0.040822	0.000162
斜谢懈薪褔懈泻	0.000851	1.714798	0.001459
斜谢懈褑	0.000284	2.207275	0.000626
斜谢褞写芯	0.028636	0.040822	0.001169
斜芯斜芯胁褘泄	0.002268	0.116534	0.000264
斜芯谢谐邪褉褋泻懈泄	0.000567	0.116534	0.000066
斜芯谢褜薪芯	0.000284	1.966113	0.000557
斜芯谢褜褕芯泄	0.001701	0.094311	0.000160
斜芯褉褖	0.001418	0.040822	0.000058
斜芯褌胁懈薪褜褟	0.000284	0.040822	0.000012
斜褉邪蟹懈谢褜褋泻懈泄	0.000284	0.116534	0.000033
斜褉邪褍蟹械褉	0.000284	0.040822	0.000012
斜褉邪褍薪懈	0.000284	0.040822	0.000012
斜褉械褋褌	0.000284	0.127833	0.000036
斜褉芯泻泻芯谢懈	0.000284	0.040822	0.000012
斜褍卸械薪懈薪邪	0.000284	0.040822	0.000012
斜褍谢芯褔泻邪	0.001134	0.040822	0.000046
斜褍谢褜芯薪	0.003969	0.040822	0.000162
斜褍褉谐械褉	0.000567	0.040822	0.000023
斜褍褉褟褌褋泻懈泄	0.000284	0.116534	0.000033
斜褍褌械褉斜褉芯写	0.001134	0.040822	0.000046
斜褍褌褘谢泻邪	0.000851	2.813411	0.002393
斜褍褌褘谢芯褔泻邪	0.000284	2.813411	0.000798
斜褘褋褌褉芯	0.000567	0.094311	0.000053
斜褘褋褌褉褘泄	0.001418	0.094311	0.000134
胁邪卸薪褘泄	0.000284	0.116534	0.000033
胁邪谢谢懈泄褋泻懈泄	0.000284	0.116534	0.000033
胁邪薪懈谢褜薪褘泄	0.001134	1.347074	0.001528
胁邪褉械薪懈械	0.000567	0.040822	0.000023
胁邪褉械薪懈泻	0.000851	0.116534	0.000099
胁邪褉懈邪薪褌	0.000567	0.356675	0.000202
胁邪褉泻邪	0.000284	1.832581	0.000520
胁邪褌褉褍褕泻邪	0.000284	0.040822	0.000012
胁邪褎谢褟	0.000567	0.040822	0.000023
胁邪褕	0.001134	0.000000	0.000000
胁胁芯写懈褌褜	0.000284	0.040822	0.000012
胁写芯褏薪芯胁械薪懈械	0.001701	0.116534	0.000198
胁写芯褏薪芯胁谢褟褌褜褋褟	0.000284	0.116534	0.000033
胁械谐械褌邪褉懈邪薪褋泻懈泄	0.000567	0.116534	0.000066
胁械泻	0.000284	2.120264	0.000601
胁械谢懈泻懈泄	0.000567	0.116534	0.000066
胁械谢懈泻芯谢械锌薪械泄褕械懈泄	0.000284	2.659260	0.000754
胁械谢懈泻芯谢械锌薪褘泄	0.000567	1.427116	0.000809
胁械薪谐械褉褋泻懈泄	0.000284	0.116534	0.000033
胁械褋械薪薪懈泄	0.000284	0.051293	0.000015
胁械褋薪邪	0.001701	0.116534	0.000198
胁械褌褔懈薪邪	0.000851	0.094311	0.000080
胁蟹谐谢褟写	0.000284	1.427116	0.000405
胁懈写	0.000284	0.776529	0.000220
胁懈写械芯	0.000567	0.116534	0.000066
胁懈写械芯褉械褑械锌褌	0.000284	0.301105	0.000085
胁懈薪芯	0.000567	0.040822	0.000023
胁泻褍褋	0.003686	0.105361	0.000388
胁泻褍褋薪芯	0.000851	0.094311	0.000080
胁泻褍褋薪褘泄	0.003402	0.061875	0.000211
胁谢褞斜懈褌褜	0.000284	0.116534	0.000033
胁屑械褋褌械	0.000284	0.916291	0.000260
胁薪邪褔邪谢械	0.001134	0.248461	0.000282
胁薪褍褌褉懈	0.000284	1.469676	0.000417
胁芯写邪	0.004253	0.094311	0.000401
胁芯蟹写褍褕薪褘泄	0.000284	1.469676	0.000417
胁芯蟹屑芯卸薪芯	0.000567	1.469676	0.000833
胁芯泄褌懈	0.000284	0.000000	0.000000
胁芯谢薪芯胁邪褌褜	0.000284	2.407946	0.000683
胁芯谢芯胁邪薪	0.000284	0.116534	0.000033
胁芯谢褕械斜薪褘泄	0.000284	0.116534	0.000033
胁芯谢褕械斜褋褌胁芯	0.000284	0.116534	0.000033
胁芯锌褉芯褋	0.000284	0.000000	0.000000
胁芯褋泻褉械褋薪褘泄	0.000284	2.302585	0.000653
胁芯褋褌芯褔薪褘泄	0.000284	0.127833	0.000036
胁锌械褉械写懈	0.000284	2.407946	0.000683
胁锌褉芯泻	0.000284	2.813411	0.000798
胁褉邪褌褜	0.000284	2.407946	0.000683
胁褉械屑褟	0.002552	0.105361	0.000269
胁褋锌芯屑薪懈褌褜	0.000284	0.040822	0.000012
胁褌芯褉芯械	0.000284	0.116534	0.000033
胁褌芯褉芯泄	0.000284	0.116534	0.000033
胁褏芯写	0.000851	0.030459	0.000026
胁褘泄褌懈	0.000284	0.040822	0.000012
胁褘锌械褔泻邪	0.009640	0.040822	0.000394
胁褘褉褍褔邪谢芯褔泻邪	0.000567	1.560648	0.000885
胁褘褌械泻邪褌褜	0.000284	2.813411	0.000798
胁褘褏芯写薪芯泄	0.000284	2.040221	0.000578
胁褜械褌薪邪屑褋泻懈泄	0.000284	0.116534	0.000033
胁褟蟹邪谢褜薪褘泄	0.000284	2.995732	0.000849
谐邪胁邪泄褋泻懈泄	0.000284	0.116534	0.000033
谐邪蟹械褌邪	0.000284	2.207275	0.000626
谐邪褉薪懈褉	0.001418	0.040822	0.000058
谐邪褋锌邪褔芯	0.000284	0.040822	0.000012
谐械芯谐褉邪褎懈褟	0.000284	0.116534	0.000033
谐谢邪胁薪褘泄	0.000284	0.040822	0.000012
谐谢邪蟹褍褉褜	0.000851	0.040822	0.000035
谐谢懈薪褌胁械泄薪	0.000284	0.040822	0.000012
谐芯胁褟写懈薪邪	0.001134	0.116534	0.000132
谐芯写	0.007655	0.083382	0.000638
谐芯谢谢邪薪写褋泻懈泄	0.000284	0.116534	0.000033
谐芯褉芯写	0.000284	0.116534	0.000033
谐芯褉芯褏	0.000284	0.116534	0.000033
谐芯褉褔懈褑邪	0.000851	0.040822	0.000035
谐芯褉褕芯褔械泻	0.000567	0.040822	0.000023
谐芯褉褟褔械械	0.000567	0.116534	0.000066
谐芯褉褟褔懈泄	0.011341	0.105361	0.001195
谐芯褋褌褜	0.000284	0.116534	0.000033
谐芯褌芯胁懈褌褜	0.004536	0.083382	0.000378
谐芯褌芯胁懈褌褜褋褟	0.000567	0.371064	0.000210
谐芯褌芯胁褘泄	0.001134	0.755023	0.000856
谐褉械薪泻邪	0.000567	0.040822	0.000023
谐褉械褔械褋泻懈泄	0.000284	0.116534	0.000033
谐褉械褔泻邪	0.000284	0.040822	0.000012
谐褉懈斜	0.002835	0.040822	0.000116
谐褉懈斜薪芯泄	0.000567	0.040822	0.000023
谐褉懈谢褜	0.002835	0.105361	0.000299
谐褉懈谢褜屑邪薪懈褟	0.000284	0.116534	0.000033
谐褉芯谐	0.000284	0.040822	0.000012
谐褉褍蟹懈薪褋泻懈泄	0.000284	0.116534	0.000033
谐褉褍锌锌邪	0.000284	0.061875	0.000018
谐褍褉屑	0.000284	0.127833	0.000036
谐褍褉屑邪薪懈褟	0.001701	0.116534	0.000198
谐褍褋褜	0.000567	0.105361	0.000060
写邪胁邪褌褜	0.000284	0.040822	0.000012
写邪胁薪芯	0.000284	0.967584	0.000274
写邪胁薪褘泄	0.000284	2.407946	0.000683
写邪薪薪褘械	0.000284	0.040822	0.000012
写邪褉	0.000284	0.116534	0.000033
写邪褌邪	0.000567	0.248461	0.000141
写邪褌褋泻懈泄	0.000284	0.116534	0.000033
写邪褌褜	0.000284	0.040822	0.000012
写邪褔薪褘泄	0.000851	0.116534	0.000099
写胁械褉褜	0.000284	2.302585	0.000653
写械胁芯褔泻邪	0.000567	1.171183	0.000664
写械泻邪斜褉褜	0.000567	0.597837	0.000339
写械泻芯褉	0.000284	0.127833	0.000036
写械谢邪褌褜	0.000851	0.083382	0.000071
写械谢邪褌褜褋褟	0.000567	1.203973	0.000683
写械谢懈褌褜褋褟	0.000284	0.040822	0.000012
写械谢芯	0.000567	0.105361	0.000060
写械薪褜	0.001985	0.040822	0.000081
写械锌褉械褋褋懈褟	0.000284	2.302585	0.000653
写械褉卸邪褌褜	0.000284	2.407946	0.000683
写械褉卸邪褌褜褋褟	0.000284	2.302585	0.000653
写械褋械褉褌	0.004820	0.040822	0.000197
写械褋械褉褌邪褑懈褟	0.000284	0.116534	0.000033
写械褋械褉褌薪褘泄	0.000284	0.116534	0.000033
写卸械屑	0.000284	0.040822	0.000012
写卸械屑邪	0.000284	0.040822	0.000012
写蟹械薪	0.000284	0.116534	0.000033
写懈械褌邪	0.000567	0.094311	0.000053
写懈泻懈泄	0.000851	0.116534	0.000099
写懈锌	0.000284	0.116534	0.000033
写懈褔褜	0.000851	0.116534	0.000099
写谢懈褌械谢褜薪褘泄	0.000284	2.207275	0.000626
写薪械胁薪懈泻	0.000284	0.061875	0.000018
写芯斜邪胁懈褌褜	0.000284	0.083382	0.000024
写芯斜邪胁谢械薪懈械	0.000284	0.223144	0.000063
写芯斜邪胁谢褟褌褜	0.000284	0.040822	0.000012
写芯斜褉芯褎谢芯褌	0.000284	0.127833	0.000036
写芯胁械褉褟褌褜	0.000284	0.116534	0.000033
写芯胁芯谢褜薪芯	0.000284	1.609438	0.000456
写芯谢卸薪褘泄	0.001418	1.078810	0.001529
写芯屑	0.002835	0.040822	0.000116
写芯屑邪褕薪懈泄	0.003969	0.040822	0.000162
写芯屑芯褏芯蟹褟泄泻邪	0.000284	2.302585	0.000653
写芯褉芯谐芯泄	0.000284	1.139434	0.000323
写芯褋褌芯懈薪褋褌胁芯	0.000284	2.120264	0.000601
写褉邪泄胁	0.001418	0.127833	0.000181
写褉芯卸卸械胁芯泄	0.001134	0.116534	0.000132
写褉芯卸卸懈	0.001701	0.916291	0.001559
写褍屑邪褌褜	0.000284	0.634878	0.000180
写褍褏芯胁泻邪	0.001134	0.105361	0.000119
写褍褕邪	0.000851	0.105361	0.000090
械胁褉械泄褋泻懈泄	0.000284	0.116534	0.000033
械谐懈锌械褌褋泻懈泄	0.000284	0.116534	0.000033
械写懈薪褘泄	0.000284	0.000000	0.000000
械卸械谐芯写薪芯	0.000284	2.407946	0.000683
械泻芯	0.000284	0.127833	0.000036
卸邪褉懈褌褜	0.000284	1.347074	0.000382
卸邪褉泻芯械	0.000284	0.040822	0.000012
卸械谢邪械屑褘泄	0.000284	1.469676	0.000417
卸械谢邪薪懈械	0.000284	1.771957	0.000502
卸械谢械	0.000851	0.040822	0.000035
卸械薪褋泻懈泄	0.000567	0.020203	0.000011
卸械薪褖懈薪邪	0.000567	0.061875	0.000035
卸懈蟹薪褜	0.000567	0.040822	0.000023
卸褍谢褜械薪	0.000284	0.040822	0.000012
卸褍褉薪邪谢	0.000284	0.072571	0.000021
卸褞谢褜械薪	0.000284	0.040822	0.000012
卸褞谢褜薪褘泄	0.000284	0.040822	0.000012
蟹邪胁邪褉薪芯泄	0.001134	0.116534	0.000132
蟹邪胁懈褋械褌褜	0.000284	2.120264	0.000601
蟹邪胁褌褉邪泻	0.002835	0.094311	0.000267
蟹邪谐芯褌芯胁懈褌褜	0.000284	3.218876	0.000913
蟹邪谐芯褌芯胁泻邪	0.001134	0.040822	0.000046
蟹邪写邪胁邪褌褜	0.000284	0.040822	0.000012
蟹邪泻胁邪褋泻邪	0.000851	0.040822	0.000035
蟹邪泻褉褘褌褘泄	0.000284	0.116534	0.000033
蟹邪泻褍褋泻邪	0.006238	0.040822	0.000255
蟹邪泻褍褋芯薪褔懈泻	0.000284	0.116534	0.000033
蟹邪泻褍褋芯褔泻邪	0.000284	0.116534	0.000033
蟹邪泻褍褋芯褔薪邪褟	0.002552	0.116534	0.000297
蟹邪谢邪屑懈薪懈褉芯胁邪褌褜	0.000284	2.407946	0.000683
蟹邪谢懈胁薪芯械	0.000567	0.040822	0.000023
蟹邪屑械褋	0.000284	2.302585	0.000653
蟹邪屑械褔邪褌械谢褜薪褘泄	0.000851	0.713350	0.000607
蟹邪屑芯褉芯蟹懈褌褜	0.000284	2.302585	0.000653
蟹邪屑芯褉芯蟹泻邪	0.000284	0.105361	0.000030
蟹邪锌邪写	0.000284	0.116534	0.000033
蟹邪锌械泻邪薪懈械	0.000284	1.514128	0.000429
蟹邪锌械泻邪薪泻邪	0.003119	0.040822	0.000127
蟹邪锌褉邪胁泻邪	0.000567	0.040822	0.000023
蟹邪褉械谐懈褋褌褉懈褉芯胁邪褌褜褋褟	0.000567	0.030459	0.000017
蟹邪褋芯谢泻邪	0.000284	0.116534	0.000033
蟹邪褏芯写懈褌褜	0.000284	0.733969	0.000208
蟹邪褟胁谢褟褌褜	0.000284	1.771957	0.000502
蟹邪褟褑	0.000567	0.116534	0.000066
蟹胁邪薪褘泄	0.000284	0.127833	0.000036
蟹胁械蟹写邪	0.000284	0.116534	0.000033
蟹胁褢蟹写薪褘泄	0.000284	0.116534	0.000033
蟹写芯褉芯胁褘泄	0.000567	0.116534	0.000066
蟹械谢械薪褜	0.000567	0.094311	0.000053
蟹械谢褢薪褘泄	0.000567	0.820981	0.000466
蟹械褎懈褉	0.000284	0.040822	0.000012
蟹懈屑邪	0.001134	0.040822	0.000046
蟹懈屑薪懈泄	0.000284	0.051293	0.000015
蟹薪邪褌褜	0.000567	0.462035	0.000262
蟹芯谢芯褌芯泄	0.000284	0.116534	0.000033
懈胁邪薪芯胁	0.000284	0.127833	0.000036
懈写械邪谢褜薪芯	0.000284	1.514128	0.000429
懈写械邪谢褜薪褘泄	0.001985	0.116534	0.000231
懈写械泄泻邪	0.000567	0.116534	0.000066
懈蟹胁械褋褌薪褘泄	0.000567	1.049822	0.000595
懈蟹写械谢懈械	0.005671	0.116534	0.000661
懈蟹褍屑懈褌械谢褜薪褘泄	0.000284	1.714798	0.000486
懈泻褉邪	0.000851	0.040822	0.000035
懈屑械褌褜	0.000284	1.171183	0.000332
懈屑褟	0.000284	0.030459	0.000009
懈薪邪褔械	0.000284	1.897120	0.000538
懈薪胁械褉褌芯褉薪褘泄	0.000284	0.127833	0.000036
懈薪谐褉械写懈械薪褌	0.009640	0.139262	0.001342
懈薪写械泄泻邪	0.001701	0.094311	0.000160
懈薪写懈泄褋泻懈泄	0.000284	0.116534	0.000033
懈薪写懈谢邪泄褌邪	0.000851	0.116534	0.000099
懈薪写懈褉械褋薪褘泄	0.000284	0.116534	0.000033
懈薪械褌	0.000567	1.771957	0.001005
懈薪褋褌褉褍泻褑懈褟	0.000284	0.030459	0.000009
懈薪褌械褉械褋薪褘泄	0.000284	0.916291	0.000260
懈薪褌械褉薪械褌	0.000284	0.967584	0.000274
懈褉邪泻褋泻懈泄	0.000284	0.116534	0.000033
懈褉邪薪褋泻懈泄	0.000284	0.116534	0.000033
懈褉谢邪薪写褋泻懈泄	0.000284	0.116534	0.000033
懈褉褉械蟹邪	0.000284	1.347074	0.000382
懈褋泻邪褌褜	0.000284	1.108663	0.000314
懈褋泻谢褞褔懈褌褜	0.000284	1.469676	0.000417
懈褋泻褉械薪薪械	0.000284	0.116534	0.000033
懈褋谢邪薪写褋泻懈泄	0.000284	0.116534	0.000033
懈褋锌邪薪褋泻懈泄	0.000284	0.116534	0.000033
懈褋锌械褔褜	0.000284	0.105361	0.000030
懈褋锌芯谢褜蟹芯胁邪褌褜褋褟	0.000284	1.714798	0.000486
懈褋锌褘褌褘胁邪褌褜	0.000284	2.407946	0.000683
懈褋褌芯褉懈褟	0.001701	0.116534	0.000198
懈褌邪谢懈褟	0.000567	0.105361	0.000060
懈褌邪谢褜褟薪褋泻懈泄	0.000284	0.105361	0.000030
懈褞谢褜	0.000284	0.579818	0.000164
懈褞薪褜	0.000284	0.562119	0.000159
泄芯谐褍褉褌	0.000851	0.040822	0.000035
泄芯褉泻	0.000284	2.407946	0.000683
泻邪斜邪褔芯泻	0.000284	0.040822	0.000012
泻邪胁泻邪蟹褋泻懈泄	0.000284	0.116534	0.000033
泻邪蟹邪薪	0.000284	0.116534	0.000033
泻邪蟹邪褌褜褋褟	0.000284	1.139434	0.000323
泻邪蟹邪褏褋泻懈泄	0.000284	0.116534	0.000033
泻邪泻邪芯	0.001134	0.040822	0.000046
泻邪谢械泄写芯褋泻芯锌	0.001134	0.116534	0.000132
泻邪谢屑褘褑泻懈泄	0.000284	0.116534	0.000033
泻邪谢褜屑邪褉	0.000284	0.040822	0.000012
泻邪谢褜褑芯薪	0.000284	2.813411	0.000798
泻邪屑械褉邪	0.000284	0.116534	0.000033
泻邪薪邪写褋泻懈泄	0.000284	0.116534	0.000033
泻邪薪邪谢	0.000851	0.040822	0.000035
泻邪薪邪锌械	0.000567	0.040822	0.000023
泻邪锌褍褋褌邪	0.002552	0.040822	0.000104
泻邪锌褍褋褌薪褘泄	0.000284	1.609438	0.000456
泻邪锌褍褋褌薪褟泻	0.000284	0.040822	0.000012
泻邪褉邪屑械谢褜	0.000284	0.040822	0.000012
泻邪褉泻邪褋薪褘泄	0.001134	0.116534	0.000132
泻邪褉褉芯谢谢褌芯薪	0.000284	3.506558	0.000994
泻邪褉褌芯褎械谢褜	0.000284	0.040822	0.000012
泻邪褉褌芯褎械谢褜薪褘泄	0.000567	0.040822	0.000023
泻邪褉褌芯褕泻邪	0.000567	0.040822	0.000023
泻邪褋谢	0.000284	3.506558	0.000994
泻邪褌械谐芯褉懈褟	0.004820	0.116534	0.000562
泻邪褌懈褑邪	0.000284	3.218876	0.000913
泻邪褔械褋褌胁芯	0.000567	0.105361	0.000060
泻邪褕邪	0.001985	0.040822	0.000081
泻胁邪褋	0.001134	0.040822	0.000046
泻胁邪褋薪芯泄	0.000851	0.116534	0.000099
泻械泻褋	0.001134	0.040822	0.000046
泻械褎懈褉	0.000851	0.040822	0.000035
泻懈屑褔邪褌褜	0.000284	0.040822	0.000012
泻懈薪芯邪	0.000567	0.127833	0.000072
泻懈薪芯谢械薪褌邪	0.000284	0.116534	0.000033
泻懈褋械谢褜	0.000567	0.040822	0.000023
泻懈褌邪泄褋泻懈泄	0.000567	0.116534	0.000066
泻谢邪褋褋	0.002552	0.116534	0.000297
泻薪懈谐邪	0.000567	0.040822	0.000023
泻芯泻褌械泄谢褜	0.001701	0.040822	0.000069
泻芯谢斜邪褋邪	0.000567	0.040822	0.000023
泻芯谢斜邪褋薪褘泄	0.000851	0.116534	0.000099
泻芯屑邪薪写邪	0.000567	0.127833	0.000072
泻芯屑懈	0.000284	0.116534	0.000033
泻芯屑屑械薪褌邪褉懈泄	0.000284	0.127833	0.000036
泻芯屑锌邪薪懈褟	0.000284	0.105361	0.000030
泻芯屑锌芯褌	0.000851	0.040822	0.000035
泻芯薪械褔薪芯	0.000567	0.527633	0.000299
泻芯薪懈薪邪	0.000284	0.116534	0.000033
泻芯薪泻褍褉褋	0.061242	0.040822	0.002500
泻芯薪泻褍褉褋薪褘泄	0.000284	0.127833	0.000036
泻芯薪褋械褉胁懈褉芯胁邪薪懈械	0.000284	0.040822	0.000012
泻芯薪褋械褉胁懈褉芯胁邪薪薪褘泄	0.001418	0.116534	0.000165
泻芯薪褎械褌邪	0.000851	0.040822	0.000035
泻芯薪褎械褌褌懈	0.000284	0.116534	0.000033
泻芯薪褎懈写械薪褑懈邪谢褜薪芯褋褌褜	0.000284	0.040822	0.000012
泻芯薪褎懈褌褞褉	0.000284	0.040822	0.000012
泻芯锌褔褢薪芯褋褌褜	0.000284	0.116534	0.000033
泻芯褉械泄褋泻懈	0.000284	0.040822	0.000012
泻芯褉械泄褋泻懈泄	0.000284	0.105361	0.000030
泻芯褉卸	0.000284	2.120264	0.000601
泻芯褉卸懈泻	0.000284	0.040822	0.000012
泻芯褉懈褑邪	0.000567	1.347074	0.000764
泻芯褉懈褔薪械胁褘泄	0.000567	1.272966	0.000722
泻芯褉屑懈褌褜	0.000284	0.116534	0.000033
泻芯褉薪褍褝谢褜褋泻懈泄	0.000284	2.525729	0.000716
泻芯褌谢械褌邪	0.000284	0.040822	0.000012
泻芯褎械	0.000567	0.040822	0.000023
泻芯褎械褢泻	0.000284	2.659260	0.000754
泻褉邪褋邪胁械褑	0.000284	2.659260	0.000754
泻褉邪褋泻邪	0.000284	0.116534	0.000033
泻褉械邪褌懈胁	0.000284	0.127833	0.000036
泻褉械屑	0.000851	0.040822	0.000035
泻褉械锌泻懈泄	0.000284	0.116534	0.000033
泻褉芯谢懈泻	0.000567	0.116534	0.000066
泻褉芯屑械	0.000284	0.061875	0.000018
泻褉芯褏邪	0.000284	0.116534	0.000033
泻褉褍谐	0.000567	0.116534	0.000066
泻褉褍锌	0.001701	0.105361	0.000179
泻褉褍锌邪	0.002552	0.116534	0.000297
泻褉褍锌褟薪芯泄	0.000284	0.116534	0.000033
泻褉褘褌褘泄	0.000284	3.506558	0.000994
泻褋褌邪褌懈	0.000284	1.237874	0.000351
泻褍斜懈薪褋泻懈泄	0.000284	0.116534	0.000033
泻褍谢械褕	0.000284	0.040822	0.000012
泻褍谢懈薪邪褉	0.000284	1.386294	0.000393
泻褍谢懈薪邪褉懈褟	0.000851	0.094311	0.000080
泻褍谢懈薪邪褉薪褘泄	0.001701	0.000000	0.000000
泻褍谢懈褔	0.000851	0.040822	0.000035
泻褍薪卸褍褌	0.000567	0.994252	0.000564
泻褍褉写褋泻懈泄	0.000284	0.116534	0.000033
泻褍褉懈薪褘泄	0.005103	0.094311	0.000481
泻褍褉懈褑邪	0.001134	0.040822	0.000046
泻褍褉芯褔泻邪	0.000284	0.116534	0.000033
泻褍褋泻褍褋	0.000284	0.040822	0.000012
泻褍褏薪褟	0.002552	0.040822	0.000104
谢邪胁邪褕	0.001985	0.040822	0.000081
谢邪谐屑邪薪	0.000567	0.040822	0.000023
谢邪泻芯屑褋褌胁芯	0.000284	0.116534	0.000033
谢邪锌褕邪	0.000567	0.040822	0.000023
谢邪褌褘褕褋泻懈泄	0.000284	0.116534	0.000033
谢械谐械薪写邪	0.000284	2.120264	0.000601
谢械谐泻芯	0.001985	0.116534	0.000231
谢械锌泻邪	0.000284	2.407946	0.000683
谢械锌褢褕泻邪	0.002552	0.040822	0.000104
谢械褌薪懈泄	0.000567	0.040822	0.000023
谢械褌芯	0.001701	0.116534	0.000198
谢械褔芯	0.000284	0.040822	0.000012
谢懈谐邪	0.000851	0.116534	0.000099
谢懈泻褢褉	0.000284	0.040822	0.000012
谢懈屑芯薪邪写	0.000567	0.040822	0.000023
谢懈褌芯胁褋泻	0.000284	0.127833	0.000036
谢懈褌芯胁褋泻懈泄	0.000284	0.116534	0.000033
谢芯锌薪褍褌褜	0.000284	2.407946	0.000683
谢褍泻	0.001134	0.301105	0.000341
谢褞斜懈屑褘泄	0.002268	0.116534	0.000264
谢褞斜芯胁褜	0.000567	0.105361	0.000060
谢褞斜芯泄	0.000567	0.094311	0.000053
谢褢谐泻懈泄	0.001134	0.094311	0.000107
谢褢写	0.000284	0.116534	0.000033
屑邪谐褉懈斜	0.000284	0.116534	0.000033
屑邪泄	0.000567	0.116534	0.000066
屑邪泄芯薪械蟹	0.000851	0.116534	0.000099
屑邪泻邪褉芯薪薪褘泄	0.000284	0.116534	0.000033
屑邪泻邪褉芯薪褘	0.000284	0.040822	0.000012
屑邪谢邪蟹懈泄褋泻懈泄	0.000284	0.116534	0.000033
屑邪屑邪	0.000284	1.469676	0.000417
屑邪薪薪懈泻	0.000284	0.040822	0.000012
屑邪薪褋邪褉写邪	0.000284	0.755023	0.000214
屑邪薪褌邪	0.000284	0.116534	0.000033
屑邪薪褢胁褉	0.000284	0.116534	0.000033
屑邪褉邪褎芯薪	0.000851	0.116534	0.000099
屑邪褉懈薪邪写	0.003402	0.040822	0.000139
屑邪褉懈薪芯胁邪褌褜	0.000284	0.116534	0.000033
屑邪褉屑械谢邪写	0.000284	0.040822	0.000012
屑邪褉芯泻泻邪薪褋泻懈泄	0.000284	0.116534	0.000033
屑邪褉褌	0.001985	0.105361	0.000209
屑邪褋泻邪褉锌芯薪	0.000284	0.040822	0.000012
屑邪褋谢械薪懈褑邪	0.000851	0.040822	0.000035
屑邪褋谢械薪懈褔薪褘泄	0.000284	0.116534	0.000033
屑邪褋谢芯	0.007655	0.105361	0.000807
屑邪褋褌械褉	0.002552	0.116534	0.000297
屑邪褋褌懈泻邪	0.000567	0.040822	0.000023
屑邪褎褎懈薪邪	0.000284	0.116534	0.000033
屑邪褏械械胁褗	0.001134	0.116534	0.000132
屑械写懈邪褎芯褉褌	0.000851	0.000000	0.000000
屑械写芯胁褘泄	0.000284	0.116534	0.000033
屑械泻褋懈泻邪薪褋泻懈泄	0.000284	0.116534	0.000033
屑械薪褞	0.000284	0.116534	0.000033
屑械薪褟褌褜褋褟	0.000284	0.116534	0.000033
屑械褉邪	0.000284	1.832581	0.000520
屑械褔褌邪	0.000851	0.040822	0.000035
屑懈写懈褟	0.000284	0.040822	0.000012
屑懈泻褉芯胁芯谢薪芯胁泻邪	0.000284	0.105361	0.000030
屑懈谢芯褋褌褜	0.000284	1.897120	0.000538
屑懈谢褜褟	0.000284	0.116534	0.000033
屑懈薪褍褌邪	0.000567	0.544727	0.000309
屑懈芯	0.000284	0.116534	0.000033
屑懈褉	0.000567	0.105361	0.000060
屑懈褉芯胁芯泄	0.000284	0.116534	0.000033
屑懈褋芯	0.000284	0.040822	0.000012
屑懈褋褌械褉懈褟	0.000284	0.116534	0.000033
屑懈褋褌褉邪谢褜	0.001985	0.116534	0.000231
屑屑屑屑屑屑屑屑	0.000284	2.659260	0.000754
屑薪芯谐芯褋褌褉邪写邪谢褜薪褘泄	0.000284	2.407946	0.000683
屑薪芯谐芯褔懈褋谢械薪薪褘泄	0.000284	2.302585	0.000653
屑薪芯卸械褋褌胁芯	0.000284	0.040822	0.000012
屑芯泄	0.001134	0.083382	0.000095
屑芯谢写邪胁褋泻懈泄	0.000284	0.116534	0.000033
屑芯谢薪懈械薪芯褋薪芯	0.000284	2.407946	0.000683
屑芯谢芯泻芯	0.002552	0.083382	0.000213
屑芯谢芯褔薪褘泄	0.000851	0.040822	0.000035
屑芯屑械薪褌	0.000851	0.105361	0.000090
屑芯薪谐芯谢褜褋泻懈泄	0.000284	0.116534	0.000033
屑芯褉械	0.000284	0.116534	0.000033
屑芯褉械锌褉芯写褍泻褌	0.003686	0.040822	0.000150
屑芯褉泻芯胁褜	0.000851	0.040822	0.000035
屑芯褉芯卸械薪芯械	0.000851	0.040822	0.000035
屑芯褉芯蟹懈谢褜薪懈泻	0.000284	2.995732	0.000849
屑芯褉褋	0.000567	0.040822	0.000023
屑芯褌芯褉	0.000284	0.116534	0.000033
屑芯褏懈褌褘泄	0.000284	0.040822	0.000012
屑芯褔褜	0.000284	0.000000	0.000000
屑褍卸褋泻芯泄	0.000284	0.127833	0.000036
屑褍卸褔懈薪邪	0.000567	0.116534	0.000066
屑褍泻邪	0.008506	0.248461	0.002113
屑褍谢褜褌懈胁邪褉泻邪	0.010774	0.116534	0.001256
屑褍谢褜褌懈锌械泻邪褉褜	0.000851	0.116534	0.000099
屑褍褋褋	0.000284	0.040822	0.000012
屑褍褋褋邪	0.000851	0.040822	0.000035
屑褍褔薪芯泄	0.000284	0.116534	0.000033
屑褞褋谢懈	0.000567	0.116534	0.000066
屑褟谐泻懈泄	0.000284	0.755023	0.000214
屑褟褋薪芯泄	0.003402	0.040822	0.000139
屑褟褋芯	0.006521	0.040822	0.000266
薪邪斜芯褉	0.000284	1.660731	0.000471
薪邪写芯斜薪芯褋褌褜	0.000284	2.995732	0.000849
薪邪写褢卸薪芯	0.000284	2.813411	0.000798
薪邪蟹薪邪褔械薪懈械	0.000284	0.116534	0.000033
薪邪泄褌懈	0.000567	0.446287	0.000253
薪邪泻芯薪械褑	0.000284	1.609438	0.000456
薪邪谢懈胁泻邪	0.000284	0.040822	0.000012
薪邪锌械褔邪褌邪褌褜	0.000284	2.407946	0.000683
薪邪锌懈褌芯泻	0.001985	0.040822	0.000081
薪邪褋泻芯谢褜泻芯	0.000567	1.427116	0.000809
薪邪褋谢邪写懈褌褜褋褟	0.000284	2.120264	0.000601
薪邪褋褌芯泄泻邪	0.000284	0.040822	0.000012
薪邪褋褌芯褟褌械谢褜薪芯	0.000284	2.040221	0.000578
薪邪褋褌褉邪懈胁邪褌褜	0.000284	2.995732	0.000849
薪邪褋褌褉芯械薪懈械	0.000284	0.116534	0.000033
薪邪褏芯写泻邪	0.000284	2.407946	0.000683
薪邪褑懈芯薪邪谢褜薪褘泄	0.000284	0.116534	0.000033
薪邪褔邪谢芯	0.000567	1.514128	0.000859
薪邪褔懈薪泻邪	0.002835	0.040822	0.000116
薪邪褔懈薪褟褌褜	0.000284	2.995732	0.000849
薪邪褕	0.000851	0.040822	0.000035
薪械斜褘谢懈褑邪	0.000284	2.407946	0.000683
薪械胁芯蟹屑芯卸薪芯	0.000567	1.347074	0.000764
薪械写械谢褟	0.002835	0.051293	0.000145
薪械卸薪褘泄	0.000284	0.094311	0.000027
薪械屑械褑泻懈泄	0.000284	0.116534	0.000033
薪械屑薪芯谐芯	0.000284	1.203973	0.000341
薪械芯斜褏芯写懈屑芯褋褌褜	0.000284	3.218876	0.000913
薪械芯斜褘褔薪褘泄	0.000284	0.916291	0.000260
薪械芯卸懈写邪薪薪褘泄	0.000284	0.116534	0.000033
薪械锌褉械屑械薪薪芯	0.000284	1.832581	0.000520
薪械褋泻芯谢褜泻芯	0.000567	0.843970	0.000479
薪械褋谢邪写泻懈泄	0.000284	0.116534	0.000033
薪懈泻邪泻芯泄	0.000284	1.203973	0.000341
薪懈薪邪	0.000284	1.078810	0.000306
薪芯胁芯谐芯写薪懈泄	0.006238	0.040822	0.000255
薪芯胁芯褋褌褜	0.000284	0.061875	0.000018
薪芯胁褘泄	0.003402	0.030459	0.000104
薪芯褉胁械卸褋泻懈泄	0.000284	0.116534	0.000033
薪褜褞	0.000284	2.207275	0.000626
薪褟屑泻邪	0.000851	2.659260	0.002262
芯斜械写	0.000851	0.105361	0.000090
芯斜械蟹褜褟薪邪	0.000284	0.116534	0.000033
芯斜械蟹褜褟薪懈泄	0.000284	2.407946	0.000683
芯斜谢邪写邪褌褜	0.000284	1.660731	0.000471
芯斜薪邪褉褍卸懈褌褜褋褟	0.000284	2.302585	0.000653
芯斜芯卸邪褌褜	0.000284	1.386294	0.000393
芯斜褖邪褌褜褋褟	0.000284	0.040822	0.000012
芯斜褖懈泄	0.000284	1.609438	0.000456
芯斜褘褔薪芯	0.000284	1.714798	0.000486
芯斜褟蟹邪褌械谢褜薪芯	0.000284	0.967584	0.000274
芯斜褟蟹邪褌褜	0.000284	2.407946	0.000683
芯胁芯褖	0.005954	0.094311	0.000562
芯胁芯褖薪芯泄	0.002552	0.040822	0.000104
芯胁褋褟薪褘泄	0.000284	0.105361	0.000030
芯谐薪械薪薪褘泄	0.000284	0.116534	0.000033
芯谐芯薪褜	0.000284	0.094311	0.000027
芯谐褉芯屑薪褘泄	0.000284	0.867501	0.000246
芯谐褍褉械褑	0.000567	0.116534	0.000066
芯泻邪蟹邪褌褜褋褟	0.000284	1.514128	0.000429
芯泻褉芯褕泻邪	0.001134	0.040822	0.000046
芯泻褌褟斜褉褜	0.000284	0.562119	0.000159
芯谢邪写褜褟	0.001701	0.040822	0.000069
芯谢械泄薪芯泄	0.001134	0.116534	0.000132
芯谢械泄薪褘泄	0.001134	0.116534	0.000132
芯谢懈胁泻芯胁褘泄	0.000567	0.544727	0.000309
芯谢褜谐邪	0.000284	1.386294	0.000393
芯屑谢械褌	0.000284	0.040822	0.000012
芯锌邪褉邪	0.000284	0.040822	0.000012
芯锌褉械写械谢褢薪薪褘泄	0.000284	1.832581	0.000520
芯锌褉芯褋	0.000284	0.061875	0.000018
芯褋械薪薪懈泄	0.001134	0.051293	0.000058
芯褋械薪褜	0.002835	0.105361	0.000299
芯褋薪芯胁薪褘泄	0.000284	0.040822	0.000012
芯褋褌邪胁邪褌褜褋褟	0.000567	0.116534	0.000066
芯褋褌邪薪芯胁懈褌褜褋褟	0.000284	1.560648	0.000442
芯褋褌邪褌褜褋褟	0.000284	1.309333	0.000371
芯褌胁械褌	0.000567	0.000000	0.000000
芯褌胁械褌懈褌褜	0.000284	0.051293	0.000015
芯褌胁械褌褋褌胁械薪薪芯褋褌褜	0.000284	2.120264	0.000601
芯褌泻褉褘褌懈械	0.000567	2.120264	0.001202
芯褌泻褉褘褌褘泄	0.000851	0.105361	0.000090
芯褌谢懈褔薪芯	0.000284	1.514128	0.000429
芯褌谢懈褔薪褘泄	0.000284	1.078810	0.000306
芯褌屑械薪懈褌褜	0.000284	0.040822	0.000012
芯褏谢邪写懈褌褜	0.000284	0.116534	0.000033
锌邪泻械褌懈泻	0.000284	0.105361	0.000030
锌邪谢芯褔泻邪	0.000851	0.040822	0.000035
锌邪薪懈褉芯胁泻邪	0.002268	0.116534	0.000264
锌邪褉邪	0.000284	0.116534	0.000033
锌邪褉邪写	0.001985	0.116534	0.000231
锌邪褉芯胁邪褉泻邪	0.002552	0.105361	0.000269
锌邪褉芯谢褜	0.000284	0.020203	0.000006
锌邪褋褌邪	0.000851	0.040822	0.000035
锌邪褋褌褉芯屑邪	0.000284	0.040822	0.000012
锌邪褋褏邪	0.000567	0.040822	0.000023
锌邪褋褏邪谢褜薪褘泄	0.000851	0.116534	0.000099
锌邪褕褌械褌	0.000851	0.040822	0.000035
锌械泻邪褉褜	0.000284	0.127833	0.000036
锌械谢褜屑械薪薪褘泄	0.000567	2.659260	0.001508
锌械谢褜屑械薪褜	0.000851	0.116534	0.000099
锌械褉胁芯泻谢邪褋褋薪懈泻	0.000284	2.407946	0.000683
锌械褉胁褘泄	0.001134	0.040822	0.000046
锌械褉械写邪褔邪	0.000284	2.040221	0.000578
锌械褉械泄褌懈	0.000284	0.040822	0.000012
锌械褉械泻褍褋	0.000567	0.116534	0.000066
锌械褉械褑	0.000284	0.040822	0.000012
锌械褉懈芯写	0.000284	2.207275	0.000626
锌械褉褋芯薪邪	0.000284	0.116534	0.000033
锌械褉褍邪薪褋泻懈泄	0.000284	0.116534	0.000033
锌械褋芯褔薪褘泄	0.001134	0.105361	0.000119
锌械褌械谢懈薪泻	0.000284	0.127833	0.000036
锌械褌褉褍褕泻邪	0.000567	0.673345	0.000382
锌械褔械薪懈械	0.002552	0.040822	0.000104
锌械褔褜	0.000567	0.116534	0.000066
锌械褔褢薪芯褔薪褘泄	0.000284	0.040822	0.000012
锌懈胁芯	0.000284	0.116534	0.000033
锌懈泻邪薪褌	0.000284	0.127833	0.000036
锌懈泻薪懈泻	0.001134	0.105361	0.000119
锌懈锌械褑	0.000284	2.659260	0.000754
锌懈褉	0.000284	0.116534	0.000033
锌懈褉芯谐	0.007939	0.040822	0.000324
锌懈褉芯卸泻芯胁褘泄	0.000284	1.966113	0.000557
锌懈褉芯卸薪芯械	0.000567	0.040822	0.000023
锌懈褉芯卸芯泻	0.001418	0.040822	0.000058
锌懈褌邪薪懈械	0.001418	0.094311	0.000134
锌懈褑褑邪	0.001985	0.040822	0.000081
锌谢邪胁谢械薪褘泄	0.000567	1.237874	0.000702
锌谢邪屑褟	0.000284	0.116534	0.000033
锌谢懈褌邪	0.001134	0.116534	0.000132
锌谢芯胁	0.000284	0.116534	0.000033
锌谢芯写	0.000284	0.116534	0.000033
锌芯胁邪褉	0.000284	1.139434	0.000323
锌芯胁邪褉褢薪芯泻	0.001418	0.000000	0.000000
锌芯胁械褋懈褌褜	0.000284	2.407946	0.000683
锌芯胁懈写谢芯	0.000284	0.040822	0.000012
锌芯写邪褉芯泻	0.000284	0.116534	0.000033
锌芯写斜芯褉	0.000284	1.514128	0.000429
锌芯写写邪胁邪褌褜褋褟	0.000284	2.659260	0.000754
锌芯写械谢懈褌褜褋褟	0.000284	0.400478	0.000114
锌芯写谢懈胁	0.000284	0.116534	0.000033
锌芯写谢懈胁泻邪	0.000284	0.040822	0.000012
锌芯写芯泄褌懈	0.000284	1.272966	0.000361
锌芯写锌懈褋邪褌褜褋褟	0.000851	0.040822	0.000035
锌芯写褏芯写懈褌褜	0.000284	1.771957	0.000502
锌芯械写邪薪懈械	0.000284	2.120264	0.000601
锌芯械写懈薪芯泻	0.003969	0.116534	0.000463
锌芯卸邪谢褍泄褋褌邪	0.000284	1.966113	0.000557
锌芯蟹写褉邪胁懈褌褜	0.000284	0.116534	0.000033
锌芯蟹写褉邪胁谢褟褌褜	0.000284	2.207275	0.000626
锌芯懈褋泻	0.000567	0.051293	0.000029
锌芯泻芯谢械薪懈械	0.000284	2.302585	0.000653
锌芯谢写薪懈泻	0.000567	0.116534	0.000066
锌芯谢械蟹薪芯	0.000284	0.116534	0.000033
锌芯谢懈褌懈泻邪	0.000284	0.040822	0.000012
锌芯谢薪芯褋褌褜褞	0.000284	1.347074	0.000382
锌芯谢薪褘泄	0.000284	1.237874	0.000351
锌芯谢芯胁懈薪邪	0.002268	0.105361	0.000239
锌芯谢芯卸懈褌褜	0.000284	2.407946	0.000683
锌芯谢褍褔邪褌褜	0.000567	0.040822	0.000023
锌芯谢褍褔邪褌褜褋褟	0.000851	0.328504	0.000279
锌芯谢褍褔械薪懈械	0.000284	2.659260	0.000754
锌芯谢褜蟹邪	0.001418	0.116534	0.000165
锌芯谢褜褋泻懈泄	0.000284	0.116534	0.000033
锌芯屑邪写泻邪	0.000851	0.040822	0.000035
锌芯屑懈写芯褉	0.000567	0.116534	0.000066
锌芯屑懈写芯褉泻	0.000284	0.127833	0.000036
锌芯薪褉邪胁懈褌褜褋褟	0.000567	0.040822	0.000023
锌芯薪褔懈泻	0.000851	0.040822	0.000035
锌芯锌褉芯斜芯胁邪褌褜	0.000851	0.248461	0.000211
锌芯锌褍谢褟褉薪褘泄	0.000284	1.427116	0.000405
锌芯褉邪	0.000284	0.105361	0.000030
锌芯褉懈褋褌褘泄	0.000567	1.897120	0.001076
锌芯褉芯褕芯泻	0.000567	0.916291	0.000520
锌芯褉褌褍谐邪谢褜褋泻懈泄	0.000284	0.116534	0.000033
锌芯褉褑懈褟	0.000284	1.660731	0.000471
锌芯褋械褖邪褌褜	0.000284	0.061875	0.000018
锌芯褋谢械写薪懈泄	0.000284	1.272966	0.000361
锌芯褋褌	0.001418	0.105361	0.000149
锌芯褋褌邪胁懈褌褜	0.000567	1.897120	0.001076
锌芯褋褌薪褘泄	0.001134	0.040822	0.000046
锌芯褋褌芯褟薪薪芯	0.000284	0.040822	0.000012
锌芯褋褌褉邪写邪褌褜	0.000284	2.813411	0.000798
锌芯褋褌褉芯懈褌褜	0.000284	0.105361	0.000030
锌芯褋褍写邪	0.000567	0.094311	0.000053
锌芯褌褉褟褋邪褌褜	0.000284	1.272966	0.000361
锌芯褔褌邪	0.000284	0.040822	0.000012
锌芯褕邪谐芯胁褘泄	0.000567	0.040822	0.000023
锌褉邪胁写邪	0.000284	1.139434	0.000323
锌褉邪胁懈谢褜薪褘泄	0.000567	1.832581	0.001039
锌褉邪蟹写薪懈泻	0.000284	0.105361	0.000030
锌褉邪蟹写薪懈褔薪芯	0.000284	0.116534	0.000033
锌褉邪蟹写薪懈褔薪褘泄	0.000567	0.105361	0.000060
锌褉邪泻褌懈泻褍屑	0.000284	0.116534	0.000033
锌褉邪泻褌懈褔薪芯	0.000284	2.525729	0.000716
锌褉械胁芯褋褏芯写薪褘泄	0.000284	0.116534	0.000033
锌褉械胁褉邪褖械薪懈械	0.000284	0.116534	0.000033
锌褉械写谢邪谐邪褌褜	0.000567	0.693147	0.000393
锌褉械写谢芯卸懈褌褜	0.000284	1.108663	0.000314
锌褉械褋薪褘泄	0.000851	0.116534	0.000099
锌褉懈谐芯褌芯胁懈褌褜	0.001418	0.083382	0.000118
锌褉懈谐芯褌芯胁谢械薪懈械	0.001418	0.040822	0.000058
锌褉懈写褍屑邪褌褜	0.000284	1.237874	0.000351
锌褉懈蟹	0.000284	0.040822	0.000012
锌褉懈蟹薪邪薪懈械	0.000284	0.116534	0.000033
锌褉懈屑械褉薪芯	0.000284	1.966113	0.000557
锌褉懈锌褉邪胁邪	0.000284	0.040822	0.000012
锌褉懈褉芯写邪	0.000567	0.105361	0.000060
锌褉懈褋褌褍锌懈褌褜	0.000284	0.040822	0.000012
锌褉懈褟褌薪褘泄	0.000284	1.427116	0.000405
锌褉芯胁械褉懈褌褜	0.002268	0.116534	0.000264
锌褉芯胁械褋褌懈	0.001134	0.116534	0.000132
锌褉芯胁芯写懈褌褜	0.000284	0.040822	0.000012
锌褉芯胁芯卸邪褌褜	0.000284	0.116534	0.000033
锌褉芯写褍泻褌	0.000567	0.072571	0.000041
锌褉芯械泻褌	0.000567	0.051293	0.000029
锌褉芯锌芯褉褑懈褟	0.000284	1.609438	0.000456
锌褉芯褋懈褌褜	0.000284	0.776529	0.000220
锌褉芯褋屑芯褌褉	0.000284	0.274437	0.000078
锌褉芯褋褌芯	0.001985	0.083382	0.000165
锌褉芯褋褌芯泄	0.001418	0.301105	0.000427
锌褉芯褋褌芯泻胁邪褕邪	0.000284	0.040822	0.000012
锌褉芯褋褔懈褌邪褌褜	0.000284	2.659260	0.000754
锌褉芯褋褜斜邪	0.000567	2.120264	0.001202
锌褉芯褎懈谢褜	0.000284	0.040822	0.000012
锌褉芯褔械褋褌褜	0.000284	2.302585	0.000653
锌褉芯褕谢芯械	0.000284	2.302585	0.000653
锌褉褟屑芯	0.000284	0.040822	0.000012
锌褉褟薪懈泻	0.000567	0.040822	0.000023
锌褉褟薪懈褔薪褘泄	0.000284	0.116534	0.000033
锌褌懈褑邪	0.005387	0.116534	0.000628
锌褍斜谢懈泻芯胁邪褌褜褋褟	0.000284	2.302585	0.000653
锌褍写懈薪谐	0.000851	0.040822	0.000035
锌褍薪褕	0.000284	0.040822	0.000012
锌褍褌械褕械褋褌胁懈械	0.000567	0.116534	0.000066
锌褍褌褜	0.000284	0.116534	0.000033
锌褕械薪懈褔薪褘泄	0.008506	0.287682	0.002447
锌褘褕泻邪	0.000284	0.040822	0.000012
锌褘褕薪褘泄	0.000284	2.120264	0.000601
锌褞褉械	0.001134	0.040822	0.000046
褉邪谐褍	0.000284	0.116534	0.000033
褉邪蟹	0.000284	0.356675	0.000101
褉邪蟹斜褍褏邪褌褜	0.000284	2.659260	0.000754
褉邪蟹胁械褉薪褍褌褜	0.000284	0.116534	0.000033
褉邪蟹写械谢懈褌褜	0.000284	2.995732	0.000849
褉邪蟹写械谢褜薪褘泄	0.000284	0.116534	0.000033
褉邪蟹薪褘泄	0.000284	0.094311	0.000027
褉邪蟹褉褘褏谢懈褌械谢褜	0.002268	1.237874	0.002808
褉邪蟹褉褟写	0.000284	2.407946	0.000683
褉邪褋泻邪褌褘胁邪褌褜褋褟	0.000284	2.659260	0.000754
褉邪褋褋芯谢褜薪懈泻	0.001418	0.040822	0.000058
褉邪褋褋褌芯泄泻邪	0.000284	2.525729	0.000716
褉邪褋褋褔懈褌邪褌褜	0.000284	2.302585	0.000653
褉邪褋褋褘谢泻邪	0.000284	0.061875	0.000018
褉邪褋褌懈褌械谢褜薪褘泄	0.003969	0.223144	0.000886
褉胁邪褌褜褋褟	0.000284	3.218876	0.000913
褉械斜褢薪芯泻	0.000284	0.094311	0.000027
褉械谐懈褋褌褉邪褑懈褟	0.000851	0.000000	0.000000
褉械写邪泻褌芯褉	0.000567	2.407946	0.001365
褉械蟹褍谢褜褌邪褌	0.000284	0.820981	0.000233
褉械泄褌懈薪谐	0.000284	0.235722	0.000067
褉械泻芯屑械薪写芯胁邪褌褜	0.000567	1.021651	0.000579
褉械锌褔邪褌褘泄	0.000567	0.430783	0.000244
褉械褑械锌褌	0.030621	0.040822	0.001250
褉械褕懈褌褜	0.000284	0.693147	0.000197
褉懈褋	0.001701	0.040822	0.000069
褉懈褌屑	0.000284	0.116534	0.000033
褉芯谐邪谢懈泻	0.000284	0.040822	0.000012
褉芯写	0.000284	1.832581	0.000520
褉芯写懈褌械谢褜	0.000284	1.966113	0.000557
褉芯写薪褘泄	0.000284	0.116534	0.000033
褉芯卸写械薪懈械	0.000284	0.105361	0.000030
褉芯卸写械褋褌胁芯	0.000284	0.116534	0.000033
褉芯泻	0.000284	2.813411	0.000798
褉芯谢谢	0.000567	0.040822	0.000023
褉芯谢谢褌芯薪	0.000284	0.116534	0.000033
褉芯屑	0.000284	0.040822	0.000012
褉芯褔械褋褌械褉	0.000284	4.605170	0.001306
褉褍斜褉懈泻邪褌芯褉	0.000284	0.051293	0.000015
褉褍谐褍胁邪褔泻邪	0.000851	2.659260	0.002262
褉褍谢械褌	0.003402	0.040822	0.000139
褉褍屑褘薪褋泻懈泄	0.000284	0.116534	0.000033
褉褍屑褟薪褘泄	0.000567	0.116534	0.000066
褉褍薪械褌	0.000284	0.020203	0.000006
褉褍褋褋泻懈泄	0.000284	0.105361	0.000030
褉褘斜邪	0.007088	0.040822	0.000289
褉褘斜薪褘泄	0.002835	0.105361	0.000299
褉褟卸械薪泻邪	0.000284	0.116534	0.000033
褋邪泄褌	0.001985	0.000000	0.000000
褋邪谢邪褌	0.009073	0.040822	0.000370
褋邪谢邪褌薪褘泄	0.000284	0.116534	0.000033
褋邪屑芯谐芯薪	0.000284	0.040822	0.000012
褋邪屑褘泄	0.001134	0.105361	0.000119
褋邪薪谐邪褉褜	0.000284	2.659260	0.000754
褋邪褎	0.000851	0.116534	0.000099
褋邪褎褋械屑邪	0.000284	0.116534	0.000033
褋邪褏邪褉	0.007372	0.105361	0.000777
褋斜懈褌械薪褜	0.000284	0.040822	0.000012
褋胁械卸械褋褌褜	0.000284	0.105361	0.000030
褋胁械卸懈泄	0.000284	1.427116	0.000405
褋胁械泻芯谢褜薪懈泻	0.000851	0.040822	0.000035
褋胁械褌	0.001134	0.116534	0.000132
褋胁械褌邪	0.001134	0.116534	0.000132
褋胁懈薪懈薪	0.001134	0.116534	0.000132
褋胁懈薪懈薪邪	0.000284	0.040822	0.000012
褋胁褢泻谢邪	0.000284	0.040822	0.000012
褋谐褍褖褢薪泻邪	0.000284	0.040822	0.000012
褋械蟹芯薪	0.000284	0.116534	0.000033
褋械泄褔邪褋	0.000567	0.030459	0.000017
褋械泻褉械褌	0.001134	0.116534	0.000132
褋械谢械蟹薪械胁褘泄	0.000284	3.218876	0.000913
褋械谢褢写泻邪	0.000284	0.040822	0.000012
褋械屑械泄薪褘泄	0.000284	0.116534	0.000033
褋械屑褜褟	0.000567	0.116534	0.000066
褋械薪褌褟斜褉褜	0.000567	0.673345	0.000382
褋懈谐邪褉邪	0.000284	2.525729	0.000716
褋懈写褉	0.000284	0.040822	0.000012
褋懈褉懈泄褋泻懈泄	0.000284	0.116534	0.000033
褋懈褉芯锌	0.000567	0.040822	0.000023
褋懈褋褌械屑邪	0.000284	0.040822	0.000012
褋懈褌懈	0.000284	0.127833	0.000036
褋泻邪蟹邪褌褜	0.000284	0.400478	0.000114
褋泻邪蟹泻邪	0.000567	0.116534	0.000066
褋谢邪写泻懈泄	0.005387	0.040822	0.000220
褋谢邪写泻芯	0.000284	0.116534	0.000033
褋谢懈胁邪	0.000567	2.302585	0.001306
褋谢懈胁芯胁褘泄	0.000284	2.302585	0.000653
褋谢懈胁芯褔薪褘泄	0.002835	0.105361	0.000299
褋谢芯泄泻邪	0.000851	0.040822	0.000035
褋谢芯褢薪褘泄	0.001134	0.116534	0.000132
褋谢褍褔邪泄	0.000284	1.171183	0.000332
褋屑械褌邪薪邪	0.001985	0.105361	0.000209
褋屑械褕邪薪薪褘泄	0.000284	0.116534	0.000033
褋屑芯褌褉械褌褜	0.000284	1.386294	0.000393
褋屑芯褔褜	0.000284	0.040822	0.000012
褋屑褍蟹懈	0.000851	0.040822	0.000035
褋薪褝泻	0.000284	0.116534	0.000033
褋芯斜懈褉邪褌褜褋褟	0.000284	0.040822	0.000012
褋芯胁械褉褕械薪褋褌胁芯	0.001418	0.116534	0.000165
褋芯胁械褌	0.000567	0.040822	0.000023
褋芯胁械褌芯胁邪褌褜	0.000567	1.139434	0.000646
褋芯谐谢邪褋薪芯	0.000284	2.302585	0.000653
褋芯谐谢邪褕邪褌褜褋褟	0.000284	0.040822	0.000012
褋芯写邪	0.001134	0.941609	0.001068
褋芯蟹写邪胁邪褌褜	0.000284	0.105361	0.000030
褋芯蟹写邪薪懈械	0.000567	0.261365	0.000148
褋芯泻	0.001134	0.040822	0.000046
褋芯谢械薪懈械	0.000567	0.116534	0.000066
褋芯谢薪械褔薪褘泄	0.000284	0.116534	0.000033
褋芯谢褜	0.006238	0.127833	0.000797
褋芯谢褟薪泻邪	0.000851	0.040822	0.000035
褋芯谢褢薪褘泄	0.000851	0.116534	0.000099
褋芯褉褌懈褉芯胁邪褌褜	0.000284	0.248461	0.000070
褋芯褋褌邪胁	0.000284	1.347074	0.000382
褋芯褋褌邪胁懈褌褜	0.000284	0.116534	0.000033
褋芯褍褋	0.004820	0.040822	0.000197
褋芯褏褉邪薪褟褌褜	0.000284	0.040822	0.000012
褋芯褑褋械褌褜	0.000284	0.040822	0.000012
褋芯褔械褌邪薪懈械	0.000284	0.105361	0.000030
褋芯褔薪褘泄	0.000567	0.116534	0.000066
褋锌邪谢褜薪褟	0.000567	0.415515	0.000236
褋锌邪褋懈斜芯	0.000567	0.673345	0.000382
褋锌械褌褜	0.000284	0.116534	0.000033
褋锌械褑懈邪谢褜薪褘泄	0.000284	0.094311	0.000027
褋锌械褑懈褟	0.000284	0.094311	0.000027
褋锌械褑锌褉芯械泻褌	0.009356	0.116534	0.001090
褋锌械褕懈褌褜	0.000284	1.897120	0.000538
褋锌懈褋芯泻	0.000284	0.116534	0.000033
褋褉邪蟹褍	0.000284	0.733969	0.000208
褋褉械写懈蟹械屑薪芯屑芯褉褋泻懈泄	0.000284	0.127833	0.000036
褋褌邪褉褘泄	0.000284	0.261365	0.000074
褋褌邪褌褜褟	0.000284	0.061875	0.000018
褋褌懈谢褜	0.000567	0.116534	0.000066
褋褌芯谢	0.002268	0.105361	0.000239
褋褌褉邪薪薪芯	0.000284	2.659260	0.000754
褋褌褉芯懈褌械谢褜褋褌胁芯	0.000567	0.040822	0.000023
褋褌褉芯懈褌褜	0.000284	0.040822	0.000012
褋褌褉芯泄薪褘泄	0.000284	0.116534	0.000033
褋褍斜锌褉芯写褍泻褌	0.002835	0.116534	0.000330
褋褍写	0.000284	2.525729	0.000716
褋褍屑邪褋褕械写褕懈泄	0.000284	2.207275	0.000626
褋褍锌	0.005954	0.040822	0.000243
褋褍锌械褉斜邪斜褍褕泻邪	0.000284	1.237874	0.000351
褋褍褌泻懈	0.000567	1.771957	0.001005
褋褍褎谢械	0.000851	0.040822	0.000035
褋褍褏邪褉褜	0.000284	0.040822	0.000012
褋褍褕懈褌褜	0.000567	0.040822	0.000023
褋褔懈褌邪褌褜	0.000567	1.347074	0.000764
褋褘褉	0.005671	0.040822	0.000231
褋褘褉薪懈泻	0.001701	0.040822	0.000069
褋褘褉薪褘泄	0.001418	0.040822	0.000058
褋褘褌薪褘泄	0.000567	0.105361	0.000060
褋褘褔褍卸薪褘泄	0.000284	0.127833	0.000036
褋褝薪写胁懈褔	0.000284	0.127833	0.000036
褋褞褉锌褉懈蟹	0.000284	0.116534	0.000033
褋褢屑谐邪	0.000284	0.040822	0.000012
褌邪写卸懈泻褋泻懈泄	0.000284	0.116534	0.000033
褌邪泄屑褋	0.000284	2.407946	0.000683
褌邪泄褋泻懈泄	0.000284	0.116534	0.000033
褌邪褉褌	0.000567	0.116534	0.000066
褌邪褉褌邪谢械褌泻邪	0.000567	0.040822	0.000023
褌邪褌邪褉褋泻懈泄	0.000284	0.116534	0.000033
褌胁芯泄	0.000567	0.116534	0.000066
褌胁芯褉懈褌褜	0.000284	0.116534	0.000033
褌胁芯褉芯谐	0.001985	0.040822	0.000081
褌胁芯褉芯卸薪褘泄	0.001134	0.094311	0.000107
褌胁褢褉写褘泄	0.001701	0.544727	0.000927
褌械谢械谐褉邪屑	0.000284	0.040822	0.000012
褌械谢褟褌懈薪邪	0.001134	0.116534	0.000132
褌械锌械褉褜	0.000284	0.916291	0.000260
褌械锌谢芯	0.000284	0.116534	0.000033
褌械褉锌械薪懈械	0.000567	2.302585	0.001306
褌械褉褉邪褋邪	0.000284	0.776529	0.000220
褌械褉褉懈薪邪	0.000284	0.040822	0.000012
褌械褋褌	0.010774	0.105361	0.001135
褌械褋褌芯	0.009640	0.040822	0.000394
褌械褏薪懈泻邪	0.001418	0.105361	0.000149
褌械褏薪芯谢芯谐懈褟	0.000284	2.207275	0.000626
褌屑	0.001134	0.127833	0.000145
褌芯谐写邪褕薪懈泄	0.000284	2.407946	0.000683
褌芯薪械薪褜泻懈泄	0.000284	2.659260	0.000754
褌芯薪泻懈泄	0.000851	1.309333	0.001114
褌芯薪泻芯	0.000284	2.407946	0.000683
褌芯锌谢褢薪褘泄	0.000284	0.116534	0.000033
褌芯褉褌	0.005954	0.040822	0.000243
褌芯褉褌芯胁褘泄	0.000284	2.659260	0.000754
褌褉邪胁邪	0.000284	0.094311	0.000027
褌褉邪写懈褑懈芯薪薪褘泄	0.000284	1.427116	0.000405
褌褉邪写懈褑懈褟	0.001701	0.116534	0.000198
褌褉械斜芯胁邪薪懈械	0.000284	2.407946	0.000683
褌褉械斜芯胁邪褌褜褋褟	0.000284	2.302585	0.000653
褌褉懈卸写褘	0.000284	2.302585	0.000653
褌褉褍斜芯褔泻邪	0.000284	0.040822	0.000012
褌褉褢褏谢械褌懈械	0.000284	0.116534	0.000033
褌褍薪械褑	0.000284	0.105361	0.000030
褌褍薪懈褋褋泻懈泄	0.000284	0.116534	0.000033
褌褍褉械褑泻懈泄	0.000284	0.116534	0.000033
褌褘泻胁邪	0.000284	0.040822	0.000012
褌褟卸械谢芯	0.000284	2.995732	0.000849
褌褢褖懈薪	0.000284	0.040822	0.000012
褍胁械写芯屑谢械薪懈械	0.000284	0.040822	0.000012
褍胁械褉懈褌褜	0.000284	1.272966	0.000361
褍胁懈写械褌褜	0.000284	1.203973	0.000341
褍谐芯褖邪褌褜褋褟	0.000284	0.994252	0.000282
褍写邪谢懈褌褜	0.000284	1.660731	0.000471
褍写邪褔薪褘泄	0.000284	0.116534	0.000033
褍写懈胁懈褌褜	0.000567	0.116534	0.000066
褍写懈胁谢褟褌褜	0.001134	0.116534	0.000132
褍写芯胁谢械褌胁芯褉褟褌褜	0.000284	2.525729	0.000716
褍写芯胁芯谢褜褋褌胁懈械	0.000284	0.116534	0.000033
褍卸	0.000851	0.693147	0.000590
褍卸懈薪	0.001985	0.094311	0.000187
褍蟹斜械泻褋泻懈泄	0.000284	0.116534	0.000033
褍泄褌懈	0.000284	2.120264	0.000601
褍泻褉邪懈薪褋泻懈泄	0.000567	0.116534	0.000066
褍泻褉邪褕械薪懈械	0.002268	0.116534	0.000264
褍泻褉芯锌	0.001701	0.562119	0.000956
褍泻褋褍褋	0.000567	0.562119	0.000319
褍屑芯锌芯屑褉邪褔懈褌械谢褜薪褘泄	0.000284	1.966113	0.000557
褍锌芯褌褉械斜谢械薪懈械	0.000284	0.116534	0.000033
褍褉邪谢褜褋泻懈泄	0.000284	0.116534	0.000033
褍褉芯卸邪泄	0.000284	0.105361	0.000030
褍褌泻邪	0.000851	0.116534	0.000099
褍褌芯褔薪褟褌褜	0.000284	2.995732	0.000849
褍褌褉芯屑	0.000284	2.207275	0.000626
褍褏芯	0.000284	0.040822	0.000012
褍褔邪褋褌胁芯胁邪褌褜	0.000284	0.040822	0.000012
褍褔械斜薪褘泄	0.000284	2.407946	0.000683
褎邪蟹械薪写邪	0.000284	0.116534	0.000033
褎邪薪褌邪蟹懈褟	0.002268	0.116534	0.000264
褎邪褉褕	0.003969	0.040822	0.000162
褎邪褉褕懈褉芯胁邪薪薪褘泄	0.001701	0.040822	0.000069
褎邪褋芯谢褜	0.000284	0.040822	0.000012
褎械胁褉邪谢褜	0.000284	0.094311	0.000027
褎械泄械褉胁械褉泻	0.000567	0.116534	0.000066
褎懈谐褍褉邪	0.000284	0.116534	0.000033
褎懈薪褋泻懈泄	0.000284	0.116534	0.000033
褎懈褉屑械薪薪褘泄	0.000284	0.116534	0.000033
褎芯薪写褞	0.000284	0.040822	0.000012
褎芯褉屑邪	0.000567	0.105361	0.000060
褎芯褉褍屑	0.000567	0.040822	0.000023
褎芯褉褕屑邪泻	0.000284	0.040822	0.000012
褎褉邪薪褑懈褟	0.000284	0.116534	0.000033
褎褉邪薪褑褍蟹褋泻懈泄	0.000284	0.094311	0.000027
褎褉邪褍	0.001134	0.116534	0.000132
褎褉褍泻褌	0.001134	0.116534	0.000132
褎褉褍泻褌芯胁褘泄	0.002268	0.040822	0.000093
褎褍写	0.000284	0.116534	0.000033
褎褍褉褕械褌	0.000284	0.116534	0.000033
褏邪谢胁邪	0.000284	0.040822	0.000012
褏邪褉邪泻褌械褉懈褋褌懈泻邪	0.000284	2.659260	0.000754
褏邪褉胁械褋褌褎械褋褌	0.000567	0.116534	0.000066
褏邪褉褔芯	0.000567	0.040822	0.000023
褏邪褌邪	0.000284	2.813411	0.000798
褏邪褔邪锌褍褉懈	0.000567	2.407946	0.001365
褏邪褕	0.000284	0.040822	0.000012
褏胁邪褌邪褌褜	0.000284	1.966113	0.000557
褏胁芯褉芯褋褌	0.000284	0.040822	0.000012
褏懈薪泻邪谢懈	0.000284	0.116534	0.000033
褏懈褌	0.001985	0.116534	0.000231
褏谢械斜	0.001985	0.040822	0.000081
褏谢械斜芯锌械褔泻邪	0.000284	0.116534	0.000033
褏谢芯锌褜褟	0.000567	0.094311	0.000053
褏芯写懈褌褜	0.000284	1.771957	0.000502
褏芯蟹褟泄泻邪	0.000284	0.116534	0.000033
褏芯谢芯写械褑	0.000284	0.040822	0.000012
褏芯谢芯写懈谢褜薪懈泻	0.000851	1.049822	0.000893
褏芯谢芯写薪芯械	0.000567	0.116534	0.000066
褏芯谢芯写薪褘泄	0.000567	0.116534	0.000066
褏芯褉胁邪褌褋泻懈泄	0.000284	0.116534	0.000033
褏芯褉芯褕懈泄	0.002835	0.040822	0.000116
褏芯褉芯褕芯	0.001985	0.105361	0.000209
褏芯褉褋	0.000284	0.116534	0.000033
褏芯褌械褌褜	0.000567	0.000000	0.000000
褏褉邪薪懈褌褜	0.000284	1.897120	0.000538
褏褉褍褋褌械褌褜	0.000567	0.713350	0.000405
褏褍屑褍褋邪	0.000284	0.040822	0.000012
褑邪褉褋褌胁芯	0.000284	0.127833	0.000036
褑邪褉褜	0.000284	0.116534	0.000033
褑胁械褌薪芯泄	0.000284	0.040822	0.000012
褑械谢褘泄	0.000284	1.714798	0.000486
褑械薪薪褘泄	0.000284	0.040822	0.000012
褑械薪褌褉	0.000284	0.116534	0.000033
褑懈褌邪褌薪懈泻薪褍褌褜	0.000284	2.995732	0.000849
褔邪械屑褘泄	0.000567	0.116534	0.000066
褔邪泄	0.000851	0.040822	0.000035
褔邪褋	0.000284	1.139434	0.000323
褔械斜褍褉械泻	0.001701	0.040822	0.000069
褔械谢芯胁械泻	0.000284	0.916291	0.000260
褔械褉泻懈蟹芯胁褘泄	0.000567	0.116534	0.000066
褔械褋薪芯泻	0.000851	0.314711	0.000268
褔械褋褌薪芯	0.000284	1.203973	0.000341
褔械褋褌薪芯泄	0.000284	0.040822	0.000012
褔械褔械胁懈褑邪	0.000284	0.040822	0.000012
褔械褕褋泻懈泄	0.000284	0.116534	0.000033
褔懈蟹泻械泄泻	0.001134	0.040822	0.000046
褔懈谢懈泄褋泻懈泄	0.000284	0.116534	0.000033
褔懈锌褋褘	0.000284	0.040822	0.000012
褔懈褋谢芯	0.000284	0.235722	0.000067
褔褉械蟹胁褘褔邪泄薪芯	0.000284	2.040221	0.000578
褔褍写械褋薪褘泄	0.000284	1.514128	0.000429
褔褍写芯	0.000284	0.116534	0.000033
褔褍写芯屑	0.000284	2.407946	0.000683
褕邪褉懈泻	0.000284	0.040822	0.000012
褕邪褉谢芯褌泻邪	0.000567	0.040822	0.000023
褕邪褉屑	0.000284	0.116534	0.000033
褕邪褕谢褘泻	0.003686	0.040822	0.000150
褕胁械写褋泻懈泄	0.000284	0.116534	0.000033
褕胁械泄褑邪褉褋泻懈泄	0.000284	0.116534	0.000033
褕械写械胁褉	0.000284	0.116534	0.000033
褕械褎	0.000284	0.127833	0.000036
褕懈锌褍褔泻邪	0.000284	0.040822	0.000012
褕懈褉芯泻懈泄	0.000284	0.127833	0.000036
褕泻芯谢邪	0.000284	0.116534	0.000033
褕芯泻芯谢邪写	0.000284	0.040822	0.000012
褕芯泻芯谢邪写薪褘泄	0.000284	1.427116	0.000405
褕芯褌谢邪薪写褋泻懈泄	0.000284	0.116534	0.000033
褕褌褉褍写械谢褜	0.000284	0.040822	0.000012
褕褍褉锌邪	0.000284	0.040822	0.000012
褖械写褉褘泄	0.000284	0.116534	0.000033
褖懈	0.000567	0.040822	0.000023
褝泻芯屑懈谢泻	0.000284	0.127833	0.000036
褝褋褌芯薪褋泻懈泄	0.000284	0.116534	0.000033
褞谐芯褋谢邪胁褋泻懈泄	0.000284	0.116534	0.000033
褞谢懈褟	0.000284	2.120264	0.000601
褟斜谢芯泻芯	0.000851	1.237874	0.001053
褟斜谢芯褔薪褘泄	0.000567	1.714798	0.000972
褟谐芯写薪褘泄	0.001134	0.105361	0.000119
褟蟹褘泻	0.000284	0.040822	0.000012
褟泄褑芯	0.005671	0.040822	0.000231
褟薪胁邪褉褜	0.000284	0.733969	0.000208
褟薪写械泻褋	0.000284	0.072571	0.000021
褟锌芯薪褋泻懈泄	0.000567	0.051293	0.000029
褟褉泻懈泄	0.000284	0.116534	0.000033
褟褉泻芯	0.000284	0.105361	0.000030
