谢械屑屑邪	TF	IDF	TF-IDF
邪斜褏邪蟹褋泻懈泄	0.000277	0.116534	0.000032
邪胁谐褍褋褌	0.000277	0.843970	0.000233
邪胁褋褌褉邪谢懈泄褋泻懈泄	0.000277	0.116534	0.000032
邪胁褋褌褉懈泄褋泻懈泄	0.000277	0.116534	0.000032
邪胁褌芯泻谢邪胁	0.000277	0.116534	0.000032
邪胁褌芯褉	0.000553	0.040822	0.000023
邪谐褉芯	0.000277	0.116534	0.000032
邪写卸懈泻邪	0.000277	0.040822	0.000011
邪写屑懈薪懈褋褌褉邪褌芯褉	0.000277	2.995732	0.000829
邪蟹	0.000277	0.127833	0.000035
邪蟹械褉斜邪泄写卸邪薪褋泻懈泄	0.000277	0.116534	0.000032
邪蟹懈邪褌褋泻懈泄	0.000277	0.127833	0.000035
邪泄褉邪薪	0.000277	0.040822	0.000011
邪泻胁邪褌懈泻	0.000830	0.127833	0.000106
邪谢械泻褋械泄	0.000277	0.127833	0.000035
邪谢懈泄	0.000277	2.813411	0.000778
邪谢泻芯谐芯谢褜	0.000830	0.116534	0.000097
邪谢泻芯谐芯谢褜薪褘泄	0.000277	0.116534	0.000032
邪谢褜褟薪褋	0.000277	0.116534	0.000032
邪屑械褉懈泻邪薪褋泻懈泄	0.000277	0.116534	0.000032
邪薪谐谢懈泄褋泻懈泄	0.000277	0.116534	0.000032
邪薪写褉械泄	0.000277	0.127833	0.000035
邪褉邪斜褋泻懈泄	0.000277	0.116534	0.000032
邪褉斜邪褌	0.000277	2.525729	0.000699
邪褉谐械薪褌懈薪褋泻懈泄	0.000277	0.116534	0.000032
邪褉屑褟薪褋泻懈泄	0.000277	0.116534	0.000032
邪褉芯屑邪褌	0.000277	0.820981	0.000227
邪褋褋芯褉褌懈	0.000553	0.116534	0.000064
邪褌谢邪薪褌	0.000277	0.116534	0.000032
邪褎谐邪薪褋泻懈泄	0.000277	0.116534	0.000032
邪褎褉懈泻邪薪褋泻懈泄	0.000277	0.116534	0.000032
邪褝褉芯谐褉懈谢褜	0.002766	0.116534	0.000322
斜邪泻谢邪卸邪薪	0.000277	0.040822	0.000011
斜邪谢褌泻芯屑邪	0.000277	0.127833	0.000035
斜邪褉邪薪懈薪邪	0.001107	0.116534	0.000129
斜邪褉斜懈	0.000277	2.525729	0.000699
斜邪褋屑邪褌懈	0.000553	0.127833	0.000071
斜邪褋褌褍褉屑	0.000277	0.040822	0.000011
斜邪褋褌褍褉屑邪	0.000277	0.040822	0.000011
斜邪褌芯薪褔懈泻	0.000277	0.127833	0.000035
斜邪褕泻懈褉褋泻懈泄	0.000277	0.116534	0.000032
斜械蟹邪谢泻芯谐芯谢褜薪褘泄	0.000277	0.116534	0.000032
斜械蟹谐谢褞褌械薪芯胁芯械	0.000277	0.116534	0.000032
斜械蟹械	0.001660	0.040822	0.000068
斜械谢械斜械械胁褋泻懈泄	0.000553	0.116534	0.000064
斜械谢芯褉褍褋褋泻懈泄	0.000277	0.116534	0.000032
斜械谢褜谐懈泄褋泻懈泄	0.000277	0.116534	0.000032
斜械褉械屑械薪薪邪褟	0.000277	0.116534	0.000032
斜械褋械写懈薪	0.000277	0.127833	0.000035
斜械褋锌芯写芯斜薪褘泄	0.000277	1.560648	0.000432
斜械褋锌芯谢械蟹薪芯	0.000277	4.605170	0.001274
斜懈褋泻胁懈褌	0.001107	0.040822	0.000045
斜懈褋泻胁懈褌薪褘泄	0.001936	0.105361	0.000204
斜懈褌芯褔械泻	0.000277	1.897120	0.000525
斜谢懈蟹泻懈泄	0.000553	0.116534	0.000064
斜谢懈薪	0.001660	0.040822	0.000068
斜谢褞写芯	0.028216	0.040822	0.001152
斜芯斜芯胁褘泄	0.002213	0.116534	0.000258
斜芯谢谐邪褉褋泻懈泄	0.000277	0.116534	0.000032
斜芯谢褜褕芯泄	0.000830	0.094311	0.000078
斜芯褉褖	0.000553	0.040822	0.000023
斜芯褌胁懈薪褜褟	0.000277	0.040822	0.000011
斜褉邪蟹懈谢褜褋泻懈泄	0.000277	0.116534	0.000032
斜褉邪褍蟹械褉	0.000277	0.040822	0.000011
斜褉邪褍薪懈	0.000277	0.040822	0.000011
斜褉械褋褌	0.000277	0.127833	0.000035
斜褉芯泻泻芯谢懈	0.000277	0.040822	0.000011
斜褍写薪懈	0.000277	2.525729	0.000699
斜褍卸械薪懈薪邪	0.000277	0.040822	0.000011
斜褍谢芯褔泻邪	0.000830	0.040822	0.000034
斜褍谢褜芯薪	0.003043	0.040822	0.000124
斜褍褉谐械褉	0.000553	0.040822	0.000023
斜褍褉褟褌褋泻懈泄	0.000277	0.116534	0.000032
斜褍褌械褉斜褉芯写	0.001107	0.040822	0.000045
斜褘褋褌褉芯	0.001383	0.094311	0.000130
斜褘褋褌褉褘泄	0.001107	0.094311	0.000104
胁邪卸薪褘泄	0.000277	0.116534	0.000032
胁邪谢谢懈泄褋泻懈泄	0.000277	0.116534	0.000032
胁邪薪懈谢懈薪	0.000553	1.609438	0.000890
胁邪薪懈谢褜薪褘泄	0.002213	1.347074	0.002981
胁邪褉械薪邪	0.000277	3.218876	0.000890
胁邪褉械薪懈械	0.000553	0.040822	0.000023
胁邪褉械薪懈泻	0.000277	0.116534	0.000032
胁邪褉懈邪薪褌	0.000830	0.356675	0.000296
胁邪褉懈褌褜	0.000553	3.506558	0.001940
胁邪褌褉褍褕泻邪	0.000277	0.040822	0.000011
胁邪褎谢褟	0.000830	0.040822	0.000034
胁邪褕	0.000830	0.000000	0.000000
胁胁芯写懈褌褜	0.000277	0.040822	0.000011
胁写芯褏薪芯胁械薪懈械	0.001660	0.116534	0.000193
胁写芯褏薪芯胁谢褟褌褜褋褟	0.000277	0.116534	0.000032
胁械谐械褌邪褉懈邪薪褋泻懈泄	0.000553	0.116534	0.000064
胁械谢懈泻懈泄	0.000277	0.116534	0.000032
胁械谢懈泻芯谢械锌薪褘泄	0.000830	1.427116	0.001184
胁械薪谐械褉褋泻懈泄	0.000277	0.116534	0.000032
胁械褋械薪薪懈泄	0.000277	0.051293	0.000014
胁械褋薪邪	0.001660	0.116534	0.000193
胁械褌褔懈薪邪	0.000277	0.094311	0.000026
胁蟹褉芯褋谢褘泄	0.000277	2.659260	0.000736
胁懈写械芯	0.000553	0.116534	0.000064
胁懈写械芯褉械褑械锌褌	0.000277	0.301105	0.000083
胁懈薪芯	0.000553	0.040822	0.000023
胁懈褌邪褌褜	0.000277	3.506558	0.000970
胁懈褕薪褟	0.001107	1.832581	0.002028
胁泻褍褋	0.004703	0.105361	0.000495
胁泻褍褋薪芯	0.001383	0.094311	0.000130
胁泻褍褋薪褘泄	0.004426	0.061875	0.000274
胁谢褞斜懈褌褜	0.000277	0.116534	0.000032
胁谢褞斜懈褌褜褋褟	0.000277	1.386294	0.000383
胁屑械褋褌械	0.000277	0.916291	0.000253
胁薪邪褔邪谢械	0.001107	0.248461	0.000275
胁薪懈屑邪薪懈械	0.000277	1.237874	0.000342
胁薪懈屑邪褌械谢褜薪芯	0.000277	2.995732	0.000829
胁芯写邪	0.000830	0.094311	0.000078
胁芯蟹胁褉邪褖邪褌褜褋褟	0.000277	2.813411	0.000778
胁芯蟹写褍褕薪褘泄	0.000277	1.469676	0.000407
胁芯蟹屑芯卸薪芯	0.000277	1.469676	0.000407
胁芯泄褌懈	0.000277	0.000000	0.000000
胁芯谢芯胁邪薪	0.000277	0.116534	0.000032
胁芯谢褕械斜薪褘泄	0.000277	0.116534	0.000032
胁芯谢褕械斜褋褌胁芯	0.000277	0.116534	0.000032
胁芯锌褉芯褋	0.000277	0.000000	0.000000
胁芯褋褌芯褉谐	0.000277	1.309333	0.000362
胁芯褋褌芯褔薪褘泄	0.000277	0.127833	0.000035
胁褉械屑褟	0.003043	0.105361	0.000321
胁褋械胁芯蟹屑芯卸薪褘泄	0.000277	2.813411	0.000778
胁褋械谐写邪	0.000277	0.653926	0.000181
胁褋锌芯屑薪懈褌褜	0.000553	0.040822	0.000023
胁褌芯褉芯械	0.000277	0.116534	0.000032
胁褌芯褉芯泄	0.000277	0.116534	0.000032
胁褏芯写	0.000830	0.030459	0.000025
胁褘写邪褌褜	0.000553	2.407946	0.001332
胁褘泄褌懈	0.000277	0.040822	0.000011
胁褘薪芯褋懈褌褜	0.000277	2.525729	0.000699
胁褘锌械褔泻邪	0.005533	0.040822	0.000226
胁褘锌械褔褜	0.000277	3.912023	0.001082
胁褘褉褍褔邪谢芯褔泻邪	0.000277	1.560648	0.000432
胁褘褋褌邪胁懈褌褜	0.000277	2.813411	0.000778
胁褘褋褌邪胁谢褟褌褜	0.000277	2.525729	0.000699
胁褘褋褌褉邪懈胁邪褌褜褋褟	0.000277	2.302585	0.000637
胁褜械褌薪邪屑褋泻懈泄	0.000277	0.116534	0.000032
谐邪胁邪泄褋泻懈泄	0.000277	0.116534	0.000032
谐邪谢褍褕泻邪	0.000277	2.813411	0.000778
谐邪褉邪卸	0.000277	1.078810	0.000298
谐邪褉薪懈褉	0.001383	0.040822	0.000056
谐邪褋锌邪褔芯	0.000277	0.040822	0.000011
谐邪褕褢薪褘泄	0.001107	2.207275	0.002442
谐械芯谐褉邪褎懈褟	0.000277	0.116534	0.000032
谐谢邪胁薪芯械	0.000277	1.139434	0.000315
谐谢邪胁薪褘泄	0.000277	0.040822	0.000011
谐谢邪蟹褍褉褜	0.000830	0.040822	0.000034
谐谢懈薪褌胁械泄薪	0.000277	0.040822	0.000011
谐芯胁芯褉懈褌褜	0.000277	1.272966	0.000352
谐芯胁褟写懈薪邪	0.001107	0.116534	0.000129
谐芯写	0.006916	0.083382	0.000577
谐芯谢谢邪薪写褋泻懈泄	0.000277	0.116534	0.000032
谐芯褉芯写	0.000277	0.116534	0.000032
谐芯褉芯褏	0.000277	0.116534	0.000032
谐芯褉褔懈褑邪	0.000830	0.040822	0.000034
谐芯褉褕芯褔械泻	0.000830	0.040822	0.000034
谐芯褉褟褔械械	0.000553	0.116534	0.000064
谐芯褉褟褔懈泄	0.010788	0.105361	0.001137
谐芯褋褌褜	0.000277	0.116534	0.000032
谐芯褌芯胁懈褌褜	0.004703	0.083382	0.000392
谐芯褌芯胁懈褌褜褋褟	0.000553	0.371064	0.000205
谐褉邪褌薪褘泄	0.000277	2.813411	0.000778
谐褉械薪泻邪	0.000830	0.040822	0.000034
谐褉械褑泻懈泄	0.000553	1.469676	0.000813
谐褉械褔械褋泻懈泄	0.000277	0.116534	0.000032
谐褉械褔泻邪	0.000277	0.040822	0.000011
谐褉懈斜	0.002766	0.040822	0.000113
谐褉懈斜薪芯泄	0.000553	0.040822	0.000023
谐褉懈谢褜	0.002766	0.105361	0.000291
谐褉懈谢褜屑邪薪懈褟	0.000277	0.116534	0.000032
谐褉芯谐	0.000277	0.040822	0.000011
谐褉褍蟹懈薪褋泻懈泄	0.000277	0.116534	0.000032
谐褉褍锌锌邪	0.000553	0.061875	0.000034
谐褍褉屑	0.000277	0.127833	0.000035
谐褍褉屑邪薪懈褟	0.001660	0.116534	0.000193
谐褍褋褜	0.000553	0.105361	0.000058
写邪胁邪褌褜	0.000553	0.040822	0.000023
写邪胁薪芯	0.000277	0.967584	0.000268
写邪薪薪褘械	0.000277	0.040822	0.000011
写邪褉	0.000277	0.116534	0.000032
写邪褌邪	0.000553	0.248461	0.000137
写邪褌褋泻懈泄	0.000277	0.116534	0.000032
写邪褌褜	0.000553	0.040822	0.000023
写邪褔薪褘泄	0.000830	0.116534	0.000097
写胁邪	0.000553	0.967584	0.000535
写胁邪卸写褘	0.000277	2.525729	0.000699
写械泻邪斜褉褜	0.000277	0.597837	0.000165
写械泻芯褉	0.000277	0.127833	0.000035
写械谢邪褌褜	0.001383	0.083382	0.000115
写械谢邪褌褜褋褟	0.000553	1.203973	0.000666
写械谢懈褌褜褋褟	0.000277	0.040822	0.000011
写械谢芯	0.000553	0.105361	0.000058
写械薪褜	0.002766	0.040822	0.000113
写械褋械褉褌	0.012725	0.040822	0.000519
写械褋械褉褌邪褑懈褟	0.000277	0.116534	0.000032
写械褋械褉褌薪褘泄	0.000830	0.116534	0.000097
写卸械屑	0.000277	0.040822	0.000011
写卸械屑邪	0.000277	0.040822	0.000011
写蟹械薪	0.000277	0.116534	0.000032
写懈械褌邪	0.000553	0.094311	0.000052
写懈泻懈泄	0.000830	0.116534	0.000097
写懈锌	0.000277	0.116534	0.000032
写懈褔褜	0.000830	0.116534	0.000097
写薪械胁薪懈泻	0.000277	0.061875	0.000017
写薪芯	0.000277	2.813411	0.000778
写芯斜邪胁懈褌褜	0.000277	0.083382	0.000023
写芯斜邪胁泻邪	0.000277	2.302585	0.000637
写芯斜邪胁谢械薪懈械	0.000277	0.223144	0.000062
写芯斜邪胁谢褟褌褜	0.000277	0.040822	0.000011
写芯斜褉芯褎谢芯褌	0.000277	0.127833	0.000035
写芯胁械褉褟褌褜	0.000277	0.116534	0.000032
写芯胁芯谢褜薪褘泄	0.000277	1.897120	0.000525
写芯谢谐懈泄	0.000277	1.609438	0.000445
写芯谢卸薪褘泄	0.000830	1.078810	0.000895
写芯屑	0.002766	0.040822	0.000113
写芯屑邪褕薪懈泄	0.003596	0.040822	0.000147
写芯屑芯泄	0.000553	2.525729	0.001397
写褉邪泄胁	0.001383	0.127833	0.000177
写褉邪薪懈泻	0.000277	3.218876	0.000890
写褉芯卸卸械胁芯泄	0.000277	0.116534	0.000032
写褉褍谐	0.000277	0.544727	0.000151
写褍屑邪褌褜	0.000277	0.634878	0.000176
写褍褏芯胁泻邪	0.001383	0.105361	0.000146
写褍褕邪	0.000830	0.105361	0.000087
械胁褉械泄褋泻懈泄	0.000277	0.116534	0.000032
械谐懈锌械褌褋泻懈泄	0.000277	0.116534	0.000032
械写懈薪褘泄	0.000277	0.000000	0.000000
械泻芯	0.000277	0.127833	0.000035
械褋褌械褋褌胁械薪薪芯	0.000277	4.605170	0.001274
卸邪褉泻芯械	0.000553	0.040822	0.000023
卸械谢邪械屑褘泄	0.000277	1.469676	0.000407
卸械谢邪褌懈薪邪	0.001107	1.427116	0.001579
卸械谢械	0.001107	0.040822	0.000045
卸械谢褌芯泻	0.001107	1.237874	0.001370
卸械薪褋泻懈泄	0.000553	0.020203	0.000011
卸械薪褖懈薪邪	0.000553	0.061875	0.000034
卸懈蟹薪褜	0.000553	0.040822	0.000023
卸懈褉	0.000553	1.897120	0.001050
卸褍谢褜械薪	0.000277	0.040822	0.000011
卸褍褉薪邪谢	0.000277	0.072571	0.000020
卸褞谢褜械薪	0.000277	0.040822	0.000011
卸褞谢褜薪褘泄	0.000277	0.040822	0.000011
蟹邪胁邪褉薪芯泄	0.001383	0.116534	0.000161
蟹邪胁械褉褕懈褌褜褋褟	0.000277	3.218876	0.000890
蟹邪胁褌褉邪泻	0.002213	0.094311	0.000209
蟹邪谐芯褌芯胁泻邪	0.001107	0.040822	0.000045
蟹邪写邪胁邪褌褜	0.000277	0.040822	0.000011
蟹邪懈薪褌械褉械褋芯胁邪褌褜褋褟	0.000277	3.218876	0.000890
蟹邪泻胁邪褋泻邪	0.000830	0.040822	0.000034
蟹邪泻褉褘褌褘泄	0.000277	0.116534	0.000032
蟹邪泻褍褋泻邪	0.005809	0.040822	0.000237
蟹邪泻褍褋芯薪褔懈泻	0.000277	0.116534	0.000032
蟹邪泻褍褋芯褔泻邪	0.000277	0.116534	0.000032
蟹邪泻褍褋芯褔薪邪褟	0.002490	0.116534	0.000290
蟹邪谢懈胁薪芯械	0.000553	0.040822	0.000023
蟹邪屑械褔邪褌械谢褜薪褘泄	0.000553	0.713350	0.000395
蟹邪屑械褕懈胁邪褌褜	0.000277	3.912023	0.001082
蟹邪屑芯褉芯蟹泻邪	0.000553	0.105361	0.000058
蟹邪锌邪写	0.000277	0.116534	0.000032
蟹邪锌械泻邪薪泻邪	0.003873	0.040822	0.000158
蟹邪锌芯屑懈薪邪褌褜褋褟	0.000277	3.912023	0.001082
蟹邪锌褉邪胁泻邪	0.000553	0.040822	0.000023
蟹邪锌褉芯褋	0.000553	2.120264	0.001173
蟹邪褉械谐懈褋褌褉懈褉芯胁邪褌褜褋褟	0.000553	0.030459	0.000017
蟹邪褋芯谢泻邪	0.000277	0.116534	0.000032
蟹邪褌褉邪褌懈褌褜	0.000277	3.218876	0.000890
蟹邪褟褑	0.000553	0.116534	0.000064
蟹胁邪薪褘泄	0.000277	0.127833	0.000035
蟹胁械蟹写邪	0.000277	0.116534	0.000032
蟹胁芯薪懈褌褜	0.000277	2.995732	0.000829
蟹胁褢蟹写薪褘泄	0.000277	0.116534	0.000032
蟹写芯褉芯胁褘泄	0.000553	0.116534	0.000064
蟹械谢械薪褜	0.000277	0.094311	0.000026
蟹械褎懈褉	0.000277	0.040822	0.000011
蟹懈屑邪	0.001107	0.040822	0.000045
蟹懈屑薪懈泄	0.000277	0.051293	0.000014
蟹薪邪泻芯屑褘泄	0.000277	1.272966	0.000352
蟹芯谢芯褌芯泄	0.000277	0.116534	0.000032
懈胁邪薪芯胁	0.000277	0.127833	0.000035
懈写械邪谢褜薪褘泄	0.002490	0.116534	0.000290
懈写械泄泻邪	0.000277	0.116534	0.000032
懈写械褟	0.000277	1.609438	0.000445
懈蟹胁懈薪械薪懈械	0.000277	2.302585	0.000637
懈蟹写械谢懈械	0.001660	0.116534	0.000193
懈蟹芯斜褉械褋褌懈	0.000277	2.407946	0.000666
懈蟹芯斜褉械褌械薪懈械	0.000277	2.407946	0.000666
懈蟹褍褔懈褌褜	0.000277	2.407946	0.000666
懈蟹褞屑	0.000553	1.897120	0.001050
懈泻褉邪	0.000830	0.040822	0.000034
懈屑褟	0.000277	0.030459	0.000008
懈薪胁械褉褌芯褉薪褘泄	0.000277	0.127833	0.000035
懈薪谐褉械写懈械薪褌	0.009959	0.139262	0.001387
懈薪写械泄泻邪	0.001660	0.094311	0.000157
懈薪写懈泄褋泻懈泄	0.000277	0.116534	0.000032
懈薪写懈谢邪泄褌邪	0.000830	0.116534	0.000097
懈薪写懈褉械褋薪褘泄	0.000277	0.116534	0.000032
懈薪芯谐写邪	0.000277	1.897120	0.000525
懈薪褋褌褉褍泻褑懈褟	0.000277	0.030459	0.000008
懈薪褌械褉械褋薪褘泄	0.000277	0.916291	0.000253
懈薪褌械褉薪械褌	0.000277	0.967584	0.000268
懈褉邪泻褋泻懈泄	0.000277	0.116534	0.000032
懈褉邪薪褋泻懈泄	0.000277	0.116534	0.000032
懈褉谢邪薪写褋泻懈泄	0.000277	0.116534	0.000032
懈褉褉械蟹邪	0.000553	1.347074	0.000745
懈褋泻邪褌褜	0.000553	1.108663	0.000613
懈褋泻谢褞褔懈褌褜	0.000277	1.469676	0.000407
懈褋泻褉械薪薪械	0.000277	0.116534	0.000032
懈褋泻褉械薪薪懈泄	0.000277	2.525729	0.000699
懈褋谢邪薪写褋泻懈泄	0.000277	0.116534	0.000032
懈褋锌邪薪褋泻懈泄	0.000277	0.116534	0.000032
懈褋锌械褔褜	0.000830	0.105361	0.000087
懈褋锌芯谢薪械薪懈械	0.000277	2.525729	0.000699
懈褋锌芯谢褜蟹芯胁邪褌褜	0.000277	1.171183	0.000324
懈褋褌懈薪邪	0.000277	2.525729	0.000699
懈褋褌芯褉懈褟	0.001660	0.116534	0.000193
懈褌邪谢懈褟	0.000553	0.105361	0.000058
懈褌邪谢褜褟薪褋泻懈泄	0.000277	0.105361	0.000029
懈褞谢褜	0.000553	0.579818	0.000321
泄芯谐褍褉褌	0.000830	0.040822	0.000034
泻邪斜邪褔芯泻	0.000277	0.040822	0.000011
泻邪胁泻邪蟹褋泻懈泄	0.000277	0.116534	0.000032
泻邪蟹邪薪	0.000277	0.116534	0.000032
泻邪蟹邪褏褋泻懈泄	0.000277	0.116534	0.000032
泻邪泻邪芯	0.003320	0.040822	0.000136
泻邪谢械泄写芯褋泻芯锌	0.001107	0.116534	0.000129
泻邪谢屑褘褑泻懈泄	0.000277	0.116534	0.000032
泻邪谢芯褉懈褟	0.000277	2.659260	0.000736
泻邪谢褜屑邪褉	0.000277	0.040822	0.000011
泻邪屑械褉邪	0.000277	0.116534	0.000032
泻邪薪邪写褋泻懈泄	0.000277	0.116534	0.000032
泻邪薪邪谢	0.000830	0.040822	0.000034
泻邪薪邪锌械	0.000553	0.040822	0.000023
泻邪锌懈褌邪薪	0.000277	2.995732	0.000829
泻邪锌褍褋褌邪	0.000830	0.040822	0.000034
泻邪锌褍褋褌薪褟泻	0.000277	0.040822	0.000011
泻邪褉邪屑械谢褜	0.001383	0.040822	0.000056
泻邪褉泻邪褋薪褘泄	0.001107	0.116534	0.000129
泻邪褉褌芯褎械谢褜	0.000553	0.040822	0.000023
泻邪褉褌芯褎械谢褜薪褘泄	0.000830	0.040822	0.000034
泻邪褉褌芯褕泻邪	0.000830	0.040822	0.000034
泻邪褌械谐芯褉懈褟	0.004703	0.116534	0.000548
泻邪褔械褋褌胁芯	0.000553	0.105361	0.000058
泻邪褕邪	0.002213	0.040822	0.000090
泻胁邪褋	0.001107	0.040822	0.000045
泻胁邪褋薪芯泄	0.000830	0.116534	0.000097
泻械泻褋	0.000830	0.040822	0.000034
泻械褎懈褉	0.000830	0.040822	0.000034
泻懈屑褔邪褌褜	0.000277	0.040822	0.000011
泻懈薪芯邪	0.000553	0.127833	0.000071
泻懈薪芯谢械薪褌邪	0.000277	0.116534	0.000032
泻懈褋械谢褜	0.000553	0.040822	0.000023
泻懈褌邪泄褋泻懈泄	0.000277	0.116534	0.000032
泻谢邪褉械屑芯褉邪	0.000277	4.605170	0.001274
泻谢邪褋褋	0.002490	0.116534	0.000290
泻谢褟褉	0.000277	2.302585	0.000637
泻薪懈谐邪	0.000553	0.040822	0.000023
泻芯泻褌械泄谢褜	0.001660	0.040822	0.000068
泻芯谢斜邪褋邪	0.000277	0.040822	0.000011
泻芯谢斜邪褋薪褘泄	0.000830	0.116534	0.000097
泻芯屑邪薪写邪	0.000830	0.127833	0.000106
泻芯屑懈	0.000277	0.116534	0.000032
泻芯屑屑械薪褌邪褉懈泄	0.000277	0.127833	0.000035
泻芯屑锌邪薪懈褟	0.000277	0.105361	0.000029
泻芯屑锌芯褌	0.000830	0.040822	0.000034
泻芯薪写懈褌械褉褋泻懈泄	0.000277	2.120264	0.000587
泻芯薪懈薪邪	0.000277	0.116534	0.000032
泻芯薪泻褍褉褋	0.060304	0.040822	0.002462
泻芯薪泻褍褉褋薪褘泄	0.000277	0.127833	0.000035
泻芯薪褋械褉胁懈褉芯胁邪薪懈械	0.000277	0.040822	0.000011
泻芯薪褋械褉胁懈褉芯胁邪薪薪褘泄	0.001383	0.116534	0.000161
泻芯薪褋懈褋褌械薪褑懈褟	0.000553	2.525729	0.001397
泻芯薪褋褍谢褜褌邪薪褌	0.000277	3.218876	0.000890
泻芯薪褎械褌邪	0.001660	0.040822	0.000068
泻芯薪褎械褌泻邪	0.000277	2.813411	0.000778
泻芯薪褎械褌褌懈	0.000277	0.116534	0.000032
泻芯薪褎懈写械薪褑懈邪谢褜薪芯褋褌褜	0.000277	0.040822	0.000011
泻芯薪褎懈褌褞褉	0.000277	0.040822	0.000011
泻芯锌褔褢薪芯褋褌褜	0.000277	0.116534	0.000032
泻芯褉械泄褋泻懈	0.000277	0.040822	0.000011
泻芯褉械泄褋泻懈泄	0.000277	0.105361	0.000029
泻芯褉卸懈泻	0.000277	0.040822	0.000011
泻芯褉懈褑邪	0.000553	1.347074	0.000745
泻芯褉屑懈褌褜	0.000277	0.116534	0.000032
泻芯褌谢械褌邪	0.000277	0.040822	0.000011
泻芯褎械	0.000830	0.040822	0.000034
泻芯褕械谢褢泻	0.000277	3.506558	0.000970
泻褉邪褋泻邪	0.000277	0.116534	0.000032
泻褉邪褏屑邪谢	0.000553	0.891598	0.000493
泻褉械邪褌懈胁	0.000277	0.127833	0.000035
泻褉械屑	0.002213	0.040822	0.000090
泻褉械锌泻懈泄	0.000277	0.116534	0.000032
泻褉芯谢懈泻	0.000553	0.116534	0.000064
泻褉芯屑械	0.000277	0.061875	0.000017
泻褉芯褏邪	0.000277	0.116534	0.000032
泻褉褍谐	0.000553	0.116534	0.000064
泻褉褍锌	0.001660	0.105361	0.000175
泻褉褍锌邪	0.003043	0.116534	0.000355
泻褉褍锌褟薪芯泄	0.000277	0.116534	0.000032
泻褋褌邪褌懈	0.000277	1.237874	0.000342
泻褍斜懈薪褋泻懈泄	0.000277	0.116534	0.000032
泻褍谢械褕	0.000277	0.040822	0.000011
泻褍谢懈薪邪褉	0.000277	1.386294	0.000383
泻褍谢懈薪邪褉懈褟	0.000830	0.094311	0.000078
泻褍谢懈薪邪褉薪褘泄	0.001936	0.000000	0.000000
泻褍谢懈褔	0.000553	0.040822	0.000023
泻褍锌懈褌褜	0.000277	2.302585	0.000637
泻褍褉写褋泻懈泄	0.000277	0.116534	0.000032
泻褍褉懈薪褘泄	0.004703	0.094311	0.000444
泻褍褉懈褑邪	0.001107	0.040822	0.000045
泻褍褉芯褔泻邪	0.000277	0.116534	0.000032
泻褍褋泻褍褋	0.000277	0.040822	0.000011
泻褍褋芯褔械泻	0.000277	1.078810	0.000298
泻褍褏薪褟	0.002213	0.040822	0.000090
泻褍褔邪	0.000553	2.813411	0.001557
谢邪胁邪褕	0.001660	0.040822	0.000068
谢邪谐屑邪薪	0.000277	0.040822	0.000011
谢邪泻芯屑褋褌胁芯	0.000830	0.116534	0.000097
谢邪锌褕邪	0.000553	0.040822	0.000023
谢邪褌褘褕褋泻懈泄	0.000277	0.116534	0.000032
谢械谐泻芯	0.002213	0.116534	0.000258
谢械泻芯	0.000277	2.525729	0.000699
谢械锌褢褕泻邪	0.000553	0.040822	0.000023
谢械褌薪懈泄	0.000553	0.040822	0.000023
谢械褌芯	0.001660	0.116534	0.000193
谢械褔芯	0.000277	0.040822	0.000011
谢懈谐邪	0.000830	0.116534	0.000097
谢懈泻褢褉	0.000277	0.040822	0.000011
谢懈屑芯薪邪写	0.000553	0.040822	0.000023
谢懈锌薪褍褌褜	0.000277	3.506558	0.000970
谢懈褌芯胁褋泻	0.000277	0.127833	0.000035
谢懈褌芯胁褋泻懈泄	0.000277	0.116534	0.000032
谢懈褕薪懈泄	0.000277	1.560648	0.000432
谢芯卸泻邪	0.000277	1.897120	0.000525
谢褜写懈薪泻邪	0.000277	4.605170	0.001274
谢褞斜懈屑褘泄	0.002490	0.116534	0.000290
谢褞斜懈褌械谢褜	0.000277	1.386294	0.000383
谢褞斜懈褌褜	0.000830	0.755023	0.000627
谢褞斜芯胁褜	0.000553	0.105361	0.000058
谢褞斜芯泄	0.000553	0.094311	0.000052
谢褞写屑懈谢邪	0.000553	1.771957	0.000980
谢褟	0.000277	1.771957	0.000490
谢褢谐泻懈泄	0.003043	0.094311	0.000287
谢褢写	0.000277	0.116534	0.000032
屑邪胁蟹芯谢械泄	0.000277	2.525729	0.000699
屑邪谐褉懈斜	0.000277	0.116534	0.000032
屑邪泄	0.000830	0.116534	0.000097
屑邪泄芯薪械蟹	0.000277	0.116534	0.000032
屑邪泻邪谢谢械薪	0.000277	4.605170	0.001274
屑邪泻邪褉芯薪薪褘泄	0.000277	0.116534	0.000032
屑邪泻邪褉芯薪褘	0.000277	0.040822	0.000011
屑邪泻褋懈屑邪谢褜薪芯	0.000553	2.040221	0.001129
屑邪谢邪蟹懈泄褋泻懈泄	0.000277	0.116534	0.000032
屑邪薪薪懈泻	0.000553	0.040822	0.000023
屑邪薪薪褘泄	0.000553	1.609438	0.000890
屑邪薪褋邪褉写邪	0.000277	0.755023	0.000209
屑邪薪褌邪	0.000277	0.116534	0.000032
屑邪薪褢胁褉	0.000277	0.116534	0.000032
屑邪褉邪褎芯薪	0.000830	0.116534	0.000097
屑邪褉谐邪褉懈薪	0.000553	1.609438	0.000890
屑邪褉懈薪邪写	0.003320	0.040822	0.000136
屑邪褉懈薪芯胁邪褌褜	0.000277	0.116534	0.000032
屑邪褉屑械谢邪写	0.000277	0.040822	0.000011
屑邪褉芯泻泻邪薪褋泻懈泄	0.000277	0.116534	0.000032
屑邪褉褌	0.001660	0.105361	0.000175
屑邪褋泻邪褉锌芯薪	0.000277	0.040822	0.000011
屑邪褋谢械薪懈褑邪	0.000830	0.040822	0.000034
屑邪褋谢械薪懈褔薪褘泄	0.000277	0.116534	0.000032
屑邪褋谢芯	0.005533	0.105361	0.000583
屑邪褋褋邪	0.000553	1.771957	0.000980
屑邪褋褌械褉	0.002490	0.116534	0.000290
屑邪褋褌懈泻邪	0.000553	0.040822	0.000023
屑邪褎褎懈薪邪	0.000277	0.116534	0.000032
屑邪褏械械胁褗	0.001107	0.116534	0.000129
屑械写懈邪褎芯褉褌	0.000830	0.000000	0.000000
屑械写芯胁褘泄	0.000553	0.116534	0.000064
屑械泻褋懈泻邪薪褋泻懈泄	0.000277	0.116534	0.000032
屑械薪褞	0.000277	0.116534	0.000032
屑械薪褟褌褜褋褟	0.000277	0.116534	0.000032
屑械褉邪	0.000277	1.832581	0.000507
屑械褋褟褑	0.000277	1.660731	0.000459
屑械褔褌邪	0.000830	0.040822	0.000034
屑懈写懈褟	0.000277	0.040822	0.000011
屑懈泻褉芯胁芯谢薪芯胁泻邪	0.001383	0.105361	0.000146
屑懈谢褜褟	0.000277	0.116534	0.000032
屑懈薪懈屑邪谢褜薪褘泄	0.000277	2.407946	0.000666
屑懈薪懈屑褍屑	0.000277	1.237874	0.000342
屑懈薪褍褌邪	0.001383	0.544727	0.000753
屑懈芯	0.000277	0.116534	0.000032
屑懈褉	0.000553	0.105361	0.000058
屑懈褉芯胁芯泄	0.000277	0.116534	0.000032
屑懈褋芯	0.000277	0.040822	0.000011
屑懈褋褌械褉懈褟	0.000277	0.116534	0.000032
屑懈褋褌褉邪谢褜	0.001936	0.116534	0.000226
屑屑屑屑	0.000277	2.995732	0.000829
屑薪芯谐芯	0.000277	0.776529	0.000215
屑薪芯卸械褋褌胁芯	0.000277	0.040822	0.000011
屑芯泄	0.003043	0.083382	0.000254
屑芯谢写邪胁褋泻懈泄	0.000277	0.116534	0.000032
屑芯谢芯泻芯	0.010788	0.083382	0.000900
屑芯谢芯褔薪褘泄	0.001660	0.040822	0.000068
屑芯屑械薪褌	0.000830	0.105361	0.000087
屑芯薪谐芯谢褜褋泻懈泄	0.000277	0.116534	0.000032
屑芯褉械	0.000277	0.116534	0.000032
屑芯褉械锌褉芯写褍泻褌	0.003596	0.040822	0.000147
屑芯褉泻芯胁褜	0.000277	0.040822	0.000011
屑芯褉芯卸械薪芯械	0.002490	0.040822	0.000102
屑芯褉褋	0.000553	0.040822	0.000023
屑芯褋泻胁邪	0.000277	2.120264	0.000587
屑芯褋泻芯胁褋泻懈泄	0.000277	2.525729	0.000699
屑芯褌芯褉	0.000277	0.116534	0.000032
屑芯褏懈褌褘泄	0.000277	0.040822	0.000011
屑芯褔褜	0.001107	0.000000	0.000000
屑褍卸	0.000553	0.867501	0.000480
屑褍卸薪懈薪	0.000277	2.525729	0.000699
屑褍卸褋泻芯泄	0.000277	0.127833	0.000035
屑褍卸褔懈薪邪	0.000553	0.116534	0.000064
屑褍泻邪	0.005256	0.248461	0.001306
屑褍谢褜褌懈胁邪褉泻邪	0.010512	0.116534	0.001225
屑褍谢褜褌懈锌械泻邪褉褜	0.000830	0.116534	0.000097
屑褍褉屑邪薪褋泻	0.000277	2.995732	0.000829
屑褍褋褋	0.000277	0.040822	0.000011
屑褍褋褋邪	0.001107	0.040822	0.000045
屑褍褔薪芯泄	0.000277	0.116534	0.000032
屑褞褋谢懈	0.000830	0.116534	0.000097
屑褟谐泻懈泄	0.000277	0.755023	0.000209
屑褟褋薪芯泄	0.003043	0.040822	0.000124
屑褟褋芯	0.006362	0.040822	0.000260
薪邪斜芯褉	0.000277	1.660731	0.000459
薪邪胁械褉薪芯械	0.000277	2.207275	0.000611
薪邪蟹邪写	0.000277	0.967584	0.000268
薪邪蟹薪邪褔械薪懈械	0.000277	0.116534	0.000032
薪邪泄褌懈	0.001107	0.446287	0.000494
薪邪谢懈胁泻邪	0.000277	0.040822	0.000011
薪邪锌懈褌芯泻	0.001936	0.040822	0.000079
薪邪锌芯谢械芯薪	0.000553	2.659260	0.001471
薪邪锌芯屑薪懈褌褜	0.000277	2.995732	0.000829
薪邪褉芯写	0.000277	2.120264	0.000587
薪邪褋泻芯谢褜泻芯	0.000277	1.427116	0.000395
薪邪褋褌芯泄泻邪	0.000277	0.040822	0.000011
薪邪褋褌芯谢褜泻芯	0.000277	1.514128	0.000419
薪邪褋褌芯褟褖懈泄	0.000830	1.108663	0.000920
薪邪褋褌褉芯械薪懈械	0.000277	0.116534	0.000032
薪邪褋褘褖械薪薪褘泄	0.000277	1.609438	0.000445
薪邪褌褍褉邪谢褜薪褘泄	0.000277	1.832581	0.000507
薪邪褑懈芯薪邪谢褜薪褘泄	0.000277	0.116534	0.000032
薪邪褔懈薪泻邪	0.001107	0.040822	0.000045
薪邪褕	0.001660	0.040822	0.000068
薪械胁芯蟹屑芯卸薪芯	0.000277	1.347074	0.000373
薪械胁芯谢褜薪芯	0.000277	2.525729	0.000699
薪械写械谢褟	0.003043	0.051293	0.000156
薪械卸薪褘泄	0.001660	0.094311	0.000157
薪械蟹邪屑械写谢懈褌械谢褜薪芯	0.000277	2.813411	0.000778
薪械屑械褑泻懈泄	0.000277	0.116534	0.000032
薪械芯卸懈写邪薪薪褘泄	0.000277	0.116534	0.000032
薪械褉械邪谢褜薪芯	0.000277	2.995732	0.000829
薪械褋谢邪写泻懈泄	0.000553	0.116534	0.000064
薪懈泻邪泻芯泄	0.000553	1.203973	0.000666
薪懈泻褌芯	0.000553	1.427116	0.000790
薪懈薪邪	0.000553	1.078810	0.000597
薪懈褔械谐芯	0.000553	0.941609	0.000521
薪泻	0.000553	1.771957	0.000980
薪芯胁芯谐芯写薪懈泄	0.006086	0.040822	0.000248
薪芯胁芯褋褌褜	0.000277	0.061875	0.000017
薪芯胁褘泄	0.003320	0.030459	0.000101
薪芯褉胁械谐懈褟	0.000277	2.995732	0.000829
薪芯褉胁械卸褋泻懈泄	0.000277	0.116534	0.000032
薪芯褟斜褉褜	0.000277	0.527633	0.000146
芯斜邪谢写械薪薪褘泄	0.000277	1.771957	0.000490
芯斜械写	0.000830	0.105361	0.000087
芯斜械蟹卸懈褉械薪薪褘泄	0.000277	3.218876	0.000890
芯斜械蟹褜褟薪邪	0.000277	0.116534	0.000032
芯斜芯卸邪褌褜	0.000277	1.386294	0.000383
芯斜褖邪褌褜褋褟	0.000277	0.040822	0.000011
芯斜褖懈泄	0.000277	1.609438	0.000445
芯斜褘褔薪褘泄	0.000277	1.386294	0.000383
芯胁芯褖	0.005809	0.094311	0.000548
芯胁芯褖薪芯泄	0.002490	0.040822	0.000102
芯胁褋褟薪褘泄	0.000553	0.105361	0.000058
芯谐薪械薪薪褘泄	0.000277	0.116534	0.000032
芯谐芯薪褜	0.000277	0.094311	0.000026
芯谐褉芯屑薪褘泄	0.000830	0.867501	0.000720
芯谐褍褉械褑	0.000553	0.116534	0.000064
芯卸懈写邪褌褜	0.000277	2.302585	0.000637
芯蟹薪邪屑械薪芯胁邪薪懈械	0.000277	3.218876	0.000890
芯泻邪蟹邪褌褜褋褟	0.000277	1.514128	0.000419
芯泻褉芯褕泻邪	0.000830	0.040822	0.000034
芯泻褌褟斜褉褜	0.000830	0.562119	0.000466
芯谢邪写褜褟	0.000830	0.040822	0.000034
芯谢械泄薪芯泄	0.001107	0.116534	0.000129
芯谢械泄薪褘泄	0.001107	0.116534	0.000129
芯谢褟	0.000277	2.120264	0.000587
芯屑谢械褌	0.000277	0.040822	0.000011
芯锌邪褉邪	0.000277	0.040822	0.000011
芯锌褉芯褋	0.000277	0.061875	0.000017
芯褉械褏	0.001107	0.776529	0.000859
芯褉懈谐懈薪邪谢	0.000277	1.832581	0.000507
芯褋械薪薪懈泄	0.001107	0.051293	0.000057
芯褋械薪褜	0.002766	0.105361	0.000291
芯褋薪芯胁薪褘泄	0.000277	0.040822	0.000011
芯褋褌邪胁邪褌褜褋褟	0.000277	0.116534	0.000032
芯褌胁械褌	0.000553	0.000000	0.000000
芯褌胁械褌懈褌褜	0.000277	0.051293	0.000014
芯褌泻褉褘褌褘泄	0.000553	0.105361	0.000058
芯褌谢懈褔薪褘泄	0.000553	1.078810	0.000597
芯褌屑械薪懈褌褜	0.000277	0.040822	0.000011
芯褌薪懈屑邪褌褜	0.000277	2.995732	0.000829
芯褌褋褍褌褋褌胁懈械	0.000277	2.302585	0.000637
芯褌褋褍褌褋褌胁芯胁邪褌褜	0.000277	2.525729	0.000699
芯褌褔邪懈胁邪褌褜褋褟	0.000277	4.605170	0.001274
芯褏谢邪写懈褌褜	0.000277	0.116534	0.000032
芯褔械褉械写褜	0.000553	1.771957	0.000980
芯褕懈斜泻邪	0.000277	2.302585	0.000637
锌邪泻械褌懈泻	0.000277	0.105361	0.000029
锌邪谢芯褔泻邪	0.000553	0.040822	0.000023
锌邪薪懈褉芯胁泻邪	0.002213	0.116534	0.000258
锌邪褉邪	0.000277	0.116534	0.000032
锌邪褉邪写	0.001936	0.116534	0.000226
锌邪褉芯胁邪褉泻邪	0.002490	0.105361	0.000262
锌邪褉芯谢褜	0.000277	0.020203	0.000006
锌邪褋褌邪	0.000830	0.040822	0.000034
锌邪褋褌褉芯屑邪	0.000277	0.040822	0.000011
锌邪褋褏邪	0.000553	0.040822	0.000023
锌邪褋褏邪谢褜薪褘泄	0.000830	0.116534	0.000097
锌邪褌械薪褌	0.000277	2.525729	0.000699
锌邪褕褌械褌	0.000830	0.040822	0.000034
锌械泻邪褉褜	0.000277	0.127833	0.000035
锌械泻谢芯	0.000277	2.525729	0.000699
锌械谢褜屑械薪褜	0.000277	0.116534	0.000032
锌械褉胁褘泄	0.001936	0.040822	0.000079
锌械褉械写邪褌褜	0.000277	3.218876	0.000890
锌械褉械泄褌懈	0.000277	0.040822	0.000011
锌械褉械泻褍褋	0.000553	0.116534	0.000064
锌械褉械屑械褕懈胁邪薪懈械	0.000277	4.605170	0.001274
锌械褉械屑械褕懈胁邪薪懈褟	0.000553	4.605170	0.002548
锌械褉械褑	0.000277	0.040822	0.000011
锌械褉褋芯薪邪	0.000277	0.116534	0.000032
锌械褉褍邪薪褋泻懈泄	0.000277	0.116534	0.000032
锌械褋芯褔薪褘泄	0.001383	0.105361	0.000146
锌械褌械谢懈薪泻	0.000277	0.127833	0.000035
锌械褔械薪懈械	0.005533	0.040822	0.000226
锌械褔褜	0.000277	0.116534	0.000032
锌械褔褢薪芯褔薪褘泄	0.000277	0.040822	0.000011
锌懈胁芯	0.000277	0.116534	0.000032
锌懈泻邪薪褌	0.000277	0.127833	0.000035
锌懈泻薪懈泻	0.001107	0.105361	0.000117
锌懈褉	0.000277	0.116534	0.000032
锌懈褉芯谐	0.001107	0.040822	0.000045
锌懈褉芯卸薪芯械	0.000830	0.040822	0.000034
锌懈褉芯卸芯泻	0.000277	0.040822	0.000011
锌懈褌邪薪懈械	0.001383	0.094311	0.000130
锌懈褑褑邪	0.000553	0.040822	0.000023
锌谢邪屑褟	0.000277	0.116534	0.000032
锌谢懈褌邪	0.001107	0.116534	0.000129
锌谢芯胁	0.000277	0.116534	0.000032
锌谢芯写	0.000277	0.116534	0.000032
锌芯斜邪谢芯胁邪褌褜	0.000553	2.120264	0.001173
锌芯斜械写邪	0.000553	2.995732	0.001657
锌芯胁邪褉褢薪芯泻	0.001660	0.000000	0.000000
锌芯胁懈写谢芯	0.000277	0.040822	0.000011
锌芯胁褌芯褉懈褌褜	0.000277	2.040221	0.000564
锌芯写邪褉芯泻	0.000277	0.116534	0.000032
锌芯写斜芯褉	0.000277	1.514128	0.000419
锌芯写谐芯褉邪褌褜	0.000277	3.506558	0.000970
锌芯写写械褉卸泻邪	0.000277	2.813411	0.000778
锌芯写械谢懈褌褜褋褟	0.000277	0.400478	0.000111
锌芯写泻褍锌懈褌褜	0.000277	2.040221	0.000564
锌芯写谢懈胁	0.000277	0.116534	0.000032
锌芯写谢懈胁泻邪	0.000277	0.040822	0.000011
锌芯写芯斜薪褘泄	0.000277	1.427116	0.000395
锌芯写锌懈褋邪褌褜褋褟	0.000830	0.040822	0.000034
锌芯写褉褍谐邪	0.000277	2.525729	0.000699
锌芯写褉褍卸泻邪	0.000277	2.659260	0.000736
锌芯械写邪褌褜	0.000277	4.605170	0.001274
锌芯械写懈薪芯泻	0.003873	0.116534	0.000451
锌芯卸邪谢褍泄褋褌邪	0.000553	1.966113	0.001088
锌芯蟹写褉邪胁懈褌褜	0.000277	0.116534	0.000032
锌芯懈褋泻	0.000553	0.051293	0.000028
锌芯谢写薪懈泻	0.000553	0.116534	0.000064
锌芯谢械蟹薪芯	0.000277	0.116534	0.000032
锌芯谢械蟹薪褘泄	0.000277	1.427116	0.000395
锌芯谢懈褌懈泻邪	0.000277	0.040822	0.000011
锌芯谢芯胁懈薪邪	0.002213	0.105361	0.000233
锌芯谢褍褔邪褌褜	0.000553	0.040822	0.000023
锌芯谢褍褔邪褌褜褋褟	0.001383	0.328504	0.000454
锌芯谢褍褔懈褌褜	0.000277	1.237874	0.000342
锌芯谢褍褔懈褌褜褋褟	0.000830	0.653926	0.000543
锌芯谢褜蟹邪	0.001383	0.116534	0.000161
锌芯谢褜褋泻懈泄	0.000277	0.116534	0.000032
锌芯屑邪写泻邪	0.000830	0.040822	0.000034
锌芯屑械褕懈胁邪褌褜	0.000277	3.506558	0.000970
锌芯屑懈写芯褉	0.000553	0.116534	0.000064
锌芯屑懈写芯褉泻	0.000277	0.127833	0.000035
锌芯屑芯褖薪懈褑邪	0.000277	2.525729	0.000699
锌芯薪褉邪胁懈褌褜褋褟	0.000277	0.040822	0.000011
锌芯薪褔懈泻	0.000553	0.040822	0.000023
锌芯锌褉芯斜芯胁邪褌褜	0.000277	0.248461	0.000069
锌芯褉邪	0.000553	0.105361	0.000058
锌芯褉邪写芯胁邪褌褜	0.000553	1.309333	0.000724
锌芯褉懈褋褌褘泄	0.000277	1.897120	0.000525
锌芯褉芯褕芯泻	0.002766	0.916291	0.002535
锌芯褉褌褍谐邪谢褜褋泻懈泄	0.000277	0.116534	0.000032
锌芯褋械褖邪褌褜	0.000277	0.061875	0.000017
锌芯褋褌	0.001383	0.105361	0.000146
锌芯褋褌薪褘泄	0.001107	0.040822	0.000045
锌芯褋褌芯褟薪薪芯	0.000277	0.040822	0.000011
锌芯褋褌芯褟薪薪褘泄	0.000277	3.912023	0.001082
锌芯褋褌褉芯懈褌褜	0.000277	0.105361	0.000029
锌芯褋褍写邪	0.000553	0.094311	0.000052
锌芯褌械褉褟褌褜	0.000277	3.218876	0.000890
锌芯褏芯卸懈泄	0.000277	0.994252	0.000275
锌芯褔械屑褍	0.000277	1.203973	0.000333
锌芯褔褌邪	0.000277	0.040822	0.000011
锌芯褔褌懈	0.000553	1.021651	0.000565
锌芯褕邪谐芯胁褘泄	0.000553	0.040822	0.000023
锌褉邪胁写邪	0.000277	1.139434	0.000315
锌褉邪谐邪	0.000277	2.525729	0.000699
锌褉邪蟹写薪懈泻	0.000553	0.105361	0.000058
锌褉邪蟹写薪懈褔薪芯	0.000277	0.116534	0.000032
锌褉邪蟹写薪懈褔薪褘泄	0.000830	0.105361	0.000087
锌褉邪泻褌懈泻褍屑	0.000277	0.116534	0.000032
锌褉邪泻褌懈褔械褋泻懈	0.000553	1.386294	0.000767
锌褉械胁芯褋褏芯写薪褘泄	0.000553	0.116534	0.000064
锌褉械胁褉邪褖械薪懈械	0.000277	0.116534	0.000032
锌褉械写谢邪谐邪褌褜	0.001383	0.693147	0.000959
锌褉械写褋褌邪胁懈褌褜	0.000277	1.347074	0.000373
锌褉械褋薪褘泄	0.000277	0.116534	0.000032
锌褉懈斜谢懈蟹懈褌褜	0.000277	2.407946	0.000666
锌褉懈谐谢邪褕邪褌褜	0.000277	2.207275	0.000611
锌褉懈谐芯褌芯胁懈褌褜	0.001383	0.083382	0.000115
锌褉懈谐芯褌芯胁谢械薪懈械	0.000830	0.040822	0.000034
锌褉懈蟹	0.000277	0.040822	0.000011
锌褉懈蟹薪邪薪懈械	0.000277	0.116534	0.000032
锌褉懈泄褌懈	0.000277	1.966113	0.000544
锌褉懈薪芯褋懈褌褜	0.000277	2.120264	0.000587
锌褉懈锌褉邪胁邪	0.000277	0.040822	0.000011
锌褉懈褉芯写邪	0.000553	0.105361	0.000058
锌褉懈褋褌褍锌懈褌褜	0.000277	0.040822	0.000011
锌褉芯斜邪	0.000277	2.302585	0.000637
锌褉芯斜芯胁邪褌褜	0.000277	0.843970	0.000233
锌褉芯胁械褉懈褌褜	0.001660	0.116534	0.000193
锌褉芯胁械褋褌懈	0.001107	0.116534	0.000129
锌褉芯胁芯写懈褌褜	0.000277	0.040822	0.000011
锌褉芯胁芯卸邪褌褜	0.000277	0.116534	0.000032
锌褉芯写邪胁邪褌褜	0.000277	2.302585	0.000637
锌褉芯写褍泻褌	0.000553	0.072571	0.000040
锌褉芯械泻褌	0.000553	0.051293	0.000028
锌褉芯懈蟹胁械褋褌懈	0.000277	1.966113	0.000544
锌褉芯锌芯褉褑懈褟	0.000277	1.609438	0.000445
锌褉芯褋懈褌褜	0.000553	0.776529	0.000430
锌褉芯褋屑芯褌褉	0.000277	0.274437	0.000076
锌褉芯褋褌芯	0.002766	0.083382	0.000231
锌褉芯褋褌芯泄	0.000553	0.301105	0.000167
锌褉芯褋褌芯泻胁邪褕邪	0.000277	0.040822	0.000011
锌褉芯褋褌芯褉	0.000277	1.660731	0.000459
锌褉芯褎懈谢褜	0.000277	0.040822	0.000011
锌褉芯褔懈褌邪褌褜	0.000277	1.832581	0.000507
锌褉芯褔懈褌褜	0.000277	3.506558	0.000970
锌褉褟屑芯	0.000553	0.040822	0.000023
锌褉褟薪懈泻	0.000830	0.040822	0.000034
锌褉褟薪懈褔薪褘泄	0.000553	0.116534	0.000064
锌褌懈褑邪	0.005256	0.116534	0.000612
锌褌懈褔懈泄	0.000553	1.771957	0.000980
锌褍写懈薪谐	0.001107	0.040822	0.000045
锌褍写褉邪	0.001107	1.771957	0.001961
锌褍薪褕	0.000277	0.040822	0.000011
锌褍褌械褕械褋褌胁懈械	0.000553	0.116534	0.000064
锌褍褌褜	0.000277	0.116534	0.000032
锌褕械薪懈褔薪褘泄	0.004979	0.287682	0.001432
锌褘褕泻邪	0.000277	0.040822	0.000011
锌褞褉械	0.001383	0.040822	0.000056
褉邪斜芯褌邪	0.000553	1.237874	0.000685
褉邪谐褍	0.000277	0.116534	0.000032
褉邪蟹	0.001383	0.356675	0.000493
褉邪蟹胁械褉薪褍褌褜	0.000277	0.116534	0.000032
褉邪蟹写械谢褜薪褘泄	0.000277	0.116534	0.000032
褉邪蟹谢懈褔薪褘泄	0.000277	1.714798	0.000474
褉邪蟹屑械褋褌懈褌褜	0.000553	1.714798	0.000949
褉邪蟹薪褘泄	0.000277	0.094311	0.000026
褉邪蟹褉褘褏谢懈褌械谢褜	0.001107	1.237874	0.001370
褉邪薪械械	0.000277	2.407946	0.000666
褉邪褋褋泻邪蟹褘胁邪褌褜	0.000277	2.120264	0.000587
褉邪褋褋芯谢褜薪懈泻	0.000830	0.040822	0.000034
褉邪褋褋褘谢泻邪	0.000277	0.061875	0.000017
褉邪褋褌懈褌械谢褜薪褘泄	0.001107	0.223144	0.000247
褉械斜褢薪芯泻	0.000277	0.094311	0.000026
褉械斜褢薪芯褔械泻	0.000553	2.659260	0.001471
褉械谐懈褋褌褉邪褑懈褟	0.000830	0.000000	0.000000
褉械蟹褍谢褜褌邪褌	0.000830	0.820981	0.000681
褉械泄褌懈薪谐	0.000277	0.235722	0.000065
褉械泻谢邪屑邪	0.000277	2.813411	0.000778
褉械褋褌芯褉邪薪	0.000277	1.386294	0.000383
褉械褑械锌褌	0.029322	0.040822	0.001197
褉械褕懈褌褜	0.000553	0.693147	0.000383
褉懈褋	0.001383	0.040822	0.000056
褉懈褌屑	0.000277	0.116534	0.000032
褉芯谐邪谢懈泻	0.000277	0.040822	0.000011
褉芯写	0.000277	1.832581	0.000507
褉芯写懈褌褜褋褟	0.000277	2.995732	0.000829
褉芯写薪褘泄	0.000277	0.116534	0.000032
褉芯卸写械薪懈械	0.000277	0.105361	0.000029
褉芯卸写械褋褌胁芯	0.000277	0.116534	0.000032
褉芯谢谢	0.000553	0.040822	0.000023
褉芯谢谢褌芯薪	0.000277	0.116534	0.000032
褉芯屑	0.000277	0.040822	0.000011
褉芯褌	0.000830	1.427116	0.001184
褉褍斜褉懈泻邪褌芯褉	0.000277	0.051293	0.000014
褉褍泻邪	0.000277	1.514128	0.000419
褉褍谢械褌	0.003320	0.040822	0.000136
褉褍屑褘薪褋泻懈泄	0.000277	0.116534	0.000032
褉褍屑褟薪褘泄	0.000277	0.116534	0.000032
褉褍薪械褌	0.000277	0.020203	0.000006
褉褍褋褋泻懈泄	0.000277	0.105361	0.000029
褉褍褔泻邪	0.000277	2.407946	0.000666
褉褘斜邪	0.006916	0.040822	0.000282
褉褘斜薪褘泄	0.002766	0.105361	0.000291
褉褘斜芯谢芯胁薪褘泄	0.000277	2.995732	0.000829
褉褟卸械薪泻邪	0.000277	0.116534	0.000032
褋邪泄褌	0.002490	0.000000	0.000000
褋邪谢邪褌	0.008852	0.040822	0.000361
褋邪谢邪褌薪褘泄	0.000277	0.116534	0.000032
褋邪屑芯谐芯薪	0.000277	0.040822	0.000011
褋邪屑褘泄	0.001936	0.105361	0.000204
褋邪褎	0.000830	0.116534	0.000097
褋邪褎褋械屑邪	0.000277	0.116534	0.000032
褋邪褏邪褉	0.009959	0.105361	0.001049
褋邪褏邪褉薪褘泄	0.001107	1.771957	0.001961
褋斜懈褌械薪褜	0.000277	0.040822	0.000011
褋胁邪褉懈褌褜	0.000277	2.407946	0.000666
褋胁械卸械褋褌褜	0.000553	0.105361	0.000058
褋胁械泻芯谢褜薪懈泻	0.000553	0.040822	0.000023
褋胁械褌	0.001107	0.116534	0.000129
褋胁械褌邪	0.001107	0.116534	0.000129
褋胁懈薪懈薪	0.001107	0.116534	0.000129
褋胁懈薪懈薪邪	0.000277	0.040822	0.000011
褋胁褢泻谢邪	0.000277	0.040822	0.000011
褋谐褍褋褌懈褌褜	0.002213	1.966113	0.004351
褋谐褍褖褢薪泻邪	0.000277	0.040822	0.000011
褋写械谢邪褌褜	0.000830	0.733969	0.000609
褋械谐芯写薪褟	0.000277	0.843970	0.000233
褋械蟹芯薪	0.000277	0.116534	0.000032
褋械泄褔邪褋	0.001107	0.030459	0.000034
褋械泻褉械褌	0.000830	0.116534	0.000097
褋械谢褢写泻邪	0.000277	0.040822	0.000011
褋械屑械泄薪褘泄	0.000277	0.116534	0.000032
褋械屑褜褟	0.000830	0.116534	0.000097
褋懈写褉	0.000277	0.040822	0.000011
褋懈褉懈泄褋泻懈泄	0.000277	0.116534	0.000032
褋懈褉芯锌	0.000553	0.040822	0.000023
褋懈褋褌械屑邪	0.000277	0.040822	0.000011
褋懈褌懈	0.000277	0.127833	0.000035
褋泻邪蟹邪褌褜	0.001107	0.400478	0.000443
褋泻邪蟹泻邪	0.000277	0.116534	0.000032
褋泻芯胁芯褉芯写邪	0.000277	1.386294	0.000383
褋谢邪写泻懈泄	0.006086	0.040822	0.000248
褋谢邪写泻芯	0.000277	0.116534	0.000032
褋谢械写褍褞褖懈泄	0.000277	1.386294	0.000383
褋谢懈胁泻邪	0.001936	1.049822	0.002033
褋谢懈胁芯褔薪褘泄	0.004426	0.105361	0.000466
褋谢芯胁芯	0.000277	1.021651	0.000283
褋谢芯泄泻邪	0.000553	0.040822	0.000023
褋谢芯褢薪褘泄	0.001660	0.116534	0.000193
褋谢褍褔邪褌褜褋褟	0.000277	2.525729	0.000699
褋屑械褌邪薪邪	0.001936	0.105361	0.000204
褋屑械褕邪薪薪褘泄	0.000277	0.116534	0.000032
褋屑芯褔褜	0.000277	0.040822	0.000011
褋屑褍蟹懈	0.000830	0.040822	0.000034
褋薪懈泻械褉褋	0.000553	3.912023	0.002164
褋薪芯胁邪	0.000277	2.407946	0.000666
褋薪褝泻	0.000277	0.116534	0.000032
褋芯斜懈褉邪褌褜褋褟	0.000277	0.040822	0.000011
褋芯斜褋褌胁械薪薪褘泄	0.000277	1.966113	0.000544
褋芯胁械褉褕械薪薪芯	0.000277	1.171183	0.000324
褋芯胁械褉褕械薪褋褌胁芯	0.001383	0.116534	0.000161
褋芯胁械褋褌褜	0.000277	2.813411	0.000778
褋芯胁械褌	0.000553	0.040822	0.000023
褋芯谐谢邪褕邪褌褜褋褟	0.000277	0.040822	0.000011
褋芯写邪	0.002213	0.941609	0.002084
褋芯蟹写邪胁邪褌褜	0.000277	0.105361	0.000029
褋芯蟹写邪薪懈械	0.000553	0.261365	0.000145
褋芯泻	0.000830	0.040822	0.000034
褋芯谢械薪懈械	0.000553	0.116534	0.000064
褋芯谢薪械褔薪褘泄	0.000277	0.116534	0.000032
褋芯谢褜	0.001107	0.127833	0.000141
褋芯谢褟薪泻邪	0.000553	0.040822	0.000023
褋芯谢褢薪褘泄	0.000830	0.116534	0.000097
褋芯褉斜械褌邪	0.000277	4.605170	0.001274
褋芯褉褌懈褉芯胁邪褌褜	0.000277	0.248461	0.000069
褋芯褋褌邪胁懈褌褜	0.000277	0.116534	0.000032
褋芯褍褋	0.004703	0.040822	0.000192
褋芯褏褉邪薪褟褌褜	0.000277	0.040822	0.000011
褋芯褑褋械褌褜	0.000277	0.040822	0.000011
褋芯褔械褌邪薪懈械	0.000277	0.105361	0.000029
褋芯褔薪褘泄	0.000277	0.116534	0.000032
褋锌邪谢褜薪褟	0.000277	0.415515	0.000115
褋锌邪褋懈斜芯	0.000277	0.673345	0.000186
褋锌械褌褜	0.000277	0.116534	0.000032
褋锌械褑懈邪谢褜薪褘泄	0.000277	0.094311	0.000026
褋锌械褑懈褟	0.000277	0.094311	0.000026
褋锌械褑锌褉芯械泻褌	0.009129	0.116534	0.001064
褋锌懈褋芯泻	0.000277	0.116534	0.000032
褋锌芯泻芯泄薪褘泄	0.000277	2.995732	0.000829
褋锌芯褉懈褌褜	0.000277	3.506558	0.000970
褋锌褉邪胁懈褌褜褋褟	0.000277	2.813411	0.000778
褋褉邪蟹褍	0.000277	0.733969	0.000203
褋褉械写懈蟹械屑薪芯屑芯褉褋泻懈泄	0.000277	0.127833	0.000035
褋褋褋褉芯胁褋泻懈泄	0.000277	3.506558	0.000970
褋褌邪褉邪褌褜褋褟	0.000277	2.659260	0.000736
褋褌邪褉褘泄	0.000553	0.261365	0.000145
褋褌邪褌褜褟	0.000277	0.061875	0.000017
褋褌懈谢褜	0.000553	0.116534	0.000064
褋褌芯懈褌褜	0.000277	1.714798	0.000474
褋褌芯谢	0.002766	0.105361	0.000291
褋褌芯褉芯薪邪	0.000277	1.966113	0.000544
褋褌褉邪薪懈褑邪	0.000277	2.525729	0.000699
褋褌褉芯懈褌械谢褜褋褌胁芯	0.000553	0.040822	0.000023
褋褌褉芯懈褌褜	0.000277	0.040822	0.000011
褋褌褉芯泄薪褘泄	0.000277	0.116534	0.000032
褋褌褘写薪芯	0.000277	2.120264	0.000587
褋褍斜锌褉芯写褍泻褌	0.002766	0.116534	0.000322
褋褍写薪褘泄	0.000277	2.995732	0.000829
褋褍锌	0.006362	0.040822	0.000260
褋褍锌械褉斜邪斜褍褕泻邪	0.000553	1.237874	0.000685
褋褍褎谢械	0.001660	0.040822	0.000068
褋褍褏邪褉褜	0.000277	0.040822	0.000011
褋褍褏芯泄	0.001107	1.427116	0.001579
褋褍褕懈褌褜	0.000553	0.040822	0.000023
褋褗械写邪褌褜	0.000277	2.813411	0.000778
褋褘褉	0.002490	0.040822	0.000102
褋褘褉薪懈泻	0.000830	0.040822	0.000034
褋褘褉薪褘泄	0.001107	0.040822	0.000045
褋褘褌薪褘泄	0.000553	0.105361	0.000058
褋褘褔褍卸薪褘泄	0.000277	0.127833	0.000035
褋褝薪写胁懈褔	0.000277	0.127833	0.000035
褋褞褉锌褉懈蟹	0.000277	0.116534	0.000032
褋褢屑谐邪	0.000277	0.040822	0.000011
褌邪写卸懈泻褋泻懈泄	0.000277	0.116534	0.000032
褌邪泄褋泻懈泄	0.000277	0.116534	0.000032
褌邪褉褌	0.000277	0.116534	0.000032
褌邪褉褌邪谢械褌泻邪	0.000553	0.040822	0.000023
褌邪褌邪褉褋泻懈泄	0.000277	0.116534	0.000032
褌邪褟褌褜	0.000830	1.514128	0.001257
褌胁芯泄	0.000553	0.116534	0.000064
褌胁芯褉懈褌褜	0.000277	0.116534	0.000032
褌胁芯褉芯谐	0.002213	0.040822	0.000090
褌胁芯褉芯卸薪褘泄	0.003873	0.094311	0.000365
褌胁芯褉芯卸芯泻	0.000277	2.995732	0.000829
褌械谢械谐褉邪屑	0.000277	0.040822	0.000011
褌械谢褟褌懈薪邪	0.001107	0.116534	0.000129
褌械锌械褉褜	0.000553	0.916291	0.000507
褌械锌谢芯	0.000277	0.116534	0.000032
褌械褉褉邪褋邪	0.000277	0.776529	0.000215
褌械褉褉懈薪邪	0.000277	0.040822	0.000011
褌械褋褌	0.003873	0.105361	0.000408
褌械褋褌芯	0.003043	0.040822	0.000124
褌械褌褉邪写芯褔泻邪	0.000277	3.912023	0.001082
褌械褏薪懈泻邪	0.001383	0.105361	0.000146
褌屑	0.001107	0.127833	0.000141
褌芯屑	0.000277	1.139434	0.000315
褌芯锌谢褢薪褘泄	0.000277	0.116534	0.000032
褌芯褉褌	0.016044	0.040822	0.000655
褌芯褉褌懈泻	0.001107	1.897120	0.002099
褌芯褉褌芯胁褘泄	0.000277	2.659260	0.000736
褌褉邪胁邪	0.000277	0.094311	0.000026
褌褉邪写懈褑懈褟	0.001660	0.116534	0.000193
褌褉械斜芯胁邪褌褜	0.000277	2.120264	0.000587
褌褉褍斜芯褔泻邪	0.000277	0.040822	0.000011
褌褉褍写芯褢屑泻懈泄	0.000277	2.995732	0.000829
褌褉褢褏谢械褌懈械	0.000277	0.116534	0.000032
褌褍薪械褑	0.000277	0.105361	0.000029
褌褍薪懈褋褋泻懈泄	0.000277	0.116534	0.000032
褌褍褉械褑泻懈泄	0.000277	0.116534	0.000032
褌褘泻胁邪	0.000277	0.040822	0.000011
褌褢屑薪褘泄	0.000553	2.040221	0.001129
褌褢褖懈薪	0.000277	0.040822	0.000011
褍斜械写懈褌褜褋褟	0.000277	1.966113	0.000544
褍胁械写芯屑谢械薪懈械	0.000277	0.040822	0.000011
褍胁械褉械薪薪褘泄	0.000277	2.995732	0.000829
褍谐芯褋褌懈褌褜	0.000277	1.660731	0.000459
褍谐芯褖邪褌褜褋褟	0.000277	0.994252	0.000275
褍写邪褔薪褘泄	0.000277	0.116534	0.000032
褍写懈胁懈褌褜	0.000277	0.116534	0.000032
褍写懈胁谢褟褌褜	0.001107	0.116534	0.000129
褍写芯胁芯谢褜褋褌胁懈械	0.000553	0.116534	0.000064
褍卸懈薪	0.001660	0.094311	0.000157
褍蟹斜械泻褋泻懈泄	0.000277	0.116534	0.000032
褍泻邪蟹邪褌褜	0.000277	2.525729	0.000699
褍泻褉邪懈薪邪	0.000277	2.813411	0.000778
褍泻褉邪懈薪褋泻懈泄	0.000277	0.116534	0.000032
褍泻褉邪褕械薪懈械	0.002213	0.116534	0.000258
褍泻褋褍褋	0.001107	0.562119	0.000622
褍谢懈褌褘褔	0.000277	3.912023	0.001082
褍锌芯褌褉械斜谢械薪懈械	0.000277	0.116534	0.000032
褍褉邪谢褜褋泻懈泄	0.000277	0.116534	0.000032
褍褉芯卸邪泄	0.000277	0.105361	0.000029
褍褋谢芯胁懈械	0.000277	1.660731	0.000459
褍褌泻邪	0.000830	0.116534	0.000097
褍褏芯	0.000277	0.040822	0.000011
褍褔邪褋褌胁芯胁邪褌褜	0.000277	0.040822	0.000011
褎邪蟹械薪写邪	0.000277	0.116534	0.000032
褎邪薪褌邪蟹懈褟	0.002213	0.116534	0.000258
褎邪褉褕	0.003596	0.040822	0.000147
褎邪褉褕懈褉芯胁邪薪薪褘泄	0.001660	0.040822	0.000068
褎邪褋芯谢褜	0.000277	0.040822	0.000011
褎械胁褉邪谢褜	0.000553	0.094311	0.000052
褎械泄械褉胁械褉泻	0.000553	0.116534	0.000064
褎懈谐褍褉邪	0.000553	0.116534	0.000064
褎懈薪褋泻懈泄	0.000277	0.116534	0.000032
褎懈褉屑械薪薪褘泄	0.000277	0.116534	0.000032
褎芯薪写褞	0.000277	0.040822	0.000011
褎芯褉屑邪	0.000277	0.105361	0.000029
褎芯褉褍屑	0.000830	0.040822	0.000034
褎芯褉褕屑邪泻	0.000277	0.040822	0.000011
褎褉邪薪褑懈褟	0.000277	0.116534	0.000032
褎褉邪薪褑褍蟹褋泻懈泄	0.000277	0.094311	0.000026
褎褉邪褍	0.001107	0.116534	0.000129
褎褉褍泻褌	0.001936	0.116534	0.000226
褎褉褍泻褌芯胁褘泄	0.003043	0.040822	0.000124
褎褍写	0.000277	0.116534	0.000032
褎褍褉芯褉	0.000277	2.407946	0.000666
褎褍褉褕械褌	0.000277	0.116534	0.000032
褏邪谢胁邪	0.000277	0.040822	0.000011
褏邪褉胁械褋褌褎械褋褌	0.000553	0.116534	0.000064
褏邪褉褔芯	0.000553	0.040822	0.000023
褏邪褕	0.000277	0.040822	0.000011
褏胁邪褌邪褌褜	0.000277	1.966113	0.000544
褏胁芯褉芯褋褌	0.000277	0.040822	0.000011
褏懈屑懈褟	0.000553	3.218876	0.001781
褏懈薪泻邪谢懈	0.000277	0.116534	0.000032
褏懈褌	0.001936	0.116534	0.000226
褏谢械斜	0.000830	0.040822	0.000034
褏谢械斜芯锌械褔泻邪	0.000277	0.116534	0.000032
褏谢芯锌褜褟	0.000553	0.094311	0.000052
褏芯蟹褟泄泻邪	0.000277	0.116534	0.000032
褏芯谢芯写械褑	0.000277	0.040822	0.000011
褏芯谢芯写薪芯械	0.000553	0.116534	0.000064
褏芯谢芯写薪褘泄	0.000553	0.116534	0.000064
褏芯褉胁邪褌褋泻懈泄	0.000277	0.116534	0.000032
褏芯褉芯褕懈泄	0.001107	0.040822	0.000045
褏芯褉芯褕芯	0.001383	0.105361	0.000146
褏芯褉褋	0.000277	0.116534	0.000032
褏芯褌械褌褜	0.000830	0.000000	0.000000
褏褍写械褌褜	0.000277	2.207275	0.000611
褏褍屑褍褋邪	0.000277	0.040822	0.000011
褑邪褉褋褌胁芯	0.000277	0.127833	0.000035
褑邪褉褜	0.000277	0.116534	0.000032
褑胁械褌	0.000277	1.771957	0.000490
褑胁械褌薪芯泄	0.000277	0.040822	0.000011
褑械薪薪褘泄	0.000277	0.040822	0.000011
褑械薪褌褉	0.000277	0.116534	0.000032
褔邪械屑褘泄	0.000277	0.116534	0.000032
褔邪泄	0.000830	0.040822	0.000034
褔邪褋褌械薪褜泻芯	0.000277	2.995732	0.000829
褔邪褋褌芯	0.000553	0.994252	0.000550
褔邪褋褘	0.000277	4.605170	0.001274
褔械斜褍褉械泻	0.000553	0.040822	0.000023
褔械屑	0.000553	0.994252	0.000550
褔械褉泻懈蟹芯胁褘泄	0.000553	0.116534	0.000064
褔械褉薪芯褋谢懈胁	0.000553	2.995732	0.001657
褔械褋褌薪芯	0.000277	1.203973	0.000333
褔械褋褌薪芯泄	0.000277	0.040822	0.000011
褔械褔械胁懈褑邪	0.000277	0.040822	0.000011
褔械褕褋泻懈泄	0.000277	0.116534	0.000032
褔懈蟹泻械泄泻	0.001936	0.040822	0.000079
褔懈谢懈泄褋泻懈泄	0.000277	0.116534	0.000032
褔懈锌褋褘	0.000277	0.040822	0.000011
褔懈褋谢芯	0.000277	0.235722	0.000065
褔懈褋褌褘泄	0.000277	2.302585	0.000637
褔懈褑芯	0.000277	4.605170	0.001274
褔褍写械褋薪褘泄	0.000277	1.514128	0.000419
褔褍写芯	0.000553	0.116534	0.000064
褕邪屑锌懈薪褜芯薪	0.000277	1.237874	0.000342
褕邪褉懈泻	0.000277	0.040822	0.000011
褕邪褉谢芯褌泻邪	0.000553	0.040822	0.000023
褕邪褉屑	0.000277	0.116534	0.000032
褕邪褕谢褘泻	0.003596	0.040822	0.000147
褕胁械写褋泻懈泄	0.000277	0.116534	0.000032
褕胁械泄褑邪褉褋泻懈泄	0.000277	0.116534	0.000032
褕械写械胁褉	0.000277	0.116534	0.000032
褕械褎	0.000277	0.127833	0.000035
褕懈锌褍褔泻邪	0.000277	0.040822	0.000011
褕懈褉芯泻懈泄	0.000277	0.127833	0.000035
褕泻芯谢邪	0.000277	0.116534	0.000032
褕芯泻	0.000277	2.302585	0.000637
褕芯泻芯谢邪写	0.001383	0.040822	0.000056
褕芯泻芯谢邪写薪褘泄	0.000277	1.427116	0.000395
褕芯褌谢邪薪写褋泻懈泄	0.000277	0.116534	0.000032
褕褌褉褍写械谢褜	0.000277	0.040822	0.000011
褕褌褍泻邪	0.000277	2.120264	0.000587
褕褌褍褔泻邪	0.000277	2.040221	0.000564
褕褌褍褔薪褘泄	0.000277	3.218876	0.000890
褕褍褉锌邪	0.000277	0.040822	0.000011
褖械写褉褘泄	0.000277	0.116534	0.000032
褖懈	0.000553	0.040822	0.000023
褝泻芯屑懈谢泻	0.000277	0.127833	0.000035
褝泻褋锌械褉懈屑械薪褌	0.000277	2.813411	0.000778
褝褋褌芯薪褋泻懈泄	0.000277	0.116534	0.000032
褞斜懈谢械泄	0.000277	2.040221	0.000564
褞谐芯褋谢邪胁褋泻懈泄	0.000277	0.116534	0.000032
褟斜谢芯泻芯	0.000553	1.237874	0.000685
褟斜谢芯褔泻芯	0.000277	3.506558	0.000970
褟谐芯写薪褘泄	0.001107	0.105361	0.000117
褟蟹褘泻	0.000277	0.040822	0.000011
褟懈褔薪褘泄	0.001107	0.941609	0.001042
褟泄褑芯	0.005533	0.040822	0.000226
褟薪胁邪褉褜	0.000830	0.733969	0.000609
褟薪写械泻褋	0.000277	0.072571	0.000020
褟锌芯薪褋泻懈泄	0.000553	0.051293	0.000028
褟褉泻懈泄	0.000277	0.116534	0.000032
褟褉泻芯	0.000277	0.105361	0.000029
