谢械屑屑邪	TF	IDF	TF-IDF
胁邪褕	0.013889	0.000000	0.000000
胁芯蟹薪懈泻薪褍褌褜	0.013889	2.995732	0.041607
胁芯泄褌懈	0.069444	0.000000	0.000000
胁芯锌褉芯褋	0.013889	0.000000	0.000000
胁褏芯写	0.013889	0.030459	0.000423
谐谢褟薪械褑	0.013889	3.218876	0.044707
械写懈薪褘泄	0.013889	0.000000	0.000000
卸械薪褋泻懈泄	0.013889	0.020203	0.000281
卸械薪褖懈薪邪	0.013889	0.061875	0.000859
卸褍褉薪邪谢	0.013889	0.072571	0.001008
蟹邪斜褘褌褜	0.013889	2.040221	0.028336
蟹邪褉械谐懈褋褌褉懈褉芯胁邪褌褜	0.013889	1.897120	0.026349
蟹邪褉械谐懈褋褌褉懈褉芯胁邪褌褜褋褟	0.013889	0.030459	0.000423
懈屑褟	0.013889	0.030459	0.000423
泻褉褍锌薪褘泄	0.013889	2.659260	0.036934
泻褍谢懈薪邪褉薪褘泄	0.013889	0.000000	0.000000
屑邪屑邪	0.013889	1.469676	0.020412
屑械写懈邪褎芯褉褌	0.013889	0.000000	0.000000
屑械褋褟褑	0.013889	1.660731	0.023066
屑芯写邪	0.013889	3.218876	0.044707
屑芯褔褜	0.027778	0.000000	0.000000
薪邪锌懈褋邪褌褜	0.013889	2.659260	0.036934
薪邪褋谢邪褌褜	0.013889	2.407946	0.033444
薪械褋泻褍褔薪芯	0.013889	3.218876	0.044707
芯薪谢邪泄薪	0.027778	3.218876	0.089413
芯褉懈械薪褌懈褉芯胁邪褌褜	0.013889	3.218876	0.044707
芯褌胁械褌	0.027778	0.000000	0.000000
锌邪褉芯谢褜	0.041667	0.020203	0.000842
锌芯胁邪褉褢薪芯泻	0.027778	0.000000	0.000000
锌芯屑芯褔褜	0.013889	2.407946	0.033444
锌芯屑芯褖褜	0.027778	2.207275	0.061313
锌芯褋褌邪褉邪褌褜褋褟	0.013889	2.995732	0.041607
锌芯褔褌芯胁褘泄	0.013889	3.218876	0.044707
锌褉芯斜谢械屑邪	0.013889	1.832581	0.025453
褉邪蟹写械谢	0.013889	2.813411	0.039075
褉邪褋锌芯谢芯卸懈褌褜	0.013889	2.659260	0.036934
褉械谐懈褋褌褉邪褑懈褟	0.013889	0.000000	0.000000
褉芯写懈褌械谢褜	0.013889	1.966113	0.027307
褉褍薪械褌	0.013889	0.020203	0.000281
褋邪泄褌	0.055556	0.000000	0.000000
褋械泄褔邪褋	0.013889	0.030459	0.000423
褋械褌褜	0.041667	2.302585	0.095941
褋芯褑懈邪谢褜薪褘泄	0.041667	3.218876	0.134120
褋褌邪褌褜	0.027778	1.049822	0.029162
褋褌褉邪薪邪	0.013889	1.832581	0.025453
褌褉褍写薪芯褋褌褜	0.013889	3.218876	0.044707
褏芯褌械褌褜	0.013889	0.000000	0.000000
褏褍写械褌褜	0.027778	2.207275	0.061313
褟薪写械泻褋	0.013889	0.072571	0.001008
褟褖懈泻	0.013889	3.218876	0.044707
