谢械屑屑邪	TF	IDF	TF-IDF
邪斜褏邪蟹褋泻懈泄	0.000346	0.116534	0.000040
邪胁褋褌褉邪谢懈泄褋泻懈泄	0.000346	0.116534	0.000040
邪胁褋褌褉懈泄褋泻懈泄	0.000346	0.116534	0.000040
邪胁褌芯泻谢邪胁	0.000346	0.116534	0.000040
邪胁褌芯褉	0.000692	0.040822	0.000028
邪谐褉芯	0.000346	0.116534	0.000040
邪写卸懈泻邪	0.000346	0.040822	0.000014
邪蟹	0.000346	0.127833	0.000044
邪蟹械褉斜邪泄写卸邪薪褋泻懈泄	0.000346	0.116534	0.000040
邪蟹懈邪褌褋泻懈泄	0.000346	0.127833	0.000044
邪泄褉邪薪	0.000346	0.040822	0.000014
邪泻胁邪褌懈泻	0.001038	0.127833	0.000133
邪谢械泻褋械泄	0.000346	0.127833	0.000044
邪谢泻芯谐芯谢褜	0.001038	0.116534	0.000121
邪谢泻芯谐芯谢褜薪褘泄	0.000346	0.116534	0.000040
邪谢褜褟薪褋	0.000346	0.116534	0.000040
邪屑械褉懈泻邪薪褋泻懈泄	0.000346	0.116534	0.000040
邪薪谐谢懈泄褋泻懈泄	0.000346	0.116534	0.000040
邪薪写褉械泄	0.000346	0.127833	0.000044
邪褉邪斜褋泻懈泄	0.000346	0.116534	0.000040
邪褉谐械薪褌懈薪褋泻懈泄	0.000346	0.116534	0.000040
邪褉屑褟薪褋泻懈泄	0.000346	0.116534	0.000040
邪褋褋芯褉褌懈	0.000692	0.116534	0.000081
邪褌谢邪薪褌	0.000346	0.116534	0.000040
邪褎谐邪薪褋泻懈泄	0.000346	0.116534	0.000040
邪褎褉懈泻邪薪褋泻懈泄	0.000346	0.116534	0.000040
邪褝褉芯谐褉懈谢褜	0.003460	0.116534	0.000403
斜邪泻谢邪卸邪薪	0.000346	0.040822	0.000014
斜邪谢褌泻芯屑邪	0.000346	0.127833	0.000044
斜邪褉邪薪懈薪邪	0.001384	0.116534	0.000161
斜邪褉褏邪褌薪褘泄	0.000346	2.659260	0.000920
斜邪褋屑邪褌懈	0.000692	0.127833	0.000088
斜邪褋褌褍褉屑	0.000346	0.040822	0.000014
斜邪褋褌褍褉屑邪	0.000346	0.040822	0.000014
斜邪褌芯薪褔懈泻	0.000346	0.127833	0.000044
斜邪褕泻懈褉褋泻懈泄	0.000346	0.116534	0.000040
斜械蟹邪谢泻芯谐芯谢褜薪褘泄	0.000346	0.116534	0.000040
斜械蟹谐谢褞褌械薪芯胁芯械	0.000346	0.116534	0.000040
斜械蟹写褉芯卸卸械胁芯泄	0.000346	2.407946	0.000833
斜械蟹械	0.001384	0.040822	0.000057
斜械谢械斜械械胁褋泻懈泄	0.000692	0.116534	0.000081
斜械谢芯褉褍褋褋泻懈泄	0.000346	0.116534	0.000040
斜械谢褜谐懈泄褋泻懈泄	0.000346	0.116534	0.000040
斜械褉械屑械薪薪邪褟	0.000346	0.116534	0.000040
斜械褋械写懈薪	0.000346	0.127833	0.000044
斜懈褋泻胁懈褌	0.000692	0.040822	0.000028
斜懈褋泻胁懈褌薪褘泄	0.001038	0.105361	0.000109
斜谢懈蟹泻懈泄	0.001384	0.116534	0.000161
斜谢懈薪	0.015225	0.040822	0.000622
斜谢懈薪薪懈褑邪	0.000346	3.912023	0.001354
斜谢懈薪薪褘泄	0.002422	2.813411	0.006814
斜谢懈薪芯械写泻懈泄	0.000346	4.605170	0.001593
斜谢懈薪褔懈泻	0.000692	1.714798	0.001187
斜谢褞写芯	0.033910	0.040822	0.001384
斜芯斜芯胁褘泄	0.002768	0.116534	0.000323
斜芯泄	0.000346	4.605170	0.001593
斜芯谢谐邪褉褋泻懈泄	0.000346	0.116534	0.000040
斜芯谢褜褕芯泄	0.001038	0.094311	0.000098
斜芯褉褖	0.000692	0.040822	0.000028
斜芯褌胁懈薪褜褟	0.000346	0.040822	0.000014
斜褉邪蟹懈谢褜褋泻懈泄	0.000346	0.116534	0.000040
斜褉邪褍蟹械褉	0.000346	0.040822	0.000014
斜褉邪褍薪懈	0.000346	0.040822	0.000014
斜褉械褋褌	0.000346	0.127833	0.000044
斜褉芯泻泻芯谢懈	0.000346	0.040822	0.000014
斜褍写褍褖懈泄	0.000346	4.605170	0.001593
斜褍卸械薪懈薪邪	0.000346	0.040822	0.000014
斜褍谢芯褔泻邪	0.001038	0.040822	0.000042
斜褍谢褜芯薪	0.003806	0.040822	0.000155
斜褍褉谐械褉	0.000692	0.040822	0.000028
斜褍褉褟褌褋泻懈泄	0.000346	0.116534	0.000040
斜褍褌械褉斜褉芯写	0.001384	0.040822	0.000057
斜褘褋褌褉芯	0.000346	0.094311	0.000033
斜褘褋褌褉褘泄	0.001730	0.094311	0.000163
胁邪卸薪褘泄	0.000346	0.116534	0.000040
胁邪谢谢懈泄褋泻懈泄	0.000346	0.116534	0.000040
胁邪褉械薪懈械	0.000692	0.040822	0.000028
胁邪褉械薪懈泻	0.000346	0.116534	0.000040
胁邪褌褉褍褕泻邪	0.000346	0.040822	0.000014
胁邪褎谢褟	0.000692	0.040822	0.000028
胁邪褕	0.000346	0.000000	0.000000
胁胁芯写	0.000346	2.302585	0.000797
胁胁芯写懈褌褜	0.000346	0.040822	0.000014
胁写芯胁芯谢褜	0.000346	3.912023	0.001354
胁写芯褏薪芯胁械薪懈械	0.002076	0.116534	0.000242
胁写芯褏薪芯胁谢褟褌褜褋褟	0.000346	0.116534	0.000040
胁械谐械褌邪褉懈邪薪褋泻懈泄	0.000692	0.116534	0.000081
胁械谢懈泻懈泄	0.000692	0.116534	0.000081
胁械薪谐械褉褋泻懈泄	0.000346	0.116534	0.000040
胁械褋械谢芯	0.000346	4.605170	0.001593
胁械褋械薪薪懈泄	0.000346	0.051293	0.000018
胁械褋薪邪	0.002422	0.116534	0.000282
胁械褋褢谢褘泄	0.000346	2.525729	0.000874
胁械褌褔懈薪邪	0.000346	0.094311	0.000033
胁械褔械褉	0.000346	2.120264	0.000734
胁械褔械褉芯泻	0.000346	4.605170	0.001593
胁懈写	0.000692	0.776529	0.000537
胁懈写械芯	0.000692	0.116534	0.000081
胁懈薪芯	0.000692	0.040822	0.000028
胁泻褍褋	0.003806	0.105361	0.000401
胁泻褍褋薪芯	0.001038	0.094311	0.000098
胁泻褍褋薪褘泄	0.004498	0.061875	0.000278
胁谢褞斜懈褌褜	0.000346	0.116534	0.000040
胁芯写邪	0.001384	0.094311	0.000131
胁芯泄褌懈	0.001384	0.000000	0.000000
胁芯谢芯胁邪薪	0.000346	0.116534	0.000040
胁芯谢褕械斜薪褘泄	0.000346	0.116534	0.000040
胁芯谢褕械斜褋褌胁芯	0.000346	0.116534	0.000040
胁芯芯写褍褕械胁谢械薪懈械	0.000346	4.605170	0.001593
胁芯锌褉芯褋	0.000346	0.000000	0.000000
胁芯褋泻褉械褋械薪懈械	0.001038	4.605170	0.004780
胁芯褋锌芯谢褜蟹芯胁邪褌褜褋褟	0.000346	1.832581	0.000634
胁芯褋褌芯褔薪褘泄	0.000346	0.127833	0.000044
胁褉械屑褟	0.002768	0.105361	0.000292
胁褋械谐写邪	0.000346	0.653926	0.000226
胁褋锌芯屑薪懈褌褜	0.000346	0.040822	0.000014
胁褋褌褉械褔邪褌褜	0.000346	2.525729	0.000874
胁褌芯褉薪懈泻	0.000346	3.912023	0.001354
胁褌芯褉芯械	0.000346	0.116534	0.000040
胁褌芯褉芯泄	0.000346	0.116534	0.000040
胁褏芯写	0.001038	0.030459	0.000032
胁褘泄褌懈	0.000346	0.040822	0.000014
胁褘锌械褔泻邪	0.005190	0.040822	0.000212
胁褘褕械	0.000346	3.912023	0.001354
胁褜械褌薪邪屑褋泻懈泄	0.000346	0.116534	0.000040
谐邪胁邪泄褋泻懈泄	0.000346	0.116534	0.000040
谐邪褉薪懈褉	0.001730	0.040822	0.000071
谐邪褋锌邪褔芯	0.000346	0.040822	0.000014
谐械芯谐褉邪褎懈褟	0.000346	0.116534	0.000040
谐谢邪胁薪褘泄	0.000346	0.040822	0.000014
谐谢邪蟹褍褉褜	0.001038	0.040822	0.000042
谐谢懈薪褌胁械泄薪	0.000346	0.040822	0.000014
谐芯胁褟写懈薪邪	0.001384	0.116534	0.000161
谐芯写	0.003460	0.083382	0.000289
谐芯谢谢邪薪写褋泻懈泄	0.000346	0.116534	0.000040
谐芯褉泻邪	0.000346	3.218876	0.001114
谐芯褉芯写	0.000346	0.116534	0.000040
谐芯褉芯写芯泻	0.000346	3.912023	0.001354
谐芯褉芯褏	0.000346	0.116534	0.000040
谐芯褉褔懈褑邪	0.001038	0.040822	0.000042
谐芯褉褕芯褔械泻	0.000692	0.040822	0.000028
谐芯褉褟褔械械	0.000692	0.116534	0.000081
谐芯褉褟褔懈泄	0.013495	0.105361	0.001422
谐芯褋褌褜	0.001730	0.116534	0.000202
谐芯褌芯胁懈褌褜	0.005190	0.083382	0.000433
谐褉械薪泻邪	0.000692	0.040822	0.000028
谐褉械褔械褋泻懈泄	0.000346	0.116534	0.000040
谐褉械褔泻邪	0.000346	0.040822	0.000014
谐褉懈斜	0.004152	0.040822	0.000170
谐褉懈斜薪芯泄	0.000692	0.040822	0.000028
谐褉懈谢褜	0.003460	0.105361	0.000365
谐褉懈谢褜屑邪薪懈褟	0.000346	0.116534	0.000040
谐褉芯谐	0.000346	0.040822	0.000014
谐褉褍蟹懈薪褋泻懈泄	0.000346	0.116534	0.000040
谐褉褍锌锌邪	0.000346	0.061875	0.000021
谐褍谢褟薪懈械	0.000692	3.912023	0.002707
谐褍褉屑	0.000346	0.127833	0.000044
谐褍褉屑邪薪懈褟	0.002076	0.116534	0.000242
谐褍褋褜	0.000692	0.105361	0.000073
写邪胁邪褌褜	0.000346	0.040822	0.000014
写邪谢械泻芯	0.000346	3.218876	0.001114
写邪薪薪褘械	0.000346	0.040822	0.000014
写邪褉	0.000346	0.116534	0.000040
写邪褌褋泻懈泄	0.000346	0.116534	0.000040
写邪褌褜	0.000346	0.040822	0.000014
写邪褔薪褘泄	0.001038	0.116534	0.000121
写械泻芯褉	0.000346	0.127833	0.000044
写械谢邪褌褜	0.000692	0.083382	0.000058
写械谢懈褌褜褋褟	0.000346	0.040822	0.000014
写械谢芯	0.000346	0.105361	0.000036
写械薪褜	0.006920	0.040822	0.000283
写械褋械褉褌	0.005882	0.040822	0.000240
写械褋械褉褌邪褑懈褟	0.000346	0.116534	0.000040
写械褋械褉褌薪褘泄	0.000346	0.116534	0.000040
写卸械屑	0.000346	0.040822	0.000014
写卸械屑邪	0.000346	0.040822	0.000014
写蟹械薪	0.000346	0.116534	0.000040
写懈械褌邪	0.000692	0.094311	0.000065
写懈泻懈泄	0.001038	0.116534	0.000121
写懈锌	0.000346	0.116534	0.000040
写懈褔褜	0.001038	0.116534	0.000121
写谢懈褌褜褋褟	0.000346	3.912023	0.001354
写薪械胁薪懈泻	0.000346	0.061875	0.000021
写芯斜邪胁懈褌褜	0.000346	0.083382	0.000029
写芯斜邪胁谢褟褌褜	0.000346	0.040822	0.000014
写芯斜褉芯褎谢芯褌	0.000346	0.127833	0.000044
写芯胁械褉褟褌褜	0.000346	0.116534	0.000040
写芯谢卸薪褘泄	0.000692	1.078810	0.000747
写芯屑	0.002768	0.040822	0.000113
写芯屑邪褕薪懈泄	0.004152	0.040822	0.000170
写褉邪泄胁	0.001730	0.127833	0.000221
写褉芯卸卸械胁芯泄	0.000346	0.116534	0.000040
写褉芯卸卸懈	0.000692	0.916291	0.000634
写褉褍谐	0.002768	0.544727	0.001508
写褍褏芯胁泻邪	0.001384	0.105361	0.000146
写褍褕邪	0.001384	0.105361	0.000146
写褘褉芯褔泻邪	0.000692	2.813411	0.001947
械胁褉械泄褋泻懈泄	0.000346	0.116534	0.000040
械谐懈锌械褌褋泻懈泄	0.000346	0.116534	0.000040
械写懈薪褘泄	0.000346	0.000000	0.000000
械泻芯	0.000346	0.127833	0.000044
卸邪褉泻芯械	0.000346	0.040822	0.000014
卸械谢械	0.001038	0.040822	0.000042
卸械薪褋泻懈泄	0.000692	0.020203	0.000014
卸械薪褖懈薪邪	0.000692	0.061875	0.000043
卸懈蟹薪褜	0.000692	0.040822	0.000028
卸褍谢褜械薪	0.000346	0.040822	0.000014
卸褍褉薪邪谢	0.000346	0.072571	0.000025
卸褞谢褜械薪	0.000346	0.040822	0.000014
卸褞谢褜薪褘泄	0.000346	0.040822	0.000014
蟹邪胁邪褉薪芯泄	0.001384	0.116534	0.000161
蟹邪胁褌褉邪泻	0.002768	0.094311	0.000261
蟹邪谐芯褌芯胁泻邪	0.001384	0.040822	0.000057
蟹邪写邪胁邪褌褜	0.000346	0.040822	0.000014
蟹邪懈谐褉褘褕	0.000346	4.605170	0.001593
蟹邪泻胁邪褋泻邪	0.001038	0.040822	0.000042
蟹邪泻褉褘褌褘泄	0.000346	0.116534	0.000040
蟹邪泻褍褋泻邪	0.007266	0.040822	0.000297
蟹邪泻褍褋芯薪褔懈泻	0.000346	0.116534	0.000040
蟹邪泻褍褋芯褔泻邪	0.000346	0.116534	0.000040
蟹邪泻褍褋芯褔薪邪褟	0.003114	0.116534	0.000363
蟹邪谢懈胁薪芯械	0.000692	0.040822	0.000028
蟹邪屑芯褉芯蟹泻邪	0.000346	0.105361	0.000036
蟹邪锌邪写	0.000346	0.116534	0.000040
蟹邪锌械泻邪薪泻邪	0.003806	0.040822	0.000155
蟹邪锌懈褋褜	0.000346	1.897120	0.000656
蟹邪锌褉邪胁泻邪	0.000692	0.040822	0.000028
蟹邪褉械谐懈褋褌褉懈褉芯胁邪褌褜	0.000346	1.897120	0.000656
蟹邪褉械谐懈褋褌褉懈褉芯胁邪褌褜褋褟	0.001038	0.030459	0.000032
蟹邪褋芯谢泻邪	0.000346	0.116534	0.000040
蟹邪褟褑	0.000692	0.116534	0.000081
蟹胁邪薪褘泄	0.000346	0.127833	0.000044
蟹胁械蟹写邪	0.000346	0.116534	0.000040
蟹胁褢蟹写薪褘泄	0.000346	0.116534	0.000040
蟹写芯褉芯胁褘泄	0.000692	0.116534	0.000081
蟹械谢械薪褜	0.000346	0.094311	0.000033
蟹械褎懈褉	0.000346	0.040822	0.000014
蟹懈屑邪	0.001384	0.040822	0.000057
蟹懈屑薪懈泄	0.000346	0.051293	0.000018
蟹薪邪泻芯屑褘泄	0.000346	1.272966	0.000440
蟹芯谢芯胁泻懈薪	0.000346	4.605170	0.001593
蟹芯谢芯褌芯泄	0.000346	0.116534	0.000040
蟹褟褌褜	0.000346	3.506558	0.001213
懈胁邪薪芯胁	0.000346	0.127833	0.000044
懈谐褉邪	0.000346	2.813411	0.000973
懈谐褉邪褌褜	0.000346	2.659260	0.000920
懈写械邪谢褜薪褘泄	0.002422	0.116534	0.000282
懈写械泄泻邪	0.000346	0.116534	0.000040
懈蟹写械谢懈械	0.002076	0.116534	0.000242
懈泻褉邪	0.001384	0.040822	0.000057
懈屑械褌褜褋褟	0.000346	2.525729	0.000874
懈屑褟	0.000346	0.030459	0.000011
懈薪胁械褉褌芯褉薪褘泄	0.000346	0.127833	0.000044
懈薪写械泄泻邪	0.002076	0.094311	0.000196
懈薪写懈泄褋泻懈泄	0.000346	0.116534	0.000040
懈薪写懈谢邪泄褌邪	0.001038	0.116534	0.000121
懈薪写懈褉械褋薪褘泄	0.000346	0.116534	0.000040
懈薪褋褌褉褍泻褑懈褟	0.000346	0.030459	0.000011
懈褉邪泻褋泻懈泄	0.000346	0.116534	0.000040
懈褉邪薪褋泻懈泄	0.000346	0.116534	0.000040
懈褉谢邪薪写褋泻懈泄	0.000346	0.116534	0.000040
懈褋泻褉械薪薪械	0.000692	0.116534	0.000081
懈褋谢邪薪写褋泻懈泄	0.000346	0.116534	0.000040
懈褋锌邪薪褋泻懈泄	0.000346	0.116534	0.000040
懈褋锌械褔褜	0.000346	0.105361	0.000036
懈褋褌芯褉懈褟	0.002076	0.116534	0.000242
懈褌邪泻	0.000346	1.609438	0.000557
懈褌邪谢懈褟	0.000692	0.105361	0.000073
懈褌邪谢褜褟薪褋泻懈泄	0.000346	0.105361	0.000036
泄芯谐褍褉褌	0.001038	0.040822	0.000042
泻邪斜邪褔芯泻	0.000346	0.040822	0.000014
泻邪胁泻邪蟹褋泻懈泄	0.000346	0.116534	0.000040
泻邪蟹邪薪	0.000346	0.116534	0.000040
泻邪蟹邪褏褋泻懈泄	0.000346	0.116534	0.000040
泻邪泻邪芯	0.000692	0.040822	0.000028
泻邪谢械泄写芯褋泻芯锌	0.001384	0.116534	0.000161
泻邪谢屑褘褑泻懈泄	0.000346	0.116534	0.000040
泻邪谢褜屑邪褉	0.000346	0.040822	0.000014
泻邪屑械褉邪	0.000346	0.116534	0.000040
泻邪薪邪写褋泻懈泄	0.000346	0.116534	0.000040
泻邪薪邪谢	0.001038	0.040822	0.000042
泻邪薪邪锌械	0.000692	0.040822	0.000028
泻邪锌褍褋褌邪	0.001730	0.040822	0.000071
泻邪锌褍褋褌薪褘泄	0.000346	1.609438	0.000557
泻邪锌褍褋褌薪褟泻	0.000346	0.040822	0.000014
泻邪褉邪屑械谢褜	0.000346	0.040822	0.000014
泻邪褉褌芯褎械谢褜	0.000346	0.040822	0.000014
泻邪褉褌芯褎械谢褜薪褘泄	0.001038	0.040822	0.000042
泻邪褉褌芯褕泻邪	0.000692	0.040822	0.000028
泻邪褌邪薪懈械	0.000346	3.912023	0.001354
泻邪褌邪褌褜褋褟	0.000346	4.605170	0.001593
泻邪褌械谐芯褉懈褟	0.000346	0.116534	0.000040
泻邪褔械谢懈	0.000346	4.605170	0.001593
泻邪褔械褋褌胁芯	0.000346	0.105361	0.000036
泻邪褕邪	0.002422	0.040822	0.000099
泻胁邪褋	0.001384	0.040822	0.000057
泻胁邪褋薪芯泄	0.001038	0.116534	0.000121
泻械泻褋	0.001038	0.040822	0.000042
泻械褎懈褉	0.000692	0.040822	0.000028
泻懈屑褔邪褌褜	0.000346	0.040822	0.000014
泻懈薪芯邪	0.000692	0.127833	0.000088
泻懈薪芯谢械薪褌邪	0.000346	0.116534	0.000040
泻懈褋械谢褜	0.000692	0.040822	0.000028
泻懈褋谢褘泄	0.001038	3.218876	0.003341
泻懈褌邪泄褋泻懈泄	0.000346	0.116534	0.000040
泻谢邪褋褋	0.003114	0.116534	0.000363
泻薪懈谐邪	0.000346	0.040822	0.000014
泻芯泻褌械泄谢褜	0.002076	0.040822	0.000085
泻芯谢斜邪褋邪	0.000346	0.040822	0.000014
泻芯谢斜邪褋薪褘泄	0.001038	0.116534	0.000121
泻芯屑邪薪写邪	0.000692	0.127833	0.000088
泻芯屑懈	0.000346	0.116534	0.000040
泻芯屑屑械薪褌邪褉懈泄	0.001730	0.127833	0.000221
泻芯屑锌邪薪懈褟	0.000346	0.105361	0.000036
泻芯屑锌芯褌	0.001038	0.040822	0.000042
泻芯薪械褑	0.000346	1.966113	0.000680
泻芯薪械褔薪芯	0.000346	0.527633	0.000183
泻芯薪懈薪邪	0.000346	0.116534	0.000040
泻芯薪泻褍褉褋	0.074740	0.040822	0.003051
泻芯薪泻褍褉褋薪褘泄	0.000346	0.127833	0.000044
泻芯薪褋械褉胁懈褉芯胁邪薪懈械	0.000346	0.040822	0.000014
泻芯薪褋械褉胁懈褉芯胁邪薪薪褘泄	0.001730	0.116534	0.000202
泻芯薪褎械褌邪	0.001038	0.040822	0.000042
泻芯薪褎械褌褌懈	0.000346	0.116534	0.000040
泻芯薪褎懈写械薪褑懈邪谢褜薪芯褋褌褜	0.000346	0.040822	0.000014
泻芯薪褎懈褌褞褉	0.000346	0.040822	0.000014
泻芯薪褑械褉褌	0.000346	3.912023	0.001354
泻芯锌褔褢薪芯褋褌褜	0.000346	0.116534	0.000040
泻芯褉械泄褋泻懈	0.000346	0.040822	0.000014
泻芯褉械泄褋泻懈泄	0.000346	0.105361	0.000036
泻芯褉卸懈泻	0.000346	0.040822	0.000014
泻芯褉屑懈褌褜	0.000346	0.116534	0.000040
泻芯褌谢械褌邪	0.000346	0.040822	0.000014
泻芯褎械	0.000692	0.040822	0.000028
泻褉邪褋懈胁褘泄	0.000346	0.843970	0.000292
泻褉邪褋泻邪	0.000346	0.116534	0.000040
泻褉械邪褌懈胁	0.000346	0.127833	0.000044
泻褉械屑	0.001038	0.040822	0.000042
泻褉械锌泻懈泄	0.000346	0.116534	0.000040
泻褉芯谢懈泻	0.000692	0.116534	0.000081
泻褉芯屑械	0.000346	0.061875	0.000021
泻褉芯褏邪	0.000346	0.116534	0.000040
泻褉褍谐	0.001038	0.116534	0.000121
泻褉褍卸械胁薪芯泄	0.000346	3.912023	0.001354
泻褉褍锌	0.002076	0.105361	0.000219
泻褉褍锌邪	0.003114	0.116534	0.000363
泻褉褍锌褟薪芯泄	0.000346	0.116534	0.000040
泻褍斜懈薪褋泻懈泄	0.000346	0.116534	0.000040
泻褍谢邪褔薪褘泄	0.000346	4.605170	0.001593
泻褍谢械褕	0.000346	0.040822	0.000014
泻褍谢懈薪邪褉懈褟	0.001038	0.094311	0.000098
泻褍谢懈薪邪褉薪褘泄	0.001730	0.000000	0.000000
泻褍谢懈褔	0.000692	0.040822	0.000028
泻褍褉写褋泻懈泄	0.000346	0.116534	0.000040
泻褍褉懈薪褘泄	0.001038	0.094311	0.000098
泻褍褉懈褑邪	0.001384	0.040822	0.000057
泻褍褉芯褔泻邪	0.000346	0.116534	0.000040
泻褍褋泻褍褋	0.000346	0.040822	0.000014
泻褍褏薪褟	0.002422	0.040822	0.000099
谢邪胁邪褕	0.002076	0.040822	0.000085
谢邪谐屑邪薪	0.000346	0.040822	0.000014
谢邪泻芯屑褋褌胁芯	0.000346	0.116534	0.000040
谢邪泻芯屑褘泄	0.000346	4.605170	0.001593
谢邪锌褕邪	0.000692	0.040822	0.000028
谢邪褌褘褕褋泻懈泄	0.000346	0.116534	0.000040
谢械谐泻芯	0.002076	0.116534	0.000242
谢械写褟薪芯泄	0.000346	4.605170	0.001593
谢械锌褢褕泻邪	0.000692	0.040822	0.000028
谢械褌薪懈泄	0.000692	0.040822	0.000028
谢械褌芯	0.002076	0.116534	0.000242
谢械褔芯	0.000346	0.040822	0.000014
谢懈谐邪	0.001038	0.116534	0.000121
谢懈泻褢褉	0.000346	0.040822	0.000014
谢懈屑芯薪邪写	0.000692	0.040822	0.000028
谢懈褌芯胁褋泻	0.000346	0.127833	0.000044
谢懈褌芯胁褋泻懈泄	0.000346	0.116534	0.000040
谢芯褕邪写褜	0.000346	4.605170	0.001593
谢褞斜懈屑褘泄	0.002768	0.116534	0.000323
谢褞斜芯胁褜	0.000692	0.105361	0.000073
谢褞斜芯泄	0.000346	0.094311	0.000033
谢褢谐泻懈泄	0.001038	0.094311	0.000098
谢褢写	0.000346	0.116534	0.000040
屑邪谐褉懈斜	0.000346	0.116534	0.000040
屑邪泄	0.000346	0.116534	0.000040
屑邪泄芯薪械蟹	0.000346	0.116534	0.000040
屑邪泻邪褉芯薪薪褘泄	0.000346	0.116534	0.000040
屑邪泻邪褉芯薪褘	0.000346	0.040822	0.000014
屑邪谢邪蟹懈泄褋泻懈泄	0.000346	0.116534	0.000040
屑邪谢械薪褜泻懈泄	0.000346	1.514128	0.000524
屑邪薪薪懈泻	0.000346	0.040822	0.000014
屑邪薪褌邪	0.000346	0.116534	0.000040
屑邪薪褢胁褉	0.000346	0.116534	0.000040
屑邪褉邪褎芯薪	0.001038	0.116534	0.000121
屑邪褉懈薪邪写	0.004152	0.040822	0.000170
屑邪褉懈薪芯胁邪褌褜	0.000346	0.116534	0.000040
屑邪褉屑械谢邪写	0.000346	0.040822	0.000014
屑邪褉芯泻泻邪薪褋泻懈泄	0.000346	0.116534	0.000040
屑邪褉褌	0.001730	0.105361	0.000182
屑邪褋泻邪褉锌芯薪	0.000346	0.040822	0.000014
屑邪褋谢械薪懈褑邪	0.010035	0.040822	0.000410
屑邪褋谢械薪懈褔薪褘泄	0.001038	0.116534	0.000121
屑邪褋谢械薪褘泄	0.000346	4.605170	0.001593
屑邪褋谢芯	0.000692	0.105361	0.000073
屑邪褋褋芯胁褘泄	0.000346	4.605170	0.001593
屑邪褋褌械褉	0.003114	0.116534	0.000363
屑邪褋褌懈泻邪	0.000692	0.040822	0.000028
屑邪褎褎懈薪邪	0.000346	0.116534	0.000040
屑邪褏械械胁褗	0.001384	0.116534	0.000161
屑械写懈邪褎芯褉褌	0.001038	0.000000	0.000000
屑械写芯胁褍褏邪	0.000346	4.605170	0.001593
屑械写芯胁褘泄	0.000346	0.116534	0.000040
屑械泻褋懈泻邪薪褋泻懈泄	0.000346	0.116534	0.000040
屑械薪褞	0.000346	0.116534	0.000040
屑械薪褟褌褜褋褟	0.000346	0.116534	0.000040
屑械褌邪褌褜褋褟	0.000346	4.605170	0.001593
屑械褔褌邪	0.000692	0.040822	0.000028
屑懈写懈褟	0.000346	0.040822	0.000014
屑懈泻褉芯胁芯谢薪芯胁泻邪	0.000346	0.105361	0.000036
屑懈谢褜褟	0.000346	0.116534	0.000040
屑懈薪械褉邪谢褜薪褘泄	0.000692	3.912023	0.002707
屑懈芯	0.000346	0.116534	0.000040
屑懈褉	0.000692	0.105361	0.000073
屑懈褉芯胁芯泄	0.000346	0.116534	0.000040
屑懈褋芯	0.000346	0.040822	0.000014
屑懈褋褌械褉懈褟	0.000346	0.116534	0.000040
屑懈褋褌褉邪谢褜	0.002422	0.116534	0.000282
屑薪芯卸械褋褌胁芯	0.000692	0.040822	0.000028
屑芯泄	0.000692	0.083382	0.000058
屑芯谢写邪胁褋泻懈泄	0.000346	0.116534	0.000040
屑芯谢芯泻芯	0.001730	0.083382	0.000144
屑芯谢芯褔薪褘泄	0.001038	0.040822	0.000042
屑芯屑械薪褌	0.001038	0.105361	0.000109
屑芯薪谐芯谢褜褋泻懈泄	0.000346	0.116534	0.000040
屑芯褉械	0.000346	0.116534	0.000040
屑芯褉械锌褉芯写褍泻褌	0.004498	0.040822	0.000184
屑芯褉泻芯胁褜	0.000346	0.040822	0.000014
屑芯褉芯卸械薪芯械	0.001038	0.040822	0.000042
屑芯褉褋	0.000692	0.040822	0.000028
屑芯褌芯褉	0.000346	0.116534	0.000040
屑芯褏懈褌褘泄	0.000346	0.040822	0.000014
屑芯褔褜	0.001038	0.000000	0.000000
屑褍卸褋泻芯泄	0.000346	0.127833	0.000044
屑褍卸褔懈薪邪	0.000692	0.116534	0.000081
屑褍谢褜褌懈胁邪褉泻邪	0.013149	0.116534	0.001532
屑褍谢褜褌懈锌械泻邪褉褜	0.001038	0.116534	0.000121
屑褍褋褋	0.000346	0.040822	0.000014
屑褍褋褋邪	0.001038	0.040822	0.000042
屑褍褔薪芯泄	0.000346	0.116534	0.000040
屑褞褋谢懈	0.000692	0.116534	0.000081
屑褟褋薪芯泄	0.004152	0.040822	0.000170
屑褟褋芯	0.008997	0.040822	0.000367
薪邪胁械褉褏	0.000346	2.302585	0.000797
薪邪谐芯褌邪胁谢懈胁邪褌褜	0.000346	4.605170	0.001593
薪邪蟹胁邪薪懈械	0.000346	0.562119	0.000195
薪邪蟹薪邪褔械薪懈械	0.000346	0.116534	0.000040
薪邪蟹褘胁邪褌褜褋褟	0.001384	1.714798	0.002373
薪邪泄褌懈	0.000346	0.446287	0.000154
薪邪谢懈胁泻邪	0.000346	0.040822	0.000014
薪邪锌懈褌芯泻	0.003460	0.040822	0.000141
薪邪褉芯写	0.000692	2.120264	0.001467
薪邪褉芯写薪褘泄	0.001730	4.605170	0.007967
薪邪褋褌芯泄泻邪	0.000346	0.040822	0.000014
薪邪褋褌褉芯械薪懈械	0.000346	0.116534	0.000040
薪邪褑懈芯薪邪谢褜薪褘泄	0.000346	0.116534	0.000040
薪邪褔邪谢芯	0.000346	1.514128	0.000524
薪邪褔懈薪邪褌褜	0.000346	2.995732	0.001037
薪邪褔懈薪泻邪	0.003806	0.040822	0.000155
薪邪褕	0.001384	0.040822	0.000057
薪械写械谢褟	0.004152	0.051293	0.000213
薪械卸薪褘泄	0.000346	0.094311	0.000033
薪械懈蟹屑械薪薪褘泄	0.000346	3.506558	0.001213
薪械屑械褑泻懈泄	0.000346	0.116534	0.000040
薪械芯卸懈写邪薪薪褘泄	0.000346	0.116534	0.000040
薪械锌褉械屑械薪薪芯	0.001038	1.832581	0.001902
薪械褋谢邪写泻懈泄	0.000346	0.116534	0.000040
薪芯胁芯谐芯写薪懈泄	0.007612	0.040822	0.000311
薪芯胁芯褋褌褜	0.000346	0.061875	0.000021
薪芯胁褘泄	0.003806	0.030459	0.000116
薪芯褉胁械卸褋泻懈泄	0.000346	0.116534	0.000040
芯斜械写	0.001038	0.105361	0.000109
芯斜械蟹褜褟薪邪	0.000346	0.116534	0.000040
芯斜懈写邪	0.000346	3.912023	0.001354
芯斜懈卸械薪薪褘泄	0.000346	4.605170	0.001593
芯斜芯褉芯薪邪	0.000346	4.605170	0.001593
芯斜褏芯写懈褌褜褋褟	0.000346	3.912023	0.001354
芯斜褖邪褌褜褋褟	0.000692	0.040822	0.000028
芯斜褗械写褍褏	0.000346	4.605170	0.001593
芯斜褘褔薪褘泄	0.000346	1.386294	0.000480
芯胁芯褖	0.007266	0.094311	0.000685
芯胁芯褖薪芯泄	0.003114	0.040822	0.000127
芯胁褋褟薪褘泄	0.000346	0.105361	0.000036
芯谐薪械薪薪褘泄	0.000346	0.116534	0.000040
芯谐芯薪褜	0.000346	0.094311	0.000033
芯谐褍褉械褑	0.000692	0.116534	0.000081
芯泻褉邪褋泻邪	0.000346	4.605170	0.001593
芯泻褉芯褕泻邪	0.001038	0.040822	0.000042
芯谢邪写褜械	0.000346	3.506558	0.001213
芯谢邪写褜褟	0.001384	0.040822	0.000057
芯谢械泄薪芯泄	0.001384	0.116534	0.000161
芯谢械泄薪褘泄	0.001384	0.116534	0.000161
芯屑谢械褌	0.000346	0.040822	0.000014
芯锌邪褉邪	0.000346	0.040822	0.000014
芯锌褉芯褋	0.000346	0.061875	0.000021
芯褉谐邪薪懈蟹芯胁褘胁邪褌褜	0.000346	4.605170	0.001593
芯褋械薪薪懈泄	0.001384	0.051293	0.000071
芯褋械薪褜	0.003460	0.105361	0.000365
芯褋薪芯胁薪褘泄	0.000346	0.040822	0.000014
芯褋芯斜械薪薪褘泄	0.000346	2.525729	0.000874
芯褋芯斜褘泄	0.000346	2.525729	0.000874
芯褋褌邪胁邪褌褜褋褟	0.000346	0.116534	0.000040
芯褋褌邪胁懈褌褜	0.000692	1.660731	0.001149
芯褋褌邪胁谢褟褌褜	0.000346	1.832581	0.000634
芯褌胁械褌	0.000692	0.000000	0.000000
芯褌胁械褌懈褌褜	0.000346	0.051293	0.000018
芯褌写褘褏邪褌褜	0.000346	2.040221	0.000706
芯褌泻褉芯胁械薪薪褘泄	0.000346	4.605170	0.001593
芯褌泻褉褘褌褘泄	0.000692	0.105361	0.000073
芯褌屑械薪懈褌褜	0.001038	0.040822	0.000042
芯褌屑械褌懈褌褜	0.000346	3.506558	0.001213
芯褌屑械褔邪褌褜褋褟	0.000346	4.605170	0.001593
芯褌薪芯褋懈褌褜褋褟	0.000346	1.714798	0.000593
芯褏谢邪写懈褌褜	0.000346	0.116534	0.000040
芯褔械褉械写薪芯泄	0.000346	1.514128	0.000524
锌邪泻械褌懈泻	0.000346	0.105361	0.000036
锌邪谢芯褔泻邪	0.000346	0.040822	0.000014
锌邪薪懈褉芯胁泻邪	0.002768	0.116534	0.000323
锌邪褉邪	0.000346	0.116534	0.000040
锌邪褉邪写	0.002422	0.116534	0.000282
锌邪褉芯胁邪褉泻邪	0.003114	0.105361	0.000328
锌邪褉芯谢褜	0.000692	0.020203	0.000014
锌邪褋褌邪	0.001038	0.040822	0.000042
锌邪褋褌褉芯屑邪	0.000346	0.040822	0.000014
锌邪褋褏邪	0.000692	0.040822	0.000028
锌邪褋褏邪谢褜薪褘泄	0.001038	0.116534	0.000121
锌邪褕褌械褌	0.001038	0.040822	0.000042
锌械泻邪褉褜	0.000346	0.127833	0.000044
锌械谢褜屑械薪褜	0.000346	0.116534	0.000040
锌械褉胁褘泄	0.001384	0.040822	0.000057
锌械褉械泄褌懈	0.000346	0.040822	0.000014
锌械褉械泻褍褋	0.000692	0.116534	0.000081
锌械褉械褑	0.000346	0.040822	0.000014
锌械褉褋芯薪邪	0.000346	0.116534	0.000040
锌械褉褍邪薪褋泻懈泄	0.000346	0.116534	0.000040
锌械褋薪褟	0.000346	2.207275	0.000764
锌械褋芯褔薪褘泄	0.001038	0.105361	0.000109
锌械褌械谢懈薪泻	0.000346	0.127833	0.000044
锌械褔械薪懈械	0.003114	0.040822	0.000127
锌械褔褜	0.000346	0.116534	0.000040
锌械褔褢薪芯褔薪褘泄	0.000346	0.040822	0.000014
锌懈胁芯	0.000346	0.116534	0.000040
锌懈泻邪薪褌	0.000346	0.127833	0.000044
锌懈泻薪懈泻	0.001384	0.105361	0.000146
锌懈褉	0.000346	0.116534	0.000040
锌懈褉芯胁邪褌褜	0.000346	4.605170	0.001593
锌懈褉芯谐	0.002422	0.040822	0.000099
锌懈褉芯卸薪芯械	0.000692	0.040822	0.000028
锌懈褉芯卸芯泻	0.000346	0.040822	0.000014
锌懈褌邪薪懈械	0.001730	0.094311	0.000163
锌懈褑褑邪	0.000692	0.040822	0.000028
锌懈褖邪	0.000346	2.207275	0.000764
锌谢邪屑褟	0.000346	0.116534	0.000040
锌谢懈褌邪	0.001384	0.116534	0.000161
锌谢芯胁	0.000346	0.116534	0.000040
锌谢芯写	0.000346	0.116534	0.000040
锌谢芯褖邪写褜	0.000692	4.605170	0.003187
锌芯胁邪褉褢薪芯泻	0.002422	0.000000	0.000000
锌芯胁懈写谢芯	0.000346	0.040822	0.000014
锌芯写邪胁邪褌褜褋褟	0.000346	3.506558	0.001213
锌芯写邪褉芯泻	0.000346	0.116534	0.000040
锌芯写斜芯褉泻邪	0.000346	3.506558	0.001213
锌芯写械谢懈褌褜褋褟	0.000346	0.400478	0.000139
锌芯写械谢泻邪	0.000346	4.605170	0.001593
锌芯写谢懈胁	0.000346	0.116534	0.000040
锌芯写谢懈胁泻邪	0.000346	0.040822	0.000014
锌芯写锌懈褋邪褌褜褋褟	0.001038	0.040822	0.000042
锌芯械写懈薪芯泻	0.004844	0.116534	0.000565
锌芯械褋褌褜	0.000346	3.218876	0.001114
锌芯蟹写褉邪胁懈褌褜	0.000346	0.116534	0.000040
锌芯懈褋泻	0.000346	0.051293	0.000018
锌芯泻邪褟褌褜褋褟	0.000346	4.605170	0.001593
锌芯谢写薪懈泻	0.000692	0.116534	0.000081
锌芯谢械蟹薪芯	0.000346	0.116534	0.000040
锌芯谢懈褌懈泻邪	0.000346	0.040822	0.000014
锌芯谢芯胁懈薪邪	0.002768	0.105361	0.000292
锌芯谢褍褔邪褌褜	0.000692	0.040822	0.000028
锌芯谢褜蟹邪	0.001730	0.116534	0.000202
锌芯谢褜蟹芯胁邪褌械谢褜	0.000346	1.309333	0.000453
锌芯谢褜褋泻懈泄	0.000346	0.116534	0.000040
锌芯屑邪写泻邪	0.001038	0.040822	0.000042
锌芯屑懈写芯褉	0.000692	0.116534	0.000081
锌芯屑懈写芯褉泻	0.000346	0.127833	0.000044
锌芯薪械写械谢褜薪懈泻	0.000692	4.605170	0.003187
锌芯薪褉邪胁懈褌褜褋褟	0.000346	0.040822	0.000014
锌芯薪褔懈泻	0.000692	0.040822	0.000028
锌芯锌褉芯褋懈褌褜	0.000346	2.302585	0.000797
锌芯锌褍谢褟褉薪褘泄	0.000346	1.427116	0.000494
锌芯褉邪	0.000346	0.105361	0.000036
锌芯褉褌褍谐邪谢褜褋泻懈泄	0.000346	0.116534	0.000040
锌芯褋械褖邪褌褜	0.000692	0.061875	0.000043
锌芯褋懈写械谢泻懈	0.000346	3.218876	0.001114
锌芯褋谢械写薪懈泄	0.000346	1.272966	0.000440
锌芯褋褌	0.002076	0.105361	0.000219
锌芯褋褌薪褘泄	0.001384	0.040822	0.000057
锌芯褋褌芯褟薪薪芯	0.000346	0.040822	0.000014
锌芯褋褌褉芯懈褌褜	0.000346	0.105361	0.000036
锌芯褋褍写邪	0.000692	0.094311	0.000065
锌芯褔褌邪	0.000692	0.040822	0.000028
锌芯褕邪谐芯胁褘泄	0.000346	0.040822	0.000014
锌褉邪胁懈谢褜薪芯	0.000346	2.040221	0.000706
锌褉邪蟹写薪懈泻	0.001384	0.105361	0.000146
锌褉邪蟹写薪懈褔薪芯	0.000346	0.116534	0.000040
锌褉邪蟹写薪懈褔薪褘泄	0.001038	0.105361	0.000109
锌褉邪蟹写薪芯胁邪薪懈械	0.000692	3.912023	0.002707
锌褉邪蟹写薪芯胁邪褌褜	0.000346	2.995732	0.001037
锌褉邪泻褌懈泻褍屑	0.000346	0.116534	0.000040
锌褉械胁芯褋褏芯写薪褘泄	0.000346	0.116534	0.000040
锌褉械胁褉邪褖械薪懈械	0.000346	0.116534	0.000040
锌褉械写褋褌邪胁懈褌褜	0.000346	1.347074	0.000466
锌褉械褋薪褘泄	0.000346	0.116534	0.000040
锌褉懈谐芯卸写邪褌褜褋褟	0.000346	4.605170	0.001593
锌褉懈谐芯褌芯胁懈褌褜	0.000346	0.083382	0.000029
锌褉懈谐芯褌芯胁谢械薪懈械	0.001038	0.040822	0.000042
锌褉懈写邪胁邪褌褜	0.000346	2.040221	0.000706
锌褉懈蟹	0.000346	0.040822	0.000014
锌褉懈蟹薪邪薪懈械	0.000346	0.116534	0.000040
锌褉懈薪褟褌褜	0.000346	2.302585	0.000797
锌褉懈锌褉邪胁邪	0.000346	0.040822	0.000014
锌褉懈锌褢泻	0.001038	3.218876	0.003341
锌褉懈褉芯写邪	0.000692	0.105361	0.000073
锌褉懈褋褌褍锌懈褌褜	0.000346	0.040822	0.000014
锌褉芯胁械褉懈褌褜	0.002076	0.116534	0.000242
锌褉芯胁械褋褌懈	0.001730	0.116534	0.000202
锌褉芯胁芯写懈褌褜	0.000346	0.040822	0.000014
锌褉芯胁芯卸邪褌褜	0.000346	0.116534	0.000040
锌褉芯谐褍谢懈胁邪褌褜褋褟	0.000346	3.912023	0.001354
锌褉芯写芯谢卸邪褌褜褋褟	0.000346	4.605170	0.001593
锌褉芯写褍泻褌	0.000346	0.072571	0.000025
锌褉芯械泻褌	0.000346	0.051293	0.000018
锌褉芯褋褌懈褌褜	0.000346	2.995732	0.001037
锌褉芯褋褌芯	0.000692	0.083382	0.000058
锌褉芯褋褌芯泻胁邪褕邪	0.000346	0.040822	0.000014
锌褉芯褎懈谢褜	0.000346	0.040822	0.000014
锌褉芯褖械薪懈械	0.000346	3.506558	0.001213
锌褉芯褖褢薪褘泄	0.000346	4.605170	0.001593
锌褉褟屑芯	0.000346	0.040822	0.000014
锌褉褟薪懈泻	0.000692	0.040822	0.000028
锌褉褟薪懈褔薪褘泄	0.000346	0.116534	0.000040
锌褌懈褑邪	0.006574	0.116534	0.000766
锌褍写懈薪谐	0.001038	0.040822	0.000042
锌褍薪褕	0.000346	0.040822	0.000014
锌褍褌械褕械褋褌胁懈械	0.000692	0.116534	0.000081
锌褍褌褜	0.000346	0.116534	0.000040
锌褘褕泻邪	0.000346	0.040822	0.000014
锌褘褕薪褘泄	0.000346	2.120264	0.000734
锌褞褉械	0.001384	0.040822	0.000057
锌褟褌薪懈褑邪	0.000346	3.506558	0.001213
褉邪谐褍	0.000346	0.116534	0.000040
褉邪蟹	0.000346	0.356675	0.000123
褉邪蟹胁械褉薪褍褌褜	0.000346	0.116534	0.000040
褉邪蟹谐褍谢褟褌褜	0.000346	4.605170	0.001593
褉邪蟹写械谢褜薪褘泄	0.000346	0.116534	0.000040
褉邪蟹谢懈褔薪褘泄	0.001384	1.714798	0.002373
褉邪蟹薪芯芯斜褉邪蟹薪褘泄	0.000692	3.218876	0.002228
褉邪蟹薪褘泄	0.000346	0.094311	0.000033
褉邪蟹褉械褕邪褌褜褋褟	0.000346	4.605170	0.001593
褉邪褋泻邪褔邪褌褜褋褟	0.000346	4.605170	0.001593
褉邪褋泻邪褔懈胁邪褌褜褋褟	0.000346	4.605170	0.001593
褉邪褋褋芯谢褜薪懈泻	0.001038	0.040822	0.000042
褉邪褋褋褘谢泻邪	0.000346	0.061875	0.000021
褉邪褋褌械薪懈械	0.000346	3.506558	0.001213
褉邪褋褌懈	0.000346	3.218876	0.001114
褉械斜褢薪芯泻	0.000692	0.094311	0.000065
褉械谐懈褋褌褉邪褑懈褟	0.001384	0.000000	0.000000
褉械谐懈褋褌褉懈褉芯胁邪褌褜褋褟	0.000346	2.302585	0.000797
褉械褑械锌褌	0.033218	0.040822	0.001356
褉懈褋	0.001730	0.040822	0.000071
褉懈褌屑	0.000346	0.116534	0.000040
褉芯谐邪谢懈泻	0.000346	0.040822	0.000014
褉芯写薪褘泄	0.001038	0.116534	0.000121
褉芯写褋褌胁械薪薪褘泄	0.000346	4.605170	0.001593
褉芯卸写械薪懈械	0.000346	0.105361	0.000036
褉芯卸写械褋褌胁芯	0.000346	0.116534	0.000040
褉芯谢谢	0.000692	0.040822	0.000028
褉芯谢谢褌芯薪	0.000346	0.116534	0.000040
褉芯屑	0.000346	0.040822	0.000014
褉褍	0.000346	2.659260	0.000920
褉褍斜褉懈泻邪褌芯褉	0.000346	0.051293	0.000018
褉褍谢械褌	0.003806	0.040822	0.000155
褉褍屑褘薪褋泻懈泄	0.000346	0.116534	0.000040
褉褍屑褟薪褘泄	0.000692	0.116534	0.000081
褉褍薪械褌	0.000346	0.020203	0.000007
褉褍褋褋泻懈泄	0.002768	0.105361	0.000292
褉褍褎懈薪邪	0.000346	4.605170	0.001593
褉褘斜邪	0.008997	0.040822	0.000367
褉褘斜薪褘泄	0.003806	0.105361	0.000401
褉褟卸械薪泻邪	0.000346	0.116534	0.000040
褋邪泄褌	0.002768	0.000000	0.000000
褋邪谢邪蟹泻懈	0.000346	4.605170	0.001593
褋邪谢邪褌	0.011419	0.040822	0.000466
褋邪谢邪褌薪褘泄	0.000346	0.116534	0.000040
褋邪屑芯谐芯薪	0.000346	0.040822	0.000014
褋邪屑褘泄	0.001730	0.105361	0.000182
褋邪薪懈	0.000692	4.605170	0.003187
褋邪薪泻懈	0.000346	4.605170	0.001593
褋邪褎	0.001038	0.116534	0.000121
褋邪褎褋械屑邪	0.000346	0.116534	0.000040
褋邪褏邪褉	0.000692	0.105361	0.000073
褋斜懈褌械薪褜	0.000692	0.040822	0.000028
褋胁械卸械褋褌褜	0.000346	0.105361	0.000036
褋胁械泻芯谢褜薪懈泻	0.000692	0.040822	0.000028
褋胁械褌	0.001384	0.116534	0.000161
褋胁械褌邪	0.001384	0.116534	0.000161
褋胁懈薪懈薪	0.001384	0.116534	0.000161
褋胁懈薪懈薪邪	0.000346	0.040822	0.000014
褋胁褢泻谢邪	0.000346	0.040822	0.000014
褋谐褍褖褢薪泻邪	0.000346	0.040822	0.000014
褋械蟹芯薪	0.000346	0.116534	0.000040
褋械泄褔邪褋	0.000692	0.030459	0.000021
褋械泻褉械褌	0.000692	0.116534	0.000081
褋械谢械薪懈械	0.000346	4.605170	0.001593
褋械谢褢写泻邪	0.000346	0.040822	0.000014
褋械屑械泄薪褘泄	0.001038	0.116534	0.000121
褋械屑褜	0.000346	4.605170	0.001593
褋械屑褜褟	0.001384	0.116534	0.000161
褋卸懈谐邪褌褜褋褟	0.000346	4.605170	0.001593
褋懈写褉	0.000346	0.040822	0.000014
褋懈褉懈泄褋泻懈泄	0.000346	0.116534	0.000040
褋懈褉芯锌	0.000692	0.040822	0.000028
褋懈褋褌械屑邪	0.000346	0.040822	0.000014
褋懈褌懈	0.000346	0.127833	0.000044
褋泻邪蟹泻邪	0.000346	0.116534	0.000040
褋谢邪胁褟薪褋泻懈泄	0.000692	4.605170	0.003187
褋谢邪写泻懈泄	0.007266	0.040822	0.000297
褋谢邪写泻芯	0.000346	0.116534	0.000040
褋谢械写褍褞褖懈泄	0.000346	1.386294	0.000480
褋谢懈胁芯褔薪褘泄	0.000346	0.105361	0.000036
褋谢芯泄泻邪	0.000692	0.040822	0.000028
褋谢芯褢薪褘泄	0.001038	0.116534	0.000121
褋屑械褌邪薪邪	0.000346	0.105361	0.000036
褋屑械褕邪薪薪褘泄	0.000346	0.116534	0.000040
褋屑芯褔褜	0.000346	0.040822	0.000014
褋屑褍蟹懈	0.001038	0.040822	0.000042
褋薪械卸薪褘泄	0.000346	3.506558	0.001213
褋薪褝泻	0.000346	0.116534	0.000040
褋芯斜懈褉邪褌褜褋褟	0.000346	0.040822	0.000014
褋芯斜褋褌胁械薪薪褘泄	0.000346	1.966113	0.000680
褋芯胁械褉褕械薪褋褌胁芯	0.001730	0.116534	0.000202
褋芯胁械褌	0.000346	0.040822	0.000014
褋芯谐谢邪褕邪褌褜褋褟	0.000346	0.040822	0.000014
褋芯写械褉卸邪褌褜	0.000346	3.218876	0.001114
褋芯蟹写邪胁邪褌褜	0.000346	0.105361	0.000036
褋芯泻	0.001038	0.040822	0.000042
褋芯谢械薪懈械	0.000692	0.116534	0.000081
褋芯谢薪械褔薪褘泄	0.000346	0.116534	0.000040
褋芯谢褟薪泻邪	0.000692	0.040822	0.000028
褋芯谢褢薪褘泄	0.001038	0.116534	0.000121
褋芯褋褌邪胁懈褌褜	0.000346	0.116534	0.000040
褋芯褍褋	0.005882	0.040822	0.000240
褋芯褏褉邪薪褟褌褜	0.000346	0.040822	0.000014
褋芯褑褋械褌褜	0.000692	0.040822	0.000028
褋芯褔械褌邪薪懈械	0.000346	0.105361	0.000036
褋芯褔薪褘泄	0.000346	0.116534	0.000040
褋锌械褌褜	0.000346	0.116534	0.000040
褋锌械褑懈邪谢褜薪褘泄	0.000346	0.094311	0.000033
褋锌械褑懈褟	0.000346	0.094311	0.000033
褋锌械褑锌褉芯械泻褌	0.011419	0.116534	0.001331
褋锌懈褋芯泻	0.000346	0.116534	0.000040
褋褉械写邪	0.000346	3.218876	0.001114
褋褉械写懈蟹械屑薪芯屑芯褉褋泻懈泄	0.000346	0.127833	0.000044
褋褌邪褌褜褟	0.000692	0.061875	0.000043
褋褌懈谢褜	0.000692	0.116534	0.000081
褋褌芯谢	0.003806	0.105361	0.000401
褋褌褉芯懈褌械谢褜褋褌胁芯	0.000692	0.040822	0.000028
褋褌褉芯懈褌褜	0.000346	0.040822	0.000014
褋褌褉芯泄薪褘泄	0.000346	0.116534	0.000040
褋褍斜斜芯褌薪懈泄	0.000346	4.605170	0.001593
褋褍斜锌褉芯写褍泻褌	0.003460	0.116534	0.000403
褋褍锌	0.006574	0.040822	0.000268
褋褍褎谢械	0.001038	0.040822	0.000042
褋褍褏邪褉褜	0.000346	0.040822	0.000014
褋褍褕懈褌褜	0.000692	0.040822	0.000028
褋褔懈褌邪褌褜褋褟	0.000692	3.506558	0.002427
褋褘胁芯褉芯褌泻邪	0.000692	3.506558	0.002427
褋褘褉	0.003114	0.040822	0.000127
褋褘褉薪懈泻	0.001038	0.040822	0.000042
褋褘褉薪褘泄	0.001384	0.040822	0.000057
褋褘褌薪褘泄	0.001038	0.105361	0.000109
褋褘褔褍卸薪褘泄	0.000346	0.127833	0.000044
褋褝薪写胁懈褔	0.000346	0.127833	0.000044
褋褞褉锌褉懈蟹	0.000346	0.116534	0.000040
褋褢屑谐邪	0.000346	0.040822	0.000014
褌邪写卸懈泻褋泻懈泄	0.000346	0.116534	0.000040
褌邪泄褋泻懈泄	0.000346	0.116534	0.000040
褌邪泻芯胁芯泄	0.000346	3.506558	0.001213
褌邪薪械褑	0.000346	4.605170	0.001593
褌邪褉褌	0.000346	0.116534	0.000040
褌邪褉褌邪谢械褌泻邪	0.000692	0.040822	0.000028
褌邪褌邪褉褋泻懈泄	0.000346	0.116534	0.000040
褌胁芯泄	0.000692	0.116534	0.000081
褌胁芯褉懈褌褜	0.000346	0.116534	0.000040
褌胁芯褉芯谐	0.001384	0.040822	0.000057
褌胁芯褉芯卸薪褘泄	0.001730	0.094311	0.000163
褌械谢械谐褉邪屑	0.000346	0.040822	0.000014
褌械谢褟褌懈薪邪	0.001384	0.116534	0.000161
褌械屑	0.000346	0.967584	0.000335
褌械锌谢芯	0.000346	0.116534	0.000040
褌械褉褉懈薪邪	0.000346	0.040822	0.000014
褌械褋褌	0.004152	0.105361	0.000437
褌械褋褌芯	0.003114	0.040822	0.000127
褌械褏薪懈泻邪	0.001730	0.105361	0.000182
褌屑	0.001384	0.127833	0.000177
褌芯薪泻懈泄	0.001038	1.309333	0.001359
褌芯锌谢褢薪褘泄	0.000346	0.116534	0.000040
褌芯褉褌	0.007612	0.040822	0.000311
褌芯褉褌芯胁褘泄	0.000346	2.659260	0.000920
褌褉邪胁邪	0.000346	0.094311	0.000033
褌褉邪写懈褑懈芯薪薪褘泄	0.001730	1.427116	0.002469
褌褉邪写懈褑懈褟	0.002076	0.116534	0.000242
褌褉械锌械褌薪芯	0.000346	4.605170	0.001593
褌褉褍斜芯褔泻邪	0.000346	0.040822	0.000014
褌褉褢褏谢械褌懈械	0.000346	0.116534	0.000040
褌褍薪械褑	0.000346	0.105361	0.000036
褌褍薪懈褋褋泻懈泄	0.000346	0.116534	0.000040
褌褍褉械褑泻懈泄	0.000346	0.116534	0.000040
褌褘泻胁邪	0.000346	0.040822	0.000014
褌褢褖邪	0.000346	3.912023	0.001354
褌褢褖懈薪	0.000692	0.040822	0.000028
褍胁械写芯屑谢械薪懈械	0.000346	0.040822	0.000014
褍谐芯褖邪褌褜	0.000346	2.813411	0.000973
褍谐芯褖邪褌褜褋褟	0.000346	0.994252	0.000344
褍谐褉褞屑芯胁	0.000346	4.605170	0.001593
褍写邪褔薪褘泄	0.000346	0.116534	0.000040
褍写懈胁懈褌褜	0.000346	0.116534	0.000040
褍写懈胁谢褟褌褜	0.001384	0.116534	0.000161
褍写芯胁芯谢褜褋褌胁懈械	0.000346	0.116534	0.000040
褍卸懈薪	0.002076	0.094311	0.000196
褍蟹斜械泻褋泻懈泄	0.000346	0.116534	0.000040
褍泻褉邪懈薪褋泻懈泄	0.000346	0.116534	0.000040
褍泻褉邪褕械薪懈械	0.002768	0.116534	0.000323
褍锌芯褌褉械斜谢械薪懈械	0.000346	0.116534	0.000040
褍锌芯褌褉械斜谢褟褌褜	0.000346	2.207275	0.000764
褍褉邪谢褜褋泻懈泄	0.000346	0.116534	0.000040
褍褉芯卸邪泄	0.000346	0.105361	0.000036
褍褌泻邪	0.001038	0.116534	0.000121
褍褏芯	0.000346	0.040822	0.000014
褍褔邪褋褌胁芯胁邪褌褜	0.000346	0.040822	0.000014
褍褔褢褌薪褘泄	0.000346	2.302585	0.000797
褎邪蟹械薪写邪	0.000346	0.116534	0.000040
褎邪薪褌邪蟹懈褟	0.002768	0.116534	0.000323
褎邪褉褕	0.004844	0.040822	0.000198
褎邪褉褕懈褉芯胁邪薪薪褘泄	0.002076	0.040822	0.000085
褎邪褋芯谢褜	0.000346	0.040822	0.000014
褎械胁褉邪谢褜	0.000346	0.094311	0.000033
褎械泄械褉胁械褉泻	0.000692	0.116534	0.000081
褎懈谐褍褉邪	0.000346	0.116534	0.000040
褎懈薪褋泻懈泄	0.000346	0.116534	0.000040
褎懈褉屑械薪薪褘泄	0.000346	0.116534	0.000040
褎芯薪写褞	0.000346	0.040822	0.000014
褎芯褉屑邪	0.000346	0.105361	0.000036
褎芯褉褍屑	0.000692	0.040822	0.000028
褎芯褉褕屑邪泻	0.000346	0.040822	0.000014
褎芯褌芯	0.000346	2.040221	0.000706
褎褉邪薪褑懈褟	0.000346	0.116534	0.000040
褎褉邪薪褑褍蟹褋泻懈泄	0.000346	0.094311	0.000033
褎褉邪褍	0.001384	0.116534	0.000161
褎褉褍泻褌	0.001384	0.116534	0.000161
褎褉褍泻褌芯胁褘泄	0.002768	0.040822	0.000113
褎褍写	0.000346	0.116534	0.000040
褎褍褉褕械褌	0.000346	0.116534	0.000040
褏邪谢胁邪	0.000346	0.040822	0.000014
褏邪褉胁械褋褌褎械褋褌	0.000692	0.116534	0.000081
褏邪褉褔芯	0.000692	0.040822	0.000028
褏邪褕	0.000346	0.040822	0.000014
褏胁芯褉芯褋褌	0.000346	0.040822	0.000014
褏懈薪泻邪谢懈	0.000346	0.116534	0.000040
褏懈褌	0.002422	0.116534	0.000282
褏谢械斜	0.001038	0.040822	0.000042
褏谢械斜芯锌械褔泻邪	0.000346	0.116534	0.000040
褏谢芯锌褜褟	0.000692	0.094311	0.000065
褏芯写懈褌褜	0.000692	1.771957	0.001226
褏芯蟹褟泄泻邪	0.001038	0.116534	0.000121
褏芯谢芯写械褑	0.000346	0.040822	0.000014
褏芯谢芯写薪芯械	0.000692	0.116534	0.000081
褏芯谢芯写薪褘泄	0.000692	0.116534	0.000081
褏芯褉胁邪褌褋泻懈泄	0.000346	0.116534	0.000040
褏芯褉芯褕懈泄	0.002076	0.040822	0.000085
褏芯褉芯褕芯	0.001730	0.105361	0.000182
褏芯褉褋	0.000346	0.116534	0.000040
褏芯褌械褌褜	0.000346	0.000000	0.000000
褏褉邪薪懈褌褜	0.000346	1.897120	0.000656
褏褍屑褍褋邪	0.000346	0.040822	0.000014
褑邪褉褋褌胁芯	0.000346	0.127833	0.000044
褑邪褉褜	0.000346	0.116534	0.000040
褑胁械褌薪芯泄	0.000346	0.040822	0.000014
褑械薪薪褘泄	0.000346	0.040822	0.000014
褑械薪褌褉	0.000346	0.116534	0.000040
褑懈褌邪褌邪	0.000346	2.302585	0.000797
褔邪械屑褘泄	0.000346	0.116534	0.000040
褔邪泄	0.001384	0.040822	0.000057
褔械斜褍褉械泻	0.000692	0.040822	0.000028
褔械谢芯胁械泻	0.000346	0.916291	0.000317
褔械屑	0.000346	0.994252	0.000344
褔械褉泻懈蟹芯胁褘泄	0.000692	0.116534	0.000081
褔械褋褌薪芯泄	0.000346	0.040822	0.000014
褔械褌胁械褉谐	0.000346	3.912023	0.001354
褔械褔械胁懈褑邪	0.000346	0.040822	0.000014
褔械褕褋泻懈泄	0.000346	0.116534	0.000040
褔懈蟹泻械泄泻	0.001384	0.040822	0.000057
褔懈谢懈泄褋泻懈泄	0.000346	0.116534	0.000040
褔懈锌褋褘	0.000346	0.040822	0.000014
褔褉械蟹胁褘褔邪泄薪芯	0.000346	2.040221	0.000706
褔褍写芯	0.000346	0.116534	0.000040
褔褍褔械谢芯	0.000346	4.605170	0.001593
褕邪褉懈泻	0.000346	0.040822	0.000014
褕邪褉谢芯褌泻邪	0.000692	0.040822	0.000028
褕邪褉屑	0.000346	0.116534	0.000040
褕邪褕谢褘泻	0.004498	0.040822	0.000184
褕胁械写褋泻懈泄	0.000346	0.116534	0.000040
褕胁械泄褑邪褉褋泻懈泄	0.000346	0.116534	0.000040
褕械写械胁褉	0.000346	0.116534	0.000040
褕械褎	0.000346	0.127833	0.000044
褕懈锌褍褔泻邪	0.000346	0.040822	0.000014
褕懈褉芯泻懈泄	0.001038	0.127833	0.000133
褕泻芯谢邪	0.000346	0.116534	0.000040
褕芯泻芯谢邪写	0.000346	0.040822	0.000014
褕芯褌谢邪薪写褋泻懈泄	0.000346	0.116534	0.000040
褕褌褉褍写械谢褜	0.000346	0.040822	0.000014
褕褍屑薪芯	0.000346	4.605170	0.001593
褕褍褉锌邪	0.000346	0.040822	0.000014
褖械写褉褘泄	0.000346	0.116534	0.000040
褖懈	0.000692	0.040822	0.000028
褝泻芯屑懈谢泻	0.000346	0.127833	0.000044
褝褋褌芯薪褋泻懈泄	0.000346	0.116534	0.000040
褞谐芯褋谢邪胁褋泻懈泄	0.000346	0.116534	0.000040
褟斜谢芯泻芯	0.000346	1.237874	0.000428
褟谐芯写薪褘泄	0.001384	0.105361	0.000146
褟蟹褘泻	0.000346	0.040822	0.000014
褟泄褑芯	0.001730	0.040822	0.000071
褟薪写械泻褋	0.000346	0.072571	0.000025
褟锌芯薪褋泻懈泄	0.000692	0.051293	0.000035
褟褉泻懈泄	0.000346	0.116534	0.000040
褟褉泻芯	0.000346	0.105361	0.000036
褟褉屑邪褉泻邪	0.000346	3.218876	0.001114
