谢械屑屑邪	TF	IDF	TF-IDF
邪胁谐褍褋褌	0.001147	0.843970	0.000968
邪胁褌芯屑邪褌懈褔械褋泻懈泄	0.000382	4.605170	0.001760
邪胁褌芯褉	0.000382	0.040822	0.000016
邪胁褌芯褉懈蟹邪褑懈褟	0.000382	3.912023	0.001495
邪谐褉芯	0.000765	0.116534	0.000089
邪写卸懈泻邪	0.000382	0.040822	0.000016
邪写褉械褋	0.000382	2.995732	0.001145
邪泄褉邪薪	0.000382	0.040822	0.000016
邪泻褑懈褟	0.000382	2.040221	0.000780
邪谢褜褟薪褋	0.000765	0.116534	0.000089
邪薪褌邪褉械褋	0.000382	4.605170	0.001760
邪锌褉械谢褜	0.001147	0.544727	0.000625
邪褌谢邪薪褌	0.000382	0.116534	0.000045
斜邪泻谢邪卸邪薪	0.000382	0.040822	0.000016
斜邪褋褌褍褉屑	0.000382	0.040822	0.000016
斜邪褋褌褍褉屑邪	0.000382	0.040822	0.000016
斜械蟹械	0.000382	0.040822	0.000016
斜械谢械斜械械胁褋泻懈泄	0.000765	0.116534	0.000089
斜械褋锌谢邪褌薪褘泄	0.000382	4.605170	0.001760
斜懈褋泻胁懈褌	0.000382	0.040822	0.000016
斜谢懈蟹泻懈泄	0.001529	0.116534	0.000178
斜谢懈薪	0.001147	0.040822	0.000047
斜谢褞写芯	0.005734	0.040822	0.000234
斜芯谢褜褕芯泄	0.002294	0.094311	0.000216
斜芯褉褖	0.000382	0.040822	0.000016
斜芯褌胁懈薪褜褟	0.000382	0.040822	0.000016
斜褉邪褍蟹械褉	0.000382	0.040822	0.000016
斜褉邪褍薪懈	0.000382	0.040822	0.000016
斜褉械薪写	0.002676	4.605170	0.012323
斜褉芯泻泻芯谢懈	0.000382	0.040822	0.000016
斜褍卸械薪懈薪邪	0.000382	0.040822	0.000016
斜褍谢芯褔泻邪	0.001147	0.040822	0.000047
斜褍谢褜芯薪	0.001147	0.040822	0.000047
斜褍褉谐械褉	0.000382	0.040822	0.000016
斜褍褌械褉斜褉芯写	0.000382	0.040822	0.000016
斜褘褋褌褉芯	0.000765	0.094311	0.000072
斜褘褋褌褉褘泄	0.000765	0.094311	0.000072
胁邪卸薪褘泄	0.000765	0.116534	0.000089
胁邪褉械薪懈械	0.000382	0.040822	0.000016
胁邪褉泻邪	0.000382	1.832581	0.000701
胁邪褌褉褍褕泻邪	0.000382	0.040822	0.000016
胁邪褎谢褟	0.000382	0.040822	0.000016
胁邪褕	0.000765	0.000000	0.000000
胁胁芯写懈褌褜	0.000382	0.040822	0.000016
胁写芯褏薪芯胁械薪懈械	0.002294	0.116534	0.000267
胁写芯褏薪芯胁谢褟褌褜褋褟	0.000765	0.116534	0.000089
胁械谢懈泻懈泄	0.000765	0.116534	0.000089
胁械褋械薪薪懈泄	0.001147	0.051293	0.000059
胁械褋薪邪	0.005352	0.116534	0.000624
胁械褋褢谢褘泄	0.000765	2.525729	0.001931
胁械褔械褉	0.001529	2.120264	0.003242
胁懈写械芯	0.000765	0.116534	0.000089
胁懈写械褌褜	0.000382	2.659260	0.001017
胁懈泻褌芯褉懈薪	0.000765	3.912023	0.002991
胁懈泻褌芯褉懈薪邪	0.001147	3.912023	0.004486
胁懈薪芯	0.000382	0.040822	0.000016
胁泻褍褋	0.007263	0.105361	0.000765
胁泻褍褋薪芯	0.002294	0.094311	0.000216
胁泻褍褋薪褘泄	0.007263	0.061875	0.000449
胁屑械褋褌械	0.000765	0.916291	0.000701
胁薪械	0.000382	3.912023	0.001495
胁薪懈屑邪薪懈械	0.000382	1.237874	0.000473
胁芯蟹屑芯卸薪芯	0.000382	1.469676	0.000562
胁芯泄褌懈	0.000382	0.000000	0.000000
胁芯谢褕械斜薪褘泄	0.000765	0.116534	0.000089
胁芯谢褕械斜褋褌胁芯	0.001147	0.116534	0.000134
胁芯锌褉芯褋	0.000382	0.000000	0.000000
胁褉械屑褟	0.001529	0.105361	0.000161
胁褋锌芯屑薪懈褌褜	0.000382	0.040822	0.000016
胁褏芯写	0.001147	0.030459	0.000035
胁褘写邪胁邪褌褜褋褟	0.000382	4.605170	0.001760
胁褘泄褌懈	0.000382	0.040822	0.000016
胁褘锌械褔泻邪	0.003058	0.040822	0.000125
谐邪屑屑邪	0.000765	3.912023	0.002991
谐邪褉薪懈褉	0.000382	0.040822	0.000016
谐邪褋锌邪褔芯	0.000382	0.040822	0.000016
谐械芯谐褉邪褎懈褟	0.000765	0.116534	0.000089
谐谢邪胁薪褘泄	0.000765	0.040822	0.000031
谐谢邪蟹褍褉褜	0.000382	0.040822	0.000016
谐谢懈薪褌胁械泄薪	0.000382	0.040822	0.000016
谐芯写	0.007645	0.083382	0.000637
谐芯褉芯写	0.000765	0.116534	0.000089
谐芯褉芯褏	0.000765	0.116534	0.000089
谐芯褉褔懈褑邪	0.000382	0.040822	0.000016
谐芯褉褕芯褔械泻	0.000382	0.040822	0.000016
谐芯褉褟褔懈泄	0.002294	0.105361	0.000242
谐芯褌芯胁懈褌褜	0.005734	0.083382	0.000478
谐褉械薪泻邪	0.000382	0.040822	0.000016
谐褉械褔泻邪	0.000382	0.040822	0.000016
谐褉懈斜	0.000382	0.040822	0.000016
谐褉懈斜薪芯泄	0.000382	0.040822	0.000016
谐褉懈谢褜	0.001529	0.105361	0.000161
谐褉懈谢褜屑邪薪懈褟	0.000765	0.116534	0.000089
谐褉芯谐	0.000382	0.040822	0.000016
谐褉褍锌锌邪	0.001147	0.061875	0.000071
谐褍褉屑邪薪懈褟	0.000765	0.116534	0.000089
写邪胁邪褌褜	0.000382	0.040822	0.000016
写邪薪薪褘械	0.000382	0.040822	0.000016
写邪褉	0.000765	0.116534	0.000089
写邪褌褜	0.000382	0.040822	0.000016
写邪褔薪褘泄	0.000765	0.116534	0.000089
写械泻邪斜褉褜	0.000382	0.597837	0.000229
写械谢邪褌褜	0.001529	0.083382	0.000127
写械谢懈褌褜褋褟	0.000382	0.040822	0.000016
写械谢芯	0.000765	0.105361	0.000081
写械薪褜	0.003058	0.040822	0.000125
写械褋械褉褌	0.001147	0.040822	0.000047
写械褋械褉褌邪褑懈褟	0.000765	0.116534	0.000089
写械褌褋泻懈泄	0.000382	2.525729	0.000965
写卸械屑	0.000382	0.040822	0.000016
写卸械屑邪	0.000382	0.040822	0.000016
写蟹械薪	0.008028	0.116534	0.000935
写懈械褌邪	0.000765	0.094311	0.000072
写懈泻懈泄	0.001529	0.116534	0.000178
写薪械胁薪懈泻	0.000382	0.061875	0.000024
写芯斜邪胁懈褌褜	0.000765	0.083382	0.000064
写芯斜邪胁谢械薪懈械	0.000382	0.223144	0.000085
写芯斜邪胁谢褟褌褜	0.000382	0.040822	0.000016
写芯胁械褉褟褌褜	0.000765	0.116534	0.000089
写芯屑	0.003440	0.040822	0.000140
写芯屑邪褕薪懈泄	0.000765	0.040822	0.000031
写芯褋褌邪胁懈褌褜	0.000382	4.605170	0.001760
写芯褋褌邪胁泻邪	0.000765	4.605170	0.003521
写芯褋褌褍锌薪芯	0.000382	3.912023	0.001495
写褉褍谐	0.001147	0.544727	0.000625
写褍褕邪	0.002294	0.105361	0.000242
械写懈薪褘泄	0.000382	0.000000	0.000000
械褏邪褌褜	0.000382	2.302585	0.000880
卸邪褉泻芯械	0.000382	0.040822	0.000016
卸械谢械	0.000382	0.040822	0.000016
卸械薪褋泻懈泄	0.000382	0.020203	0.000008
卸械薪褖懈薪邪	0.000765	0.061875	0.000047
卸懈胁芯褌薪芯械	0.000765	3.912023	0.002991
卸懈蟹薪褜	0.001147	0.040822	0.000047
卸懈褌褜	0.000382	2.207275	0.000844
卸褍谢褜械薪	0.000382	0.040822	0.000016
卸褍褉薪邪谢	0.000382	0.072571	0.000028
卸褞谢褜械薪	0.000382	0.040822	0.000016
卸褞谢褜薪褘泄	0.000382	0.040822	0.000016
蟹邪胁械褉褕懈褌褜	0.000382	4.605170	0.001760
蟹邪胁褌褉邪泻	0.002294	0.094311	0.000216
蟹邪谐芯褌芯胁泻邪	0.000382	0.040822	0.000016
蟹邪写邪胁邪褌褜	0.000382	0.040822	0.000016
蟹邪泻胁邪褋泻邪	0.001911	0.040822	0.000078
蟹邪泻褍褋泻邪	0.000382	0.040822	0.000016
蟹邪泻褍褋芯薪褔懈泻	0.000765	0.116534	0.000089
蟹邪泻褍褋芯褔泻邪	0.000765	0.116534	0.000089
蟹邪谢懈胁薪芯械	0.000382	0.040822	0.000016
蟹邪芯	0.000382	4.605170	0.001760
蟹邪锌邪写	0.000765	0.116534	0.000089
蟹邪锌械泻邪薪泻邪	0.000382	0.040822	0.000016
蟹邪锌褉邪胁泻邪	0.000382	0.040822	0.000016
蟹邪褉械谐懈褋褌褉懈褉芯胁邪褌褜	0.000382	1.897120	0.000725
蟹邪褉械谐懈褋褌褉懈褉芯胁邪褌褜褋褟	0.001147	0.030459	0.000035
蟹胁械蟹写邪	0.000382	0.116534	0.000045
蟹写芯褉芯胁褘泄	0.002294	0.116534	0.000267
蟹械褎懈褉	0.000382	0.040822	0.000016
蟹懈屑邪	0.001147	0.040822	0.000047
蟹懈屑薪懈泄	0.000382	0.051293	0.000020
蟹芯谢芯褌芯泄	0.000765	0.116534	0.000089
懈胁谢械胁	0.000382	3.506558	0.001340
懈写械邪谢褜薪褘泄	0.003058	0.116534	0.000356
懈写械泄泻邪	0.000765	0.116534	0.000089
懈写械薪褌懈褎懈泻邪褌芯褉	0.000382	3.912023	0.001495
懈蟹写邪褌械谢褜褋褌胁芯	0.000382	4.605170	0.001760
懈泻褉邪	0.000382	0.040822	0.000016
懈屑褟	0.000382	0.030459	0.000012
懈薪写械泄泻邪	0.001529	0.094311	0.000144
懈薪写懈谢邪泄褌邪	0.002294	0.116534	0.000267
懈薪写懈褉械褋薪褘泄	0.000765	0.116534	0.000089
懈薪褋褌褉褍泻褑懈褟	0.000382	0.030459	0.000012
懈褋泻褉械薪薪械	0.000765	0.116534	0.000089
懈褋锌械褔褜	0.000765	0.105361	0.000081
懈褋褌芯褉懈褟	0.004587	0.116534	0.000535
懈褌邪谢懈褟	0.001529	0.105361	0.000161
懈褌芯谐	0.087156	2.995732	0.261096
懈褞谢褜	0.001147	0.579818	0.000665
懈褞薪褜	0.000765	0.562119	0.000430
泄芯谐褍褉褌	0.000382	0.040822	0.000016
泻邪斜邪褔芯泻	0.000382	0.040822	0.000016
泻邪斜懈薪械褌	0.000382	4.605170	0.001760
泻邪泻邪芯	0.000382	0.040822	0.000016
泻邪谢械泄写芯褋泻芯锌	0.000765	0.116534	0.000089
泻邪谢褜屑邪褉	0.000382	0.040822	0.000016
泻邪屑械褉邪	0.000765	0.116534	0.000089
泻邪薪邪谢	0.001147	0.040822	0.000047
泻邪薪邪锌械	0.000382	0.040822	0.000016
泻邪锌褍褋褌邪	0.001147	0.040822	0.000047
泻邪锌褍褋褌薪褟泻	0.000382	0.040822	0.000016
泻邪褉邪屑械谢褜	0.000382	0.040822	0.000016
泻邪褉褌芯褎械谢褜	0.000382	0.040822	0.000016
泻邪褉褌芯褎械谢褜薪褘泄	0.000382	0.040822	0.000016
泻邪褉褌芯褕泻邪	0.000765	0.040822	0.000031
泻邪褋邪薪懈械	0.000765	4.605170	0.003521
泻邪褔械褋褌胁芯	0.000765	0.105361	0.000081
泻邪褕邪	0.001147	0.040822	0.000047
泻胁邪褋	0.000765	0.040822	0.000031
泻胁邪褋薪芯泄	0.000765	0.116534	0.000089
泻械泻褋	0.000382	0.040822	0.000016
泻械褎懈褉	0.000382	0.040822	0.000016
泻懈屑褔邪褌褜	0.000382	0.040822	0.000016
泻懈薪芯谢械薪褌邪	0.000765	0.116534	0.000089
泻懈褋械谢褜	0.000382	0.040822	0.000016
泻谢邪褋褋	0.008410	0.116534	0.000980
泻薪懈谐邪	0.000382	0.040822	0.000016
泻芯泻褌械泄谢褜	0.001147	0.040822	0.000047
泻芯谢斜邪褋邪	0.000382	0.040822	0.000016
泻芯屑锌邪薪懈褟	0.011086	0.105361	0.001168
泻芯屑锌芯蟹懈褑懈褟	0.000765	2.525729	0.001931
泻芯屑锌芯薪械薪褌	0.000765	3.506558	0.002681
泻芯屑锌芯褌	0.000382	0.040822	0.000016
泻芯薪泻褍褉褋	0.153670	0.040822	0.006273
泻芯薪褋械褉胁懈褉芯胁邪薪懈械	0.000382	0.040822	0.000016
泻芯薪褋褌邪薪褌懈薪	0.000382	3.506558	0.001340
泻芯薪褎械褌邪	0.000382	0.040822	0.000016
泻芯薪褎械褌褌懈	0.000765	0.116534	0.000089
泻芯薪褎懈写械薪褑懈邪谢褜薪芯褋褌褜	0.000382	0.040822	0.000016
泻芯薪褎懈褌褞褉	0.000382	0.040822	0.000016
泻芯褉械泄褋泻懈	0.000382	0.040822	0.000016
泻芯褉卸懈泻	0.000382	0.040822	0.000016
泻芯褉芯谢械胁邪	0.000765	3.218876	0.002461
泻芯褌谢械褌邪	0.000382	0.040822	0.000016
泻芯褎械	0.000382	0.040822	0.000016
泻褉邪褋泻邪	0.000765	0.116534	0.000089
泻褉械屑	0.000382	0.040822	0.000016
泻褉芯屑械	0.000382	0.061875	0.000024
泻褉芯褏邪	0.000765	0.116534	0.000089
泻褉褍谐	0.001529	0.116534	0.000178
泻褉褍锌	0.000382	0.105361	0.000040
泻褉褍锌褟薪芯泄	0.000765	0.116534	0.000089
泻褍谢械褕	0.000382	0.040822	0.000016
泻褍谢懈薪邪褉懈褟	0.002294	0.094311	0.000216
泻褍谢懈薪邪褉薪褘泄	0.006881	0.000000	0.000000
泻褍谢懈褔	0.000382	0.040822	0.000016
泻褍褉懈褑邪	0.000382	0.040822	0.000016
泻褍褉芯褔泻邪	0.000765	0.116534	0.000089
泻褍褋泻褍褋	0.000382	0.040822	0.000016
泻褍褏薪褟	0.001529	0.040822	0.000062
谢邪胁邪褕	0.000382	0.040822	0.000016
谢邪谐屑邪薪	0.000382	0.040822	0.000016
谢邪泻芯屑褋褌胁芯	0.000765	0.116534	0.000089
谢邪锌褕邪	0.000382	0.040822	0.000016
谢械谐泻芯	0.002294	0.116534	0.000267
谢械锌褢褕泻邪	0.000382	0.040822	0.000016
谢械褌薪懈泄	0.001147	0.040822	0.000047
谢械褌芯	0.003823	0.116534	0.000445
谢械褔芯	0.000382	0.040822	0.000016
谢懈谐邪	0.000765	0.116534	0.000089
谢懈泻褢褉	0.000382	0.040822	0.000016
谢懈屑芯薪邪写	0.000382	0.040822	0.000016
谢懈褔薪褘泄	0.000382	2.813411	0.001075
谢褞斜懈屑褘泄	0.004205	0.116534	0.000490
谢褞斜芯胁褜	0.001529	0.105361	0.000161
谢褞斜芯泄	0.000765	0.094311	0.000072
谢褢谐泻懈泄	0.000765	0.094311	0.000072
谢褢写	0.000765	0.116534	0.000089
屑邪泄	0.001911	0.116534	0.000223
屑邪泻邪褉芯薪褘	0.000382	0.040822	0.000016
屑邪薪薪懈泻	0.000382	0.040822	0.000016
屑邪薪褢胁褉	0.000765	0.116534	0.000089
屑邪褉邪褎芯薪	0.003058	0.116534	0.000356
屑邪褉懈薪邪写	0.000382	0.040822	0.000016
屑邪褉泻邪	0.001147	3.912023	0.004486
屑邪褉屑械谢邪写	0.000382	0.040822	0.000016
屑邪褉褌	0.003440	0.105361	0.000362
屑邪褋泻邪褉锌芯薪	0.000382	0.040822	0.000016
屑邪褋谢械薪懈褑邪	0.001147	0.040822	0.000047
屑邪褋谢械薪懈褔薪褘泄	0.000765	0.116534	0.000089
屑邪褋褌械褉	0.008410	0.116534	0.000980
屑邪褋褌懈泻邪	0.000382	0.040822	0.000016
屑邪褌械褉懈邪谢	0.000765	3.912023	0.002991
屑邪褏械械胁褗	0.002676	0.116534	0.000312
屑械写懈邪褎芯褉褌	0.001147	0.000000	0.000000
屑械卸锌芯褉褌邪谢褜薪褘泄	0.000765	4.605170	0.003521
屑械薪褞	0.000765	0.116534	0.000089
屑械薪褟褌褜褋褟	0.000765	0.116534	0.000089
屑械褋褟褑	0.001147	1.660731	0.001905
屑械褔褌邪	0.000382	0.040822	0.000016
屑懈写懈褟	0.000382	0.040822	0.000016
屑懈谢褜褟	0.000765	0.116534	0.000089
屑懈芯	0.000765	0.116534	0.000089
屑懈褉	0.002294	0.105361	0.000242
屑懈褉芯胁芯泄	0.000765	0.116534	0.000089
屑懈褋芯	0.000382	0.040822	0.000016
屑懈褋褌械褉懈褟	0.000765	0.116534	0.000089
屑懈褋褌褉邪谢褜	0.016437	0.116534	0.001916
屑薪芯卸械褋褌胁芯	0.000382	0.040822	0.000016
屑芯斜懈谢褜薪褘泄	0.000382	3.912023	0.001495
屑芯泄	0.003058	0.083382	0.000255
屑芯谢芯褔薪褘泄	0.000765	0.040822	0.000031
屑芯屑械薪褌	0.002294	0.105361	0.000242
屑芯褉械	0.000765	0.116534	0.000089
屑芯褉械锌褉芯写褍泻褌	0.000382	0.040822	0.000016
屑芯褉泻芯胁褜	0.000382	0.040822	0.000016
屑芯褉芯卸械薪芯械	0.000382	0.040822	0.000016
屑芯褉褋	0.000382	0.040822	0.000016
屑芯褌芯褉	0.000765	0.116534	0.000089
屑芯褏懈褌褘泄	0.000382	0.040822	0.000016
屑芯褔褜	0.000382	0.000000	0.000000
屑褍卸褔懈薪邪	0.000765	0.116534	0.000089
屑褍谢褜褌懈锌械泻邪褉褜	0.000765	0.116534	0.000089
屑褍褋褋	0.000382	0.040822	0.000016
屑褍褋褋邪	0.000382	0.040822	0.000016
屑褟褋薪芯泄	0.000382	0.040822	0.000016
屑褟褋芯	0.001529	0.040822	0.000062
薪邪谢懈胁泻邪	0.000382	0.040822	0.000016
薪邪锌懈褌芯泻	0.001147	0.040822	0.000047
薪邪褋褌芯泄泻邪	0.000382	0.040822	0.000016
薪邪褋褌褉芯械薪懈械	0.002294	0.116534	0.000267
薪邪褔懈薪邪褞褖懈泄	0.000765	3.506558	0.002681
薪邪褔懈薪泻邪	0.000382	0.040822	0.000016
薪邪褕	0.001529	0.040822	0.000062
薪械写械谢褟	0.002676	0.051293	0.000137
薪械卸薪褘泄	0.000765	0.094311	0.000072
薪械屑芯泄	0.000382	1.203973	0.000460
薪械芯斜褏芯写懈屑芯	0.000382	2.813411	0.001075
薪芯胁芯谐芯写薪懈泄	0.016820	0.040822	0.000687
薪芯胁芯褋褌褜	0.001147	0.061875	0.000071
薪芯胁褘泄	0.008028	0.030459	0.000245
薪芯屑械褉	0.000382	3.912023	0.001495
薪芯褟斜褉褜	0.000765	0.527633	0.000403
芯斜械蟹褜褟薪邪	0.000765	0.116534	0.000089
芯斜褉邪褌懈褌褜	0.000382	4.605170	0.001760
芯斜褖邪褌褜褋褟	0.000382	0.040822	0.000016
芯胁芯褖薪芯泄	0.001529	0.040822	0.000062
芯谐薪械薪薪褘泄	0.000765	0.116534	0.000089
芯谐芯胁芯褉懈褌褜	0.000382	4.605170	0.001760
芯谐芯薪褜	0.000765	0.094311	0.000072
芯写薪邪卸写褘	0.000765	2.407946	0.001841
芯泻褉芯褕泻邪	0.000382	0.040822	0.000016
芯泻褌褟斜褉褜	0.001147	0.562119	0.000645
芯谢邪写褜褟	0.000382	0.040822	0.000016
芯谢械泄薪芯泄	0.003058	0.116534	0.000356
芯谢械泄薪褘泄	0.001529	0.116534	0.000178
芯屑谢械褌	0.000382	0.040822	0.000016
芯锌邪褉邪	0.000382	0.040822	0.000016
芯锌褉芯褋	0.000382	0.061875	0.000024
芯褋械薪薪懈泄	0.004205	0.051293	0.000216
芯褋械薪褜	0.005352	0.105361	0.000564
芯褋薪芯胁薪褘泄	0.000382	0.040822	0.000016
芯褋褌邪胁邪褌褜褋褟	0.000765	0.116534	0.000089
芯褋褍褖械褋褌胁谢褟褌褜褋褟	0.000765	4.605170	0.003521
芯褌胁械褌	0.000765	0.000000	0.000000
芯褌胁械褌懈褌褜	0.000382	0.051293	0.000020
芯褌泻褉褘褌褜	0.001147	2.813411	0.003226
芯褌屑械薪懈褌褜	0.000382	0.040822	0.000016
芯褏谢邪写懈褌褜	0.000765	0.116534	0.000089
锌邪泻械褌懈泻	0.000382	0.105361	0.000040
锌邪谢芯褔泻邪	0.000382	0.040822	0.000016
锌邪褉邪	0.000765	0.116534	0.000089
锌邪褉邪写	0.000765	0.116534	0.000089
锌邪褉芯胁邪褉泻邪	0.000765	0.105361	0.000081
锌邪褉芯谢褜	0.000382	0.020203	0.000008
锌邪褋褌邪	0.000382	0.040822	0.000016
锌邪褋褌褉芯屑邪	0.000382	0.040822	0.000016
锌邪褋褏邪	0.000382	0.040822	0.000016
锌邪褋褏邪谢褜薪褘泄	0.001529	0.116534	0.000178
锌邪褕褌械褌	0.000382	0.040822	0.000016
锌械褉胁褘泄	0.001147	0.040822	0.000047
锌械褉械泄褌懈	0.000382	0.040822	0.000016
锌械褉械泻褍褋	0.000765	0.116534	0.000089
锌械褉械褑	0.000382	0.040822	0.000016
锌械褉褋芯薪邪	0.000765	0.116534	0.000089
锌械褔械薪懈械	0.000382	0.040822	0.000016
锌械褔褢薪芯褔薪褘泄	0.000382	0.040822	0.000016
锌懈泻薪懈泻	0.004205	0.105361	0.000443
锌懈褉	0.000765	0.116534	0.000089
锌懈褉芯谐	0.000382	0.040822	0.000016
锌懈褉芯卸薪芯械	0.000382	0.040822	0.000016
锌懈褉芯卸芯泻	0.000382	0.040822	0.000016
锌懈褌邪薪懈械	0.001529	0.094311	0.000144
锌懈褑褑邪	0.000382	0.040822	0.000016
锌谢邪屑褟	0.000765	0.116534	0.000089
锌谢邪薪械褌邪	0.000765	3.912023	0.002991
锌芯斜械写邪	0.000765	2.995732	0.002290
锌芯斜械写懈褌械谢褜	0.000382	3.912023	0.001495
锌芯胁邪褉褢薪芯泻	0.003823	0.000000	0.000000
锌芯胁懈写谢芯	0.000382	0.040822	0.000016
锌芯写邪褉懈褌褜	0.000765	2.525729	0.001931
锌芯写邪褉芯泻	0.003058	0.116534	0.000356
锌芯写谢懈胁泻邪	0.000382	0.040822	0.000016
锌芯写锌懈褋邪褌褜褋褟	0.001147	0.040822	0.000047
锌芯写锌懈褋褔懈泻	0.000382	4.605170	0.001760
锌芯写褉芯斜薪褘泄	0.000382	4.605170	0.001760
锌芯写褌胁械褉写懈褌褜	0.000382	3.912023	0.001495
锌芯械写懈薪芯泻	0.003823	0.116534	0.000445
锌芯蟹写褉邪胁懈褌褜	0.000765	0.116534	0.000089
锌芯懈褋泻	0.000382	0.051293	0.000020
锌芯谢械蟹薪芯	0.000765	0.116534	0.000089
锌芯谢械蟹薪褘泄	0.001147	1.427116	0.001637
锌芯谢懈褌懈泻邪	0.000382	0.040822	0.000016
锌芯谢芯胁懈薪邪	0.001529	0.105361	0.000161
锌芯谢褍褔邪褌褜	0.000765	0.040822	0.000031
锌芯谢褍褔懈褌褜	0.000382	1.237874	0.000473
锌芯谢褜蟹邪	0.000765	0.116534	0.000089
锌芯谢褜蟹芯胁邪褌械谢褜	0.000382	1.309333	0.000501
锌芯屑邪写泻邪	0.000382	0.040822	0.000016
锌芯屑芯褖褜	0.000382	2.207275	0.000844
锌芯薪褉邪胁懈褌褜褋褟	0.000382	0.040822	0.000016
锌芯薪褔懈泻	0.000382	0.040822	0.000016
锌芯锌邪褋褌褜	0.000382	2.207275	0.000844
锌芯褉邪	0.001529	0.105361	0.000161
锌芯褋械褖邪褌褜	0.000382	0.061875	0.000024
锌芯褋褌	0.003823	0.105361	0.000403
锌芯褋褌懈褌褜褋褟	0.000765	2.207275	0.001688
锌芯褋褌薪褘泄	0.001911	0.040822	0.000078
锌芯褋褌芯褟薪薪芯	0.000382	0.040822	0.000016
锌芯褋褍写邪	0.000765	0.094311	0.000072
锌芯褋褘谢泻邪	0.000765	4.605170	0.003521
锌芯褔褌邪	0.000382	0.040822	0.000016
锌芯褕邪谐芯胁褘泄	0.000765	0.040822	0.000031
锌褉邪蟹写薪懈泻	0.000765	0.105361	0.000081
锌褉邪蟹写薪懈褔薪芯	0.000765	0.116534	0.000089
锌褉邪蟹写薪懈褔薪褘泄	0.000765	0.105361	0.000081
锌褉邪泻褌懈泻褍屑	0.000382	0.116534	0.000045
锌褉械胁芯褋褏芯写薪褘泄	0.000765	0.116534	0.000089
锌褉械胁褉邪褖械薪懈械	0.000765	0.116534	0.000089
锌褉械写械谢	0.000765	4.605170	0.003521
锌褉械写褋褌邪胁懈褌械谢褜	0.000382	4.605170	0.001760
锌褉懈谐芯褌芯胁懈褌褜	0.000765	0.083382	0.000064
锌褉懈谐芯褌芯胁谢械薪懈械	0.000382	0.040822	0.000016
锌褉懈蟹	0.004205	0.040822	0.000172
锌褉懈蟹薪邪薪懈械	0.000765	0.116534	0.000089
锌褉懈蟹褢褉	0.002294	4.605170	0.010562
锌褉懈谢芯卸械薪懈械	0.000382	4.605170	0.001760
锌褉懈薪懈屑邪褌褜	0.000382	3.506558	0.001340
锌褉懈薪褟褌褜	0.000382	2.302585	0.000880
锌褉懈锌褉邪胁邪	0.000382	0.040822	0.000016
锌褉懈褉芯写邪	0.000765	0.105361	0.000081
锌褉懈褋谢邪褌褜	0.000382	3.506558	0.001340
锌褉懈褋褌褍锌懈褌褜	0.000382	0.040822	0.000016
锌褉芯胁械褉懈褌褜	0.000765	0.116534	0.000089
锌褉芯胁械褋褌懈	0.000765	0.116534	0.000089
锌褉芯胁芯写懈褌褜	0.000382	0.040822	0.000016
锌褉芯胁芯卸邪褌褜	0.000765	0.116534	0.000089
锌褉芯写芯谢卸械薪懈械	0.001529	4.605170	0.007042
锌褉芯写褍泻褌	0.000382	0.072571	0.000028
锌褉芯械泻褌	0.006116	0.051293	0.000314
锌褉芯褋褌芯	0.001529	0.083382	0.000127
锌褉芯褋褌芯泻胁邪褕邪	0.000382	0.040822	0.000016
锌褉芯褎懈谢褜	0.000382	0.040822	0.000016
锌褉褟屑芯	0.000382	0.040822	0.000016
锌褉褟薪懈泻	0.000382	0.040822	0.000016
锌褍写懈薪谐	0.000382	0.040822	0.000016
锌褍薪褕	0.000382	0.040822	0.000016
锌褍褌械褕械褋褌胁懈械	0.001911	0.116534	0.000223
锌褍褌褜	0.000765	0.116534	0.000089
锌褘褕泻邪	0.000382	0.040822	0.000016
锌褞褉械	0.000765	0.040822	0.000031
褉邪写芯褋褌褜	0.001147	3.506558	0.004021
褉邪蟹屑械褖邪褌褜	0.000382	2.302585	0.000880
褉邪蟹屑械褖械薪懈械	0.000765	3.912023	0.002991
褉邪蟹薪褘泄	0.000765	0.094311	0.000072
褉邪褋褋芯谢褜薪懈泻	0.001147	0.040822	0.000047
褉邪褋褋褘谢泻邪	0.000765	0.061875	0.000047
褉械斜褢薪芯泻	0.001147	0.094311	0.000108
褉械谐懈褋褌褉邪褑懈褟	0.001147	0.000000	0.000000
褉械蟹褍谢褜褌邪褌	0.005352	0.820981	0.004394
褉械褑械锌褌	0.066514	0.040822	0.002715
褉懈褋	0.001529	0.040822	0.000062
褉懈褌屑	0.000765	0.116534	0.000089
褉芯谐邪谢懈泻	0.000382	0.040822	0.000016
褉芯写薪褘泄	0.000765	0.116534	0.000089
褉芯写褋褌胁械薪薪懈泻	0.000382	2.659260	0.001017
褉芯蟹褘谐褉褘褕	0.000382	4.605170	0.001760
褉芯谢谢	0.000382	0.040822	0.000016
褉芯谢谢褌芯薪	0.000765	0.116534	0.000089
褉芯屑	0.000382	0.040822	0.000016
褉芯褋褋懈褟	0.001147	2.525729	0.002896
褉褍	0.000765	2.659260	0.002033
褉褍斜褉懈泻邪褌芯褉	0.000382	0.051293	0.000020
褉褍谢械褌	0.000382	0.040822	0.000016
褉褍屑褟薪褘泄	0.000765	0.116534	0.000089
褉褍薪械褌	0.000382	0.020203	0.000008
褉褍褔泻邪	0.000765	2.407946	0.001841
褉褘斜邪	0.001147	0.040822	0.000047
褉褘斜薪褘泄	0.000765	0.105361	0.000081
褋邪泄褌	0.003058	0.000000	0.000000
褋邪谢邪褌	0.002676	0.040822	0.000109
褋邪屑芯谐芯薪	0.000382	0.040822	0.000016
褋邪屑褘泄	0.001529	0.105361	0.000161
褋邪褎	0.001911	0.116534	0.000223
褋邪褎褋械屑邪	0.000765	0.116534	0.000089
褋斜懈褌械薪褜	0.000382	0.040822	0.000016
褋胁械卸械褋褌褜	0.000765	0.105361	0.000081
褋胁械泻芯谢褜薪懈泻	0.000382	0.040822	0.000016
褋胁械褌	0.002294	0.116534	0.000267
褋胁械褌邪	0.002294	0.116534	0.000267
褋胁械褌芯褎芯褉	0.000765	4.605170	0.003521
褋胁懈薪懈薪邪	0.000382	0.040822	0.000016
褋胁褢泻谢邪	0.000382	0.040822	0.000016
褋谐褍褖褢薪泻邪	0.000382	0.040822	0.000016
褋写械谢邪褌褜	0.000382	0.733969	0.000281
褋械蟹芯薪	0.000765	0.116534	0.000089
褋械泄褔邪褋	0.001147	0.030459	0.000035
褋械泻褉械褌	0.001529	0.116534	0.000178
褋械泻褉械褌薪褘泄	0.000765	2.407946	0.001841
褋械谢褢写泻邪	0.000382	0.040822	0.000016
褋械屑械泄薪褘泄	0.001529	0.116534	0.000178
褋械屑褜褟	0.000765	0.116534	0.000089
褋械褉写褑械	0.000765	1.771957	0.001355
褋懈写褉	0.000382	0.040822	0.000016
褋懈褉芯锌	0.000382	0.040822	0.000016
褋懈褋褌械屑邪	0.000382	0.040822	0.000016
褋泻邪蟹泻邪	0.000765	0.116534	0.000089
褋谢邪写泻懈泄	0.006881	0.040822	0.000281
褋谢邪写泻芯	0.000765	0.116534	0.000089
褋谢懈胁芯褔薪褘泄	0.000765	0.105361	0.000081
褋谢芯泄泻邪	0.000382	0.040822	0.000016
褋屑芯褔褜	0.000382	0.040822	0.000016
褋屑褍蟹懈	0.000382	0.040822	0.000016
褋芯斜懈褉邪褌褜褋褟	0.000382	0.040822	0.000016
褋芯胁械褉褕械薪褋褌胁芯	0.000765	0.116534	0.000089
褋芯胁械褌	0.001529	0.040822	0.000062
褋芯谐谢邪褕邪褌褜褋褟	0.000382	0.040822	0.000016
褋芯蟹写邪胁邪褌褜	0.000765	0.105361	0.000081
褋芯泻	0.001529	0.040822	0.000062
褋芯谢薪械褔薪褘泄	0.000382	0.116534	0.000045
褋芯谢薪褑械	0.000765	3.912023	0.002991
褋芯谢褟薪泻邪	0.000382	0.040822	0.000016
褋芯褋褌邪胁懈褌褜	0.000765	0.116534	0.000089
褋芯褍褋	0.001147	0.040822	0.000047
褋芯褏褉邪薪褟褌褜	0.000382	0.040822	0.000016
褋芯褑褋械褌褜	0.000382	0.040822	0.000016
褋芯褔械褌邪薪懈械	0.000765	0.105361	0.000081
褋芯褔薪褘泄	0.000765	0.116534	0.000089
褋锌械褌褜	0.000765	0.116534	0.000089
褋锌械褑懈邪谢褜薪褘泄	0.004969	0.094311	0.000469
褋锌械褑锌褉芯械泻褌	0.000382	0.116534	0.000045
褋褌邪褉懈薪薪褘泄	0.000765	2.995732	0.002290
褋褌邪褌褜	0.000382	1.049822	0.000401
褋褌邪褌褜褟	0.000382	0.061875	0.000024
褋褌懈谢褜	0.002676	0.116534	0.000312
褋褌芯谢	0.002294	0.105361	0.000242
褋褌褉邪薪邪	0.000382	1.832581	0.000701
褋褌褉芯懈褌械谢褜褋褌胁芯	0.000765	0.040822	0.000031
褋褌褉芯懈褌褜	0.000382	0.040822	0.000016
褋褌褉芯泄薪褘泄	0.000765	0.116534	0.000089
褋褍锌	0.001147	0.040822	0.000047
褋褍褎谢械	0.000382	0.040822	0.000016
褋褍褏邪褉褜	0.000382	0.040822	0.000016
褋褍褕懈褌褜	0.000382	0.040822	0.000016
褋褘褉	0.001147	0.040822	0.000047
褋褘褉薪懈泻	0.000382	0.040822	0.000016
褋褘褉薪褘泄	0.000765	0.040822	0.000031
褋褞褉锌褉懈蟹	0.000765	0.116534	0.000089
褋褢屑谐邪	0.000382	0.040822	0.000016
褌邪薪谐芯	0.000765	4.605170	0.003521
褌邪褉褌邪谢械褌泻邪	0.000382	0.040822	0.000016
褌胁芯泄	0.001529	0.116534	0.000178
褌胁芯褉懈褌褜	0.000765	0.116534	0.000089
褌胁芯褉芯谐	0.000382	0.040822	0.000016
褌胁芯褉褔械褋褌胁芯	0.000382	4.605170	0.001760
褌械泻褍褖懈泄	0.000765	4.605170	0.003521
褌械谢械谐褉邪屑	0.000382	0.040822	0.000016
褌械谢械褎芯薪	0.000382	3.912023	0.001495
褌械屑	0.000382	0.967584	0.000370
褌械锌谢芯	0.000765	0.116534	0.000089
褌械褉褉懈薪邪	0.000382	0.040822	0.000016
褌械褉褉懈褌芯褉懈褟	0.000382	4.605170	0.001760
褌械褋褌芯	0.000382	0.040822	0.000016
褌械褏薪懈泻邪	0.000765	0.105361	0.000081
褌械褔械薪懈械	0.000765	2.995732	0.002290
褌芯褉褌	0.000765	0.040822	0.000031
褌褉邪写懈褑懈褟	0.002294	0.116534	0.000267
褌褉褍斜芯褔泻邪	0.000382	0.040822	0.000016
褌褉褢褏谢械褌懈械	0.000765	0.116534	0.000089
褌褍薪械褑	0.000765	0.105361	0.000081
褌褘泻胁邪	0.000382	0.040822	0.000016
褌褢褖懈薪	0.000382	0.040822	0.000016
褍胁械写芯屑谢械薪懈械	0.000382	0.040822	0.000016
褍写邪褔薪褘泄	0.000765	0.116534	0.000089
褍写懈胁懈褌褜	0.000765	0.116534	0.000089
褍写懈胁谢褟褌褜	0.001911	0.116534	0.000223
褍写芯胁谢械褌胁芯褉褟褌褜	0.000382	2.525729	0.000965
褍写芯胁芯谢褜褋褌胁懈械	0.001529	0.116534	0.000178
褍卸懈薪	0.000765	0.094311	0.000072
褍泻邪蟹邪褌褜	0.000382	2.525729	0.000965
褍泻邪蟹褘胁邪褌褜	0.000382	3.912023	0.001495
褍锌芯褌褉械斜谢械薪懈械	0.000765	0.116534	0.000089
褍褉芯卸邪泄	0.000765	0.105361	0.000081
褍褋谢芯胁懈械	0.000765	1.660731	0.001270
褍褌芯屑谢褢薪薪褘泄	0.000765	4.605170	0.003521
褍褏芯	0.000382	0.040822	0.000016
褍褔邪褋褌胁芯胁邪褌褜	0.000765	0.040822	0.000031
褍褔邪褋褌懈械	0.001147	2.995732	0.003435
褍褔邪褋褌薪懈泻	0.000382	3.912023	0.001495
褍褔邪褋褌薪懈褑邪	0.000382	4.605170	0.001760
褍褔懈褌褜褋褟	0.000382	3.218876	0.001230
褎邪蟹械薪写邪	0.000382	0.116534	0.000045
褎邪薪褌邪蟹懈褟	0.003823	0.116534	0.000445
褎邪褉褕	0.000382	0.040822	0.000016
褎邪褉褕懈褉芯胁邪薪薪褘泄	0.000765	0.040822	0.000031
褎邪褋芯谢褜	0.000382	0.040822	0.000016
褎械胁褉邪谢褜	0.000382	0.094311	0.000036
褎械泄械褉胁械褉泻	0.001529	0.116534	0.000178
褎懈谐褍褉邪	0.000765	0.116534	0.000089
褎懈褉屑械薪薪褘泄	0.000765	0.116534	0.000089
褎懈褌芯屑褍褑懈谢	0.000382	4.605170	0.001760
褎芯薪写褞	0.000382	0.040822	0.000016
褎芯褉屑邪	0.000765	0.105361	0.000081
褎芯褉褍屑	0.000765	0.040822	0.000031
褎芯褉褕屑邪泻	0.000382	0.040822	0.000016
褎芯褌芯	0.000765	2.040221	0.001560
褎芯褌芯谐褉邪褎懈褟	0.001147	2.813411	0.003226
褎芯褌芯泻芯薪泻褍褉褋	0.006498	4.605170	0.029927
褎褉邪薪褑懈褟	0.001529	0.116534	0.000178
褎褉邪褍	0.001911	0.116534	0.000223
褎褉褍泻褌芯胁褘泄	0.001147	0.040822	0.000047
褎褍写	0.000382	0.116534	0.000045
褎褍褉褕械褌	0.001529	0.116534	0.000178
褏邪谢胁邪	0.000382	0.040822	0.000016
褏邪褉胁械褋褌褎械褋褌	0.000765	0.116534	0.000089
褏邪褉褔芯	0.000382	0.040822	0.000016
褏邪褕	0.000382	0.040822	0.000016
褏胁芯褉芯褋褌	0.000382	0.040822	0.000016
褏懈褌	0.000765	0.116534	0.000089
褏谢械斜	0.000382	0.040822	0.000016
褏谢械斜械褑	0.000765	4.605170	0.003521
褏谢芯锌褜褟	0.000382	0.094311	0.000036
褏芯谢芯写械褑	0.000382	0.040822	0.000016
褏芯谢芯写懈谢褜薪懈泻	0.001147	1.049822	0.001204
褏芯褉芯褕懈泄	0.003440	0.040822	0.000140
褏芯褉芯褕芯	0.001529	0.105361	0.000161
褏芯褌械褌褜	0.000382	0.000000	0.000000
褏褍屑褍褋邪	0.000382	0.040822	0.000016
褑邪褉褜	0.000765	0.116534	0.000089
褑胁械褌薪芯泄	0.000382	0.040822	0.000016
褑械薪薪褘泄	0.000765	0.040822	0.000031
褔邪械屑褘泄	0.001529	0.116534	0.000178
褔邪械锌懈褌懈械	0.000765	3.912023	0.002991
褔邪泄	0.000382	0.040822	0.000016
褔邪褋褌褜	0.000765	2.040221	0.001560
褔械斜褍褉械泻	0.000382	0.040822	0.000016
褔械屑锌懈芯薪邪褌	0.000765	4.605170	0.003521
褔械褉泻懈蟹芯胁褘泄	0.000765	0.116534	0.000089
褔械褋褌薪芯泄	0.000382	0.040822	0.000016
褔械褔械胁懈褑邪	0.000382	0.040822	0.000016
褔懈蟹泻械泄泻	0.000382	0.040822	0.000016
褔懈锌褋褘	0.000382	0.040822	0.000016
褔褍写芯	0.000765	0.116534	0.000089
褕邪褉懈泻	0.000382	0.040822	0.000016
褕邪褉谢芯褌泻邪	0.000382	0.040822	0.000016
褕邪褉屑	0.000765	0.116534	0.000089
褕邪褕谢褘泻	0.002294	0.040822	0.000094
褕械写械胁褉	0.001529	0.116534	0.000178
褕懈锌褍褔泻邪	0.000382	0.040822	0.000016
褕泻芯谢邪	0.000765	0.116534	0.000089
褕泻芯谢褜薪褘泄	0.001529	3.506558	0.005362
褕芯泻芯谢邪写	0.000382	0.040822	0.000016
褕芯褍	0.000382	4.605170	0.001760
褕褌褉褍写械谢褜	0.000382	0.040822	0.000016
褕褌褍褔泻邪	0.000765	2.040221	0.001560
褕褍褉锌邪	0.000382	0.040822	0.000016
褖械写褉褘泄	0.001529	0.116534	0.000178
褖懈	0.000382	0.040822	0.000016
褝泻褋泻谢褞蟹懈胁薪褘泄	0.000382	3.218876	0.001230
褝泻褋屑芯	0.000382	4.605170	0.001760
褟谐芯写薪褘泄	0.001529	0.105361	0.000161
褟蟹褘泻	0.000382	0.040822	0.000016
褟泄褑芯	0.000382	0.040822	0.000016
褟薪写械泻褋	0.008028	0.072571	0.000583
褟锌芯薪褋泻懈泄	0.000382	0.051293	0.000020
褟褉泻懈泄	0.001529	0.116534	0.000178
褟褉泻芯	0.000765	0.105361	0.000081
