谢械屑屑邪	TF	IDF	TF-IDF
邪胁褌芯褉	0.031157	0.040822	0.001272
邪写卸懈泻邪	0.001484	0.040822	0.000061
邪泄褉邪薪	0.001484	0.040822	0.000061
邪泻褔褍褔懈泄	0.001484	2.995732	0.004445
邪谢懈械胁	0.001484	3.506558	0.005203
邪薪芯薪懈屑	0.007418	4.605170	0.034163
斜邪泻谢邪卸邪薪	0.001484	0.040822	0.000061
斜邪褉褏邪褌芯胁	0.001484	3.506558	0.005203
斜邪褋褌褍褉屑	0.001484	0.040822	0.000061
斜邪褋褌褍褉屑邪	0.001484	0.040822	0.000061
斜械蟹械	0.001484	0.040822	0.000061
斜械谢芯泻芯褔邪薪薪褘泄	0.001484	0.967584	0.001436
斜械谢褘泄	0.002967	1.237874	0.003673
斜懈褋泻胁懈褌	0.001484	0.040822	0.000061
斜谢懈薪	0.001484	0.040822	0.000061
斜谢褞写芯	0.008902	0.040822	0.000363
斜芯谢褜褕懈薪褋褌胁芯	0.001484	2.207275	0.003275
斜芯褉褖	0.001484	0.040822	0.000061
斜芯褌胁懈薪褜褟	0.001484	0.040822	0.000061
斜褉邪褍蟹械褉	0.001484	0.040822	0.000061
斜褉邪褍薪懈	0.001484	0.040822	0.000061
斜褉芯泻泻芯谢懈	0.001484	0.040822	0.000061
斜褍卸械薪懈薪邪	0.001484	0.040822	0.000061
斜褍谢芯褔泻邪	0.001484	0.040822	0.000061
斜褍谢芯褔薪褘泄	0.001484	4.605170	0.006833
斜褍谢褜芯薪	0.001484	0.040822	0.000061
斜褍褉谐械褉	0.001484	0.040822	0.000061
斜褍褌械褉斜褉芯写	0.001484	0.040822	0.000061
斜褍褕	0.001484	3.506558	0.005203
胁邪褉械薪懈械	0.001484	0.040822	0.000061
胁邪褌褉褍褕泻邪	0.001484	0.040822	0.000061
胁邪褎谢褟	0.001484	0.040822	0.000061
胁邪褕	0.002967	0.000000	0.000000
胁胁芯写懈褌褜	0.001484	0.040822	0.000061
胁械褋械薪薪懈泄	0.001484	0.051293	0.000076
胁蟹斜懈褌褜	0.001484	2.525729	0.003747
胁懈写	0.001484	0.776529	0.001152
胁懈薪芯	0.001484	0.040822	0.000061
胁芯泄褌懈	0.001484	0.000000	0.000000
胁芯谢褜褔械泻	0.001484	4.605170	0.006833
胁芯锌褉芯褋	0.020772	0.000000	0.000000
胁褋锌芯屑薪懈褌褜	0.001484	0.040822	0.000061
胁褏芯写	0.004451	0.030459	0.000136
胁褘斜芯褉	0.007418	2.813411	0.020871
胁褘泄褌懈	0.001484	0.040822	0.000061
胁褘锌械褔泻邪	0.005935	0.040822	0.000242
胁褘褉邪褖懈胁邪褌褜	0.001484	3.912023	0.005804
胁褘褉械蟹泻邪	0.001484	4.605170	0.006833
谐邪褉薪懈褉	0.001484	0.040822	0.000061
谐邪褋锌邪褔芯	0.001484	0.040822	0.000061
谐谢邪胁薪褘泄	0.002967	0.040822	0.000121
谐谢邪蟹褍褉褜	0.001484	0.040822	0.000061
谐谢懈薪褌胁械泄薪	0.001484	0.040822	0.000061
谐芯褉械褌褜	0.001484	4.605170	0.006833
谐芯褉芯褕械泻	0.001484	2.302585	0.003416
谐芯褉褔懈褑邪	0.001484	0.040822	0.000061
谐芯褉褕芯褔械泻	0.001484	0.040822	0.000061
谐褉械薪泻邪	0.001484	0.040822	0.000061
谐褉械褔泻邪	0.001484	0.040822	0.000061
谐褉懈斜	0.001484	0.040822	0.000061
谐褉懈斜薪芯泄	0.001484	0.040822	0.000061
谐褉芯谐	0.001484	0.040822	0.000061
写邪胁邪褌褜	0.001484	0.040822	0.000061
写邪薪薪褘械	0.001484	0.040822	0.000061
写邪褌褜	0.002967	0.040822	0.000121
写械谢懈褌褜褋褟	0.001484	0.040822	0.000061
写械薪褜	0.001484	0.040822	0.000061
写械褋械褉褌	0.001484	0.040822	0.000061
写卸械屑	0.001484	0.040822	0.000061
写卸械屑邪	0.001484	0.040822	0.000061
写懈械褌懈褔褢褋泻邪	0.001484	3.912023	0.005804
写芯斜邪胁谢褟褌褜	0.001484	0.040822	0.000061
写芯屑	0.010386	0.040822	0.000424
写芯屑邪褕薪懈泄	0.004451	0.040822	0.000182
写褍褏芯胁泻邪	0.001484	0.105361	0.000156
械写懈薪褘泄	0.001484	0.000000	0.000000
械褋褌械褋褌胁械薪薪褘泄	0.001484	2.813411	0.004174
卸邪褉泻芯械	0.001484	0.040822	0.000061
卸械谢械	0.001484	0.040822	0.000061
卸懈蟹薪褜	0.001484	0.040822	0.000061
卸褍谢褜械薪	0.001484	0.040822	0.000061
卸褞谢褜械薪	0.001484	0.040822	0.000061
卸褞谢褜薪褘泄	0.001484	0.040822	0.000061
蟹邪谐芯褌芯胁泻邪	0.001484	0.040822	0.000061
蟹邪写邪胁邪褌褜	0.001484	0.040822	0.000061
蟹邪写邪褌褜	0.002967	2.525729	0.007495
蟹邪泻胁邪褋泻邪	0.001484	0.040822	0.000061
蟹邪泻褉褍褌泻邪	0.001484	4.605170	0.006833
蟹邪泻褍褋泻邪	0.001484	0.040822	0.000061
蟹邪谢懈胁薪芯械	0.001484	0.040822	0.000061
蟹邪屑芯褉芯卸械薪芯械	0.001484	4.605170	0.006833
蟹邪屑芯褉芯蟹懈褌褜	0.001484	2.302585	0.003416
蟹邪锌械泻邪薪泻邪	0.001484	0.040822	0.000061
蟹邪锌褉邪胁泻邪	0.001484	0.040822	0.000061
蟹邪褉械谐懈褋褌褉懈褉芯胁邪褌褜褋褟	0.002967	0.030459	0.000090
蟹胁谐芯褌芯胁懈褌褜	0.001484	4.605170	0.006833
蟹械褎懈褉	0.001484	0.040822	0.000061
蟹懈屑邪	0.002967	0.040822	0.000121
蟹懈屑薪懈泄	0.001484	0.051293	0.000076
蟹谢邪泻芯胁褘泄	0.001484	4.605170	0.006833
懈蟹斜械卸邪褌褜	0.001484	4.605170	0.006833
懈泻褉邪	0.001484	0.040822	0.000061
懈屑褟	0.001484	0.030459	0.000045
懈薪写械泄泻邪	0.001484	0.094311	0.000140
懈薪褋褌褉褍泻褑懈褟	0.001484	0.030459	0.000045
懈薪褌械褉械褋薪褘泄	0.001484	0.916291	0.001359
懈薪褌械褉械褋芯胁邪褌褜	0.001484	4.605170	0.006833
懈褋锌械褔褜	0.001484	0.105361	0.000156
懈褋锌芯谢褜蟹芯胁邪褌褜	0.001484	1.171183	0.001738
泄芯谐褍褉褌	0.001484	0.040822	0.000061
泻邪斜邪褔芯泻	0.001484	0.040822	0.000061
泻邪胁邪褉褌	0.001484	4.605170	0.006833
泻邪泻邪芯	0.001484	0.040822	0.000061
泻邪谢芯褉懈泄薪芯褋褌褜	0.001484	3.506558	0.005203
泻邪谢褜屑邪褉	0.001484	0.040822	0.000061
泻邪薪邪谢	0.004451	0.040822	0.000182
泻邪薪邪锌械	0.001484	0.040822	0.000061
泻邪锌褍褋褌邪	0.005935	0.040822	0.000242
泻邪锌褍褋褌薪褟泻	0.001484	0.040822	0.000061
泻邪褉邪屑械谢褜	0.001484	0.040822	0.000061
泻邪褉泻邪褋薪褘泄	0.005935	0.116534	0.000692
泻邪褉褌芯褎械谢褜	0.001484	0.040822	0.000061
泻邪褉褌芯褎械谢褜薪褘泄	0.001484	0.040822	0.000061
泻邪褉褌芯褕泻邪	0.002967	0.040822	0.000121
泻邪褕邪	0.001484	0.040822	0.000061
泻胁邪褋	0.001484	0.040822	0.000061
泻械泻褋	0.001484	0.040822	0.000061
泻械褎懈褉	0.001484	0.040822	0.000061
泻懈屑褔邪褌褜	0.001484	0.040822	0.000061
泻懈褉邪	0.001484	4.605170	0.006833
泻懈褋械谢褜	0.001484	0.040822	0.000061
泻懈褕泻邪	0.001484	3.912023	0.005804
泻薪懈谐邪	0.001484	0.040822	0.000061
泻芯泻褌械泄谢褜	0.001484	0.040822	0.000061
泻芯谢斜邪褋邪	0.001484	0.040822	0.000061
泻芯屑锌芯褌	0.001484	0.040822	0.000061
泻芯薪泻褍褉褋	0.001484	0.040822	0.000061
泻芯薪褋械褉胁懈褉芯胁邪薪懈械	0.001484	0.040822	0.000061
泻芯薪褎械褌邪	0.001484	0.040822	0.000061
泻芯薪褎懈写械薪褑懈邪谢褜薪芯褋褌褜	0.001484	0.040822	0.000061
泻芯薪褎懈褌褞褉	0.001484	0.040822	0.000061
泻芯褉械泄褋泻懈	0.001484	0.040822	0.000061
泻芯褉卸懈泻	0.001484	0.040822	0.000061
泻芯褌谢械褌邪	0.001484	0.040822	0.000061
泻芯褎械	0.001484	0.040822	0.000061
泻芯褔械褉褉褘卸泻邪	0.001484	4.605170	0.006833
泻褉械屑	0.001484	0.040822	0.000061
泻褍谢械褕	0.001484	0.040822	0.000061
泻褍谢懈薪邪褉懈褟	0.005935	0.094311	0.000560
泻褍谢懈薪邪褉薪褘泄	0.001484	0.000000	0.000000
泻褍谢懈褔	0.001484	0.040822	0.000061
泻褍褉懈薪褘泄	0.001484	0.094311	0.000140
泻褍褉懈褑邪	0.001484	0.040822	0.000061
泻褍褋泻褍褋	0.001484	0.040822	0.000061
泻褍褏薪褟	0.002967	0.040822	0.000121
泻褍褏芯薪薪褘泄	0.001484	3.506558	0.005203
谢邪胁邪褕	0.001484	0.040822	0.000061
谢邪谐屑邪薪	0.001484	0.040822	0.000061
谢邪锌褕邪	0.001484	0.040822	0.000061
谢械泄泻褋	0.001484	4.605170	0.006833
谢械锌褢褕泻邪	0.001484	0.040822	0.000061
谢械褌薪懈泄	0.001484	0.040822	0.000061
谢械褔芯	0.001484	0.040822	0.000061
谢懈泻褢褉	0.001484	0.040822	0.000061
谢懈屑芯薪邪写	0.001484	0.040822	0.000061
谢芯谢懈褌邪胁械褌	0.001484	4.605170	0.006833
谢褞谢褟	0.001484	3.506558	0.005203
屑邪泻邪褉芯薪褘	0.001484	0.040822	0.000061
屑邪薪薪懈泻	0.001484	0.040822	0.000061
屑邪褉懈薪邪	0.001484	2.525729	0.003747
屑邪褉懈薪邪写	0.001484	0.040822	0.000061
屑邪褉屑械谢邪写	0.001484	0.040822	0.000061
屑邪褋泻邪褉锌芯薪	0.001484	0.040822	0.000061
屑邪褋谢械薪懈褑邪	0.001484	0.040822	0.000061
屑邪褋褌懈泻邪	0.001484	0.040822	0.000061
屑械写懈邪褎芯褉褌	0.002967	0.000000	0.000000
屑械褋褟褑	0.029674	1.660731	0.049280
屑械褔褌邪	0.002967	0.040822	0.000121
屑懈写懈褟	0.001484	0.040822	0.000061
屑懈褋芯	0.001484	0.040822	0.000061
屑薪械薪懈械	0.001484	2.525729	0.003747
屑薪芯卸械褋褌胁芯	0.001484	0.040822	0.000061
屑芯谢芯褔薪褘泄	0.001484	0.040822	0.000061
屑芯褉械锌褉芯写褍泻褌	0.001484	0.040822	0.000061
屑芯褉泻芯胁泻邪	0.001484	2.995732	0.004445
屑芯褉泻芯胁褜	0.001484	0.040822	0.000061
屑芯褉芯卸械薪芯械	0.001484	0.040822	0.000061
屑芯褉褋	0.001484	0.040822	0.000061
屑芯褏懈褌褘泄	0.001484	0.040822	0.000061
屑芯褔褜	0.002967	0.000000	0.000000
屑褍褋泻邪褌薪褘泄	0.001484	1.832581	0.002719
屑褍褋褋	0.001484	0.040822	0.000061
屑褍褋褋邪	0.001484	0.040822	0.000061
屑褟褋薪芯泄	0.001484	0.040822	0.000061
屑褟褋芯	0.002967	0.040822	0.000121
薪邪蟹邪写	0.029674	0.967584	0.028712
薪邪泄褌懈	0.002967	0.446287	0.001324
薪邪谢懈胁泻邪	0.001484	0.040822	0.000061
薪邪锌懈褌芯泻	0.004451	0.040822	0.000182
薪邪褋褌芯泄泻邪	0.001484	0.040822	0.000061
薪邪褔懈薪泻邪	0.001484	0.040822	0.000061
薪邪褕	0.001484	0.040822	0.000061
薪械写械谢褟	0.001484	0.051293	0.000076
薪芯胁芯谐芯写薪懈泄	0.002967	0.040822	0.000121
薪芯胁褘泄	0.001484	0.030459	0.000045
薪褜褞泻邪褋谢	0.001484	4.605170	0.006833
芯斜芯谢芯褔泻邪	0.001484	4.605170	0.006833
芯斜褉邪斜芯褌泻邪	0.005935	2.995732	0.017779
芯斜褖邪褌褜褋褟	0.001484	0.040822	0.000061
芯胁芯褖薪芯泄	0.002967	0.040822	0.000121
芯谐芯褉芯写	0.001484	2.995732	0.004445
芯泻褉芯褕泻邪	0.001484	0.040822	0.000061
芯谢邪写褜褟	0.001484	0.040822	0.000061
芯屑谢械褌	0.001484	0.040822	0.000061
芯锌邪褉邪	0.001484	0.040822	0.000061
芯锌褘褌	0.001484	2.407946	0.003573
芯褉械褏	0.001484	0.776529	0.001152
芯褉械褏芯胁褘泄	0.001484	2.995732	0.004445
芯褋械薪薪懈泄	0.001484	0.051293	0.000076
芯褋薪芯胁薪褘泄	0.001484	0.040822	0.000061
芯褌胁械褌	0.040059	0.000000	0.000000
芯褌胁械褌懈褌褜	0.001484	0.051293	0.000076
芯褌胁械褔邪褌褜	0.001484	3.912023	0.005804
芯褌屑械薪懈褌褜	0.001484	0.040822	0.000061
芯褌屑褘褌褜	0.001484	4.605170	0.006833
锌邪谢芯褔泻邪	0.001484	0.040822	0.000061
锌邪褉芯谢褜	0.001484	0.020203	0.000030
锌邪褋褌邪	0.001484	0.040822	0.000061
锌邪褋褌褉芯屑邪	0.001484	0.040822	0.000061
锌邪褋褏邪	0.001484	0.040822	0.000061
锌邪褕褌械褌	0.001484	0.040822	0.000061
锌械褉胁褘泄	0.001484	0.040822	0.000061
锌械褉谐邪屑械薪褌	0.001484	3.912023	0.005804
锌械褉械泄褌懈	0.001484	0.040822	0.000061
锌械褉械褑	0.001484	0.040822	0.000061
锌械褔械薪懈械	0.002967	0.040822	0.000121
锌械褔械薪褜	0.001484	2.207275	0.003275
锌械褔褢薪芯褔薪褘泄	0.001484	0.040822	0.000061
锌懈褉芯谐	0.002967	0.040822	0.000121
锌懈褉芯卸薪芯械	0.002967	0.040822	0.000121
锌懈褉芯卸芯泻	0.001484	0.040822	0.000061
锌懈褌邪薪懈械	0.001484	0.094311	0.000140
锌懈褌械褉	0.001484	2.407946	0.003573
锌懈褑褑邪	0.001484	0.040822	0.000061
锌芯胁邪褉褢薪芯泻	0.004451	0.000000	0.000000
锌芯胁懈写谢芯	0.001484	0.040822	0.000061
锌芯写械谢懈褌褜褋褟	0.001484	0.400478	0.000594
锌芯写谢懈胁泻邪	0.001484	0.040822	0.000061
锌芯写芯泻芯薪薪懈泻	0.001484	4.605170	0.006833
锌芯写锌懈褋邪褌褜褋褟	0.004451	0.040822	0.000182
锌芯懈褋泻	0.001484	0.051293	0.000076
锌芯泻邪蟹褘胁邪褌褜	0.001484	1.832581	0.002719
锌芯泻褍锌泻邪	0.007418	4.605170	0.034163
锌芯谢懈褌懈泻邪	0.001484	0.040822	0.000061
锌芯谢褍褔邪褌褜	0.002967	0.040822	0.000121
锌芯谢褜蟹芯胁邪褌械谢褜	0.001484	1.309333	0.001943
锌芯屑邪写泻邪	0.001484	0.040822	0.000061
锌芯薪褉邪胁懈褌褜褋褟	0.001484	0.040822	0.000061
锌芯薪褔懈泻	0.001484	0.040822	0.000061
锌芯褋芯胁械褌芯胁邪褌褜	0.002967	4.605170	0.013665
锌芯褋褌薪褘泄	0.001484	0.040822	0.000061
锌芯褋褌芯褟薪薪芯	0.001484	0.040822	0.000061
锌芯褋褌褉芯懈褌褜	0.001484	0.105361	0.000156
锌芯褋褍写邪	0.001484	0.094311	0.000140
锌芯褔械屑褍	0.002967	1.203973	0.003573
锌芯褔懈褋褌懈褌褜	0.001484	4.605170	0.006833
锌芯褔褌邪	0.001484	0.040822	0.000061
锌芯褕邪谐芯胁褘泄	0.001484	0.040822	0.000061
锌褉邪胁懈谢芯	0.001484	2.207275	0.003275
锌褉邪胁懈谢褜薪芯	0.001484	2.040221	0.003027
锌褉懈谐芯褌芯胁懈褌褜	0.005935	0.083382	0.000495
锌褉懈谐芯褌芯胁谢械薪懈械	0.014837	0.040822	0.000606
锌褉懈蟹	0.001484	0.040822	0.000061
锌褉懈谢懈锌邪褌褜	0.001484	3.912023	0.005804
锌褉懈屑械薪械薪懈械	0.005935	3.912023	0.023217
锌褉懈锌褉邪胁邪	0.001484	0.040822	0.000061
锌褉懈褋褌褍锌懈褌褜	0.001484	0.040822	0.000061
锌褉芯胁芯写懈褌褜	0.001484	0.040822	0.000061
锌褉芯写褍泻褌	0.005935	0.072571	0.000431
锌褉芯械泻褌	0.001484	0.051293	0.000076
锌褉芯褋褌芯泻胁邪褕邪	0.001484	0.040822	0.000061
锌褉芯褎懈谢褜	0.001484	0.040822	0.000061
锌褉褟屑芯	0.001484	0.040822	0.000061
锌褉褟薪懈泻	0.001484	0.040822	0.000061
锌褍写懈薪谐	0.001484	0.040822	0.000061
锌褍薪褕	0.001484	0.040822	0.000061
锌褘褕泻邪	0.001484	0.040822	0.000061
锌褞褉械	0.002967	0.040822	0.000121
锌褟褌薪芯	0.001484	4.605170	0.006833
褉邪蟹写械谢	0.001484	2.813411	0.004174
褉邪蟹薪褘泄	0.001484	0.094311	0.000140
褉邪褋褋芯谢褜薪懈泻	0.001484	0.040822	0.000061
褉邪褋褔懈褌褘胁邪褌褜褋褟	0.001484	4.605170	0.006833
褉械胁械薪褜	0.001484	4.605170	0.006833
褉械谐懈褋褌褉邪褑懈褟	0.004451	0.000000	0.000000
褉械泄褌懈薪谐	0.002967	0.235722	0.000699
褉械泻芯屑械薪写邪褑懈褟	0.001484	4.605170	0.006833
褉械褑械锌褌	0.019288	0.040822	0.000787
褉械褕械薪懈械	0.004451	2.813411	0.012523
褉懈褋	0.001484	0.040822	0.000061
褉芯谐邪谢懈泻	0.001484	0.040822	0.000061
褉芯谢谢	0.001484	0.040822	0.000061
褉芯屑	0.001484	0.040822	0.000061
褉芯褟谢褜	0.001484	4.605170	0.006833
褉褍	0.001484	2.659260	0.003945
褉褍斜褉懈泻邪褌芯褉	0.001484	0.051293	0.000076
褉褍谢械褌	0.001484	0.040822	0.000061
褉褘斜邪	0.001484	0.040822	0.000061
褋邪泄褌	0.007418	0.000000	0.000000
褋邪谢邪褌	0.004451	0.040822	0.000182
褋邪屑芯谐芯薪	0.001484	0.040822	0.000061
褋邪屑褘泄	0.001484	0.105361	0.000156
褋斜懈褌械薪褜	0.001484	0.040822	0.000061
褋胁械泻芯谢褜薪懈泻	0.001484	0.040822	0.000061
褋胁懈薪懈薪邪	0.001484	0.040822	0.000061
褋胁芯泄褋褌胁芯	0.002967	2.813411	0.008348
褋胁褢泻谢邪	0.001484	0.040822	0.000061
褋谐褍褖褢薪泻邪	0.002967	0.040822	0.000121
褋写械谢邪褌褜	0.002967	0.733969	0.002178
褋械泄褔邪褋	0.001484	0.030459	0.000045
褋械谢褢写泻邪	0.001484	0.040822	0.000061
褋懈写褉	0.001484	0.040822	0.000061
褋懈谢懈泻芯薪芯胁褘泄	0.001484	4.605170	0.006833
褋懈薪懈泄	0.001484	4.605170	0.006833
褋懈褉芯锌	0.001484	0.040822	0.000061
褋懈褋褌械屑邪	0.001484	0.040822	0.000061
褋泻芯谢褜泻芯	0.001484	1.771957	0.002629
褋谢邪写泻懈泄	0.002967	0.040822	0.000121
褋谢芯泄泻邪	0.001484	0.040822	0.000061
褋屑芯褔褜	0.001484	0.040822	0.000061
褋屑褍蟹懈	0.001484	0.040822	0.000061
褋芯斜懈褉邪褌褜褋褟	0.001484	0.040822	0.000061
褋芯胁械褌	0.001484	0.040822	0.000061
褋芯谐谢邪褕邪褌褜褋褟	0.001484	0.040822	0.000061
褋芯泻	0.001484	0.040822	0.000061
褋芯谢褟薪泻邪	0.001484	0.040822	0.000061
褋芯褍褋	0.001484	0.040822	0.000061
褋芯褏褉邪薪褟褌褜	0.001484	0.040822	0.000061
褋芯褑褋械褌褜	0.001484	0.040822	0.000061
褋芯褔械褌邪薪懈械	0.001484	0.105361	0.000156
褋锌邪谢褜薪褟	0.001484	0.415515	0.000616
褋褌械泻谢芯泻械褉邪屑懈泻邪	0.001484	4.605170	0.006833
褋褌褉芯懈褌械谢褜褋褌胁芯	0.002967	0.040822	0.000121
褋褌褉芯懈褌褜	0.001484	0.040822	0.000061
褋褍锌	0.004451	0.040822	0.000182
褋褍褎谢械	0.001484	0.040822	0.000061
褋褍褏邪褉褜	0.001484	0.040822	0.000061
褋褍褕懈褌褜	0.001484	0.040822	0.000061
褋褘褉	0.001484	0.040822	0.000061
褋褘褉薪懈泻	0.001484	0.040822	0.000061
褋褘褉薪褘泄	0.002967	0.040822	0.000121
褋褢屑谐邪	0.001484	0.040822	0.000061
褌邪褉褌邪谢械褌泻邪	0.001484	0.040822	0.000061
褌胁芯褉芯谐	0.001484	0.040822	0.000061
褌胁芯褉芯卸薪褘泄	0.001484	0.094311	0.000140
褌械谢械谐褉邪屑	0.001484	0.040822	0.000061
褌械屑邪	0.032641	2.659260	0.086801
褌械屑锌	0.001484	4.605170	0.006833
褌械褉褉懈薪邪	0.001484	0.040822	0.000061
褌械褋褌芯	0.001484	0.040822	0.000061
褌械褏薪懈泻邪	0.001484	0.105361	0.000156
褌芯褉褌	0.004451	0.040822	0.000182
褌褉褍斜芯褔泻邪	0.001484	0.040822	0.000061
褌褘泻胁邪	0.001484	0.040822	0.000061
褌褢褖懈薪	0.001484	0.040822	0.000061
褍胁械写芯屑谢械薪懈械	0.001484	0.040822	0.000061
褍蟹薪邪褌褜	0.001484	2.120264	0.003146
褍褌胁邪褉褜	0.001484	4.605170	0.006833
褍褏芯	0.001484	0.040822	0.000061
褍褏芯写	0.005935	4.605170	0.027330
褍褔邪褋褌胁芯胁邪褌褜	0.001484	0.040822	0.000061
褎邪褉褕	0.001484	0.040822	0.000061
褎邪褉褕懈褉芯胁邪薪薪褘泄	0.002967	0.040822	0.000121
褎邪褋芯谢褜	0.001484	0.040822	0.000061
褎芯薪写褞	0.001484	0.040822	0.000061
褎芯褉屑邪	0.001484	0.105361	0.000156
褎芯褉褍屑	0.001484	0.040822	0.000061
褎芯褉褕屑邪泻	0.001484	0.040822	0.000061
褎褉褍泻褌芯胁褘泄	0.001484	0.040822	0.000061
褏邪泄褌械泻	0.001484	4.605170	0.006833
褏邪谢胁邪	0.001484	0.040822	0.000061
褏邪褉褔芯	0.001484	0.040822	0.000061
褏邪褕	0.001484	0.040822	0.000061
褏胁芯褉芯褋褌	0.001484	0.040822	0.000061
褏谢械斜	0.001484	0.040822	0.000061
褏谢芯锌褜褟	0.001484	0.094311	0.000140
褏芯蟹褟泄褋褌胁芯	0.002967	3.506558	0.010405
褏芯谢芯写械褑	0.001484	0.040822	0.000061
褏芯褉芯褕懈泄	0.001484	0.040822	0.000061
褏芯褌械褌褜	0.001484	0.000000	0.000000
褏褉邪薪械薪懈械	0.005935	2.995732	0.017779
褏褉邪薪懈褌褜褋褟	0.001484	2.207275	0.003275
褏褍屑褍褋邪	0.001484	0.040822	0.000061
褑胁械褌	0.001484	1.771957	0.002629
褑胁械褌薪芯泄	0.001484	0.040822	0.000061
褑械薪薪褘泄	0.001484	0.040822	0.000061
褔邪泄	0.001484	0.040822	0.000061
褔械斜褍褉械泻	0.001484	0.040822	0.000061
褔械屑	0.001484	0.994252	0.001475
褔械褉械褕薪褟	0.001484	4.605170	0.006833
褔械褋薪芯泻	0.001484	0.314711	0.000467
褔械褋褌薪芯泄	0.001484	0.040822	0.000061
褔械褔械胁懈褑邪	0.001484	0.040822	0.000061
褔懈蟹泻械泄泻	0.001484	0.040822	0.000061
褔懈锌褋褘	0.001484	0.040822	0.000061
褕邪褉懈泻	0.001484	0.040822	0.000061
褕邪褉谢芯褌泻邪	0.001484	0.040822	0.000061
褕邪褕谢褘泻	0.002967	0.040822	0.000121
褕懈锌褍褔泻邪	0.001484	0.040822	0.000061
褕芯泻芯谢邪写	0.002967	0.040822	0.000121
褕褌褉褍写械谢褜	0.001484	0.040822	0.000061
褕褍褉锌邪	0.001484	0.040822	0.000061
褖懈	0.001484	0.040822	0.000061
褝泻褋锌械褉褌	0.001484	4.605170	0.006833
褝谢械泻褌褉懈褔械褋泻懈泄	0.001484	3.912023	0.005804
褟蟹褘泻	0.001484	0.040822	0.000061
褟泄褑芯	0.001484	0.040822	0.000061
褢谢芯褔泻邪	0.001484	4.605170	0.006833
