谢械屑屑邪	TF	IDF	TF-IDF
邪胁褌芯褉	0.011752	0.040822	0.000480
邪写卸懈泻邪	0.001068	0.040822	0.000044
邪泄褉邪薪	0.001068	0.040822	0.000044
邪泻褔褍褔懈泄	0.004274	2.995732	0.012802
邪谢械泻褋	0.007479	4.605170	0.034440
邪谢械泻褋邪薪写械褉	0.001068	3.506558	0.003746
邪谢褋褍	0.002137	4.605170	0.009840
邪薪谐谢懈泄褋泻懈	0.003205	3.912023	0.012539
邪薪谐谢懈褔邪薪懈薪	0.001068	4.605170	0.004920
邪锌械谢褜褋懈薪芯胁褘泄	0.002137	3.506558	0.007493
邪锌锌械褌懈褌薪褘泄	0.003205	1.832581	0.005874
邪褉褌褢屑芯胁褋泻	0.002137	4.605170	0.009840
邪褋褟	0.001068	3.218876	0.003439
斜邪泻谢邪卸邪薪	0.001068	0.040822	0.000044
斜邪谢泻芯薪	0.001068	2.120264	0.002265
斜邪褋褌械褌邪	0.001068	4.605170	0.004920
斜邪褋褌褍褉屑	0.001068	0.040822	0.000044
斜邪褋褌褍褉屑邪	0.001068	0.040822	0.000044
斜械蟹械	0.001068	0.040822	0.000044
斜械褋械写泻邪	0.001068	4.605170	0.004920
斜懈褋泻胁懈褌	0.001068	0.040822	0.000044
斜谢邪谐芯写邪褉懈褌褜	0.004274	2.407946	0.010290
斜谢邪谐芯褍褏邪褌褜	0.001068	4.605170	0.004920
斜谢懈薪	0.001068	0.040822	0.000044
斜谢芯谐	0.002137	2.302585	0.004920
斜谢褞写芯	0.007479	0.040822	0.000305
斜谢褞屑械薪褌邪谢褜	0.001068	4.605170	0.004920
斜芯写褉褘泄	0.001068	4.605170	0.004920
斜芯谢褜褕芯泄	0.013889	0.094311	0.001310
斜芯褉褖	0.001068	0.040822	0.000044
斜芯褌胁懈薪褜褟	0.001068	0.040822	0.000044
斜褉邪褍蟹械褉	0.001068	0.040822	0.000044
斜褉邪褍薪懈	0.001068	0.040822	0.000044
斜褉芯泻泻芯谢懈	0.001068	0.040822	0.000044
斜褉芯薪蟹芯胁褘泄	0.001068	4.605170	0.004920
斜褍卸械薪懈薪邪	0.001068	0.040822	0.000044
斜褍谢芯褔泻邪	0.001068	0.040822	0.000044
斜褍谢褜芯薪	0.001068	0.040822	0.000044
斜褍褉谐械褉	0.001068	0.040822	0.000044
斜褍褌械褉斜褉芯写	0.001068	0.040822	0.000044
斜褘褋褌褉械薪褜泻芯	0.001068	3.218876	0.003439
胁邪褉械薪懈械	0.001068	0.040822	0.000044
胁邪褉懈邪薪褌	0.001068	0.356675	0.000381
胁邪褉褟	0.001068	3.912023	0.004180
胁邪褌褉褍褕泻邪	0.001068	0.040822	0.000044
胁邪褎谢褟	0.001068	0.040822	0.000044
胁邪褕	0.002137	0.000000	0.000000
胁胁芯写懈褌褜	0.001068	0.040822	0.000044
胁械泻	0.001068	2.120264	0.002265
胁械薪褔邪褌褜	0.001068	4.605170	0.004920
胁械褉薪褍褌褜	0.001068	4.605170	0.004920
胁械褋械薪薪懈泄	0.001068	0.051293	0.000055
胁械褌芯褔泻邪	0.001068	4.605170	0.004920
胁械褌褔懈薪邪	0.001068	0.094311	0.000101
胁械褌褔懈薪薪褘泄	0.001068	4.605170	0.004920
胁械褕械薪泻邪	0.001068	4.605170	0.004920
胁蟹胁械褕懈胁邪褌褜	0.001068	4.605170	0.004920
胁懈薪芯	0.001068	0.040822	0.000044
胁懈褌邪屑懈薪薪褘泄	0.001068	4.605170	0.004920
胁懈褔械薪械褑	0.001068	4.605170	0.004920
胁泻褍褋薪芯	0.002137	0.094311	0.000202
胁泻褍褋薪褘泄	0.007479	0.061875	0.000463
胁屑械褋褌械	0.001068	0.916291	0.000979
胁薪邪褔邪谢械	0.001068	0.248461	0.000265
胁芯写邪	0.001068	0.094311	0.000101
胁芯泄褌懈	0.001068	0.000000	0.000000
胁芯锌褉芯褋	0.001068	0.000000	0.000000
胁芯褋锌芯谢褜蟹芯胁邪褌褜褋褟	0.001068	1.832581	0.001958
胁褋械谐写邪	0.002137	0.653926	0.001397
胁褋锌芯屑薪懈褌褜	0.001068	0.040822	0.000044
胁褋褌褉械褔邪	0.002137	3.218876	0.006878
胁褏芯写	0.003205	0.030459	0.000098
胁褘泄褌懈	0.001068	0.040822	0.000044
胁褘锌械褔泻邪	0.003205	0.040822	0.000131
胁褘褉邪卸械薪懈械	0.004274	4.605170	0.019680
胁褘褋芯泻懈泄	0.001068	2.407946	0.002573
胁褟谢械薪褘泄	0.001068	2.525729	0.002698
谐邪蟹	0.001068	3.912023	0.004180
谐邪褉薪懈褉	0.001068	0.040822	0.000044
谐邪褋锌邪褔芯	0.001068	0.040822	0.000044
谐谢邪胁薪褘泄	0.001068	0.040822	0.000044
谐谢邪写褜	0.001068	4.605170	0.004920
谐谢邪蟹褍褉褜	0.001068	0.040822	0.000044
谐谢懈薪褌胁械泄薪	0.001068	0.040822	0.000044
谐芯写	0.002137	0.083382	0.000178
谐芯褉褔懈褑邪	0.001068	0.040822	0.000044
谐芯褉褕芯褔械泻	0.001068	0.040822	0.000044
谐芯褌芯胁懈褌褜	0.001068	0.083382	0.000089
谐芯褌芯胁褘泄	0.001068	0.755023	0.000807
谐褉邪写褍褋	0.001068	2.525729	0.002698
谐褉械薪泻邪	0.001068	0.040822	0.000044
谐褉械褔泻邪	0.002137	0.040822	0.000087
谐褉懈斜	0.004274	0.040822	0.000174
谐褉懈斜薪芯泄	0.001068	0.040822	0.000044
谐褉懈斜芯褔械泻	0.001068	3.218876	0.003439
谐褉芯谐	0.001068	0.040822	0.000044
谐褉褍锌锌邪	0.002137	0.061875	0.000132
写邪胁邪褌褜	0.001068	0.040822	0.000044
写邪谢械械	0.016026	2.813411	0.045087
写邪薪薪褘械	0.001068	0.040822	0.000044
写邪褌邪	0.001068	0.248461	0.000265
写邪褌褜	0.002137	0.040822	0.000087
写胁械薪邪写褑邪褌褜	0.001068	4.605170	0.004920
写械胁邪	0.002137	3.912023	0.008359
写械谐褍褋褌邪褑懈褟	0.004274	3.506558	0.014985
写械谢邪褌褜	0.001068	0.083382	0.000089
写械谢懈褌褜褋褟	0.001068	0.040822	0.000044
写械薪褜	0.003205	0.040822	0.000131
写械褋械褉褌	0.001068	0.040822	0.000044
写卸械屑	0.001068	0.040822	0.000044
写卸械屑邪	0.001068	0.040822	0.000044
写懈邪屑械褌褉	0.001068	3.912023	0.004180
写懈褉	0.001068	3.912023	0.004180
写薪械胁薪懈泻	0.016026	0.061875	0.000992
写芯斜邪胁懈褌褜	0.003205	0.083382	0.000267
写芯斜邪胁谢械薪懈械	0.001068	0.223144	0.000238
写芯斜邪胁谢褟褌褜	0.002137	0.040822	0.000087
写芯胁芯写懈褌褜	0.001068	4.605170	0.004920
写芯屑	0.008547	0.040822	0.000349
写芯屑邪褕薪懈泄	0.002137	0.040822	0.000087
写芯褉芯谐芯	0.001068	3.506558	0.003746
写芯褉芯谐芯泄	0.004274	1.139434	0.004869
写芯褉芯褌械褟	0.001068	4.605170	0.004920
写褍褕邪	0.004274	0.105361	0.000450
械写懈薪褘泄	0.001068	0.000000	0.000000
卸邪褉械薪褘泄	0.002137	1.272966	0.002720
卸邪褉泻芯械	0.001068	0.040822	0.000044
卸械谢邪褌褜	0.002137	2.995732	0.006401
卸械谢械	0.001068	0.040822	0.000044
卸械薪褋泻懈泄	0.001068	0.020203	0.000022
卸懈蟹薪褜	0.001068	0.040822	0.000044
卸褍谢褜械薪	0.001068	0.040822	0.000044
卸褞谢褜械薪	0.001068	0.040822	0.000044
卸褞谢褜薪褘泄	0.001068	0.040822	0.000044
蟹邪胁械褋褌懈	0.001068	4.605170	0.004920
蟹邪谐芯褌邪胁谢懈胁邪褌褜	0.001068	3.912023	0.004180
蟹邪谐芯褌芯胁泻邪	0.001068	0.040822	0.000044
蟹邪写邪胁邪褌褜	0.001068	0.040822	0.000044
蟹邪泻胁邪褋泻邪	0.001068	0.040822	0.000044
蟹邪泻褍褋泻邪	0.001068	0.040822	0.000044
蟹邪谢懈胁薪芯械	0.001068	0.040822	0.000044
蟹邪屑芯褔懈褌褜	0.001068	3.912023	0.004180
蟹邪锌械泻邪薪泻邪	0.002137	0.040822	0.000087
蟹邪锌械褔褢薪褘泄	0.001068	4.605170	0.004920
蟹邪锌懈褋褜	0.002137	1.897120	0.004054
蟹邪锌褉邪胁泻邪	0.002137	0.040822	0.000087
蟹邪褉械谐懈褋褌褉懈褉芯胁邪褌褜褋褟	0.002137	0.030459	0.000065
蟹胁褢蟹写芯褔泻邪	0.001068	4.605170	0.004920
蟹写芯褉芯胁褜械	0.001068	1.897120	0.002027
蟹械谢械薪褜	0.001068	0.094311	0.000101
蟹械谢褢薪褘泄	0.001068	0.820981	0.000877
蟹械褎懈褉	0.001068	0.040822	0.000044
蟹懈屑邪	0.002137	0.040822	0.000087
蟹懈屑薪懈泄	0.001068	0.051293	0.000055
蟹薪邪褔懈褌	0.001068	2.659260	0.002841
懈胁邪薪	0.002137	2.407946	0.005145
懈胁邪薪芯胁懈褔	0.002137	2.525729	0.005397
懈蟹胁械褋褌薪芯	0.001068	2.525729	0.002698
懈泻褉邪	0.001068	0.040822	0.000044
懈屑械薪懈薪薪懈褑邪	0.001068	4.605170	0.004920
懈屑褟	0.001068	0.030459	0.000033
懈薪芯谐写邪	0.001068	1.897120	0.002027
懈薪褋褌褉褍泻褑懈褟	0.001068	0.030459	0.000033
懈薪褌械褉械褋	0.001068	4.605170	0.004920
懈薪褌械褉械褋薪芯	0.001068	1.660731	0.001774
懈褋锌邪薪械褑	0.001068	4.605170	0.004920
懈褋锌芯谢褜蟹芯胁邪褌褜	0.001068	1.171183	0.001251
懈褌邪谢懈褟	0.001068	0.105361	0.000113
懈褌邪谢褜褟薪械褑	0.001068	2.813411	0.003006
泄芯谐褍褉褌	0.001068	0.040822	0.000044
泻邪斜邪褔芯泻	0.001068	0.040822	0.000044
泻邪泻邪芯	0.001068	0.040822	0.000044
泻邪谢褜泻邪	0.001068	4.605170	0.004920
泻邪谢褜屑邪褉	0.001068	0.040822	0.000044
泻邪薪邪谢	0.003205	0.040822	0.000131
泻邪薪邪锌械	0.001068	0.040822	0.000044
泻邪锌褍褋褌邪	0.003205	0.040822	0.000131
泻邪锌褍褋褌薪褟泻	0.001068	0.040822	0.000044
泻邪褉邪屑械谢褜	0.001068	0.040822	0.000044
泻邪褉泻邪褋薪褘泄	0.004274	0.116534	0.000498
泻邪褉褌芯褎械谢褜	0.002137	0.040822	0.000087
泻邪褉褌芯褎械谢褜薪褘泄	0.001068	0.040822	0.000044
泻邪褉褌芯褕械褔泻邪	0.001068	1.897120	0.002027
泻邪褉褌芯褕泻邪	0.003205	0.040822	0.000131
泻邪褕邪	0.003205	0.040822	0.000131
泻胁邪褋	0.001068	0.040822	0.000044
泻械泻褋	0.003205	0.040822	0.000131
泻械褎懈褉	0.001068	0.040822	0.000044
泻懈屑褔邪褌褜	0.001068	0.040822	0.000044
泻懈锌械薪懈械	0.001068	4.605170	0.004920
泻懈褋械谢褜	0.001068	0.040822	0.000044
泻谢邪褋褋懈泻邪	0.001068	3.506558	0.003746
泻谢邪褋褌褜	0.001068	3.912023	0.004180
泻谢褞褔	0.001068	4.605170	0.004920
泻薪懈谐邪	0.002137	0.040822	0.000087
泻芯泻芯褋芯胁褘泄	0.002137	2.659260	0.005682
泻芯泻褌械泄谢褜	0.001068	0.040822	0.000044
泻芯谢斜邪褋邪	0.001068	0.040822	0.000044
泻芯屑屑械薪褌邪褉懈泄	0.001068	0.127833	0.000137
泻芯屑锌芯褌	0.001068	0.040822	0.000044
泻芯薪械褑	0.001068	1.966113	0.002101
泻芯薪泻褍褉褋	0.001068	0.040822	0.000044
泻芯薪褋械褉胁懈褉芯胁邪薪懈械	0.001068	0.040822	0.000044
泻芯薪褎械褌邪	0.001068	0.040822	0.000044
泻芯薪褎懈写械薪褑懈邪谢褜薪芯褋褌褜	0.001068	0.040822	0.000044
泻芯薪褎懈褌褞褉	0.001068	0.040822	0.000044
泻芯锌懈褟	0.001068	4.605170	0.004920
泻芯褉械泄褋泻懈	0.001068	0.040822	0.000044
泻芯褉卸懈泻	0.001068	0.040822	0.000044
泻芯褉芯薪邪	0.003205	4.605170	0.014760
泻芯褌谢械褌邪	0.001068	0.040822	0.000044
泻芯褎械	0.003205	0.040822	0.000131
泻褉邪泄	0.001068	3.912023	0.004180
泻褉邪褋懈胁芯	0.001068	1.832581	0.001958
泻褉械屑	0.001068	0.040822	0.000044
泻褉芯屑械	0.001068	0.061875	0.000066
泻褉褘褕泻邪	0.002137	3.506558	0.007493
泻褋褌邪褌懈	0.001068	1.237874	0.001323
泻褍谢械褕	0.001068	0.040822	0.000044
泻褍谢懈薪邪褉薪褘泄	0.002137	0.000000	0.000000
泻褍谢懈褔	0.001068	0.040822	0.000044
泻褍褉懈褑邪	0.001068	0.040822	0.000044
泻褍褋泻褍褋	0.001068	0.040822	0.000044
泻褍褏薪褟	0.002137	0.040822	0.000087
谢邪胁邪褕	0.001068	0.040822	0.000044
谢邪谐屑邪薪	0.001068	0.040822	0.000044
谢邪锌褕邪	0.001068	0.040822	0.000044
谢械薪褌邪	0.001068	3.912023	0.004180
谢械锌褢褕泻邪	0.001068	0.040822	0.000044
谢械褌薪懈泄	0.001068	0.040822	0.000044
谢械褔芯	0.001068	0.040822	0.000044
谢懈泻褢褉	0.001068	0.040822	0.000044
谢懈屑芯薪邪写	0.001068	0.040822	0.000044
谢懈褔薪褘泄	0.014957	2.813411	0.042081
谢芯卸泻邪	0.002137	1.897120	0.004054
谢褍泻	0.001068	0.301105	0.000322
谢褍褔芯泻	0.001068	2.302585	0.002460
谢褞斜芯胁褜	0.001068	0.105361	0.000113
屑邪泻	0.002137	3.506558	0.007493
屑邪泻邪褉芯薪褘	0.001068	0.040822	0.000044
屑邪薪薪懈泻	0.001068	0.040822	0.000044
屑邪薪褋邪褉写邪	0.001068	0.755023	0.000807
屑邪褉懈薪邪写	0.001068	0.040822	0.000044
屑邪褉懈褟	0.002137	3.218876	0.006878
屑邪褉屑械谢邪写	0.001068	0.040822	0.000044
屑邪褋泻邪褉锌芯薪	0.001068	0.040822	0.000044
屑邪褋谢械薪懈褑邪	0.001068	0.040822	0.000044
屑邪褋褌懈泻邪	0.001068	0.040822	0.000044
屑械写懈邪褎芯褉褌	0.003205	0.000000	0.000000
屑械谢泻芯	0.001068	2.995732	0.003201
屑械褉芯锌褉懈褟褌懈械	0.001068	2.995732	0.003201
屑械褌芯写	0.001068	3.912023	0.004180
屑械褌褉芯胁褘泄	0.001068	4.605170	0.004920
屑械褔褌邪	0.003205	0.040822	0.000131
屑懈写懈褟	0.001068	0.040822	0.000044
屑懈薪褍褌邪	0.003205	0.544727	0.001746
屑懈褉	0.001068	0.105361	0.000113
屑懈褋芯	0.001068	0.040822	0.000044
屑薪芯卸械褋褌胁芯	0.001068	0.040822	0.000044
屑芯泄	0.001068	0.083382	0.000089
屑芯谢芯泻芯	0.001068	0.083382	0.000089
屑芯谢芯褔薪褘泄	0.001068	0.040822	0.000044
屑芯屑械薪褌邪谢褜薪芯	0.001068	2.813411	0.003006
屑芯薪邪褋褌褘褉褜	0.003205	4.605170	0.014760
屑芯褉械锌褉芯写褍泻褌	0.001068	0.040822	0.000044
屑芯褉泻芯胁褜	0.001068	0.040822	0.000044
屑芯褉芯卸械薪芯械	0.001068	0.040822	0.000044
屑芯褉褋	0.001068	0.040822	0.000044
屑芯褏懈褌褘泄	0.001068	0.040822	0.000044
屑芯褔褜	0.003205	0.000000	0.000000
屑褍泻邪	0.001068	0.248461	0.000265
屑褍褋褋	0.001068	0.040822	0.000044
屑褍褋褋邪	0.001068	0.040822	0.000044
屑褟褋薪芯泄	0.001068	0.040822	0.000044
屑褟褋芯	0.002137	0.040822	0.000087
薪邪蟹邪写	0.001068	0.967584	0.001034
薪邪泻褉褘胁邪褌褜	0.001068	4.605170	0.004920
薪邪谢懈胁泻邪	0.001068	0.040822	0.000044
薪邪谢懈褔懈械	0.001068	2.813411	0.003006
薪邪锌懈褌芯泻	0.005342	0.040822	0.000218
薪邪锌芯屑懈薪邪薪懈械	0.001068	3.912023	0.004180
薪邪褉褟写薪芯	0.001068	4.605170	0.004920
薪邪褋泻芯谢褜泻芯	0.001068	1.427116	0.001525
薪邪褋褌芯泄泻邪	0.001068	0.040822	0.000044
薪邪褔懈薪懈褌褜	0.001068	2.995732	0.003201
薪邪褔懈薪泻邪	0.002137	0.040822	0.000087
薪邪褕	0.003205	0.040822	0.000131
薪械胁泻褍褋薪芯	0.001068	3.912023	0.004180
薪械写械谢褟	0.001068	0.051293	0.000055
薪械懈蟹屑械薪薪褘泄	0.001068	3.506558	0.003746
薪械屑械褑	0.001068	3.218876	0.003439
薪械屑芯泄	0.001068	1.203973	0.001286
薪械芯斜褘褔薪芯	0.001068	2.813411	0.003006
薪械锌褉械屑械薪薪芯	0.001068	1.832581	0.001958
薪薪	0.001068	3.218876	0.003439
薪芯胁芯谐芯写薪懈泄	0.001068	0.040822	0.000044
薪芯胁芯褋褌褜	0.001068	0.061875	0.000066
薪芯胁褘泄	0.003205	0.030459	0.000098
薪褍卸薪褘泄	0.001068	2.995732	0.003201
薪褞褉泻懈泄	0.001068	4.605170	0.004920
芯斜卸邪褉懈褌褜	0.001068	2.659260	0.002841
芯斜屑邪泻薪褍褌褜	0.001068	4.605170	0.004920
芯斜褖邪褌褜褋褟	0.002137	0.040822	0.000087
芯斜褗褢屑	0.001068	3.218876	0.003439
芯斜褘褔薪褘泄	0.001068	1.386294	0.001481
芯胁芯褖	0.001068	0.094311	0.000101
芯胁芯褖薪芯泄	0.002137	0.040822	0.000087
芯谐芯薪褜	0.001068	0.094311	0.000101
芯泻褉芯褕泻邪	0.001068	0.040822	0.000044
芯谢邪写褜褟	0.001068	0.040822	0.000044
芯屑谢械褌	0.001068	0.040822	0.000044
芯锌邪褉邪	0.001068	0.040822	0.000044
芯锌懈褋邪褌褜	0.001068	3.218876	0.003439
芯锌懈褋褘胁邪褌褜	0.001068	3.912023	0.004180
芯锌褉芯褋	0.001068	0.061875	0.000066
芯锌褍斜谢懈泻芯胁邪褌褜	0.016026	3.506558	0.056195
芯褋械薪薪懈泄	0.001068	0.051293	0.000055
芯褋械薪褜	0.001068	0.105361	0.000113
芯褋薪芯胁薪褘泄	0.001068	0.040822	0.000044
芯褋褌邪褌褜褋褟	0.001068	1.309333	0.001399
芯褋褍褖械褋褌胁懈褌褜褋褟	0.001068	4.605170	0.004920
芯褌胁邪褉懈胁邪褌褜	0.001068	3.506558	0.003746
芯褌胁械褌	0.003205	0.000000	0.000000
芯褌胁械褌懈褌褜	0.001068	0.051293	0.000055
芯褌械褑	0.001068	4.605170	0.004920
芯褌谢懈褔薪褘泄	0.001068	1.078810	0.001153
芯褌屑械薪懈褌褜	0.001068	0.040822	0.000044
芯褌屑械褔邪褌褜	0.001068	2.120264	0.002265
芯褌褘褋泻邪褌褜	0.001068	3.912023	0.004180
锌邪谢芯褔泻邪	0.001068	0.040822	0.000044
锌邪褉芯谢褜	0.001068	0.020203	0.000022
锌邪褋褌邪	0.001068	0.040822	0.000044
锌邪褋褌褉芯屑邪	0.001068	0.040822	0.000044
锌邪褋褏邪	0.001068	0.040822	0.000044
锌邪褕褌械褌	0.001068	0.040822	0.000044
锌械泻谢芯	0.001068	2.525729	0.002698
锌械褉胁芯薪邪褔邪谢褜薪芯	0.001068	3.912023	0.004180
锌械褉胁褘泄	0.001068	0.040822	0.000044
锌械褉械泄褌懈	0.001068	0.040822	0.000044
锌械褉械屑械褕邪褌褜	0.001068	2.659260	0.002841
锌械褉械褑	0.001068	0.040822	0.000044
锌械褔械薪懈械	0.001068	0.040822	0.000044
锌械褔械薪褜	0.001068	2.207275	0.002358
锌械褔褢薪芯褔薪褘泄	0.001068	0.040822	0.000044
锌懈泻邪薪褌薪褘泄	0.001068	1.514128	0.001618
锌懈褉芯谐	0.001068	0.040822	0.000044
锌懈褉芯卸薪芯械	0.001068	0.040822	0.000044
锌懈褉芯卸芯泻	0.001068	0.040822	0.000044
锌懈褑褑邪	0.001068	0.040822	0.000044
锌芯胁邪褉褢薪芯泻	0.010684	0.000000	0.000000
锌芯胁械写械薪懈械	0.002137	4.605170	0.009840
锌芯胁懈写谢芯	0.001068	0.040822	0.000044
锌芯写邪褌褜	0.001068	1.427116	0.001525
锌芯写谢懈胁泻邪	0.001068	0.040822	0.000044
锌芯写锌懈褋邪褌褜褋褟	0.003205	0.040822	0.000131
锌芯卸邪褉懈褌褜褋褟	0.001068	4.605170	0.004920
锌芯蟹芯谢芯褌懈褌褜	0.002137	4.605170	0.009840
锌芯懈褋泻	0.001068	0.051293	0.000055
锌芯泄褌懈	0.001068	1.966113	0.002101
锌芯泻懈写邪褌褜	0.001068	4.605170	0.004920
锌芯泻懈薪褍褌褜	0.001068	4.605170	0.004920
锌芯谢械蟹薪褘泄	0.001068	1.427116	0.001525
锌芯谢懈褌懈泻邪	0.001068	0.040822	0.000044
锌芯谢薪褘泄	0.001068	1.237874	0.001323
锌芯谢褍褔邪褌褜	0.002137	0.040822	0.000087
锌芯谢褍褔懈褌褜褋褟	0.003205	0.653926	0.002096
锌芯谢褜蟹芯胁邪褌褜褋褟	0.001068	1.347074	0.001439
锌芯屑邪写泻邪	0.001068	0.040822	0.000044
锌芯薪懈屑邪褌褜	0.001068	2.207275	0.002358
锌芯薪褉邪胁懈褌褜褋褟	0.001068	0.040822	0.000044
锌芯薪褔懈泻	0.001068	0.040822	0.000044
锌芯锌褉芯斜芯胁邪褌褜	0.001068	0.248461	0.000265
锌芯锌褉芯褖邪褌褜褋褟	0.001068	4.605170	0.004920
锌芯褉邪	0.001068	0.105361	0.000113
锌芯褉械蟹邪褌褜	0.001068	3.506558	0.003746
锌芯褉褏邪褌褜	0.001068	4.605170	0.004920
锌芯褋械褖邪褌褜	0.001068	0.061875	0.000066
锌芯褋芯谢懈褌褜	0.001068	3.912023	0.004180
锌芯褋褌薪褘泄	0.001068	0.040822	0.000044
锌芯褋褌芯褟薪薪芯	0.001068	0.040822	0.000044
锌芯褋褌褉芯懈褌褜	0.001068	0.105361	0.000113
锌芯褔褌邪	0.001068	0.040822	0.000044
锌芯褔褌懈	0.001068	1.021651	0.001092
锌芯褕邪谐芯胁褘泄	0.001068	0.040822	0.000044
锌褉械写胁邪褉懈褌械谢褜薪芯	0.001068	2.813411	0.003006
锌褉懈胁械蟹褌懈	0.001068	2.525729	0.002698
锌褉懈胁泻褍褋	0.001068	3.506558	0.003746
锌褉懈谐谢邪褕邪褌褜	0.004274	2.207275	0.009433
锌褉懈谐芯褌芯胁谢械薪懈械	0.001068	0.040822	0.000044
锌褉懈蟹	0.001068	0.040822	0.000044
锌褉懈泄褌懈	0.001068	1.966113	0.002101
锌褉懈锌褉邪胁邪	0.001068	0.040822	0.000044
锌褉懈褋褌褍锌懈褌褜	0.001068	0.040822	0.000044
锌褉懈褟褌薪褘泄	0.001068	1.427116	0.001525
锌褉懈褢屑	0.001068	3.912023	0.004180
锌褉芯胁芯写懈褌褜	0.001068	0.040822	0.000044
锌褉芯写褍泻褌	0.001068	0.072571	0.000078
锌褉芯械泻褌	0.002137	0.051293	0.000110
锌褉芯褋褌芯	0.001068	0.083382	0.000089
锌褉芯褋褌芯泄	0.001068	0.301105	0.000322
锌褉芯褋褌芯泻胁邪褕邪	0.001068	0.040822	0.000044
锌褉芯褎懈谢褜	0.001068	0.040822	0.000044
锌褉芯褔械褋褌褜	0.001068	2.302585	0.002460
锌褉芯褖邪褌褜褋褟	0.001068	4.605170	0.004920
锌褉褟屑芯	0.001068	0.040822	0.000044
锌褉褟薪懈泻	0.001068	0.040822	0.000044
锌褌懈褔泻邪	0.001068	3.912023	0.004180
锌褍写懈薪谐	0.001068	0.040822	0.000044
锌褍薪褕	0.001068	0.040822	0.000044
锌褍褋泻邪泄	0.001068	4.605170	0.004920
锌褘褕泻邪	0.001068	0.040822	0.000044
锌褞褉械	0.002137	0.040822	0.000087
锌褟褌褜	0.001068	1.771957	0.001893
褉邪蟹谢械褌邪褌褜褋褟	0.001068	4.605170	0.004920
褉邪蟹屑械褕懈胁邪褌褜	0.001068	4.605170	0.004920
褉邪蟹薪芯芯斜褉邪蟹懈械	0.001068	2.525729	0.002698
褉邪褋褋芯谢褜薪懈泻	0.001068	0.040822	0.000044
褉邪褋褋褘谢泻邪	0.001068	0.061875	0.000066
褉邪褎邪褌	0.001068	4.605170	0.004920
褉械谐懈褋褌褉邪褑懈褟	0.003205	0.000000	0.000000
褉械卸	0.001068	4.605170	0.004920
褉械蟹褍谢褜褌邪褌	0.001068	0.820981	0.000877
褉械泄褌懈薪谐	0.001068	0.235722	0.000252
褉械泻芯屑械薪写芯胁邪褌褜	0.001068	1.021651	0.001092
褉械褑械锌褌	0.026709	0.040822	0.001090
褉械褕懈褌褜	0.002137	0.693147	0.001481
褉懈褋	0.001068	0.040822	0.000044
褉懈褋泻芯胁邪褌褜	0.001068	4.605170	0.004920
褉懈褋芯胁褘泄	0.001068	2.525729	0.002698
褉芯谐邪谢懈泻	0.001068	0.040822	0.000044
褉芯卸写械薪懈械	0.002137	0.105361	0.000225
褉芯谢谢	0.001068	0.040822	0.000044
褉芯屑	0.001068	0.040822	0.000044
褉褍	0.001068	2.659260	0.002841
褉褍斜褉懈泻邪褌芯褉	0.001068	0.051293	0.000055
褉褍谢械褌	0.001068	0.040822	0.000044
褉褍谢械褌懈泻	0.001068	2.302585	0.002460
褉褍薪械褌	0.001068	0.020203	0.000022
褉褍褋褋泻懈泄	0.001068	0.105361	0.000113
褉褘斜邪	0.001068	0.040822	0.000044
褋邪泄褌	0.005342	0.000000	0.000000
褋邪谢邪褌	0.005342	0.040822	0.000218
褋邪屑芯谐芯薪	0.001068	0.040822	0.000044
褋邪褏邪褉	0.001068	0.105361	0.000113
褋斜懈褌械薪褜	0.001068	0.040822	0.000044
褋胁	0.001068	4.605170	0.004920
褋胁邪褉懈褌褜	0.001068	2.407946	0.002573
褋胁械泻芯谢褜薪懈泻	0.001068	0.040822	0.000044
褋胁械褌褋泻懈泄	0.001068	4.605170	0.004920
褋胁懈薪懈薪邪	0.001068	0.040822	0.000044
褋胁褢泻谢邪	0.001068	0.040822	0.000044
褋谐褍褖褢薪泻邪	0.001068	0.040822	0.000044
褋械谐芯写薪褟	0.002137	0.843970	0.001803
褋械泄褔邪褋	0.002137	0.030459	0.000065
褋械谢褢写泻邪	0.001068	0.040822	0.000044
褋械褋褌褉邪	0.001068	2.659260	0.002841
褋懈写褉	0.001068	0.040822	0.000044
褋懈褉芯锌	0.001068	0.040822	0.000044
褋懈褋褌械屑邪	0.001068	0.040822	0.000044
褋泻邪蟹邪褌褜	0.001068	0.400478	0.000428
褋泻邪褉谢械褌褌芯	0.001068	3.912023	0.004180
褋泻芯胁芯褉芯写邪	0.003205	1.386294	0.004443
褋泻芯褉械械	0.001068	2.525729	0.002698
褋谢邪写泻懈泄	0.002137	0.040822	0.000087
褋谢邪泄褋	0.001068	4.605170	0.004920
褋谢芯泄泻邪	0.001068	0.040822	0.000044
褋屑械褋褜	0.001068	1.469676	0.001570
褋屑芯褉芯写懈薪芯胁褘泄	0.001068	3.506558	0.003746
褋屑芯褌褉械褌褜	0.001068	1.386294	0.001481
褋屑芯褔褜	0.001068	0.040822	0.000044
褋屑褍蟹懈	0.001068	0.040822	0.000044
褋薪褟褌褜	0.001068	2.813411	0.003006
褋芯斜懈褉邪褌褜褋褟	0.001068	0.040822	0.000044
褋芯胁械褌	0.002137	0.040822	0.000087
褋芯谐谢邪褕邪褌褜褋褟	0.001068	0.040822	0.000044
褋芯写邪	0.001068	0.941609	0.001006
褋芯蟹写邪薪懈械	0.001068	0.261365	0.000279
褋芯泻	0.001068	0.040822	0.000044
褋芯谢褜	0.001068	0.127833	0.000137
褋芯谢褟薪泻邪	0.001068	0.040822	0.000044
褋芯屑薪械薪懈械	0.001068	3.218876	0.003439
褋芯芯斜褖械褋褌胁芯	0.001068	3.912023	0.004180
褋芯褉褌懈褉芯胁邪褌褜	0.001068	0.248461	0.000265
褋芯褍褋	0.001068	0.040822	0.000044
褋芯褏褉邪薪褟褌褜	0.001068	0.040822	0.000044
褋芯褑褋械褌褜	0.001068	0.040822	0.000044
褋锌邪褋懈斜芯	0.007479	0.673345	0.005036
褋褌邪胁懈褌褜	0.001068	3.912023	0.004180
褋褌邪泻邪薪	0.001068	3.218876	0.003439
褋褌邪褌褍褟	0.002137	4.605170	0.009840
褋褌邪褌褜褟	0.001068	0.061875	0.000066
褋褌褉邪薪懈褔泻邪	0.001068	3.912023	0.004180
褋褌褉械屑懈褌褜褋褟	0.001068	4.605170	0.004920
褋褌褉芯懈褌械谢褜褋褌胁芯	0.002137	0.040822	0.000087
褋褌褉芯懈褌褜	0.001068	0.040822	0.000044
褋褌褉褍卸泻邪	0.002137	2.813411	0.006012
褋褌褉褍褔泻芯胁褘泄	0.001068	3.218876	0.003439
褋褍锌	0.003205	0.040822	0.000131
褋褍褎谢械	0.001068	0.040822	0.000044
褋褍褏邪褉褜	0.001068	0.040822	0.000044
褋褍褏芯泄	0.001068	1.427116	0.001525
褋褍褕懈褌褜	0.001068	0.040822	0.000044
褋褔邪褋褌懈械	0.001068	2.120264	0.002265
褋褘褉	0.001068	0.040822	0.000044
褋褘褉薪懈泻	0.001068	0.040822	0.000044
褋褘褉薪褘泄	0.002137	0.040822	0.000087
褋褢屑谐邪	0.001068	0.040822	0.000044
褌邪斜邪褕薪懈泻薪褍褌褜	0.007479	4.605170	0.034440
褌邪谢谢邪褏邪褋褋褟	0.001068	4.605170	0.004920
褌邪褉褌邪谢械褌泻邪	0.001068	0.040822	0.000044
褌胁芯褉芯谐	0.001068	0.040822	0.000044
褌胁芯褉芯卸薪褘泄	0.001068	0.094311	0.000101
褌械谢械谐褉邪屑	0.001068	0.040822	0.000044
褌械褉褉邪褋邪	0.002137	0.776529	0.001659
褌械褉褉懈薪邪	0.001068	0.040822	0.000044
褌械褋褌	0.001068	0.105361	0.000113
褌械褋褌芯	0.001068	0.040822	0.000044
褌懈褕褜	0.001068	4.605170	0.004920
褌芯褉褉懈薪谐褌芯薪	0.001068	4.605170	0.004920
褌芯褉褌	0.002137	0.040822	0.000087
褌褉械褋泻	0.001068	3.506558	0.003746
褌褉褍斜芯褔泻邪	0.001068	0.040822	0.000044
褌褘泻胁邪	0.001068	0.040822	0.000044
褌褢褖懈薪	0.001068	0.040822	0.000044
褍胁械写芯屑谢械薪懈械	0.001068	0.040822	0.000044
褍卸懈薪	0.001068	0.094311	0.000101
褍泄褌懈	0.001068	2.120264	0.002265
褍褋锌械褏	0.001068	3.218876	0.003439
褍褏芯	0.001068	0.040822	0.000044
褍褏芯写懈褌褜	0.004274	2.120264	0.009061
褍褔邪褋褌胁芯胁邪褌褜	0.001068	0.040822	0.000044
褎邪褉褕	0.001068	0.040822	0.000044
褎邪褉褕懈褉芯胁邪薪薪褘泄	0.002137	0.040822	0.000087
褎邪褋芯谢褜	0.003205	0.040822	0.000131
褎械胁褉邪谢褜	0.016026	0.094311	0.001511
褎谢懈锌	0.001068	4.605170	0.004920
褎芯薪写褞	0.001068	0.040822	0.000044
褎芯褉褍屑	0.003205	0.040822	0.000131
褎芯褉褕屑邪泻	0.001068	0.040822	0.000044
褎芯褌芯	0.004274	2.040221	0.008719
褎褉邪薪褑褍蟹	0.001068	4.605170	0.004920
褎褉邪薪褑褍蟹褋泻懈	0.001068	3.912023	0.004180
褎褉邪薪褑褍蟹褋泻懈泄	0.001068	0.094311	0.000101
褎褉褍泻褌芯胁褘泄	0.001068	0.040822	0.000044
褏邪谢胁邪	0.001068	0.040822	0.000044
褏邪褉褔芯	0.001068	0.040822	0.000044
褏邪褕	0.001068	0.040822	0.000044
褏胁芯褉芯褋褌	0.001068	0.040822	0.000044
褏械褋褌芯薪	0.002137	4.605170	0.009840
褏谢械斜	0.001068	0.040822	0.000044
褏芯谢芯写械褑	0.001068	0.040822	0.000044
褏芯褉芯褕懈泄	0.001068	0.040822	0.000044
褏芯褌械褌褜	0.001068	0.000000	0.000000
褏褍屑褍褋邪	0.001068	0.040822	0.000044
褏褍褉屑邪	0.002137	4.605170	0.009840
褑胁械褌薪芯泄	0.001068	0.040822	0.000044
褑械薪薪褘泄	0.001068	0.040822	0.000044
褔邪泄	0.002137	0.040822	0.000087
褔邪泄薪褘泄	0.002137	2.659260	0.005682
褔邪褋褌褜	0.001068	2.040221	0.002180
褔械斜褍褉械泻	0.001068	0.040822	0.000044
褔械谢芯胁械泻	0.001068	0.916291	0.000979
褔械褋褌薪芯泄	0.001068	0.040822	0.000044
褔械褔械胁懈褑邪	0.001068	0.040822	0.000044
褔懈蟹泻械泄泻	0.001068	0.040822	0.000044
褔懈锌褋褘	0.001068	0.040822	0.000044
褔懈褋谢芯	0.001068	0.235722	0.000252
褔懈褋褌懈褌褜	0.001068	4.605170	0.004920
褔懈褌邪褌褜	0.016026	1.832581	0.029368
褕邪屑锌懈薪褜芯薪	0.001068	1.237874	0.001323
褕邪褉懈泻	0.001068	0.040822	0.000044
褕邪褉谢芯褌泻邪	0.001068	0.040822	0.000044
褕邪褕谢褘泻	0.002137	0.040822	0.000087
褕懈锌芯胁薪懈泻	0.001068	4.605170	0.004920
褕懈锌褍褔泻邪	0.001068	0.040822	0.000044
褕芯泻芯谢邪写	0.001068	0.040822	0.000044
褕褌褉褍写械谢褜	0.001068	0.040822	0.000044
褕褍褉锌邪	0.001068	0.040822	0.000044
褖懈	0.001068	0.040822	0.000044
褝泻褉邪薪	0.001068	4.605170	0.004920
褝谢械泻褌褉懈褔械褋褌胁芯	0.001068	3.912023	0.004180
褟谐芯写邪	0.001068	2.302585	0.002460
褟蟹褘泻	0.002137	0.040822	0.000087
褟泄褑芯	0.002137	0.040822	0.000087
褟锌芯薪褋泻懈泄	0.001068	0.051293	0.000055
