谢械屑屑邪	TF	IDF	TF-IDF
邪斜谐芯褉	0.000284	4.605170	0.001307
邪斜械褋	0.000568	4.605170	0.002614
邪斜褏邪蟹褋泻懈泄	0.000284	0.116534	0.000033
邪胁写邪褌褜	0.000284	4.605170	0.001307
邪胁褋褌褉邪谢懈泄褋泻懈泄	0.000284	0.116534	0.000033
邪胁褋褌褉懈泄褋泻懈泄	0.000851	0.116534	0.000099
邪胁褌芯泻谢邪胁	0.000568	0.116534	0.000066
邪胁褌芯褉	0.000284	0.040822	0.000012
邪谐褉芯	0.000284	0.116534	0.000033
邪写卸懈泻邪	0.000284	0.040822	0.000012
邪蟹	0.000284	0.127833	0.000036
邪蟹械褉斜邪泄写卸邪薪	0.000284	4.605170	0.001307
邪蟹械褉斜邪泄写卸邪薪褋泻懈泄	0.000284	0.116534	0.000033
邪蟹懈邪褌褋泻懈泄	0.000284	0.127833	0.000036
邪泄褉邪薪	0.000284	0.040822	0.000012
邪泻邪褉邪卸	0.000568	4.605170	0.002614
邪泻胁邪	0.000284	4.605170	0.001307
邪泻胁邪褌懈泻	0.000851	0.127833	0.000109
邪泻胁械褌褌邪	0.000284	4.605170	0.001307
邪谢邪斜邪屑邪	0.000284	4.605170	0.001307
邪谢械泻褋械泄	0.000284	0.127833	0.000036
邪谢泻芯谐芯谢褜	0.000851	0.116534	0.000099
邪谢泻芯谐芯谢褜薪褘泄	0.001135	0.116534	0.000132
邪谢褜褌械褉薪邪褌懈胁邪	0.000284	2.813411	0.000798
邪谢褜褟薪褋	0.000284	0.116534	0.000033
邪屑邪薪写懈薪	0.000284	4.605170	0.001307
邪屑械褉懈泻邪薪褋泻懈泄	0.000851	0.116534	0.000099
邪薪邪谢芯谐	0.000284	2.995732	0.000850
邪薪谐谢懈泄褋泻懈泄	0.000568	0.116534	0.000066
邪薪写褉械泄	0.000284	0.127833	0.000036
邪薪褌懈褔薪褘泄	0.000284	4.605170	0.001307
邪锌褎械谢褜泻褉械薪	0.000568	4.605170	0.002614
邪褉邪斜褋泻懈泄	0.000568	0.116534	0.000066
邪褉斜褍蟹薪褘泄	0.000284	3.912023	0.001110
邪褉谐械薪褌懈薪褋泻懈泄	0.000284	0.116534	0.000033
邪褉械邪谢	0.000284	4.605170	0.001307
邪褉械褑	0.000568	4.605170	0.002614
邪褉屑褟薪褋泻懈泄	0.000568	0.116534	0.000066
邪褉芯屑邪褌	0.000284	0.820981	0.000233
邪褋褋芯褉褌懈	0.000568	0.116534	0.000066
邪褌谢邪薪褌	0.000284	0.116534	0.000033
邪褎谐邪薪褋泻懈泄	0.000284	0.116534	0.000033
邪褎褉懈泻邪薪褋泻懈泄	0.000284	0.116534	0.000033
邪褎褉芯	0.000284	4.605170	0.001307
邪褝褉芯谐褉懈谢褜	0.002838	0.116534	0.000331
斜邪卸邪	0.001135	4.605170	0.005227
斜邪泻谢邪卸邪薪	0.000284	0.040822	0.000012
斜邪谢屑邪褉械泄	0.000284	4.605170	0.001307
斜邪谢褌泻芯屑邪	0.000284	0.127833	0.000036
斜邪屑懈褟	0.000284	4.605170	0.001307
斜邪薪邪薪芯胁褘泄	0.000284	3.218876	0.000913
斜邪褉邪薪懈泄	0.000284	4.605170	0.001307
斜邪褉邪薪懈薪邪	0.001135	0.116534	0.000132
斜邪褉斜械泻褞	0.000568	3.218876	0.001827
斜邪褉薪褘泄	0.000284	4.605170	0.001307
斜邪褋屑邪褌懈	0.000568	0.127833	0.000073
斜邪褋褋械泄薪	0.000284	4.605170	0.001307
斜邪褋褌褍褉屑	0.000284	0.040822	0.000012
斜邪褋褌褍褉屑邪	0.000284	0.040822	0.000012
斜邪褌芯薪褔懈泻	0.000284	0.127833	0.000036
斜邪褕泻懈褉褋泻懈泄	0.000284	0.116534	0.000033
斜械蟹邪谢泻芯谐芯谢褜薪褘泄	0.000568	0.116534	0.000066
斜械蟹谐谢褞褌械薪芯胁芯械	0.000284	0.116534	0.000033
斜械蟹械	0.001135	0.040822	0.000046
斜械泻芯薪	0.000284	1.897120	0.000538
斜械谢械斜械械胁褋泻懈泄	0.000568	0.116534	0.000066
斜械谢芯褉褍褋褋泻懈泄	0.000284	0.116534	0.000033
斜械谢褘泄	0.001135	1.237874	0.001405
斜械谢褜谐懈泄褋泻懈泄	0.000284	0.116534	0.000033
斜械褉械屑械薪薪邪褟	0.000284	0.116534	0.000033
斜械褋械写懈薪	0.000284	0.127833	0.000036
斜懈褋泻胁懈褌	0.000568	0.040822	0.000023
斜懈褋泻胁懈褌薪褘泄	0.000851	0.105361	0.000090
斜懈褕褜	0.000284	4.605170	0.001307
斜谢懈蟹泻懈泄	0.000568	0.116534	0.000066
斜谢懈薪	0.001703	0.040822	0.000070
斜谢褞写芯	0.033768	0.040822	0.001378
斜芯斜芯胁褘泄	0.002270	0.116534	0.000265
斜芯谐芯褟胁谢械薪懈械	0.000284	4.605170	0.001307
斜芯泻	0.000284	4.605170	0.001307
斜芯谢谐邪褉褋泻懈泄	0.000568	0.116534	0.000066
斜芯谢褜褕芯泄	0.000851	0.094311	0.000080
斜芯褉褌懈泻	0.000568	4.605170	0.002614
斜芯褉褖	0.000568	0.040822	0.000023
斜芯褌胁懈薪褜褟	0.000284	0.040822	0.000012
斜褉邪谐邪	0.000284	4.605170	0.001307
斜褉邪蟹懈谢懈褟	0.000284	4.605170	0.001307
斜褉邪蟹懈谢褜褋泻懈泄	0.001703	0.116534	0.000198
斜褉邪褍蟹械褉	0.000284	0.040822	0.000012
斜褉邪褍薪懈	0.000284	0.040822	0.000012
斜褉械褋褌	0.000284	0.127833	0.000036
斜褉懈褌邪薪褋泻懈泄	0.000284	4.605170	0.001307
斜褉芯卸械薪懈械	0.000284	4.605170	0.001307
斜褉芯泻泻芯谢懈	0.000284	0.040822	0.000012
斜褍卸械薪懈薪邪	0.000284	0.040822	0.000012
斜褍谢芯褔泻邪	0.000851	0.040822	0.000035
斜褍谢褜芯薪	0.003689	0.040822	0.000151
斜褍褉谐械褉	0.000568	0.040822	0.000023
斜褍褉褟褌褋泻懈泄	0.000851	0.116534	0.000099
斜褍褌械褉斜褉芯写	0.001135	0.040822	0.000046
斜褍褌褘谢褜	0.000284	4.605170	0.001307
斜褘褋褌褉芯	0.000284	0.094311	0.000027
斜褘褋褌褉褘泄	0.000851	0.094311	0.000080
斜褘褌芯胁芯泄	0.000284	4.605170	0.001307
斜褜褟薪泻邪	0.000284	4.605170	0.001307
胁邪卸薪褘泄	0.000284	0.116534	0.000033
胁邪谢谢懈泄褋泻懈泄	0.000284	0.116534	0.000033
胁邪褉械薪懈械	0.000568	0.040822	0.000023
胁邪褉械薪懈泻	0.000284	0.116534	0.000033
胁邪褉懈邪薪褌	0.000284	0.356675	0.000101
胁邪褌邪锌邪	0.000568	4.605170	0.002614
胁邪褌褉褍褕泻邪	0.000284	0.040822	0.000012
胁邪褎谢褟	0.000568	0.040822	0.000023
胁邪褏薪褟	0.000284	4.605170	0.001307
胁邪褕	0.000284	0.000000	0.000000
胁胁芯写懈褌褜	0.000284	0.040822	0.000012
胁写芯褏薪芯胁械薪懈械	0.001703	0.116534	0.000198
胁写芯褏薪芯胁谢褟褌褜褋褟	0.000284	0.116534	0.000033
胁械谐械褌邪褉懈邪薪褋泻懈泄	0.000568	0.116534	0.000066
胁械谢懈泻懈泄	0.000568	0.116534	0.000066
胁械薪谐械褉褋泻懈泄	0.000568	0.116534	0.000066
胁械褉褢胁泻邪	0.000284	4.605170	0.001307
胁械褋械薪薪懈泄	0.000284	0.051293	0.000015
胁械褋薪邪	0.001703	0.116534	0.000198
胁械褌褔懈薪邪	0.000284	0.094311	0.000027
胁懈写	0.002270	0.776529	0.001763
胁懈写械芯	0.000568	0.116534	0.000066
胁懈薪芯	0.001419	0.040822	0.000058
胁懈薪芯谐褉邪写	0.000284	3.506558	0.000995
胁懈薪芯谐褉邪写薪褘泄	0.000284	4.605170	0.001307
胁泻褍褋	0.004540	0.105361	0.000478
胁泻褍褋薪芯	0.000851	0.094311	0.000080
胁泻褍褋薪褘泄	0.002554	0.061875	0.000158
胁谢褞斜懈褌褜	0.000284	0.116534	0.000033
胁薪械褕薪械	0.000284	3.912023	0.001110
胁薪械褕薪懈泄	0.000284	3.912023	0.001110
胁芯写邪	0.001135	0.094311	0.000107
胁芯写懈褔泻邪	0.000284	4.605170	0.001307
胁芯写泻邪	0.000851	2.302585	0.001960
胁芯蟹写褍褏	0.000284	3.506558	0.000995
胁芯泄褌懈	0.000284	0.000000	0.000000
胁芯谢芯胁邪薪	0.000284	0.116534	0.000033
胁芯谢褏胁	0.000568	4.605170	0.002614
胁芯谢褕械斜薪褘泄	0.000284	0.116534	0.000033
胁芯谢褕械斜褋褌胁芯	0.000284	0.116534	0.000033
胁芯锌褉芯褋	0.000284	0.000000	0.000000
胁芯褋褌芯褔薪褘泄	0.000284	0.127833	0.000036
胁褉械屑褟	0.001986	0.105361	0.000209
胁褋锌芯屑薪懈褌褜	0.000284	0.040822	0.000012
胁褌芯褉薪懈泻	0.000568	3.912023	0.002220
胁褌芯褉芯械	0.000284	0.116534	0.000033
胁褌芯褉芯泄	0.000851	0.116534	0.000099
胁褏芯写	0.000851	0.030459	0.000026
胁褘写邪胁谢懈胁邪薪懈械	0.000284	4.605170	0.001307
胁褘蟹胁邪褌褜	0.000284	4.605170	0.001307
胁褘泄褌懈	0.000284	0.040822	0.000012
胁褘泻懈锌械褌褜	0.000284	4.605170	0.001307
胁褘锌械泻邪褌褜	0.000284	2.995732	0.000850
胁褘锌械褔泻邪	0.005675	0.040822	0.000232
胁褘锌械褔薪褘泄	0.000284	4.605170	0.001307
胁褘褋芯泻懈泄	0.000568	2.407946	0.001367
胁褘褌褟薪褍褌褘泄	0.000284	4.605170	0.001307
胁褜械褌薪邪屑褋泻懈泄	0.000284	0.116534	0.000033
胁褟谢械薪褘泄	0.000284	2.525729	0.000717
谐邪胁邪泄褋泻懈泄	0.000284	0.116534	0.000033
谐邪蟹懈褉芯胁泻邪	0.000284	4.605170	0.001307
谐邪褉薪懈褉	0.001703	0.040822	0.000070
谐邪褋锌邪褔芯	0.000284	0.040822	0.000012
谐械芯谐褉邪褎懈褟	0.000284	0.116534	0.000033
谐谢邪胁薪褘泄	0.000284	0.040822	0.000012
谐谢邪蟹褍褉褜	0.000851	0.040822	0.000035
谐谢懈薪褌胁械泄薪	0.000284	0.040822	0.000012
谐谢褍斜芯泻懈泄	0.000284	4.605170	0.001307
谐芯胁褟写懈薪邪	0.001135	0.116534	0.000132
谐芯写	0.002554	0.083382	0.000213
谐芯谢谢邪薪写褋泻懈泄	0.000568	0.116534	0.000066
谐芯谢褍斜芯泄	0.000568	3.912023	0.002220
谐芯褉芯写	0.000284	0.116534	0.000033
谐芯褉芯褏	0.000568	0.116534	0.000066
谐芯褉芯褏芯胁褘泄	0.000284	3.506558	0.000995
谐芯褉褔懈褑邪	0.000851	0.040822	0.000035
谐芯褉褕芯褔械泻	0.000568	0.040822	0.000023
谐芯褉褟褔械械	0.000568	0.116534	0.000066
谐芯褉褟褔懈泄	0.011351	0.105361	0.001196
谐芯褋褌褜	0.000568	0.116534	0.000066
谐芯褌芯胁懈褌褜	0.004257	0.083382	0.000355
谐芯褌芯胁懈褌褜褋褟	0.000568	0.371064	0.000211
谐芯褌芯胁褘泄	0.000284	0.755023	0.000214
谐褉邪	0.000284	3.912023	0.001110
谐褉械斜械褕泻芯胁	0.000284	3.912023	0.001110
谐褉械薪泻邪	0.000568	0.040822	0.000023
谐褉械褔械褋泻懈泄	0.000284	0.116534	0.000033
谐褉械褔泻邪	0.000284	0.040822	0.000012
谐褉懈斜	0.002838	0.040822	0.000116
谐褉懈斜薪芯泄	0.000568	0.040822	0.000023
谐褉懈谢褜	0.002838	0.105361	0.000299
谐褉懈谢褜屑邪薪懈褟	0.000284	0.116534	0.000033
谐褉芯谐	0.000284	0.040822	0.000012
谐褉褍蟹懈薪褋泻懈泄	0.000568	0.116534	0.000066
谐褉褍蟹懈褟	0.000284	2.995732	0.000850
谐褉褍锌锌邪	0.000284	0.061875	0.000018
谐褍褉屑	0.000284	0.127833	0.000036
谐褍褉屑邪薪懈褟	0.001703	0.116534	0.000198
谐褍褋褌芯泄	0.000284	2.407946	0.000683
谐褍褋褌芯褌邪	0.000284	3.912023	0.001110
谐褍褋褜	0.000568	0.105361	0.000060
谐褍褖邪	0.000284	3.912023	0.001110
写邪胁邪褌褜	0.000568	0.040822	0.000023
写邪谢械械	0.028377	2.813411	0.079836
写邪屑械蟹邪薪邪褋	0.000284	4.605170	0.001307
写邪薪薪褘械	0.000284	0.040822	0.000012
写邪褉	0.000284	0.116534	0.000033
写邪褉懈芯谢褟	0.000284	4.605170	0.001307
写邪褌褋泻懈泄	0.000284	0.116534	0.000033
写邪褌褜	0.000284	0.040822	0.000012
写邪褔薪褘泄	0.000851	0.116534	0.000099
写胁邪	0.000568	0.967584	0.000549
写胁褍褋褌胁芯褉褔邪褌褘泄	0.000284	4.605170	0.001307
写胁褍褏谢械褌薪懈泄	0.000284	4.605170	0.001307
写械	0.000568	4.605170	0.002614
写械胁邪	0.000284	3.912023	0.001110
写械泻芯褉	0.000568	0.127833	0.000073
写械谢邪褌褜	0.000568	0.083382	0.000047
写械谢懈泻邪褌械褋	0.000284	2.659260	0.000755
写械谢懈褌褜褋褟	0.000284	0.040822	0.000012
写械谢芯	0.000284	0.105361	0.000030
写械薪褜	0.002270	0.040822	0.000093
写械褉械胁芯	0.000284	3.912023	0.001110
写械褋械褉褌	0.005392	0.040822	0.000220
写械褋械褉褌邪褑懈褟	0.000284	0.116534	0.000033
写械褋械褉褌薪褘泄	0.000568	0.116534	0.000066
写械褎褉芯褋褌邪褑懈褟	0.000284	4.605170	0.001307
写卸械屑	0.000284	0.040822	0.000012
写卸械屑邪	0.000284	0.040822	0.000012
写蟹械薪	0.000284	0.116534	0.000033
写懈械褌邪	0.000568	0.094311	0.000054
写懈泻懈泄	0.000851	0.116534	0.000099
写懈锌	0.000284	0.116534	0.000033
写懈褔褜	0.000851	0.116534	0.000099
写谢懈薪薪褘泄	0.000568	4.605170	0.002614
写谢懈褌械谢褜薪褘泄	0.000284	2.207275	0.000626
写薪械胁薪懈泻	0.000284	0.061875	0.000018
写芯斜邪胁懈褌褜	0.000568	0.083382	0.000047
写芯斜邪胁谢械薪懈械	0.000568	0.223144	0.000127
写芯斜邪胁谢褟褌褜	0.000284	0.040822	0.000012
写芯斜褉芯褎谢芯褌	0.000284	0.127833	0.000036
写芯胁械褉褟褌褜	0.000284	0.116534	0.000033
写芯谢褜褔械	0.000284	3.912023	0.001110
写芯屑	0.001703	0.040822	0.000070
写芯屑邪褕薪懈泄	0.003405	0.040822	0.000139
写芯锌褍褋泻邪褌褜	0.000284	3.912023	0.001110
写芯褋谢芯胁薪芯	0.000284	4.605170	0.001307
写芯褋褌褍锌	0.000284	3.912023	0.001110
写褉邪泄胁	0.001419	0.127833	0.000181
写褉芯卸卸械胁芯泄	0.000568	0.116534	0.000066
写褍写薪懈泻	0.000284	4.605170	0.001307
写褍褏芯胁泻邪	0.001135	0.105361	0.000120
写褍褕邪	0.000851	0.105361	0.000090
械胁褉械泄褋泻懈泄	0.000851	0.116534	0.000099
械胁褉芯锌邪	0.000284	3.218876	0.000913
械谐懈锌械褌褋泻懈泄	0.000284	0.116534	0.000033
械写懈薪褘泄	0.000284	0.000000	0.000000
械泻芯	0.000284	0.127833	0.000036
械薪写芯胁邪	0.000284	4.605170	0.001307
械褋褌械褋褌胁械薪薪褘泄	0.000284	2.813411	0.000798
卸邪褉泻芯械	0.000568	0.040822	0.000023
卸斜邪薪	0.000284	4.605170	0.001307
卸械谢械	0.000851	0.040822	0.000035
卸械谢械泄薪褘泄	0.000284	4.605170	0.001307
卸械薪褋泻懈泄	0.000568	0.020203	0.000011
卸械薪褖懈薪邪	0.000568	0.061875	0.000035
卸懈谐邪褉	0.000284	4.605170	0.001307
卸懈谐芯	0.000568	4.605170	0.002614
卸懈写泻懈泄	0.000284	2.813411	0.000798
卸懈写泻芯胁邪褌褘泄	0.000284	4.605170	0.001307
卸懈写泻芯褋褌褜	0.000568	3.506558	0.001990
卸懈蟹薪褜	0.000568	0.040822	0.000023
卸懈褉	0.000568	1.897120	0.001077
卸懈褉薪褘泄	0.000284	2.207275	0.000626
卸懈褌薪褟	0.000284	4.605170	0.001307
卸褍谢褜械薪	0.000284	0.040822	0.000012
卸褍褉薪邪谢	0.000284	0.072571	0.000021
卸褞谢褜械薪	0.000284	0.040822	0.000012
卸褞谢褜薪褘泄	0.000284	0.040822	0.000012
蟹邪胁邪褉薪芯泄	0.000568	0.116534	0.000066
蟹邪胁褌褉邪泻	0.002838	0.094311	0.000268
蟹邪谐芯褌芯胁泻邪	0.001135	0.040822	0.000046
蟹邪谐褍褖邪褌褜	0.000284	4.605170	0.001307
蟹邪写邪胁邪褌褜	0.000284	0.040822	0.000012
蟹邪泻邪谢	0.000284	4.605170	0.001307
蟹邪泻胁邪褋泻邪	0.000851	0.040822	0.000035
蟹邪泻胁邪褕懈胁邪薪懈械	0.000284	4.605170	0.001307
蟹邪泻谢褞褔邪褌褜褋褟	0.000284	4.605170	0.001307
蟹邪泻芯薪褋械褉胁懈褉芯胁邪褌褜	0.000284	4.605170	0.001307
蟹邪泻褉褘褌褘泄	0.000284	0.116534	0.000033
蟹邪泻褍褋泻邪	0.005959	0.040822	0.000243
蟹邪泻褍褋芯薪褔懈泻	0.000284	0.116534	0.000033
蟹邪泻褍褋芯褔泻邪	0.000284	0.116534	0.000033
蟹邪泻褍褋芯褔薪邪褟	0.002554	0.116534	0.000298
蟹邪谢懈胁薪芯械	0.000851	0.040822	0.000035
蟹邪谢芯屑	0.000284	4.605170	0.001307
蟹邪屑械薪褟褌褜	0.000284	3.506558	0.000995
蟹邪屑芯褉芯蟹懈褌褜	0.000284	2.302585	0.000653
蟹邪屑芯褉芯蟹泻邪	0.000284	0.105361	0.000030
蟹邪锌邪写	0.000284	0.116534	0.000033
蟹邪锌械泻邪薪懈械	0.000284	1.514128	0.000430
蟹邪锌械泻邪薪泻邪	0.003405	0.040822	0.000139
蟹邪锌械褔褜	0.000284	0.916291	0.000260
蟹邪锌褉邪胁泻邪	0.000851	0.040822	0.000035
蟹邪褉械谐懈褋褌褉懈褉芯胁邪褌褜褋褟	0.000568	0.030459	0.000017
蟹邪褋邪褏邪褉懈褌褜	0.000284	4.605170	0.001307
蟹邪褋芯谢泻邪	0.000284	0.116534	0.000033
蟹邪褋褌褘胁邪薪懈械	0.000284	4.605170	0.001307
蟹邪褔懈褋褌懈褌褜	0.000284	3.912023	0.001110
蟹邪褟褑	0.000568	0.116534	0.000066
蟹胁邪薪褘泄	0.000284	0.127833	0.000036
蟹胁械蟹写邪	0.000284	0.116534	0.000033
蟹胁褢蟹写薪褘泄	0.000284	0.116534	0.000033
蟹写芯褉芯胁褘泄	0.000568	0.116534	0.000066
蟹械谢械薪褜	0.000284	0.094311	0.000027
蟹械褉薪芯胁芯泄	0.000284	4.605170	0.001307
蟹械褎懈褉	0.000284	0.040822	0.000012
蟹懈屑邪	0.001135	0.040822	0.000046
蟹懈屑薪懈泄	0.000284	0.051293	0.000015
蟹芯谢芯褌芯泄	0.000284	0.116534	0.000033
蟹芯薪褌懈褔薪褘泄	0.000284	4.605170	0.001307
懈胁邪薪芯胁	0.000284	0.127833	0.000036
懈写械邪谢褜薪褘泄	0.001986	0.116534	0.000231
懈写械泄泻邪	0.000284	0.116534	0.000033
懈蟹胁械褋褌薪褘泄	0.000284	1.049822	0.000298
懈蟹谐芯褌邪胁谢懈胁邪褌褜	0.000851	3.912023	0.003330
懈蟹谐芯褌芯胁谢械薪懈械	0.000284	3.218876	0.000913
懈蟹写械谢懈械	0.002838	0.116534	0.000331
懈蟹屑械谢褜褔懈褌褜	0.000284	3.506558	0.000995
懈泻褉邪	0.000851	0.040822	0.000035
懈屑斜懈褉薪褘泄	0.000284	3.912023	0.001110
懈屑械薪芯胁邪褌褜	0.000284	3.912023	0.001110
懈屑褟	0.000284	0.030459	0.000009
懈薪胁械褉褌芯褉薪褘泄	0.000284	0.127833	0.000036
懈薪谐褉械写懈械薪褌	0.000284	0.139262	0.000040
懈薪写械泄泻邪	0.001703	0.094311	0.000161
懈薪写懈泄褋泻懈泄	0.000284	0.116534	0.000033
懈薪写懈谢邪泄褌邪	0.000851	0.116534	0.000099
懈薪写懈褉械褋薪褘泄	0.000284	0.116534	0.000033
懈薪写懈褟	0.000284	2.813411	0.000798
懈薪芯泄	0.000284	2.040221	0.000579
懈薪褋褌褉褍泻褑懈褟	0.000284	0.030459	0.000009
懈褉邪泻褋泻懈泄	0.000284	0.116534	0.000033
懈褉邪薪褋泻懈泄	0.000284	0.116534	0.000033
懈褉谢邪薪写褋泻懈泄	0.000851	0.116534	0.000099
懈褋泻褉械薪薪械	0.000284	0.116534	0.000033
懈褋泻褍褋薪芯	0.000284	4.605170	0.001307
懈褋谢邪薪写褋泻懈泄	0.000284	0.116534	0.000033
懈褋锌邪薪褋泻懈泄	0.000284	0.116534	0.000033
懈褋锌械褔褜	0.000284	0.105361	0.000030
懈褋锌芯谢褜蟹芯胁邪褌褜	0.000568	1.171183	0.000665
懈褋锌芯谢褜蟹芯胁邪褌褜褋褟	0.000568	1.714798	0.000973
懈褋褌芯褉懈褟	0.001703	0.116534	0.000198
懈褌邪谢懈褟	0.000568	0.105361	0.000060
懈褌邪谢褜褟薪褋泻懈泄	0.000568	0.105361	0.000060
泄芯谐褍褉褌	0.000851	0.040822	0.000035
泻邪斜邪褉褌屑	0.000284	4.605170	0.001307
泻邪斜邪褔芯泻	0.000284	0.040822	0.000012
泻邪胁泻邪蟹褋泻懈泄	0.000284	0.116534	0.000033
泻邪蟹	0.000284	4.605170	0.001307
泻邪蟹邪薪	0.000284	0.116534	0.000033
泻邪蟹邪褏褋泻懈泄	0.000284	0.116534	0.000033
泻邪泄谢芯	0.000284	4.605170	0.001307
泻邪泄锌懈褉懈	0.000284	4.605170	0.001307
泻邪泄锌懈褉懈薪褜褟	0.000284	4.605170	0.001307
泻邪泻邪芯	0.000568	0.040822	0.000023
泻邪谢械斜邪褋	0.000284	4.605170	0.001307
泻邪谢械泄写芯褋泻芯锌	0.001135	0.116534	0.000132
泻邪谢懈薪	0.000284	4.605170	0.001307
泻邪谢懈薪薪懈褑邪	0.000284	4.605170	0.001307
泻邪谢屑褘褑泻懈泄	0.000284	0.116534	0.000033
泻邪谢褜屑邪褉	0.000568	0.040822	0.000023
泻邪屑械褉邪	0.000284	0.116534	0.000033
泻邪薪邪写褋泻懈泄	0.000284	0.116534	0.000033
泻邪薪邪谢	0.000851	0.040822	0.000035
泻邪薪邪锌械	0.000568	0.040822	0.000023
泻邪薪卸懈泻	0.000568	4.605170	0.002614
泻邪锌褍褋褌邪	0.000851	0.040822	0.000035
泻邪锌褍褋褌薪褟泻	0.000284	0.040822	0.000012
泻邪褉邪泻邪褌懈褑邪	0.000568	4.605170	0.002614
泻邪褉邪屑械谢褜	0.000284	0.040822	0.000012
泻邪褉薪邪胁邪谢	0.000284	4.605170	0.001307
泻邪褉锌芯胁	0.000284	4.605170	0.001307
泻邪褉褌芯褎械谢褜	0.000568	0.040822	0.000023
泻邪褉褌芯褎械谢褜薪褘泄	0.000851	0.040822	0.000035
泻邪褉褌芯褕泻邪	0.000568	0.040822	0.000023
泻邪褉褍褉	0.000568	4.605170	0.002614
泻邪褋锌懈泄褋泻懈泄	0.000284	4.605170	0.001307
泻邪褌械谐芯褉懈褟	0.000284	0.116534	0.000033
泻邪褌芯谢懈褔械褋泻懈泄	0.000284	3.912023	0.001110
泻邪褔械褋褌胁芯	0.001135	0.105361	0.000120
泻邪褕邪	0.002838	0.040822	0.000116
泻胁邪褋	0.001419	0.040822	0.000058
泻胁邪褋薪芯泄	0.000851	0.116534	0.000099
泻胁械褉褏褍	0.000284	4.605170	0.001307
泻械斜邪斜	0.000284	2.995732	0.000850
泻械斜斜邪	0.000284	4.605170	0.001307
泻械泻褋	0.001135	0.040822	0.000046
泻械薪	0.000284	4.605170	0.001307
泻械褌褔褍锌	0.000284	1.469676	0.000417
泻械褎懈褉	0.000284	0.040822	0.000012
泻懈屑褔邪褌褜	0.000284	0.040822	0.000012
泻懈薪芯邪	0.000568	0.127833	0.000073
泻懈薪芯谢械薪褌邪	0.000284	0.116534	0.000033
泻懈褋械谢褜	0.000568	0.040822	0.000023
泻懈褋谢芯	0.000284	3.506558	0.000995
泻懈褋谢芯胁邪褌褘泄	0.000284	3.912023	0.001110
泻懈褌邪泄	0.000284	3.218876	0.000913
泻懈褌邪泄褋泻懈泄	0.000568	0.116534	0.000066
泻懈褌芯胁褘泄	0.000284	4.605170	0.001307
泻谢邪褋褋	0.002554	0.116534	0.000298
泻薪懈谐邪	0.000284	0.040822	0.000012
泻芯胁褕械芯斜褉邪蟹薪褘泄	0.000284	4.605170	0.001307
泻芯卸邪	0.000284	3.912023	0.001110
泻芯泻芯褋	0.000284	3.912023	0.001110
泻芯泻褌械泄谢褜	0.003121	0.040822	0.000127
泻芯谢斜邪	0.000284	4.605170	0.001307
泻芯谢斜邪褋邪	0.000851	0.040822	0.000035
泻芯谢斜邪褋泻邪	0.000568	2.659260	0.001509
泻芯谢斜邪褋薪褘泄	0.000851	0.116534	0.000099
泻芯谢懈褔械褋褌胁芯	0.000284	1.386294	0.000393
泻芯谢谢懈薪蟹邪	0.000284	4.605170	0.001307
泻芯谢褜褑芯	0.000284	4.605170	0.001307
泻芯屑邪薪写邪	0.000568	0.127833	0.000073
泻芯屑懈	0.000284	0.116534	0.000033
泻芯屑锌邪薪懈褟	0.000284	0.105361	0.000030
泻芯屑锌芯褌	0.000851	0.040822	0.000035
泻芯薪写懈褌械褉褋泻懈泄	0.000851	2.120264	0.001805
泻芯薪懈薪邪	0.000568	0.116534	0.000066
泻芯薪泻褍褉褋	0.061294	0.040822	0.002502
泻芯薪泻褍褉褋薪褘泄	0.000284	0.127833	0.000036
泻芯薪褋械褉胁懈褉芯胁邪薪懈械	0.000284	0.040822	0.000012
泻芯薪褋械褉胁懈褉芯胁邪薪薪褘泄	0.001419	0.116534	0.000165
泻芯薪褋懈褋褌械薪褑懈褟	0.000851	2.525729	0.002150
泻芯薪褎械褌邪	0.000851	0.040822	0.000035
泻芯薪褎械褌褌懈	0.000284	0.116534	0.000033
泻芯薪褎懈写械薪褑懈邪谢褜薪芯褋褌褜	0.000284	0.040822	0.000012
泻芯薪褎懈褌褞褉	0.000284	0.040822	0.000012
泻芯锌褔褢薪芯褋褌褜	0.000568	0.116534	0.000066
泻芯褉械泄褋泻懈	0.000284	0.040822	0.000012
泻芯褉械泄褋泻懈泄	0.000284	0.105361	0.000030
泻芯褉卸懈泻	0.000284	0.040822	0.000012
泻芯褉屑懈褌褜	0.000284	0.116534	0.000033
泻芯褉薪械锌谢芯写	0.000568	4.605170	0.002614
泻芯褉芯胁邪	0.000284	4.605170	0.001307
泻芯褉芯胁懈泄	0.000851	4.605170	0.003920
泻芯褋褌薪褘泄	0.000284	4.605170	0.001307
泻芯褋褌芯褔泻邪	0.000284	3.912023	0.001110
泻芯褌谢械褌邪	0.000568	0.040822	0.000023
泻芯褎械	0.000568	0.040822	0.000023
泻褉邪褋泻邪	0.000284	0.116534	0.000033
泻褉邪褋薪褘泄	0.000284	0.941609	0.000267
泻褉械邪褌懈胁	0.000284	0.127833	0.000036
泻褉械胁械褌泻邪	0.000284	2.302585	0.000653
泻褉械屑	0.001135	0.040822	0.000046
泻褉械锌泻懈泄	0.000284	0.116534	0.000033
泻褉芯胁邪胁褘泄	0.000284	4.605170	0.001307
泻褉芯胁褟薪芯泄	0.000284	4.605170	0.001307
泻褉芯谢懈泻	0.000568	0.116534	0.000066
泻褉芯屑械	0.000284	0.061875	0.000018
泻褉芯褏邪	0.000284	0.116534	0.000033
泻褉褍谐	0.000568	0.116534	0.000066
泻褉褍卸泻邪	0.000851	4.605170	0.003920
泻褉褍锌	0.001703	0.105361	0.000179
泻褉褍锌邪	0.002554	0.116534	0.000298
泻褉褍锌薪褘泄	0.000568	2.659260	0.001509
泻褉褍锌褟薪芯泄	0.000284	0.116534	0.000033
泻褍斜懈薪褋泻懈泄	0.000284	0.116534	0.000033
泻褍泻褍褉褍蟹邪	0.000284	2.525729	0.000717
泻褍谢械褕	0.000284	0.040822	0.000012
泻褍谢懈薪邪褉懈褟	0.001703	0.094311	0.000161
泻褍谢懈薪邪褉薪褘泄	0.003405	0.000000	0.000000
泻褍谢懈褔	0.000568	0.040822	0.000023
泻褍谢褜褌褍褉邪	0.000284	3.506558	0.000995
泻褍褉写褋泻懈泄	0.000284	0.116534	0.000033
泻褍褉懈薪褘泄	0.001419	0.094311	0.000134
泻褍褉懈褑邪	0.001419	0.040822	0.000058
泻褍褉芯褔泻邪	0.000284	0.116534	0.000033
泻褍褉褟褌懈薪邪	0.000284	4.605170	0.001307
泻褍褋泻褍褋	0.000284	0.040822	0.000012
泻褍褏薪褟	0.003973	0.040822	0.000162
谢邪胁邪褕	0.001703	0.040822	0.000070
谢邪谐屑邪薪	0.000284	0.040822	0.000012
谢邪泻芯屑褋褌胁芯	0.000568	0.116534	0.000066
谢邪锌褕邪	0.000568	0.040822	0.000023
谢邪锌褕械胁薪懈泻	0.000284	4.605170	0.001307
谢邪褌懈薪褋泻懈泄	0.000284	3.912023	0.001110
谢邪褌褘褕褋泻懈泄	0.000284	0.116534	0.000033
谢械谐泻芯	0.001703	0.116534	0.000198
谢械锌械褋褌芯泻	0.000284	3.912023	0.001110
谢械锌褢褕泻邪	0.000568	0.040822	0.000023
谢械褋薪芯泄	0.000284	2.813411	0.000798
谢械褋褌械褉褕懈褉褋泻懈泄	0.000284	4.605170	0.001307
谢械褌薪懈泄	0.000568	0.040822	0.000023
谢械褌芯	0.001703	0.116534	0.000198
谢械褔芯	0.000284	0.040822	0.000012
谢懈谐邪	0.000851	0.116534	0.000099
谢懈泻褢褉	0.000284	0.040822	0.000012
谢懈屑芯薪邪写	0.000568	0.040822	0.000023
谢懈褋褌	0.000284	0.843970	0.000239
谢懈褌芯胁褋泻	0.000284	0.127833	0.000036
谢懈褌芯胁褋泻懈泄	0.000284	0.116534	0.000033
谢芯蟹邪	0.000284	4.605170	0.001307
谢芯褋芯褋褜	0.000284	2.659260	0.000755
谢褍斜懈褟	0.000568	4.605170	0.002614
谢褍泻邪	0.000284	2.207275	0.000626
谢褞斜懈屑褘泄	0.002554	0.116534	0.000298
谢褞斜芯胁褜	0.000568	0.105361	0.000060
谢褞斜芯泄	0.000284	0.094311	0.000027
谢褢谐泻懈泄	0.000851	0.094311	0.000080
谢褢写	0.000284	0.116534	0.000033
屑邪谐褉懈斜	0.000284	0.116534	0.000033
屑邪写谢械褉	0.000284	4.605170	0.001307
屑邪泄	0.000284	0.116534	0.000033
屑邪泄芯薪械蟹	0.000284	0.116534	0.000033
屑邪泻邪褉芯薪薪褘泄	0.000568	0.116534	0.000066
屑邪泻邪褉芯薪褘	0.000851	0.040822	0.000035
屑邪泻褌邪泻	0.000284	4.605170	0.001307
屑邪谢邪蟹懈泄褋泻懈泄	0.000284	0.116534	0.000033
屑邪屑褍褉	0.000284	4.605170	0.001307
屑邪薪泻邪	0.000284	3.218876	0.000913
屑邪薪薪懈泻	0.000284	0.040822	0.000012
屑邪薪褌邪	0.000284	0.116534	0.000033
屑邪薪褢胁褉	0.000284	0.116534	0.000033
屑邪芯褌邪褟	0.000284	4.605170	0.001307
屑邪褉邪褎芯薪	0.000851	0.116534	0.000099
屑邪褉写懈	0.000284	4.605170	0.001307
屑邪褉懈薪邪写	0.003405	0.040822	0.000139
屑邪褉懈薪泻邪	0.000284	4.605170	0.001307
屑邪褉懈薪芯胁邪褌褜	0.000284	0.116534	0.000033
屑邪褉懈褟	0.000284	3.218876	0.000913
屑邪褉屑械谢邪写	0.000284	0.040822	0.000012
屑邪褉芯泻泻邪薪褋泻懈泄	0.000284	0.116534	0.000033
屑邪褉褌	0.001419	0.105361	0.000149
屑邪褉褑懈锌邪薪	0.000284	4.605170	0.001307
屑邪褋泻邪褉锌芯薪	0.000284	0.040822	0.000012
屑邪褋谢械薪懈褑邪	0.001135	0.040822	0.000046
屑邪褋谢械薪懈褔薪褘泄	0.000284	0.116534	0.000033
屑邪褋谢芯	0.000851	0.105361	0.000090
屑邪褋谢褟薪芯	0.000284	4.605170	0.001307
屑邪褋褋邪	0.000284	1.771957	0.000503
屑邪褋褌械褉	0.002554	0.116534	0.000298
屑邪褋褌懈泻邪	0.000568	0.040822	0.000023
屑邪褌	0.000284	4.605170	0.001307
屑邪褎褎懈薪邪	0.000284	0.116534	0.000033
屑邪褏械械胁褗	0.001135	0.116534	0.000132
屑械写懈邪褎芯褉褌	0.000851	0.000000	0.000000
屑械写谢械薪薪褘泄	0.000284	3.912023	0.001110
屑械写芯胁褘泄	0.000284	0.116534	0.000033
屑械泻褋懈泻邪薪褋泻懈泄	0.000284	0.116534	0.000033
屑械谢泻懈泄	0.000284	3.506558	0.000995
屑械薪褞	0.000284	0.116534	0.000033
屑械薪褟褌褜褋褟	0.000284	0.116534	0.000033
屑械褉邪	0.000284	1.832581	0.000520
屑械褔褌邪	0.000568	0.040822	0.000023
屑械褕芯泻	0.000284	3.912023	0.001110
屑懈写懈褟	0.000284	0.040822	0.000012
屑懈泻褉芯胁芯谢薪芯胁泻邪	0.000568	0.105361	0.000060
屑懈谢褜褟	0.000284	0.116534	0.000033
屑懈薪写邪谢褜薪褘泄	0.000284	2.813411	0.000798
屑懈芯	0.000284	0.116534	0.000033
屑懈褉	0.000851	0.105361	0.000090
屑懈褉芯胁芯泄	0.000284	0.116534	0.000033
屑懈褋芯	0.000284	0.040822	0.000012
屑懈褋褌械褉懈褟	0.000284	0.116534	0.000033
屑懈褋褌褉邪谢褜	0.001986	0.116534	0.000231
屑薪芯谐懈泄	0.000284	1.771957	0.000503
屑薪芯卸械褋褌胁芯	0.000284	0.040822	0.000012
屑芯蟹谐	0.000284	4.605170	0.001307
屑芯泄	0.000568	0.083382	0.000047
屑芯泻械泻	0.000568	4.605170	0.002614
屑芯谢写邪胁褋泻懈泄	0.000284	0.116534	0.000033
屑芯谢谢褞褋泻	0.000284	4.605170	0.001307
屑芯谢芯蟹懈胁芯	0.000284	4.605170	0.001307
屑芯谢芯泻芯	0.001703	0.083382	0.000142
屑芯谢芯褔薪褘泄	0.001419	0.040822	0.000058
屑芯屑械薪褌	0.000851	0.105361	0.000090
屑芯薪谐芯谢褜褋泻懈泄	0.000284	0.116534	0.000033
屑芯褉械	0.000568	0.116534	0.000066
屑芯褉械锌褉芯写褍泻褌	0.003973	0.040822	0.000162
屑芯褉泻芯胁褜	0.000568	0.040822	0.000023
屑芯褉芯卸械薪芯械	0.001135	0.040822	0.000046
屑芯褉芯褕泻邪	0.000284	4.605170	0.001307
屑芯褉褋	0.000568	0.040822	0.000023
屑芯褉褋泻芯泄	0.000284	3.218876	0.000913
屑芯褌芯褉	0.000284	0.116534	0.000033
屑芯褏懈褌褘泄	0.000284	0.040822	0.000012
屑芯褔褜	0.000284	0.000000	0.000000
屑褍邪谢褟	0.000284	4.605170	0.001307
屑褍卸褋泻芯泄	0.000284	0.127833	0.000036
屑褍卸褔懈薪邪	0.000568	0.116534	0.000066
屑褍泻邪	0.000284	0.248461	0.000071
屑褍谢褜褌懈胁邪褉泻邪	0.010783	0.116534	0.001257
屑褍谢褜褌懈锌械泻邪褉褜	0.000851	0.116534	0.000099
屑褍薪谐褍薪蟹邪	0.000568	4.605170	0.002614
屑褍褋褋	0.000284	0.040822	0.000012
屑褍褋褋邪	0.000851	0.040822	0.000035
屑褍褔薪芯泄	0.000851	0.116534	0.000099
屑褝褉懈	0.000284	4.605170	0.001307
屑褞褋谢懈	0.000568	0.116534	0.000066
屑褟泻芯褌褜	0.000284	3.912023	0.001110
屑褟褋薪芯泄	0.003973	0.040822	0.000162
屑褟褋芯	0.007946	0.040822	0.000324
薪邪斜懈蟹	0.000284	4.605170	0.001307
薪邪谐褉械胁邪薪懈械	0.000284	4.605170	0.001307
薪邪写械薪懈褑邪	0.000284	4.605170	0.001307
薪邪蟹薪邪褔械薪懈械	0.000284	0.116534	0.000033
薪邪蟹褘胁邪褌褜	0.000851	2.659260	0.002264
薪邪谢懈胁泻邪	0.000284	0.040822	0.000012
薪邪谢懈褔懈械	0.000284	2.813411	0.000798
薪邪薪褜褟谐芯	0.000284	4.605170	0.001307
薪邪锌懈褌芯泻	0.003121	0.040822	0.000127
薪邪锌芯屑懈薪邪褌褜	0.000284	2.120264	0.000602
薪邪锌褉懈屑械褉	0.000284	1.771957	0.000503
薪邪褉写械泻	0.000284	4.605170	0.001307
薪邪褉褍褕械薪懈械	0.000284	4.605170	0.001307
薪邪褋褌芯泄	0.000284	4.605170	0.001307
薪邪褋褌芯泄泻邪	0.000284	0.040822	0.000012
薪邪褋褌芯褟褖懈泄	0.000284	1.108663	0.000315
薪邪褋褌褉芯械薪懈械	0.000284	0.116534	0.000033
薪邪褌邪	0.000568	3.218876	0.001827
薪邪褌褍褉邪谢褜薪褘泄	0.000851	1.832581	0.001560
薪邪褑懈芯薪邪谢褜薪褘泄	0.000851	0.116534	0.000099
薪邪褔邪谢芯	0.000284	1.514128	0.000430
薪邪褔懈薪泻邪	0.001986	0.040822	0.000081
薪邪褔懈薪褟褌褜	0.000284	2.995732	0.000850
薪邪褕	0.000568	0.040822	0.000023
薪械斜芯谢褜褕芯泄	0.000284	1.832581	0.000520
薪械写械谢褟	0.002838	0.051293	0.000146
薪械卸械谢邪褌械谢褜薪褘泄	0.000284	4.605170	0.001307
薪械卸薪褘泄	0.000284	0.094311	0.000027
薪械蟹褉械谢褘泄	0.000284	4.605170	0.001307
薪械屑械褑泻懈泄	0.000284	0.116534	0.000033
薪械屑薪芯谐芯	0.000284	1.203973	0.000342
薪械屑芯泄	0.000284	1.203973	0.000342
薪械芯卸懈写邪薪薪芯褋褌褜	0.000284	4.605170	0.001307
薪械芯卸懈写邪薪薪褘泄	0.000284	0.116534	0.000033
薪械锌邪谢	0.000284	4.605170	0.001307
薪械锌褉芯锌械褔褢薪薪褘泄	0.000284	4.605170	0.001307
薪械褋泻芯谢褜泻芯	0.000284	0.843970	0.000239
薪械褋谢邪写泻懈泄	0.000284	0.116534	0.000033
薪械褌芯褔薪褘泄	0.000284	4.605170	0.001307
薪懈蟹泻懈泄	0.000284	3.912023	0.001110
薪芯胁芯谐芯写薪懈泄	0.006243	0.040822	0.000255
薪芯胁芯褋褌褜	0.000284	0.061875	0.000018
薪芯胁褘泄	0.003121	0.030459	0.000095
薪芯谐邪	0.000284	4.605170	0.001307
薪芯褉胁械卸褋泻懈泄	0.000284	0.116534	0.000033
薪褜褟	0.000284	4.605170	0.001307
芯斜械写	0.000851	0.105361	0.000090
芯斜械蟹卸懈褉懈胁邪薪懈械	0.000284	4.605170	0.001307
芯斜械蟹褜褟薪邪	0.000284	0.116534	0.000033
芯斜懈谢懈械	0.000284	4.605170	0.001307
芯斜懈褌邪薪懈械	0.000284	3.506558	0.000995
芯斜谢邪写邪褌褜	0.000284	1.660731	0.000471
芯斜屑邪薪	0.000284	4.605170	0.001307
芯斜芯蟹薪邪褔械薪懈械	0.000284	4.605170	0.001307
芯斜褉邪斜邪褌褘胁邪褌褜	0.000284	3.912023	0.001110
芯斜褉邪斜芯褌泻邪	0.000284	2.995732	0.000850
芯斜褉褍褔	0.000284	4.605170	0.001307
芯斜褖邪褌褜褋褟	0.000284	0.040822	0.000012
芯斜褘褔薪芯	0.000568	1.714798	0.000973
芯胁芯褖	0.006810	0.094311	0.000642
芯胁芯褖薪芯泄	0.002554	0.040822	0.000104
芯胁褋褟薪褘泄	0.000284	0.105361	0.000030
芯谐薪械薪薪褘泄	0.000284	0.116534	0.000033
芯谐芯薪褜	0.000568	0.094311	0.000054
芯谐褍褉械褑	0.000568	0.116534	0.000066
芯泻褉芯褕泻邪	0.000851	0.040822	0.000035
芯谢邪写褜褟	0.000851	0.040822	0.000035
芯谢械泄薪芯泄	0.001135	0.116534	0.000132
芯谢械泄薪褘泄	0.001135	0.116534	0.000132
芯屑谢械褌	0.000568	0.040822	0.000023
芯锌邪褉邪	0.000568	0.040822	0.000023
芯锌谢械褋褌懈	0.000284	4.605170	0.001307
芯锌褉芯褋	0.000284	0.061875	0.000018
芯褉械褏	0.000284	0.776529	0.000220
芯褉械褏芯胁褘泄	0.000284	2.995732	0.000850
芯褉懈谐懈薪邪谢	0.000284	1.832581	0.000520
芯褉懈谐懈薪邪谢褜薪褘泄	0.000284	1.049822	0.000298
芯褋胁械褌谢褟褌褜	0.000284	4.605170	0.001307
芯褋械薪薪懈泄	0.001135	0.051293	0.000058
芯褋械薪褜	0.002838	0.105361	0.000299
芯褋薪芯胁邪	0.001135	2.040221	0.002316
芯褋薪芯胁薪褘泄	0.000284	0.040822	0.000012
芯褋芯斜褘泄	0.000284	2.525729	0.000717
芯褋褌邪胁邪褌褜褋褟	0.000284	0.116534	0.000033
芯褋褌械褉泻芯薪	0.000284	4.605170	0.001307
芯褋褌械褉泻褉芯薪	0.000284	4.605170	0.001307
芯褋褌褉褘泄	0.000568	1.897120	0.001077
芯褋褜屑懈薪芯谐	0.000284	3.506558	0.000995
芯褌胁邪褉薪褘泄	0.000284	2.995732	0.000850
芯褌胁械褌	0.000568	0.000000	0.000000
芯褌胁械褌懈褌褜	0.000284	0.051293	0.000015
芯褌写械谢褜薪褘泄	0.000284	2.659260	0.000755
芯褌卸懈屑	0.000284	4.605170	0.001307
芯褌泻褉褘褌褘泄	0.000568	0.105361	0.000060
芯褌谢懈褔邪褌褜褋褟	0.000284	1.469676	0.000417
芯褌屑械薪懈褌褜	0.000284	0.040822	0.000012
芯褌褌邪懈胁邪薪懈械	0.000284	4.605170	0.001307
芯褌褌械薪芯泻	0.000284	3.912023	0.001110
芯褌褌褟卸泻邪	0.000284	4.605170	0.001307
芯褏谢邪写懈褌褜	0.000284	0.116534	0.000033
锌邪写褍斜	0.000284	4.605170	0.001307
锌邪泄	0.000284	4.605170	0.001307
锌邪泻械褌懈泻	0.000284	0.105361	0.000030
锌邪谢芯褔泻邪	0.000284	0.040822	0.000012
锌邪谢褜屑芯胁褘泄	0.000284	4.605170	0.001307
锌邪薪懈褉芯胁泻邪	0.002270	0.116534	0.000265
锌邪褉邪	0.000568	0.116534	0.000066
锌邪褉邪谐胁邪泄褋泻懈泄	0.000284	4.605170	0.001307
锌邪褉邪写	0.001986	0.116534	0.000231
锌邪褉芯胁邪褉泻邪	0.002554	0.105361	0.000269
锌邪褉芯谢褜	0.000284	0.020203	0.000006
锌邪褉褢薪泻邪	0.000284	4.605170	0.001307
锌邪褋褌邪	0.000851	0.040822	0.000035
锌邪褋褌褉芯屑邪	0.000284	0.040822	0.000012
锌邪褋褏邪	0.000568	0.040822	0.000023
锌邪褋褏邪谢褜薪褘泄	0.000851	0.116534	0.000099
锌邪褕褌械谢芯	0.000568	4.605170	0.002614
锌邪褕褌械褌	0.000851	0.040822	0.000035
锌械泻邪褉褜	0.000284	0.127833	0.000036
锌械泻谢械胁邪谢褜薪褘泄	0.000568	4.605170	0.002614
锌械泻谢械胁邪薪薪褘泄	0.000284	4.605170	0.001307
锌械泻褌械薪	0.000284	4.605170	0.001307
锌械谢褜屑械薪褜	0.000284	0.116534	0.000033
锌械锌械谢褜薪褘泄	0.000284	4.605170	0.001307
锌械褉胁褘泄	0.001135	0.040822	0.000046
锌械褉械胁芯写	0.000284	2.813411	0.000798
锌械褉械泄褌懈	0.000284	0.040822	0.000012
锌械褉械泻褍褋	0.000568	0.116534	0.000066
锌械褉械褌械褉械褌褜	0.000284	4.605170	0.001307
锌械褉械褑	0.000284	0.040822	0.000012
锌械褉褋芯薪邪	0.000284	0.116534	0.000033
锌械褉褍邪薪褋泻懈泄	0.000284	0.116534	0.000033
锌械褋芯褔薪褘泄	0.000851	0.105361	0.000090
锌械褋褌懈泻	0.000284	4.605170	0.001307
锌械褌械谢懈薪泻	0.000284	0.127833	0.000036
锌械褔械薪懈械	0.002838	0.040822	0.000116
锌械褔褜	0.000284	0.116534	0.000033
锌械褔褢薪芯褔薪褘泄	0.000284	0.040822	0.000012
锌懈胁芯	0.000568	0.116534	0.000066
锌懈泻邪薪褌	0.000284	0.127833	0.000036
锌懈泻薪懈泻	0.001135	0.105361	0.000120
锌懈薪褑械褌	0.000284	4.605170	0.001307
锌懈褉	0.000284	0.116534	0.000033
锌懈褉芯谐	0.002838	0.040822	0.000116
锌懈褉芯卸薪芯械	0.000851	0.040822	0.000035
锌懈褉芯卸芯泻	0.000284	0.040822	0.000012
锌懈褌邪薪懈械	0.001419	0.094311	0.000134
锌懈褌懈械	0.000568	4.605170	0.002614
锌懈褌褜	0.000284	3.506558	0.000995
锌懈褑褑邪	0.000568	0.040822	0.000023
锌懈褖邪	0.000568	2.207275	0.001253
锌懈褖械胁芯泄	0.000568	2.120264	0.001203
锌谢邪屑褟	0.000284	0.116534	0.000033
锌谢懈褌邪	0.001135	0.116534	0.000132
锌谢芯胁	0.000284	0.116534	0.000033
锌谢芯写	0.000568	0.116534	0.000066
锌芯胁邪褉褢薪芯泻	0.001419	0.000000	0.000000
锌芯胁懈写谢芯	0.000284	0.040822	0.000012
锌芯胁褘褕械薪薪褘泄	0.000284	4.605170	0.001307
锌芯写邪胁邪褌褜	0.000851	1.514128	0.001289
锌芯写邪褉芯泻	0.000284	0.116534	0.000033
锌芯写胁械褉谐薪褍褌褜褋褟	0.000284	4.605170	0.001307
锌芯写写械谢泻邪	0.000568	4.605170	0.002614
锌芯写卸邪褉懈褌褜	0.000851	4.605170	0.003920
锌芯写谢懈胁	0.000284	0.116534	0.000033
锌芯写谢懈胁泻邪	0.000284	0.040822	0.000012
锌芯写薪褟褌褜褋褟	0.000284	3.912023	0.001110
锌芯写芯斜薪褘泄	0.000284	1.427116	0.000405
锌芯写锌懈褋邪褌褜褋褟	0.000851	0.040822	0.000035
锌芯械写懈薪芯泻	0.003973	0.116534	0.000463
锌芯蟹写褉邪胁懈褌褜	0.000284	0.116534	0.000033
锌芯懈褋泻	0.000568	0.051293	0.000029
锌芯谢斜邪	0.000568	4.605170	0.002614
锌芯谢写薪懈泻	0.000568	0.116534	0.000066
锌芯谢械蟹薪芯	0.000284	0.116534	0.000033
锌芯谢懈褌懈泻邪	0.000284	0.040822	0.000012
锌芯谢薪褘泄	0.000284	1.237874	0.000351
锌芯谢芯胁懈薪邪	0.002270	0.105361	0.000239
锌芯谢褍褌胁褢褉写褘泄	0.000284	2.525729	0.000717
锌芯谢褍褔邪褌褜	0.001135	0.040822	0.000046
锌芯谢褜蟹邪	0.001419	0.116534	0.000165
锌芯谢褜褋泻懈泄	0.000284	0.116534	0.000033
锌芯屑邪写泻邪	0.000851	0.040822	0.000035
锌芯屑懈写芯褉	0.000851	0.116534	0.000099
锌芯屑懈写芯褉泻	0.000284	0.127833	0.000036
锌芯屑芯褖褜	0.000284	2.207275	0.000626
锌芯薪	0.000284	4.605170	0.001307
锌芯薪褉邪胁懈褌褜褋褟	0.000284	0.040822	0.000012
锌芯薪褔懈泻	0.000851	0.040822	0.000035
锌芯锌褍谢褟褉薪褘泄	0.000284	1.427116	0.000405
锌芯褉邪	0.000284	0.105361	0.000030
锌芯褉褌褍谐邪谢褜褋泻懈泄	0.000568	0.116534	0.000066
锌芯褉褑懈芯薪薪褘泄	0.000284	3.218876	0.000913
锌芯褋械褖邪褌褜	0.000284	0.061875	0.000018
锌芯褋谢械写薪懈泄	0.000284	1.272966	0.000361
锌芯褋褌	0.001703	0.105361	0.000179
锌芯褋褌薪褘泄	0.000851	0.040822	0.000035
锌芯褋褌芯褟薪薪芯	0.000284	0.040822	0.000012
锌芯褋褍写邪	0.000851	0.094311	0.000080
锌芯褌褉械斜懈褌械谢褜	0.000284	4.605170	0.001307
锌芯褏谢褢斜泻邪	0.000284	4.605170	0.001307
锌芯褏芯卸懈泄	0.000851	0.994252	0.000846
锌芯褔褌邪	0.000284	0.040822	0.000012
锌芯褕邪谐芯胁褘泄	0.000284	0.040822	0.000012
锌褉邪蟹写薪懈泻	0.000568	0.105361	0.000060
锌褉邪蟹写薪懈褔薪芯	0.000284	0.116534	0.000033
锌褉邪蟹写薪懈褔薪褘泄	0.000568	0.105361	0.000060
锌褉邪泻褌懈泻褍屑	0.000284	0.116534	0.000033
锌褉械胁芯褋褏芯写薪褘泄	0.000284	0.116534	0.000033
锌褉械胁褉邪褖械薪懈械	0.000284	0.116534	0.000033
锌褉械写薪邪蟹薪邪褔懈褌褜	0.000568	4.605170	0.002614
锌褉械写褋褌邪胁谢褟褌褜	0.000568	1.714798	0.000973
锌褉械褋薪褘泄	0.000284	0.116534	0.000033
锌褉械褎械褉屑械薪褌	0.000284	4.605170	0.001307
锌褉懈斜芯褉	0.000284	4.605170	0.001307
锌褉懈谐芯褌芯胁懈褌褜	0.000568	0.083382	0.000047
锌褉懈谐芯褌芯胁谢械薪懈械	0.001419	0.040822	0.000058
锌褉懈写邪薪懈械	0.000284	4.605170	0.001307
锌褉懈蟹	0.000284	0.040822	0.000012
锌褉懈蟹薪邪薪懈械	0.000284	0.116534	0.000033
锌褉懈屑械薪褟褌褜	0.000851	3.912023	0.003330
锌褉懈屑械薪褟褌褜褋褟	0.000284	4.605170	0.001307
锌褉懈薪邪写谢械卸邪褖懈泄	0.000568	4.605170	0.002614
锌褉懈锌褉邪胁邪	0.000568	0.040822	0.000023
锌褉懈褉芯写邪	0.000568	0.105361	0.000060
锌褉懈褋褌褍锌懈褌褜	0.000284	0.040822	0.000012
锌褉懈褢屑	0.000851	3.912023	0.003330
锌褉芯胁械褉懈褌褜	0.001703	0.116534	0.000198
锌褉芯胁械褋褌懈	0.001135	0.116534	0.000132
锌褉芯胁芯写懈褌褜	0.000284	0.040822	0.000012
锌褉芯胁芯卸邪褌褜	0.000284	0.116534	0.000033
锌褉芯胁芯谢芯泻邪	0.000284	4.605170	0.001307
锌褉芯写褍泻褌	0.001135	0.072571	0.000082
锌褉芯械泻褌	0.000284	0.051293	0.000015
锌褉芯泄褌懈	0.000284	3.912023	0.001110
锌褉芯褋褌芯	0.000568	0.083382	0.000047
锌褉芯褋褌芯泻胁邪褕邪	0.000284	0.040822	0.000012
锌褉芯褌懈胁械薪褜	0.000284	4.605170	0.001307
锌褉芯褎懈谢褜	0.000284	0.040822	0.000012
锌褉芯褑械褋褋	0.001419	2.525729	0.003584
锌褉褟屑芯	0.000284	0.040822	0.000012
锌褉褟薪懈泻	0.000568	0.040822	0.000023
锌褉褟薪懈褔薪褘泄	0.000284	0.116534	0.000033
锌褉褟薪芯褋褌褜	0.000284	2.995732	0.000850
锌褉褟薪褘泄	0.000284	2.525729	0.000717
锌褌懈褑邪	0.005959	0.116534	0.000694
锌褍写懈薪谐	0.001419	0.040822	0.000058
锌褍写褉邪	0.000284	1.771957	0.000503
锌褍谢懈褕	0.000284	4.605170	0.001307
锌褍薪褕	0.000284	0.040822	0.000012
锌褍褌械褕械褋褌胁懈械	0.000568	0.116534	0.000066
锌褍褌褜	0.000284	0.116534	0.000033
锌褍褌褢屑	0.000284	3.506558	0.000995
锌褕械薪懈褑邪	0.000284	3.912023	0.001110
锌褘褕泻邪	0.000284	0.040822	0.000012
锌褞褉械	0.001135	0.040822	0.000046
褉邪谐褍	0.000568	0.116534	0.000066
褉邪蟹斜邪胁懈褌褜	0.000284	4.605170	0.001307
褉邪蟹胁械褉薪褍褌褜	0.000284	0.116534	0.000033
褉邪蟹写械谢褜薪褘泄	0.000284	0.116534	0.000033
褉邪蟹谢懈褔薪褘泄	0.000851	1.714798	0.001460
褉邪蟹屑芯褉邪卸懈胁邪薪懈械	0.000284	4.605170	0.001307
褉邪蟹薪懈褑邪	0.000284	3.912023	0.001110
褉邪蟹薪芯胁懈写薪芯褋褌褜	0.000851	3.506558	0.002985
褉邪蟹薪褘泄	0.000284	0.094311	0.000027
褉邪褋锌芯谢芯卸懈褌褜	0.000284	2.659260	0.000755
褉邪褋褋芯谢褜薪懈泻	0.000851	0.040822	0.000035
褉邪褋褋芯谢褜薪褘泄	0.000284	4.605170	0.001307
褉邪褋褋褌芯泄泻邪	0.000284	2.525729	0.000717
褉邪褋褋褘谢泻邪	0.000284	0.061875	0.000018
褉邪褋褌胁芯褉	0.000284	4.605170	0.001307
褉邪褋褌械薪懈械	0.000284	3.506558	0.000995
褉械斜褢薪芯泻	0.000284	0.094311	0.000027
褉械谐懈褋褌褉邪褑懈褟	0.000851	0.000000	0.000000
褉械写泻懈泄	0.000284	3.218876	0.000913
褉械卸懈屑	0.000284	3.506558	0.000995
褉械褑械锌褌	0.024404	0.040822	0.000996
褉卸邪薪芯泄	0.000284	3.218876	0.000913
褉懈褋	0.001419	0.040822	0.000058
褉懈褋芯胁褘泄	0.000568	2.525729	0.001433
褉懈褌屑	0.000284	0.116534	0.000033
褉芯谐邪谢懈泻	0.000284	0.040822	0.000012
褉芯写	0.000284	1.832581	0.000520
褉芯写懈褌褜褋褟	0.000284	2.995732	0.000850
褉芯写薪褘泄	0.000284	0.116534	0.000033
褉芯卸写械薪懈械	0.000284	0.105361	0.000030
褉芯卸写械褋褌胁械薪褋泻懈泄	0.000284	2.659260	0.000755
褉芯卸写械褋褌胁芯	0.000284	0.116534	0.000033
褉芯谢谢	0.000568	0.040822	0.000023
褉芯谢谢褌芯薪	0.000284	0.116534	0.000033
褉芯屑	0.000284	0.040822	0.000012
褉芯褌	0.000284	1.427116	0.000405
褉褍斜谢械薪褘泄	0.000284	3.506558	0.000995
褉褍斜褉懈泻邪褌芯褉	0.000284	0.051293	0.000015
褉褍谢械褌	0.003121	0.040822	0.000127
褉褍屑褘薪褋泻懈泄	0.000284	0.116534	0.000033
褉褍屑褟薪褘泄	0.000284	0.116534	0.000033
褉褍薪械褌	0.000284	0.020203	0.000006
褉褍褋褋泻懈泄	0.000851	0.105361	0.000090
褉褍褔泻邪	0.000568	2.407946	0.001367
褉褘斜邪	0.008229	0.040822	0.000336
褉褘斜薪褘泄	0.002838	0.105361	0.000299
褉褟写	0.000284	3.506558	0.000995
褉褟卸械薪泻邪	0.000284	0.116534	0.000033
褋邪泄褌	0.001419	0.000000	0.000000
褋邪谢邪褌	0.009081	0.040822	0.000371
褋邪谢邪褌薪褘泄	0.000284	0.116534	0.000033
褋邪谢芯	0.000284	2.659260	0.000755
褋邪屑芯谐芯薪	0.000284	0.040822	0.000012
褋邪屑褘泄	0.001419	0.105361	0.000149
褋邪褉邪锌邪褌薪褘泄	0.000568	4.605170	0.002614
褋邪褉谐邪薪	0.000284	4.605170	0.001307
褋邪褎	0.000851	0.116534	0.000099
褋邪褎褋械屑邪	0.000284	0.116534	0.000033
褋邪褏邪褉	0.000568	0.105361	0.000060
褋邪褏邪褉邪	0.000284	2.659260	0.000755
褋邪褏邪褉薪褘泄	0.000284	1.771957	0.000503
褋斜懈褌械薪褜	0.000284	0.040822	0.000012
褋斜芯褉薪褘泄	0.000284	4.605170	0.001307
褋胁械卸械褋褌褜	0.000284	0.105361	0.000030
褋胁械泻芯谢褜薪懈泻	0.000568	0.040822	0.000023
褋胁械褌	0.001135	0.116534	0.000132
褋胁械褌邪	0.001135	0.116534	0.000132
褋胁懈薪懈薪	0.001135	0.116534	0.000132
褋胁懈薪懈薪邪	0.000284	0.040822	0.000012
褋胁褢泻谢邪	0.000284	0.040822	0.000012
褋谐褍褖褢薪泻邪	0.000284	0.040822	0.000012
褋写芯斜薪褘泄	0.000568	3.218876	0.001827
褋械蟹芯薪	0.000284	0.116534	0.000033
褋械泄褔邪褋	0.000568	0.030459	0.000017
褋械泻褉械褌	0.000568	0.116534	0.000066
褋械谢褜写褜	0.000284	2.040221	0.000579
褋械谢褢写泻邪	0.000284	0.040822	0.000012
褋械屑械泄薪褘泄	0.000284	0.116534	0.000033
褋械屑械泄褋褌胁芯	0.001419	2.995732	0.004250
褋械屑褜褟	0.000568	0.116534	0.000066
褋械褉械斜褉懈褋褌褘泄	0.000284	4.605170	0.001307
褋懈斜懈褉褋泻懈泄	0.000284	4.605170	0.001307
褋懈写褉	0.000284	0.040822	0.000012
褋懈褉懈泄褋泻懈泄	0.000284	0.116534	0.000033
褋懈褉芯锌	0.001419	0.040822	0.000058
褋懈褉褘泄	0.000284	4.605170	0.001307
褋懈褋褌械屑邪	0.000284	0.040822	0.000012
褋懈褌懈	0.000284	0.127833	0.000036
褋泻邪蟹泻邪	0.000284	0.116534	0.000033
褋谢邪斜芯邪谢泻芯谐芯谢褜薪褘泄	0.000284	4.605170	0.001307
褋谢邪写泻懈泄	0.005675	0.040822	0.000232
褋谢邪写泻芯	0.000284	0.116534	0.000033
褋谢懈胁芯褔薪褘泄	0.000568	0.105361	0.000060
褋谢芯胁邪褉褜	0.001135	4.605170	0.005227
褋谢芯胁芯	0.000284	1.021651	0.000290
褋谢芯泄泻邪	0.000568	0.040822	0.000023
褋谢芯褢薪褘泄	0.000851	0.116534	0.000099
褋屑械褋褜	0.000284	1.469676	0.000417
褋屑械褌邪薪邪	0.000284	0.105361	0.000030
褋屑械褕邪薪薪褘泄	0.000284	0.116534	0.000033
褋屑芯褔褜	0.000284	0.040822	0.000012
褋屑褍蟹懈	0.000851	0.040822	0.000035
褋薪褝泻	0.000284	0.116534	0.000033
褋薪褟褌懈械	0.000284	3.506558	0.000995
褋芯斜懈褉邪褌褜褋褟	0.000284	0.040822	0.000012
褋芯胁械褉褕械薪褋褌胁芯	0.001419	0.116534	0.000165
褋芯胁械褌	0.000284	0.040822	0.000012
褋芯谐谢邪褕邪褌褜褋褟	0.000284	0.040822	0.000012
褋芯蟹写邪胁邪褌褜	0.000284	0.105361	0.000030
褋芯泻	0.001986	0.040822	0.000081
褋芯谢械薪懈械	0.000568	0.116534	0.000066
褋芯谢薪械褔薪褘泄	0.000284	0.116534	0.000033
褋芯谢褜	0.000568	0.127833	0.000073
褋芯谢褟薪泻邪	0.000568	0.040822	0.000023
褋芯谢褢薪褘泄	0.000851	0.116534	0.000099
褋芯褋懈褋泻邪	0.000284	2.207275	0.000626
褋芯褋褌邪胁懈褌褜	0.000284	0.116534	0.000033
褋芯褋褌邪胁谢褟褌褜	0.000284	2.525729	0.000717
褋芯褋褌芯褟褌褜	0.000284	2.525729	0.000717
褋芯褋褍写	0.000568	4.605170	0.002614
褋芯褍褋	0.006810	0.040822	0.000278
褋芯褏褉邪薪褟褌褜	0.000284	0.040822	0.000012
褋芯褑褋械褌褜	0.000284	0.040822	0.000012
褋芯褔械褌邪薪懈械	0.000284	0.105361	0.000030
褋芯褔械褌邪褌褜	0.000284	2.525729	0.000717
褋芯褔薪褘泄	0.000284	0.116534	0.000033
褋芯褟	0.000284	3.912023	0.001110
褋锌械褌褜	0.000284	0.116534	0.000033
褋锌械褑懈邪谢褜薪褘泄	0.000284	0.094311	0.000027
褋锌械褑懈褟	0.000568	0.094311	0.000054
褋锌械褑锌褉芯械泻褌	0.009364	0.116534	0.001091
褋锌懈褋芯泻	0.000284	0.116534	0.000033
褋锌谢褞褋薪褍褌褘泄	0.000284	4.605170	0.001307
褋锌褜械写懈薪懈褌褜	0.000284	4.605170	0.001307
褋褉邪胁薪械薪懈械	0.000284	3.506558	0.000995
褋褉械写邪	0.000284	3.218876	0.000913
褋褉械写懈蟹械屑薪芯屑芯褉褋泻懈泄	0.000284	0.127833	0.000036
褋褌邪斜懈谢懈蟹邪褌芯褉	0.000284	4.605170	0.001307
褋褌邪斜懈谢懈蟹邪褑懈褟	0.000284	4.605170	0.001307
褋褌邪褌褜褟	0.000284	0.061875	0.000018
褋褌械泄泻	0.000284	2.813411	0.000798
褋褌懈谢褜	0.000568	0.116534	0.000066
褋褌芯谢	0.002554	0.105361	0.000269
褋褌褉邪薪邪	0.000568	1.832581	0.001040
褋褌褉芯懈褌械谢褜褋褌胁芯	0.000568	0.040822	0.000023
褋褌褉芯懈褌褜	0.000284	0.040822	0.000012
褋褌褉芯泄薪褘泄	0.000284	0.116534	0.000033
褋褌褉褍褔芯泻	0.000284	4.605170	0.001307
褋褍斜锌褉芯写褍泻褌	0.002838	0.116534	0.000331
褋褍卸邪褌褜褋褟	0.000284	4.605170	0.001307
褋褍锌	0.006243	0.040822	0.000255
褋褍褎谢械	0.000851	0.040822	0.000035
褋褍褎褎懈泻褋	0.000284	4.605170	0.001307
褋褍褏邪褉褜	0.000284	0.040822	0.000012
褋褍褏芯褎褉褍泻褌褘	0.000284	3.218876	0.000913
褋褍褕懈褌褜	0.000568	0.040822	0.000023
褋褗械写芯斜薪褘泄	0.000568	2.813411	0.001597
褋褘褉	0.003973	0.040822	0.000162
褋褘褉薪懈泻	0.000851	0.040822	0.000035
褋褘褉薪褘泄	0.001135	0.040822	0.000046
褋褘褉芯泄	0.000284	2.659260	0.000755
褋褘褌薪褘泄	0.000568	0.105361	0.000060
褋褘褔褍卸薪褘泄	0.000284	0.127833	0.000036
褋褝薪写胁懈褔	0.000284	0.127833	0.000036
褋褞褉锌褉懈蟹	0.000284	0.116534	0.000033
褋褢屑谐邪	0.000284	0.040822	0.000012
褌邪写卸懈泻褋泻懈泄	0.000568	0.116534	0.000066
褌邪泄褋泻懈泄	0.000284	0.116534	0.000033
褌邪褉邪褋褍薪	0.000568	4.605170	0.002614
褌邪褉泻芯胁邪褌褜	0.000284	4.605170	0.001307
褌邪褉褌	0.000284	0.116534	0.000033
褌邪褉褌邪谢械褌泻邪	0.000568	0.040822	0.000023
褌邪褌邪褉褋泻懈泄	0.000568	0.116534	0.000066
褌胁芯泄	0.000568	0.116534	0.000066
褌胁芯褉懈褌褜	0.000284	0.116534	0.000033
褌胁芯褉芯谐	0.001135	0.040822	0.000046
褌胁芯褉芯卸薪褘泄	0.001135	0.094311	0.000107
褌械谢械谐褉邪屑	0.000284	0.040822	0.000012
褌械谢芯	0.000284	3.912023	0.001110
褌械谢褟褌懈薪邪	0.001135	0.116534	0.000132
褌械屑锌械褉邪褌褍褉邪	0.000284	2.995732	0.000850
褌械屑锌械褉邪褌褍褉薪褘泄	0.000284	3.912023	0.001110
褌械锌谢芯	0.000284	0.116534	0.000033
褌械锌谢芯胁芯泄	0.000284	4.605170	0.001307
褌械褉屑懈薪	0.000568	3.912023	0.002220
褌械褉锌泻懈泄	0.000284	4.605170	0.001307
褌械褉褉懈薪邪	0.000284	0.040822	0.000012
褌械褋褌	0.003689	0.105361	0.000389
褌械褋褌芯	0.002554	0.040822	0.000104
褌械褌褉邪褑褑懈薪褟	0.000284	4.605170	0.001307
褌械褎	0.000568	4.605170	0.002614
褌械褎褎	0.000568	4.605170	0.002614
褌械褏薪懈泻邪	0.001419	0.105361	0.000149
褌械褏薪芯谢芯谐懈褟	0.000284	2.207275	0.000626
褌懈锌懈褔薪褘泄	0.000284	4.605170	0.001307
褌懈褏芯芯泻械邪薪褋泻懈泄	0.000284	4.605170	0.001307
褌屑	0.001135	0.127833	0.000145
褌芯泻邪泄	0.000568	4.605170	0.002614
褌芯谢泻褍褕泻邪	0.000284	4.605170	0.001307
褌芯屑	0.000284	1.139434	0.000323
褌芯屑芯谐邪胁泻	0.000284	4.605170	0.001307
褌芯薪谐斜	0.000568	4.605170	0.002614
褌芯薪泻懈泄	0.000284	1.309333	0.000372
褌芯锌谢褢薪褘泄	0.000284	0.116534	0.000033
褌芯锌芯褉懈泻	0.000284	4.605170	0.001307
褌芯褉褌	0.005675	0.040822	0.000232
褌褉邪胁邪	0.000284	0.094311	0.000027
褌褉邪胁褟薪懈褋褌褘泄	0.000284	4.605170	0.001307
褌褉邪写懈褑懈芯薪薪褘泄	0.002838	1.427116	0.004050
褌褉邪写懈褑懈褟	0.001703	0.116534	0.000198
褌褉邪薪褋锌芯褉褌懈褉芯胁泻邪	0.000284	4.605170	0.001307
褌褉械褋泻芯胁褘泄	0.000284	4.605170	0.001307
褌褉械褌褜	0.000284	3.912023	0.001110
褌褉懈屑芯谢懈薪	0.000284	4.605170	0.001307
褌褉褍斜芯褔泻邪	0.000284	0.040822	0.000012
褌褉褢褏谢械褌懈械	0.000284	0.116534	0.000033
褌褍薪械褑	0.000284	0.105361	0.000030
褌褍薪懈褋褋泻懈泄	0.000284	0.116534	0.000033
褌褍褉械褑泻懈泄	0.000284	0.116534	0.000033
褌褍褌芯胁褘泄	0.000284	4.605170	0.001307
褌褍褕泻邪	0.000284	3.912023	0.001110
褌褍褕褢薪泻邪	0.000284	2.995732	0.000850
褌褍褕褢薪褘泄	0.000284	2.659260	0.000755
褌褘泻胁邪	0.000284	0.040822	0.000012
褌褢褖懈薪	0.000284	0.040822	0.000012
褍胁邪褉懈胁邪薪懈械	0.000284	4.605170	0.001307
褍胁邪褉懈胁邪褌褜	0.000284	4.605170	0.001307
褍胁械写芯屑谢械薪懈械	0.000284	0.040822	0.000012
褍谐芯写薪褘泄	0.000284	2.995732	0.000850
褍写邪褔薪褘泄	0.000284	0.116534	0.000033
褍写懈胁懈褌褜	0.000284	0.116534	0.000033
褍写懈胁谢褟褌褜	0.001135	0.116534	0.000132
褍写芯胁芯谢褜褋褌胁懈械	0.000284	0.116534	0.000033
褍卸懈薪	0.001703	0.094311	0.000161
褍蟹斜械泻褋泻懈泄	0.000568	0.116534	0.000066
褍泻褉邪懈薪褋泻懈泄	0.000284	0.116534	0.000033
褍泻褉邪褕械薪懈械	0.002270	0.116534	0.000265
褍泻褉械锌谢械薪懈械	0.000284	4.605170	0.001307
褍泻褋褍褋	0.000284	0.562119	0.000160
褍屑械薪褜褕械薪懈械	0.000284	4.605170	0.001307
褍屑械薪褜褕懈褌械谢褜薪褘泄	0.000284	4.605170	0.001307
褍锌芯褌褉械斜谢械薪懈械	0.000284	0.116534	0.000033
褍锌芯褌褉械斜谢褟褌褜	0.000284	2.207275	0.000626
褍锌芯褌褉械斜谢褟褌褜褋褟	0.000284	3.912023	0.001110
褍褉邪谢褜褋泻懈泄	0.000284	0.116534	0.000033
褍褉芯卸邪泄	0.000284	0.105361	0.000030
褍褋褌邪薪芯胁泻邪	0.000284	4.605170	0.001307
褍褌泻邪	0.000851	0.116534	0.000099
褍褏芯	0.000284	0.040822	0.000012
褍褔邪褋褌胁芯胁邪褌褜	0.000284	0.040822	0.000012
褍褔懈褌褘胁邪褌褜	0.000284	2.659260	0.000755
褎邪写卸	0.000284	3.912023	0.001110
褎邪蟹械薪写邪	0.000284	0.116534	0.000033
褎邪薪褌邪蟹懈褟	0.002270	0.116534	0.000265
褎邪褉褕	0.003973	0.040822	0.000162
褎邪褉褕懈褉芯胁邪薪懈械	0.000284	4.605170	0.001307
褎邪褉褕懈褉芯胁邪薪薪褘泄	0.001986	0.040822	0.000081
褎邪褋芯谢褜	0.000851	0.040822	0.000035
褎械胁褉邪谢褜	0.000284	0.094311	0.000027
褎械泄械褉胁械褉泻	0.000568	0.116534	0.000066
褎懈谐褍褉邪	0.000284	0.116534	0.000033
褎懈蟹	0.000284	4.605170	0.001307
褎懈蟹邪	0.000284	4.605170	0.001307
褎懈谢懈锌锌懈薪褋泻懈泄	0.000284	4.605170	0.001307
褎懈薪褋泻懈泄	0.000568	0.116534	0.000066
褎懈褉屑械薪薪褘泄	0.000284	0.116534	0.000033
褎谢芯褌褋泻懈	0.000284	4.605170	0.001307
褎芯薪写褞	0.000284	0.040822	0.000012
褎芯褉屑邪	0.000568	0.105361	0.000060
褎芯褉褍屑	0.000568	0.040822	0.000023
褎芯褉褕屑邪泻	0.000284	0.040822	0.000012
褎褉	0.000284	3.912023	0.001110
褎褉邪薪褑懈褟	0.000284	0.116534	0.000033
褎褉邪薪褑褍蟹褋泻懈泄	0.000284	0.094311	0.000027
褎褉邪锌锌	0.000284	4.605170	0.001307
褎褉邪褍	0.001135	0.116534	0.000132
褎褉懈褌褞褉	0.000284	2.995732	0.000850
褎褉褍泻褌	0.001419	0.116534	0.000165
褎褉褍泻褌芯胁褘泄	0.002554	0.040822	0.000104
褎褍写	0.000284	0.116534	0.000033
褎褍褉褕械褌	0.000284	0.116534	0.000033
褏邪谢邪	0.000284	4.605170	0.001307
褏邪谢胁邪	0.000284	0.040822	0.000012
褏邪褉邪泻褌械褉薪褘泄	0.001135	3.912023	0.004440
褏邪褉胁械褋褌褎械褋褌	0.000568	0.116534	0.000066
褏邪褉褔芯	0.000568	0.040822	0.000023
褏邪褕	0.000284	0.040822	0.000012
褏胁芯褉芯褋褌	0.000284	0.040822	0.000012
褏械褉薪械泻械泄褌褌芯	0.000284	4.605170	0.001307
褏懈薪泻邪谢懈	0.000284	0.116534	0.000033
褏懈褌	0.001986	0.116534	0.000231
褏懈褖薪褘泄	0.000284	4.605170	0.001307
褏谢械斜	0.002270	0.040822	0.000093
褏谢械斜芯锌械褔泻邪	0.000284	0.116534	0.000033
褏谢芯锌褜褟	0.000568	0.094311	0.000054
褏芯蟹褟泄泻邪	0.000284	0.116534	0.000033
褏芯谢芯写械褑	0.000284	0.040822	0.000012
褏芯谢芯写薪芯械	0.000568	0.116534	0.000066
褏芯谢芯写薪褘泄	0.001135	0.116534	0.000132
褏芯褉胁邪褌褋泻懈泄	0.000284	0.116534	0.000033
褏芯褉芯褕懈泄	0.001135	0.040822	0.000046
褏芯褉芯褕芯	0.001419	0.105361	0.000149
褏芯褉褋	0.000284	0.116534	0.000033
褏芯褌械褌褜	0.000284	0.000000	0.000000
褏褉邪薪械薪懈械	0.000284	2.995732	0.000850
褏褉械薪芯胁懈薪邪	0.000284	4.605170	0.001307
褏褍屑褍褋邪	0.000284	0.040822	0.000012
褑邪褉褋褌胁芯	0.000284	0.127833	0.000036
褑邪褉褜	0.000284	0.116534	0.000033
褑胁械褌	0.000568	1.771957	0.001006
褑胁械褌邪	0.000284	2.407946	0.000683
褑胁械褌薪芯泄	0.000284	0.040822	0.000012
褑胁械褌芯泻	0.000568	3.506558	0.001990
褑械谢褘泄	0.000284	1.714798	0.000487
褑械谢褜薪褘泄	0.000284	3.912023	0.001110
褑械薪薪褘泄	0.000568	0.040822	0.000023
褑械薪褌褉	0.000284	0.116534	0.000033
褑懈屑械褋	0.000284	4.605170	0.001307
褔邪胁褘褔邪	0.000284	4.605170	0.001307
褔邪械屑褘泄	0.000284	0.116534	0.000033
褔邪泄	0.000851	0.040822	0.000035
褔邪褋褌芯	0.000284	0.994252	0.000282
褔邪褋褌褘泄	0.000284	2.659260	0.000755
褔邪褋褌褜	0.000568	2.040221	0.001158
褔械斜褍褉械泻	0.000568	0.040822	0.000023
褔械泄	0.000284	4.605170	0.001307
褔械褉械屑褕邪	0.000284	4.605170	0.001307
褔械褉泻懈蟹芯胁褘泄	0.000568	0.116534	0.000066
褔械褉薪懈谢邪	0.000568	4.605170	0.002614
褔械褋褌薪芯泄	0.000284	0.040822	0.000012
褔械褔械胁懈褑邪	0.000284	0.040822	0.000012
褔械褕褋泻懈泄	0.000284	0.116534	0.000033
褔械褕褍褟	0.000284	4.605170	0.001307
褔懈蟹泻械泄泻	0.001135	0.040822	0.000046
褔懈泻械薪	0.000284	4.605170	0.001307
褔懈谢懈泄褋泻懈泄	0.000284	0.116534	0.000033
褔懈锌褋褘	0.000284	0.040822	0.000012
褔懈褌邪褌褜	0.028377	1.832581	0.052003
褔褍胁邪褕褋泻懈泄	0.000284	3.912023	0.001110
褔褍写芯	0.000284	0.116534	0.000033
褔褍泻芯褌褋泻懈泄	0.000284	4.605170	0.001307
褔褢褉薪褘泄	0.000568	0.356675	0.000202
褕邪屑锌邪薪褋泻懈泄	0.000284	3.912023	0.001110
褕邪屑锌邪薪褋泻芯械	0.000284	3.506558	0.000995
褕邪屑锌褍褉	0.000284	4.605170	0.001307
褕邪褉懈泻	0.000284	0.040822	0.000012
褕邪褉谢芯褌泻邪	0.000568	0.040822	0.000023
褕邪褉屑	0.000284	0.116534	0.000033
褕邪褕谢褘泻	0.004257	0.040822	0.000174
褕胁械写褋泻懈泄	0.000284	0.116534	0.000033
褕胁械泄褑邪褉褋泻懈泄	0.000284	0.116534	0.000033
褕械写械胁褉	0.000284	0.116534	0.000033
褕械褎	0.000284	0.127833	0.000036
褕懈锌褍褔懈泄	0.000284	4.605170	0.001307
褕懈锌褍褔泻邪	0.000284	0.040822	0.000012
褕懈褉芯泻懈泄	0.000284	0.127833	0.000036
褕懈褉芯泻芯	0.000568	3.912023	0.002220
褕泻芯谢邪	0.000284	0.116534	0.000033
褕芯泻芯谢邪写	0.000284	0.040822	0.000012
褕芯褌谢邪薪写褋泻懈泄	0.000568	0.116534	0.000066
褕褌邪褌	0.000284	3.912023	0.001110
褕褌褉褍写械谢褜	0.000284	0.040822	0.000012
褕褍褉锌邪	0.000284	0.040822	0.000012
褖械写褉褘泄	0.000284	0.116534	0.000033
褖械锌芯褌泻邪	0.000284	3.912023	0.001110
褖懈	0.000568	0.040822	0.000023
褝写邪	0.000284	4.605170	0.001307
褝蟹谐械泄	0.000284	4.605170	0.001307
褝泻蟹芯褌懈褔械褋泻懈泄	0.000284	3.506558	0.000995
褝泻芯屑懈谢泻	0.000284	0.127833	0.000036
褝褋泻懈屑芯褋褋泻懈泄	0.000284	4.605170	0.001307
褝褋褌芯薪褋泻懈泄	0.000284	0.116534	0.000033
褞谐芯褋谢邪胁褋泻懈泄	0.000284	0.116534	0.000033
褞褕泻邪	0.000284	4.605170	0.001307
褟谐芯写邪	0.001135	2.302585	0.002614
褟谐芯写薪褘泄	0.001419	0.105361	0.000149
褟蟹褘泻	0.000284	0.040822	0.000012
褟懈褔薪懈褑邪	0.000284	2.659260	0.000755
褟懈褔薪褘泄	0.000284	0.941609	0.000267
褟泄褑芯	0.001703	0.040822	0.000070
褟薪	0.000284	4.605170	0.001307
褟薪写械泻褋	0.000284	0.072571	0.000021
褟锌芯薪褋泻懈泄	0.000851	0.051293	0.000044
褟褉泻懈泄	0.000284	0.116534	0.000033
褟褉泻芯	0.000284	0.105361	0.000030
褢屑泻芯褋褌褜	0.000284	3.218876	0.000913
