谢械屑屑邪	TF	IDF	TF-IDF
邪写褉械褋	0.026316	2.995732	0.078835
胁邪褕	0.026316	0.000000	0.000000
胁胁械褋褌懈	0.026316	3.912023	0.102948
胁芯蟹薪懈泻薪褍褌褜	0.013158	2.995732	0.039418
胁芯泄褌懈	0.052632	0.000000	0.000000
胁芯锌褉芯褋	0.013158	0.000000	0.000000
胁褘褋谢邪褌褜	0.013158	4.605170	0.060594
谐谢褟薪械褑	0.013158	3.218876	0.042354
械写懈薪褘泄	0.013158	0.000000	0.000000
卸械薪褋泻懈泄	0.013158	0.020203	0.000266
卸械薪褖懈薪邪	0.013158	0.061875	0.000814
卸褍褉薪邪谢	0.013158	0.072571	0.000955
蟹邪斜褘褌褜	0.013158	2.040221	0.026845
懈薪褋褌褉褍泻褑懈褟	0.013158	0.030459	0.000401
泻褉褍锌薪褘泄	0.013158	2.659260	0.034990
泻褍谢懈薪邪褉薪褘泄	0.013158	0.000000	0.000000
屑邪屑邪	0.013158	1.469676	0.019338
屑械写懈邪褎芯褉褌	0.013158	0.000000	0.000000
屑械褋褟褑	0.013158	1.660731	0.021852
屑芯写邪	0.013158	3.218876	0.042354
屑芯褔褜	0.013158	0.000000	0.000000
薪邪锌懈褋邪褌褜	0.013158	2.659260	0.034990
薪邪褋谢邪褌褜	0.013158	2.407946	0.031683
薪械褋泻褍褔薪芯	0.013158	3.218876	0.042354
薪芯胁褘泄	0.013158	0.030459	0.000401
芯薪谢邪泄薪	0.026316	3.218876	0.084707
芯褉懈械薪褌懈褉芯胁邪褌褜	0.013158	3.218876	0.042354
芯褌胁械褌	0.026316	0.000000	0.000000
锌邪褉芯谢褜	0.039474	0.020203	0.000797
锌芯胁邪褉褢薪芯泻	0.013158	0.000000	0.000000
锌芯谢褍褔懈褌褜	0.013158	1.237874	0.016288
锌芯屑芯褔褜	0.013158	2.407946	0.031683
锌芯屑芯褖褜	0.026316	2.207275	0.058086
锌芯褋褌邪褉邪褌褜褋褟	0.013158	2.995732	0.039418
锌芯褔褌芯胁褘泄	0.013158	3.218876	0.042354
锌褉芯斜谢械屑邪	0.013158	1.832581	0.024113
褉邪蟹写械谢	0.013158	2.813411	0.037019
褉邪褋锌芯谢芯卸懈褌褜	0.013158	2.659260	0.034990
褉械谐懈褋褌褉邪褑懈褟	0.026316	0.000000	0.000000
褉芯写懈褌械谢褜	0.013158	1.966113	0.025870
褉褍薪械褌	0.013158	0.020203	0.000266
褋邪泄褌	0.052632	0.000000	0.000000
褋械褌褜	0.026316	2.302585	0.060594
褋谢械写芯胁邪褌褜	0.013158	3.912023	0.051474
褋芯褑懈邪谢褜薪褘泄	0.026316	3.218876	0.084707
褋褌邪褌褜	0.026316	1.049822	0.027627
褋褌褉邪薪邪	0.013158	1.832581	0.024113
褌芯屑	0.013158	1.139434	0.014993
褌褉褍写薪芯褋褌褜	0.013158	3.218876	0.042354
褍泻邪蟹褘胁邪褌褜	0.013158	3.912023	0.051474
褏芯褌械褌褜	0.013158	0.000000	0.000000
褏褍写械褌褜	0.026316	2.207275	0.058086
褟薪写械泻褋	0.013158	0.072571	0.000955
褟褖懈泻	0.013158	3.218876	0.042354
