谢械屑屑邪	TF	IDF	TF-IDF
邪胁褌芯褉	0.001504	0.040822	0.000061
邪胁褌芯褉懈蟹邪褑懈褟	0.001504	3.912023	0.005883
邪写卸懈泻邪	0.001504	0.040822	0.000061
邪写屑懈薪懈褋褌褉邪褌芯褉	0.001504	2.995732	0.004505
邪写褉械褋	0.006015	2.995732	0.018019
邪泄褉邪薪	0.001504	0.040822	0.000061
邪泻泻邪褍薪褌	0.001504	4.605170	0.006925
邪泻褌懈胁薪芯褋褌褜	0.001504	4.605170	0.006925
邪泻褌褍邪谢褜薪褘泄	0.001504	3.912023	0.005883
邪薪邪谢懈褌懈泻	0.001504	4.605170	0.006925
邪薪泻械褌邪	0.001504	4.605170	0.006925
斜邪泻谢邪卸邪薪	0.001504	0.040822	0.000061
斜邪褋褌褍褉屑	0.001504	0.040822	0.000061
斜邪褋褌褍褉屑邪	0.001504	0.040822	0.000061
斜械蟹械	0.001504	0.040822	0.000061
斜懈褋泻胁懈褌	0.001504	0.040822	0.000061
斜谢懈薪	0.001504	0.040822	0.000061
斜谢芯泻懈褉芯胁泻邪	0.001504	4.605170	0.006925
斜谢褞写芯	0.007519	0.040822	0.000307
斜芯褉褖	0.001504	0.040822	0.000061
斜芯褌胁懈薪褜褟	0.001504	0.040822	0.000061
斜褉邪褍蟹械褉	0.004511	0.040822	0.000184
斜褉邪褍薪懈	0.001504	0.040822	0.000061
斜褉芯泻泻芯谢懈	0.001504	0.040822	0.000061
斜褍卸械薪懈薪邪	0.001504	0.040822	0.000061
斜褍谢芯褔泻邪	0.001504	0.040822	0.000061
斜褍谢褜芯薪	0.001504	0.040822	0.000061
斜褍褉谐械褉	0.001504	0.040822	0.000061
斜褍褌械褉斜褉芯写	0.001504	0.040822	0.000061
胁邪褉械薪懈械	0.001504	0.040822	0.000061
胁邪褌褉褍褕泻邪	0.001504	0.040822	0.000061
胁邪褎谢褟	0.001504	0.040822	0.000061
胁邪褕	0.001504	0.000000	0.000000
胁胁芯写懈褌褜	0.001504	0.040822	0.000061
胁械褋械薪薪懈泄	0.001504	0.051293	0.000077
胁蟹邪懈屑芯写械泄褋褌胁懈械	0.001504	4.605170	0.006925
胁懈薪芯	0.001504	0.040822	0.000061
胁泻谢褞褔邪褟	0.003008	4.605170	0.013850
胁泻褍褋薪褘泄	0.001504	0.061875	0.000093
胁芯泄褌懈	0.001504	0.000000	0.000000
胁芯锌褉芯褋	0.001504	0.000000	0.000000
胁锌褉邪胁械	0.003008	4.605170	0.013850
胁褉械屑褟	0.004511	0.105361	0.000475
胁褋锌芯屑薪懈褌褜	0.001504	0.040822	0.000061
胁褋褌褍锌邪褌褜	0.001504	2.302585	0.003463
胁褏芯写	0.004511	0.030459	0.000137
胁褘泄褌懈	0.001504	0.040822	0.000061
胁褘锌械褔泻邪	0.001504	0.040822	0.000061
谐邪褉薪懈褉	0.001504	0.040822	0.000061
谐邪褋锌邪褔芯	0.001504	0.040822	0.000061
谐谢邪胁薪褘泄	0.001504	0.040822	0.000061
谐谢邪蟹褍褉褜	0.001504	0.040822	0.000061
谐谢懈薪褌胁械泄薪	0.001504	0.040822	0.000061
谐芯褉褔懈褑邪	0.001504	0.040822	0.000061
谐芯褉褕芯褔械泻	0.001504	0.040822	0.000061
谐芯褋褍写邪褉褋褌胁械薪薪褘泄	0.001504	4.605170	0.006925
谐褉械薪泻邪	0.001504	0.040822	0.000061
谐褉械褔泻邪	0.001504	0.040822	0.000061
谐褉懈斜	0.001504	0.040822	0.000061
谐褉懈斜薪芯泄	0.001504	0.040822	0.000061
谐褉芯谐	0.001504	0.040822	0.000061
谐褉褍锌锌邪	0.004511	0.061875	0.000279
写邪胁邪褌褜	0.001504	0.040822	0.000061
写邪谢械械	0.004511	2.813411	0.012692
写邪薪薪褘械	0.024060	0.040822	0.000982
写邪薪薪褘泄	0.001504	1.660731	0.002497
写邪褌褜	0.013534	0.040822	0.000552
写械谢懈褌褜褋褟	0.001504	0.040822	0.000061
写械薪褜	0.001504	0.040822	0.000061
写械褋械褉褌	0.001504	0.040822	0.000061
写卸械屑	0.001504	0.040822	0.000061
写卸械屑邪	0.001504	0.040822	0.000061
写薪械胁薪懈泻	0.001504	0.061875	0.000093
写芯斜邪胁谢褟褌褜	0.001504	0.040822	0.000061
写芯斜褉芯胁芯谢褜薪芯	0.001504	4.605170	0.006925
写芯屑	0.004511	0.040822	0.000184
写芯屑邪褕薪懈泄	0.003008	0.040822	0.000123
写芯褋褌懈卸械薪懈械	0.001504	3.912023	0.005883
写芯褋褌褍锌	0.003008	3.912023	0.011765
械写懈薪褘泄	0.001504	0.000000	0.000000
卸邪谢芯斜邪	0.001504	4.605170	0.006925
卸邪褉泻芯械	0.001504	0.040822	0.000061
卸械谢械	0.001504	0.040822	0.000061
卸械薪褋泻懈泄	0.001504	0.020203	0.000030
卸懈蟹薪褜	0.001504	0.040822	0.000061
卸褍谢褜械薪	0.001504	0.040822	0.000061
卸褞谢褜械薪	0.001504	0.040822	0.000061
卸褞谢褜薪褘泄	0.001504	0.040822	0.000061
蟹邪谐芯褌芯胁泻邪	0.001504	0.040822	0.000061
蟹邪写邪胁邪褌褜	0.001504	0.040822	0.000061
蟹邪泻胁邪褋泻邪	0.001504	0.040822	0.000061
蟹邪泻芯薪芯写邪褌械谢褜褋褌胁芯	0.006015	4.605170	0.027700
蟹邪泻褍褋泻邪	0.001504	0.040822	0.000061
蟹邪谢懈胁薪芯械	0.001504	0.040822	0.000061
蟹邪锌械泻邪薪泻邪	0.001504	0.040822	0.000061
蟹邪锌褉邪胁泻邪	0.001504	0.040822	0.000061
蟹邪锌褉芯褋	0.003008	2.120264	0.006377
蟹邪褉械谐懈褋褌褉懈褉芯胁邪褌褜褋褟	0.003008	0.030459	0.000092
蟹邪褖懈褌邪	0.004511	4.605170	0.020775
蟹械褎懈褉	0.001504	0.040822	0.000061
蟹懈屑邪	0.001504	0.040822	0.000061
蟹懈屑薪懈泄	0.001504	0.051293	0.000077
懈写械薪褌懈褎懈泻邪褌芯褉	0.001504	3.912023	0.005883
懈蟹斜褉邪薪薪褘泄	0.001504	3.912023	0.005883
懈蟹屑械薪械薪懈械	0.003008	2.302585	0.006925
懈蟹屑械薪褟褌褜	0.001504	3.912023	0.005883
懈泻褉邪	0.001504	0.040822	0.000061
懈屑械褌褜	0.001504	1.171183	0.001761
懈屑褟	0.003008	0.030459	0.000092
懈薪薪邪	0.003008	4.605170	0.013850
懈薪芯泄	0.001504	2.040221	0.003068
懈薪褋褌褉褍泻褑懈褟	0.001504	0.030459	0.000046
懈薪褎芯褉屑邪褑懈芯薪薪褘泄	0.001504	4.605170	0.006925
懈薪褎芯褉屑邪褑懈褟	0.004511	3.912023	0.017648
懈褋泻谢褞褔械薪懈械	0.001504	3.218876	0.004840
懈褋锌芯谢褜蟹芯胁邪薪懈械	0.001504	2.659260	0.003999
懈褋锌芯谢褜蟹芯胁邪褌褜	0.004511	1.171183	0.005284
泄芯谐褍褉褌	0.001504	0.040822	0.000061
泻邪斜邪褔芯泻	0.001504	0.040822	0.000061
泻邪泻邪芯	0.001504	0.040822	0.000061
泻邪谢褜屑邪褉	0.001504	0.040822	0.000061
泻邪薪邪谢	0.004511	0.040822	0.000184
泻邪薪邪锌械	0.001504	0.040822	0.000061
泻邪锌褍褋褌邪	0.004511	0.040822	0.000184
泻邪锌褍褋褌薪褟泻	0.001504	0.040822	0.000061
泻邪褉邪屑械谢褜	0.001504	0.040822	0.000061
泻邪褉褌芯褎械谢褜	0.001504	0.040822	0.000061
泻邪褉褌芯褎械谢褜薪褘泄	0.001504	0.040822	0.000061
泻邪褉褌芯褕泻邪	0.003008	0.040822	0.000123
泻邪褔械褋褌胁芯	0.001504	0.105361	0.000158
泻邪褕邪	0.001504	0.040822	0.000061
泻胁邪褋	0.001504	0.040822	0.000061
泻械泻褋	0.001504	0.040822	0.000061
泻械褎懈褉	0.001504	0.040822	0.000061
泻懈屑褔邪褌褜	0.001504	0.040822	0.000061
泻懈褋械谢褜	0.001504	0.040822	0.000061
泻薪懈谐邪	0.001504	0.040822	0.000061
泻芯泻褌械泄谢褜	0.001504	0.040822	0.000061
泻芯谢斜邪褋邪	0.001504	0.040822	0.000061
泻芯屑屑械薪褌邪褉懈泄	0.003008	0.127833	0.000384
泻芯屑锌芯褌	0.001504	0.040822	0.000061
泻芯薪泻褍褉褋	0.003008	0.040822	0.000123
泻芯薪褋械褉胁懈褉芯胁邪薪懈械	0.001504	0.040822	0.000061
泻芯薪褌邪泻褌薪褘泄	0.001504	4.605170	0.006925
泻芯薪褎械褌邪	0.001504	0.040822	0.000061
泻芯薪褎懈写械薪褑懈邪谢褜薪芯褋褌褜	0.007519	0.040822	0.000307
泻芯薪褎懈褌褞褉	0.001504	0.040822	0.000061
泻芯褉械泄褋泻懈	0.001504	0.040822	0.000061
泻芯褉卸懈泻	0.001504	0.040822	0.000061
泻芯褉褉械泻褌薪褘泄	0.001504	4.605170	0.006925
泻芯褌谢械褌邪	0.001504	0.040822	0.000061
泻芯褎械	0.001504	0.040822	0.000061
泻褉械屑	0.001504	0.040822	0.000061
泻褉芯屑械	0.001504	0.061875	0.000093
泻褍谢械褕	0.001504	0.040822	0.000061
泻褍谢懈薪邪褉薪褘泄	0.001504	0.000000	0.000000
泻褍谢懈褔	0.001504	0.040822	0.000061
泻褍褉懈褑邪	0.001504	0.040822	0.000061
泻褍褋泻褍褋	0.001504	0.040822	0.000061
泻褍褏薪褟	0.003008	0.040822	0.000123
谢邪胁邪褕	0.001504	0.040822	0.000061
谢邪谐屑邪薪	0.001504	0.040822	0.000061
谢邪锌褕邪	0.001504	0.040822	0.000061
谢械锌褢褕泻邪	0.001504	0.040822	0.000061
谢械褌薪懈泄	0.001504	0.040822	0.000061
谢械褔芯	0.001504	0.040822	0.000061
谢懈泻褢褉	0.001504	0.040822	0.000061
谢懈屑芯薪邪写	0.001504	0.040822	0.000061
谢懈褑芯	0.003008	3.218876	0.009681
谢芯谐懈薪	0.001504	4.605170	0.006925
谢褞斜芯泄	0.001504	0.094311	0.000142
屑邪泻邪褉芯薪褘	0.001504	0.040822	0.000061
屑邪薪薪懈泻	0.001504	0.040822	0.000061
屑邪褉懈薪邪写	0.001504	0.040822	0.000061
屑邪褉泻械褌懈薪谐芯胁褘泄	0.001504	4.605170	0.006925
屑邪褉屑械谢邪写	0.001504	0.040822	0.000061
屑邪褋泻邪褉锌芯薪	0.001504	0.040822	0.000061
屑邪褋谢械薪懈褑邪	0.001504	0.040822	0.000061
屑邪褋褌懈泻邪	0.001504	0.040822	0.000061
屑械写懈邪褎芯褉褌	0.007519	0.000000	0.000000
屑械褉邪	0.001504	1.832581	0.002756
屑械褔褌邪	0.001504	0.040822	0.000061
屑懈写懈褟	0.001504	0.040822	0.000061
屑懈褋芯	0.001504	0.040822	0.000061
屑懈褔褍褉懈薪褋泻懈泄	0.003008	4.605170	0.013850
屑薪芯卸械褋褌胁芯	0.001504	0.040822	0.000061
屑芯谢芯褔薪褘泄	0.001504	0.040822	0.000061
屑芯屑械薪褌	0.001504	0.105361	0.000158
屑芯褉械锌褉芯写褍泻褌	0.001504	0.040822	0.000061
屑芯褉泻芯胁褜	0.001504	0.040822	0.000061
屑芯褉芯卸械薪芯械	0.001504	0.040822	0.000061
屑芯褉褋	0.001504	0.040822	0.000061
屑芯褋泻胁邪	0.003008	2.120264	0.006377
屑芯褏懈褌褘泄	0.001504	0.040822	0.000061
屑芯褔褜	0.001504	0.000000	0.000000
屑褍褋褋	0.001504	0.040822	0.000061
屑褍褋褋邪	0.001504	0.040822	0.000061
屑褟褋薪芯泄	0.001504	0.040822	0.000061
屑褟褋芯	0.003008	0.040822	0.000123
薪邪谢懈胁泻邪	0.001504	0.040822	0.000061
薪邪锌懈褌芯泻	0.004511	0.040822	0.000184
薪邪锌褉邪胁懈褌褜	0.001504	3.912023	0.005883
薪邪锌褉邪胁谢械薪懈械	0.001504	4.605170	0.006925
薪邪锌褉邪胁谢褟褌褜	0.001504	4.605170	0.006925
薪邪锌褉懈屑械褉	0.004511	1.771957	0.007994
薪邪褋褌芯泄泻邪	0.001504	0.040822	0.000061
薪邪褋褌芯褟褖懈泄	0.003008	1.108663	0.003334
薪邪褋褌褉芯泄泻邪	0.003008	4.605170	0.013850
薪邪褔懈薪泻邪	0.001504	0.040822	0.000061
薪邪褕	0.003008	0.040822	0.000123
薪械写械谢褟	0.001504	0.051293	0.000077
薪械写芯锌褍褖械薪懈械	0.001504	4.605170	0.006925
薪械泻芯褌芯褉褘泄	0.001504	1.897120	0.002853
薪械芯斜褏芯写懈屑褘泄	0.003008	2.659260	0.007998
薪械褋邪薪泻褑懈芯薪懈褉芯胁邪薪薪褘泄	0.001504	4.605170	0.006925
薪芯胁芯谐芯写薪懈泄	0.001504	0.040822	0.000061
薪芯胁芯褋褌褜	0.001504	0.061875	0.000093
薪芯胁褘泄	0.001504	0.030459	0.000046
薪褟	0.003008	4.605170	0.013850
芯斜械褋锌械褔械薪懈械	0.001504	4.605170	0.006925
芯斜械褋锌械褔懈胁邪褌褜	0.001504	4.605170	0.006925
芯斜薪芯胁懈褌褜	0.001504	4.605170	0.006925
芯斜褉邪斜邪褌褘胁邪褌褜	0.001504	3.912023	0.005883
芯斜褉邪斜邪褌褘胁邪褌褜褋褟	0.001504	4.605170	0.006925
芯斜褉邪斜芯褌泻邪	0.006015	2.995732	0.018019
芯斜褉邪褌薪褘泄	0.001504	4.605170	0.006925
芯斜褉邪褖械薪懈械	0.001504	4.605170	0.006925
芯斜褖邪褌褜褋褟	0.001504	0.040822	0.000061
芯斜褖械褋褌胁芯	0.001504	4.605170	0.006925
芯胁芯褖薪芯泄	0.003008	0.040822	0.000123
芯谐褉邪薪懈褔械薪薪褘泄	0.001504	4.605170	0.006925
芯泻褉芯褕泻邪	0.001504	0.040822	0.000061
芯谢邪写褜褟	0.001504	0.040822	0.000061
芯谢懈屑锌懈泄褋泻懈泄	0.003008	4.605170	0.013850
芯屑谢械褌	0.001504	0.040822	0.000061
芯芯芯	0.001504	4.605170	0.006925
芯锌邪褉邪	0.001504	0.040822	0.000061
芯锌械褉邪褌芯褉	0.010526	4.605170	0.048475
芯锌褉械写械谢褟褌褜	0.001504	4.605170	0.006925
芯锌褉芯褋	0.003008	0.061875	0.000186
芯锌褘褌	0.001504	2.407946	0.003621
芯褉谐邪薪	0.003008	4.605170	0.013850
芯褉谐邪薪懈蟹邪褑懈芯薪薪褘泄	0.001504	4.605170	0.006925
芯褋械薪薪懈泄	0.001504	0.051293	0.000077
芯褋薪芯胁薪褘泄	0.001504	0.040822	0.000061
芯褌胁械褌	0.003008	0.000000	0.000000
芯褌胁械褌懈褌褜	0.001504	0.051293	0.000077
芯褌胁械褌褋褌胁械薪薪芯褋褌褜	0.001504	2.120264	0.003188
芯褌写械谢褜薪褘泄	0.001504	2.659260	0.003999
芯褌泻谢褞褔懈褌褜	0.001504	3.912023	0.005883
芯褌屑械薪懈褌褜	0.001504	0.040822	0.000061
芯褌芯蟹胁邪褌褜	0.001504	4.605170	0.006925
锌邪谢芯褔泻邪	0.001504	0.040822	0.000061
锌邪褉芯谢褜	0.001504	0.020203	0.000030
锌邪褉褌薪褢褉	0.001504	4.605170	0.006925
锌邪褋褌邪	0.001504	0.040822	0.000061
锌邪褋褌褉芯屑邪	0.001504	0.040822	0.000061
锌邪褋褏邪	0.001504	0.040822	0.000061
锌邪褕褌械褌	0.001504	0.040822	0.000061
锌械褉胁褘泄	0.001504	0.040822	0.000061
锌械褉械写邪胁邪褌褜	0.001504	4.605170	0.006925
锌械褉械写邪褔邪	0.001504	2.040221	0.003068
锌械褉械泄褌懈	0.001504	0.040822	0.000061
锌械褉械褑	0.001504	0.040822	0.000061
锌械褉械褔械薪褜	0.001504	4.605170	0.006925
锌械褉褋芯薪邪谢褜薪褘泄	0.012030	4.605170	0.055401
锌械褔械薪懈械	0.001504	0.040822	0.000061
锌械褔褢薪芯褔薪褘泄	0.001504	0.040822	0.000061
锌懈褉芯谐	0.001504	0.040822	0.000061
锌懈褉芯卸薪芯械	0.001504	0.040822	0.000061
锌懈褉芯卸芯泻	0.001504	0.040822	0.000061
锌懈褑褑邪	0.001504	0.040822	0.000061
锌芯胁邪褉褢薪芯泻	0.004511	0.000000	0.000000
锌芯胁懈写谢芯	0.001504	0.040822	0.000061
锌芯胁谢懈褟褌褜	0.001504	4.605170	0.006925
锌芯胁褘褕械薪懈械	0.001504	4.605170	0.006925
锌芯写谢懈胁泻邪	0.001504	0.040822	0.000061
锌芯写锌懈褋邪褌褜褋褟	0.004511	0.040822	0.000184
锌芯写褉褟写褔懈泻	0.001504	4.605170	0.006925
锌芯懈褋泻	0.001504	0.051293	0.000077
锌芯谢懈褌懈泻邪	0.013534	0.040822	0.000552
锌芯谢褍褔邪褌褜	0.004511	0.040822	0.000184
锌芯谢褜蟹芯胁邪褌械谢褜	0.013534	1.309333	0.017720
锌芯谢褜蟹芯胁邪褌械谢褜褋泻懈泄	0.004511	4.605170	0.020775
锌芯屑邪写泻邪	0.001504	0.040822	0.000061
锌芯薪褉邪胁懈褌褜褋褟	0.001504	0.040822	0.000061
锌芯薪褔懈泻	0.001504	0.040822	0.000061
锌芯褉褟写芯泻	0.001504	3.218876	0.004840
锌芯褋械褖邪褌褜	0.003008	0.061875	0.000186
锌芯褋褌薪褘泄	0.001504	0.040822	0.000061
锌芯褋褌芯褟薪薪芯	0.001504	0.040822	0.000061
锌芯褔褌邪	0.003008	0.040822	0.000123
锌芯褕邪谐芯胁褘泄	0.001504	0.040822	0.000061
锌褉	0.003008	3.912023	0.011765
锌褉邪胁芯	0.003008	3.218876	0.009681
锌褉械写芯褋褌邪胁懈褌褜	0.001504	4.605170	0.006925
锌褉懈胁谢械褔械薪懈械	0.001504	4.605170	0.006925
锌褉懈谐芯褌芯胁谢械薪懈械	0.001504	0.040822	0.000061
锌褉懈蟹	0.001504	0.040822	0.000061
锌褉懈屑械薪褟褌褜	0.001504	3.912023	0.005883
锌褉懈锌褉邪胁邪	0.001504	0.040822	0.000061
锌褉懈褋褌褍锌懈褌褜	0.001504	0.040822	0.000061
锌褉芯胁械写械薪懈械	0.001504	3.912023	0.005883
锌褉芯胁芯写懈褌褜	0.001504	0.040822	0.000061
锌褉芯写芯谢卸邪褌褜	0.001504	2.525729	0.003798
锌褉芯械泻褌	0.001504	0.051293	0.000077
锌褉芯褋褌芯泻胁邪褕邪	0.001504	0.040822	0.000061
锌褉芯褎懈谢褜	0.001504	0.040822	0.000061
锌褉褟屑芯	0.001504	0.040822	0.000061
锌褉褟薪懈泻	0.001504	0.040822	0.000061
锌褋械胁写芯薪懈屑	0.001504	4.605170	0.006925
锌褍斜谢懈泻邪褑懈褟	0.001504	3.912023	0.005883
锌褍斜谢懈泻芯胁邪褌褜褋褟	0.001504	2.302585	0.003463
锌褍写懈薪谐	0.001504	0.040822	0.000061
锌褍薪褕	0.001504	0.040822	0.000061
锌褘褕泻邪	0.001504	0.040822	0.000061
锌褞褉械	0.003008	0.040822	0.000123
褉邪斜芯褌邪	0.004511	1.237874	0.005584
褉邪蟹屑械褖械薪懈械	0.001504	3.912023	0.005883
褉邪屑泻邪	0.001504	1.832581	0.002756
褉邪薪械械	0.001504	2.407946	0.003621
褉邪褋锌褉芯褋褌褉邪薪械薪懈械	0.001504	4.605170	0.006925
褉邪褋褋芯谢褜薪懈泻	0.001504	0.040822	0.000061
褉邪褋褋褘谢泻邪	0.003008	0.061875	0.000186
褉械邪谢懈蟹邪褑懈褟	0.001504	4.605170	0.006925
褉械谐懈褋褌褉邪褑懈褟	0.006015	0.000000	0.000000
褉械写邪泻褑懈褟	0.003008	4.605170	0.013850
褉械褑械锌褌	0.024060	0.040822	0.000982
褉懈褋	0.001504	0.040822	0.000061
褉芯谐邪谢懈泻	0.001504	0.040822	0.000061
褉芯谢谢	0.001504	0.040822	0.000061
褉芯屑	0.001504	0.040822	0.000061
褉芯褋泻芯屑薪邪写蟹芯褉	0.001504	4.605170	0.006925
褉褍斜褉懈泻邪褌芯褉	0.001504	0.051293	0.000077
褉褍谢械褌	0.001504	0.040822	0.000061
褉褍薪械褌	0.001504	0.020203	0.000030
褉褎	0.001504	4.605170	0.006925
褉褘斜邪	0.001504	0.040822	0.000061
褋邪泄褌	0.024060	0.000000	0.000000
褋邪谢邪褌	0.004511	0.040822	0.000184
褋邪屑芯谐芯薪	0.001504	0.040822	0.000061
褋斜懈褌械薪褜	0.001504	0.040822	0.000061
褋斜芯褉	0.003008	4.605170	0.013850
褋胁械泻芯谢褜薪懈泻	0.001504	0.040822	0.000061
褋胁懈薪懈薪邪	0.001504	0.040822	0.000061
褋胁褟蟹褜	0.001504	3.912023	0.005883
褋胁褢泻谢邪	0.001504	0.040822	0.000061
褋谐褍褖褢薪泻邪	0.001504	0.040822	0.000061
褋械泄褔邪褋	0.001504	0.030459	0.000046
褋械谢褢写泻邪	0.001504	0.040822	0.000061
褋械褉胁懈褋	0.001504	4.605170	0.006925
褋懈写褉	0.001504	0.040822	0.000061
褋懈谢邪	0.001504	2.813411	0.004231
褋懈褉芯锌	0.001504	0.040822	0.000061
褋懈褋褌械屑邪	0.001504	0.040822	0.000061
褋谢邪写泻懈泄	0.003008	0.040822	0.000123
褋谢械写褍褞褖懈泄	0.004511	1.386294	0.006254
褋谢芯泄泻邪	0.001504	0.040822	0.000061
褋谢褍褔邪泄	0.001504	1.171183	0.001761
褋屑芯褔褜	0.001504	0.040822	0.000061
褋屑褍蟹懈	0.001504	0.040822	0.000061
褋芯斜懈褉邪褌褜	0.001504	2.659260	0.003999
褋芯斜懈褉邪褌褜褋褟	0.003008	0.040822	0.000123
褋芯斜谢褞写械薪懈械	0.003008	4.605170	0.013850
褋芯胁械褌	0.001504	0.040822	0.000061
褋芯谐谢邪褋懈械	0.003008	4.605170	0.013850
褋芯谐谢邪褕邪褌褜褋褟	0.004511	0.040822	0.000184
褋芯泻	0.001504	0.040822	0.000061
褋芯谢褟薪泻邪	0.001504	0.040822	0.000061
褋芯芯斜褖械薪懈械	0.003008	4.605170	0.013850
褋芯芯褌胁械褌褋褌胁懈械	0.001504	3.912023	0.005883
褋芯褍褋	0.001504	0.040822	0.000061
褋芯褏褉邪薪械薪懈械	0.001504	4.605170	0.006925
褋芯褏褉邪薪褟褌褜	0.001504	0.040822	0.000061
褋芯褑褋械褌褜	0.001504	0.040822	0.000061
褋褉芯泻	0.001504	4.605170	0.006925
褋褌邪褌褜褟	0.001504	0.061875	0.000093
褋褌褉芯懈褌械谢褜褋褌胁芯	0.003008	0.040822	0.000123
褋褌褉芯懈褌褜	0.001504	0.040822	0.000061
褋褍锌	0.004511	0.040822	0.000184
褋褍褎谢械	0.001504	0.040822	0.000061
褋褍褏邪褉褜	0.001504	0.040822	0.000061
褋褍褕懈褌褜	0.001504	0.040822	0.000061
褋褘褉	0.001504	0.040822	0.000061
褋褘褉薪懈泻	0.001504	0.040822	0.000061
褋褘褉薪褘泄	0.003008	0.040822	0.000123
褋褢屑谐邪	0.001504	0.040822	0.000061
褌邪褉褌邪谢械褌泻邪	0.001504	0.040822	0.000061
褌胁芯褉芯谐	0.001504	0.040822	0.000061
褌械谢械谐褉邪屑	0.001504	0.040822	0.000061
褌械褉褉懈薪邪	0.001504	0.040822	0.000061
褌械褋褌芯	0.001504	0.040822	0.000061
褌械褏薪懈褔械褋泻懈泄	0.004511	4.605170	0.020775
褌械褏薪芯谢芯谐懈褟	0.001504	2.207275	0.003319
褌械褏锌芯写写械褉卸泻邪	0.001504	4.605170	0.006925
褌械褔械薪懈械	0.001504	2.995732	0.004505
褌芯褉褌	0.003008	0.040822	0.000123
褌褉械斜芯胁邪薪懈械	0.003008	2.407946	0.007242
褌褉械斜芯胁邪褌褜	0.001504	2.120264	0.003188
褌褉械褌懈泄	0.003008	3.912023	0.011765
褌褉褍斜芯褔泻邪	0.001504	0.040822	0.000061
褌褘泻胁邪	0.001504	0.040822	0.000061
褌褢褖懈薪	0.001504	0.040822	0.000061
褍胁械写芯屑谢械薪懈械	0.003008	0.040822	0.000123
褍写邪谢械薪懈械	0.001504	3.218876	0.004840
褍写芯斜褋褌胁芯	0.001504	3.912023	0.005883
褍谢褍褔褕械薪懈械	0.001504	4.605170	0.006925
褍薪懈褔褌芯卸械薪懈械	0.001504	4.605170	0.006925
褍锌芯谢薪芯屑芯褔械薪薪褘泄	0.001504	4.605170	0.006925
褍锌褉邪胁谢械薪懈械	0.001504	4.605170	0.006925
褍褋谢芯胁懈械	0.003008	1.660731	0.004995
褍褋褌邪薪芯胁谢械薪薪褘泄	0.001504	4.605170	0.006925
褍褋褌褉芯泄褋褌胁芯	0.001504	4.605170	0.006925
褍褌芯褔薪械薪懈械	0.001504	4.605170	0.006925
褍褏芯	0.001504	0.040822	0.000061
褍褔邪褋褌胁芯胁邪褌褜	0.001504	0.040822	0.000061
褎邪泄谢	0.003008	4.605170	0.013850
褎邪褉褕	0.001504	0.040822	0.000061
褎邪褉褕懈褉芯胁邪薪薪褘泄	0.003008	0.040822	0.000123
褎邪褋芯谢褜	0.001504	0.040822	0.000061
褎芯薪写褞	0.001504	0.040822	0.000061
褎芯褉褍屑	0.003008	0.040822	0.000123
褎芯褉褕屑邪泻	0.001504	0.040822	0.000061
褎褉褍泻褌芯胁褘泄	0.001504	0.040822	0.000061
褎褍薪泻褑懈褟	0.003008	3.912023	0.011765
褏邪谢胁邪	0.001504	0.040822	0.000061
褏邪褉褔芯	0.001504	0.040822	0.000061
褏邪褕	0.001504	0.040822	0.000061
褏胁芯褉芯褋褌	0.001504	0.040822	0.000061
褏谢械斜	0.001504	0.040822	0.000061
褏芯谢芯写械褑	0.001504	0.040822	0.000061
褏芯褉芯褕懈泄	0.001504	0.040822	0.000061
褏芯褌械褌褜	0.001504	0.000000	0.000000
褏褉邪薪械薪懈械	0.001504	2.995732	0.004505
褏褉邪薪懈褌褜褋褟	0.003008	2.207275	0.006638
褏褍屑褍褋邪	0.001504	0.040822	0.000061
褑胁械褌薪芯泄	0.001504	0.040822	0.000061
褑械谢褜	0.004511	2.995732	0.013515
褑械薪薪褘泄	0.001504	0.040822	0.000061
褔邪泄	0.001504	0.040822	0.000061
褔械斜褍褉械泻	0.001504	0.040822	0.000061
褔械褋褌薪芯泄	0.001504	0.040822	0.000061
褔械褔械胁懈褑邪	0.001504	0.040822	0.000061
褔懈蟹泻械泄泻	0.001504	0.040822	0.000061
褔懈锌褋褘	0.001504	0.040822	0.000061
褕邪褉懈泻	0.001504	0.040822	0.000061
褕邪褉谢芯褌泻邪	0.001504	0.040822	0.000061
褕邪褕谢褘泻	0.003008	0.040822	0.000123
褕懈锌褍褔泻邪	0.001504	0.040822	0.000061
褕芯泻芯谢邪写	0.001504	0.040822	0.000061
褕褌褉褍写械谢褜	0.001504	0.040822	0.000061
褕褍褉锌邪	0.001504	0.040822	0.000061
褖懈	0.001504	0.040822	0.000061
褝谢械泻褌褉芯薪薪褘泄	0.001504	4.605170	0.006925
褞褉懈写懈褔械褋泻懈泄	0.003008	4.605170	0.013850
褟蟹褘泻	0.001504	0.040822	0.000061
褟泄褑芯	0.001504	0.040822	0.000061
褟锌芯薪褋泻懈泄	0.001504	0.051293	0.000077
