谢械屑屑邪	TF	IDF	TF-IDF
邪斜褏邪蟹褋泻懈泄	0.000325	0.116534	0.000038
邪胁褋褌褉邪谢懈泄褋泻懈泄	0.000325	0.116534	0.000038
邪胁褋褌褉懈泄褋泻懈泄	0.000325	0.116534	0.000038
邪胁褌芯泻谢邪胁	0.000325	0.116534	0.000038
邪胁褌芯褉	0.000325	0.040822	0.000013
邪谐褉芯	0.000325	0.116534	0.000038
邪写卸懈泻邪	0.000325	0.040822	0.000013
邪蟹	0.000325	0.127833	0.000042
邪蟹械褉斜邪泄写卸邪薪褋泻懈泄	0.000325	0.116534	0.000038
邪蟹懈邪褌褋泻懈泄	0.000325	0.127833	0.000042
邪泄褉邪薪	0.000325	0.040822	0.000013
邪泻胁邪褌懈泻	0.000974	0.127833	0.000125
邪谢械泻褋械泄	0.000325	0.127833	0.000042
邪谢泻芯谐芯谢褜	0.000974	0.116534	0.000114
邪谢泻芯谐芯谢褜薪褘泄	0.000325	0.116534	0.000038
邪谢褜褟薪褋	0.000325	0.116534	0.000038
邪屑械褉懈泻邪薪褋泻懈泄	0.000325	0.116534	0.000038
邪薪谐谢懈泄褋泻懈泄	0.000325	0.116534	0.000038
邪薪写褉械泄	0.000325	0.127833	0.000042
邪锌锌械褌懈褌	0.000325	2.302585	0.000748
邪褉邪斜褋泻懈泄	0.000325	0.116534	0.000038
邪褉谐械薪褌懈薪褋泻懈泄	0.000325	0.116534	0.000038
邪褉屑褟薪褋泻懈泄	0.000325	0.116534	0.000038
邪褋褋芯褉褌懈	0.000650	0.116534	0.000076
邪褌谢邪薪褌	0.000325	0.116534	0.000038
邪褎谐邪薪褋泻懈泄	0.000325	0.116534	0.000038
邪褎褉懈泻邪薪褋泻懈泄	0.000325	0.116534	0.000038
邪褝褉芯谐褉懈谢褜	0.003248	0.116534	0.000378
斜邪泻谢邪卸邪薪	0.000325	0.040822	0.000013
斜邪谢褌泻芯屑邪	0.000325	0.127833	0.000042
斜邪薪泻	0.000325	1.966113	0.000639
斜邪褉邪薪懈薪邪	0.001299	0.116534	0.000151
斜邪褋屑邪褌懈	0.000650	0.127833	0.000083
斜邪褋褌褍褉屑	0.000325	0.040822	0.000013
斜邪褋褌褍褉屑邪	0.000325	0.040822	0.000013
斜邪褌芯薪褔懈泻	0.000325	0.127833	0.000042
斜邪褕泻懈褉褋泻懈泄	0.000325	0.116534	0.000038
斜械蟹邪谢泻芯谐芯谢褜薪褘泄	0.000325	0.116534	0.000038
斜械蟹谐谢褞褌械薪芯胁芯械	0.000325	0.116534	0.000038
斜械蟹械	0.001299	0.040822	0.000053
斜械谢械斜械械胁褋泻懈泄	0.000650	0.116534	0.000076
斜械谢泻邪	0.000974	2.120264	0.002066
斜械谢芯褉褍褋褋泻懈泄	0.000325	0.116534	0.000038
斜械谢褘械	0.000325	3.218876	0.001045
斜械谢褜谐懈泄褋泻懈泄	0.000325	0.116534	0.000038
斜械褉械屑械薪薪邪褟	0.000325	0.116534	0.000038
斜械褋械写懈薪	0.000325	0.127833	0.000042
斜械褋锌芯褉褟写芯泻	0.000325	4.605170	0.001496
斜懈褋泻胁懈褌	0.000650	0.040822	0.000027
斜懈褋泻胁懈褌薪褘泄	0.000974	0.105361	0.000103
斜谢懈蟹泻懈泄	0.000650	0.116534	0.000076
斜谢懈薪	0.001949	0.040822	0.000080
斜谢芯谐	0.000650	2.302585	0.001496
斜谢褞写芯	0.038649	0.040822	0.001578
斜芯斜芯胁褘泄	0.002598	0.116534	0.000303
斜芯谢谐邪褉褋泻懈泄	0.001624	0.116534	0.000189
斜芯谢褜褕芯泄	0.000974	0.094311	0.000092
斜芯褉褖	0.000650	0.040822	0.000027
斜芯褌胁懈薪褜褟	0.000325	0.040822	0.000013
斜褉邪蟹懈谢褜褋泻懈泄	0.000325	0.116534	0.000038
斜褉邪褍蟹械褉	0.000325	0.040822	0.000013
斜褉邪褍薪懈	0.000325	0.040822	0.000013
斜褉械褋褌	0.000325	0.127833	0.000042
斜褉芯泻泻芯谢懈	0.000325	0.040822	0.000013
斜褍卸械薪懈薪邪	0.000325	0.040822	0.000013
斜褍谢芯褔泻邪	0.000974	0.040822	0.000040
斜褍谢褜芯薪	0.003573	0.040822	0.000146
斜褍褉谐械褉	0.000650	0.040822	0.000027
斜褍褉褟褌褋泻懈泄	0.000325	0.116534	0.000038
斜褍褌械褉斜褉芯写	0.001299	0.040822	0.000053
斜褘褋褌褉芯	0.000325	0.094311	0.000031
斜褘褋褌褉褘泄	0.000974	0.094311	0.000092
胁邪卸薪褘泄	0.001624	0.116534	0.000189
胁邪谢谢懈泄褋泻懈泄	0.000325	0.116534	0.000038
胁邪褉械薪懈械	0.000650	0.040822	0.000027
胁邪褉械薪懈泻	0.000325	0.116534	0.000038
胁邪褉懈邪褑懈褟	0.001299	2.407946	0.003128
胁邪褌褉褍褕泻邪	0.000325	0.040822	0.000013
胁邪褎谢褟	0.000650	0.040822	0.000027
胁邪褕	0.000650	0.000000	0.000000
胁胁芯写	0.000325	2.302585	0.000748
胁胁芯写懈褌褜	0.000325	0.040822	0.000013
胁写芯褏薪芯胁械薪懈械	0.001949	0.116534	0.000227
胁写芯褏薪芯胁谢褟褌褜褋褟	0.000325	0.116534	0.000038
胁械谐械褌邪褉懈邪薪褋泻懈泄	0.000650	0.116534	0.000076
胁械谢懈泻懈泄	0.000325	0.116534	0.000038
胁械薪谐械褉褋泻懈泄	0.000325	0.116534	0.000038
胁械褉褋懈褟	0.000325	1.897120	0.000616
胁械褋械薪薪懈泄	0.000325	0.051293	0.000017
胁械褋薪邪	0.001949	0.116534	0.000227
胁械褌褔懈薪邪	0.000325	0.094311	0.000031
胁蟹斜懈褌褜	0.000325	2.525729	0.000820
胁懈写械芯	0.000650	0.116534	0.000076
胁懈薪芯	0.000650	0.040822	0.000027
胁泻褍褋	0.004222	0.105361	0.000445
胁泻褍褋薪芯	0.000974	0.094311	0.000092
胁泻褍褋薪褘泄	0.004222	0.061875	0.000261
胁谢懈褌褜	0.000325	3.218876	0.001045
胁谢褞斜懈褌褜	0.000325	0.116534	0.000038
胁屑械褋褌械	0.000325	0.916291	0.000298
胁芯写邪	0.001949	0.094311	0.000184
胁芯泄褌懈	0.001299	0.000000	0.000000
胁芯谢芯胁邪薪	0.000325	0.116534	0.000038
胁芯谢褕械斜薪褘泄	0.000325	0.116534	0.000038
胁芯谢褕械斜褋褌胁芯	0.000325	0.116534	0.000038
胁芯锌褉芯褋	0.000650	0.000000	0.000000
胁芯褋锌芯谢褜蟹芯胁邪褌褜褋褟	0.000325	1.832581	0.000595
胁芯褋褌芯褔薪褘泄	0.000325	0.127833	0.000042
胁褉械屑褟	0.002598	0.105361	0.000274
胁褋锌芯屑薪懈褌褜	0.000325	0.040822	0.000013
胁褋褌邪胁泻邪	0.000650	2.407946	0.001564
胁褋褌褍锌邪褌褜	0.000325	2.302585	0.000748
胁褌芯褉芯械	0.000650	0.116534	0.000076
胁褌芯褉芯泄	0.000325	0.116534	0.000038
胁褏芯写	0.000974	0.030459	0.000030
胁褘谐谢褟写械褌褜	0.000325	1.469676	0.000477
胁褘泄褌懈	0.000325	0.040822	0.000013
胁褘谢芯卸懈褌褜	0.000650	1.832581	0.001190
胁褘锌械褔泻邪	0.004872	0.040822	0.000199
胁褘褋胁芯斜芯写懈褌褜	0.000325	4.605170	0.001496
胁褘褕械	0.000325	3.912023	0.001271
胁褜械褌薪邪屑褋泻懈泄	0.000325	0.116534	0.000038
谐邪胁邪泄褋泻懈泄	0.000325	0.116534	0.000038
谐邪褉邪卸	0.000325	1.078810	0.000350
谐邪褉薪懈褉	0.001624	0.040822	0.000066
谐邪褋锌邪褔芯	0.000325	0.040822	0.000013
谐械芯谐褉邪褎懈褟	0.000325	0.116534	0.000038
谐谢邪胁薪褘泄	0.000325	0.040822	0.000013
谐谢邪蟹褍褉褜	0.000974	0.040822	0.000040
谐谢懈薪褌胁械泄薪	0.000325	0.040822	0.000013
谐芯胁褟写懈薪邪	0.001299	0.116534	0.000151
谐芯写	0.006820	0.083382	0.000569
谐芯谢谢邪薪写褋泻懈泄	0.000325	0.116534	0.000038
谐芯褉芯写	0.000325	0.116534	0.000038
谐芯褉芯褏	0.000325	0.116534	0.000038
谐芯褉褔懈褑邪	0.000974	0.040822	0.000040
谐芯褉褕芯褔械泻	0.000650	0.040822	0.000027
谐芯褉褟褔械械	0.000974	0.116534	0.000114
谐芯褉褟褔懈泄	0.016239	0.105361	0.001711
谐芯褋褌褜	0.001949	0.116534	0.000227
谐芯褌芯胁懈褌褜	0.005196	0.083382	0.000433
谐芯褌芯胁褘泄	0.000974	0.755023	0.000736
谐褉械薪泻邪	0.000650	0.040822	0.000027
谐褉械褔械褋泻懈泄	0.000325	0.116534	0.000038
谐褉械褔泻邪	0.000325	0.040822	0.000013
谐褉懈斜	0.003573	0.040822	0.000146
谐褉懈斜薪芯泄	0.000650	0.040822	0.000027
谐褉懈谢褜	0.003248	0.105361	0.000342
谐褉懈谢褜屑邪薪懈褟	0.000325	0.116534	0.000038
谐褉芯谐	0.000325	0.040822	0.000013
谐褉褍蟹懈薪褋泻懈泄	0.000325	0.116534	0.000038
谐褉褍锌锌邪	0.000974	0.061875	0.000060
谐褍褉屑	0.000325	0.127833	0.000042
谐褍褉屑邪薪懈褟	0.001949	0.116534	0.000227
谐褍褋褜	0.000650	0.105361	0.000068
写邪胁邪褌褜	0.000325	0.040822	0.000013
写邪薪薪褘械	0.000325	0.040822	0.000013
写邪褉	0.000325	0.116534	0.000038
写邪褌褋泻懈泄	0.000325	0.116534	0.000038
写邪褌褜	0.000325	0.040822	0.000013
写邪褔薪褘泄	0.000974	0.116534	0.000114
写胁邪	0.000325	0.967584	0.000314
写械泻芯褉	0.000325	0.127833	0.000042
写械谢邪褌褜	0.000650	0.083382	0.000054
写械谢懈褌褜褋褟	0.000325	0.040822	0.000013
写械谢芯	0.000325	0.105361	0.000034
写械薪褜	0.002923	0.040822	0.000119
写械褋械褉褌	0.005521	0.040822	0.000225
写械褋械褉褌邪褑懈褟	0.000325	0.116534	0.000038
写械褋械褉褌薪褘泄	0.000325	0.116534	0.000038
写械褋褟褌褜	0.000325	2.040221	0.000663
写卸械屑	0.000325	0.040822	0.000013
写卸械屑邪	0.000325	0.040822	0.000013
写蟹械薪	0.000325	0.116534	0.000038
写懈械褌邪	0.000650	0.094311	0.000061
写懈泻懈泄	0.000974	0.116534	0.000114
写懈锌	0.000325	0.116534	0.000038
写懈褔褜	0.000974	0.116534	0.000114
写薪械胁薪懈泻	0.000325	0.061875	0.000020
写薪芯	0.000325	2.813411	0.000914
写芯斜邪胁懈褌褜	0.000650	0.083382	0.000054
写芯斜邪胁谢褟褌褜	0.000325	0.040822	0.000013
写芯斜褉芯褎谢芯褌	0.000325	0.127833	0.000042
写芯胁械褉褟褌褜	0.000325	0.116534	0.000038
写芯屑	0.003248	0.040822	0.000133
写芯屑邪褕薪懈泄	0.003897	0.040822	0.000159
写褉邪泄胁	0.001624	0.127833	0.000208
写褉芯卸卸械胁芯泄	0.000325	0.116534	0.000038
写褉褍谐	0.000325	0.544727	0.000177
写褍褏芯胁泻邪	0.001299	0.105361	0.000137
写褍褕邪	0.000974	0.105361	0.000103
械胁褉械泄褋泻懈泄	0.000325	0.116534	0.000038
械谐懈锌械褌褋泻懈泄	0.000325	0.116534	0.000038
械写懈薪褘泄	0.000325	0.000000	0.000000
械泻芯	0.000325	0.127833	0.000042
卸邪褉泻芯械	0.000325	0.040822	0.000013
卸械谢械	0.001299	0.040822	0.000053
卸械薪褋泻懈泄	0.000650	0.020203	0.000013
卸械薪褖懈薪邪	0.000650	0.061875	0.000040
卸懈蟹薪褜	0.000650	0.040822	0.000027
卸懈褉	0.000974	1.897120	0.001848
卸褍谢褜械薪	0.000325	0.040822	0.000013
卸褍褉薪邪谢	0.000325	0.072571	0.000024
卸褞谢褜械薪	0.000325	0.040822	0.000013
卸褞谢褜薪褘泄	0.000325	0.040822	0.000013
蟹邪胁邪褉薪芯泄	0.000650	0.116534	0.000076
蟹邪胁褌褉邪泻	0.002598	0.094311	0.000245
蟹邪谐芯褌芯胁泻邪	0.001299	0.040822	0.000053
蟹邪写邪胁邪褌褜	0.000325	0.040822	0.000013
蟹邪泻胁邪褋泻邪	0.000974	0.040822	0.000040
蟹邪泻褉褘褌褘泄	0.000325	0.116534	0.000038
蟹邪泻褍褋泻邪	0.007145	0.040822	0.000292
蟹邪泻褍褋芯薪褔懈泻	0.000325	0.116534	0.000038
蟹邪泻褍褋芯褔泻邪	0.000325	0.116534	0.000038
蟹邪泻褍褋芯褔薪邪褟	0.002923	0.116534	0.000341
蟹邪谢懈胁薪芯械	0.000974	0.040822	0.000040
蟹邪屑芯褉芯蟹泻邪	0.000325	0.105361	0.000034
蟹邪屑芯褔懈褌褜	0.000325	3.912023	0.001271
蟹邪锌邪写	0.000325	0.116534	0.000038
蟹邪锌械泻邪薪泻邪	0.003573	0.040822	0.000146
蟹邪锌懈褋褜	0.000325	1.897120	0.000616
蟹邪锌褉邪胁泻邪	0.000650	0.040822	0.000027
蟹邪褉械谐懈褋褌褉懈褉芯胁邪褌褜	0.000325	1.897120	0.000616
蟹邪褉械谐懈褋褌褉懈褉芯胁邪褌褜褋褟	0.000974	0.030459	0.000030
蟹邪褋芯谢泻邪	0.000325	0.116534	0.000038
蟹邪褟褑	0.000650	0.116534	0.000076
蟹胁邪薪褘泄	0.000325	0.127833	0.000042
蟹胁械蟹写邪	0.000325	0.116534	0.000038
蟹胁褢蟹写薪褘泄	0.000325	0.116534	0.000038
蟹写芯褉芯胁褘泄	0.000650	0.116534	0.000076
蟹械谢械薪褜	0.000325	0.094311	0.000031
蟹械谢褢薪褘泄	0.001624	0.820981	0.001333
蟹械褉薪芯	0.000325	3.506558	0.001139
蟹械褎懈褉	0.000325	0.040822	0.000013
蟹懈屑邪	0.001299	0.040822	0.000053
蟹懈屑薪懈泄	0.000325	0.051293	0.000017
蟹芯谢芯褌芯泄	0.000325	0.116534	0.000038
懈胁邪薪芯胁	0.000325	0.127833	0.000042
懈谐褉邪褌褜	0.001299	2.659260	0.003455
懈写械邪谢褜薪褘泄	0.002273	0.116534	0.000265
懈写械泄泻邪	0.000325	0.116534	0.000038
懈蟹胁械褋褌薪芯	0.001299	2.525729	0.003281
懈蟹写械谢懈械	0.001949	0.116534	0.000227
懈泻褉邪	0.000974	0.040822	0.000040
懈屑褟	0.000325	0.030459	0.000010
懈薪胁械褉褌芯褉薪褘泄	0.000325	0.127833	0.000042
懈薪谐褉械写懈械薪褌	0.001299	0.139262	0.000181
懈薪写械泄泻邪	0.001949	0.094311	0.000184
懈薪写懈泄褋泻懈泄	0.000325	0.116534	0.000038
懈薪写懈谢邪泄褌邪	0.000974	0.116534	0.000114
懈薪写懈褉械褋薪褘泄	0.000325	0.116534	0.000038
懈薪褋褌褉褍泻褑懈褟	0.000325	0.030459	0.000010
懈褉邪泻褋泻懈泄	0.000325	0.116534	0.000038
懈褉邪薪褋泻懈泄	0.000325	0.116534	0.000038
懈褉谢邪薪写褋泻懈泄	0.000325	0.116534	0.000038
懈褋泻褉械薪薪械	0.000325	0.116534	0.000038
懈褋谢邪薪写褋泻懈泄	0.000325	0.116534	0.000038
懈褋锌邪薪褋泻懈泄	0.000325	0.116534	0.000038
懈褋锌械褔褜	0.000325	0.105361	0.000034
懈褋锌芯谢褜蟹芯胁邪褌褜褋褟	0.000650	1.714798	0.001114
懈褋褌芯褉懈褟	0.001949	0.116534	0.000227
懈褌邪谢懈褟	0.000650	0.105361	0.000068
懈褌邪谢褜褟薪褋泻懈泄	0.000325	0.105361	0.000034
懈褌芯薪	0.000325	4.605170	0.001496
泄芯谐褍褉褌	0.000974	0.040822	0.000040
泻邪斜邪褔芯泻	0.000325	0.040822	0.000013
泻邪胁泻邪蟹褋泻懈泄	0.000325	0.116534	0.000038
泻邪蟹邪薪	0.000325	0.116534	0.000038
泻邪蟹邪褏褋泻懈泄	0.000325	0.116534	0.000038
泻邪泻邪芯	0.000650	0.040822	0.000027
泻邪谢械泄写芯褋泻芯锌	0.001299	0.116534	0.000151
泻邪谢屑褘褑泻懈泄	0.000325	0.116534	0.000038
泻邪谢褜屑邪褉	0.000974	0.040822	0.000040
泻邪屑械褉邪	0.000325	0.116534	0.000038
泻邪薪邪写褋泻懈泄	0.000325	0.116534	0.000038
泻邪薪邪谢	0.000974	0.040822	0.000040
泻邪薪邪锌械	0.000650	0.040822	0.000027
泻邪锌褍褋褌邪	0.000974	0.040822	0.000040
泻邪锌褍褋褌薪褟泻	0.000325	0.040822	0.000013
泻邪褉邪屑械谢褜	0.000325	0.040822	0.000013
泻邪褉泻邪褋薪褘泄	0.001299	0.116534	0.000151
泻邪褉褉懈	0.001624	2.813411	0.004569
泻邪褉褌芯褎械谢褜	0.000325	0.040822	0.000013
泻邪褉褌芯褎械谢褜薪褘泄	0.000650	0.040822	0.000027
泻邪褉褌芯褕泻邪	0.000650	0.040822	0.000027
泻邪褌械谐芯褉懈褟	0.001299	0.116534	0.000151
泻邪褔械褋褌胁芯	0.000325	0.105361	0.000034
泻邪褕邪	0.002273	0.040822	0.000093
泻胁邪褋	0.001299	0.040822	0.000053
泻胁邪褋薪芯泄	0.000974	0.116534	0.000114
泻械泻褋	0.000974	0.040822	0.000040
泻械褎懈褉	0.000325	0.040822	0.000013
泻懈屑褔邪褌褜	0.000325	0.040822	0.000013
泻懈薪芯邪	0.000650	0.127833	0.000083
泻懈薪芯谢械薪褌邪	0.000325	0.116534	0.000038
泻懈锌褟褌芯泻	0.000325	3.218876	0.001045
泻懈褋械谢褜	0.000650	0.040822	0.000027
泻懈褌邪泄褋泻懈泄	0.002923	0.116534	0.000341
泻泻邪谢	0.001949	2.302585	0.004487
泻谢邪褋褋	0.002923	0.116534	0.000341
泻薪懈谐邪	0.000325	0.040822	0.000013
泻芯写	0.001624	2.407946	0.003910
泻芯泻褌械泄谢褜	0.001949	0.040822	0.000080
泻芯谢斜邪褋邪	0.000325	0.040822	0.000013
泻芯谢斜邪褋薪褘泄	0.000974	0.116534	0.000114
泻芯谢懈褔械褋褌胁芯	0.000325	1.386294	0.000450
泻芯屑邪薪写邪	0.000650	0.127833	0.000083
泻芯屑懈	0.000325	0.116534	0.000038
泻芯屑屑械薪褌邪褉懈泄	0.001949	0.127833	0.000249
泻芯屑锌邪薪懈褟	0.000325	0.105361	0.000034
泻芯屑锌芯褌	0.000974	0.040822	0.000040
泻芯薪懈薪邪	0.000325	0.116534	0.000038
泻芯薪泻褍褉褋	0.070153	0.040822	0.002864
泻芯薪泻褍褉褋薪褘泄	0.000325	0.127833	0.000042
泻芯薪褋械褉胁懈褉芯胁邪薪懈械	0.000325	0.040822	0.000013
泻芯薪褋械褉胁懈褉芯胁邪薪薪褘泄	0.001624	0.116534	0.000189
泻芯薪褌邪泻褌	0.000325	2.302585	0.000748
泻芯薪褎械褌邪	0.000974	0.040822	0.000040
泻芯薪褎械褌褌懈	0.000325	0.116534	0.000038
泻芯薪褎懈写械薪褑懈邪谢褜薪芯褋褌褜	0.000325	0.040822	0.000013
泻芯薪褎懈褌褞褉	0.000325	0.040822	0.000013
泻芯锌褔褢薪芯褋褌褜	0.000325	0.116534	0.000038
泻芯褉械泄褋泻懈	0.000650	0.040822	0.000027
泻芯褉械泄褋泻懈泄	0.000325	0.105361	0.000034
泻芯褉卸懈泻	0.000325	0.040822	0.000013
泻芯褉屑懈褌褜	0.000325	0.116534	0.000038
泻芯褉芯谢械胁褋泻懈泄	0.000325	2.302585	0.000748
泻芯褌谢械褌邪	0.000325	0.040822	0.000013
泻芯褎械	0.000650	0.040822	0.000027
泻褉邪斜	0.000325	4.605170	0.001496
泻褉邪褋泻邪	0.000325	0.116534	0.000038
泻褉械邪褌懈胁	0.000325	0.127833	0.000042
泻褉械胁械褌泻邪	0.003248	2.302585	0.007478
泻褉械胁械褌芯褔薪褘泄	0.000325	3.912023	0.001271
泻褉械屑	0.000974	0.040822	0.000040
泻褉械锌泻懈泄	0.000325	0.116534	0.000038
泻褉芯谢懈泻	0.000650	0.116534	0.000076
泻褉芯屑械	0.000325	0.061875	0.000020
泻褉芯褏邪	0.000325	0.116534	0.000038
泻褉褍谐	0.000650	0.116534	0.000076
泻褉褍锌	0.001949	0.105361	0.000205
泻褉褍锌邪	0.002923	0.116534	0.000341
泻褉褍锌褟薪芯泄	0.000325	0.116534	0.000038
泻褍斜懈薪褋泻懈泄	0.000325	0.116534	0.000038
泻褍谢械褕	0.000325	0.040822	0.000013
泻褍谢懈薪邪褉懈褟	0.000974	0.094311	0.000092
泻褍谢懈薪邪褉薪褘泄	0.003248	0.000000	0.000000
泻褍谢懈褔	0.000650	0.040822	0.000027
泻褍谢褜褌褍褉邪	0.002598	3.506558	0.009111
泻褍薪卸褍褌薪褘泄	0.001624	2.659260	0.004318
泻褍褉写褋泻懈泄	0.000325	0.116534	0.000038
泻褍褉懈薪褘泄	0.002273	0.094311	0.000214
泻褍褉懈褑邪	0.001299	0.040822	0.000053
泻褍褉芯褔泻邪	0.000325	0.116534	0.000038
泻褍褋泻褍褋	0.000325	0.040822	0.000013
泻褍褏薪褟	0.002598	0.040822	0.000106
泻褍褏芯薪薪褘泄	0.000325	3.506558	0.001139
谢邪胁邪褕	0.001949	0.040822	0.000080
谢邪谐屑邪薪	0.000325	0.040822	0.000013
谢邪泻芯屑褋褌胁芯	0.000325	0.116534	0.000038
谢邪锌褕邪	0.007795	0.040822	0.000318
谢邪褌褘褕褋泻懈泄	0.000325	0.116534	0.000038
谢械谐泻芯	0.001949	0.116534	0.000227
谢械卸邪褌褜	0.000325	3.218876	0.001045
谢械锌褢褕泻邪	0.000650	0.040822	0.000027
谢械褌薪懈泄	0.000650	0.040822	0.000027
谢械褌芯	0.001949	0.116534	0.000227
谢械褔芯	0.000325	0.040822	0.000013
谢懈谐邪	0.000974	0.116534	0.000114
谢懈泻褢褉	0.000325	0.040822	0.000013
谢懈屑芯薪邪写	0.000650	0.040822	0.000027
谢懈褌芯胁褋泻	0.000325	0.127833	0.000042
谢懈褌芯胁褋泻懈泄	0.000325	0.116534	0.000038
谢褍泻	0.001949	0.301105	0.000587
谢褍泻芯胁褘泄	0.000325	2.407946	0.000782
谢褍薪薪褘泄	0.001299	3.912023	0.005082
谢褞斜懈屑褘泄	0.002598	0.116534	0.000303
谢褞斜芯胁褜	0.000650	0.105361	0.000068
谢褞斜芯泄	0.000325	0.094311	0.000031
谢褢谐泻懈泄	0.000974	0.094311	0.000092
谢褢写	0.000325	0.116534	0.000038
屑邪谐褉懈斜	0.000325	0.116534	0.000038
屑邪泄	0.000325	0.116534	0.000038
屑邪泄芯薪械蟹	0.000325	0.116534	0.000038
屑邪泻邪褉芯薪薪褘泄	0.000325	0.116534	0.000038
屑邪泻邪褉芯薪褘	0.000325	0.040822	0.000013
屑邪谢邪蟹懈泄褋泻懈泄	0.000650	0.116534	0.000076
屑邪薪薪懈泻	0.000325	0.040822	0.000013
屑邪薪褌邪	0.000325	0.116534	0.000038
屑邪薪褢胁褉	0.000325	0.116534	0.000038
屑邪褉邪褎芯薪	0.000974	0.116534	0.000114
屑邪褉懈薪邪写	0.004222	0.040822	0.000172
屑邪褉懈薪芯胁邪褌褜	0.000325	0.116534	0.000038
屑邪褉懈褋泻芯	0.000325	4.605170	0.001496
屑邪褉屑械谢邪写	0.000325	0.040822	0.000013
屑邪褉芯泻泻邪薪褋泻懈泄	0.000325	0.116534	0.000038
屑邪褉褌	0.001624	0.105361	0.000171
屑邪褋泻邪褉锌芯薪	0.000325	0.040822	0.000013
屑邪褋谢械薪懈褑邪	0.000974	0.040822	0.000040
屑邪褋谢械薪懈褔薪褘泄	0.000325	0.116534	0.000038
屑邪褋谢芯	0.003897	0.105361	0.000411
屑邪褋褌械褉	0.002923	0.116534	0.000341
屑邪褋褌懈泻邪	0.000650	0.040822	0.000027
屑邪褎褎懈薪邪	0.000325	0.116534	0.000038
屑邪褏械械胁褗	0.001299	0.116534	0.000151
屑邪褕懈薪邪	0.000325	2.207275	0.000717
屑械写懈邪褎芯褉褌	0.000974	0.000000	0.000000
屑械写芯胁褘泄	0.000325	0.116534	0.000038
屑械泻褋懈泻邪薪褋泻懈泄	0.000325	0.116534	0.000038
屑械谢泻芯	0.000974	2.995732	0.002919
屑械薪褞	0.000325	0.116534	0.000038
屑械薪褟褌褜褋褟	0.000325	0.116534	0.000038
屑械褋褌芯	0.000325	2.659260	0.000864
屑械褔褌邪	0.000974	0.040822	0.000040
屑械褕邪褌褜	0.000325	2.995732	0.000973
屑懈写懈褟	0.000650	0.040822	0.000027
屑懈泻褉芯胁芯谢薪芯胁泻邪	0.000325	0.105361	0.000034
屑懈谢褜褟	0.000325	0.116534	0.000038
屑懈薪褍褌邪	0.001949	0.544727	0.001062
屑懈芯	0.000325	0.116534	0.000038
屑懈褉	0.000650	0.105361	0.000068
屑懈褉芯胁芯泄	0.000325	0.116534	0.000038
屑懈褋芯	0.000325	0.040822	0.000013
屑懈褋褌械褉懈褟	0.000325	0.116534	0.000038
屑懈褋褌褉邪谢褜	0.002273	0.116534	0.000265
屑薪芯卸械褋褌胁芯	0.000325	0.040822	0.000013
屑芯泄	0.000650	0.083382	0.000054
屑芯谢写邪胁褋泻懈泄	0.000325	0.116534	0.000038
屑芯谢芯泻芯	0.000650	0.083382	0.000054
屑芯谢芯褔薪褘泄	0.000974	0.040822	0.000040
屑芯屑械薪褌	0.000974	0.105361	0.000103
屑芯薪谐芯谢褜褋泻懈泄	0.000325	0.116534	0.000038
屑芯褉械	0.000325	0.116534	0.000038
屑芯褉械锌褉芯写褍泻褌	0.007470	0.040822	0.000305
屑芯褉泻芯胁褜	0.000325	0.040822	0.000013
屑芯褉芯卸械薪芯械	0.000974	0.040822	0.000040
屑芯褉褋	0.000650	0.040822	0.000027
屑芯褌芯褉	0.000325	0.116534	0.000038
屑芯褏懈褌褘泄	0.000325	0.040822	0.000013
屑芯褔褜	0.000974	0.000000	0.000000
屑褍卸褋泻芯泄	0.000325	0.127833	0.000042
屑褍卸褔懈薪邪	0.000650	0.116534	0.000076
屑褍谢褜褌懈胁邪褉泻邪	0.012342	0.116534	0.001438
屑褍谢褜褌懈锌械泻邪褉褜	0.000974	0.116534	0.000114
屑褍褋褋	0.000325	0.040822	0.000013
屑褍褋褋邪	0.000974	0.040822	0.000040
屑褍褔薪芯泄	0.000325	0.116534	0.000038
屑褞褋谢懈	0.000650	0.116534	0.000076
屑褟褋薪芯泄	0.003573	0.040822	0.000146
屑褟褋芯	0.007470	0.040822	0.000305
薪邪胁械褉褏	0.000325	2.302585	0.000748
薪邪胁械褋	0.000325	2.525729	0.000820
薪邪蟹薪邪褔械薪懈械	0.000974	0.116534	0.000114
薪邪泻芯薪械褑	0.000325	1.609438	0.000523
薪邪谢懈胁泻邪	0.000325	0.040822	0.000013
薪邪锌懈褌芯泻	0.002273	0.040822	0.000093
薪邪锌褉懈屑械褉	0.000325	1.771957	0.000575
薪邪褉械蟹邪褌褜	0.000974	1.897120	0.001848
薪邪褋褌芯泄泻邪	0.000325	0.040822	0.000013
薪邪褋褌褉芯械薪懈械	0.000325	0.116534	0.000038
薪邪褑懈芯薪邪谢褜薪褘泄	0.000325	0.116534	0.000038
薪邪褔邪褌褜	0.000325	1.771957	0.000575
薪邪褔懈薪泻邪	0.000974	0.040822	0.000040
薪邪褕	0.001299	0.040822	0.000053
薪械写械谢褟	0.003248	0.051293	0.000167
薪械卸薪褘泄	0.000325	0.094311	0.000031
薪械屑械褑泻懈泄	0.000325	0.116534	0.000038
薪械芯卸懈写邪薪薪褘泄	0.000650	0.116534	0.000076
薪械褋谢邪写泻懈泄	0.000325	0.116534	0.000038
薪芯胁芯谐芯写薪懈泄	0.007145	0.040822	0.000292
薪芯胁芯褋褌褜	0.000325	0.061875	0.000020
薪芯胁褘泄	0.008120	0.030459	0.000247
薪芯褉胁械卸褋泻懈泄	0.000325	0.116534	0.000038
薪褉邪胁懈褌褜褋褟	0.000325	0.941609	0.000306
芯斜械写	0.002598	0.105361	0.000274
芯斜械蟹褜褟薪邪	0.000325	0.116534	0.000038
芯斜褖邪褌褜褋褟	0.000325	0.040822	0.000013
芯胁芯褖	0.007470	0.094311	0.000704
芯胁芯褖薪芯泄	0.002923	0.040822	0.000119
芯胁褋褟薪褘泄	0.000325	0.105361	0.000034
芯谐薪械薪薪褘泄	0.000325	0.116534	0.000038
芯谐芯薪褜	0.000650	0.094311	0.000061
芯谐褍褉械褑	0.000650	0.116534	0.000076
芯写薪芯泻谢邪褋褋薪懈泻	0.000325	2.407946	0.000782
芯蟹薪邪褔邪褌褜	0.001299	2.995732	0.003892
芯泻褉芯褕泻邪	0.000974	0.040822	0.000040
芯谢邪写褜褟	0.001299	0.040822	0.000053
芯谢械泄薪芯泄	0.001299	0.116534	0.000151
芯谢械泄薪褘泄	0.001299	0.116534	0.000151
芯屑谢械褌	0.000325	0.040822	0.000013
芯锌邪褉邪	0.000325	0.040822	0.000013
芯锌褉芯褋	0.000325	0.061875	0.000020
芯褋械薪薪懈泄	0.001299	0.051293	0.000067
芯褋械薪褜	0.003248	0.105361	0.000342
芯褋薪芯胁薪褘泄	0.000325	0.040822	0.000013
芯褋褌邪胁邪褌褜褋褟	0.000325	0.116534	0.000038
芯褋褌邪胁懈褌褜	0.000974	1.660731	0.001618
芯褋褌邪胁谢褟褌褜	0.000325	1.832581	0.000595
芯褋褌芯褉芯卸薪芯	0.000325	4.605170	0.001496
芯褋褌褉褘泄	0.000325	1.897120	0.000616
芯褌胁械褌	0.000650	0.000000	0.000000
芯褌胁械褌懈褌褜	0.000325	0.051293	0.000017
芯褌写械谢褜薪褘泄	0.000650	2.659260	0.001727
芯褌蟹褘胁	0.001299	2.120264	0.002754
芯褌泻褉褘褌褘泄	0.000650	0.105361	0.000068
芯褌谢芯卸懈褌褜	0.000325	3.912023	0.001271
芯褌屑械薪懈褌褜	0.000974	0.040822	0.000040
芯褌屑械褔邪褌褜	0.001299	2.120264	0.002754
芯褏谢邪写懈褌褜	0.000325	0.116534	0.000038
锌邪写	0.000325	4.605170	0.001496
锌邪泻械褌懈泻	0.000325	0.105361	0.000034
锌邪谢芯褔泻邪	0.000325	0.040822	0.000013
锌邪薪懈褉芯胁泻邪	0.002598	0.116534	0.000303
锌邪褉邪	0.000325	0.116534	0.000038
锌邪褉邪写	0.002273	0.116534	0.000265
锌邪褉芯胁邪褉泻邪	0.002923	0.105361	0.000308
锌邪褉芯谢褜	0.000650	0.020203	0.000013
锌邪褋褌邪	0.000974	0.040822	0.000040
锌邪褋褌褉芯屑邪	0.000325	0.040822	0.000013
锌邪褋褏邪	0.000650	0.040822	0.000027
锌邪褋褏邪谢褜薪褘泄	0.000974	0.116534	0.000114
锌邪褕褌械褌	0.000974	0.040822	0.000040
锌邪褝谢懈械	0.000650	3.912023	0.002541
锌械泻邪褉褜	0.000325	0.127833	0.000042
锌械谢褜屑械薪褜	0.000325	0.116534	0.000038
锌械褉胁褘泄	0.001299	0.040822	0.000053
锌械褉械泄褌懈	0.000325	0.040822	0.000013
锌械褉械泻褍褋	0.000650	0.116534	0.000076
锌械褉械屑械褕邪褌褜	0.000325	2.659260	0.000864
锌械褉械褑	0.004872	0.040822	0.000199
锌械褉械褔薪褘泄	0.000325	4.605170	0.001496
锌械褉褋芯薪邪	0.000325	0.116534	0.000038
锌械褉褍邪薪褋泻懈泄	0.000325	0.116534	0.000038
锌械褋芯褔薪褘泄	0.000974	0.105361	0.000103
锌械褌械谢懈薪泻	0.000325	0.127833	0.000042
锌械褔邪褌褜	0.000325	2.302585	0.000748
锌械褔械薪懈械	0.002923	0.040822	0.000119
锌械褔褜	0.000325	0.116534	0.000038
锌械褔褢薪芯褔薪褘泄	0.000325	0.040822	0.000013
锌懈胁芯	0.000325	0.116534	0.000038
锌懈泻邪薪褌	0.000325	0.127833	0.000042
锌懈泻邪薪褌薪褘泄	0.000650	1.514128	0.000984
锌懈泻薪懈泻	0.001299	0.105361	0.000137
锌懈褉	0.000325	0.116534	0.000038
锌懈褉芯谐	0.001299	0.040822	0.000053
锌懈褉芯卸薪芯械	0.000650	0.040822	0.000027
锌懈褉芯卸芯泻	0.000325	0.040822	0.000013
锌懈褌邪薪懈械	0.001624	0.094311	0.000153
锌懈褑褑邪	0.000650	0.040822	0.000027
锌懈褖械胁芯泄	0.000325	2.120264	0.000689
锌谢邪屑褟	0.000325	0.116534	0.000038
锌谢懈褌邪	0.001299	0.116534	0.000151
锌谢芯胁	0.000325	0.116534	0.000038
锌谢芯写	0.000325	0.116534	0.000038
锌芯胁邪褉褢薪芯泻	0.002273	0.000000	0.000000
锌芯胁懈写谢芯	0.000325	0.040822	0.000013
锌芯写邪胁邪褌褜	0.000325	1.514128	0.000492
锌芯写邪褉芯泻	0.000325	0.116534	0.000038
锌芯写械谢懈褌褜褋褟	0.000325	0.400478	0.000130
锌芯写谢懈胁	0.000325	0.116534	0.000038
锌芯写谢懈胁泻邪	0.000325	0.040822	0.000013
锌芯写锌懈褋邪褌褜褋褟	0.000974	0.040822	0.000040
锌芯写锌懈褋褘胁邪褌褜褋褟	0.000325	2.407946	0.000782
锌芯械写懈薪芯泻	0.004547	0.116534	0.000530
锌芯蟹写褉邪胁懈褌褜	0.000325	0.116534	0.000038
锌芯懈褋泻	0.000325	0.051293	0.000017
锌芯泻邪蟹邪褌褜	0.000325	1.309333	0.000425
锌芯谢写薪懈泻	0.000650	0.116534	0.000076
锌芯谢械蟹薪芯	0.000325	0.116534	0.000038
锌芯谢懈褌懈泻邪	0.000325	0.040822	0.000013
锌芯谢懈褌褜	0.000325	3.506558	0.001139
锌芯谢薪芯褋褌褜褞	0.000650	1.347074	0.000875
锌芯谢薪褘泄	0.001299	1.237874	0.001608
锌芯谢芯胁懈薪邪	0.002598	0.105361	0.000274
锌芯谢芯褌械薪褑械	0.000325	4.605170	0.001496
锌芯谢褍褔邪褌褜	0.001299	0.040822	0.000053
锌芯谢褜蟹邪	0.001624	0.116534	0.000189
锌芯谢褜蟹芯胁邪褌械谢褜	0.000325	1.309333	0.000425
锌芯谢褜褋泻懈泄	0.000325	0.116534	0.000038
锌芯屑邪写泻邪	0.000974	0.040822	0.000040
锌芯屑懈写芯褉	0.000650	0.116534	0.000076
锌芯屑懈写芯褉泻	0.000325	0.127833	0.000042
锌芯薪褉邪胁懈褌褜褋褟	0.000325	0.040822	0.000013
锌芯薪褔懈泻	0.000650	0.040822	0.000027
锌芯锌褉芯斜芯胁邪褌褜	0.000325	0.248461	0.000081
锌芯褉邪	0.000325	0.105361	0.000034
锌芯褉芯褕芯泻	0.000325	0.916291	0.000298
锌芯褉褌褍谐邪谢褜褋泻懈泄	0.000325	0.116534	0.000038
锌芯褉褑懈褟	0.000650	1.660731	0.001079
锌芯褋械褖邪褌褜	0.000325	0.061875	0.000020
锌芯褋谢邪薪懈械	0.001299	3.912023	0.005082
锌芯褋褌	0.001624	0.105361	0.000171
锌芯褋褌薪褘泄	0.000974	0.040822	0.000040
锌芯褋褌芯褟薪薪芯	0.000650	0.040822	0.000027
锌芯褋褌褉芯懈褌褜	0.000325	0.105361	0.000034
锌芯褋褍写邪	0.000650	0.094311	0.000061
锌芯褋褘锌邪褌褜	0.000325	2.995732	0.000973
锌芯褏芯卸懈泄	0.000325	0.994252	0.000323
锌芯褔褌邪	0.000650	0.040822	0.000027
锌芯褕邪谐芯胁褘泄	0.000325	0.040822	0.000013
锌褉邪蟹写薪懈泻	0.000325	0.105361	0.000034
锌褉邪蟹写薪懈褔薪芯	0.000325	0.116534	0.000038
锌褉邪蟹写薪懈褔薪褘泄	0.000650	0.105361	0.000068
锌褉邪泻褌懈泻褍屑	0.000325	0.116534	0.000038
锌褉械胁芯褋褏芯写薪褘泄	0.000325	0.116534	0.000038
锌褉械胁褉邪褖械薪懈械	0.000325	0.116534	0.000038
锌褉械写谢邪谐邪褌褜褋褟	0.001299	3.218876	0.004182
锌褉械写褋褌邪胁谢褟褌褜	0.001299	1.714798	0.002228
锌褉械褋薪褘泄	0.000325	0.116534	0.000038
锌褉懈谐芯褌芯胁懈褌褜	0.000650	0.083382	0.000054
锌褉懈谐芯褌芯胁谢械薪懈械	0.000974	0.040822	0.000040
锌褉懈蟹	0.000325	0.040822	0.000013
锌褉懈蟹薪邪薪懈械	0.000325	0.116534	0.000038
锌褉懈谢懈锌邪褌褜	0.000325	3.912023	0.001271
锌褉懈锌褉邪胁邪	0.000325	0.040822	0.000013
锌褉懈褉芯写邪	0.000650	0.105361	0.000068
锌褉懈褋褌褍锌懈褌褜	0.000325	0.040822	0.000013
锌褉懈褟褌薪褘泄	0.000325	1.427116	0.000463
锌褉芯胁械褉懈褌褜	0.001949	0.116534	0.000227
锌褉芯胁械褋褌懈	0.001299	0.116534	0.000151
锌褉芯胁芯写懈褌褜	0.000325	0.040822	0.000013
锌褉芯胁芯卸邪褌褜	0.000325	0.116534	0.000038
锌褉芯写褍泻褌	0.000325	0.072571	0.000024
锌褉芯械泻褌	0.000650	0.051293	0.000033
锌褉芯卸懈谢泻邪	0.000325	3.912023	0.001271
锌褉芯褋褌芯	0.000650	0.083382	0.000054
锌褉芯褋褌芯泄	0.001299	0.301105	0.000391
锌褉芯褋褌芯泻胁邪褕邪	0.000325	0.040822	0.000013
锌褉芯褎懈谢褜	0.000325	0.040822	0.000013
锌褉芯褑胁械褌邪薪懈械	0.002598	3.912023	0.010164
锌褉芯褑械写懈褌褜	0.000325	4.605170	0.001496
锌褉褟屑芯	0.000325	0.040822	0.000013
锌褉褟薪懈泻	0.000650	0.040822	0.000027
锌褉褟薪懈褔薪褘泄	0.000325	0.116534	0.000038
锌褌懈褑邪	0.006171	0.116534	0.000719
锌褍写懈薪谐	0.000974	0.040822	0.000040
锌褍薪褕	0.000325	0.040822	0.000013
锌褍褌械褕械褋褌胁懈械	0.000650	0.116534	0.000076
锌褍褌褜	0.000325	0.116534	0.000038
锌褘褕泻邪	0.000325	0.040822	0.000013
锌褞褉械	0.001299	0.040822	0.000053
褉邪谐褍	0.000325	0.116534	0.000038
褉邪蟹胁械褉薪褍褌褜	0.000325	0.116534	0.000038
褉邪蟹写械谢褜薪褘泄	0.000325	0.116534	0.000038
褉邪蟹薪褘泄	0.000325	0.094311	0.000031
褉邪蟹芯谐褉械褌褜	0.000325	2.407946	0.000782
褉邪褋锌褉芯褋褌褉邪薪褟褌褜褋褟	0.001299	3.506558	0.004555
褉邪褋褋芯谢褜薪懈泻	0.000974	0.040822	0.000040
褉邪褋褋褘谢泻邪	0.000325	0.061875	0.000020
褉邪褋褌懈褌械谢褜薪褘泄	0.001624	0.223144	0.000362
褉械斜褢薪芯泻	0.000325	0.094311	0.000031
褉械谐懈褋褌褉邪褑懈褟	0.001299	0.000000	0.000000
褉械谐懈褋褌褉懈褉芯胁邪褌褜褋褟	0.000325	2.302585	0.000748
褉械褑械锌褌	0.033128	0.040822	0.001352
褉懈褋	0.001949	0.040822	0.000080
褉懈褌屑	0.000325	0.116534	0.000038
褉懈褌褍邪谢	0.001299	3.912023	0.005082
褉芯谐邪谢懈泻	0.000325	0.040822	0.000013
褉芯写薪褘泄	0.000325	0.116534	0.000038
褉芯卸写械薪懈械	0.000325	0.105361	0.000034
褉芯卸写械褋褌胁芯	0.000325	0.116534	0.000038
褉芯谢谢	0.000650	0.040822	0.000027
褉芯谢谢褌芯薪	0.000325	0.116534	0.000038
褉芯谢褜	0.001299	3.506558	0.004555
褉芯屑	0.000325	0.040822	0.000013
褉褍斜褉懈泻邪褌芯褉	0.000325	0.051293	0.000017
褉褍谢械褌	0.003573	0.040822	0.000146
褉褍屑褘薪褋泻懈泄	0.000325	0.116534	0.000038
褉褍屑褟薪褘泄	0.000325	0.116534	0.000038
褉褍薪械褌	0.000325	0.020203	0.000007
褉褍褋褋泻懈泄	0.000325	0.105361	0.000034
褉褘斜邪	0.009743	0.040822	0.000398
褉褘斜薪褘泄	0.003248	0.105361	0.000342
褉褟卸械薪泻邪	0.000325	0.116534	0.000038
褋邪泄褌	0.002598	0.000000	0.000000
褋邪谢邪褌	0.010718	0.040822	0.000438
褋邪谢邪褌薪褘泄	0.000325	0.116534	0.000038
褋邪屑芯谐芯薪	0.000325	0.040822	0.000013
褋邪屑褘泄	0.000650	0.105361	0.000068
褋邪褎	0.000974	0.116534	0.000114
褋邪褎褋械屑邪	0.000325	0.116534	0.000038
褋邪褏邪褉	0.000650	0.105361	0.000068
褋斜懈褌械薪褜	0.000325	0.040822	0.000013
褋胁械卸械褋褌褜	0.000325	0.105361	0.000034
褋胁械泻芯谢褜薪懈泻	0.000650	0.040822	0.000027
褋胁械褌	0.001299	0.116534	0.000151
褋胁械褌邪	0.001299	0.116534	0.000151
褋胁懈薪懈薪	0.001299	0.116534	0.000151
褋胁懈薪懈薪邪	0.000325	0.040822	0.000013
褋胁褢泻谢邪	0.000325	0.040822	0.000013
褋谐褍褖褢薪泻邪	0.000325	0.040822	0.000013
褋械谐芯写薪褟	0.002598	0.843970	0.002193
褋械蟹芯薪	0.000325	0.116534	0.000038
褋械泄褔邪褋	0.000650	0.030459	0.000020
褋械泻褉械褌	0.000650	0.116534	0.000076
褋械谢褢写泻邪	0.000325	0.040822	0.000013
褋械屑械泄薪褘泄	0.000325	0.116534	0.000038
褋械屑褜褟	0.002923	0.116534	0.000341
褋懈写褉	0.000325	0.040822	0.000013
褋懈屑胁芯谢懈蟹屑	0.002598	3.912023	0.010164
褋懈薪谐邪锌褍褉	0.001299	3.912023	0.005082
褋懈薪谐邪锌褍褉褋泻	0.004872	3.912023	0.019058
褋懈薪谐邪锌褍褉褋泻懈泄	0.000325	4.605170	0.001496
褋懈褉懈泄褋泻懈泄	0.000325	0.116534	0.000038
褋懈褉芯锌	0.000650	0.040822	0.000027
褋懈褋褌械屑邪	0.000325	0.040822	0.000013
褋懈褌懈	0.000325	0.127833	0.000042
褋泻邪蟹泻邪	0.000325	0.116534	0.000038
褋泻芯胁芯褉芯写邪	0.001299	1.386294	0.001801
褋谢邪写泻懈泄	0.006171	0.040822	0.000252
褋谢邪写泻芯	0.000325	0.116534	0.000038
褋谢械写褍褞褖懈泄	0.000325	1.386294	0.000450
褋谢懈胁芯褔薪褘泄	0.000650	0.105361	0.000068
褋谢芯泄泻邪	0.000650	0.040822	0.000027
褋谢芯褢薪褘泄	0.000974	0.116534	0.000114
褋屑械褋褜	0.000650	1.469676	0.000955
褋屑械褌邪薪邪	0.000325	0.105361	0.000034
褋屑械褕邪薪薪褘泄	0.000325	0.116534	0.000038
褋屑械褕邪褌褜	0.000325	2.407946	0.000782
褋屑芯褔褜	0.000325	0.040822	0.000013
褋屑褍蟹懈	0.000974	0.040822	0.000040
褋薪褝泻	0.000325	0.116534	0.000038
褋芯斜懈褉邪褌褜褋褟	0.000325	0.040822	0.000013
褋芯胁械褉褕械薪褋褌胁芯	0.001624	0.116534	0.000189
褋芯胁械褌	0.000325	0.040822	0.000013
褋芯谐谢邪褕邪褌褜褋褟	0.000325	0.040822	0.000013
褋芯械胁褘泄	0.001949	0.798508	0.001556
褋芯蟹写邪胁邪褌褜	0.000325	0.105361	0.000034
褋芯泻	0.000974	0.040822	0.000040
褋芯谢械薪懈械	0.000650	0.116534	0.000076
褋芯谢薪械褔薪褘泄	0.000325	0.116534	0.000038
褋芯谢褜	0.001624	0.127833	0.000208
褋芯谢褟薪泻邪	0.000650	0.040822	0.000027
褋芯谢褢薪褘泄	0.000974	0.116534	0.000114
褋芯褋褉械写芯褌芯褔懈褌褜	0.001299	3.912023	0.005082
褋芯褋褌邪胁懈褌褜	0.000325	0.116534	0.000038
褋芯褍褋	0.007470	0.040822	0.000305
褋芯褏褉邪薪褟褌褜	0.000325	0.040822	0.000013
褋芯褑褋械褌褜	0.000650	0.040822	0.000027
褋芯褔械褌邪薪懈械	0.000325	0.105361	0.000034
褋芯褔薪褘泄	0.000325	0.116534	0.000038
褋锌邪谐械褌褌懈	0.000325	3.218876	0.001045
褋锌邪谢褜薪褟	0.000325	0.415515	0.000135
褋锌械褌褜	0.000325	0.116534	0.000038
褋锌械褑懈邪谢褜薪褘泄	0.000325	0.094311	0.000031
褋锌械褑懈褟	0.000974	0.094311	0.000092
褋锌械褑锌褉芯械泻褌	0.010718	0.116534	0.001249
褋锌懈褋芯泻	0.000325	0.116534	0.000038
褋褉械写懈蟹械屑薪芯屑芯褉褋泻懈泄	0.000325	0.127833	0.000042
褋褉械写薪械械	0.000325	2.407946	0.000782
褋褌	0.001299	2.659260	0.003455
褋褌邪褌褜褟	0.000325	0.061875	0.000020
褋褌懈谢褜	0.000650	0.116534	0.000076
褋褌芯谢	0.002598	0.105361	0.000274
褋褌芯褉芯薪邪	0.000325	1.966113	0.000639
褋褌褉芯懈褌械谢褜褋褌胁芯	0.000650	0.040822	0.000027
褋褌褉芯懈褌褜	0.000325	0.040822	0.000013
褋褌褉芯泄薪褘泄	0.000325	0.116534	0.000038
褋褍斜锌褉芯写褍泻褌	0.003248	0.116534	0.000378
褋褍锌	0.006171	0.040822	0.000252
褋褍褎谢械	0.000974	0.040822	0.000040
褋褍褏邪褉褜	0.000325	0.040822	0.000013
褋褍褕懈褌褜	0.000650	0.040822	0.000027
褋褘褉	0.002923	0.040822	0.000119
褋褘褉薪懈泻	0.000974	0.040822	0.000040
褋褘褉薪褘泄	0.001299	0.040822	0.000053
褋褘褌薪褘泄	0.000650	0.105361	0.000068
褋褘褔褍卸薪褘泄	0.000325	0.127833	0.000042
褋褝薪写胁懈褔	0.000325	0.127833	0.000042
褋褞褉锌褉懈蟹	0.000325	0.116534	0.000038
褋褢屑谐邪	0.000325	0.040822	0.000013
褌邪写卸懈泻褋泻懈泄	0.000325	0.116534	0.000038
褌邪泄褋泻懈泄	0.000325	0.116534	0.000038
褌邪褉褌	0.000325	0.116534	0.000038
褌邪褉褌邪谢械褌泻邪	0.000650	0.040822	0.000027
褌邪褌邪褉褋泻懈泄	0.000325	0.116534	0.000038
褌邪褟	0.000325	4.605170	0.001496
褌胁芯泄	0.000650	0.116534	0.000076
褌胁芯褉懈褌褜	0.000325	0.116534	0.000038
褌胁芯褉芯谐	0.000974	0.040822	0.000040
褌胁芯褉芯卸薪褘泄	0.001299	0.094311	0.000123
褌械谐	0.000325	2.407946	0.000782
褌械谢械谐褉邪屑	0.000325	0.040822	0.000013
褌械谢褟褌懈薪邪	0.001299	0.116534	0.000151
褌械屑邪	0.001299	2.659260	0.003455
褌械锌谢芯	0.000325	0.116534	0.000038
褌械褉褉懈薪邪	0.000325	0.040822	0.000013
褌械褋褌	0.003248	0.105361	0.000342
褌械褋褌芯	0.002923	0.040822	0.000119
褌械褏薪懈泻邪	0.001624	0.105361	0.000171
褌屑	0.001299	0.127833	0.000166
褌芯锌谢褢薪褘泄	0.000325	0.116534	0.000038
褌芯褉褌	0.006820	0.040822	0.000278
褌褉邪胁邪	0.000325	0.094311	0.000031
褌褉邪写懈褑懈褟	0.001949	0.116534	0.000227
褌褉褍斜芯褔泻邪	0.000325	0.040822	0.000013
褌褉褢褏谢械褌懈械	0.000325	0.116534	0.000038
褌褍薪械褑	0.000325	0.105361	0.000034
褌褍薪懈褋褋泻懈泄	0.000325	0.116534	0.000038
褌褍褉械褑泻懈泄	0.000325	0.116534	0.000038
褌褘泻胁邪	0.000325	0.040822	0.000013
褌褝谐	0.001299	2.407946	0.003128
褌褢褖懈薪	0.000325	0.040822	0.000013
褍斜褉邪褌褜	0.000650	3.218876	0.002091
褍胁械写芯屑谢械薪懈械	0.000325	0.040822	0.000013
褍谐谢械胁芯写	0.000974	2.407946	0.002346
褍写邪褔邪	0.002598	3.218876	0.008363
褍写邪褔薪褘泄	0.000325	0.116534	0.000038
褍写懈胁懈褌褜	0.000325	0.116534	0.000038
褍写懈胁谢褟褌褜	0.001299	0.116534	0.000151
褍写芯胁芯谢褜褋褌胁懈械	0.000325	0.116534	0.000038
褍卸懈薪	0.003573	0.094311	0.000337
褍蟹斜械泻褋泻懈泄	0.000325	0.116534	0.000038
褍泄褌懈	0.000650	2.120264	0.001377
褍泻褉邪懈薪褋泻懈	0.000325	4.605170	0.001496
褍泻褉邪懈薪褋泻懈泄	0.000325	0.116534	0.000038
褍泻褉邪褕械薪懈械	0.002598	0.116534	0.000303
褍锌芯褌褉械斜谢械薪懈械	0.000325	0.116534	0.000038
褍褉邪谢褜褋泻懈泄	0.000325	0.116534	0.000038
褍褉芯胁械薪褜	0.000325	2.120264	0.000689
褍褉芯卸邪泄	0.000325	0.105361	0.000034
褍褌泻邪	0.000974	0.116534	0.000114
褍褏芯	0.000325	0.040822	0.000013
褍褔邪褋褌胁芯胁邪褌褜	0.000325	0.040822	0.000013
褍褔褢褌薪褘泄	0.000325	2.302585	0.000748
褎邪蟹械薪写邪	0.000325	0.116534	0.000038
褎邪薪褌邪蟹懈褟	0.002598	0.116534	0.000303
褎邪褉褕	0.004222	0.040822	0.000172
褎邪褉褕懈褉芯胁邪薪薪褘泄	0.002273	0.040822	0.000093
褎邪褋芯谢褜	0.000325	0.040822	0.000013
褎械胁褉邪谢褜	0.000650	0.094311	0.000061
褎械泄械褉胁械褉泻	0.000650	0.116534	0.000076
褎懈谐褍褉邪	0.000325	0.116534	0.000038
褎懈薪褋泻懈泄	0.000325	0.116534	0.000038
褎懈褉屑械薪薪褘泄	0.000325	0.116534	0.000038
褎芯薪写褞	0.000325	0.040822	0.000013
褎芯褉屑邪	0.000325	0.105361	0.000034
褎芯褉褍屑	0.001299	0.040822	0.000053
褎芯褉褕屑邪泻	0.000325	0.040822	0.000013
褎褉邪薪褑懈褟	0.000325	0.116534	0.000038
褎褉邪薪褑褍蟹褋泻懈泄	0.000325	0.094311	0.000031
褎褉邪褍	0.001299	0.116534	0.000151
褎褉懈褋泻芯	0.000325	3.506558	0.001139
褎褉褍泻褌	0.001299	0.116534	0.000151
褎褉褍泻褌芯胁褘泄	0.002598	0.040822	0.000106
褎褍写	0.000325	0.116534	0.000038
褎褍褉褕械褌	0.000325	0.116534	0.000038
褏邪谢胁邪	0.000325	0.040822	0.000013
褏邪褉胁械褋褌褎械褋褌	0.000650	0.116534	0.000076
褏邪褉褉懈褋芯薪	0.000325	4.605170	0.001496
褏邪褉褔芯	0.000650	0.040822	0.000027
褏邪褕	0.000325	0.040822	0.000013
褏胁芯褉芯褋褌	0.000325	0.040822	0.000013
褏懈薪泻邪谢懈	0.000325	0.116534	0.000038
褏懈褌	0.002273	0.116534	0.000265
褏谢械斜	0.000974	0.040822	0.000040
褏谢械斜芯锌械褔泻邪	0.000325	0.116534	0.000038
褏谢芯锌褜褟	0.000650	0.094311	0.000061
褏芯蟹褟泄泻邪	0.000325	0.116534	0.000038
褏芯谢芯写械褑	0.000325	0.040822	0.000013
褏芯谢芯写薪芯械	0.000650	0.116534	0.000076
褏芯谢芯写薪褘泄	0.000650	0.116534	0.000076
褏芯褉胁邪褌褋泻懈泄	0.000325	0.116534	0.000038
褏芯褉芯褕懈泄	0.001299	0.040822	0.000053
褏芯褉芯褕芯	0.001624	0.105361	0.000171
褏芯褉褋	0.000325	0.116534	0.000038
褏芯褌械褌褜	0.000325	0.000000	0.000000
褏褍屑褍褋邪	0.000325	0.040822	0.000013
褑邪褉褋褌胁芯	0.000325	0.127833	0.000042
褑邪褉褜	0.000325	0.116534	0.000038
褑胁械褌薪芯泄	0.000325	0.040822	0.000013
褑械薪薪芯褋褌褜	0.000325	2.407946	0.000782
褑械薪薪褘泄	0.000325	0.040822	0.000013
褑械薪褌褉	0.000325	0.116534	0.000038
褑懈褌邪褌邪	0.000325	2.302585	0.000748
褑褍泻泻懈薪褟	0.000325	3.506558	0.001139
褔邪械屑褘泄	0.000325	0.116534	0.000038
褔邪泄	0.000974	0.040822	0.000040
褔械斜褍褉械泻	0.000650	0.040822	0.000027
褔械褉泻懈蟹芯胁褘泄	0.000650	0.116534	0.000076
褔械褋褌薪芯泄	0.000325	0.040822	0.000013
褔械褔械胁懈褑邪	0.000325	0.040822	0.000013
褔械褕褋泻懈泄	0.000325	0.116534	0.000038
褔懈蟹泻械泄泻	0.001299	0.040822	0.000053
褔懈谢懈	0.001624	1.237874	0.002010
褔懈谢懈泄褋泻懈泄	0.000325	0.116534	0.000038
褔懈锌褋褘	0.000325	0.040822	0.000013
褔懈褌邪褌褜	0.000974	1.832581	0.001786
褔褍写芯	0.000325	0.116534	0.000038
褔褍褌褜	0.000325	1.771957	0.000575
褕邪褉懈泻	0.000325	0.040822	0.000013
褕邪褉谢芯褌泻邪	0.000650	0.040822	0.000027
褕邪褉屑	0.000325	0.116534	0.000038
褕邪褎褉邪薪芯胁褘泄	0.000325	4.605170	0.001496
褕邪褕谢褘泻	0.004222	0.040822	0.000172
褕胁械写褋泻懈泄	0.000325	0.116534	0.000038
褕胁械泄褑邪褉褋泻懈泄	0.000325	0.116534	0.000038
褕械写械胁褉	0.000325	0.116534	0.000038
褕械褎	0.000325	0.127833	0.000042
褕懈锌褍褔泻邪	0.000325	0.040822	0.000013
褕懈褉芯泻懈泄	0.000325	0.127833	0.000042
褕泻芯谢邪	0.000325	0.116534	0.000038
褕芯泻芯谢邪写	0.000325	0.040822	0.000013
褕芯褌谢邪薪写褋泻懈泄	0.000325	0.116534	0.000038
褕褌	0.001299	2.525729	0.003281
褕褌褉褍写械谢褜	0.000325	0.040822	0.000013
褕褍褉锌邪	0.000325	0.040822	0.000013
褖械写褉褘泄	0.000325	0.116534	0.000038
褖懈	0.000650	0.040822	0.000027
褝泻芯屑懈谢泻	0.000325	0.127833	0.000042
褝薪械褉谐械褌懈褔械褋泻懈泄	0.000325	2.407946	0.000782
褝褉泻械褉	0.000650	2.040221	0.001325
褝褋褌芯薪褋泻懈泄	0.000325	0.116534	0.000038
褞谐芯褋谢邪胁褋泻懈泄	0.000325	0.116534	0.000038
褟谐芯写薪褘泄	0.001624	0.105361	0.000171
褟蟹褘泻	0.000650	0.040822	0.000027
褟泄褑芯	0.004547	0.040822	0.000186
褟薪写械泻褋	0.000325	0.072571	0.000024
褟锌芯薪褋泻懈泄	0.000650	0.051293	0.000033
褟褉泻懈泄	0.000325	0.116534	0.000038
褟褉泻芯	0.000325	0.105361	0.000034
褟褋锌械褉械褌褜	0.000325	4.605170	0.001496
褢屑泻芯褋褌褜	0.000650	3.218876	0.002091
