谢械屑屑邪	TF	IDF	TF-IDF
邪斜褏邪蟹褋泻懈泄	0.000283	0.116534	0.000033
邪胁褋褌褉邪谢懈泄褋泻懈泄	0.000283	0.116534	0.000033
邪胁褋褌褉懈泄褋泻懈泄	0.000283	0.116534	0.000033
邪胁褌芯泻谢邪胁	0.000283	0.116534	0.000033
邪胁褌芯褉	0.000283	0.040822	0.000012
邪谐褉芯	0.000283	0.116534	0.000033
邪写卸懈泻邪	0.000283	0.040822	0.000012
邪蟹	0.000283	0.127833	0.000036
邪蟹械褉斜邪泄写卸邪薪褋泻懈泄	0.000283	0.116534	0.000033
邪蟹懈邪褌褋泻懈泄	0.000283	0.127833	0.000036
邪泄褉邪薪	0.000283	0.040822	0.000012
邪泻胁邪褌懈泻	0.000848	0.127833	0.000108
邪泻褑械薪褌	0.000283	4.605170	0.001302
邪谢械泻褋械泄	0.000283	0.127833	0.000036
邪谢泻芯谐芯谢褜	0.000848	0.116534	0.000099
邪谢泻芯谐芯谢褜薪褘泄	0.000283	0.116534	0.000033
邪谢褜褟薪褋	0.000283	0.116534	0.000033
邪屑械褉懈泻邪薪褋泻懈泄	0.000283	0.116534	0.000033
邪屑褍褉	0.000283	4.605170	0.001302
邪薪谐谢懈泄褋泻懈泄	0.000283	0.116534	0.000033
邪薪写褉械泄	0.000283	0.127833	0.000036
邪锌邪泄褟	0.000283	4.605170	0.001302
邪锌褉械谢褜	0.001131	0.544727	0.000616
邪褉邪斜褋泻懈泄	0.000283	0.116534	0.000033
邪褉谐械薪褌懈薪褋泻懈泄	0.000283	0.116534	0.000033
邪褉屑褟薪褋泻懈泄	0.000565	0.116534	0.000066
邪褉芯屑邪褌薪褘泄	0.000283	0.693147	0.000196
邪褋褋芯褉褌懈	0.000565	0.116534	0.000066
邪褌谢邪薪褌	0.000283	0.116534	0.000033
邪褎谐邪薪褋泻懈泄	0.000283	0.116534	0.000033
邪褎褉懈泻邪薪褋泻懈泄	0.000283	0.116534	0.000033
邪褝褉芯谐褉懈谢褜	0.002826	0.116534	0.000329
斜邪斜褍褕泻邪	0.000283	2.207275	0.000624
斜邪泻谢邪卸邪薪	0.000848	0.040822	0.000035
斜邪谢褌泻芯屑邪	0.000283	0.127833	0.000036
斜邪薪蟹邪褌褜	0.000283	4.605170	0.001302
斜邪褉邪薪懈薪邪	0.002544	0.116534	0.000296
斜邪褋屑邪褌懈	0.000565	0.127833	0.000072
斜邪褋褌褍褉屑	0.000283	0.040822	0.000012
斜邪褋褌褍褉屑邪	0.000283	0.040822	0.000012
斜邪褌芯薪褔懈泻	0.000283	0.127833	0.000036
斜邪褕泻懈褉褋泻懈泄	0.000283	0.116534	0.000033
斜械蟹邪谢泻芯谐芯谢褜薪褘泄	0.000283	0.116534	0.000033
斜械蟹谐谢褞褌械薪芯胁芯械	0.000283	0.116534	0.000033
斜械蟹械	0.001131	0.040822	0.000046
斜械泻芯薪	0.000565	1.897120	0.001072
斜械谢械斜械械胁褋泻懈泄	0.000565	0.116534	0.000066
斜械谢芯泻	0.000565	2.040221	0.001153
斜械谢芯泻芯褔邪薪薪褘泄	0.001131	0.967584	0.001094
斜械谢芯褉褍褋褋泻懈泄	0.000283	0.116534	0.000033
斜械谢褘泄	0.001131	1.237874	0.001400
斜械谢褜谐懈泄褋泻懈泄	0.000283	0.116534	0.000033
斜械褉械谐	0.000565	4.605170	0.002603
斜械褉械屑械薪薪邪褟	0.000283	0.116534	0.000033
斜械褋械写懈薪	0.000283	0.127833	0.000036
斜懈褋泻胁懈褌	0.000565	0.040822	0.000023
斜懈褋泻胁懈褌薪褘泄	0.000848	0.105361	0.000089
斜谢邪谐芯胁械褖械薪械褑	0.000565	4.605170	0.002603
斜谢邪谐芯胁械褖械薪褋泻	0.000283	4.605170	0.001302
斜谢邪谐芯写邪褉薪芯褋褌褜	0.000283	2.659260	0.000752
斜谢懈蟹泻懈械	0.000283	2.659260	0.000752
斜谢懈蟹泻懈泄	0.000848	0.116534	0.000099
斜谢懈薪	0.001696	0.040822	0.000069
斜谢褞写芯	0.036744	0.040822	0.001500
斜芯斜芯胁褘泄	0.002544	0.116534	0.000296
斜芯谢谐邪褉褋泻懈泄	0.003109	0.116534	0.000362
斜芯谢褜褕懈泄	0.000283	2.040221	0.000577
斜芯谢褜褕芯泄	0.000565	0.094311	0.000053
斜芯褉褖	0.001131	0.040822	0.000046
斜芯褌胁懈薪褜褟	0.000283	0.040822	0.000012
斜褉邪蟹懈谢褜褋泻懈泄	0.000283	0.116534	0.000033
斜褉邪褍蟹械褉	0.000283	0.040822	0.000012
斜褉邪褍薪懈	0.000283	0.040822	0.000012
斜褉械褋褌	0.000283	0.127833	0.000036
斜褉芯泻泻芯谢懈	0.000283	0.040822	0.000012
斜褍卸械薪懈薪邪	0.000283	0.040822	0.000012
斜褍谢芯褔泻邪	0.000848	0.040822	0.000035
斜褍谢褜芯薪	0.005088	0.040822	0.000208
斜褍褉谐械褉	0.000565	0.040822	0.000023
斜褍褉褟褌褋泻懈泄	0.000283	0.116534	0.000033
斜褍褌械褉斜褉芯写	0.001131	0.040822	0.000046
斜褘胁邪褌褜	0.000283	1.897120	0.000536
斜褘褋褌褉芯	0.000565	0.094311	0.000053
斜褘褋褌褉褘泄	0.000848	0.094311	0.000080
胁邪卸薪褘泄	0.000283	0.116534	0.000033
胁邪谢谢懈泄褋泻懈泄	0.000283	0.116534	0.000033
胁邪褉械薪懈械	0.000565	0.040822	0.000023
胁邪褉械薪懈泻	0.000283	0.116534	0.000033
胁邪褉懈邪薪褌	0.001131	0.356675	0.000403
胁邪褉泻邪	0.000283	1.832581	0.000518
胁邪褌褉褍褕泻邪	0.000283	0.040822	0.000012
胁邪褎谢褟	0.000565	0.040822	0.000023
胁邪褕	0.000565	0.000000	0.000000
胁胁芯写懈褌褜	0.000283	0.040822	0.000012
胁写芯褏薪芯胁械薪懈械	0.001696	0.116534	0.000198
胁写芯褏薪芯胁谢褟褌褜褋褟	0.000283	0.116534	0.000033
胁械谐械褌邪褉懈邪薪褋泻懈泄	0.000565	0.116534	0.000066
胁械谢懈泻懈泄	0.000283	0.116534	0.000033
胁械薪谐械褉褋泻懈泄	0.000283	0.116534	0.000033
胁械薪械褉懈泻	0.000283	2.120264	0.000599
胁械褋械薪薪懈泄	0.000283	0.051293	0.000014
胁械褋薪邪	0.001696	0.116534	0.000198
胁械褌褔懈薪邪	0.000283	0.094311	0.000027
胁蟹谐谢褟写	0.000283	1.427116	0.000403
胁懈写	0.000565	0.776529	0.000439
胁懈写械芯	0.000565	0.116534	0.000066
胁懈写械芯褉械褑械锌褌	0.000283	0.301105	0.000085
胁懈薪芯	0.000565	0.040822	0.000023
胁泻谢褞褔邪褌褜	0.000283	0.634878	0.000179
胁泻芯薪褌邪泻褌械	0.000283	3.912023	0.001106
胁泻褍褋	0.003109	0.105361	0.000328
胁泻褍褋薪芯	0.001413	0.094311	0.000133
胁泻褍褋薪褘泄	0.004522	0.061875	0.000280
胁谢褞斜懈褌褜	0.000283	0.116534	0.000033
胁屑械褋褌械	0.000283	0.916291	0.000259
胁薪邪褔邪谢械	0.001131	0.248461	0.000281
胁薪褍褔泻邪	0.000283	3.218876	0.000910
胁芯写邪	0.003109	0.094311	0.000293
胁芯蟹薪懈泻薪褍褌褜	0.000283	2.995732	0.000847
胁芯泄褌懈	0.000283	0.000000	0.000000
胁芯谢芯胁邪薪	0.000283	0.116534	0.000033
胁芯谢褕械斜薪褘泄	0.000283	0.116534	0.000033
胁芯谢褕械斜褋褌胁芯	0.000283	0.116534	0.000033
胁芯芯斜褖械	0.000283	1.386294	0.000392
胁芯锌褉芯褋	0.000283	0.000000	0.000000
胁芯褋褌芯褔薪褘泄	0.000565	0.127833	0.000072
胁芯褋褏懈褌懈褌械谢褜薪褘泄	0.000283	2.120264	0.000599
胁褉械屑褟	0.001979	0.105361	0.000208
胁褋械谐写邪	0.000283	0.653926	0.000185
胁褋锌芯屑薪懈褌褜	0.000283	0.040822	0.000012
胁褌芯褉芯械	0.000848	0.116534	0.000099
胁褌芯褉芯泄	0.000283	0.116534	0.000033
胁褏芯写	0.000848	0.030459	0.000026
胁褘泄褌懈	0.000283	0.040822	0.000012
胁褘锌械褔泻邪	0.004240	0.040822	0.000173
胁褘褏芯写薪芯泄	0.000283	2.040221	0.000577
胁褜械褌薪邪屑褋泻懈泄	0.000283	0.116534	0.000033
谐邪胁邪泄褋泻懈泄	0.000283	0.116534	0.000033
谐邪褉薪懈褉	0.001413	0.040822	0.000058
谐邪褋锌邪褔芯	0.000283	0.040822	0.000012
谐械芯谐褉邪褎懈褟	0.000283	0.116534	0.000033
谐谢邪胁薪芯械	0.000283	1.139434	0.000322
谐谢邪胁薪褘泄	0.000283	0.040822	0.000012
谐谢邪蟹褍褉褜	0.000848	0.040822	0.000035
谐谢懈薪褌胁械泄薪	0.000283	0.040822	0.000012
谐谢褍褌邪屑邪褌	0.000565	3.912023	0.002211
谐芯胁芯褉懈褌褜	0.000283	1.272966	0.000360
谐芯胁褟写懈薪邪	0.003109	0.116534	0.000362
谐芯写	0.006783	0.083382	0.000566
谐芯谢谢邪薪写褋泻懈泄	0.000283	0.116534	0.000033
谐芯褉芯写	0.001131	0.116534	0.000132
谐芯褉芯褏	0.000283	0.116534	0.000033
谐芯褉褔懈褑邪	0.000848	0.040822	0.000035
谐芯褉褕芯褔械泻	0.000565	0.040822	0.000023
谐芯褉褟褔械械	0.001131	0.116534	0.000132
谐芯褉褟褔懈泄	0.016959	0.105361	0.001787
谐芯褋褌褜	0.000565	0.116534	0.000066
谐芯褌芯胁懈褌褜	0.004522	0.083382	0.000377
谐褉械薪泻邪	0.000565	0.040822	0.000023
谐褉械褔械褋泻懈泄	0.000283	0.116534	0.000033
谐褉械褔泻邪	0.000283	0.040822	0.000012
谐褉懈斜	0.005370	0.040822	0.000219
谐褉懈斜薪芯泄	0.000565	0.040822	0.000023
谐褉懈谢褜	0.002826	0.105361	0.000298
谐褉懈谢褜屑邪薪懈褟	0.000283	0.116534	0.000033
谐褉芯谐	0.000283	0.040822	0.000012
谐褉褍蟹懈薪褋泻懈泄	0.000283	0.116534	0.000033
谐褉褍锌锌邪	0.000283	0.061875	0.000017
谐褍褉屑	0.000283	0.127833	0.000036
谐褍褉屑邪薪懈褟	0.001696	0.116534	0.000198
谐褍褋褜	0.000565	0.105361	0.000060
写邪胁邪褌褜	0.000283	0.040822	0.000012
写邪薪薪褘械	0.000283	0.040822	0.000012
写邪褉	0.000283	0.116534	0.000033
写邪褌邪	0.000565	0.248461	0.000140
写邪褌褋泻懈泄	0.000283	0.116534	0.000033
写邪褌褜	0.000283	0.040822	0.000012
写邪褔薪褘泄	0.000848	0.116534	0.000099
写胁邪	0.000283	0.967584	0.000273
写械胁芯褔泻邪	0.000283	1.171183	0.000331
写械胁褍褕泻邪	0.000283	3.506558	0.000991
写械泻芯褉	0.000283	0.127833	0.000036
写械谢邪褌褜	0.000848	0.083382	0.000071
写械谢懈褌褜褋褟	0.000283	0.040822	0.000012
写械谢芯	0.000283	0.105361	0.000030
写械薪褜	0.003109	0.040822	0.000127
写械褋械褉褌	0.004805	0.040822	0.000196
写械褋械褉褌邪褑懈褟	0.000283	0.116534	0.000033
写械褋械褉褌薪褘泄	0.000283	0.116534	0.000033
写卸械屑	0.000283	0.040822	0.000012
写卸械屑邪	0.000283	0.040822	0.000012
写蟹械薪	0.000283	0.116534	0.000033
写懈械褌邪	0.000565	0.094311	0.000053
写懈泻懈泄	0.000848	0.116534	0.000099
写懈锌	0.000283	0.116534	0.000033
写懈褔褜	0.000848	0.116534	0.000099
写薪械胁薪懈泻	0.000283	0.061875	0.000017
写芯斜邪胁懈褌褜	0.000283	0.083382	0.000024
写芯斜邪胁谢械薪懈械	0.000283	0.223144	0.000063
写芯斜邪胁谢褟褌褜	0.000283	0.040822	0.000012
写芯斜褉芯褎谢芯褌	0.000283	0.127833	0.000036
写芯胁械褉褟褌褜	0.000283	0.116534	0.000033
写芯胁芯谢褜薪芯	0.000283	1.609438	0.000455
写芯屑	0.003109	0.040822	0.000127
写芯屑邪褕薪懈泄	0.003957	0.040822	0.000162
写褉邪泄胁	0.001413	0.127833	0.000181
写褉芯卸卸械胁芯泄	0.000283	0.116534	0.000033
写褉褍卸懈褌褜	0.000283	3.506558	0.000991
写褍屑邪褌褜	0.000283	0.634878	0.000179
写褍褏芯胁泻邪	0.001131	0.105361	0.000119
写褍褕邪	0.000848	0.105361	0.000089
写褍褕懈褋褌褘泄	0.000565	1.237874	0.000700
械胁褉械泄褋泻懈泄	0.000283	0.116534	0.000033
械谐懈锌械褌褋泻懈泄	0.000283	0.116534	0.000033
械写懈薪褘泄	0.000283	0.000000	0.000000
械蟹写懈褌褜	0.000283	3.912023	0.001106
械泻芯	0.000283	0.127833	0.000036
卸邪谢褜	0.000283	3.218876	0.000910
卸邪褉泻芯械	0.000283	0.040822	0.000012
卸谐褍褔懈泄	0.001696	1.966113	0.003334
卸械谢械	0.000848	0.040822	0.000035
卸械谢褌芯泻	0.000565	1.237874	0.000700
卸械薪褋泻懈泄	0.000565	0.020203	0.000011
卸械薪褖懈薪邪	0.000565	0.061875	0.000035
卸懈蟹薪褜	0.000565	0.040822	0.000023
卸褍谢褜械薪	0.000283	0.040822	0.000012
卸褍褉薪邪谢	0.000283	0.072571	0.000021
卸褞谢褜械薪	0.000283	0.040822	0.000012
卸褞谢褜薪褘泄	0.000283	0.040822	0.000012
蟹邪胁邪褉薪芯泄	0.000565	0.116534	0.000066
蟹邪胁械褉褕械薪懈械	0.000283	3.912023	0.001106
蟹邪胁褌褉邪泻	0.002261	0.094311	0.000213
蟹邪胁褌褉邪褕薪懈泄	0.000283	4.605170	0.001302
蟹邪谐芯褌芯胁泻邪	0.001131	0.040822	0.000046
蟹邪写邪胁邪褌褜	0.000283	0.040822	0.000012
蟹邪泻胁邪褋泻邪	0.000848	0.040822	0.000035
蟹邪泻褉褘褌褘泄	0.000283	0.116534	0.000033
蟹邪泻褍褋泻邪	0.006218	0.040822	0.000254
蟹邪泻褍褋芯薪褔懈泻	0.000283	0.116534	0.000033
蟹邪泻褍褋芯褔泻邪	0.000283	0.116534	0.000033
蟹邪泻褍褋芯褔薪邪褟	0.002544	0.116534	0.000296
蟹邪谢懈胁薪芯械	0.000565	0.040822	0.000023
蟹邪屑械褔邪褌械谢褜薪褘泄	0.000283	0.713350	0.000202
蟹邪屑芯褉芯蟹泻邪	0.000283	0.105361	0.000030
蟹邪芯写薪芯	0.000283	3.506558	0.000991
蟹邪锌邪写	0.000283	0.116534	0.000033
蟹邪锌械泻邪薪泻邪	0.003109	0.040822	0.000127
蟹邪锌芯谢薪褟褌褜	0.000283	3.912023	0.001106
蟹邪锌褉邪胁泻邪	0.000565	0.040822	0.000023
蟹邪褉械谐懈褋褌褉懈褉芯胁邪褌褜褋褟	0.000565	0.030459	0.000017
蟹邪褋芯谢泻邪	0.000283	0.116534	0.000033
蟹邪褟褑	0.000565	0.116534	0.000066
蟹胁邪薪懈械	0.000283	4.605170	0.001302
蟹胁邪薪褘泄	0.000283	0.127833	0.000036
蟹胁械蟹写邪	0.000283	0.116534	0.000033
蟹胁褢蟹写薪褘泄	0.000283	0.116534	0.000033
蟹写芯褉芯胁褘泄	0.000565	0.116534	0.000066
蟹械谢械薪褜	0.004805	0.094311	0.000453
蟹械谢褢薪褘泄	0.000565	0.820981	0.000464
蟹械褎懈褉	0.000283	0.040822	0.000012
蟹懈屑邪	0.001131	0.040822	0.000046
蟹懈屑薪懈泄	0.000283	0.051293	0.000014
蟹薪邪褌褜	0.000848	0.462035	0.000392
蟹芯谢芯褌芯泄	0.000283	0.116534	0.000033
懈胁邪薪	0.000283	2.407946	0.000681
懈胁邪薪芯胁	0.000283	0.127833	0.000036
懈胁邪薪芯胁懈褔	0.000283	2.525729	0.000714
懈写械邪谢褜薪褘泄	0.001979	0.116534	0.000231
懈写械泄泻邪	0.000283	0.116534	0.000033
懈蟹写械谢懈械	0.001696	0.116534	0.000198
懈泻褉邪	0.000848	0.040822	0.000035
懈屑褟	0.000283	0.030459	0.000009
懈薪胁械褉褌芯褉薪褘泄	0.000283	0.127833	0.000036
懈薪谐褉械写懈械薪褌	0.009045	0.139262	0.001260
懈薪写械泄泻邪	0.001696	0.094311	0.000160
懈薪写懈泄褋泻懈泄	0.000283	0.116534	0.000033
懈薪写懈谢邪泄褌邪	0.000848	0.116534	0.000099
懈薪写懈褉械褋薪褘泄	0.000283	0.116534	0.000033
懈薪褋褌褉褍泻褑懈褟	0.000283	0.030459	0.000009
懈薪褌械褉械褋薪褘泄	0.000283	0.916291	0.000259
懈褉邪泻褋泻懈泄	0.000283	0.116534	0.000033
懈褉邪薪褋泻懈泄	0.000283	0.116534	0.000033
懈褉谢邪薪写褋泻懈泄	0.000283	0.116534	0.000033
懈褋泻谢褞褔械薪懈械	0.000283	3.218876	0.000910
懈褋泻褉械薪薪械	0.000283	0.116534	0.000033
懈褋谢邪薪写褋泻懈泄	0.000283	0.116534	0.000033
懈褋锌邪薪褋泻懈泄	0.000283	0.116534	0.000033
懈褋锌械褔褜	0.000283	0.105361	0.000030
懈褋锌芯谢褜蟹芯胁邪褌褜	0.000283	1.171183	0.000331
懈褋褌芯褉懈褟	0.001696	0.116534	0.000198
懈褌邪谢懈褟	0.000565	0.105361	0.000060
懈褌邪谢褜褟薪褋泻懈泄	0.000283	0.105361	0.000030
懈褞谢褜	0.000565	0.579818	0.000328
懈褞薪褜	0.000283	0.562119	0.000159
泄芯谐褍褉褌	0.000848	0.040822	0.000035
泻邪	0.000283	3.912023	0.001106
泻邪斜邪褔芯泻	0.000283	0.040822	0.000012
泻邪胁泻邪蟹褋泻懈泄	0.000283	0.116534	0.000033
泻邪蟹邪薪	0.000565	0.116534	0.000066
泻邪蟹邪褏褋泻懈泄	0.000283	0.116534	0.000033
泻邪泻邪芯	0.000565	0.040822	0.000023
泻邪谢械泄写芯褋泻芯锌	0.001131	0.116534	0.000132
泻邪谢卸	0.000565	4.605170	0.002603
泻邪谢屑褘褑泻懈泄	0.000283	0.116534	0.000033
泻邪谢褜屑邪褉	0.001413	0.040822	0.000058
泻邪屑械褉邪	0.000283	0.116534	0.000033
泻邪薪邪写褋泻懈泄	0.000283	0.116534	0.000033
泻邪薪邪谢	0.000848	0.040822	0.000035
泻邪薪邪锌械	0.000565	0.040822	0.000023
泻邪锌械谢褜泻邪	0.000283	3.912023	0.001106
泻邪锌褍褋褌邪	0.003109	0.040822	0.000127
泻邪锌褍褋褌薪褟泻	0.000283	0.040822	0.000012
泻邪褉邪屑械谢褜	0.000283	0.040822	0.000012
泻邪褉泻邪褋薪褘泄	0.001131	0.116534	0.000132
泻邪褉褌芯褎械谢褜	0.003109	0.040822	0.000127
泻邪褉褌芯褎械谢褜薪褘泄	0.000565	0.040822	0.000023
泻邪褉褌芯褕泻邪	0.000565	0.040822	0.000023
泻邪褋褟	0.000283	3.506558	0.000991
泻邪褌械谐芯褉懈褟	0.004805	0.116534	0.000560
泻邪褌褟	0.000283	3.912023	0.001106
泻邪褎械褕泻邪	0.000283	4.605170	0.001302
泻邪褔械褋褌胁芯	0.000283	0.105361	0.000030
泻邪褕邪	0.001979	0.040822	0.000081
泻胁邪褋	0.001131	0.040822	0.000046
泻胁邪褋薪芯泄	0.000848	0.116534	0.000099
泻械泻褋	0.000848	0.040822	0.000035
泻械褋屑邪	0.000565	4.605170	0.002603
泻械褎懈褉	0.000283	0.040822	0.000012
泻懈屑褔邪褌褜	0.000283	0.040822	0.000012
泻懈薪蟹邪	0.000565	2.407946	0.001361
泻懈薪芯邪	0.000565	0.127833	0.000072
泻懈薪芯谢械薪褌邪	0.000283	0.116534	0.000033
泻懈褉谐懈蟹褋泻懈	0.000565	4.605170	0.002603
泻懈褋械谢褜	0.000565	0.040822	0.000023
泻懈褌邪泄	0.000565	3.218876	0.001820
泻懈褌邪泄褋泻懈泄	0.001131	0.116534	0.000132
泻谢邪褋褋	0.002544	0.116534	0.000296
泻薪懈谐邪	0.000565	0.040822	0.000023
泻芯写懈邪泻	0.000283	4.605170	0.001302
泻芯蟹懈泄	0.000565	3.912023	0.002211
泻芯泄	0.000283	2.525729	0.000714
泻芯泻褌械泄谢褜	0.001696	0.040822	0.000069
泻芯谢斜邪褋邪	0.000283	0.040822	0.000012
泻芯谢斜邪褋薪褘泄	0.000848	0.116534	0.000099
泻芯谢懈褔械褋褌胁芯	0.000283	1.386294	0.000392
泻芯屑邪薪写邪	0.000565	0.127833	0.000072
泻芯屑懈	0.000283	0.116534	0.000033
泻芯屑屑械薪褌邪褉懈泄	0.000283	0.127833	0.000036
泻芯屑锌邪薪懈褟	0.000283	0.105361	0.000030
泻芯屑锌芯褌	0.000848	0.040822	0.000035
泻芯薪懈薪邪	0.000283	0.116534	0.000033
泻芯薪泻褍褉褋	0.061617	0.040822	0.002515
泻芯薪泻褍褉褋薪褘泄	0.000283	0.127833	0.000036
泻芯薪褋械褉胁懈褉芯胁邪薪懈械	0.000283	0.040822	0.000012
泻芯薪褋械褉胁懈褉芯胁邪薪薪褘泄	0.001413	0.116534	0.000165
泻芯薪褎械褌邪	0.000848	0.040822	0.000035
泻芯薪褎械褌褌懈	0.000283	0.116534	0.000033
泻芯薪褎懈写械薪褑懈邪谢褜薪芯褋褌褜	0.000283	0.040822	0.000012
泻芯薪褎懈褌褞褉	0.000283	0.040822	0.000012
泻芯锌褔褢薪芯褋褌褜	0.000283	0.116534	0.000033
泻芯褉械泄褋泻懈	0.000283	0.040822	0.000012
泻芯褉械泄褋泻懈泄	0.000565	0.105361	0.000060
泻芯褉械薪褜褟	0.000565	3.506558	0.001982
泻芯褉卸懈泻	0.000283	0.040822	0.000012
泻芯褉懈邪薪写褉	0.001696	1.469676	0.002492
泻芯褉屑懈褌褜	0.000283	0.116534	0.000033
泻芯褉薪械胁芯泄	0.000565	2.995732	0.001693
泻芯褋褍褕泻邪	0.000283	4.605170	0.001302
泻芯褌谢械褌邪	0.000283	0.040822	0.000012
泻芯褎械	0.000565	0.040822	0.000023
泻褉邪褋泻邪	0.000283	0.116534	0.000033
泻褉邪褋薪褘泄	0.002261	0.941609	0.002129
泻褉械邪褌懈胁	0.000283	0.127833	0.000036
泻褉械屑	0.000848	0.040822	0.000035
泻褉械锌泻懈泄	0.000283	0.116534	0.000033
泻褉芯谢懈泻	0.000565	0.116534	0.000066
泻褉芯屑械	0.000565	0.061875	0.000035
泻褉芯褏邪	0.000283	0.116534	0.000033
泻褉褍谐	0.000565	0.116534	0.000066
泻褉褍锌	0.001696	0.105361	0.000179
泻褉褍锌邪	0.003109	0.116534	0.000362
泻褉褍锌褟薪芯泄	0.000283	0.116534	0.000033
泻褍斜懈薪褋泻懈泄	0.000283	0.116534	0.000033
泻褍泻褋懈褌褜	0.000283	4.605170	0.001302
泻褍谢械褕	0.000283	0.040822	0.000012
泻褍谢懈薪邪褉懈褟	0.000848	0.094311	0.000080
泻褍谢懈薪邪褉薪褘泄	0.001696	0.000000	0.000000
泻褍谢懈褔	0.000565	0.040822	0.000023
泻褍薪卸褍褌薪褘泄	0.001131	2.659260	0.003007
泻褍褉写褋泻懈泄	0.000283	0.116534	0.000033
泻褍褉懈薪褘泄	0.003109	0.094311	0.000293
泻褍褉懈褑邪	0.003109	0.040822	0.000127
泻褍褉芯褔泻邪	0.000283	0.116534	0.000033
泻褍褋泻褍褋	0.000283	0.040822	0.000012
泻褍褏薪褟	0.002261	0.040822	0.000092
泻褍褕邪褌褜	0.000283	2.302585	0.000651
谢邪胁邪褕	0.001696	0.040822	0.000069
谢邪胁褉芯胁褘泄	0.000565	1.139434	0.000644
谢邪谐屑邪薪	0.002261	0.040822	0.000092
谢邪泻芯屑褋褌胁芯	0.000283	0.116534	0.000033
谢邪锌褕邪	0.010741	0.040822	0.000438
谢邪褌褘褕褋泻懈泄	0.000283	0.116534	0.000033
谢械谐泻芯	0.001696	0.116534	0.000198
谢械锌泻邪	0.000283	2.407946	0.000681
谢械锌褢褕泻邪	0.000565	0.040822	0.000023
谢械褌薪懈泄	0.000565	0.040822	0.000023
谢械褌芯	0.001696	0.116534	0.000198
谢械褔芯	0.000283	0.040822	0.000012
谢懈谐邪	0.000848	0.116534	0.000099
谢懈泻褢褉	0.000283	0.040822	0.000012
谢懈屑芯薪邪写	0.000565	0.040822	0.000023
谢懈屑芯薪薪褘泄	0.000565	0.713350	0.000403
谢懈褋褌	0.000565	0.843970	0.000477
谢懈褌芯胁褋泻	0.000283	0.127833	0.000036
谢懈褌芯胁褋泻懈泄	0.000283	0.116534	0.000033
谢褍泻	0.007349	0.301105	0.002213
谢褞斜懈屑褘泄	0.002544	0.116534	0.000296
谢褞斜懈褌褜	0.000283	0.755023	0.000213
谢褞斜芯胁褜	0.000848	0.105361	0.000089
谢褞斜芯泄	0.000565	0.094311	0.000053
谢褟	0.000283	1.771957	0.000501
谢褢谐泻懈泄	0.000848	0.094311	0.000080
谢褢写	0.000283	0.116534	0.000033
屑邪谐褉懈斜	0.000283	0.116534	0.000033
屑邪泄	0.000283	0.116534	0.000033
屑邪泄芯薪械蟹	0.000283	0.116534	0.000033
屑邪泻邪褉芯薪薪褘泄	0.000283	0.116534	0.000033
屑邪泻邪褉芯薪褘	0.000283	0.040822	0.000012
屑邪谢邪蟹懈泄褋泻懈泄	0.000283	0.116534	0.000033
屑邪谢褜褔懈泻	0.000283	3.218876	0.000910
屑邪屑邪	0.000283	1.469676	0.000415
屑邪屑芯褔泻邪	0.000283	2.995732	0.000847
屑邪薪薪懈泻	0.000283	0.040822	0.000012
屑邪薪薪褘泄	0.000565	1.609438	0.000910
屑邪薪褌邪	0.000283	0.116534	0.000033
屑邪薪褢胁褉	0.000283	0.116534	0.000033
屑邪褉邪褎芯薪	0.000848	0.116534	0.000099
屑邪褉懈薪邪写	0.003392	0.040822	0.000138
屑邪褉懈薪芯胁邪褌褜	0.000283	0.116534	0.000033
屑邪褉屑械谢邪写	0.000283	0.040822	0.000012
屑邪褉芯泻泻邪薪褋泻懈泄	0.000283	0.116534	0.000033
屑邪褉褌	0.002261	0.105361	0.000238
屑邪褋泻邪褉锌芯薪	0.000283	0.040822	0.000012
屑邪褋谢械薪懈褑邪	0.000848	0.040822	0.000035
屑邪褋谢械薪懈褔薪褘泄	0.000283	0.116534	0.000033
屑邪褋谢芯	0.006783	0.105361	0.000715
屑邪褋褌械褉	0.002544	0.116534	0.000296
屑邪褋褌懈泻邪	0.000565	0.040822	0.000023
屑邪褎褎懈薪邪	0.000283	0.116534	0.000033
屑邪褏械械胁褗	0.001131	0.116534	0.000132
屑邪褕械薪褜泻邪	0.000283	3.912023	0.001106
屑械写懈邪褎芯褉褌	0.000848	0.000000	0.000000
屑械写芯胁褘泄	0.000283	0.116534	0.000033
屑械泻褋懈泻邪薪褋泻懈泄	0.000283	0.116534	0.000033
屑械薪褞	0.000283	0.116534	0.000033
屑械薪褟褌褜褋褟	0.000283	0.116534	0.000033
屑械褔褌邪	0.000848	0.040822	0.000035
屑懈写懈褟	0.000283	0.040822	0.000012
屑懈泻褉芯胁芯谢薪芯胁泻邪	0.000283	0.105361	0.000030
屑懈谢褜褟	0.000283	0.116534	0.000033
屑懈薪懈屑邪谢褜薪褘泄	0.000283	2.407946	0.000681
屑懈芯	0.000283	0.116534	0.000033
屑懈褉	0.000565	0.105361	0.000060
屑懈褉芯胁芯泄	0.000283	0.116534	0.000033
屑懈褋芯	0.000283	0.040822	0.000012
屑懈褋褋	0.000283	1.966113	0.000556
屑懈褋褌械褉懈褟	0.000283	0.116534	0.000033
屑懈褋褌褉邪谢褜	0.001979	0.116534	0.000231
屑薪芯谐懈械	0.000565	1.309333	0.000740
屑薪芯卸械褋褌胁芯	0.000283	0.040822	0.000012
屑芯泄	0.002826	0.083382	0.000236
屑芯谢写邪胁褋泻懈泄	0.000283	0.116534	0.000033
屑芯谢芯泻芯	0.000565	0.083382	0.000047
屑芯谢芯褔薪褘泄	0.000848	0.040822	0.000035
屑芯屑械薪褌	0.000848	0.105361	0.000089
屑芯薪谐芯谢褜褋泻懈泄	0.000283	0.116534	0.000033
屑芯褉械	0.000283	0.116534	0.000033
屑芯褉械锌褉芯写褍泻褌	0.004240	0.040822	0.000173
屑芯褉泻芯胁褜	0.007066	0.040822	0.000288
屑芯褉芯卸械薪芯械	0.000848	0.040822	0.000035
屑芯褉芯蟹芯胁	0.000283	4.605170	0.001302
屑芯褉褋	0.000565	0.040822	0.000023
屑芯褌芯褉	0.000283	0.116534	0.000033
屑芯褏懈褌褘泄	0.000283	0.040822	0.000012
屑芯褔褜	0.000565	0.000000	0.000000
屑褍卸	0.000848	0.867501	0.000736
屑褍卸褋泻芯泄	0.000283	0.127833	0.000036
屑褍卸褔懈薪邪	0.000848	0.116534	0.000099
屑褍谢褜褌懈胁邪褉泻邪	0.010741	0.116534	0.001252
屑褍谢褜褌懈锌械泻邪褉褜	0.000848	0.116534	0.000099
屑褍褋褋	0.000283	0.040822	0.000012
屑褍褋褋邪	0.000848	0.040822	0.000035
屑褍褔薪芯泄	0.000283	0.116534	0.000033
屑褞褋谢懈	0.000565	0.116534	0.000066
屑褟褋薪芯泄	0.003957	0.040822	0.000162
屑褟褋芯	0.009610	0.040822	0.000392
薪邪胁械褉薪芯	0.000283	2.407946	0.000681
薪邪写芯械褋褌褜	0.000283	3.506558	0.000991
薪邪蟹胁邪薪懈械	0.000565	0.562119	0.000318
薪邪蟹薪邪褔械薪懈械	0.000283	0.116534	0.000033
薪邪谢懈胁泻邪	0.000283	0.040822	0.000012
薪邪锌懈褌芯泻	0.001979	0.040822	0.000081
薪邪褋褌芯泄泻邪	0.000283	0.040822	0.000012
薪邪褋褌褉芯械薪懈械	0.000283	0.116534	0.000033
薪邪褋褘褖械薪薪褘泄	0.000283	1.609438	0.000455
薪邪褌褉懈泄	0.000565	3.912023	0.002211
薪邪褑懈芯薪邪谢褜薪褘泄	0.000565	0.116534	0.000066
薪邪褔懈薪泻邪	0.000848	0.040822	0.000035
薪邪褕	0.000848	0.040822	0.000035
薪械胁械褉芯褟褌薪芯	0.000283	1.386294	0.000392
薪械写械谢褟	0.003109	0.051293	0.000159
薪械卸薪褘泄	0.000565	0.094311	0.000053
薪械屑械褑泻懈泄	0.000283	0.116534	0.000033
薪械屑芯泄	0.000283	1.203973	0.000340
薪械芯卸懈写邪薪薪褘泄	0.000283	0.116534	0.000033
薪械褋泻芯谢褜泻芯	0.000283	0.843970	0.000239
薪械褋谢邪写泻懈泄	0.000283	0.116534	0.000033
薪械褔邪褋褌芯	0.000283	4.605170	0.001302
薪懈薪邪	0.000848	1.078810	0.000915
薪懈褔械谐芯	0.000283	0.941609	0.000266
薪芯胁芯谐芯写薪懈泄	0.006218	0.040822	0.000254
薪芯胁芯褋褌褜	0.000283	0.061875	0.000017
薪芯胁褘泄	0.003392	0.030459	0.000103
薪芯褉胁械卸褋泻懈泄	0.000283	0.116534	0.000033
薪芯褟斜褉褜	0.000283	0.527633	0.000149
薪褉邪胁懈褌褜褋褟	0.000565	0.941609	0.000532
芯斜邪谢写械褌褜	0.000283	3.506558	0.000991
芯斜械写	0.000848	0.105361	0.000089
芯斜械蟹褜褟薪邪	0.000283	0.116534	0.000033
芯斜懈写邪	0.000283	3.912023	0.001106
芯斜芯卸邪褌褜	0.000283	1.386294	0.000392
芯斜褖邪褌褜褋褟	0.000283	0.040822	0.000012
芯斜褘褔薪芯	0.000283	1.714798	0.000485
芯胁芯褖	0.008197	0.094311	0.000773
芯胁芯褖薪芯泄	0.002544	0.040822	0.000104
芯胁褋褟薪褘泄	0.000283	0.105361	0.000030
芯谐薪械薪薪褘泄	0.000283	0.116534	0.000033
芯谐芯薪褜	0.000283	0.094311	0.000027
芯谐褍褉械褑	0.002261	0.116534	0.000264
芯写薪芯懈屑褢薪薪褘泄	0.000283	4.605170	0.001302
芯泻褉芯褕泻邪	0.000848	0.040822	0.000035
芯泻褌褟斜褉褜	0.000283	0.562119	0.000159
芯谢邪写褜褟	0.000848	0.040822	0.000035
芯谢械泄薪芯泄	0.001131	0.116534	0.000132
芯谢械泄薪褘泄	0.001131	0.116534	0.000132
芯谢懈胁泻芯胁褘泄	0.000565	0.544727	0.000308
芯屑谢械褌	0.000283	0.040822	0.000012
芯锌邪褉邪	0.000283	0.040822	0.000012
芯锌褉芯褋	0.000283	0.061875	0.000017
芯褉械谐邪薪芯	0.001131	2.525729	0.002856
芯褉懈谐懈薪邪谢	0.000283	1.832581	0.000518
芯褋械薪薪懈泄	0.001131	0.051293	0.000058
芯褋械薪褜	0.002826	0.105361	0.000298
芯褋薪芯胁薪褘泄	0.000283	0.040822	0.000012
芯褋芯斜械薪薪芯	0.000283	1.469676	0.000415
芯褋芯斜械薪薪芯褋褌褜	0.000283	3.218876	0.000910
芯褋褌邪胁邪褌褜褋褟	0.000283	0.116534	0.000033
芯褋褌褉芯	0.000283	4.605170	0.001302
芯褋褌褉褘泄	0.000565	1.897120	0.001072
芯褌胁械褌	0.000565	0.000000	0.000000
芯褌胁械褌懈褌褜	0.000283	0.051293	0.000014
芯褌谐邪写邪褌褜	0.000283	3.506558	0.000991
芯褌泻褉褘褌褘泄	0.000565	0.105361	0.000060
芯褌谢懈褔邪褌褜褋褟	0.000283	1.469676	0.000415
芯褌屑械薪懈褌褜	0.000283	0.040822	0.000012
芯褌薪械褋褌懈	0.000283	4.605170	0.001302
芯褏谢邪写懈褌褜	0.000283	0.116534	0.000033
锌邪泻械褌懈泻	0.000283	0.105361	0.000030
锌邪谢芯褔泻邪	0.000283	0.040822	0.000012
锌邪薪懈	0.000283	2.995732	0.000847
锌邪薪懈褉芯胁泻邪	0.002261	0.116534	0.000264
锌邪锌褉懈泻邪	0.001131	1.171183	0.001324
锌邪褉邪	0.000283	0.116534	0.000033
锌邪褉邪写	0.001979	0.116534	0.000231
锌邪褉芯胁邪褉泻邪	0.002544	0.105361	0.000268
锌邪褉芯谢褜	0.000283	0.020203	0.000006
锌邪褋褌邪	0.001979	0.040822	0.000081
锌邪褋褌褉芯屑邪	0.000283	0.040822	0.000012
锌邪褋褏邪	0.000565	0.040822	0.000023
锌邪褋褏邪谢褜薪褘泄	0.000848	0.116534	0.000099
锌邪褍褌懈薪泻邪	0.000565	4.605170	0.002603
锌邪褕褌械褌	0.000848	0.040822	0.000035
锌械泻邪褉褜	0.000283	0.127833	0.000036
锌械泻懈薪褋泻懈泄	0.001131	2.407946	0.002722
锌械谢褜屑械薪褜	0.000283	0.116534	0.000033
锌械褉胁褘泄	0.001696	0.040822	0.000069
锌械褉械泄褌懈	0.000283	0.040822	0.000012
锌械褉械泻褍褋	0.000565	0.116534	0.000066
锌械褉械薪褟褌褜	0.000283	4.605170	0.001302
锌械褉械褑	0.007631	0.040822	0.000312
锌械褉褋芯薪邪	0.000283	0.116534	0.000033
锌械褉褍邪薪褋泻懈泄	0.000283	0.116534	0.000033
锌械褋芯褔薪褘泄	0.000848	0.105361	0.000089
锌械褌械谢懈薪泻	0.000283	0.127833	0.000036
锌械褌械褉斜褍褉谐	0.000283	3.912023	0.001106
锌械褌褉芯胁	0.000283	3.912023	0.001106
锌械褌褉褍褕泻邪	0.000565	0.673345	0.000381
锌械褔械薪懈械	0.002544	0.040822	0.000104
锌械褔褜	0.000283	0.116534	0.000033
锌械褔褢薪芯褔薪褘泄	0.000283	0.040822	0.000012
锌懈胁芯	0.000283	0.116534	0.000033
锌懈泻邪薪褌	0.000283	0.127833	0.000036
锌懈泻邪薪褌薪褘泄	0.000283	1.514128	0.000428
锌懈泻薪懈泻	0.001413	0.105361	0.000149
锌懈泻薪懈褔薪褘泄	0.000283	4.605170	0.001302
锌懈褉	0.000283	0.116534	0.000033
锌懈褉芯谐	0.001131	0.040822	0.000046
锌懈褉芯卸薪芯械	0.000565	0.040822	0.000023
锌懈褉芯卸芯泻	0.000283	0.040822	0.000012
锌懈褌邪薪懈械	0.001413	0.094311	0.000133
锌懈褑褑邪	0.000565	0.040822	0.000023
锌懈褖邪	0.000283	2.207275	0.000624
锌谢邪屑褟	0.000283	0.116534	0.000033
锌谢懈褌邪	0.001131	0.116534	0.000132
锌谢芯胁	0.000283	0.116534	0.000033
锌谢芯写	0.000283	0.116534	0.000033
锌芯胁邪褉	0.000283	1.139434	0.000322
锌芯胁邪褉褢薪芯泻	0.001413	0.000000	0.000000
锌芯胁懈写谢芯	0.000283	0.040822	0.000012
锌芯写邪胁邪褌褜	0.000283	1.514128	0.000428
锌芯写邪褉芯泻	0.000283	0.116534	0.000033
锌芯写械谢懈褌褜褋褟	0.000565	0.400478	0.000226
锌芯写谢懈胁	0.000283	0.116534	0.000033
锌芯写谢懈胁泻邪	0.000283	0.040822	0.000012
锌芯写芯斜薪褘泄	0.000283	1.427116	0.000403
锌芯写锌懈褋邪褌褜褋褟	0.000848	0.040822	0.000035
锌芯械写懈薪芯泻	0.003957	0.116534	0.000461
锌芯蟹写褉邪胁懈褌褜	0.000283	0.116534	0.000033
锌芯懈褋泻	0.000283	0.051293	0.000014
锌芯泻邪蟹邪褌褜	0.000565	1.309333	0.000740
锌芯泻谢芯薪	0.000283	4.605170	0.001302
锌芯谢写薪懈泻	0.000565	0.116534	0.000066
锌芯谢械	0.000283	3.912023	0.001106
锌芯谢械蟹薪芯	0.000283	0.116534	0.000033
锌芯谢懈褌懈泻邪	0.000283	0.040822	0.000012
锌芯谢芯胁懈薪邪	0.002261	0.105361	0.000238
锌芯谢褍褔邪褌褜	0.000848	0.040822	0.000035
锌芯谢褍褔邪褌褜褋褟	0.000283	0.328504	0.000093
锌芯谢褍褔懈褌褜	0.000283	1.237874	0.000350
锌芯谢褍褔懈褌褜褋褟	0.000283	0.653926	0.000185
锌芯谢褜蟹邪	0.001413	0.116534	0.000165
锌芯谢褜褋泻懈泄	0.000283	0.116534	0.000033
锌芯屑邪写泻邪	0.000848	0.040822	0.000035
锌芯屑懈写芯褉	0.003392	0.116534	0.000395
锌芯屑懈写芯褉泻	0.000283	0.127833	0.000036
锌芯屑芯薪	0.000283	4.605170	0.001302
锌芯薪褉邪胁懈褌褜褋褟	0.000283	0.040822	0.000012
锌芯薪褔懈泻	0.000565	0.040822	0.000023
锌芯薪褟褌褜	0.000283	1.660731	0.000469
锌芯锌械褉褢泻	0.000283	4.605170	0.001302
锌芯锌褉芯斜芯胁邪褌褜	0.000848	0.248461	0.000211
锌芯锌褍谢褟褉薪芯褋褌褜	0.000283	2.407946	0.000681
锌芯褉邪	0.000283	0.105361	0.000030
锌芯褉械泄	0.000565	2.302585	0.001302
锌芯褉芯谐	0.000283	2.813411	0.000795
锌芯褉褌褍谐邪谢褜褋泻懈泄	0.000283	0.116534	0.000033
锌芯褋械褖邪褌褜	0.000283	0.061875	0.000017
锌芯褋褌	0.001413	0.105361	0.000149
锌芯褋褌懈褌褜褋褟	0.000565	2.207275	0.001248
锌芯褋褌薪褘泄	0.000848	0.040822	0.000035
锌芯褋褌芯褟薪薪芯	0.000283	0.040822	0.000012
锌芯褋褌褉芯懈褌褜	0.000283	0.105361	0.000030
锌芯褋褍写邪	0.000565	0.094311	0.000053
锌芯褍卸懈薪邪褌褜	0.000283	4.605170	0.001302
锌芯褍褔邪褋褌胁芯胁邪褌褜	0.000283	3.506558	0.000991
锌芯褔褌邪	0.000283	0.040822	0.000012
锌芯褕邪谐芯胁褘泄	0.000565	0.040822	0.000023
锌褉邪蟹写薪懈泻	0.000283	0.105361	0.000030
锌褉邪蟹写薪懈褔薪芯	0.000283	0.116534	0.000033
锌褉邪蟹写薪懈褔薪褘泄	0.000565	0.105361	0.000060
锌褉邪泻褌懈泻褍屑	0.000283	0.116534	0.000033
锌褉械胁芯褋褏芯写薪褘泄	0.000283	0.116534	0.000033
锌褉械胁褉邪褖械薪懈械	0.000283	0.116534	0.000033
锌褉械写褋褌邪胁懈褌褜	0.000283	1.347074	0.000381
锌褉械泻褉邪褋薪芯	0.000283	1.714798	0.000485
锌褉械泻褉邪褋薪褘泄	0.000283	1.386294	0.000392
锌褉械褋薪褘泄	0.000283	0.116534	0.000033
锌褉械褌械薪写芯胁邪褌褜	0.000283	3.506558	0.000991
锌褉械褌械薪蟹懈褟	0.000283	4.605170	0.001302
锌褉懈谐芯胁邪褉懈胁邪褌褜	0.000283	3.218876	0.000910
锌褉懈谐芯褌芯胁懈褌褜	0.000565	0.083382	0.000047
锌褉懈谐芯褌芯胁谢械薪懈械	0.001131	0.040822	0.000046
锌褉懈谐褉邪薪懈褔薪褘泄	0.000283	4.605170	0.001302
锌褉懈蟹	0.000283	0.040822	0.000012
锌褉懈蟹薪邪薪懈械	0.000283	0.116534	0.000033
锌褉懈薪械褋褌懈	0.000283	2.525729	0.000714
锌褉懈薪懈屑邪褌褜	0.000283	3.506558	0.000991
锌褉懈芯斜褉械褋褌懈	0.000283	3.506558	0.000991
锌褉懈锌褉邪胁邪	0.000848	0.040822	0.000035
锌褉懈褉芯写邪	0.000565	0.105361	0.000060
锌褉懈褋褌褍锌懈褌褜	0.000283	0.040822	0.000012
锌褉芯胁械褉懈褌褜	0.001696	0.116534	0.000198
锌褉芯胁械褋褌懈	0.001131	0.116534	0.000132
锌褉芯胁芯写懈褌褜	0.000283	0.040822	0.000012
锌褉芯胁芯卸邪褌褜	0.000283	0.116534	0.000033
锌褉芯写褍泻褌	0.000283	0.072571	0.000021
锌褉芯械泻褌	0.000565	0.051293	0.000029
锌褉芯蟹褉邪褔薪褘泄	0.000283	3.506558	0.000991
锌褉芯褋屑芯褌褉	0.000283	0.274437	0.000078
锌褉芯褋褌芯	0.001979	0.083382	0.000165
锌褉芯褋褌芯泄	0.000283	0.301105	0.000085
锌褉芯褋褌芯泻胁邪褕邪	0.000283	0.040822	0.000012
锌褉芯褌懈胁芯锌芯谢芯卸薪褘泄	0.000283	4.605170	0.001302
锌褉芯褎懈谢褜	0.000283	0.040822	0.000012
锌褉褟屑芯	0.000565	0.040822	0.000023
锌褉褟薪懈泻	0.000565	0.040822	0.000023
锌褉褟薪懈褔薪褘泄	0.000283	0.116534	0.000033
锌褌懈褑邪	0.005936	0.116534	0.000692
锌褍写懈薪谐	0.000848	0.040822	0.000035
锌褍薪褕	0.000283	0.040822	0.000012
锌褍褋褌芯泄	0.000283	3.506558	0.000991
锌褍褌械褕械褋褌胁懈械	0.000848	0.116534	0.000099
锌褍褌褜	0.000283	0.116534	0.000033
锌褘褕泻邪	0.000283	0.040822	0.000012
锌褞褉械	0.001131	0.040822	0.000046
褉邪谐褍	0.000283	0.116534	0.000033
褉邪蟹	0.000283	0.356675	0.000101
褉邪蟹胁械褉薪褍褌褜	0.000283	0.116534	0.000033
褉邪蟹写械谢褜薪褘泄	0.000283	0.116534	0.000033
褉邪蟹薪褘泄	0.000565	0.094311	0.000053
褉邪薪薪懈泄	0.000283	1.514128	0.000428
褉邪褋锌芯谢芯卸懈褌褜	0.000283	2.659260	0.000752
褉邪褋褋芯谢褜薪懈泻	0.000848	0.040822	0.000035
褉邪褋褋褘谢泻邪	0.000283	0.061875	0.000017
褉邪褋褌懈褌械谢褜薪褘泄	0.003957	0.223144	0.000883
褉械斜褢薪芯泻	0.000283	0.094311	0.000027
褉械谐懈褋褌褉邪褑懈褟	0.000848	0.000000	0.000000
褉械写褜泻邪	0.001696	4.605170	0.007810
褉械泄褌懈薪谐	0.000283	0.235722	0.000067
褉械锌褔邪褌褘泄	0.005088	0.430783	0.002192
褉械褑械锌褌	0.026569	0.040822	0.001085
褉械褑械锌褌懈泻	0.000283	1.609438	0.000455
褉懈褋	0.001413	0.040822	0.000058
褉懈褌屑	0.000283	0.116534	0.000033
褉芯谐邪谢懈泻	0.000283	0.040822	0.000012
褉芯写薪褘泄	0.000565	0.116534	0.000066
褉芯卸写械薪懈械	0.000283	0.105361	0.000030
褉芯卸写械褋褌胁芯	0.000283	0.116534	0.000033
褉芯谢谢	0.000565	0.040822	0.000023
褉芯谢谢褌芯薪	0.000283	0.116534	0.000033
褉芯屑	0.000283	0.040822	0.000012
褉芯褋褋懈褟	0.000283	2.525729	0.000714
褉褍斜褉懈泻邪褌芯褉	0.000283	0.051293	0.000014
褉褍谢械褌	0.003109	0.040822	0.000127
褉褍屑褘薪褋泻懈泄	0.000283	0.116534	0.000033
褉褍屑褟薪褘泄	0.000283	0.116534	0.000033
褉褍薪械褌	0.000283	0.020203	0.000006
褉褍褋褋泻懈泄	0.000565	0.105361	0.000060
褉褍褔泻邪	0.000283	2.407946	0.000681
褉褘斜邪	0.007349	0.040822	0.000300
褉褘斜薪褘泄	0.002826	0.105361	0.000298
褉褟卸械薪泻邪	0.000283	0.116534	0.000033
褋邪泄褌	0.001696	0.000000	0.000000
褋邪谢邪褌	0.013850	0.040822	0.000565
褋邪谢邪褌薪褘泄	0.000283	0.116534	0.000033
褋邪屑芯谐芯薪	0.000283	0.040822	0.000012
褋邪屑褘泄	0.000565	0.105361	0.000060
褋邪薪泻褌	0.000283	3.912023	0.001106
褋邪褎	0.000848	0.116534	0.000099
褋邪褎褋械屑邪	0.000283	0.116534	0.000033
褋邪褏邪褉	0.002826	0.105361	0.000298
褋斜懈褌械薪褜	0.000283	0.040822	0.000012
褋胁邪写械斜薪褘泄	0.000283	2.659260	0.000752
褋胁械卸械褋褌褜	0.000283	0.105361	0.000030
褋胁械泻芯谢褜薪懈泻	0.000565	0.040822	0.000023
褋胁械褌	0.001131	0.116534	0.000132
褋胁械褌邪	0.001131	0.116534	0.000132
褋胁械褌谢邪薪泻邪	0.000283	3.506558	0.000991
褋胁懈薪懈薪	0.001131	0.116534	0.000132
褋胁懈薪懈薪邪	0.000283	0.040822	0.000012
褋胁褢泻谢邪	0.000283	0.040822	0.000012
褋谐褍褖褢薪泻邪	0.000283	0.040822	0.000012
褋写械谢邪褌褜	0.000283	0.733969	0.000207
褋械谐芯写薪褟	0.000565	0.843970	0.000477
褋械蟹芯薪	0.000283	0.116534	0.000033
褋械泄褔邪褋	0.000848	0.030459	0.000026
褋械泻褉械褌	0.000565	0.116534	0.000066
褋械泻褉械褌懈泻	0.000283	3.912023	0.001106
褋械谢褜写械褉械泄	0.000565	2.040221	0.001153
褋械谢褢写泻邪	0.000283	0.040822	0.000012
褋械屑械泄薪褘泄	0.000283	0.116534	0.000033
褋械屑褜褟	0.000848	0.116534	0.000099
褋械褉懈褟	0.000283	2.407946	0.000681
褋懈写褉	0.000283	0.040822	0.000012
褋懈褉懈泄褋泻懈泄	0.000283	0.116534	0.000033
褋懈褉芯锌	0.000565	0.040822	0.000023
褋懈褋褌械屑邪	0.000283	0.040822	0.000012
褋懈褌懈	0.000283	0.127833	0.000036
褋泻邪蟹邪褌褜	0.000565	0.400478	0.000226
褋泻邪蟹泻邪	0.000283	0.116534	0.000033
褋泻芯谢褜泻芯	0.000283	1.771957	0.000501
褋谢邪写泻懈泄	0.007631	0.040822	0.000312
褋谢邪写泻芯	0.000283	0.116534	0.000033
褋谢懈胁芯褔薪褘泄	0.000848	0.105361	0.000089
褋谢懈褕泻芯屑	0.000283	2.120264	0.000599
褋谢芯泄泻邪	0.000565	0.040822	0.000023
褋谢芯褢薪褘泄	0.000848	0.116534	0.000099
褋谢褍褔邪泄	0.000283	1.171183	0.000331
褋屑械谢芯	0.000283	2.120264	0.000599
褋屑械褋褜	0.001131	1.469676	0.001662
褋屑械褌邪薪邪	0.000283	0.105361	0.000030
褋屑械褕邪薪薪褘泄	0.000283	0.116534	0.000033
褋屑芯褔褜	0.000283	0.040822	0.000012
褋屑褍蟹懈	0.000848	0.040822	0.000035
褋薪褝泻	0.000283	0.116534	0.000033
褋芯斜懈褉邪褌褜褋褟	0.000283	0.040822	0.000012
褋芯胁械褉褕械薪薪芯	0.000283	1.171183	0.000331
褋芯胁械褉褕械薪褋褌胁芯	0.001413	0.116534	0.000165
褋芯胁械褌	0.000283	0.040822	0.000012
褋芯胁褋械屑	0.000283	1.139434	0.000322
褋芯谐谢邪褕邪褌褜褋褟	0.000283	0.040822	0.000012
褋芯械胁褘泄	0.001696	0.798508	0.001354
褋芯蟹写邪胁邪褌褜	0.000283	0.105361	0.000030
褋芯蟹写邪薪懈械	0.000565	0.261365	0.000148
褋芯泻	0.001413	0.040822	0.000058
褋芯谢械薪懈械	0.000565	0.116534	0.000066
褋芯谢薪械褔薪褘泄	0.000283	0.116534	0.000033
褋芯谢褜	0.005088	0.127833	0.000650
褋芯谢褟薪泻邪	0.000565	0.040822	0.000023
褋芯谢褢薪褘泄	0.000848	0.116534	0.000099
褋芯芯褌胁械褌褋褌胁褍褞褖懈泄	0.000283	4.605170	0.001302
褋芯褉褌懈褉芯胁邪褌褜	0.000283	0.248461	0.000070
褋芯褋褌邪胁懈褌褜	0.000283	0.116534	0.000033
褋芯褍褋	0.007066	0.040822	0.000288
褋芯褏褉邪薪褟褌褜	0.000283	0.040822	0.000012
褋芯褑褋械褌褜	0.000283	0.040822	0.000012
褋芯褔械褌邪薪懈械	0.000283	0.105361	0.000030
褋芯褔薪褘泄	0.000565	0.116534	0.000066
褋锌邪谢褜薪褟	0.000848	0.415515	0.000352
褋锌械褌褜	0.000283	0.116534	0.000033
褋锌械褑懈邪谢褜薪褘泄	0.000283	0.094311	0.000027
褋锌械褑懈褟	0.002544	0.094311	0.000240
褋锌械褑锌褉芯械泻褌	0.009327	0.116534	0.001087
褋锌懈褋芯泻	0.000283	0.116534	0.000033
褋锌芯褋芯斜	0.000283	0.891598	0.000252
褋褉邪蟹褍	0.000283	0.733969	0.000207
褋褉械写懈蟹械屑薪芯屑芯褉褋泻懈泄	0.000283	0.127833	0.000036
褋褉械写薪械邪蟹懈邪褌褋泻懈泄	0.000283	4.605170	0.001302
褋褉械写薪械械	0.000283	2.407946	0.000681
褋褉械写薪械褉褍褋褋泻懈	0.000283	4.605170	0.001302
褋褉械写薪懈泄	0.000283	2.813411	0.000795
褋褌邪薪芯胁懈褌褜褋褟	0.000565	2.407946	0.001361
褋褌邪褉懈薪薪褘泄	0.000283	2.995732	0.000847
褋褌邪褉褘泄	0.000283	0.261365	0.000074
褋褌邪褌褜褟	0.000283	0.061875	0.000017
褋褌懈谢褜	0.000848	0.116534	0.000099
褋褌芯谢	0.002261	0.105361	0.000238
褋褌芯谢褜泻芯	0.000283	2.040221	0.000577
褋褌褉邪薪懈褔泻邪	0.000283	3.912023	0.001106
褋褌褉芯谐芯	0.000283	2.407946	0.000681
褋褌褉芯懈褌械谢褜褋褌胁芯	0.000565	0.040822	0.000023
褋褌褉芯懈褌褜	0.000283	0.040822	0.000012
褋褌褉芯泄薪褘泄	0.000283	0.116534	0.000033
褋褌褍写械薪褌	0.000283	4.605170	0.001302
褋褍斜锌褉芯写褍泻褌	0.002826	0.116534	0.000329
褋褍写懈褌褜	0.000283	2.659260	0.000752
褋褍锌	0.013284	0.040822	0.000542
褋褍锌械褉斜邪斜褍褕泻邪	0.000848	1.237874	0.001050
褋褍锌褔懈泻	0.000565	2.302585	0.001302
褋褍褎谢械	0.000848	0.040822	0.000035
褋褍褏邪褉褜	0.000283	0.040822	0.000012
褋褍褕懈褌褜	0.000565	0.040822	0.000023
褋褗械褋褌褜	0.000283	1.469676	0.000415
褋褘褉	0.003674	0.040822	0.000150
褋褘褉薪懈泻	0.000848	0.040822	0.000035
褋褘褉薪褘泄	0.001131	0.040822	0.000046
褋褘褌薪芯	0.000283	1.771957	0.000501
褋褘褌薪褘泄	0.001131	0.105361	0.000119
褋褘褔褍卸薪褘泄	0.000283	0.127833	0.000036
褋褝薪写胁懈褔	0.000283	0.127833	0.000036
褋褞褉锌褉懈蟹	0.000565	0.116534	0.000066
褋褢屑谐邪	0.000283	0.040822	0.000012
褌邪写卸懈泻褋泻懈泄	0.000283	0.116534	0.000033
褌邪泄褋泻懈泄	0.000283	0.116534	0.000033
褌邪褉械谢泻邪	0.000283	1.469676	0.000415
褌邪褉械谢芯褔泻邪	0.000283	3.218876	0.000910
褌邪褉褌	0.000283	0.116534	0.000033
褌邪褉褌邪谢械褌泻邪	0.000565	0.040822	0.000023
褌邪褌邪褉褋泻懈泄	0.000565	0.116534	0.000066
褌胁芯泄	0.000565	0.116534	0.000066
褌胁芯褉懈褌褜	0.000283	0.116534	0.000033
褌胁芯褉芯谐	0.000848	0.040822	0.000035
褌胁芯褉芯卸薪褘泄	0.001131	0.094311	0.000107
褌械谢械谐褉邪屑	0.000283	0.040822	0.000012
褌械谢褟褌懈薪邪	0.001131	0.116534	0.000132
褌械屑	0.000565	0.967584	0.000547
褌械锌谢芯	0.000283	0.116534	0.000033
褌械褉褉邪褋邪	0.000565	0.776529	0.000439
褌械褉褉懈薪邪	0.000283	0.040822	0.000012
褌械褋褌	0.002826	0.105361	0.000298
褌械褋褌芯	0.002544	0.040822	0.000104
褌械褏薪懈泻邪	0.001413	0.105361	0.000149
褌屑	0.001131	0.127833	0.000145
褌芯屑邪褌薪褘泄	0.001131	1.139434	0.001288
褌芯锌谢褢薪褘泄	0.000283	0.116534	0.000033
褌芯褉褌	0.005653	0.040822	0.000231
褌褉邪胁邪	0.000283	0.094311	0.000027
褌褉邪写懈褑懈芯薪薪芯	0.000283	2.995732	0.000847
褌褉邪写懈褑懈褟	0.001696	0.116534	0.000198
褌褉懈	0.000283	1.272966	0.000360
褌褉褍斜芯褔泻邪	0.000283	0.040822	0.000012
褌褉褢褏谢械褌懈械	0.000283	0.116534	0.000033
褌褍薪械褑	0.000283	0.105361	0.000030
褌褍薪懈褋褋泻懈泄	0.000283	0.116534	0.000033
褌褍褉械褑泻懈泄	0.000283	0.116534	0.000033
褌褘泻胁邪	0.000283	0.040822	0.000012
褌褢褖懈薪	0.000283	0.040822	0.000012
褍胁械写芯屑谢械薪懈械	0.000283	0.040822	0.000012
褍胁懈写械褌褜	0.000283	1.203973	0.000340
褍谐邪写邪褌褜	0.000565	3.506558	0.001982
褍谐芯褋褌懈褌褜	0.000283	1.660731	0.000469
褍谐芯褖邪褌褜褋褟	0.000848	0.994252	0.000843
褍写邪谢懈褌褜	0.000283	1.660731	0.000469
褍写邪褔薪褘泄	0.000283	0.116534	0.000033
褍写懈胁懈褌械谢褜薪褘泄	0.000283	3.218876	0.000910
褍写懈胁懈褌褜	0.000283	0.116534	0.000033
褍写懈胁谢褟褌褜	0.001131	0.116534	0.000132
褍写芯斜薪芯	0.000283	2.659260	0.000752
褍写芯胁芯谢褜褋褌胁懈械	0.000283	0.116534	0.000033
褍卸	0.000283	0.693147	0.000196
褍卸懈薪	0.001696	0.094311	0.000160
褍蟹斜械泻褋泻懈泄	0.000283	0.116534	0.000033
褍泻褉邪懈薪褋泻懈泄	0.000283	0.116534	0.000033
褍泻褉邪褕械薪懈械	0.002261	0.116534	0.000264
褍泻褋褍褋	0.002261	0.562119	0.001271
褍谢褘斜邪褌褜褋褟	0.000283	3.912023	0.001106
褍锌芯褌褉械斜谢械薪懈械	0.000283	0.116534	0.000033
褍锌芯褌褉械斜谢褟褌褜	0.000283	2.207275	0.000624
褍褉邪谢褜褋泻懈泄	0.000283	0.116534	0.000033
褍褉芯卸邪泄	0.000283	0.105361	0.000030
褍褌胁械褉卸写邪褌褜	0.000283	3.218876	0.000910
褍褌泻邪	0.000848	0.116534	0.000099
褍褏芯	0.000283	0.040822	0.000012
褍褔邪褋褌胁芯胁邪褌褜	0.000283	0.040822	0.000012
褎邪蟹械薪写邪	0.000283	0.116534	0.000033
褎邪薪褌邪蟹懈褟	0.002261	0.116534	0.000264
褎邪褉褕	0.004240	0.040822	0.000173
褎邪褉褕懈褉芯胁邪薪薪褘泄	0.001696	0.040822	0.000069
褎邪褋芯谢褜	0.000283	0.040822	0.000012
褎械胁褉邪谢褜	0.000848	0.094311	0.000080
褎械泄械褉胁械褉泻	0.000565	0.116534	0.000066
褎懈谐褍褉邪	0.000283	0.116534	0.000033
褎懈谢械	0.000565	0.916291	0.000518
褎懈薪褋泻懈泄	0.000283	0.116534	0.000033
褎懈褉屑械薪薪褘泄	0.000283	0.116534	0.000033
褎芯薪写褞	0.000283	0.040822	0.000012
褎芯褉屑邪	0.000283	0.105361	0.000030
褎芯褉褍屑	0.000565	0.040822	0.000023
褎芯褉褕屑邪泻	0.000283	0.040822	0.000012
褎芯褌芯谐褉邪褎懈褟	0.000283	2.813411	0.000795
褎褉邪薪褑懈褟	0.000283	0.116534	0.000033
褎褉邪薪褑褍蟹褋泻懈泄	0.000283	0.094311	0.000027
褎褉邪褍	0.001131	0.116534	0.000132
褎褉懈泻邪写械谢褜泻邪	0.000848	3.506558	0.002973
褎褉懈褋泻芯	0.000283	3.506558	0.000991
褎褉褍泻褌	0.001131	0.116534	0.000132
褎褉褍泻褌芯胁褘泄	0.002261	0.040822	0.000092
褎褍写	0.000283	0.116534	0.000033
褎褍薪褔芯蟹	0.000565	3.912023	0.002211
褎褍褉褕械褌	0.000283	0.116534	0.000033
褏邪谢胁邪	0.000283	0.040822	0.000012
褏邪褉胁械褋褌褎械褋褌	0.000565	0.116534	0.000066
褏邪褉褔芯	0.000565	0.040822	0.000023
褏邪褕	0.000283	0.040822	0.000012
褏胁芯褉芯褋褌	0.000283	0.040822	0.000012
褏懈薪泻邪谢懈	0.000283	0.116534	0.000033
褏懈褌	0.001979	0.116534	0.000231
褏懈褌褉芯	0.000283	3.912023	0.001106
褏谢械斜	0.000848	0.040822	0.000035
褏谢械斜芯锌械褔泻邪	0.000283	0.116534	0.000033
褏谢芯锌褜褟	0.000565	0.094311	0.000053
褏芯蟹褟泄泻邪	0.000565	0.116534	0.000066
褏芯谢芯写械褑	0.000283	0.040822	0.000012
褏芯谢芯写懈谢褜薪懈泻	0.000283	1.049822	0.000297
褏芯谢芯写薪芯械	0.000565	0.116534	0.000066
褏芯谢芯写薪褘泄	0.001131	0.116534	0.000132
褏芯褉胁邪褌褋泻懈泄	0.000283	0.116534	0.000033
褏芯褉芯褕懈泄	0.001131	0.040822	0.000046
褏芯褉芯褕芯	0.001696	0.105361	0.000179
褏芯褉褋	0.000283	0.116534	0.000033
褏芯褌械褌褜	0.001413	0.000000	0.000000
褏褉邪薪懈褌褜褋褟	0.000283	2.207275	0.000624
褏褍屑褍褋邪	0.000283	0.040822	0.000012
褏褝泄褏褝	0.001131	4.605170	0.005207
褑邪褉褋褌胁芯	0.000283	0.127833	0.000036
褑邪褉褜	0.000283	0.116534	0.000033
褑胁械褌薪芯泄	0.000283	0.040822	0.000012
褑械薪薪褘泄	0.000283	0.040822	0.000012
褑械薪褌褉	0.000283	0.116534	0.000033
褔邪械屑褘泄	0.000283	0.116534	0.000033
褔邪泄	0.000848	0.040822	0.000035
褔邪褋褌芯	0.000283	0.994252	0.000281
褔械斜褍褉械泻	0.000565	0.040822	0.000023
褔械谢芯胁械泻	0.000283	0.916291	0.000259
褔械褉泻懈蟹芯胁褘泄	0.000565	0.116534	0.000066
褔械褋薪芯泻	0.004522	0.314711	0.001423
褔械褋褌薪芯泄	0.000283	0.040822	0.000012
褔械褔械胁懈褑邪	0.000283	0.040822	0.000012
褔械褕褋泻懈泄	0.000283	0.116534	0.000033
褔懈蟹泻械泄泻	0.001131	0.040822	0.000046
褔懈谢懈	0.000565	1.237874	0.000700
褔懈谢懈泄褋泻懈泄	0.000283	0.116534	0.000033
褔懈锌褋褘	0.000283	0.040822	0.000012
褔懈褋谢芯	0.000283	0.235722	0.000067
褔褍写芯	0.000565	0.116534	0.000066
褔褢褉薪褘泄	0.000565	0.356675	0.000202
褕邪屑锌懈薪褜芯薪	0.000565	1.237874	0.000700
褕邪褉懈泻	0.000283	0.040822	0.000012
褕邪褉谢芯褌泻邪	0.000565	0.040822	0.000023
褕邪褉屑	0.000283	0.116534	0.000033
褕邪褕谢褘泻	0.003674	0.040822	0.000150
褕胁械写褋泻懈泄	0.000283	0.116534	0.000033
褕胁械泄褑邪褉褋泻懈泄	0.000283	0.116534	0.000033
褕械写械胁褉	0.000283	0.116534	0.000033
褕械褎	0.000565	0.127833	0.000072
褕懈锌褍褔泻邪	0.000283	0.040822	0.000012
褕懈褉芯泻懈泄	0.000283	0.127833	0.000036
褕泻芯谢邪	0.000283	0.116534	0.000033
褕芯泻芯谢邪写	0.000283	0.040822	0.000012
褕芯锌懈薪谐	0.000283	4.605170	0.001302
褕芯褌谢邪薪写褋泻懈泄	0.000283	0.116534	0.000033
褕褌褉褍写械谢褜	0.000283	0.040822	0.000012
褕褍褉锌邪	0.000283	0.040822	0.000012
褕褢谢泻芯胁褘泄	0.000283	3.912023	0.001106
褖械写褉褘泄	0.000283	0.116534	0.000033
褖懈	0.000565	0.040822	0.000023
褝泻芯屑懈谢泻	0.000283	0.127833	0.000036
褝褉泻械褉	0.000283	2.040221	0.000577
褝褋褌芯薪褋泻懈泄	0.000283	0.116534	0.000033
褞谐芯褋谢邪胁褋泻懈泄	0.000283	0.116534	0.000033
褟谐芯写薪褘泄	0.001131	0.105361	0.000119
褟蟹褘泻	0.000283	0.040822	0.000012
褟懈褔薪褘泄	0.001131	0.941609	0.001065
褟泄褑芯	0.003109	0.040822	0.000127
褟薪胁邪褉褜	0.000283	0.733969	0.000207
褟薪写械泻褋	0.000283	0.072571	0.000021
褟锌芯薪褋泻懈泄	0.000565	0.051293	0.000029
褟褉泻懈泄	0.000283	0.116534	0.000033
褟褉泻芯	0.000283	0.105361	0.000030
