谢械屑屑邪	TF	IDF	TF-IDF
邪斜褏邪蟹褋泻懈泄	0.000282	0.116534	0.000033
邪胁褋褌褉邪谢懈泄褋泻懈泄	0.000282	0.116534	0.000033
邪胁褋褌褉懈泄褋泻懈泄	0.000282	0.116534	0.000033
邪胁褌芯泻谢邪胁	0.000282	0.116534	0.000033
邪胁褌芯褉	0.000845	0.040822	0.000034
邪谐褉芯	0.000282	0.116534	0.000033
邪写卸懈泻邪	0.000282	0.040822	0.000011
邪卸褍褉	0.000282	2.525729	0.000711
邪蟹	0.000282	0.127833	0.000036
邪蟹械褉斜邪泄写卸邪薪褋泻懈泄	0.000282	0.116534	0.000033
邪蟹懈邪褌褋泻懈泄	0.000282	0.127833	0.000036
邪泄褉邪薪	0.000282	0.040822	0.000011
邪泻胁邪褌懈泻	0.000845	0.127833	0.000108
邪谢械泻褋邪薪写褉	0.000282	2.995732	0.000843
邪谢械泻褋械泄	0.000282	0.127833	0.000036
邪谢懈泄	0.000282	2.813411	0.000792
邪谢泻芯谐芯谢褜	0.000845	0.116534	0.000098
邪谢泻芯谐芯谢褜薪褘泄	0.000282	0.116534	0.000033
邪谢褜褟薪褋	0.000282	0.116534	0.000033
邪屑械褉懈泻邪	0.000282	2.207275	0.000621
邪屑械褉懈泻邪薪褋泻懈泄	0.000563	0.116534	0.000066
邪薪谐谢懈泄褋泻懈泄	0.000282	0.116534	0.000033
邪薪写褉械泄	0.000282	0.127833	0.000036
邪锌褉械谢褜	0.000845	0.544727	0.000460
邪褉邪斜褋泻懈泄	0.000282	0.116534	0.000033
邪褉斜邪褌	0.000282	2.525729	0.000711
邪褉谐械薪褌懈薪褋泻懈泄	0.000282	0.116534	0.000033
邪褉屑褟薪褋泻懈泄	0.000282	0.116534	0.000033
邪褋褋芯褉褌懈	0.000563	0.116534	0.000066
邪褌谢邪薪褌	0.000282	0.116534	0.000033
邪褎谐邪薪褋泻懈泄	0.000282	0.116534	0.000033
邪褎褉懈泻邪薪褋泻懈泄	0.000282	0.116534	0.000033
邪褔屑	0.000282	3.218876	0.000906
邪褝褉芯谐褉懈谢褜	0.002815	0.116534	0.000328
邪褝褉芯锌芯褉褌	0.000282	2.525729	0.000711
斜邪泻谢邪卸邪薪	0.000282	0.040822	0.000011
斜邪谢褌泻芯屑邪	0.000282	0.127833	0.000036
斜邪褉邪薪懈薪邪	0.001126	0.116534	0.000131
斜邪褉斜懈	0.000282	2.525729	0.000711
斜邪褋屑邪褌懈	0.000563	0.127833	0.000072
斜邪褋褌褍褉屑	0.000282	0.040822	0.000011
斜邪褋褌褍褉屑邪	0.000282	0.040822	0.000011
斜邪褌芯薪褔懈泻	0.000282	0.127833	0.000036
斜邪褕泻懈褉褋泻懈泄	0.000282	0.116534	0.000033
斜械蟹邪谢泻芯谐芯谢褜薪褘泄	0.000282	0.116534	0.000033
斜械蟹谐谢褞褌械薪芯胁芯械	0.000282	0.116534	0.000033
斜械蟹械	0.001126	0.040822	0.000046
斜械蟹屑械褉薪芯	0.000282	2.659260	0.000749
斜械谢械斜械械胁褋泻懈泄	0.000563	0.116534	0.000066
斜械谢芯泻芯褔邪薪薪褘泄	0.000563	0.967584	0.000545
斜械谢芯褉褍褋褋泻懈泄	0.000282	0.116534	0.000033
斜械谢褜谐懈泄褋泻懈泄	0.000282	0.116534	0.000033
斜械褉械屑械薪薪邪褟	0.000282	0.116534	0.000033
斜械褋械写懈薪	0.000282	0.127833	0.000036
斜械褋锌芯写芯斜薪褘泄	0.000282	1.560648	0.000439
斜懈蟹薪械褋	0.000282	2.525729	0.000711
斜懈褋泻胁懈褌	0.001971	0.040822	0.000080
斜懈褋泻胁懈褌薪褘泄	0.001408	0.105361	0.000148
斜谢邪谐芯写邪褉薪褘泄	0.000282	1.660731	0.000468
斜谢懈蟹泻懈泄	0.000563	0.116534	0.000066
斜谢懈薪	0.001689	0.040822	0.000069
斜谢懈褑	0.000282	2.207275	0.000621
斜谢褞写芯	0.032095	0.040822	0.001310
斜芯斜芯胁褘泄	0.002252	0.116534	0.000262
斜芯谢谐邪褉褋泻懈泄	0.000845	0.116534	0.000098
斜芯谢褜褕芯泄	0.000845	0.094311	0.000080
斜芯褉褌	0.000282	2.525729	0.000711
斜芯褉褌芯胁褘泄	0.000282	2.525729	0.000711
斜芯褉褖	0.000563	0.040822	0.000023
斜芯褌胁懈薪褜褟	0.000282	0.040822	0.000011
斜褉邪蟹懈谢褜褋泻懈泄	0.000282	0.116534	0.000033
斜褉邪褍蟹械褉	0.000282	0.040822	0.000011
斜褉邪褍薪懈	0.000282	0.040822	0.000011
斜褉械褋褌	0.000282	0.127833	0.000036
斜褉芯泻泻芯谢懈	0.000282	0.040822	0.000011
斜褍卸械薪懈薪邪	0.000282	0.040822	0.000011
斜褍谢芯褔泻邪	0.000845	0.040822	0.000034
斜褍谢褜芯薪	0.003097	0.040822	0.000126
斜褍褉谐械褉	0.000563	0.040822	0.000023
斜褍褉褟褌褋泻懈泄	0.000282	0.116534	0.000033
斜褍褌械褉斜褉芯写	0.001126	0.040822	0.000046
斜褘褋褌褉芯	0.001689	0.094311	0.000159
斜褘褋褌褉褘泄	0.001126	0.094311	0.000106
胁邪卸薪褘泄	0.000282	0.116534	0.000033
胁邪谢谢懈泄褋泻懈泄	0.000282	0.116534	0.000033
胁邪薪懈谢褜薪褘泄	0.001689	1.347074	0.002275
胁邪褉械薪懈械	0.000563	0.040822	0.000023
胁邪褉械薪懈泻	0.000845	0.116534	0.000098
胁邪褉懈邪薪褌	0.000282	0.356675	0.000100
胁邪褉泻邪	0.000282	1.832581	0.000516
胁邪褌褉褍褕泻邪	0.000282	0.040822	0.000011
胁邪褎谢褟	0.000563	0.040822	0.000023
胁邪褕	0.001126	0.000000	0.000000
胁胁芯写懈褌褜	0.000282	0.040822	0.000011
胁写芯褏薪芯胁械薪懈械	0.001689	0.116534	0.000197
胁写芯褏薪芯胁谢褟褌褜褋褟	0.000282	0.116534	0.000033
胁械谐械褌邪褉懈邪薪褋泻懈泄	0.000563	0.116534	0.000066
胁械谢懈泻懈泄	0.000282	0.116534	0.000033
胁械谢懈泻芯谢械锌薪褘泄	0.000282	1.427116	0.000402
胁械薪谐械褉褋泻懈泄	0.000282	0.116534	0.000033
胁械褋械薪薪懈泄	0.000282	0.051293	0.000014
胁械褋薪邪	0.001689	0.116534	0.000197
胁械褌褔懈薪邪	0.000282	0.094311	0.000027
胁蟹谐谢褟写	0.000563	1.427116	0.000804
胁懈写	0.000282	0.776529	0.000219
胁懈写械芯	0.000563	0.116534	0.000066
胁懈写械芯褉械褑械锌褌	0.000282	0.301105	0.000085
胁懈薪芯	0.000563	0.040822	0.000023
胁懈褕薪褟	0.000563	1.832581	0.001032
胁泻谢褞褔邪褌褜	0.000282	0.634878	0.000179
胁泻褍褋	0.003378	0.105361	0.000356
胁泻褍褋薪芯	0.001689	0.094311	0.000159
胁泻褍褋薪褘泄	0.004223	0.061875	0.000261
胁谢褞斜懈褌褜	0.000282	0.116534	0.000033
胁谢褞斜懈褌褜褋褟	0.000563	1.386294	0.000781
胁薪邪褔邪谢械	0.001126	0.248461	0.000280
胁薪懈屑邪薪懈械	0.000282	1.237874	0.000349
胁芯写邪	0.001408	0.094311	0.000133
胁芯蟹写褍褕薪褘泄	0.000282	1.469676	0.000414
胁芯蟹屑芯卸薪芯	0.000845	1.469676	0.001241
胁芯泄褌懈	0.000282	0.000000	0.000000
胁芯谢薪芯胁邪褌褜	0.000282	2.407946	0.000678
胁芯谢芯胁邪薪	0.000282	0.116534	0.000033
胁芯谢褕械斜薪褘泄	0.000282	0.116534	0.000033
胁芯谢褕械斜褋褌胁芯	0.000282	0.116534	0.000033
胁芯锌褉芯褋	0.000282	0.000000	0.000000
胁芯褋泻褉械褋薪褘泄	0.000282	2.302585	0.000648
胁芯褋褌芯褉谐	0.000563	1.309333	0.000737
胁芯褋褌芯褔薪褘泄	0.000282	0.127833	0.000036
胁锌械褉胁褘械	0.000282	1.560648	0.000439
胁锌械褉械写懈	0.000282	2.407946	0.000678
胁褉邪褌褜	0.000282	2.407946	0.000678
胁褉械屑褟	0.002252	0.105361	0.000237
胁褋锌芯屑薪懈褌褜	0.000282	0.040822	0.000011
胁褌芯褉芯械	0.000282	0.116534	0.000033
胁褌芯褉芯泄	0.000282	0.116534	0.000033
胁褏芯写	0.000845	0.030459	0.000026
胁褔械褉邪	0.000282	2.040221	0.000574
胁褘谐谢褟写械褌褜	0.000282	1.469676	0.000414
胁褘写邪褌褜	0.000282	2.407946	0.000678
胁褘泄褌懈	0.000282	0.040822	0.000011
胁褘薪芯褋懈褌褜	0.000282	2.525729	0.000711
胁褘锌械褔泻邪	0.006194	0.040822	0.000253
胁褘锌褉芯褋懈褌褜	0.000282	2.525729	0.000711
胁褘褉褍褔邪谢芯褔泻邪	0.000282	1.560648	0.000439
胁褘褋褌褉邪懈胁邪褌褜褋褟	0.000282	2.302585	0.000648
胁褘褏芯写薪芯泄	0.000282	2.040221	0.000574
胁褜械褌薪邪屑褋泻懈泄	0.000282	0.116534	0.000033
谐邪胁邪泄褋泻懈泄	0.000282	0.116534	0.000033
谐邪蟹械褌邪	0.000282	2.207275	0.000621
谐邪褉邪卸	0.000282	1.078810	0.000304
谐邪褉薪懈褉	0.001408	0.040822	0.000057
谐邪褋锌邪褔芯	0.000282	0.040822	0.000011
谐邪褕褢薪褘泄	0.000563	2.207275	0.001243
谐械芯谐褉邪褎懈褟	0.000282	0.116534	0.000033
谐谢邪胁薪褘泄	0.000282	0.040822	0.000011
谐谢邪蟹褍褉褜	0.000845	0.040822	0.000034
谐谢邪褋褋斜芯褉芯	0.000282	4.605170	0.001297
谐谢懈薪褌胁械泄薪	0.000282	0.040822	0.000011
谐薪械蟹写芯	0.000282	2.207275	0.000621
谐芯胁褟写懈薪邪	0.001126	0.116534	0.000131
谐芯写	0.007320	0.083382	0.000610
谐芯谢谢邪薪写褋泻懈泄	0.000282	0.116534	0.000033
谐芯褉写褘泄	0.000282	3.218876	0.000906
谐芯褉芯写	0.000282	0.116534	0.000033
谐芯褉芯褏	0.000282	0.116534	0.000033
谐芯褉褔懈褑邪	0.000845	0.040822	0.000034
谐芯褉褕芯褔械泻	0.000563	0.040822	0.000023
谐芯褉褟褔械械	0.000845	0.116534	0.000098
谐芯褉褟褔懈泄	0.013514	0.105361	0.001424
谐芯褋褌褜	0.000282	0.116534	0.000033
谐芯褌芯胁懈褌褜	0.005631	0.083382	0.000469
谐芯褌芯胁懈褌褜褋褟	0.001126	0.371064	0.000418
谐芯褌芯胁褘泄	0.000282	0.755023	0.000213
谐褉械薪泻邪	0.000563	0.040822	0.000023
谐褉械褑泻懈泄	0.000563	1.469676	0.000828
谐褉械褔械褋泻懈泄	0.000282	0.116534	0.000033
谐褉械褔泻邪	0.000282	0.040822	0.000011
谐褉懈斜	0.002815	0.040822	0.000115
谐褉懈斜薪芯泄	0.000563	0.040822	0.000023
谐褉懈谢褜	0.002815	0.105361	0.000297
谐褉懈谢褜屑邪薪懈褟	0.000282	0.116534	0.000033
谐褉芯谐	0.000282	0.040822	0.000011
谐褉褍写泻邪	0.000563	0.967584	0.000545
谐褉褍蟹懈薪褋泻懈泄	0.000282	0.116534	0.000033
谐褉褍锌锌邪	0.000282	0.061875	0.000017
谐褍褉屑	0.000282	0.127833	0.000036
谐褍褉屑邪薪懈褟	0.001689	0.116534	0.000197
谐褍褋褜	0.000563	0.105361	0.000059
写邪胁邪褌褜	0.000282	0.040822	0.000011
写邪胁薪芯	0.000563	0.967584	0.000545
写邪胁薪褘泄	0.000282	2.407946	0.000678
写邪薪薪褘械	0.000282	0.040822	0.000011
写邪褉	0.000282	0.116534	0.000033
写邪褌邪	0.000563	0.248461	0.000140
写邪褌褋泻懈泄	0.000282	0.116534	0.000033
写邪褌褜	0.000282	0.040822	0.000011
写邪褔薪褘泄	0.000845	0.116534	0.000098
写胁邪卸写褘	0.000282	2.525729	0.000711
写胁械褉褜	0.000282	2.302585	0.000648
写械胁芯褔泻邪	0.000563	1.171183	0.000659
写械泻邪斜褉褜	0.000563	0.597837	0.000337
写械泻芯褉	0.000282	0.127833	0.000036
写械谢邪褌褜	0.000845	0.083382	0.000070
写械谢懈褌褜褋褟	0.000282	0.040822	0.000011
写械谢芯	0.000282	0.105361	0.000030
写械薪胁械褉	0.000282	3.912023	0.001101
写械薪褜	0.002534	0.040822	0.000103
写械褉卸邪褌褜褋褟	0.000282	2.302585	0.000648
写械褋械褉褌	0.005631	0.040822	0.000230
写械褋械褉褌邪褑懈褟	0.000282	0.116534	0.000033
写械褋械褉褌薪褘泄	0.000282	0.116534	0.000033
写卸械屑	0.000282	0.040822	0.000011
写卸械屑邪	0.000282	0.040822	0.000011
写蟹械薪	0.000282	0.116534	0.000033
写懈械褌邪	0.000563	0.094311	0.000053
写懈泻懈泄	0.000845	0.116534	0.000098
写懈锌	0.000282	0.116534	0.000033
写懈褔褜	0.000845	0.116534	0.000098
写薪械胁薪懈泻	0.000282	0.061875	0.000017
写芯斜邪胁懈褌褜	0.000282	0.083382	0.000023
写芯斜邪胁谢械薪懈械	0.000282	0.223144	0.000063
写芯斜邪胁谢褟褌褜	0.000282	0.040822	0.000011
写芯斜褉芯褎谢芯褌	0.000282	0.127833	0.000036
写芯胁械褉褟褌褜	0.000282	0.116534	0.000033
写芯胁芯谢褜薪芯	0.000282	1.609438	0.000453
写芯胁芯谢褜薪褘泄	0.000282	1.897120	0.000534
写芯谢卸薪褘泄	0.001408	1.078810	0.001519
写芯屑	0.002815	0.040822	0.000115
写芯屑邪褕薪懈泄	0.003660	0.040822	0.000149
写芯屑芯褏芯蟹褟泄泻邪	0.000282	2.302585	0.000648
写芯褉芯谐芯泄	0.000282	1.139434	0.000321
写褉邪泄胁	0.001408	0.127833	0.000180
写褉芯卸卸械胁芯泄	0.000282	0.116534	0.000033
写褉褍谐	0.000282	0.544727	0.000153
写褍屑邪褌褜	0.000563	0.634878	0.000357
写褍褏芯胁泻邪	0.001408	0.105361	0.000148
写褍褕邪	0.000845	0.105361	0.000089
械胁褉械泄褋泻懈泄	0.000282	0.116534	0.000033
械谐懈锌械褌褋泻懈泄	0.000282	0.116534	0.000033
械写懈薪褘泄	0.000282	0.000000	0.000000
械卸械谐芯写薪芯	0.000282	2.407946	0.000678
械泻芯	0.000282	0.127833	0.000036
卸邪褉泻芯械	0.000282	0.040822	0.000011
卸械谢邪褌懈薪邪	0.000563	1.427116	0.000804
卸械谢械	0.000845	0.040822	0.000034
卸械薪褋泻懈泄	0.000563	0.020203	0.000011
卸械薪褖懈薪邪	0.000563	0.061875	0.000035
卸懈蟹薪褜	0.000563	0.040822	0.000023
卸褍谢褜械薪	0.000282	0.040822	0.000011
卸褍褉薪邪谢	0.000563	0.072571	0.000041
卸褞谢褜械薪	0.000282	0.040822	0.000011
卸褞谢褜薪褘泄	0.000282	0.040822	0.000011
蟹邪斜褘褌褜	0.000282	2.040221	0.000574
蟹邪胁邪褉薪芯泄	0.000563	0.116534	0.000066
蟹邪胁褌褉邪泻	0.002534	0.094311	0.000239
蟹邪谐芯褌芯胁泻邪	0.001126	0.040822	0.000046
蟹邪写邪胁邪褌褜	0.000282	0.040822	0.000011
蟹邪泻胁邪褋泻邪	0.000845	0.040822	0.000034
蟹邪泻褉褘褌褘泄	0.000282	0.116534	0.000033
蟹邪泻褍褋泻邪	0.005912	0.040822	0.000241
蟹邪泻褍褋芯薪褔懈泻	0.000282	0.116534	0.000033
蟹邪泻褍褋芯褔泻邪	0.000282	0.116534	0.000033
蟹邪泻褍褋芯褔薪邪褟	0.002534	0.116534	0.000295
蟹邪谢邪屑懈薪懈褉芯胁邪褌褜	0.000282	2.407946	0.000678
蟹邪谢懈胁薪芯械	0.000563	0.040822	0.000023
蟹邪屑械褔邪褌械谢褜薪褘泄	0.000282	0.713350	0.000201
蟹邪屑芯褉芯蟹泻邪	0.000282	0.105361	0.000030
蟹邪锌邪写	0.000282	0.116534	0.000033
蟹邪锌械泻邪薪懈械	0.000282	1.514128	0.000426
蟹邪锌械泻邪薪泻邪	0.004223	0.040822	0.000172
蟹邪锌褉邪胁泻邪	0.000563	0.040822	0.000023
蟹邪锌褉芯褋	0.000282	2.120264	0.000597
蟹邪褉械谐懈褋褌褉懈褉芯胁邪褌褜褋褟	0.000563	0.030459	0.000017
蟹邪褋芯谢泻邪	0.000282	0.116534	0.000033
蟹邪褏芯写懈褌褜	0.000282	0.733969	0.000207
蟹邪褟胁谢褟褌褜	0.000282	1.771957	0.000499
蟹邪褟褑	0.000563	0.116534	0.000066
蟹胁邪薪褘泄	0.000282	0.127833	0.000036
蟹胁械蟹写邪	0.000282	0.116534	0.000033
蟹胁褢蟹写薪褘泄	0.000282	0.116534	0.000033
蟹写芯褉芯胁褘泄	0.000563	0.116534	0.000066
蟹械谢械薪褜	0.001408	0.094311	0.000133
蟹械褎懈褉	0.000282	0.040822	0.000011
蟹懈屑邪	0.001126	0.040822	0.000046
蟹懈屑薪懈泄	0.000282	0.051293	0.000014
蟹薪邪泻芯屑褘泄	0.000282	1.272966	0.000358
蟹薪邪褌褜	0.001126	0.462035	0.000520
蟹芯谢芯褌芯泄	0.000282	0.116534	0.000033
蟹褉邪蟹邪	0.000282	2.040221	0.000574
懈胁邪薪芯胁	0.000282	0.127833	0.000036
懈写械邪谢褜薪褘泄	0.001971	0.116534	0.000230
懈写械泄泻邪	0.000282	0.116534	0.000033
懈蟹胁械褋褌薪褘泄	0.000282	1.049822	0.000296
懈蟹胁懈薪械薪懈械	0.000282	2.302585	0.000648
懈蟹写械谢懈械	0.002815	0.116534	0.000328
懈蟹芯斜褉械褋褌懈	0.000282	2.407946	0.000678
懈蟹芯斜褉械褌械薪懈械	0.000282	2.407946	0.000678
懈蟹褍屑懈褌械谢褜薪褘泄	0.000282	1.714798	0.000483
懈泻褉邪	0.000845	0.040822	0.000034
懈屑械褌褜	0.000282	1.171183	0.000330
懈屑褟	0.000282	0.030459	0.000009
懈薪胁械褉褌芯褉薪褘泄	0.000282	0.127833	0.000036
懈薪谐褉械写懈械薪褌	0.008446	0.139262	0.001176
懈薪写械泄泻邪	0.001689	0.094311	0.000159
懈薪写懈泄褋泻懈泄	0.000282	0.116534	0.000033
懈薪写懈谢邪泄褌邪	0.000845	0.116534	0.000098
懈薪写懈褉械褋薪褘泄	0.000282	0.116534	0.000033
懈薪褋褌褉褍泻褑懈褟	0.000282	0.030459	0.000009
懈薪褌械褉薪械褌	0.000563	0.967584	0.000545
懈褉邪泻褋泻懈泄	0.000282	0.116534	0.000033
懈褉邪薪褋泻懈泄	0.000282	0.116534	0.000033
懈褉谢邪薪写褋泻懈泄	0.000282	0.116534	0.000033
懈褉褉械蟹邪	0.000563	1.347074	0.000758
懈褋泻褉械薪薪械	0.000282	0.116534	0.000033
懈褋泻褉械薪薪懈泄	0.000282	2.525729	0.000711
懈褋谢邪薪写褋泻懈泄	0.000282	0.116534	0.000033
懈褋锌邪薪褋泻懈泄	0.000282	0.116534	0.000033
懈褋锌械褔褜	0.000282	0.105361	0.000030
懈褋锌褘褌褘胁邪褌褜	0.000282	2.407946	0.000678
懈褋褌芯褉懈褟	0.001689	0.116534	0.000197
懈褌邪谢懈褟	0.000563	0.105361	0.000059
懈褌邪谢褜褟薪褋泻懈泄	0.000282	0.105361	0.000030
懈褞谢褜	0.000563	0.579818	0.000326
懈褞薪褜	0.000282	0.562119	0.000158
泄芯谐褍褉褌	0.000845	0.040822	0.000034
泄芯褉泻	0.000282	2.407946	0.000678
泻邪斜邪褔泻芯胁褘泄	0.000563	1.832581	0.001032
泻邪斜邪褔芯泻	0.000845	0.040822	0.000034
泻邪胁泻邪蟹褋泻懈泄	0.000282	0.116534	0.000033
泻邪蟹邪薪	0.000282	0.116534	0.000033
泻邪蟹邪褏褋泻懈泄	0.000282	0.116534	0.000033
泻邪泻邪芯	0.001689	0.040822	0.000069
泻邪谢械泄写芯褋泻芯锌	0.001126	0.116534	0.000131
泻邪谢屑褘褑泻懈泄	0.000282	0.116534	0.000033
泻邪谢褜屑邪褉	0.000282	0.040822	0.000011
泻邪屑械褉邪	0.000282	0.116534	0.000033
泻邪薪邪写褋泻懈泄	0.000282	0.116534	0.000033
泻邪薪邪谢	0.000845	0.040822	0.000034
泻邪薪邪锌械	0.000563	0.040822	0.000023
泻邪锌褍褋褌邪	0.001408	0.040822	0.000057
泻邪锌褍褋褌薪褘泄	0.000282	1.609438	0.000453
泻邪锌褍褋褌薪褟泻	0.000282	0.040822	0.000011
泻邪褉邪屑械谢褜	0.000282	0.040822	0.000011
泻邪褉泻邪褋薪褘泄	0.001126	0.116534	0.000131
泻邪褉褌芯褎械谢褜	0.001689	0.040822	0.000069
泻邪褉褌芯褎械谢褜薪褘泄	0.000563	0.040822	0.000023
泻邪褉褌芯褕泻邪	0.000563	0.040822	0.000023
泻邪褋褝褉芯谢	0.000282	3.218876	0.000906
泻邪褌械谐芯褉懈褟	0.004505	0.116534	0.000525
泻邪褌懈褑邪	0.000282	3.218876	0.000906
泻邪褔械褋褌胁芯	0.000282	0.105361	0.000030
泻邪褕邪	0.001971	0.040822	0.000080
泻胁邪褋	0.001126	0.040822	0.000046
泻胁邪褋薪芯泄	0.000845	0.116534	0.000098
泻械泻褋	0.000845	0.040822	0.000034
泻械褌褔褍锌	0.000563	1.469676	0.000828
泻械褎懈褉	0.000845	0.040822	0.000034
泻懈屑褔邪褌褜	0.000282	0.040822	0.000011
泻懈薪芯邪	0.000563	0.127833	0.000072
泻懈薪芯谢械薪褌邪	0.000282	0.116534	0.000033
泻懈褋械谢褜	0.000563	0.040822	0.000023
泻懈褌邪泄褋泻懈泄	0.000282	0.116534	0.000033
泻谢邪褋褋	0.002815	0.116534	0.000328
泻谢邪褋褋懈褔械褋泻懈泄	0.000282	1.427116	0.000402
泻薪懈谐邪	0.000563	0.040822	0.000023
泻芯泻褌械泄谢褜	0.001689	0.040822	0.000069
泻芯谢斜邪褋邪	0.000282	0.040822	0.000011
泻芯谢斜邪褋薪褘泄	0.000845	0.116534	0.000098
泻芯屑邪薪写邪	0.000563	0.127833	0.000072
泻芯屑懈	0.000282	0.116534	0.000033
泻芯屑屑械薪褌邪褉懈泄	0.000282	0.127833	0.000036
泻芯屑锌邪薪懈褟	0.000282	0.105361	0.000030
泻芯屑锌芯褌	0.000845	0.040822	0.000034
泻芯薪写懈褌械褉褋泻懈泄	0.000282	2.120264	0.000597
泻芯薪械褔薪芯	0.000282	0.527633	0.000149
泻芯薪懈薪邪	0.000282	0.116534	0.000033
泻芯薪泻褍褉褋	0.060811	0.040822	0.002482
泻芯薪泻褍褉褋薪褘泄	0.000282	0.127833	0.000036
泻芯薪褋械褉胁懈褉芯胁邪薪懈械	0.000282	0.040822	0.000011
泻芯薪褋械褉胁懈褉芯胁邪薪薪褘泄	0.001408	0.116534	0.000164
泻芯薪褎械褌邪	0.000845	0.040822	0.000034
泻芯薪褎械褌褌懈	0.000282	0.116534	0.000033
泻芯薪褎懈写械薪褑懈邪谢褜薪芯褋褌褜	0.000282	0.040822	0.000011
泻芯薪褎懈褌褞褉	0.000282	0.040822	0.000011
泻芯锌褔褢薪芯褋褌褜	0.000282	0.116534	0.000033
泻芯褉械泄褋泻懈	0.000282	0.040822	0.000011
泻芯褉械泄褋泻懈泄	0.000282	0.105361	0.000030
泻芯褉卸懈泻	0.000282	0.040822	0.000011
泻芯褉懈褑邪	0.000563	1.347074	0.000758
泻芯褉懈褔薪械胁褘泄	0.000563	1.272966	0.000717
泻芯褉屑懈褌褜	0.000282	0.116534	0.000033
泻芯褉薪褍褝谢褜褋泻懈泄	0.000282	2.525729	0.000711
泻芯褋褌褢褉	0.000282	2.407946	0.000678
泻芯褌谢械褌邪	0.000845	0.040822	0.000034
泻芯褎械	0.000563	0.040822	0.000023
泻芯褎械褢泻	0.000282	2.659260	0.000749
泻褉邪褋邪胁械褑	0.000282	2.659260	0.000749
泻褉邪褋懈胁褘泄	0.000282	0.843970	0.000238
泻褉邪褋泻邪	0.000282	0.116534	0.000033
泻褉邪褏屑邪谢	0.001126	0.891598	0.001004
泻褉械邪褌懈胁	0.000282	0.127833	0.000036
泻褉械屑	0.000845	0.040822	0.000034
泻褉械锌泻懈泄	0.000282	0.116534	0.000033
泻褉芯谢懈泻	0.000563	0.116534	0.000066
泻褉芯屑械	0.000282	0.061875	0.000017
泻褉芯褏邪	0.000282	0.116534	0.000033
泻褉褍谐	0.000563	0.116534	0.000066
泻褉褍锌	0.001689	0.105361	0.000178
泻褉褍锌邪	0.002534	0.116534	0.000295
泻褉褍锌褟薪芯泄	0.000282	0.116534	0.000033
泻褉褘屑	0.000282	2.302585	0.000648
泻褋褌邪褌懈	0.000282	1.237874	0.000349
泻褍斜懈薪褋泻懈泄	0.000282	0.116534	0.000033
泻褍谢械褕	0.000282	0.040822	0.000011
泻褍谢懈薪邪褉	0.000563	1.386294	0.000781
泻褍谢懈薪邪褉懈褟	0.000845	0.094311	0.000080
泻褍谢懈薪邪褉薪褘泄	0.001689	0.000000	0.000000
泻褍谢懈褔	0.000563	0.040822	0.000023
泻褍薪卸褍褌	0.000563	0.994252	0.000560
泻褍褉写褋泻懈泄	0.000282	0.116534	0.000033
泻褍褉懈薪褘泄	0.011543	0.094311	0.001089
泻褍褉懈褑邪	0.001689	0.040822	0.000069
泻褍褉芯褔泻邪	0.000282	0.116534	0.000033
泻褍褋泻褍褋	0.000282	0.040822	0.000011
泻褍褏薪褟	0.001971	0.040822	0.000080
泻褍褕邪褌褜	0.000282	2.302585	0.000648
谢邪胁邪褕	0.003378	0.040822	0.000138
谢邪谐屑邪薪	0.000282	0.040822	0.000011
谢邪泻芯屑褋褌胁芯	0.000282	0.116534	0.000033
谢邪锌褕邪	0.000563	0.040822	0.000023
谢邪褋褌芯褔泻懈薪	0.000282	2.302585	0.000648
谢邪褌褘褕褋泻懈泄	0.000282	0.116534	0.000033
谢械谐泻芯	0.001689	0.116534	0.000197
谢械泻芯	0.000282	2.525729	0.000711
谢械薪懈胁褘泄	0.000282	1.427116	0.000402
谢械锌泻邪	0.000282	2.407946	0.000678
谢械锌褢褕泻邪	0.000845	0.040822	0.000034
谢械褌薪懈泄	0.000563	0.040822	0.000023
谢械褌芯	0.001689	0.116534	0.000197
谢械褔芯	0.000282	0.040822	0.000011
谢懈谐邪	0.000845	0.116534	0.000098
谢懈泻褢褉	0.000282	0.040822	0.000011
谢懈屑芯薪邪写	0.000563	0.040822	0.000023
谢懈褌芯胁褋泻	0.000282	0.127833	0.000036
谢懈褌芯胁褋泻懈泄	0.000282	0.116534	0.000033
谢芯锌薪褍褌褜	0.000282	2.407946	0.000678
谢褍泻	0.002252	0.301105	0.000678
谢褞斜懈屑褘泄	0.002252	0.116534	0.000262
谢褞斜芯胁褜	0.000563	0.105361	0.000059
谢褞斜芯泄	0.000563	0.094311	0.000053
谢褢谐泻懈泄	0.000845	0.094311	0.000080
谢褢写	0.000282	0.116534	0.000033
屑邪胁蟹芯谢械泄	0.000282	2.525729	0.000711
屑邪谐褉懈斜	0.000282	0.116534	0.000033
屑邪泄	0.000845	0.116534	0.000098
屑邪泄芯薪械蟹	0.002534	0.116534	0.000295
屑邪泻邪褉芯薪薪褘泄	0.000282	0.116534	0.000033
屑邪泻邪褉芯薪褘	0.000282	0.040822	0.000011
屑邪泻褋懈屑邪谢褜薪芯	0.000282	2.040221	0.000574
屑邪谢邪蟹懈泄褋泻懈泄	0.000282	0.116534	0.000033
屑邪薪薪懈泻	0.000563	0.040822	0.000023
屑邪薪褋邪褉写邪	0.000282	0.755023	0.000213
屑邪薪褌邪	0.000282	0.116534	0.000033
屑邪薪褢胁褉	0.000282	0.116534	0.000033
屑邪褉邪褎芯薪	0.000845	0.116534	0.000098
屑邪褉懈薪邪写	0.003378	0.040822	0.000138
屑邪褉懈薪芯胁邪褌褜	0.000282	0.116534	0.000033
屑邪褉屑械谢邪写	0.000282	0.040822	0.000011
屑邪褉芯泻泻邪薪褋泻懈泄	0.000282	0.116534	0.000033
屑邪褉褌	0.001408	0.105361	0.000148
屑邪褋泻邪褉锌芯薪	0.000282	0.040822	0.000011
屑邪褋谢械薪懈褑邪	0.000845	0.040822	0.000034
屑邪褋谢械薪懈褔薪褘泄	0.000282	0.116534	0.000033
屑邪褋谢芯	0.006194	0.105361	0.000653
屑邪褋褌械褉	0.002534	0.116534	0.000295
屑邪褋褌懈泻邪	0.000563	0.040822	0.000023
屑邪褎褎懈薪邪	0.000282	0.116534	0.000033
屑邪褏械械胁褗	0.001126	0.116534	0.000131
屑械写懈邪褎芯褉褌	0.000845	0.000000	0.000000
屑械写芯胁褘泄	0.000282	0.116534	0.000033
屑械泻褋懈泻邪薪褋泻懈泄	0.000282	0.116534	0.000033
屑械薪褞	0.000282	0.116534	0.000033
屑械薪褟褌褜褋褟	0.000282	0.116534	0.000033
屑械褉邪	0.000282	1.832581	0.000516
屑械褔褌邪	0.000845	0.040822	0.000034
屑懈写懈褟	0.000282	0.040822	0.000011
屑懈泻褉芯胁芯谢薪芯胁泻邪	0.000845	0.105361	0.000089
屑懈谢褜褟	0.000282	0.116534	0.000033
屑懈薪褍褌邪	0.000845	0.544727	0.000460
屑懈芯	0.000282	0.116534	0.000033
屑懈褉	0.000563	0.105361	0.000059
屑懈褉芯胁芯泄	0.000282	0.116534	0.000033
屑懈褋芯	0.000282	0.040822	0.000011
屑懈褋褌械褉懈褟	0.000282	0.116534	0.000033
屑懈褋褌褉邪谢褜	0.001971	0.116534	0.000230
屑屑屑屑屑屑屑屑	0.000282	2.659260	0.000749
屑薪芯谐芯褋褌褉邪写邪谢褜薪褘泄	0.000282	2.407946	0.000678
屑薪芯谐芯褔懈褋谢械薪薪褘泄	0.000282	2.302585	0.000648
屑薪芯卸械褋褌胁芯	0.000282	0.040822	0.000011
屑芯泄	0.001408	0.083382	0.000117
屑芯谢写邪胁褋泻懈泄	0.000282	0.116534	0.000033
屑芯谢薪懈械薪芯褋薪芯	0.000282	2.407946	0.000678
屑芯谢芯泻芯	0.003941	0.083382	0.000329
屑芯谢芯褔薪褘泄	0.001408	0.040822	0.000057
屑芯屑械薪褌	0.000845	0.105361	0.000089
屑芯薪谐芯谢褜褋泻懈泄	0.000282	0.116534	0.000033
屑芯褉械	0.000282	0.116534	0.000033
屑芯褉械锌褉芯写褍泻褌	0.003660	0.040822	0.000149
屑芯褉泻芯胁褜	0.000845	0.040822	0.000034
屑芯褉芯卸械薪芯械	0.000845	0.040822	0.000034
屑芯褉褋	0.000563	0.040822	0.000023
屑芯褋泻胁邪	0.000282	2.120264	0.000597
屑芯褋泻芯胁褋泻懈泄	0.000282	2.525729	0.000711
屑芯褌懈胁	0.000282	2.995732	0.000843
屑芯褌芯褉	0.000282	0.116534	0.000033
屑芯褏懈褌褘泄	0.000282	0.040822	0.000011
屑芯褔褜	0.000563	0.000000	0.000000
屑褍卸	0.000845	0.867501	0.000733
屑褍卸薪懈薪	0.000282	2.525729	0.000711
屑褍卸褋泻芯泄	0.000282	0.127833	0.000036
屑褍卸褔懈薪邪	0.000563	0.116534	0.000066
屑褍泻邪	0.006194	0.248461	0.001539
屑褍谢褜褌懈胁邪褉泻邪	0.010698	0.116534	0.001247
屑褍谢褜褌懈锌械泻邪褉褜	0.000845	0.116534	0.000098
屑褍褋褋	0.000282	0.040822	0.000011
屑褍褋褋邪	0.000845	0.040822	0.000034
屑褍褔薪芯泄	0.000282	0.116534	0.000033
屑褞褋谢懈	0.000563	0.116534	0.000066
屑褟谐泻懈泄	0.000563	0.755023	0.000425
屑褟褋	0.000282	3.506558	0.000987
屑褟褋薪芯泄	0.004223	0.040822	0.000172
屑褟褋芯	0.007601	0.040822	0.000310
薪邪斜芯褉	0.000282	1.660731	0.000468
薪邪蟹胁邪薪懈械	0.000282	0.562119	0.000158
薪邪蟹胁邪褌褜	0.000282	1.560648	0.000439
薪邪蟹薪邪褔械薪懈械	0.000282	0.116534	0.000033
薪邪蟹褘胁邪褌褜褋褟	0.000282	1.714798	0.000483
薪邪泄褌懈	0.001126	0.446287	0.000503
薪邪泻芯薪械褑	0.000282	1.609438	0.000453
薪邪谢懈胁泻邪	0.000282	0.040822	0.000011
薪邪锌械褔邪褌邪褌褜	0.000282	2.407946	0.000678
薪邪锌懈褌芯泻	0.001971	0.040822	0.000080
薪邪褉芯写	0.000282	2.120264	0.000597
薪邪褋泻芯谢褜泻芯	0.000563	1.427116	0.000804
薪邪褋褌芯泄泻邪	0.000282	0.040822	0.000011
薪邪褋褌芯褟褌械谢褜薪芯	0.000282	2.040221	0.000574
薪邪褋褌褉芯械薪懈械	0.000282	0.116534	0.000033
薪邪褏芯写泻邪	0.000282	2.407946	0.000678
薪邪褑懈芯薪邪谢褜薪褘泄	0.000282	0.116534	0.000033
薪邪褔邪谢芯	0.000282	1.514128	0.000426
薪邪褔懈薪泻邪	0.000845	0.040822	0.000034
薪邪褕	0.000563	0.040822	0.000023
薪械斜褘谢懈褑邪	0.000282	2.407946	0.000678
薪械胁芯蟹屑芯卸薪芯	0.000563	1.347074	0.000758
薪械胁芯谢褜薪芯	0.000282	2.525729	0.000711
薪械写械谢褟	0.003097	0.051293	0.000159
薪械卸薪褘泄	0.000845	0.094311	0.000080
薪械蟹邪屑械写谢懈褌械谢褜薪芯	0.000282	2.813411	0.000792
薪械屑械褑泻懈泄	0.000282	0.116534	0.000033
薪械芯斜褘褔薪褘泄	0.000282	0.916291	0.000258
薪械芯卸懈写邪薪薪褘泄	0.000282	0.116534	0.000033
薪械褋谢邪写泻懈泄	0.000282	0.116534	0.000033
薪懈泻邪泻芯泄	0.000282	1.203973	0.000339
薪懈薪邪	0.000563	1.078810	0.000607
薪芯胁芯谐芯写薪懈泄	0.006475	0.040822	0.000264
薪芯胁芯褋褌褜	0.000282	0.061875	0.000017
薪芯胁褘泄	0.003378	0.030459	0.000103
薪芯褉胁械卸褋泻懈泄	0.000282	0.116534	0.000033
薪芯褟斜褉褜	0.000282	0.527633	0.000149
薪褉邪胁懈褌褜褋褟	0.000282	0.941609	0.000265
薪褜褞	0.000282	2.207275	0.000621
薪褟屑泻邪	0.000845	2.659260	0.002246
芯斜邪谢写械薪薪褘泄	0.000282	1.771957	0.000499
芯斜械写	0.000845	0.105361	0.000089
芯斜械蟹褜褟薪邪	0.000282	0.116534	0.000033
芯斜谢邪写邪褌褜	0.000282	1.660731	0.000468
芯斜褖邪褌褜褋褟	0.000282	0.040822	0.000011
芯斜褟蟹邪褌褜	0.000282	2.407946	0.000678
芯胁芯褖	0.006194	0.094311	0.000584
芯胁芯褖薪芯泄	0.002534	0.040822	0.000103
芯胁褋褟薪褘泄	0.000282	0.105361	0.000030
芯谐薪械薪薪褘泄	0.000282	0.116534	0.000033
芯谐芯薪褜	0.000282	0.094311	0.000027
芯谐褍褉械褑	0.000563	0.116534	0.000066
芯泻邪蟹邪褌褜褋褟	0.000282	1.514128	0.000426
芯泻褉芯褕泻邪	0.000845	0.040822	0.000034
芯泻褌褟斜褉褜	0.000282	0.562119	0.000158
芯谢邪写褜褟	0.000845	0.040822	0.000034
芯谢械泄薪芯泄	0.001126	0.116534	0.000131
芯谢械泄薪褘泄	0.001126	0.116534	0.000131
芯屑谢械褌	0.000282	0.040822	0.000011
芯锌邪褉邪	0.000282	0.040822	0.000011
芯锌褉械写械谢褢薪薪褘泄	0.000282	1.832581	0.000516
芯锌褉芯褋	0.000282	0.061875	0.000017
芯褉械褏	0.000563	0.776529	0.000437
芯褉懈谐懈薪邪谢	0.000282	1.832581	0.000516
芯褉懈谐懈薪邪谢褜薪褘泄	0.000282	1.049822	0.000296
芯褋械薪薪懈泄	0.001126	0.051293	0.000058
芯褋械薪褜	0.002815	0.105361	0.000297
芯褋薪芯胁薪褘泄	0.000282	0.040822	0.000011
芯褋褌邪胁邪褌褜褋褟	0.000282	0.116534	0.000033
芯褋褌邪薪芯胁懈褌褜褋褟	0.000282	1.560648	0.000439
芯褌斜懈胁薪芯泄	0.000282	2.120264	0.000597
芯褌胁械褌	0.000563	0.000000	0.000000
芯褌胁械褌懈褌褜	0.000282	0.051293	0.000014
芯褌胁械褌褋褌胁械薪薪芯褋褌褜	0.000282	2.120264	0.000597
芯褌泻褉褘褌懈械	0.000282	2.120264	0.000597
芯褌泻褉褘褌褘泄	0.000563	0.105361	0.000059
芯褌屑械薪懈褌褜	0.000282	0.040822	0.000011
芯褌薪芯褕械薪懈械	0.000282	1.714798	0.000483
芯褌褋褍褌褋褌胁芯胁邪褌褜	0.000282	2.525729	0.000711
芯褏谢邪写懈褌褜	0.000282	0.116534	0.000033
芯褔械褉械写褜	0.000563	1.771957	0.000998
锌邪泻械褌懈泻	0.000282	0.105361	0.000030
锌邪谢芯褔泻邪	0.000563	0.040822	0.000023
锌邪薪懈褉芯胁泻邪	0.002252	0.116534	0.000262
锌邪褉邪	0.000282	0.116534	0.000033
锌邪褉邪写	0.001971	0.116534	0.000230
锌邪褉芯胁邪褉泻邪	0.002534	0.105361	0.000267
锌邪褉芯谢褜	0.000282	0.020203	0.000006
锌邪褋褌邪	0.000845	0.040822	0.000034
锌邪褋褌褉芯屑邪	0.000282	0.040822	0.000011
锌邪褋褏邪	0.000563	0.040822	0.000023
锌邪褋褏邪谢褜薪褘泄	0.000845	0.116534	0.000098
锌邪褌械薪褌	0.000282	2.525729	0.000711
锌邪褕褌械褌	0.000845	0.040822	0.000034
锌械泻邪褉褜	0.000282	0.127833	0.000036
锌械谢褜屑械薪薪褘泄	0.000563	2.659260	0.001497
锌械谢褜屑械薪褜	0.000845	0.116534	0.000098
锌械褉胁芯泻谢邪褋褋薪懈泻	0.000282	2.407946	0.000678
锌械褉胁褘泄	0.001126	0.040822	0.000046
锌械褉械写邪褔邪	0.000282	2.040221	0.000574
锌械褉械泄褌懈	0.000282	0.040822	0.000011
锌械褉械泻褍褋	0.000563	0.116534	0.000066
锌械褉械褑	0.003097	0.040822	0.000126
锌械褉懈芯写	0.000282	2.207275	0.000621
锌械褉褋芯薪邪	0.000282	0.116534	0.000033
锌械褉褍邪薪褋泻懈泄	0.000282	0.116534	0.000033
锌械褋芯褔薪褘泄	0.000845	0.105361	0.000089
锌械褌械谢懈薪泻	0.000282	0.127833	0.000036
锌械褌褉褍褕泻邪	0.000563	0.673345	0.000379
锌械褔械薪懈械	0.002534	0.040822	0.000103
锌械褔褜	0.000282	0.116534	0.000033
锌械褔褢薪芯褔薪褘泄	0.000282	0.040822	0.000011
锌懈胁芯	0.000282	0.116534	0.000033
锌懈泻邪薪褌	0.000282	0.127833	0.000036
锌懈泻薪懈泻	0.001126	0.105361	0.000119
锌懈锌械褑	0.000282	2.659260	0.000749
锌懈褉	0.000282	0.116534	0.000033
锌懈褉芯谐	0.006757	0.040822	0.000276
锌懈褉芯卸薪芯械	0.000563	0.040822	0.000023
锌懈褉芯卸芯泻	0.000282	0.040822	0.000011
锌懈褌邪薪懈械	0.001689	0.094311	0.000159
锌懈褑褑邪	0.000563	0.040822	0.000023
锌谢邪胁谢械薪褘泄	0.000563	1.237874	0.000697
锌谢邪屑褟	0.000282	0.116534	0.000033
锌谢懈褌邪	0.001126	0.116534	0.000131
锌谢芯胁	0.000282	0.116534	0.000033
锌谢芯写	0.000282	0.116534	0.000033
锌芯胁邪褉	0.000282	1.139434	0.000321
锌芯胁邪褉褢薪芯泻	0.001689	0.000000	0.000000
锌芯胁械褋懈褌褜	0.000282	2.407946	0.000678
锌芯胁懈写谢芯	0.000282	0.040822	0.000011
锌芯胁褌芯褉懈褌褜	0.000282	2.040221	0.000574
锌芯写邪褉芯泻	0.000282	0.116534	0.000033
锌芯写写邪胁邪褌褜褋褟	0.000282	2.659260	0.000749
锌芯写械谢懈褌褜褋褟	0.000563	0.400478	0.000225
锌芯写泻褍锌懈褌褜	0.000282	2.040221	0.000574
锌芯写谢懈胁	0.000282	0.116534	0.000033
锌芯写谢懈胁泻邪	0.000282	0.040822	0.000011
锌芯写芯斜薪褘泄	0.000282	1.427116	0.000402
锌芯写锌懈褋邪褌褜褋褟	0.000845	0.040822	0.000034
锌芯写褋泻邪蟹邪褌褜	0.000282	1.832581	0.000516
锌芯写褏芯写懈褌褜	0.000282	1.771957	0.000499
锌芯械写懈薪芯泻	0.003941	0.116534	0.000459
锌芯卸邪谢褍泄	0.000282	2.040221	0.000574
锌芯卸邪谢褍泄褋褌邪	0.000282	1.966113	0.000554
锌芯蟹写褉邪胁懈褌褜	0.000282	0.116534	0.000033
锌芯蟹写褉邪胁谢褟褌褜	0.000282	2.207275	0.000621
锌芯懈褋泻	0.000563	0.051293	0.000029
锌芯泻邪蟹褘胁邪褌褜	0.000282	1.832581	0.000516
锌芯谢写薪懈泻	0.000563	0.116534	0.000066
锌芯谢械蟹薪芯	0.000282	0.116534	0.000033
锌芯谢懈褌懈泻邪	0.000282	0.040822	0.000011
锌芯谢薪芯褋褌褜褞	0.000282	1.347074	0.000379
锌芯谢薪褘泄	0.000282	1.237874	0.000349
锌芯谢芯胁懈薪邪	0.002534	0.105361	0.000267
锌芯谢褍褔邪褌褜	0.000563	0.040822	0.000023
锌芯谢褍褔邪褌褜褋褟	0.000282	0.328504	0.000092
锌芯谢褍褔懈褌褜	0.000282	1.237874	0.000349
锌芯谢褜蟹邪	0.001408	0.116534	0.000164
锌芯谢褜褋泻懈泄	0.000282	0.116534	0.000033
锌芯屑邪写泻邪	0.000845	0.040822	0.000034
锌芯屑懈写芯褉	0.001126	0.116534	0.000131
锌芯屑懈写芯褉泻	0.000282	0.127833	0.000036
锌芯屑芯褖薪懈褑邪	0.000282	2.525729	0.000711
锌芯薪褉邪胁懈褌褜褋褟	0.000563	0.040822	0.000023
锌芯薪褔懈泻	0.000563	0.040822	0.000023
锌芯锌邪褋褌褜	0.000282	2.207275	0.000621
锌芯锌褉芯斜芯胁邪褌褜	0.001971	0.248461	0.000490
锌芯锌褉芯褋懈褌褜	0.000282	2.302585	0.000648
锌芯褉邪	0.000282	0.105361	0.000030
锌芯褉芯褕芯泻	0.001126	0.916291	0.001032
锌芯褉褌褍谐邪谢褜褋泻懈泄	0.000282	0.116534	0.000033
锌芯褋械褖邪褌褜	0.000282	0.061875	0.000017
锌芯褋谢械写薪懈泄	0.000282	1.272966	0.000358
锌芯褋褌	0.001408	0.105361	0.000148
锌芯褋褌薪褘泄	0.000845	0.040822	0.000034
锌芯褋褌芯褟薪薪芯	0.000282	0.040822	0.000011
锌芯褋褌褉芯懈褌褜	0.000282	0.105361	0.000030
锌芯褋褍写邪	0.000563	0.094311	0.000053
锌芯褌褉褟褋邪褌褜	0.000282	1.272966	0.000358
锌芯褔械屑褍	0.000563	1.203973	0.000678
锌芯褔褌邪	0.000282	0.040822	0.000011
锌芯褔褌懈	0.000282	1.021651	0.000288
锌芯褕邪谐芯胁褘泄	0.000563	0.040822	0.000023
锌褉邪胁写邪	0.000282	1.139434	0.000321
锌褉邪胁懈谢褜薪褘泄	0.000563	1.832581	0.001032
锌褉邪谐邪	0.000282	2.525729	0.000711
锌褉邪蟹写薪械褋褌胁芯	0.000282	2.407946	0.000678
锌褉邪蟹写薪懈泻	0.000282	0.105361	0.000030
锌褉邪蟹写薪懈褔薪芯	0.000282	0.116534	0.000033
锌褉邪蟹写薪懈褔薪褘泄	0.000563	0.105361	0.000059
锌褉邪泻褌懈泻褍屑	0.000282	0.116534	0.000033
锌褉械胁芯褋褏芯写薪褘泄	0.000282	0.116534	0.000033
锌褉械胁褉邪褖械薪懈械	0.000282	0.116534	0.000033
锌褉械写谢邪谐邪褌褜	0.000845	0.693147	0.000585
锌褉械写谢芯卸懈褌褜	0.000282	1.108663	0.000312
锌褉械写褋褌邪胁懈褌褜	0.000282	1.347074	0.000379
锌褉械褋薪褘泄	0.000563	0.116534	0.000066
锌褉懈斜谢懈蟹懈褌褜	0.000282	2.407946	0.000678
锌褉懈胁械蟹褌懈	0.000282	2.525729	0.000711
锌褉懈谐芯胁邪褉懈胁邪褌褜	0.000282	3.218876	0.000906
锌褉懈谐芯褌芯胁懈褌褜	0.001408	0.083382	0.000117
锌褉懈谐芯褌芯胁谢械薪懈械	0.000845	0.040822	0.000034
锌褉懈写褍屑邪褌褜	0.000282	1.237874	0.000349
锌褉懈卸懈褌褜褋褟	0.000282	2.302585	0.000648
锌褉懈蟹	0.000282	0.040822	0.000011
锌褉懈蟹薪邪薪懈械	0.000282	0.116534	0.000033
锌褉懈薪芯褋懈褌褜	0.000282	2.120264	0.000597
锌褉懈锌褉邪胁邪	0.000282	0.040822	0.000011
锌褉懈褉芯写邪	0.000563	0.105361	0.000059
锌褉懈褋褌褍锌懈褌褜	0.000282	0.040822	0.000011
锌褉懈褟褌薪褘泄	0.000282	1.427116	0.000402
锌褉芯胁械褉懈褌褜	0.002252	0.116534	0.000262
锌褉芯胁械褋褌懈	0.001126	0.116534	0.000131
锌褉芯胁芯写懈褌褜	0.000282	0.040822	0.000011
锌褉芯胁芯卸邪褌褜	0.000282	0.116534	0.000033
锌褉芯写邪胁邪褌褜	0.000282	2.302585	0.000648
锌褉芯写褍泻褌	0.000563	0.072571	0.000041
锌褉芯械泻褌	0.000563	0.051293	0.000029
锌褉芯懈蟹胁械褋褌懈	0.000282	1.966113	0.000554
锌褉芯锌芯褉褑懈褟	0.000282	1.609438	0.000453
锌褉芯褋懈褌褜	0.000282	0.776529	0.000219
锌褉芯褋屑芯褌褉	0.000282	0.274437	0.000077
锌褉芯褋褌芯	0.002534	0.083382	0.000211
锌褉芯褋褌芯泄	0.000845	0.301105	0.000254
锌褉芯褋褌芯泻胁邪褕邪	0.000282	0.040822	0.000011
锌褉芯褋褌芯褉	0.000282	1.660731	0.000468
锌褉芯褋褔懈褌邪褌褜	0.000282	2.659260	0.000749
锌褉芯褋褜斜邪	0.000563	2.120264	0.001194
锌褉芯褎懈谢褜	0.000282	0.040822	0.000011
锌褉芯褔械褋褌褜	0.000282	2.302585	0.000648
锌褉芯褔懈褌邪褌褜	0.000563	1.832581	0.001032
锌褉褟屑芯	0.000282	0.040822	0.000011
锌褉褟薪懈泻	0.000563	0.040822	0.000023
锌褉褟薪懈褔薪褘泄	0.000282	0.116534	0.000033
锌褌懈褑邪	0.006194	0.116534	0.000722
锌褌懈褔懈泄	0.000563	1.771957	0.000998
锌褍斜谢懈泻芯胁邪褌褜褋褟	0.000282	2.302585	0.000648
锌褍写懈薪谐	0.000845	0.040822	0.000034
锌褍薪褕	0.000282	0.040822	0.000011
锌褍褌械褕械褋褌胁懈械	0.000563	0.116534	0.000066
锌褍褌褜	0.000282	0.116534	0.000033
锌褕械薪懈褔薪褘泄	0.006194	0.287682	0.001782
锌褘褕泻邪	0.000282	0.040822	0.000011
锌褘褕薪褘泄	0.000282	2.120264	0.000597
锌褞褉械	0.001126	0.040822	0.000046
锌褟褌褜	0.000282	1.771957	0.000499
褉邪斜芯褌邪	0.000282	1.237874	0.000349
褉邪斜芯褌邪褌褜	0.000282	1.832581	0.000516
褉邪谐褍	0.000282	0.116534	0.000033
褉邪蟹	0.000563	0.356675	0.000201
褉邪蟹斜褍褏邪褌褜	0.000282	2.659260	0.000749
褉邪蟹胁械褉薪褍褌褜	0.000282	0.116534	0.000033
褉邪蟹写械谢褜薪褘泄	0.000282	0.116534	0.000033
褉邪蟹屑械褋褌懈褌褜	0.000282	1.714798	0.000483
褉邪蟹薪褘泄	0.000282	0.094311	0.000027
褉邪蟹芯屑	0.000282	2.407946	0.000678
褉邪蟹褉褘褏谢懈褌械谢褜	0.002815	1.237874	0.003485
褉邪薪械械	0.000282	2.407946	0.000678
褉邪褋泻邪褌褘胁邪褌褜褋褟	0.000282	2.659260	0.000749
褉邪褋褋芯谢褜薪懈泻	0.000845	0.040822	0.000034
褉邪褋褋褘谢泻邪	0.000282	0.061875	0.000017
褉邪褋褌懈褌械谢褜薪褘泄	0.003378	0.223144	0.000754
褉械斜褢薪芯泻	0.000282	0.094311	0.000027
褉械谐懈褋褌褉邪褑懈褟	0.000845	0.000000	0.000000
褉械写邪泻褌芯褉	0.000563	2.407946	0.001356
褉械蟹褍谢褜褌邪褌	0.000282	0.820981	0.000231
褉械泄褌懈薪谐	0.000282	0.235722	0.000066
褉械泻芯屑械薪写芯胁邪褌褜	0.000282	1.021651	0.000288
褉械锌褔邪褌褘泄	0.002252	0.430783	0.000970
褉械褋褌芯褉邪薪	0.000282	1.386294	0.000390
褉械褑械锌褌	0.029842	0.040822	0.001218
褉械褑械锌褌懈泻	0.000282	1.609438	0.000453
褉械褕懈褌褜	0.001126	0.693147	0.000781
褉懈褋	0.001408	0.040822	0.000057
褉懈褌屑	0.000282	0.116534	0.000033
褉芯谐邪谢懈泻	0.000282	0.040822	0.000011
褉芯写懈褌械谢褜	0.000282	1.966113	0.000554
褉芯写薪褘泄	0.000282	0.116534	0.000033
褉芯卸写械薪懈械	0.000282	0.105361	0.000030
褉芯卸写械褋褌胁芯	0.000282	0.116534	0.000033
褉芯谢谢	0.000563	0.040822	0.000023
褉芯谢谢褌芯薪	0.000282	0.116534	0.000033
褉芯屑	0.000282	0.040822	0.000011
褉芯褌	0.000282	1.427116	0.000402
褉芯褌褌械褉写邪屑	0.000282	3.506558	0.000987
褉褍斜褉懈泻邪褌芯褉	0.000282	0.051293	0.000014
褉褍谢械褌	0.003097	0.040822	0.000126
褉褍屑褘薪褋泻懈泄	0.000282	0.116534	0.000033
褉褍屑褟薪褘泄	0.000282	0.116534	0.000033
褉褍薪械褌	0.000282	0.020203	0.000006
褉褍褋褋泻懈泄	0.000282	0.105361	0.000030
褉褘斜邪	0.007038	0.040822	0.000287
褉褘斜薪褘泄	0.002815	0.105361	0.000297
褉褟卸械薪泻邪	0.000282	0.116534	0.000033
褋邪泄褌	0.001689	0.000000	0.000000
褋邪谢邪褌	0.009009	0.040822	0.000368
褋邪谢邪褌薪褘泄	0.000282	0.116534	0.000033
褋邪屑芯谐芯薪	0.000282	0.040822	0.000011
褋邪屑芯谢褢褌	0.000282	2.525729	0.000711
褋邪屑褘泄	0.001126	0.105361	0.000119
褋邪薪谐邪褉褜	0.000282	2.659260	0.000749
褋邪褎	0.000845	0.116534	0.000098
褋邪褎褋械屑邪	0.000282	0.116534	0.000033
褋邪褏邪褉	0.006194	0.105361	0.000653
褋斜懈褌械薪褜	0.000282	0.040822	0.000011
褋胁械卸械褋褌褜	0.000282	0.105361	0.000030
褋胁械泻芯谢褜薪懈泻	0.000563	0.040822	0.000023
褋胁械褌	0.001126	0.116534	0.000131
褋胁械褌邪	0.001126	0.116534	0.000131
褋胁懈薪懈薪	0.001408	0.116534	0.000164
褋胁懈薪懈薪邪	0.001126	0.040822	0.000046
褋胁褢泻谢邪	0.000282	0.040822	0.000011
褋谐褍褋褌懈褌褜	0.000563	1.966113	0.001107
褋谐褍褖褢薪泻邪	0.000282	0.040822	0.000011
褋写械谢邪褌褜	0.000563	0.733969	0.000413
褋械谐芯写薪褟	0.000282	0.843970	0.000238
褋械蟹芯薪	0.000282	0.116534	0.000033
褋械泄褔邪褋	0.000563	0.030459	0.000017
褋械泻褉械褌	0.001126	0.116534	0.000131
褋械谢械蟹薪械胁褘泄	0.000282	3.218876	0.000906
褋械谢褢写泻邪	0.000282	0.040822	0.000011
褋械屑械泄薪褘泄	0.000282	0.116534	0.000033
褋械屑褜褟	0.000563	0.116534	0.000066
褋械薪褌褟斜褉褜	0.000563	0.673345	0.000379
褋懈写械褌褜	0.000282	2.813411	0.000792
褋懈写褉	0.000282	0.040822	0.000011
褋懈褉懈泄褋泻懈泄	0.000282	0.116534	0.000033
褋懈褉芯锌	0.000563	0.040822	0.000023
褋懈褋褌械屑邪	0.000282	0.040822	0.000011
褋懈褌懈	0.000282	0.127833	0.000036
褋泻邪蟹邪褌褜	0.000845	0.400478	0.000338
褋泻邪蟹泻邪	0.000563	0.116534	0.000066
褋泻芯胁芯褉芯写邪	0.000282	1.386294	0.000390
褋泻芯胁芯褉芯写泻邪	0.000282	1.660731	0.000468
褋谢邪写泻懈泄	0.005912	0.040822	0.000241
褋谢邪写泻芯	0.000282	0.116534	0.000033
褋谢懈胁邪	0.000563	2.302585	0.001297
褋谢懈胁芯胁褘泄	0.000282	2.302585	0.000648
褋谢懈胁芯褔薪褘泄	0.002534	0.105361	0.000267
褋谢芯泄泻邪	0.000563	0.040822	0.000023
褋谢芯褢薪褘泄	0.001126	0.116534	0.000131
褋谢褍褔邪褌褜褋褟	0.000282	2.525729	0.000711
褋屑械褌邪薪邪	0.003097	0.105361	0.000326
褋屑械褕邪薪薪褘泄	0.000282	0.116534	0.000033
褋屑芯褔褜	0.000282	0.040822	0.000011
褋屑褍蟹懈	0.000845	0.040822	0.000034
褋薪褝泻	0.000282	0.116534	0.000033
褋芯斜懈褉邪褌褜褋褟	0.000282	0.040822	0.000011
褋芯胁械褉褕械薪薪芯	0.000282	1.171183	0.000330
褋芯胁械褉褕械薪褋褌胁芯	0.001408	0.116534	0.000164
褋芯胁械褌	0.000282	0.040822	0.000011
褋芯谐谢邪褕邪褌褜褋褟	0.000282	0.040822	0.000011
褋芯写邪	0.000563	0.941609	0.000530
褋芯械胁褘泄	0.000563	0.798508	0.000450
褋芯蟹写邪胁邪褌褜	0.000282	0.105361	0.000030
褋芯蟹写邪薪懈械	0.000563	0.261365	0.000147
褋芯泻	0.000845	0.040822	0.000034
褋芯谢械薪懈械	0.000563	0.116534	0.000066
褋芯谢薪械褔薪褘泄	0.000282	0.116534	0.000033
褋芯谢褜	0.004505	0.127833	0.000576
褋芯谢褟薪泻邪	0.000563	0.040822	0.000023
褋芯谢褢薪褘泄	0.000845	0.116534	0.000098
褋芯褉褌懈褉芯胁邪褌褜	0.000282	0.248461	0.000070
褋芯褋褌邪胁	0.000282	1.347074	0.000379
褋芯褋褌邪胁懈褌褜	0.000282	0.116534	0.000033
褋芯褍褋	0.005349	0.040822	0.000218
褋芯褏褉邪薪褟褌褜	0.000282	0.040822	0.000011
褋芯褑褋械褌褜	0.000282	0.040822	0.000011
褋芯褔械褌邪薪懈械	0.000282	0.105361	0.000030
褋芯褔薪褘泄	0.000563	0.116534	0.000066
褋锌邪谢褜薪褟	0.000282	0.415515	0.000117
褋锌械褌褜	0.000282	0.116534	0.000033
褋锌械褑懈邪谢褜薪褘泄	0.000282	0.094311	0.000027
褋锌械褑懈褟	0.000845	0.094311	0.000080
褋锌械褑锌褉芯械泻褌	0.009291	0.116534	0.001083
褋锌械褕懈褌褜	0.000282	1.897120	0.000534
褋锌懈褋芯泻	0.000282	0.116534	0.000033
褋褉邪蟹褍	0.000282	0.733969	0.000207
褋褉械写懈蟹械屑薪芯屑芯褉褋泻懈泄	0.000282	0.127833	0.000036
褋褌邪褉褘泄	0.000282	0.261365	0.000074
褋褌邪褌褜褟	0.000282	0.061875	0.000017
褋褌械锌薪芯泄	0.000282	2.407946	0.000678
褋褌械锌褜	0.000282	2.207275	0.000621
褋褌懈谢褜	0.000563	0.116534	0.000066
褋褌芯谢	0.002534	0.105361	0.000267
褋褌褉邪薪薪芯	0.000282	2.659260	0.000749
褋褌褉芯懈褌械谢褜褋褌胁芯	0.000563	0.040822	0.000023
褋褌褉芯懈褌褜	0.000282	0.040822	0.000011
褋褌褉芯泄薪褘泄	0.000282	0.116534	0.000033
褋褍斜锌褉芯写褍泻褌	0.002815	0.116534	0.000328
褋褍写	0.000282	2.525729	0.000711
褋褍锌	0.005349	0.040822	0.000218
褋褍锌械褉斜邪斜褍褕泻邪	0.000563	1.237874	0.000697
褋褍褎谢械	0.001126	0.040822	0.000046
褋褍褏邪褉褜	0.000282	0.040822	0.000011
褋褍褕懈褌褜	0.000563	0.040822	0.000023
褋褔懈褌邪褌褜	0.000282	1.347074	0.000379
褋褕邪	0.000282	2.813411	0.000792
褋褘褉	0.005912	0.040822	0.000241
褋褘褉薪懈泻	0.000845	0.040822	0.000034
褋褘褉薪褘泄	0.001126	0.040822	0.000046
褋褘褌薪褘泄	0.000563	0.105361	0.000059
褋褘褔褍卸薪褘泄	0.000282	0.127833	0.000036
褋褝薪写胁懈褔	0.000282	0.127833	0.000036
褋褞褉锌褉懈蟹	0.000282	0.116534	0.000033
褋褢屑谐邪	0.000282	0.040822	0.000011
褌邪写卸懈泻褋泻懈泄	0.000282	0.116534	0.000033
褌邪泄屑褋	0.000282	2.407946	0.000678
褌邪泄褋泻懈泄	0.000282	0.116534	0.000033
褌邪褉械谢泻邪	0.000282	1.469676	0.000414
褌邪褉褌	0.000282	0.116534	0.000033
褌邪褉褌邪谢械褌泻邪	0.000563	0.040822	0.000023
褌邪褌邪褉褋泻懈泄	0.000282	0.116534	0.000033
褌邪褟褌褜	0.000282	1.514128	0.000426
褌胁芯泄	0.000563	0.116534	0.000066
褌胁芯褉懈褌褜	0.000282	0.116534	0.000033
褌胁芯褉芯谐	0.000845	0.040822	0.000034
褌胁芯褉芯卸薪褘泄	0.001126	0.094311	0.000106
褌胁褢褉写褘泄	0.002815	0.544727	0.001534
褌械谢械谐褉邪屑	0.000282	0.040822	0.000011
褌械谢褟褌懈薪邪	0.001126	0.116534	0.000131
褌械锌械褉褜	0.000282	0.916291	0.000258
褌械锌谢芯	0.000282	0.116534	0.000033
褌械褉锌械薪懈械	0.000563	2.302585	0.001297
褌械褉褉懈薪邪	0.000282	0.040822	0.000011
褌械褋褌	0.007320	0.105361	0.000771
褌械褋褌芯	0.004223	0.040822	0.000172
褌械褏薪懈泻邪	0.001408	0.105361	0.000148
褌屑	0.001126	0.127833	0.000144
褌芯谐写邪褕薪懈泄	0.000282	2.407946	0.000678
褌芯薪泻芯	0.000282	2.407946	0.000678
褌芯锌谢褢薪褘泄	0.000282	0.116534	0.000033
褌芯褉褌	0.008727	0.040822	0.000356
褌芯褉褌懈泻	0.000563	1.897120	0.001068
褌芯褉褌芯胁褘泄	0.000282	2.659260	0.000749
褌褉邪胁邪	0.000282	0.094311	0.000027
褌褉邪写懈褑懈褟	0.001689	0.116534	0.000197
褌褉械斜芯胁邪薪懈械	0.000282	2.407946	0.000678
褌褉懈卸写褘	0.000282	2.302585	0.000648
褌褉褍斜芯褔泻邪	0.000282	0.040822	0.000011
褌褉褢褏谢械褌懈械	0.000282	0.116534	0.000033
褌褍薪械褑	0.000282	0.105361	0.000030
褌褍薪懈褋褋泻懈泄	0.000282	0.116534	0.000033
褌褍褉械褑泻懈泄	0.000282	0.116534	0.000033
褌褘泻胁邪	0.000282	0.040822	0.000011
褌褢褖懈薪	0.000282	0.040822	0.000011
褍斜械写懈褌褜褋褟	0.000282	1.966113	0.000554
褍胁械写芯屑谢械薪懈械	0.000282	0.040822	0.000011
褍胁懈写械褌褜	0.000282	1.203973	0.000339
褍谐芯褖邪褌褜褋褟	0.000282	0.994252	0.000280
褍写邪褔薪褘泄	0.000282	0.116534	0.000033
褍写懈胁懈褌褜	0.000563	0.116534	0.000066
褍写懈胁谢褟褌褜	0.001126	0.116534	0.000131
褍写芯胁谢械褌胁芯褉褟褌褜	0.000282	2.525729	0.000711
褍写芯胁芯谢褜褋褌胁懈械	0.000282	0.116534	0.000033
褍卸	0.000563	0.693147	0.000390
褍卸懈薪	0.001971	0.094311	0.000186
褍蟹斜械泻褋泻懈泄	0.000282	0.116534	0.000033
褍泻褉邪懈薪褋泻懈泄	0.000282	0.116534	0.000033
褍泻褉邪褋懈褌褜	0.000282	1.514128	0.000426
褍泻褉邪褕械薪懈械	0.002252	0.116534	0.000262
褍泻褉芯锌	0.001689	0.562119	0.000950
褍泻褋褍褋	0.000563	0.562119	0.000317
褍屑褟褌褜	0.000282	3.218876	0.000906
褍锌芯褌褉械斜谢械薪懈械	0.000282	0.116534	0.000033
褍褉邪谢褜褋泻懈泄	0.000282	0.116534	0.000033
褍褉芯卸邪泄	0.000282	0.105361	0.000030
褍褋谢芯胁懈械	0.000282	1.660731	0.000468
褍褌泻邪	0.000845	0.116534	0.000098
褍褏芯	0.000282	0.040822	0.000011
褍褔邪褋褌胁芯胁邪褌褜	0.000282	0.040822	0.000011
褍褔械斜薪褘泄	0.000282	2.407946	0.000678
褎邪蟹械薪写邪	0.000282	0.116534	0.000033
褎邪薪褌邪蟹懈褟	0.002252	0.116534	0.000262
褎邪褉褕	0.004786	0.040822	0.000195
褎邪褉褕懈褉芯胁邪薪薪褘泄	0.001689	0.040822	0.000069
褎邪褋芯谢褜	0.000282	0.040822	0.000011
褎械胁褉邪谢褜	0.000282	0.094311	0.000027
褎械泄械褉胁械褉泻	0.000563	0.116534	0.000066
褎懈谐褍褉邪	0.000282	0.116534	0.000033
褎懈谢械	0.000845	0.916291	0.000774
褎懈薪褋泻懈泄	0.000282	0.116534	0.000033
褎懈褉屑械薪薪褘泄	0.000282	0.116534	0.000033
褎芯薪写褞	0.000282	0.040822	0.000011
褎芯褉屑邪	0.000282	0.105361	0.000030
褎芯褉褍屑	0.000845	0.040822	0.000034
褎芯褉褕屑邪泻	0.000282	0.040822	0.000011
褎褉邪薪褑懈褟	0.000282	0.116534	0.000033
褎褉邪薪褑褍蟹褋泻懈泄	0.000282	0.094311	0.000027
褎褉邪褍	0.001126	0.116534	0.000131
褎褉褍泻褌	0.001126	0.116534	0.000131
褎褉褍泻褌芯胁褘泄	0.002252	0.040822	0.000092
褎褍写	0.000282	0.116534	0.000033
褎褍褉芯褉	0.000282	2.407946	0.000678
褎褍褉褕械褌	0.000282	0.116534	0.000033
褏邪谢胁邪	0.000282	0.040822	0.000011
褏邪褉邪泻褌械褉懈褋褌懈泻邪	0.000282	2.659260	0.000749
褏邪褉胁械褋褌褎械褋褌	0.000563	0.116534	0.000066
褏邪褉褔芯	0.000563	0.040822	0.000023
褏邪褔邪锌褍褉懈	0.000563	2.407946	0.001356
褏邪褕	0.000282	0.040822	0.000011
褏胁邪褌邪褌褜	0.000282	1.966113	0.000554
褏胁芯褉芯褋褌	0.000282	0.040822	0.000011
褏懈薪泻邪谢懈	0.000282	0.116534	0.000033
褏懈褌	0.001971	0.116534	0.000230
褏谢械斜	0.001408	0.040822	0.000057
褏谢械斜芯锌械褔泻邪	0.000282	0.116534	0.000033
褏谢芯锌褜褟	0.000563	0.094311	0.000053
褏芯写懈褌褜	0.000282	1.771957	0.000499
褏芯蟹褟泄泻邪	0.000282	0.116534	0.000033
褏芯谢芯写械褑	0.000282	0.040822	0.000011
褏芯谢芯写懈谢褜薪懈泻	0.000282	1.049822	0.000296
褏芯谢芯写薪芯械	0.000563	0.116534	0.000066
褏芯谢芯写薪褘泄	0.000563	0.116534	0.000066
褏芯褉胁邪褌褋泻懈泄	0.000282	0.116534	0.000033
褏芯褉芯褕懈泄	0.002534	0.040822	0.000103
褏芯褉芯褕芯	0.001971	0.105361	0.000208
褏芯褉褋	0.000282	0.116534	0.000033
褏芯褌械褌褜	0.000563	0.000000	0.000000
褏褍屑褍褋邪	0.000282	0.040822	0.000011
褑邪褉褋褌胁芯	0.000282	0.127833	0.000036
褑邪褉褜	0.000282	0.116534	0.000033
褑胁械褌薪芯泄	0.000282	0.040822	0.000011
褑械谢褘泄	0.000282	1.714798	0.000483
褑械薪薪褘泄	0.000282	0.040822	0.000011
褑械薪褌褉	0.000282	0.116534	0.000033
褑械褏	0.000282	2.525729	0.000711
褔邪械屑褘泄	0.000563	0.116534	0.000066
褔邪泄	0.000845	0.040822	0.000034
褔械斜褍褉械泻	0.000563	0.040822	0.000023
褔械谢芯胁械泻	0.000282	0.916291	0.000258
褔械褉泻懈蟹芯胁褘泄	0.000563	0.116534	0.000066
褔械褋薪芯泻	0.001126	0.314711	0.000354
褔械褋褌薪芯泄	0.000282	0.040822	0.000011
褔械褔械胁懈褑邪	0.000282	0.040822	0.000011
褔械褕褋泻懈泄	0.000282	0.116534	0.000033
褔懈蟹泻械泄泻	0.001126	0.040822	0.000046
褔懈谢懈泄褋泻懈泄	0.000282	0.116534	0.000033
褔懈锌褋褘	0.000282	0.040822	0.000011
褔懈褋谢芯	0.000282	0.235722	0.000066
褔褉械蟹胁褘褔邪泄薪芯	0.000282	2.040221	0.000574
褔褍写芯	0.000563	0.116534	0.000066
褔褢褉薪褘泄	0.002252	0.356675	0.000803
褕邪褉懈泻	0.000282	0.040822	0.000011
褕邪褉谢芯褌泻邪	0.000563	0.040822	0.000023
褕邪褉屑	0.000282	0.116534	0.000033
褕邪褕谢褘泻	0.003660	0.040822	0.000149
褕胁械写褋泻懈泄	0.000282	0.116534	0.000033
褕胁械泄褑邪褉褋泻懈泄	0.000282	0.116534	0.000033
褕械写械胁褉	0.000282	0.116534	0.000033
褕械褎	0.000282	0.127833	0.000036
褕懈锌褍褔泻邪	0.000282	0.040822	0.000011
褕懈褉芯泻懈泄	0.000282	0.127833	0.000036
褕泻芯谢邪	0.000282	0.116534	0.000033
褕芯泻	0.000282	2.302585	0.000648
褕芯泻芯谢邪写	0.000845	0.040822	0.000034
褕芯褌谢邪薪写褋泻懈泄	0.000282	0.116534	0.000033
褕褌褉褍写械谢褜	0.000282	0.040822	0.000011
褕褌褍泻邪	0.000282	2.120264	0.000597
褕褍褉锌邪	0.000282	0.040822	0.000011
褖械写褉褘泄	0.000282	0.116534	0.000033
褖懈	0.000563	0.040822	0.000023
褝泻芯屑懈谢泻	0.000282	0.127833	0.000036
褝谢谢懈褋邪	0.000282	2.407946	0.000678
褝褋褌芯薪褋泻懈泄	0.000282	0.116534	0.000033
褝褎褎械泻褌薪褘泄	0.000282	2.407946	0.000678
褞斜懈谢械泄	0.000282	2.040221	0.000574
褞谐芯褋谢邪胁褋泻懈泄	0.000282	0.116534	0.000033
褟斜谢芯泻芯	0.000563	1.237874	0.000697
褟斜谢芯褔薪褘泄	0.000563	1.714798	0.000966
褟谐芯写薪褘泄	0.001126	0.105361	0.000119
褟蟹褘泻	0.000282	0.040822	0.000011
褟泄褑芯	0.010698	0.040822	0.000437
褟谢芯褉懈褋邪	0.000282	1.771957	0.000499
褟薪胁邪褉褜	0.000282	0.733969	0.000207
褟薪写械泻褋	0.000282	0.072571	0.000020
褟锌芯薪褋泻懈泄	0.000563	0.051293	0.000029
褟褉泻懈泄	0.000282	0.116534	0.000033
褟褉泻芯	0.000282	0.105361	0.000030
