谢械屑屑邪	TF	IDF	TF-IDF
邪斜褏邪蟹褋泻懈泄	0.000274	0.116534	0.000032
邪胁谐褍褋褌	0.000274	0.843970	0.000232
邪胁芯泻邪写芯	0.000549	3.218876	0.001767
邪胁褋褌褉邪谢懈泄褋泻懈泄	0.000274	0.116534	0.000032
邪胁褋褌褉懈泄褋泻懈泄	0.000274	0.116534	0.000032
邪胁褌芯泻谢邪胁	0.000274	0.116534	0.000032
邪胁褌芯褉	0.000274	0.040822	0.000011
邪谐褉芯	0.000274	0.116534	0.000032
邪写邪锌褌懈褉芯胁邪褌褜	0.000274	2.659260	0.000730
邪写卸懈泻邪	0.000274	0.040822	0.000011
邪卸褍褉薪褘泄	0.000274	2.659260	0.000730
邪蟹	0.000274	0.127833	0.000035
邪蟹械褉斜邪泄写卸邪薪褋泻懈泄	0.000274	0.116534	0.000032
邪蟹懈邪褌褋泻懈泄	0.000274	0.127833	0.000035
邪泄褉邪薪	0.000274	0.040822	0.000011
邪泻胁邪褌懈泻	0.000823	0.127833	0.000105
邪谢械泻褋械泄	0.000274	0.127833	0.000035
邪谢泻芯谐芯谢褜	0.000823	0.116534	0.000096
邪谢泻芯谐芯谢褜薪褘泄	0.000274	0.116534	0.000032
邪谢褜褟薪褋	0.000274	0.116534	0.000032
邪屑械褉懈泻邪薪褋泻懈泄	0.000274	0.116534	0.000032
邪薪邪薪邪褋	0.000549	2.995732	0.001645
邪薪谐谢懈泄褋泻懈泄	0.000823	0.116534	0.000096
邪薪写褉械泄	0.000274	0.127833	0.000035
邪锌褉械谢褜	0.000274	0.544727	0.000150
邪褉邪斜褋泻懈泄	0.000274	0.116534	0.000032
邪褉谐械薪褌懈薪褋泻懈泄	0.000274	0.116534	0.000032
邪褉屑褟薪褋泻懈泄	0.000274	0.116534	0.000032
邪褉芯屑邪褌	0.000274	0.820981	0.000225
邪褋褋芯褉褌懈	0.000549	0.116534	0.000064
邪褌谢邪薪褌	0.000274	0.116534	0.000032
邪褎谐邪薪褋泻懈泄	0.000274	0.116534	0.000032
邪褎褉懈泻邪薪褋泻懈泄	0.000274	0.116534	0.000032
邪褝褉芯谐褉懈谢褜	0.002745	0.116534	0.000320
斜邪斜懈褔	0.000274	1.514128	0.000416
斜邪蟹懈谢懈泻	0.000549	1.609438	0.000884
斜邪泻谢邪卸邪薪	0.000274	0.040822	0.000011
斜邪谢泻芯薪	0.000274	2.120264	0.000582
斜邪谢褌泻芯屑邪	0.000274	0.127833	0.000035
斜邪谢褜蟹邪屑懈泻	0.000549	2.659260	0.001460
斜邪褉邪薪懈薪邪	0.001098	0.116534	0.000128
斜邪褋屑邪褌懈	0.000549	0.127833	0.000070
斜邪褋褌褍褉屑	0.000274	0.040822	0.000011
斜邪褋褌褍褉屑邪	0.000274	0.040822	0.000011
斜邪褌芯薪褔懈泻	0.000274	0.127833	0.000035
斜邪褕泻懈褉褋泻懈泄	0.000274	0.116534	0.000032
斜械写邪	0.000274	3.218876	0.000884
斜械蟹邪谢泻芯谐芯谢褜薪褘泄	0.000274	0.116534	0.000032
斜械蟹谐谢褞褌械薪芯胁芯械	0.000274	0.116534	0.000032
斜械蟹械	0.001098	0.040822	0.000045
斜械蟹褍屑薪芯	0.000274	1.560648	0.000428
斜械谢械斜械械胁褋泻懈泄	0.000549	0.116534	0.000064
斜械谢芯褉褍褋褋泻懈泄	0.000274	0.116534	0.000032
斜械谢褜谐懈泄褋泻懈泄	0.000274	0.116534	0.000032
斜械褉械屑械薪薪邪褟	0.000274	0.116534	0.000032
斜械褋械写懈薪	0.000274	0.127833	0.000035
斜懈褋泻胁懈褌	0.000549	0.040822	0.000022
斜懈褋泻胁懈褌薪褘泄	0.000823	0.105361	0.000087
斜谢懈蟹泻懈泄	0.000549	0.116534	0.000064
斜谢懈薪	0.002196	0.040822	0.000090
斜谢褞写芯	0.030195	0.040822	0.001233
斜芯斜芯胁褘泄	0.002196	0.116534	0.000256
斜芯谢谐邪褉褋泻懈泄	0.001372	0.116534	0.000160
斜芯谢褜褕芯泄	0.001098	0.094311	0.000104
斜芯褉褖	0.000549	0.040822	0.000022
斜芯褌胁懈薪褜褟	0.000274	0.040822	0.000011
斜褉邪蟹懈谢褜褋泻懈泄	0.000274	0.116534	0.000032
斜褉邪褍蟹械褉	0.000274	0.040822	0.000011
斜褉邪褍薪懈	0.000274	0.040822	0.000011
斜褉械褋褌	0.000274	0.127833	0.000035
斜褉芯泻泻芯谢懈	0.000274	0.040822	0.000011
斜褍卸械薪懈薪邪	0.000274	0.040822	0.000011
斜褍谢芯褔泻邪	0.000823	0.040822	0.000034
斜褍谢褜芯薪	0.003568	0.040822	0.000146
斜褍褉谐械褉	0.000549	0.040822	0.000022
斜褍褉褟褌褋泻懈泄	0.000274	0.116534	0.000032
斜褍褌械褉斜褉芯写	0.001372	0.040822	0.000056
斜褘褋褌褉芯	0.000549	0.094311	0.000052
斜褘褋褌褉褘泄	0.001098	0.094311	0.000104
胁邪卸薪褘泄	0.000274	0.116534	0.000032
胁邪谢谢懈泄褋泻懈泄	0.000274	0.116534	0.000032
胁邪褉械薪懈械	0.000549	0.040822	0.000022
胁邪褉械薪懈泻	0.000274	0.116534	0.000032
胁邪褉懈邪薪褌	0.000823	0.356675	0.000294
胁邪褋邪斜懈	0.000549	3.912023	0.002148
胁邪褌褉褍褕泻邪	0.000274	0.040822	0.000011
胁邪褎谢褟	0.000549	0.040822	0.000022
胁邪褕	0.001098	0.000000	0.000000
胁胁芯写懈褌褜	0.000274	0.040822	0.000011
胁写芯褏薪芯胁械薪懈械	0.001647	0.116534	0.000192
胁写芯褏薪芯胁谢褟褌褜褋褟	0.000274	0.116534	0.000032
胁械谐械褌邪褉懈邪薪褋泻懈泄	0.000549	0.116534	0.000064
胁械谢懈泻懈泄	0.000274	0.116534	0.000032
胁械薪谐械褉褋泻懈泄	0.000274	0.116534	0.000032
胁械褋械薪薪懈泄	0.000274	0.051293	0.000014
胁械褋薪邪	0.001647	0.116534	0.000192
胁械褌褔懈薪邪	0.001098	0.094311	0.000104
胁械褔械褉	0.000274	2.120264	0.000582
胁蟹褉芯褋谢褘泄	0.000274	2.659260	0.000730
胁蟹褉褘胁	0.000274	2.995732	0.000822
胁蟹褟褌褜	0.000274	1.171183	0.000321
胁懈写	0.000274	0.776529	0.000213
胁懈写械芯	0.000549	0.116534	0.000064
胁懈写械芯褉械褑械锌褌	0.000274	0.301105	0.000083
胁懈薪芯	0.000549	0.040822	0.000022
胁泻谢褞褔邪褌褜	0.000274	0.634878	0.000174
胁泻褍褋	0.004392	0.105361	0.000463
胁泻褍褋薪芯	0.001647	0.094311	0.000155
胁泻褍褋薪褘泄	0.003843	0.061875	0.000238
胁谢褞斜懈褌褜	0.000274	0.116534	0.000032
胁谢褞斜懈褌褜褋褟	0.000274	1.386294	0.000381
胁屑械褋褌械	0.000274	0.916291	0.000252
胁薪邪褔邪谢械	0.001098	0.248461	0.000273
胁薪械褋褌懈	0.000274	2.813411	0.000772
胁芯写邪	0.003019	0.094311	0.000285
胁芯蟹屑芯卸薪芯褋褌褜	0.000274	1.966113	0.000540
胁芯泄褌懈	0.000274	0.000000	0.000000
胁芯谢芯胁邪薪	0.000274	0.116534	0.000032
胁芯谢褕械斜薪褘泄	0.000549	0.116534	0.000064
胁芯谢褕械斜褋褌胁芯	0.000274	0.116534	0.000032
胁芯锌褉芯褋	0.000549	0.000000	0.000000
胁芯褋褌芯褔薪褘泄	0.000274	0.127833	0.000035
胁芯褋褏懈褌懈褌械谢褜薪褘泄	0.000274	2.120264	0.000582
胁锌械褔邪褌谢械薪懈械	0.000274	2.407946	0.000661
胁锌械褔邪褌谢懈褌褜	0.000274	3.218876	0.000884
胁褉械屑褟	0.002196	0.105361	0.000231
胁褉芯写械	0.000274	1.897120	0.000521
胁褋械谐写邪	0.000823	0.653926	0.000539
胁褋锌芯屑懈薪邪褌褜	0.000274	2.813411	0.000772
胁褋锌芯屑薪懈褌褜	0.000274	0.040822	0.000011
胁褋褌褉械褔邪褌褜	0.000549	2.525729	0.001387
胁褌芯褉芯械	0.000274	0.116534	0.000032
胁褌芯褉芯泄	0.000274	0.116534	0.000032
胁褏芯写	0.000823	0.030459	0.000025
胁褏芯写懈褌褜	0.000274	2.813411	0.000772
胁褘胁械写邪褌褜	0.000274	3.218876	0.000884
胁褘泄褌懈	0.000274	0.040822	0.000011
胁褘锌械褔泻邪	0.004392	0.040822	0.000179
胁褜械褌薪邪屑褋泻懈泄	0.000274	0.116534	0.000032
谐邪胁邪泄褋泻懈泄	0.000274	0.116534	0.000032
谐邪褉薪懈褉	0.001372	0.040822	0.000056
谐邪褋锌邪褔芯	0.000274	0.040822	0.000011
谐械芯谐褉邪褎懈褟	0.000274	0.116534	0.000032
谐懈薪泻邪薪	0.000549	4.605170	0.002528
谐谢邪胁薪褘泄	0.000549	0.040822	0.000022
谐谢邪蟹褍褉褜	0.000823	0.040822	0.000034
谐谢懈薪褌胁械泄薪	0.000274	0.040822	0.000011
谐薪械蟹写芯	0.000823	2.207275	0.001818
谐芯胁褟写懈薪邪	0.001098	0.116534	0.000128
谐芯写	0.008235	0.083382	0.000687
谐芯谢谢邪薪写褋泻懈泄	0.000823	0.116534	0.000096
谐芯褉芯写	0.000274	0.116534	0.000032
谐芯褉芯褏	0.000274	0.116534	0.000032
谐芯褉褔懈褑邪	0.001372	0.040822	0.000056
谐芯褉褕芯褔械泻	0.000549	0.040822	0.000022
谐芯褉褟褔械械	0.000549	0.116534	0.000064
谐芯褉褟褔懈泄	0.012627	0.105361	0.001330
谐芯褋褌褜	0.001098	0.116534	0.000128
谐芯褌芯胁懈褌褜	0.005215	0.083382	0.000435
谐芯褌芯胁懈褌褜褋褟	0.000274	0.371064	0.000102
谐褉械薪泻邪	0.000549	0.040822	0.000022
谐褉械褔械褋泻懈泄	0.000274	0.116534	0.000032
谐褉械褔泻邪	0.000274	0.040822	0.000011
谐褉懈斜	0.003294	0.040822	0.000134
谐褉懈斜薪芯泄	0.000549	0.040822	0.000022
谐褉懈谢褜	0.002745	0.105361	0.000289
谐褉懈谢褜屑邪薪懈褟	0.000274	0.116534	0.000032
谐褉芯谐	0.000274	0.040822	0.000011
谐褉褍蟹懈薪褋泻懈泄	0.000274	0.116534	0.000032
谐褉褍锌锌邪	0.000274	0.061875	0.000017
谐褍褉屑	0.000274	0.127833	0.000035
谐褍褉屑邪薪懈褟	0.001647	0.116534	0.000192
谐褍褋褜	0.000549	0.105361	0.000058
写邪胁邪褌褜	0.000274	0.040822	0.000011
写邪薪薪褘械	0.000274	0.040822	0.000011
写邪褉	0.000274	0.116534	0.000032
写邪褌邪	0.000549	0.248461	0.000136
写邪褌褋泻懈泄	0.000274	0.116534	0.000032
写邪褌褜	0.000274	0.040822	0.000011
写邪褔薪褘泄	0.000823	0.116534	0.000096
写械写	0.000274	4.605170	0.001264
写械泄褋褌胁懈褌械谢褜薪芯	0.000274	1.832581	0.000503
写械泻邪斜褉褜	0.001098	0.597837	0.000656
写械泻芯褉	0.000274	0.127833	0.000035
写械谢邪褌褜	0.000549	0.083382	0.000046
写械谢懈泻邪褌械褋	0.000274	2.659260	0.000730
写械谢懈褌褜褋褟	0.000274	0.040822	0.000011
写械谢芯	0.000274	0.105361	0.000029
写械薪褜	0.002745	0.040822	0.000112
写械褋械褉褌	0.004666	0.040822	0.000190
写械褋械褉褌邪褑懈褟	0.000274	0.116534	0.000032
写械褋械褉褌薪褘泄	0.000274	0.116534	0.000032
写卸械屑	0.000274	0.040822	0.000011
写卸械屑邪	0.000274	0.040822	0.000011
写蟹械薪	0.000274	0.116534	0.000032
写懈械褌邪	0.000549	0.094311	0.000052
写懈泻懈泄	0.000823	0.116534	0.000096
写懈锌	0.000274	0.116534	0.000032
写懈褔褜	0.000823	0.116534	0.000096
写薪械胁薪懈泻	0.000274	0.061875	0.000017
写芯斜邪胁懈褌褜	0.000274	0.083382	0.000023
写芯斜邪胁谢械薪懈械	0.000274	0.223144	0.000061
写芯斜邪胁谢褟褌褜	0.000274	0.040822	0.000011
写芯斜褉芯褎谢芯褌	0.000274	0.127833	0.000035
写芯胁械褉褟褌褜	0.000274	0.116534	0.000032
写芯胁芯谢褜薪芯	0.000274	1.609438	0.000442
写芯谢谐芯	0.000274	1.514128	0.000416
写芯屑	0.003294	0.040822	0.000134
写芯屑邪褕薪懈泄	0.003294	0.040822	0.000134
写芯锌芯谢薪械薪懈械	0.000274	2.302585	0.000632
写芯锌芯谢薪褟褌褜	0.000274	2.407946	0.000661
写芯褉芯谐芯泄	0.000274	1.139434	0.000313
写芯褋褌邪褌芯褔薪芯	0.000274	2.040221	0.000560
写褉邪泄胁	0.001372	0.127833	0.000175
写褉邪泻芯薪	0.000274	4.605170	0.001264
写褉芯卸卸械胁芯泄	0.000274	0.116534	0.000032
写褉褍谐	0.001098	0.544727	0.000598
写褍屑邪褌褜	0.000274	0.634878	0.000174
写褍褏芯胁泻邪	0.001647	0.105361	0.000174
写褍褕邪	0.000823	0.105361	0.000087
写褍褕懈褋褌褘泄	0.000549	1.237874	0.000680
械胁褉械泄褋泻懈泄	0.000274	0.116534	0.000032
械谐懈锌械褌褋泻懈泄	0.000274	0.116534	0.000032
械写懈薪褘泄	0.000274	0.000000	0.000000
械泻芯	0.000274	0.127833	0.000035
卸邪褉械薪褘泄	0.000549	1.272966	0.000699
卸邪褉泻芯械	0.000274	0.040822	0.000011
卸械谢邪褌懈薪邪	0.000549	1.427116	0.000783
卸械谢械	0.000823	0.040822	0.000034
卸械谢褌芯泻	0.000549	1.237874	0.000680
卸械薪褋泻懈泄	0.000823	0.020203	0.000017
卸械薪褖懈薪邪	0.000549	0.061875	0.000034
卸懈蟹薪褜	0.000549	0.040822	0.000022
卸褍谢褜械薪	0.000274	0.040822	0.000011
卸褍褉薪邪谢	0.000274	0.072571	0.000020
卸褍褌泻芯	0.000274	4.605170	0.001264
卸褞谢褜械薪	0.000274	0.040822	0.000011
卸褞谢褜薪褘泄	0.000274	0.040822	0.000011
蟹邪胁邪褉薪芯泄	0.000823	0.116534	0.000096
蟹邪胁懈褋械褌褜	0.000274	2.120264	0.000582
蟹邪胁褌褉邪泻	0.002470	0.094311	0.000233
蟹邪谐芯褌芯胁泻邪	0.001372	0.040822	0.000056
蟹邪写邪胁邪褌褜	0.000274	0.040822	0.000011
蟹邪泻胁邪褋泻邪	0.000823	0.040822	0.000034
蟹邪泻褉褘褌褘泄	0.000274	0.116534	0.000032
蟹邪泻褍褋泻邪	0.008784	0.040822	0.000359
蟹邪泻褍褋芯薪褔懈泻	0.000274	0.116534	0.000032
蟹邪泻褍褋芯褔泻邪	0.000274	0.116534	0.000032
蟹邪泻褍褋芯褔薪邪褟	0.003019	0.116534	0.000352
蟹邪泻褍褋芯褔薪褘泄	0.000549	1.660731	0.000912
蟹邪谢懈胁薪芯械	0.000549	0.040822	0.000022
蟹邪屑械褌泻邪	0.000274	2.995732	0.000822
蟹邪屑械褔邪褌械谢褜薪褘泄	0.000549	0.713350	0.000392
蟹邪屑芯褉芯蟹泻邪	0.000549	0.105361	0.000058
蟹邪薪褟褌懈械	0.000274	4.605170	0.001264
蟹邪锌邪写	0.000274	0.116534	0.000032
蟹邪锌械泻邪薪泻邪	0.003019	0.040822	0.000123
蟹邪锌械褔褜	0.000549	0.916291	0.000503
蟹邪锌褉邪胁泻邪	0.000549	0.040822	0.000022
蟹邪褉械谐懈褋褌褉懈褉芯胁邪褌褜褋褟	0.000549	0.030459	0.000017
蟹邪褋芯谢泻邪	0.000274	0.116534	0.000032
蟹邪褏芯写懈褌褜	0.000549	0.733969	0.000403
蟹邪褟褑	0.000549	0.116534	0.000064
蟹胁邪薪褘泄	0.000274	0.127833	0.000035
蟹胁械蟹写邪	0.000549	0.116534	0.000064
蟹胁褢蟹写薪褘泄	0.000274	0.116534	0.000032
蟹写芯褉芯胁褘泄	0.000549	0.116534	0.000064
蟹械谢械薪褜	0.001372	0.094311	0.000129
蟹械谢褢薪褘泄	0.002196	0.820981	0.001803
蟹械屑谢褟	0.000274	2.813411	0.000772
蟹械褎懈褉	0.000274	0.040822	0.000011
蟹懈屑邪	0.001098	0.040822	0.000045
蟹懈屑薪懈泄	0.000274	0.051293	0.000014
蟹薪邪泻芯屑褘泄	0.000274	1.272966	0.000349
蟹薪邪褌褜	0.001372	0.462035	0.000634
蟹芯谢芯褌芯泄	0.000274	0.116534	0.000032
懈胁邪薪芯胁	0.000274	0.127833	0.000035
懈谐褉褍褕邪	0.000274	2.995732	0.000822
懈写械邪谢褜薪褘泄	0.001921	0.116534	0.000224
懈写械泄泻邪	0.000274	0.116534	0.000032
懈写械褟	0.000274	1.609438	0.000442
懈蟹写械谢懈械	0.002470	0.116534	0.000288
懈蟹褍屑懈褌械谢褜薪褘泄	0.000549	1.714798	0.000941
懈蟹褘褋泻邪薪薪褘泄	0.000549	2.813411	0.001545
懈泻褉邪	0.001921	0.040822	0.000078
懈屑斜懈褉褜	0.001098	1.832581	0.002012
懈屑褟	0.000274	0.030459	0.000008
懈薪胁械褉褌芯褉薪褘泄	0.000274	0.127833	0.000035
懈薪谐褉械写懈械薪褌	0.008235	0.139262	0.001147
懈薪写械泄泻邪	0.001647	0.094311	0.000155
懈薪写懈泄褋泻懈泄	0.000274	0.116534	0.000032
懈薪写懈谢邪泄褌邪	0.000823	0.116534	0.000096
懈薪写懈褉械褋薪褘泄	0.000274	0.116534	0.000032
懈薪褋褌褉褍泻褑懈褟	0.000274	0.030459	0.000008
懈芯褋懈褎	0.000274	4.605170	0.001264
懈褉邪泻褋泻懈泄	0.000274	0.116534	0.000032
懈褉邪薪褋泻懈泄	0.000274	0.116534	0.000032
懈褉谢邪薪写褋泻懈泄	0.000274	0.116534	0.000032
懈褋泻谢褞褔械薪懈械	0.000274	3.218876	0.000884
懈褋泻褉械薪薪械	0.000274	0.116534	0.000032
懈褋谢邪薪写褋泻懈泄	0.000274	0.116534	0.000032
懈褋锌邪薪褋泻懈泄	0.000274	0.116534	0.000032
懈褋锌械褔褜	0.000274	0.105361	0.000029
懈褋锌芯谢褜蟹芯胁邪褌褜	0.000274	1.171183	0.000321
懈褋褌芯褉懈褟	0.001647	0.116534	0.000192
懈褌邪泻	0.000549	1.609438	0.000884
懈褌邪谢懈褟	0.000549	0.105361	0.000058
懈褌邪谢褜褟薪褋泻懈泄	0.000823	0.105361	0.000087
懈褞谢褜	0.000274	0.579818	0.000159
泄芯谐褍褉褌	0.000823	0.040822	0.000034
泻邪斜邪褔芯泻	0.000274	0.040822	0.000011
泻邪胁泻邪蟹褋泻懈泄	0.000274	0.116534	0.000032
泻邪蟹邪薪	0.000274	0.116534	0.000032
泻邪蟹邪褌褜褋褟	0.000274	1.139434	0.000313
泻邪蟹邪褏褋泻懈泄	0.000274	0.116534	0.000032
泻邪泻邪芯	0.000549	0.040822	0.000022
泻邪谢械泄写芯褋泻芯锌	0.001098	0.116534	0.000128
泻邪谢懈薪懈薪谐褉邪写	0.000274	4.605170	0.001264
泻邪谢屑褘褑泻懈泄	0.000274	0.116534	0.000032
泻邪谢褜屑邪褉	0.000823	0.040822	0.000034
泻邪屑械褉邪	0.000274	0.116534	0.000032
泻邪薪邪写褋泻懈泄	0.000274	0.116534	0.000032
泻邪薪邪谢	0.000823	0.040822	0.000034
泻邪薪邪锌械	0.001372	0.040822	0.000056
泻邪锌褍褋褌邪	0.001372	0.040822	0.000056
泻邪锌褍褋褌薪褟泻	0.000274	0.040822	0.000011
泻邪褉邪屑械谢褜	0.000274	0.040822	0.000011
泻邪褉泻邪褋薪褘泄	0.001098	0.116534	0.000128
泻邪褉褌芯褎械谢褜	0.001921	0.040822	0.000078
泻邪褉褌芯褎械谢褜薪褘泄	0.000549	0.040822	0.000022
泻邪褉褌芯褕泻邪	0.000549	0.040822	0.000022
泻邪褌械谐芯褉懈褟	0.004392	0.116534	0.000512
泻邪褔械褋褌胁芯	0.000274	0.105361	0.000029
泻邪褕邪	0.001921	0.040822	0.000078
泻胁邪褋	0.001098	0.040822	0.000045
泻胁邪褋薪芯泄	0.000823	0.116534	0.000096
泻械泻褋	0.000823	0.040822	0.000034
泻械褎懈褉	0.001098	0.040822	0.000045
泻械褕褜褞	0.000549	2.995732	0.001645
泻懈屑褔邪褌褜	0.000274	0.040822	0.000011
泻懈薪芯邪	0.000549	0.127833	0.000070
泻懈薪芯谢械薪褌邪	0.000274	0.116534	0.000032
泻懈褋械谢褜	0.000549	0.040822	0.000022
泻懈褌邪泄褋泻懈泄	0.000274	0.116534	0.000032
泻谢邪褋褋	0.002470	0.116534	0.000288
泻谢邪褋褋懈褔械褋泻懈泄	0.000549	1.427116	0.000783
泻薪懈谐邪	0.000549	0.040822	0.000022
泻芯泄	0.000274	2.525729	0.000693
泻芯泻褌械泄谢褜	0.001647	0.040822	0.000067
泻芯谢斜邪褋邪	0.000274	0.040822	0.000011
泻芯谢斜邪褋薪褘泄	0.000823	0.116534	0.000096
泻芯谢懈褔械褋褌胁芯	0.000274	1.386294	0.000381
泻芯屑邪薪写邪	0.000549	0.127833	0.000070
泻芯屑懈	0.000274	0.116534	0.000032
泻芯屑屑械薪褌邪褉懈泄	0.000274	0.127833	0.000035
泻芯屑锌邪薪懈褟	0.000549	0.105361	0.000058
泻芯屑锌芯褌	0.000823	0.040822	0.000034
泻芯薪械褑	0.000274	1.966113	0.000540
泻芯薪械褔薪芯	0.000549	0.527633	0.000290
泻芯薪懈薪邪	0.000274	0.116534	0.000032
泻芯薪泻褍褉褋	0.059292	0.040822	0.002420
泻芯薪泻褍褉褋薪褘泄	0.000274	0.127833	0.000035
泻芯薪褋械褉胁懈褉芯胁邪薪懈械	0.000274	0.040822	0.000011
泻芯薪褋械褉胁懈褉芯胁邪薪薪褘泄	0.001372	0.116534	0.000160
泻芯薪褋械褉胁褘	0.000274	2.813411	0.000772
泻芯薪褎械褌邪	0.000823	0.040822	0.000034
泻芯薪褎械褌褌懈	0.000274	0.116534	0.000032
泻芯薪褎懈写械薪褑懈邪谢褜薪芯褋褌褜	0.000274	0.040822	0.000011
泻芯薪褎懈褌褞褉	0.000274	0.040822	0.000011
泻芯锌褔褢薪芯褋褌褜	0.000274	0.116534	0.000032
泻芯褉械泄褋泻懈	0.000274	0.040822	0.000011
泻芯褉械泄褋泻懈泄	0.000274	0.105361	0.000029
泻芯褉卸懈泻	0.000274	0.040822	0.000011
泻芯褉屑懈褌褜	0.000274	0.116534	0.000032
泻芯褉芯谢械胁褋泻	0.000549	4.605170	0.002528
泻芯褌谢械褌邪	0.000274	0.040822	0.000011
泻芯褎械	0.000549	0.040822	0.000022
泻褉邪斜芯胁褘泄	0.000549	2.302585	0.001264
泻褉邪褋懈胁褘泄	0.000274	0.843970	0.000232
泻褉邪褋泻邪	0.000274	0.116534	0.000032
泻褉邪褋薪褘泄	0.001098	0.941609	0.001034
泻褉械邪褌懈胁	0.000274	0.127833	0.000035
泻褉械胁械褌泻邪	0.011254	2.302585	0.025914
泻褉械胁械褌芯褔薪褘泄	0.001098	3.912023	0.004295
泻褉械屑	0.001098	0.040822	0.000045
泻褉械屑邪薪芯褔泻邪	0.000274	4.605170	0.001264
泻褉械锌泻懈泄	0.000274	0.116534	0.000032
泻褉芯谢懈泻	0.000549	0.116534	0.000064
泻褉芯屑械	0.000274	0.061875	0.000017
泻褉芯褏邪	0.000274	0.116534	0.000032
泻褉褍邪褋褋邪薪	0.000274	3.506558	0.000963
泻褉褍谐	0.000549	0.116534	0.000064
泻褉褍锌	0.001647	0.105361	0.000174
泻褉褍锌邪	0.002470	0.116534	0.000288
泻褉褍锌褟薪芯泄	0.000274	0.116534	0.000032
泻褉褘谢褜褑芯	0.000274	3.506558	0.000963
泻褉褘屑	0.000274	2.302585	0.000632
泻褍斜懈薪褋泻懈泄	0.000274	0.116534	0.000032
泻褍谢械褕	0.000274	0.040822	0.000011
泻褍谢懈薪邪褉	0.000274	1.386294	0.000381
泻褍谢懈薪邪褉懈褟	0.000823	0.094311	0.000078
泻褍谢懈薪邪褉薪褘泄	0.001921	0.000000	0.000000
泻褍谢懈褔	0.000549	0.040822	0.000022
泻褍薪卸褍褌	0.000549	0.994252	0.000546
泻褍褉写褋泻懈泄	0.000274	0.116534	0.000032
泻褍褉懈薪褘泄	0.006862	0.094311	0.000647
泻褍褉懈褑邪	0.001098	0.040822	0.000045
泻褍褉泻褍屑邪	0.000549	2.040221	0.001120
泻褍褉芯褔泻邪	0.000274	0.116534	0.000032
泻褍褋泻褍褋	0.000274	0.040822	0.000011
泻褍褋芯褔械泻	0.000274	1.078810	0.000296
泻褍褏薪褟	0.003294	0.040822	0.000134
泻褍褕泻邪	0.000274	4.605170	0.001264
泻褝屑斜褉懈写卸	0.000274	4.605170	0.001264
谢邪胁邪褕	0.001647	0.040822	0.000067
谢邪胁褉芯胁褘泄	0.000549	1.139434	0.000626
谢邪谐屑邪薪	0.000274	0.040822	0.000011
谢邪泻芯屑褋褌胁芯	0.000274	0.116534	0.000032
谢邪锌褕邪	0.000549	0.040822	0.000022
谢邪褌褘褕褋泻懈泄	0.000274	0.116534	0.000032
谢械谐泻芯	0.001647	0.116534	0.000192
谢械锌褢褕泻邪	0.000549	0.040822	0.000022
谢械褌薪懈泄	0.000549	0.040822	0.000022
谢械褌芯	0.001647	0.116534	0.000192
谢械褔芯	0.000274	0.040822	0.000011
谢懈谐邪	0.000823	0.116534	0.000096
谢懈泻褢褉	0.000274	0.040822	0.000011
谢懈屑芯薪	0.001647	0.891598	0.001468
谢懈屑芯薪邪写	0.000549	0.040822	0.000022
谢懈褋褌	0.001647	0.843970	0.001390
谢懈褌芯胁褋泻	0.000274	0.127833	0.000035
谢懈褌芯胁褋泻懈泄	0.000274	0.116534	0.000032
谢芯写芯褔泻邪	0.000274	4.605170	0.001264
谢芯褋芯褋褜	0.000274	2.659260	0.000730
谢褍泻	0.003294	0.301105	0.000992
谢褞斜械蟹薪芯	0.000274	3.506558	0.000963
谢褞斜懈屑褘泄	0.002470	0.116534	0.000288
谢褞斜懈褌褜	0.000274	0.755023	0.000207
谢褞斜芯胁褜	0.000549	0.105361	0.000058
谢褞斜芯泄	0.000549	0.094311	0.000052
谢褢谐泻懈泄	0.000823	0.094311	0.000078
谢褢写	0.000274	0.116534	0.000032
屑邪谐褉懈斜	0.000274	0.116534	0.000032
屑邪泄	0.000274	0.116534	0.000032
屑邪泄芯薪械蟹	0.004666	0.116534	0.000544
屑邪泻邪褉芯薪薪褘泄	0.000823	0.116534	0.000096
屑邪泻邪褉芯薪褘	0.000274	0.040822	0.000011
屑邪泻懈	0.000823	4.605170	0.003792
屑邪谢邪蟹懈泄褋泻懈泄	0.000274	0.116534	0.000032
屑邪薪薪懈泻	0.000274	0.040822	0.000011
屑邪薪褌邪	0.000274	0.116534	0.000032
屑邪薪褢胁褉	0.000274	0.116534	0.000032
屑邪褉邪褎芯薪	0.000823	0.116534	0.000096
屑邪褉懈薪邪写	0.003843	0.040822	0.000157
屑邪褉懈薪芯胁邪褌褜	0.000274	0.116534	0.000032
屑邪褉屑械谢邪写	0.000274	0.040822	0.000011
屑邪褉芯泻泻邪薪褋泻懈泄	0.000274	0.116534	0.000032
屑邪褉褌	0.001921	0.105361	0.000202
屑邪褋泻邪褉锌芯薪	0.000274	0.040822	0.000011
屑邪褋谢械薪懈褑邪	0.000823	0.040822	0.000034
屑邪褋谢械薪懈褔薪褘泄	0.000274	0.116534	0.000032
屑邪褋谢懈薪邪	0.002196	1.966113	0.004318
屑邪褋谢芯	0.004392	0.105361	0.000463
屑邪褋褌械褉	0.002470	0.116534	0.000288
屑邪褋褌懈泻邪	0.000549	0.040822	0.000022
屑邪褎褎懈薪邪	0.000274	0.116534	0.000032
屑邪褏械械胁褗	0.001098	0.116534	0.000128
屑械写懈邪褎芯褉褌	0.000823	0.000000	0.000000
屑械写芯胁褘泄	0.000274	0.116534	0.000032
屑械泻褋懈泻邪薪褋泻懈泄	0.000274	0.116534	0.000032
屑械薪褞	0.000274	0.116534	0.000032
屑械薪褟褌褜褋褟	0.000274	0.116534	0.000032
屑械褔褌邪	0.000823	0.040822	0.000034
屑械褕芯褔械泻	0.000274	3.506558	0.000963
屑懈写懈褟	0.000823	0.040822	0.000034
屑懈泻褉芯胁芯谢薪芯胁泻邪	0.000274	0.105361	0.000029
屑懈谢褜褟	0.000274	0.116534	0.000032
屑懈屑芯蟹邪	0.000549	3.218876	0.001767
屑懈薪写邪谢褜	0.000549	2.040221	0.001120
屑懈薪褜	0.000274	2.995732	0.000822
屑懈芯	0.000274	0.116534	0.000032
屑懈褉	0.000549	0.105361	0.000058
屑懈褉芯胁芯泄	0.000274	0.116534	0.000032
屑懈褋芯	0.000274	0.040822	0.000011
屑懈褋褌械褉懈褟	0.000274	0.116534	0.000032
屑懈褋褌褉邪谢褜	0.001921	0.116534	0.000224
屑薪芯卸械褋褌胁芯	0.000274	0.040822	0.000011
屑芯蟹邪懈泻邪	0.000549	4.605170	0.002528
屑芯泄	0.001921	0.083382	0.000160
屑芯谢写邪胁褋泻懈泄	0.000274	0.116534	0.000032
屑芯谢芯泻芯	0.001647	0.083382	0.000137
屑芯谢芯褔薪褘泄	0.000823	0.040822	0.000034
屑芯屑械薪褌	0.001098	0.105361	0.000116
屑芯薪谐芯谢褜褋泻懈泄	0.000274	0.116534	0.000032
屑芯褉械	0.000274	0.116534	0.000032
屑芯褉械锌褉芯写褍泻褌	0.007960	0.040822	0.000325
屑芯褉泻芯胁褜	0.001921	0.040822	0.000078
屑芯褉芯卸械薪芯械	0.000823	0.040822	0.000034
屑芯褉芯蟹	0.000274	4.605170	0.001264
屑芯褉褋	0.000549	0.040822	0.000022
屑芯褉褋泻芯泄	0.000274	3.218876	0.000884
屑芯褌芯褉	0.000274	0.116534	0.000032
屑芯褏懈褌褘泄	0.000274	0.040822	0.000011
屑芯褔褜	0.000549	0.000000	0.000000
屑褍卸	0.000549	0.867501	0.000476
屑褍卸褋泻芯泄	0.000274	0.127833	0.000035
屑褍卸褔懈薪邪	0.000823	0.116534	0.000096
屑褍泻邪	0.001098	0.248461	0.000273
屑褍谢褜褌懈胁邪褉泻邪	0.010431	0.116534	0.001216
屑褍谢褜褌懈锌械泻邪褉褜	0.000823	0.116534	0.000096
屑褍褋褋	0.001098	0.040822	0.000045
屑褍褋褋邪	0.001372	0.040822	0.000056
屑褍褔薪芯泄	0.000274	0.116534	0.000032
屑褞褋谢懈	0.000549	0.116534	0.000064
屑褟	0.000274	4.605170	0.001264
屑褟谐泻懈泄	0.000549	0.755023	0.000415
屑褟褋薪芯泄	0.003019	0.040822	0.000123
屑褟褋芯	0.006313	0.040822	0.000258
薪邪斜谢褞写邪褌褜	0.000274	3.218876	0.000884
薪邪胁械褉薪芯械	0.000274	2.207275	0.000606
薪邪胁褋械谐写邪	0.000274	2.040221	0.000560
薪邪蟹邪写	0.000274	0.967584	0.000266
薪邪蟹薪邪褔械薪懈械	0.000274	0.116534	0.000032
薪邪蟹褘胁邪褌褜褋褟	0.000274	1.714798	0.000471
薪邪泻邪薪褍薪械	0.000274	3.912023	0.001074
薪邪谢懈胁泻邪	0.000274	0.040822	0.000011
薪邪锌懈褌芯泻	0.001921	0.040822	0.000078
薪邪锌芯谢械芯薪	0.000274	2.659260	0.000730
薪邪褉褟写薪褘泄	0.000549	3.506558	0.001925
薪邪褋谢邪褌褜	0.000274	2.407946	0.000661
薪邪褋褌芯泄泻邪	0.000274	0.040822	0.000011
薪邪褋褌芯谢褜泻芯	0.000549	1.514128	0.000831
薪邪褋褌褉芯械薪懈械	0.000274	0.116534	0.000032
薪邪褋褌褍锌邪褌褜	0.000274	3.506558	0.000963
薪邪褏芯写泻邪	0.000274	2.407946	0.000661
薪邪褑懈芯薪邪谢褜薪褘泄	0.000274	0.116534	0.000032
薪邪褔懈薪泻邪	0.001098	0.040822	0.000045
薪邪褕	0.000823	0.040822	0.000034
薪械胁械褉芯褟褌薪芯	0.000549	1.386294	0.000761
薪械胁械褉芯褟褌薪褘泄	0.000274	2.659260	0.000730
薪械写邪胁薪芯	0.000274	2.120264	0.000582
薪械写械谢褟	0.002745	0.051293	0.000141
薪械卸薪褘泄	0.001098	0.094311	0.000104
薪械泻芯褌芯褉褘泄	0.000274	1.897120	0.000521
薪械屑械褑	0.000274	3.218876	0.000884
薪械屑械褑泻懈泄	0.000823	0.116534	0.000096
薪械芯斜褘褔邪泄薪芯	0.000274	3.506558	0.000963
薪械芯卸懈写邪薪薪褘泄	0.000274	0.116534	0.000032
薪械锌褌褍薪	0.000274	4.605170	0.001264
薪械褋泻芯谢褜泻芯	0.000274	0.843970	0.000232
薪械褋谢邪写泻懈泄	0.000274	0.116534	0.000032
薪械褋褌懈	0.000274	2.813411	0.000772
薪懈泻芯谐写邪	0.000274	1.771957	0.000486
薪懈褔械谐芯	0.000274	0.941609	0.000258
薪芯胁芯谐芯写薪懈泄	0.006313	0.040822	0.000258
薪芯胁芯褋褌褜	0.000274	0.061875	0.000017
薪芯胁褘泄	0.004392	0.030459	0.000134
薪芯泻褋	0.000274	4.605170	0.001264
薪芯褉胁械卸褋泻懈泄	0.000274	0.116534	0.000032
薪芯褉褜	0.000549	3.912023	0.002148
薪芯褟斜褉褜	0.000549	0.527633	0.000290
薪褌	0.000274	2.659260	0.000730
薪褞邪薪褋	0.000549	2.659260	0.001460
芯斜邪谢写械薪薪褘泄	0.000274	1.771957	0.000486
芯斜械写	0.000823	0.105361	0.000087
芯斜械蟹褜褟薪邪	0.000274	0.116534	0.000032
芯斜芯卸邪褌褜	0.000274	1.386294	0.000381
芯斜褉邪写芯胁邪褌褜褋褟	0.000274	3.912023	0.001074
芯斜褉邪蟹	0.000274	2.040221	0.000560
芯斜褖邪褌褜褋褟	0.000274	0.040822	0.000011
芯斜褗械写懈薪懈褌褜	0.000274	4.605170	0.001264
芯斜褗褟褋薪懈褌褜	0.000549	3.218876	0.001767
芯胁芯褖	0.006313	0.094311	0.000595
芯胁芯褖薪芯泄	0.002470	0.040822	0.000101
芯胁褋褟薪褘泄	0.000274	0.105361	0.000029
芯谐薪械写褘褕邪褖懈泄	0.000274	4.605170	0.001264
芯谐薪械薪薪褘泄	0.000274	0.116534	0.000032
芯谐芯薪褜	0.000274	0.094311	0.000026
芯谐褉芯屑薪褘泄	0.000549	0.867501	0.000476
芯谐褍褉械褑	0.002196	0.116534	0.000256
芯写薪芯褝褌邪卸薪褘泄	0.000274	2.302585	0.000632
芯泻褉芯褕泻邪	0.000823	0.040822	0.000034
芯泻褌褟斜褉褜	0.000274	0.562119	0.000154
芯谢邪写褜褟	0.000823	0.040822	0.000034
芯谢械泄薪芯泄	0.001098	0.116534	0.000128
芯谢械泄薪褘泄	0.001098	0.116534	0.000128
芯谢懈胁泻邪	0.000549	2.207275	0.001212
芯谢懈胁泻芯胁褘泄	0.001098	0.544727	0.000598
芯谢褜谐邪	0.000274	1.386294	0.000381
芯谢褜褔懈泻	0.000274	3.218876	0.000884
芯屑谢械褌	0.000274	0.040822	0.000011
芯锌邪褉邪	0.000274	0.040822	0.000011
芯锌褉芯褋	0.000274	0.061875	0.000017
芯褉谐邪薪懈蟹邪屑	0.000274	3.506558	0.000963
芯褉械褏	0.000549	0.776529	0.000426
芯褋械薪薪懈泄	0.001098	0.051293	0.000056
芯褋械薪褜	0.002745	0.105361	0.000289
芯褋薪芯胁薪芯泄	0.000274	3.218876	0.000884
芯褋薪芯胁薪褘泄	0.000274	0.040822	0.000011
芯褋芯斜械薪薪芯	0.000549	1.469676	0.000807
芯褋芯斜芯	0.000274	2.302585	0.000632
芯褋褌邪胁邪褌褜褋褟	0.000274	0.116534	0.000032
芯褋褌邪谢褜薪芯泄	0.000274	2.525729	0.000693
芯褋褌褉芯胁	0.000274	3.218876	0.000884
芯褌胁械褌	0.000549	0.000000	0.000000
芯褌胁械褌懈褌褜	0.000274	0.051293	0.000014
芯褌写械谢褜薪芯褋褌褜	0.000274	4.605170	0.001264
芯褌写褘褏	0.000274	3.218876	0.000884
芯褌泻褉褘褌褘泄	0.000549	0.105361	0.000058
芯褌谢懈褔邪褌褜	0.000274	4.605170	0.001264
芯褌谢懈褔薪褘泄	0.000274	1.078810	0.000296
芯褌屑械薪懈褌褜	0.000274	0.040822	0.000011
芯褌薪芯褕械薪懈械	0.000274	1.714798	0.000471
芯褌褌械薪褟褌褜	0.000274	3.912023	0.001074
芯褎懈褑懈邪薪褌泻邪	0.000274	3.506558	0.000963
芯褎芯褉屑谢械薪懈械	0.000274	3.218876	0.000884
芯褏谢邪写懈褌褜	0.000274	0.116534	0.000032
芯褑械薪懈褌褜	0.000274	2.813411	0.000772
芯褔邪褉芯胁邪褌褜	0.000274	3.912023	0.001074
锌邪泻械褌懈泻	0.000274	0.105361	0.000029
锌邪谢芯褔泻邪	0.000823	0.040822	0.000034
锌邪薪懈褉芯胁泻邪	0.002196	0.116534	0.000256
锌邪薪懈褉芯胁芯褔薪褘泄	0.001098	1.309333	0.001438
锌邪锌褉懈泻邪	0.001098	1.171183	0.001286
锌邪褉邪	0.000274	0.116534	0.000032
锌邪褉邪写	0.001921	0.116534	0.000224
锌邪褉屑褋泻懈泄	0.000274	4.605170	0.001264
锌邪褉芯胁邪褉泻邪	0.002470	0.105361	0.000260
锌邪褉芯谢褜	0.000274	0.020203	0.000006
锌邪褋褌邪	0.001372	0.040822	0.000056
锌邪褋褌褉芯屑邪	0.000274	0.040822	0.000011
锌邪褋褏邪	0.000549	0.040822	0.000022
锌邪褋褏邪谢褜薪褘泄	0.000823	0.116534	0.000096
锌邪褕褌械褌	0.000823	0.040822	0.000034
锌械泻邪褉褜	0.000274	0.127833	0.000035
锌械泻懈薪褋泻懈泄	0.000549	2.407946	0.001322
锌械谢褜屑械薪褜	0.000274	0.116534	0.000032
锌械褉胁褘泄	0.001098	0.040822	0.000045
锌械褉械泄褌懈	0.000274	0.040822	0.000011
锌械褉械泻褍褋	0.000549	0.116534	0.000064
锌械褉械褑	0.005215	0.040822	0.000213
锌械褉褋芯薪邪	0.000274	0.116534	0.000032
锌械褉褍邪薪褋泻懈泄	0.000274	0.116534	0.000032
锌械褋芯褔薪褘泄	0.000823	0.105361	0.000087
锌械褌械谢懈薪泻	0.000274	0.127833	0.000035
锌械褌褉褍褕泻邪	0.001921	0.673345	0.001294
锌械褔械薪懈械	0.002470	0.040822	0.000101
锌械褔褜	0.000274	0.116534	0.000032
锌械褔褢薪芯褔薪褘泄	0.000274	0.040822	0.000011
锌懈胁芯	0.000274	0.116534	0.000032
锌懈泻邪薪褌	0.000274	0.127833	0.000035
锌懈泻薪懈泻	0.001098	0.105361	0.000116
锌懈褉	0.000274	0.116534	0.000032
锌懈褉芯谐	0.001921	0.040822	0.000078
锌懈褉芯卸薪芯械	0.000549	0.040822	0.000022
锌懈褉芯卸芯泻	0.000274	0.040822	0.000011
锌懈褌邪薪懈械	0.001372	0.094311	0.000129
锌懈褑褑邪	0.000549	0.040822	0.000022
锌谢邪屑褟	0.000274	0.116534	0.000032
锌谢懈褌邪	0.001098	0.116534	0.000128
锌谢芯胁	0.000274	0.116534	0.000032
锌谢芯写	0.000274	0.116534	0.000032
锌芯胁邪褉	0.000274	1.139434	0.000313
锌芯胁邪褉褢薪芯泻	0.001372	0.000000	0.000000
锌芯胁懈写谢芯	0.000274	0.040822	0.000011
锌芯写邪胁邪褌褜	0.000274	1.514128	0.000416
锌芯写邪褉芯泻	0.000549	0.116534	0.000064
锌芯写邪褔邪	0.000274	2.207275	0.000606
锌芯写械谢懈褌褜褋褟	0.000274	0.400478	0.000110
锌芯写谢懈胁	0.000274	0.116534	0.000032
锌芯写谢懈胁泻邪	0.000274	0.040822	0.000011
锌芯写锌懈褋邪褌褜褋褟	0.000823	0.040822	0.000034
锌芯械写懈薪芯泻	0.003843	0.116534	0.000448
锌芯蟹写褉邪胁懈褌褜	0.000274	0.116534	0.000032
锌芯懈褋泻	0.000274	0.051293	0.000014
锌芯泻芯褉懈褌褜	0.000274	2.120264	0.000582
锌芯泻褍褕邪褌褜	0.000274	3.506558	0.000963
锌芯谢写薪懈泻	0.000549	0.116534	0.000064
锌芯谢械蟹薪芯	0.000274	0.116534	0.000032
锌芯谢懈褌懈泻邪	0.000274	0.040822	0.000011
锌芯谢芯胁懈薪邪	0.002196	0.105361	0.000231
锌芯谢褍褎邪斜褉懈泻邪褌	0.000274	3.506558	0.000963
锌芯谢褍褔邪褌褜	0.000549	0.040822	0.000022
锌芯谢褍褔懈褌褜褋褟	0.000549	0.653926	0.000359
锌芯谢褜蟹邪	0.001372	0.116534	0.000160
锌芯谢褜褋泻懈泄	0.000274	0.116534	0.000032
锌芯屑邪写泻邪	0.000823	0.040822	0.000034
锌芯屑懈写芯褉	0.001647	0.116534	0.000192
锌芯屑懈写芯褉泻	0.000274	0.127833	0.000035
锌芯薪褉邪胁懈褌褜褋褟	0.000274	0.040822	0.000011
锌芯薪褔懈泻	0.000549	0.040822	0.000022
锌芯薪褟褌褜	0.000274	1.660731	0.000456
锌芯锌褉芯斜芯胁邪褌褜	0.000549	0.248461	0.000136
锌芯褉邪	0.000549	0.105361	0.000058
锌芯褉邪写芯胁邪褌褜	0.000274	1.309333	0.000359
锌芯褉械泄	0.000549	2.302585	0.001264
锌芯褉褌褍谐邪谢褜褋泻懈泄	0.000274	0.116534	0.000032
锌芯褉褑懈芯薪薪褘泄	0.000274	3.218876	0.000884
锌芯褉褑懈褟	0.000274	1.660731	0.000456
锌芯褋械褖邪褌褜	0.000274	0.061875	0.000017
锌芯褋谢械写薪懈泄	0.000274	1.272966	0.000349
锌芯褋褌	0.001647	0.105361	0.000174
锌芯褋褌薪褘泄	0.000823	0.040822	0.000034
锌芯褋褌芯褟薪薪芯	0.000274	0.040822	0.000011
锌芯褋褌褉芯懈褌褜	0.000274	0.105361	0.000029
锌芯褋褌褍锌懈褌褜褋褟	0.000274	4.605170	0.001264
锌芯褋褍写邪	0.000549	0.094311	0.000052
锌芯褔褌邪	0.000274	0.040822	0.000011
锌芯褕邪谐芯胁褘泄	0.000549	0.040822	0.000022
锌褉邪胁写邪	0.000274	1.139434	0.000313
锌褉邪蟹写薪懈泻	0.000823	0.105361	0.000087
锌褉邪蟹写薪懈褔薪芯	0.000274	0.116534	0.000032
锌褉邪蟹写薪懈褔薪褘泄	0.001372	0.105361	0.000145
锌褉邪泻褌懈泻褍屑	0.000274	0.116534	0.000032
锌褉械胁芯褋褏芯写薪褘泄	0.000274	0.116534	0.000032
锌褉械胁褉邪褖械薪懈械	0.000274	0.116534	0.000032
锌褉械写谢邪谐邪褌褜	0.001098	0.693147	0.000761
锌褉械写谢芯卸懈褌褜	0.000549	1.108663	0.000609
锌褉械泻褉邪褋薪褘泄	0.000549	1.386294	0.000761
锌褉械谢械褋褌褜	0.000274	3.912023	0.001074
锌褉械褋薪褘泄	0.000274	0.116534	0.000032
锌褉懈胁械褌	0.000274	2.659260	0.000730
锌褉懈谐谢邪褋懈褌褜	0.000274	2.659260	0.000730
锌褉懈谐芯褌芯胁懈褌褜	0.001372	0.083382	0.000114
锌褉懈谐芯褌芯胁谢械薪懈械	0.000823	0.040822	0.000034
锌褉懈蟹	0.000274	0.040822	0.000011
锌褉懈蟹薪邪薪懈械	0.000274	0.116534	0.000032
锌褉懈薪褑懈锌	0.000274	2.407946	0.000661
锌褉懈锌褉邪胁邪	0.000823	0.040822	0.000034
锌褉懈褉芯写邪	0.000823	0.105361	0.000087
锌褉懈褋褌褍锌懈褌褜	0.000274	0.040822	0.000011
锌褉懈褏芯写懈褌褜	0.000274	2.813411	0.000772
锌褉芯斜芯胁邪褌褜	0.000274	0.843970	0.000232
锌褉芯胁械褉懈褌褜	0.001647	0.116534	0.000192
锌褉芯胁械褋褌懈	0.001098	0.116534	0.000128
锌褉芯胁芯写懈褌褜	0.000274	0.040822	0.000011
锌褉芯胁芯卸邪褌褜	0.000274	0.116534	0.000032
锌褉芯写褍泻褌	0.000823	0.072571	0.000060
锌褉芯械泻褌	0.000549	0.051293	0.000028
锌褉芯卸懈褌褜	0.000274	2.995732	0.000822
锌褉芯懈蟹胁械褋褌懈	0.000274	1.966113	0.000540
锌褉芯懈蟹胁芯谢褜薪褘泄	0.000274	4.605170	0.001264
锌褉芯褋懈褌褜	0.000274	0.776529	0.000213
锌褉芯褋屑芯褌褉	0.000274	0.274437	0.000075
锌褉芯褋褌芯	0.001647	0.083382	0.000137
锌褉芯褋褌芯泻胁邪褕邪	0.000274	0.040822	0.000011
锌褉芯褋褌褉邪薪褋褌胁芯	0.000274	4.605170	0.001264
锌褉芯褎懈谢褜	0.000274	0.040822	0.000011
锌褉芯褔懈褌邪褌褜	0.000274	1.832581	0.000503
锌褉芯褕谢褘泄	0.000274	3.218876	0.000884
锌褉褟屑芯	0.000274	0.040822	0.000011
锌褉褟薪懈泻	0.000549	0.040822	0.000022
锌褉褟薪懈褔薪褘泄	0.000274	0.116534	0.000032
锌褌懈褑邪	0.005215	0.116534	0.000608
锌褌懈褔泻邪	0.000274	3.912023	0.001074
锌褍写懈薪谐	0.000823	0.040822	0.000034
锌褍薪褕	0.000274	0.040822	0.000011
锌褍褌械褕械褋褌胁懈械	0.000823	0.116534	0.000096
锌褍褌褜	0.000274	0.116534	0.000032
锌褕械薪懈褔薪褘泄	0.001098	0.287682	0.000316
锌褘褕泻邪	0.000274	0.040822	0.000011
锌褞褉械	0.001098	0.040822	0.000045
褉邪胁薪芯	0.000274	2.120264	0.000582
褉邪谐褍	0.000274	0.116534	0.000032
褉邪蟹	0.000549	0.356675	0.000196
褉邪蟹胁械褉薪褍褌褜	0.000274	0.116534	0.000032
褉邪蟹写械谢褜薪褘泄	0.000274	0.116534	0.000032
褉邪蟹薪芯芯斜褉邪蟹懈械	0.000274	2.525729	0.000693
褉邪蟹薪褘泄	0.000549	0.094311	0.000052
褉邪薪薪懈泄	0.000274	1.514128	0.000416
褉邪褋褋泻邪蟹褘胁邪褌褜	0.000274	2.120264	0.000582
褉邪褋褋芯谢褜薪懈泻	0.000823	0.040822	0.000034
褉邪褋褋褘谢泻邪	0.000274	0.061875	0.000017
褉邪褋褌懈褌械谢褜薪褘泄	0.002196	0.223144	0.000490
褉械斜褢薪芯泻	0.000549	0.094311	0.000052
褉械谐懈褋褌褉邪褑懈褟	0.000823	0.000000	0.000000
褉械泄褌懈薪谐	0.000274	0.235722	0.000065
褉械泻芯屑械薪写芯胁邪褌褜	0.000549	1.021651	0.000561
褉械锌褔邪褌褘泄	0.001098	0.430783	0.000473
褉械褋褌芯褉邪薪褔懈泻	0.000823	2.995732	0.002467
褉械褑械锌褌	0.026901	0.040822	0.001098
褉械褕懈褌褜	0.000274	0.693147	0.000190
褉懈斜邪泄	0.000274	3.506558	0.000963
褉懈褋	0.002470	0.040822	0.000101
褉懈褋芯胁褘泄	0.000274	2.525729	0.000693
褉懈褌屑	0.000274	0.116534	0.000032
褉芯谐邪谢懈泻	0.000274	0.040822	0.000011
褉芯写薪褘泄	0.000274	0.116534	0.000032
褉芯卸写械薪懈械	0.000274	0.105361	0.000029
褉芯卸写械褋褌胁芯	0.000274	0.116534	0.000032
褉芯谢谢	0.002196	0.040822	0.000090
褉芯谢谢褌芯薪	0.000274	0.116534	0.000032
褉芯屑	0.000274	0.040822	0.000011
褉芯屑邪薪褌懈褔械褋泻懈泄	0.000274	2.995732	0.000822
褉芯褋褋懈泄褋泻懈泄	0.000274	3.506558	0.000963
褉褍斜褉懈泻邪褌芯褉	0.000274	0.051293	0.000014
褉褍谢械褌	0.003294	0.040822	0.000134
褉褍屑褘薪褋泻懈泄	0.000274	0.116534	0.000032
褉褍屑褟薪褘泄	0.000274	0.116534	0.000032
褉褍薪械褌	0.000274	0.020203	0.000006
褉褍褋褋泻懈	0.000274	3.218876	0.000884
褉褍褋褋泻懈泄	0.000274	0.105361	0.000029
褉褘斜邪	0.011803	0.040822	0.000482
褉褘斜泻邪	0.000549	2.207275	0.001212
褉褘斜薪褘泄	0.004117	0.105361	0.000434
褉褟卸械薪泻邪	0.000274	0.116534	0.000032
褋邪泄褌	0.001647	0.000000	0.000000
褋邪谢邪褌	0.017293	0.040822	0.000706
褋邪谢邪褌懈泻	0.000549	2.302585	0.001264
褋邪谢邪褌薪褘泄	0.000274	0.116534	0.000032
褋邪屑芯谐芯薪	0.000274	0.040822	0.000011
褋邪屑褘泄	0.000549	0.105361	0.000058
褋邪褎	0.000823	0.116534	0.000096
褋邪褎褋械屑邪	0.000274	0.116534	0.000032
褋邪褏邪褉	0.001647	0.105361	0.000174
褋斜懈褌械薪褜	0.000274	0.040822	0.000011
褋胁邪写械斜薪褘泄	0.000274	2.659260	0.000730
褋胁械卸械褋褌褜	0.000274	0.105361	0.000029
褋胁械泻芯谢褜薪懈泻	0.000549	0.040822	0.000022
褋胁械褌	0.001098	0.116534	0.000128
褋胁械褌邪	0.001098	0.116534	0.000128
褋胁懈薪懈薪	0.001098	0.116534	0.000128
褋胁懈薪懈薪邪	0.000274	0.040822	0.000011
褋胁芯泄褋褌胁芯	0.000274	2.813411	0.000772
褋胁褟蟹邪薪薪褘泄	0.000274	3.912023	0.001074
褋胁褢泻谢邪	0.000274	0.040822	0.000011
褋谐褍褖褢薪泻邪	0.000274	0.040822	0.000011
褋械蟹芯薪	0.000274	0.116534	0.000032
褋械泄褔邪褋	0.000549	0.030459	0.000017
褋械泻褉械褌	0.000549	0.116534	0.000064
褋械谢褢写泻邪	0.000274	0.040822	0.000011
褋械屑械泄薪褘泄	0.000274	0.116534	0.000032
褋械屑褜褟	0.000274	0.116534	0.000032
褋械薪褌褟斜褉褜	0.000823	0.673345	0.000554
褋械褉写褑械	0.000274	1.771957	0.000486
褋懈写褉	0.000274	0.040822	0.000011
褋懈谢邪	0.000274	2.813411	0.000772
褋懈屑褎芯薪懈褟	0.000274	3.506558	0.000963
褋懈褉懈泄褋泻懈泄	0.000274	0.116534	0.000032
褋懈褉芯锌	0.000549	0.040822	0.000022
褋懈褋褌械屑邪	0.000274	0.040822	0.000011
褋懈褌懈	0.000274	0.127833	0.000035
褋泻邪蟹邪褌褜	0.000274	0.400478	0.000110
褋泻邪蟹泻邪	0.000274	0.116534	0.000032
褋泻谢邪写褘胁邪褌褜褋褟	0.000549	3.506558	0.001925
褋泻芯胁芯褉芯写邪	0.000274	1.386294	0.000381
褋泻褍屑斜褉懈褟	0.000549	2.813411	0.001545
褋谢邪写泻懈泄	0.006862	0.040822	0.000280
褋谢邪写泻芯	0.000274	0.116534	0.000032
褋谢械写褍褞褖懈泄	0.000274	1.386294	0.000381
褋谢懈胁泻邪	0.001098	1.049822	0.001153
褋谢懈胁芯褔薪褘泄	0.002470	0.105361	0.000260
褋谢芯胁芯	0.000274	1.021651	0.000280
褋谢芯卸懈褌褜褋褟	0.000274	3.218876	0.000884
褋谢芯卸薪芯	0.000274	2.525729	0.000693
褋谢芯卸薪褘泄	0.000274	2.207275	0.000606
褋谢芯泄泻邪	0.000549	0.040822	0.000022
褋谢芯褢薪褘泄	0.001372	0.116534	0.000160
褋谢褍褔邪泄	0.000274	1.171183	0.000321
褋屑械褌邪薪邪	0.000823	0.105361	0.000087
褋屑械褕邪薪薪褘泄	0.000274	0.116534	0.000032
褋屑械褕薪芯	0.000274	3.506558	0.000963
褋屑芯褔褜	0.000823	0.040822	0.000034
褋屑褍蟹懈	0.000823	0.040822	0.000034
褋薪褝泻	0.000274	0.116534	0.000032
褋芯斜懈褉邪褌褜褋褟	0.000549	0.040822	0.000022
褋芯斜褉邪褌褜	0.000274	3.912023	0.001074
褋芯胁械褉褕械薪薪芯	0.000274	1.171183	0.000321
褋芯胁械褉褕械薪褋褌胁芯	0.001372	0.116534	0.000160
褋芯胁械褌	0.000274	0.040822	0.000011
褋芯胁械褌褋泻懈泄	0.000274	2.813411	0.000772
褋芯胁褋械屑	0.000549	1.139434	0.000626
褋芯谐谢邪褕邪褌褜褋褟	0.000274	0.040822	0.000011
褋芯写邪	0.000549	0.941609	0.000517
褋芯械胁褘泄	0.002196	0.798508	0.001754
褋芯蟹写邪胁邪褌褜	0.000274	0.105361	0.000029
褋芯蟹写邪薪懈械	0.000549	0.261365	0.000143
褋芯泻	0.000823	0.040822	0.000034
褋芯谢械薪懈械	0.000549	0.116534	0.000064
褋芯谢薪械褔薪褘泄	0.000274	0.116534	0.000032
褋芯谢褜	0.004941	0.127833	0.000632
褋芯谢褟薪泻邪	0.000549	0.040822	0.000022
褋芯谢褢薪褘泄	0.001098	0.116534	0.000128
褋芯褉褌懈褉芯胁邪褌褜	0.000274	0.248461	0.000068
褋芯褋褌邪胁	0.000274	1.347074	0.000370
褋芯褋褌邪胁懈褌褜	0.000274	0.116534	0.000032
褋芯褋褌邪胁谢褟褌褜	0.000549	2.525729	0.001387
褋芯褌械泄薪懈泻	0.000274	4.605170	0.001264
褋芯褍褋	0.007960	0.040822	0.000325
褋芯褏褉邪薪褟褌褜	0.000274	0.040822	0.000011
褋芯褑褋械褌褜	0.000274	0.040822	0.000011
褋芯褔械褌邪薪懈械	0.000274	0.105361	0.000029
褋芯褔械褌邪褌褜	0.000274	2.525729	0.000693
褋芯褔薪褘泄	0.000274	0.116534	0.000032
褋锌邪褋懈斜芯	0.000274	0.673345	0.000185
褋锌械褌褜	0.000274	0.116534	0.000032
褋锌械褑懈邪谢褜薪褘泄	0.000274	0.094311	0.000026
褋锌械褑懈褟	0.000823	0.094311	0.000078
褋锌械褑锌褉芯械泻褌	0.009058	0.116534	0.001056
褋锌懈褋芯泻	0.000274	0.116534	0.000032
褋锌芯褋芯斜	0.000274	0.891598	0.000245
褋锌褉邪褕懈胁邪褌褜	0.000274	2.995732	0.000822
褋褉械写懈蟹械屑薪芯屑芯褉褋泻懈泄	0.000274	0.127833	0.000035
褋褌邪褉褘泄	0.000274	0.261365	0.000072
褋褌邪褌褜褟	0.000274	0.061875	0.000017
褋褌械泄泻	0.000274	2.813411	0.000772
褋褌懈谢褜	0.000549	0.116534	0.000064
褋褌芯懈褌褜	0.000274	1.714798	0.000471
褋褌芯谢	0.003019	0.105361	0.000318
褋褌褉邪薪邪	0.000549	1.832581	0.001006
褋褌褉邪褕薪褘泄	0.000274	4.605170	0.001264
褋褌褉芯懈褌械谢褜褋褌胁芯	0.000549	0.040822	0.000022
褋褌褉芯懈褌褜	0.000274	0.040822	0.000011
褋褌褉芯泄薪褘泄	0.000274	0.116534	0.000032
褋褍斜锌褉芯写褍泻褌	0.002745	0.116534	0.000320
褋褍锌	0.005215	0.040822	0.000213
褋褍褎谢械	0.000823	0.040822	0.000034
褋褍褏邪褉褜	0.001372	0.040822	0.000056
褋褍褕懈屑邪薪泻邪	0.000274	4.605170	0.001264
褋褍褕懈褌褜	0.001372	0.040822	0.000056
褋褘褉	0.006862	0.040822	0.000280
褋褘褉薪懈泻	0.000823	0.040822	0.000034
褋褘褉薪褘泄	0.001098	0.040822	0.000045
褋褘褌薪褘泄	0.000549	0.105361	0.000058
褋褘褔褍卸薪褘泄	0.000274	0.127833	0.000035
褋褝薪写胁懈褔	0.000274	0.127833	0.000035
褋褞褉锌褉懈蟹	0.000274	0.116534	0.000032
褋褟泻	0.000549	4.605170	0.002528
褋褢屑谐邪	0.001921	0.040822	0.000078
褌邪斜邪褋泻芯	0.000549	3.912023	0.002148
褌邪写卸懈泻褋泻懈泄	0.000274	0.116534	0.000032
褌邪械褑	0.000549	3.506558	0.001925
褌邪懈谢邪薪写	0.000549	3.506558	0.001925
褌邪泄褋泻懈泄	0.000549	0.116534	0.000064
褌邪泻懈	0.000274	1.237874	0.000340
褌邪褉褌	0.000274	0.116534	0.000032
褌邪褉褌邪谢械褌泻邪	0.000549	0.040822	0.000022
褌邪褌邪褉褋泻懈泄	0.000274	0.116534	0.000032
褌胁芯泄	0.000549	0.116534	0.000064
褌胁芯褉懈褌褜	0.000274	0.116534	0.000032
褌胁芯褉芯谐	0.000823	0.040822	0.000034
褌胁芯褉芯卸薪褘泄	0.001098	0.094311	0.000104
褌胁褢褉写褘泄	0.001647	0.544727	0.000897
褌械谢械谐褉邪屑	0.000274	0.040822	0.000011
褌械谢褟褌懈薪邪	0.001098	0.116534	0.000128
褌械屑	0.000274	0.967584	0.000266
褌械屑邪褉褜	0.000549	4.605170	0.002528
褌械屑锌褍褉	0.000823	4.605170	0.003792
褌械锌械褉褜	0.000549	0.916291	0.000503
褌械锌谢芯	0.000274	0.116534	0.000032
褌械褉褉懈薪邪	0.000274	0.040822	0.000011
褌械褋褌	0.003294	0.105361	0.000347
褌械褋褌芯	0.003019	0.040822	0.000123
褌械褌邪	0.000549	4.605170	0.002528
褌械褏薪懈泻邪	0.001372	0.105361	0.000145
褌屑	0.001098	0.127833	0.000140
褌芯锌谢褢薪褘泄	0.000274	0.116534	0.000032
褌芯褉褌	0.006588	0.040822	0.000269
褌褉邪胁邪	0.000274	0.094311	0.000026
褌褉邪写懈褑懈褟	0.001647	0.116534	0.000192
褌褉芯锌懈褔械褋泻懈泄	0.000274	3.912023	0.001074
褌褉褍斜芯褔泻邪	0.000274	0.040822	0.000011
褌褉褢褏谢械褌懈械	0.000274	0.116534	0.000032
褌褍薪械褑	0.000549	0.105361	0.000058
褌褍薪懈褋褋泻懈泄	0.000274	0.116534	0.000032
褌褍褉械褑泻懈泄	0.000274	0.116534	0.000032
褌褍褕械薪懈械	0.000274	3.912023	0.001074
褌褍褕懈褌褜褋褟	0.000274	4.605170	0.001264
褌褘泻胁邪	0.000274	0.040822	0.000011
褌褘褋褟褔邪	0.000274	3.218876	0.000884
褌褢褖懈薪	0.000274	0.040822	0.000011
褍胁械写芯屑谢械薪懈械	0.000274	0.040822	0.000011
褍胁懈写械褌褜	0.000274	1.203973	0.000330
褍谐芯褋褌懈褌褜	0.000274	1.660731	0.000456
褍写邪褔薪褘泄	0.000274	0.116534	0.000032
褍写懈胁懈褌械谢褜薪褘泄	0.000274	3.218876	0.000884
褍写懈胁懈褌褜	0.000549	0.116534	0.000064
褍写懈胁谢褟褌褜	0.001098	0.116534	0.000128
褍写芯胁芯谢褜褋褌胁懈械	0.000823	0.116534	0.000096
褍卸	0.000274	0.693147	0.000190
褍卸懈薪	0.001921	0.094311	0.000181
褍卸懈薪邪褌褜	0.000274	3.506558	0.000963
褍蟹斜械泻褋泻懈泄	0.000274	0.116534	0.000032
褍蟹薪邪胁邪褌褜	0.000274	3.218876	0.000884
褍泻褉邪懈薪褋泻懈泄	0.000274	0.116534	0.000032
褍泻褉邪褋懈褌褜	0.000549	1.514128	0.000831
褍泻褉邪褕械薪懈械	0.002196	0.116534	0.000256
褍泻褉芯锌	0.000823	0.562119	0.000463
褍泻褋褍褋	0.000549	0.562119	0.000309
褍谢械褌械褌褜	0.000274	4.605170	0.001264
褍谢褘斜泻邪	0.000549	3.506558	0.001925
褍谢褢褌薪褘泄	0.000274	3.912023	0.001074
褍锌芯褌褉械斜谢械薪懈械	0.000274	0.116534	0.000032
褍锌芯褌褉械斜谢褟褌褜	0.000274	2.207275	0.000606
褍褉邪谢褜褋泻懈泄	0.000274	0.116534	0.000032
褍褉芯卸邪泄	0.000274	0.105361	0.000029
褍褌泻邪	0.000823	0.116534	0.000096
褍褏芯	0.000274	0.040822	0.000011
褍褔邪褋褌胁芯胁邪褌褜	0.000274	0.040822	0.000011
褎邪蟹械薪写邪	0.000274	0.116534	0.000032
褎邪薪褌邪蟹懈褟	0.002196	0.116534	0.000256
褎邪褉褕	0.003568	0.040822	0.000146
褎邪褉褕懈褉芯胁邪薪薪褘泄	0.001647	0.040822	0.000067
褎邪褋芯谢褜	0.000274	0.040822	0.000011
褎械胁褉邪谢褜	0.000549	0.094311	0.000052
褎械泄械褉胁械褉泻	0.000549	0.116534	0.000064
褎懈谐褍褉邪	0.000274	0.116534	0.000032
褎懈薪褋泻懈泄	0.000274	0.116534	0.000032
褎懈褉屑械薪薪褘泄	0.000549	0.116534	0.000064
褎芯薪写褞	0.000274	0.040822	0.000011
褎芯褉屑邪	0.000274	0.105361	0.000029
褎芯褉褌	0.000274	4.605170	0.001264
褎芯褉褍屑	0.000549	0.040822	0.000022
褎芯褉褕屑邪泻	0.000274	0.040822	0.000011
褎褉邪薪褑	0.000274	4.605170	0.001264
褎褉邪薪褑懈褟	0.000274	0.116534	0.000032
褎褉邪薪褑褍蟹褋泻懈泄	0.000274	0.094311	0.000026
褎褉邪褍	0.001098	0.116534	0.000128
褎褉褍泻褌	0.001098	0.116534	0.000128
褎褉褍泻褌芯胁褘泄	0.002196	0.040822	0.000090
褎褍写	0.000274	0.116534	0.000032
褎褍褉褕械褌	0.000274	0.116534	0.000032
褏邪谢胁邪	0.000274	0.040822	0.000011
褏邪褉胁械褋褌褎械褋褌	0.000549	0.116534	0.000064
褏邪褉谢械屑	0.000274	4.605170	0.001264
褏邪褉褔芯	0.000549	0.040822	0.000022
褏邪褕	0.000274	0.040822	0.000011
褏胁芯褉芯褋褌	0.000274	0.040822	0.000011
褏懈薪泻邪谢懈	0.000274	0.116534	0.000032
褏懈褌	0.001921	0.116534	0.000224
褏谢械斜	0.001372	0.040822	0.000056
褏谢械斜芯锌械褔泻邪	0.000274	0.116534	0.000032
褏谢芯锌褜褟	0.000549	0.094311	0.000052
褏芯写懈褌褜	0.000274	1.771957	0.000486
褏芯蟹褟懈薪	0.000549	3.218876	0.001767
褏芯蟹褟泄泻邪	0.000549	0.116534	0.000064
褏芯谢芯写械褑	0.000274	0.040822	0.000011
褏芯谢芯写薪芯械	0.000549	0.116534	0.000064
褏芯谢芯写薪褘泄	0.000549	0.116534	0.000064
褏芯褉胁邪褌褋泻懈泄	0.000274	0.116534	0.000032
褏芯褉芯褕懈泄	0.001372	0.040822	0.000056
褏芯褉芯褕芯	0.001372	0.105361	0.000145
褏芯褉褋	0.000274	0.116534	0.000032
褏芯褌械褌褜	0.001098	0.000000	0.000000
褏褉褍褋褌械褌褜	0.000274	0.713350	0.000196
褏褍屑褍褋邪	0.000274	0.040822	0.000011
褑邪褉褋褌胁芯	0.000274	0.127833	0.000035
褑邪褉褜	0.000274	0.116534	0.000032
褑胁械褌薪芯泄	0.000274	0.040822	0.000011
褑械薪薪褘泄	0.000274	0.040822	0.000011
褑械薪褌褉	0.000274	0.116534	0.000032
褔邪械屑褘泄	0.000274	0.116534	0.000032
褔邪泄	0.000823	0.040822	0.000034
褔邪褋褌芯	0.000549	0.994252	0.000546
褔械斜褍褉械泻	0.000549	0.040822	0.000022
褔械谢芯胁械泻	0.000274	0.916291	0.000252
褔械屑	0.000549	0.994252	0.000546
褔械褉泻懈蟹芯胁褘泄	0.000549	0.116534	0.000064
褔械褋薪芯泻	0.002745	0.314711	0.000864
褔械褋薪芯褔薪褘泄	0.000274	1.427116	0.000392
褔械褋褌薪芯泄	0.000274	0.040822	0.000011
褔械褔械胁懈褑邪	0.000274	0.040822	0.000011
褔械褕褋泻懈泄	0.000274	0.116534	0.000032
褔懈蟹泻械泄泻	0.001098	0.040822	0.000045
褔懈谢懈泄褋泻懈泄	0.000274	0.116534	0.000032
褔懈锌褋褘	0.000274	0.040822	0.000011
褔懈褋谢芯	0.000549	0.235722	0.000129
褔褍写芯	0.000274	0.116534	0.000032
褔褍褌芯褔泻褍	0.000274	3.506558	0.000963
褔褢褉薪褘泄	0.002745	0.356675	0.000979
褕邪褉懈泻	0.000549	0.040822	0.000022
褕邪褉谢芯褌泻邪	0.000549	0.040822	0.000022
褕邪褉屑	0.000274	0.116534	0.000032
褕邪褕谢褘泻	0.003568	0.040822	0.000146
褕胁械写褋泻懈泄	0.000274	0.116534	0.000032
褕胁械泄褑邪褉褋泻懈泄	0.000274	0.116534	0.000032
褕械写械胁褉	0.000274	0.116534	0.000032
褕械褎	0.000274	0.127833	0.000035
褕懈锌褍褔泻邪	0.000274	0.040822	0.000011
褕懈褉芯泻懈泄	0.000274	0.127833	0.000035
褕泻芯谢邪	0.000274	0.116534	0.000032
褕芯泻芯谢邪写	0.000274	0.040822	0.000011
褕芯褌谢邪薪写褋泻懈泄	0.000274	0.116534	0.000032
褕褌褉褍写械谢褜	0.000274	0.040822	0.000011
褕褌褍褔泻邪	0.000274	2.040221	0.000560
褕褍褉锌邪	0.000274	0.040822	0.000011
褖械写褉褘泄	0.000274	0.116534	0.000032
褖懈	0.000549	0.040822	0.000022
褝泻芯屑懈谢泻	0.000274	0.127833	0.000035
褝褋褌芯薪褋泻懈泄	0.000274	0.116534	0.000032
褞谐芯褋谢邪胁褋泻懈泄	0.000274	0.116534	0.000032
褟斜谢芯泻芯	0.000549	1.237874	0.000680
褟谐芯写薪褘泄	0.001098	0.105361	0.000116
褟蟹褘泻	0.000274	0.040822	0.000011
褟懈褔薪懈褑邪	0.000274	2.659260	0.000730
褟懈褔薪褘泄	0.000549	0.941609	0.000517
褟泄褑芯	0.007411	0.040822	0.000303
褟薪胁邪褉褜	0.000274	0.733969	0.000201
褟薪写械泻褋	0.000274	0.072571	0.000020
褟锌芯薪褋泻懈泄	0.000549	0.051293	0.000028
褟褉泻懈泄	0.000549	0.116534	0.000064
褟褉泻芯	0.000274	0.105361	0.000029
