谢械屑屑邪	TF	IDF	TF-IDF
邪斜褋芯谢褞褌薪芯	0.000289	1.832581	0.000529
邪斜褏邪蟹褋泻懈泄	0.000289	0.116534	0.000034
邪胁谐褍褋褌	0.000289	0.843970	0.000244
邪胁褋褌褉邪谢懈泄褋泻懈泄	0.000289	0.116534	0.000034
邪胁褋褌褉懈泄褋泻懈泄	0.000289	0.116534	0.000034
邪胁褌芯泻谢邪胁	0.000289	0.116534	0.000034
邪胁褌芯褉	0.000289	0.040822	0.000012
邪谐褉芯	0.000289	0.116534	0.000034
邪写卸懈泻邪	0.000289	0.040822	0.000012
邪卸褍褉	0.000289	2.525729	0.000729
邪蟹	0.000289	0.127833	0.000037
邪蟹械褉斜邪泄写卸邪薪褋泻懈泄	0.000289	0.116534	0.000034
邪蟹懈邪褌褋泻懈泄	0.000289	0.127833	0.000037
邪泄褉邪薪	0.000289	0.040822	0.000012
邪泻胁邪褌懈泻	0.000866	0.127833	0.000111
邪泻褌懈胁薪褘泄	0.000289	3.912023	0.001129
邪谢械泻褋械泄	0.000289	0.127833	0.000037
邪谢泻芯谐芯谢褜	0.000866	0.116534	0.000101
邪谢泻芯谐芯谢褜薪褘泄	0.000289	0.116534	0.000034
邪谢褜褟薪褋	0.000289	0.116534	0.000034
邪屑械褉懈泻邪	0.000289	2.207275	0.000637
邪屑械褉懈泻邪薪褋泻懈泄	0.000866	0.116534	0.000101
邪薪谐谢懈泄褋泻懈泄	0.000289	0.116534	0.000034
邪薪写褉械泄	0.000289	0.127833	0.000037
邪锌褉械谢褜	0.000577	0.544727	0.000315
邪褉邪斜褋泻懈泄	0.000289	0.116534	0.000034
邪褉谐械薪褌懈薪褋泻懈泄	0.000289	0.116534	0.000034
邪褉屑褟薪褋泻懈泄	0.000289	0.116534	0.000034
邪褉芯屑邪褌	0.000289	0.820981	0.000237
邪褋褋芯褉褌懈	0.000577	0.116534	0.000067
邪褌谢邪薪褌	0.000289	0.116534	0.000034
邪褎谐邪薪褋泻懈泄	0.000289	0.116534	0.000034
邪褎褉懈泻邪薪褋泻懈泄	0.000289	0.116534	0.000034
邪褝褉芯谐褉懈谢褜	0.002887	0.116534	0.000336
斜邪斜懈褔	0.000289	1.514128	0.000437
斜邪泻谢邪卸邪薪	0.000289	0.040822	0.000012
斜邪谢褌泻芯屑邪	0.000289	0.127833	0.000037
斜邪褉邪薪懈薪邪	0.001155	0.116534	0.000135
斜邪褋屑邪褌懈	0.000577	0.127833	0.000074
斜邪褋褌褍褉屑	0.000866	0.040822	0.000035
斜邪褋褌褍褉屑邪	0.000866	0.040822	0.000035
斜邪褌芯薪褔懈泻	0.000289	0.127833	0.000037
斜邪褕泻懈褉褋泻懈泄	0.000289	0.116534	0.000034
斜械蟹邪谢泻芯谐芯谢褜薪褘泄	0.000289	0.116534	0.000034
斜械蟹谐谢褞褌械薪芯胁芯械	0.000289	0.116534	0.000034
斜械蟹械	0.001155	0.040822	0.000047
斜械谢械斜械械胁褋泻懈泄	0.000577	0.116534	0.000067
斜械谢芯泻芯褔邪薪薪褘泄	0.001155	0.967584	0.001117
斜械谢芯褉褍褋褋泻懈泄	0.000289	0.116534	0.000034
斜械谢褜谐懈泄褋泻懈泄	0.000289	0.116534	0.000034
斜械褉械屑械薪薪邪褟	0.000289	0.116534	0.000034
斜械褋械写懈薪	0.000289	0.127833	0.000037
斜械褋锌芯写芯斜薪褘泄	0.000289	1.560648	0.000451
斜懈褋泻胁懈褌	0.000866	0.040822	0.000035
斜懈褋泻胁懈褌薪褘泄	0.000866	0.105361	0.000091
斜谢邪谐芯写邪褉褟	0.000577	1.897120	0.001095
斜谢懈蟹泻懈泄	0.000577	0.116534	0.000067
斜谢懈薪	0.001732	0.040822	0.000071
斜谢褞写芯	0.031755	0.040822	0.001296
斜芯斜芯胁褘泄	0.002309	0.116534	0.000269
斜芯谢谐邪褉褋泻懈泄	0.001155	0.116534	0.000135
斜芯谢褜薪芯	0.000289	1.966113	0.000568
斜芯谢褜褕芯泄	0.002021	0.094311	0.000191
斜芯褉褖	0.000577	0.040822	0.000024
斜芯褌胁懈薪褜褟	0.000289	0.040822	0.000012
斜芯褟褌褜褋褟	0.000289	2.659260	0.000768
斜褉邪蟹懈谢褜褋泻懈泄	0.000289	0.116534	0.000034
斜褉邪褍蟹械褉	0.000289	0.040822	0.000012
斜褉邪褍薪懈	0.000289	0.040822	0.000012
斜褉械褋褌	0.000289	0.127833	0.000037
斜褉芯泻泻芯谢懈	0.000289	0.040822	0.000012
斜褍卸械薪懈薪邪	0.000289	0.040822	0.000012
斜褍谢芯褔泻邪	0.000866	0.040822	0.000035
斜褍谢褜芯薪	0.003176	0.040822	0.000130
斜褍褉谐械褉	0.000577	0.040822	0.000024
斜褍褉褟褌褋泻懈泄	0.000289	0.116534	0.000034
斜褍褌械褉斜褉芯写	0.001732	0.040822	0.000071
斜褘褋褌褉芯	0.001155	0.094311	0.000109
斜褘褋褌褉褘泄	0.001155	0.094311	0.000109
胁邪卸薪褘泄	0.000289	0.116534	0.000034
胁邪谢谢懈泄褋泻懈泄	0.000289	0.116534	0.000034
胁邪薪懈谢褜薪褘泄	0.000577	1.347074	0.000778
胁邪褉械薪懈械	0.000577	0.040822	0.000024
胁邪褉械薪懈泻	0.000866	0.116534	0.000101
胁邪褉懈邪薪褌	0.000289	0.356675	0.000103
胁邪褉泻邪	0.000289	1.832581	0.000529
胁邪褌褉褍褕泻邪	0.000289	0.040822	0.000012
胁邪褎谢褟	0.000577	0.040822	0.000024
胁邪褕	0.001155	0.000000	0.000000
胁胁芯写懈褌褜	0.000289	0.040822	0.000012
胁写芯褏薪芯胁械薪懈械	0.001732	0.116534	0.000202
胁写芯褏薪芯胁谢褟褌褜褋褟	0.000289	0.116534	0.000034
胁械谐械褌邪褉懈邪薪褋泻懈泄	0.000577	0.116534	0.000067
胁械泻	0.000289	2.120264	0.000612
胁械谢懈泻懈泄	0.000577	0.116534	0.000067
胁械谢懈泻芯谢械锌薪械泄褕械懈泄	0.000289	2.659260	0.000768
胁械谢懈泻芯谢械锌薪褘泄	0.000289	1.427116	0.000412
胁械薪谐械褉褋泻懈泄	0.000289	0.116534	0.000034
胁械褋械薪薪懈泄	0.000289	0.051293	0.000015
胁械褋薪邪	0.001732	0.116534	0.000202
胁械褌褔懈薪邪	0.000866	0.094311	0.000082
胁蟹斜懈胁邪褌褜	0.000289	2.995732	0.000865
胁蟹谐谢褟写	0.000866	1.427116	0.001236
胁懈写	0.000289	0.776529	0.000224
胁懈写械芯	0.000577	0.116534	0.000067
胁懈写械芯褉械褑械锌褌	0.000289	0.301105	0.000087
胁懈薪芯	0.000577	0.040822	0.000024
胁泻谢褞褔邪褌褜	0.000289	0.634878	0.000183
胁泻褍褋	0.004330	0.105361	0.000456
胁泻褍褋薪芯	0.001155	0.094311	0.000109
胁泻褍褋薪褘泄	0.003753	0.061875	0.000232
胁谢褞斜懈褌褜	0.000289	0.116534	0.000034
胁谢褞斜懈褌褜褋褟	0.000289	1.386294	0.000400
胁薪邪褔邪谢械	0.001155	0.248461	0.000287
胁芯写邪	0.003753	0.094311	0.000354
胁芯泄褌懈	0.000289	0.000000	0.000000
胁芯谢薪芯胁邪褌褜	0.000289	2.407946	0.000695
胁芯谢芯胁邪薪	0.000289	0.116534	0.000034
胁芯谢褕械斜薪褘泄	0.000289	0.116534	0.000034
胁芯谢褕械斜褋褌胁芯	0.000577	0.116534	0.000067
胁芯锌褉芯褋	0.000289	0.000000	0.000000
胁芯褋褌芯褔薪褘泄	0.000289	0.127833	0.000037
胁锌械褉胁褘械	0.000289	1.560648	0.000451
胁褉邪褌褜	0.000289	2.407946	0.000695
胁褉械屑褟	0.002598	0.105361	0.000274
胁褋锌芯屑薪懈褌褜	0.000289	0.040822	0.000012
胁褌芯褉芯械	0.000289	0.116534	0.000034
胁褌芯褉芯泄	0.000289	0.116534	0.000034
胁褏芯写	0.000866	0.030459	0.000026
胁褘谐谢褟写械褌褜	0.000289	1.469676	0.000424
胁褘泄褌懈	0.000289	0.040822	0.000012
胁褘锌械褔泻邪	0.007217	0.040822	0.000295
胁褘锌褉芯褋懈褌褜	0.000289	2.525729	0.000729
胁褘褉褍褔邪谢芯褔泻邪	0.000289	1.560648	0.000451
胁褜械褌薪邪屑褋泻懈泄	0.000289	0.116534	0.000034
谐邪胁邪泄褋泻懈泄	0.000289	0.116534	0.000034
谐邪蟹械褌邪	0.000289	2.207275	0.000637
谐邪褉邪卸	0.000289	1.078810	0.000311
谐邪褉薪懈褉	0.001443	0.040822	0.000059
谐邪褋锌邪褔芯	0.000289	0.040822	0.000012
谐械芯谐褉邪褎懈褟	0.000289	0.116534	0.000034
谐谢邪胁薪褘泄	0.000289	0.040822	0.000012
谐谢邪蟹褍褉褜	0.000866	0.040822	0.000035
谐谢懈薪褌胁械泄薪	0.000289	0.040822	0.000012
谐薪械蟹写芯	0.000289	2.207275	0.000637
谐芯胁褟写懈薪邪	0.001155	0.116534	0.000135
谐芯写	0.007794	0.083382	0.000650
谐芯谢谢邪薪写褋泻懈泄	0.000289	0.116534	0.000034
谐芯褉芯写	0.000289	0.116534	0.000034
谐芯褉芯褏	0.000289	0.116534	0.000034
谐芯褉褔懈褑邪	0.001443	0.040822	0.000059
谐芯褉褕芯褔械泻	0.000577	0.040822	0.000024
谐芯褉褟褔械械	0.000577	0.116534	0.000067
谐芯褉褟褔懈泄	0.012702	0.105361	0.001338
谐芯褋褌褜	0.000289	0.116534	0.000034
谐芯褌芯胁懈褌褜	0.005485	0.083382	0.000457
谐芯褌芯胁懈褌褜褋褟	0.001155	0.371064	0.000428
谐芯褌芯胁褘泄	0.001155	0.755023	0.000872
谐褉械薪泻邪	0.000577	0.040822	0.000024
谐褉械褔械褋泻懈泄	0.000289	0.116534	0.000034
谐褉械褔泻邪	0.000289	0.040822	0.000012
谐褉懈斜	0.002887	0.040822	0.000118
谐褉懈斜薪芯泄	0.000577	0.040822	0.000024
谐褉懈谢褜	0.002887	0.105361	0.000304
谐褉懈谢褜屑邪薪懈褟	0.000289	0.116534	0.000034
谐褉芯谐	0.000289	0.040822	0.000012
谐褉褍写泻邪	0.000577	0.967584	0.000559
谐褉褍蟹懈薪褋泻懈泄	0.000289	0.116534	0.000034
谐褉褍锌锌邪	0.000289	0.061875	0.000018
谐褍褉屑	0.000289	0.127833	0.000037
谐褍褉屑邪薪懈褟	0.001732	0.116534	0.000202
谐褍褋褜	0.000577	0.105361	0.000061
写邪胁邪褌褜	0.000289	0.040822	0.000012
写邪胁薪芯	0.000577	0.967584	0.000559
写邪胁薪褘泄	0.000289	2.407946	0.000695
写邪薪薪褘械	0.000289	0.040822	0.000012
写邪褉	0.000289	0.116534	0.000034
写邪褌邪	0.000577	0.248461	0.000143
写邪褌褋泻懈泄	0.000289	0.116534	0.000034
写邪褌褜	0.000289	0.040822	0.000012
写邪褔薪褘泄	0.000866	0.116534	0.000101
写胁械褉褜	0.000289	2.302585	0.000665
写械泻邪斜褉褜	0.000289	0.597837	0.000173
写械泻芯褉	0.000289	0.127833	0.000037
写械谢邪褌褜	0.001155	0.083382	0.000096
写械谢邪褌褜褋褟	0.000577	1.203973	0.000695
写械谢懈褌褜褋褟	0.000289	0.040822	0.000012
写械谢芯	0.000289	0.105361	0.000030
写械薪褜	0.002021	0.040822	0.000082
写械锌褉械褋褋懈褟	0.000289	2.302585	0.000665
写械褉卸邪褌褜褋褟	0.000289	2.302585	0.000665
写械褋械褉褌	0.004908	0.040822	0.000200
写械褋械褉褌邪褑懈褟	0.000289	0.116534	0.000034
写械褋械褉褌薪褘泄	0.000289	0.116534	0.000034
写卸械屑	0.000289	0.040822	0.000012
写卸械屑邪	0.000289	0.040822	0.000012
写蟹械薪	0.000289	0.116534	0.000034
写懈械褌邪	0.000577	0.094311	0.000054
写懈泻懈泄	0.000866	0.116534	0.000101
写懈锌	0.000289	0.116534	0.000034
写懈褔褜	0.000866	0.116534	0.000101
写谢懈褌械谢褜薪褘泄	0.000289	2.207275	0.000637
写薪械胁薪懈泻	0.000289	0.061875	0.000018
写芯斜邪胁懈褌褜	0.000289	0.083382	0.000024
写芯斜邪胁谢械薪懈械	0.000289	0.223144	0.000064
写芯斜邪胁谢褟褌褜	0.000289	0.040822	0.000012
写芯斜褉芯褎谢芯褌	0.000289	0.127833	0.000037
写芯胁械褉褟褌褜	0.000289	0.116534	0.000034
写芯谢卸薪褘泄	0.001443	1.078810	0.001557
写芯屑	0.003464	0.040822	0.000141
写芯屑邪褕薪懈泄	0.004042	0.040822	0.000165
写芯屑芯褏芯蟹褟泄泻邪	0.000289	2.302585	0.000665
写芯褉芯谐芯泄	0.000289	1.139434	0.000329
写芯褋褌芯懈薪褋褌胁芯	0.000289	2.120264	0.000612
写褉邪泄胁	0.001443	0.127833	0.000185
写褉芯卸卸械胁芯泄	0.000866	0.116534	0.000101
写褉芯卸卸懈	0.001732	0.916291	0.001587
写褍屑邪褌褜	0.000577	0.634878	0.000367
写褍褏芯胁泻邪	0.001155	0.105361	0.000122
写褍褕邪	0.000866	0.105361	0.000091
械胁褉械泄褋泻懈泄	0.000289	0.116534	0.000034
械谐懈锌械褌褋泻懈泄	0.000289	0.116534	0.000034
械写懈薪褘泄	0.000289	0.000000	0.000000
械卸械谐芯写薪芯	0.000289	2.407946	0.000695
械泻芯	0.000289	0.127833	0.000037
卸邪褉泻芯械	0.000289	0.040822	0.000012
卸械谢邪薪懈械	0.000289	1.771957	0.000512
卸械谢械	0.000866	0.040822	0.000035
卸械薪褋泻懈泄	0.000577	0.020203	0.000012
卸械薪褖懈薪邪	0.000577	0.061875	0.000036
卸懈蟹薪褜	0.000577	0.040822	0.000024
卸懈褉薪褘泄	0.000289	2.207275	0.000637
卸褍谢褜械薪	0.000289	0.040822	0.000012
卸褍褉薪邪谢	0.000577	0.072571	0.000042
卸褞谢褜械薪	0.000289	0.040822	0.000012
卸褞谢褜薪褘泄	0.000289	0.040822	0.000012
蟹邪斜褘褌褜	0.000289	2.040221	0.000589
蟹邪胁邪褉薪芯泄	0.000866	0.116534	0.000101
蟹邪胁懈褋械褌褜	0.000289	2.120264	0.000612
蟹邪胁褌褉邪泻	0.002309	0.094311	0.000218
蟹邪谐芯褌芯胁泻邪	0.001155	0.040822	0.000047
蟹邪写邪胁邪褌褜	0.000289	0.040822	0.000012
蟹邪懈薪褌械褉械褋芯胁邪褌褜	0.000289	1.966113	0.000568
蟹邪泻胁邪褋泻邪	0.000866	0.040822	0.000035
蟹邪泻褉褘褌褘泄	0.000289	0.116534	0.000034
蟹邪泻褍褋泻邪	0.006062	0.040822	0.000247
蟹邪泻褍褋芯薪褔懈泻	0.000289	0.116534	0.000034
蟹邪泻褍褋芯褔泻邪	0.000289	0.116534	0.000034
蟹邪泻褍褋芯褔薪邪褟	0.002598	0.116534	0.000303
蟹邪谢邪屑懈薪懈褉芯胁邪褌褜	0.000289	2.407946	0.000695
蟹邪谢懈胁薪芯械	0.000577	0.040822	0.000024
蟹邪屑械褋	0.000289	2.302585	0.000665
蟹邪屑械褔邪褌械谢褜薪褘泄	0.000289	0.713350	0.000206
蟹邪屑芯褉芯蟹懈褌褜	0.000289	2.302585	0.000665
蟹邪屑芯褉芯蟹泻邪	0.000289	0.105361	0.000030
蟹邪锌邪写	0.000289	0.116534	0.000034
蟹邪锌械泻邪薪懈械	0.000289	1.514128	0.000437
蟹邪锌械泻邪薪泻邪	0.003176	0.040822	0.000130
蟹邪锌褉邪胁泻邪	0.000577	0.040822	0.000024
蟹邪褉械谐懈褋褌褉懈褉芯胁邪褌褜褋褟	0.000577	0.030459	0.000018
蟹邪褋芯谢泻邪	0.000289	0.116534	0.000034
蟹邪褟胁谢褟褌褜	0.000289	1.771957	0.000512
蟹邪褟褑	0.000577	0.116534	0.000067
蟹胁邪薪褘泄	0.000289	0.127833	0.000037
蟹胁械蟹写邪	0.000289	0.116534	0.000034
蟹胁褢蟹写薪褘泄	0.000289	0.116534	0.000034
蟹写芯褉芯胁褘泄	0.000577	0.116534	0.000067
蟹械谢械薪褜	0.001155	0.094311	0.000109
蟹械谢褢薪褘泄	0.000577	0.820981	0.000474
蟹械褎懈褉	0.000289	0.040822	0.000012
蟹懈屑邪	0.001155	0.040822	0.000047
蟹懈屑薪懈泄	0.000289	0.051293	0.000015
蟹薪邪褌褜	0.000866	0.462035	0.000400
蟹芯谢芯褌芯泄	0.000289	0.116534	0.000034
蟹褉邪蟹邪	0.000289	2.040221	0.000589
懈胁邪薪芯胁	0.000289	0.127833	0.000037
懈写械邪谢褜薪芯	0.000289	1.514128	0.000437
懈写械邪谢褜薪褘泄	0.002021	0.116534	0.000235
懈写械泄泻邪	0.000289	0.116534	0.000034
懈蟹胁械褋褌薪褘泄	0.000289	1.049822	0.000303
懈蟹写械谢懈械	0.004330	0.116534	0.000505
懈泻褉邪	0.000866	0.040822	0.000035
懈屑械褌褜	0.000289	1.171183	0.000338
懈屑褟	0.000289	0.030459	0.000009
懈薪邪褔械	0.000289	1.897120	0.000548
懈薪胁械褉褌芯褉薪褘泄	0.000289	0.127833	0.000037
懈薪谐褉械写懈械薪褌	0.008949	0.139262	0.001246
懈薪写械泄泻邪	0.001732	0.094311	0.000163
懈薪写懈泄褋泻懈泄	0.000289	0.116534	0.000034
懈薪写懈谢邪泄褌邪	0.000866	0.116534	0.000101
懈薪写懈褉械褋薪褘泄	0.000289	0.116534	0.000034
懈薪械褌	0.000577	1.771957	0.001023
懈薪褋褌褉褍泻褑懈褟	0.000289	0.030459	0.000009
懈薪褌械褉薪械褌	0.000289	0.967584	0.000279
懈褉邪泻褋泻懈泄	0.000289	0.116534	0.000034
懈褉邪薪褋泻懈泄	0.000289	0.116534	0.000034
懈褉谢邪薪写褋泻懈泄	0.000289	0.116534	0.000034
懈褉褉械蟹邪	0.000289	1.347074	0.000389
懈褋泻谢褞褔懈褌械谢褜薪褘泄	0.000289	3.506558	0.001012
懈褋泻褉械薪薪械	0.000289	0.116534	0.000034
懈褋谢邪薪写褋泻懈泄	0.000289	0.116534	0.000034
懈褋锌邪薪褋泻懈泄	0.000289	0.116534	0.000034
懈褋锌械褔褜	0.000289	0.105361	0.000030
懈褋锌褘褌褘胁邪褌褜	0.000289	2.407946	0.000695
懈褋褌芯褉懈褟	0.001732	0.116534	0.000202
懈褌邪谢懈褟	0.000577	0.105361	0.000061
懈褌邪谢褜褟薪褋泻懈泄	0.000289	0.105361	0.000030
懈褞谢褜	0.000289	0.579818	0.000167
懈褞薪褜	0.000289	0.562119	0.000162
泄芯谐褍褉褌	0.000866	0.040822	0.000035
泄芯褉泻	0.000289	2.407946	0.000695
泻邪斜邪褔芯泻	0.000289	0.040822	0.000012
泻邪胁泻邪蟹褋泻懈泄	0.000289	0.116534	0.000034
泻邪蟹邪薪	0.000289	0.116534	0.000034
泻邪蟹邪褌褜褋褟	0.000289	1.139434	0.000329
泻邪蟹邪褏褋泻懈泄	0.000289	0.116534	0.000034
泻邪泻邪芯	0.001155	0.040822	0.000047
泻邪谢械泄写芯褋泻芯锌	0.001155	0.116534	0.000135
泻邪谢屑褘褑泻懈泄	0.000289	0.116534	0.000034
泻邪谢褜屑邪褉	0.000289	0.040822	0.000012
泻邪谢褜褑芯薪	0.000289	2.813411	0.000812
泻邪屑械褉邪	0.000289	0.116534	0.000034
泻邪薪邪写褋泻懈泄	0.000289	0.116534	0.000034
泻邪薪邪谢	0.000866	0.040822	0.000035
泻邪薪邪锌械	0.000577	0.040822	0.000024
泻邪锌褍褋褌邪	0.002309	0.040822	0.000094
泻邪锌褍褋褌薪褘泄	0.000289	1.609438	0.000465
泻邪锌褍褋褌薪褟泻	0.000289	0.040822	0.000012
泻邪褉邪屑械谢褜	0.000289	0.040822	0.000012
泻邪褉泻邪褋薪褘泄	0.001155	0.116534	0.000135
泻邪褉褌芯褎械谢褜	0.001732	0.040822	0.000071
泻邪褉褌芯褎械谢褜薪褘泄	0.000577	0.040822	0.000024
泻邪褉褌芯褕泻邪	0.000577	0.040822	0.000024
泻邪褌械谐芯褉懈褟	0.004619	0.116534	0.000538
泻邪褔械褋褌胁芯	0.000577	0.105361	0.000061
泻邪褕邪	0.002021	0.040822	0.000082
泻胁邪褋	0.001155	0.040822	0.000047
泻胁邪褋薪芯泄	0.000866	0.116534	0.000101
泻械泻褋	0.000866	0.040822	0.000035
泻械褌褔褍锌	0.000577	1.469676	0.000849
泻械褎懈褉	0.000866	0.040822	0.000035
泻懈屑褔邪褌褜	0.000289	0.040822	0.000012
泻懈薪芯邪	0.000577	0.127833	0.000074
泻懈薪芯谢械薪褌邪	0.000289	0.116534	0.000034
泻懈褋械谢褜	0.000577	0.040822	0.000024
泻懈褌邪泄褋泻懈泄	0.000289	0.116534	0.000034
泻谢邪褋褋	0.002598	0.116534	0.000303
泻谢邪褋褋懈褔械褋泻懈泄	0.000289	1.427116	0.000412
泻薪懈谐邪	0.000577	0.040822	0.000024
泻芯泻褌械泄谢褜	0.001732	0.040822	0.000071
泻芯谢斜邪褋邪	0.000577	0.040822	0.000024
泻芯谢斜邪褋薪褘泄	0.000866	0.116534	0.000101
泻芯屑邪薪写邪	0.000577	0.127833	0.000074
泻芯屑懈	0.000289	0.116534	0.000034
泻芯屑屑械薪褌邪褉懈泄	0.000289	0.127833	0.000037
泻芯屑锌邪薪懈褟	0.000289	0.105361	0.000030
泻芯屑锌芯褌	0.000866	0.040822	0.000035
泻芯薪械褔薪芯	0.000289	0.527633	0.000152
泻芯薪懈薪邪	0.000289	0.116534	0.000034
泻芯薪泻褍褉褋	0.062356	0.040822	0.002545
泻芯薪泻褍褉褋薪褘泄	0.000289	0.127833	0.000037
泻芯薪褋械褉胁懈褉芯胁邪薪懈械	0.000289	0.040822	0.000012
泻芯薪褋械褉胁懈褉芯胁邪薪薪褘泄	0.001443	0.116534	0.000168
泻芯薪褎械褌邪	0.000866	0.040822	0.000035
泻芯薪褎械褌褌懈	0.000289	0.116534	0.000034
泻芯薪褎懈写械薪褑懈邪谢褜薪芯褋褌褜	0.000289	0.040822	0.000012
泻芯薪褎懈褌褞褉	0.000289	0.040822	0.000012
泻芯锌褔褢薪芯褋褌褜	0.000289	0.116534	0.000034
泻芯褉械泄褋泻懈	0.000289	0.040822	0.000012
泻芯褉械泄褋泻懈泄	0.000289	0.105361	0.000030
泻芯褉卸	0.000289	2.120264	0.000612
泻芯褉卸懈泻	0.000289	0.040822	0.000012
泻芯褉懈褑邪	0.000577	1.347074	0.000778
泻芯褉屑懈褌褜	0.000289	0.116534	0.000034
泻芯褋褌褢褉	0.000289	2.407946	0.000695
泻芯褌谢械褌邪	0.000866	0.040822	0.000035
泻芯褎械	0.000577	0.040822	0.000024
泻褉邪褋懈胁褘泄	0.000289	0.843970	0.000244
泻褉邪褋泻邪	0.000289	0.116534	0.000034
泻褉械邪褌懈胁	0.000289	0.127833	0.000037
泻褉械屑	0.000866	0.040822	0.000035
泻褉械锌泻懈泄	0.000289	0.116534	0.000034
泻褉芯谢懈泻	0.000577	0.116534	0.000067
泻褉芯屑械	0.000289	0.061875	0.000018
泻褉芯褏邪	0.000289	0.116534	0.000034
泻褉褍谐	0.000577	0.116534	0.000067
泻褉褍锌	0.001732	0.105361	0.000182
泻褉褍锌邪	0.002598	0.116534	0.000303
泻褉褍锌褟薪芯泄	0.000289	0.116534	0.000034
泻褉褘屑	0.000289	2.302585	0.000665
泻褋褌邪褌懈	0.000289	1.237874	0.000357
泻褍斜懈薪褋泻懈泄	0.000289	0.116534	0.000034
泻褍谢械褕	0.000289	0.040822	0.000012
泻褍谢懈薪邪褉懈褟	0.000866	0.094311	0.000082
泻褍谢懈薪邪褉薪褘泄	0.001732	0.000000	0.000000
泻褍谢懈褔	0.000577	0.040822	0.000024
泻褍薪卸褍褌	0.000577	0.994252	0.000574
泻褍褉写褋泻懈泄	0.000289	0.116534	0.000034
泻褍褉懈薪褘泄	0.004908	0.094311	0.000463
泻褍褉懈褑邪	0.001443	0.040822	0.000059
泻褍褉芯褔泻邪	0.000289	0.116534	0.000034
泻褍褋泻褍褋	0.000289	0.040822	0.000012
泻褍褏薪褟	0.002309	0.040822	0.000094
谢邪胁邪褕	0.001732	0.040822	0.000071
谢邪谐屑邪薪	0.000289	0.040822	0.000012
谢邪泻芯屑褋褌胁芯	0.000289	0.116534	0.000034
谢邪锌褕邪	0.000577	0.040822	0.000024
谢邪褋褌芯褔泻懈薪	0.000289	2.302585	0.000665
谢邪褌褘褕褋泻懈泄	0.000289	0.116534	0.000034
谢械谐械薪写邪	0.000289	2.120264	0.000612
谢械谐泻芯	0.002309	0.116534	0.000269
谢械泄褌芯薪	0.000289	4.605170	0.001329
谢械薪懈胁褘泄	0.000289	1.427116	0.000412
谢械锌泻邪	0.000289	2.407946	0.000695
谢械锌褢褕泻邪	0.001443	0.040822	0.000059
谢械褌薪懈泄	0.000577	0.040822	0.000024
谢械褌芯	0.001732	0.116534	0.000202
谢械褔芯	0.000289	0.040822	0.000012
谢懈谐邪	0.000866	0.116534	0.000101
谢懈泻褢褉	0.000289	0.040822	0.000012
谢懈屑芯薪邪写	0.000577	0.040822	0.000024
谢懈屑芯薪薪褘泄	0.000577	0.713350	0.000412
谢懈褌芯胁褋泻	0.000289	0.127833	0.000037
谢懈褌芯胁褋泻懈泄	0.000289	0.116534	0.000034
谢懈褌褜	0.000289	2.995732	0.000865
谢芯锌薪褍褌褜	0.000289	2.407946	0.000695
谢褍泻	0.002309	0.301105	0.000695
谢褞斜懈屑褘泄	0.002309	0.116534	0.000269
谢褞斜懈褌褜	0.000289	0.755023	0.000218
谢褞斜芯胁褜	0.000577	0.105361	0.000061
谢褞斜芯泄	0.000866	0.094311	0.000082
谢褟	0.000289	1.771957	0.000512
谢褢谐泻懈泄	0.001155	0.094311	0.000109
谢褢写	0.000289	0.116534	0.000034
屑邪谐邪蟹懈薪	0.000289	2.302585	0.000665
屑邪谐褉懈斜	0.000289	0.116534	0.000034
屑邪泄	0.000866	0.116534	0.000101
屑邪泄芯薪械蟹	0.002887	0.116534	0.000336
屑邪泻邪褉芯薪薪褘泄	0.000289	0.116534	0.000034
屑邪泻邪褉芯薪褘	0.000289	0.040822	0.000012
屑邪谢邪蟹懈泄褋泻懈泄	0.000289	0.116534	0.000034
屑邪屑邪	0.000289	1.469676	0.000424
屑邪薪薪懈泻	0.000289	0.040822	0.000012
屑邪薪褌邪	0.000289	0.116534	0.000034
屑邪薪褢胁褉	0.000289	0.116534	0.000034
屑邪褉邪褎芯薪	0.000866	0.116534	0.000101
屑邪褉懈薪邪写	0.003464	0.040822	0.000141
屑邪褉懈薪芯胁邪褌褜	0.000289	0.116534	0.000034
屑邪褉屑械谢邪写	0.000289	0.040822	0.000012
屑邪褉芯泻泻邪薪褋泻懈泄	0.000289	0.116534	0.000034
屑邪褉褌	0.002021	0.105361	0.000213
屑邪褋泻邪褉锌芯薪	0.000289	0.040822	0.000012
屑邪褋谢械薪懈褑邪	0.000866	0.040822	0.000035
屑邪褋谢械薪懈褔薪褘泄	0.000289	0.116534	0.000034
屑邪褋谢芯	0.007506	0.105361	0.000791
屑邪褋褌械褉	0.002598	0.116534	0.000303
屑邪褋褌懈泻邪	0.000577	0.040822	0.000024
屑邪褎褎懈薪邪	0.000289	0.116534	0.000034
屑邪褏械械胁褗	0.001155	0.116534	0.000135
屑械写懈邪褎芯褉褌	0.000866	0.000000	0.000000
屑械写芯胁褘泄	0.000289	0.116534	0.000034
屑械泻褋懈泻邪薪褋泻懈泄	0.000289	0.116534	0.000034
屑械薪褞	0.000289	0.116534	0.000034
屑械薪褟褌褜褋褟	0.000289	0.116534	0.000034
屑械褔褌邪	0.000866	0.040822	0.000035
屑懈写懈褟	0.000289	0.040822	0.000012
屑懈泻褉芯胁芯谢薪芯胁泻邪	0.000289	0.105361	0.000030
屑懈谢芯褋褌褜	0.000289	1.897120	0.000548
屑懈谢褜褟	0.000289	0.116534	0.000034
屑懈薪褍褌邪	0.000577	0.544727	0.000315
屑懈芯	0.000289	0.116534	0.000034
屑懈褉	0.000577	0.105361	0.000061
屑懈褉芯胁芯泄	0.000289	0.116534	0.000034
屑懈褋芯	0.000289	0.040822	0.000012
屑懈褋褌械褉懈褟	0.000289	0.116534	0.000034
屑懈褋褌褉邪谢褜	0.002021	0.116534	0.000235
屑薪芯谐芯褋褌褉邪写邪谢褜薪褘泄	0.000289	2.407946	0.000695
屑薪芯谐芯褔懈褋谢械薪薪褘泄	0.000289	2.302585	0.000665
屑薪芯卸械褋褌胁芯	0.000289	0.040822	0.000012
屑芯泄	0.001732	0.083382	0.000144
屑芯谢写邪胁褋泻懈泄	0.000289	0.116534	0.000034
屑芯谢薪懈械薪芯褋薪芯	0.000289	2.407946	0.000695
屑芯谢芯泻芯	0.002887	0.083382	0.000241
屑芯谢芯褔薪褘泄	0.000866	0.040822	0.000035
屑芯屑械薪褌	0.000866	0.105361	0.000091
屑芯薪谐芯谢褜褋泻懈泄	0.000289	0.116534	0.000034
屑芯褉械	0.000289	0.116534	0.000034
屑芯褉械锌褉芯写褍泻褌	0.003753	0.040822	0.000153
屑芯褉泻芯胁褜	0.000866	0.040822	0.000035
屑芯褉芯卸械薪芯械	0.000866	0.040822	0.000035
屑芯褉褋	0.000577	0.040822	0.000024
屑芯褌芯褉	0.000289	0.116534	0.000034
屑芯褏懈褌褘泄	0.000289	0.040822	0.000012
屑芯褔褜	0.000577	0.000000	0.000000
屑褍卸褋泻芯泄	0.000289	0.127833	0.000037
屑褍卸褔懈薪邪	0.000577	0.116534	0.000067
屑褍泻邪	0.006928	0.248461	0.001721
屑褍谢褜褌懈胁邪褉泻邪	0.012413	0.116534	0.001447
屑褍谢褜褌懈锌械泻邪褉褜	0.000866	0.116534	0.000101
屑褍褋褋	0.000289	0.040822	0.000012
屑褍褋褋邪	0.000866	0.040822	0.000035
屑褍褔薪芯泄	0.000289	0.116534	0.000034
屑褞褋谢懈	0.000577	0.116534	0.000067
屑褟谐泻懈泄	0.000289	0.755023	0.000218
屑褟褋薪芯泄	0.004908	0.040822	0.000200
屑褟褋芯	0.007506	0.040822	0.000306
薪邪斜芯褉	0.000289	1.660731	0.000479
薪邪蟹胁邪薪懈械	0.000289	0.562119	0.000162
薪邪蟹胁邪褌褜	0.000289	1.560648	0.000451
薪邪蟹薪邪褔械薪懈械	0.000289	0.116534	0.000034
薪邪泄褌懈	0.000577	0.446287	0.000258
薪邪泻芯薪械褑	0.000289	1.609438	0.000465
薪邪谢懈胁泻邪	0.000289	0.040822	0.000012
薪邪锌械褔邪褌邪褌褜	0.000289	2.407946	0.000695
薪邪锌懈褌芯泻	0.002021	0.040822	0.000082
薪邪褉械蟹泻邪	0.000289	2.813411	0.000812
薪邪褋泻芯谢褜泻芯	0.000577	1.427116	0.000824
薪邪褋谢邪写懈褌褜褋褟	0.000289	2.120264	0.000612
薪邪褋褌芯泄泻邪	0.000289	0.040822	0.000012
薪邪褋褌褉芯械薪懈械	0.000289	0.116534	0.000034
薪邪褌泻薪褍褌褜褋褟	0.000289	1.966113	0.000568
薪邪褑懈芯薪邪谢褜薪褘泄	0.000289	0.116534	0.000034
薪邪褔邪谢芯	0.000577	1.514128	0.000874
薪邪褔懈薪泻邪	0.002021	0.040822	0.000082
薪邪褕	0.000866	0.040822	0.000035
薪械斜褘谢懈褑邪	0.000289	2.407946	0.000695
薪械胁芯蟹屑芯卸薪芯	0.000289	1.347074	0.000389
薪械写械谢褟	0.002887	0.051293	0.000148
薪械卸薪褘泄	0.000577	0.094311	0.000054
薪械屑械褑泻懈泄	0.000289	0.116534	0.000034
薪械屑薪芯谐芯	0.000289	1.203973	0.000348
薪械屑芯泄	0.000289	1.203973	0.000348
薪械芯斜褘褔薪褘泄	0.000577	0.916291	0.000529
薪械芯卸懈写邪薪薪褘泄	0.000289	0.116534	0.000034
薪械锌褉械屑械薪薪芯	0.000289	1.832581	0.000529
薪械褋泻芯谢褜泻芯	0.000866	0.843970	0.000731
薪械褋谢邪写泻懈泄	0.000289	0.116534	0.000034
薪懈泻邪泻芯泄	0.000577	1.203973	0.000695
薪芯胁芯谐芯写薪懈泄	0.006640	0.040822	0.000271
薪芯胁芯褋褌褜	0.000289	0.061875	0.000018
薪芯胁褘泄	0.003464	0.030459	0.000106
薪芯褉胁械卸褋泻懈泄	0.000289	0.116534	0.000034
薪褉邪胁懈褌褜褋褟	0.000289	0.941609	0.000272
薪褌	0.000289	2.659260	0.000768
薪褜褞	0.000289	2.207275	0.000637
芯斜械写	0.000866	0.105361	0.000091
芯斜械蟹褜褟薪邪	0.000289	0.116534	0.000034
芯斜械蟹褜褟薪懈泄	0.000289	2.407946	0.000695
芯斜谢邪写邪褌褜	0.000289	1.660731	0.000479
芯斜薪邪褉褍卸懈褌褜褋褟	0.000289	2.302585	0.000665
芯斜芯卸邪褌褜	0.000289	1.386294	0.000400
芯斜褖邪褌褜褋褟	0.000289	0.040822	0.000012
芯斜褘褔薪褘泄	0.000289	1.386294	0.000400
芯斜褟蟹邪褌褜	0.000289	2.407946	0.000695
芯胁芯褖	0.006062	0.094311	0.000572
芯胁芯褖薪芯泄	0.002598	0.040822	0.000106
芯胁褋褟薪褘泄	0.000289	0.105361	0.000030
芯谐薪械薪薪褘泄	0.000289	0.116534	0.000034
芯谐芯薪褜	0.000289	0.094311	0.000027
芯谐褍褉械褑	0.000577	0.116534	0.000067
芯泻褉芯褕泻邪	0.000866	0.040822	0.000035
芯泻褌褟斜褉褜	0.000577	0.562119	0.000325
芯谢邪写褜褟	0.000866	0.040822	0.000035
芯谢械泄薪芯泄	0.001155	0.116534	0.000135
芯谢械泄薪褘泄	0.001155	0.116534	0.000135
芯谢懈胁泻芯胁褘泄	0.000577	0.544727	0.000315
芯谢褜谐邪	0.000289	1.386294	0.000400
芯屑谢械褌	0.000289	0.040822	0.000012
芯锌邪褉邪	0.000289	0.040822	0.000012
芯锌褉械写械谢褢薪薪褘泄	0.000289	1.832581	0.000529
芯锌褉芯褋	0.000289	0.061875	0.000018
芯褉械褏	0.000577	0.776529	0.000448
芯褋械薪薪懈泄	0.001155	0.051293	0.000059
芯褋械薪褜	0.002887	0.105361	0.000304
芯褋薪芯胁薪褘泄	0.000289	0.040822	0.000012
芯褋褌邪胁邪褌褜褋褟	0.000577	0.116534	0.000067
芯褋褌邪薪芯胁懈褌褜褋褟	0.000289	1.560648	0.000451
芯褌斜懈胁薪芯泄	0.000289	2.120264	0.000612
芯褌胁械褌	0.000577	0.000000	0.000000
芯褌胁械褌懈褌褜	0.000289	0.051293	0.000015
芯褌胁械褌褋褌胁械薪薪芯褋褌褜	0.000289	2.120264	0.000612
芯褌泻褉褘褌懈械	0.000289	2.120264	0.000612
芯褌泻褉褘褌褘泄	0.000577	0.105361	0.000061
芯褌谢懈褔薪芯	0.000289	1.514128	0.000437
芯褌谢懈褔薪褘泄	0.000289	1.078810	0.000311
芯褌屑械薪懈褌褜	0.000289	0.040822	0.000012
芯褌薪芯褕械薪懈械	0.000289	1.714798	0.000495
芯褏谢邪写懈褌褜	0.000289	0.116534	0.000034
锌邪泻械褌懈泻	0.000289	0.105361	0.000030
锌邪谢芯褔泻邪	0.000577	0.040822	0.000024
锌邪薪懈褉芯胁泻邪	0.002309	0.116534	0.000269
锌邪褉邪	0.000289	0.116534	0.000034
锌邪褉邪写	0.002021	0.116534	0.000235
锌邪褉芯胁邪褉泻邪	0.002598	0.105361	0.000274
锌邪褉芯谢褜	0.000289	0.020203	0.000006
锌邪褋褌邪	0.000866	0.040822	0.000035
锌邪褋褌褉芯屑邪	0.000289	0.040822	0.000012
锌邪褋褏邪	0.000577	0.040822	0.000024
锌邪褋褏邪谢褜薪褘泄	0.000866	0.116534	0.000101
锌邪褕褌械褌	0.000866	0.040822	0.000035
锌械泻邪褉褜	0.000289	0.127833	0.000037
锌械谢褜屑械薪薪褘泄	0.000577	2.659260	0.001535
锌械谢褜屑械薪褜	0.000866	0.116534	0.000101
锌械褉胁芯泻谢邪褋褋薪懈泻	0.000289	2.407946	0.000695
锌械褉胁褘泄	0.001443	0.040822	0.000059
锌械褉械泄褌懈	0.000289	0.040822	0.000012
锌械褉械泻褍褋	0.000577	0.116534	0.000067
锌械褉械褑	0.002598	0.040822	0.000106
锌械褉懈芯写	0.000289	2.207275	0.000637
锌械褉褋芯薪邪	0.000289	0.116534	0.000034
锌械褉褍邪薪褋泻懈泄	0.000289	0.116534	0.000034
锌械褋芯褔薪褘泄	0.000866	0.105361	0.000091
锌械褌械谢懈薪泻	0.000289	0.127833	0.000037
锌械褌褉褍褕泻邪	0.001155	0.673345	0.000778
锌械褔械薪懈械	0.002598	0.040822	0.000106
锌械褔褜	0.000289	0.116534	0.000034
锌械褔褢薪芯褔薪褘泄	0.000289	0.040822	0.000012
锌懈胁芯	0.000289	0.116534	0.000034
锌懈泻邪薪褌	0.000289	0.127833	0.000037
锌懈泻薪懈泻	0.001155	0.105361	0.000122
锌懈褉	0.000289	0.116534	0.000034
锌懈褉芯谐	0.005485	0.040822	0.000224
锌懈褉芯卸泻芯胁褘泄	0.000289	1.966113	0.000568
锌懈褉芯卸薪芯械	0.000577	0.040822	0.000024
锌懈褉芯卸芯泻	0.001443	0.040822	0.000059
锌懈褌邪薪懈械	0.001443	0.094311	0.000136
锌懈褑褑邪	0.001732	0.040822	0.000071
锌谢邪屑褟	0.000289	0.116534	0.000034
锌谢懈褌邪	0.001155	0.116534	0.000135
锌谢芯胁	0.000289	0.116534	0.000034
锌谢芯写	0.000289	0.116534	0.000034
锌芯胁邪褉褢薪芯泻	0.001443	0.000000	0.000000
锌芯胁械褋懈褌褜	0.000289	2.407946	0.000695
锌芯胁懈写谢芯	0.000289	0.040822	0.000012
锌芯写邪褉芯泻	0.000289	0.116534	0.000034
锌芯写写邪胁邪褌褜褋褟	0.000289	2.659260	0.000768
锌芯写械谢懈褌褜褋褟	0.000289	0.400478	0.000116
锌芯写谢懈胁	0.000289	0.116534	0.000034
锌芯写谢懈胁泻邪	0.000289	0.040822	0.000012
锌芯写芯泄褌懈	0.000289	1.272966	0.000367
锌芯写锌懈褋邪褌褜褋褟	0.000866	0.040822	0.000035
锌芯写褋泻邪蟹邪褌褜	0.000289	1.832581	0.000529
锌芯械写邪薪懈械	0.000289	2.120264	0.000612
锌芯械写懈薪芯泻	0.004042	0.116534	0.000471
锌芯卸邪谢褍泄	0.000289	2.040221	0.000589
锌芯蟹写褉邪胁懈褌褜	0.000289	0.116534	0.000034
锌芯蟹写褉邪胁谢褟褌褜	0.000289	2.207275	0.000637
锌芯懈褋泻	0.000577	0.051293	0.000030
锌芯泻邪蟹邪褌褜	0.000289	1.309333	0.000378
锌芯泻邪蟹邪褌褜褋褟	0.000289	2.207275	0.000637
锌芯泻邪蟹褘胁邪褌褜	0.000289	1.832581	0.000529
锌芯泻芯谢械薪懈械	0.000289	2.302585	0.000665
锌芯泻褍锌邪褌褜	0.000289	1.897120	0.000548
锌芯谢写薪懈泻	0.000577	0.116534	0.000067
锌芯谢械蟹薪芯	0.000289	0.116534	0.000034
锌芯谢懈褌懈泻邪	0.000289	0.040822	0.000012
锌芯谢薪芯褋褌褜褞	0.000289	1.347074	0.000389
锌芯谢芯胁懈薪邪	0.002309	0.105361	0.000243
锌芯谢褍褔邪褌褜	0.000577	0.040822	0.000024
锌芯谢褍褔邪褌褜褋褟	0.001443	0.328504	0.000474
锌芯谢褍褔械薪懈械	0.000289	2.659260	0.000768
锌芯谢褍褔懈褌褜褋褟	0.000289	0.653926	0.000189
锌芯谢褜蟹邪	0.001443	0.116534	0.000168
锌芯谢褜褋泻懈泄	0.000289	0.116534	0.000034
锌芯屑邪写泻邪	0.000866	0.040822	0.000035
锌芯屑懈写芯褉	0.001155	0.116534	0.000135
锌芯屑懈写芯褉泻	0.000289	0.127833	0.000037
锌芯薪褉邪胁懈褌褜褋褟	0.000866	0.040822	0.000035
锌芯薪褔懈泻	0.000577	0.040822	0.000024
锌芯锌邪褋褌褜	0.000289	2.207275	0.000637
锌芯锌褉芯斜芯胁邪褌褜	0.001155	0.248461	0.000287
锌芯锌褍谢褟褉薪褘泄	0.000289	1.427116	0.000412
锌芯褉邪	0.000289	0.105361	0.000030
锌芯褉懈褋褌褘泄	0.000577	1.897120	0.001095
锌芯褉芯褕芯泻	0.000577	0.916291	0.000529
锌芯褉褌褍谐邪谢褜褋泻懈泄	0.000289	0.116534	0.000034
锌芯褋械褖邪褌褜	0.000289	0.061875	0.000018
锌芯褋谢械写薪懈泄	0.000289	1.272966	0.000367
锌芯褋褌	0.001443	0.105361	0.000152
锌芯褋褌薪褘泄	0.000866	0.040822	0.000035
锌芯褋褌芯褟薪薪芯	0.000289	0.040822	0.000012
锌芯褋褌褉邪写邪褌褜	0.000289	2.813411	0.000812
锌芯褋褌褉芯懈褌褜	0.000289	0.105361	0.000030
锌芯褋褍写邪	0.000577	0.094311	0.000054
锌芯褌褉械斜芯胁邪褌褜褋褟	0.000289	2.525729	0.000729
锌芯褔褌邪	0.000289	0.040822	0.000012
锌芯褕邪谐芯胁褘泄	0.000577	0.040822	0.000024
锌褉邪胁写邪	0.000289	1.139434	0.000329
锌褉邪胁懈谢褜薪褘泄	0.000577	1.832581	0.001058
锌褉邪蟹写薪械褋褌胁芯	0.000289	2.407946	0.000695
锌褉邪蟹写薪懈泻	0.000289	0.105361	0.000030
锌褉邪蟹写薪懈褔薪芯	0.000289	0.116534	0.000034
锌褉邪蟹写薪懈褔薪褘泄	0.000577	0.105361	0.000061
锌褉邪泻褌懈泻褍屑	0.000289	0.116534	0.000034
锌褉邪泻褌懈褔械褋泻懈	0.000289	1.386294	0.000400
锌褉械胁芯褋褏芯写薪褘泄	0.000289	0.116534	0.000034
锌褉械胁褉邪褖械薪懈械	0.000289	0.116534	0.000034
锌褉械写谢邪谐邪褌褜	0.000577	0.693147	0.000400
锌褉械褋薪褘泄	0.000577	0.116534	0.000067
锌褉懈谐芯褌芯胁懈褌褜	0.001443	0.083382	0.000120
锌褉懈谐芯褌芯胁谢械薪懈械	0.001155	0.040822	0.000047
锌褉懈写褍屑邪褌褜	0.000289	1.237874	0.000357
锌褉懈蟹	0.000289	0.040822	0.000012
锌褉懈蟹薪邪薪懈械	0.000289	0.116534	0.000034
锌褉懈屑械褉薪芯	0.000289	1.966113	0.000568
锌褉懈锌褉邪胁邪	0.000289	0.040822	0.000012
锌褉懈褉芯写邪	0.000577	0.105361	0.000061
锌褉懈褋褌褍锌懈褌褜	0.000289	0.040822	0.000012
锌褉懈褏芯写懈褌褜褋褟	0.000289	2.407946	0.000695
锌褉懈褟褌薪褘泄	0.000289	1.427116	0.000412
锌褉芯斜谢械屑邪	0.000289	1.832581	0.000529
锌褉芯胁械褉懈褌褜	0.002309	0.116534	0.000269
锌褉芯胁械褋褌懈	0.001155	0.116534	0.000135
锌褉芯胁芯写懈褌褜	0.000289	0.040822	0.000012
锌褉芯胁芯卸邪褌褜	0.000289	0.116534	0.000034
锌褉芯写邪胁邪褌褜褋褟	0.000289	2.525729	0.000729
锌褉芯写褍泻褌	0.000577	0.072571	0.000042
锌褉芯械泻褌	0.000577	0.051293	0.000030
锌褉芯锌芯褉褑懈褟	0.000289	1.609438	0.000465
锌褉芯褋懈褌褜	0.000289	0.776529	0.000224
锌褉芯褋屑芯褌褉	0.000289	0.274437	0.000079
锌褉芯褋屑芯褌褉械褌褜	0.000289	1.714798	0.000495
锌褉芯褋褌芯	0.002309	0.083382	0.000193
锌褉芯褋褌芯泄	0.000577	0.301105	0.000174
锌褉芯褋褌芯泻胁邪褕邪	0.000289	0.040822	0.000012
锌褉芯褋褔懈褌邪褌褜	0.000289	2.659260	0.000768
锌褉芯褋褜斜邪	0.000577	2.120264	0.001224
锌褉芯褎懈谢褜	0.000289	0.040822	0.000012
锌褉芯褔械褋褌褜	0.000289	2.302585	0.000665
锌褉芯褔懈褌邪褌褜	0.000289	1.832581	0.000529
锌褉芯褕谢芯械	0.000289	2.302585	0.000665
锌褉褟屑芯	0.000289	0.040822	0.000012
锌褉褟薪懈泻	0.000577	0.040822	0.000024
锌褉褟薪懈褔薪褘泄	0.000289	0.116534	0.000034
锌褌懈褑邪	0.005774	0.116534	0.000673
锌褍斜谢懈泻芯胁邪褌褜褋褟	0.000289	2.302585	0.000665
锌褍写懈薪谐	0.000866	0.040822	0.000035
锌褍薪褕	0.000289	0.040822	0.000012
锌褍褌械褕械褋褌胁懈械	0.000577	0.116534	0.000067
锌褍褌褜	0.000289	0.116534	0.000034
锌褕械薪懈褔薪褘泄	0.006928	0.287682	0.001993
锌褘褕泻邪	0.000289	0.040822	0.000012
锌褞褉械	0.001155	0.040822	0.000047
锌褟褌褜	0.000289	1.771957	0.000512
褉邪谐褍	0.000289	0.116534	0.000034
褉邪蟹	0.000866	0.356675	0.000309
褉邪蟹斜褍褏邪褌褜	0.000289	2.659260	0.000768
褉邪蟹胁械褉薪褍褌褜	0.000289	0.116534	0.000034
褉邪蟹写械谢褜薪褘泄	0.000289	0.116534	0.000034
褉邪蟹薪褘泄	0.000289	0.094311	0.000027
褉邪蟹芯屑	0.000289	2.407946	0.000695
褉邪蟹褉褘褏谢懈褌械谢褜	0.001155	1.237874	0.001429
褉邪褋泻邪褌褘胁邪褌褜褋褟	0.000289	2.659260	0.000768
褉邪褋褋芯谢褜薪懈泻	0.000866	0.040822	0.000035
褉邪褋褋褌芯泄泻邪	0.000289	2.525729	0.000729
褉邪褋褋褔懈褌邪褌褜	0.000289	2.302585	0.000665
褉邪褋褋褘谢泻邪	0.000289	0.061875	0.000018
褉邪褋褌懈褌械谢褜薪褘泄	0.004042	0.223144	0.000902
褉械斜褢薪芯泻	0.000289	0.094311	0.000027
褉械谐懈褋褌褉邪褑懈褟	0.000866	0.000000	0.000000
褉械写邪泻褌芯褉	0.000577	2.407946	0.001390
褉械泄褌懈薪谐	0.000289	0.235722	0.000068
褉械锌褔邪褌褘泄	0.001732	0.430783	0.000746
褉械褑械锌褌	0.030600	0.040822	0.001249
褉械褑械锌褌懈泻	0.000289	1.609438	0.000465
褉械褕懈褌褜	0.000577	0.693147	0.000400
褉懈褋	0.001443	0.040822	0.000059
褉懈褌屑	0.000289	0.116534	0.000034
褉芯谐邪谢懈泻	0.000289	0.040822	0.000012
褉芯写	0.000289	1.832581	0.000529
褉芯写懈褌械谢褜	0.000289	1.966113	0.000568
褉芯写薪褘泄	0.000289	0.116534	0.000034
褉芯卸写械薪懈械	0.000289	0.105361	0.000030
褉芯卸写械褋褌胁芯	0.000289	0.116534	0.000034
褉芯泻褎芯褉写	0.000289	3.506558	0.001012
褉芯谢谢	0.000577	0.040822	0.000024
褉芯谢谢褌芯薪	0.000289	0.116534	0.000034
褉芯屑	0.000289	0.040822	0.000012
褉芯褋械谢谢邪	0.000289	3.912023	0.001129
褉褍斜褉懈泻邪褌芯褉	0.000289	0.051293	0.000015
褉褍谐褍胁邪褔泻邪	0.000866	2.659260	0.002303
褉褍谢械褌	0.003176	0.040822	0.000130
褉褍屑褘薪褋泻懈泄	0.000289	0.116534	0.000034
褉褍屑褟薪褘泄	0.000577	0.116534	0.000067
褉褍薪械褌	0.000289	0.020203	0.000006
褉褍褋褋泻懈泄	0.000289	0.105361	0.000030
褉褘斜邪	0.007217	0.040822	0.000295
褉褘斜薪褘泄	0.002887	0.105361	0.000304
褉褟卸械薪泻邪	0.000289	0.116534	0.000034
褋邪泄褌	0.002021	0.000000	0.000000
褋邪谢邪褌	0.009238	0.040822	0.000377
褋邪谢邪褌薪褘泄	0.000289	0.116534	0.000034
褋邪屑芯谐芯薪	0.000289	0.040822	0.000012
褋邪屑褘泄	0.000866	0.105361	0.000091
褋邪褎	0.000866	0.116534	0.000101
褋邪褎褋械屑邪	0.000289	0.116534	0.000034
褋邪褏邪褉	0.004619	0.105361	0.000487
褋斜懈褌械薪褜	0.000289	0.040822	0.000012
褋胁械卸械褋褌褜	0.000289	0.105361	0.000030
褋胁械卸懈泄	0.000289	1.427116	0.000412
褋胁械泻芯谢褜薪懈泻	0.000577	0.040822	0.000024
褋胁械褌	0.001155	0.116534	0.000135
褋胁械褌邪	0.001155	0.116534	0.000135
褋胁懈薪懈薪	0.001732	0.116534	0.000202
褋胁懈薪懈薪邪	0.001155	0.040822	0.000047
褋胁褢泻谢邪	0.000289	0.040822	0.000012
褋谐褍褖褢薪泻邪	0.000289	0.040822	0.000012
褋写械谢邪褌褜	0.000577	0.733969	0.000424
褋械蟹芯薪	0.000289	0.116534	0.000034
褋械泄褔邪褋	0.000577	0.030459	0.000018
褋械泻褉械褌	0.000577	0.116534	0.000067
褋械泻褍薪写邪	0.000577	2.995732	0.001730
褋械谢褢写泻邪	0.000289	0.040822	0.000012
褋械屑械泄薪褘泄	0.000289	0.116534	0.000034
褋械屑褜褟	0.000866	0.116534	0.000101
褋械薪褌褟斜褉褜	0.000289	0.673345	0.000194
褋懈谐邪褉邪	0.000289	2.525729	0.000729
褋懈写褉	0.000289	0.040822	0.000012
褋懈褉懈泄褋泻懈泄	0.000289	0.116534	0.000034
褋懈褉芯锌	0.000577	0.040822	0.000024
褋懈褋褌械屑邪	0.000289	0.040822	0.000012
褋懈褌懈	0.000289	0.127833	0.000037
褋泻邪蟹邪褌褜	0.000577	0.400478	0.000231
褋泻邪蟹泻邪	0.000289	0.116534	0.000034
褋泻芯胁芯褉芯写泻邪	0.000289	1.660731	0.000479
褋谢邪写泻懈泄	0.005485	0.040822	0.000224
褋谢邪写泻芯	0.000289	0.116534	0.000034
褋谢懈胁邪	0.000577	2.302585	0.001329
褋谢懈胁芯胁褘泄	0.000289	2.302585	0.000665
褋谢懈胁芯褔薪褘泄	0.002309	0.105361	0.000243
褋谢芯泄泻邪	0.000577	0.040822	0.000024
褋谢芯褢薪褘泄	0.000866	0.116534	0.000101
褋谢褍褔邪泄	0.000577	1.171183	0.000676
褋屑械褌邪薪邪	0.001443	0.105361	0.000152
褋屑械褕邪薪薪褘泄	0.000289	0.116534	0.000034
褋屑芯褌褉械褌褜	0.000289	1.386294	0.000400
褋屑芯褔褜	0.000289	0.040822	0.000012
褋屑褍蟹懈	0.000866	0.040822	0.000035
褋屑褍褖邪褌褜	0.000289	2.995732	0.000865
褋薪褝泻	0.000289	0.116534	0.000034
褋芯斜懈褉邪褌褜褋褟	0.000289	0.040822	0.000012
褋芯胁械褉褕械薪褋褌胁芯	0.001443	0.116534	0.000168
褋芯胁械褌	0.000289	0.040822	0.000012
褋芯胁械褌芯胁邪褌褜	0.000577	1.139434	0.000658
褋芯胁褋械屑	0.000289	1.139434	0.000329
褋芯谐谢邪褋薪芯	0.000289	2.302585	0.000665
褋芯谐谢邪褕邪褌褜褋褟	0.000289	0.040822	0.000012
褋芯写邪	0.001155	0.941609	0.001087
褋芯蟹写邪胁邪褌褜	0.000289	0.105361	0.000030
褋芯蟹写邪薪懈械	0.000577	0.261365	0.000151
褋芯泻	0.001443	0.040822	0.000059
褋芯谢械薪懈械	0.000577	0.116534	0.000067
褋芯谢薪械褔薪褘泄	0.000289	0.116534	0.000034
褋芯谢褜	0.009527	0.127833	0.001218
褋芯谢褟薪泻邪	0.000577	0.040822	0.000024
褋芯谢褢薪褘泄	0.000866	0.116534	0.000101
褋芯褉褌懈褉芯胁邪褌褜	0.000289	0.248461	0.000072
褋芯褋褌邪胁	0.000289	1.347074	0.000389
褋芯褋褌邪胁懈褌褜	0.000289	0.116534	0.000034
褋芯褍褋	0.005485	0.040822	0.000224
褋芯褏褉邪薪褟褌褜	0.000289	0.040822	0.000012
褋芯褑褋械褌褜	0.000289	0.040822	0.000012
褋芯褔械褌邪薪懈械	0.000289	0.105361	0.000030
褋芯褔薪褘泄	0.000289	0.116534	0.000034
褋锌邪谢褜薪褟	0.000289	0.415515	0.000120
褋锌邪褋懈斜芯	0.000289	0.673345	0.000194
褋锌械褌褜	0.000289	0.116534	0.000034
褋锌械褑懈邪谢褜薪褘泄	0.000289	0.094311	0.000027
褋锌械褑懈褟	0.000866	0.094311	0.000082
褋锌械褑锌褉芯械泻褌	0.009527	0.116534	0.001110
褋锌懈褋芯泻	0.000289	0.116534	0.000034
褋褉械写懈蟹械屑薪芯屑芯褉褋泻懈泄	0.000289	0.127833	0.000037
褋褌邪褉褘泄	0.000289	0.261365	0.000075
褋褌邪褌褜褟	0.000289	0.061875	0.000018
褋褌械锌薪芯泄	0.000289	2.407946	0.000695
褋褌械锌褜	0.000289	2.207275	0.000637
褋褌懈谢褜	0.000577	0.116534	0.000067
褋褌芯谢	0.002598	0.105361	0.000274
褋褌褉邪薪薪芯	0.000289	2.659260	0.000768
褋褌褉芯懈褌械谢褜褋褌胁芯	0.000577	0.040822	0.000024
褋褌褉芯懈褌褜	0.000289	0.040822	0.000012
褋褌褉芯泄薪褘泄	0.000289	0.116534	0.000034
褋褌褉褍泄泻邪	0.000289	2.995732	0.000865
褋褍斜锌褉芯写褍泻褌	0.002887	0.116534	0.000336
褋褍屑邪褋褕械写褕懈泄	0.000289	2.207275	0.000637
褋褍锌	0.005485	0.040822	0.000224
褋褍褌泻懈	0.000289	1.771957	0.000512
褋褍褎谢械	0.000866	0.040822	0.000035
褋褍褏邪褉褜	0.000289	0.040822	0.000012
褋褍褕懈褌褜	0.000577	0.040822	0.000024
褋褔懈褌邪褌褜	0.000289	1.347074	0.000389
褋褘薪	0.000289	2.120264	0.000612
褋褘褉	0.005196	0.040822	0.000212
褋褘褉薪懈泻	0.000866	0.040822	0.000035
褋褘褉薪褘泄	0.001443	0.040822	0.000059
褋褘褉芯泄	0.000289	2.659260	0.000768
褋褘褌薪褘泄	0.000577	0.105361	0.000061
褋褘褔褍卸薪褘泄	0.000289	0.127833	0.000037
褋褝薪写胁懈褔	0.000289	0.127833	0.000037
褋褞褉锌褉懈蟹	0.000289	0.116534	0.000034
褋褢屑谐邪	0.000289	0.040822	0.000012
褌邪写卸懈泻褋泻懈泄	0.000289	0.116534	0.000034
褌邪泄屑褋	0.000289	2.407946	0.000695
褌邪泄褋泻懈泄	0.000289	0.116534	0.000034
褌邪褉械谢泻邪	0.000289	1.469676	0.000424
褌邪褉褌	0.000289	0.116534	0.000034
褌邪褉褌邪谢械褌泻邪	0.000577	0.040822	0.000024
褌邪褌邪褉褋泻懈泄	0.000289	0.116534	0.000034
褌胁芯泄	0.000577	0.116534	0.000067
褌胁芯褉懈褌褜	0.000289	0.116534	0.000034
褌胁芯褉芯谐	0.001732	0.040822	0.000071
褌胁芯褉芯卸薪褘泄	0.001155	0.094311	0.000109
褌胁褢褉写褘泄	0.002309	0.544727	0.001258
褌械谢械谐褉邪屑	0.000289	0.040822	0.000012
褌械谢褟褌懈薪邪	0.001155	0.116534	0.000135
褌械屑	0.000289	0.967584	0.000279
褌械锌谢芯	0.000289	0.116534	0.000034
褌械褉锌械薪懈械	0.000577	2.302585	0.001329
褌械褉褉邪褋邪	0.000289	0.776529	0.000224
褌械褉褉懈薪邪	0.000289	0.040822	0.000012
褌械褋褌	0.008083	0.105361	0.000852
褌械褋褌芯	0.005485	0.040822	0.000224
褌械褏薪懈泻邪	0.001443	0.105361	0.000152
褌械褏薪芯谢芯谐懈褟	0.000289	2.207275	0.000637
褌屑	0.001155	0.127833	0.000148
褌芯谐写邪褕薪懈泄	0.000289	2.407946	0.000695
褌芯薪泻懈泄	0.001155	1.309333	0.001512
褌芯薪泻芯	0.000289	2.407946	0.000695
褌芯锌谢褢薪褘泄	0.000289	0.116534	0.000034
褌芯褉褌	0.006062	0.040822	0.000247
褌褉邪胁邪	0.000289	0.094311	0.000027
褌褉邪写懈褑懈芯薪薪褘泄	0.000289	1.427116	0.000412
褌褉邪写懈褑懈褟	0.001732	0.116534	0.000202
褌褉械斜芯胁邪薪懈械	0.000289	2.407946	0.000695
褌褉械斜芯胁邪褌褜褋褟	0.000289	2.302585	0.000665
褌褉懈卸写褘	0.000289	2.302585	0.000665
褌褉褍斜芯褔泻邪	0.000289	0.040822	0.000012
褌褉褢褏谢械褌懈械	0.000289	0.116534	0.000034
褌褍薪械褑	0.000289	0.105361	0.000030
褌褍薪懈褋褋泻懈泄	0.000289	0.116534	0.000034
褌褍褉械褑泻懈泄	0.000289	0.116534	0.000034
褌褘泻胁邪	0.000289	0.040822	0.000012
褌褢褖懈薪	0.000289	0.040822	0.000012
褍胁械写芯屑谢械薪懈械	0.000289	0.040822	0.000012
褍胁械褉懈褌褜	0.000577	1.272966	0.000735
褍写邪谢懈褌褜	0.000289	1.660731	0.000479
褍写邪褔薪褘泄	0.000289	0.116534	0.000034
褍写懈胁懈褌褜	0.000289	0.116534	0.000034
褍写懈胁谢褟褌褜	0.001155	0.116534	0.000135
褍写芯胁谢械褌胁芯褉褟褌褜	0.000289	2.525729	0.000729
褍写芯胁芯谢褜褋褌胁懈械	0.000289	0.116534	0.000034
褍卸	0.000866	0.693147	0.000600
褍卸懈薪	0.001732	0.094311	0.000163
褍蟹斜械泻褋泻懈泄	0.000289	0.116534	0.000034
褍泄褌懈	0.000289	2.120264	0.000612
褍泻褉邪懈薪褋泻懈泄	0.000289	0.116534	0.000034
褍泻褉邪褋懈褌褜	0.000289	1.514128	0.000437
褍泻褉邪褕械薪懈械	0.002309	0.116534	0.000269
褍泻褉芯锌	0.001732	0.562119	0.000974
褍泻褋褍褋	0.000577	0.562119	0.000325
褍屑芯锌芯屑褉邪褔懈褌械谢褜薪褘泄	0.000289	1.966113	0.000568
褍锌芯褌褉械斜谢械薪懈械	0.000289	0.116534	0.000034
褍褉邪谢褜褋泻懈泄	0.000289	0.116534	0.000034
褍褉芯卸邪泄	0.000289	0.105361	0.000030
褍褌泻邪	0.000866	0.116534	0.000101
褍褏芯	0.000289	0.040822	0.000012
褍褔邪褋褌胁芯胁邪褌褜	0.000289	0.040822	0.000012
褍褔邪褋褌懈械	0.000289	2.995732	0.000865
褍褔械斜薪褘泄	0.000289	2.407946	0.000695
褎邪蟹械薪写邪	0.000289	0.116534	0.000034
褎邪薪褌邪蟹懈褟	0.002309	0.116534	0.000269
褎邪褉褕	0.004908	0.040822	0.000200
褎邪褉褕懈褉芯胁邪薪薪褘泄	0.001732	0.040822	0.000071
褎邪褋芯谢褜	0.000289	0.040822	0.000012
褎械胁褉邪谢褜	0.000577	0.094311	0.000054
褎械泄械褉胁械褉泻	0.000577	0.116534	0.000067
褎懈谐褍褉邪	0.000289	0.116534	0.000034
褎懈薪褋泻懈泄	0.000289	0.116534	0.000034
褎懈褉屑械薪薪褘泄	0.000289	0.116534	0.000034
褎芯薪写褞	0.000289	0.040822	0.000012
褎芯褉屑邪	0.000577	0.105361	0.000061
褎芯褉褍屑	0.000577	0.040822	0.000024
褎芯褉褕屑邪泻	0.000289	0.040822	0.000012
褎褉邪薪褑懈褟	0.000289	0.116534	0.000034
褎褉邪薪褑褍蟹褋泻懈泄	0.000289	0.094311	0.000027
褎褉邪褍	0.001155	0.116534	0.000135
褎褉褍泻褌	0.001155	0.116534	0.000135
褎褉褍泻褌芯胁褘泄	0.002309	0.040822	0.000094
褎褍写	0.000289	0.116534	0.000034
褎褍褉褕械褌	0.000289	0.116534	0.000034
褏邪谢胁邪	0.000289	0.040822	0.000012
褏邪褉邪泻褌械褉懈褋褌懈泻邪	0.000289	2.659260	0.000768
褏邪褉胁械褋褌褎械褋褌	0.000577	0.116534	0.000067
褏邪褉褔芯	0.000577	0.040822	0.000024
褏邪褌邪	0.000289	2.813411	0.000812
褏邪褕	0.000289	0.040822	0.000012
褏胁邪褌邪褌褜	0.000289	1.966113	0.000568
褏胁芯褉芯褋褌	0.000289	0.040822	0.000012
褏懈薪泻邪谢懈	0.000289	0.116534	0.000034
褏懈褌	0.002021	0.116534	0.000235
褏谢械斜	0.002309	0.040822	0.000094
褏谢械斜芯锌械褔泻邪	0.000289	0.116534	0.000034
褏谢芯锌褜褟	0.000577	0.094311	0.000054
褏芯写懈褌褜	0.000289	1.771957	0.000512
褏芯蟹褟泄泻邪	0.000289	0.116534	0.000034
褏芯谢芯写械褑	0.000289	0.040822	0.000012
褏芯谢芯写懈谢褜薪懈泻	0.000289	1.049822	0.000303
褏芯谢芯写薪芯械	0.000577	0.116534	0.000067
褏芯谢芯写薪褘泄	0.000577	0.116534	0.000067
褏芯褉胁邪褌褋泻懈泄	0.000289	0.116534	0.000034
褏芯褉芯褕懈泄	0.002887	0.040822	0.000118
褏芯褉芯褕芯	0.002021	0.105361	0.000213
褏芯褉褋	0.000289	0.116534	0.000034
褏芯褌械褌褜	0.000577	0.000000	0.000000
褏褉褍褋褌械褌褜	0.000289	0.713350	0.000206
褏褍屑褍褋邪	0.000289	0.040822	0.000012
褑邪褉褋褌胁芯	0.000289	0.127833	0.000037
褑邪褉褜	0.000289	0.116534	0.000034
褑胁械褌薪芯泄	0.000289	0.040822	0.000012
褑械谢褘泄	0.000289	1.714798	0.000495
褑械薪薪褘泄	0.000289	0.040822	0.000012
褑械薪褌褉	0.000289	0.116534	0.000034
褔邪械屑褘泄	0.000289	0.116534	0.000034
褔邪泄	0.000866	0.040822	0.000035
褔邪褋	0.000289	1.139434	0.000329
褔械斜褍褉械泻	0.001443	0.040822	0.000059
褔械谢芯胁械泻	0.000289	0.916291	0.000265
褔械褉泻懈蟹芯胁褘泄	0.000577	0.116534	0.000067
褔械褋薪芯泻	0.002021	0.314711	0.000636
褔械褋褌薪芯	0.000289	1.203973	0.000348
褔械褋褌薪芯泄	0.000289	0.040822	0.000012
褔械褔械胁懈褑邪	0.000289	0.040822	0.000012
褔械褕褋泻懈泄	0.000289	0.116534	0.000034
褔懈蟹泻械泄泻	0.001155	0.040822	0.000047
褔懈谢懈泄褋泻懈泄	0.000289	0.116534	0.000034
褔懈锌褋褘	0.000289	0.040822	0.000012
褔懈褋谢芯	0.000289	0.235722	0.000068
褔褉械蟹胁褘褔邪泄薪芯	0.000289	2.040221	0.000589
褔褍写械褋薪褘泄	0.000289	1.514128	0.000437
褔褍写芯	0.000866	0.116534	0.000101
褔褍写芯屑	0.000289	2.407946	0.000695
褔褢褉薪褘泄	0.001732	0.356675	0.000618
褕邪褉懈泻	0.000289	0.040822	0.000012
褕邪褉谢芯褌泻邪	0.000577	0.040822	0.000024
褕邪褉屑	0.000289	0.116534	0.000034
褕邪褕谢褘泻	0.003753	0.040822	0.000153
褕胁械写褋泻懈泄	0.000289	0.116534	0.000034
褕胁械泄褑邪褉褋泻懈泄	0.000289	0.116534	0.000034
褕械写械胁褉	0.000289	0.116534	0.000034
褕械褎	0.000289	0.127833	0.000037
褕懈锌褍褔泻邪	0.000289	0.040822	0.000012
褕懈褉芯泻懈泄	0.000289	0.127833	0.000037
褕泻芯谢邪	0.000289	0.116534	0.000034
褕芯泻芯谢邪写	0.000289	0.040822	0.000012
褕芯泻芯谢邪写薪褘泄	0.000289	1.427116	0.000412
褕芯褌谢邪薪写褋泻懈泄	0.000289	0.116534	0.000034
褕褌褉褍写械谢褜	0.000289	0.040822	0.000012
褕褍褉锌邪	0.000289	0.040822	0.000012
褖械写褉褘泄	0.000289	0.116534	0.000034
褖懈	0.000577	0.040822	0.000024
褝泻芯屑懈谢泻	0.000289	0.127833	0.000037
褝褋褌芯薪褋泻懈泄	0.000289	0.116534	0.000034
褝褎褎械泻褌薪褘泄	0.000289	2.407946	0.000695
褞谐芯褋谢邪胁褋泻懈泄	0.000289	0.116534	0.000034
褞谢懈褟	0.000577	2.120264	0.001224
褟谐芯写薪褘泄	0.001155	0.105361	0.000122
褟蟹褘泻	0.000289	0.040822	0.000012
褟泄褑	0.000289	2.995732	0.000865
褟泄褑芯	0.005485	0.040822	0.000224
褟谢芯褉懈褋邪	0.000289	1.771957	0.000512
褟薪胁邪褉褜	0.000289	0.733969	0.000212
褟薪写械泻褋	0.000289	0.072571	0.000021
褟锌芯薪褋泻懈泄	0.000577	0.051293	0.000030
褟褉泻懈泄	0.000289	0.116534	0.000034
褟褉泻芯	0.000289	0.105361	0.000030
