谢械屑屑邪	TF	IDF	TF-IDF
邪斜褏邪蟹褋泻懈泄	0.000321	0.116534	0.000037
邪胁褋褌褉邪谢懈泄褋泻懈泄	0.000321	0.116534	0.000037
邪胁褋褌褉懈泄褋泻懈泄	0.000321	0.116534	0.000037
邪胁褌芯泻谢邪胁	0.000321	0.116534	0.000037
邪胁褌芯褉	0.000962	0.040822	0.000039
邪谐褉芯	0.000321	0.116534	0.000037
邪写卸懈泻邪	0.000321	0.040822	0.000013
邪蟹	0.000321	0.127833	0.000041
邪蟹械褉斜邪泄写卸邪薪褋泻懈泄	0.000321	0.116534	0.000037
邪蟹懈邪褌褋泻懈泄	0.000321	0.127833	0.000041
邪泄褉邪薪	0.000321	0.040822	0.000013
邪泻胁邪褌懈泻	0.000962	0.127833	0.000123
邪泻泻褍褉邪褌薪芯	0.000321	3.506558	0.001124
邪谢械泻褋械泄	0.000321	0.127833	0.000041
邪谢泻芯谐芯谢褜	0.000962	0.116534	0.000112
邪谢泻芯谐芯谢褜薪褘泄	0.000321	0.116534	0.000037
邪谢褜褟薪褋	0.000321	0.116534	0.000037
邪屑械褉懈泻邪薪褋泻懈泄	0.000321	0.116534	0.000037
邪薪邪薪邪褋芯胁褘泄	0.000321	3.506558	0.001124
邪薪谐谢懈泄褋泻懈泄	0.000321	0.116534	0.000037
邪薪写褉械泄	0.000321	0.127833	0.000041
邪褉邪斜褋泻懈泄	0.000321	0.116534	0.000037
邪褉谐械薪褌懈薪褋泻懈泄	0.000321	0.116534	0.000037
邪褉屑褟薪褋泻懈泄	0.000321	0.116534	0.000037
邪褋褋芯褉褌懈	0.000641	0.116534	0.000075
邪褌谢邪薪褌	0.000321	0.116534	0.000037
邪褎谐邪薪褋泻懈泄	0.000321	0.116534	0.000037
邪褎褉懈泻邪薪褋泻懈泄	0.000321	0.116534	0.000037
邪褝褉芯谐褉懈谢褜	0.003205	0.116534	0.000374
斜邪胁邪褉褋泻懈	0.000321	4.605170	0.001476
斜邪泻	0.000321	4.605170	0.001476
斜邪泻谢邪卸邪薪	0.000321	0.040822	0.000013
斜邪泻谢邪卸邪薪薪褘泄	0.000321	4.605170	0.001476
斜邪谢褌泻芯屑邪	0.000321	0.127833	0.000041
斜邪褉邪薪懈薪邪	0.001282	0.116534	0.000149
斜邪褋屑邪褌懈	0.000641	0.127833	0.000082
斜邪褋褌褍褉屑	0.000321	0.040822	0.000013
斜邪褋褌褍褉屑邪	0.000321	0.040822	0.000013
斜邪褌芯薪褔懈泻	0.000321	0.127833	0.000041
斜邪褕泻懈褉褋泻懈泄	0.000321	0.116534	0.000037
斜械蟹邪谢泻芯谐芯谢褜薪褘泄	0.000321	0.116534	0.000037
斜械蟹谐谢褞褌械薪芯胁芯械	0.000641	0.116534	0.000075
斜械蟹械	0.001282	0.040822	0.000052
斜械谢械斜械械胁褋泻懈泄	0.000641	0.116534	0.000075
斜械谢泻邪	0.000641	2.120264	0.001359
斜械谢芯褉褍褋褋泻懈泄	0.000321	0.116534	0.000037
斜械谢褜谐懈泄褋泻懈泄	0.000321	0.116534	0.000037
斜械褉械屑械薪薪邪褟	0.000321	0.116534	0.000037
斜械褋械写懈薪	0.000321	0.127833	0.000041
斜懈褋泻胁懈褌	0.000641	0.040822	0.000026
斜懈褋泻胁懈褌薪褘泄	0.000962	0.105361	0.000101
斜懈褌芯褔械泻	0.000321	1.897120	0.000608
斜谢懈蟹泻懈泄	0.000641	0.116534	0.000075
斜谢懈薪	0.001923	0.040822	0.000079
斜谢芯谐	0.000641	2.302585	0.001476
斜谢褞写芯	0.036859	0.040822	0.001505
斜芯斜芯胁褘泄	0.004167	0.116534	0.000486
斜芯谢谐邪褉褋泻懈泄	0.000321	0.116534	0.000037
斜芯谢褜褕芯泄	0.001603	0.094311	0.000151
斜芯褉褖	0.000641	0.040822	0.000026
斜芯褌胁懈薪褜褟	0.000321	0.040822	0.000013
斜褉邪胁懈褋褋懈屑芯	0.000321	4.605170	0.001476
斜褉邪蟹懈谢褜褋泻懈泄	0.000321	0.116534	0.000037
斜褉邪褍蟹械褉	0.000321	0.040822	0.000013
斜褉邪褍薪懈	0.000321	0.040822	0.000013
斜褉械褋褌	0.000321	0.127833	0.000041
斜褉芯泻泻芯谢懈	0.000321	0.040822	0.000013
斜褉褘薪蟹邪	0.000321	3.912023	0.001254
斜褍卸械薪懈薪邪	0.000321	0.040822	0.000013
斜褍谢谐褍褉芯屑	0.000321	4.605170	0.001476
斜褍谢芯褔泻邪	0.000962	0.040822	0.000039
斜褍谢褜芯薪	0.003526	0.040822	0.000144
斜褍褉谐械褉	0.000641	0.040822	0.000026
斜褍褉褟褌褋泻懈泄	0.000321	0.116534	0.000037
斜褍褌械褉斜褉芯写	0.001282	0.040822	0.000052
斜褘褋褌褉芯	0.000641	0.094311	0.000060
斜褘褋褌褉褘泄	0.000962	0.094311	0.000091
胁邪卸薪褘泄	0.000321	0.116534	0.000037
胁邪谢谢懈泄褋泻懈泄	0.000321	0.116534	0.000037
胁邪褉械薪懈械	0.000641	0.040822	0.000026
胁邪褉械薪懈泻	0.000321	0.116534	0.000037
胁邪褌褉褍褕泻邪	0.000321	0.040822	0.000013
胁邪褎谢褟	0.000641	0.040822	0.000026
胁邪褕	0.000641	0.000000	0.000000
胁胁芯写	0.000321	2.302585	0.000738
胁胁芯写懈褌褜	0.000321	0.040822	0.000013
胁写芯褏薪芯胁械薪懈械	0.001923	0.116534	0.000224
胁写芯褏薪芯胁谢褟褌褜褋褟	0.000321	0.116534	0.000037
胁械谐械褌邪褉懈邪薪褋泻懈泄	0.000962	0.116534	0.000112
胁械谢懈泻懈泄	0.000321	0.116534	0.000037
胁械谢懈泻芯谢械锌薪芯	0.000321	3.506558	0.001124
胁械薪谐械褉褋泻懈泄	0.000321	0.116534	0.000037
胁械褉褋懈褟	0.000321	1.897120	0.000608
胁械褋	0.000321	3.506558	0.001124
胁械褋械薪薪懈泄	0.000321	0.051293	0.000016
胁械褋薪邪	0.001923	0.116534	0.000224
胁械褌褔懈薪邪	0.000321	0.094311	0.000030
胁懈写	0.002885	0.776529	0.002240
胁懈写邪褌褜	0.000321	4.605170	0.001476
胁懈写械芯	0.000641	0.116534	0.000075
胁懈薪芯	0.000641	0.040822	0.000026
胁泻谢褞褔懈褌褜	0.000321	3.506558	0.001124
胁泻褍褋	0.005128	0.105361	0.000540
胁泻褍褋薪芯	0.001923	0.094311	0.000181
胁泻褍褋薪褘泄	0.002885	0.061875	0.000178
胁谢褞斜懈褌褜	0.000321	0.116534	0.000037
胁屑械褋褌械	0.000321	0.916291	0.000294
胁芯写邪	0.000321	0.094311	0.000030
胁芯泄褌懈	0.001282	0.000000	0.000000
胁芯谢芯胁邪薪	0.000321	0.116534	0.000037
胁芯谢褕械斜薪褘泄	0.000321	0.116534	0.000037
胁芯谢褕械斜褋褌胁芯	0.000321	0.116534	0.000037
胁芯锌褉芯褋	0.000641	0.000000	0.000000
胁芯褋锌芯谢褜蟹芯胁邪褌褜褋褟	0.000321	1.832581	0.000587
胁芯褋褌芯褔薪褘泄	0.000321	0.127833	0.000041
胁褉械屑褟	0.003205	0.105361	0.000338
胁褋锌芯屑薪懈褌褜	0.000321	0.040822	0.000013
胁褋褌邪胁泻邪	0.000641	2.407946	0.001544
胁褋褌褍锌邪褌褜	0.000321	2.302585	0.000738
胁褌芯褉芯械	0.000641	0.116534	0.000075
胁褌芯褉芯泄	0.000321	0.116534	0.000037
胁褏芯写	0.000962	0.030459	0.000029
胁褘谐谢褟写械褌褜	0.000641	1.469676	0.000942
胁褘泄褌懈	0.000321	0.040822	0.000013
胁褘锌械褔泻邪	0.004808	0.040822	0.000196
胁褘褉械蟹邪褌褜	0.000321	4.605170	0.001476
胁褘褋褍褕懈褌褜	0.000321	4.605170	0.001476
胁褜械褌薪邪屑褋泻懈泄	0.000321	0.116534	0.000037
谐邪胁邪泄褋泻懈泄	0.000321	0.116534	0.000037
谐邪蟹芯胁褘泄	0.000321	3.912023	0.001254
谐邪褉薪懈褉	0.002244	0.040822	0.000092
谐邪褋锌邪褔芯	0.000321	0.040822	0.000013
谐械芯谐褉邪褎懈褟	0.000321	0.116534	0.000037
谐谢邪胁薪褘泄	0.000321	0.040822	0.000013
谐谢邪蟹褍褉褜	0.000962	0.040822	0.000039
谐谢懈薪褌胁械泄薪	0.000321	0.040822	0.000013
谐芯胁褟写懈薪邪	0.001282	0.116534	0.000149
谐芯写	0.002885	0.083382	0.000241
谐芯写蟹懈谢谢邪	0.000321	4.605170	0.001476
谐芯谢谢邪薪写褋泻懈泄	0.000321	0.116534	0.000037
谐芯褉芯写	0.000321	0.116534	0.000037
谐芯褉芯褏	0.000321	0.116534	0.000037
谐芯褉褔懈褑邪	0.000962	0.040822	0.000039
谐芯褉褕芯褔械泻	0.000641	0.040822	0.000026
谐芯褉褟褔械械	0.000962	0.116534	0.000112
谐芯褉褟褔懈泄	0.016026	0.105361	0.001688
谐芯褋褌褜	0.000321	0.116534	0.000037
谐芯褌芯胁懈褌褜	0.005449	0.083382	0.000454
谐芯褌芯胁褘泄	0.000321	0.755023	0.000242
谐褉邪写褍褋	0.000321	2.525729	0.000810
谐褉邪屑屑	0.000321	3.218876	0.001032
谐褉械薪泻邪	0.000641	0.040822	0.000026
谐褉械褔械褋泻懈泄	0.000321	0.116534	0.000037
谐褉械褔泻邪	0.000321	0.040822	0.000013
谐褉懈斜	0.004808	0.040822	0.000196
谐褉懈斜薪芯泄	0.000641	0.040822	0.000026
谐褉懈谢褜	0.003526	0.105361	0.000371
谐褉懈谢褜屑邪薪懈褟	0.000321	0.116534	0.000037
谐褉芯谐	0.000321	0.040822	0.000013
谐褉褍写泻邪	0.000321	0.967584	0.000310
谐褉褍蟹懈薪褋泻懈泄	0.000321	0.116534	0.000037
谐褉褍锌锌邪	0.000962	0.061875	0.000059
谐褍褉屑	0.000321	0.127833	0.000041
谐褍褉屑邪薪懈褟	0.001923	0.116534	0.000224
谐褍褋褜	0.000641	0.105361	0.000068
写邪胁邪褌褜	0.000321	0.040822	0.000013
写邪薪薪褘械	0.000321	0.040822	0.000013
写邪褉	0.000321	0.116534	0.000037
写邪褌褋泻懈泄	0.000321	0.116534	0.000037
写邪褌褜	0.000321	0.040822	0.000013
写邪褔薪褘泄	0.000962	0.116534	0.000112
写邪褕邪	0.000321	3.912023	0.001254
写胁邪	0.000321	0.967584	0.000310
写械泻芯褉	0.000321	0.127833	0.000041
写械谢邪褌褜	0.000962	0.083382	0.000080
写械谢懈褌褜褋褟	0.000321	0.040822	0.000013
写械谢芯	0.000321	0.105361	0.000034
写械薪褜	0.002885	0.040822	0.000118
写械褉械胁褟薪薪褘泄	0.000321	3.912023	0.001254
写械褋械褉褌	0.005449	0.040822	0.000222
写械褋械褉褌邪褑懈褟	0.000321	0.116534	0.000037
写械褋械褉褌薪褘泄	0.000321	0.116534	0.000037
写械褋褟褌褜	0.000641	2.040221	0.001308
写械褕褢胁褘泄	0.000321	3.218876	0.001032
写卸械屑	0.000321	0.040822	0.000013
写卸械屑邪	0.000321	0.040822	0.000013
写蟹械薪	0.000321	0.116534	0.000037
写懈械褌邪	0.000641	0.094311	0.000060
写懈泻懈泄	0.000962	0.116534	0.000112
写懈锌	0.000321	0.116534	0.000037
写懈褔褜	0.000962	0.116534	0.000112
写薪械胁薪懈泻	0.000321	0.061875	0.000020
写芯斜邪胁懈褌褜	0.000641	0.083382	0.000053
写芯斜邪胁谢褟褌褜	0.000321	0.040822	0.000013
写芯斜褉芯褎谢芯褌	0.000321	0.127833	0.000041
写芯胁械褉褟褌褜	0.000321	0.116534	0.000037
写芯谢褜泻邪	0.000641	3.912023	0.002508
写芯屑	0.003205	0.040822	0.000131
写芯屑邪褕薪懈泄	0.003846	0.040822	0.000157
写芯褉芯谐邪	0.000321	2.659260	0.000852
写芯褉芯谐芯泄	0.000641	1.139434	0.000730
写褉邪泄胁	0.001603	0.127833	0.000205
写褉芯卸卸械胁芯泄	0.000321	0.116534	0.000037
写褉褍谐	0.000321	0.544727	0.000175
写褍褏芯胁泻邪	0.003205	0.105361	0.000338
写褍褕邪	0.000962	0.105361	0.000101
械胁褉械泄褋泻懈泄	0.000321	0.116534	0.000037
械谐懈锌械褌褋泻懈泄	0.000321	0.116534	0.000037
械写懈薪褘泄	0.000321	0.000000	0.000000
械泻芯	0.000321	0.127833	0.000041
卸邪褉械薪褘泄	0.001923	1.272966	0.002448
卸邪褉懈褌褜	0.001282	1.347074	0.001727
卸邪褉泻芯械	0.000321	0.040822	0.000013
卸械谢邪薪懈械	0.000321	1.771957	0.000568
卸械谢械	0.000962	0.040822	0.000039
卸械薪褋泻懈泄	0.000641	0.020203	0.000013
卸械薪褖懈薪邪	0.000641	0.061875	0.000040
卸懈蟹薪褜	0.000641	0.040822	0.000026
卸懈褉	0.000641	1.897120	0.001216
卸褍谢褜械薪	0.000321	0.040822	0.000013
卸褍褉薪邪谢	0.000321	0.072571	0.000023
卸褞谢褜械薪	0.000321	0.040822	0.000013
卸褞谢褜薪褘泄	0.000321	0.040822	0.000013
蟹邪斜褉邪褌褜	0.000321	4.605170	0.001476
蟹邪胁邪褉薪芯泄	0.000641	0.116534	0.000075
蟹邪胁褌褉邪泻	0.002564	0.094311	0.000242
蟹邪谐芯褌芯胁泻邪	0.001282	0.040822	0.000052
蟹邪写邪胁邪褌褜	0.000321	0.040822	0.000013
蟹邪泻胁邪褋泻邪	0.000962	0.040822	0.000039
蟹邪泻褉褘褌褘泄	0.000321	0.116534	0.000037
蟹邪泻褍褋泻邪	0.008654	0.040822	0.000353
蟹邪泻褍褋芯薪褔懈泻	0.000321	0.116534	0.000037
蟹邪泻褍褋芯褔泻邪	0.000321	0.116534	0.000037
蟹邪泻褍褋芯褔薪邪褟	0.002885	0.116534	0.000336
蟹邪谢懈胁薪芯械	0.000641	0.040822	0.000026
蟹邪屑芯褉芯蟹泻邪	0.000321	0.105361	0.000034
蟹邪锌邪写	0.000321	0.116534	0.000037
蟹邪锌械泻邪薪懈械	0.001603	1.514128	0.002426
蟹邪锌械泻邪薪泻邪	0.003526	0.040822	0.000144
蟹邪锌械泻邪褌褜	0.002244	2.659260	0.005966
蟹邪锌械褔褜	0.004167	0.916291	0.003818
蟹邪锌懈褋褜	0.000321	1.897120	0.000608
蟹邪锌褉邪胁泻邪	0.000641	0.040822	0.000026
蟹邪褉械谐懈褋褌褉懈褉芯胁邪褌褜	0.000321	1.897120	0.000608
蟹邪褉械谐懈褋褌褉懈褉芯胁邪褌褜褋褟	0.000962	0.030459	0.000029
蟹邪褋芯谢泻邪	0.000321	0.116534	0.000037
蟹邪褟褑	0.000641	0.116534	0.000075
蟹胁邪薪褘泄	0.000321	0.127833	0.000041
蟹胁械蟹写邪	0.000321	0.116534	0.000037
蟹胁褢蟹写薪褘泄	0.000321	0.116534	0.000037
蟹写芯褉芯胁褘泄	0.000641	0.116534	0.000075
蟹写芯褉芯胁褜械	0.000321	1.897120	0.000608
蟹械谢械薪褜	0.002885	0.094311	0.000272
蟹械褎懈褉	0.000321	0.040822	0.000013
蟹懈屑邪	0.001282	0.040822	0.000052
蟹懈屑薪懈泄	0.000641	0.051293	0.000033
蟹芯谢芯褌芯泄	0.000321	0.116534	0.000037
蟹褉褟	0.000321	3.506558	0.001124
蟹褍斜	0.000321	3.506558	0.001124
懈胁邪薪芯胁	0.000321	0.127833	0.000041
懈写械邪谢褜薪芯	0.000321	1.514128	0.000485
懈写械邪谢褜薪褘泄	0.002244	0.116534	0.000261
懈写械泄泻邪	0.000321	0.116534	0.000037
懈蟹写械谢懈械	0.001923	0.116534	0.000224
懈泻褉邪	0.001282	0.040822	0.000052
懈屑褟	0.000321	0.030459	0.000010
懈薪胁械褉褌芯褉薪褘泄	0.000321	0.127833	0.000041
懈薪谐褉械写懈械薪褌	0.001923	0.139262	0.000268
懈薪写械泄泻邪	0.001923	0.094311	0.000181
懈薪写懈泄褋泻懈泄	0.000321	0.116534	0.000037
懈薪写懈谢邪泄褌邪	0.000962	0.116534	0.000112
懈薪写懈褉械褋薪褘泄	0.000321	0.116534	0.000037
懈薪芯谐写邪	0.000321	1.897120	0.000608
懈薪褋褌褉褍泻褑懈褟	0.000321	0.030459	0.000010
懈薪褌械褉械褋薪芯	0.000641	1.660731	0.001065
懈薪褌械褉械褋薪褘泄	0.000321	0.916291	0.000294
懈褉邪泻褋泻懈泄	0.000321	0.116534	0.000037
懈褉邪薪褋泻懈泄	0.000321	0.116534	0.000037
懈褉谢邪薪写褋泻懈泄	0.000321	0.116534	0.000037
懈褉褍褕械薪械泻	0.000321	2.525729	0.000810
懈褋泻褉械薪薪械	0.000321	0.116534	0.000037
懈褋谢邪薪写褋泻懈泄	0.000321	0.116534	0.000037
懈褋锌邪薪褋泻懈泄	0.000321	0.116534	0.000037
懈褋锌械褔褜	0.000321	0.105361	0.000034
懈褋锌芯谢褜蟹芯胁邪褌褜褋褟	0.000641	1.714798	0.001099
懈褋褌芯褉懈褟	0.001923	0.116534	0.000224
懈褌邪谢懈褟	0.000641	0.105361	0.000068
懈褌邪谢褜褟薪褋泻懈泄	0.000321	0.105361	0.000034
泄芯谐褍褉褌	0.000962	0.040822	0.000039
泻邪斜邪褔芯泻	0.000321	0.040822	0.000013
泻邪胁泻邪蟹褋泻懈泄	0.000321	0.116534	0.000037
泻邪蟹邪薪	0.000321	0.116534	0.000037
泻邪蟹邪褏褋泻懈泄	0.000321	0.116534	0.000037
泻邪泻邪芯	0.000641	0.040822	0.000026
泻邪谢械泄写芯褋泻芯锌	0.001282	0.116534	0.000149
泻邪谢屑褘褑泻懈泄	0.000321	0.116534	0.000037
泻邪谢褜屑邪褉	0.000321	0.040822	0.000013
泻邪屑械褉邪	0.000321	0.116534	0.000037
泻邪薪邪写褋泻懈泄	0.000321	0.116534	0.000037
泻邪薪邪谢	0.000962	0.040822	0.000039
泻邪薪邪锌械	0.000641	0.040822	0.000026
泻邪锌褍褋褌邪	0.001282	0.040822	0.000052
泻邪锌褍褋褌薪褟泻	0.000321	0.040822	0.000013
泻邪褉邪屑械谢褜	0.000321	0.040822	0.000013
泻邪褉泻邪褋薪褘泄	0.001282	0.116534	0.000149
泻邪褉褌芯褎械谢褜	0.001282	0.040822	0.000052
泻邪褉褌芯褎械谢褜薪褘泄	0.000641	0.040822	0.000026
泻邪褉褌芯褕泻邪	0.000962	0.040822	0.000039
泻邪褋褌械褉	0.000321	4.605170	0.001476
泻邪褌械谐芯褉懈褟	0.001282	0.116534	0.000149
泻邪褔械褋褌胁芯	0.000321	0.105361	0.000034
泻邪褕邪	0.002244	0.040822	0.000092
泻胁邪褋	0.001282	0.040822	0.000052
泻胁邪褋薪芯泄	0.000962	0.116534	0.000112
泻械泻褋	0.000962	0.040822	0.000039
泻械褎懈褉	0.000321	0.040822	0.000013
泻懈谢芯	0.000321	4.605170	0.001476
泻懈谢芯谐褉邪屑屑	0.000321	2.407946	0.000772
泻懈屑褔邪褌褜	0.000321	0.040822	0.000013
泻懈薪芯邪	0.000641	0.127833	0.000082
泻懈薪芯谢械薪褌邪	0.000321	0.116534	0.000037
泻懈褋械谢褜	0.000641	0.040822	0.000026
泻懈褌邪泄褋泻懈泄	0.000321	0.116534	0.000037
泻泻邪谢	0.001282	2.302585	0.002952
泻谢邪褋褋	0.002885	0.116534	0.000336
泻谢械薪芯胁褘泄	0.001603	2.659260	0.004262
泻谢褍斜械薪褜	0.000321	4.605170	0.001476
泻薪懈谐邪	0.000321	0.040822	0.000013
泻芯写	0.001603	2.407946	0.003859
泻芯泻褌械泄谢褜	0.001923	0.040822	0.000079
泻芯谢斜邪褋邪	0.000321	0.040822	0.000013
泻芯谢斜邪褋薪褘泄	0.000962	0.116534	0.000112
泻芯屑邪薪写邪	0.000641	0.127833	0.000082
泻芯屑懈	0.000321	0.116534	0.000037
泻芯屑屑械薪褌邪褉懈泄	0.001603	0.127833	0.000205
泻芯屑锌邪薪懈褟	0.000321	0.105361	0.000034
泻芯屑锌芯褌	0.000962	0.040822	0.000039
泻芯薪械褑	0.000321	1.966113	0.000630
泻芯薪懈薪邪	0.000321	0.116534	0.000037
泻芯薪泻褍褉褋	0.069231	0.040822	0.002826
泻芯薪泻褍褉褋薪褘泄	0.000321	0.127833	0.000041
泻芯薪褋械褉胁懈褉芯胁邪薪懈械	0.000321	0.040822	0.000013
泻芯薪褋械褉胁懈褉芯胁邪薪薪褘泄	0.001603	0.116534	0.000187
泻芯薪褌邪泻褌	0.000321	2.302585	0.000738
泻芯薪褎械褌邪	0.000962	0.040822	0.000039
泻芯薪褎械褌褌懈	0.000321	0.116534	0.000037
泻芯薪褎懈写械薪褑懈邪谢褜薪芯褋褌褜	0.000321	0.040822	0.000013
泻芯薪褎懈褌褞褉	0.000321	0.040822	0.000013
泻芯锌褔褢薪芯褋褌褜	0.000321	0.116534	0.000037
泻芯褉械泄褋泻懈	0.000321	0.040822	0.000013
泻芯褉械泄褋泻懈泄	0.000321	0.105361	0.000034
泻芯褉卸懈泻	0.000321	0.040822	0.000013
泻芯褉屑懈褌褜	0.000321	0.116534	0.000037
泻芯褌谢械褌邪	0.000321	0.040822	0.000013
泻芯褎械	0.000641	0.040822	0.000026
泻褉邪褋泻邪	0.000321	0.116534	0.000037
泻褉邪褋芯褌芯褔泻邪	0.000321	4.605170	0.001476
泻褉械邪褌懈胁	0.000321	0.127833	0.000041
泻褉械屑	0.000962	0.040822	0.000039
泻褉械锌泻懈泄	0.000321	0.116534	0.000037
泻褉芯谢懈泻	0.000641	0.116534	0.000075
泻褉芯屑械	0.000321	0.061875	0.000020
泻褉芯褏邪	0.000321	0.116534	0.000037
泻褉褍谐	0.000641	0.116534	0.000075
泻褉褍锌	0.001923	0.105361	0.000203
泻褉褍锌邪	0.002885	0.116534	0.000336
泻褉褍锌褟薪芯泄	0.000321	0.116534	0.000037
泻褍斜懈薪褋泻懈泄	0.000321	0.116534	0.000037
泻褍谢械褕	0.000321	0.040822	0.000013
泻褍谢懈薪邪褉懈褟	0.000962	0.094311	0.000091
泻褍谢懈薪邪褉薪褘泄	0.002244	0.000000	0.000000
泻褍谢懈褔	0.000641	0.040822	0.000026
泻褍褉写褋泻懈泄	0.000321	0.116534	0.000037
泻褍褉懈薪褘泄	0.001603	0.094311	0.000151
泻褍褉懈褑邪	0.001282	0.040822	0.000052
泻褍褉芯褔泻邪	0.000321	0.116534	0.000037
泻褍褋泻褍褋	0.000321	0.040822	0.000013
泻褍褏薪褟	0.002244	0.040822	0.000092
谢邪胁邪褕	0.001923	0.040822	0.000079
谢邪谐屑邪薪	0.000321	0.040822	0.000013
谢邪泻芯屑褋褌胁芯	0.000321	0.116534	0.000037
谢邪锌褕邪	0.000641	0.040822	0.000026
谢邪褌褘褕褋泻懈泄	0.000321	0.116534	0.000037
谢械谐泻芯	0.001923	0.116534	0.000224
谢械薪褌芯褔泻邪	0.000321	4.605170	0.001476
谢械锌褢褕泻邪	0.000641	0.040822	0.000026
谢械褌薪懈泄	0.000641	0.040822	0.000026
谢械褌芯	0.001923	0.116534	0.000224
谢械褔芯	0.000321	0.040822	0.000013
谢懈谐邪	0.000962	0.116534	0.000112
谢懈泻褢褉	0.000321	0.040822	0.000013
谢懈屑芯薪邪写	0.000641	0.040822	0.000026
谢懈褌芯胁褋泻	0.000321	0.127833	0.000041
谢懈褌芯胁褋泻懈泄	0.000321	0.116534	0.000037
谢芯屑褌懈泻	0.000321	3.506558	0.001124
谢褍泻	0.000321	0.301105	0.000097
谢褞斜懈屑褘泄	0.002564	0.116534	0.000299
谢褞斜懈褌褜	0.000321	0.755023	0.000242
谢褞斜芯胁褜	0.000641	0.105361	0.000068
谢褞斜芯泄	0.000321	0.094311	0.000030
谢褟	0.000321	1.771957	0.000568
谢褢谐泻懈泄	0.001282	0.094311	0.000121
谢褢写	0.000321	0.116534	0.000037
屑邪谐褉懈斜	0.000321	0.116534	0.000037
屑邪泄	0.000321	0.116534	0.000037
屑邪泄芯薪械蟹	0.000321	0.116534	0.000037
屑邪泻邪褉芯薪薪褘泄	0.000321	0.116534	0.000037
屑邪泻邪褉芯薪褘	0.000321	0.040822	0.000013
屑邪谢邪蟹懈泄褋泻懈泄	0.000321	0.116534	0.000037
屑邪薪谐芯	0.000321	4.605170	0.001476
屑邪薪薪懈泻	0.000321	0.040822	0.000013
屑邪薪褌邪	0.000321	0.116534	0.000037
屑邪薪褢胁褉	0.000321	0.116534	0.000037
屑邪褉邪褎芯薪	0.000962	0.116534	0.000112
屑邪褉懈薪邪	0.000321	2.525729	0.000810
屑邪褉懈薪邪写	0.003846	0.040822	0.000157
屑邪褉懈薪芯胁邪褌褜	0.000321	0.116534	0.000037
屑邪褉懈薪芯褔泻邪	0.000321	3.912023	0.001254
屑邪褉屑械谢邪写	0.000321	0.040822	0.000013
屑邪褉芯泻泻邪薪褋泻懈泄	0.000321	0.116534	0.000037
屑邪褉褌	0.001603	0.105361	0.000169
屑邪褋泻邪褉锌芯薪	0.000321	0.040822	0.000013
屑邪褋谢械薪懈褑邪	0.000962	0.040822	0.000039
屑邪褋谢械薪懈褔薪褘泄	0.000321	0.116534	0.000037
屑邪褋谢芯	0.004487	0.105361	0.000473
屑邪褋褌械褉	0.002885	0.116534	0.000336
屑邪褋褌懈泻邪	0.000641	0.040822	0.000026
屑邪褎褎懈薪邪	0.000321	0.116534	0.000037
屑邪褏械械胁褗	0.001282	0.116534	0.000149
屑械写懈邪褎芯褉褌	0.000962	0.000000	0.000000
屑械写芯胁褘泄	0.000321	0.116534	0.000037
屑械泻褋懈泻邪薪褋泻懈泄	0.000321	0.116534	0.000037
屑械薪褞	0.000321	0.116534	0.000037
屑械薪褟褌褜褋褟	0.000321	0.116534	0.000037
屑械褔褌邪	0.000962	0.040822	0.000039
屑械褔褌邪褌褜	0.000321	2.995732	0.000960
屑懈写懈褟	0.000321	0.040822	0.000013
屑懈泻褉芯胁芯谢薪芯胁泻邪	0.000321	0.105361	0.000034
屑懈谢褜褟	0.000321	0.116534	0.000037
屑懈薪褍褌邪	0.001923	0.544727	0.001048
屑懈芯	0.000321	0.116534	0.000037
屑懈褉	0.000641	0.105361	0.000068
屑懈褉芯胁芯泄	0.000321	0.116534	0.000037
屑懈褋芯	0.000321	0.040822	0.000013
屑懈褋褌械褉懈褟	0.000321	0.116534	0.000037
屑懈褋褌褉邪谢褜	0.002244	0.116534	0.000261
屑薪芯卸械褋褌胁芯	0.000321	0.040822	0.000013
屑芯泄	0.000641	0.083382	0.000053
屑芯谢写邪胁褋泻懈泄	0.000321	0.116534	0.000037
屑芯谢芯泻芯	0.000641	0.083382	0.000053
屑芯谢芯褌褘泄	0.000321	3.912023	0.001254
屑芯谢芯褔薪褘泄	0.000962	0.040822	0.000039
屑芯屑械薪褌	0.000962	0.105361	0.000101
屑芯薪谐芯谢褜褋泻懈泄	0.000321	0.116534	0.000037
屑芯褉械	0.000321	0.116534	0.000037
屑芯褉械锌褉芯写褍泻褌	0.004167	0.040822	0.000170
屑芯褉泻芯胁褜	0.000321	0.040822	0.000013
屑芯褉芯卸械薪芯械	0.000962	0.040822	0.000039
屑芯褉褋	0.000641	0.040822	0.000026
屑芯褌芯褉	0.000321	0.116534	0.000037
屑芯褏懈褌褘泄	0.000321	0.040822	0.000013
屑芯褔褜	0.000962	0.000000	0.000000
屑褍卸褋泻芯泄	0.000321	0.127833	0.000041
屑褍卸褔懈薪邪	0.000641	0.116534	0.000075
屑褍谢褜褌懈胁邪褉泻邪	0.012179	0.116534	0.001419
屑褍谢褜褌懈锌械泻邪褉褜	0.000962	0.116534	0.000112
屑褍褋褋	0.000321	0.040822	0.000013
屑褍褋褋邪	0.000962	0.040822	0.000039
屑褍褔薪芯泄	0.000321	0.116534	0.000037
屑褞褋谢懈	0.000641	0.116534	0.000075
屑褟谐泻懈泄	0.000321	0.755023	0.000242
屑褟褋薪芯泄	0.003526	0.040822	0.000144
屑褟褋芯	0.007372	0.040822	0.000301
薪邪胁械褉褏	0.000321	2.302585	0.000738
薪邪谐褉褍蟹泻邪	0.000321	4.605170	0.001476
薪邪蟹邪写	0.002564	0.967584	0.002481
薪邪蟹薪邪褔械薪懈械	0.000962	0.116534	0.000112
薪邪谢懈胁泻邪	0.000321	0.040822	0.000013
薪邪锌懈褌芯泻	0.002244	0.040822	0.000092
薪邪锌褉懈屑械褉	0.000321	1.771957	0.000568
薪邪褉械蟹邪褌褜	0.000321	1.897120	0.000608
薪邪褋褌芯泄泻邪	0.000321	0.040822	0.000013
薪邪褋褌褉芯械薪懈械	0.000321	0.116534	0.000037
薪邪褑懈芯薪邪谢褜薪褘泄	0.000321	0.116534	0.000037
薪邪褔懈薪泻邪	0.000962	0.040822	0.000039
薪邪褕	0.001282	0.040822	0.000052
薪械写械谢褟	0.003205	0.051293	0.000164
薪械卸薪褘泄	0.000641	0.094311	0.000060
薪械谢谢械褔泻邪	0.000321	3.912023	0.001254
薪械谢谢懈褔泻邪	0.000641	3.506558	0.002248
薪械屑械褑泻懈泄	0.000321	0.116534	0.000037
薪械芯斜褘褔薪芯	0.000321	2.813411	0.000902
薪械芯斜褟蟹邪褌械谢褜薪芯	0.000321	4.605170	0.001476
薪械芯卸懈写邪薪薪褘泄	0.000321	0.116534	0.000037
薪械褋谢邪写泻懈泄	0.000321	0.116534	0.000037
薪懈褔械谐芯	0.000321	0.941609	0.000302
薪芯胁芯谐芯写薪懈泄	0.007051	0.040822	0.000288
薪芯胁芯褋褌褜	0.000321	0.061875	0.000020
薪芯胁褘泄	0.004167	0.030459	0.000127
薪芯褉胁械卸褋泻懈泄	0.000321	0.116534	0.000037
薪褉邪胁懈褌褜褋褟	0.000321	0.941609	0.000302
芯斜械写	0.002564	0.105361	0.000270
芯斜械蟹褜褟薪邪	0.000321	0.116534	0.000037
芯斜褖邪褌褜褋褟	0.000321	0.040822	0.000013
芯斜褟蟹邪褌械谢褜薪芯	0.000321	0.967584	0.000310
芯胁芯褖	0.009936	0.094311	0.000937
芯胁芯褖薪芯泄	0.003846	0.040822	0.000157
芯胁褋褟薪褘泄	0.000321	0.105361	0.000034
芯谐薪械薪薪褘泄	0.000321	0.116534	0.000037
芯谐芯	0.001923	4.605170	0.008856
芯谐芯谐芯谐懈褖械	0.000321	4.605170	0.001476
芯谐芯薪褜	0.000321	0.094311	0.000030
芯谐褍褉械褑	0.000962	0.116534	0.000112
芯写械褋褋泻	0.000321	4.605170	0.001476
芯写薪芯泻谢邪褋褋薪懈泻	0.000321	2.407946	0.000772
芯泻芯褉芯褔泻邪	0.000321	4.605170	0.001476
芯泻褉芯褕泻邪	0.000962	0.040822	0.000039
芯谢邪写褜褟	0.000962	0.040822	0.000039
芯谢械泄薪芯泄	0.001282	0.116534	0.000149
芯谢械泄薪褘泄	0.001282	0.116534	0.000149
芯谢懈胁泻芯胁褘泄	0.001923	0.544727	0.001048
芯屑谢械褌	0.000321	0.040822	0.000013
芯锌邪褉邪	0.000321	0.040822	0.000013
芯锌褉芯褋	0.000321	0.061875	0.000020
芯锌褟褌褜	0.000962	2.040221	0.001962
芯褋械薪薪懈泄	0.001282	0.051293	0.000066
芯褋械薪褜	0.003205	0.105361	0.000338
芯褋薪芯胁薪褘泄	0.000321	0.040822	0.000013
芯褋芯斜械薪薪芯	0.000321	1.469676	0.000471
芯褋褌邪胁邪褌褜褋褟	0.000321	0.116534	0.000037
芯褋褌邪胁懈褌褜	0.000641	1.660731	0.001065
芯褋褌邪胁谢褟褌褜	0.000321	1.832581	0.000587
芯褋褌邪褌褜褋褟	0.000321	1.309333	0.000420
芯褋褌褉褘泄	0.000321	1.897120	0.000608
芯褌胁邪褉薪褘泄	0.000321	2.995732	0.000960
芯褌胁械褌	0.000641	0.000000	0.000000
芯褌胁械褌懈褌褜	0.000321	0.051293	0.000016
芯褌蟹褘胁	0.001282	2.120264	0.002718
芯褌泻褉褘褌褘泄	0.000641	0.105361	0.000068
芯褌谢懈褔薪芯	0.001603	1.514128	0.002426
芯褌谢芯卸懈褌褜	0.000321	3.912023	0.001254
芯褌屑械薪懈褌褜	0.000962	0.040822	0.000039
芯褌褉械蟹邪褌褜	0.000321	3.912023	0.001254
芯褏谢邪写懈褌褜	0.000321	0.116534	0.000037
锌邪泻械褌懈泻	0.000321	0.105361	0.000034
锌邪谢芯褔泻邪	0.000321	0.040822	0.000013
锌邪薪懈褉芯胁泻邪	0.002564	0.116534	0.000299
锌邪褉邪	0.000641	0.116534	0.000075
锌邪褉邪写	0.002244	0.116534	0.000261
锌邪褉芯胁邪褉泻邪	0.002885	0.105361	0.000304
锌邪褉芯谢褜	0.000641	0.020203	0.000013
锌邪褋褌邪	0.000962	0.040822	0.000039
锌邪褋褌褉芯屑邪	0.000321	0.040822	0.000013
锌邪褋褏邪	0.000641	0.040822	0.000026
锌邪褋褏邪谢褜薪褘泄	0.000962	0.116534	0.000112
锌邪褕褌械褌	0.000962	0.040822	0.000039
锌械泻邪褉褜	0.000321	0.127833	0.000041
锌械谢褜屑械薪褜	0.000321	0.116534	0.000037
锌械褉胁褘泄	0.001282	0.040822	0.000052
锌械褉械胁械褉薪褍褌褜	0.000321	3.912023	0.001254
锌械褉械泄褌懈	0.000321	0.040822	0.000013
锌械褉械泻褍褋	0.000641	0.116534	0.000075
锌械褉械屑械褕邪褌褜	0.000321	2.659260	0.000852
锌械褉械褑	0.003526	0.040822	0.000144
锌械褉褋芯薪邪	0.000321	0.116534	0.000037
锌械褉褍邪薪褋泻懈泄	0.000321	0.116534	0.000037
锌械褋芯褔薪褘泄	0.000962	0.105361	0.000101
锌械褌械谢懈薪泻	0.000321	0.127833	0.000041
锌械褌褉褍褕泻邪	0.000321	0.673345	0.000216
锌械褔邪褌褜	0.000321	2.302585	0.000738
锌械褔械薪懈械	0.002885	0.040822	0.000118
锌械褔械薪褜	0.000321	2.207275	0.000707
锌械褔泻邪	0.000321	3.218876	0.001032
锌械褔褜	0.000321	0.116534	0.000037
锌械褔褢薪芯褔薪褘泄	0.000321	0.040822	0.000013
锌懈胁芯	0.000321	0.116534	0.000037
锌懈泻邪薪褌	0.000321	0.127833	0.000041
锌懈泻薪懈泻	0.001282	0.105361	0.000135
锌懈褉	0.000321	0.116534	0.000037
锌懈褉芯谐	0.001282	0.040822	0.000052
锌懈褉芯卸薪芯械	0.000641	0.040822	0.000026
锌懈褉芯卸芯泻	0.000321	0.040822	0.000013
锌懈褌邪薪懈械	0.002244	0.094311	0.000212
锌懈褑褑邪	0.000641	0.040822	0.000026
锌懈褖械胁芯泄	0.000321	2.120264	0.000680
锌谢邪屑褟	0.000321	0.116534	0.000037
锌谢懈褌邪	0.001282	0.116534	0.000149
锌谢芯胁	0.000321	0.116534	0.000037
锌谢芯写	0.000321	0.116534	0.000037
锌芯胁邪褉褢薪芯泻	0.002244	0.000000	0.000000
锌芯胁懈写谢芯	0.000321	0.040822	0.000013
锌芯写邪胁邪褌褜	0.000321	1.514128	0.000485
锌芯写邪褉芯泻	0.000321	0.116534	0.000037
锌芯写械谢懈褌褜褋褟	0.000321	0.400478	0.000128
锌芯写谢懈胁	0.000321	0.116534	0.000037
锌芯写谢懈胁泻邪	0.000321	0.040822	0.000013
锌芯写锌懈褋邪褌褜褋褟	0.000962	0.040822	0.000039
锌芯写锌懈褋褘胁邪褌褜褋褟	0.000321	2.407946	0.000772
锌芯写褏芯写懈褌褜	0.000321	1.771957	0.000568
锌芯械写懈薪芯泻	0.004487	0.116534	0.000523
锌芯蟹写褉邪胁懈褌褜	0.000321	0.116534	0.000037
锌芯懈褋泻	0.000321	0.051293	0.000016
锌芯泻邪蟹邪褌褜	0.000321	1.309333	0.000420
锌芯谢	0.000321	2.995732	0.000960
锌芯谢写薪懈泻	0.000962	0.116534	0.000112
锌芯谢械蟹薪芯	0.000641	0.116534	0.000075
锌芯谢懈褌懈泻邪	0.000321	0.040822	0.000013
锌芯谢薪芯褋褌褜褞	0.000641	1.347074	0.000864
锌芯谢芯胁懈薪邪	0.002564	0.105361	0.000270
锌芯谢芯卸懈褌褜	0.000321	2.407946	0.000772
锌芯谢褍褔邪褌褜	0.001282	0.040822	0.000052
锌芯谢褍褔懈褌褜褋褟	0.000321	0.653926	0.000210
锌芯谢褔邪褋邪	0.000321	3.912023	0.001254
锌芯谢褜蟹邪	0.001603	0.116534	0.000187
锌芯谢褜蟹芯胁邪褌械谢褜	0.000321	1.309333	0.000420
锌芯谢褜褋泻懈泄	0.000321	0.116534	0.000037
锌芯屑邪写泻邪	0.000962	0.040822	0.000039
锌芯屑懈写芯褉	0.000641	0.116534	0.000075
锌芯屑懈写芯褉泻	0.000321	0.127833	0.000041
锌芯屑褘褌褜	0.000321	4.605170	0.001476
锌芯薪褉邪胁懈褌褜褋褟	0.000641	0.040822	0.000026
锌芯薪褔懈泻	0.000641	0.040822	0.000026
锌芯锌芯谢邪屑	0.000321	4.605170	0.001476
锌芯锌褉芯斜芯胁邪褌褜	0.000321	0.248461	0.000080
锌芯褉邪	0.000321	0.105361	0.000034
锌芯褉芯褕芯泻	0.000321	0.916291	0.000294
锌芯褉褌褍谐邪谢褜褋泻懈泄	0.000321	0.116534	0.000037
锌芯褋械褖邪褌褜	0.000321	0.061875	0.000020
锌芯褋褌	0.001603	0.105361	0.000169
锌芯褋褌薪褘泄	0.000962	0.040822	0.000039
锌芯褋褌芯褟薪薪芯	0.000321	0.040822	0.000013
锌芯褋褌褉芯懈褌褜	0.000321	0.105361	0.000034
锌芯褋褍写邪	0.000641	0.094311	0.000060
锌芯褌褉械斜芯胁邪褌褜褋褟	0.000321	2.525729	0.000810
锌芯褏芯卸懈泄	0.000321	0.994252	0.000319
锌芯褔械屑褍	0.000321	1.203973	0.000386
锌芯褔褌邪	0.000641	0.040822	0.000026
锌芯褕邪谐芯胁褘泄	0.000321	0.040822	0.000013
锌褉邪蟹写薪懈泻	0.000321	0.105361	0.000034
锌褉邪蟹写薪懈褔薪芯	0.000321	0.116534	0.000037
锌褉邪蟹写薪懈褔薪褘泄	0.000962	0.105361	0.000101
锌褉邪泻褌懈泻褍屑	0.000321	0.116534	0.000037
锌褉械胁芯褋褏芯写薪褘泄	0.000321	0.116534	0.000037
锌褉械胁褉邪褖械薪懈械	0.000321	0.116534	0.000037
锌褉械写褋褌邪胁谢褟褌褜	0.000321	1.714798	0.000550
锌褉械褋薪褘泄	0.000321	0.116534	0.000037
锌褉懈谐芯褌芯胁懈褌褜	0.002885	0.083382	0.000241
锌褉懈谐芯褌芯胁谢械薪懈械	0.000962	0.040822	0.000039
锌褉懈蟹	0.000321	0.040822	0.000013
锌褉懈蟹薪邪薪懈械	0.000321	0.116534	0.000037
锌褉懈薪褑	0.000321	4.605170	0.001476
锌褉懈锌褉邪胁邪	0.000321	0.040822	0.000013
锌褉懈锌褉邪胁懈褌褜	0.000321	3.506558	0.001124
锌褉懈褉芯写邪	0.000641	0.105361	0.000068
锌褉懈褋褌褍锌懈褌褜	0.000321	0.040822	0.000013
锌褉懈褟褌薪芯	0.000321	2.813411	0.000902
锌褉芯斜芯胁邪褌褜	0.001282	0.843970	0.001082
锌褉芯胁械褉懈褌褜	0.001923	0.116534	0.000224
锌褉芯胁械褋褌懈	0.001282	0.116534	0.000149
锌褉芯胁懈写械薪褋	0.000321	4.605170	0.001476
锌褉芯胁芯写懈褌褜	0.000321	0.040822	0.000013
锌褉芯胁芯卸邪褌褜	0.000321	0.116534	0.000037
锌褉芯写褍泻褌	0.001603	0.072571	0.000116
锌褉芯械泻褌	0.000641	0.051293	0.000033
锌褉芯褋褌芯	0.001282	0.083382	0.000107
锌褉芯褋褌芯泻胁邪褕邪	0.000321	0.040822	0.000013
锌褉芯褎懈谢褜	0.000321	0.040822	0.000013
锌褉褟屑芯	0.000321	0.040822	0.000013
锌褉褟薪懈泻	0.000641	0.040822	0.000026
锌褉褟薪懈褔薪褘泄	0.000321	0.116534	0.000037
锌褌懈褑邪	0.006090	0.116534	0.000710
锌褍写懈薪谐	0.000962	0.040822	0.000039
锌褍薪褕	0.000321	0.040822	0.000013
锌褍褌械褕械褋褌胁懈械	0.000641	0.116534	0.000075
锌褍褌褜	0.000321	0.116534	0.000037
锌褕械薪芯	0.000641	3.506558	0.002248
锌褘褕泻邪	0.000321	0.040822	0.000013
锌褞褉械	0.001923	0.040822	0.000079
锌褟褌褜	0.000962	1.771957	0.001704
锌褟褌褜写械褋褟褌	0.000321	3.912023	0.001254
褉邪谐褍	0.000321	0.116534	0.000037
褉邪蟹	0.000962	0.356675	0.000343
褉邪蟹胁械褉薪褍褌褜	0.000321	0.116534	0.000037
褉邪蟹写械谢褜薪褘泄	0.000321	0.116534	0.000037
褉邪蟹谢懈褔薪褘泄	0.001282	1.714798	0.002198
褉邪蟹薪褘泄	0.000321	0.094311	0.000030
褉邪蟹芯谐褉械胁	0.000321	3.912023	0.001254
褉邪蟹褉械蟹邪褌褜	0.000321	3.506558	0.001124
褉邪褋褋芯谢褜薪懈泻	0.000962	0.040822	0.000039
褉邪褋褋褘谢泻邪	0.000321	0.061875	0.000020
褉械邪泻褑懈褟	0.000321	4.605170	0.001476
褉械斜褢薪芯泻	0.000321	0.094311	0.000030
褉械谐懈褋褌褉邪褑懈褟	0.001282	0.000000	0.000000
褉械谐懈褋褌褉懈褉芯胁邪褌褜褋褟	0.000321	2.302585	0.000738
褉械写泻芯	0.000321	3.218876	0.001032
褉械褑械锌褌	0.035897	0.040822	0.001465
褉懈褋	0.001923	0.040822	0.000079
褉懈褌屑	0.000321	0.116534	0.000037
褉芯谐邪谢懈泻	0.000321	0.040822	0.000013
褉芯写薪褘泄	0.000321	0.116534	0.000037
褉芯卸写械薪懈械	0.000321	0.105361	0.000034
褉芯卸写械褋褌胁芯	0.000321	0.116534	0.000037
褉芯谢谢	0.000641	0.040822	0.000026
褉芯谢谢褌芯薪	0.000321	0.116534	0.000037
褉芯屑	0.000321	0.040822	0.000013
褉褍斜褉懈泻邪褌芯褉	0.000321	0.051293	0.000016
褉褍谢械褌	0.003526	0.040822	0.000144
褉褍屑褘薪褋泻懈泄	0.000321	0.116534	0.000037
褉褍屑褟薪褘泄	0.000321	0.116534	0.000037
褉褍薪械褌	0.000321	0.020203	0.000006
褉褍褋褋泻懈泄	0.000321	0.105361	0.000034
褉褘斜邪	0.008333	0.040822	0.000340
褉褘斜薪褘泄	0.003205	0.105361	0.000338
褉褟卸械薪泻邪	0.000321	0.116534	0.000037
褋邪泄褌	0.002564	0.000000	0.000000
褋邪谢邪褌	0.011859	0.040822	0.000484
褋邪谢邪褌薪褘泄	0.000321	0.116534	0.000037
褋邪屑芯谐芯薪	0.000321	0.040822	0.000013
褋邪屑褘泄	0.000641	0.105361	0.000068
褋邪褎	0.000962	0.116534	0.000112
褋邪褎褋械屑邪	0.000321	0.116534	0.000037
褋邪褏邪褉	0.000641	0.105361	0.000068
褋斜懈褌械薪褜	0.000321	0.040822	0.000013
褋斜褉褘蟹薪褍褌褜	0.000321	4.605170	0.001476
褋胁械卸械褋褌褜	0.000321	0.105361	0.000034
褋胁械泻芯谢褜薪懈泻	0.000641	0.040822	0.000026
褋胁械褌	0.001282	0.116534	0.000149
褋胁械褌邪	0.001282	0.116534	0.000149
褋胁懈薪懈薪	0.001282	0.116534	0.000149
褋胁懈薪懈薪邪	0.000321	0.040822	0.000013
褋胁褢泻谢邪	0.000321	0.040822	0.000013
褋谐褍褖褢薪泻邪	0.000321	0.040822	0.000013
褋写械褉卸邪褌褜	0.000321	3.506558	0.001124
褋械蟹芯薪	0.000321	0.116534	0.000037
褋械泄谢褜	0.000321	4.605170	0.001476
褋械泄褔邪褋	0.000962	0.030459	0.000029
褋械泻褉械褌	0.000641	0.116534	0.000075
褋械谢褢写泻邪	0.000321	0.040822	0.000013
褋械屑械泄薪褘泄	0.000321	0.116534	0.000037
褋械屑褜褟	0.000321	0.116534	0.000037
褋械褉写褑械胁懈薪邪	0.000321	4.605170	0.001476
褋懈写褉	0.000321	0.040822	0.000013
褋懈褉懈泄褋泻懈泄	0.000321	0.116534	0.000037
褋懈褉芯锌	0.002244	0.040822	0.000092
褋懈褋褌械屑邪	0.000321	0.040822	0.000013
褋懈褌懈	0.000321	0.127833	0.000041
褋泻邪蟹泻邪	0.000321	0.116534	0.000037
褋泻芯胁芯褉芯写邪	0.001282	1.386294	0.001777
褋泻芯胁芯褉芯写泻邪	0.000321	1.660731	0.000532
褋谢邪写泻懈泄	0.006410	0.040822	0.000262
褋谢邪写泻芯	0.000321	0.116534	0.000037
褋谢械写褍褞褖懈泄	0.000321	1.386294	0.000444
褋谢懈胁芯褔薪褘泄	0.000321	0.105361	0.000034
褋谢芯泄泻邪	0.000641	0.040822	0.000026
褋谢芯褢薪褘泄	0.000962	0.116534	0.000112
褋屑械褌邪薪邪	0.000321	0.105361	0.000034
褋屑械褕邪薪薪褘泄	0.000321	0.116534	0.000037
褋屑械褕邪褌褜	0.000321	2.407946	0.000772
褋屑芯褌褉械褌褜褋褟	0.000321	2.659260	0.000852
褋屑芯褔褜	0.000321	0.040822	0.000013
褋屑褍蟹懈	0.000962	0.040822	0.000039
褋屑褘褋谢	0.000321	2.525729	0.000810
褋薪褝泻	0.000321	0.116534	0.000037
褋芯斜懈褉邪褌褜褋褟	0.000321	0.040822	0.000013
褋芯胁械褉褕械薪褋褌胁芯	0.001603	0.116534	0.000187
褋芯胁械褌	0.000321	0.040822	0.000013
褋芯胁械褌芯胁邪褌褜	0.001282	1.139434	0.001461
褋芯谐谢邪褕邪褌褜褋褟	0.000321	0.040822	0.000013
褋芯蟹写邪胁邪褌褜	0.000321	0.105361	0.000034
褋芯泻	0.000962	0.040822	0.000039
褋芯谢械薪懈械	0.000641	0.116534	0.000075
褋芯谢薪械褔薪褘泄	0.000321	0.116534	0.000037
褋芯谢褜	0.001923	0.127833	0.000246
褋芯谢褟薪泻邪	0.000641	0.040822	0.000026
褋芯谢褢薪褘泄	0.000962	0.116534	0.000112
褋芯褋褌邪胁懈褌褜	0.000321	0.116534	0.000037
褋芯褍褋	0.005769	0.040822	0.000236
褋芯褏褉邪薪褟褌褜	0.000321	0.040822	0.000013
褋芯褑褋械褌褜	0.000641	0.040822	0.000026
褋芯褔械褌邪薪懈械	0.000321	0.105361	0.000034
褋芯褔械褌邪褌褜褋褟	0.001282	2.302585	0.002952
褋芯褔薪褘泄	0.000321	0.116534	0.000037
褋锌邪谢褜薪褟	0.000962	0.415515	0.000400
褋锌邪褋懈斜芯	0.000962	0.673345	0.000647
褋锌械褌褜	0.000321	0.116534	0.000037
褋锌械褑懈邪谢褜薪褘泄	0.000641	0.094311	0.000060
褋锌械褑懈褟	0.000321	0.094311	0.000030
褋锌械褑锌褉芯械泻褌	0.010577	0.116534	0.001233
褋锌懈褋芯泻	0.000321	0.116534	0.000037
褋褉械写懈蟹械屑薪芯屑芯褉褋泻懈泄	0.000321	0.127833	0.000041
褋褉芯褔薪芯	0.000321	3.218876	0.001032
褋褌	0.001282	2.659260	0.003409
褋褌邪褌褜褟	0.000321	0.061875	0.000020
褋褌懈谢褜	0.000641	0.116534	0.000075
褋褌芯	0.000321	3.912023	0.001254
褋褌芯谢	0.002885	0.105361	0.000304
褋褌芯褉芯薪邪	0.000321	1.966113	0.000630
褋褌褉芯懈褌械谢褜褋褌胁芯	0.000641	0.040822	0.000026
褋褌褉芯懈褌褜	0.000321	0.040822	0.000013
褋褌褉芯泄薪褘泄	0.000321	0.116534	0.000037
褋褍斜锌褉芯写褍泻褌	0.003205	0.116534	0.000374
褋褍屑邪褏	0.001603	3.218876	0.005158
褋褍锌	0.006090	0.040822	0.000249
褋褍褎谢械	0.000962	0.040822	0.000039
褋褍褏邪褉褜	0.000321	0.040822	0.000013
褋褍褕懈褌褜	0.000641	0.040822	0.000026
褋褘褉	0.004167	0.040822	0.000170
褋褘褉薪懈泻	0.000962	0.040822	0.000039
褋褘褉薪褘泄	0.001282	0.040822	0.000052
褋褘褌薪褘泄	0.000641	0.105361	0.000068
褋褘褔褍卸薪褘泄	0.000321	0.127833	0.000041
褋褝薪写胁懈褔	0.000321	0.127833	0.000041
褋褞褉锌褉懈蟹	0.000321	0.116534	0.000037
褋褢屑谐邪	0.000321	0.040822	0.000013
褌邪写卸懈泻褋泻懈泄	0.000321	0.116534	0.000037
褌邪泄褋泻懈泄	0.000321	0.116534	0.000037
褌邪褉械谢芯褔泻邪	0.000321	3.218876	0.001032
褌邪褉褌	0.000321	0.116534	0.000037
褌邪褉褌邪谢械褌泻邪	0.000641	0.040822	0.000026
褌邪褌邪褉褋泻懈泄	0.000321	0.116534	0.000037
褌胁芯泄	0.000641	0.116534	0.000075
褌胁芯褉懈褌褜	0.000321	0.116534	0.000037
褌胁芯褉芯谐	0.000962	0.040822	0.000039
褌胁芯褉芯卸薪褘泄	0.001282	0.094311	0.000121
褌械谐	0.000321	2.407946	0.000772
褌械谢械谐褉邪屑	0.000321	0.040822	0.000013
褌械谢褟褌懈薪邪	0.001282	0.116534	0.000149
褌械锌谢芯	0.000321	0.116534	0.000037
褌械褉褉邪褋邪	0.000321	0.776529	0.000249
褌械褉褉懈薪邪	0.000321	0.040822	0.000013
褌械褋褌	0.003205	0.105361	0.000338
褌械褋褌芯	0.002885	0.040822	0.000118
褌械褏薪懈泻邪	0.001603	0.105361	0.000169
褌械褔械薪懈械	0.000321	2.995732	0.000960
褌屑	0.001282	0.127833	0.000164
褌芯屑邪褌薪褘泄	0.000321	1.139434	0.000365
褌芯锌谢褢薪褘泄	0.000321	0.116534	0.000037
褌芯褉褌	0.006731	0.040822	0.000275
褌褉邪胁邪	0.000321	0.094311	0.000030
褌褉邪写懈褑懈褟	0.001923	0.116534	0.000224
褌褉懈	0.000321	1.272966	0.000408
褌褉懈写褑邪褌褜	0.000321	4.605170	0.001476
褌褉懈褋褌邪	0.000321	4.605170	0.001476
褌褉褍斜芯褔泻邪	0.000321	0.040822	0.000013
褌褉褢褏谢械褌懈械	0.000321	0.116534	0.000037
褌褍薪械褑	0.000321	0.105361	0.000034
褌褍薪懈褋褋泻懈泄	0.000321	0.116534	0.000037
褌褍褉械褑泻懈泄	0.000321	0.116534	0.000037
褌褘泻胁邪	0.000321	0.040822	0.000013
褌褘泻胁械薪薪褘泄	0.000321	2.813411	0.000902
褌褝谐	0.001282	2.407946	0.003087
褌褢褉褌褘泄	0.000321	2.995732	0.000960
褌褢褖懈薪	0.000321	0.040822	0.000013
褍胁械写芯屑谢械薪懈械	0.000321	0.040822	0.000013
褍胁械谢懈褔懈褌褜	0.000641	2.995732	0.001920
褍谐谢械胁芯写	0.000641	2.407946	0.001544
褍写邪谢懈褌褜	0.000321	1.660731	0.000532
褍写邪褔薪褘泄	0.000321	0.116534	0.000037
褍写懈胁懈褌褜	0.000321	0.116534	0.000037
褍写懈胁谢褟褌褜	0.001282	0.116534	0.000149
褍写芯胁芯谢褜褋褌胁懈械	0.000321	0.116534	0.000037
褍卸	0.000321	0.693147	0.000222
褍卸懈薪	0.003526	0.094311	0.000333
褍蟹斜械泻褋泻懈泄	0.000321	0.116534	0.000037
褍懈薪褋褌芯薪	0.000321	4.605170	0.001476
褍泻褉邪懈薪褋泻懈泄	0.000321	0.116534	0.000037
褍泻褉邪褕械薪懈械	0.002564	0.116534	0.000299
褍泻褉芯锌	0.000321	0.562119	0.000180
褍锌芯褌褉械斜谢械薪懈械	0.000321	0.116534	0.000037
褍锌芯褌褉械斜谢褟褌褜	0.001282	2.207275	0.002830
褍褉邪谢褜褋泻懈泄	0.000321	0.116534	0.000037
褍褉芯胁械薪褜	0.000321	2.120264	0.000680
褍褉芯卸邪泄	0.000321	0.105361	0.000034
褍褌泻邪	0.000962	0.116534	0.000112
褍褏芯	0.000321	0.040822	0.000013
褍褔邪褋褌胁芯胁邪褌褜	0.000321	0.040822	0.000013
褍褔褢褌薪褘泄	0.000321	2.302585	0.000738
褎邪蟹械薪写邪	0.000321	0.116534	0.000037
褎邪薪褌邪蟹懈褟	0.002564	0.116534	0.000299
褎邪褉褕	0.004167	0.040822	0.000170
褎邪褉褕懈褉芯胁邪薪薪褘泄	0.001923	0.040822	0.000079
褎邪褋芯谢褜	0.000321	0.040822	0.000013
褎械胁褉邪谢褜	0.000641	0.094311	0.000060
褎械泄械褉胁械褉泻	0.000641	0.116534	0.000075
褎械薪褏械谢褜	0.011538	2.995732	0.034566
褎懈谐褍褉邪	0.000321	0.116534	0.000037
褎懈薪褋泻懈泄	0.000321	0.116534	0.000037
褎懈褉屑械薪薪褘泄	0.000321	0.116534	0.000037
褎芯薪写褞	0.000321	0.040822	0.000013
褎芯褉屑邪	0.000962	0.105361	0.000101
褎芯褉褍屑	0.001282	0.040822	0.000052
褎芯褉褕屑邪泻	0.000321	0.040822	0.000013
褎褉邪薪褑懈褟	0.000321	0.116534	0.000037
褎褉邪薪褑褍蟹褋泻懈泄	0.000321	0.094311	0.000030
褎褉邪褍	0.001282	0.116534	0.000149
褎褉褍泻褌	0.001282	0.116534	0.000149
褎褉褍泻褌芯胁褘泄	0.002564	0.040822	0.000105
褎褍写	0.000321	0.116534	0.000037
褎褍褉褕械褌	0.000321	0.116534	0.000037
褏邪谢胁邪	0.000321	0.040822	0.000013
褏邪褉胁械褋褌褎械褋褌	0.000641	0.116534	0.000075
褏邪褉褔芯	0.000641	0.040822	0.000026
褏邪褕	0.000321	0.040822	0.000013
褏胁芯褉芯褋褌	0.000321	0.040822	0.000013
褏懈薪泻邪谢懈	0.000321	0.116534	0.000037
褏懈褌	0.002244	0.116534	0.000261
褏谢械斜	0.000962	0.040822	0.000039
褏谢械斜芯锌械褔泻邪	0.000321	0.116534	0.000037
褏谢芯锌褜褟	0.000641	0.094311	0.000060
褏芯蟹褟泄泻邪	0.000321	0.116534	0.000037
褏芯谢芯写械褑	0.000321	0.040822	0.000013
褏芯谢芯写薪芯械	0.000641	0.116534	0.000075
褏芯谢芯写薪褘泄	0.000641	0.116534	0.000075
褏芯褉胁邪褌褋泻懈泄	0.000321	0.116534	0.000037
褏芯褉芯褕懈泄	0.001282	0.040822	0.000052
褏芯褉芯褕芯	0.001603	0.105361	0.000169
褏芯褉褋	0.000321	0.116534	0.000037
褏芯褌械褌褜	0.000641	0.000000	0.000000
褏芯褌械褌褜褋褟	0.000321	1.237874	0.000397
褏褉褍褋褌械褌褜	0.000641	0.713350	0.000457
褏褍屑褍褋邪	0.000321	0.040822	0.000013
褑邪褉褋褌胁芯	0.000321	0.127833	0.000041
褑邪褉褜	0.000321	0.116534	0.000037
褑胁械褌薪芯泄	0.000321	0.040822	0.000013
褑械薪薪芯褋褌褜	0.000321	2.407946	0.000772
褑械薪薪褘泄	0.000321	0.040822	0.000013
褑械薪褌褉	0.000321	0.116534	0.000037
褑懈褌邪褌邪	0.000321	2.302585	0.000738
褔邪械屑褘泄	0.000321	0.116534	0.000037
褔邪泄	0.000962	0.040822	0.000039
褔邪褋	0.002244	1.139434	0.002556
褔械斜褍褉械泻	0.000641	0.040822	0.000026
褔械褉泻懈蟹芯胁褘泄	0.000641	0.116534	0.000075
褔械褋薪芯泻	0.001603	0.314711	0.000504
褔械褋薪芯褔薪褘泄	0.002244	1.427116	0.003202
褔械褋褌薪芯泄	0.000321	0.040822	0.000013
褔械褌褘褉械	0.000321	2.995732	0.000960
褔械褔械胁懈褑邪	0.000321	0.040822	0.000013
褔械褕褋泻懈泄	0.000321	0.116534	0.000037
褔懈蟹泻械泄泻	0.001282	0.040822	0.000052
褔懈谢懈	0.001603	1.237874	0.001984
褔懈谢懈泄褋泻懈泄	0.000321	0.116534	0.000037
褔懈锌褋褘	0.000321	0.040822	0.000013
褔懈褌邪褌褜	0.001282	1.832581	0.002349
褔褍写芯	0.000321	0.116534	0.000037
褔褢褉薪褘泄	0.001603	0.356675	0.000572
褕邪褉懈泻	0.000321	0.040822	0.000013
褕邪褉谢芯褌泻邪	0.000641	0.040822	0.000026
褕邪褉屑	0.000321	0.116534	0.000037
褕邪褕谢褘泻	0.004167	0.040822	0.000170
褕胁械写褋泻懈泄	0.000321	0.116534	0.000037
褕胁械泄褑邪褉褋泻懈泄	0.000321	0.116534	0.000037
褕械写械胁褉	0.000321	0.116534	0.000037
褕械褋褌褜	0.000321	3.912023	0.001254
褕械褎	0.000321	0.127833	0.000041
褕懈锌褍褔泻邪	0.000321	0.040822	0.000013
褕懈褉芯泻懈泄	0.000321	0.127833	0.000041
褕泻芯谢邪	0.000321	0.116534	0.000037
褕薪懈褌	0.000321	4.605170	0.001476
褕芯泻芯谢邪写	0.000321	0.040822	0.000013
褕芯褌谢邪薪写褋泻懈泄	0.000321	0.116534	0.000037
褕褌	0.000321	2.525729	0.000810
褕褌褉褍写械谢褜	0.000321	0.040822	0.000013
褕褍褉锌邪	0.000321	0.040822	0.000013
褖械写褉褘泄	0.000321	0.116534	0.000037
褖械锌芯褌泻邪	0.000641	3.912023	0.002508
褖懈	0.000641	0.040822	0.000026
褝泻芯屑懈谢泻	0.000321	0.127833	0.000041
褝谢械泻褌褉懈褔械褋泻懈泄	0.000321	3.912023	0.001254
褝屑芯褑懈褟	0.000321	3.912023	0.001254
褝薪械褉谐械褌懈褔械褋泻懈泄	0.000321	2.407946	0.000772
褝褉泻械褉	0.000321	2.040221	0.000654
褝褋褌芯薪褋泻懈泄	0.000321	0.116534	0.000037
褞谐芯褋谢邪胁褋泻懈泄	0.000321	0.116534	0.000037
褟谐芯写薪褘泄	0.001282	0.105361	0.000135
褟蟹褘泻	0.000321	0.040822	0.000013
褟泄褑芯	0.001923	0.040822	0.000079
褟薪写械泻褋	0.000321	0.072571	0.000023
褟锌芯薪褋泻懈泄	0.000641	0.051293	0.000033
褟褉泻懈泄	0.000321	0.116534	0.000037
褟褉泻芯	0.000321	0.105361	0.000034
