谢械屑屑邪	TF	IDF	TF-IDF
邪斜褏邪蟹褋泻懈泄	0.000276	0.116534	0.000032
邪胁谐褍褋褌	0.000276	0.843970	0.000233
邪胁褋褌褉邪谢懈泄褋泻懈泄	0.000276	0.116534	0.000032
邪胁褋褌褉懈泄褋泻懈泄	0.000276	0.116534	0.000032
邪胁褌芯泻谢邪胁	0.000276	0.116534	0.000032
邪胁褌芯褉	0.000551	0.040822	0.000023
邪谐褉芯	0.000276	0.116534	0.000032
邪写卸懈泻邪	0.000276	0.040822	0.000011
邪蟹	0.000276	0.127833	0.000035
邪蟹械褉斜邪泄写卸邪薪褋泻懈泄	0.000276	0.116534	0.000032
邪蟹懈邪褌褋泻懈泄	0.000276	0.127833	0.000035
邪蟹褍	0.000276	2.813411	0.000776
邪泄褉邪薪	0.000276	0.040822	0.000011
邪泻胁邪褌懈泻	0.000827	0.127833	0.000106
邪谢械泻褋械泄	0.000276	0.127833	0.000035
邪谢泻芯谐芯谢褜	0.000827	0.116534	0.000096
邪谢泻芯谐芯谢褜薪褘泄	0.000276	0.116534	0.000032
邪谢褜褟薪褋	0.000276	0.116534	0.000032
邪屑械褉懈泻邪薪褋泻懈泄	0.000276	0.116534	0.000032
邪薪谐谢懈泄褋泻懈泄	0.000276	0.116534	0.000032
邪薪写褉械泄	0.000276	0.127833	0.000035
邪锌锌械褌懈褌	0.000276	2.302585	0.000635
邪锌褉械谢褜	0.000276	0.544727	0.000150
邪褉邪斜褋泻懈泄	0.000276	0.116534	0.000032
邪褉谐械薪褌懈薪褋泻懈泄	0.000276	0.116534	0.000032
邪褉屑褟薪褋泻懈泄	0.000276	0.116534	0.000032
邪褉芯屑邪褌薪褘泄	0.000551	0.693147	0.000382
邪褋褋芯褉褌懈	0.000551	0.116534	0.000064
邪褌谢邪薪褌	0.000276	0.116534	0.000032
邪褎谐邪薪褋泻懈泄	0.000276	0.116534	0.000032
邪褎褉懈泻邪薪褋泻懈泄	0.000276	0.116534	0.000032
邪褝褉芯谐褉懈谢褜	0.002757	0.116534	0.000321
斜邪斜褍褕泻邪	0.000276	2.207275	0.000609
斜邪斜褍褕泻懈薪	0.000276	3.912023	0.001079
斜邪蟹懈谢懈泻	0.000551	1.609438	0.000887
斜邪泻谢邪卸邪薪	0.003309	0.040822	0.000135
斜邪谢泻芯薪	0.000276	2.120264	0.000585
斜邪谢褌泻芯屑邪	0.000276	0.127833	0.000035
斜邪褉邪薪懈薪邪	0.001103	0.116534	0.000129
斜邪褋屑邪褌懈	0.000551	0.127833	0.000070
斜邪褋褌褍褉屑	0.000276	0.040822	0.000011
斜邪褋褌褍褉屑邪	0.000276	0.040822	0.000011
斜邪褌芯薪	0.000551	1.514128	0.000835
斜邪褌芯薪褔懈泻	0.000276	0.127833	0.000035
斜邪褕泻懈褉褋泻懈泄	0.000276	0.116534	0.000032
斜械蟹邪谢泻芯谐芯谢褜薪褘泄	0.000276	0.116534	0.000032
斜械蟹谐谢褞褌械薪芯胁芯械	0.000276	0.116534	0.000032
斜械蟹械	0.001103	0.040822	0.000045
斜械谢械斜械械胁褋泻懈泄	0.000551	0.116534	0.000064
斜械谢芯泻芯褔邪薪薪褘泄	0.002206	0.967584	0.002134
斜械谢芯褉褍褋褋泻懈泄	0.000276	0.116534	0.000032
斜械谢褘泄	0.000276	1.237874	0.000341
斜械谢褜谐懈泄褋泻懈泄	0.000276	0.116534	0.000032
斜械褉械屑械薪薪邪褟	0.000276	0.116534	0.000032
斜械褋械写懈薪	0.000276	0.127833	0.000035
斜懈谐褍褋	0.000276	3.506558	0.000967
斜懈褋泻胁懈褌	0.000551	0.040822	0.000023
斜懈褋泻胁懈褌薪褘泄	0.000827	0.105361	0.000087
斜懈褌芯褔械泻	0.000276	1.897120	0.000523
斜谢邪谐芯写邪褉薪褘泄	0.000551	1.660731	0.000916
斜谢懈蟹泻懈械	0.000276	2.659260	0.000733
斜谢懈蟹泻懈泄	0.000827	0.116534	0.000096
斜谢懈薪	0.001654	0.040822	0.000068
斜谢懈薪褔懈泻	0.000276	1.714798	0.000473
斜谢褞写芯	0.042735	0.040822	0.001745
斜芯斜芯胁褘泄	0.007720	0.116534	0.000900
斜芯谢谐邪褉褋泻懈泄	0.000827	0.116534	0.000096
斜芯谢褜褕芯泄	0.000551	0.094311	0.000052
斜芯褉褖	0.000551	0.040822	0.000023
斜芯褌胁懈薪褜褟	0.000276	0.040822	0.000011
斜褉邪蟹懈谢褜褋泻懈泄	0.000276	0.116534	0.000032
斜褉邪褍蟹械褉	0.000276	0.040822	0.000011
斜褉邪褍薪懈	0.000276	0.040822	0.000011
斜褉械褋褌	0.000276	0.127833	0.000035
斜褉芯泻泻芯谢懈	0.000276	0.040822	0.000011
斜褍卸械薪懈薪邪	0.000276	0.040822	0.000011
斜褍谢芯褔泻邪	0.000827	0.040822	0.000034
斜褍谢褜芯薪	0.003860	0.040822	0.000158
斜褍褉谐械褉	0.000551	0.040822	0.000023
斜褍褉褟褌褋泻懈泄	0.000276	0.116534	0.000032
斜褍褌械褉斜褉芯写	0.001103	0.040822	0.000045
斜褘褋褌褉芯	0.000551	0.094311	0.000052
斜褘褋褌褉褘泄	0.000827	0.094311	0.000078
胁邪卸薪褘泄	0.000276	0.116534	0.000032
胁邪谢谢懈泄褋泻懈泄	0.000276	0.116534	0.000032
胁邪褉械薪懈械	0.000551	0.040822	0.000023
胁邪褉械薪懈泻	0.000276	0.116534	0.000032
胁邪褉懈邪薪褌	0.000551	0.356675	0.000197
胁邪褌褉褍褕泻邪	0.000276	0.040822	0.000011
胁邪褎谢褟	0.000551	0.040822	0.000023
胁邪褕	0.001103	0.000000	0.000000
胁胁芯写懈褌褜	0.000276	0.040822	0.000011
胁写芯褏薪芯胁械薪懈械	0.001654	0.116534	0.000193
胁写芯褏薪芯胁谢褟褌褜褋褟	0.000276	0.116534	0.000032
胁写褉褍谐	0.000551	2.407946	0.001328
胁械谐械褌邪褉懈邪薪褋泻懈泄	0.000551	0.116534	0.000064
胁械谢懈泻懈泄	0.000551	0.116534	0.000064
胁械谢懈泻芯谢械锌薪褘泄	0.000276	1.427116	0.000393
胁械薪谐械褉褋泻懈泄	0.000276	0.116534	0.000032
胁械褉邪	0.000276	3.506558	0.000967
胁械褋械薪薪懈泄	0.000276	0.051293	0.000014
胁械褋薪邪	0.001654	0.116534	0.000193
胁械褌褔懈薪邪	0.000276	0.094311	0.000026
胁蟹褟褌褜	0.000276	1.171183	0.000323
胁懈写械芯	0.000551	0.116534	0.000064
胁懈写械芯褉械褑械锌褌	0.000276	0.301105	0.000083
胁懈泻邪	0.000276	3.506558	0.000967
胁懈薪芯	0.000551	0.040822	0.000023
胁泻褍褋	0.003033	0.105361	0.000320
胁泻褍褋薪芯	0.001379	0.094311	0.000130
胁泻褍褋薪褘泄	0.004136	0.061875	0.000256
胁泻褍褋薪褟褌懈薪邪	0.000276	2.207275	0.000609
胁谢褞斜懈褌褜	0.000276	0.116534	0.000032
胁屑械褋褌械	0.000276	0.916291	0.000253
胁薪邪褔邪谢械	0.001103	0.248461	0.000274
胁薪懈屑邪薪懈械	0.000276	1.237874	0.000341
胁薪褍褌褉懈	0.000276	1.469676	0.000405
胁芯写邪	0.001379	0.094311	0.000130
胁芯泄褌懈	0.000276	0.000000	0.000000
胁芯谢芯胁邪薪	0.000276	0.116534	0.000032
胁芯谢褕械斜薪褘泄	0.000276	0.116534	0.000032
胁芯谢褕械斜褋褌胁芯	0.000276	0.116534	0.000032
胁芯芯斜褖械	0.000551	1.386294	0.000764
胁芯锌褉芯褋	0.000276	0.000000	0.000000
胁芯褋锌芯屑懈薪邪薪懈械	0.000276	2.302585	0.000635
胁芯褋锌褉懈薪褟褌褜	0.000276	3.506558	0.000967
胁芯褋褌芯褔薪褘泄	0.000276	0.127833	0.000035
胁褉械屑褟	0.002481	0.105361	0.000261
胁褋锌芯屑薪懈褌褜	0.000276	0.040822	0.000011
胁褌芯褉芯械	0.000276	0.116534	0.000032
胁褌芯褉芯泄	0.000276	0.116534	0.000032
胁褏芯写	0.000827	0.030459	0.000025
胁褘谐谢褟写械褌褜	0.000276	1.469676	0.000405
胁褘泄褌懈	0.000276	0.040822	0.000011
胁褘锌械褔泻邪	0.004136	0.040822	0.000169
胁褘褉褍褔邪谢芯褔泻邪	0.000276	1.560648	0.000430
胁褜械褌薪邪屑褋泻懈泄	0.000276	0.116534	0.000032
谐邪胁邪泄褋泻懈泄	0.000276	0.116534	0.000032
谐邪褉薪懈褉	0.001930	0.040822	0.000079
谐邪褋锌邪褔芯	0.000276	0.040822	0.000011
谐械芯谐褉邪褎懈褟	0.000276	0.116534	0.000032
谐谢邪胁薪褘泄	0.000276	0.040822	0.000011
谐谢邪蟹褍褉褜	0.000827	0.040822	0.000034
谐谢懈薪褌胁械泄薪	0.000276	0.040822	0.000011
谐芯胁褟写懈薪邪	0.001103	0.116534	0.000129
谐芯写	0.006617	0.083382	0.000552
谐芯谢谢邪薪写褋泻懈泄	0.000276	0.116534	0.000032
谐芯褉芯写	0.000276	0.116534	0.000032
谐芯褉芯褏	0.000276	0.116534	0.000032
谐芯褉芯褕械泻	0.000551	2.302585	0.001270
谐芯褉褔懈褑邪	0.000827	0.040822	0.000034
谐芯褉褕芯褔械泻	0.000551	0.040822	0.000023
谐芯褉褟褔械械	0.000551	0.116534	0.000064
谐芯褉褟褔懈泄	0.020127	0.105361	0.002121
谐芯褋褌褜	0.000551	0.116534	0.000064
谐芯褌芯胁懈褌褜	0.004963	0.083382	0.000414
谐芯褌芯胁懈褌褜褋褟	0.000276	0.371064	0.000102
谐褉械薪泻邪	0.000551	0.040822	0.000023
谐褉械褔械褋泻懈泄	0.000827	0.116534	0.000096
谐褉械褔泻邪	0.000276	0.040822	0.000011
谐褉懈斜	0.009098	0.040822	0.000371
谐褉懈斜薪芯泄	0.000827	0.040822	0.000034
谐褉懈斜芯褔械泻	0.000276	3.218876	0.000887
谐褉懈谢褜	0.002757	0.105361	0.000290
谐褉懈谢褜屑邪薪懈褟	0.000276	0.116534	0.000032
谐褉芯谐	0.000276	0.040822	0.000011
谐褉褍写泻邪	0.000551	0.967584	0.000534
谐褉褍蟹懈薪褋泻懈泄	0.000276	0.116534	0.000032
谐褉褍锌锌邪	0.000276	0.061875	0.000017
谐褍褉屑	0.000276	0.127833	0.000035
谐褍褉屑邪薪	0.000276	2.813411	0.000776
谐褍褉屑邪薪懈褟	0.001654	0.116534	0.000193
谐褍褋褜	0.000551	0.105361	0.000058
写邪胁邪褌褜	0.000276	0.040822	0.000011
写邪薪薪褘械	0.000276	0.040822	0.000011
写邪褉	0.000276	0.116534	0.000032
写邪褌邪	0.000551	0.248461	0.000137
写邪褌褋泻懈泄	0.000276	0.116534	0.000032
写邪褌褜	0.000276	0.040822	0.000011
写邪褔薪褘泄	0.000827	0.116534	0.000096
写械胁芯褔泻邪	0.000276	1.171183	0.000323
写械泄褋褌胁懈褌械谢褜薪芯	0.000276	1.832581	0.000505
写械泻芯褉	0.000276	0.127833	0.000035
写械谢邪褌褜	0.000551	0.083382	0.000046
写械谢懈褌褜褋褟	0.000551	0.040822	0.000023
写械谢芯	0.000276	0.105361	0.000029
写械屑芯锌芯谢懈褋	0.000276	4.605170	0.001270
写械薪褜	0.002757	0.040822	0.000113
写械褋械褉褌	0.004687	0.040822	0.000191
写械褋械褉褌邪褑懈褟	0.000276	0.116534	0.000032
写械褋械褉褌薪褘泄	0.000276	0.116534	0.000032
写械褋褟褌褘泄	0.000276	3.912023	0.001079
写卸械屑	0.000276	0.040822	0.000011
写卸械屑邪	0.000276	0.040822	0.000011
写蟹械薪	0.000276	0.116534	0.000032
写懈械褌邪	0.000551	0.094311	0.000052
写懈泻懈泄	0.000827	0.116534	0.000096
写懈锌	0.000276	0.116534	0.000032
写懈褔褜	0.000827	0.116534	0.000096
写薪械胁薪懈泻	0.000276	0.061875	0.000017
写芯斜邪胁懈褌褜	0.000276	0.083382	0.000023
写芯斜邪胁泻邪	0.000551	2.302585	0.001270
写芯斜邪胁谢械薪懈械	0.000276	0.223144	0.000062
写芯斜邪胁谢褟褌褜	0.000551	0.040822	0.000023
写芯斜褉芯褎谢芯褌	0.000276	0.127833	0.000035
写芯胁械褉褟褌褜	0.000276	0.116534	0.000032
写芯胁芯谢褜薪褘泄	0.000276	1.897120	0.000523
写芯屑	0.003033	0.040822	0.000124
写芯屑邪褕薪懈泄	0.003584	0.040822	0.000146
写芯褉芯谐芯泄	0.000276	1.139434	0.000314
写褉邪泄胁	0.001379	0.127833	0.000176
写褉芯卸卸械胁芯泄	0.000276	0.116534	0.000032
写褉褍谐	0.000276	0.544727	0.000150
写褍褏	0.000276	2.407946	0.000664
写褍褏芯胁泻邪	0.001103	0.105361	0.000116
写褍褕邪	0.000827	0.105361	0.000087
写褍褕懈褋褌褘泄	0.000551	1.237874	0.000683
械胁褉械泄褋泻懈泄	0.000276	0.116534	0.000032
械谐懈锌械褌褋泻懈泄	0.000276	0.116534	0.000032
械写懈薪褘泄	0.000276	0.000000	0.000000
械泻芯	0.000276	0.127833	0.000035
卸邪褉懈褌褜褋褟	0.000276	2.120264	0.000585
卸邪褉泻芯械	0.000276	0.040822	0.000011
卸械谢邪械屑褘泄	0.000276	1.469676	0.000405
卸械谢械	0.000827	0.040822	0.000034
卸械薪褋泻懈泄	0.000551	0.020203	0.000011
卸械薪褖懈薪邪	0.000551	0.061875	0.000034
卸懈蟹薪褜	0.000551	0.040822	0.000023
卸褍谢褜械薪	0.000276	0.040822	0.000011
卸褍褉薪邪谢	0.000276	0.072571	0.000020
卸褞谢褜械薪	0.000276	0.040822	0.000011
卸褞谢褜薪褘泄	0.000276	0.040822	0.000011
蟹邪胁邪褉薪芯泄	0.000551	0.116534	0.000064
蟹邪胁褌褉邪泻	0.002206	0.094311	0.000208
蟹邪谐芯褌芯胁泻邪	0.001103	0.040822	0.000045
蟹邪写邪胁邪褌褜	0.000276	0.040822	0.000011
蟹邪泻胁邪褋泻邪	0.000827	0.040822	0.000034
蟹邪泻褉褘褌褘泄	0.000276	0.116534	0.000032
蟹邪泻褍褋泻邪	0.005790	0.040822	0.000236
蟹邪泻褍褋芯薪褔懈泻	0.000276	0.116534	0.000032
蟹邪泻褍褋芯褔泻邪	0.000276	0.116534	0.000032
蟹邪泻褍褋芯褔薪邪褟	0.002481	0.116534	0.000289
蟹邪谢懈胁薪芯械	0.000551	0.040822	0.000023
蟹邪屑械褌懈褌褜	0.000276	2.407946	0.000664
蟹邪屑械褔邪褌械谢褜薪褘泄	0.000276	0.713350	0.000197
蟹邪屑芯褉芯蟹泻邪	0.000276	0.105361	0.000029
蟹邪薪褟褌褜	0.000276	2.525729	0.000696
蟹邪锌邪写	0.000276	0.116534	0.000032
蟹邪锌械泻邪薪泻邪	0.003033	0.040822	0.000124
蟹邪锌械泻邪褌褜褋褟	0.000276	2.407946	0.000664
蟹邪锌械褔褜	0.000827	0.916291	0.000758
蟹邪锌褉邪胁泻邪	0.000551	0.040822	0.000023
蟹邪褉械谐懈褋褌褉懈褉芯胁邪褌褜褋褟	0.000551	0.030459	0.000017
蟹邪褋芯谢泻邪	0.000276	0.116534	0.000032
蟹邪褏芯写懈褌褜	0.000276	0.733969	0.000202
蟹邪褟褑	0.000551	0.116534	0.000064
蟹胁邪薪褘泄	0.000276	0.127833	0.000035
蟹胁械蟹写邪	0.000276	0.116534	0.000032
蟹胁褢蟹写薪褘泄	0.000276	0.116534	0.000032
蟹写芯褉芯胁褘泄	0.000827	0.116534	0.000096
蟹写芯褉芯胁褜械	0.000276	1.897120	0.000523
蟹械谢械薪褜	0.003033	0.094311	0.000286
蟹械谢褢薪褘泄	0.001103	0.820981	0.000905
蟹械褎懈褉	0.000276	0.040822	0.000011
蟹懈屑邪	0.001103	0.040822	0.000045
蟹懈屑薪懈泄	0.000276	0.051293	0.000014
蟹薪邪褌褜	0.000276	0.462035	0.000127
蟹芯谢芯褌懈褋褌褘泄	0.000551	2.407946	0.001328
蟹芯谢芯褌芯泄	0.000276	0.116534	0.000032
蟹褉邪蟹邪	0.000827	2.040221	0.001688
懈胁邪薪芯胁	0.000276	0.127833	0.000035
懈写械邪谢褜薪褘泄	0.001930	0.116534	0.000225
懈写械泄泻邪	0.000276	0.116534	0.000032
懈写褌懈	0.000276	1.832581	0.000505
懈蟹写械谢懈械	0.001654	0.116534	0.000193
懈蟹屑械薪懈褌褜	0.000276	2.407946	0.000664
懈泻褉邪	0.000827	0.040822	0.000034
懈屑褟	0.000276	0.030459	0.000008
懈薪胁械褉褌芯褉薪褘泄	0.000276	0.127833	0.000035
懈薪谐褉械写懈械薪褌	0.009650	0.139262	0.001344
懈薪写械泄泻邪	0.001654	0.094311	0.000156
懈薪写懈泄褋泻懈	0.000276	2.659260	0.000733
懈薪写懈泄褋泻懈泄	0.000551	0.116534	0.000064
懈薪写懈谢邪泄褌邪	0.000827	0.116534	0.000096
懈薪写懈褉械褋薪褘泄	0.000276	0.116534	0.000032
懈薪芯泄	0.000276	2.040221	0.000563
懈薪褋褌褉褍泻褑懈褟	0.000276	0.030459	0.000008
懈薪褌械褉械褋薪芯	0.000276	1.660731	0.000458
懈薪褌械褉械褋薪褘泄	0.000276	0.916291	0.000253
懈薪褌械褉薪械褌	0.000276	0.967584	0.000267
懈褉邪泻褋泻懈泄	0.000276	0.116534	0.000032
懈褉邪薪褋泻懈泄	0.000276	0.116534	0.000032
懈褉谢邪薪写褋泻懈泄	0.000276	0.116534	0.000032
懈褉褉械蟹邪	0.000276	1.347074	0.000371
懈褋泻邪褌褜	0.000276	1.108663	0.000306
懈褋泻谢褞褔懈褌褜	0.000276	1.469676	0.000405
懈褋泻褉械薪薪械	0.000276	0.116534	0.000032
懈褋谢邪薪写褋泻懈泄	0.000276	0.116534	0.000032
懈褋锌邪薪褋泻懈泄	0.000276	0.116534	0.000032
懈褋锌械褔褜	0.000276	0.105361	0.000029
懈褋褌芯褉懈褟	0.001654	0.116534	0.000193
懈褋褌芯褔薪懈泻	0.000276	2.407946	0.000664
懈褌邪谢懈褟	0.000551	0.105361	0.000058
懈褌邪谢褜褟薪褋泻懈泄	0.000276	0.105361	0.000029
懈褞谢褜	0.000551	0.579818	0.000320
懈褞薪褜	0.000827	0.562119	0.000465
泄芯谐褍褉褌	0.000827	0.040822	0.000034
泻邪斜邪褔泻芯胁褘泄	0.001103	1.832581	0.002021
泻邪斜邪褔芯泻	0.003309	0.040822	0.000135
泻邪胁泻邪蟹褋泻懈泄	0.000276	0.116534	0.000032
泻邪蟹邪薪	0.000276	0.116534	0.000032
泻邪蟹邪褏褋泻懈泄	0.000276	0.116534	0.000032
泻邪泻邪芯	0.000551	0.040822	0.000023
泻邪谢械泄写芯褋泻芯锌	0.001103	0.116534	0.000129
泻邪谢屑褘褑泻懈泄	0.000276	0.116534	0.000032
泻邪谢褜屑邪褉	0.000276	0.040822	0.000011
泻邪屑械褉邪	0.000276	0.116534	0.000032
泻邪薪邪写褋泻懈泄	0.000276	0.116534	0.000032
泻邪薪邪谢	0.000827	0.040822	0.000034
泻邪薪邪锌械	0.000551	0.040822	0.000023
泻邪锌褍褋褌邪	0.005514	0.040822	0.000225
泻邪锌褍褋褌薪褘泄	0.000551	1.609438	0.000887
泻邪锌褍褋褌薪褟泻	0.000276	0.040822	0.000011
泻邪褉邪屑械谢褜	0.000276	0.040822	0.000011
泻邪褉泻邪褋薪褘泄	0.001103	0.116534	0.000129
泻邪褉褌芯褎械谢褜	0.002481	0.040822	0.000101
泻邪褉褌芯褎械谢褜薪褘泄	0.002206	0.040822	0.000090
泻邪褉褌芯褕泻邪	0.000551	0.040822	0.000023
泻邪褌械谐芯褉懈褟	0.004687	0.116534	0.000546
泻邪褔械褋褌胁芯	0.000551	0.105361	0.000058
泻邪褕邪	0.001930	0.040822	0.000079
泻胁邪褋	0.001103	0.040822	0.000045
泻胁邪褋薪芯泄	0.000827	0.116534	0.000096
泻械泻褋	0.000827	0.040822	0.000034
泻械褎懈褉	0.000276	0.040822	0.000011
泻懈屑褔邪褌褜	0.000276	0.040822	0.000011
泻懈薪芯邪	0.000551	0.127833	0.000070
泻懈薪芯谢械薪褌邪	0.000276	0.116534	0.000032
泻懈褋械谢褜	0.000551	0.040822	0.000023
泻懈褌邪泄褋泻懈泄	0.000276	0.116534	0.000032
泻谢邪褋褋	0.002481	0.116534	0.000289
泻谢邪褋褋懈褔械褋泻懈泄	0.000827	1.427116	0.001180
泻薪懈谐邪	0.000827	0.040822	0.000034
泻芯泻褌械泄谢褜	0.001654	0.040822	0.000068
泻芯谢斜邪褋邪	0.000276	0.040822	0.000011
泻芯谢斜邪褋薪褘泄	0.000827	0.116534	0.000096
泻芯屑邪薪写邪	0.000551	0.127833	0.000070
泻芯屑懈	0.000276	0.116534	0.000032
泻芯屑屑械薪褌邪褉懈泄	0.000276	0.127833	0.000035
泻芯屑锌邪薪懈褟	0.000276	0.105361	0.000029
泻芯屑锌芯褌	0.000827	0.040822	0.000034
泻芯薪械褔薪芯	0.000276	0.527633	0.000145
泻芯薪懈薪邪	0.000276	0.116534	0.000032
泻芯薪泻褍褉褋	0.059829	0.040822	0.002442
泻芯薪泻褍褉褋薪褘泄	0.000276	0.127833	0.000035
泻芯薪褋械褉胁懈褉芯胁邪薪懈械	0.000276	0.040822	0.000011
泻芯薪褋械褉胁懈褉芯胁邪薪薪褘泄	0.001379	0.116534	0.000161
泻芯薪褎械褌邪	0.000827	0.040822	0.000034
泻芯薪褎械褌褌懈	0.000276	0.116534	0.000032
泻芯薪褎懈写械薪褑懈邪谢褜薪芯褋褌褜	0.000276	0.040822	0.000011
泻芯薪褎懈褌褞褉	0.000276	0.040822	0.000011
泻芯锌褔褢薪芯褋褌褜	0.000276	0.116534	0.000032
泻芯褉械泄褋泻懈	0.000276	0.040822	0.000011
泻芯褉械泄褋泻懈泄	0.000276	0.105361	0.000029
泻芯褉卸懈泻	0.000276	0.040822	0.000011
泻芯褉懈邪薪写褉	0.000551	1.469676	0.000810
泻芯褉屑懈褌褜	0.000276	0.116534	0.000032
泻芯褉芯褔泻邪	0.000827	1.309333	0.001083
泻芯褌谢械褌邪	0.002206	0.040822	0.000090
泻芯褌谢械褌泻邪	0.000551	2.659260	0.001466
泻芯褎械	0.000551	0.040822	0.000023
泻褉邪褋懈胁褘泄	0.000276	0.843970	0.000233
泻褉邪褋泻邪	0.000276	0.116534	0.000032
泻褉械邪褌懈胁	0.000276	0.127833	0.000035
泻褉械屑	0.000827	0.040822	0.000034
泻褉械锌泻懈泄	0.000276	0.116534	0.000032
泻褉械锌芯褋褌褜	0.000276	2.813411	0.000776
泻褉芯谢懈泻	0.000551	0.116534	0.000064
泻褉芯屑械	0.000276	0.061875	0.000017
泻褉芯褏邪	0.000276	0.116534	0.000032
泻褉褍谐	0.000551	0.116534	0.000064
泻褉褍锌	0.001654	0.105361	0.000174
泻褉褍锌邪	0.003033	0.116534	0.000353
泻褉褍锌褟薪芯泄	0.000276	0.116534	0.000032
泻褍斜懈薪褋泻懈泄	0.000276	0.116534	0.000032
泻褍泻褍褉褍蟹邪	0.000551	2.525729	0.001393
泻褍谢械褕	0.000276	0.040822	0.000011
泻褍谢懈薪邪褉	0.000276	1.386294	0.000382
泻褍谢懈薪邪褉懈褟	0.000827	0.094311	0.000078
泻褍谢懈薪邪褉薪褘泄	0.001930	0.000000	0.000000
泻褍谢懈褔	0.000551	0.040822	0.000023
泻褍褉写褋泻懈泄	0.000276	0.116534	0.000032
泻褍褉懈薪褘泄	0.004963	0.094311	0.000468
泻褍褉懈褑邪	0.001654	0.040822	0.000068
泻褍褉芯褔泻邪	0.000276	0.116534	0.000032
泻褍褋泻褍褋	0.000276	0.040822	0.000011
泻褍褏薪褟	0.002481	0.040822	0.000101
泻褍褔械褉懈泻邪褋	0.000551	3.912023	0.002157
谢邪胁邪褕	0.001654	0.040822	0.000068
谢邪胁褉芯胁褘泄	0.000551	1.139434	0.000628
谢邪谐屑邪薪	0.000551	0.040822	0.000023
谢邪写薪褘泄	0.000276	3.912023	0.001079
谢邪泻芯屑褋褌胁芯	0.000276	0.116534	0.000032
谢邪锌褕邪	0.000551	0.040822	0.000023
谢邪褉懈褋邪	0.000276	2.407946	0.000664
谢邪褌褘褕褋泻懈泄	0.000276	0.116534	0.000032
谢邪褏邪薪芯褉懈蟹芯	0.000551	2.407946	0.001328
谢械谐泻芯	0.001930	0.116534	0.000225
谢械锌褢褕泻邪	0.000551	0.040822	0.000023
谢械褌薪懈泄	0.000551	0.040822	0.000023
谢械褌芯	0.001930	0.116534	0.000225
谢械褔芯	0.000276	0.040822	0.000011
谢懈谐邪	0.000827	0.116534	0.000096
谢懈泻褢褉	0.000276	0.040822	0.000011
谢懈屑芯薪邪写	0.000551	0.040822	0.000023
谢懈屑芯薪薪褘泄	0.000551	0.713350	0.000393
谢懈褋褌	0.000551	0.843970	0.000465
谢懈褌芯胁褋泻	0.000276	0.127833	0.000035
谢懈褌芯胁褋泻懈泄	0.000276	0.116534	0.000032
谢懈褔薪褘泄	0.000276	2.813411	0.000776
谢懈褕薪懈泄	0.000276	1.560648	0.000430
谢褍泻	0.006066	0.301105	0.001826
谢褞斜懈屑褘泄	0.002481	0.116534	0.000289
谢褞斜懈褌械谢褜	0.000276	1.386294	0.000382
谢褞斜懈褌褜	0.000827	0.755023	0.000625
谢褞斜芯胁褜	0.000827	0.105361	0.000087
谢褞斜芯泄	0.000276	0.094311	0.000026
谢褢谐泻懈泄	0.001103	0.094311	0.000104
谢褢写	0.000276	0.116534	0.000032
屑邪谐褉懈斜	0.000276	0.116534	0.000032
屑邪泄	0.000551	0.116534	0.000064
屑邪泄芯薪械蟹	0.000827	0.116534	0.000096
屑邪泻邪褉芯薪薪褘泄	0.000276	0.116534	0.000032
屑邪泻邪褉芯薪褘	0.000276	0.040822	0.000011
屑邪谢邪蟹懈泄褋泻懈泄	0.000276	0.116534	0.000032
屑邪谢芯	0.000276	1.609438	0.000444
屑邪谢褜褔懈褕泻邪	0.000276	3.506558	0.000967
屑邪薪薪懈泻	0.000276	0.040822	0.000011
屑邪薪薪褘泄	0.000551	1.609438	0.000887
屑邪薪褋邪褉写邪	0.000551	0.755023	0.000416
屑邪薪褌邪	0.000276	0.116534	0.000032
屑邪薪褢胁褉	0.000276	0.116534	0.000032
屑邪褉邪褎芯薪	0.000827	0.116534	0.000096
屑邪褉懈薪邪写	0.003309	0.040822	0.000135
屑邪褉懈薪芯胁邪褌褜	0.000276	0.116534	0.000032
屑邪褉屑械谢邪写	0.000276	0.040822	0.000011
屑邪褉芯泻泻邪薪褋泻懈泄	0.000276	0.116534	0.000032
屑邪褉褌	0.001930	0.105361	0.000203
屑邪褋泻邪褉锌芯薪	0.000276	0.040822	0.000011
屑邪褋谢械薪懈褑邪	0.000827	0.040822	0.000034
屑邪褋谢械薪懈褔薪褘泄	0.000276	0.116534	0.000032
屑邪褋谢芯	0.007720	0.105361	0.000813
屑邪褋褌械褉	0.002481	0.116534	0.000289
屑邪褋褌懈泻邪	0.000551	0.040822	0.000023
屑邪褎褎懈薪邪	0.000276	0.116534	0.000032
屑邪褏械械胁褗	0.001103	0.116534	0.000129
屑械写懈邪褎芯褉褌	0.000827	0.000000	0.000000
屑械写芯胁褘泄	0.000276	0.116534	0.000032
屑械泻褋懈泻邪薪褋泻懈泄	0.000276	0.116534	0.000032
屑械薪褞	0.000276	0.116534	0.000032
屑械薪褟褌褜褋褟	0.000276	0.116534	0.000032
屑械褔褌邪	0.000827	0.040822	0.000034
屑懈写懈褟	0.000276	0.040822	0.000011
屑懈泻褉芯胁芯谢薪芯胁泻邪	0.000276	0.105361	0.000029
屑懈谢芯褔泻邪	0.000276	3.912023	0.001079
屑懈谢褜褟	0.000276	0.116534	0.000032
屑懈芯	0.000276	0.116534	0.000032
屑懈褉	0.000827	0.105361	0.000087
屑懈褉芯胁芯泄	0.000276	0.116534	0.000032
屑懈褋芯	0.000276	0.040822	0.000011
屑懈褋褌械褉懈褟	0.000276	0.116534	0.000032
屑懈褋褌褉邪谢褜	0.001930	0.116534	0.000225
屑薪芯谐懈械	0.000276	1.309333	0.000361
屑薪芯谐芯	0.000276	0.776529	0.000214
屑薪芯卸械褋褌胁芯	0.000276	0.040822	0.000011
屑芯泄	0.002206	0.083382	0.000184
屑芯谢写邪胁褋泻懈泄	0.000276	0.116534	0.000032
屑芯谢芯泻芯	0.002757	0.083382	0.000230
屑芯谢芯褔薪褘泄	0.000827	0.040822	0.000034
屑芯屑械薪褌	0.000827	0.105361	0.000087
屑芯薪谐芯谢褜褋泻懈泄	0.000276	0.116534	0.000032
屑芯褉械	0.000276	0.116534	0.000032
屑芯褉械锌褉芯写褍泻褌	0.003584	0.040822	0.000146
屑芯褉泻芯胁褜	0.003033	0.040822	0.000124
屑芯褉芯卸械薪芯械	0.000827	0.040822	0.000034
屑芯褉褋	0.000551	0.040822	0.000023
屑芯褌芯褉	0.000276	0.116534	0.000032
屑芯褏懈褌褘泄	0.000276	0.040822	0.000011
屑芯褔褜	0.000276	0.000000	0.000000
屑褍卸	0.000276	0.867501	0.000239
屑褍卸褋泻芯泄	0.000276	0.127833	0.000035
屑褍卸褔懈薪邪	0.000827	0.116534	0.000096
屑褍泻邪	0.003860	0.248461	0.000959
屑褍谢褜褌懈胁邪褉泻邪	0.010477	0.116534	0.001221
屑褍谢褜褌懈锌械泻邪褉褜	0.000827	0.116534	0.000096
屑褍褋褋	0.000276	0.040822	0.000011
屑褍褋褋邪	0.000827	0.040822	0.000034
屑褍褔薪芯泄	0.000276	0.116534	0.000032
屑褞褋谢懈	0.000551	0.116534	0.000064
屑褟谐泻懈泄	0.000551	0.755023	0.000416
屑褟褋薪芯泄	0.004687	0.040822	0.000191
屑褟褋芯	0.007168	0.040822	0.000293
屑褟褋芯械写	0.000551	3.506558	0.001934
薪邪胁械褉薪芯械	0.000276	2.207275	0.000609
薪邪写械褟褌褜褋褟	0.000276	1.609438	0.000444
薪邪蟹胁邪薪懈械	0.000276	0.562119	0.000155
薪邪蟹胁邪褌褜	0.000276	1.560648	0.000430
薪邪蟹薪邪褔械薪懈械	0.000276	0.116534	0.000032
薪邪蟹褘胁邪褌褜褋褟	0.000276	1.714798	0.000473
薪邪泄褌懈	0.000276	0.446287	0.000123
薪邪谢懈胁泻邪	0.000276	0.040822	0.000011
薪邪锌懈褌芯泻	0.001930	0.040822	0.000079
薪邪褉芯写	0.000276	2.120264	0.000585
薪邪褋褌芯泄泻邪	0.000276	0.040822	0.000011
薪邪褋褌褉芯械薪懈械	0.000276	0.116534	0.000032
薪邪褑懈芯薪邪谢褜薪褘泄	0.000276	0.116534	0.000032
薪邪褔懈薪泻邪	0.001379	0.040822	0.000056
薪邪褔懈薪芯褔泻邪	0.000276	4.605170	0.001270
薪邪褕	0.000551	0.040822	0.000023
薪械胁械褉芯褟褌薪芯	0.000276	1.386294	0.000382
薪械写械谢褟	0.002757	0.051293	0.000141
薪械卸薪褘泄	0.001379	0.094311	0.000130
薪械屑械褑泻懈泄	0.000276	0.116534	0.000032
薪械薪褍卸薪褘泄	0.000276	2.302585	0.000635
薪械芯卸懈写邪薪薪褘泄	0.000276	0.116534	0.000032
薪械褋谢邪写泻懈泄	0.000276	0.116534	0.000032
薪懈褔械谐芯	0.000276	0.941609	0.000260
薪芯胁芯谐芯写薪懈泄	0.006066	0.040822	0.000248
薪芯胁芯褋褌褜	0.000276	0.061875	0.000017
薪芯胁褘泄	0.003309	0.030459	0.000101
薪芯褉胁械卸褋泻懈泄	0.000276	0.116534	0.000032
薪芯褉屑邪谢褜薪芯	0.000276	3.506558	0.000967
芯斜械写	0.000827	0.105361	0.000087
芯斜械蟹褜褟薪邪	0.000276	0.116534	0.000032
芯斜谢邪泻芯	0.000276	2.995732	0.000826
芯斜芯卸邪褌褜	0.000276	1.386294	0.000382
芯斜褖邪褌褜褋褟	0.000276	0.040822	0.000011
芯斜褘褔薪褘泄	0.000276	1.386294	0.000382
芯斜褟蟹邪褌械谢褜薪芯	0.000276	0.967584	0.000267
芯胁芯褖	0.015715	0.094311	0.001482
芯胁芯褖薪芯泄	0.004411	0.040822	0.000180
芯胁褋褟薪褘泄	0.000827	0.105361	0.000087
芯谐薪械薪薪褘泄	0.000276	0.116534	0.000032
芯谐芯薪褜	0.000276	0.094311	0.000026
芯谐褉芯屑薪褘泄	0.000276	0.867501	0.000239
芯谐褍褉械褑	0.000551	0.116534	0.000064
芯泻褉芯褕泻邪	0.000827	0.040822	0.000034
芯泻褌褟斜褉褜	0.000551	0.562119	0.000310
芯谢邪写褜褟	0.000827	0.040822	0.000034
芯谢械泄薪芯泄	0.001103	0.116534	0.000129
芯谢械泄薪褘泄	0.001103	0.116534	0.000129
芯谢懈胁泻芯胁褘泄	0.001654	0.544727	0.000901
芯屑谢械褌	0.000276	0.040822	0.000011
芯锌邪褉邪	0.000276	0.040822	0.000011
芯锌褉芯褋	0.000276	0.061875	0.000017
芯褉懈谐懈薪邪谢褜薪芯	0.000276	3.218876	0.000887
芯褋械薪薪懈泄	0.001103	0.051293	0.000057
芯褋械薪褜	0.002757	0.105361	0.000290
芯褋薪芯胁邪	0.000276	2.040221	0.000563
芯褋薪芯胁薪褘泄	0.000276	0.040822	0.000011
芯褋芯斜械薪薪芯	0.000276	1.469676	0.000405
芯褋芯斜芯	0.000276	2.302585	0.000635
芯褋芯斜褘泄	0.000276	2.525729	0.000696
芯褋褌邪胁邪褌褜褋褟	0.000276	0.116534	0.000032
芯褋褌邪褌褜褋褟	0.000276	1.309333	0.000361
芯褌胁械褌	0.000551	0.000000	0.000000
芯褌胁械褌懈褌褜	0.000276	0.051293	0.000014
芯褌写褘褏邪褌褜	0.000276	2.040221	0.000563
芯褌泻褉褘褌褘泄	0.000551	0.105361	0.000058
芯褌谢懈褔邪褌褜褋褟	0.000276	1.469676	0.000405
芯褌屑械薪懈褌褜	0.000276	0.040822	0.000011
芯褌薪芯褋懈褌褜褋褟	0.000276	1.714798	0.000473
芯褌薪芯褕械薪懈械	0.000276	1.714798	0.000473
芯褌褋褌邪胁邪褌褜	0.000276	3.506558	0.000967
芯褏谢邪写懈褌褜	0.000276	0.116534	0.000032
芯褔械褉械写薪芯泄	0.000276	1.514128	0.000417
锌邪泻械褌懈泻	0.000276	0.105361	0.000029
锌邪谢芯褔泻邪	0.000551	0.040822	0.000023
锌邪薪懈褉芯胁泻邪	0.002206	0.116534	0.000257
锌邪薪懈褉芯胁芯褔薪褘泄	0.002206	1.309333	0.002888
锌邪锌邪	0.000276	2.995732	0.000826
锌邪锌褉懈泻邪	0.000551	1.171183	0.000646
锌邪褉邪	0.000276	0.116534	0.000032
锌邪褉邪写	0.001930	0.116534	0.000225
锌邪褉芯胁邪褉泻邪	0.002481	0.105361	0.000261
锌邪褉芯谢褜	0.000276	0.020203	0.000006
锌邪褋褌邪	0.001379	0.040822	0.000056
锌邪褋褌褉芯屑邪	0.000276	0.040822	0.000011
锌邪褋褏邪	0.000551	0.040822	0.000023
锌邪褋褏邪谢褜薪褘泄	0.000827	0.116534	0.000096
锌邪褕褌械褌	0.000827	0.040822	0.000034
锌械泻邪褉褜	0.000276	0.127833	0.000035
锌械谢褜屑械薪褜	0.000276	0.116534	0.000032
锌械褉胁褘泄	0.001103	0.040822	0.000045
锌械褉械泄褌懈	0.000276	0.040822	0.000011
锌械褉械泻褍褋	0.000551	0.116534	0.000064
锌械褉械褋屑芯褌褉械褌褜	0.000276	2.302585	0.000635
锌械褉械褑	0.006341	0.040822	0.000259
锌械褉褋芯薪邪	0.000276	0.116534	0.000032
锌械褉褍邪薪褋泻懈泄	0.000276	0.116534	0.000032
锌械褋芯褔薪褘泄	0.000827	0.105361	0.000087
锌械褌械谢懈薪泻	0.000276	0.127833	0.000035
锌械褌褉芯胁	0.000276	3.912023	0.001079
锌械褌褉褍褕泻邪	0.001654	0.673345	0.001114
锌械褔械薪懈械	0.002481	0.040822	0.000101
锌械褔褜	0.000276	0.116534	0.000032
锌械褔褢薪芯褔薪褘泄	0.000276	0.040822	0.000011
锌懈胁芯	0.000276	0.116534	0.000032
锌懈泻邪薪褌	0.000276	0.127833	0.000035
锌懈泻薪懈泻	0.001103	0.105361	0.000116
锌懈褉	0.000276	0.116534	0.000032
锌懈褉芯谐	0.001103	0.040822	0.000045
锌懈褉芯卸薪芯械	0.000551	0.040822	0.000023
锌懈褉芯卸芯泻	0.000276	0.040822	0.000011
锌懈褋邪褌褜	0.000551	2.120264	0.001169
锌懈褌邪薪懈械	0.001654	0.094311	0.000156
锌懈褑褑邪	0.000551	0.040822	0.000023
锌懈褖邪	0.000276	2.207275	0.000609
锌谢邪胁谢械薪褘泄	0.000551	1.237874	0.000683
锌谢邪屑褟	0.000276	0.116534	0.000032
锌谢懈褌邪	0.001103	0.116534	0.000129
锌谢芯胁	0.000276	0.116534	0.000032
锌谢芯写	0.000276	0.116534	0.000032
锌芯胁邪褉褢薪芯泻	0.001654	0.000000	0.000000
锌芯胁械褉褜褌械	0.000276	2.040221	0.000563
锌芯胁懈写谢芯	0.000276	0.040822	0.000011
锌芯写邪褉芯泻	0.000276	0.116534	0.000032
锌芯写邪褌褜	0.000551	1.427116	0.000787
锌芯写斜芯褉	0.000276	1.514128	0.000417
锌芯写械谢懈褌褜褋褟	0.000827	0.400478	0.000331
锌芯写谢懈胁	0.000276	0.116534	0.000032
锌芯写谢懈胁泻邪	0.000276	0.040822	0.000011
锌芯写芯泄褌懈	0.000276	1.272966	0.000351
锌芯写锌懈褋邪褌褜褋褟	0.000827	0.040822	0.000034
锌芯写褍屑邪褌褜褋褟	0.000276	3.912023	0.001079
锌芯械写懈薪芯泻	0.003860	0.116534	0.000450
锌芯卸邪谢械褌褜	0.000276	1.771957	0.000489
锌芯蟹写褉邪胁懈褌褜	0.000276	0.116534	0.000032
锌芯懈褋泻	0.000276	0.051293	0.000014
锌芯谢	0.000276	2.995732	0.000826
锌芯谢写薪懈泻	0.000551	0.116534	0.000064
锌芯谢械蟹薪芯	0.000551	0.116534	0.000064
锌芯谢懈褌懈泻邪	0.000276	0.040822	0.000011
锌芯谢薪芯褋褌褜褞	0.000276	1.347074	0.000371
锌芯谢芯胁懈薪邪	0.002206	0.105361	0.000232
锌芯谢褍褔邪褌褜	0.000551	0.040822	0.000023
锌芯谢褍褔邪褌褜褋褟	0.000276	0.328504	0.000091
锌芯谢褜蟹邪	0.001930	0.116534	0.000225
锌芯谢褜褋泻懈泄	0.000276	0.116534	0.000032
锌芯屑邪写泻邪	0.000827	0.040822	0.000034
锌芯屑懈写芯褉	0.001654	0.116534	0.000193
锌芯屑懈写芯褉泻	0.000276	0.127833	0.000035
锌芯薪褉邪胁懈褌褜褋褟	0.000551	0.040822	0.000023
锌芯薪褔懈泻	0.000551	0.040822	0.000023
锌芯锌褉芯斜芯胁邪褌褜	0.000276	0.248461	0.000069
锌芯锌褉芯褋懈褌褜	0.000276	2.302585	0.000635
锌芯褉邪	0.000276	0.105361	0.000029
锌芯褉芯褕芯泻	0.000551	0.916291	0.000505
锌芯褉褌褍谐邪谢褜褋泻懈泄	0.000276	0.116534	0.000032
锌芯褋械褖邪褌褜	0.000276	0.061875	0.000017
锌芯褋褌	0.002206	0.105361	0.000232
锌芯褋褌懈褌褜褋褟	0.000551	2.207275	0.001217
锌芯褋褌薪褘泄	0.001654	0.040822	0.000068
锌芯褋褌芯褟薪薪芯	0.000276	0.040822	0.000011
锌芯褋褌褉芯懈褌褜	0.000276	0.105361	0.000029
锌芯褋褍写邪	0.000551	0.094311	0.000052
锌芯褌褉褟褋邪褞褖械	0.000276	1.560648	0.000430
锌芯褍褔邪褋褌胁芯胁邪褌褜	0.000276	3.506558	0.000967
锌芯褔褌邪	0.000276	0.040822	0.000011
锌芯褕邪谐芯胁褘泄	0.000551	0.040822	0.000023
锌褉邪蟹写薪懈泻	0.000276	0.105361	0.000029
锌褉邪蟹写薪懈褔薪芯	0.000276	0.116534	0.000032
锌褉邪蟹写薪懈褔薪褘泄	0.000827	0.105361	0.000087
锌褉邪泻褌懈泻褍屑	0.000276	0.116534	0.000032
锌褉械胁芯褋褏芯写薪褘泄	0.000276	0.116534	0.000032
锌褉械胁褉邪褖械薪懈械	0.000276	0.116534	0.000032
锌褉械写谢芯卸懈褌褜	0.000827	1.108663	0.000917
锌褉械写芯褋褌邪褌芯褔薪芯	0.000276	3.506558	0.000967
锌褉械写褋褌邪胁懈褌褜	0.000551	1.347074	0.000743
锌褉械泻谢芯薪褟褌褜褋褟	0.000276	2.813411	0.000776
锌褉械褋薪褘泄	0.000276	0.116534	0.000032
锌褉懈谐芯写懈褌褜褋褟	0.000276	1.560648	0.000430
锌褉懈谐芯褌芯胁懈褌褜	0.000551	0.083382	0.000046
锌褉懈谐芯褌芯胁谢械薪懈械	0.001379	0.040822	0.000056
锌褉懈蟹	0.000276	0.040822	0.000011
锌褉懈蟹薪邪薪懈械	0.000276	0.116534	0.000032
锌褉懈锌褉邪胁邪	0.000276	0.040822	0.000011
锌褉懈锌褢泻	0.000276	3.218876	0.000887
锌褉懈褉芯写邪	0.000551	0.105361	0.000058
锌褉懈褋褌褍锌懈褌褜	0.000276	0.040822	0.000011
锌褉芯斜芯胁邪褌褜	0.000276	0.843970	0.000233
锌褉芯胁械褉懈褌褜	0.001654	0.116534	0.000193
锌褉芯胁械褋褌懈	0.001103	0.116534	0.000129
锌褉芯胁芯写懈褌褜	0.000276	0.040822	0.000011
锌褉芯胁芯卸邪褌褜	0.000276	0.116534	0.000032
锌褉芯写褍泻褌	0.000276	0.072571	0.000020
锌褉芯械泻褌	0.000551	0.051293	0.000028
锌褉芯懈褋褏芯卸写械薪懈械	0.000276	3.506558	0.000967
锌褉芯锌邪写邪褌褜	0.000551	3.912023	0.002157
锌褉芯褋屑芯褌褉	0.000276	0.274437	0.000076
锌褉芯褋褌芯	0.002206	0.083382	0.000184
锌褉芯褋褌芯泄	0.000827	0.301105	0.000249
锌褉芯褋褌芯泻胁邪褕邪	0.000276	0.040822	0.000011
锌褉芯褋褜斜邪	0.000276	2.120264	0.000585
锌褉芯褌懈胁	0.000276	3.218876	0.000887
锌褉芯褎懈谢褜	0.000276	0.040822	0.000011
锌褉芯褑械褋褋	0.000276	2.525729	0.000696
锌褉褟屑芯	0.000276	0.040822	0.000011
锌褉褟薪懈泻	0.000551	0.040822	0.000023
锌褉褟薪懈褔薪褘泄	0.000276	0.116534	0.000032
锌褌懈褑邪	0.005238	0.116534	0.000610
锌褍写懈薪谐	0.000827	0.040822	0.000034
锌褍薪褕	0.000276	0.040822	0.000011
锌褍褌械褕械褋褌胁懈械	0.000551	0.116534	0.000064
锌褍褌褜	0.000276	0.116534	0.000032
锌褕械薪懈褔薪褘泄	0.003860	0.287682	0.001110
锌褘褕泻邪	0.000276	0.040822	0.000011
锌褞褉械	0.001379	0.040822	0.000056
褉邪胁薪芯写褍褕薪褘泄	0.000276	2.407946	0.000664
褉邪谐褍	0.000276	0.116534	0.000032
褉邪蟹	0.000551	0.356675	0.000197
褉邪蟹胁械褉薪褍褌褜	0.000276	0.116534	0.000032
褉邪蟹写械谢褜薪褘泄	0.000276	0.116534	0.000032
褉邪蟹薪褘泄	0.000276	0.094311	0.000026
褉邪褋褋芯谢褜薪懈泻	0.000827	0.040822	0.000034
褉邪褋褋褘谢泻邪	0.000276	0.061875	0.000017
褉邪褋褌懈褌械谢褜薪褘泄	0.003860	0.223144	0.000861
褉械斜褢薪芯泻	0.000551	0.094311	0.000052
褉械谐懈褋褌褉邪褑懈褟	0.000827	0.000000	0.000000
褉械泄褌懈薪谐	0.000276	0.235722	0.000065
褉械锌褔邪褌褘泄	0.005514	0.430783	0.002375
褉械褑械锌褌	0.029777	0.040822	0.001216
褉械褑械锌褌懈泻	0.000551	1.609438	0.000887
褉械褕懈褌褜	0.000551	0.693147	0.000382
褉懈褋	0.002206	0.040822	0.000090
褉懈褌屑	0.000276	0.116534	0.000032
褉芯谐邪谢懈泻	0.000276	0.040822	0.000011
褉芯写薪褘泄	0.000276	0.116534	0.000032
褉芯卸写械薪懈械	0.000276	0.105361	0.000029
褉芯卸写械褋褌胁芯	0.000276	0.116534	0.000032
褉芯泻	0.000276	2.813411	0.000776
褉芯谢谢	0.000551	0.040822	0.000023
褉芯谢谢褌芯薪	0.000276	0.116534	0.000032
褉芯屑	0.000276	0.040822	0.000011
褉芯褌	0.000276	1.427116	0.000393
褉褍斜褉懈泻邪褌芯褉	0.000276	0.051293	0.000014
褉褍谢械褌	0.004411	0.040822	0.000180
褉褍谢械褌懈泻芯胁褘泄	0.000276	4.605170	0.001270
褉褍屑褘薪褋泻懈泄	0.000276	0.116534	0.000032
褉褍屑褟薪褘泄	0.000276	0.116534	0.000032
褉褍薪械褌	0.000276	0.020203	0.000006
褉褍褋褋泻懈泄	0.000551	0.105361	0.000058
褉褘斜邪	0.006893	0.040822	0.000281
褉褘斜薪褘泄	0.002757	0.105361	0.000290
褉褟卸械薪泻邪	0.000276	0.116534	0.000032
褋邪泄褌	0.001654	0.000000	0.000000
褋邪谢邪褌	0.008823	0.040822	0.000360
褋邪谢邪褌薪褘泄	0.000276	0.116534	0.000032
褋邪屑芯谐芯薪	0.000276	0.040822	0.000011
褋邪屑褘泄	0.000827	0.105361	0.000087
褋邪褎	0.000827	0.116534	0.000096
褋邪褎褋械屑邪	0.000276	0.116534	0.000032
褋邪褏邪褉	0.001103	0.105361	0.000116
褋斜懈褌械薪褜	0.000276	0.040822	0.000011
褋胁械卸械褋褌褜	0.000276	0.105361	0.000029
褋胁械泻芯谢褜薪懈泻	0.000551	0.040822	0.000023
褋胁械褌	0.001103	0.116534	0.000129
褋胁械褌邪	0.001103	0.116534	0.000129
褋胁懈薪懈薪	0.001103	0.116534	0.000129
褋胁懈薪懈薪邪	0.000276	0.040822	0.000011
褋胁褢泻谢邪	0.000276	0.040822	0.000011
褋谐褍褖褢薪泻邪	0.000276	0.040822	0.000011
褋械蟹芯薪	0.000276	0.116534	0.000032
褋械泄褔邪褋	0.000827	0.030459	0.000025
褋械泻褉械褌	0.000551	0.116534	0.000064
褋械谢褢写泻邪	0.000276	0.040822	0.000011
褋械屑械泄薪褘泄	0.000276	0.116534	0.000032
褋械屑褜褟	0.000551	0.116534	0.000064
褋械薪褌褟斜褉褜	0.000276	0.673345	0.000186
褋懈写褉	0.000276	0.040822	0.000011
褋懈褉懈泄褋泻懈泄	0.000276	0.116534	0.000032
褋懈褉芯锌	0.000551	0.040822	0.000023
褋懈褋褌械屑邪	0.000276	0.040822	0.000011
褋懈褌懈	0.000276	0.127833	0.000035
褋泻邪蟹泻邪	0.000276	0.116534	0.000032
褋泻芯谢褜泻芯	0.000827	1.771957	0.001466
褋泻芯褉械械	0.000276	2.525729	0.000696
褋谢邪写泻懈泄	0.005790	0.040822	0.000236
褋谢邪写泻芯	0.000276	0.116534	0.000032
褋谢懈胁芯褔薪褘泄	0.002206	0.105361	0.000232
褋谢芯胁芯	0.000276	1.021651	0.000282
褋谢芯泄泻邪	0.000551	0.040822	0.000023
褋谢芯褢薪褘泄	0.000827	0.116534	0.000096
褋屑械褌邪薪邪	0.002206	0.105361	0.000232
褋屑械褌邪薪泻邪	0.000276	2.995732	0.000826
褋屑械褕邪薪薪褘泄	0.000276	0.116534	0.000032
褋屑芯褔褜	0.000276	0.040822	0.000011
褋屑褍蟹懈	0.000827	0.040822	0.000034
褋薪褝泻	0.000276	0.116534	0.000032
褋芯斜懈褉邪褌褜褋褟	0.000276	0.040822	0.000011
褋芯斜谢褞写邪褌褜	0.000276	2.120264	0.000585
褋芯胁械褉褕械薪褋褌胁芯	0.001379	0.116534	0.000161
褋芯胁械褌	0.000276	0.040822	0.000011
褋芯胁械褌芯胁邪褌褜	0.000276	1.139434	0.000314
褋芯胁械褌褋泻懈泄	0.000276	2.813411	0.000776
褋芯谐谢邪褕邪褌褜褋褟	0.000276	0.040822	0.000011
褋芯蟹写邪胁邪褌褜	0.000276	0.105361	0.000029
褋芯蟹写邪薪懈械	0.000551	0.261365	0.000144
褋芯泻	0.001930	0.040822	0.000079
褋芯谢械薪懈械	0.000551	0.116534	0.000064
褋芯谢薪械褔薪褘泄	0.000276	0.116534	0.000032
褋芯谢褜	0.006066	0.127833	0.000775
褋芯谢褟薪泻邪	0.000827	0.040822	0.000034
褋芯谢褢薪褘泄	0.000827	0.116534	0.000096
褋芯芯褌胁械褌褋褌胁芯胁邪褌褜	0.000276	2.120264	0.000585
褋芯褉褌懈褉芯胁邪褌褜	0.000276	0.248461	0.000069
褋芯褋褌邪胁懈褌褜	0.000276	0.116534	0.000032
褋芯褋褌邪胁谢褟褌褜	0.000276	2.525729	0.000696
褋芯褍褋	0.004687	0.040822	0.000191
褋芯褏褉邪薪褟褌褜	0.000551	0.040822	0.000023
褋芯褑褋械褌褜	0.000276	0.040822	0.000011
褋芯褔械褌邪薪懈械	0.000276	0.105361	0.000029
褋芯褔薪芯褋褌褜	0.000276	3.506558	0.000967
褋芯褔薪褘泄	0.000551	0.116534	0.000064
褋锌邪谢褜薪褟	0.000276	0.415515	0.000115
褋锌邪褋懈斜芯	0.000276	0.673345	0.000186
褋锌械褌褜	0.000276	0.116534	0.000032
褋锌械褑懈邪谢褜薪褘泄	0.000276	0.094311	0.000026
褋锌械褑懈褟	0.002481	0.094311	0.000234
褋锌械褑锌褉芯械泻褌	0.009098	0.116534	0.001060
褋锌械褕懈褌褜	0.000276	1.897120	0.000523
褋锌懈褋芯泻	0.000276	0.116534	0.000032
褋锌芯褉懈褌褜	0.000276	3.506558	0.000967
褋锌芯褋芯斜	0.000276	0.891598	0.000246
褋锌褉懈薪谐褋	0.000276	3.912023	0.001079
褋褉械写懈蟹械屑薪芯屑芯褉褋泻懈泄	0.000276	0.127833	0.000035
褋褌邪褉褘泄	0.000276	0.261365	0.000072
褋褌邪褌褜褟	0.000276	0.061875	0.000017
褋褌懈谢褜	0.000551	0.116534	0.000064
褋褌芯谢	0.002481	0.105361	0.000261
褋褌芯谢芯胁褘泄	0.000276	3.506558	0.000967
褋褌芯谢褜泻芯	0.000276	2.040221	0.000563
褋褌褉芯懈褌械谢褜褋褌胁芯	0.000551	0.040822	0.000023
褋褌褉芯懈褌褜	0.000276	0.040822	0.000011
褋褌褉芯泄薪褘泄	0.000276	0.116534	0.000032
褋褍斜锌褉芯写褍泻褌	0.002757	0.116534	0.000321
褋褍薪械谢褜	0.000551	2.207275	0.001217
褋褍锌	0.006893	0.040822	0.000281
褋褍褎谢械	0.000827	0.040822	0.000034
褋褍褏邪褉褜	0.002481	0.040822	0.000101
褋褍褕懈褌褜	0.000551	0.040822	0.000023
褋褔邪褋褌懈械	0.000276	2.120264	0.000585
褋褔邪褋褌谢懈胁褘泄	0.000276	3.506558	0.000967
褋褘褉	0.007168	0.040822	0.000293
褋褘褉薪懈泻	0.000827	0.040822	0.000034
褋褘褉薪褘泄	0.001379	0.040822	0.000056
褋褘褌薪褘泄	0.000827	0.105361	0.000087
褋褘褔褍卸薪褘泄	0.000276	0.127833	0.000035
褋褝薪写胁懈褔	0.000276	0.127833	0.000035
褋褞褉锌褉懈蟹	0.000276	0.116534	0.000032
褋褢屑谐邪	0.000276	0.040822	0.000011
褌邪写卸懈泻褋泻懈泄	0.000276	0.116534	0.000032
褌邪泄褋泻懈泄	0.000276	0.116534	0.000032
褌邪褉褌	0.000276	0.116534	0.000032
褌邪褉褌邪谢械褌泻邪	0.000551	0.040822	0.000023
褌邪褌邪褉褋泻懈泄	0.000276	0.116534	0.000032
褌邪褟褌褜	0.000276	1.514128	0.000417
褌胁芯泄	0.000551	0.116534	0.000064
褌胁芯褉懈褌褜	0.000276	0.116534	0.000032
褌胁芯褉芯谐	0.002757	0.040822	0.000113
褌胁芯褉芯卸薪褘泄	0.001103	0.094311	0.000104
褌胁褢褉写褘泄	0.002757	0.544727	0.001502
褌械谢械谐褉邪屑	0.000276	0.040822	0.000011
褌械谢褟褌懈薪邪	0.001103	0.116534	0.000129
褌械锌谢芯	0.000276	0.116534	0.000032
褌械褉褉懈薪邪	0.000276	0.040822	0.000011
褌械褋褌	0.002757	0.105361	0.000290
褌械褋褌芯	0.002481	0.040822	0.000101
褌械褏薪懈泻邪	0.001379	0.105361	0.000145
褌屑	0.001103	0.127833	0.000141
褌屑懈薪	0.000551	2.407946	0.001328
褌芯屑邪褌薪褘泄	0.001103	1.139434	0.001257
褌芯锌谢褢薪褘泄	0.000276	0.116534	0.000032
褌芯褉褌	0.005514	0.040822	0.000225
褌褉邪胁邪	0.000276	0.094311	0.000026
褌褉邪写懈褑懈芯薪薪褘泄	0.000276	1.427116	0.000393
褌褉邪写懈褑懈褟	0.001654	0.116534	0.000193
褌褉褍斜芯褔泻邪	0.000276	0.040822	0.000011
褌褉褢褏谢械褌懈械	0.000276	0.116534	0.000032
褌褌褕泻邪	0.000276	2.995732	0.000826
褌褍薪械褑	0.000276	0.105361	0.000029
褌褍薪懈褋褋泻懈泄	0.000276	0.116534	0.000032
褌褍褉械褑泻懈泄	0.000276	0.116534	0.000032
褌褍褕褢薪褘泄	0.001103	2.659260	0.002933
褌褘泻胁邪	0.000276	0.040822	0.000011
褌褘泻胁械薪薪褘泄	0.000276	2.813411	0.000776
褌褢褖懈薪	0.000276	0.040822	0.000011
褍斜械卸写褢薪薪褘泄	0.000276	3.912023	0.001079
褍胁械写芯屑谢械薪懈械	0.000276	0.040822	0.000011
褍谐芯褖邪褌褜褋褟	0.000276	0.994252	0.000274
褍写邪谢械薪懈械	0.000276	3.218876	0.000887
褍写邪褔薪褘泄	0.000276	0.116534	0.000032
褍写懈胁懈褌褜	0.000276	0.116534	0.000032
褍写懈胁谢褟褌褜	0.001103	0.116534	0.000129
褍写芯胁芯谢褜褋褌胁懈械	0.000276	0.116534	0.000032
褍卸	0.000551	0.693147	0.000382
褍卸懈薪	0.001930	0.094311	0.000182
褍蟹斜械泻褋泻懈泄	0.000276	0.116534	0.000032
褍泻褉邪懈薪褋泻懈泄	0.000276	0.116534	0.000032
褍泻褉邪褕械薪懈械	0.002206	0.116534	0.000257
褍泻褉芯锌	0.001103	0.562119	0.000620
褍泻褋褍褋	0.000551	0.562119	0.000310
褍锌芯褌褉械斜谢械薪懈械	0.000276	0.116534	0.000032
褍褉邪谢褜褋泻懈泄	0.000276	0.116534	0.000032
褍褉芯卸邪泄	0.000276	0.105361	0.000029
褍褌泻邪	0.000827	0.116534	0.000096
褍褏芯	0.000276	0.040822	0.000011
褍褔邪褋褌胁芯胁邪褌褜	0.000276	0.040822	0.000011
褎邪蟹械薪写邪	0.000276	0.116534	0.000032
褎邪谢褜褕懈胁褘泄	0.000276	3.506558	0.000967
褎邪薪褌邪蟹懈褟	0.002481	0.116534	0.000289
褎邪褉屑懈薪谐褌芯薪	0.000276	3.506558	0.000967
褎邪褉褕	0.004687	0.040822	0.000191
褎邪褉褕懈褉芯胁邪薪薪褘泄	0.001930	0.040822	0.000079
褎邪褋芯谢褜	0.000276	0.040822	0.000011
褎械胁褉邪谢褜	0.000827	0.094311	0.000078
褎械泄械褉胁械褉泻	0.000551	0.116534	0.000064
褎懈谐褍褉邪	0.000276	0.116534	0.000032
褎懈谢械	0.000551	0.916291	0.000505
褎懈薪褋泻懈泄	0.000276	0.116534	0.000032
褎懈褉屑械薪薪褘泄	0.000276	0.116534	0.000032
褎芯薪写褞	0.000276	0.040822	0.000011
褎芯褉屑邪	0.000276	0.105361	0.000029
褎芯褉褍屑	0.000551	0.040822	0.000023
褎芯褉褕屑邪泻	0.000276	0.040822	0.000011
褎褉邪薪褑懈褟	0.000276	0.116534	0.000032
褎褉邪薪褑褍蟹褋泻懈泄	0.000276	0.094311	0.000026
褎褉邪褍	0.001103	0.116534	0.000129
褎褉褍泻褌	0.001103	0.116534	0.000129
褎褉褍泻褌芯胁褘泄	0.002206	0.040822	0.000090
褎褍写	0.000276	0.116534	0.000032
褎褍褉褕械褌	0.000276	0.116534	0.000032
褏邪谢胁邪	0.000276	0.040822	0.000011
褏邪褉胁械褋褌褎械褋褌	0.000551	0.116534	0.000064
褏邪褉褔芯	0.000551	0.040822	0.000023
褏邪褕	0.000276	0.040822	0.000011
褏胁芯褉芯褋褌	0.000276	0.040822	0.000011
褏懈薪泻邪谢懈	0.000276	0.116534	0.000032
褏懈褌	0.001930	0.116534	0.000225
褏谢械斜	0.000827	0.040822	0.000034
褏谢械斜芯锌械褔泻邪	0.000276	0.116534	0.000032
褏谢芯锌芯褌薪褘泄	0.000276	2.813411	0.000776
褏谢芯锌芯褌褘	0.000276	2.813411	0.000776
褏谢芯锌褜褟	0.001103	0.094311	0.000104
褏屑械谢懈褌褜	0.000551	2.207275	0.001217
褏芯蟹褟泄泻邪	0.000276	0.116534	0.000032
褏芯谢芯写械褑	0.000276	0.040822	0.000011
褏芯谢芯写薪芯械	0.000551	0.116534	0.000064
褏芯谢芯写薪褘泄	0.000551	0.116534	0.000064
褏芯褉胁邪褌褋泻懈泄	0.000276	0.116534	0.000032
褏芯褉芯褕懈泄	0.001103	0.040822	0.000045
褏芯褉芯褕芯	0.001654	0.105361	0.000174
褏芯褉褋	0.000276	0.116534	0.000032
褏芯褌械褌褜	0.001654	0.000000	0.000000
褏褉褍褋褌械褌褜	0.000827	0.713350	0.000590
褏褍屑褍褋邪	0.000276	0.040822	0.000011
褑邪褉褋褌胁芯	0.000276	0.127833	0.000035
褑邪褉褜	0.000276	0.116534	0.000032
褑胁械褌薪芯泄	0.001103	0.040822	0.000045
褑械薪薪褘泄	0.000276	0.040822	0.000011
褑械薪褌褉	0.000276	0.116534	0.000032
褑芯泻芯谢褜薪褘泄	0.000276	3.218876	0.000887
褑褍泻泻懈薪褟	0.000551	3.506558	0.001934
褔邪械屑褘泄	0.000276	0.116534	0.000032
褔邪泄	0.000827	0.040822	0.000034
褔械斜褍褉械泻	0.000827	0.040822	0.000034
褔械谢芯胁械泻	0.000276	0.916291	0.000253
褔械屑	0.000276	0.994252	0.000274
褔械褉泻懈蟹芯胁褘泄	0.000551	0.116534	0.000064
褔械褉褉懈	0.000551	2.040221	0.001125
褔械褋薪芯泻	0.003860	0.314711	0.001215
褔械褋薪芯褔薪褘泄	0.000551	1.427116	0.000787
褔械褋褌薪芯	0.000276	1.203973	0.000332
褔械褋褌薪芯泄	0.000276	0.040822	0.000011
褔械褔械胁懈褑邪	0.000276	0.040822	0.000011
褔械褕褋泻懈泄	0.000276	0.116534	0.000032
褔懈蟹泻械泄泻	0.001103	0.040822	0.000045
褔懈谢懈	0.000551	1.237874	0.000683
褔懈谢懈泄褋泻懈泄	0.000276	0.116534	0.000032
褔懈锌褋褘	0.000276	0.040822	0.000011
褔懈褋谢芯	0.000276	0.235722	0.000065
褔褍写芯	0.000827	0.116534	0.000096
褔褢褉薪褘泄	0.004411	0.356675	0.001573
褕邪屑锌懈薪褜芯薪	0.001103	1.237874	0.001365
褕邪褉懈泻	0.000551	0.040822	0.000023
褕邪褉谢芯褌泻邪	0.000551	0.040822	0.000023
褕邪褉屑	0.000276	0.116534	0.000032
褕邪褕谢褘泻	0.003860	0.040822	0.000158
褕胁械写褋泻懈泄	0.000276	0.116534	0.000032
褕胁械泄褑邪褉褋泻懈泄	0.000276	0.116534	0.000032
褕械写械胁褉	0.000276	0.116534	0.000032
褕械褎	0.000276	0.127833	0.000035
褕懈锌褍褔泻邪	0.000276	0.040822	0.000011
褕懈褉芯泻懈泄	0.000276	0.127833	0.000035
褕泻芯谢邪	0.000276	0.116534	0.000032
褕芯泻芯谢邪写	0.000276	0.040822	0.000011
褕芯褌谢邪薪写褋泻懈泄	0.000276	0.116534	0.000032
褕褌褉褍写械谢褜	0.000276	0.040822	0.000011
褕褍褉锌邪	0.000276	0.040822	0.000011
褖械写褉褘泄	0.000276	0.116534	0.000032
褖懈	0.000827	0.040822	0.000034
褝泻芯屑懈谢泻	0.000276	0.127833	0.000035
褝薪胁褝	0.000276	3.506558	0.000967
褝褋褌芯薪褋泻懈泄	0.000276	0.116534	0.000032
褝褌邪卸	0.000276	3.218876	0.000887
褞谐芯褋谢邪胁褋泻懈泄	0.000276	0.116534	0.000032
褟谐芯写邪	0.000276	2.302585	0.000635
褟谐芯写薪褘泄	0.001103	0.105361	0.000116
褟蟹褘泻	0.000276	0.040822	0.000011
褟懈褔薪褘泄	0.000276	0.941609	0.000260
褟泄褑芯	0.004136	0.040822	0.000169
褟谢芯褉懈褋邪	0.000276	1.771957	0.000489
褟薪写械泻褋	0.000276	0.072571	0.000020
褟锌芯薪褋泻懈泄	0.000551	0.051293	0.000028
褟褉泻懈泄	0.000276	0.116534	0.000032
褟褉泻芯	0.000551	0.105361	0.000058
