谢械屑屑邪	TF	IDF	TF-IDF
邪斜褋芯谢褞褌薪芯	0.000277	1.832581	0.000508
邪斜褏邪蟹褋泻懈泄	0.000277	0.116534	0.000032
邪胁谐褍褋褌	0.000277	0.843970	0.000234
邪胁褋褌褉邪谢懈泄褋泻懈泄	0.000277	0.116534	0.000032
邪胁褋褌褉懈泄褋泻懈泄	0.000277	0.116534	0.000032
邪胁褌芯泻谢邪胁	0.000277	0.116534	0.000032
邪胁褌芯褉	0.000554	0.040822	0.000023
邪谐褉芯	0.000277	0.116534	0.000032
邪写卸懈泻邪	0.000277	0.040822	0.000011
邪蟹	0.000277	0.127833	0.000035
邪蟹械褉斜邪泄写卸邪薪褋泻懈泄	0.000554	0.116534	0.000065
邪蟹懈邪褌褋泻懈泄	0.000277	0.127833	0.000035
邪泄薪褌芯锌褎	0.000831	3.912023	0.003251
邪泄褉邪薪	0.000277	0.040822	0.000011
邪泻胁邪褌懈泻	0.000831	0.127833	0.000106
邪泻泻褍褉邪褌薪芯	0.000277	3.506558	0.000971
邪谢械泻褋械泄	0.000277	0.127833	0.000035
邪谢懈械胁	0.000554	3.506558	0.001943
邪谢泻芯谐芯谢褜	0.000831	0.116534	0.000097
邪谢泻芯谐芯谢褜薪褘泄	0.000277	0.116534	0.000032
邪谢褜褟薪褋	0.000277	0.116534	0.000032
邪屑械褉懈泻邪薪褋泻懈泄	0.000277	0.116534	0.000032
邪薪谐谢懈泄褋泻懈泄	0.000277	0.116534	0.000032
邪薪写褉械泄	0.000277	0.127833	0.000035
邪薪懈褋	0.000554	4.605170	0.002551
邪褉邪斜褋泻懈泄	0.000277	0.116534	0.000032
邪褉谐械薪褌懈薪褋泻懈泄	0.000277	0.116534	0.000032
邪褉屑褟薪褋泻懈泄	0.000277	0.116534	0.000032
邪褉芯屑邪褌薪褘泄	0.000277	0.693147	0.000192
邪褋褋芯褉褌懈	0.000554	0.116534	0.000065
邪褌谢邪薪褌	0.000277	0.116534	0.000032
邪褎谐邪薪褋泻懈泄	0.000277	0.116534	0.000032
邪褎褉懈泻邪薪褋泻懈泄	0.000277	0.116534	0.000032
邪褝褉芯谐褉懈谢褜	0.002770	0.116534	0.000323
斜邪蟹懈谢懈泻	0.001108	1.609438	0.001783
斜邪蟹芯胁褘泄	0.000554	3.912023	0.002167
斜邪泄褉邪屑	0.000277	4.605170	0.001276
斜邪泻懈薪褋泻懈泄	0.000277	4.605170	0.001276
斜邪泻谢邪卸邪薪	0.000277	0.040822	0.000011
斜邪谢褌泻芯屑邪	0.000277	0.127833	0.000035
斜邪薪邪薪	0.000554	3.218876	0.001783
斜邪薪邪薪芯胁褘泄	0.000277	3.218876	0.000892
斜邪褉邪薪懈薪邪	0.001108	0.116534	0.000129
斜邪褉褏邪褌薪褘泄	0.000554	2.659260	0.001473
斜邪褋屑邪褌懈	0.000554	0.127833	0.000071
斜邪褋褌褍褉屑	0.000277	0.040822	0.000011
斜邪褋褌褍褉屑邪	0.000277	0.040822	0.000011
斜邪褌芯薪褔懈泻	0.000277	0.127833	0.000035
斜邪褕泻懈褉褋泻懈泄	0.000277	0.116534	0.000032
斜械蟹邪谢泻芯谐芯谢褜薪褘泄	0.000277	0.116534	0.000032
斜械蟹谐谢褞褌械薪芯胁芯械	0.000277	0.116534	0.000032
斜械蟹械	0.001108	0.040822	0.000045
斜械谢械斜械械胁褋泻懈泄	0.000554	0.116534	0.000065
斜械谢芯泻芯褔邪薪薪褘泄	0.000554	0.967584	0.000536
斜械谢芯褉褍褋褋泻懈泄	0.000277	0.116534	0.000032
斜械谢褘泄	0.002493	1.237874	0.003086
斜械谢褜谐懈泄褋泻懈泄	0.000277	0.116534	0.000032
斜械薪薪懈褌褘泄	0.000277	3.912023	0.001084
斜械褉械屑械薪薪邪褟	0.000277	0.116534	0.000032
斜械褉谢懈薪	0.000277	3.912023	0.001084
斜械褋械写懈薪	0.000277	0.127833	0.000035
斜械褋锌芯写芯斜薪褘泄	0.000277	1.560648	0.000432
斜懈褋泻胁懈褌	0.000554	0.040822	0.000023
斜懈褋泻胁懈褌薪褘泄	0.000831	0.105361	0.000088
斜谢懈蟹泻懈泄	0.000554	0.116534	0.000065
斜谢懈薪	0.001939	0.040822	0.000079
斜谢褞写芯	0.030194	0.040822	0.001233
斜芯斜芯胁褘泄	0.002216	0.116534	0.000258
斜芯写褉褟褖懈泄	0.000277	4.605170	0.001276
斜芯谢谐邪褉褋泻懈泄	0.000277	0.116534	0.000032
斜芯谢褜褕芯泄	0.000554	0.094311	0.000052
斜芯薪褍褋	0.000277	3.506558	0.000971
斜芯褉褖	0.000554	0.040822	0.000023
斜芯褌胁懈薪褜褟	0.000277	0.040822	0.000011
斜褉邪蟹懈谢褜褋泻懈泄	0.000277	0.116534	0.000032
斜褉邪褍蟹械褉	0.000277	0.040822	0.000011
斜褉邪褍薪懈	0.000277	0.040822	0.000011
斜褉械褋褌	0.000277	0.127833	0.000035
斜褉芯泻泻芯谢懈	0.000277	0.040822	0.000011
斜褍卸械薪懈薪邪	0.000277	0.040822	0.000011
斜褍谢芯褔泻邪	0.000831	0.040822	0.000034
斜褍谢褜芯薪	0.006094	0.040822	0.000249
斜褍褉	0.000277	4.605170	0.001276
斜褍褉谐械褉	0.000554	0.040822	0.000023
斜褍褉褟褌褋泻懈泄	0.000277	0.116534	0.000032
斜褍褌械褉斜褉芯写	0.001108	0.040822	0.000045
斜褘胁邪褌褜	0.000277	1.897120	0.000526
斜褘褋褌褉芯	0.000277	0.094311	0.000026
斜褘褋褌褉褘泄	0.001108	0.094311	0.000104
胁邪卸薪褘泄	0.000277	0.116534	0.000032
胁邪谢谢懈泄褋泻懈泄	0.000277	0.116534	0.000032
胁邪薪懈谢懈薪	0.000554	1.609438	0.000892
胁邪薪懈谢褜	0.000554	2.813411	0.001559
胁邪褉械薪懈械	0.000554	0.040822	0.000023
胁邪褉械薪懈泻	0.000277	0.116534	0.000032
胁邪褉懈邪薪褌	0.000554	0.356675	0.000198
胁邪褉褜懈褉芯胁邪褌褜	0.000277	4.605170	0.001276
胁邪褌褉褍褕泻邪	0.000277	0.040822	0.000011
胁邪褎谢褟	0.000554	0.040822	0.000023
胁邪褕	0.001385	0.000000	0.000000
胁胁芯写懈褌褜	0.000277	0.040822	0.000011
胁写芯褏薪芯胁械薪懈械	0.001662	0.116534	0.000194
胁写芯褏薪芯胁谢褟褌褜褋褟	0.000277	0.116534	0.000032
胁械谐械褌邪褉懈邪薪褋泻懈泄	0.000554	0.116534	0.000065
胁械泻芯胁芯泄	0.000277	4.605170	0.001276
胁械谢懈泻懈泄	0.000277	0.116534	0.000032
胁械薪谐械褉褋泻懈泄	0.000277	0.116534	0.000032
胁械褋械薪薪懈泄	0.000277	0.051293	0.000014
胁械褋薪邪	0.001939	0.116534	0.000226
胁械褌褔懈薪邪	0.000277	0.094311	0.000026
胁懈写	0.000277	0.776529	0.000215
胁懈写械芯	0.000554	0.116534	0.000065
胁懈写械芯褉械褑械锌褌	0.000277	0.301105	0.000083
胁懈薪芯	0.001662	0.040822	0.000068
胁懈褕薪褟	0.000554	1.832581	0.001015
胁懈褕薪褢胁褘泄	0.000277	3.506558	0.000971
胁泻谢褞褔邪褌褜	0.000277	0.634878	0.000176
胁泻褍褋	0.004432	0.105361	0.000467
胁泻褍褋薪芯	0.001662	0.094311	0.000157
胁泻褍褋薪褘泄	0.004155	0.061875	0.000257
胁谢褞斜懈褌褜	0.000277	0.116534	0.000032
胁薪邪褔邪谢械	0.001108	0.248461	0.000275
胁芯写邪	0.002770	0.094311	0.000261
胁芯蟹褉芯卸写械薪懈械	0.000277	4.605170	0.001276
胁芯泄褋泻芯	0.000277	4.605170	0.001276
胁芯泄褌懈	0.000277	0.000000	0.000000
胁芯谢芯胁邪薪	0.000277	0.116534	0.000032
胁芯谢褕械斜薪褘泄	0.000554	0.116534	0.000065
胁芯谢褕械斜褋褌胁芯	0.000277	0.116534	0.000032
胁芯锌褉芯褋	0.000277	0.000000	0.000000
胁芯褋锌芯谢褜蟹芯胁邪褌褜褋褟	0.000277	1.832581	0.000508
胁芯褋锌芯屑懈薪邪薪懈械	0.000277	2.302585	0.000638
胁芯褋褌芯褔薪褘泄	0.000277	0.127833	0.000035
胁锌械褉胁褘械	0.000554	1.560648	0.000865
胁褉械屑褟	0.002493	0.105361	0.000263
胁褋械谐写邪	0.000554	0.653926	0.000362
胁褋锌芯屑薪懈褌褜	0.000277	0.040822	0.000011
胁褋锌芯屑薪懈褌褜褋褟	0.000277	4.605170	0.001276
胁褌芯褉芯械	0.000277	0.116534	0.000032
胁褌芯褉芯泄	0.000277	0.116534	0.000032
胁褏芯写	0.000831	0.030459	0.000025
胁褘斜芯褉	0.000277	2.813411	0.000779
胁褘泄褌懈	0.000277	0.040822	0.000011
胁褘锌械褔泻邪	0.004986	0.040822	0.000204
胁褜械褌薪邪屑褋泻懈泄	0.000277	0.116534	0.000032
谐邪胁邪泄褋泻懈泄	0.000277	0.116534	0.000032
谐邪褉邪卸	0.000277	1.078810	0.000299
谐邪褉写械薪	0.000277	3.506558	0.000971
谐邪褉薪懈褉	0.001385	0.040822	0.000057
谐邪褋锌邪褔芯	0.000277	0.040822	0.000011
谐邪褋褌褉芯薪芯屑	0.000277	3.506558	0.000971
谐胁芯蟹写懈泻	0.000554	2.302585	0.001276
谐械芯谐褉邪褎懈褟	0.000277	0.116534	0.000032
谐械褉屑邪薪懈褟	0.000554	3.506558	0.001943
谐谢邪胁薪褘泄	0.000277	0.040822	0.000011
谐谢邪蟹褍褉褜	0.000831	0.040822	0.000034
谐谢懈薪褌胁械泄薪	0.000277	0.040822	0.000011
谐芯胁芯褉懈褌褜	0.000554	1.272966	0.000705
谐芯胁褟写懈薪邪	0.001108	0.116534	0.000129
谐芯谐邪谢邪	0.001385	4.605170	0.006378
谐芯谐邪谢芯屑	0.000277	4.605170	0.001276
谐芯谐邪谢褔懈泻	0.000277	4.605170	0.001276
谐芯写	0.007202	0.083382	0.000601
谐芯谢谢邪薪写褋泻懈泄	0.000277	0.116534	0.000032
谐芯褉写芯薪	0.000277	4.605170	0.001276
谐芯褉芯写	0.000277	0.116534	0.000032
谐芯褉芯褏	0.000277	0.116534	0.000032
谐芯褉褔懈褑邪	0.000831	0.040822	0.000034
谐芯褉褕芯褔械泻	0.000554	0.040822	0.000023
谐芯褉褟褔械械	0.000554	0.116534	0.000065
谐芯褉褟褔懈泄	0.012742	0.105361	0.001343
谐芯褋褌褜	0.000554	0.116534	0.000065
谐芯褌芯胁懈褌褜	0.004432	0.083382	0.000370
谐芯褌芯胁懈褌褜褋褟	0.000277	0.371064	0.000103
谐褉械薪泻邪	0.000554	0.040822	0.000023
谐褉械褔械褋泻懈泄	0.000277	0.116534	0.000032
谐褉械褔泻邪	0.000277	0.040822	0.000011
谐褉懈斜	0.003601	0.040822	0.000147
谐褉懈斜薪芯泄	0.000554	0.040822	0.000023
谐褉懈谢褜	0.002770	0.105361	0.000292
谐褉懈谢褜屑邪薪懈褟	0.000277	0.116534	0.000032
谐褉芯谐	0.000277	0.040822	0.000011
谐褉褍写懈薪泻邪	0.001108	3.506558	0.003885
谐褉褍蟹懈薪褋泻懈泄	0.000277	0.116534	0.000032
谐褉褍锌锌邪	0.000277	0.061875	0.000017
谐褉褍褌褜	0.000277	3.506558	0.000971
谐褋胁谐	0.000277	4.605170	0.001276
谐褍褉屑	0.000277	0.127833	0.000035
谐褍褉屑邪薪	0.000277	2.813411	0.000779
谐褍褉屑邪薪懈褟	0.001662	0.116534	0.000194
谐褍褋褌芯泄	0.000277	2.407946	0.000667
谐褍褋褜	0.000554	0.105361	0.000058
写邪胁邪褌褜	0.000277	0.040822	0.000011
写邪薪薪褘械	0.000277	0.040822	0.000011
写邪褉	0.000277	0.116534	0.000032
写邪褌邪	0.000554	0.248461	0.000138
写邪褌褋泻懈泄	0.000277	0.116534	0.000032
写邪褌褜	0.000277	0.040822	0.000011
写邪褔薪褘泄	0.000831	0.116534	0.000097
写胁邪	0.000277	0.967584	0.000268
写胁邪卸写褘	0.000277	2.525729	0.000700
写械泻邪斜褉褜	0.000831	0.597837	0.000497
写械泻芯褉	0.000277	0.127833	0.000035
写械谢邪褌褜	0.001108	0.083382	0.000092
写械谢邪褌褜褋褟	0.000277	1.203973	0.000334
写械谢懈褌褜褋褟	0.000554	0.040822	0.000023
写械谢芯	0.000277	0.105361	0.000029
写械薪褜	0.002216	0.040822	0.000090
写械褋械褉褌	0.004986	0.040822	0.000204
写械褋械褉褌邪褑懈褟	0.000277	0.116534	0.000032
写械褋械褉褌薪褘泄	0.000554	0.116534	0.000065
写卸械屑	0.000277	0.040822	0.000011
写卸械屑邪	0.000277	0.040822	0.000011
写卸械薪褟褌褜	0.000277	2.659260	0.000737
写蟹械薪	0.000277	0.116534	0.000032
写懈械褌邪	0.000554	0.094311	0.000052
写懈泻懈泄	0.000831	0.116534	0.000097
写懈锌	0.000277	0.116534	0.000032
写懈褔褜	0.000831	0.116534	0.000097
写薪械胁薪懈泻	0.000277	0.061875	0.000017
写芯斜邪胁懈褌褜	0.000831	0.083382	0.000069
写芯斜邪胁谢械薪懈械	0.000277	0.223144	0.000062
写芯斜邪胁谢褟褌褜	0.000277	0.040822	0.000011
写芯斜褉芯褎谢芯褌	0.000277	0.127833	0.000035
写芯胁械褉褟褌褜	0.000277	0.116534	0.000032
写芯屑	0.003878	0.040822	0.000158
写芯屑邪褕薪懈泄	0.004432	0.040822	0.000181
写芯褉芯谐芯泄	0.000277	1.139434	0.000316
写褉邪泄胁	0.001385	0.127833	0.000177
写褉芯卸卸械胁芯泄	0.000277	0.116534	0.000032
写褉芯卸卸懈	0.001662	0.916291	0.001523
写褉褍谐	0.000277	0.544727	0.000151
写褍褏芯胁泻邪	0.001108	0.105361	0.000117
写褍褕邪	0.000831	0.105361	0.000088
写褍褕懈褋褌褘泄	0.000554	1.237874	0.000686
械胁褉械泄褋泻懈泄	0.000277	0.116534	0.000032
械谐懈锌械褌褋泻懈泄	0.000277	0.116534	0.000032
械写懈薪褋褌胁械薪薪褘泄	0.000277	3.218876	0.000892
械写懈薪褘泄	0.000277	0.000000	0.000000
械泻芯	0.000277	0.127833	0.000035
卸邪褉泻芯械	0.000277	0.040822	0.000011
卸谐褍褔懈泄	0.000554	1.966113	0.001089
卸械谢械	0.000831	0.040822	0.000034
卸械谢褌芯泻	0.001108	1.237874	0.001372
卸械薪褋泻懈泄	0.000554	0.020203	0.000011
卸械薪褖懈薪邪	0.000554	0.061875	0.000034
卸懈胁懈褌褜	0.000277	4.605170	0.001276
卸懈蟹薪褜	0.000554	0.040822	0.000023
卸懈褌褜	0.000277	2.207275	0.000611
卸褍谢褜械薪	0.000277	0.040822	0.000011
卸褍褉薪邪谢	0.000277	0.072571	0.000020
卸褞谢褜械薪	0.000277	0.040822	0.000011
卸褞谢褜薪褘泄	0.000277	0.040822	0.000011
蟹邪胁邪褉薪芯泄	0.000554	0.116534	0.000065
蟹邪胁褌褉邪泻	0.003324	0.094311	0.000313
蟹邪谐芯褌芯胁泻邪	0.002216	0.040822	0.000090
蟹邪写邪胁邪褌褜	0.000277	0.040822	0.000011
蟹邪泻胁邪褋泻邪	0.000831	0.040822	0.000034
蟹邪泻褉褘褌褘泄	0.000277	0.116534	0.000032
蟹邪泻褍褋泻邪	0.008310	0.040822	0.000339
蟹邪泻褍褋芯薪褔懈泻	0.000277	0.116534	0.000032
蟹邪泻褍褋芯褔泻邪	0.000277	0.116534	0.000032
蟹邪泻褍褋芯褔薪邪褟	0.002493	0.116534	0.000291
蟹邪谢懈胁薪芯械	0.000554	0.040822	0.000023
蟹邪屑械褌懈褌褜	0.000277	2.407946	0.000667
蟹邪屑械褔邪褌械谢褜薪褘泄	0.000277	0.713350	0.000198
蟹邪屑芯褉芯蟹泻邪	0.000277	0.105361	0.000029
蟹邪薪械褋褌懈	0.000277	4.605170	0.001276
蟹邪锌邪写	0.000277	0.116534	0.000032
蟹邪锌械泻邪薪泻邪	0.003047	0.040822	0.000124
蟹邪锌械褔褜	0.000277	0.916291	0.000254
蟹邪锌芯屑懈薪邪褌褜	0.000277	4.605170	0.001276
蟹邪锌褉邪胁泻邪	0.000554	0.040822	0.000023
蟹邪褉械谐懈褋褌褉懈褉芯胁邪褌褜褋褟	0.000554	0.030459	0.000017
蟹邪褋芯谢泻邪	0.000277	0.116534	0.000032
蟹邪褋褌邪胁懈褌褜	0.000277	3.506558	0.000971
蟹邪褌褉邪褌薪褘泄	0.000277	3.506558	0.000971
蟹邪褏芯写懈褌褜	0.000554	0.733969	0.000407
蟹邪褏芯褌械褌褜褋褟	0.000277	2.207275	0.000611
蟹邪褟褑	0.000554	0.116534	0.000065
蟹胁邪薪褘泄	0.000277	0.127833	0.000035
蟹胁械蟹写邪	0.000277	0.116534	0.000032
蟹胁褢蟹写薪褘泄	0.000277	0.116534	0.000032
蟹写芯褉芯胁褘泄	0.000554	0.116534	0.000065
蟹械谢械薪褜	0.001662	0.094311	0.000157
蟹械谢褢薪褘泄	0.000554	0.820981	0.000455
蟹械褎懈褉	0.000277	0.040822	0.000011
蟹懈屑邪	0.001108	0.040822	0.000045
蟹懈屑薪懈泄	0.000277	0.051293	0.000014
蟹懈褉邪	0.000554	3.218876	0.001783
蟹薪邪褌褜	0.000277	0.462035	0.000128
蟹芯谢芯褌芯泄	0.000277	0.116534	0.000032
懈胁邪薪芯胁	0.000277	0.127833	0.000035
懈写械邪谢褜薪褘泄	0.001939	0.116534	0.000226
懈写械泄泻邪	0.000277	0.116534	0.000032
懈蟹胁械褋褌薪褘泄	0.000277	1.049822	0.000291
懈蟹写械谢懈械	0.002493	0.116534	0.000291
懈蟹褞屑懈薪泻邪	0.000277	1.966113	0.000545
懈泻褉邪	0.000831	0.040822	0.000034
懈屑械薪芯胁邪褌褜	0.000277	3.912023	0.001084
懈屑懈褌邪褑懈褟	0.000277	4.605170	0.001276
懈屑褟	0.000277	0.030459	0.000008
懈薪邪褔械	0.000277	1.897120	0.000526
懈薪胁械褉褌芯褉薪褘泄	0.000277	0.127833	0.000035
懈薪谐褉械写懈械薪褌	0.008310	0.139262	0.001157
懈薪写械泄泻邪	0.001662	0.094311	0.000157
懈薪写懈泄褋泻懈泄	0.000277	0.116534	0.000032
懈薪写懈谢邪泄褌邪	0.000831	0.116534	0.000097
懈薪写懈褉械褋薪褘泄	0.000277	0.116534	0.000032
懈薪褋褌褉褍泻褑懈褟	0.000277	0.030459	0.000008
懈薪褌械褉薪械褌	0.000277	0.967584	0.000268
懈褉邪泻褋泻懈泄	0.000277	0.116534	0.000032
懈褉邪薪褋泻懈泄	0.000277	0.116534	0.000032
懈褉胁邪泄薪	0.000277	4.605170	0.001276
懈褉谢邪薪写褋泻懈泄	0.000277	0.116534	0.000032
懈褋泻褉械薪薪械	0.000277	0.116534	0.000032
懈褋谢邪薪写褋泻懈泄	0.000277	0.116534	0.000032
懈褋锌邪薪褋泻懈泄	0.000277	0.116534	0.000032
懈褋锌械褔褜	0.000277	0.105361	0.000029
懈褋锌芯谢薪械薪懈械	0.000277	2.525729	0.000700
懈褋褌芯褉懈褟	0.001939	0.116534	0.000226
懈褌邪泻	0.000277	1.609438	0.000446
懈褌邪谢懈褟	0.000554	0.105361	0.000058
懈褌邪谢褜褟薪褋泻	0.000277	3.218876	0.000892
懈褌邪谢褜褟薪褋泻懈泄	0.000277	0.105361	0.000029
泄芯谐褍褉褌	0.001385	0.040822	0.000057
泻邪斜邪褔芯泻	0.000277	0.040822	0.000011
泻邪胁泻邪蟹褋泻懈泄	0.000277	0.116534	0.000032
泻邪蟹邪薪	0.000277	0.116534	0.000032
泻邪蟹邪褏褋泻懈泄	0.000277	0.116534	0.000032
泻邪泻邪芯	0.001108	0.040822	0.000045
泻邪谢械泄写芯褋泻芯锌	0.001108	0.116534	0.000129
泻邪谢屑褘褑泻懈泄	0.000277	0.116534	0.000032
泻邪谢褜屑邪褉	0.000277	0.040822	0.000011
泻邪屑械褉邪	0.000277	0.116534	0.000032
泻邪薪邪写褋泻懈泄	0.000277	0.116534	0.000032
泻邪薪邪谢	0.000831	0.040822	0.000034
泻邪薪邪锌械	0.000554	0.040822	0.000023
泻邪锌褍褋褌邪	0.001385	0.040822	0.000057
泻邪锌褍褋褌薪褟泻	0.000277	0.040822	0.000011
泻邪褉邪屑械谢褜	0.000277	0.040822	0.000011
泻邪褉邪屑械谢褜薪褘泄	0.000277	2.995732	0.000830
泻邪褉写邪屑芯薪	0.000554	3.218876	0.001783
泻邪褉泻邪褋薪褘泄	0.001108	0.116534	0.000129
泻邪褉褌懈薪泻邪	0.000277	3.218876	0.000892
泻邪褉褌芯褎械谢褜	0.001662	0.040822	0.000068
泻邪褉褌芯褎械谢褜薪褘泄	0.001108	0.040822	0.000045
泻邪褉褌芯褕泻邪	0.000554	0.040822	0.000023
泻邪褌械谐芯褉懈褟	0.004432	0.116534	0.000516
泻邪褔械褋褌胁芯	0.000277	0.105361	0.000029
泻邪褕邪	0.003047	0.040822	0.000124
泻胁邪褋	0.001108	0.040822	0.000045
泻胁邪褋薪芯泄	0.000831	0.116534	0.000097
泻胁邪褕械薪褘泄	0.000277	2.813411	0.000779
泻谐	0.000277	3.912023	0.001084
泻械泻褋	0.000831	0.040822	0.000034
泻械褌褔褍锌	0.000831	1.469676	0.001221
泻械褎懈褉	0.000277	0.040822	0.000011
泻械褕褜褞	0.000554	2.995732	0.001660
泻懈屑褔邪褌褜	0.000277	0.040822	0.000011
泻懈薪蟹邪	0.000554	2.407946	0.001334
泻懈薪芯邪	0.000554	0.127833	0.000071
泻懈薪芯谢械薪褌邪	0.000277	0.116534	0.000032
泻懈褋械谢褜	0.000554	0.040822	0.000023
泻懈褌邪泄褋泻懈泄	0.000277	0.116534	0.000032
泻谢邪褋褋	0.002493	0.116534	0.000291
泻谢邪褋褋懈褔械褋泻懈泄	0.000277	1.427116	0.000395
泻谢褞泻胁邪	0.000831	3.218876	0.002675
泻薪懈谐邪	0.000831	0.040822	0.000034
泻芯泻芯褋芯胁褘泄	0.001385	2.659260	0.003683
泻芯泻褌械泄谢褜	0.001662	0.040822	0.000068
泻芯谢斜邪褋邪	0.000277	0.040822	0.000011
泻芯谢斜邪褋泻邪	0.000554	2.659260	0.001473
泻芯谢斜邪褋薪褘泄	0.000831	0.116534	0.000097
泻芯屑邪薪写邪	0.000554	0.127833	0.000071
泻芯屑懈	0.000277	0.116534	0.000032
泻芯屑屑械薪褌邪褉懈泄	0.000277	0.127833	0.000035
泻芯屑锌邪薪懈褟	0.000277	0.105361	0.000029
泻芯屑锌芯褌	0.000831	0.040822	0.000034
泻芯薪懈薪邪	0.000277	0.116534	0.000032
泻芯薪泻褍褉褋	0.059834	0.040822	0.002443
泻芯薪泻褍褉褋薪褘泄	0.000277	0.127833	0.000035
泻芯薪褋械褉胁懈褉芯胁邪薪懈械	0.000277	0.040822	0.000011
泻芯薪褋械褉胁懈褉芯胁邪薪薪褘泄	0.001385	0.116534	0.000161
泻芯薪褋懈褋褌械薪褑懈褟	0.000277	2.525729	0.000700
泻芯薪褎械褌邪	0.000831	0.040822	0.000034
泻芯薪褎械褌褌懈	0.000277	0.116534	0.000032
泻芯薪褎懈写械薪褑懈邪谢褜薪芯褋褌褜	0.000277	0.040822	0.000011
泻芯薪褎懈褌褞褉	0.000277	0.040822	0.000011
泻芯锌懈谢芯褔泻邪	0.000277	4.605170	0.001276
泻芯锌褔褢薪芯褋褌褜	0.000277	0.116534	0.000032
泻芯褉械泄褋泻懈	0.000277	0.040822	0.000011
泻芯褉械泄褋泻懈泄	0.000277	0.105361	0.000029
泻芯褉卸懈泻	0.000277	0.040822	0.000011
泻芯褉懈邪薪写褉	0.001662	1.469676	0.002443
泻芯褉懈褑邪	0.000554	1.347074	0.000746
泻芯褉懈褔薪械胁褘泄	0.001662	1.272966	0.002116
泻芯褉屑懈褌褜	0.000277	0.116534	0.000032
泻芯褉芯谢械胁邪	0.000277	3.218876	0.000892
泻芯褉芯褔泻邪	0.000277	1.309333	0.000363
泻芯褌谢械褌邪	0.000277	0.040822	0.000011
泻芯褎械	0.001108	0.040822	0.000045
泻芯褎械泄薪褘泄	0.000277	3.912023	0.001084
泻褉邪斜芯胁褘泄	0.001662	2.302585	0.003827
泻褉邪褋懈胁褘泄	0.000554	0.843970	0.000468
泻褉邪褋泻邪	0.000277	0.116534	0.000032
泻褉邪褋薪褘泄	0.000554	0.941609	0.000522
泻褉械邪褌懈胁	0.000277	0.127833	0.000035
泻褉械屑	0.001108	0.040822	0.000045
泻褉械锌泻懈泄	0.000554	0.116534	0.000065
泻褉芯谢懈泻	0.000554	0.116534	0.000065
泻褉芯屑械	0.000277	0.061875	0.000017
泻褉芯褏邪	0.000277	0.116534	0.000032
泻褉褍谐	0.000554	0.116534	0.000065
泻褉褍锌	0.001662	0.105361	0.000175
泻褉褍锌邪	0.002493	0.116534	0.000291
泻褉褍锌褟薪芯泄	0.000277	0.116534	0.000032
泻褍斜懈薪褋泻懈泄	0.000277	0.116534	0.000032
泻褍谢械褕	0.000277	0.040822	0.000011
泻褍谢懈薪邪褉懈褟	0.000831	0.094311	0.000078
泻褍谢懈薪邪褉薪褘泄	0.001939	0.000000	0.000000
泻褍谢懈褔	0.000554	0.040822	0.000023
泻褍薪卸褍褌	0.001108	0.994252	0.001102
泻褍锌懈褌褜	0.000277	2.302585	0.000638
泻褍褉写褋泻懈泄	0.000277	0.116534	0.000032
泻褍褉懈薪褘泄	0.004432	0.094311	0.000418
泻褍褉懈褑邪	0.001108	0.040822	0.000045
泻褍褉泻褍屑邪	0.000554	2.040221	0.001130
泻褍褉芯褔泻邪	0.000277	0.116534	0.000032
泻褍褋泻褍褋	0.000277	0.040822	0.000011
泻褍褋芯褔械泻	0.000277	1.078810	0.000299
泻褍褏薪褟	0.002493	0.040822	0.000102
谢邪胁邪褕	0.001662	0.040822	0.000068
谢邪谐屑邪薪	0.000277	0.040822	0.000011
谢邪泻芯屑褋褌胁芯	0.000277	0.116534	0.000032
谢邪锌褕邪	0.000554	0.040822	0.000023
谢邪褋泻芯胁芯	0.000277	4.605170	0.001276
谢邪褌褘褕褋泻懈泄	0.000277	0.116534	0.000032
谢械谐泻芯	0.001662	0.116534	0.000194
谢械薪懈胁褘泄	0.000554	1.427116	0.000791
谢械锌褢褕泻邪	0.000554	0.040822	0.000023
谢械褌薪懈泄	0.000554	0.040822	0.000023
谢械褌芯	0.001662	0.116534	0.000194
谢械褔芯	0.000277	0.040822	0.000011
谢懈谐邪	0.000831	0.116534	0.000097
谢懈泻褢褉	0.000277	0.040822	0.000011
谢懈屑芯薪	0.001662	0.891598	0.001482
谢懈屑芯薪邪写	0.000554	0.040822	0.000023
谢懈褌芯胁褋泻	0.000277	0.127833	0.000035
谢懈褌芯胁褋泻懈泄	0.000277	0.116534	0.000032
谢芯卸泻邪	0.000277	1.897120	0.000526
谢芯褋芯褋褜	0.000831	2.659260	0.002210
谢芯褋芯褋褢胁褘泄	0.000277	4.605170	0.001276
谢褍泻	0.003324	0.301105	0.001001
谢褞斜懈屑	0.000277	2.207275	0.000611
谢褞斜懈屑褘泄	0.002216	0.116534	0.000258
谢褞斜懈褌械谢褜	0.000277	1.386294	0.000384
谢褞斜懈褌褜	0.000554	0.755023	0.000418
谢褞斜芯胁褜	0.000554	0.105361	0.000058
谢褞斜芯泄	0.000277	0.094311	0.000026
谢褢谐泻懈泄	0.000831	0.094311	0.000078
谢褢写	0.000277	0.116534	0.000032
屑邪谐褉懈斜	0.000277	0.116534	0.000032
屑邪谐褉懈斜褋泻懈泄	0.000554	4.605170	0.002551
屑邪泄	0.000277	0.116534	0.000032
屑邪泄芯薪械蟹	0.000277	0.116534	0.000032
屑邪泻	0.000554	3.506558	0.001943
屑邪泻邪褉芯薪薪褘泄	0.000277	0.116534	0.000032
屑邪泻邪褉芯薪褘	0.000277	0.040822	0.000011
屑邪泻褋懈屑褍屑	0.000277	2.407946	0.000667
屑邪谢邪蟹懈泄褋泻懈泄	0.000277	0.116534	0.000032
屑邪谢械薪褜泻懈泄	0.000277	1.514128	0.000419
屑邪薪薪懈泻	0.000277	0.040822	0.000011
屑邪薪褌邪	0.000277	0.116534	0.000032
屑邪薪褢胁褉	0.000277	0.116534	0.000032
屑邪褉邪褎芯薪	0.000831	0.116534	0.000097
屑邪褉懈薪邪写	0.003324	0.040822	0.000136
屑邪褉懈薪芯胁邪褌褜	0.000554	0.116534	0.000065
屑邪褉屑械谢邪写	0.000277	0.040822	0.000011
屑邪褉芯泻泻邪薪褋泻懈泄	0.000277	0.116534	0.000032
屑邪褉褌	0.002216	0.105361	0.000233
屑邪褋泻邪褉锌芯薪	0.000277	0.040822	0.000011
屑邪褋谢械薪懈褑邪	0.000831	0.040822	0.000034
屑邪褋谢械薪懈褔薪褘泄	0.000277	0.116534	0.000032
屑邪褋谢懈薪邪	0.000831	1.966113	0.001634
屑邪褋谢芯	0.007202	0.105361	0.000759
屑邪褋褌械褉	0.002493	0.116534	0.000291
屑邪褋褌懈泻邪	0.000554	0.040822	0.000023
屑邪褎褎懈薪邪	0.000277	0.116534	0.000032
屑邪褏械械胁褗	0.001108	0.116534	0.000129
屑邪褕懈薪邪	0.000277	2.207275	0.000611
屑械写懈邪褎芯褉褌	0.000831	0.000000	0.000000
屑械写芯胁褘泄	0.000277	0.116534	0.000032
屑械泻褋懈泻邪薪褋泻懈泄	0.000277	0.116534	0.000032
屑械薪褞	0.000277	0.116534	0.000032
屑械薪褟褌褜褋褟	0.000277	0.116534	0.000032
屑械褋褟褑	0.000277	1.660731	0.000460
屑械褔褌邪	0.000831	0.040822	0.000034
屑懈写懈褟	0.000277	0.040822	0.000011
屑懈泻褉芯胁芯谢薪芯胁泻邪	0.000277	0.105361	0.000029
屑懈谢褜褟	0.000277	0.116534	0.000032
屑懈薪写邪谢褜薪褘泄	0.000554	2.813411	0.001559
屑懈薪懈屑褍屑	0.000277	1.237874	0.000343
屑懈薪褍褌邪	0.000277	0.544727	0.000151
屑懈芯	0.000277	0.116534	0.000032
屑懈褉	0.000831	0.105361	0.000088
屑懈褉芯胁芯泄	0.000277	0.116534	0.000032
屑懈褋芯	0.000277	0.040822	0.000011
屑懈褋褋	0.000554	1.966113	0.001089
屑懈褋褌械褉懈褟	0.000277	0.116534	0.000032
屑懈褋褌褉邪谢褜	0.001939	0.116534	0.000226
屑谢	0.000277	2.813411	0.000779
屑薪芯谐懈械	0.000277	1.309333	0.000363
屑薪芯卸械褋褌胁芯	0.000277	0.040822	0.000011
屑芯泄	0.000831	0.083382	0.000069
屑芯谢写邪胁褋泻懈泄	0.000277	0.116534	0.000032
屑芯谢芯泻芯	0.001662	0.083382	0.000139
屑芯谢芯褔薪褘泄	0.000831	0.040822	0.000034
屑芯屑械薪褌	0.000831	0.105361	0.000088
屑芯薪谐芯谢褜褋泻懈泄	0.000277	0.116534	0.000032
屑芯褉械	0.000277	0.116534	0.000032
屑芯褉械锌褉芯写褍泻褌	0.003878	0.040822	0.000158
屑芯褉泻芯胁褜	0.001939	0.040822	0.000079
屑芯褉芯卸械薪芯械	0.000831	0.040822	0.000034
屑芯褉褋	0.000554	0.040822	0.000023
屑芯褌芯褉	0.000277	0.116534	0.000032
屑芯褏懈褌褘泄	0.000277	0.040822	0.000011
屑芯褔褜	0.001108	0.000000	0.000000
屑褍卸	0.000277	0.867501	0.000240
屑褍卸褋泻芯泄	0.000277	0.127833	0.000035
屑褍卸褔懈薪邪	0.000554	0.116534	0.000065
屑褍泻邪	0.003878	0.248461	0.000964
屑褍谢褜褌懈胁邪褉泻邪	0.010526	0.116534	0.001227
屑褍谢褜褌懈锌械泻邪褉褜	0.000831	0.116534	0.000097
屑褍褋泻邪褌薪褘泄	0.001108	1.832581	0.002031
屑褍褋褋	0.000277	0.040822	0.000011
屑褍褋褋邪	0.000831	0.040822	0.000034
屑褍褔薪芯泄	0.000277	0.116534	0.000032
屑褞褋谢懈	0.000554	0.116534	0.000065
屑褟泻懈褕	0.000277	3.912023	0.001084
屑褟褋薪芯泄	0.003324	0.040822	0.000136
屑褟褋芯	0.007756	0.040822	0.000317
薪邪蟹邪写	0.000554	0.967584	0.000536
薪邪蟹胁邪褌褜	0.000277	1.560648	0.000432
薪邪蟹薪邪褔械薪懈械	0.000277	0.116534	0.000032
薪邪泄褌懈	0.000554	0.446287	0.000247
薪邪谢懈胁泻邪	0.000277	0.040822	0.000011
薪邪锌懈褌芯泻	0.002216	0.040822	0.000090
薪邪锌芯屑懈薪邪褌褜	0.000277	2.120264	0.000587
薪邪锌褉懈屑械褉	0.000277	1.771957	0.000491
薪邪褋谢褘褕邪薪	0.000277	4.605170	0.001276
薪邪褋褌芯泄泻邪	0.000277	0.040822	0.000011
薪邪褋褌芯谢褜泻芯	0.000277	1.514128	0.000419
薪邪褋褌褉芯械薪懈械	0.000277	0.116534	0.000032
薪邪褋褘褖械薪薪褘泄	0.000554	1.609438	0.000892
薪邪褌泻薪褍褌褜褋褟	0.000277	1.966113	0.000545
薪邪褌褍褉邪谢褜薪褘泄	0.000831	1.832581	0.001523
薪邪褑懈芯薪邪谢褜薪褘泄	0.000277	0.116534	0.000032
薪邪褔懈薪泻邪	0.001385	0.040822	0.000057
薪邪褕	0.001385	0.040822	0.000057
薪械斜芯	0.000277	2.407946	0.000667
薪械写邪胁薪芯	0.000277	2.120264	0.000587
薪械写械谢褟	0.002770	0.051293	0.000142
薪械卸薪褘泄	0.000831	0.094311	0.000078
薪械屑械褑泻懈泄	0.000554	0.116534	0.000065
薪械屑薪芯谐芯	0.000277	1.203973	0.000334
薪械芯斜褘褔薪褘泄	0.000831	0.916291	0.000761
薪械芯卸懈写邪薪薪褘泄	0.000277	0.116534	0.000032
薪械褋泻芯谢褜泻芯	0.000277	0.843970	0.000234
薪械褋谢邪写泻懈泄	0.000277	0.116534	0.000032
薪械褋谢芯卸薪芯	0.000277	2.207275	0.000611
薪懈薪芯褔泻邪	0.000277	4.605170	0.001276
薪芯胁芯谐芯写薪懈泄	0.006094	0.040822	0.000249
薪芯胁芯褋褌褜	0.000277	0.061875	0.000017
薪芯胁褉褍蟹	0.000554	4.605170	0.002551
薪芯胁褘泄	0.004155	0.030459	0.000127
薪芯褉胁械卸褋泻懈泄	0.000277	0.116534	0.000032
薪芯褟斜褉褜	0.000554	0.527633	0.000292
芯斜械写	0.001108	0.105361	0.000117
芯斜械蟹褜褟薪邪	0.000277	0.116534	0.000032
芯斜卸邪褉懈褌褜	0.000277	2.659260	0.000737
芯斜薪芯胁谢械薪懈械	0.000277	4.605170	0.001276
芯斜褖邪褌褜褋褟	0.000277	0.040822	0.000011
芯胁芯褖	0.006094	0.094311	0.000575
芯胁芯褖薪芯泄	0.002770	0.040822	0.000113
芯胁褋褟薪泻邪	0.000831	3.912023	0.003251
芯胁褋褟薪褘泄	0.000831	0.105361	0.000088
芯谐薪械薪薪褘泄	0.000277	0.116534	0.000032
芯谐芯薪褜	0.000277	0.094311	0.000026
芯谐褍褉械褑	0.000554	0.116534	0.000065
芯写薪芯褝褌邪卸薪褘泄	0.000277	2.302585	0.000638
芯泻邪蟹邪褌褜褋褟	0.000277	1.514128	0.000419
芯泻褉芯褕泻邪	0.000831	0.040822	0.000034
芯泻褌褟斜褉褜	0.000277	0.562119	0.000156
芯谢邪写褜褟	0.000831	0.040822	0.000034
芯谢械泄薪芯泄	0.001108	0.116534	0.000129
芯谢械泄薪褘泄	0.001108	0.116534	0.000129
芯谢懈胁械褉	0.000277	2.525729	0.000700
芯谢懈胁泻芯胁褘泄	0.001662	0.544727	0.000905
芯屑谢械褌	0.000277	0.040822	0.000011
芯锌邪褉邪	0.000277	0.040822	0.000011
芯锌褉械写械谢褢薪薪褘泄	0.000277	1.832581	0.000508
芯锌褉芯褋	0.000277	0.061875	0.000017
芯褉械褏	0.001662	0.776529	0.001291
芯褋械薪薪懈泄	0.001108	0.051293	0.000057
芯褋械薪褜	0.002770	0.105361	0.000292
芯褋薪芯胁薪褘泄	0.000277	0.040822	0.000011
芯褋芯斜械薪薪芯	0.000277	1.469676	0.000407
芯褋褌邪胁邪褌褜褋褟	0.000277	0.116534	0.000032
芯褌胁械褌	0.000554	0.000000	0.000000
芯褌胁械褌懈褌褜	0.000277	0.051293	0.000014
芯褌泻褉褘褌褘泄	0.000554	0.105361	0.000058
芯褌谢懈褔邪褌褜褋褟	0.000554	1.469676	0.000814
芯褌屑械薪懈褌褜	0.000277	0.040822	0.000011
芯褌薪芯褋懈褌褜褋褟	0.000277	1.714798	0.000475
芯褌褌械薪褟褌褜	0.000277	3.912023	0.001084
芯褏谢邪写懈褌褜	0.000277	0.116534	0.000032
芯褖褍褖邪褌褜褋褟	0.000277	3.912023	0.001084
锌邪泻械褌懈泻	0.000277	0.105361	0.000029
锌邪谢芯褔泻邪	0.000277	0.040822	0.000011
锌邪薪懈褉芯胁泻邪	0.002216	0.116534	0.000258
锌邪薪褌械褉褉褉芯褔泻芯	0.000277	2.813411	0.000779
锌邪锌褉懈泻邪	0.000554	1.171183	0.000649
锌邪褉邪	0.000554	0.116534	0.000065
锌邪褉邪写	0.001939	0.116534	0.000226
锌邪褉芯胁邪褉泻邪	0.002493	0.105361	0.000263
锌邪褉芯谢褜	0.000277	0.020203	0.000006
锌邪褋褌邪	0.000831	0.040822	0.000034
锌邪褋褌褉芯屑邪	0.000277	0.040822	0.000011
锌邪褋褏邪	0.000554	0.040822	0.000023
锌邪褋褏邪谢褜薪褘泄	0.000831	0.116534	0.000097
锌邪褏谢邪胁邪	0.000554	3.912023	0.002167
锌邪褕褌械褌	0.002770	0.040822	0.000113
锌械写邪谢褜泻懈薪	0.000277	3.912023	0.001084
锌械泻	0.000277	2.207275	0.000611
锌械泻邪褉薪褟	0.000277	4.605170	0.001276
锌械泻邪褉褜	0.000277	0.127833	0.000035
锌械谢褜屑械薪褜	0.000277	0.116534	0.000032
锌械褉胁褘泄	0.001108	0.040822	0.000045
锌械褉械泄褌懈	0.000277	0.040822	0.000011
锌械褉械泻褍褋	0.000554	0.116534	0.000065
锌械褉械褑	0.007479	0.040822	0.000305
锌械褉褋芯薪邪	0.000277	0.116534	0.000032
锌械褉褍邪薪褋泻懈泄	0.000277	0.116534	0.000032
锌械褋芯褔薪褘泄	0.000831	0.105361	0.000088
锌械褌械谢懈薪泻	0.000277	0.127833	0.000035
锌械褌褉褍褕泻邪	0.001108	0.673345	0.000746
锌械褔械薪懈械	0.002493	0.040822	0.000102
锌械褔械薪褜	0.002216	2.207275	0.004891
锌械褔褜	0.000277	0.116534	0.000032
锌械褔褢薪芯褔薪褘泄	0.000277	0.040822	0.000011
锌懈胁芯	0.000277	0.116534	0.000032
锌懈泻邪薪褌	0.000277	0.127833	0.000035
锌懈泻薪懈泻	0.001108	0.105361	0.000117
锌懈褉	0.000277	0.116534	0.000032
锌懈褉芯谐	0.001108	0.040822	0.000045
锌懈褉芯卸薪芯械	0.000554	0.040822	0.000023
锌懈褉芯卸芯泻	0.000277	0.040822	0.000011
锌懈褌邪薪懈械	0.001385	0.094311	0.000131
锌懈褑褑邪	0.000554	0.040822	0.000023
锌谢邪屑褟	0.000277	0.116534	0.000032
锌谢邪薪械褌邪	0.000277	3.912023	0.001084
锌谢懈褌邪	0.001108	0.116534	0.000129
锌谢芯胁	0.000277	0.116534	0.000032
锌谢芯写	0.000277	0.116534	0.000032
锌芯胁邪褉褢薪芯泻	0.001662	0.000000	0.000000
锌芯胁械褉懈褌褜	0.000277	2.120264	0.000587
锌芯胁懈写谢芯	0.000277	0.040822	0.000011
锌芯胁芯写	0.000277	2.407946	0.000667
锌芯胁芯褉邪褔懈胁邪褌褜褋褟	0.000277	3.912023	0.001084
锌芯写邪胁邪褌褜	0.000277	1.514128	0.000419
锌芯写邪褉芯泻	0.000277	0.116534	0.000032
锌芯写械谢懈褌褜褋褟	0.000554	0.400478	0.000222
锌芯写谢懈胁	0.000277	0.116534	0.000032
锌芯写谢懈胁泻邪	0.000277	0.040822	0.000011
锌芯写锌懈褋邪褌褜褋褟	0.000831	0.040822	0.000034
锌芯械写懈薪芯泻	0.003878	0.116534	0.000452
锌芯蟹写褉邪胁懈褌褜	0.000277	0.116534	0.000032
锌芯蟹薪邪泻芯屑懈褌褜	0.000554	3.506558	0.001943
锌芯懈褋泻	0.000277	0.051293	0.000014
锌芯谢谐芯写邪	0.000277	3.912023	0.001084
锌芯谢写薪懈泻	0.000554	0.116534	0.000065
锌芯谢械蟹薪芯	0.000554	0.116534	0.000065
锌芯谢懈褌懈泻邪	0.000277	0.040822	0.000011
锌芯谢芯胁懈薪邪	0.002216	0.105361	0.000233
锌芯谢褍褔邪褌褜	0.000554	0.040822	0.000023
锌芯谢褍褔懈褌褜	0.000277	1.237874	0.000343
锌芯谢褍褔懈褌褜褋褟	0.000554	0.653926	0.000362
锌芯谢褜蟹邪	0.001385	0.116534	0.000161
锌芯谢褜褋泻懈泄	0.000277	0.116534	0.000032
锌芯屑邪写泻邪	0.000831	0.040822	0.000034
锌芯屑懈写芯褉	0.002770	0.116534	0.000323
锌芯屑懈写芯褉泻	0.000277	0.127833	0.000035
锌芯薪邪写芯斜懈褌褜褋褟	0.000277	2.302585	0.000638
锌芯薪褉邪胁懈褌褜褋褟	0.000554	0.040822	0.000023
锌芯薪褔懈泻	0.000554	0.040822	0.000023
锌芯锌褉芯斜芯胁邪褌褜	0.000831	0.248461	0.000206
锌芯锌褍谢褟褉薪褘泄	0.000277	1.427116	0.000395
锌芯锌褍褌薪芯	0.000277	4.605170	0.001276
锌芯褉邪	0.000277	0.105361	0.000029
锌芯褉械泄	0.000554	2.302585	0.001276
锌芯褉芯褕芯泻	0.000554	0.916291	0.000508
锌芯褉褌褍谐邪谢褜褋泻懈泄	0.000277	0.116534	0.000032
锌芯褉褑懈褟	0.000277	1.660731	0.000460
锌芯褋胁褟褖邪褌褜	0.000277	4.605170	0.001276
锌芯褋械褖邪褌褜	0.000277	0.061875	0.000017
锌芯褋褌	0.001385	0.105361	0.000146
锌芯褋褌薪褘泄	0.000831	0.040822	0.000034
锌芯褋褌芯褟薪薪芯	0.000277	0.040822	0.000011
锌芯褋褌褉芯懈褌褜	0.000277	0.105361	0.000029
锌芯褋褍写邪	0.000554	0.094311	0.000052
锌芯褏芯卸懈泄	0.000277	0.994252	0.000275
锌芯褔械屑褍	0.000277	1.203973	0.000334
锌芯褔褌邪	0.000277	0.040822	0.000011
锌芯褔褌懈	0.000554	1.021651	0.000566
锌芯褕邪谐芯胁褘泄	0.000554	0.040822	0.000023
锌褉邪蟹写薪懈泻	0.001108	0.105361	0.000117
锌褉邪蟹写薪懈褔薪芯	0.000277	0.116534	0.000032
锌褉邪蟹写薪懈褔薪褘泄	0.001385	0.105361	0.000146
锌褉邪泻褌懈泻褍屑	0.000277	0.116534	0.000032
锌褉邪泻褌懈褔械褋泻懈	0.000277	1.386294	0.000384
锌褉械胁芯褋褏芯写薪褘泄	0.000277	0.116534	0.000032
锌褉械胁褉邪褖械薪懈械	0.000277	0.116534	0.000032
锌褉械写谢邪谐邪褌褜	0.000277	0.693147	0.000192
锌褉械泻褉邪褋薪芯	0.000277	1.714798	0.000475
锌褉械泻褉邪褋薪褘泄	0.000277	1.386294	0.000384
锌褉械褋薪褘泄	0.000277	0.116534	0.000032
锌褉懈谐芯褌芯胁懈褌褜	0.001108	0.083382	0.000092
锌褉懈谐芯褌芯胁谢械薪懈械	0.002493	0.040822	0.000102
锌褉懈蟹	0.000277	0.040822	0.000011
锌褉懈蟹薪邪薪懈械	0.000277	0.116534	0.000032
锌褉懈锌褉邪胁邪	0.000277	0.040822	0.000011
锌褉懈褉芯写邪	0.000831	0.105361	0.000088
锌褉懈褋褌褍锌懈褌褜	0.000277	0.040822	0.000011
锌褉懈褟褌薪褘泄	0.000277	1.427116	0.000395
锌褉芯斜芯胁邪褌褜	0.000277	0.843970	0.000234
锌褉芯胁械褉懈褌褜	0.001662	0.116534	0.000194
锌褉芯胁械褋褌懈	0.001108	0.116534	0.000129
锌褉芯胁芯写懈褌褜	0.000277	0.040822	0.000011
锌褉芯胁芯卸邪褌褜	0.000277	0.116534	0.000032
锌褉芯写芯谢卸邪褌褜	0.000277	2.525729	0.000700
锌褉芯写褍泻褌	0.000554	0.072571	0.000040
锌褉芯械泻褌	0.000554	0.051293	0.000028
锌褉芯锌芯褉褑懈褟	0.000277	1.609438	0.000446
锌褉芯褋屑芯褌褉	0.000277	0.274437	0.000076
锌褉芯褋褌芯	0.001939	0.083382	0.000162
锌褉芯褋褌芯泄	0.000277	0.301105	0.000083
锌褉芯褋褌芯泻胁邪褕邪	0.000277	0.040822	0.000011
锌褉芯褋褌芯褌邪	0.000277	1.714798	0.000475
锌褉芯褎懈谢褜	0.000277	0.040822	0.000011
锌褉褟屑	0.000277	3.912023	0.001084
锌褉褟屑芯	0.000277	0.040822	0.000011
锌褉褟薪懈泻	0.000554	0.040822	0.000023
锌褉褟薪懈褔薪褘泄	0.000277	0.116534	0.000032
锌褌懈褑邪	0.005817	0.116534	0.000678
锌褍斜谢懈泻邪褑懈褟	0.000277	3.912023	0.001084
锌褍写懈薪谐	0.000831	0.040822	0.000034
锌褍薪褕	0.000277	0.040822	0.000011
锌褍褌械褕械褋褌胁懈械	0.000554	0.116534	0.000065
锌褍褌褜	0.000277	0.116534	0.000032
锌褕械薪懈褔薪褘泄	0.003324	0.287682	0.000956
锌褘褕泻邪	0.000277	0.040822	0.000011
锌褞褉械	0.001662	0.040822	0.000068
褉邪谐褍	0.000277	0.116534	0.000032
褉邪写邪	0.000277	2.995732	0.000830
褉邪蟹	0.000277	0.356675	0.000099
褉邪蟹胁械褉薪褍褌褜	0.000277	0.116534	0.000032
褉邪蟹胁械褋褌懈	0.000277	3.912023	0.001084
褉邪蟹写械谢褜薪褘泄	0.000277	0.116534	0.000032
褉邪蟹薪褘泄	0.000277	0.094311	0.000026
褉邪蟹褉褟写	0.000277	2.407946	0.000667
褉邪屑蟹褜	0.000277	4.605170	0.001276
褉邪褋褋泻邪蟹	0.000277	2.995732	0.000830
褉邪褋褋芯谢褜薪懈泻	0.000831	0.040822	0.000034
褉邪褋褋褘谢泻邪	0.000277	0.061875	0.000017
褉邪褋褌懈褌械谢褜薪褘泄	0.002216	0.223144	0.000495
褉邪褋褌芯褔懈褌械谢褜薪芯	0.000277	4.605170	0.001276
褉械斜褢薪芯泻	0.000277	0.094311	0.000026
褉械谐懈褋褌褉邪褑懈褟	0.000831	0.000000	0.000000
褉械泄褌懈薪谐	0.000277	0.235722	0.000065
褉械泻芯屑械薪写芯胁邪褌褜	0.000277	1.021651	0.000283
褉械锌褔邪褌褘泄	0.002216	0.430783	0.000955
褉械褋褌芯褉邪薪	0.000277	1.386294	0.000384
褉械褑械锌褌	0.027701	0.040822	0.001131
褉械褕懈褌褜	0.000831	0.693147	0.000576
褉懈褋	0.001385	0.040822	0.000057
褉懈褌屑	0.000277	0.116534	0.000032
褉懈褔邪褉写褋芯薪	0.000277	4.605170	0.001276
褉芯谐邪谢懈泻	0.000277	0.040822	0.000011
褉芯写薪褘泄	0.000277	0.116534	0.000032
褉芯卸写械薪懈械	0.000277	0.105361	0.000029
褉芯卸写械褋褌胁芯	0.000277	0.116534	0.000032
褉芯蟹屑邪褉懈薪	0.001662	1.609438	0.002675
褉芯蟹芯胁褘泄	0.000277	3.218876	0.000892
褉芯谢谢	0.000554	0.040822	0.000023
褉芯谢谢褌芯薪	0.000277	0.116534	0.000032
褉芯屑	0.000277	0.040822	0.000011
褉褍斜褉懈泻邪褌芯褉	0.000277	0.051293	0.000014
褉褍泻邪	0.000277	1.514128	0.000419
褉褍谢械褌	0.003601	0.040822	0.000147
褉褍屑褘薪褋泻懈泄	0.000277	0.116534	0.000032
褉褍屑褟薪褘泄	0.000277	0.116534	0.000032
褉褍薪械褌	0.000277	0.020203	0.000006
褉褍褋褋泻懈泄	0.000554	0.105361	0.000058
褉褘斜邪	0.007479	0.040822	0.000305
褉褘斜薪褘泄	0.003324	0.105361	0.000350
褉褟卸械薪泻邪	0.000277	0.116534	0.000032
褋邪泄褌	0.001662	0.000000	0.000000
褋邪谢邪褌	0.008864	0.040822	0.000362
褋邪谢邪褌薪褘泄	0.000277	0.116534	0.000032
褋邪屑芯谐芯薪	0.000277	0.040822	0.000011
褋邪屑褘泄	0.000831	0.105361	0.000088
褋邪褎	0.000831	0.116534	0.000097
褋邪褎褋械屑邪	0.000277	0.116534	0.000032
褋邪褏邪褉	0.005263	0.105361	0.000555
褋斜懈褌械薪褜	0.000277	0.040822	0.000011
褋胁邪褉懈褌褜	0.000277	2.407946	0.000667
褋胁械卸械褋褌褜	0.000277	0.105361	0.000029
褋胁械泻芯谢褜薪懈泻	0.000554	0.040822	0.000023
褋胁械褌	0.001108	0.116534	0.000129
褋胁械褌邪	0.001108	0.116534	0.000129
褋胁懈薪懈薪	0.001108	0.116534	0.000129
褋胁懈薪懈薪邪	0.000277	0.040822	0.000011
褋胁懈薪芯泄	0.000277	2.525729	0.000700
褋胁褢泻谢邪	0.000277	0.040822	0.000011
褋谐褍褖褢薪泻邪	0.000277	0.040822	0.000011
褋械谐芯写薪褟	0.000277	0.843970	0.000234
褋械蟹芯薪	0.000277	0.116534	0.000032
褋械泄褔邪褋	0.000554	0.030459	0.000017
褋械泻褉械褌	0.000554	0.116534	0.000065
褋械谢褜写械褉械泄	0.000554	2.040221	0.001130
褋械谢褢写泻邪	0.000277	0.040822	0.000011
褋械屑械泄薪褘泄	0.000277	0.116534	0.000032
褋械屑褜褟	0.000554	0.116534	0.000065
褋械薪褌褟斜褉褜	0.000554	0.673345	0.000373
褋械褉褜褢蟹薪褘泄	0.000277	4.605170	0.001276
褋懈写褉	0.000277	0.040822	0.000011
褋懈屑胁芯谢懈蟹懈褉芯胁邪褌褜	0.000831	4.605170	0.003827
褋懈褉懈泄褋泻懈泄	0.000277	0.116534	0.000032
褋懈褉芯锌	0.000554	0.040822	0.000023
褋懈褋褌械屑邪	0.000277	0.040822	0.000011
褋懈褌懈	0.000277	0.127833	0.000035
褋泻邪蟹邪褌褜	0.000277	0.400478	0.000111
褋泻邪蟹泻邪	0.000277	0.116534	0.000032
褋泻芯谢褜泻芯	0.000277	1.771957	0.000491
褋泻芯褉械械	0.000277	2.525729	0.000700
褋谢邪写泻懈泄	0.006648	0.040822	0.000271
褋谢邪写泻芯	0.000277	0.116534	0.000032
褋谢懈胁泻邪	0.001662	1.049822	0.001745
褋谢懈胁芯褔薪褘泄	0.003324	0.105361	0.000350
褋谢懈褕泻芯屑	0.000277	2.120264	0.000587
褋谢芯泄	0.000554	3.218876	0.001783
褋谢芯泄泻邪	0.000831	0.040822	0.000034
褋谢芯褢薪褘泄	0.000831	0.116534	0.000097
褋谢褍卸懈褌褜	0.000277	3.506558	0.000971
褋屑械褋褜	0.001662	1.469676	0.002443
褋屑械褌邪薪邪	0.000831	0.105361	0.000088
褋屑械褕邪薪薪褘泄	0.000277	0.116534	0.000032
褋屑芯褌褉械褌褜	0.000277	1.386294	0.000384
褋屑芯褔褜	0.000277	0.040822	0.000011
褋屑褍蟹懈	0.000831	0.040822	0.000034
褋薪褝泻	0.000277	0.116534	0.000032
褋芯斜懈褉邪褌褜褋褟	0.000277	0.040822	0.000011
褋芯斜谢邪蟹薪	0.000277	4.605170	0.001276
褋芯胁械褉褕械薪褋褌胁芯	0.001385	0.116534	0.000161
褋芯胁械褌	0.000277	0.040822	0.000011
褋芯谐谢邪褕邪褌褜褋褟	0.000277	0.040822	0.000011
褋芯械胁褘泄	0.001662	0.798508	0.001327
褋芯蟹写邪胁邪褌褜	0.000277	0.105361	0.000029
褋芯蟹写邪薪懈械	0.000554	0.261365	0.000145
褋芯泻	0.001939	0.040822	0.000079
褋芯谢械薪懈械	0.000831	0.116534	0.000097
褋芯谢薪械褔薪褘泄	0.000277	0.116534	0.000032
褋芯谢薪褑械	0.000277	3.912023	0.001084
褋芯谢褜	0.007756	0.127833	0.000992
褋芯谢褟薪泻邪	0.000554	0.040822	0.000023
褋芯谢褢薪褘泄	0.001108	0.116534	0.000129
褋芯褉褌懈褉芯胁邪褌褜	0.000277	0.248461	0.000069
褋芯褋褌邪胁懈褌褜	0.000277	0.116534	0.000032
褋芯褍褋	0.007756	0.040822	0.000317
褋芯褏褉邪薪褟褌褜	0.000277	0.040822	0.000011
褋芯褑褋械褌褜	0.000277	0.040822	0.000011
褋芯褔械褌邪薪懈械	0.000277	0.105361	0.000029
褋芯褔械褌邪褌褜褋褟	0.000277	2.302585	0.000638
褋芯褔薪褘泄	0.000277	0.116534	0.000032
褋锌邪谢褜薪褟	0.000277	0.415515	0.000115
褋锌械褌褜	0.000277	0.116534	0.000032
褋锌械褑懈邪谢褜薪褘泄	0.000277	0.094311	0.000026
褋锌械褑懈褟	0.000277	0.094311	0.000026
褋锌械褑锌褉芯械泻褌	0.009141	0.116534	0.001065
褋锌懈褋芯泻	0.000277	0.116534	0.000032
褋锌芯褋芯斜	0.000277	0.891598	0.000247
褋褉械写懈蟹械屑薪芯屑芯褉褋泻懈泄	0.000277	0.127833	0.000035
褋褌邪褉褘泄	0.000554	0.261365	0.000145
褋褌邪褌褜褟	0.000554	0.061875	0.000034
褋褌懈谢褜	0.000554	0.116534	0.000065
褋褌芯谢	0.003047	0.105361	0.000321
褋褌褉芯懈褌械谢褜褋褌胁芯	0.000554	0.040822	0.000023
褋褌褉芯懈褌褜	0.000277	0.040822	0.000011
褋褌褉芯泄薪褘泄	0.000277	0.116534	0.000032
褋褌褉褍卸泻邪	0.001108	2.813411	0.003117
褋褍斜锌褉芯写褍泻褌	0.003324	0.116534	0.000387
褋褍锌	0.008033	0.040822	0.000328
褋褍褉懈薪褟褌褜	0.000277	4.605170	0.001276
褋褍褎谢械	0.000831	0.040822	0.000034
褋褍褏邪褉褜	0.000277	0.040822	0.000011
褋褍褏芯泄	0.001108	1.427116	0.001581
褋褍褕懈褌褜	0.000554	0.040822	0.000023
褋褗械褋褌褜	0.000277	1.469676	0.000407
褋褘胁芯褉芯褌泻邪	0.000554	3.506558	0.001943
褋褘褉	0.002493	0.040822	0.000102
褋褘褉薪懈泻	0.000831	0.040822	0.000034
褋褘褉薪褘泄	0.001108	0.040822	0.000045
褋褘褌薪芯	0.000277	1.771957	0.000491
褋褘褌薪褘泄	0.000831	0.105361	0.000088
褋褘褔褍卸薪褘泄	0.000277	0.127833	0.000035
褋褝泻芯薪芯屑懈褌褜	0.000277	3.506558	0.000971
褋褝薪写胁懈褔	0.000277	0.127833	0.000035
褋褞褉锌褉懈蟹	0.000277	0.116534	0.000032
褋褢屑谐邪	0.000277	0.040822	0.000011
褌邪写卸懈泻褋泻懈泄	0.000277	0.116534	0.000032
褌邪泄褋泻懈泄	0.000277	0.116534	0.000032
褌邪褉械谢泻邪	0.000277	1.469676	0.000407
褌邪褉褌	0.000277	0.116534	0.000032
褌邪褉褌邪谢械褌泻邪	0.000554	0.040822	0.000023
褌邪褌邪褉褋泻懈泄	0.000277	0.116534	0.000032
褌胁芯泄	0.000554	0.116534	0.000065
褌胁芯褉懈褌褜	0.000277	0.116534	0.000032
褌胁芯褉芯谐	0.000831	0.040822	0.000034
褌胁芯褉芯卸薪褘泄	0.001108	0.094311	0.000104
褌械泻褋褌褍褉邪	0.000277	3.218876	0.000892
褌械谢械谐褉邪屑	0.000277	0.040822	0.000011
褌械谢褟褌懈薪邪	0.001108	0.116534	0.000129
褌械屑	0.000277	0.967584	0.000268
褌械锌械褉褜	0.000277	0.916291	0.000254
褌械锌谢芯	0.000277	0.116534	0.000032
褌械褉褉懈薪邪	0.000277	0.040822	0.000011
褌械褋褌	0.003601	0.105361	0.000379
褌械褋褌芯	0.002493	0.040822	0.000102
褌械褏薪懈泻邪	0.001385	0.105361	0.000146
褌屑	0.001108	0.127833	0.000142
褌屑懈薪	0.000554	2.407946	0.001334
褌芯屑	0.000277	1.139434	0.000316
褌芯屑邪褌	0.000277	1.714798	0.000475
褌芯屑邪褌薪褘泄	0.000554	1.139434	0.000631
褌芯锌谢褢薪褘泄	0.000277	0.116534	0.000032
褌芯褉褌	0.005540	0.040822	0.000226
褌褉邪胁邪	0.000277	0.094311	0.000026
褌褉邪写懈褑懈芯薪薪褘泄	0.000277	1.427116	0.000395
褌褉邪写懈褑懈褟	0.001662	0.116534	0.000194
褌褉械褋泻	0.000277	3.506558	0.000971
褌褉芯褋褌薪懈泻芯胁褘泄	0.000554	3.912023	0.002167
褌褉褍斜芯褔泻邪	0.000277	0.040822	0.000011
褌褉褢褏谢械褌懈械	0.000277	0.116534	0.000032
褌褍薪械褑	0.000277	0.105361	0.000029
褌褍薪懈褋褋泻懈泄	0.000277	0.116534	0.000032
褌褍褉械褑泻懈泄	0.000277	0.116534	0.000032
褌褘泻胁邪	0.000277	0.040822	0.000011
褌褢褖懈薪	0.000277	0.040822	0.000011
褍斜褉邪褌褜	0.000277	3.218876	0.000892
褍胁械写芯屑谢械薪懈械	0.000277	0.040822	0.000011
褍胁懈写械褌褜	0.000277	1.203973	0.000334
褍谐芯褋褌懈褌褜	0.000277	1.660731	0.000460
褍谐芯褖邪褌褜	0.000277	2.813411	0.000779
褍谐芯褖邪褌褜褋褟	0.000277	0.994252	0.000275
褍谐芯褖械薪懈械	0.000554	3.912023	0.002167
褍写邪褔薪褘泄	0.000277	0.116534	0.000032
褍写懈胁懈褌褜	0.000277	0.116534	0.000032
褍写懈胁谢褟褌褜	0.001108	0.116534	0.000129
褍写芯胁芯谢褜褋褌胁懈械	0.000277	0.116534	0.000032
褍卸懈薪	0.001939	0.094311	0.000183
褍蟹斜械泻褋泻懈泄	0.000277	0.116534	0.000032
褍泻褉邪懈薪褋泻懈泄	0.000277	0.116534	0.000032
褍泻褉邪褕械薪懈械	0.002216	0.116534	0.000258
褍泻褋褍褋	0.001662	0.562119	0.000934
褍屑褘褋械谢	0.000277	4.605170	0.001276
褍锌邪泻芯胁泻邪	0.000277	3.912023	0.001084
褍锌芯褌褉械斜谢械薪懈械	0.000277	0.116534	0.000032
褍褉邪谢	0.000277	4.605170	0.001276
褍褉邪谢褜褋泻懈泄	0.000277	0.116534	0.000032
褍褉芯卸邪泄	0.000277	0.105361	0.000029
褍褌泻邪	0.001939	0.116534	0.000226
褍褌褉芯屑	0.000554	2.207275	0.001223
褍褏芯	0.000277	0.040822	0.000011
褍褔邪褋褌胁芯胁邪褌褜	0.000277	0.040822	0.000011
褎邪蟹械薪写邪	0.000277	0.116534	0.000032
褎邪薪褌邪蟹懈褟	0.002216	0.116534	0.000258
褎邪褉褕	0.003878	0.040822	0.000158
褎邪褉褕懈褉芯胁邪薪薪褘泄	0.001939	0.040822	0.000079
褎邪褋芯谢褜	0.000277	0.040822	0.000011
褎械胁褉邪谢褜	0.001108	0.094311	0.000104
褎械泄械褉胁械褉泻	0.000554	0.116534	0.000065
褎械薪褏械谢褜	0.009141	2.995732	0.027385
褎懈谐褍褉邪	0.000277	0.116534	0.000032
褎懈谢械	0.000554	0.916291	0.000508
褎懈薪懈泻	0.000554	3.506558	0.001943
褎懈薪褋泻懈泄	0.000277	0.116534	0.000032
褎懈褉屑械薪薪褘泄	0.000277	0.116534	0.000032
褎芯泻邪褔褔邪	0.000277	2.995732	0.000830
褎芯薪写褞	0.000277	0.040822	0.000011
褎芯褉械谢褜	0.000831	2.995732	0.002490
褎芯褉屑邪	0.000277	0.105361	0.000029
褎芯褉褉械褋褌械褉	0.000277	4.605170	0.001276
褎芯褉褍屑	0.000554	0.040822	0.000023
褎芯褉褕屑邪泻	0.000277	0.040822	0.000011
褎芯褌芯	0.000277	2.040221	0.000565
褎褉邪薪褑懈褟	0.000277	0.116534	0.000032
褎褉邪薪褑褍蟹褋泻懈泄	0.000277	0.094311	0.000026
褎褉邪褍	0.001108	0.116534	0.000129
褎褉芯褋褟	0.000277	3.912023	0.001084
褎褉褍泻褌	0.001108	0.116534	0.000129
褎褉褍泻褌芯胁褘泄	0.002216	0.040822	0.000090
褎褍写	0.000277	0.116534	0.000032
褎褍褉褕械褌	0.000277	0.116534	0.000032
褏邪谢胁邪	0.000277	0.040822	0.000011
褏邪褉胁械褋褌褎械褋褌	0.000554	0.116534	0.000065
褏邪褉褔芯	0.000554	0.040822	0.000023
褏邪褕	0.000277	0.040822	0.000011
褏胁芯褉芯褋褌	0.000277	0.040822	0.000011
褏懈薪泻邪谢懈	0.000277	0.116534	0.000032
褏懈褌	0.001939	0.116534	0.000226
褏谢械斜	0.002216	0.040822	0.000090
褏谢械斜芯锌械褔泻邪	0.000277	0.116534	0.000032
褏谢械斜褍褕械泻	0.000277	2.040221	0.000565
褏谢芯锌褜褟	0.001108	0.094311	0.000104
褏芯蟹褟泄泻邪	0.000277	0.116534	0.000032
褏芯谢芯写械褑	0.000277	0.040822	0.000011
褏芯谢芯写薪芯械	0.000554	0.116534	0.000065
褏芯谢芯写薪褘泄	0.000554	0.116534	0.000065
褏芯褉胁邪褌褋泻懈泄	0.000277	0.116534	0.000032
褏芯褉芯褕懈泄	0.001662	0.040822	0.000068
褏芯褉芯褕芯	0.001385	0.105361	0.000146
褏芯褉褋	0.000277	0.116534	0.000032
褏芯褌械褌褜	0.000831	0.000000	0.000000
褏芯褌械褌褜褋褟	0.000277	1.237874	0.000343
褏褍屑褍褋邪	0.000277	0.040822	0.000011
褑邪褉褋泻懈	0.000277	4.605170	0.001276
褑邪褉褋褌胁芯	0.000277	0.127833	0.000035
褑邪褉褜	0.000277	0.116534	0.000032
褑胁械褌	0.000277	1.771957	0.000491
褑胁械褌邪	0.000277	2.407946	0.000667
褑胁械褌薪芯泄	0.000277	0.040822	0.000011
褑械薪薪褘泄	0.000277	0.040822	0.000011
褑械薪褌褉	0.000277	0.116534	0.000032
褑懈褌褉褍褋	0.000277	4.605170	0.001276
褔邪斜褉械褑	0.000554	3.912023	0.002167
褔邪械屑褘泄	0.000277	0.116534	0.000032
褔邪泄	0.000831	0.040822	0.000034
褔械斜褍褉械泻	0.000554	0.040822	0.000023
褔械屑	0.000277	0.994252	0.000275
褔械褉械褕泻芯胁褘泄	0.000554	2.659260	0.001473
褔械褉泻懈蟹芯胁褘泄	0.000554	0.116534	0.000065
褔械褉褉懈	0.000554	2.040221	0.001130
褔械褋薪芯泻	0.004155	0.314711	0.001308
褔械褋褌薪芯	0.000277	1.203973	0.000334
褔械褋褌薪芯泄	0.000277	0.040822	0.000011
褔械褔械胁懈褑邪	0.001662	0.040822	0.000068
褔械褕褋泻懈泄	0.000277	0.116534	0.000032
褔懈蟹泻械泄泻	0.001108	0.040822	0.000045
褔懈谢懈	0.000554	1.237874	0.000686
褔懈谢懈泄褋泻懈泄	0.000277	0.116534	0.000032
褔懈锌褋褘	0.000277	0.040822	0.000011
褔懈褋谢芯	0.000277	0.235722	0.000065
褔褍写芯	0.000277	0.116534	0.000032
褔褍褌褜	0.000277	1.771957	0.000491
褔褢褉薪褘泄	0.003324	0.356675	0.001186
褕邪屑锌懈薪褜芯薪	0.000554	1.237874	0.000686
褕邪褉懈泻	0.000277	0.040822	0.000011
褕邪褉谢芯褌泻邪	0.000554	0.040822	0.000023
褕邪褉屑	0.000277	0.116534	0.000032
褕邪褎褉邪薪	0.000554	3.506558	0.001943
褕邪褕谢褘泻	0.003601	0.040822	0.000147
褕胁械写褋泻懈泄	0.000277	0.116534	0.000032
褕胁械泄褑邪褉褋泻懈泄	0.000277	0.116534	0.000032
褕械写械胁褉	0.000277	0.116534	0.000032
褕械泻械褉	0.000277	4.605170	0.001276
褕械褎	0.000277	0.127833	0.000035
褕懈锌褍褔泻邪	0.000277	0.040822	0.000011
褕懈褉懈薪	0.000277	4.605170	0.001276
褕懈褉芯泻懈泄	0.000277	0.127833	0.000035
褕泻芯谢邪	0.000554	0.116534	0.000065
褕芯泻芯谢邪写	0.000277	0.040822	0.000011
褕芯褉褘	0.000277	4.605170	0.001276
褕芯褌谢邪薪写褋泻懈泄	0.000277	0.116534	0.000032
褕锌懈薪邪褌	0.000554	3.218876	0.001783
褕褌褉褍写械谢褜	0.000277	0.040822	0.000011
褕褍褉锌邪	0.000277	0.040822	0.000011
褖械写褉褘泄	0.000277	0.116534	0.000032
褖懈	0.000554	0.040822	0.000023
褝泻芯屑懈谢泻	0.000277	0.127833	0.000035
褝褋褌芯薪褋泻懈泄	0.000277	0.116534	0.000032
褞谐芯褋谢邪胁褋泻懈泄	0.000277	0.116534	0.000032
褟斜谢芯泻芯	0.000554	1.237874	0.000686
褟斜谢芯褔薪褘泄	0.000277	1.714798	0.000475
褟胁薪芯	0.000277	3.506558	0.000971
褟谐芯写薪褘泄	0.001108	0.105361	0.000117
褟蟹褘泻	0.000554	0.040822	0.000023
褟懈褔薪褘泄	0.001108	0.941609	0.001043
褟泄褑芯	0.002493	0.040822	0.000102
褟薪写械泻褋	0.000277	0.072571	0.000020
褟锌芯薪褋泻懈泄	0.000554	0.051293	0.000028
褟褉泻懈泄	0.000277	0.116534	0.000032
褟褉泻芯	0.000277	0.105361	0.000029
