谢械屑屑邪	TF	IDF	TF-IDF
邪斜褏邪蟹褋泻懈泄	0.000275	0.116534	0.000032
邪胁谐褍褋褌	0.000549	0.843970	0.000463
邪胁褋褌褉邪谢懈泄褋泻懈泄	0.000275	0.116534	0.000032
邪胁褋褌褉懈泄褋泻懈泄	0.000275	0.116534	0.000032
邪胁褌芯泻谢邪胁	0.000275	0.116534	0.000032
邪胁褌芯褉	0.000549	0.040822	0.000022
邪谐褉芯	0.000275	0.116534	0.000032
邪写卸懈泻邪	0.000275	0.040822	0.000011
邪蟹	0.000275	0.127833	0.000035
邪蟹械褉斜邪泄写卸邪薪褋泻懈泄	0.000275	0.116534	0.000032
邪蟹懈邪褌褋泻懈泄	0.000275	0.127833	0.000035
邪泄褉邪薪	0.000275	0.040822	0.000011
邪泻胁邪褌懈泻	0.000824	0.127833	0.000105
邪谢械泻褋械泄	0.000275	0.127833	0.000035
邪谢泻芯谐芯谢褜	0.000824	0.116534	0.000096
邪谢泻芯谐芯谢褜薪褘泄	0.000275	0.116534	0.000032
邪谢褜褟薪褋	0.000275	0.116534	0.000032
邪屑械褉懈泻邪薪褋泻懈泄	0.000275	0.116534	0.000032
邪薪谐谢懈泄褋泻懈泄	0.000275	0.116534	0.000032
邪薪写褉械泄	0.000549	0.127833	0.000070
邪锌褉械谢褜	0.000275	0.544727	0.000150
邪褉邪斜褋泻懈泄	0.000275	0.116534	0.000032
邪褉谐械薪褌懈薪褋泻懈泄	0.000275	0.116534	0.000032
邪褉屑褟薪褋泻懈泄	0.000275	0.116534	0.000032
邪褉芯屑邪褌	0.000275	0.820981	0.000225
邪褉芯屑邪褌薪褘泄	0.000549	0.693147	0.000381
邪褋褋芯褉褌懈	0.000549	0.116534	0.000064
邪褌谢邪薪褌	0.000275	0.116534	0.000032
邪褎谐邪薪褋泻懈泄	0.000275	0.116534	0.000032
邪褎褉懈泻邪薪褋泻懈泄	0.000275	0.116534	0.000032
邪褝褉芯谐褉懈谢褜	0.002746	0.116534	0.000320
斜邪蟹懈谢懈泻	0.000549	1.609438	0.000884
斜邪泻谢邪卸邪薪	0.000275	0.040822	0.000011
斜邪谢褌泻芯屑邪	0.000275	0.127833	0.000035
斜邪褉邪薪懈薪邪	0.001098	0.116534	0.000128
斜邪褉褏邪褌薪褘泄	0.000275	2.659260	0.000730
斜邪褋屑邪褌懈	0.000549	0.127833	0.000070
斜邪褋褌褍褉屑	0.000275	0.040822	0.000011
斜邪褋褌褍褉屑邪	0.000275	0.040822	0.000011
斜邪褌芯薪	0.000549	1.514128	0.000831
斜邪褌芯薪褔懈泻	0.000275	0.127833	0.000035
斜邪褕泻懈褉褋泻懈泄	0.000275	0.116534	0.000032
斜械蟹邪谢泻芯谐芯谢褜薪褘泄	0.000275	0.116534	0.000032
斜械蟹谐谢褞褌械薪芯胁芯械	0.000275	0.116534	0.000032
斜械蟹械	0.001098	0.040822	0.000045
斜械蟹芯斜褉邪蟹懈械	0.000549	2.525729	0.001387
斜械谢械斜械械胁褋泻懈泄	0.000549	0.116534	0.000064
斜械谢泻邪	0.000275	2.120264	0.000582
斜械谢芯泻	0.000275	2.040221	0.000560
斜械谢芯泻芯褔邪薪薪褘泄	0.000549	0.967584	0.000531
斜械谢芯褉褍褋褋泻懈泄	0.000275	0.116534	0.000032
斜械谢褘泄	0.000549	1.237874	0.000680
斜械谢褜谐懈泄褋泻懈泄	0.000275	0.116534	0.000032
斜械褉械屑械薪薪邪褟	0.000275	0.116534	0.000032
斜械褋械写懈薪	0.000275	0.127833	0.000035
斜懈褋泻胁懈褌	0.000824	0.040822	0.000034
斜懈褋泻胁懈褌薪褘泄	0.000824	0.105361	0.000087
斜谢邪谐芯写邪褉薪褘泄	0.000275	1.660731	0.000456
斜谢懈蟹泻懈泄	0.000549	0.116534	0.000064
斜谢懈薪	0.001647	0.040822	0.000067
斜谢芯谐械褉	0.000275	2.659260	0.000730
斜谢褞写芯	0.031027	0.040822	0.001267
斜芯斜芯胁褘泄	0.002471	0.116534	0.000288
斜芯谢谐邪褉褋泻懈泄	0.001373	0.116534	0.000160
斜芯谢褜褕芯泄	0.000549	0.094311	0.000052
斜芯芯芯芯芯谢褜褕懈泄	0.000275	3.218876	0.000884
斜芯褉褖	0.000549	0.040822	0.000022
斜芯褌胁懈薪褜褟	0.000275	0.040822	0.000011
斜褉邪蟹懈谢褜褋泻懈泄	0.000275	0.116534	0.000032
斜褉邪褍蟹械褉	0.000275	0.040822	0.000011
斜褉邪褍薪懈	0.000275	0.040822	0.000011
斜褉械褋褌	0.000275	0.127833	0.000035
斜褉芯泻泻芯谢懈	0.000275	0.040822	0.000011
斜褉褘蟹谐懈	0.000275	2.659260	0.000730
斜褍写薪懈	0.000275	2.525729	0.000694
斜褍卸械薪懈薪邪	0.000275	0.040822	0.000011
斜褍谢芯褔泻邪	0.000824	0.040822	0.000034
斜褍谢褜芯薪	0.004119	0.040822	0.000168
斜褍褉谐械褉	0.000549	0.040822	0.000022
斜褍褉褟褌褋泻懈泄	0.000275	0.116534	0.000032
斜褍褌械褉斜褉芯写	0.001098	0.040822	0.000045
斜褘褋褌褉芯	0.000549	0.094311	0.000052
斜褘褋褌褉褘泄	0.000824	0.094311	0.000078
斜褞写卸械褌薪褘泄	0.000275	2.813411	0.000772
胁邪卸薪褘泄	0.000275	0.116534	0.000032
胁邪谢谢懈泄褋泻懈泄	0.000275	0.116534	0.000032
胁邪薪懈谢褜薪褘泄	0.000549	1.347074	0.000740
胁邪褉械薪懈械	0.000549	0.040822	0.000022
胁邪褉械薪懈泻	0.000275	0.116534	0.000032
胁邪褉懈邪薪褌	0.000824	0.356675	0.000294
胁邪褉泻邪	0.000275	1.832581	0.000503
胁邪褌褉褍褕泻邪	0.000275	0.040822	0.000011
胁邪褎谢褟	0.000549	0.040822	0.000022
胁邪褕	0.000549	0.000000	0.000000
胁胁芯写懈褌褜	0.000275	0.040822	0.000011
胁写芯褏薪芯胁械薪懈械	0.001647	0.116534	0.000192
胁写芯褏薪芯胁谢褟褌褜褋褟	0.000275	0.116534	0.000032
胁写褉褍谐	0.000275	2.407946	0.000661
胁械谐械褌邪褉懈邪薪褋泻懈泄	0.000549	0.116534	0.000064
胁械谢懈泻懈泄	0.000275	0.116534	0.000032
胁械薪谐械褉褋泻懈泄	0.000275	0.116534	0.000032
胁械褋械薪薪懈泄	0.000275	0.051293	0.000014
胁械褋薪邪	0.001922	0.116534	0.000224
胁械褌褔懈薪邪	0.000275	0.094311	0.000026
胁蟹褟褌褜	0.000275	1.171183	0.000322
胁懈写	0.000275	0.776529	0.000213
胁懈写械芯	0.000549	0.116534	0.000064
胁懈写械芯褉械褑械锌褌	0.000275	0.301105	0.000083
胁懈薪芯	0.001098	0.040822	0.000045
胁泻谢褞褔邪褌褜	0.000275	0.634878	0.000174
胁泻褍褋	0.003569	0.105361	0.000376
胁泻褍褋薪芯	0.001647	0.094311	0.000155
胁泻褍褋薪褘泄	0.005217	0.061875	0.000323
胁谢褞斜懈褌褜	0.000275	0.116534	0.000032
胁屑械褋褌械	0.000275	0.916291	0.000252
胁薪邪褔邪谢械	0.001098	0.248461	0.000273
胁薪褍褌褉懈	0.000275	1.469676	0.000404
胁芯写邪	0.001373	0.094311	0.000129
胁芯泄褌懈	0.000275	0.000000	0.000000
胁芯谢芯胁邪薪	0.000275	0.116534	0.000032
胁芯谢褕械斜薪褘泄	0.000275	0.116534	0.000032
胁芯谢褕械斜褋褌胁芯	0.000275	0.116534	0.000032
胁芯芯斜褖械	0.000275	1.386294	0.000381
胁芯锌褉芯褋	0.000549	0.000000	0.000000
胁芯褋褌芯褔薪褘泄	0.000275	0.127833	0.000035
胁锌械褉胁褘械	0.000275	1.560648	0.000429
胁褉械屑褟	0.002471	0.105361	0.000260
胁褋械谐写邪	0.000275	0.653926	0.000180
胁褋锌芯屑薪懈褌褜	0.000275	0.040822	0.000011
胁褌芯褉芯械	0.000275	0.116534	0.000032
胁褌芯褉芯泄	0.000275	0.116534	0.000032
胁褏芯写	0.000824	0.030459	0.000025
胁褘胁械写邪褌褜	0.000275	3.218876	0.000884
胁褘泄褌懈	0.000275	0.040822	0.000011
胁褘泻谢邪写褘胁邪褌褜	0.000275	1.660731	0.000456
胁褘锌械褔泻邪	0.004668	0.040822	0.000191
胁褘褉邪褖懈胁邪褌褜	0.000275	3.912023	0.001074
胁褘褋芯泻懈泄	0.000275	2.407946	0.000661
胁褜械褌薪邪屑褋泻懈泄	0.000275	0.116534	0.000032
谐邪胁邪泄褋泻懈泄	0.000275	0.116534	0.000032
谐邪褉薪懈褉	0.003020	0.040822	0.000123
谐邪褋锌邪褔芯	0.000275	0.040822	0.000011
谐械芯谐褉邪褎懈褟	0.000275	0.116534	0.000032
谐谢邪胁薪芯械	0.000275	1.139434	0.000313
谐谢邪胁薪褘泄	0.000275	0.040822	0.000011
谐谢邪蟹褍褉褜	0.000824	0.040822	0.000034
谐谢械褏褍褉邪写邪	0.000275	3.218876	0.000884
谐谢懈薪褌胁械泄薪	0.000275	0.040822	0.000011
谐芯胁褟写懈薪邪	0.001098	0.116534	0.000128
谐芯写	0.007688	0.083382	0.000641
谐芯谢谢邪薪写褋泻懈泄	0.000275	0.116534	0.000032
谐芯褉邪蟹写芯	0.000275	2.040221	0.000560
谐芯褉芯写	0.000275	0.116534	0.000032
谐芯褉芯褏	0.000275	0.116534	0.000032
谐芯褉褔懈褑邪	0.001373	0.040822	0.000056
谐芯褉褕芯褔械泻	0.000549	0.040822	0.000022
谐芯褉褟褔械械	0.000824	0.116534	0.000096
谐芯褉褟褔懈泄	0.013180	0.105361	0.001389
谐芯褋褌褜	0.000549	0.116534	0.000064
谐芯褌芯胁懈褌褜	0.004942	0.083382	0.000412
谐芯褌芯胁懈褌褜褋褟	0.000549	0.371064	0.000204
谐芯褌芯胁泻邪	0.000275	2.120264	0.000582
谐褉邪	0.000824	3.912023	0.003222
谐褉邪写褍褋	0.000275	2.525729	0.000694
谐褉械薪泻邪	0.000549	0.040822	0.000022
谐褉械褑泻懈泄	0.000549	1.469676	0.000807
谐褉械褔械褋泻懈泄	0.000824	0.116534	0.000096
谐褉械褔泻邪	0.000275	0.040822	0.000011
谐褉懈斜	0.004393	0.040822	0.000179
谐褉懈斜薪芯泄	0.000824	0.040822	0.000034
谐褉懈谢褜	0.002746	0.105361	0.000289
谐褉懈谢褜屑邪薪懈褟	0.000275	0.116534	0.000032
谐褉芯谐	0.000275	0.040822	0.000011
谐褉褍蟹懈薪褋泻懈泄	0.000275	0.116534	0.000032
谐褉褍锌锌邪	0.000275	0.061875	0.000017
谐褍褉屑	0.000275	0.127833	0.000035
谐褍褉屑邪薪懈褟	0.001647	0.116534	0.000192
谐褍褋褜	0.000824	0.105361	0.000087
写邪胁邪褌褜	0.000275	0.040822	0.000011
写邪薪薪褘械	0.000275	0.040822	0.000011
写邪褉	0.000275	0.116534	0.000032
写邪褌邪	0.000549	0.248461	0.000136
写邪褌褋泻懈泄	0.000275	0.116534	0.000032
写邪褌褜	0.000275	0.040822	0.000011
写邪褔邪	0.000275	2.659260	0.000730
写邪褔薪褘泄	0.000824	0.116534	0.000096
写胁邪	0.000275	0.967584	0.000266
写胁芯械	0.000275	3.506558	0.000963
写械胁芯褔泻邪	0.000275	1.171183	0.000322
写械谐褍褋褌懈褉芯胁邪褌褜	0.000275	4.605170	0.001264
写械泻芯褉	0.000275	0.127833	0.000035
写械谢邪褌褜	0.001098	0.083382	0.000092
写械谢懈泻邪褌械褋	0.000275	2.659260	0.000730
写械谢懈褌褜褋褟	0.000549	0.040822	0.000022
写械谢芯	0.000824	0.105361	0.000087
写械薪褜	0.001922	0.040822	0.000078
写械褋械褉褌	0.004668	0.040822	0.000191
写械褋械褉褌邪褑懈褟	0.000275	0.116534	0.000032
写械褋械褉褌薪褘泄	0.000275	0.116534	0.000032
写卸械屑	0.000275	0.040822	0.000011
写卸械屑邪	0.000275	0.040822	0.000011
写卸械薪褟褌褜	0.000275	2.659260	0.000730
写蟹械薪	0.000275	0.116534	0.000032
写懈械褌邪	0.000549	0.094311	0.000052
写懈泻懈泄	0.000824	0.116534	0.000096
写懈锌	0.000275	0.116534	0.000032
写懈褔褜	0.000824	0.116534	0.000096
写薪械胁薪懈泻	0.000275	0.061875	0.000017
写薪芯	0.000275	2.813411	0.000772
写芯斜邪胁懈褌褜	0.000275	0.083382	0.000023
写芯斜邪胁泻邪	0.000275	2.302585	0.000632
写芯斜邪胁谢械薪懈械	0.000275	0.223144	0.000061
写芯斜邪胁谢褟褌褜	0.000549	0.040822	0.000022
写芯斜褉芯褎谢芯褌	0.000275	0.127833	0.000035
写芯胁械褉褟褌褜	0.000275	0.116534	0.000032
写芯泄褌懈	0.000275	2.525729	0.000694
写芯谢谐懈泄	0.000275	1.609438	0.000442
写芯屑	0.003295	0.040822	0.000135
写芯屑邪褕薪懈泄	0.003844	0.040822	0.000157
写褉邪泄胁	0.001373	0.127833	0.000175
写褉芯卸卸械胁芯泄	0.000549	0.116534	0.000064
写褉芯卸卸懈	0.001098	0.916291	0.001006
写褉褍谐	0.000549	0.544727	0.000299
写褍褏芯胁泻邪	0.001647	0.105361	0.000174
写褍褕邪	0.000824	0.105361	0.000087
写褍褕懈褋褌褘泄	0.001098	1.237874	0.001360
写褘褕邪褌褜	0.000275	3.506558	0.000963
械胁褉械泄褋泻懈泄	0.000275	0.116534	0.000032
械谐懈锌械褌褋泻懈泄	0.000275	0.116534	0.000032
械写懈薪褘泄	0.000275	0.000000	0.000000
械泻芯	0.000275	0.127833	0.000035
卸邪褉械薪褘泄	0.000275	1.272966	0.000350
卸邪褉懈褌褜	0.000549	1.347074	0.000740
卸邪褉懈褌褜褋褟	0.000275	2.120264	0.000582
卸邪褉泻芯械	0.000275	0.040822	0.000011
卸械谢械	0.000824	0.040822	0.000034
卸械谢褌芯泻	0.000549	1.237874	0.000680
卸械薪褋泻懈泄	0.000549	0.020203	0.000011
卸械薪褖懈薪邪	0.000549	0.061875	0.000034
卸懈蟹薪褜	0.000549	0.040822	0.000022
卸懈褉薪褘泄	0.000275	2.207275	0.000606
卸褍谢褜械薪	0.000275	0.040822	0.000011
卸褍褉薪邪谢	0.000275	0.072571	0.000020
卸褞谢褜械薪	0.000275	0.040822	0.000011
卸褞谢褜薪褘泄	0.000275	0.040822	0.000011
蟹邪胁邪褉薪芯泄	0.000549	0.116534	0.000064
蟹邪胁械写械薪懈械	0.000275	2.525729	0.000694
蟹邪胁褌褉邪泻	0.002197	0.094311	0.000207
蟹邪谐芯褌芯胁泻邪	0.001098	0.040822	0.000045
蟹邪写邪胁邪褌褜	0.000275	0.040822	0.000011
蟹邪写邪褌褜	0.000275	2.525729	0.000694
蟹邪懈薪褌械褉械褋芯胁邪褌褜	0.000275	1.966113	0.000540
蟹邪泻胁邪褋泻邪	0.000824	0.040822	0.000034
蟹邪泻褉褘褌褘泄	0.000275	0.116534	0.000032
蟹邪泻褍褋泻邪	0.006315	0.040822	0.000258
蟹邪泻褍褋芯薪褔懈泻	0.000275	0.116534	0.000032
蟹邪泻褍褋芯褔泻邪	0.000275	0.116534	0.000032
蟹邪泻褍褋芯褔薪邪褟	0.002471	0.116534	0.000288
蟹邪谢懈胁薪芯械	0.000549	0.040822	0.000022
蟹邪屑械褔邪褌械谢褜薪褘泄	0.000549	0.713350	0.000392
蟹邪屑芯褉芯蟹懈褌褜	0.000275	2.302585	0.000632
蟹邪屑芯褉芯蟹泻邪	0.000275	0.105361	0.000029
蟹邪锌邪写	0.000275	0.116534	0.000032
蟹邪锌械泻邪薪泻邪	0.003844	0.040822	0.000157
蟹邪锌械褔褜	0.000275	0.916291	0.000252
蟹邪锌褉邪胁泻邪	0.000824	0.040822	0.000034
蟹邪褉械谐懈褋褌褉懈褉芯胁邪褌褜褋褟	0.000549	0.030459	0.000017
蟹邪褋械褔褜	0.000275	2.659260	0.000730
蟹邪褋芯谢泻邪	0.000275	0.116534	0.000032
蟹邪褌褉褍写薪懈褌褜褋褟	0.000275	4.605170	0.001264
蟹邪褏芯写懈褌褜	0.001373	0.733969	0.001008
蟹邪褟褑	0.000549	0.116534	0.000064
蟹胁邪薪褘泄	0.000275	0.127833	0.000035
蟹胁械蟹写邪	0.000275	0.116534	0.000032
蟹胁褢蟹写薪褘泄	0.000275	0.116534	0.000032
蟹写芯褉芯胁褘泄	0.000549	0.116534	0.000064
蟹械谢械薪褜	0.002471	0.094311	0.000233
蟹械谢褢薪褘泄	0.000549	0.820981	0.000451
蟹械褎懈褉	0.000275	0.040822	0.000011
蟹懈屑邪	0.001373	0.040822	0.000056
蟹懈屑薪懈泄	0.000275	0.051293	0.000014
蟹薪邪泻芯屑褘泄	0.000549	1.272966	0.000699
蟹薪邪褌褜	0.000275	0.462035	0.000127
蟹芯谢芯褌芯泄	0.000275	0.116534	0.000032
懈胁邪薪芯胁	0.000275	0.127833	0.000035
懈谐芯褉褜	0.000275	3.218876	0.000884
懈写械邪谢褜薪褘泄	0.002197	0.116534	0.000256
懈写械泄泻邪	0.000275	0.116534	0.000032
懈蟹谐芯褌芯胁谢褟褌褜褋褟	0.000275	4.605170	0.001264
懈蟹写械谢懈械	0.001922	0.116534	0.000224
懈蟹屑械薪械薪懈械	0.000275	2.302585	0.000632
懈蟹褘褋泻邪薪薪褘泄	0.000275	2.813411	0.000772
懈蟹褞屑懈薪泻邪	0.000275	1.966113	0.000540
懈泻褉邪	0.000824	0.040822	0.000034
懈屑褟	0.000275	0.030459	0.000008
懈薪胁械褉褌芯褉薪褘泄	0.000275	0.127833	0.000035
懈薪谐褉械写懈械薪褌	0.008512	0.139262	0.001185
懈薪写械泄泻邪	0.001922	0.094311	0.000181
懈薪写懈泄褋泻懈泄	0.000275	0.116534	0.000032
懈薪写懈谢邪泄褌邪	0.000824	0.116534	0.000096
懈薪写懈褉械褋薪褘泄	0.000275	0.116534	0.000032
懈薪械褌	0.000275	1.771957	0.000487
懈薪芯泄	0.000275	2.040221	0.000560
懈薪褋褌褉褍泻褑懈褟	0.000275	0.030459	0.000008
懈薪褌械褉械褋薪芯	0.000275	1.660731	0.000456
懈薪褌械褉械褋薪褘泄	0.000275	0.916291	0.000252
懈薪褌械褉薪械褌	0.000275	0.967584	0.000266
懈褉邪泻褋泻懈泄	0.000275	0.116534	0.000032
懈褉邪薪褋泻懈泄	0.000275	0.116534	0.000032
懈褉谢邪薪写褋泻懈泄	0.000275	0.116534	0.000032
懈褉褉械蟹邪	0.000275	1.347074	0.000370
懈褋泻褉械薪薪械	0.000275	0.116534	0.000032
懈褋谢邪薪写褋泻懈泄	0.000275	0.116534	0.000032
懈褋锌邪薪褋泻懈泄	0.000275	0.116534	0.000032
懈褋锌械褔褜	0.000275	0.105361	0.000029
懈褋褌芯褉懈褟	0.001647	0.116534	0.000192
懈褌邪谢懈褟	0.000549	0.105361	0.000058
懈褌邪谢褜褟薪械褑	0.000275	2.813411	0.000772
懈褌邪谢褜褟薪褋泻懈泄	0.000549	0.105361	0.000058
懈褞薪褜	0.000824	0.562119	0.000463
泄芯谐褍褉褌	0.000824	0.040822	0.000034
泻邪斜邪褔泻芯胁褘泄	0.000275	1.832581	0.000503
泻邪斜邪褔芯泻	0.000824	0.040822	0.000034
泻邪胁泻邪蟹褋泻懈泄	0.000275	0.116534	0.000032
泻邪蟹邪薪	0.000275	0.116534	0.000032
泻邪蟹邪褌褜褋褟	0.000549	1.139434	0.000626
泻邪蟹邪褏褋泻懈泄	0.000275	0.116534	0.000032
泻邪泻邪芯	0.001098	0.040822	0.000045
泻邪谢械泄写芯褋泻芯锌	0.001098	0.116534	0.000128
泻邪谢屑褘褑泻懈泄	0.000275	0.116534	0.000032
泻邪谢芯褉懈泄薪褘泄	0.000275	1.966113	0.000540
泻邪谢褜屑邪褉	0.000275	0.040822	0.000011
泻邪谢褜褑芯薪	0.000275	2.813411	0.000772
泻邪屑械褉邪	0.000275	0.116534	0.000032
泻邪薪邪写褋泻懈泄	0.000275	0.116534	0.000032
泻邪薪邪谢	0.000824	0.040822	0.000034
泻邪薪邪锌械	0.000549	0.040822	0.000022
泻邪锌械褉褋	0.000549	2.525729	0.001387
泻邪锌褍褋褌邪	0.001647	0.040822	0.000067
泻邪锌褍褋褌薪褟泻	0.000275	0.040822	0.000011
泻邪褉邪屑械谢褜	0.000275	0.040822	0.000011
泻邪褉泻邪褋薪褘泄	0.001098	0.116534	0.000128
泻邪褉褌芯褎械谢褜	0.002197	0.040822	0.000090
泻邪褉褌芯褎械谢褜薪褘泄	0.001098	0.040822	0.000045
泻邪褉褌芯褕泻邪	0.000824	0.040822	0.000034
泻邪褌械谐芯褉懈褟	0.004393	0.116534	0.000512
泻邪褎械	0.000275	2.207275	0.000606
泻邪褔械褋褌胁芯	0.000549	0.105361	0.000058
泻邪褕邪	0.001922	0.040822	0.000078
泻胁邪褋	0.001098	0.040822	0.000045
泻胁邪褋薪芯泄	0.000824	0.116534	0.000096
泻械泻褋	0.000824	0.040822	0.000034
泻械褎懈褉	0.000275	0.040822	0.000011
泻懈谢芯谐褉邪屑屑	0.000275	2.407946	0.000661
泻懈屑褔邪褌褜	0.000275	0.040822	0.000011
泻懈薪芯邪	0.000549	0.127833	0.000070
泻懈薪芯谢械薪褌邪	0.000275	0.116534	0.000032
泻懈褋械谢褜	0.000549	0.040822	0.000022
泻懈褌邪泄褋泻懈泄	0.000275	0.116534	0.000032
泻谢邪褋褋	0.002471	0.116534	0.000288
泻薪懈谐邪	0.000549	0.040822	0.000022
泻芯泻褌械泄谢褜	0.001647	0.040822	0.000067
泻芯谢斜邪褋邪	0.000275	0.040822	0.000011
泻芯谢斜邪褋薪褘泄	0.000824	0.116534	0.000096
泻芯屑邪薪写邪	0.000549	0.127833	0.000070
泻芯屑懈	0.000275	0.116534	0.000032
泻芯屑屑械薪褌邪褉懈泄	0.000275	0.127833	0.000035
泻芯屑锌邪薪懈褟	0.000275	0.105361	0.000029
泻芯屑锌芯蟹懈褑懈褟	0.000275	2.525729	0.000694
泻芯屑锌芯褌	0.000824	0.040822	0.000034
泻芯薪械褔薪芯	0.000275	0.527633	0.000145
泻芯薪懈薪邪	0.000275	0.116534	0.000032
泻芯薪泻褍褉褋	0.059308	0.040822	0.002421
泻芯薪泻褍褉褋薪褘泄	0.000275	0.127833	0.000035
泻芯薪褋械褉胁懈褉芯胁邪薪懈械	0.000275	0.040822	0.000011
泻芯薪褋械褉胁懈褉芯胁邪薪薪褘泄	0.001373	0.116534	0.000160
泻芯薪褎械褌邪	0.000824	0.040822	0.000034
泻芯薪褎械褌褌懈	0.000275	0.116534	0.000032
泻芯薪褎懈写械薪褑懈邪谢褜薪芯褋褌褜	0.000275	0.040822	0.000011
泻芯薪褎懈褌褞褉	0.000275	0.040822	0.000011
泻芯薪褜褟泻	0.000549	2.207275	0.001212
泻芯锌褔褢薪芯褋褌褜	0.000275	0.116534	0.000032
泻芯褉械泄褋泻懈	0.000275	0.040822	0.000011
泻芯褉械泄褋泻懈泄	0.000275	0.105361	0.000029
泻芯褉卸懈泻	0.000275	0.040822	0.000011
泻芯褉懈邪薪写褉	0.000549	1.469676	0.000807
泻芯褉屑懈褌褜	0.000275	0.116534	0.000032
泻芯褉芯褔泻邪	0.000275	1.309333	0.000360
泻芯褋褌褜	0.000549	2.659260	0.001460
泻芯褌谢械褌邪	0.000275	0.040822	0.000011
泻芯褎械	0.000549	0.040822	0.000022
泻褉邪褋懈胁褘泄	0.000275	0.843970	0.000232
泻褉邪褋泻邪	0.000275	0.116534	0.000032
泻褉邪褋薪褘泄	0.001647	0.941609	0.001551
泻褉械邪褌懈胁	0.000275	0.127833	0.000035
泻褉械屑	0.000824	0.040822	0.000034
泻褉械锌泻懈泄	0.000275	0.116534	0.000032
泻褉懈褌懈泻	0.000275	3.218876	0.000884
泻褉芯谢懈泻	0.000549	0.116534	0.000064
泻褉芯屑械	0.000275	0.061875	0.000017
泻褉芯褏邪	0.000275	0.116534	0.000032
泻褉褍谐	0.000549	0.116534	0.000064
泻褉褍谐谢褘泄	0.000275	2.813411	0.000772
泻褉褍锌	0.001647	0.105361	0.000174
泻褉褍锌邪	0.003020	0.116534	0.000352
泻褉褍锌褟薪芯泄	0.000275	0.116534	0.000032
泻褍斜懈薪褋泻懈泄	0.000275	0.116534	0.000032
泻褍谢械褕	0.000275	0.040822	0.000011
泻褍谢懈薪邪褉懈褟	0.000824	0.094311	0.000078
泻褍谢懈薪邪褉薪褘泄	0.001647	0.000000	0.000000
泻褍谢懈褔	0.000549	0.040822	0.000022
泻褍薪卸褍褌	0.000549	0.994252	0.000546
泻褍褉写褋泻懈泄	0.000275	0.116534	0.000032
泻褍褉懈薪褘泄	0.004119	0.094311	0.000388
泻褍褉懈褑邪	0.002471	0.040822	0.000101
泻褍褉芯褔泻邪	0.000275	0.116534	0.000032
泻褍褋泻褍褋	0.000275	0.040822	0.000011
泻褍褏薪褟	0.002197	0.040822	0.000090
谢邪胁邪褕	0.001647	0.040822	0.000067
谢邪胁褉芯胁褘泄	0.001098	1.139434	0.001251
谢邪谐屑邪薪	0.000275	0.040822	0.000011
谢邪泻芯屑褋褌胁芯	0.000275	0.116534	0.000032
谢邪锌褕邪	0.000549	0.040822	0.000022
谢邪褉懈褋邪	0.000275	2.407946	0.000661
谢邪褌褘褕褋泻懈泄	0.000275	0.116534	0.000032
谢邪褎邪泄械褌褌邪	0.000275	4.605170	0.001264
谢邪褏邪薪芯褉懈蟹芯	0.000549	2.407946	0.001322
谢械谐泻芯	0.001922	0.116534	0.000224
谢械锌褢褕泻邪	0.000549	0.040822	0.000022
谢械褋薪芯泄	0.000275	2.813411	0.000772
谢械褌薪懈泄	0.000549	0.040822	0.000022
谢械褌芯	0.002197	0.116534	0.000256
谢械褔芯	0.000275	0.040822	0.000011
谢懈谐邪	0.000824	0.116534	0.000096
谢懈泻褢褉	0.000275	0.040822	0.000011
谢懈屑芯薪	0.001098	0.891598	0.000979
谢懈屑芯薪邪写	0.000549	0.040822	0.000022
谢懈褋褌	0.002746	0.843970	0.002317
谢懈褌芯胁褋泻	0.000275	0.127833	0.000035
谢懈褌芯胁褋泻懈泄	0.000275	0.116534	0.000032
谢懈褕薪懈泄	0.000549	1.560648	0.000857
谢褍泻	0.006041	0.301105	0.001819
谢褞斜懈屑褘泄	0.002471	0.116534	0.000288
谢褞斜芯胁褜	0.000549	0.105361	0.000058
谢褞斜芯泄	0.000275	0.094311	0.000026
谢褟	0.000275	1.771957	0.000487
谢褢谐泻懈泄	0.001098	0.094311	0.000104
谢褢写	0.000275	0.116534	0.000032
屑邪谐褉懈斜	0.000275	0.116534	0.000032
屑邪泄	0.000549	0.116534	0.000064
屑邪泄芯薪械蟹	0.000824	0.116534	0.000096
屑邪泻邪褉芯薪薪褘泄	0.000275	0.116534	0.000032
屑邪泻邪褉芯薪褘	0.000275	0.040822	0.000011
屑邪谢邪蟹懈泄褋泻懈泄	0.000275	0.116534	0.000032
屑邪谢械薪褜泻懈泄	0.000275	1.514128	0.000416
屑邪屑邪	0.000549	1.469676	0.000807
屑邪薪写邪褉懈薪芯胁褘泄	0.000549	2.525729	0.001387
屑邪薪薪懈泻	0.000275	0.040822	0.000011
屑邪薪薪褘泄	0.000549	1.609438	0.000884
屑邪薪褋邪褉写邪	0.000275	0.755023	0.000207
屑邪薪褌邪	0.000275	0.116534	0.000032
屑邪薪褢胁褉	0.000275	0.116534	0.000032
屑邪褉邪褎芯薪	0.000824	0.116534	0.000096
屑邪褉懈薪邪写	0.003295	0.040822	0.000135
屑邪褉懈薪芯胁邪褌褜	0.000275	0.116534	0.000032
屑邪褉屑械谢邪写	0.000275	0.040822	0.000011
屑邪褉芯泻泻邪薪褋泻懈泄	0.000275	0.116534	0.000032
屑邪褉褌	0.001647	0.105361	0.000174
屑邪褋泻邪褉锌芯薪	0.000275	0.040822	0.000011
屑邪褋谢械薪懈褑邪	0.000824	0.040822	0.000034
屑邪褋谢械薪懈褔薪褘泄	0.000275	0.116534	0.000032
屑邪褋谢懈薪邪	0.000549	1.966113	0.001080
屑邪褋谢懈褑械	0.000275	3.912023	0.001074
屑邪褋谢芯	0.012905	0.105361	0.001360
屑邪褋谢褟薪褘泄	0.000275	2.525729	0.000694
屑邪褋褌械褉	0.002471	0.116534	0.000288
屑邪褋褌懈泻邪	0.000549	0.040822	0.000022
屑邪褎褎懈薪邪	0.000275	0.116534	0.000032
屑邪褏械械胁褗	0.001098	0.116534	0.000128
屑械写懈邪褎芯褉褌	0.000824	0.000000	0.000000
屑械写芯胁褘泄	0.000275	0.116534	0.000032
屑械泻褋懈泻邪薪褋泻懈泄	0.000275	0.116534	0.000032
屑械薪褞	0.000549	0.116534	0.000064
屑械薪褟褌褜	0.000275	2.525729	0.000694
屑械薪褟褌褜褋褟	0.000275	0.116534	0.000032
屑械褔褌邪	0.000824	0.040822	0.000034
屑械褔褌邪褌褜	0.000275	2.995732	0.000823
屑懈写懈褟	0.000275	0.040822	0.000011
屑懈泻褉芯胁芯谢薪芯胁泻邪	0.000275	0.105361	0.000029
屑懈谢芯褋褌褜	0.000275	1.897120	0.000521
屑懈谢褜褟	0.000275	0.116534	0.000032
屑懈薪懈屑褍屑	0.000275	1.237874	0.000340
屑懈芯	0.000275	0.116534	0.000032
屑懈褉	0.000549	0.105361	0.000058
屑懈褉芯胁芯泄	0.000275	0.116534	0.000032
屑懈褋芯	0.000275	0.040822	0.000011
屑懈褋褌械褉懈褟	0.000275	0.116534	0.000032
屑懈褋褌褉邪谢褜	0.001922	0.116534	0.000224
屑薪芯谐懈械	0.000275	1.309333	0.000360
屑薪芯谐芯	0.000275	0.776529	0.000213
屑薪芯谐芯胁邪褌芯	0.000275	3.912023	0.001074
屑薪芯卸械褋褌胁芯	0.000275	0.040822	0.000011
屑芯泄	0.001922	0.083382	0.000160
屑芯谢写邪胁褋泻懈泄	0.000275	0.116534	0.000032
屑芯谢芯泻芯	0.002746	0.083382	0.000229
屑芯谢芯褔薪褘泄	0.000824	0.040822	0.000034
屑芯屑械薪褌	0.000824	0.105361	0.000087
屑芯薪谐芯谢褜褋泻懈泄	0.000275	0.116534	0.000032
屑芯褉械	0.000275	0.116534	0.000032
屑芯褉械锌褉芯写褍泻褌	0.003844	0.040822	0.000157
屑芯褉泻芯胁褜	0.002471	0.040822	0.000101
屑芯褉芯卸械薪芯械	0.000824	0.040822	0.000034
屑芯褉褋	0.000549	0.040822	0.000022
屑芯褌芯褉	0.000275	0.116534	0.000032
屑芯褏懈褌褘泄	0.000275	0.040822	0.000011
屑芯褔褜	0.000549	0.000000	0.000000
屑褍卸	0.000275	0.867501	0.000238
屑褍卸褋泻芯泄	0.000275	0.127833	0.000035
屑褍卸褔懈薪邪	0.000549	0.116534	0.000064
屑褍泻邪	0.002197	0.248461	0.000546
屑褍谢褜褌懈胁邪褉泻邪	0.011532	0.116534	0.001344
屑褍谢褜褌懈锌械泻邪褉褜	0.000824	0.116534	0.000096
屑褍褋泻邪褌薪褘泄	0.001098	1.832581	0.002013
屑褍褋褋	0.000275	0.040822	0.000011
屑褍褋褋邪	0.000824	0.040822	0.000034
屑褍褔薪芯泄	0.000275	0.116534	0.000032
屑褘褌褜	0.000275	2.659260	0.000730
屑褞褋谢懈	0.000549	0.116534	0.000064
屑褟褋薪芯泄	0.003295	0.040822	0.000135
屑褟褋芯	0.006864	0.040822	0.000280
屑褟褌褘泄	0.000549	2.302585	0.001264
薪邪斜芯褉	0.000275	1.660731	0.000456
薪邪蟹邪写	0.000275	0.967584	0.000266
薪邪蟹胁邪薪懈械	0.000549	0.562119	0.000309
薪邪蟹薪邪褔械薪懈械	0.000275	0.116534	0.000032
薪邪泄褌懈	0.000275	0.446287	0.000123
薪邪泻芯薪械褑	0.000275	1.609438	0.000442
薪邪谢懈胁泻邪	0.000275	0.040822	0.000011
薪邪锌懈褌芯泻	0.001922	0.040822	0.000078
薪邪褋褌芯泄泻邪	0.000275	0.040822	0.000011
薪邪褋褌芯褟褖懈泄	0.000275	1.108663	0.000304
薪邪褋褌褉芯械薪懈械	0.000275	0.116534	0.000032
薪邪褋褘褖械薪薪褘泄	0.000275	1.609438	0.000442
薪邪褌泻薪褍褌褜褋褟	0.000275	1.966113	0.000540
薪邪褑懈芯薪邪谢褜薪褘泄	0.000275	0.116534	0.000032
薪邪褔邪褌褜	0.000275	1.771957	0.000487
薪邪褔懈薪泻邪	0.000824	0.040822	0.000034
薪邪褕	0.000824	0.040822	0.000034
薪邪褟褉懈胁邪褌褜	0.000275	4.605170	0.001264
薪械胁械褉芯褟褌薪芯	0.000549	1.386294	0.000761
薪械胁械褉芯褟褌薪褘泄	0.000275	2.659260	0.000730
薪械写邪胁薪芯	0.000275	2.120264	0.000582
薪械写械谢褟	0.002746	0.051293	0.000141
薪械卸薪芯褋褌褜	0.000275	2.813411	0.000772
薪械卸薪褘泄	0.001373	0.094311	0.000129
薪械懈蟹屑械薪薪芯	0.000275	2.525729	0.000694
薪械屑邪谢芯胁邪卸薪褘泄	0.000549	2.207275	0.001212
薪械屑械褑泻懈泄	0.000275	0.116534	0.000032
薪械屑芯泄	0.000275	1.203973	0.000331
薪械薪褍卸薪褘泄	0.000275	2.302585	0.000632
薪械芯斜褘褔薪褘泄	0.000549	0.916291	0.000503
薪械芯卸懈写邪薪薪褘泄	0.000275	0.116534	0.000032
薪械褉芯胁薪芯	0.000275	3.506558	0.000963
薪械褋泻芯谢褜泻芯	0.000549	0.843970	0.000463
薪械褋谢邪写泻懈泄	0.000275	0.116534	0.000032
薪懈薪邪	0.000275	1.078810	0.000296
薪懈褔械谐芯	0.000275	0.941609	0.000259
薪芯胁芯谐芯写薪懈泄	0.006590	0.040822	0.000269
薪芯胁芯褋褌褜	0.000275	0.061875	0.000017
薪芯胁褘泄	0.004119	0.030459	0.000125
薪芯褉胁械卸褋泻懈泄	0.000275	0.116534	0.000032
薪芯褟斜褉褜	0.000549	0.527633	0.000290
薪褉邪胁懈褌褜褋褟	0.000275	0.941609	0.000259
芯斜邪谢写械褌褜	0.000275	3.506558	0.000963
芯斜械写	0.000824	0.105361	0.000087
芯斜械蟹褜褟薪邪	0.000275	0.116534	0.000032
芯斜谢邪写邪褌褜	0.000275	1.660731	0.000456
芯斜谢邪褔泻芯	0.000275	2.995732	0.000823
芯斜褉邪蟹	0.000275	2.040221	0.000560
芯斜褖邪褌褜褋褟	0.000275	0.040822	0.000011
芯斜褗械写械薪懈械	0.000275	2.407946	0.000661
芯斜褘褔薪褘泄	0.000275	1.386294	0.000381
芯胁芯褖	0.008237	0.094311	0.000777
芯胁芯褖薪芯泄	0.002471	0.040822	0.000101
芯胁褋褟薪褘泄	0.000275	0.105361	0.000029
芯谐薪械薪薪褘泄	0.000275	0.116534	0.000032
芯谐芯薪褜	0.000275	0.094311	0.000026
芯谐褉芯屑薪褘泄	0.000275	0.867501	0.000238
芯谐褍褉械褑	0.002197	0.116534	0.000256
芯卸懈写邪薪懈械	0.000275	2.120264	0.000582
芯卸懈写邪褌褜	0.000275	2.302585	0.000632
芯蟹薪邪褔邪褌褜	0.000275	2.995732	0.000823
芯泻褉芯褕泻邪	0.000824	0.040822	0.000034
芯泻褌褟斜褉褜	0.000275	0.562119	0.000154
芯谢邪写褜褟	0.000824	0.040822	0.000034
芯谢械泄薪芯泄	0.001098	0.116534	0.000128
芯谢械泄薪褘泄	0.001098	0.116534	0.000128
芯谢懈胁械褉	0.000275	2.525729	0.000694
芯谢懈胁泻芯胁褘泄	0.009061	0.544727	0.004936
芯屑谢械褌	0.000275	0.040822	0.000011
芯锌邪褉邪	0.000275	0.040822	0.000011
芯锌褉械写械谢械薪懈械	0.000275	3.506558	0.000963
芯锌褉械写械谢褢薪薪褘泄	0.000549	1.832581	0.001006
芯锌褉芯褋	0.000275	0.061875	0.000017
芯褉械褏	0.001647	0.776529	0.001279
芯褉械褕懈薪芯泻	0.000275	3.218876	0.000884
芯褉懈谐懈薪邪谢褜薪褘泄	0.000275	1.049822	0.000288
芯褋械薪薪懈泄	0.001098	0.051293	0.000056
芯褋械薪褜	0.002746	0.105361	0.000289
芯褋薪芯胁薪褘泄	0.000275	0.040822	0.000011
芯褋褌邪胁邪褌褜褋褟	0.000275	0.116534	0.000032
芯褌胁械褌	0.000549	0.000000	0.000000
芯褌胁械褌懈褌褜	0.000275	0.051293	0.000014
芯褌写褘褏邪褌褜	0.000549	2.040221	0.001120
芯褌泻褉褘褌褘泄	0.000549	0.105361	0.000058
芯褌谢懈褔薪芯	0.000275	1.514128	0.000416
芯褌屑械薪懈褌褜	0.000275	0.040822	0.000011
芯褌屑械褔邪褌褜	0.000275	2.120264	0.000582
芯褌薪芯褋懈褌褜褋褟	0.000275	1.714798	0.000471
芯褌芯褉胁邪褌褜褋褟	0.000275	2.120264	0.000582
芯褌锌邪写	0.000275	3.506558	0.000963
芯褌褌懈褉邪褌褜	0.000275	2.659260	0.000730
芯褏谢邪写懈褌褜	0.000275	0.116534	0.000032
芯褔械褉械写薪芯泄	0.000275	1.514128	0.000416
芯褕械谢芯屑懈褌褜	0.000549	3.218876	0.001768
锌邪泻械褌懈泻	0.000275	0.105361	0.000029
锌邪谢芯褔泻邪	0.000275	0.040822	0.000011
锌邪薪懈褉芯胁泻邪	0.002197	0.116534	0.000256
锌邪褉邪	0.000275	0.116534	0.000032
锌邪褉邪写	0.001922	0.116534	0.000224
锌邪褉懈泻屑邪褏械褉	0.000275	4.605170	0.001264
锌邪褉泻	0.000275	2.659260	0.000730
锌邪褉屑械蟹邪薪	0.000549	2.302585	0.001264
锌邪褉芯胁邪褉泻邪	0.002471	0.105361	0.000260
锌邪褉芯谢褜	0.000275	0.020203	0.000006
锌邪褋褌邪	0.001373	0.040822	0.000056
锌邪褋褌褉芯屑邪	0.000275	0.040822	0.000011
锌邪褋褏邪	0.000549	0.040822	0.000022
锌邪褋褏邪谢褜薪褘泄	0.000824	0.116534	0.000096
锌邪褕褌械褌	0.002746	0.040822	0.000112
锌械泻邪褉褜	0.000275	0.127833	0.000035
锌械谢褜屑械薪褜	0.000275	0.116534	0.000032
锌械褉胁褘泄	0.001373	0.040822	0.000056
锌械褉械胁芯写	0.000275	2.813411	0.000772
锌械褉械泄褌懈	0.000275	0.040822	0.000011
锌械褉械泻褍褋	0.000549	0.116534	0.000064
锌械褉械褑	0.006315	0.040822	0.000258
锌械褉褋芯薪邪	0.000275	0.116534	0.000032
锌械褉褍邪薪褋泻懈泄	0.000275	0.116534	0.000032
锌械褋芯褔薪褘泄	0.000824	0.105361	0.000087
锌械褌械谢懈薪泻	0.000275	0.127833	0.000035
锌械褌褉褍褕泻邪	0.000549	0.673345	0.000370
锌械褔械薪懈械	0.002471	0.040822	0.000101
锌械褔械薪褜	0.001647	2.207275	0.003636
锌械褔褜	0.000275	0.116534	0.000032
锌械褔褢薪芯褔薪褘泄	0.000275	0.040822	0.000011
锌懈胁芯	0.000275	0.116534	0.000032
锌懈泻邪薪褌	0.000275	0.127833	0.000035
锌懈泻邪薪褌薪褘泄	0.000275	1.514128	0.000416
锌懈泻薪懈泻	0.001098	0.105361	0.000116
锌懈褉	0.000275	0.116534	0.000032
锌懈褉芯谐	0.001098	0.040822	0.000045
锌懈褉芯卸薪芯械	0.000549	0.040822	0.000022
锌懈褉芯卸芯泻	0.000275	0.040822	0.000011
锌懈褌邪薪懈械	0.001373	0.094311	0.000129
锌懈褌械褉	0.000275	2.407946	0.000661
锌懈褑褑邪	0.001647	0.040822	0.000067
锌谢邪屑褟	0.000275	0.116534	0.000032
锌谢械械褉	0.000275	2.813411	0.000772
锌谢懈褌邪	0.001647	0.116534	0.000192
锌谢芯胁	0.000275	0.116534	0.000032
锌谢芯写	0.000275	0.116534	0.000032
锌芯斜芯褟褌褜褋褟	0.000275	2.995732	0.000823
锌芯胁邪褉	0.000275	1.139434	0.000313
锌芯胁邪褉褢薪芯泻	0.001373	0.000000	0.000000
锌芯胁懈写谢芯	0.000275	0.040822	0.000011
锌芯谐褍谢褟褌褜	0.000275	2.659260	0.000730
锌芯写邪褉芯泻	0.000275	0.116534	0.000032
锌芯写邪褌褜	0.000275	1.427116	0.000392
锌芯写械谢懈褌褜褋褟	0.000824	0.400478	0.000330
锌芯写谢懈胁	0.000275	0.116534	0.000032
锌芯写谢懈胁泻邪	0.000275	0.040822	0.000011
锌芯写芯泄褌懈	0.000275	1.272966	0.000350
锌芯写锌懈褋邪褌褜褋褟	0.000824	0.040822	0.000034
锌芯写褍褕械褔泻邪	0.000275	2.813411	0.000772
锌芯写褏芯写懈褌褜	0.000275	1.771957	0.000487
锌芯写褘褋泻懈胁邪褌褜	0.000275	2.525729	0.000694
锌芯械写懈薪芯泻	0.003844	0.116534	0.000448
锌芯蟹邪懈屑褋褌胁芯胁邪褌褜	0.000275	2.995732	0.000823
锌芯蟹写褉邪胁懈褌褜	0.000275	0.116534	0.000032
锌芯懈褋泻	0.000275	0.051293	0.000014
锌芯泄褌懈	0.000275	1.966113	0.000540
锌芯谢写薪懈泻	0.000549	0.116534	0.000064
锌芯谢械蟹薪芯	0.000275	0.116534	0.000032
锌芯谢械蟹薪褘泄	0.000275	1.427116	0.000392
锌芯谢懈褌懈泻邪	0.000275	0.040822	0.000011
锌芯谢芯胁懈薪邪	0.002471	0.105361	0.000260
锌芯谢褌芯褉邪	0.000275	2.120264	0.000582
锌芯谢褍褔邪褌褜	0.000549	0.040822	0.000022
锌芯谢褍褔邪褌褜褋褟	0.000549	0.328504	0.000180
锌芯谢褍褔懈褌褜褋褟	0.000275	0.653926	0.000180
锌芯谢褜蟹邪	0.001373	0.116534	0.000160
锌芯谢褜蟹芯胁邪褌褜褋褟	0.000275	1.347074	0.000370
锌芯谢褜褋泻懈泄	0.000275	0.116534	0.000032
锌芯屑邪写泻邪	0.000824	0.040822	0.000034
锌芯屑懈写芯褉	0.002197	0.116534	0.000256
锌芯屑懈写芯褉泻	0.000275	0.127833	0.000035
锌芯屑懈薪	0.000275	3.506558	0.000963
锌芯薪懈屑邪褌褜	0.000275	2.207275	0.000606
锌芯薪褉邪胁懈褌褜褋褟	0.000275	0.040822	0.000011
锌芯薪褔懈泻	0.000549	0.040822	0.000022
锌芯锌褉芯斜芯胁邪褌褜	0.000824	0.248461	0.000205
锌芯锌褍谢褟褉薪芯褋褌褜	0.000275	2.407946	0.000661
锌芯锌褘褌邪褌褜褋褟	0.000275	3.506558	0.000963
锌芯褉邪	0.000549	0.105361	0.000058
锌芯褉懈褋褌褘泄	0.000275	1.897120	0.000521
锌芯褉芯褕芯泻	0.001098	0.916291	0.001006
锌芯褉褌褍谐邪谢褜褋泻懈泄	0.000275	0.116534	0.000032
锌芯褋械褖邪褌褜	0.000275	0.061875	0.000017
锌芯褋泻芯谢褜泻褍	0.000275	2.040221	0.000560
锌芯褋褌	0.001373	0.105361	0.000145
锌芯褋褌薪褘泄	0.000824	0.040822	0.000034
锌芯褋褌芯褟薪薪芯	0.000275	0.040822	0.000011
锌芯褋褌褉邪写邪褌褜	0.000275	2.813411	0.000772
锌芯褋褌褉芯懈褌褜	0.000275	0.105361	0.000029
锌芯褋褍写邪	0.000549	0.094311	0.000052
锌芯褌褉褟褋邪褌褜	0.000275	1.272966	0.000350
锌芯褔褌邪	0.000275	0.040822	0.000011
锌芯褕邪谐芯胁褘泄	0.000549	0.040822	0.000022
锌芯褟胁懈褌褜褋褟	0.000275	1.771957	0.000487
锌褉邪蟹写薪懈泻	0.000549	0.105361	0.000058
锌褉邪蟹写薪懈褔薪芯	0.000275	0.116534	0.000032
锌褉邪蟹写薪懈褔薪褘泄	0.001098	0.105361	0.000116
锌褉邪泻褌懈泻褍屑	0.000275	0.116534	0.000032
锌褉邪泻褌懈褔械褋泻懈	0.000275	1.386294	0.000381
锌褉械胁蟹芯泄褌懈	0.000275	2.120264	0.000582
锌褉械胁芯褋褏芯写薪褘泄	0.000275	0.116534	0.000032
锌褉械胁褉邪褖械薪懈械	0.000275	0.116534	0.000032
锌褉械褋薪褘泄	0.000275	0.116534	0.000032
锌褉懈斜邪胁谢械薪懈械	0.000275	2.659260	0.000730
锌褉懈谐芯褌芯胁懈褌褜	0.001098	0.083382	0.000092
锌褉懈谐芯褌芯胁谢械薪懈械	0.001922	0.040822	0.000078
锌褉懈写邪胁邪褌褜	0.000275	2.040221	0.000560
锌褉懈械褋褌褜褋褟	0.000275	3.218876	0.000884
锌褉懈蟹	0.000275	0.040822	0.000011
锌褉懈蟹薪邪薪懈械	0.000275	0.116534	0.000032
锌褉懈谢邪胁芯泻	0.000275	2.995732	0.000823
锌褉懈屑械褉	0.000275	2.302585	0.000632
锌褉懈锌褉邪胁邪	0.001373	0.040822	0.000056
锌褉懈褉芯写邪	0.000824	0.105361	0.000087
锌褉懈褋褌褍锌懈褌褜	0.000275	0.040822	0.000011
锌褉芯胁械褉懈褌褜	0.001647	0.116534	0.000192
锌褉芯胁械褋褌懈	0.001098	0.116534	0.000128
锌褉芯胁芯写懈褌褜	0.000275	0.040822	0.000011
锌褉芯胁芯卸邪褌褜	0.000275	0.116534	0.000032
锌褉芯写芯谢卸邪褌褜	0.000275	2.525729	0.000694
锌褉芯写褍泻褌	0.000549	0.072571	0.000040
锌褉芯械泻褌	0.000549	0.051293	0.000028
锌褉芯褋懈褌褜	0.000275	0.776529	0.000213
锌褉芯褋屑芯褌褉	0.000275	0.274437	0.000075
锌褉芯褋褌芯	0.001922	0.083382	0.000160
锌褉芯褋褌芯泄	0.000549	0.301105	0.000165
锌褉芯褋褌芯泻胁邪褕邪	0.000275	0.040822	0.000011
锌褉芯褋褌芯褌邪	0.000275	1.714798	0.000471
锌褉芯褎懈谢褜	0.000275	0.040822	0.000011
锌褉褟屑芯	0.000275	0.040822	0.000011
锌褉褟薪懈泻	0.000549	0.040822	0.000022
锌褉褟薪懈褔薪褘泄	0.000275	0.116534	0.000032
锌褌懈褑邪	0.005766	0.116534	0.000672
锌褍写懈薪谐	0.000824	0.040822	0.000034
锌褍薪褕	0.000275	0.040822	0.000011
锌褍褌械褕械褋褌胁懈械	0.000549	0.116534	0.000064
锌褍褌褜	0.000275	0.116534	0.000032
锌褕械薪懈褔薪褘泄	0.002197	0.287682	0.000632
锌褘褕泻邪	0.000275	0.040822	0.000011
锌褞褉械	0.001098	0.040822	0.000045
褉邪胁薪芯	0.000275	2.120264	0.000582
褉邪谐褍	0.000275	0.116534	0.000032
褉邪蟹	0.001098	0.356675	0.000392
褉邪蟹胁械褉薪褍褌褜	0.000275	0.116534	0.000032
褉邪蟹写械谢褜薪褘泄	0.000275	0.116534	0.000032
褉邪蟹屑械褖邪褌褜	0.000275	2.302585	0.000632
褉邪蟹薪褘泄	0.000275	0.094311	0.000026
褉邪蟹褍蟹薪邪褌褜	0.000275	2.525729	0.000694
褉邪薪薪懈泄	0.000275	1.514128	0.000416
褉邪褋褋屑邪褌褉懈胁邪褌褜	0.000275	2.659260	0.000730
褉邪褋褋芯谢褜薪懈泻	0.000824	0.040822	0.000034
褉邪褋褋褘谢泻邪	0.000275	0.061875	0.000017
褉邪褋褌懈褌械谢褜薪褘泄	0.000549	0.223144	0.000123
褉械斜褢薪芯泻	0.000275	0.094311	0.000026
褉械谐懈褋褌褉邪褑懈褟	0.000824	0.000000	0.000000
褉械写懈褋	0.000549	2.995732	0.001645
褉械蟹褍谢褜褌邪褌	0.000275	0.820981	0.000225
褉械泄褌懈薪谐	0.000275	0.235722	0.000065
褉械锌褔邪褌褘泄	0.003844	0.430783	0.001656
褉械褋褌芯褉邪薪	0.000275	1.386294	0.000381
褉械褋褌芯褉邪薪薪褘泄	0.000275	3.218876	0.000884
褉械褑械锌褌	0.027183	0.040822	0.001110
褉械褑械锌褌懈泻	0.000275	1.609438	0.000442
褉械褕懈褌褜褋褟	0.000275	2.407946	0.000661
褉懈褋	0.003020	0.040822	0.000123
褉懈褋泻	0.000275	2.302585	0.000632
褉懈褌屑	0.000275	0.116534	0.000032
褉芯谐邪谢懈泻	0.000275	0.040822	0.000011
褉芯写薪褘泄	0.000275	0.116534	0.000032
褉芯卸写械薪懈械	0.000275	0.105361	0.000029
褉芯卸写械褋褌胁芯	0.000275	0.116534	0.000032
褉芯蟹屑邪褉懈薪	0.001098	1.609438	0.001768
褉芯谢谢	0.000549	0.040822	0.000022
褉芯谢谢褌芯薪	0.000275	0.116534	0.000032
褉芯屑	0.000275	0.040822	0.000011
褉褍斜褉懈泻邪褌芯褉	0.000275	0.051293	0.000014
褉褍写褜泻芯胁邪	0.000275	2.995732	0.000823
褉褍谢械褌	0.003020	0.040822	0.000123
褉褍屑褘薪褋泻懈泄	0.000275	0.116534	0.000032
褉褍屑褟薪褘泄	0.000275	0.116534	0.000032
褉褍薪械褌	0.000275	0.020203	0.000006
褉褍褋褋泻懈泄	0.000275	0.105361	0.000029
褉褘斜邪	0.007139	0.040822	0.000291
褉褘斜薪褘泄	0.003020	0.105361	0.000318
褉褟卸械薪泻邪	0.000275	0.116534	0.000032
褋邪泄褌	0.001647	0.000000	0.000000
褋邪谢邪褌	0.016749	0.040822	0.000684
褋邪谢邪褌薪懈泻	0.000275	2.995732	0.000823
褋邪谢邪褌薪褘泄	0.000275	0.116534	0.000032
褋邪屑芯谐芯薪	0.000275	0.040822	0.000011
褋邪屑芯褋褌芯褟褌械谢褜薪褘泄	0.000275	2.040221	0.000560
褋邪屑褘泄	0.001647	0.105361	0.000174
褋邪褎	0.000824	0.116534	0.000096
褋邪褎褋械屑邪	0.000275	0.116534	0.000032
褋邪褏邪褉	0.002197	0.105361	0.000231
褋斜懈褌械薪褜	0.000275	0.040822	0.000011
褋胁邪褉懈褌褜	0.000275	2.407946	0.000661
褋胁械卸械褋褌褜	0.000275	0.105361	0.000029
褋胁械卸懈泄	0.001098	1.427116	0.001567
褋胁械泻芯谢褜薪懈泻	0.000549	0.040822	0.000022
褋胁械褌	0.001098	0.116534	0.000128
褋胁械褌邪	0.001098	0.116534	0.000128
褋胁懈薪懈薪	0.001098	0.116534	0.000128
褋胁懈薪懈薪邪	0.000275	0.040822	0.000011
褋胁芯写懈褌褜	0.000275	2.302585	0.000632
褋胁褢泻谢邪	0.000275	0.040822	0.000011
褋谐褍褖褢薪泻邪	0.000275	0.040822	0.000011
褋械蟹芯薪	0.000275	0.116534	0.000032
褋械泄褔邪褋	0.000549	0.030459	0.000017
褋械泻褉械褌	0.001647	0.116534	0.000192
褋械泻褉械褌薪褘泄	0.000275	2.407946	0.000661
褋械谢褜写褜	0.000549	2.040221	0.001120
褋械谢褢写泻邪	0.000549	0.040822	0.000022
褋械屑械泄薪褘泄	0.000549	0.116534	0.000064
褋械屑褜褟	0.000275	0.116534	0.000032
褋懈写褉	0.000275	0.040822	0.000011
褋懈褉懈泄褋泻懈泄	0.000275	0.116534	0.000032
褋懈褉泻懈褋邪	0.000275	3.506558	0.000963
褋懈褉芯锌	0.000549	0.040822	0.000022
褋懈褋褌械屑邪	0.000275	0.040822	0.000011
褋懈褌懈	0.000275	0.127833	0.000035
褋泻邪蟹邪褌褜	0.001098	0.400478	0.000440
褋泻邪蟹泻邪	0.000275	0.116534	0.000032
褋泻芯胁芯褉芯写泻邪	0.000275	1.660731	0.000456
褋泻褉械褋褌懈	0.000275	3.218876	0.000884
褋谢邪写泻懈泄	0.005217	0.040822	0.000213
褋谢邪写泻芯	0.000275	0.116534	0.000032
褋谢械写懈褌褜	0.000275	2.120264	0.000582
褋谢懈胁泻邪	0.000549	1.049822	0.000577
褋谢懈胁芯褔薪褘泄	0.003020	0.105361	0.000318
褋谢懈褕泻芯屑	0.000275	2.120264	0.000582
褋谢芯胁芯	0.000275	1.021651	0.000281
褋谢芯泄泻邪	0.000549	0.040822	0.000022
褋谢芯褢薪褘泄	0.000824	0.116534	0.000096
褋谢褍褔邪泄薪芯	0.000275	2.407946	0.000661
褋屑械谢芯	0.000275	2.120264	0.000582
褋屑械褌邪薪邪	0.000275	0.105361	0.000029
褋屑械褕邪薪薪褘泄	0.000275	0.116534	0.000032
褋屑芯褔褜	0.000275	0.040822	0.000011
褋屑褍蟹懈	0.000824	0.040822	0.000034
褋薪褝泻	0.000275	0.116534	0.000032
褋芯斜邪泻邪	0.000275	2.302585	0.000632
褋芯斜懈褉邪褌褜褋褟	0.000549	0.040822	0.000022
褋芯胁械褉褕械薪薪芯	0.000275	1.171183	0.000322
褋芯胁械褉褕械薪褋褌胁芯	0.001373	0.116534	0.000160
褋芯胁械褌	0.000275	0.040822	0.000011
褋芯谐谢邪褕邪褌褜褋褟	0.000275	0.040822	0.000011
褋芯写邪	0.000549	0.941609	0.000517
褋芯械胁褘泄	0.000549	0.798508	0.000438
褋芯蟹写邪胁邪褌褜	0.000275	0.105361	0.000029
褋芯蟹写邪薪懈械	0.000549	0.261365	0.000144
褋芯蟹褉械褌褜	0.000275	2.407946	0.000661
褋芯泻	0.001922	0.040822	0.000078
褋芯谢械薪懈械	0.000549	0.116534	0.000064
褋芯谢薪械褔薪褘泄	0.000275	0.116534	0.000032
褋芯谢褜	0.005491	0.127833	0.000702
褋芯谢褟薪泻邪	0.002197	0.040822	0.000090
褋芯谢褢薪褘泄	0.000824	0.116534	0.000096
褋芯芯褌胁械褌褋褌胁芯胁邪褌褜	0.000275	2.120264	0.000582
褋芯褉褌懈褉芯胁邪褌褜	0.000275	0.248461	0.000068
褋芯褋械写薪懈泄	0.000275	4.605170	0.001264
褋芯褋褌邪胁懈褌褜	0.000549	0.116534	0.000064
褋芯褍褋	0.005217	0.040822	0.000213
褋芯褏褉邪薪褟褌褜	0.000275	0.040822	0.000011
褋芯褑褋械褌褜	0.000275	0.040822	0.000011
褋芯褔械褌邪薪懈械	0.000275	0.105361	0.000029
褋芯褔薪褘泄	0.000549	0.116534	0.000064
褋锌邪谢褜薪褟	0.000549	0.415515	0.000228
褋锌械褌褜	0.000275	0.116534	0.000032
褋锌械褑懈邪谢褜薪褘泄	0.000549	0.094311	0.000052
褋锌械褑懈褟	0.000824	0.094311	0.000078
褋锌械褑锌褉芯械泻褌	0.009061	0.116534	0.001056
褋锌懈褋芯泻	0.000275	0.116534	0.000032
褋锌芯褋芯斜	0.000275	0.891598	0.000245
褋褉邪蟹褍	0.000824	0.733969	0.000605
褋褉械写懈蟹械屑薪芯屑芯褉褋泻懈泄	0.000275	0.127833	0.000035
褋褌邪褉褘泄	0.000275	0.261365	0.000072
褋褌邪褌褜褟	0.000275	0.061875	0.000017
褋褌懈谢褜	0.000549	0.116534	0.000064
褋褌芯谢	0.002746	0.105361	0.000289
褋褌芯谢懈泻	0.000275	4.605170	0.001264
褋褌褉邪褌褎芯褉写	0.000275	4.605170	0.001264
褋褌褉芯懈褌械谢褜褋褌胁芯	0.000549	0.040822	0.000022
褋褌褉芯懈褌褜	0.000275	0.040822	0.000011
褋褌褉芯泄薪褘泄	0.000275	0.116534	0.000032
褋褍	0.000275	4.605170	0.001264
褋褍斜锌褉芯写褍泻褌	0.002746	0.116534	0.000320
褋褍锌	0.007688	0.040822	0.000314
褋褍锌械褉斜邪斜褍褕泻邪	0.000275	1.237874	0.000340
褋褍褎谢械	0.000824	0.040822	0.000034
褋褍褏邪褉懈泻	0.000549	2.525729	0.001387
褋褍褏邪褉褜	0.000275	0.040822	0.000011
褋褍褏芯泄	0.000549	1.427116	0.000784
褋褍褕懈褌褜	0.000549	0.040822	0.000022
褋褘薪	0.000275	2.120264	0.000582
褋褘褉	0.003844	0.040822	0.000157
褋褘褉薪懈泻	0.000824	0.040822	0.000034
褋褘褉薪褘泄	0.001098	0.040822	0.000045
褋褘褌薪褘泄	0.000824	0.105361	0.000087
褋褘褔褍卸薪褘泄	0.000275	0.127833	0.000035
褋褝薪写胁懈褔	0.000275	0.127833	0.000035
褋褞褉锌褉懈蟹	0.000275	0.116534	0.000032
褋褢屑谐邪	0.000275	0.040822	0.000011
褌邪写卸懈泻褋泻懈泄	0.000275	0.116534	0.000032
褌邪泄褋泻懈泄	0.000275	0.116534	0.000032
褌邪泻懈	0.000549	1.237874	0.000680
褌邪泻芯屑	0.000275	1.897120	0.000521
褌邪屑懈	0.000275	3.506558	0.000963
褌邪褉械谢芯褔泻邪	0.000275	3.218876	0.000884
褌邪褉褌	0.000275	0.116534	0.000032
褌邪褉褌邪谢械褌泻邪	0.000549	0.040822	0.000022
褌邪褌邪褉褋泻懈泄	0.000275	0.116534	0.000032
褌胁芯泄	0.000549	0.116534	0.000064
褌胁芯褉懈褌褜	0.000275	0.116534	0.000032
褌胁芯褉芯谐	0.000824	0.040822	0.000034
褌胁芯褉芯卸薪褘泄	0.001647	0.094311	0.000155
褌胁褢褉写褘泄	0.000549	0.544727	0.000299
褌械谢械谐褉邪屑	0.000275	0.040822	0.000011
褌械谢褟褌懈薪邪	0.001098	0.116534	0.000128
褌械屑	0.000275	0.967584	0.000266
褌械锌械褉褜	0.000275	0.916291	0.000252
褌械锌谢芯	0.000275	0.116534	0.000032
褌械褉褉邪褋邪	0.000549	0.776529	0.000426
褌械褉褉懈薪邪	0.000275	0.040822	0.000011
褌械褋褌	0.003569	0.105361	0.000376
褌械褋褌芯	0.003569	0.040822	0.000146
褌械褏薪懈泻邪	0.001373	0.105361	0.000145
褌屑	0.001098	0.127833	0.000140
褌芯屑	0.000275	1.139434	0.000313
褌芯屑邪褌薪褘泄	0.001098	1.139434	0.001251
褌芯薪泻懈泄	0.000275	1.309333	0.000360
褌芯锌谢褢薪褘泄	0.000275	0.116534	0.000032
褌芯褉褌	0.006315	0.040822	0.000258
褌褉邪胁邪	0.000275	0.094311	0.000026
褌褉邪写懈褑懈褟	0.001647	0.116534	0.000192
褌褉懈	0.000549	1.272966	0.000699
褌褉褍斜芯褔泻邪	0.000275	0.040822	0.000011
褌褉褍写	0.000549	2.302585	0.001264
褌褉褢褏谢械褌懈械	0.000275	0.116534	0.000032
褌褍薪械褑	0.000275	0.105361	0.000029
褌褍薪懈褋褋泻懈泄	0.000275	0.116534	0.000032
褌褍褉械褑泻懈泄	0.000275	0.116534	0.000032
褌褘泻胁邪	0.000275	0.040822	0.000011
褌褢褖懈薪	0.000275	0.040822	0.000011
褍胁械写芯屑谢械薪懈械	0.000275	0.040822	0.000011
褍胁械褉懈褌褜	0.000275	1.272966	0.000350
褍胁懈写械褌褜	0.000275	1.203973	0.000331
褍谐芯褖邪褌褜褋褟	0.000549	0.994252	0.000546
褍写邪褔薪褘泄	0.000275	0.116534	0.000032
褍写懈胁懈褌褜	0.001098	0.116534	0.000128
褍写懈胁谢褟褌褜	0.001098	0.116534	0.000128
褍写芯斜薪芯	0.000275	2.659260	0.000730
褍写芯胁芯谢褜褋褌胁懈械	0.000275	0.116534	0.000032
褍卸	0.000549	0.693147	0.000381
褍卸懈薪	0.001922	0.094311	0.000181
褍蟹斜械泻褋泻懈泄	0.000275	0.116534	0.000032
褍泻邪蟹邪褌褜	0.000275	2.525729	0.000694
褍泻褉邪懈薪褋泻懈泄	0.000275	0.116534	0.000032
褍泻褉邪褕械薪懈械	0.002197	0.116534	0.000256
褍泻褉芯锌	0.001098	0.562119	0.000617
褍泻褋褍褋	0.002197	0.562119	0.001235
褍锌芯褌褉械斜谢械薪懈械	0.000275	0.116534	0.000032
褍褉邪	0.000275	2.120264	0.000582
褍褉邪谢褜褋泻懈泄	0.000275	0.116534	0.000032
褍褉芯卸邪泄	0.000275	0.105361	0.000029
褍褌泻邪	0.001098	0.116534	0.000128
褍褏芯	0.000275	0.040822	0.000011
褍褏芯写懈褌褜	0.000549	2.120264	0.001164
褍褔邪褋褌胁芯胁邪褌褜	0.000275	0.040822	0.000011
褍褞褌薪褘泄	0.000275	2.120264	0.000582
褎邪蟹械薪写邪	0.000275	0.116534	0.000032
褎邪薪褌邪蟹懈褟	0.002197	0.116534	0.000256
褎邪褉褕	0.003569	0.040822	0.000146
褎邪褉褕懈褉芯胁邪薪薪褘泄	0.001647	0.040822	0.000067
褎邪褋芯谢褜	0.000824	0.040822	0.000034
褎械胁褉邪谢褜	0.000549	0.094311	0.000052
褎械泄械褉胁械褉泻	0.000549	0.116534	0.000064
褎懈谐褍褉邪	0.000275	0.116534	0.000032
褎懈谢械	0.000549	0.916291	0.000503
褎懈薪褋泻懈泄	0.000275	0.116534	0.000032
褎懈褉屑械薪薪褘泄	0.000275	0.116534	0.000032
褎芯谢褋	0.000275	4.605170	0.001264
褎芯薪写褞	0.000275	0.040822	0.000011
褎芯褉屑邪	0.000275	0.105361	0.000029
褎芯褉褍屑	0.000549	0.040822	0.000022
褎芯褉褕屑邪泻	0.000275	0.040822	0.000011
褎褉邪薪褑懈褟	0.000275	0.116534	0.000032
褎褉邪薪褑褍蟹褋泻懈泄	0.001098	0.094311	0.000104
褎褉邪褍	0.001098	0.116534	0.000128
褎褉褍泻褌	0.001098	0.116534	0.000128
褎褉褍泻褌芯胁褘泄	0.002197	0.040822	0.000090
褎褍邪	0.000824	4.605170	0.003793
褎褍写	0.000275	0.116534	0.000032
褎褍褉褕械褌	0.000275	0.116534	0.000032
褏邪谢胁邪	0.000275	0.040822	0.000011
褏邪褉胁械褋褌褎械褋褌	0.000549	0.116534	0.000064
褏邪褉褔芯	0.000549	0.040822	0.000022
褏邪褌邪	0.000275	2.813411	0.000772
褏邪褕	0.000275	0.040822	0.000011
褏胁邪褌邪褌褜	0.000275	1.966113	0.000540
褏胁芯褉芯褋褌	0.000275	0.040822	0.000011
褏懈薪泻邪谢懈	0.000275	0.116534	0.000032
褏懈褌	0.001922	0.116534	0.000224
褏懈褌褉芯褋褌褜	0.000275	2.407946	0.000661
褏谢械斜	0.001098	0.040822	0.000045
褏谢械斜薪褘泄	0.000275	3.506558	0.000963
褏谢械斜芯锌械褔泻邪	0.000275	0.116534	0.000032
褏谢芯锌褜褟	0.000549	0.094311	0.000052
褏芯蟹褟泄泻邪	0.001373	0.116534	0.000160
褏芯谢芯写械褑	0.000275	0.040822	0.000011
褏芯谢芯写薪芯械	0.000549	0.116534	0.000064
褏芯谢芯写薪褘泄	0.000824	0.116534	0.000096
褏芯褉胁邪褌褋泻懈泄	0.000275	0.116534	0.000032
褏芯褉芯褕懈泄	0.001373	0.040822	0.000056
褏芯褉芯褕芯	0.001373	0.105361	0.000145
褏芯褉褋	0.000275	0.116534	0.000032
褏芯褌械褌褜	0.000824	0.000000	0.000000
褏芯褌械褌褜褋褟	0.000275	1.237874	0.000340
褏褉褍褋褌械褌褜	0.000275	0.713350	0.000196
褏褍屑褍褋邪	0.000275	0.040822	0.000011
褑邪褉褋褌胁芯	0.000275	0.127833	0.000035
褑邪褉褜	0.000275	0.116534	0.000032
褑胁械褌薪芯泄	0.000275	0.040822	0.000011
褑械薪薪褘泄	0.000275	0.040822	0.000011
褑械薪褌褉	0.000275	0.116534	0.000032
褔邪械屑褘泄	0.000275	0.116534	0.000032
褔邪泄	0.000824	0.040822	0.000034
褔邪褋	0.000275	1.139434	0.000313
褔邪褋褌芯	0.000275	0.994252	0.000273
褔邪褕械褔泻邪	0.000275	2.659260	0.000730
褔械斜褍褉械泻	0.000549	0.040822	0.000022
褔械谢芯胁械泻	0.000275	0.916291	0.000252
褔械屑	0.000275	0.994252	0.000273
褔械褉泻懈蟹芯胁褘泄	0.000549	0.116534	0.000064
褔械褋薪芯泻	0.003844	0.314711	0.001210
褔械褋薪芯褔薪褘泄	0.000549	1.427116	0.000784
褔械褋褌薪芯泄	0.000275	0.040822	0.000011
褔械褔械胁懈褑邪	0.000275	0.040822	0.000011
褔械褕褋泻懈泄	0.000275	0.116534	0.000032
褔懈蟹泻械泄泻	0.001098	0.040822	0.000045
褔懈谢懈	0.000549	1.237874	0.000680
褔懈谢懈泄褋泻懈泄	0.000275	0.116534	0.000032
褔懈锌褋褘	0.000275	0.040822	0.000011
褔懈褋谢芯	0.000275	0.235722	0.000065
褔褉械蟹胁褘褔邪泄薪芯	0.000275	2.040221	0.000560
褔褍写芯	0.000275	0.116534	0.000032
褔褢褉薪褘泄	0.003295	0.356675	0.001175
褕邪屑锌懈薪褜芯薪	0.000549	1.237874	0.000680
褕邪褉懈泻	0.000275	0.040822	0.000011
褕邪褉谢芯褌泻邪	0.000549	0.040822	0.000022
褕邪褉屑	0.000275	0.116534	0.000032
褕邪褕谢褘泻	0.003569	0.040822	0.000146
褕胁械写褋泻懈泄	0.000275	0.116534	0.000032
褕胁械泄褑邪褉褋泻懈泄	0.000275	0.116534	0.000032
褕械写械胁褉	0.000275	0.116534	0.000032
褕械褎	0.000549	0.127833	0.000070
褕懈泻邪褉薪褘泄	0.000275	2.525729	0.000694
褕懈锌褍褔泻邪	0.000275	0.040822	0.000011
褕懈褉芯泻懈泄	0.000275	0.127833	0.000035
褕泻芯谢邪	0.000275	0.116534	0.000032
褕芯泻芯谢邪写	0.000275	0.040822	0.000011
褕芯泻芯谢邪写薪褘泄	0.000549	1.427116	0.000784
褕芯褌谢邪薪写褋泻懈泄	0.000275	0.116534	0.000032
褕褌褉褍写械谢褜	0.000275	0.040822	0.000011
褕褍褉锌邪	0.000275	0.040822	0.000011
褖械写褉褘泄	0.000275	0.116534	0.000032
褖懈	0.000549	0.040822	0.000022
褝泻芯屑懈谢泻	0.000275	0.127833	0.000035
褝褋褌芯薪褋泻懈泄	0.000275	0.116534	0.000032
褞谐芯褋谢邪胁褋泻懈泄	0.000275	0.116534	0.000032
褟谐芯写薪褘泄	0.001098	0.105361	0.000116
褟蟹褘泻	0.000549	0.040822	0.000022
褟懈褔薪褘泄	0.000549	0.941609	0.000517
褟泄褑芯	0.003020	0.040822	0.000123
褟薪胁邪褉褜	0.000824	0.733969	0.000605
褟薪写械泻褋	0.000275	0.072571	0.000020
褟锌芯薪褋泻懈泄	0.000549	0.051293	0.000028
褟褉泻懈泄	0.000275	0.116534	0.000032
褟褉泻芯	0.000275	0.105361	0.000029
