谢械屑屑邪	TF	IDF	TF-IDF
邪斜褏邪蟹褋泻懈泄	0.000287	0.116534	0.000033
邪胁褋褌褉邪谢懈泄褋泻懈泄	0.000575	0.116534	0.000067
邪胁褋褌褉懈泄褋泻懈泄	0.000287	0.116534	0.000033
邪胁褌芯泻谢邪胁	0.000287	0.116534	0.000033
邪胁褌芯褉	0.000862	0.040822	0.000035
邪谐褉芯	0.000287	0.116534	0.000033
邪写卸懈泻邪	0.000287	0.040822	0.000012
邪蟹	0.000287	0.127833	0.000037
邪蟹械褉斜邪泄写卸邪薪褋泻懈泄	0.000287	0.116534	0.000033
邪蟹懈邪褌褋泻懈泄	0.000287	0.127833	0.000037
邪泄褉邪薪	0.000287	0.040822	0.000012
邪泻胁邪褌懈泻	0.000862	0.127833	0.000110
邪谢械泻褋械泄	0.000287	0.127833	0.000037
邪谢泻芯谐芯谢褜	0.000862	0.116534	0.000100
邪谢泻芯谐芯谢褜薪褘泄	0.000287	0.116534	0.000033
邪谢褜褌褉褍褋	0.000287	4.605170	0.001324
邪谢褜褟薪褋	0.000287	0.116534	0.000033
邪屑械褉懈泻邪薪褋泻懈泄	0.000287	0.116534	0.000033
邪薪谐谢懈泄褋泻懈泄	0.000287	0.116534	0.000033
邪薪写褉械泄	0.000287	0.127833	0.000037
邪锌褉械谢褜	0.000287	0.544727	0.000157
邪褉邪斜褋泻懈泄	0.000287	0.116534	0.000033
邪褉谐械薪褌懈薪褋泻懈泄	0.000287	0.116534	0.000033
邪褉屑褟薪褋泻懈泄	0.000287	0.116534	0.000033
邪褉芯屑邪褌	0.000862	0.820981	0.000708
邪褋褋芯褉褌懈	0.000575	0.116534	0.000067
邪褌谢邪薪褌	0.000287	0.116534	0.000033
邪褍褌械薪褌懈褔薪褘泄	0.000287	3.506558	0.001008
邪褎谐邪薪褋泻懈泄	0.000287	0.116534	0.000033
邪褎褉懈泻邪薪褋泻懈泄	0.000287	0.116534	0.000033
邪褝褉芯谐褉懈谢褜	0.002874	0.116534	0.000335
斜邪泻谢邪卸邪薪	0.000287	0.040822	0.000012
斜邪谢褌泻芯屑邪	0.000287	0.127833	0.000037
斜邪薪谐芯褉邪	0.000287	3.912023	0.001124
斜邪褉邪薪懈薪邪	0.001150	0.116534	0.000134
斜邪褋屑邪褌懈	0.000575	0.127833	0.000073
斜邪褋褌褍褉屑	0.000287	0.040822	0.000012
斜邪褋褌褍褉屑邪	0.000287	0.040822	0.000012
斜邪褌芯薪	0.001437	1.514128	0.002176
斜邪褌芯薪褔懈泻	0.000287	0.127833	0.000037
斜邪褕泻懈褉褋泻懈泄	0.000287	0.116534	0.000033
斜械蟹邪谢泻芯谐芯谢褜薪褘泄	0.000287	0.116534	0.000033
斜械蟹谐谢褞褌械薪芯胁芯械	0.000287	0.116534	0.000033
斜械蟹械	0.001150	0.040822	0.000047
斜械蟹芯斜褉邪蟹懈械	0.000287	2.525729	0.000726
斜械蟹褍屑薪芯	0.000287	1.560648	0.000449
斜械谢械斜械械胁褋泻懈泄	0.000575	0.116534	0.000067
斜械谢芯泻芯褔邪薪薪褘泄	0.000575	0.967584	0.000556
斜械谢芯褉褍褋褋泻懈泄	0.000287	0.116534	0.000033
斜械谢褜谐懈泄褋泻懈泄	0.000287	0.116534	0.000033
斜械褉械屑械薪薪邪褟	0.000287	0.116534	0.000033
斜械褋械写懈薪	0.000287	0.127833	0.000037
斜械褋锌芯写芯斜薪褘泄	0.000287	1.560648	0.000449
斜懈邪	0.000287	2.995732	0.000861
斜懈褋泻胁懈褌	0.000575	0.040822	0.000023
斜懈褋泻胁懈褌薪褘泄	0.000862	0.105361	0.000091
斜谢邪谐芯写邪褉薪褘泄	0.000287	1.660731	0.000477
斜谢懈蟹泻懈泄	0.000575	0.116534	0.000067
斜谢懈薪	0.001725	0.040822	0.000070
斜谢芯薪写懈薪芯褔泻邪	0.000287	3.218876	0.000925
斜谢褞写芯	0.036217	0.040822	0.001478
斜芯斜芯胁褘泄	0.002587	0.116534	0.000301
斜芯谢谐邪褉褋泻懈泄	0.001437	0.116534	0.000167
斜芯谢褜褕懈薪褋褌胁芯	0.000287	2.207275	0.000634
斜芯谢褜褕芯泄	0.001150	0.094311	0.000108
斜芯褉褖	0.000575	0.040822	0.000023
斜芯褌胁懈薪褜褟	0.000287	0.040822	0.000012
斜褉邪蟹懈谢褜褋泻懈泄	0.000287	0.116534	0.000033
斜褉邪褌褜	0.000287	1.897120	0.000545
斜褉邪褍蟹械褉	0.000287	0.040822	0.000012
斜褉邪褍薪懈	0.000287	0.040822	0.000012
斜褉械褋褌	0.000287	0.127833	0.000037
斜褉芯泻泻芯谢懈	0.000287	0.040822	0.000012
斜褉褍泻	0.000287	4.605170	0.001324
斜褉褘蟹谐懈	0.000287	2.659260	0.000764
斜褍卸械薪懈薪邪	0.000575	0.040822	0.000023
斜褍谢芯褔泻邪	0.000862	0.040822	0.000035
斜褍谢褜芯薪	0.004024	0.040822	0.000164
斜褍褉谐械褉	0.000575	0.040822	0.000023
斜褍褉褟褌褋泻懈泄	0.000287	0.116534	0.000033
斜褍褌械褉斜褉芯写	0.001437	0.040822	0.000059
斜褘褋褌褉芯	0.000575	0.094311	0.000054
斜褘褋褌褉褘泄	0.000862	0.094311	0.000081
胁邪卸薪褘泄	0.000287	0.116534	0.000033
胁邪谢谢懈泄褋泻懈泄	0.000287	0.116534	0.000033
胁邪褉械薪懈械	0.000575	0.040822	0.000023
胁邪褉械薪懈泻	0.000287	0.116534	0.000033
胁邪褌褉褍褕泻邪	0.000287	0.040822	0.000012
胁邪褎谢褟	0.000575	0.040822	0.000023
胁邪褕	0.001150	0.000000	0.000000
胁胁芯写懈褌褜	0.000287	0.040822	0.000012
胁写芯褏薪芯胁械薪懈械	0.001725	0.116534	0.000201
胁写芯褏薪芯胁谢褟褌褜褋褟	0.000287	0.116534	0.000033
胁械谐械褌邪褉懈邪薪褋泻懈泄	0.000575	0.116534	0.000067
胁械谢懈泻懈泄	0.000575	0.116534	0.000067
胁械薪谐械褉褋泻懈泄	0.000287	0.116534	0.000033
胁械褉懈褌褜	0.000287	2.407946	0.000692
胁械褋械薪薪懈泄	0.000287	0.051293	0.000015
胁械褋薪邪	0.001725	0.116534	0.000201
胁械褌褔懈薪邪	0.000287	0.094311	0.000027
胁蟹谐谢褟写	0.000287	1.427116	0.000410
胁蟹褟褌褜	0.000287	1.171183	0.000337
胁懈写械芯	0.000575	0.116534	0.000067
胁懈写械芯褉械褑械锌褌	0.000287	0.301105	0.000087
胁懈薪芯	0.000575	0.040822	0.000023
胁泻谢褞褔邪褌褜	0.000287	0.634878	0.000182
胁泻褍褋	0.004024	0.105361	0.000424
胁泻褍褋薪芯	0.001437	0.094311	0.000136
胁泻褍褋薪褘泄	0.004312	0.061875	0.000267
胁泻褍褋薪褟褌懈薪邪	0.000287	2.207275	0.000634
胁谢褞斜懈褌褜	0.000287	0.116534	0.000033
胁谢褞斜懈褌褜褋褟	0.000287	1.386294	0.000398
胁薪邪褔邪谢械	0.001150	0.248461	0.000286
胁薪懈屑邪薪懈械	0.000287	1.237874	0.000356
胁薪褍褌褉懈	0.000287	1.469676	0.000422
胁芯写邪	0.002012	0.094311	0.000190
胁芯泄褌懈	0.000287	0.000000	0.000000
胁芯谢芯胁邪薪	0.000287	0.116534	0.000033
胁芯谢褕械斜薪褘泄	0.000287	0.116534	0.000033
胁芯谢褕械斜褋褌胁芯	0.000287	0.116534	0.000033
胁芯锌褉芯褋	0.000575	0.000000	0.000000
胁芯褋褌芯褉谐	0.000287	1.309333	0.000376
胁芯褋褌芯褔薪褘泄	0.000287	0.127833	0.000037
胁锌械褉胁褘械	0.000575	1.560648	0.000897
胁褉械屑褟	0.002587	0.105361	0.000273
胁褋械谐写邪	0.000287	0.653926	0.000188
胁褋锌芯屑薪懈褌褜	0.000287	0.040822	0.000012
胁褌芯褉芯械	0.000287	0.116534	0.000033
胁褌芯褉芯泄	0.000287	0.116534	0.000033
胁褏芯写	0.000862	0.030459	0.000026
胁褘泄褌懈	0.000287	0.040822	0.000012
胁褘泻谢邪写褘胁邪褌褜	0.000287	1.660731	0.000477
胁褘锌械褔泻邪	0.004599	0.040822	0.000188
胁褘锌褉芯褋懈褌褜	0.000287	2.525729	0.000726
胁褜械褌薪邪屑褋泻懈泄	0.000287	0.116534	0.000033
谐邪胁邪泄褋泻懈泄	0.000287	0.116534	0.000033
谐邪褉薪懈褉	0.003449	0.040822	0.000141
谐邪褋锌邪褔芯	0.000287	0.040822	0.000012
谐械芯谐褉邪褎懈褟	0.000287	0.116534	0.000033
谐谢邪胁薪芯械	0.000287	1.139434	0.000328
谐谢邪胁薪褘泄	0.000287	0.040822	0.000012
谐谢邪蟹褍褉褜	0.000862	0.040822	0.000035
谐谢懈薪褌胁械泄薪	0.000287	0.040822	0.000012
谐薪械蟹写芯	0.000287	2.207275	0.000634
谐芯胁褟写懈薪邪	0.001150	0.116534	0.000134
谐芯写	0.007761	0.083382	0.000647
谐芯谢谢邪薪写褋泻懈泄	0.000862	0.116534	0.000100
谐芯褉芯写	0.000287	0.116534	0.000033
谐芯褉芯褏	0.000287	0.116534	0.000033
谐芯褉褔懈褑邪	0.000862	0.040822	0.000035
谐芯褉褕芯褔械泻	0.000575	0.040822	0.000023
谐芯褉褟褔械械	0.000575	0.116534	0.000067
谐芯褉褟褔械薪褜泻懈泄	0.000287	3.218876	0.000925
谐芯褉褟褔懈泄	0.015809	0.105361	0.001666
谐芯褋褌褜	0.000862	0.116534	0.000100
谐芯褌芯胁懈褌褜	0.004599	0.083382	0.000383
谐芯褌芯胁懈褌褜褋褟	0.000862	0.371064	0.000320
谐芯褌芯胁泻邪	0.000287	2.120264	0.000609
谐褉械薪泻邪	0.001150	0.040822	0.000047
谐褉械褔械褋泻懈泄	0.000287	0.116534	0.000033
谐褉械褔泻邪	0.000287	0.040822	0.000012
谐褉懈斜	0.003449	0.040822	0.000141
谐褉懈斜薪芯泄	0.000575	0.040822	0.000023
谐褉懈谢褜	0.002874	0.105361	0.000303
谐褉懈谢褜屑邪薪懈褟	0.000287	0.116534	0.000033
谐褉芯谐	0.000287	0.040822	0.000012
谐褉褍蟹懈薪褋泻懈泄	0.000287	0.116534	0.000033
谐褉褍锌锌邪	0.000287	0.061875	0.000018
谐褍谢褜褔械褏褉	0.000575	3.218876	0.001850
谐褍褉屑	0.000287	0.127833	0.000037
谐褍褉屑邪薪懈褟	0.001725	0.116534	0.000201
谐褍褋褜	0.000575	0.105361	0.000061
写邪胁邪褌褜	0.000287	0.040822	0.000012
写邪胁薪械薪褜泻芯	0.000287	2.995732	0.000861
写邪胁薪芯	0.000575	0.967584	0.000556
写邪薪薪褘械	0.000287	0.040822	0.000012
写邪褉	0.000287	0.116534	0.000033
写邪褌邪	0.000575	0.248461	0.000143
写邪褌褋泻懈泄	0.000287	0.116534	0.000033
写邪褌褜	0.000287	0.040822	0.000012
写邪褔薪褘泄	0.000862	0.116534	0.000100
写械胁芯褔泻邪	0.000287	1.171183	0.000337
写械泻芯褉	0.000287	0.127833	0.000037
写械谢邪褌褜	0.000862	0.083382	0.000072
写械谢懈褌褜褋褟	0.000287	0.040822	0.000012
写械谢芯	0.000575	0.105361	0.000061
写械薪褜	0.002012	0.040822	0.000082
写械褋械褉褌	0.004886	0.040822	0.000199
写械褋械褉褌邪褑懈褟	0.000287	0.116534	0.000033
写械褋械褉褌薪褘泄	0.000287	0.116534	0.000033
写卸械屑	0.000287	0.040822	0.000012
写卸械屑邪	0.000287	0.040822	0.000012
写卸械薪褟褌褜	0.000287	2.659260	0.000764
写蟹械薪	0.000287	0.116534	0.000033
写懈械褌邪	0.000575	0.094311	0.000054
写懈泻懈泄	0.000862	0.116534	0.000100
写懈锌	0.000287	0.116534	0.000033
写懈褔褜	0.000862	0.116534	0.000100
写薪械胁薪懈泻	0.000287	0.061875	0.000018
写芯斜邪胁懈褌褜	0.000287	0.083382	0.000024
写芯斜邪胁谢械薪懈械	0.000287	0.223144	0.000064
写芯斜邪胁谢褟褌褜	0.000287	0.040822	0.000012
写芯斜褉芯褎谢芯褌	0.000287	0.127833	0.000037
写芯胁械褉褟褌褜	0.000287	0.116534	0.000033
写芯胁芯谢褜薪芯	0.000287	1.609438	0.000463
写芯屑	0.002874	0.040822	0.000117
写芯屑邪褕薪懈泄	0.003737	0.040822	0.000153
写褉邪泄胁	0.001437	0.127833	0.000184
写褉芯卸卸械胁芯泄	0.000287	0.116534	0.000033
写褉芯卸卸懈	0.000575	0.916291	0.000527
写褉褍谐	0.000287	0.544727	0.000157
写褍屑邪褌褜	0.000287	0.634878	0.000182
写褍褏	0.000287	2.407946	0.000692
写褍褏芯胁泻邪	0.001725	0.105361	0.000182
写褍褕邪	0.000862	0.105361	0.000091
写褍褕懈褋褌褘泄	0.000575	1.237874	0.000712
械胁褉械泄褋泻懈泄	0.000287	0.116534	0.000033
械谐懈锌械褌褋泻懈泄	0.000287	0.116534	0.000033
械写懈薪褘泄	0.000287	0.000000	0.000000
械泻芯	0.000287	0.127833	0.000037
械谢械薪邪	0.000287	2.813411	0.000809
卸邪褉械薪褘泄	0.000287	1.272966	0.000366
卸邪褉懈褌褜	0.000575	1.347074	0.000774
卸邪褉懈褌褜褋褟	0.000287	2.120264	0.000609
卸邪褉泻芯械	0.000287	0.040822	0.000012
卸械谢邪褌懈薪邪	0.000575	1.427116	0.000820
卸械谢械	0.000862	0.040822	0.000035
卸械薪褋泻懈泄	0.000575	0.020203	0.000012
卸械薪褖懈薪邪	0.000575	0.061875	0.000036
卸懈蟹薪褜	0.000575	0.040822	0.000023
卸褍谢褜械薪	0.000287	0.040822	0.000012
卸褍褉薪邪谢	0.000575	0.072571	0.000042
卸褞谢褜械薪	0.000287	0.040822	0.000012
卸褞谢褜薪褘泄	0.000287	0.040822	0.000012
蟹邪斜褘褌褜	0.000287	2.040221	0.000586
蟹邪胁邪褉薪芯泄	0.000575	0.116534	0.000067
蟹邪胁械写械薪懈械	0.000287	2.525729	0.000726
蟹邪胁褌褉邪泻	0.002300	0.094311	0.000217
蟹邪谐芯褌芯胁泻邪	0.001150	0.040822	0.000047
蟹邪写邪胁邪褌褜	0.000287	0.040822	0.000012
蟹邪写邪褌褜	0.000287	2.525729	0.000726
蟹邪泻胁邪褋泻邪	0.000862	0.040822	0.000035
蟹邪泻褉褘褌褘泄	0.000287	0.116534	0.000033
蟹邪泻褍褋泻邪	0.006611	0.040822	0.000270
蟹邪泻褍褋芯薪褔懈泻	0.000287	0.116534	0.000033
蟹邪泻褍褋芯褔泻邪	0.000287	0.116534	0.000033
蟹邪泻褍褋芯褔薪邪褟	0.002874	0.116534	0.000335
蟹邪谢懈胁薪芯械	0.000575	0.040822	0.000023
蟹邪屑械褔邪褌械谢褜薪褘泄	0.000575	0.713350	0.000410
蟹邪屑芯褉芯蟹泻邪	0.000287	0.105361	0.000030
蟹邪锌邪写	0.000287	0.116534	0.000033
蟹邪锌械泻邪薪懈械	0.000287	1.514128	0.000435
蟹邪锌械泻邪薪泻邪	0.003162	0.040822	0.000129
蟹邪锌械褔褜	0.000862	0.916291	0.000790
蟹邪锌褉邪胁泻邪	0.000575	0.040822	0.000023
蟹邪褉械谐懈褋褌褉懈褉芯胁邪褌褜褋褟	0.000575	0.030459	0.000018
蟹邪褋械褔褜	0.000287	2.659260	0.000764
蟹邪褋芯谢泻邪	0.000287	0.116534	0.000033
蟹邪褏芯写懈褌褜	0.000287	0.733969	0.000211
蟹邪褏芯褌械褌褜褋褟	0.000287	2.207275	0.000634
蟹邪褟胁谢褟褌褜	0.000287	1.771957	0.000509
蟹邪褟褑	0.000575	0.116534	0.000067
蟹胁邪薪褘泄	0.000287	0.127833	0.000037
蟹胁械蟹写邪	0.000287	0.116534	0.000033
蟹胁褢蟹写薪褘泄	0.000287	0.116534	0.000033
蟹写芯褉芯胁褘泄	0.000575	0.116534	0.000067
蟹械谢械薪褜	0.004312	0.094311	0.000407
蟹械褎懈褉	0.000287	0.040822	0.000012
蟹懈屑邪	0.001150	0.040822	0.000047
蟹懈屑薪懈泄	0.000287	0.051293	0.000015
蟹薪邪泻芯屑褘泄	0.000287	1.272966	0.000366
蟹薪邪褌褜	0.000862	0.462035	0.000398
蟹芯谢芯褌芯泄	0.000287	0.116534	0.000033
懈胁邪薪芯胁	0.000287	0.127833	0.000037
懈谐褉褍褕邪	0.000287	2.995732	0.000861
懈写械邪谢褜薪褘泄	0.002300	0.116534	0.000268
懈写械泄泻邪	0.000287	0.116534	0.000033
懈写械褟	0.000287	1.609438	0.000463
懈蟹写械谢懈械	0.002300	0.116534	0.000268
懈泻褉邪	0.000862	0.040822	0.000035
懈屑械褌褜	0.000287	1.171183	0.000337
懈屑褟	0.000287	0.030459	0.000009
懈薪胁械褉褌芯褉薪褘泄	0.000287	0.127833	0.000037
懈薪谐褉械写懈械薪褌	0.008623	0.139262	0.001201
懈薪写械泄泻邪	0.002012	0.094311	0.000190
懈薪写懈泄褋泻懈泄	0.000287	0.116534	0.000033
懈薪写懈谢邪泄褌邪	0.000862	0.116534	0.000100
懈薪写懈褉械褋薪褘泄	0.000287	0.116534	0.000033
懈薪械褌	0.000287	1.771957	0.000509
懈薪褋褌褉褍泻褑懈褟	0.000287	0.030459	0.000009
懈薪褌械褉薪械褌	0.000287	0.967584	0.000278
懈褉邪泻褋泻懈泄	0.000287	0.116534	0.000033
懈褉邪薪褋泻懈泄	0.000287	0.116534	0.000033
懈褉谢邪薪写褋泻懈泄	0.000287	0.116534	0.000033
懈褉褉械蟹邪	0.000287	1.347074	0.000387
懈褋泻邪褌褜	0.000287	1.108663	0.000319
懈褋泻褉械薪薪械	0.000287	0.116534	0.000033
懈褋谢邪薪写褋泻懈泄	0.000287	0.116534	0.000033
懈褋锌邪薪褋泻懈泄	0.000287	0.116534	0.000033
懈褋锌械褔褜	0.000287	0.105361	0.000030
懈褋褌芯褉懈褟	0.001725	0.116534	0.000201
懈褌邪谢懈褟	0.000575	0.105361	0.000061
懈褌邪谢褜褟薪褋泻懈泄	0.000287	0.105361	0.000030
懈褞谢褜	0.000575	0.579818	0.000333
懈褞薪褜	0.000575	0.562119	0.000323
泄芯谐褍褉褌	0.000862	0.040822	0.000035
泻邪斜邪褔泻芯胁褘泄	0.000575	1.832581	0.001054
泻邪斜邪褔芯泻	0.000862	0.040822	0.000035
泻邪胁泻邪蟹褋泻懈泄	0.000287	0.116534	0.000033
泻邪蟹邪薪	0.000287	0.116534	0.000033
泻邪蟹邪褌褜褋褟	0.000287	1.139434	0.000328
泻邪蟹邪褏褋泻懈泄	0.000287	0.116534	0.000033
泻邪泻邪芯	0.000575	0.040822	0.000023
泻邪谢械泄写芯褋泻芯锌	0.001150	0.116534	0.000134
泻邪谢屑褘褑泻懈泄	0.000287	0.116534	0.000033
泻邪谢芯褉懈泄薪褘泄	0.000287	1.966113	0.000565
泻邪谢褜屑邪褉	0.000287	0.040822	0.000012
泻邪屑械褉邪	0.000287	0.116534	0.000033
泻邪薪邪写褋泻懈泄	0.000287	0.116534	0.000033
泻邪薪邪谢	0.000862	0.040822	0.000035
泻邪薪邪锌械	0.000575	0.040822	0.000023
泻邪锌褍褋褌邪	0.001437	0.040822	0.000059
泻邪锌褍褋褌薪褘泄	0.000287	1.609438	0.000463
泻邪锌褍褋褌薪褟泻	0.000287	0.040822	0.000012
泻邪褉邪屑械谢褜	0.000287	0.040822	0.000012
泻邪褉泻邪褋薪褘泄	0.001150	0.116534	0.000134
泻邪褉褌芯褎械谢褜	0.004886	0.040822	0.000199
泻邪褉褌芯褎械谢褜薪褘泄	0.001437	0.040822	0.000059
泻邪褉褌芯褕械褔泻邪	0.000287	1.897120	0.000545
泻邪褉褌芯褕泻邪	0.001150	0.040822	0.000047
泻邪褌械谐芯褉懈褟	0.004599	0.116534	0.000536
泻邪褎械	0.000287	2.207275	0.000634
泻邪褔械褋褌胁芯	0.000287	0.105361	0.000030
泻邪褕邪	0.002012	0.040822	0.000082
泻胁邪褋	0.001150	0.040822	0.000047
泻胁邪褋薪芯泄	0.000862	0.116534	0.000100
泻械泻褋	0.000862	0.040822	0.000035
泻械褌褔褍锌	0.000575	1.469676	0.000845
泻械褎懈褉	0.000287	0.040822	0.000012
泻懈谢芯谐褉邪屑屑	0.000287	2.407946	0.000692
泻懈屑褔邪褌褜	0.000287	0.040822	0.000012
泻懈薪芯邪	0.000575	0.127833	0.000073
泻懈薪芯谢械薪褌邪	0.000287	0.116534	0.000033
泻懈褋械谢褜	0.000575	0.040822	0.000023
泻懈褌邪泄褋泻懈泄	0.000287	0.116534	0.000033
泻谢邪褋褋	0.002587	0.116534	0.000301
泻谢邪褋褋懈褔械褋泻懈泄	0.000287	1.427116	0.000410
泻薪懈谐邪	0.000575	0.040822	0.000023
泻芯泻褌械泄谢褜	0.001725	0.040822	0.000070
泻芯谢斜邪褋邪	0.000862	0.040822	0.000035
泻芯谢斜邪褋薪褘泄	0.001150	0.116534	0.000134
泻芯屑邪薪写邪	0.000575	0.127833	0.000073
泻芯屑懈	0.000287	0.116534	0.000033
泻芯屑屑械薪褌邪褉懈泄	0.000287	0.127833	0.000037
泻芯屑锌邪薪懈褟	0.000287	0.105361	0.000030
泻芯屑锌芯蟹懈褑懈褟	0.000287	2.525729	0.000726
泻芯屑锌芯褌	0.000862	0.040822	0.000035
泻芯薪械褔薪芯	0.000287	0.527633	0.000152
泻芯薪懈薪邪	0.000287	0.116534	0.000033
泻芯薪泻褍褉褋	0.062087	0.040822	0.002535
泻芯薪泻褍褉褋薪褘泄	0.000287	0.127833	0.000037
泻芯薪褋械褉胁懈褉芯胁邪薪懈械	0.000287	0.040822	0.000012
泻芯薪褋械褉胁懈褉芯胁邪薪薪褘泄	0.001437	0.116534	0.000167
泻芯薪褎械褌邪	0.000862	0.040822	0.000035
泻芯薪褎械褌褌懈	0.000287	0.116534	0.000033
泻芯薪褎懈写械薪褑懈邪谢褜薪芯褋褌褜	0.000287	0.040822	0.000012
泻芯薪褎懈褌褞褉	0.000287	0.040822	0.000012
泻芯锌褔褢薪芯褋褌褜	0.000287	0.116534	0.000033
泻芯褉械泄褋泻懈	0.000287	0.040822	0.000012
泻芯褉械泄褋泻懈泄	0.000287	0.105361	0.000030
泻芯褉卸懈泻	0.000287	0.040822	0.000012
泻芯褉屑懈褌褜	0.000287	0.116534	0.000033
泻芯褉芯褔泻邪	0.000287	1.309333	0.000376
泻芯褋褌褢褉	0.000287	2.407946	0.000692
泻芯褌谢械褌邪	0.001437	0.040822	0.000059
泻芯褎械	0.000575	0.040822	0.000023
泻褉邪褋懈胁褘泄	0.000862	0.843970	0.000728
泻褉邪褋泻邪	0.000287	0.116534	0.000033
泻褉邪褋薪褘泄	0.000575	0.941609	0.000541
泻褉械邪褌懈胁	0.000287	0.127833	0.000037
泻褉械屑	0.000862	0.040822	0.000035
泻褉械锌泻懈泄	0.000287	0.116534	0.000033
泻褉械锌芯褋褌褜	0.000287	2.813411	0.000809
泻褉芯谢懈泻	0.000575	0.116534	0.000067
泻褉芯屑械	0.000287	0.061875	0.000018
泻褉芯褏邪	0.000287	0.116534	0.000033
泻褉褍谐	0.000575	0.116534	0.000067
泻褉褍锌	0.001725	0.105361	0.000182
泻褉褍锌邪	0.003162	0.116534	0.000368
泻褉褍锌褟薪芯泄	0.000287	0.116534	0.000033
泻褉褘屑	0.000287	2.302585	0.000662
泻褍斜懈薪褋泻懈泄	0.000287	0.116534	0.000033
泻褍谢械褕	0.000287	0.040822	0.000012
泻褍谢懈薪邪褉懈褟	0.000862	0.094311	0.000081
泻褍谢懈薪邪褉薪褘泄	0.002012	0.000000	0.000000
泻褍谢懈褔	0.000575	0.040822	0.000023
泻褍薪卸褍褌	0.000575	0.994252	0.000572
泻褍褉写褋泻懈泄	0.000287	0.116534	0.000033
泻褍褉懈薪褘泄	0.003737	0.094311	0.000352
泻褍褉懈褑邪	0.002874	0.040822	0.000117
泻褍褉芯褔泻邪	0.000287	0.116534	0.000033
泻褍褋泻褍褋	0.000287	0.040822	0.000012
泻褍褏薪褟	0.002300	0.040822	0.000094
谢邪胁邪褕	0.001725	0.040822	0.000070
谢邪胁褉芯胁褘泄	0.001150	1.139434	0.001310
谢邪谐屑邪薪	0.000287	0.040822	0.000012
谢邪泻芯屑褋褌胁芯	0.000287	0.116534	0.000033
谢邪锌褕邪	0.000575	0.040822	0.000023
谢邪褋褌芯褔泻懈薪	0.000287	2.302585	0.000662
谢邪褌褘褕褋泻懈泄	0.000287	0.116534	0.000033
谢械谐泻芯	0.002012	0.116534	0.000234
谢械锌褢褕泻邪	0.000575	0.040822	0.000023
谢械褌薪懈泄	0.000575	0.040822	0.000023
谢械褌芯	0.001725	0.116534	0.000201
谢械褔芯	0.000287	0.040822	0.000012
谢懈谐邪	0.000862	0.116534	0.000100
谢懈泻褢褉	0.000287	0.040822	0.000012
谢懈屑芯薪邪写	0.000575	0.040822	0.000023
谢懈褋褌	0.001725	0.843970	0.001456
谢懈褌芯胁褋泻	0.000287	0.127833	0.000037
谢懈褌芯胁褋泻懈泄	0.000287	0.116534	0.000033
谢懈褕薪懈泄	0.000287	1.560648	0.000449
谢褍泻	0.004024	0.301105	0.001212
谢褞斜懈屑褘泄	0.002587	0.116534	0.000301
谢褞斜芯胁褜	0.000575	0.105361	0.000061
谢褞斜芯泄	0.000287	0.094311	0.000027
谢褞写屑懈谢邪	0.000287	1.771957	0.000509
谢褢谐泻懈泄	0.000862	0.094311	0.000081
谢褢写	0.000287	0.116534	0.000033
屑邪谐褉懈斜	0.000287	0.116534	0.000033
屑邪泄	0.001150	0.116534	0.000134
屑邪泄芯薪械蟹	0.002587	0.116534	0.000301
屑邪泻邪褉芯薪薪褘泄	0.000287	0.116534	0.000033
屑邪泻邪褉芯薪褘	0.000287	0.040822	0.000012
屑邪谢邪蟹懈泄褋泻懈泄	0.000287	0.116534	0.000033
屑邪薪写邪褉懈薪芯胁褘泄	0.000575	2.525729	0.001452
屑邪薪薪懈泻	0.000287	0.040822	0.000012
屑邪薪薪褘泄	0.000575	1.609438	0.000925
屑邪薪褋邪褉写邪	0.000287	0.755023	0.000217
屑邪薪褌邪	0.000287	0.116534	0.000033
屑邪薪褢胁褉	0.000287	0.116534	0.000033
屑邪褉邪褎芯薪	0.000862	0.116534	0.000100
屑邪褉懈薪邪写	0.003449	0.040822	0.000141
屑邪褉懈薪芯胁邪褌褜	0.000287	0.116534	0.000033
屑邪褉屑械谢邪写	0.000287	0.040822	0.000012
屑邪褉芯泻泻邪薪褋泻懈泄	0.000287	0.116534	0.000033
屑邪褉褌	0.001725	0.105361	0.000182
屑邪褋泻邪褉锌芯薪	0.000287	0.040822	0.000012
屑邪褋谢械薪懈褑邪	0.000862	0.040822	0.000035
屑邪褋谢械薪懈褔薪褘泄	0.000287	0.116534	0.000033
屑邪褋谢芯	0.007186	0.105361	0.000757
屑邪褋谢褟薪褘泄	0.000287	2.525729	0.000726
屑邪褋褌械褉	0.002587	0.116534	0.000301
屑邪褋褌懈泻邪	0.000575	0.040822	0.000023
屑邪褎褎懈薪邪	0.000287	0.116534	0.000033
屑邪褏械械胁褗	0.001150	0.116534	0.000134
屑械写懈邪褎芯褉褌	0.000862	0.000000	0.000000
屑械写芯胁褘泄	0.000287	0.116534	0.000033
屑械泻褋懈泻邪薪褋泻懈泄	0.000287	0.116534	0.000033
屑械薪褞	0.000575	0.116534	0.000067
屑械薪褟褌褜褋褟	0.000287	0.116534	0.000033
屑械褔褌邪	0.000862	0.040822	0.000035
屑懈写懈褟	0.000287	0.040822	0.000012
屑懈泻褉芯胁芯谢薪芯胁泻邪	0.000287	0.105361	0.000030
屑懈谢褜褟	0.000287	0.116534	0.000033
屑懈薪懈屑褍屑	0.000575	1.237874	0.000712
屑懈芯	0.000287	0.116534	0.000033
屑懈褉	0.000862	0.105361	0.000091
屑懈褉芯胁芯泄	0.000287	0.116534	0.000033
屑懈褋芯	0.000287	0.040822	0.000012
屑懈褋褌械褉懈褟	0.000287	0.116534	0.000033
屑懈褋褌褉邪谢褜	0.002012	0.116534	0.000234
屑薪芯谐懈械	0.000287	1.309333	0.000376
屑薪芯卸械褋褌胁芯	0.000575	0.040822	0.000023
屑芯泄	0.000862	0.083382	0.000072
屑芯谢写邪胁褋泻懈泄	0.000287	0.116534	0.000033
屑芯谢芯泻芯	0.001150	0.083382	0.000096
屑芯谢芯褔薪褘泄	0.000862	0.040822	0.000035
屑芯屑械薪褌	0.000862	0.105361	0.000091
屑芯薪谐芯谢褜褋泻懈泄	0.000287	0.116534	0.000033
屑芯褉械	0.000287	0.116534	0.000033
屑芯褉械锌褉芯写褍泻褌	0.003737	0.040822	0.000153
屑芯褉泻芯胁褜	0.001437	0.040822	0.000059
屑芯褉芯卸械薪芯械	0.000862	0.040822	0.000035
屑芯褉褋	0.000575	0.040822	0.000023
屑芯褌芯褉	0.000287	0.116534	0.000033
屑芯褏懈褌褘泄	0.000287	0.040822	0.000012
屑芯褔褜	0.000862	0.000000	0.000000
屑褉邪屑芯褉薪褘泄	0.000287	3.506558	0.001008
屑褍卸褋泻芯泄	0.000287	0.127833	0.000037
屑褍卸褔懈薪邪	0.000575	0.116534	0.000067
屑褍泻邪	0.002300	0.248461	0.000571
屑褍谢褜褌懈胁邪褉泻邪	0.010923	0.116534	0.001273
屑褍谢褜褌懈锌械泻邪褉褜	0.000862	0.116534	0.000100
屑褍褋褋	0.000287	0.040822	0.000012
屑褍褋褋邪	0.000862	0.040822	0.000035
屑褍褔薪芯泄	0.000287	0.116534	0.000033
屑褘褌褜	0.000287	2.659260	0.000764
屑褞褋谢懈	0.000575	0.116534	0.000067
屑褟褋薪芯泄	0.004599	0.040822	0.000188
屑褟褋芯	0.008336	0.040822	0.000340
薪邪写械褟褌褜褋褟	0.000575	1.609438	0.000925
薪邪蟹邪写	0.000287	0.967584	0.000278
薪邪蟹胁邪薪懈械	0.000862	0.562119	0.000485
薪邪蟹薪邪褔械薪懈械	0.000287	0.116534	0.000033
薪邪蟹褘胁邪褌褜褋褟	0.000287	1.714798	0.000493
薪邪泄褌懈	0.001725	0.446287	0.000770
薪邪泄褌懈褋褜	0.000287	2.995732	0.000861
薪邪谢懈胁泻邪	0.000287	0.040822	0.000012
薪邪锌懈褌芯泻	0.002012	0.040822	0.000082
薪邪褋谢邪写懈褌褜褋褟	0.000287	2.120264	0.000609
薪邪褋褌芯泄泻邪	0.000287	0.040822	0.000012
薪邪褋褌褉芯械薪懈械	0.000287	0.116534	0.000033
薪邪褑懈芯薪邪谢褜薪褘泄	0.000287	0.116534	0.000033
薪邪褔邪褌褜	0.000287	1.771957	0.000509
薪邪褔懈薪泻邪	0.000862	0.040822	0.000035
薪邪褕	0.001150	0.040822	0.000047
薪械写械谢褟	0.002874	0.051293	0.000147
薪械卸薪褘泄	0.001725	0.094311	0.000163
薪械懈蟹屑械薪薪芯	0.000287	2.525729	0.000726
薪械屑邪谢芯胁邪卸薪褘泄	0.000287	2.207275	0.000634
薪械屑械褑泻懈泄	0.000287	0.116534	0.000033
薪械薪褍卸薪褘泄	0.000287	2.302585	0.000662
薪械芯卸懈写邪薪薪褘泄	0.000287	0.116534	0.000033
薪械锌褉械屑械薪薪芯	0.000287	1.832581	0.000527
薪械褋谢邪写泻懈泄	0.000287	0.116534	0.000033
薪懈泻邪泻芯泄	0.000287	1.203973	0.000346
薪懈泻芯谐写邪	0.000287	1.771957	0.000509
薪懈泻褌芯	0.000287	1.427116	0.000410
薪懈薪邪	0.000575	1.078810	0.000620
薪懈褔械谐芯	0.000575	0.941609	0.000541
薪泻	0.000287	1.771957	0.000509
薪芯胁芯谐芯写薪懈泄	0.007186	0.040822	0.000293
薪芯胁芯褋褌褜	0.000287	0.061875	0.000018
薪芯胁褘泄	0.004024	0.030459	0.000123
薪芯褉胁械卸褋泻懈泄	0.000287	0.116534	0.000033
薪芯褟斜褉褜	0.000575	0.527633	0.000303
薪褉邪胁懈褌褜褋褟	0.000287	0.941609	0.000271
芯斜邪谢写械薪薪褘泄	0.000287	1.771957	0.000509
芯斜械写	0.000862	0.105361	0.000091
芯斜械蟹褜褟薪邪	0.000287	0.116534	0.000033
芯斜械蟹褜褟薪懈泄	0.000287	2.407946	0.000692
芯斜谢邪写邪褌褜	0.000287	1.660731	0.000477
芯斜谢邪褔泻芯	0.000287	2.995732	0.000861
芯斜褖邪褌褜褋褟	0.000287	0.040822	0.000012
芯斜褗械写械薪懈械	0.000287	2.407946	0.000692
芯斜褟蟹邪褌械谢褜薪芯	0.000287	0.967584	0.000278
芯胁芯褖	0.006611	0.094311	0.000623
芯胁芯褖薪芯泄	0.002587	0.040822	0.000106
芯胁褋褟薪褘泄	0.000287	0.105361	0.000030
芯谐薪械薪薪褘泄	0.000287	0.116534	0.000033
芯谐芯薪褜	0.000287	0.094311	0.000027
芯谐褉芯屑薪褘泄	0.000575	0.867501	0.000499
芯谐褍褉械褑	0.000575	0.116534	0.000067
芯泻芯褉芯褔芯泻	0.000575	2.407946	0.001384
芯泻褉芯褕泻邪	0.000862	0.040822	0.000035
芯泻褉褍卸械薪懈械	0.000287	3.218876	0.000925
芯谢邪写褜褟	0.000862	0.040822	0.000035
芯谢械泄薪芯泄	0.001150	0.116534	0.000134
芯谢械泄薪褘泄	0.001150	0.116534	0.000134
芯谢懈胁械褉	0.000287	2.525729	0.000726
芯谢懈胁泻芯胁褘泄	0.001725	0.544727	0.000939
芯谢褟	0.000575	2.120264	0.001219
芯屑谢械褌	0.000287	0.040822	0.000012
芯锌邪褉邪	0.000287	0.040822	0.000012
芯锌褉械写械谢懈褌褜	0.000287	2.813411	0.000809
芯锌褉械写械谢褢薪薪褘泄	0.000287	1.832581	0.000527
芯锌褉芯褋	0.000287	0.061875	0.000018
芯褋械薪薪懈泄	0.001150	0.051293	0.000059
芯褋械薪褜	0.002874	0.105361	0.000303
芯褋薪芯胁薪褘泄	0.000287	0.040822	0.000012
芯褋褌邪胁邪褌褜褋褟	0.000287	0.116534	0.000033
芯褌斜懈胁薪芯泄	0.000287	2.120264	0.000609
芯褌胁械褌	0.000575	0.000000	0.000000
芯褌胁械褌懈褌褜	0.000287	0.051293	0.000015
芯褌写褘褏邪褌褜	0.000575	2.040221	0.001173
芯褌泻褉褘褌褘泄	0.000575	0.105361	0.000061
芯褌屑械薪懈褌褜	0.000287	0.040822	0.000012
芯褌屑械褔邪褌褜	0.000287	2.120264	0.000609
芯褌薪芯褋懈褌褜褋褟	0.000287	1.714798	0.000493
芯褌薪芯褕械薪懈械	0.000287	1.714798	0.000493
芯褌褌懈褉邪褌褜	0.000287	2.659260	0.000764
芯褏谢邪写懈褌褜	0.000287	0.116534	0.000033
芯褔械褉械写薪芯泄	0.000287	1.514128	0.000435
锌邪泻械褌	0.000287	2.813411	0.000809
锌邪泻械褌懈泻	0.000287	0.105361	0.000030
锌邪谢芯褔泻邪	0.000287	0.040822	0.000012
锌邪薪懈褉芯胁泻邪	0.002300	0.116534	0.000268
锌邪薪懈褉芯胁芯褔薪褘泄	0.000575	1.309333	0.000753
锌邪锌褉懈泻邪	0.000575	1.171183	0.000673
锌邪褉邪	0.000287	0.116534	0.000033
锌邪褉邪写	0.002012	0.116534	0.000234
锌邪褉泻	0.000287	2.659260	0.000764
锌邪褉芯胁邪褉泻邪	0.002587	0.105361	0.000273
锌邪褉芯谢褜	0.000287	0.020203	0.000006
锌邪褋褌邪	0.000862	0.040822	0.000035
锌邪褋褌褉芯屑邪	0.000287	0.040822	0.000012
锌邪褋褏邪	0.000575	0.040822	0.000023
锌邪褋褏邪谢褜薪褘泄	0.000862	0.116534	0.000100
锌邪褕褌械褌	0.000862	0.040822	0.000035
锌械泻邪褉褜	0.000287	0.127833	0.000037
锌械谢褜屑械薪褜	0.000287	0.116534	0.000033
锌械褉胁褘泄	0.001150	0.040822	0.000047
锌械褉械泄褌懈	0.000287	0.040822	0.000012
锌械褉械泻褍褋	0.000575	0.116534	0.000067
锌械褉械褑	0.004886	0.040822	0.000199
锌械褉褋芯薪邪	0.000287	0.116534	0.000033
锌械褉褍邪薪褋泻懈泄	0.000287	0.116534	0.000033
锌械褋芯褔薪褘泄	0.000862	0.105361	0.000091
锌械褌械谢懈薪泻	0.000287	0.127833	0.000037
锌械褔械薪懈械	0.002587	0.040822	0.000106
锌械褔褜	0.000287	0.116534	0.000033
锌械褔褢薪芯褔薪褘泄	0.000287	0.040822	0.000012
锌懈胁芯	0.000287	0.116534	0.000033
锌懈泻邪薪褌	0.000287	0.127833	0.000037
锌懈泻薪懈泻	0.001150	0.105361	0.000121
锌懈褉	0.000287	0.116534	0.000033
锌懈褉芯谐	0.001150	0.040822	0.000047
锌懈褉芯卸薪芯械	0.000575	0.040822	0.000023
锌懈褉芯卸芯泻	0.000287	0.040822	0.000012
锌懈褌邪薪懈械	0.001437	0.094311	0.000136
锌懈褌械褉	0.000287	2.407946	0.000692
锌懈褑褑邪	0.000575	0.040822	0.000023
锌谢邪屑褟	0.000287	0.116534	0.000033
锌谢懈褌邪	0.001725	0.116534	0.000201
锌谢芯胁	0.000287	0.116534	0.000033
锌谢芯写	0.000287	0.116534	0.000033
锌芯胁邪褉褢薪芯泻	0.001437	0.000000	0.000000
锌芯胁械褉褜褌械	0.000287	2.040221	0.000586
锌芯胁懈写谢芯	0.000287	0.040822	0.000012
锌芯谐褍谢褟褌褜	0.000287	2.659260	0.000764
锌芯写邪褉芯泻	0.000287	0.116534	0.000033
锌芯写邪褌褜	0.000287	1.427116	0.000410
锌芯写械谢懈褌褜褋褟	0.000575	0.400478	0.000230
锌芯写泻褍锌懈褌褜	0.000287	2.040221	0.000586
锌芯写谢懈胁	0.000287	0.116534	0.000033
锌芯写谢懈胁泻邪	0.000287	0.040822	0.000012
锌芯写芯斜薪褘泄	0.000287	1.427116	0.000410
锌芯写锌懈褋邪褌褜褋褟	0.000862	0.040822	0.000035
锌芯写褋泻邪蟹邪褌褜	0.000287	1.832581	0.000527
锌芯写褋芯谢薪械褔薪褘泄	0.001725	1.347074	0.002323
锌芯写褘褋泻懈胁邪褌褜	0.000287	2.525729	0.000726
锌芯械写懈薪芯泻	0.004024	0.116534	0.000469
锌芯卸邪谢械褌褜	0.000287	1.771957	0.000509
锌芯蟹写褉邪胁懈褌褜	0.000287	0.116534	0.000033
锌芯懈褋泻	0.000575	0.051293	0.000029
锌芯泄褌懈	0.000287	1.966113	0.000565
锌芯谢写薪懈泻	0.000575	0.116534	0.000067
锌芯谢械蟹薪芯	0.000287	0.116534	0.000033
锌芯谢懈褌懈泻邪	0.000287	0.040822	0.000012
锌芯谢薪褘泄	0.000287	1.237874	0.000356
锌芯谢芯胁懈薪邪	0.002300	0.105361	0.000242
锌芯谢褌芯褉邪	0.000287	2.120264	0.000609
锌芯谢褍褔邪褌褜	0.000575	0.040822	0.000023
锌芯谢褍褔邪褌褜褋褟	0.000287	0.328504	0.000094
锌芯谢褍褔懈褌褜	0.000287	1.237874	0.000356
锌芯谢褍褔懈褌褜褋褟	0.000287	0.653926	0.000188
锌芯谢褜蟹邪	0.001437	0.116534	0.000167
锌芯谢褜蟹芯胁邪褌褜褋褟	0.000575	1.347074	0.000774
锌芯谢褜褋泻懈泄	0.000287	0.116534	0.000033
锌芯屑邪写泻邪	0.000862	0.040822	0.000035
锌芯屑懈写芯褉	0.002300	0.116534	0.000268
锌芯屑懈写芯褉泻	0.000287	0.127833	0.000037
锌芯屑薪懈褌褜	0.000287	1.469676	0.000422
锌芯薪邪写芯斜懈褌褜褋褟	0.000287	2.302585	0.000662
锌芯薪懈屑邪薪懈械	0.000287	2.659260	0.000764
锌芯薪褉邪胁懈褌褜褋褟	0.000287	0.040822	0.000012
锌芯薪褔懈泻	0.000575	0.040822	0.000023
锌芯锌邪褋褌褜	0.000287	2.207275	0.000634
锌芯锌褉芯斜芯胁邪褌褜	0.001437	0.248461	0.000357
锌芯锌褍谢褟褉薪芯褋褌褜	0.000287	2.407946	0.000692
锌芯褉邪	0.000575	0.105361	0.000061
锌芯褉褌褍谐邪谢褜褋泻懈泄	0.000287	0.116534	0.000033
锌芯褋械褖邪褌褜	0.000287	0.061875	0.000018
锌芯褋泻芯谢褜泻褍	0.000287	2.040221	0.000586
锌芯褋褌	0.002012	0.105361	0.000212
锌芯褋褌懈褌褜褋褟	0.000287	2.207275	0.000634
锌芯褋褌薪褘泄	0.001437	0.040822	0.000059
锌芯褋褌芯褟薪薪芯	0.000287	0.040822	0.000012
锌芯褋褌褉芯懈褌褜	0.000287	0.105361	0.000030
锌芯褋褍写邪	0.000862	0.094311	0.000081
锌芯褌褉褟褋邪褌褜	0.000287	1.272966	0.000366
锌芯褏芯卸懈泄	0.000287	0.994252	0.000286
锌芯褔褌邪	0.000287	0.040822	0.000012
锌芯褕邪谐芯胁褘泄	0.000575	0.040822	0.000023
锌褉邪蟹写薪械褋褌胁芯	0.000287	2.407946	0.000692
锌褉邪蟹写薪懈泻	0.000575	0.105361	0.000061
锌褉邪蟹写薪懈褔薪芯	0.000287	0.116534	0.000033
锌褉邪蟹写薪懈褔薪褘泄	0.001150	0.105361	0.000121
锌褉邪泻褌懈泻褍屑	0.000287	0.116534	0.000033
锌褉械胁芯褋褏芯写薪褘泄	0.000287	0.116534	0.000033
锌褉械胁褉邪褖械薪懈械	0.000287	0.116534	0.000033
锌褉械写谢邪谐邪褌褜	0.000287	0.693147	0.000199
锌褉械写谢芯卸懈褌褜	0.000287	1.108663	0.000319
锌褉械写锌芯谢芯卸械薪懈械	0.000287	3.218876	0.000925
锌褉械写褋褌邪胁懈褌褜	0.000287	1.347074	0.000387
锌褉械泻谢芯薪褟褌褜褋褟	0.000287	2.813411	0.000809
锌褉械褋薪褘泄	0.000287	0.116534	0.000033
锌褉懈斜邪胁谢械薪懈械	0.000287	2.659260	0.000764
锌褉懈胁械褌懈泻	0.000287	3.218876	0.000925
锌褉懈谐芯写懈褌褜褋褟	0.000287	1.560648	0.000449
锌褉懈谐芯褌芯胁懈褌褜	0.002300	0.083382	0.000192
锌褉懈谐芯褌芯胁谢械薪懈械	0.001437	0.040822	0.000059
锌褉懈蟹	0.000287	0.040822	0.000012
锌褉懈蟹薪邪薪懈械	0.000287	0.116534	0.000033
锌褉懈屑械褉	0.000287	2.302585	0.000662
锌褉懈薪邪写谢械卸邪褌褜	0.000287	3.218876	0.000925
锌褉懈锌褉邪胁邪	0.001437	0.040822	0.000059
锌褉懈褉芯写邪	0.000575	0.105361	0.000061
锌褉懈褋褌褍锌懈褌褜	0.000287	0.040822	0.000012
锌褉懈褏芯写懈褌褜褋褟	0.000287	2.407946	0.000692
锌褉芯胁械褉懈褌褜	0.002012	0.116534	0.000234
锌褉芯胁械褋褌懈	0.001437	0.116534	0.000167
锌褉芯胁芯写懈褌褜	0.000287	0.040822	0.000012
锌褉芯胁芯卸邪褌褜	0.000287	0.116534	0.000033
锌褉芯写褍泻褌	0.000575	0.072571	0.000042
锌褉芯械泻褌	0.000575	0.051293	0.000029
锌褉芯锌懈褌邪褌褜	0.000287	2.659260	0.000764
锌褉芯褋屑芯褌褉	0.000287	0.274437	0.000079
锌褉芯褋屑芯褌褉械褌褜	0.000575	1.714798	0.000986
锌褉芯褋褌芯	0.001437	0.083382	0.000120
锌褉芯褋褌芯泄	0.000862	0.301105	0.000260
锌褉芯褋褌芯泻胁邪褕邪	0.000287	0.040822	0.000012
锌褉芯褋褌芯褉	0.000287	1.660731	0.000477
锌褉芯褋褌芯褌邪	0.000287	1.714798	0.000493
锌褉芯褎懈谢褜	0.000287	0.040822	0.000012
锌褉芯褔懈褌邪褌褜	0.000287	1.832581	0.000527
锌褉褟屑芯	0.000287	0.040822	0.000012
锌褉褟薪懈泻	0.000575	0.040822	0.000023
锌褉褟薪懈褔薪褘泄	0.000287	0.116534	0.000033
锌褌懈褑邪	0.006324	0.116534	0.000737
锌褍写懈薪谐	0.000862	0.040822	0.000035
锌褍薪褕	0.000287	0.040822	0.000012
锌褍褌械褕械褋褌胁懈械	0.000575	0.116534	0.000067
锌褍褌褜	0.000287	0.116534	0.000033
锌褕械薪懈褔薪褘泄	0.002300	0.287682	0.000662
锌褘褕泻邪	0.000287	0.040822	0.000012
锌褞褉械	0.001725	0.040822	0.000070
锌褟褌褜	0.000287	1.771957	0.000509
褉邪谐褍	0.000287	0.116534	0.000033
褉邪蟹	0.000575	0.356675	0.000205
褉邪蟹胁械褉薪褍褌褜	0.000287	0.116534	0.000033
褉邪蟹写械谢褜薪褘泄	0.000287	0.116534	0.000033
褉邪蟹屑械褖邪褌褜	0.000287	2.302585	0.000662
褉邪蟹薪褘泄	0.000575	0.094311	0.000054
褉邪蟹芯屑	0.000287	2.407946	0.000692
褉邪蟹褍蟹薪邪褌褜	0.000287	2.525729	0.000726
褉邪褋褋屑邪褌褉懈胁邪褌褜	0.000287	2.659260	0.000764
褉邪褋褋芯谢褜薪懈泻	0.000862	0.040822	0.000035
褉邪褋褋褘谢泻邪	0.000287	0.061875	0.000018
褉邪褋褌懈褌械谢褜薪褘泄	0.001725	0.223144	0.000385
褉械斜褢薪芯泻	0.000287	0.094311	0.000027
褉械谐懈褋褌褉邪褑懈褟	0.000862	0.000000	0.000000
褉械泄褌懈薪谐	0.000287	0.235722	0.000068
褉械泻芯屑械薪写芯胁邪褌褜	0.000287	1.021651	0.000294
褉械锌褔邪褌褘泄	0.003449	0.430783	0.001486
褉械褑械锌褌	0.030181	0.040822	0.001232
褉械褑械锌褌懈泻	0.000287	1.609438	0.000463
褉械褕懈褌褜	0.000287	0.693147	0.000199
褉械褕懈褌褜褋褟	0.000287	2.407946	0.000692
褉懈褋	0.001437	0.040822	0.000059
褉懈褋泻	0.000287	2.302585	0.000662
褉懈褌屑	0.000287	0.116534	0.000033
褉芯谐邪谢懈泻	0.000287	0.040822	0.000012
褉芯写薪褘泄	0.000287	0.116534	0.000033
褉芯卸写械薪懈械	0.000287	0.105361	0.000030
褉芯卸写械褋褌胁芯	0.000287	0.116534	0.000033
褉芯蟹屑邪褉懈薪	0.000575	1.609438	0.000925
褉芯谢谢	0.000575	0.040822	0.000023
褉芯谢谢褌芯薪	0.000287	0.116534	0.000033
褉芯屑	0.000287	0.040822	0.000012
褉褍斜褉懈泻邪褌芯褉	0.000287	0.051293	0.000015
褉褍泻邪胁	0.000287	2.813411	0.000809
褉褍谢械褌	0.004599	0.040822	0.000188
褉褍屑褘薪褋泻懈泄	0.000287	0.116534	0.000033
褉褍屑褟薪褘泄	0.000287	0.116534	0.000033
褉褍薪械褌	0.000287	0.020203	0.000006
褉褍褋褋泻懈泄	0.000287	0.105361	0.000030
褉褘斜邪	0.007186	0.040822	0.000293
褉褘斜薪褘泄	0.002874	0.105361	0.000303
褉褟卸械薪泻邪	0.000287	0.116534	0.000033
褋邪泄褌	0.002300	0.000000	0.000000
褋邪谢邪褌	0.012647	0.040822	0.000516
褋邪谢邪褌薪褘泄	0.000287	0.116534	0.000033
褋邪屑芯谐芯薪	0.000287	0.040822	0.000012
褋邪屑芯褋褌芯褟褌械谢褜薪褘泄	0.000287	2.040221	0.000586
褋邪屑褘泄	0.001150	0.105361	0.000121
褋邪褎	0.000862	0.116534	0.000100
褋邪褎褋械屑邪	0.000287	0.116534	0.000033
褋邪褏邪褉	0.002300	0.105361	0.000242
褋斜懈褌械薪褜	0.000287	0.040822	0.000012
褋胁械卸械褋褌褜	0.000287	0.105361	0.000030
褋胁械泻芯谢褜薪懈泻	0.000575	0.040822	0.000023
褋胁械褌	0.001150	0.116534	0.000134
褋胁械褌邪	0.001150	0.116534	0.000134
褋胁懈薪懈薪	0.002300	0.116534	0.000268
褋胁懈薪懈薪邪	0.001725	0.040822	0.000070
褋胁芯写懈褌褜	0.000287	2.302585	0.000662
褋胁褢泻谢邪	0.000287	0.040822	0.000012
褋谐褍褖褢薪泻邪	0.000287	0.040822	0.000012
褋写械谢邪褌褜	0.000287	0.733969	0.000211
褋械蟹芯薪	0.000287	0.116534	0.000033
褋械泄褔邪褋	0.000862	0.030459	0.000026
褋械泻褉械褌	0.000575	0.116534	0.000067
褋械谢褢写泻邪	0.000287	0.040822	0.000012
褋械屑械泄薪褘泄	0.000575	0.116534	0.000067
褋械屑褜褟	0.000575	0.116534	0.000067
褋械薪褌褟斜褉褜	0.000287	0.673345	0.000194
褋懈写褉	0.000287	0.040822	0.000012
褋懈褉懈泄褋泻懈泄	0.000287	0.116534	0.000033
褋懈褉芯锌	0.000575	0.040822	0.000023
褋懈褋褌械屑邪	0.000287	0.040822	0.000012
褋懈褌懈	0.000287	0.127833	0.000037
褋泻邪蟹邪褌褜	0.000575	0.400478	0.000230
褋泻邪蟹泻邪	0.000287	0.116534	0.000033
褋泻芯胁芯褉芯写泻邪	0.000575	1.660731	0.000955
褋谢邪写泻懈泄	0.006036	0.040822	0.000246
褋谢邪写泻芯	0.000287	0.116534	0.000033
褋谢械写懈褌褜	0.000287	2.120264	0.000609
褋谢懈胁泻邪	0.000575	1.049822	0.000604
褋谢懈胁芯褔薪褘泄	0.001725	0.105361	0.000182
褋谢懈褕泻芯屑	0.000287	2.120264	0.000609
褋谢芯泄泻邪	0.000575	0.040822	0.000023
褋谢芯褢薪褘泄	0.000862	0.116534	0.000100
褋屑械谢芯	0.000287	2.120264	0.000609
褋屑械褌邪薪邪	0.001437	0.105361	0.000151
褋屑械褕邪薪薪褘泄	0.000287	0.116534	0.000033
褋屑芯褔褜	0.000575	0.040822	0.000023
褋屑褍蟹懈	0.000862	0.040822	0.000035
褋薪褝泻	0.000287	0.116534	0.000033
褋芯斜邪泻邪	0.000287	2.302585	0.000662
褋芯斜懈褉邪褌褜褋褟	0.000575	0.040822	0.000023
褋芯斜谢褞写邪褌褜	0.000287	2.120264	0.000609
褋芯胁械褉褕械薪褋褌胁芯	0.001437	0.116534	0.000167
褋芯胁械褌	0.000287	0.040822	0.000012
褋芯胁械褌芯胁邪褌褜	0.000287	1.139434	0.000328
褋芯谐谢邪褕邪褌褜褋褟	0.000287	0.040822	0.000012
褋芯械胁褘泄	0.001150	0.798508	0.000918
褋芯卸邪谢械薪懈械	0.000287	2.525729	0.000726
褋芯蟹写邪胁邪褌褜	0.000287	0.105361	0.000030
褋芯蟹写邪薪懈械	0.000575	0.261365	0.000150
褋芯泻	0.001437	0.040822	0.000059
褋芯谢械薪懈械	0.000575	0.116534	0.000067
褋芯谢薪械褔薪褘泄	0.000287	0.116534	0.000033
褋芯谢褜	0.004599	0.127833	0.000588
褋芯谢褟薪泻邪	0.000575	0.040822	0.000023
褋芯谢褢薪褘泄	0.000862	0.116534	0.000100
褋芯芯褌胁械褌褋褌胁芯胁邪褌褜	0.000287	2.120264	0.000609
褋芯褉褌懈褉芯胁邪褌褜	0.000287	0.248461	0.000071
褋芯褋褌邪胁懈褌褜	0.000575	0.116534	0.000067
褋芯褍褋	0.006036	0.040822	0.000246
褋芯褏褉邪薪褟褌褜	0.000287	0.040822	0.000012
褋芯褑芯锌褉芯褋	0.000287	3.218876	0.000925
褋芯褑褋械褌褜	0.000287	0.040822	0.000012
褋芯褔械褌邪薪懈械	0.000287	0.105361	0.000030
褋芯褔薪褘泄	0.000575	0.116534	0.000067
褋锌邪谢褜薪褟	0.000862	0.415515	0.000358
褋锌邪褋懈斜芯	0.000862	0.673345	0.000581
褋锌械褌褜	0.000287	0.116534	0.000033
褋锌械褑懈邪谢褜薪褘泄	0.000287	0.094311	0.000027
褋锌械褑懈褟	0.002012	0.094311	0.000190
褋锌械褑锌褉芯械泻褌	0.009485	0.116534	0.001105
褋锌懈褋芯泻	0.000287	0.116534	0.000033
褋锌芯褋芯斜	0.000287	0.891598	0.000256
褋褉邪蟹褍	0.000575	0.733969	0.000422
褋褉械写懈蟹械屑薪芯屑芯褉褋泻懈泄	0.000287	0.127833	0.000037
褋褌邪褉褘泄	0.000287	0.261365	0.000075
褋褌邪褌褜	0.000287	1.049822	0.000302
褋褌邪褌褜褟	0.000287	0.061875	0.000018
褋褌械锌薪芯泄	0.000287	2.407946	0.000692
褋褌械锌褜	0.000287	2.207275	0.000634
褋褌懈谢褜	0.000575	0.116534	0.000067
褋褌芯谢	0.002874	0.105361	0.000303
褋褌芯褍薪	0.000287	4.605170	0.001324
褋褌褉芯懈褌械谢褜褋褌胁芯	0.000575	0.040822	0.000023
褋褌褉芯懈褌褜	0.000287	0.040822	0.000012
褋褌褉芯泄薪褘泄	0.000287	0.116534	0.000033
褋褌褘写薪芯	0.000287	2.120264	0.000609
褋褍斜锌褉芯写褍泻褌	0.002874	0.116534	0.000335
褋褍薪械谢褜	0.000575	2.207275	0.001269
褋褍锌	0.007473	0.040822	0.000305
褋褍锌褔懈泻	0.000287	2.302585	0.000662
褋褍褎谢械	0.000862	0.040822	0.000035
褋褍褏邪褉褜	0.000862	0.040822	0.000035
褋褍褕懈褌褜	0.000575	0.040822	0.000023
褋褔邪褋褌懈械	0.000287	2.120264	0.000609
褋褘褉	0.006899	0.040822	0.000282
褋褘褉薪懈泻	0.000862	0.040822	0.000035
褋褘褉薪褘泄	0.001150	0.040822	0.000047
褋褘褌薪褘泄	0.000575	0.105361	0.000061
褋褘褔褍卸薪褘泄	0.000287	0.127833	0.000037
褋褝薪写胁懈褔	0.000287	0.127833	0.000037
褋褞褉锌褉懈蟹	0.000287	0.116534	0.000033
褋褢屑谐邪	0.000287	0.040822	0.000012
褌邪写卸懈泻褋泻懈泄	0.000287	0.116534	0.000033
褌邪泄褋泻懈泄	0.000287	0.116534	0.000033
褌邪泻懈	0.000287	1.237874	0.000356
褌邪泻芯屑	0.000287	1.897120	0.000545
褌邪褉褌	0.000287	0.116534	0.000033
褌邪褉褌邪谢械褌泻邪	0.000575	0.040822	0.000023
褌邪褌邪褉褋泻懈泄	0.000287	0.116534	0.000033
褌胁芯泄	0.000575	0.116534	0.000067
褌胁芯褉懈褌褜	0.000287	0.116534	0.000033
褌胁芯褉芯谐	0.000862	0.040822	0.000035
褌胁芯褉芯卸薪褘泄	0.001725	0.094311	0.000163
褌胁褢褉写褘泄	0.002300	0.544727	0.001253
褌械谢械谐褉邪屑	0.000287	0.040822	0.000012
褌械谢褟褌懈薪邪	0.001150	0.116534	0.000134
褌械锌谢芯	0.000287	0.116534	0.000033
褌械褉褉邪褋邪	0.000287	0.776529	0.000223
褌械褉褉懈薪邪	0.000287	0.040822	0.000012
褌械褋褌	0.003162	0.105361	0.000333
褌械褋褌芯	0.002587	0.040822	0.000106
褌械褏薪懈泻邪	0.001437	0.105361	0.000151
褌懈屑褜褟薪	0.000575	2.659260	0.001529
褌屑	0.001150	0.127833	0.000147
褌芯屑	0.000287	1.139434	0.000328
褌芯锌谢褢薪褘泄	0.000287	0.116534	0.000033
褌芯褉褌	0.005749	0.040822	0.000235
褌褉邪胁邪	0.000287	0.094311	0.000027
褌褉邪写懈褑懈褟	0.001725	0.116534	0.000201
褌褉懈	0.000287	1.272966	0.000366
褌褉褍斜芯褔泻邪	0.000287	0.040822	0.000012
褌褉褍写	0.000287	2.302585	0.000662
褌褉褢褏谢械褌懈械	0.000287	0.116534	0.000033
褌褍薪械褑	0.000287	0.105361	0.000030
褌褍薪懈褋褋泻懈泄	0.000287	0.116534	0.000033
褌褍褉械褑泻懈泄	0.000287	0.116534	0.000033
褌褘泻胁邪	0.000287	0.040822	0.000012
褌褢褖懈薪	0.000287	0.040822	0.000012
褍胁械写芯屑谢械薪懈械	0.000287	0.040822	0.000012
褍胁械褉懈褌褜	0.000287	1.272966	0.000366
褍胁懈写械褌褜	0.000287	1.203973	0.000346
褍谐芯褋褌懈褌褜	0.000287	1.660731	0.000477
褍写邪谢懈褌褜	0.000287	1.660731	0.000477
褍写邪褔薪褘泄	0.000287	0.116534	0.000033
褍写懈胁懈褌褜	0.000287	0.116534	0.000033
褍写懈胁谢褟褌褜	0.001150	0.116534	0.000134
褍写芯胁芯谢褜褋褌胁懈械	0.000287	0.116534	0.000033
褍卸	0.000287	0.693147	0.000199
褍卸懈薪	0.001725	0.094311	0.000163
褍蟹斜械泻褋泻懈泄	0.000287	0.116534	0.000033
褍泻褉邪懈薪褋泻懈泄	0.000287	0.116534	0.000033
褍泻褉邪褕械薪懈械	0.002300	0.116534	0.000268
褍泻褉芯锌	0.001725	0.562119	0.000969
褍泻褋褍褋	0.000575	0.562119	0.000323
褍屑械褌褜	0.000287	2.659260	0.000764
褍屑芯锌芯屑褉邪褔懈褌械谢褜薪褘泄	0.000287	1.966113	0.000565
褍锌芯褌褉械斜谢械薪懈械	0.000287	0.116534	0.000033
褍褉邪谢褜褋泻懈泄	0.000287	0.116534	0.000033
褍褉芯卸邪泄	0.000287	0.105361	0.000030
褍褌泻邪	0.000862	0.116534	0.000100
褍褏	0.000287	2.995732	0.000861
褍褏芯	0.000287	0.040822	0.000012
褍褔邪褋褌胁芯胁邪褌褜	0.000287	0.040822	0.000012
褍褞褌薪褘泄	0.000287	2.120264	0.000609
褎邪蟹械薪写邪	0.000287	0.116534	0.000033
褎邪薪褌邪蟹懈褟	0.002300	0.116534	0.000268
褎邪褉褕	0.004886	0.040822	0.000199
褎邪褉褕懈褉芯胁邪薪薪褘泄	0.001725	0.040822	0.000070
褎邪褋芯谢褜	0.000287	0.040822	0.000012
褎械胁褉邪谢褜	0.001150	0.094311	0.000108
褎械泄械褉胁械褉泻	0.000575	0.116534	0.000067
褎懈谐褍褉邪	0.000287	0.116534	0.000033
褎懈谢械	0.001150	0.916291	0.001054
褎懈薪褋泻懈泄	0.000287	0.116534	0.000033
褎懈褉屑械薪薪褘泄	0.000287	0.116534	0.000033
褎芯薪写褞	0.000287	0.040822	0.000012
褎芯褉屑邪	0.000287	0.105361	0.000030
褎芯褉褍屑	0.000862	0.040822	0.000035
褎芯褉褕屑邪泻	0.000287	0.040822	0.000012
褎褉邪薪褑懈褟	0.000287	0.116534	0.000033
褎褉邪薪褑褍蟹褋泻懈泄	0.000287	0.094311	0.000027
褎褉邪褍	0.001150	0.116534	0.000134
褎褉褍泻褌	0.001150	0.116534	0.000134
褎褉褍泻褌芯胁褘泄	0.002300	0.040822	0.000094
褎褍写	0.000287	0.116534	0.000033
褎褍褉褕械褌	0.000287	0.116534	0.000033
褏邪谢胁邪	0.000287	0.040822	0.000012
褏邪褉胁械褋褌褎械褋褌	0.000575	0.116534	0.000067
褏邪褉褔芯	0.000575	0.040822	0.000023
褏邪褕	0.000287	0.040822	0.000012
褏胁芯褉芯褋褌	0.000287	0.040822	0.000012
褏懈薪泻邪谢懈	0.000287	0.116534	0.000033
褏懈褌	0.002012	0.116534	0.000234
褏懈褌褉芯褋褌褜	0.000287	2.407946	0.000692
褏谢械斜	0.002300	0.040822	0.000094
褏谢械斜芯锌械褔泻邪	0.000287	0.116534	0.000033
褏谢械斜褍褕械泻	0.000287	2.040221	0.000586
褏谢芯锌褜褟	0.000575	0.094311	0.000054
褏屑械谢懈褌褜	0.000575	2.207275	0.001269
褏芯蟹褟泄泻邪	0.001150	0.116534	0.000134
褏芯谢芯写械褑	0.000287	0.040822	0.000012
褏芯谢芯写懈谢褜薪懈泻	0.000287	1.049822	0.000302
褏芯谢芯写薪芯械	0.000575	0.116534	0.000067
褏芯谢芯写薪褘泄	0.000575	0.116534	0.000067
褏芯褉胁邪褌褋泻懈泄	0.000287	0.116534	0.000033
褏芯褉芯褕懈泄	0.001150	0.040822	0.000047
褏芯褉芯褕芯	0.001437	0.105361	0.000151
褏芯褉褋	0.000287	0.116534	0.000033
褏芯褌械褌褜	0.001150	0.000000	0.000000
褏褉褍褋褌械褌褜	0.000575	0.713350	0.000410
褏褍屑褍褋邪	0.000287	0.040822	0.000012
褑邪褉褋褌胁芯	0.000287	0.127833	0.000037
褑邪褉褜	0.000287	0.116534	0.000033
褑胁械褌薪芯泄	0.000287	0.040822	0.000012
褑械薪薪褘泄	0.000287	0.040822	0.000012
褑械薪褌褉	0.000287	0.116534	0.000033
褔邪械屑褘泄	0.000287	0.116534	0.000033
褔邪泄	0.000862	0.040822	0.000035
褔邪褋	0.000287	1.139434	0.000328
褔械斜褍褉械泻	0.000575	0.040822	0.000023
褔械谢芯胁械泻	0.000287	0.916291	0.000263
褔械褉泻懈蟹芯胁褘泄	0.000575	0.116534	0.000067
褔械褋薪芯泻	0.010348	0.314711	0.003257
褔械褋褌薪芯泄	0.000287	0.040822	0.000012
褔械褔械胁懈褑邪	0.000287	0.040822	0.000012
褔械褕褋泻懈泄	0.000287	0.116534	0.000033
褔懈蟹泻械泄泻	0.001150	0.040822	0.000047
褔懈谢懈泄褋泻懈泄	0.000287	0.116534	0.000033
褔懈锌褋褘	0.000287	0.040822	0.000012
褔懈褋谢芯	0.000287	0.235722	0.000068
褔褍写械褋薪褘泄	0.000287	1.514128	0.000435
褔褍写芯	0.000575	0.116534	0.000067
褔褍写芯屑	0.000287	2.407946	0.000692
褔褢褉薪褘泄	0.002874	0.356675	0.001025
褕邪褉懈泻	0.000287	0.040822	0.000012
褕邪褉谢芯褌泻邪	0.000575	0.040822	0.000023
褕邪褉屑	0.000287	0.116534	0.000033
褕邪褕谢褘泻	0.004024	0.040822	0.000164
褕胁械写褋泻懈泄	0.000287	0.116534	0.000033
褕胁械泄褑邪褉褋泻懈泄	0.000287	0.116534	0.000033
褕械写械胁褉	0.000287	0.116534	0.000033
褕械褎	0.000287	0.127833	0.000037
褕懈锌褍褔泻邪	0.000287	0.040822	0.000012
褕懈褉芯泻懈泄	0.000287	0.127833	0.000037
褕泻芯谢邪	0.000287	0.116534	0.000033
褕屑懈写褌	0.000287	3.506558	0.001008
褕芯泻芯谢邪写	0.000287	0.040822	0.000012
褕芯褌谢邪薪写褋泻懈泄	0.000287	0.116534	0.000033
褕褌褉褍写械谢褜	0.000287	0.040822	0.000012
褕褌褍褔泻邪	0.000287	2.040221	0.000586
褕褍褉锌邪	0.000287	0.040822	0.000012
褖械写褉褘泄	0.000287	0.116534	0.000033
褖懈	0.000575	0.040822	0.000023
褝泻芯屑懈谢泻	0.000287	0.127833	0.000037
褝褋褌芯薪褋泻懈泄	0.000287	0.116534	0.000033
褞谐芯褋谢邪胁褋泻懈泄	0.000287	0.116534	0.000033
褟谐芯写薪褘泄	0.001150	0.105361	0.000121
褟蟹褘泻	0.000287	0.040822	0.000012
褟泄褑芯	0.002587	0.040822	0.000106
褟谢芯褉懈褋邪	0.000287	1.771957	0.000509
褟薪写械泻褋	0.000287	0.072571	0.000021
褟锌芯薪褋泻懈泄	0.000575	0.051293	0.000029
褟褉泻懈泄	0.000287	0.116534	0.000033
褟褉泻芯	0.000287	0.105361	0.000030
