谢械屑屑邪	TF	IDF	TF-IDF
邪斜褏邪蟹褋泻懈泄	0.000271	0.116534	0.000032
邪胁褋褌褉邪谢懈泄褋泻懈泄	0.000271	0.116534	0.000032
邪胁褋褌褉懈泄褋泻懈泄	0.000271	0.116534	0.000032
邪胁褌芯泻谢邪胁	0.000271	0.116534	0.000032
邪胁褌芯褉	0.000271	0.040822	0.000011
邪谐褉芯	0.000271	0.116534	0.000032
邪写卸懈泻邪	0.000271	0.040822	0.000011
邪蟹	0.000271	0.127833	0.000035
邪蟹械褉斜邪泄写卸邪薪褋泻懈泄	0.000271	0.116534	0.000032
邪蟹懈邪褌褋泻懈泄	0.000271	0.127833	0.000035
邪泄褉邪薪	0.000271	0.040822	0.000011
邪泻胁邪褌懈泻	0.000813	0.127833	0.000104
邪谢械泻褋械泄	0.000271	0.127833	0.000035
邪谢泻芯谐芯谢褜	0.000813	0.116534	0.000095
邪谢泻芯谐芯谢褜薪褘泄	0.000271	0.116534	0.000032
邪谢褜褟薪褋	0.000271	0.116534	0.000032
邪屑械褉懈泻邪薪褋泻懈泄	0.000271	0.116534	0.000032
邪薪谐谢懈泄褋泻懈泄	0.000271	0.116534	0.000032
邪薪写褉械泄	0.000271	0.127833	0.000035
邪锌褉械谢褜	0.000813	0.544727	0.000443
邪褉邪斜褋泻懈泄	0.000271	0.116534	0.000032
邪褉谐械薪褌懈薪褋泻懈泄	0.000271	0.116534	0.000032
邪褉屑褟薪褋泻懈泄	0.000271	0.116534	0.000032
邪褉芯屑邪褌	0.000542	0.820981	0.000445
邪褋褋芯褉褌懈	0.000542	0.116534	0.000063
邪褌谢邪薪褌	0.000271	0.116534	0.000032
邪褎谐邪薪褋泻懈泄	0.000271	0.116534	0.000032
邪褎褉懈泻邪薪褋泻懈泄	0.000271	0.116534	0.000032
邪褔屑	0.000271	3.218876	0.000873
邪褝褉芯谐褉懈谢褜	0.002711	0.116534	0.000316
斜邪泻谢邪卸邪薪	0.000271	0.040822	0.000011
斜邪谢泻芯薪	0.000271	2.120264	0.000575
斜邪谢褌泻芯屑邪	0.000271	0.127833	0.000035
斜邪褉邪薪懈薪邪	0.001085	0.116534	0.000126
斜邪褋屑邪褌懈	0.000542	0.127833	0.000069
斜邪褋褌褍褉屑	0.000271	0.040822	0.000011
斜邪褋褌褍褉屑邪	0.000271	0.040822	0.000011
斜邪褌芯薪	0.001627	1.514128	0.002463
斜邪褌芯薪褔懈泻	0.000271	0.127833	0.000035
斜邪褕泻懈褉褋泻懈泄	0.000271	0.116534	0.000032
斜械蟹邪谢泻芯谐芯谢褜薪褘泄	0.000271	0.116534	0.000032
斜械蟹谐谢褞褌械薪芯胁芯械	0.000271	0.116534	0.000032
斜械蟹械	0.001085	0.040822	0.000044
斜械蟹芯斜褉邪蟹懈械	0.000542	2.525729	0.001370
斜械谢械斜械械胁褋泻懈泄	0.000542	0.116534	0.000063
斜械谢芯泻芯褔邪薪薪褘泄	0.000542	0.967584	0.000525
斜械谢芯褉褍褋褋泻懈泄	0.000271	0.116534	0.000032
斜械谢褘泄	0.000542	1.237874	0.000671
斜械谢褜谐懈泄褋泻懈泄	0.000271	0.116534	0.000032
斜械褉械屑械薪薪邪褟	0.000271	0.116534	0.000032
斜械褋械写懈薪	0.000271	0.127833	0.000035
斜懈褋泻胁懈褌	0.000542	0.040822	0.000022
斜懈褋泻胁懈褌薪褘泄	0.000813	0.105361	0.000086
斜懈褔	0.000271	3.912023	0.001061
斜谢懈蟹泻懈泄	0.000542	0.116534	0.000063
斜谢懈薪	0.001627	0.040822	0.000066
斜谢褞写芯	0.031725	0.040822	0.001295
斜芯斜芯胁褘泄	0.002440	0.116534	0.000284
斜芯谢谐邪褉褋泻懈泄	0.001898	0.116534	0.000221
斜芯谢褜褕芯泄	0.000813	0.094311	0.000077
斜芯芯芯芯芯谢褜褕懈泄	0.000271	3.218876	0.000873
斜芯褉褖	0.000542	0.040822	0.000022
斜芯褌胁懈薪褜褟	0.000271	0.040822	0.000011
斜褉邪蟹懈谢褜褋泻懈泄	0.000271	0.116534	0.000032
斜褉邪褌	0.000271	2.813411	0.000763
斜褉邪褍蟹械褉	0.000271	0.040822	0.000011
斜褉邪褍薪懈	0.000271	0.040822	0.000011
斜褉械褋褌	0.000271	0.127833	0.000035
斜褉芯泻泻芯谢懈	0.000271	0.040822	0.000011
斜褉褘蟹谐懈	0.000271	2.659260	0.000721
斜褍卸械薪懈薪邪	0.000271	0.040822	0.000011
斜褍谢芯褔泻邪	0.000813	0.040822	0.000033
斜褍谢褜芯薪	0.003796	0.040822	0.000155
斜褍褉谐械褉	0.000542	0.040822	0.000022
斜褍褉褟褌褋泻懈泄	0.000271	0.116534	0.000032
斜褍褌械褉斜褉芯写	0.001356	0.040822	0.000055
斜褘褋褌褉芯	0.000542	0.094311	0.000051
斜褘褋褌褉褘泄	0.000813	0.094311	0.000077
胁邪卸薪褘泄	0.000271	0.116534	0.000032
胁邪谢谢懈泄褋泻懈泄	0.000271	0.116534	0.000032
胁邪谢褋械薪斜褍褉谐	0.000271	4.605170	0.001249
胁邪褉械薪懈械	0.000542	0.040822	0.000022
胁邪褉械薪懈泻	0.000271	0.116534	0.000032
胁邪褌褉褍褕泻邪	0.000271	0.040822	0.000011
胁邪褎谢褟	0.000542	0.040822	0.000022
胁邪褕	0.001085	0.000000	0.000000
胁胁芯写懈褌褜	0.000271	0.040822	0.000011
胁写芯褏薪芯胁械薪懈械	0.001627	0.116534	0.000190
胁写芯褏薪芯胁谢褟褌褜褋褟	0.000271	0.116534	0.000032
胁写褉褍谐	0.000271	2.407946	0.000653
胁械谐械褌邪褉懈邪薪褋泻懈泄	0.000542	0.116534	0.000063
胁械谢懈泻懈泄	0.000542	0.116534	0.000063
胁械薪谐械褉褋泻懈泄	0.000271	0.116534	0.000032
胁械褉薪褍褌褜褋褟	0.000271	2.995732	0.000812
胁械褋械薪薪懈泄	0.000271	0.051293	0.000014
胁械褋薪邪	0.001898	0.116534	0.000221
胁械褌褔懈薪邪	0.000271	0.094311	0.000026
胁蟹谐谢褟写	0.000271	1.427116	0.000387
胁懈写械芯	0.000542	0.116534	0.000063
胁懈写械芯褉械褑械锌褌	0.000271	0.301105	0.000082
胁懈薪芯	0.000542	0.040822	0.000022
胁泻谢褞褔邪褌褜	0.000271	0.634878	0.000172
胁泻褍褋	0.003525	0.105361	0.000371
胁泻褍褋薪芯	0.002440	0.094311	0.000230
胁泻褍褋薪褘泄	0.004338	0.061875	0.000268
胁谢褞斜懈褌褜	0.000271	0.116534	0.000032
胁谢褞斜懈褌褜褋褟	0.000271	1.386294	0.000376
胁薪邪褔邪谢械	0.001085	0.248461	0.000269
胁薪懈屑邪薪懈械	0.000271	1.237874	0.000336
胁薪褍褌褉懈	0.000542	1.469676	0.000797
胁芯写邪	0.000813	0.094311	0.000077
胁芯蟹写褍褕薪褘泄	0.000271	1.469676	0.000399
胁芯泄褌懈	0.000271	0.000000	0.000000
胁芯谢芯胁邪薪	0.000271	0.116534	0.000032
胁芯谢褕械斜薪芯	0.000271	2.525729	0.000685
胁芯谢褕械斜薪褘泄	0.000542	0.116534	0.000063
胁芯谢褕械斜褋褌胁芯	0.000271	0.116534	0.000032
胁芯锌褉芯褋	0.000542	0.000000	0.000000
胁芯褋锌芯屑懈薪邪薪懈械	0.000271	2.302585	0.000624
胁芯褋褌芯褔薪褘泄	0.000271	0.127833	0.000035
胁锌械褉胁褘械	0.000271	1.560648	0.000423
胁褉械屑褟	0.002711	0.105361	0.000286
胁褋械谐写邪	0.000813	0.653926	0.000532
胁褋锌芯屑薪懈褌褜	0.000271	0.040822	0.000011
胁褌芯褉芯械	0.000271	0.116534	0.000032
胁褌芯褉芯泄	0.000542	0.116534	0.000063
胁褏芯写	0.000813	0.030459	0.000025
胁褔械褉邪	0.000271	2.040221	0.000553
胁褘泄褌懈	0.000271	0.040822	0.000011
胁褘泻谢邪写褘胁邪褌褜	0.000271	1.660731	0.000450
胁褘锌械褔泻邪	0.004610	0.040822	0.000188
胁褘褌械褋薪懈褌褜	0.000271	3.218876	0.000873
胁褜械褌薪邪屑褋泻懈泄	0.000271	0.116534	0.000032
谐邪胁邪泄褋泻懈泄	0.000271	0.116534	0.000032
谐邪褉邪卸	0.000271	1.078810	0.000293
谐邪褉薪懈褉	0.002711	0.040822	0.000111
谐邪褋锌邪褔芯	0.000271	0.040822	0.000011
谐械芯谐褉邪褎懈褟	0.000271	0.116534	0.000032
谐谢邪胁薪芯械	0.000271	1.139434	0.000309
谐谢邪胁薪褘泄	0.000271	0.040822	0.000011
谐谢邪蟹褍褉褜	0.000813	0.040822	0.000033
谐谢械褏褍褉邪写邪	0.000271	3.218876	0.000873
谐谢懈薪褌胁械泄薪	0.000271	0.040822	0.000011
谐芯胁褟写懈薪邪	0.001085	0.116534	0.000126
谐芯写	0.007592	0.083382	0.000633
谐芯谢谢邪薪写褋泻懈泄	0.000813	0.116534	0.000095
谐芯褉写褘泄	0.000271	3.218876	0.000873
谐芯褉芯写	0.000271	0.116534	0.000032
谐芯褉芯褏	0.000271	0.116534	0.000032
谐芯褉褔懈褑邪	0.000813	0.040822	0.000033
谐芯褉褕芯褔械泻	0.000542	0.040822	0.000022
谐芯褉褟褔械械	0.000542	0.116534	0.000063
谐芯褉褟褔懈泄	0.013015	0.105361	0.001371
谐芯褋褌褜	0.000813	0.116534	0.000095
谐芯褌芯胁懈褌褜	0.004610	0.083382	0.000384
谐芯褌芯胁懈褌褜褋褟	0.000271	0.371064	0.000101
谐芯褌芯胁泻邪	0.000271	2.120264	0.000575
谐褉械薪泻邪	0.000542	0.040822	0.000022
谐褉械褑泻懈泄	0.000542	1.469676	0.000797
谐褉械褔械褋泻懈泄	0.000271	0.116534	0.000032
谐褉械褔泻邪	0.000271	0.040822	0.000011
谐褉懈斜	0.003254	0.040822	0.000133
谐褉懈斜薪芯泄	0.000542	0.040822	0.000022
谐褉懈谢褜	0.002711	0.105361	0.000286
谐褉懈谢褜屑邪薪懈褟	0.000271	0.116534	0.000032
谐褉芯谐	0.000271	0.040822	0.000011
谐褉褍蟹懈薪褋泻懈泄	0.000271	0.116534	0.000032
谐褉褍锌锌邪	0.000271	0.061875	0.000017
谐褍褉屑	0.000271	0.127833	0.000035
谐褍褉屑邪薪懈褟	0.001627	0.116534	0.000190
谐褍褋褜	0.000542	0.105361	0.000057
写邪胁邪褌褜	0.000271	0.040822	0.000011
写邪胁薪芯	0.000271	0.967584	0.000262
写邪薪薪褘械	0.000271	0.040822	0.000011
写邪薪薪褘泄	0.000271	1.660731	0.000450
写邪褉	0.000271	0.116534	0.000032
写邪褌邪	0.000542	0.248461	0.000135
写邪褌褋泻懈泄	0.000271	0.116534	0.000032
写邪褌褜	0.000271	0.040822	0.000011
写邪褔薪褘泄	0.000813	0.116534	0.000095
写胁邪	0.000271	0.967584	0.000262
写械胁芯褔泻邪	0.000271	1.171183	0.000318
写械胁褟薪芯褋褌褘泄	0.000271	3.218876	0.000873
写械泻芯褉	0.000271	0.127833	0.000035
写械谢邪褌褜	0.000542	0.083382	0.000045
写械谢懈褌褜褋褟	0.000271	0.040822	0.000011
写械谢芯	0.000542	0.105361	0.000057
写械薪褜	0.001898	0.040822	0.000077
写械褉械胁械薪褋泻懈泄	0.000542	2.659260	0.001442
写械褋械褉褌	0.004610	0.040822	0.000188
写械褋械褉褌邪褑懈褟	0.000271	0.116534	0.000032
写械褋械褉褌薪褘泄	0.000271	0.116534	0.000032
写械褌褋褌胁芯	0.000271	1.897120	0.000514
写卸械屑	0.000271	0.040822	0.000011
写卸械屑邪	0.000271	0.040822	0.000011
写卸械薪褟褌褜	0.000271	2.659260	0.000721
写蟹械薪	0.000271	0.116534	0.000032
写懈械褌邪	0.000542	0.094311	0.000051
写懈械褌懈褔械褋泻懈泄	0.000271	1.966113	0.000533
写懈泻懈泄	0.000813	0.116534	0.000095
写懈锌	0.000271	0.116534	0.000032
写懈褔褜	0.000813	0.116534	0.000095
写薪械胁薪懈泻	0.000271	0.061875	0.000017
写薪芯	0.000271	2.813411	0.000763
写芯斜邪胁懈褌褜	0.000542	0.083382	0.000045
写芯斜邪胁谢械薪懈械	0.000271	0.223144	0.000061
写芯斜邪胁谢褟褌褜	0.000271	0.040822	0.000011
写芯斜褉芯褎谢芯褌	0.000271	0.127833	0.000035
写芯胁械褉褟褌褜	0.000271	0.116534	0.000032
写芯胁芯谢褜薪芯	0.000271	1.609438	0.000436
写芯谢谐懈泄	0.000271	1.609438	0.000436
写芯谢卸薪褘泄	0.000271	1.078810	0.000293
写芯屑	0.003525	0.040822	0.000144
写芯屑邪褕薪懈泄	0.003254	0.040822	0.000133
写芯锌芯谢薪褟褌褜	0.000271	2.407946	0.000653
写芯褉芯卸泻邪	0.000271	3.218876	0.000873
写褉邪泄胁	0.001356	0.127833	0.000173
写褉芯卸卸械胁芯泄	0.000271	0.116534	0.000032
写褉褍谐	0.000813	0.544727	0.000443
写褍褏	0.000271	2.407946	0.000653
写褍褏芯胁泻邪	0.001627	0.105361	0.000171
写褍褕邪	0.000813	0.105361	0.000086
械胁褉械泄褋泻懈泄	0.000271	0.116534	0.000032
械谐懈锌械褌褋泻懈泄	0.000271	0.116534	0.000032
械写懈薪褘泄	0.000271	0.000000	0.000000
械泻芯	0.000271	0.127833	0.000035
械谢械薪邪	0.000271	2.813411	0.000763
械褏邪褌褜	0.000271	2.302585	0.000624
卸邪褉械薪褘泄	0.000271	1.272966	0.000345
卸邪褉懈褌褜	0.000813	1.347074	0.001096
卸邪褉懈褌褜褋褟	0.000271	2.120264	0.000575
卸邪褉泻芯械	0.000271	0.040822	0.000011
卸写邪褌褜	0.000271	2.207275	0.000599
卸械谢邪褌懈薪邪	0.000542	1.427116	0.000774
卸械谢械	0.000813	0.040822	0.000033
卸械薪褋泻懈泄	0.000542	0.020203	0.000011
卸械薪褖懈薪邪	0.000813	0.061875	0.000050
卸懈蟹薪褜	0.000542	0.040822	0.000022
卸懈褌械谢褜	0.000271	2.995732	0.000812
卸褍谢褜械薪	0.000271	0.040822	0.000011
卸褍褉薪邪谢	0.000542	0.072571	0.000039
卸褞谢褜械薪	0.000271	0.040822	0.000011
卸褞谢褜薪褘泄	0.000271	0.040822	0.000011
蟹邪胁邪褉薪芯泄	0.000542	0.116534	0.000063
蟹邪胁械写械薪懈械	0.000271	2.525729	0.000685
蟹邪胁褌褉邪泻	0.002169	0.094311	0.000205
蟹邪谐芯褌芯胁泻邪	0.001085	0.040822	0.000044
蟹邪写邪胁邪褌褜	0.000271	0.040822	0.000011
蟹邪写邪褌褜	0.000271	2.525729	0.000685
蟹邪懈薪褌械褉械褋芯胁邪褌褜	0.000271	1.966113	0.000533
蟹邪泻胁邪褋泻邪	0.000813	0.040822	0.000033
蟹邪泻褉褘褌褘泄	0.000271	0.116534	0.000032
蟹邪泻褍褋泻邪	0.007050	0.040822	0.000288
蟹邪泻褍褋芯薪褔懈泻	0.000271	0.116534	0.000032
蟹邪泻褍褋芯褔泻邪	0.000271	0.116534	0.000032
蟹邪泻褍褋芯褔薪邪褟	0.003254	0.116534	0.000379
蟹邪泻褍褋芯褔薪褘泄	0.000271	1.660731	0.000450
蟹邪谢懈胁薪芯械	0.000542	0.040822	0.000022
蟹邪屑械褔邪褌械谢褜薪褘泄	0.000542	0.713350	0.000387
蟹邪屑芯褉芯蟹泻邪	0.000271	0.105361	0.000029
蟹邪锌邪写	0.000271	0.116534	0.000032
蟹邪锌械泻邪薪泻邪	0.002983	0.040822	0.000122
蟹邪锌械褔褜	0.000542	0.916291	0.000497
蟹邪锌褉邪胁泻邪	0.000542	0.040822	0.000022
蟹邪褉械谐懈褋褌褉懈褉芯胁邪褌褜褋褟	0.000542	0.030459	0.000017
蟹邪褋械褔褜	0.000271	2.659260	0.000721
蟹邪褋芯谢泻邪	0.000271	0.116534	0.000032
蟹邪褋褌芯谢褜械	0.000271	2.525729	0.000685
蟹邪褏芯写懈褌褜	0.000813	0.733969	0.000597
蟹邪褟褑	0.000542	0.116534	0.000063
蟹胁邪薪褘泄	0.000271	0.127833	0.000035
蟹胁械蟹写邪	0.000271	0.116534	0.000032
蟹胁褢蟹写薪褘泄	0.000271	0.116534	0.000032
蟹写芯褉芯胁褘泄	0.000542	0.116534	0.000063
蟹械谢械薪褜	0.009219	0.094311	0.000869
蟹械谢褢薪褘泄	0.000542	0.820981	0.000445
蟹械褎懈褉	0.000271	0.040822	0.000011
蟹懈屑邪	0.001356	0.040822	0.000055
蟹懈屑薪懈泄	0.000271	0.051293	0.000014
蟹薪邪泻芯屑褘泄	0.000542	1.272966	0.000690
蟹薪邪褌褜	0.000542	0.462035	0.000251
蟹芯谢芯褌懈褋褌褘泄	0.000271	2.407946	0.000653
蟹芯谢芯褌芯泄	0.000542	0.116534	0.000063
懈胁邪薪芯胁	0.000271	0.127833	0.000035
懈写械邪谢褜薪褘泄	0.002169	0.116534	0.000253
懈写械泄泻邪	0.000271	0.116534	0.000032
懈写械褟	0.000542	1.609438	0.000873
懈蟹写械谢懈械	0.001898	0.116534	0.000221
懈蟹褞屑懈薪泻邪	0.000271	1.966113	0.000533
懈泻褉邪	0.000813	0.040822	0.000033
懈屑械褌褜	0.000542	1.171183	0.000635
懈屑械褌褜褋褟	0.000271	2.525729	0.000685
懈屑褟	0.000271	0.030459	0.000008
懈薪胁械褉褌芯褉薪褘泄	0.000271	0.127833	0.000035
懈薪谐褉械写懈械薪褌	0.008134	0.139262	0.001133
懈薪写械泄泻邪	0.001898	0.094311	0.000179
懈薪写懈泄褋泻懈泄	0.000271	0.116534	0.000032
懈薪写懈谢邪泄褌邪	0.000813	0.116534	0.000095
懈薪写懈褉械褋薪褘泄	0.000271	0.116534	0.000032
懈薪褋褌褉褍泻褑懈褟	0.000271	0.030459	0.000008
懈褉邪泻褋泻懈泄	0.000271	0.116534	0.000032
懈褉邪薪褋泻懈泄	0.000271	0.116534	0.000032
懈褉谢邪薪写褋泻懈泄	0.000271	0.116534	0.000032
懈褉褉械蟹邪	0.000271	1.347074	0.000365
懈褋泻邪褌褜	0.000271	1.108663	0.000301
懈褋泻褉械薪薪械	0.000271	0.116534	0.000032
懈褋谢邪薪写褋泻懈泄	0.000271	0.116534	0.000032
懈褋锌邪薪褋泻懈泄	0.000271	0.116534	0.000032
懈褋锌械褔褜	0.000271	0.105361	0.000029
懈褋褌懈薪邪	0.000271	2.525729	0.000685
懈褋褌芯褉懈褟	0.001627	0.116534	0.000190
懈褋褌芯褔薪懈泻	0.000271	2.407946	0.000653
懈褋褔械蟹邪褌褜	0.000271	2.813411	0.000763
懈褌邪谢懈褟	0.000542	0.105361	0.000057
懈褌邪谢褜褟薪褋泻懈泄	0.000271	0.105361	0.000029
懈褞谢褜	0.000271	0.579818	0.000157
懈褞薪褜	0.000542	0.562119	0.000305
泄芯谐褍褉褌	0.000813	0.040822	0.000033
泻邪斜邪褔芯泻	0.000271	0.040822	0.000011
泻邪胁泻邪蟹褋泻懈泄	0.000271	0.116534	0.000032
泻邪蟹邪薪	0.000271	0.116534	0.000032
泻邪蟹邪褌褜褋褟	0.000542	1.139434	0.000618
泻邪蟹邪褏褋泻懈泄	0.000271	0.116534	0.000032
泻邪泻邪芯	0.000542	0.040822	0.000022
泻邪谢械泄写芯褋泻芯锌	0.001085	0.116534	0.000126
泻邪谢屑褘褑泻懈泄	0.000271	0.116534	0.000032
泻邪谢芯褉懈泄薪褘泄	0.000271	1.966113	0.000533
泻邪谢褜屑邪褉	0.000271	0.040822	0.000011
泻邪屑械褉邪	0.000271	0.116534	0.000032
泻邪薪邪写褋泻懈泄	0.000271	0.116534	0.000032
泻邪薪邪谢	0.000813	0.040822	0.000033
泻邪薪邪锌械	0.000542	0.040822	0.000022
泻邪锌褍褋褌邪	0.001356	0.040822	0.000055
泻邪锌褍褋褌薪褘泄	0.000271	1.609438	0.000436
泻邪锌褍褋褌薪褟泻	0.000271	0.040822	0.000011
泻邪褉邪屑械谢褜	0.000271	0.040822	0.000011
泻邪褉泻邪褋薪褘泄	0.001085	0.116534	0.000126
泻邪褉褌芯褎械谢褜	0.004338	0.040822	0.000177
泻邪褉褌芯褎械谢褜薪褘泄	0.001085	0.040822	0.000044
泻邪褉褌芯褕械褔泻邪	0.000271	1.897120	0.000514
泻邪褉褌芯褕泻邪	0.000813	0.040822	0.000033
泻邪褌械谐芯褉懈褟	0.004338	0.116534	0.000506
泻邪褎械	0.000542	2.207275	0.001197
泻邪褔械褋褌胁芯	0.000271	0.105361	0.000029
泻邪褕邪	0.001898	0.040822	0.000077
泻胁邪褋	0.001085	0.040822	0.000044
泻胁邪褋薪芯泄	0.000813	0.116534	0.000095
泻械泻褋	0.000813	0.040822	0.000033
泻械褎懈褉	0.001356	0.040822	0.000055
泻懈谢芯谐褉邪屑屑	0.000271	2.407946	0.000653
泻懈屑褔邪褌褜	0.000271	0.040822	0.000011
泻懈薪芯邪	0.000542	0.127833	0.000069
泻懈薪芯谢械薪褌邪	0.000271	0.116534	0.000032
泻懈褋械谢褜	0.000542	0.040822	0.000022
泻懈褌邪泄褋泻懈泄	0.000271	0.116534	0.000032
泻谢邪褋褋	0.002440	0.116534	0.000284
泻谢邪褋褋懈褔械褋泻懈泄	0.000271	1.427116	0.000387
泻薪懈谐邪	0.000542	0.040822	0.000022
泻芯泻褌械泄谢褜	0.001627	0.040822	0.000066
泻芯谢斜邪褋邪	0.000271	0.040822	0.000011
泻芯谢斜邪褋薪褘泄	0.000813	0.116534	0.000095
泻芯屑邪薪写邪	0.000542	0.127833	0.000069
泻芯屑懈	0.000271	0.116534	0.000032
泻芯屑屑械薪褌邪褉懈泄	0.000271	0.127833	0.000035
泻芯屑锌邪薪懈褟	0.000271	0.105361	0.000029
泻芯屑锌芯蟹懈褑懈褟	0.000271	2.525729	0.000685
泻芯屑锌芯褌	0.000813	0.040822	0.000033
泻芯薪懈薪邪	0.000271	0.116534	0.000032
泻芯薪泻褉械褌薪褘泄	0.000271	2.407946	0.000653
泻芯薪泻褍褉褋	0.058568	0.040822	0.002391
泻芯薪泻褍褉褋薪褘泄	0.000271	0.127833	0.000035
泻芯薪褋械褉胁懈褉芯胁邪薪懈械	0.000271	0.040822	0.000011
泻芯薪褋械褉胁懈褉芯胁邪薪薪褘泄	0.001356	0.116534	0.000158
泻芯薪褎械褌邪	0.000813	0.040822	0.000033
泻芯薪褎械褌褌懈	0.000271	0.116534	0.000032
泻芯薪褎懈写械薪褑懈邪谢褜薪芯褋褌褜	0.000271	0.040822	0.000011
泻芯薪褎懈褌褞褉	0.000271	0.040822	0.000011
泻芯锌褔褢薪芯褋褌褜	0.000271	0.116534	0.000032
泻芯褉械泄褋泻懈	0.000271	0.040822	0.000011
泻芯褉械泄褋泻懈泄	0.000271	0.105361	0.000029
泻芯褉卸懈泻	0.000271	0.040822	0.000011
泻芯褉屑懈褌褜	0.000271	0.116534	0.000032
泻芯褉薪懈褕芯薪	0.000542	2.995732	0.001625
泻芯褉芯谢械胁褋泻懈泄	0.000271	2.302585	0.000624
泻芯褉芯褔泻邪	0.000271	1.309333	0.000355
泻芯褋褌褢褉	0.000271	2.407946	0.000653
泻芯褌谢械褌邪	0.000813	0.040822	0.000033
泻芯褎械	0.000542	0.040822	0.000022
泻褉邪褋懈胁芯	0.000271	1.832581	0.000497
泻褉邪褋懈胁褘泄	0.000542	0.843970	0.000458
泻褉邪褋泻邪	0.000271	0.116534	0.000032
泻褉邪褋薪褘泄	0.001085	0.941609	0.001021
泻褉邪褏屑邪谢	0.000542	0.891598	0.000484
泻褉械邪褌懈胁	0.000271	0.127833	0.000035
泻褉械屑	0.000813	0.040822	0.000033
泻褉械锌泻懈泄	0.000271	0.116534	0.000032
泻褉械锌芯褋褌褜	0.000271	2.813411	0.000763
泻褉芯谢懈泻	0.000542	0.116534	0.000063
泻褉芯屑械	0.000271	0.061875	0.000017
泻褉芯褏邪	0.000271	0.116534	0.000032
泻褉褍谐	0.000542	0.116534	0.000063
泻褉褍谐谢褘泄	0.000271	2.813411	0.000763
泻褉褍锌	0.001627	0.105361	0.000171
泻褉褍锌邪	0.002983	0.116534	0.000348
泻褉褍锌褟薪芯泄	0.000271	0.116534	0.000032
泻褍斜懈薪褋泻懈泄	0.000271	0.116534	0.000032
泻褍谢械褕	0.000271	0.040822	0.000011
泻褍谢懈薪邪褉懈褟	0.000813	0.094311	0.000077
泻褍谢懈薪邪褉薪褘泄	0.001898	0.000000	0.000000
泻褍谢懈褔	0.000542	0.040822	0.000022
泻褍薪卸褍褌	0.000542	0.994252	0.000539
泻褍褉写褋泻懈泄	0.000271	0.116534	0.000032
泻褍褉懈薪褘泄	0.005152	0.094311	0.000486
泻褍褉懈褑邪	0.001356	0.040822	0.000055
泻褍褉芯褔泻邪	0.000271	0.116534	0.000032
泻褍褋泻褍褋	0.000271	0.040822	0.000011
泻褍褋芯褔械泻	0.000271	1.078810	0.000293
泻褍褏薪褟	0.002440	0.040822	0.000100
泻褍褕邪褌褜	0.000542	2.302585	0.001249
谢邪胁邪褕	0.003254	0.040822	0.000133
谢邪胁邪褕懈泻	0.000271	3.218876	0.000873
谢邪胁褉芯胁褘泄	0.000542	1.139434	0.000618
谢邪谐屑邪薪	0.000271	0.040822	0.000011
谢邪泻芯屑褋褌胁芯	0.000271	0.116534	0.000032
谢邪锌褕邪	0.000542	0.040822	0.000022
谢邪褌褘褕褋泻懈泄	0.000271	0.116534	0.000032
谢械谐泻芯	0.001898	0.116534	0.000221
谢械锌褢褕泻邪	0.001356	0.040822	0.000055
谢械褌薪懈泄	0.000542	0.040822	0.000022
谢械褌芯	0.001898	0.116534	0.000221
谢械褔芯	0.000271	0.040822	0.000011
谢懈谐邪	0.000813	0.116534	0.000095
谢懈泻褢褉	0.000271	0.040822	0.000011
谢懈屑芯薪	0.000542	0.891598	0.000484
谢懈屑芯薪邪写	0.000542	0.040822	0.000022
谢懈屑芯薪薪褘泄	0.000813	0.713350	0.000580
谢懈褋褌	0.001627	0.843970	0.001373
谢懈褌芯胁褋泻	0.000271	0.127833	0.000035
谢懈褌芯胁褋泻懈泄	0.000271	0.116534	0.000032
谢懈褏芯泄	0.000271	3.218876	0.000873
谢懈褕薪懈泄	0.000271	1.560648	0.000423
谢褍泻	0.005423	0.301105	0.001633
谢褍褔芯泻	0.000271	2.302585	0.000624
谢褞斜懈屑褘泄	0.002711	0.116534	0.000316
谢褞斜芯胁褜	0.000542	0.105361	0.000057
谢褞斜芯泄	0.000271	0.094311	0.000026
谢褟锌	0.000271	3.912023	0.001061
谢褢谐泻懈泄	0.001085	0.094311	0.000102
谢褢写	0.000271	0.116534	0.000032
屑邪谐褉懈斜	0.000271	0.116534	0.000032
屑邪泄	0.000813	0.116534	0.000095
屑邪泄芯薪械蟹	0.002440	0.116534	0.000284
屑邪泄芯薪械蟹薪褘泄	0.000271	2.525729	0.000685
屑邪泻邪褉芯薪薪褘泄	0.000271	0.116534	0.000032
屑邪泻邪褉芯薪褘	0.000271	0.040822	0.000011
屑邪谢邪蟹懈泄褋泻懈泄	0.000271	0.116534	0.000032
屑邪谢芯	0.000271	1.609438	0.000436
屑邪屑褍谢褟	0.000271	2.995732	0.000812
屑邪薪写邪褉懈薪芯胁褘泄	0.000542	2.525729	0.001370
屑邪薪薪懈泻	0.000271	0.040822	0.000011
屑邪薪薪褘泄	0.000542	1.609438	0.000873
屑邪薪褋邪褉写邪	0.000271	0.755023	0.000205
屑邪薪褌邪	0.000271	0.116534	0.000032
屑邪薪褢胁褉	0.000271	0.116534	0.000032
屑邪褉邪褎芯薪	0.000813	0.116534	0.000095
屑邪褉懈薪邪写	0.003254	0.040822	0.000133
屑邪褉懈薪芯胁邪褌褜	0.000542	0.116534	0.000063
屑邪褉屑械谢邪写	0.000271	0.040822	0.000011
屑邪褉芯泻泻邪薪褋泻懈泄	0.000271	0.116534	0.000032
屑邪褉褌	0.001356	0.105361	0.000143
屑邪褋泻邪褉锌芯薪	0.000271	0.040822	0.000011
屑邪褋谢械薪懈褑邪	0.000813	0.040822	0.000033
屑邪褋谢械薪懈褔薪褘泄	0.000271	0.116534	0.000032
屑邪褋谢芯	0.007863	0.105361	0.000828
屑邪褋谢褟薪褘泄	0.000271	2.525729	0.000685
屑邪褋褋邪	0.000271	1.771957	0.000480
屑邪褋褌械褉	0.002440	0.116534	0.000284
屑邪褋褌懈泻邪	0.000542	0.040822	0.000022
屑邪褎褎懈薪邪	0.000271	0.116534	0.000032
屑邪褏械械胁褗	0.001085	0.116534	0.000126
屑械写懈邪褎芯褉褌	0.000813	0.000000	0.000000
屑械写芯胁褘泄	0.000271	0.116534	0.000032
屑械泻褋懈泻邪薪褋泻懈泄	0.000271	0.116534	0.000032
屑械薪褞	0.000542	0.116534	0.000063
屑械薪褟褌褜褋褟	0.000271	0.116534	0.000032
屑械褉芯锌褉懈褟褌懈械	0.000271	2.995732	0.000812
屑械褋褌薪褘泄	0.000271	2.813411	0.000763
屑械褔褌邪	0.000813	0.040822	0.000033
屑械褔褌邪褌褜	0.000271	2.995732	0.000812
屑懈写懈褟	0.000271	0.040822	0.000011
屑懈泻褉芯胁芯谢薪芯胁泻邪	0.000271	0.105361	0.000029
屑懈谢褜褟	0.000271	0.116534	0.000032
屑懈薪懈屑褍屑	0.000271	1.237874	0.000336
屑懈薪褍褌邪	0.000271	0.544727	0.000148
屑懈芯	0.000271	0.116534	0.000032
屑懈褉	0.000813	0.105361	0.000086
屑懈褉芯胁芯泄	0.000271	0.116534	0.000032
屑懈褋芯	0.000271	0.040822	0.000011
屑懈褋褌械褉懈褟	0.000271	0.116534	0.000032
屑懈褋褌褉邪谢褜	0.001898	0.116534	0.000221
屑薪芯谐懈械	0.000271	1.309333	0.000355
屑薪芯谐懈泄	0.000271	1.771957	0.000480
屑薪芯卸械褋褌胁芯	0.000271	0.040822	0.000011
屑芯泄	0.001356	0.083382	0.000113
屑芯谢写邪胁褋泻懈泄	0.000271	0.116534	0.000032
屑芯谢芯泻芯	0.000542	0.083382	0.000045
屑芯谢芯褔薪褘泄	0.000813	0.040822	0.000033
屑芯屑械薪褌	0.000813	0.105361	0.000086
屑芯薪谐芯谢褜褋泻懈泄	0.000271	0.116534	0.000032
屑芯褉械	0.000271	0.116534	0.000032
屑芯褉械锌褉芯写褍泻褌	0.003796	0.040822	0.000155
屑芯褉泻芯胁褜	0.001898	0.040822	0.000077
屑芯褉芯卸械薪芯械	0.000813	0.040822	0.000033
屑芯褉褋	0.000542	0.040822	0.000022
屑芯褌懈胁	0.000271	2.995732	0.000812
屑芯褌芯褉	0.000271	0.116534	0.000032
屑芯褏懈褌褘泄	0.000271	0.040822	0.000011
屑芯褔褜	0.000542	0.000000	0.000000
屑褉邪屑芯褉薪褘泄	0.000271	3.506558	0.000951
屑褍卸	0.000813	0.867501	0.000706
屑褍卸褋泻芯泄	0.000271	0.127833	0.000035
屑褍卸褔懈薪邪	0.000542	0.116534	0.000063
屑褍泻邪	0.002711	0.248461	0.000674
屑褍谢褜褌懈胁邪褉泻邪	0.010304	0.116534	0.001201
屑褍谢褜褌懈锌械泻邪褉褜	0.000813	0.116534	0.000095
屑褍褋褋	0.000271	0.040822	0.000011
屑褍褋褋邪	0.000813	0.040822	0.000033
屑褍褔薪芯泄	0.000271	0.116534	0.000032
屑褘褌褜	0.000271	2.659260	0.000721
屑褞褋谢懈	0.000542	0.116534	0.000063
屑褟褋	0.000271	3.506558	0.000951
屑褟褋薪芯泄	0.003796	0.040822	0.000155
屑褟褋芯	0.007321	0.040822	0.000299
薪邪胁褋械谐写邪	0.000271	2.040221	0.000553
薪邪写械褟褌褜褋褟	0.000271	1.609438	0.000436
薪邪蟹邪写	0.000271	0.967584	0.000262
薪邪蟹胁邪薪懈械	0.000542	0.562119	0.000305
薪邪蟹薪邪褔械薪懈械	0.000271	0.116534	0.000032
薪邪泄褌懈	0.000542	0.446287	0.000242
薪邪谢懈胁泻邪	0.000271	0.040822	0.000011
薪邪锌械褉械谐芯薪泻懈	0.000271	3.218876	0.000873
薪邪锌懈褌芯泻	0.001898	0.040822	0.000077
薪邪褋褌芯泄泻邪	0.000271	0.040822	0.000011
薪邪褋褌芯谢褜泻芯	0.000542	1.514128	0.000821
薪邪褋褌芯褟褖懈泄	0.000271	1.108663	0.000301
薪邪褋褌褉芯械薪懈械	0.000271	0.116534	0.000032
薪邪褑懈芯薪邪谢褜薪褘泄	0.000271	0.116534	0.000032
薪邪褔邪谢芯	0.000271	1.514128	0.000411
薪邪褔邪褌褜	0.000271	1.771957	0.000480
薪邪褔懈薪泻邪	0.000813	0.040822	0.000033
薪邪褕	0.001085	0.040822	0.000044
薪械胁械褉芯褟褌薪芯	0.000271	1.386294	0.000376
薪械胁械褉芯褟褌薪褘泄	0.000271	2.659260	0.000721
薪械写械谢褟	0.002711	0.051293	0.000139
薪械卸薪褘泄	0.000813	0.094311	0.000077
薪械懈蟹屑械薪薪芯	0.000271	2.525729	0.000685
薪械屑邪谢芯胁邪卸薪褘泄	0.000271	2.207275	0.000599
薪械屑械褑泻懈泄	0.000271	0.116534	0.000032
薪械屑芯泄	0.000271	1.203973	0.000326
薪械薪褍卸薪褘泄	0.000271	2.302585	0.000624
薪械芯斜褏芯写懈屑褘泄	0.000271	2.659260	0.000721
薪械芯斜褘褔薪褘泄	0.000813	0.916291	0.000745
薪械芯卸懈写邪薪薪褘泄	0.000271	0.116534	0.000032
薪械褋谢邪写泻懈泄	0.000271	0.116534	0.000032
薪械褋谢芯卸薪芯	0.000271	2.207275	0.000599
薪械褍谐芯屑芯薪薪褘泄	0.000271	3.218876	0.000873
薪懈斜褘褌褜	0.000271	1.832581	0.000497
薪懈泻邪泻芯泄	0.000271	1.203973	0.000326
薪懈薪邪	0.000813	1.078810	0.000878
薪懈褔械谐芯	0.000542	0.941609	0.000511
薪芯胁芯谐芯写薪懈泄	0.006779	0.040822	0.000277
薪芯胁芯褋褌褜	0.000271	0.061875	0.000017
薪芯胁褘泄	0.004610	0.030459	0.000140
薪芯褉胁械卸褋泻懈泄	0.000271	0.116534	0.000032
薪芯褋懈褌褜褋褟	0.000271	3.218876	0.000873
薪芯褟斜褉褜	0.000542	0.527633	0.000286
薪褉邪胁懈褌褜褋褟	0.000271	0.941609	0.000255
芯斜械写	0.000813	0.105361	0.000086
芯斜械蟹褜褟薪邪	0.000271	0.116534	0.000032
芯斜卸邪褉械薪褘泄	0.000271	2.995732	0.000812
芯斜谢邪写邪褌褜	0.000271	1.660731	0.000450
芯斜谢邪褔泻芯	0.000271	2.995732	0.000812
芯斜褖邪褌褜褋褟	0.000271	0.040822	0.000011
芯斜褟蟹邪褌械谢褜薪芯	0.000271	0.967584	0.000262
芯胁芯褖	0.007592	0.094311	0.000716
芯胁芯褖薪芯泄	0.002711	0.040822	0.000111
芯胁褋褟薪褘泄	0.000271	0.105361	0.000029
芯谐薪械薪薪褘泄	0.000271	0.116534	0.000032
芯谐芯薪褜	0.000271	0.094311	0.000026
芯谐褉芯屑薪褘泄	0.000813	0.867501	0.000706
芯谐褍褉械褑	0.001627	0.116534	0.000190
芯卸懈写邪褌褜	0.000271	2.302585	0.000624
芯泻褉芯褕泻邪	0.000813	0.040822	0.000033
芯泻褌褟斜褉褜	0.000271	0.562119	0.000152
芯谢邪写褜褟	0.000813	0.040822	0.000033
芯谢械泄薪芯泄	0.001085	0.116534	0.000126
芯谢械泄薪褘泄	0.001085	0.116534	0.000126
芯谢懈胁械褉	0.000271	2.525729	0.000685
芯谢懈胁泻邪	0.000542	2.207275	0.001197
芯谢懈胁泻芯胁褘泄	0.002169	0.544727	0.001182
芯谢褟	0.000542	2.120264	0.001150
芯屑谢械褌	0.000271	0.040822	0.000011
芯锌邪褉邪	0.000271	0.040822	0.000011
芯锌褉械写械谢褢薪薪褘泄	0.000271	1.832581	0.000497
芯锌褉芯褋	0.000271	0.061875	0.000017
芯褉械褏	0.000542	0.776529	0.000421
芯褉械褕懈薪芯泻	0.000271	3.218876	0.000873
芯褉懈谐懈薪邪谢褜薪褘泄	0.000271	1.049822	0.000285
芯褋械薪薪懈泄	0.001085	0.051293	0.000056
芯褋械薪褜	0.002711	0.105361	0.000286
芯褋薪芯胁薪褘泄	0.000271	0.040822	0.000011
芯褋褌邪胁邪褌褜褋褟	0.000271	0.116534	0.000032
芯褋褌邪薪芯胁懈褌褜褋褟	0.000271	1.560648	0.000423
芯褌斜懈胁薪芯泄	0.000271	2.120264	0.000575
芯褌胁械褌	0.000542	0.000000	0.000000
芯褌胁械褌懈褌褜	0.000271	0.051293	0.000014
芯褌写褘褏邪褌褜	0.000542	2.040221	0.001106
芯褌泻褉褘褌褘泄	0.000542	0.105361	0.000057
芯褌屑械薪懈褌褜	0.000271	0.040822	0.000011
芯褌屑械褔邪褌褜	0.000271	2.120264	0.000575
芯褌薪芯褋懈褌褜褋褟	0.000542	1.714798	0.000930
芯褌薪芯褕械薪懈械	0.000271	1.714798	0.000465
芯褌芯褉胁邪褌褜褋褟	0.000271	2.120264	0.000575
芯褌褌懈褉邪褌褜	0.000271	2.659260	0.000721
芯褏谢邪写懈褌褜	0.000271	0.116534	0.000032
芯褏芯褌邪	0.000271	3.218876	0.000873
芯褔械褉械写薪芯泄	0.000271	1.514128	0.000411
芯褕械谢芯屑懈褌褜	0.000542	3.218876	0.001746
锌邪泻械褌	0.000271	2.813411	0.000763
锌邪泻械褌懈泻	0.000271	0.105361	0.000029
锌邪谢邪褌泻邪	0.000542	2.813411	0.001526
锌邪谢芯褔泻邪	0.000271	0.040822	0.000011
锌邪薪懈褉芯胁泻邪	0.002169	0.116534	0.000253
锌邪薪懈褉芯胁芯褔薪褘泄	0.000542	1.309333	0.000710
锌邪锌褉懈泻邪	0.000542	1.171183	0.000635
锌邪褉邪	0.000271	0.116534	0.000032
锌邪褉邪写	0.001898	0.116534	0.000221
锌邪褉泻	0.000271	2.659260	0.000721
锌邪褉芯胁邪褉泻邪	0.002440	0.105361	0.000257
锌邪褉芯谢褜	0.000271	0.020203	0.000005
锌邪褋褌邪	0.000813	0.040822	0.000033
锌邪褋褌褉芯屑邪	0.000271	0.040822	0.000011
锌邪褋褏邪	0.000542	0.040822	0.000022
锌邪褋褏邪谢褜薪褘泄	0.000813	0.116534	0.000095
锌邪褕褌械褌	0.000813	0.040822	0.000033
锌械泻邪褉褜	0.000271	0.127833	0.000035
锌械谢褜屑械薪褜	0.000271	0.116534	0.000032
锌械褉胁褘泄	0.001627	0.040822	0.000066
锌械褉械泄褌懈	0.000271	0.040822	0.000011
锌械褉械泻褍褋	0.000542	0.116534	0.000063
锌械褉械褑	0.006236	0.040822	0.000255
锌械褉械褔械褋褌褜	0.000271	3.218876	0.000873
锌械褉褋芯薪邪	0.000271	0.116534	0.000032
锌械褉褍邪薪褋泻懈泄	0.000271	0.116534	0.000032
锌械褋芯褔薪褘泄	0.000813	0.105361	0.000086
锌械褌械谢懈薪泻	0.000271	0.127833	0.000035
锌械褔械薪懈械	0.002440	0.040822	0.000100
锌械褔褜	0.000271	0.116534	0.000032
锌械褔褢薪芯褔薪褘泄	0.000271	0.040822	0.000011
锌懈胁芯	0.000271	0.116534	0.000032
锌懈泻邪薪褌	0.000271	0.127833	0.000035
锌懈泻邪薪褌薪褘泄	0.000271	1.514128	0.000411
锌懈泻薪懈泻	0.001085	0.105361	0.000114
锌懈褉	0.000271	0.116534	0.000032
锌懈褉芯谐	0.002169	0.040822	0.000089
锌懈褉芯卸泻芯胁褘泄	0.000271	1.966113	0.000533
锌懈褉芯卸薪芯械	0.000542	0.040822	0.000022
锌懈褉芯卸芯泻	0.000542	0.040822	0.000022
锌懈褌邪薪懈械	0.001356	0.094311	0.000128
锌懈褌械褉	0.000271	2.407946	0.000653
锌懈褑褑邪	0.000542	0.040822	0.000022
锌谢邪胁谢械薪褘泄	0.000542	1.237874	0.000671
锌谢邪屑褟	0.000271	0.116534	0.000032
锌谢懈褌邪	0.001627	0.116534	0.000190
锌谢芯胁	0.000271	0.116534	0.000032
锌谢芯写	0.000271	0.116534	0.000032
锌芯斜褘胁邪褌褜	0.000271	3.218876	0.000873
锌芯胁邪褉懈褏邪	0.000271	3.218876	0.000873
锌芯胁邪褉褢薪芯泻	0.001356	0.000000	0.000000
锌芯胁懈写谢芯	0.000271	0.040822	0.000011
锌芯谐褍谢褟褌褜	0.000271	2.659260	0.000721
锌芯写邪褉芯泻	0.000271	0.116534	0.000032
锌芯写械谢懈褌褜褋褟	0.000271	0.400478	0.000109
锌芯写谢懈胁	0.000271	0.116534	0.000032
锌芯写谢懈胁泻邪	0.000271	0.040822	0.000011
锌芯写薪芯褋懈褌褜	0.000271	3.218876	0.000873
锌芯写锌懈褋邪褌褜褋褟	0.000813	0.040822	0.000033
锌芯写褍褕械褔泻邪	0.000271	2.813411	0.000763
锌芯写褘褋泻懈胁邪褌褜	0.000271	2.525729	0.000685
锌芯械写邪薪懈械	0.000271	2.120264	0.000575
锌芯械写懈薪芯泻	0.003796	0.116534	0.000442
锌芯械蟹写	0.000271	3.218876	0.000873
锌芯蟹写褉邪胁懈褌褜	0.000271	0.116534	0.000032
锌芯懈褋泻	0.000542	0.051293	0.000028
锌芯泄褌懈	0.000271	1.966113	0.000533
锌芯泻芯褉懈褌褜	0.000271	2.120264	0.000575
锌芯谢写薪懈泻	0.000542	0.116534	0.000063
锌芯谢械蟹薪芯	0.000271	0.116534	0.000032
锌芯谢懈褌懈泻邪	0.000271	0.040822	0.000011
锌芯谢芯胁懈薪邪	0.002711	0.105361	0.000286
锌芯谢褌芯褉邪	0.000271	2.120264	0.000575
锌芯谢褍褔邪褌褜	0.000542	0.040822	0.000022
锌芯谢褍褔邪褌褜褋褟	0.000542	0.328504	0.000178
锌芯谢褍褔懈褌褜	0.000271	1.237874	0.000336
锌芯谢褍褔懈褌褜褋褟	0.000542	0.653926	0.000355
锌芯谢褜蟹邪	0.001356	0.116534	0.000158
锌芯谢褜蟹芯胁邪褌褜褋褟	0.000542	1.347074	0.000731
锌芯谢褜褋泻懈泄	0.000271	0.116534	0.000032
锌芯屑邪写泻邪	0.000813	0.040822	0.000033
锌芯屑懈写芯褉	0.002711	0.116534	0.000316
锌芯屑懈写芯褉泻	0.000271	0.127833	0.000035
锌芯屑薪懈褌褜	0.000271	1.469676	0.000399
锌芯屑锌邪薪芯	0.000271	4.605170	0.001249
锌芯薪懈屑邪薪懈械	0.000271	2.659260	0.000721
锌芯薪褉邪胁懈褌褜褋褟	0.000542	0.040822	0.000022
锌芯薪褔懈泻	0.000542	0.040822	0.000022
锌芯锌邪褋褌褜	0.000271	2.207275	0.000599
锌芯锌褉芯斜芯胁邪褌褜	0.002169	0.248461	0.000539
锌芯锌褉芯褋懈褌褜	0.000271	2.302585	0.000624
锌芯锌褍谢褟褉薪芯褋褌褜	0.000271	2.407946	0.000653
锌芯褉邪	0.000542	0.105361	0.000057
锌芯褉褌褍谐邪谢褜褋泻懈泄	0.000271	0.116534	0.000032
锌芯褋械褖邪褌褜	0.000271	0.061875	0.000017
锌芯褋泻芯谢褜泻褍	0.000271	2.040221	0.000553
锌芯褋谢械写薪懈泄	0.000271	1.272966	0.000345
锌芯褋褌	0.001898	0.105361	0.000200
锌芯褋褌懈褌褜褋褟	0.000271	2.207275	0.000599
锌芯褋褌薪褘泄	0.001356	0.040822	0.000055
锌芯褋褌芯褟薪薪芯	0.000271	0.040822	0.000011
锌芯褋褌褉芯懈褌褜	0.000542	0.105361	0.000057
锌芯褋褍写邪	0.000542	0.094311	0.000051
锌芯褋褔邪褋褌谢懈胁懈褌褜褋褟	0.000271	3.218876	0.000873
锌芯褌褉褟褋邪褌褜	0.000271	1.272966	0.000345
锌芯褏芯卸懈泄	0.000271	0.994252	0.000270
锌芯褔褌邪	0.000271	0.040822	0.000011
锌芯褔褌懈	0.000271	1.021651	0.000277
锌芯褕邪谐芯胁褘泄	0.000542	0.040822	0.000022
锌芯褟胁懈褌褜褋褟	0.000271	1.771957	0.000480
锌褉邪蟹写薪械褋褌胁芯	0.000271	2.407946	0.000653
锌褉邪蟹写薪懈泻	0.000542	0.105361	0.000057
锌褉邪蟹写薪懈褔薪芯	0.000271	0.116534	0.000032
锌褉邪蟹写薪懈褔薪褘泄	0.000813	0.105361	0.000086
锌褉邪蟹写薪芯胁邪褌褜	0.000271	2.995732	0.000812
锌褉邪泻褌懈泻褍屑	0.000271	0.116534	0.000032
锌褉邪泻褌懈褔械褋泻懈	0.000542	1.386294	0.000752
锌褉械胁芯褋褏芯写薪褘泄	0.000271	0.116534	0.000032
锌褉械胁褉邪褖械薪懈械	0.000271	0.116534	0.000032
锌褉械写谢芯卸懈褌褜	0.000271	1.108663	0.000301
锌褉械写褋褌邪胁懈褌褜	0.000271	1.347074	0.000365
锌褉械写褋褌邪胁谢褟褌褜	0.000271	1.714798	0.000465
锌褉械泻谢芯薪褟褌褜褋褟	0.000271	2.813411	0.000763
锌褉械泻褉邪褋薪芯	0.000271	1.714798	0.000465
锌褉械褋薪褘泄	0.000271	0.116534	0.000032
锌褉懈斜邪胁谢械薪懈械	0.000271	2.659260	0.000721
锌褉懈胁谢械泻邪褌褜	0.000271	3.912023	0.001061
锌褉懈谐谢邪褋懈褌褜	0.000542	2.659260	0.001442
锌褉懈谐芯胁邪褉懈胁邪褌褜	0.000271	3.218876	0.000873
锌褉懈谐芯写懈褌褜褋褟	0.000271	1.560648	0.000423
锌褉懈谐芯褌芯胁懈褌褜	0.000813	0.083382	0.000068
锌褉懈谐芯褌芯胁谢械薪懈械	0.001627	0.040822	0.000066
锌褉懈写邪胁邪褌褜	0.000271	2.040221	0.000553
锌褉懈写褍屑邪褌褜	0.000271	1.237874	0.000336
锌褉懈械褋褌褜褋褟	0.000271	3.218876	0.000873
锌褉懈卸懈褌褜褋褟	0.000271	2.302585	0.000624
锌褉懈蟹	0.000271	0.040822	0.000011
锌褉懈蟹薪邪薪懈械	0.000271	0.116534	0.000032
锌褉懈谢邪胁芯泻	0.000271	2.995732	0.000812
锌褉懈屑械褉	0.000271	2.302585	0.000624
锌褉懈薪邪写谢械卸邪褌褜	0.000271	3.218876	0.000873
锌褉懈薪褟褌褜	0.000271	2.302585	0.000624
锌褉懈锌褉邪胁邪	0.001356	0.040822	0.000055
锌褉懈褉芯写邪	0.000542	0.105361	0.000057
锌褉懈褋褌褍锌懈褌褜	0.000271	0.040822	0.000011
锌褉芯胁械褉懈褌褜	0.001627	0.116534	0.000190
锌褉芯胁械褋褌懈	0.001085	0.116534	0.000126
锌褉芯胁芯写懈褌褜	0.000271	0.040822	0.000011
锌褉芯胁芯卸邪褌褜	0.000271	0.116534	0.000032
锌褉芯写褍泻褌	0.000542	0.072571	0.000039
锌褉芯械泻褌	0.000542	0.051293	0.000028
锌褉芯锌懈褌邪褌褜	0.000271	2.659260	0.000721
锌褉芯褋屑芯褌褉	0.000271	0.274437	0.000074
锌褉芯褋褌芯	0.001627	0.083382	0.000136
锌褉芯褋褌芯泄	0.000542	0.301105	0.000163
锌褉芯褋褌芯泻胁邪褕邪	0.000271	0.040822	0.000011
锌褉芯褎懈谢褜	0.000271	0.040822	0.000011
锌褉芯褔懈褌邪褌褜	0.000271	1.832581	0.000497
锌褉褟屑芯	0.000271	0.040822	0.000011
锌褉褟薪懈泻	0.000542	0.040822	0.000022
锌褉褟薪懈褔薪褘泄	0.000271	0.116534	0.000032
锌褌懈褑邪	0.005423	0.116534	0.000632
锌褍写懈薪谐	0.000813	0.040822	0.000033
锌褍薪褕	0.000271	0.040822	0.000011
锌褍褌械褕械褋褌胁懈械	0.000542	0.116534	0.000063
锌褍褌褜	0.000542	0.116534	0.000063
锌褕械薪懈褔薪褘泄	0.002711	0.287682	0.000780
锌褘褕泻邪	0.000271	0.040822	0.000011
锌褞褉械	0.001085	0.040822	0.000044
锌褟褌褜	0.000271	1.771957	0.000480
褉邪谐褍	0.000271	0.116534	0.000032
褉邪蟹	0.000813	0.356675	0.000290
褉邪蟹胁械褉薪褍褌褜	0.000271	0.116534	0.000032
褉邪蟹写械谢褜薪褘泄	0.000271	0.116534	0.000032
褉邪蟹屑械褖邪褌褜	0.000271	2.302585	0.000624
褉邪蟹薪褘泄	0.000271	0.094311	0.000026
褉邪蟹芯屑	0.000271	2.407946	0.000653
褉邪蟹褍蟹薪邪褌褜	0.000271	2.525729	0.000685
褉邪薪薪懈泄	0.000271	1.514128	0.000411
褉邪褋褋屑邪褌褉懈胁邪褌褜	0.000271	2.659260	0.000721
褉邪褋褋芯谢褜薪懈泻	0.000813	0.040822	0.000033
褉邪褋褋褘谢泻邪	0.000271	0.061875	0.000017
褉邪褋褌懈褌械谢褜薪褘泄	0.002711	0.223144	0.000605
褉械斜褢薪芯泻	0.000271	0.094311	0.000026
褉械谐懈褋褌褉邪褑懈褟	0.000813	0.000000	0.000000
褉械写懈褋	0.000542	2.995732	0.001625
褉械泄褌懈薪谐	0.000271	0.235722	0.000064
褉械锌褔邪褌褘泄	0.003796	0.430783	0.001635
褉械褑械锌褌	0.026573	0.040822	0.001085
褉械褕懈褌褜	0.000542	0.693147	0.000376
褉械褕懈褌褜褋褟	0.000271	2.407946	0.000653
褉懈褋	0.001356	0.040822	0.000055
褉懈褋泻	0.000271	2.302585	0.000624
褉懈褌屑	0.000271	0.116534	0.000032
褉芯谐邪谢懈泻	0.000271	0.040822	0.000011
褉芯写薪褘泄	0.000271	0.116534	0.000032
褉芯卸写械薪懈械	0.000271	0.105361	0.000029
褉芯卸写械褋褌胁芯	0.000271	0.116534	0.000032
褉芯蟹屑邪褉懈薪	0.000542	1.609438	0.000873
褉芯谢谢	0.000542	0.040822	0.000022
褉芯谢谢褌芯薪	0.000271	0.116534	0.000032
褉芯屑	0.000271	0.040822	0.000011
褉褍斜褉懈泻邪褌芯褉	0.000271	0.051293	0.000014
褉褍泻邪	0.000271	1.514128	0.000411
褉褍谢械褌	0.005423	0.040822	0.000221
褉褍谢械褌懈泻	0.000271	2.302585	0.000624
褉褍屑褘薪褋泻懈泄	0.000271	0.116534	0.000032
褉褍屑褟薪褘泄	0.000271	0.116534	0.000032
褉褍薪械褌	0.000271	0.020203	0.000005
褉褍褋褋泻懈泄	0.000271	0.105361	0.000029
褉褘斜邪	0.008677	0.040822	0.000354
褉褘斜泻邪	0.000542	2.207275	0.001197
褉褘斜薪褘泄	0.002983	0.105361	0.000314
褉褟写芯屑	0.000271	2.995732	0.000812
褉褟卸械薪泻邪	0.000271	0.116534	0.000032
褋邪泄褌	0.001898	0.000000	0.000000
褋邪谢邪褌	0.015998	0.040822	0.000653
褋邪谢邪褌薪懈泻	0.000271	2.995732	0.000812
褋邪谢邪褌薪褘泄	0.000271	0.116534	0.000032
褋邪屑芯谐芯薪	0.000271	0.040822	0.000011
褋邪屑芯褋褌芯褟褌械谢褜薪褘泄	0.000271	2.040221	0.000553
褋邪屑褘泄	0.001356	0.105361	0.000143
褋邪褎	0.000813	0.116534	0.000095
褋邪褎褋械屑邪	0.000271	0.116534	0.000032
褋邪褏邪褉	0.001085	0.105361	0.000114
褋斜懈褌械薪褜	0.000271	0.040822	0.000011
褋胁邪写械斜薪褘泄	0.000271	2.659260	0.000721
褋胁邪写褜斜邪	0.000271	3.218876	0.000873
褋胁械卸械褋褌褜	0.000271	0.105361	0.000029
褋胁械卸懈泄	0.001085	1.427116	0.001548
褋胁械泻芯谢褜薪懈泻	0.000542	0.040822	0.000022
褋胁械褌	0.001085	0.116534	0.000126
褋胁械褌邪	0.001085	0.116534	0.000126
褋胁懈薪懈薪	0.001627	0.116534	0.000190
褋胁懈薪懈薪邪	0.001627	0.040822	0.000066
褋胁芯写懈褌褜	0.000271	2.302585	0.000624
褋胁褢泻谢邪	0.000813	0.040822	0.000033
褋谐褍褖褢薪泻邪	0.000271	0.040822	0.000011
褋写械谢邪褌褜	0.001085	0.733969	0.000796
褋械谐芯写薪褟	0.000542	0.843970	0.000458
褋械蟹芯薪	0.000271	0.116534	0.000032
褋械泄褔邪褋	0.001085	0.030459	0.000033
褋械泻褉械褌	0.000542	0.116534	0.000063
褋械谢褜	0.000271	3.218876	0.000873
褋械谢褜写褜	0.000813	2.040221	0.001660
褋械谢褢写泻邪	0.000271	0.040822	0.000011
褋械屑械泄薪褘泄	0.000542	0.116534	0.000063
褋械屑褜褟	0.000542	0.116534	0.000063
褋械薪褌褟斜褉褜	0.000271	0.673345	0.000183
褋械褉写褑械	0.000271	1.771957	0.000480
褋械褋褌褉邪	0.000271	2.659260	0.000721
褋懈写械褌褜	0.000542	2.813411	0.001526
褋懈写褉	0.000271	0.040822	0.000011
褋懈褉懈泄褋泻懈泄	0.000271	0.116534	0.000032
褋懈褉芯锌	0.000542	0.040822	0.000022
褋懈褋褌械屑邪	0.000271	0.040822	0.000011
褋懈褌懈	0.000271	0.127833	0.000035
褋泻邪蟹邪褌褜	0.001085	0.400478	0.000434
褋泻邪蟹泻邪	0.000271	0.116534	0.000032
褋泻邪屑械泄泻邪	0.000271	3.218876	0.000873
褋泻芯胁芯褉芯写泻邪	0.000271	1.660731	0.000450
褋泻褉械褋褌懈	0.000271	3.218876	0.000873
褋谢邪写泻懈泄	0.005965	0.040822	0.000244
褋谢邪写泻芯	0.000271	0.116534	0.000032
褋谢械写懈褌褜	0.000271	2.120264	0.000575
褋谢懈胁芯褔薪褘泄	0.002711	0.105361	0.000286
褋谢懈褕泻芯屑	0.000271	2.120264	0.000575
褋谢芯卸薪芯	0.000271	2.525729	0.000685
褋谢芯泄泻邪	0.000542	0.040822	0.000022
褋谢芯褢薪褘泄	0.000813	0.116534	0.000095
褋谢褍褔邪泄	0.000271	1.171183	0.000318
褋屑械谢芯	0.000271	2.120264	0.000575
褋屑械褌邪薪邪	0.000813	0.105361	0.000086
褋屑械褕邪薪薪褘泄	0.000271	0.116534	0.000032
褋屑芯褔褜	0.000271	0.040822	0.000011
褋屑褍蟹懈	0.000813	0.040822	0.000033
褋薪褝泻	0.000271	0.116534	0.000032
褋芯斜邪泻邪	0.000271	2.302585	0.000624
褋芯斜懈褉邪褌褜褋褟	0.000542	0.040822	0.000022
褋芯斜谢褞写邪褌褜	0.000271	2.120264	0.000575
褋芯斜褋褌胁械薪薪芯	0.000271	2.120264	0.000575
褋芯斜褘褌懈械	0.000271	2.813411	0.000763
褋芯胁械褉褕械薪褋褌胁芯	0.001356	0.116534	0.000158
褋芯胁械褌	0.000271	0.040822	0.000011
褋芯胁屑械褋褌懈褌褜	0.000271	2.995732	0.000812
褋芯谐谢邪褕邪褌褜褋褟	0.000271	0.040822	0.000011
褋芯械胁褘泄	0.001356	0.798508	0.001083
褋芯蟹写邪胁邪褌褜	0.000271	0.105361	0.000029
褋芯蟹写邪薪懈械	0.000542	0.261365	0.000142
褋芯蟹褉械褌褜	0.000271	2.407946	0.000653
褋芯泻	0.002169	0.040822	0.000089
褋芯谢械薪懈械	0.000542	0.116534	0.000063
褋芯谢薪械褔薪褘泄	0.000271	0.116534	0.000032
褋芯谢褜	0.004881	0.127833	0.000624
褋芯谢褟薪泻邪	0.000542	0.040822	0.000022
褋芯谢褢薪褘泄	0.000813	0.116534	0.000095
褋芯褉褌懈褉芯胁邪褌褜	0.000271	0.248461	0.000067
褋芯褋褌邪胁	0.000271	1.347074	0.000365
褋芯褋褌邪胁懈褌褜	0.000542	0.116534	0.000063
褋芯褍褋	0.005965	0.040822	0.000244
褋芯褏褉邪薪褟褌褜	0.000271	0.040822	0.000011
褋芯褑褋械褌褜	0.000271	0.040822	0.000011
褋芯褔械褌邪薪懈械	0.000271	0.105361	0.000029
褋芯褔薪褘泄	0.000542	0.116534	0.000063
褋锌邪褋懈斜芯	0.000542	0.673345	0.000365
褋锌械褌褜	0.000271	0.116534	0.000032
褋锌械褑懈邪谢褜薪芯	0.000271	2.813411	0.000763
褋锌械褑懈邪谢褜薪褘泄	0.000271	0.094311	0.000026
褋锌械褑懈褟	0.002169	0.094311	0.000205
褋锌械褑锌褉芯械泻褌	0.008948	0.116534	0.001043
褋锌懈褋芯泻	0.000271	0.116534	0.000032
褋锌芯褋芯斜	0.000271	0.891598	0.000242
褋褉邪蟹褍	0.000813	0.733969	0.000597
褋褉械写懈蟹械屑薪芯屑芯褉褋泻懈泄	0.000271	0.127833	0.000035
褋褌邪褉褘泄	0.000271	0.261365	0.000071
褋褌邪褌褜	0.000271	1.049822	0.000285
褋褌邪褌褜褟	0.000271	0.061875	0.000017
褋褌械锌薪芯泄	0.000271	2.407946	0.000653
褋褌械锌褜	0.000271	2.207275	0.000599
褋褌懈谢褜	0.000542	0.116534	0.000063
褋褌芯谢	0.002983	0.105361	0.000314
褋褌芯褟褌褜	0.000271	2.207275	0.000599
褋褌褉芯懈褌械谢褜褋褌胁芯	0.000542	0.040822	0.000022
褋褌褉芯懈褌褜	0.000271	0.040822	0.000011
褋褌褉芯泄薪褘泄	0.000271	0.116534	0.000032
褋褍斜锌褉芯写褍泻褌	0.002711	0.116534	0.000316
褋褍锌	0.006236	0.040822	0.000255
褋褍锌械褉斜邪斜褍褕泻邪	0.000271	1.237874	0.000336
褋褍锌褔懈泻	0.000271	2.302585	0.000624
褋褍褎谢械	0.000813	0.040822	0.000033
褋褍褏邪褉褜	0.000813	0.040822	0.000033
褋褍褕懈褌褜	0.000542	0.040822	0.000022
褋褔邪褋褌懈械	0.000271	2.120264	0.000575
褋褘褉	0.007050	0.040822	0.000288
褋褘褉薪懈泻	0.000813	0.040822	0.000033
褋褘褉薪褘泄	0.001898	0.040822	0.000077
褋褘褌薪褘泄	0.000542	0.105361	0.000057
褋褘褔褍卸薪褘泄	0.000271	0.127833	0.000035
褋褝薪写胁懈褔	0.000271	0.127833	0.000035
褋褞褉锌褉懈蟹	0.000271	0.116534	0.000032
褋褢屑谐邪	0.000271	0.040822	0.000011
褌邪写卸懈泻褋泻懈泄	0.000271	0.116534	0.000032
褌邪泄褋泻懈泄	0.000271	0.116534	0.000032
褌邪泻懈	0.000271	1.237874	0.000336
褌邪泻芯屑	0.000542	1.897120	0.001029
褌邪褉褌	0.000271	0.116534	0.000032
褌邪褉褌邪谢械褌泻邪	0.000542	0.040822	0.000022
褌邪褌邪褉褋泻懈泄	0.000271	0.116534	0.000032
褌胁芯泄	0.000542	0.116534	0.000063
褌胁芯褉懈褌褜	0.000271	0.116534	0.000032
褌胁芯褉芯谐	0.000813	0.040822	0.000033
褌胁芯褉芯卸薪褘泄	0.001627	0.094311	0.000153
褌胁褢褉写褘泄	0.002169	0.544727	0.001182
褌械谢械谐褉邪屑	0.000271	0.040822	0.000011
褌械谢褟褌懈薪邪	0.001085	0.116534	0.000126
褌械屑	0.000271	0.967584	0.000262
褌械锌械褉褜	0.000271	0.916291	0.000248
褌械锌谢芯	0.000271	0.116534	0.000032
褌械褉褉邪褋邪	0.000271	0.776529	0.000211
褌械褉褉懈薪邪	0.000271	0.040822	0.000011
褌械褋褌	0.002983	0.105361	0.000314
褌械褋褌芯	0.002440	0.040822	0.000100
褌械褏薪懈泻邪	0.001356	0.105361	0.000143
褌屑	0.001085	0.127833	0.000139
褌芯屑	0.000271	1.139434	0.000309
褌芯屑邪褌	0.000271	1.714798	0.000465
褌芯锌谢褢薪褘泄	0.000271	0.116534	0.000032
褌芯褉褌	0.005423	0.040822	0.000221
褌褉邪胁邪	0.000271	0.094311	0.000026
褌褉邪写懈褑懈褟	0.001627	0.116534	0.000190
褌褉懈	0.000271	1.272966	0.000345
褌褉褍斜芯褔泻邪	0.000271	0.040822	0.000011
褌褉褍写	0.000542	2.302585	0.001249
褌褉褢褏谢械褌懈械	0.000271	0.116534	0.000032
褌褍薪械褑	0.000271	0.105361	0.000029
褌褍薪懈褋褋泻懈泄	0.000271	0.116534	0.000032
褌褍褉械褑泻懈泄	0.000271	0.116534	0.000032
褌褘泻胁邪	0.000271	0.040822	0.000011
褌褟锌	0.000271	3.912023	0.001061
褌褢褖懈薪	0.000271	0.040822	0.000011
褍斜械写懈褌褜褋褟	0.000271	1.966113	0.000533
褍胁械写芯屑谢械薪懈械	0.000271	0.040822	0.000011
褍胁械褉懈褌褜	0.000271	1.272966	0.000345
褍胁懈写械褌褜	0.000271	1.203973	0.000326
褍谐芯褖邪褌褜褋褟	0.000542	0.994252	0.000539
褍写邪谢懈褌褜	0.000271	1.660731	0.000450
褍写邪褔薪褘泄	0.000271	0.116534	0.000032
褍写懈胁懈褌褜	0.001085	0.116534	0.000126
褍写懈胁懈褌褜褋褟	0.000271	3.218876	0.000873
褍写懈胁谢褟褌褜	0.001085	0.116534	0.000126
褍写芯胁芯谢褜褋褌胁懈械	0.000542	0.116534	0.000063
褍卸	0.000542	0.693147	0.000376
褍卸懈薪	0.001898	0.094311	0.000179
褍蟹斜械泻褋泻懈泄	0.000271	0.116534	0.000032
褍泻褉邪懈薪褋泻懈泄	0.000271	0.116534	0.000032
褍泻褉邪褕械薪懈械	0.002169	0.116534	0.000253
褍泻褋褍褋	0.001627	0.562119	0.000915
褍屑械褌褜	0.000271	2.659260	0.000721
褍屑褟褌褜	0.000271	3.218876	0.000873
褍锌芯褌褉械斜谢械薪懈械	0.000271	0.116534	0.000032
褍褉邪谢褜褋泻懈泄	0.000271	0.116534	0.000032
褍褉芯卸邪泄	0.000271	0.105361	0.000029
褍褌泻邪	0.000813	0.116534	0.000095
褍褏芯	0.000271	0.040822	0.000011
褍褔邪褋褌胁芯胁邪褌褜	0.000271	0.040822	0.000011
褍褕泻芯	0.000271	2.995732	0.000812
褍褞褌薪褘泄	0.000271	2.120264	0.000575
褎邪蟹械薪写邪	0.000271	0.116534	0.000032
褎邪薪褌邪蟹懈褟	0.002711	0.116534	0.000316
褎邪褉褕	0.003525	0.040822	0.000144
褎邪褉褕懈褉芯胁邪薪薪褘泄	0.001898	0.040822	0.000077
褎邪褋芯谢褜	0.000271	0.040822	0.000011
褎械胁褉邪谢褜	0.000813	0.094311	0.000077
褎械泄械褉胁械褉泻	0.000542	0.116534	0.000063
褎懈谐褍褉邪	0.000271	0.116534	0.000032
褎懈谢械	0.001085	0.916291	0.000994
褎懈薪褋泻懈泄	0.000271	0.116534	0.000032
褎懈褉屑械薪薪褘泄	0.000542	0.116534	0.000063
褎芯薪写褞	0.000271	0.040822	0.000011
褎芯褉屑邪	0.000271	0.105361	0.000029
褎芯褉褍屑	0.000813	0.040822	0.000033
褎芯褉褕屑邪泻	0.000271	0.040822	0.000011
褎褉邪薪褑懈褟	0.000271	0.116534	0.000032
褎褉邪薪褑褍蟹褋泻懈泄	0.000542	0.094311	0.000051
褎褉邪褍	0.001085	0.116534	0.000126
褎褉褍泻褌	0.001085	0.116534	0.000126
褎褉褍泻褌芯胁褘泄	0.002169	0.040822	0.000089
褎褍写	0.000271	0.116534	0.000032
褎褍褉褕械褌	0.000271	0.116534	0.000032
褏邪谢胁邪	0.000271	0.040822	0.000011
褏邪褉胁械褋褌褎械褋褌	0.000542	0.116534	0.000063
褏邪褉褔芯	0.000542	0.040822	0.000022
褏邪褕	0.000271	0.040822	0.000011
褏胁芯褉芯褋褌	0.000271	0.040822	0.000011
褏懈薪泻邪谢懈	0.000271	0.116534	0.000032
褏懈褌	0.001898	0.116534	0.000221
褏懈褌褉芯褋褌褜	0.000271	2.407946	0.000653
褏谢械斜	0.001356	0.040822	0.000055
褏谢械斜芯锌械褔泻邪	0.000271	0.116534	0.000032
褏谢械斜褍褕械泻	0.000271	2.040221	0.000553
褏谢芯锌褜褟	0.000542	0.094311	0.000051
褏芯蟹褟泄泻邪	0.001085	0.116534	0.000126
褏芯谢芯写械褑	0.000271	0.040822	0.000011
褏芯谢芯写薪芯械	0.000542	0.116534	0.000063
褏芯谢芯写薪褘泄	0.000542	0.116534	0.000063
褏芯褉胁邪褌褋泻懈泄	0.000271	0.116534	0.000032
褏芯褉芯褕懈泄	0.001085	0.040822	0.000044
褏芯褉芯褕芯	0.001356	0.105361	0.000143
褏芯褉褋	0.000271	0.116534	0.000032
褏芯褌械褌褜	0.001085	0.000000	0.000000
褏褉褍褋褌械褌褜	0.000542	0.713350	0.000387
褏褍屑褍褋邪	0.000271	0.040822	0.000011
褑邪褉褋褌胁芯	0.000271	0.127833	0.000035
褑邪褉褜	0.000271	0.116534	0.000032
褑胁械褌薪芯泄	0.000271	0.040822	0.000011
褑械谢褜	0.000271	2.995732	0.000812
褑械薪薪褘泄	0.000271	0.040822	0.000011
褑械薪褌褉	0.000271	0.116534	0.000032
褑芯褉褌谢邪薪写邪	0.000271	4.605170	0.001249
褔邪械屑褘泄	0.000271	0.116534	0.000032
褔邪泄	0.000813	0.040822	0.000033
褔邪褋	0.000271	1.139434	0.000309
褔械斜褍褉械泻	0.000542	0.040822	0.000022
褔械谢芯胁械泻	0.000271	0.916291	0.000248
褔械褉泻懈蟹芯胁褘泄	0.000542	0.116534	0.000063
褔械褋薪芯泻	0.004881	0.314711	0.001536
褔械褋褌薪芯	0.000271	1.203973	0.000326
褔械褋褌薪芯泄	0.000271	0.040822	0.000011
褔械褔械胁懈褑邪	0.000271	0.040822	0.000011
褔械褕褋泻懈泄	0.000271	0.116534	0.000032
褔懈蟹泻械泄泻	0.001085	0.040822	0.000044
褔懈谢懈泄褋泻懈泄	0.000271	0.116534	0.000032
褔懈锌褋褘	0.000271	0.040822	0.000011
褔懈褋谢芯	0.000542	0.235722	0.000128
褔褍胁褋褌胁芯	0.000271	3.218876	0.000873
褔褍写械褋薪芯	0.000271	2.659260	0.000721
褔褍写械褋薪褘泄	0.000271	1.514128	0.000411
褔褍写芯	0.000271	0.116534	0.000032
褔褢褉薪褘泄	0.004338	0.356675	0.001547
褕邪谢邪褕	0.000271	3.218876	0.000873
褕邪褉懈泻	0.000813	0.040822	0.000033
褕邪褉谢芯褌泻邪	0.000542	0.040822	0.000022
褕邪褉屑	0.000271	0.116534	0.000032
褕邪褕谢褘泻	0.003525	0.040822	0.000144
褕胁械写褋泻懈泄	0.000271	0.116534	0.000032
褕胁械泄褑邪褉褋泻懈泄	0.000271	0.116534	0.000032
褕械写械胁褉	0.000271	0.116534	0.000032
褕械锌薪褍褌褜	0.000271	3.218876	0.000873
褕械褎	0.000271	0.127833	0.000035
褕懈锌褍褔泻邪	0.000271	0.040822	0.000011
褕懈褉芯泻懈泄	0.000271	0.127833	0.000035
褕泻芯谢邪	0.000271	0.116534	0.000032
褕屑懈写褌	0.000271	3.506558	0.000951
褕芯泻芯谢邪写	0.000271	0.040822	0.000011
褕芯褌谢邪薪写褋泻懈泄	0.000271	0.116534	0.000032
褕褌褉褍写械谢褜	0.000271	0.040822	0.000011
褕褍斜邪	0.000813	2.407946	0.001959
褕褍斜泻邪	0.000271	2.407946	0.000653
褕褍褉锌邪	0.000271	0.040822	0.000011
褖械写褉褘泄	0.000271	0.116534	0.000032
褖懈	0.000542	0.040822	0.000022
褝泻芯屑懈谢泻	0.000271	0.127833	0.000035
褝褋褌芯薪褋泻懈泄	0.000271	0.116534	0.000032
褞谐芯褋谢邪胁褋泻懈泄	0.000271	0.116534	0.000032
褟谐芯写薪褘泄	0.001085	0.105361	0.000114
褟蟹褘泻	0.000271	0.040822	0.000011
褟泄褑芯	0.004610	0.040822	0.000188
褟谢芯褉懈褋邪	0.000271	1.771957	0.000480
褟薪胁邪褉褜	0.000271	0.733969	0.000199
褟薪写械泻褋	0.000271	0.072571	0.000020
褟锌芯薪褋泻懈泄	0.000542	0.051293	0.000028
褟褉泻懈泄	0.000271	0.116534	0.000032
褟褉泻芯	0.000271	0.105361	0.000029
褟褉褍褋	0.000271	3.218876	0.000873
