谢械屑屑邪	TF	IDF	TF-IDF
邪斜褏邪蟹褋泻懈泄	0.000272	0.116534	0.000032
邪胁褋褌褉邪谢懈泄褋泻懈泄	0.000272	0.116534	0.000032
邪胁褋褌褉懈泄褋泻懈泄	0.000272	0.116534	0.000032
邪胁褌芯泻谢邪胁	0.000272	0.116534	0.000032
邪胁褌芯褉	0.000272	0.040822	0.000011
邪谐褉芯	0.000272	0.116534	0.000032
邪写卸懈泻邪	0.000272	0.040822	0.000011
邪蟹	0.000272	0.127833	0.000035
邪蟹械褉斜邪泄写卸邪薪褋泻懈泄	0.000272	0.116534	0.000032
邪蟹懈邪褌褋泻懈泄	0.000272	0.127833	0.000035
邪泄褉邪薪	0.000272	0.040822	0.000011
邪泻胁邪褌懈泻	0.000817	0.127833	0.000104
邪谢械泻褋械泄	0.000272	0.127833	0.000035
邪谢泻芯谐芯谢褜	0.001090	0.116534	0.000127
邪谢泻芯谐芯谢褜薪褘泄	0.000272	0.116534	0.000032
邪谢褜褟薪褋	0.000272	0.116534	0.000032
邪屑械褉懈泻邪薪褋泻懈泄	0.000545	0.116534	0.000064
邪薪谐谢懈泄褋泻懈泄	0.001362	0.116534	0.000159
邪薪写褉械泄	0.000272	0.127833	0.000035
邪锌械谢褜褋懈薪	0.000545	2.813411	0.001533
邪锌褉械谢褜	0.000272	0.544727	0.000148
邪褉邪斜褋泻懈泄	0.000272	0.116534	0.000032
邪褉谐械薪褌懈薪褋泻懈泄	0.000272	0.116534	0.000032
邪褉屑褟薪褋泻懈泄	0.000272	0.116534	0.000032
邪褉芯屑邪褌	0.000272	0.820981	0.000224
邪褉芯屑邪褌薪褘泄	0.001090	0.693147	0.000755
邪褉褏邪薪谐械谢褜褋泻	0.000272	4.605170	0.001255
邪褋褋芯褉褌懈	0.000545	0.116534	0.000064
邪褌谢邪薪褌	0.000272	0.116534	0.000032
邪褎谐邪薪褋泻懈泄	0.000272	0.116534	0.000032
邪褎褉懈泻邪薪褋泻懈泄	0.000272	0.116534	0.000032
邪褝褉芯谐褉懈谢褜	0.002725	0.116534	0.000318
斜邪泻谢邪卸邪薪	0.000272	0.040822	0.000011
斜邪谢褌泻芯屑邪	0.000272	0.127833	0.000035
斜邪谢褜蟹邪屑懈泻	0.000545	2.659260	0.001449
斜邪褉邪薪懈薪邪	0.001090	0.116534	0.000127
斜邪褉薪褏邪褍褋	0.000272	3.218876	0.000877
斜邪褋屑邪褌懈	0.000545	0.127833	0.000070
斜邪褋褌褍褉屑	0.000272	0.040822	0.000011
斜邪褋褌褍褉屑邪	0.000272	0.040822	0.000011
斜邪褌芯薪褔懈泻	0.000272	0.127833	0.000035
斜邪褕泻懈褉褋泻懈泄	0.000272	0.116534	0.000032
斜械蟹邪谢泻芯谐芯谢褜薪褘泄	0.000272	0.116534	0.000032
斜械蟹谐谢褞褌械薪芯胁芯械	0.000272	0.116534	0.000032
斜械蟹写褉芯卸卸械胁芯泄	0.000272	2.407946	0.000656
斜械蟹械	0.001090	0.040822	0.000044
斜械蟹褍褋谢芯胁薪芯	0.000272	4.605170	0.001255
斜械谢械斜械械胁褋泻懈泄	0.000545	0.116534	0.000064
斜械谢芯泻	0.000545	2.040221	0.001112
斜械谢芯褉褍褋褋泻懈泄	0.000272	0.116534	0.000032
斜械谢芯褋薪械卸薪褘泄	0.000272	3.912023	0.001066
斜械谢芯褔泻邪	0.000545	4.605170	0.002510
斜械谢褘泄	0.000545	1.237874	0.000675
斜械谢褜谐懈泄褋泻懈泄	0.000272	0.116534	0.000032
斜械薪薪懈褌褘泄	0.000272	3.912023	0.001066
斜械褉械屑械薪薪邪褟	0.000272	0.116534	0.000032
斜械褋械写懈薪	0.000272	0.127833	0.000035
斜懈褋泻胁懈褌	0.000545	0.040822	0.000022
斜懈褋泻胁懈褌薪褘泄	0.001362	0.105361	0.000144
斜谢懈蟹泻懈泄	0.000817	0.116534	0.000095
斜谢懈薪	0.002180	0.040822	0.000089
斜谢褞写芯	0.028065	0.040822	0.001146
斜芯斜芯胁褘泄	0.002180	0.116534	0.000254
斜芯谐邪褌褘泄	0.000817	2.813411	0.002300
斜芯谢谐邪褉褋泻懈泄	0.000272	0.116534	0.000032
斜芯谢褜褕芯泄	0.000545	0.094311	0.000051
斜芯褉褖	0.000545	0.040822	0.000022
斜芯褌胁懈薪褜褟	0.000272	0.040822	0.000011
斜褉邪蟹懈谢褜褋泻懈泄	0.000272	0.116534	0.000032
斜褉邪褌褜	0.000272	1.897120	0.000517
斜褉邪褍蟹械褉	0.000272	0.040822	0.000011
斜褉邪褍薪懈	0.000272	0.040822	0.000011
斜褉械褋褌	0.000272	0.127833	0.000035
斜褉芯泻泻芯谢懈	0.000272	0.040822	0.000011
斜褍卸械薪懈薪邪	0.000272	0.040822	0.000011
斜褍谢芯褔泻邪	0.002452	0.040822	0.000100
斜褍谢褜芯薪	0.002997	0.040822	0.000122
斜褍褉谐械褉	0.000545	0.040822	0.000022
斜褍褉褟褌褋泻懈泄	0.000272	0.116534	0.000032
斜褍褌械褉斜褉芯写	0.001090	0.040822	0.000044
斜褘褋褌褉芯	0.000817	0.094311	0.000077
斜褘褋褌褉褘泄	0.001090	0.094311	0.000103
斜褞写卸械褌薪褘泄	0.000272	2.813411	0.000767
胁邪卸薪褘泄	0.000272	0.116534	0.000032
胁邪谢谢懈泄褋泻懈泄	0.000272	0.116534	0.000032
胁邪薪懈谢懈薪	0.000545	1.609438	0.000877
胁邪薪懈谢褜	0.000545	2.813411	0.001533
胁邪薪懈谢褜薪褘泄	0.000545	1.347074	0.000734
胁邪褉械薪懈械	0.000545	0.040822	0.000022
胁邪褉械薪懈泻	0.000272	0.116534	0.000032
胁邪褉懈邪薪褌	0.000545	0.356675	0.000194
胁邪褉懈邪褑懈褟	0.000272	2.407946	0.000656
胁邪褌褉褍褕泻邪	0.000272	0.040822	0.000011
胁邪褎谢褟	0.000545	0.040822	0.000022
胁邪褕	0.001635	0.000000	0.000000
胁胁芯写懈褌褜	0.000272	0.040822	0.000011
胁写芯褏薪芯胁械薪懈械	0.001635	0.116534	0.000191
胁写芯褏薪芯胁谢褟褌褜褋褟	0.000272	0.116534	0.000032
胁械谐械褌邪褉懈邪薪褋泻懈泄	0.000545	0.116534	0.000064
胁械谢懈泻懈泄	0.000545	0.116534	0.000064
胁械薪谐械褉褋泻懈泄	0.000272	0.116534	0.000032
胁械褋械薪薪懈泄	0.000545	0.051293	0.000028
胁械褋薪邪	0.001907	0.116534	0.000222
胁械褌褔懈薪邪	0.000272	0.094311	0.000026
胁蟹斜懈褌褜	0.000272	2.525729	0.000688
胁蟹褉芯褋谢褘泄	0.000272	2.659260	0.000725
胁懈写械芯	0.000545	0.116534	0.000064
胁懈写械芯褉械褑械锌褌	0.000272	0.301105	0.000082
胁懈薪芯	0.000545	0.040822	0.000022
胁泻谢褞褔邪褌褜	0.000272	0.634878	0.000173
胁泻褍褋	0.004087	0.105361	0.000431
胁泻褍褋薪芯	0.001362	0.094311	0.000128
胁泻褍褋薪褘泄	0.004905	0.061875	0.000303
胁泻褍褋芯胁芯泄	0.000272	2.813411	0.000767
胁谢褞斜懈褌褜	0.000272	0.116534	0.000032
胁薪邪褔邪谢械	0.001090	0.248461	0.000271
胁薪懈屑邪薪懈械	0.000272	1.237874	0.000337
胁芯胁褋褞	0.000272	4.605170	0.001255
胁芯写邪	0.002997	0.094311	0.000283
胁芯写泻邪	0.000545	2.302585	0.001255
胁芯蟹写褍褕薪褘泄	0.000272	1.469676	0.000400
胁芯蟹屑芯卸薪芯	0.000272	1.469676	0.000400
胁芯泄褌懈	0.000272	0.000000	0.000000
胁芯谢芯胁邪薪	0.000272	0.116534	0.000032
胁芯谢褕械斜薪褘泄	0.000272	0.116534	0.000032
胁芯谢褕械斜褋褌胁芯	0.000272	0.116534	0.000032
胁芯锌褉芯褋	0.000272	0.000000	0.000000
胁芯褋褌芯褉谐	0.000272	1.309333	0.000357
胁芯褋褌芯褔薪褘泄	0.000272	0.127833	0.000035
胁褉械屑褟	0.002452	0.105361	0.000258
胁褋锌芯屑薪懈褌褜	0.000545	0.040822	0.000022
胁褌芯褉芯械	0.000272	0.116534	0.000032
胁褌芯褉芯泄	0.000545	0.116534	0.000064
胁褏芯写	0.000817	0.030459	0.000025
胁褘泄褌懈	0.000272	0.040822	0.000011
胁褘锌械泻邪褌褜	0.000272	2.995732	0.000816
胁褘锌械褔泻邪	0.006540	0.040822	0.000267
胁褜械褌薪邪屑褋泻懈泄	0.000272	0.116534	0.000032
谐邪胁邪泄褋泻懈泄	0.000272	0.116534	0.000032
谐邪褉邪卸	0.000545	1.078810	0.000588
谐邪褉屑芯薪懈褔薪褘泄	0.000272	4.605170	0.001255
谐邪褉薪懈褉	0.001362	0.040822	0.000056
谐邪褋锌邪褔芯	0.000272	0.040822	0.000011
谐邪褕褢薪褘泄	0.000545	2.207275	0.001203
谐胁芯蟹写懈泻	0.000545	2.302585	0.001255
谐械芯谐褉邪褎懈褟	0.000272	0.116534	0.000032
谐谢邪胁薪褘泄	0.000272	0.040822	0.000011
谐谢邪蟹	0.000272	2.207275	0.000601
谐谢邪蟹褍褉褜	0.000817	0.040822	0.000033
谐谢懈薪褌胁械泄薪	0.000272	0.040822	0.000011
谐芯胁褟写懈薪邪	0.001090	0.116534	0.000127
谐芯写	0.007084	0.083382	0.000591
谐芯谢谢邪薪写褋泻懈泄	0.000272	0.116534	0.000032
谐芯褉芯写	0.000272	0.116534	0.000032
谐芯褉芯褏	0.000272	0.116534	0.000032
谐芯褉褔懈褑邪	0.000817	0.040822	0.000033
谐芯褉褕芯褔械泻	0.000545	0.040822	0.000022
谐芯褉褟褔械械	0.000545	0.116534	0.000064
谐芯褉褟褔懈泄	0.011444	0.105361	0.001206
谐芯褋褌褜	0.000545	0.116534	0.000064
谐芯褌芯胁懈褌褜	0.004087	0.083382	0.000341
谐芯褌芯胁懈褌褜褋褟	0.000817	0.371064	0.000303
谐芯褌芯胁褘泄	0.000272	0.755023	0.000206
谐褉械斜械褕泻芯胁	0.000272	3.912023	0.001066
谐褉械薪泻邪	0.000545	0.040822	0.000022
谐褉械褑泻懈泄	0.000545	1.469676	0.000801
谐褉械褔械褋泻懈泄	0.000272	0.116534	0.000032
谐褉械褔泻邪	0.000272	0.040822	0.000011
谐褉械褔薪械胁褘泄	0.000545	3.506558	0.001911
谐褉懈斜	0.003270	0.040822	0.000133
谐褉懈斜薪芯泄	0.000545	0.040822	0.000022
谐褉懈谢褜	0.002725	0.105361	0.000287
谐褉懈谢褜屑邪薪懈褟	0.000272	0.116534	0.000032
谐褉芯谐	0.000272	0.040822	0.000011
谐褉褍蟹懈薪褋泻懈泄	0.000272	0.116534	0.000032
谐褉褍锌锌邪	0.000272	0.061875	0.000017
谐褍褉屑	0.000272	0.127833	0.000035
谐褍褉屑邪薪懈褟	0.001635	0.116534	0.000191
谐褍褋械薪懈褑邪	0.000272	4.605170	0.001255
谐褍褋褜	0.000545	0.105361	0.000057
写邪胁邪褌褜	0.000272	0.040822	0.000011
写邪谢褢泻懈泄	0.000272	2.659260	0.000725
写邪薪薪褘械	0.000272	0.040822	0.000011
写邪褉	0.000272	0.116534	0.000032
写邪褌邪	0.000545	0.248461	0.000135
写邪褌褋泻懈泄	0.000272	0.116534	0.000032
写邪褌褜	0.000545	0.040822	0.000022
写邪褔薪褘泄	0.000817	0.116534	0.000095
写胁邪	0.000817	0.967584	0.000791
写械泄褋褌胁懈褌械谢褜薪芯	0.000272	1.832581	0.000499
写械泻邪斜褉褜	0.000545	0.597837	0.000326
写械泻芯褉	0.000272	0.127833	0.000035
写械谢邪褌褜	0.000545	0.083382	0.000045
写械谢懈褌褜褋褟	0.000272	0.040822	0.000011
写械谢芯	0.000272	0.105361	0.000029
写械薪褜	0.001907	0.040822	0.000078
写械褋械褉褌	0.007357	0.040822	0.000300
写械褋械褉褌邪褑懈褟	0.000272	0.116534	0.000032
写械褋械褉褌薪褘泄	0.000545	0.116534	0.000064
写卸械屑	0.000272	0.040822	0.000011
写卸械屑邪	0.000272	0.040822	0.000011
写蟹械薪	0.000272	0.116534	0.000032
写懈械褌邪	0.000545	0.094311	0.000051
写懈泻懈泄	0.000817	0.116534	0.000095
写懈锌	0.000272	0.116534	0.000032
写懈褔褜	0.000817	0.116534	0.000095
写薪械胁薪懈泻	0.000272	0.061875	0.000017
写芯斜邪胁懈褌褜	0.000272	0.083382	0.000023
写芯斜邪胁谢械薪懈械	0.000272	0.223144	0.000061
写芯斜邪胁谢褟褌褜	0.000272	0.040822	0.000011
写芯斜褉芯褎谢芯褌	0.000272	0.127833	0.000035
写芯胁械褉褟褌褜	0.000272	0.116534	0.000032
写芯屑	0.002452	0.040822	0.000100
写芯屑邪褕薪懈泄	0.003815	0.040822	0.000156
写芯屑芯褔邪写械褑	0.000272	3.506558	0.000955
写芯褉芯谐芯泄	0.000272	1.139434	0.000310
写芯褉芯谐褍褖懈泄	0.000272	4.605170	0.001255
写芯褋褌邪褌芯褔薪芯	0.000545	2.040221	0.001112
写芯褋褌芯泄薪褘泄	0.000272	2.407946	0.000656
写芯褋褍谐	0.000272	4.605170	0.001255
写褉邪泄胁	0.001362	0.127833	0.000174
写褉芯卸卸械胁芯泄	0.000272	0.116534	0.000032
写褉芯卸卸懈	0.001362	0.916291	0.001248
写褍褏芯胁泻邪	0.001090	0.105361	0.000115
写褍褕邪	0.000817	0.105361	0.000086
写褍褕械胁薪芯	0.000272	4.605170	0.001255
械胁褉械泄褋泻懈泄	0.000272	0.116534	0.000032
械胁褉芯锌邪	0.000272	3.218876	0.000877
械谐懈锌械褌褋泻懈泄	0.000272	0.116534	0.000032
械写懈薪褘泄	0.000272	0.000000	0.000000
械泻芯	0.000272	0.127833	0.000035
卸邪褉泻芯械	0.000272	0.040822	0.000011
卸写邪褌褜	0.000272	2.207275	0.000601
卸械谢邪褌懈薪邪	0.001090	1.427116	0.001555
卸械谢械	0.000817	0.040822	0.000033
卸械谢褌芯泻	0.001635	1.237874	0.002024
卸械薪褋泻懈泄	0.000545	0.020203	0.000011
卸械薪褖懈薪邪	0.000817	0.061875	0.000051
卸懈蟹薪褜	0.000545	0.040822	0.000022
卸褍谢褜械薪	0.000272	0.040822	0.000011
卸褍褉薪邪谢	0.000272	0.072571	0.000020
卸褞谢褜械薪	0.000272	0.040822	0.000011
卸褞谢褜薪褘泄	0.000272	0.040822	0.000011
蟹邪斜褘褌褜	0.000272	2.040221	0.000556
蟹邪胁邪褉薪芯泄	0.000545	0.116534	0.000064
蟹邪胁褌褉邪泻	0.002180	0.094311	0.000206
蟹邪谐芯褌芯胁泻邪	0.001090	0.040822	0.000044
蟹邪写邪胁邪褌褜	0.000272	0.040822	0.000011
蟹邪懈薪褌械褉械褋芯胁邪褌褜	0.000272	1.966113	0.000536
蟹邪泻胁邪褋泻邪	0.000817	0.040822	0.000033
蟹邪泻褉褘褌褘泄	0.000272	0.116534	0.000032
蟹邪泻褍褋泻邪	0.005722	0.040822	0.000234
蟹邪泻褍褋芯薪褔懈泻	0.000272	0.116534	0.000032
蟹邪泻褍褋芯褔泻邪	0.000272	0.116534	0.000032
蟹邪泻褍褋芯褔薪邪褟	0.002452	0.116534	0.000286
蟹邪谢懈胁薪芯械	0.000545	0.040822	0.000022
蟹邪屑械褌泻邪	0.000272	2.995732	0.000816
蟹邪屑械褔邪褌械谢褜薪褘泄	0.000545	0.713350	0.000389
蟹邪屑芯褉芯蟹泻邪	0.000272	0.105361	0.000029
蟹邪锌邪写	0.000272	0.116534	0.000032
蟹邪锌械泻邪薪泻邪	0.002997	0.040822	0.000122
蟹邪锌褉邪胁泻邪	0.000545	0.040822	0.000022
蟹邪褉邪薪械械	0.000272	1.660731	0.000453
蟹邪褉械谐懈褋褌褉懈褉芯胁邪褌褜褋褟	0.000545	0.030459	0.000017
蟹邪褋芯谢泻邪	0.000272	0.116534	0.000032
蟹邪褏芯写懈褌褜	0.000272	0.733969	0.000200
蟹邪褟褑	0.000545	0.116534	0.000064
蟹胁邪薪褘泄	0.000272	0.127833	0.000035
蟹胁械蟹写邪	0.000272	0.116534	0.000032
蟹胁褍褔邪褌褜	0.000272	2.659260	0.000725
蟹胁褢蟹写薪褘泄	0.000272	0.116534	0.000032
蟹写芯褉芯胁褘泄	0.000545	0.116534	0.000064
蟹械谢械薪褜	0.000272	0.094311	0.000026
蟹械谢褢薪褘泄	0.001907	0.820981	0.001566
蟹械褎懈褉	0.000272	0.040822	0.000011
蟹懈屑邪	0.001090	0.040822	0.000044
蟹懈屑薪懈泄	0.000272	0.051293	0.000014
蟹薪邪泻芯屑褘泄	0.000272	1.272966	0.000347
蟹芯谢芯褌芯泄	0.000272	0.116534	0.000032
懈胁邪薪芯胁	0.000272	0.127833	0.000035
懈写械邪谢褜薪褘泄	0.001907	0.116534	0.000222
懈写械泄泻邪	0.000272	0.116534	0.000032
懈写褌懈	0.000272	1.832581	0.000499
懈蟹写械谢懈械	0.002997	0.116534	0.000349
懈蟹褉械写泻邪	0.000272	3.218876	0.000877
懈蟹褍屑懈褌械谢褜薪褘泄	0.000272	1.714798	0.000467
懈泻褉邪	0.000817	0.040822	0.000033
懈屑斜懈褉褜	0.000545	1.832581	0.000999
懈屑褟	0.000272	0.030459	0.000008
懈薪胁械褉褌芯褉薪褘泄	0.000272	0.127833	0.000035
懈薪谐褉械写懈械薪褌	0.008174	0.139262	0.001138
懈薪写械泄泻邪	0.001635	0.094311	0.000154
懈薪写懈泄褋泻懈泄	0.000272	0.116534	0.000032
懈薪写懈谢邪泄褌邪	0.000817	0.116534	0.000095
懈薪写懈褉械褋薪褘泄	0.000272	0.116534	0.000032
懈薪褋褌褉褍泻褑懈褟	0.000272	0.030459	0.000008
懈薪褌械褉械褋薪芯	0.000272	1.660731	0.000453
懈薪褌械褉械褋薪褘泄	0.000272	0.916291	0.000250
懈褉邪泻褋泻懈泄	0.000272	0.116534	0.000032
懈褉邪薪褋泻懈泄	0.000272	0.116534	0.000032
懈褉谢邪薪写褋泻懈泄	0.000272	0.116534	0.000032
懈褉褍褕械薪械泻	0.000272	2.525729	0.000688
懈褋泻褉械薪薪械	0.000272	0.116534	0.000032
懈褋谢邪薪写褋泻懈泄	0.000272	0.116534	0.000032
懈褋锌邪薪褋泻懈泄	0.000272	0.116534	0.000032
懈褋锌械褔褜	0.000545	0.105361	0.000057
懈褋锌芯谢薪械薪懈械	0.000272	2.525729	0.000688
懈褋褌芯褉懈褟	0.001635	0.116534	0.000191
懈褋褔械蟹薪褍褌褜	0.000272	3.218876	0.000877
懈褌邪谢懈褟	0.000545	0.105361	0.000057
懈褌邪谢褜褟薪褋泻懈泄	0.000272	0.105361	0.000029
懈褌芯谐	0.000545	2.995732	0.001633
泄芯谐褍褉褌	0.000817	0.040822	0.000033
泻邪斜邪褔芯泻	0.000272	0.040822	0.000011
泻邪胁泻邪蟹褋泻懈泄	0.000272	0.116534	0.000032
泻邪蟹邪薪	0.000272	0.116534	0.000032
泻邪蟹邪褏褋泻懈泄	0.000272	0.116534	0.000032
泻邪泻邪芯	0.002180	0.040822	0.000089
泻邪谢械泄写芯褋泻芯锌	0.001090	0.116534	0.000127
泻邪谢屑褘褑泻懈泄	0.000272	0.116534	0.000032
泻邪谢芯褉懈泄薪褘泄	0.000272	1.966113	0.000536
泻邪谢褜屑邪褉	0.000272	0.040822	0.000011
泻邪屑械褉邪	0.000272	0.116534	0.000032
泻邪薪邪写褋泻懈泄	0.000545	0.116534	0.000064
泻邪薪邪谢	0.000817	0.040822	0.000033
泻邪薪邪锌械	0.000545	0.040822	0.000022
泻邪锌褍褋褌邪	0.002180	0.040822	0.000089
泻邪锌褍褋褌薪褟泻	0.000272	0.040822	0.000011
泻邪褉邪屑械谢褜	0.000817	0.040822	0.000033
泻邪褉泻邪褋薪褘泄	0.001090	0.116534	0.000127
泻邪褉褌芯褎械谢褜	0.000272	0.040822	0.000011
泻邪褉褌芯褎械谢褜薪褘泄	0.000545	0.040822	0.000022
泻邪褉褌芯褕泻邪	0.000545	0.040822	0.000022
泻邪褌械谐芯褉懈褟	0.004360	0.116534	0.000508
泻邪褔械褋褌胁芯	0.000272	0.105361	0.000029
泻邪褕邪	0.001907	0.040822	0.000078
泻胁邪写褉邪褌薪褘泄	0.000272	3.912023	0.001066
泻胁邪褋	0.001090	0.040822	0.000044
泻胁邪褋薪芯泄	0.000817	0.116534	0.000095
泻械泻褋	0.002997	0.040822	0.000122
泻械褌褔褍锌	0.000545	1.469676	0.000801
泻械褎懈褉	0.000272	0.040822	0.000011
泻懈屑褔邪褌褜	0.000272	0.040822	0.000011
泻懈薪谐屑邪薪	0.000272	4.605170	0.001255
泻懈薪芯邪	0.000545	0.127833	0.000070
泻懈薪芯谢械薪褌邪	0.000272	0.116534	0.000032
泻懈褋械谢褜	0.000545	0.040822	0.000022
泻懈褋谢芯	0.000545	3.506558	0.001911
泻懈褌邪泄褋泻懈泄	0.001090	0.116534	0.000127
泻谢邪褋褋	0.002452	0.116534	0.000286
泻谢械薪芯胁褘泄	0.009809	2.659260	0.026085
泻薪懈谐邪	0.000545	0.040822	0.000022
泻芯泻褌械泄谢褜	0.001635	0.040822	0.000067
泻芯谢斜邪褋邪	0.000272	0.040822	0.000011
泻芯谢斜邪褋薪褘泄	0.000817	0.116534	0.000095
泻芯谢懈褔械褋褌胁芯	0.000272	1.386294	0.000378
泻芯屑邪薪写邪	0.000545	0.127833	0.000070
泻芯屑懈	0.000272	0.116534	0.000032
泻芯屑屑械薪褌邪褉懈泄	0.000272	0.127833	0.000035
泻芯屑锌邪薪懈褟	0.000272	0.105361	0.000029
泻芯屑锌芯褌	0.000817	0.040822	0.000033
泻芯薪械褔薪芯	0.000272	0.527633	0.000144
泻芯薪懈薪邪	0.000272	0.116534	0.000032
泻芯薪泻褍褉褋	0.058856	0.040822	0.002403
泻芯薪泻褍褉褋薪褘泄	0.000272	0.127833	0.000035
泻芯薪褋械褉胁懈褉芯胁邪薪懈械	0.000272	0.040822	0.000011
泻芯薪褋械褉胁懈褉芯胁邪薪薪褘泄	0.001362	0.116534	0.000159
泻芯薪褎械褌邪	0.001907	0.040822	0.000078
泻芯薪褎械褌褌懈	0.000272	0.116534	0.000032
泻芯薪褎懈写械薪褑懈邪谢褜薪芯褋褌褜	0.000272	0.040822	0.000011
泻芯薪褎懈褌褞褉	0.000272	0.040822	0.000011
泻芯薪褜褟泻	0.000545	2.207275	0.001203
泻芯锌褔褢薪芯褋褌褜	0.000272	0.116534	0.000032
泻芯褉械泄褋泻懈	0.000272	0.040822	0.000011
泻芯褉械泄褋泻懈泄	0.000272	0.105361	0.000029
泻芯褉卸懈泻	0.000272	0.040822	0.000011
泻芯褉懈褑邪	0.001635	1.347074	0.002202
泻芯褉懈褔薪械胁褘泄	0.002180	1.272966	0.002775
泻芯褉屑懈褌褜	0.000272	0.116534	0.000032
泻芯褌谢械褌邪	0.000272	0.040822	0.000011
泻芯褍谢	0.000272	4.605170	0.001255
泻芯褎械	0.002997	0.040822	0.000122
泻芯褎械泄薪褘泄	0.000272	3.912023	0.001066
泻褉邪褋懈褌械谢褜	0.000545	3.912023	0.002132
泻褉邪褋泻邪	0.000272	0.116534	0.000032
泻褉邪褋芯褔薪褘泄	0.000272	3.912023	0.001066
泻褉邪褏屑邪谢	0.000545	0.891598	0.000486
泻褉械邪褌懈胁	0.000272	0.127833	0.000035
泻褉械屑	0.001635	0.040822	0.000067
泻褉械锌泻懈泄	0.000272	0.116534	0.000032
泻褉芯谢懈泻	0.000545	0.116534	0.000064
泻褉芯屑械	0.000272	0.061875	0.000017
泻褉芯褏邪	0.000272	0.116534	0.000032
泻褉褍谐	0.000545	0.116534	0.000064
泻褉褍谐谢褘泄	0.000272	2.813411	0.000767
泻褉褍卸械胁芯	0.000272	4.605170	0.001255
泻褉褍锌	0.001635	0.105361	0.000172
泻褉褍锌邪	0.002452	0.116534	0.000286
泻褉褍锌褟薪芯泄	0.000272	0.116534	0.000032
泻褍斜懈薪褋泻懈泄	0.000272	0.116534	0.000032
泻褍泻褍褉褍蟹邪	0.000545	2.525729	0.001376
泻褍泻褍褉褍蟹薪褘泄	0.000545	2.813411	0.001533
泻褍谢械褕	0.000272	0.040822	0.000011
泻褍谢懈薪邪褉懈褟	0.000817	0.094311	0.000077
泻褍谢懈薪邪褉薪褘泄	0.001635	0.000000	0.000000
泻褍谢懈褔	0.000545	0.040822	0.000022
泻褍薪卸褍褌	0.001635	0.994252	0.001625
泻褍薪卸褍褌薪褘泄	0.001635	2.659260	0.004348
泻褍锌懈褌褜	0.000272	2.302585	0.000627
泻褍褉写褋泻懈泄	0.000272	0.116534	0.000032
泻褍褉懈薪褘泄	0.004087	0.094311	0.000385
泻褍褉懈褑邪	0.001090	0.040822	0.000044
泻褍褉芯褔泻邪	0.000272	0.116534	0.000032
泻褍褋泻褍褋	0.000272	0.040822	0.000011
泻褍褏薪褟	0.001907	0.040822	0.000078
谢邪胁邪褕	0.001635	0.040822	0.000067
谢邪谐屑邪薪	0.000272	0.040822	0.000011
谢邪泻芯屑褋褌胁芯	0.000272	0.116534	0.000032
谢邪锌褕邪	0.000545	0.040822	0.000022
谢邪褌褘褕褋泻懈泄	0.000272	0.116534	0.000032
谢械谐泻芯	0.001635	0.116534	0.000191
谢械薪懈胁褘泄	0.000272	1.427116	0.000389
谢械锌褢褕泻邪	0.000545	0.040822	0.000022
谢械褌械褌褜	0.000272	4.605170	0.001255
谢械褌薪懈泄	0.000545	0.040822	0.000022
谢械褌芯	0.001635	0.116534	0.000191
谢械褔芯	0.000272	0.040822	0.000011
谢懈谐邪	0.000817	0.116534	0.000095
谢懈泻褢褉	0.000272	0.040822	0.000011
谢懈屑芯薪邪写	0.000545	0.040822	0.000022
谢懈屑芯薪薪褘泄	0.001635	0.713350	0.001166
谢懈褌芯胁褋泻	0.000272	0.127833	0.000035
谢懈褌芯胁褋泻懈泄	0.000272	0.116534	0.000032
谢褍泻	0.001635	0.301105	0.000492
谢褞斜懈屑褘泄	0.003542	0.116534	0.000413
谢褞斜懈褌褜	0.000817	0.755023	0.000617
谢褞斜芯胁褜	0.000817	0.105361	0.000086
谢褞斜芯泄	0.000272	0.094311	0.000026
谢褢谐泻懈泄	0.001090	0.094311	0.000103
谢褢写	0.000272	0.116534	0.000032
谢褢薪	0.000545	3.912023	0.002132
屑邪谐邪蟹懈薪	0.000272	2.302585	0.000627
屑邪谐薪懈褌	0.000272	4.605170	0.001255
屑邪谐褉懈斜	0.000272	0.116534	0.000032
屑邪写谢械薪	0.000272	4.605170	0.001255
屑邪写谢械薪邪	0.000272	4.605170	0.001255
屑邪泄	0.000817	0.116534	0.000095
屑邪泄芯薪械蟹	0.000272	0.116534	0.000032
屑邪泻邪褉芯薪薪褘泄	0.000272	0.116534	0.000032
屑邪泻邪褉芯薪褘	0.000272	0.040822	0.000011
屑邪谢邪蟹懈泄褋泻懈泄	0.000272	0.116534	0.000032
屑邪谢懈薪邪	0.000545	2.995732	0.001633
屑邪薪薪懈泻	0.000272	0.040822	0.000011
屑邪薪褌邪	0.000272	0.116534	0.000032
屑邪薪褢胁褉	0.000272	0.116534	0.000032
屑邪褉邪褎芯薪	0.000817	0.116534	0.000095
屑邪褉懈薪邪写	0.003270	0.040822	0.000133
屑邪褉懈薪芯胁邪褌褜	0.000272	0.116534	0.000032
屑邪褉屑械谢邪写	0.000272	0.040822	0.000011
屑邪褉芯泻泻邪薪褋泻懈泄	0.000272	0.116534	0.000032
屑邪褉褋泻邪锌芯薪	0.000272	4.605170	0.001255
屑邪褉褌	0.002725	0.105361	0.000287
屑邪褋泻邪褉锌芯薪	0.000817	0.040822	0.000033
屑邪褋谢械薪懈褑邪	0.000817	0.040822	0.000033
屑邪褋谢械薪懈褔薪褘泄	0.000272	0.116534	0.000032
屑邪褋谢芯	0.011989	0.105361	0.001263
屑邪褋褌械褉	0.002452	0.116534	0.000286
屑邪褋褌懈泻邪	0.000545	0.040822	0.000022
屑邪褎褎懈薪邪	0.000272	0.116534	0.000032
屑邪褏械械胁褗	0.001090	0.116534	0.000127
屑械写懈邪褎芯褉褌	0.000817	0.000000	0.000000
屑械写芯胁褘泄	0.000272	0.116534	0.000032
屑械泻褋懈泻邪薪褋泻懈泄	0.000272	0.116534	0.000032
屑械薪褞	0.000272	0.116534	0.000032
屑械薪褟褌褜褋褟	0.000272	0.116534	0.000032
屑械褋懈褌褜	0.000272	4.605170	0.001255
屑械褔褌邪	0.000817	0.040822	0.000033
屑械褔褌邪薪懈械	0.000272	4.605170	0.001255
屑懈写懈褟	0.000272	0.040822	0.000011
屑懈泻褉芯胁芯谢薪芯胁泻邪	0.000272	0.105361	0.000029
屑懈谢褜褟	0.000272	0.116534	0.000032
屑懈薪写邪谢褜	0.001635	2.040221	0.003336
屑懈芯	0.000272	0.116534	0.000032
屑懈褉	0.000545	0.105361	0.000057
屑懈褉芯胁芯泄	0.000272	0.116534	0.000032
屑懈褋芯	0.000272	0.040822	0.000011
屑懈褋褌械褉懈褟	0.000272	0.116534	0.000032
屑懈褋褌褉邪谢褜	0.001907	0.116534	0.000222
屑薪芯谐芯	0.000545	0.776529	0.000423
屑薪芯卸械褋褌胁芯	0.000272	0.040822	0.000011
屑芯泄	0.001090	0.083382	0.000091
屑芯谢写邪胁褋泻懈泄	0.000272	0.116534	0.000032
屑芯谢芯泻芯	0.002997	0.083382	0.000250
屑芯谢芯褔薪褘泄	0.001090	0.040822	0.000044
屑芯屑械薪褌	0.000817	0.105361	0.000086
屑芯屑械薪褌邪谢褜薪芯	0.000272	2.813411	0.000767
屑芯薪谐芯谢褜褋泻懈泄	0.000272	0.116534	0.000032
屑芯褉械	0.000272	0.116534	0.000032
屑芯褉械锌褉芯写褍泻褌	0.003542	0.040822	0.000145
屑芯褉泻芯胁褜	0.001362	0.040822	0.000056
屑芯褉芯卸械薪芯械	0.000817	0.040822	0.000033
屑芯褉褋	0.000545	0.040822	0.000022
屑芯褉褋泻芯泄	0.000272	3.218876	0.000877
屑芯褌芯褉	0.000272	0.116534	0.000032
屑芯褏懈褌褘泄	0.000272	0.040822	0.000011
屑芯褔褜	0.000545	0.000000	0.000000
屑褍卸褋泻芯泄	0.000545	0.127833	0.000070
屑褍卸褔懈薪邪	0.001090	0.116534	0.000127
屑褍泻邪	0.005177	0.248461	0.001286
屑褍谢褜褌懈胁邪褉泻邪	0.010354	0.116534	0.001207
屑褍谢褜褌懈锌械泻邪褉褜	0.000817	0.116534	0.000095
屑褍褋泻邪褌薪褘泄	0.000545	1.832581	0.000999
屑褍褋褋	0.000272	0.040822	0.000011
屑褍褋褋邪	0.000817	0.040822	0.000033
屑褍褔薪芯泄	0.000272	0.116534	0.000032
屑褞褋谢懈	0.000545	0.116534	0.000064
屑褟泻懈褕	0.000272	3.912023	0.001066
屑褟褋薪芯泄	0.002997	0.040822	0.000122
屑褟褋芯	0.006812	0.040822	0.000278
屑褢写	0.001090	1.660731	0.001810
薪邪写械褟褌褜褋褟	0.000272	1.609438	0.000439
薪邪蟹胁邪薪懈械	0.000817	0.562119	0.000459
薪邪蟹薪邪褔械薪懈械	0.000272	0.116534	0.000032
薪邪泄褌懈	0.000545	0.446287	0.000243
薪邪谢懈胁泻邪	0.000272	0.040822	0.000011
薪邪屑薪芯谐芯	0.000272	2.407946	0.000656
薪邪锌懈褌芯泻	0.002452	0.040822	0.000100
薪邪褋褌芯泄泻邪	0.000272	0.040822	0.000011
薪邪褋褌芯谢褜泻芯	0.000272	1.514128	0.000413
薪邪褋褌芯褟褖懈泄	0.000817	1.108663	0.000906
薪邪褋褌褉芯械薪懈械	0.000272	0.116534	0.000032
薪邪褋褌褍锌邪褌褜	0.000272	3.506558	0.000955
薪邪褋褌褍锌懈褌褜	0.000272	3.506558	0.000955
薪邪褌褍褉邪谢褜薪褘泄	0.000545	1.832581	0.000999
薪邪褑懈芯薪邪谢褜薪褘泄	0.000272	0.116534	0.000032
薪邪褔邪褌褜	0.000272	1.771957	0.000483
薪邪褔懈薪懈褌褜	0.000272	2.995732	0.000816
薪邪褔懈薪泻邪	0.001635	0.040822	0.000067
薪邪褕	0.001090	0.040822	0.000044
薪械斜芯谢褜褕芯泄	0.000545	1.832581	0.000999
薪械胁械褉芯褟褌薪芯	0.000272	1.386294	0.000378
薪械胁械褋芯屑褘泄	0.000545	4.605170	0.002510
薪械胁芯蟹屑芯卸薪芯	0.000272	1.347074	0.000367
薪械写械谢褟	0.002997	0.051293	0.000154
薪械卸薪芯褋褌褜	0.000272	2.813411	0.000767
薪械卸薪褘泄	0.002180	0.094311	0.000206
薪械蟹邪斜褘胁邪械屑褘泄	0.000272	3.218876	0.000877
薪械懈蟹屑械薪薪褘泄	0.000272	3.506558	0.000955
薪械屑械褑泻懈泄	0.000272	0.116534	0.000032
薪械芯卸懈写邪薪薪褘泄	0.000272	0.116534	0.000032
薪械褋泻芯谢褜泻芯	0.000272	0.843970	0.000230
薪械褋谢邪写泻懈泄	0.000272	0.116534	0.000032
薪械褋谢芯卸薪芯	0.000272	2.207275	0.000601
薪械褌褉邪写懈褑懈芯薪薪褘泄	0.000272	4.605170	0.001255
薪懈斜褘褌褜	0.000272	1.832581	0.000499
薪懈泻邪泻	0.000272	2.659260	0.000725
薪懈泻褌芯	0.000272	1.427116	0.000389
薪懈薪邪	0.000272	1.078810	0.000294
薪懈褔械谐芯	0.000272	0.941609	0.000257
薪芯胁芯谐芯写薪懈泄	0.005995	0.040822	0.000245
薪芯胁芯褋褌褜	0.000272	0.061875	0.000017
薪芯胁褘泄	0.003542	0.030459	0.000108
薪芯褉胁械卸褋泻懈泄	0.000272	0.116534	0.000032
薪芯褟斜褉褜	0.000817	0.527633	0.000431
薪褉邪胁懈褌褜褋褟	0.000272	0.941609	0.000257
芯斜械写	0.000817	0.105361	0.000086
芯斜械蟹褜褟薪邪	0.000272	0.116534	0.000032
芯斜芯泄褌懈褋褜	0.000272	3.506558	0.000955
芯斜褖邪褌褜褋褟	0.000272	0.040822	0.000011
芯斜褘褔薪芯	0.000272	1.714798	0.000467
芯斜褟蟹邪褌械谢褜薪芯	0.000272	0.967584	0.000264
芯胁芯褖	0.006812	0.094311	0.000642
芯胁芯褖薪芯泄	0.002452	0.040822	0.000100
芯胁褋褟薪褘泄	0.000817	0.105361	0.000086
芯谐薪械薪薪褘泄	0.000272	0.116534	0.000032
芯谐芯薪褜	0.000272	0.094311	0.000026
芯谐褉芯屑薪褘泄	0.000272	0.867501	0.000236
芯谐褍褉械褑	0.001090	0.116534	0.000127
芯泻褉芯褕泻邪	0.000817	0.040822	0.000033
芯泻褌褟斜褉褜	0.000272	0.562119	0.000153
芯谢邪写褜褟	0.001090	0.040822	0.000044
芯谢械泄薪芯泄	0.001090	0.116534	0.000127
芯谢械泄薪褘泄	0.001090	0.116534	0.000127
芯谢懈胁泻芯胁褘泄	0.001090	0.544727	0.000594
芯屑谢械褌	0.000272	0.040822	0.000011
芯锌邪褉邪	0.000272	0.040822	0.000011
芯锌懈褋邪褌褜	0.000272	3.218876	0.000877
芯锌褉芯褋	0.000272	0.061875	0.000017
芯褉械褏	0.002180	0.776529	0.001693
芯褉懈谐懈薪邪谢褜薪褘泄	0.000272	1.049822	0.000286
芯褋械薪薪懈泄	0.001090	0.051293	0.000056
芯褋械薪褜	0.002725	0.105361	0.000287
芯褋薪芯胁薪褘泄	0.000272	0.040822	0.000011
芯褋褌邪胁邪褌褜褋褟	0.000272	0.116534	0.000032
芯褋褌邪胁懈褌褜	0.000272	1.660731	0.000453
芯褋褌邪褌褜褋褟	0.000272	1.309333	0.000357
芯褋褌褉褘泄	0.000272	1.897120	0.000517
芯褌胁械褌	0.000817	0.000000	0.000000
芯褌胁械褌懈褌褜	0.000272	0.051293	0.000014
芯褌泻谢芯薪褟褌褜褋褟	0.000272	4.605170	0.001255
芯褌泻褉褘褌褘泄	0.001090	0.105361	0.000115
芯褌屑械薪懈褌褜	0.000272	0.040822	0.000011
芯褌屑械薪薪褘泄	0.000272	4.605170	0.001255
芯褌芯褉胁邪褌褜褋褟	0.000272	2.120264	0.000578
芯褏谢邪写懈褌褜	0.000272	0.116534	0.000032
锌邪泻械褌懈泻	0.000272	0.105361	0.000029
锌邪谢懈褌褉邪	0.000272	4.605170	0.001255
锌邪谢芯褔泻邪	0.000272	0.040822	0.000011
锌邪薪懈褉芯胁泻邪	0.002180	0.116534	0.000254
锌邪薪泻械泄泻邪	0.000545	4.605170	0.002510
锌邪薪褌械褉褉褉芯褔泻芯	0.000545	2.813411	0.001533
锌邪褉邪	0.000272	0.116534	0.000032
锌邪褉邪写	0.001907	0.116534	0.000222
锌邪褉芯胁邪褉泻邪	0.002452	0.105361	0.000258
锌邪褉芯谢褜	0.000272	0.020203	0.000006
锌邪褋褌邪	0.000817	0.040822	0.000033
锌邪褋褌褉芯屑邪	0.000272	0.040822	0.000011
锌邪褋褏邪	0.000545	0.040822	0.000022
锌邪褋褏邪谢褜薪褘泄	0.000817	0.116534	0.000095
锌邪褕褌械褌	0.000817	0.040822	0.000033
锌械泻邪褉褜	0.000272	0.127833	0.000035
锌械泻懈薪褋泻懈泄	0.001090	2.407946	0.002624
锌械谢褜屑械薪褜	0.000272	0.116534	0.000032
锌械芯褉懈褟	0.000272	3.912023	0.001066
锌械褉胁褘泄	0.001362	0.040822	0.000056
锌械褉械胁械褋褌懈	0.000272	3.912023	0.001066
锌械褉械胁芯写	0.000272	2.813411	0.000767
锌械褉械泄褌懈	0.000272	0.040822	0.000011
锌械褉械泻褍褋	0.000545	0.116534	0.000064
锌械褉械屑械褕邪褌褜	0.000272	2.659260	0.000725
锌械褉械褑	0.001362	0.040822	0.000056
锌械褉褋懈泻	0.000545	3.506558	0.001911
锌械褉褋懈泻芯胁褘泄	0.000272	4.605170	0.001255
锌械褉褋芯薪邪	0.000272	0.116534	0.000032
锌械褉褍邪薪褋泻懈泄	0.000272	0.116534	0.000032
锌械褋芯褔薪褘泄	0.000817	0.105361	0.000086
锌械褌械谢懈薪泻	0.000272	0.127833	0.000035
锌械褌褉褍褕泻邪	0.000545	0.673345	0.000367
锌械褔械薪懈械	0.003270	0.040822	0.000133
锌械褔褜	0.000272	0.116534	0.000032
锌械褔褢薪芯褔薪褘泄	0.000272	0.040822	0.000011
锌懈胁芯	0.000272	0.116534	0.000032
锌懈泻邪薪褌	0.000272	0.127833	0.000035
锌懈泻邪薪褌薪褘泄	0.000272	1.514128	0.000413
锌懈泻薪懈泻	0.001090	0.105361	0.000115
锌懈褉	0.000272	0.116534	0.000032
锌懈褉芯谐	0.001907	0.040822	0.000078
锌懈褉芯卸薪芯械	0.001090	0.040822	0.000044
锌懈褉芯卸芯泻	0.000272	0.040822	0.000011
锌懈褌邪薪懈械	0.001362	0.094311	0.000128
锌懈褑褑邪	0.000545	0.040822	0.000022
锌懈褖邪	0.000272	2.207275	0.000601
锌懈褖械胁芯泄	0.000545	2.120264	0.001155
锌谢邪屑褟	0.000272	0.116534	0.000032
锌谢懈褌邪	0.001090	0.116534	0.000127
锌谢芯胁	0.000272	0.116534	0.000032
锌谢芯写	0.000272	0.116534	0.000032
锌芯斜邪谢芯胁邪褌褜	0.000272	2.120264	0.000578
锌芯胁邪褉褢薪芯泻	0.001635	0.000000	0.000000
锌芯胁懈写谢芯	0.000272	0.040822	0.000011
锌芯胁芯写	0.000272	2.407946	0.000656
锌芯胁芯蟹懈褌褜褋褟	0.000272	3.912023	0.001066
锌芯写邪褉芯泻	0.000817	0.116534	0.000095
锌芯写谢懈胁	0.000272	0.116534	0.000032
锌芯写谢懈胁泻邪	0.000272	0.040822	0.000011
锌芯写芯斜薪褘泄	0.000272	1.427116	0.000389
锌芯写锌邪懈胁邪褌褜	0.000272	4.605170	0.001255
锌芯写锌懈褋邪褌褜褋褟	0.000817	0.040822	0.000033
锌芯写褉褟写	0.000272	3.912023	0.001066
锌芯写褋芯谢薪褍褏	0.000545	3.912023	0.002132
锌芯写褍屑邪褌褜	0.000545	2.302585	0.001255
锌芯械写懈薪芯泻	0.003815	0.116534	0.000445
锌芯卸械谢邪薪懈械	0.000272	3.912023	0.001066
锌芯蟹胁芯谢懈褌褜	0.000272	3.218876	0.000877
锌芯蟹写褉邪胁懈褌褜	0.000272	0.116534	0.000032
锌芯蟹写褉邪胁谢械薪懈械	0.000272	3.506558	0.000955
锌芯蟹懈褑懈芯薪懈褉芯胁邪褌褜褋褟	0.000272	4.605170	0.001255
锌芯懈褋泻	0.000272	0.051293	0.000014
锌芯泻谢芯薪薪懈褑邪	0.000272	4.605170	0.001255
锌芯泻褍锌邪褌褜	0.000272	1.897120	0.000517
锌芯谢写薪懈泻	0.000545	0.116534	0.000064
锌芯谢械蟹薪芯	0.000272	0.116534	0.000032
锌芯谢械蟹薪褘泄	0.000272	1.427116	0.000389
锌芯谢懈褌懈泻邪	0.000272	0.040822	0.000011
锌芯谢芯胁懈薪邪	0.002180	0.105361	0.000230
锌芯谢褍褔邪褌褜	0.000545	0.040822	0.000022
锌芯谢褍褔邪褌褜褋褟	0.001090	0.328504	0.000358
锌芯谢褍褔懈褌褜	0.000272	1.237874	0.000337
锌芯谢褍褔懈褌褜褋褟	0.000545	0.653926	0.000356
锌芯谢褜蟹邪	0.001635	0.116534	0.000191
锌芯谢褜蟹芯胁邪褌褜褋褟	0.000272	1.347074	0.000367
锌芯谢褜褋泻懈泄	0.000272	0.116534	0.000032
锌芯屑邪写泻邪	0.000817	0.040822	0.000033
锌芯屑懈写芯褉	0.000545	0.116534	0.000064
锌芯屑懈写芯褉泻	0.000272	0.127833	0.000035
锌芯薪褉邪胁懈褌褜褋褟	0.000272	0.040822	0.000011
锌芯薪褔懈泻	0.000545	0.040822	0.000022
锌芯薪褟褌褜	0.000272	1.660731	0.000453
锌芯锌褉芯斜芯胁邪褌褜	0.000545	0.248461	0.000135
锌芯褉邪	0.000545	0.105361	0.000057
锌芯褉褌褍谐邪谢褜褋泻懈泄	0.000272	0.116534	0.000032
锌芯褉褑懈褟	0.000272	1.660731	0.000453
锌芯褋械褖邪褌褜	0.000272	0.061875	0.000017
锌芯褋褌	0.001362	0.105361	0.000144
锌芯褋褌薪褘泄	0.001090	0.040822	0.000044
锌芯褋褌芯褟薪薪芯	0.000272	0.040822	0.000011
锌芯褋褌褉芯懈褌褜	0.000272	0.105361	0.000029
锌芯褋褍写邪	0.000545	0.094311	0.000051
锌芯褌褉褟褋邪褞褖械	0.000272	1.560648	0.000425
锌芯褔褌邪	0.000272	0.040822	0.000011
锌芯褔褌懈	0.000545	1.021651	0.000557
锌芯褕邪谐芯胁褘泄	0.000545	0.040822	0.000022
锌芯褟胁懈褌褜褋褟	0.000272	1.771957	0.000483
锌褉邪蟹写薪懈泻	0.000545	0.105361	0.000057
锌褉邪蟹写薪懈褔薪芯	0.000272	0.116534	0.000032
锌褉邪蟹写薪懈褔薪褘泄	0.000817	0.105361	0.000086
锌褉邪泻褌懈泻褍屑	0.000272	0.116534	0.000032
锌褉邪泻褌懈褔械褋泻懈	0.000272	1.386294	0.000378
锌褉械胁芯褋褏芯写薪褘泄	0.000272	0.116534	0.000032
锌褉械胁褉邪褖械薪懈械	0.000272	0.116534	0.000032
锌褉械写谢邪谐邪褌褜	0.000545	0.693147	0.000378
锌褉械写谢芯卸懈褌褜	0.000545	1.108663	0.000604
锌褉械写薪邪蟹薪邪褔邪褌褜褋褟	0.000272	4.605170	0.001255
锌褉械卸写械	0.000272	3.218876	0.000877
锌褉械锌芯写薪械褋褌懈	0.000272	4.605170	0.001255
锌褉械褋薪褘泄	0.000272	0.116534	0.000032
锌褉懈胁褘褔薪褘泄	0.000272	2.407946	0.000656
锌褉懈谐芯写懈褌褜褋褟	0.000272	1.560648	0.000425
锌褉懈谐芯褌芯胁懈褌褜	0.001907	0.083382	0.000159
锌褉懈谐芯褌芯胁谢械薪懈械	0.001090	0.040822	0.000044
锌褉懈蟹	0.000272	0.040822	0.000011
锌褉懈蟹薪邪薪懈械	0.000272	0.116534	0.000032
锌褉懈蟹薪邪褌褜褋褟	0.000272	3.506558	0.000955
锌褉懈泄褌懈褋褜	0.000545	2.040221	0.001112
锌褉懈谢懈褔薪芯	0.000272	3.506558	0.000955
锌褉懈锌褉邪胁邪	0.000272	0.040822	0.000011
锌褉懈褉芯写邪	0.000545	0.105361	0.000057
锌褉懈褋褌褍锌懈褌褜	0.000272	0.040822	0.000011
锌褉懈褌褟谐懈胁邪褌褜	0.000272	4.605170	0.001255
锌褉芯斜芯胁邪褌褜	0.000545	0.843970	0.000460
锌褉芯胁械褉懈褌褜	0.001635	0.116534	0.000191
锌褉芯胁械褋褌懈	0.001090	0.116534	0.000127
锌褉芯胁芯写懈褌褜	0.000272	0.040822	0.000011
锌褉芯胁芯卸邪褌褜	0.000272	0.116534	0.000032
锌褉芯写褍泻褌	0.000545	0.072571	0.000040
锌褉芯械泻褌	0.000545	0.051293	0.000028
锌褉芯锌懈褌邪褌褜	0.000272	2.659260	0.000725
锌褉芯褋屑芯褌褉	0.000272	0.274437	0.000075
锌褉芯褋褌芯	0.002180	0.083382	0.000182
锌褉芯褋褌芯泄	0.000545	0.301105	0.000164
锌褉芯褋褌芯泻胁邪褕邪	0.000272	0.040822	0.000011
锌褉芯褌褟卸械薪懈械	0.000272	4.605170	0.001255
锌褉芯褎懈谢褜	0.000272	0.040822	0.000011
锌褉褟屑芯	0.000272	0.040822	0.000011
锌褉褟屑芯褍谐芯谢褜薪褘泄	0.000272	4.605170	0.001255
锌褉褟薪懈泻	0.000545	0.040822	0.000022
锌褉褟薪懈褔薪褘泄	0.000272	0.116534	0.000032
锌褋懈谢谢懈褍屑	0.000545	4.605170	0.002510
锌褌懈褑邪	0.005177	0.116534	0.000603
锌褌懈褔懈泄	0.000272	1.771957	0.000483
锌褍写懈薪谐	0.000817	0.040822	0.000033
锌褍写褉邪	0.001635	1.771957	0.002897
锌褍薪褕	0.000272	0.040822	0.000011
锌褍褌械褕械褋褌胁懈械	0.000545	0.116534	0.000064
锌褍褌褜	0.000272	0.116534	0.000032
锌褕械薪懈褔薪褘泄	0.004905	0.287682	0.001411
锌褘褕泻邪	0.000272	0.040822	0.000011
锌褞褉械	0.001090	0.040822	0.000044
褉邪斜芯褌邪	0.000545	1.237874	0.000675
褉邪胁薪芯写褍褕薪褘泄	0.000545	2.407946	0.001312
褉邪谐褍	0.000272	0.116534	0.000032
褉邪蟹	0.000545	0.356675	0.000194
褉邪蟹胁械褉薪褍褌褜	0.000272	0.116534	0.000032
褉邪蟹写械谢褜薪褘泄	0.000272	0.116534	0.000032
褉邪蟹屑械褉	0.000272	2.995732	0.000816
褉邪蟹薪褘泄	0.000272	0.094311	0.000026
褉邪蟹褉褘褏谢懈褌械谢褜	0.001635	1.237874	0.002024
褉邪褋泻褉褘胁邪褌褜	0.000272	3.912023	0.001066
褉邪褋锌褍褋褌懈褌褜褋褟	0.000272	4.605170	0.001255
褉邪褋褋芯谢褜薪懈泻	0.000817	0.040822	0.000033
褉邪褋褋褘谢泻邪	0.000272	0.061875	0.000017
褉邪褋褌胁芯褉懈屑褘泄	0.000545	4.605170	0.002510
褉邪褋褌懈褌械谢褜薪褘泄	0.002725	0.223144	0.000608
褉械斜褢薪芯泻	0.000545	0.094311	0.000051
褉械谐懈褋褌褉邪褑懈褟	0.000817	0.000000	0.000000
褉械蟹褍谢褜褌邪褌	0.000272	0.820981	0.000224
褉械泄褌懈薪谐	0.000272	0.235722	0.000064
褉械褑械锌褌	0.027520	0.040822	0.001123
褉懈褋	0.001362	0.040822	0.000056
褉懈褋褍薪芯泻	0.000272	4.605170	0.001255
褉懈褌屑	0.000272	0.116534	0.000032
褉芯谐邪谢懈泻	0.000272	0.040822	0.000011
褉芯写薪褘泄	0.000272	0.116534	0.000032
褉芯卸写械薪懈械	0.000272	0.105361	0.000029
褉芯卸写械褋褌胁械薪褋泻懈泄	0.000817	2.659260	0.002174
褉芯卸写械褋褌胁芯	0.001090	0.116534	0.000127
褉芯谢谢	0.000545	0.040822	0.000022
褉芯谢谢褌芯薪	0.000272	0.116534	0.000032
褉芯屑	0.000272	0.040822	0.000011
褉芯屑邪薪褌懈褔械褋泻懈泄	0.000272	2.995732	0.000816
褉褍斜褉懈泻邪褌芯褉	0.000272	0.051293	0.000014
褉褍泻邪	0.000272	1.514128	0.000413
褉褍谢械褌	0.002997	0.040822	0.000122
褉褍屑褘薪褋泻懈泄	0.000272	0.116534	0.000032
褉褍屑褟薪褘泄	0.000272	0.116534	0.000032
褉褍薪械褌	0.000272	0.020203	0.000006
褉褍褋褋泻懈泄	0.000272	0.105361	0.000029
褉褍褔薪芯泄	0.000545	4.605170	0.002510
褉褘斜邪	0.006812	0.040822	0.000278
褉褘斜薪褘泄	0.002725	0.105361	0.000287
褉褟卸械薪泻邪	0.000272	0.116534	0.000032
褋邪泄褌	0.002452	0.000000	0.000000
褋邪谢邪褌	0.011172	0.040822	0.000456
褋邪谢邪褌懈泻	0.000545	2.302585	0.001255
褋邪谢邪褌薪褘泄	0.000272	0.116534	0.000032
褋邪屑芯谐芯薪	0.000272	0.040822	0.000011
褋邪屑芯写芯褋褌邪褌芯褔薪褘泄	0.000272	3.218876	0.000877
褋邪屑褘泄	0.000545	0.105361	0.000057
褋邪褎	0.000817	0.116534	0.000095
褋邪褎褋械屑邪	0.000272	0.116534	0.000032
褋邪褏邪褉	0.006812	0.105361	0.000718
褋邪褏邪褉邪	0.000272	2.659260	0.000725
褋邪褏邪褉薪褘泄	0.001635	1.771957	0.002897
褋斜懈褌械薪褜	0.000272	0.040822	0.000011
褋胁械卸械褋褌褜	0.000272	0.105361	0.000029
褋胁械卸懈泄	0.000272	1.427116	0.000389
褋胁械泻芯谢褜薪懈泻	0.000545	0.040822	0.000022
褋胁械褌	0.001090	0.116534	0.000127
褋胁械褌邪	0.001090	0.116534	0.000127
褋胁械褌谢褘泄	0.000272	3.912023	0.001066
褋胁懈薪懈薪	0.001635	0.116534	0.000191
褋胁懈薪懈薪邪	0.001090	0.040822	0.000044
褋胁芯写懈褌褜	0.000272	2.302585	0.000627
褋胁褢泻谢邪	0.000272	0.040822	0.000011
褋谐褍褖褢薪泻邪	0.000272	0.040822	0.000011
褋械谐芯写薪褟	0.000272	0.843970	0.000230
褋械蟹芯薪	0.000272	0.116534	0.000032
褋械泄褔邪褋	0.000545	0.030459	0.000017
褋械泻褉械褌	0.000545	0.116534	0.000064
褋械谢褢写泻邪	0.000272	0.040822	0.000011
褋械屑械泄薪褘泄	0.000272	0.116534	0.000032
褋械屑械褔泻芯	0.001635	2.995732	0.004898
褋械屑褜褟	0.000272	0.116534	0.000032
褋械屑褟	0.001090	3.218876	0.003508
褋懈写褉	0.000272	0.040822	0.000011
褋懈薪薪邪斜芯薪	0.000272	3.912023	0.001066
褋懈褉懈泄褋泻懈泄	0.000272	0.116534	0.000032
褋懈褉芯锌	0.010899	0.040822	0.000445
褋懈褋褌械屑邪	0.000272	0.040822	0.000011
褋懈褌懈	0.000272	0.127833	0.000035
褋泻邪蟹邪褌褜	0.000545	0.400478	0.000218
褋泻邪蟹泻邪	0.000272	0.116534	0.000032
褋谢邪写泻懈泄	0.005995	0.040822	0.000245
褋谢邪写泻芯	0.000272	0.116534	0.000032
褋谢邪写泻芯胁邪褌褘泄	0.000272	2.995732	0.000816
褋谢邪写泻芯械卸泻邪	0.000272	4.605170	0.001255
褋谢懈胁泻邪	0.002997	1.049822	0.003147
褋谢懈胁芯褔薪褘泄	0.005450	0.105361	0.000574
褋谢芯泄泻邪	0.000545	0.040822	0.000022
褋谢芯褍	0.000272	4.605170	0.001255
褋谢芯褢薪褘泄	0.000817	0.116534	0.000095
褋屑械褌邪薪邪	0.001090	0.105361	0.000115
褋屑械褕邪薪薪褘泄	0.000272	0.116534	0.000032
褋屑芯褔褜	0.000272	0.040822	0.000011
褋屑褍蟹懈	0.000817	0.040822	0.000033
褋薪械谐	0.000545	3.912023	0.002132
褋薪褝泻	0.000272	0.116534	0.000032
褋芯斜懈褉邪褌褜	0.000272	2.659260	0.000725
褋芯斜懈褉邪褌褜褋褟	0.000272	0.040822	0.000011
褋芯胁械褉褕械薪褋褌胁芯	0.001362	0.116534	0.000159
褋芯胁械褌	0.000272	0.040822	0.000011
褋芯胁屑械褋褌懈褌褜	0.000272	2.995732	0.000816
褋芯胁褋械屑	0.000817	1.139434	0.000931
褋芯谐谢邪褕邪褌褜褋褟	0.000272	0.040822	0.000011
褋芯写邪	0.001635	0.941609	0.001539
褋芯械胁褘泄	0.001635	0.798508	0.001305
褋芯蟹写邪胁邪褌褜	0.000272	0.105361	0.000029
褋芯蟹写邪薪懈械	0.000545	0.261365	0.000142
褋芯蟹褉械褌褜	0.000272	2.407946	0.000656
褋芯泻	0.002452	0.040822	0.000100
褋芯谢械薪懈械	0.000545	0.116534	0.000064
褋芯谢薪械褔薪褘泄	0.000272	0.116534	0.000032
褋芯谢褜	0.004360	0.127833	0.000557
褋芯谢褟薪泻邪	0.000545	0.040822	0.000022
褋芯谢褢薪褘泄	0.000817	0.116534	0.000095
褋芯褉褌懈褉芯胁邪褌褜	0.000272	0.248461	0.000068
褋芯褋褌邪胁懈褌褜	0.000272	0.116534	0.000032
褋芯褍褋	0.007902	0.040822	0.000323
褋芯褏褉邪薪褟褌褜	0.000272	0.040822	0.000011
褋芯褑褋械褌褜	0.000272	0.040822	0.000011
褋芯褔械褌邪薪懈械	0.001090	0.105361	0.000115
褋芯褔薪褘泄	0.000272	0.116534	0.000032
褋锌邪谢褜薪褟	0.000545	0.415515	0.000226
褋锌械褌褜	0.000272	0.116534	0.000032
褋锌械褑懈邪谢褜薪褘泄	0.000272	0.094311	0.000026
褋锌械褑懈褟	0.001362	0.094311	0.000128
褋锌械褑锌褉芯械泻褌	0.008992	0.116534	0.001048
褋锌懈褋芯泻	0.000272	0.116534	0.000032
褋褉邪蟹褍	0.000272	0.733969	0.000200
褋褉械写懈蟹械屑薪芯屑芯褉褋泻懈泄	0.000272	0.127833	0.000035
褋褌邪褉褘泄	0.000272	0.261365	0.000071
褋褌邪褌褜	0.000545	1.049822	0.000572
褋褌邪褌褜褟	0.000272	0.061875	0.000017
褋褌懈谢褜	0.000545	0.116534	0.000064
褋褌芯谢	0.002452	0.105361	0.000258
褋褌褉芯谐芯	0.000272	2.407946	0.000656
褋褌褉芯懈褌械谢褜褋褌胁芯	0.000545	0.040822	0.000022
褋褌褉芯懈褌褜	0.000272	0.040822	0.000011
褋褌褉芯泄薪褘泄	0.000272	0.116534	0.000032
褋褍斜锌褉芯写褍泻褌	0.002725	0.116534	0.000318
褋褍锌	0.005177	0.040822	0.000211
褋褍褎谢械	0.001090	0.040822	0.000044
褋褍褏邪褉褜	0.000272	0.040822	0.000011
褋褍褏芯泄	0.000545	1.427116	0.000778
褋褍褏芯褎褉褍泻褌褘	0.000817	3.218876	0.002631
褋褍褕懈褌褜	0.000545	0.040822	0.000022
褋褘褉	0.003542	0.040822	0.000145
褋褘褉薪懈泻	0.001090	0.040822	0.000044
褋褘褉薪褘泄	0.001090	0.040822	0.000044
褋褘褌薪褘泄	0.000817	0.105361	0.000086
褋褘褔褍卸薪褘泄	0.000272	0.127833	0.000035
褋褝薪写胁懈褔	0.000272	0.127833	0.000035
褋褞褉锌褉懈蟹	0.000272	0.116534	0.000032
褋褢屑谐邪	0.000272	0.040822	0.000011
褌邪写卸懈泻褋泻懈泄	0.000272	0.116534	0.000032
褌邪泄褋泻懈泄	0.000272	0.116534	0.000032
褌邪褉褌	0.000545	0.116534	0.000064
褌邪褉褌邪谢械褌泻邪	0.000545	0.040822	0.000022
褌邪褌邪褉褋泻懈泄	0.000272	0.116534	0.000032
褌胁芯泄	0.000545	0.116534	0.000064
褌胁芯褉懈褌褜	0.000272	0.116534	0.000032
褌胁芯褉芯谐	0.000817	0.040822	0.000033
褌胁芯褉芯卸薪褘泄	0.001635	0.094311	0.000154
褌械谢械谐褉邪屑	0.000272	0.040822	0.000011
褌械谢褟褌懈薪邪	0.001090	0.116534	0.000127
褌械锌谢芯	0.000272	0.116534	0.000032
褌械褉褉懈薪邪	0.000272	0.040822	0.000011
褌械褋褌	0.005722	0.105361	0.000603
褌械褋褌芯	0.002452	0.040822	0.000100
褌械褏薪懈泻邪	0.001362	0.105361	0.000144
褌屑	0.001090	0.127833	0.000139
褌芯锌谢褢薪褘泄	0.000272	0.116534	0.000032
褌芯褉褌	0.006812	0.040822	0.000278
褌褉邪胁邪	0.000272	0.094311	0.000026
褌褉邪胁泻邪	0.000272	4.605170	0.001255
褌褉邪写懈褑懈芯薪薪褘泄	0.000545	1.427116	0.000778
褌褉邪写懈褑懈褟	0.001635	0.116534	0.000191
褌褉褍斜芯褔泻邪	0.000272	0.040822	0.000011
褌褉褢褏谢械褌懈械	0.000272	0.116534	0.000032
褌褍薪械褑	0.000272	0.105361	0.000029
褌褍薪懈褋褋泻懈泄	0.000272	0.116534	0.000032
褌褍褉械褑泻懈泄	0.000272	0.116534	0.000032
褌褘泻胁邪	0.000817	0.040822	0.000033
褌褘泻胁械薪薪褘泄	0.001362	2.813411	0.003833
褌褢屑薪褘泄	0.000545	2.040221	0.001112
褌褢褉褌褘泄	0.000545	2.995732	0.001633
褌褢褖懈薪	0.000272	0.040822	0.000011
褍斜褉邪褌褜	0.000272	3.218876	0.000877
褍胁械写芯屑谢械薪懈械	0.000272	0.040822	0.000011
褍胁谢械泻邪褌械谢褜薪褘泄	0.000272	4.605170	0.001255
褍谐芯胁芯褉懈褌褜	0.000272	4.605170	0.001255
褍谐芯褖邪褌褜	0.000272	2.813411	0.000767
褍写邪褔薪褘泄	0.000272	0.116534	0.000032
褍写懈胁懈褌褜	0.000272	0.116534	0.000032
褍写懈胁谢褟褌褜	0.001090	0.116534	0.000127
褍写芯胁芯谢褜褋褌胁懈械	0.000272	0.116534	0.000032
褍卸懈薪	0.001635	0.094311	0.000154
褍蟹斜械泻褋泻懈泄	0.000272	0.116534	0.000032
褍泻褉邪懈薪褋泻懈泄	0.000272	0.116534	0.000032
褍泻褉邪褕械薪懈械	0.002180	0.116534	0.000254
褍泻褉芯锌	0.000545	0.562119	0.000306
褍泻褋褍褋	0.001090	0.562119	0.000613
褍屑	0.000272	2.813411	0.000767
褍屑械薪褜褕懈褌褜	0.000272	3.912023	0.001066
褍锌芯褌褉械斜谢械薪懈械	0.000272	0.116534	0.000032
褍褉邪谢褜褋泻懈泄	0.000272	0.116534	0.000032
褍褉芯卸邪泄	0.000272	0.105361	0.000029
褍褋锌械褏	0.000272	3.218876	0.000877
褍褌泻邪	0.000817	0.116534	0.000095
褍褌褉芯	0.000272	2.525729	0.000688
褍褍褍	0.000272	4.605170	0.001255
褍褏芯	0.000272	0.040822	0.000011
褍褔邪褋褌胁芯胁邪褌褜	0.000272	0.040822	0.000011
褎邪蟹械薪写邪	0.000272	0.116534	0.000032
褎邪薪褌邪蟹懈褟	0.002180	0.116534	0.000254
褎邪褉褕	0.003542	0.040822	0.000145
褎邪褉褕懈褉芯胁邪薪薪褘泄	0.001635	0.040822	0.000067
褎邪褋芯谢褜	0.000272	0.040822	0.000011
褎械胁褉邪谢褜	0.000545	0.094311	0.000051
褎械泄械褉胁械褉泻	0.000545	0.116534	0.000064
褎懈谐褍褉邪	0.000272	0.116534	0.000032
褎懈薪褋泻懈泄	0.000272	0.116534	0.000032
褎懈褉屑械薪薪褘泄	0.000272	0.116534	0.000032
褎懈褋褌邪褕泻邪	0.000545	3.218876	0.001754
褎芯薪写褞	0.000272	0.040822	0.000011
褎芯褉屑邪	0.000817	0.105361	0.000086
褎芯褉褍屑	0.000545	0.040822	0.000022
褎芯褉褕屑邪泻	0.000272	0.040822	0.000011
褎褉	0.000272	3.912023	0.001066
褎褉邪薪褑懈褟	0.000545	0.116534	0.000064
褎褉邪薪褑褍蟹褋泻懈泄	0.000545	0.094311	0.000051
褎褉邪褍	0.001090	0.116534	0.000127
褎褉械写械褉懈泻褌芯薪	0.000272	4.605170	0.001255
褎褉褍泻褌	0.001362	0.116534	0.000159
褎褉褍泻褌芯胁褘泄	0.002180	0.040822	0.000089
褎褍写	0.000272	0.116534	0.000032
褎褍薪写褍泻	0.001090	3.218876	0.003508
褎褍褉褕械褌	0.000272	0.116534	0.000032
褏邪谢胁邪	0.001362	0.040822	0.000056
褏邪褉胁械褋褌褎械褋褌	0.000545	0.116534	0.000064
褏邪褉褔芯	0.000545	0.040822	0.000022
褏邪褕	0.000272	0.040822	0.000011
褏胁芯褉芯褋褌	0.000272	0.040822	0.000011
褏懈薪泻邪谢懈	0.000272	0.116534	0.000032
褏懈褌	0.001907	0.116534	0.000222
褏谢械斜	0.002180	0.040822	0.000089
褏谢械斜芯锌械褔泻邪	0.000272	0.116534	0.000032
褏谢芯锌褜褟	0.001907	0.094311	0.000180
褏芯蟹褟泄泻邪	0.000272	0.116534	0.000032
褏芯谢芯写	0.000272	3.912023	0.001066
褏芯谢芯写械褑	0.000272	0.040822	0.000011
褏芯谢芯写薪芯械	0.000545	0.116534	0.000064
褏芯谢芯写薪褘泄	0.000545	0.116534	0.000064
褏芯褉胁邪褌褋泻懈泄	0.000272	0.116534	0.000032
褏芯褉芯褕械薪褜泻芯	0.000272	4.605170	0.001255
褏芯褉芯褕懈泄	0.001362	0.040822	0.000056
褏芯褉芯褕芯	0.001362	0.105361	0.000144
褏芯褉褋	0.000272	0.116534	0.000032
褏芯褌械褌褜	0.001090	0.000000	0.000000
褏褉褍褋褌械褌褜	0.000272	0.713350	0.000194
褏褍屑褍褋邪	0.000272	0.040822	0.000011
褑邪褉褋褌胁芯	0.000272	0.127833	0.000035
褑邪褉褜	0.000272	0.116534	0.000032
褑胁械褌薪芯泄	0.000272	0.040822	0.000011
褑胁械褌芯泻	0.000272	3.506558	0.000955
褑械写褉邪	0.000545	1.832581	0.000999
褑械薪薪褘泄	0.000272	0.040822	0.000011
褑械薪褌褉	0.000272	0.116534	0.000032
褑褍泻邪褌	0.000817	4.605170	0.003764
褔邪械屑褘泄	0.000272	0.116534	0.000032
褔邪泄	0.000817	0.040822	0.000033
褔械斜褍褉械泻	0.000545	0.040822	0.000022
褔械屑	0.000272	0.994252	0.000271
褔械褉泻懈蟹芯胁褘泄	0.000545	0.116534	0.000064
褔械褋薪芯泻	0.000545	0.314711	0.000172
褔械褋褌薪芯泄	0.000272	0.040822	0.000011
褔械褔械胁懈褑邪	0.000272	0.040822	0.000011
褔械褕褋泻懈泄	0.000272	0.116534	0.000032
褔懈蟹泻械泄泻	0.001090	0.040822	0.000044
褔懈谢懈泄褋泻懈泄	0.000272	0.116534	0.000032
褔懈锌褋褘	0.000272	0.040822	0.000011
褔懈褋谢芯	0.000272	0.235722	0.000064
褔褍写芯	0.000272	0.116534	0.000032
褔褢褉薪褘泄	0.001090	0.356675	0.000389
褕邪谐	0.000272	3.506558	0.000955
褕邪褉懈泻	0.000272	0.040822	0.000011
褕邪褉谢芯褌泻邪	0.000545	0.040822	0.000022
褕邪褉屑	0.000272	0.116534	0.000032
褕邪褕谢褘泻	0.003542	0.040822	0.000145
褕胁械写褋泻懈泄	0.000272	0.116534	0.000032
褕胁械泄褑邪褉褋泻懈泄	0.000272	0.116534	0.000032
褕械写械胁褉	0.000272	0.116534	0.000032
褕械褎	0.000272	0.127833	0.000035
褕懈锌褍褔泻邪	0.000272	0.040822	0.000011
褕懈褉芯泻懈泄	0.000272	0.127833	0.000035
褕泻芯谢邪	0.000272	0.116534	0.000032
褕芯泻芯谢邪写	0.001635	0.040822	0.000067
褕芯泻芯谢邪写薪褘泄	0.000545	1.427116	0.000778
褕芯褌谢邪薪写褋泻懈泄	0.000272	0.116534	0.000032
褕褌褉褍写械谢褜	0.000272	0.040822	0.000011
褕褍褉锌邪	0.000272	0.040822	0.000011
褖械写褉芯	0.000272	3.912023	0.001066
褖械写褉褘泄	0.000272	0.116534	0.000032
褖懈	0.000545	0.040822	0.000022
褝泻芯屑懈谢泻	0.000272	0.127833	0.000035
褝褋褌芯薪褋泻懈泄	0.000272	0.116534	0.000032
褞谐芯褋谢邪胁褋泻懈泄	0.000272	0.116534	0.000032
褟谐芯写薪褘泄	0.001090	0.105361	0.000115
褟蟹褘泻	0.000272	0.040822	0.000011
褟懈褔薪褘泄	0.002180	0.941609	0.002053
褟泄褑芯	0.004632	0.040822	0.000189
褟薪写械泻褋	0.000272	0.072571	0.000020
褟锌芯薪褋泻懈泄	0.000545	0.051293	0.000028
褟褉泻懈泄	0.000272	0.116534	0.000032
褟褉泻芯	0.000272	0.105361	0.000029
