谢械屑屑邪	TF	IDF	TF-IDF
邪斜褏邪蟹褋泻懈泄	0.000316	0.116534	0.000037
邪胁褋褌褉邪谢懈泄褋泻懈泄	0.000316	0.116534	0.000037
邪胁褋褌褉懈泄褋泻懈泄	0.000316	0.116534	0.000037
邪胁褌芯泻谢邪胁	0.000316	0.116534	0.000037
邪胁褌芯褉	0.003165	0.040822	0.000129
邪谐褉芯	0.000316	0.116534	0.000037
邪写卸懈泻邪	0.000316	0.040822	0.000013
邪蟹	0.000316	0.127833	0.000040
邪蟹械褉斜邪泄写卸邪薪褋泻懈泄	0.000316	0.116534	0.000037
邪蟹懈邪褌褋泻懈泄	0.000316	0.127833	0.000040
邪泄褉邪薪	0.000316	0.040822	0.000013
邪泻胁邪褌懈泻	0.000949	0.127833	0.000121
邪谢械泻褋械泄	0.000316	0.127833	0.000040
邪谢泻芯谐芯谢褜	0.000949	0.116534	0.000111
邪谢泻芯谐芯谢褜薪褘泄	0.000316	0.116534	0.000037
邪谢褜褟薪褋	0.000316	0.116534	0.000037
邪屑械褉懈泻邪薪褋泻懈泄	0.000316	0.116534	0.000037
邪薪谐谢懈泄褋泻懈泄	0.000316	0.116534	0.000037
邪薪写褉械泄	0.000316	0.127833	0.000040
邪褉邪斜褋泻懈泄	0.000316	0.116534	0.000037
邪褉谐械薪褌懈薪褋泻懈泄	0.000316	0.116534	0.000037
邪褉屑褟薪褋泻懈泄	0.000316	0.116534	0.000037
邪褉芯屑邪褌	0.000316	0.820981	0.000260
邪褉芯屑邪褌薪褘泄	0.000316	0.693147	0.000219
邪褋褋芯褉褌懈	0.000633	0.116534	0.000074
邪褌谢邪薪褌	0.000316	0.116534	0.000037
邪褎谐邪薪褋泻懈泄	0.000316	0.116534	0.000037
邪褎褉懈泻邪薪褋泻懈泄	0.000316	0.116534	0.000037
邪褝褉芯谐褉懈谢褜	0.003165	0.116534	0.000369
斜邪泻谢邪卸邪薪	0.000633	0.040822	0.000026
斜邪谢褌泻芯屑邪	0.000316	0.127833	0.000040
斜邪褉邪薪懈薪邪	0.001266	0.116534	0.000148
斜邪褋屑邪褌懈	0.000633	0.127833	0.000081
斜邪褋褌褍褉屑	0.000316	0.040822	0.000013
斜邪褋褌褍褉屑邪	0.000316	0.040822	0.000013
斜邪褌芯薪褔懈泻	0.000316	0.127833	0.000040
斜邪褕泻懈褉褋泻懈泄	0.000316	0.116534	0.000037
斜械蟹邪谢泻芯谐芯谢褜薪褘泄	0.000316	0.116534	0.000037
斜械蟹谐谢褞褌械薪芯胁芯械	0.000316	0.116534	0.000037
斜械蟹械	0.001266	0.040822	0.000052
斜械谢械斜械械胁褋泻懈泄	0.000633	0.116534	0.000074
斜械谢泻邪	0.000633	2.120264	0.001342
斜械谢芯泻芯褔邪薪薪褘泄	0.001266	0.967584	0.001225
斜械谢芯褉褍褋褋泻懈泄	0.000316	0.116534	0.000037
斜械谢褜谐懈泄褋泻懈泄	0.000316	0.116534	0.000037
斜械褉械屑械薪薪邪褟	0.000316	0.116534	0.000037
斜械褋械写懈薪	0.000316	0.127833	0.000040
斜械褌邪	0.000316	4.605170	0.001457
斜懈褋泻胁懈褌	0.000633	0.040822	0.000026
斜懈褋泻胁懈褌薪褘泄	0.000949	0.105361	0.000100
斜谢懈蟹泻懈泄	0.000633	0.116534	0.000074
斜谢懈薪	0.001899	0.040822	0.000078
斜谢芯谐	0.000633	2.302585	0.001457
斜谢褞写芯	0.036709	0.040822	0.001499
斜芯斜芯胁褘泄	0.004114	0.116534	0.000479
斜芯谢谐邪褉褋泻懈泄	0.000316	0.116534	0.000037
斜芯谢褜褕懈泄	0.000316	2.040221	0.000646
斜芯谢褜褕芯泄	0.000949	0.094311	0.000090
斜芯褉褖	0.000633	0.040822	0.000026
斜芯褌胁懈薪褜褟	0.000316	0.040822	0.000013
斜褉邪胁懈褋褋懈懈屑屑屑芯芯芯	0.000316	4.605170	0.001457
斜褉邪蟹懈谢褜褋泻懈泄	0.000316	0.116534	0.000037
斜褉邪褍蟹械褉	0.000316	0.040822	0.000013
斜褉邪褍薪懈	0.000316	0.040822	0.000013
斜褉械褋褌	0.000316	0.127833	0.000040
斜褉芯泻泻芯谢懈	0.000316	0.040822	0.000013
斜褍卸械薪懈薪邪	0.000316	0.040822	0.000013
斜褍泻胁邪谢褜薪芯	0.000633	2.407946	0.001524
斜褍谢芯褔泻邪	0.000949	0.040822	0.000039
斜褍谢褜芯薪	0.003481	0.040822	0.000142
斜褍褉谐械褉	0.000633	0.040822	0.000026
斜褍褉褟褌褋泻懈泄	0.000316	0.116534	0.000037
斜褍褌械褉斜褉芯写	0.001266	0.040822	0.000052
斜褍褏谐邪谢褌械褉	0.000316	4.605170	0.001457
斜褘胁邪褌褜	0.000633	1.897120	0.001201
斜褘褋褌褉芯	0.001582	0.094311	0.000149
斜褘褋褌褉褘泄	0.001266	0.094311	0.000119
胁邪卸薪褘泄	0.000316	0.116534	0.000037
胁邪泄	0.000949	4.605170	0.004372
胁邪谢谢懈泄褋泻懈泄	0.000316	0.116534	0.000037
胁邪褉械薪懈械	0.000633	0.040822	0.000026
胁邪褉械薪懈泻	0.000316	0.116534	0.000037
胁邪褉懈邪薪褌	0.000316	0.356675	0.000113
胁邪褌褉褍褕泻邪	0.000316	0.040822	0.000013
胁邪褎谢褟	0.000633	0.040822	0.000026
胁邪褏邪	0.000316	4.605170	0.001457
胁邪褕	0.001582	0.000000	0.000000
胁胁芯写	0.000316	2.302585	0.000729
胁胁芯写懈褌褜	0.000316	0.040822	0.000013
胁写芯褏薪芯胁械薪懈械	0.001899	0.116534	0.000221
胁写芯褏薪芯胁谢褟褌褜褋褟	0.000316	0.116534	0.000037
胁械谐械褌邪褉懈邪薪褋泻懈泄	0.000633	0.116534	0.000074
胁械谢懈泻懈泄	0.000316	0.116534	0.000037
胁械谢懈泻芯谢械锌薪褘泄	0.000316	1.427116	0.000452
胁械薪谐械褉褋泻懈泄	0.000316	0.116534	0.000037
胁械褉懈褌褜	0.000316	2.407946	0.000762
胁械褉褋懈褟	0.000316	1.897120	0.000600
胁械褋械薪薪懈泄	0.000316	0.051293	0.000016
胁械褋薪邪	0.002215	0.116534	0.000258
胁械褌褔懈薪邪	0.000316	0.094311	0.000030
胁蟹褟褌褜	0.000316	1.171183	0.000371
胁懈写	0.000316	0.776529	0.000246
胁懈写械芯	0.000633	0.116534	0.000074
胁懈谢泻邪	0.000316	3.218876	0.001019
胁懈薪芯	0.000633	0.040822	0.000026
胁泻褍褋	0.005380	0.105361	0.000567
胁泻褍褋薪芯	0.003165	0.094311	0.000298
胁泻褍褋薪褘泄	0.002848	0.061875	0.000176
胁谢褞斜懈褌褜	0.000316	0.116534	0.000037
胁屑械褋褌械	0.000316	0.916291	0.000290
胁芯胁褋械	0.000316	3.912023	0.001238
胁芯写邪	0.002215	0.094311	0.000209
胁芯蟹屑芯卸薪芯	0.000316	1.469676	0.000465
胁芯泄褌懈	0.001266	0.000000	0.000000
胁芯谢芯胁邪薪	0.000316	0.116534	0.000037
胁芯谢褕械斜薪褘泄	0.000316	0.116534	0.000037
胁芯谢褕械斜褋褌胁芯	0.000316	0.116534	0.000037
胁芯芯斜褖械	0.001266	1.386294	0.001755
胁芯锌褉芯褋	0.000633	0.000000	0.000000
胁芯褋锌芯谢褜蟹芯胁邪褌褜褋褟	0.000316	1.832581	0.000580
胁芯褋褌芯褔薪褘泄	0.000316	0.127833	0.000040
胁褉械屑褟	0.002532	0.105361	0.000267
胁褋锌芯屑薪懈褌褜	0.000316	0.040822	0.000013
胁褋褌邪胁泻邪	0.000633	2.407946	0.001524
胁褋褌褉械褔邪褌褜褋褟	0.000316	3.912023	0.001238
胁褋褌褍锌邪褌褜	0.000316	2.302585	0.000729
胁褌芯褉芯械	0.000316	0.116534	0.000037
胁褌芯褉芯泄	0.000316	0.116534	0.000037
胁褏芯写	0.000949	0.030459	0.000029
胁褘谐谢褟写械褌褜	0.000316	1.469676	0.000465
胁褘写邪胁邪褌褜	0.000316	3.506558	0.001110
胁褘泄褌懈	0.000316	0.040822	0.000013
胁褘谢芯卸懈褌褜	0.000316	1.832581	0.000580
胁褘锌械褔泻邪	0.004747	0.040822	0.000194
胁褜械褌薪邪屑褋泻懈泄	0.000316	0.116534	0.000037
谐邪胁邪泄褋泻懈泄	0.000316	0.116534	0.000037
谐邪褉邪卸	0.000316	1.078810	0.000341
谐邪褉薪懈褉	0.001899	0.040822	0.000078
谐邪褋锌邪褔芯	0.000316	0.040822	0.000013
谐械芯谐褉邪褎懈褟	0.000316	0.116534	0.000037
谐谢邪胁薪褘泄	0.000316	0.040822	0.000013
谐谢邪蟹褍褉褜	0.000949	0.040822	0.000039
谐谢懈薪褌胁械泄薪	0.000316	0.040822	0.000013
谐芯胁芯褉懈褌褜	0.000316	1.272966	0.000403
谐芯胁褟写懈薪邪	0.001266	0.116534	0.000148
谐芯写	0.003165	0.083382	0.000264
谐芯谢谢邪薪写褋泻懈泄	0.000316	0.116534	0.000037
谐芯褉械谢褘泄	0.000633	4.605170	0.002915
谐芯褉芯写	0.000316	0.116534	0.000037
谐芯褉芯褏	0.000316	0.116534	0.000037
谐芯褉褔懈褑邪	0.000949	0.040822	0.000039
谐芯褉褕芯褔械泻	0.000633	0.040822	0.000026
谐芯褉褟褔械械	0.000633	0.116534	0.000074
谐芯褉褟褔懈泄	0.015506	0.105361	0.001634
谐芯褋褌褜	0.000316	0.116534	0.000037
谐芯褌芯胁懈褌褜	0.006646	0.083382	0.000554
谐芯褌芯胁懈褌褜褋褟	0.001266	0.371064	0.000470
谐芯褌芯胁褘泄	0.000633	0.755023	0.000478
谐褉械薪泻邪	0.000633	0.040822	0.000026
谐褉械褔械褋泻懈泄	0.000316	0.116534	0.000037
谐褉械褔泻邪	0.000316	0.040822	0.000013
谐褉懈斜	0.005063	0.040822	0.000207
谐褉懈斜薪芯泄	0.000633	0.040822	0.000026
谐褉懈谢褜	0.003165	0.105361	0.000333
谐褉懈谢褜屑邪薪懈褟	0.000316	0.116534	0.000037
谐褉芯谐	0.000316	0.040822	0.000013
谐褉褍蟹懈薪褋泻懈泄	0.000316	0.116534	0.000037
谐褉褍锌锌邪	0.000949	0.061875	0.000059
谐褍褉屑	0.000316	0.127833	0.000040
谐褍褉屑邪薪懈褟	0.001899	0.116534	0.000221
谐褍褋褜	0.000633	0.105361	0.000067
写邪胁邪褌褜	0.000316	0.040822	0.000013
写邪谢褢泻懈泄	0.000316	2.659260	0.000842
写邪薪斜褍褉	0.000316	3.912023	0.001238
写邪薪薪褘械	0.000316	0.040822	0.000013
写邪褉	0.000316	0.116534	0.000037
写邪褌褋泻懈泄	0.000316	0.116534	0.000037
写邪褌褜	0.000316	0.040822	0.000013
写邪褔薪褘泄	0.000949	0.116534	0.000111
写胁邪	0.000316	0.967584	0.000306
写械械锌褉懈褔邪褋褌懈械	0.000316	4.605170	0.001457
写械泻芯褉	0.000316	0.127833	0.000040
写械谢邪褌褜	0.001266	0.083382	0.000106
写械谢懈褌褜褋褟	0.000316	0.040822	0.000013
写械谢芯	0.000316	0.105361	0.000033
写械屑芯薪褋褌褉邪褑懈褟	0.000316	4.605170	0.001457
写械薪褜	0.003165	0.040822	0.000129
写械褋械褉褌	0.005380	0.040822	0.000220
写械褋械褉褌邪褑懈褟	0.000316	0.116534	0.000037
写械褋械褉褌薪褘泄	0.000316	0.116534	0.000037
写械褋褟褌褜	0.000633	2.040221	0.001291
写卸械屑	0.000316	0.040822	0.000013
写卸械屑邪	0.000316	0.040822	0.000013
写蟹械薪	0.000316	0.116534	0.000037
写懈械褌邪	0.000633	0.094311	0.000060
写懈泻懈泄	0.000949	0.116534	0.000111
写懈锌	0.000316	0.116534	0.000037
写懈褔褜	0.000949	0.116534	0.000111
写薪械胁薪懈泻	0.000316	0.061875	0.000020
写芯斜邪胁懈褌褜	0.001266	0.083382	0.000106
写芯斜邪胁谢褟褌褜	0.000949	0.040822	0.000039
写芯斜褉芯褎谢芯褌	0.000316	0.127833	0.000040
写芯斜褘胁邪褌褜	0.000316	4.605170	0.001457
写芯胁械褉褟褌褜	0.000316	0.116534	0.000037
写芯谢褟	0.000316	4.605170	0.001457
写芯屑	0.003481	0.040822	0.000142
写芯屑邪褕薪懈泄	0.003797	0.040822	0.000155
写褉邪泄胁	0.001582	0.127833	0.000202
写褉芯卸卸械胁芯泄	0.000316	0.116534	0.000037
写褉褍谐	0.000316	0.544727	0.000172
写褍屑邪褌褜	0.000316	0.634878	0.000201
写褍褏芯胁泻邪	0.002848	0.105361	0.000300
写褍褕邪	0.000949	0.105361	0.000100
械胁褉械泄褋泻懈泄	0.000316	0.116534	0.000037
械谐懈锌械褌褋泻懈泄	0.000316	0.116534	0.000037
械写懈薪褘泄	0.000316	0.000000	0.000000
械泻芯	0.000316	0.127833	0.000040
械褎械薪褌褎	0.000316	4.605170	0.001457
卸邪谢褜	0.000316	3.218876	0.001019
卸邪褉械薪褘泄	0.003797	1.272966	0.004834
卸邪褉懈褌褜	0.000949	1.347074	0.001279
卸邪褉泻芯械	0.000316	0.040822	0.000013
卸写邪褌褜	0.000316	2.207275	0.000699
卸械谢械	0.000949	0.040822	0.000039
卸械薪褋泻懈泄	0.000949	0.020203	0.000019
卸械薪褖懈薪邪	0.000949	0.061875	0.000059
卸懈胁芯泄	0.000316	2.995732	0.000948
卸懈胁褜褢屑	0.000316	4.605170	0.001457
卸懈蟹薪褜	0.000633	0.040822	0.000026
卸懈褉	0.000633	1.897120	0.001201
卸褍谢褜械薪	0.000316	0.040822	0.000013
卸褍褉薪邪谢	0.000316	0.072571	0.000023
卸褞谢褜械薪	0.000316	0.040822	0.000013
卸褞谢褜薪褘泄	0.000316	0.040822	0.000013
蟹邪胁邪褉薪芯泄	0.000633	0.116534	0.000074
蟹邪胁褌褉邪泻	0.002848	0.094311	0.000269
蟹邪谐芯褌芯胁泻邪	0.001266	0.040822	0.000052
蟹邪写邪胁邪褌褜	0.000316	0.040822	0.000013
蟹邪写邪褔邪	0.000316	4.605170	0.001457
蟹邪泻胁邪褋泻邪	0.000949	0.040822	0.000039
蟹邪泻褉褘褌褘泄	0.000316	0.116534	0.000037
蟹邪泻褍褋泻邪	0.006646	0.040822	0.000271
蟹邪泻褍褋芯薪褔懈泻	0.000316	0.116534	0.000037
蟹邪泻褍褋芯褔泻邪	0.000316	0.116534	0.000037
蟹邪泻褍褋芯褔薪邪褟	0.002848	0.116534	0.000332
蟹邪谢懈胁薪芯械	0.000633	0.040822	0.000026
蟹邪屑芯褉芯蟹泻邪	0.000316	0.105361	0.000033
蟹邪锌邪写	0.000316	0.116534	0.000037
蟹邪锌械泻邪薪泻邪	0.003481	0.040822	0.000142
蟹邪锌械褔褜	0.001582	0.916291	0.001450
蟹邪锌懈褋褜	0.000316	1.897120	0.000600
蟹邪锌褉邪胁泻邪	0.000633	0.040822	0.000026
蟹邪褉械谐懈褋褌褉懈褉芯胁邪褌褜	0.000316	1.897120	0.000600
蟹邪褉械谐懈褋褌褉懈褉芯胁邪褌褜褋褟	0.000949	0.030459	0.000029
蟹邪褉锌谢邪褌邪	0.000316	4.605170	0.001457
蟹邪褋芯谢泻邪	0.000316	0.116534	0.000037
蟹邪褌褉褍写薪械薪懈械	0.001266	3.506558	0.004439
蟹邪褟褑	0.000633	0.116534	0.000074
蟹胁邪薪褘泄	0.000316	0.127833	0.000040
蟹胁械蟹写邪	0.000316	0.116534	0.000037
蟹胁褢蟹写薪褘泄	0.000316	0.116534	0.000037
蟹写芯褉芯胁褘泄	0.000633	0.116534	0.000074
蟹写芯褉芯胁褜械	0.000633	1.897120	0.001201
蟹写褉邪胁褋褌胁褍泄褌械	0.000316	2.407946	0.000762
蟹械谢械薪褜	0.000633	0.094311	0.000060
蟹械褎懈褉	0.000316	0.040822	0.000013
蟹懈屑邪	0.001266	0.040822	0.000052
蟹懈屑薪懈泄	0.000316	0.051293	0.000016
蟹薪邪褔懈褌	0.000316	2.659260	0.000842
蟹芯谢芯褌芯泄	0.000316	0.116534	0.000037
懈胁邪薪	0.003797	2.407946	0.009144
懈胁邪薪芯胁	0.000316	0.127833	0.000040
懈胁邪薪芯胁懈褔	0.003797	2.525729	0.009591
懈写械邪谢褜薪褘泄	0.002215	0.116534	0.000258
懈写械泄泻邪	0.000316	0.116534	0.000037
懈写褌懈	0.001266	1.832581	0.002320
懈蟹写械谢懈械	0.001899	0.116534	0.000221
懈蟹谢邪谐邪褌褜	0.000316	4.605170	0.001457
懈泻褉邪	0.000949	0.040822	0.000039
懈屑褟	0.001582	0.030459	0.000048
懈薪胁械褉褌芯褉薪褘泄	0.000316	0.127833	0.000040
懈薪谐褉械写懈械薪褌	0.001266	0.139262	0.000176
懈薪写械泄泻邪	0.001899	0.094311	0.000179
懈薪写懈泄褋泻懈泄	0.000316	0.116534	0.000037
懈薪写懈谢邪泄褌邪	0.000949	0.116534	0.000111
懈薪写懈褉械褋薪褘泄	0.000316	0.116534	0.000037
懈薪褋褌褉褍泻褑懈褟	0.000316	0.030459	0.000010
懈褉邪泻褋泻懈泄	0.000316	0.116534	0.000037
懈褉邪薪褋泻懈泄	0.000316	0.116534	0.000037
懈褉卸泻邪	0.000949	3.912023	0.003714
懈褉谢邪薪写褋泻懈泄	0.000316	0.116534	0.000037
懈褉褍褕械薪械泻	0.000316	2.525729	0.000799
懈褋泻褉械薪薪械	0.000316	0.116534	0.000037
懈褋谢邪薪写褋泻懈泄	0.000316	0.116534	0.000037
懈褋锌邪薪褋泻懈泄	0.000316	0.116534	0.000037
懈褋锌邪褉械薪懈械	0.000316	4.605170	0.001457
懈褋锌械褔褜	0.000316	0.105361	0.000033
懈褋锌芯谢褜蟹芯胁邪褌褜褋褟	0.000633	1.714798	0.001085
懈褋褌芯褉懈褟	0.001899	0.116534	0.000221
懈褌邪谢懈褟	0.000633	0.105361	0.000067
懈褌邪谢褜褟薪褋泻懈泄	0.000316	0.105361	0.000033
泄芯谐褍褉褌	0.000949	0.040822	0.000039
泻邪斜邪褔芯泻	0.000316	0.040822	0.000013
泻邪胁泻邪蟹褋泻懈泄	0.000316	0.116534	0.000037
泻邪蟹邪薪	0.000316	0.116534	0.000037
泻邪蟹邪褏褋泻懈泄	0.000316	0.116534	0.000037
泻邪泻邪芯	0.000633	0.040822	0.000026
泻邪谢械泄写芯褋泻芯锌	0.001266	0.116534	0.000148
泻邪谢屑褘褑泻懈泄	0.000316	0.116534	0.000037
泻邪谢褜屑邪褉	0.000316	0.040822	0.000013
泻邪屑械褉邪	0.000316	0.116534	0.000037
泻邪薪邪写褋泻懈泄	0.000316	0.116534	0.000037
泻邪薪邪谢	0.000949	0.040822	0.000039
泻邪薪邪锌械	0.000633	0.040822	0.000026
泻邪锌褍褋褌邪	0.011392	0.040822	0.000465
泻邪锌褍褋褌薪褘泄	0.000633	1.609438	0.001019
泻邪锌褍褋褌薪褟泻	0.000316	0.040822	0.000013
泻邪褉邪屑械谢懈蟹邪褑懈褟	0.000316	4.605170	0.001457
泻邪褉邪屑械谢褜	0.000316	0.040822	0.000013
泻邪褉泻邪褋薪褘泄	0.001266	0.116534	0.000148
泻邪褉褌芯褎械谢褜	0.000316	0.040822	0.000013
泻邪褉褌芯褎械谢褜薪褘泄	0.000949	0.040822	0.000039
泻邪褉褌芯褕泻邪	0.000633	0.040822	0.000026
泻邪褌械谐芯褉懈褟	0.001266	0.116534	0.000148
泻邪褔械褋褌胁芯	0.000316	0.105361	0.000033
泻邪褕邪	0.002215	0.040822	0.000090
泻胁邪褋	0.001266	0.040822	0.000052
泻胁邪褋薪芯泄	0.000949	0.116534	0.000111
泻械泻褋	0.000949	0.040822	0.000039
泻械褎懈褉	0.000316	0.040822	0.000013
泻懈屑褔邪褌褜	0.000316	0.040822	0.000013
泻懈薪芯邪	0.000633	0.127833	0.000081
泻懈薪芯谢械薪褌邪	0.000316	0.116534	0.000037
泻懈褋械谢褜	0.000633	0.040822	0.000026
泻懈褌邪泄褋泻懈泄	0.000316	0.116534	0.000037
泻泻邪谢	0.001266	2.302585	0.002915
泻谢邪褋褋	0.002848	0.116534	0.000332
泻薪懈谐邪	0.000316	0.040822	0.000013
泻芯写	0.001582	2.407946	0.003810
泻芯泻褌械泄谢褜	0.001899	0.040822	0.000078
泻芯谢斜邪褋邪	0.000316	0.040822	0.000013
泻芯谢斜邪褋薪褘泄	0.000949	0.116534	0.000111
泻芯屑邪薪写邪	0.000633	0.127833	0.000081
泻芯屑懈	0.000316	0.116534	0.000037
泻芯屑屑械薪褌邪褉懈泄	0.001582	0.127833	0.000202
泻芯屑锌邪薪懈褟	0.000316	0.105361	0.000033
泻芯屑锌芯褌	0.000949	0.040822	0.000039
泻芯薪械褔薪芯	0.001899	0.527633	0.001002
泻芯薪懈薪邪	0.000316	0.116534	0.000037
泻芯薪泻褍褉褋	0.068354	0.040822	0.002790
泻芯薪泻褍褉褋薪褘泄	0.000316	0.127833	0.000040
泻芯薪褋械褉胁懈褉芯胁邪薪懈械	0.000316	0.040822	0.000013
泻芯薪褋械褉胁懈褉芯胁邪薪薪褘泄	0.001582	0.116534	0.000184
泻芯薪褌邪泻褌	0.000316	2.302585	0.000729
泻芯薪褎械褌邪	0.000949	0.040822	0.000039
泻芯薪褎械褌褌懈	0.000316	0.116534	0.000037
泻芯薪褎懈写械薪褑懈邪谢褜薪芯褋褌褜	0.000316	0.040822	0.000013
泻芯薪褎懈褌褞褉	0.000316	0.040822	0.000013
泻芯锌褔褢薪芯褋褌褜	0.000633	0.116534	0.000074
泻芯褉械泄褋泻懈	0.000316	0.040822	0.000013
泻芯褉械泄褋泻懈泄	0.000316	0.105361	0.000033
泻芯褉卸懈泻	0.000316	0.040822	0.000013
泻芯褉屑懈褌褜	0.000316	0.116534	0.000037
泻芯褌谢械褌邪	0.000633	0.040822	0.000026
泻芯褎械	0.000633	0.040822	0.000026
泻芯褔邪薪	0.000633	4.605170	0.002915
泻褉邪褋泻邪	0.000316	0.116534	0.000037
泻褉邪褋芯褌懈褖邪	0.000316	4.605170	0.001457
泻褉械邪褌懈胁	0.000316	0.127833	0.000040
泻褉械屑	0.000949	0.040822	0.000039
泻褉械锌泻懈泄	0.000316	0.116534	0.000037
泻褉芯谢懈泻	0.000633	0.116534	0.000074
泻褉芯屑械	0.000316	0.061875	0.000020
泻褉芯褏邪	0.000316	0.116534	0.000037
泻褉褍谐	0.000633	0.116534	0.000074
泻褉褍锌	0.001899	0.105361	0.000200
泻褉褍锌邪	0.002848	0.116534	0.000332
泻褉褍锌褟薪芯泄	0.000316	0.116534	0.000037
泻褉褘褕泻邪	0.000316	3.506558	0.001110
泻褍斜懈薪褋泻懈泄	0.000316	0.116534	0.000037
泻褍谢械褕	0.000316	0.040822	0.000013
泻褍谢懈薪邪褉懈褟	0.000949	0.094311	0.000090
泻褍谢懈薪邪褉薪褘泄	0.001899	0.000000	0.000000
泻褍谢懈褔	0.000633	0.040822	0.000026
泻褍褉写褋泻懈泄	0.000316	0.116534	0.000037
泻褍褉懈薪褘泄	0.000949	0.094311	0.000090
泻褍褉懈褑邪	0.001266	0.040822	0.000052
泻褍褉芯褔泻邪	0.000316	0.116534	0.000037
泻褍褋泻褍褋	0.000316	0.040822	0.000013
泻褍褏薪褟	0.002215	0.040822	0.000090
谢邪胁邪褕	0.001899	0.040822	0.000078
谢邪谐屑邪薪	0.000316	0.040822	0.000013
谢邪泻芯屑褋褌胁芯	0.000316	0.116534	0.000037
谢邪锌褕邪	0.000633	0.040822	0.000026
谢邪褌褘褕褋泻懈泄	0.000316	0.116534	0.000037
谢械谐泻芯	0.001899	0.116534	0.000221
谢械锌褢褕泻邪	0.000633	0.040822	0.000026
谢械褌薪懈泄	0.000633	0.040822	0.000026
谢械褌芯	0.002532	0.116534	0.000295
谢械褔芯	0.000316	0.040822	0.000013
谢懈谐邪	0.000949	0.116534	0.000111
谢懈泻褢褉	0.000316	0.040822	0.000013
谢懈屑芯薪邪写	0.000633	0.040822	0.000026
谢懈褌芯胁褋泻	0.000316	0.127833	0.000040
谢懈褌芯胁褋泻懈泄	0.000316	0.116534	0.000037
谢懈褑芯	0.000316	3.218876	0.001019
谢芯屑芯褌褜	0.000633	4.605170	0.002915
谢芯屑褌懈泻	0.000316	3.506558	0.001110
谢褞斜懈屑褘泄	0.003797	0.116534	0.000443
谢褞斜芯胁褜	0.000633	0.105361	0.000067
谢褞斜芯泄	0.000316	0.094311	0.000030
谢褢谐泻懈泄	0.000949	0.094311	0.000090
谢褢写	0.000316	0.116534	0.000037
屑邪谐褉懈斜	0.000316	0.116534	0.000037
屑邪泄	0.000633	0.116534	0.000074
屑邪泄芯薪械蟹	0.000633	0.116534	0.000074
屑邪泻邪褉芯薪薪褘泄	0.000316	0.116534	0.000037
屑邪泻邪褉芯薪褘	0.000316	0.040822	0.000013
屑邪谢邪蟹懈泄褋泻懈泄	0.000316	0.116534	0.000037
屑邪谢械薪褜泻懈泄	0.000316	1.514128	0.000479
屑邪薪薪懈泻	0.000316	0.040822	0.000013
屑邪薪褌邪	0.000316	0.116534	0.000037
屑邪薪褢胁褉	0.000316	0.116534	0.000037
屑邪褉邪褎芯薪	0.000949	0.116534	0.000111
屑邪褉懈薪邪	0.000633	2.525729	0.001599
屑邪褉懈薪邪写	0.003797	0.040822	0.000155
屑邪褉懈薪芯胁邪褌褜	0.000633	0.116534	0.000074
屑邪褉屑械谢邪写	0.000316	0.040822	0.000013
屑邪褉芯泻泻邪薪褋泻懈泄	0.000316	0.116534	0.000037
屑邪褉褌	0.001582	0.105361	0.000167
屑邪褋泻邪褉锌芯薪	0.000316	0.040822	0.000013
屑邪褋谢械薪懈褑邪	0.000949	0.040822	0.000039
屑邪褋谢械薪懈褔薪褘泄	0.000316	0.116534	0.000037
屑邪褋谢芯	0.003481	0.105361	0.000367
屑邪褋褌械褉	0.002848	0.116534	0.000332
屑邪褋褌懈泻邪	0.000633	0.040822	0.000026
屑邪褎褎懈薪邪	0.000316	0.116534	0.000037
屑邪褏械械胁褗	0.001266	0.116534	0.000148
屑械写懈邪褎芯褉褌	0.000949	0.000000	0.000000
屑械写芯胁褘泄	0.000316	0.116534	0.000037
屑械泻褋懈泻邪薪褋泻懈泄	0.000316	0.116534	0.000037
屑械薪褞	0.000316	0.116534	0.000037
屑械薪褟褌褜褋褟	0.000316	0.116534	0.000037
屑械褔褌邪	0.000949	0.040822	0.000039
屑懈写懈褟	0.000316	0.040822	0.000013
屑懈泻褉芯	0.000316	3.912023	0.001238
屑懈泻褉芯胁芯谢薪邪	0.000316	4.605170	0.001457
屑懈泻褉芯胁芯谢薪芯胁泻邪	0.000633	0.105361	0.000067
屑懈谢谢懈屑械褌褉	0.000316	4.605170	0.001457
屑懈谢褜褟	0.000316	0.116534	0.000037
屑懈薪褍褌邪	0.001582	0.544727	0.000862
屑懈芯	0.000316	0.116534	0.000037
屑懈褉	0.000633	0.105361	0.000067
屑懈褉芯胁芯泄	0.000316	0.116534	0.000037
屑懈褋芯	0.000316	0.040822	0.000013
屑懈褋褌械褉懈褟	0.000316	0.116534	0.000037
屑懈褋褌褉邪谢褜	0.002215	0.116534	0.000258
屑薪芯谐芯	0.000316	0.776529	0.000246
屑薪芯卸械褋褌胁芯	0.000316	0.040822	0.000013
屑芯泄	0.000633	0.083382	0.000053
屑芯谢写邪胁褋泻懈泄	0.000316	0.116534	0.000037
屑芯谢芯写芯泄	0.005380	2.813411	0.015135
屑芯谢芯泻芯	0.000633	0.083382	0.000053
屑芯谢芯褔薪褘泄	0.000949	0.040822	0.000039
屑芯屑械薪褌	0.001266	0.105361	0.000133
屑芯薪谐芯谢褜褋泻懈泄	0.000316	0.116534	0.000037
屑芯薪褌邪薪邪	0.000316	4.605170	0.001457
屑芯褉械	0.000316	0.116534	0.000037
屑芯褉械锌褉芯写褍泻褌	0.004114	0.040822	0.000168
屑芯褉泻芯胁褜	0.000316	0.040822	0.000013
屑芯褉芯卸械薪芯械	0.000949	0.040822	0.000039
屑芯褉褋	0.000633	0.040822	0.000026
屑芯褌芯褉	0.000316	0.116534	0.000037
屑芯褏懈褌褘泄	0.000316	0.040822	0.000013
屑芯褔褜	0.000949	0.000000	0.000000
屑褍卸褋泻芯泄	0.000316	0.127833	0.000040
屑褍卸褔懈薪邪	0.000633	0.116534	0.000074
屑褍谢褜褌懈胁邪褉泻邪	0.012025	0.116534	0.001401
屑褍谢褜褌懈锌械泻邪褉褜	0.000949	0.116534	0.000111
屑褍褋褋	0.000316	0.040822	0.000013
屑褍褋褋邪	0.000949	0.040822	0.000039
屑褍褔薪芯泄	0.000316	0.116534	0.000037
屑褜褟褟褟褋	0.000316	4.605170	0.001457
屑褞褋谢懈	0.000633	0.116534	0.000074
屑褟褋薪芯泄	0.003481	0.040822	0.000142
屑褟褋芯	0.008544	0.040822	0.000349
薪邪胁械褉褏	0.000316	2.302585	0.000729
薪邪谐褉械胁	0.000633	4.605170	0.002915
薪邪写褢卸薪褘泄	0.000316	3.506558	0.001110
薪邪蟹邪写	0.006646	0.967584	0.006430
薪邪蟹胁邪薪懈械	0.000316	0.562119	0.000178
薪邪蟹薪邪褔械薪懈械	0.000949	0.116534	0.000111
薪邪谢懈胁泻邪	0.000316	0.040822	0.000013
薪邪锌懈褌芯泻	0.002215	0.040822	0.000090
薪邪锌芯屑懈薪邪谢泻邪	0.000316	4.605170	0.001457
薪邪锌褉懈屑械褉	0.000316	1.771957	0.000561
薪邪褉褟写褍	0.000316	3.912023	0.001238
薪邪褋褌芯泄泻邪	0.000316	0.040822	0.000013
薪邪褋褌褉芯械薪懈械	0.000316	0.116534	0.000037
薪邪褑懈芯薪邪谢褜薪褘泄	0.000316	0.116534	0.000037
薪邪褔邪褌褜	0.000316	1.771957	0.000561
薪邪褔懈薪泻邪	0.001266	0.040822	0.000052
薪邪褕	0.001266	0.040822	0.000052
薪械斜芯谢褜褕芯泄	0.000316	1.832581	0.000580
薪械斜褘胁邪谢褘泄	0.000316	4.605170	0.001457
薪械写械谢褟	0.003165	0.051293	0.000162
薪械卸薪褘泄	0.000633	0.094311	0.000060
薪械屑械褑泻懈泄	0.000316	0.116534	0.000037
薪械屑薪芯谐芯	0.000316	1.203973	0.000381
薪械芯卸懈写邪薪薪褘泄	0.000316	0.116534	0.000037
薪械褋谢邪写泻懈泄	0.000316	0.116534	0.000037
薪芯胁芯谐芯写薪懈泄	0.006962	0.040822	0.000284
薪芯胁芯褋褌褜	0.000316	0.061875	0.000020
薪芯胁褘泄	0.004114	0.030459	0.000125
薪芯褉胁械卸褋泻懈泄	0.000316	0.116534	0.000037
薪芯褋褌邪谢褜谐懈褔械褋泻懈泄	0.000316	4.605170	0.001457
薪褉邪胁懈褌褜褋褟	0.000316	0.941609	0.000298
薪褜褞	0.000316	2.207275	0.000699
芯斜胁邪褉懈胁邪褌褜	0.000949	4.605170	0.004372
芯斜械写	0.001266	0.105361	0.000133
芯斜械蟹褜褟薪邪	0.000316	0.116534	0.000037
芯斜褖邪褌褜褋褟	0.000316	0.040822	0.000013
芯胁芯褖	0.010127	0.094311	0.000955
芯胁芯褖薪芯泄	0.004114	0.040822	0.000168
芯胁褋褟薪褘泄	0.000316	0.105361	0.000033
芯谐薪械薪薪褘泄	0.000316	0.116534	0.000037
芯谐芯薪褜	0.000949	0.094311	0.000090
芯谐褍褉械褑	0.000633	0.116534	0.000074
芯写薪芯泻谢邪褋褋薪懈泻	0.000316	2.407946	0.000762
芯泻褉芯褕泻邪	0.000949	0.040822	0.000039
芯谢邪写褜褟	0.000949	0.040822	0.000039
芯谢械泄薪芯泄	0.001266	0.116534	0.000148
芯谢械泄薪褘泄	0.001266	0.116534	0.000148
芯屑谢械褌	0.000316	0.040822	0.000013
芯芯芯褔械薪褜	0.000316	3.218876	0.001019
芯锌邪褉邪	0.000316	0.040822	0.000013
芯锌褉芯褋	0.000316	0.061875	0.000020
芯锌褟褌褜	0.000316	2.040221	0.000646
芯褋械薪薪懈泄	0.001266	0.051293	0.000065
芯褋械薪褜	0.003165	0.105361	0.000333
芯褋薪芯胁薪褘泄	0.000316	0.040822	0.000013
芯褋褌邪胁邪褌褜褋褟	0.000316	0.116534	0.000037
芯褋褌邪胁懈褌褜	0.000633	1.660731	0.001051
芯褋褌邪胁谢褟褌褜	0.000316	1.832581	0.000580
芯褌胁械褌	0.000949	0.000000	0.000000
芯褌胁械褌懈褌褜	0.000316	0.051293	0.000016
芯褌蟹褘胁	0.001266	2.120264	0.002684
芯褌泻褉褘褌褘泄	0.000633	0.105361	0.000067
芯褌谢懈褔薪褘泄	0.000316	1.078810	0.000341
芯褌屑械薪懈褌褜	0.000949	0.040822	0.000039
芯褌芯褉胁邪褌褜褋褟	0.000316	2.120264	0.000671
芯褏	0.000316	3.912023	0.001238
芯褏谢邪写懈褌褜	0.000316	0.116534	0.000037
锌邪泻械褌懈泻	0.000316	0.105361	0.000033
锌邪谢芯褔泻邪	0.000316	0.040822	0.000013
锌邪薪懈褉芯胁泻邪	0.003165	0.116534	0.000369
锌邪褉邪	0.000316	0.116534	0.000037
锌邪褉邪写	0.002215	0.116534	0.000258
锌邪褉芯胁邪褉泻邪	0.002848	0.105361	0.000300
锌邪褉芯谢褜	0.000633	0.020203	0.000013
锌邪褋褌邪	0.000949	0.040822	0.000039
锌邪褋褌褉芯屑邪	0.000316	0.040822	0.000013
锌邪褋褏邪	0.000633	0.040822	0.000026
锌邪褋褏邪谢褜薪褘泄	0.000949	0.116534	0.000111
锌邪褕褌械褌	0.000949	0.040822	0.000039
锌械泻邪褉褜	0.000316	0.127833	0.000040
锌械泻懈薪褋泻懈泄	0.000316	2.407946	0.000762
锌械谢褜屑械薪褜	0.000316	0.116534	0.000037
锌械褉胁褘泄	0.001266	0.040822	0.000052
锌械褉械泄褌懈	0.000316	0.040822	0.000013
锌械褉械泻褍褋	0.000633	0.116534	0.000074
锌械褉械褑	0.000316	0.040822	0.000013
锌械褉褋芯薪邪	0.000316	0.116534	0.000037
锌械褉褍邪薪褋泻懈泄	0.000316	0.116534	0.000037
锌械褋芯褔薪褘泄	0.000949	0.105361	0.000100
锌械褌械谢懈薪泻	0.000316	0.127833	0.000040
锌械褔邪褌褜	0.000316	2.302585	0.000729
锌械褔械薪懈械	0.003165	0.040822	0.000129
锌械褔褜	0.000316	0.116534	0.000037
锌械褔褢薪芯褔薪褘泄	0.000316	0.040822	0.000013
锌懈胁芯	0.000316	0.116534	0.000037
锌懈泻邪薪褌	0.000633	0.127833	0.000081
锌懈泻薪懈泻	0.001266	0.105361	0.000133
锌懈褉	0.000316	0.116534	0.000037
锌懈褉芯谐	0.001266	0.040822	0.000052
锌懈褉芯卸薪芯械	0.000633	0.040822	0.000026
锌懈褉芯卸芯泻	0.000316	0.040822	0.000013
锌懈褌邪薪懈械	0.001582	0.094311	0.000149
锌懈褑褑邪	0.000633	0.040822	0.000026
锌懈褖械胁芯泄	0.000316	2.120264	0.000671
锌谢邪屑褟	0.000316	0.116534	0.000037
锌谢懈褌邪	0.001266	0.116534	0.000148
锌谢芯胁	0.000316	0.116534	0.000037
锌谢芯写	0.000316	0.116534	0.000037
锌谢芯褏芯泄	0.000316	3.912023	0.001238
锌谢褞薪褍褌褜	0.000316	4.605170	0.001457
锌芯胁邪褉褢薪芯泻	0.002215	0.000000	0.000000
锌芯胁械褉褜褌械	0.000316	2.040221	0.000646
锌芯胁懈写谢芯	0.000316	0.040822	0.000013
锌芯写邪褉芯泻	0.000316	0.116534	0.000037
锌芯写胁褟谢懈褌褜	0.000316	4.605170	0.001457
锌芯写械谢懈褌褜褋褟	0.000316	0.400478	0.000127
锌芯写谢懈胁	0.000316	0.116534	0.000037
锌芯写谢懈胁泻邪	0.000316	0.040822	0.000013
锌芯写锌懈褋邪褌褜褋褟	0.000949	0.040822	0.000039
锌芯写锌懈褋褘胁邪褌褜褋褟	0.000316	2.407946	0.000762
锌芯写褉褍屑褟薪懈褌褜褋褟	0.000316	4.605170	0.001457
锌芯写褍谐谢懈褌褜褋褟	0.000316	4.605170	0.001457
锌芯械写懈薪芯泻	0.004430	0.116534	0.000516
锌芯卸邪谢械褌褜	0.000316	1.771957	0.000561
锌芯卸邪谢褍泄褋褌邪	0.000633	1.966113	0.001244
锌芯蟹写褉邪胁懈褌褜	0.000316	0.116534	0.000037
锌芯懈褋泻	0.000316	0.051293	0.000016
锌芯泻邪蟹邪褌褜	0.000316	1.309333	0.000414
锌芯谢写薪懈泻	0.000633	0.116534	0.000074
锌芯谢械蟹薪芯	0.000316	0.116534	0.000037
锌芯谢懈褌懈泻邪	0.000316	0.040822	0.000013
锌芯谢薪芯褋褌褜褞	0.000633	1.347074	0.000853
锌芯谢薪褘泄	0.000316	1.237874	0.000392
锌芯谢芯胁懈薪邪	0.002532	0.105361	0.000267
锌芯谢褍褔邪褌褜	0.001266	0.040822	0.000052
锌芯谢褜蟹邪	0.001582	0.116534	0.000184
锌芯谢褜蟹芯胁邪褌械谢褜	0.000316	1.309333	0.000414
锌芯谢褜褋泻懈泄	0.000316	0.116534	0.000037
锌芯屑邪写泻邪	0.000949	0.040822	0.000039
锌芯屑懈写芯褉	0.000949	0.116534	0.000111
锌芯屑懈写芯褉泻	0.000316	0.127833	0.000040
锌芯薪褉邪胁懈褌褜褋褟	0.000633	0.040822	0.000026
锌芯薪褔懈泻	0.000633	0.040822	0.000026
锌芯锌褉芯斜芯胁邪褌褜	0.000316	0.248461	0.000079
锌芯褉邪	0.000633	0.105361	0.000067
锌芯褉褌褍谐邪谢褜褋泻懈泄	0.000316	0.116534	0.000037
锌芯褋械褖邪褌褜	0.000316	0.061875	0.000020
锌芯褋芯谢懈褌褜	0.000633	3.912023	0.002476
锌芯褋褌	0.001582	0.105361	0.000167
锌芯褋褌邪胁懈褌褜	0.000633	1.897120	0.001201
锌芯褋褌薪褘泄	0.000949	0.040822	0.000039
锌芯褋褌芯褟薪薪芯	0.000316	0.040822	0.000013
锌芯褋褌褉芯懈褌褜	0.000316	0.105361	0.000033
锌芯褋褍写邪	0.000949	0.094311	0.000090
锌芯褏芯卸懈泄	0.000316	0.994252	0.000315
锌芯褔械屑褍	0.000633	1.203973	0.000762
锌芯褔褌邪	0.000633	0.040822	0.000026
锌芯褕邪谐芯胁褘泄	0.000316	0.040822	0.000013
锌芯褟胁谢械薪懈械	0.000316	4.605170	0.001457
锌芯褟胁谢褟褌褜褋褟	0.000316	2.659260	0.000842
锌褉邪胁写邪	0.000316	1.139434	0.000361
锌褉邪胁懈谢褜薪芯	0.000316	2.040221	0.000646
锌褉邪蟹写薪懈泻	0.000316	0.105361	0.000033
锌褉邪蟹写薪懈褔薪芯	0.000316	0.116534	0.000037
锌褉邪蟹写薪懈褔薪褘泄	0.000633	0.105361	0.000067
锌褉邪泻褌懈泻褍屑	0.000316	0.116534	0.000037
锌褉械胁芯褋褏芯写薪褘泄	0.000316	0.116534	0.000037
锌褉械胁褉邪褖械薪懈械	0.000316	0.116534	0.000037
锌褉械褋薪褘泄	0.000316	0.116534	0.000037
锌褉懈谐芯褌芯胁懈褌褜	0.000633	0.083382	0.000053
锌褉懈谐芯褌芯胁谢械薪懈械	0.001266	0.040822	0.000052
锌褉懈蟹	0.000316	0.040822	0.000013
锌褉懈蟹薪邪泻	0.000316	4.605170	0.001457
锌褉懈蟹薪邪薪懈械	0.000316	0.116534	0.000037
锌褉懈泻芯褋薪芯胁械薪懈械	0.000316	4.605170	0.001457
锌褉懈薪褑懈锌	0.000633	2.407946	0.001524
锌褉懈锌褉邪胁邪	0.000316	0.040822	0.000013
锌褉懈褉芯写邪	0.000633	0.105361	0.000067
锌褉懈褋褌褍锌懈褌褜	0.000316	0.040822	0.000013
锌褉懈褋褍褌褋褌胁芯胁邪褌褜	0.000316	2.995732	0.000948
锌褉懈褋褍褖懈泄	0.000316	3.912023	0.001238
锌褉懈褟褌薪褘泄	0.000316	1.427116	0.000452
锌褉芯斜芯胁邪褌褜	0.000316	0.843970	0.000267
锌褉芯胁械褉懈褌褜	0.001899	0.116534	0.000221
锌褉芯胁械褋褌懈	0.001266	0.116534	0.000148
锌褉芯胁芯写懈褌褜	0.000316	0.040822	0.000013
锌褉芯胁芯卸邪褌褜	0.000316	0.116534	0.000037
锌褉芯谐褉械褌褜	0.000316	4.605170	0.001457
锌褉芯写邪卸邪	0.000316	2.813411	0.000890
锌褉芯写褍泻褌	0.000316	0.072571	0.000023
锌褉芯械泻褌	0.000633	0.051293	0.000032
锌褉芯褋褌芯	0.000949	0.083382	0.000079
锌褉芯褋褌芯泻胁邪褕邪	0.000316	0.040822	0.000013
锌褉芯褎懈谢褜	0.000316	0.040822	0.000013
锌褉褟屑芯	0.000316	0.040822	0.000013
锌褉褟薪懈泻	0.000633	0.040822	0.000026
锌褉褟薪懈褔薪褘泄	0.000316	0.116534	0.000037
锌褌懈褑邪	0.006013	0.116534	0.000701
锌褍写懈薪谐	0.000949	0.040822	0.000039
锌褍薪褕	0.000316	0.040822	0.000013
锌褍褋泻邪褌褜	0.000316	4.605170	0.001457
锌褍褌械褕械褋褌胁懈械	0.000633	0.116534	0.000074
锌褍褌褜	0.000316	0.116534	0.000037
锌褘褕泻邪	0.000316	0.040822	0.000013
锌褞褉械	0.001266	0.040822	0.000052
锌褟褌褜	0.000633	1.771957	0.001121
褉邪谐褍	0.001266	0.116534	0.000148
褉邪蟹	0.000633	0.356675	0.000226
褉邪蟹胁械褉薪褍褌褜	0.000316	0.116534	0.000037
褉邪蟹写械谢褜薪褘泄	0.000316	0.116534	0.000037
褉邪蟹屑械褉	0.000316	2.995732	0.000948
褉邪蟹薪褘泄	0.000316	0.094311	0.000030
褉邪蟹芯谐褉械胁邪褌褜	0.000633	4.605170	0.002915
褉邪蟹褉械蟹邪褌褜	0.000949	3.506558	0.003329
褉邪薪薪懈泄	0.000316	1.514128	0.000479
褉邪褋褋泻邪蟹	0.001266	2.995732	0.003792
褉邪褋褋芯谢褜薪懈泻	0.000949	0.040822	0.000039
褉邪褋褋褘谢泻邪	0.000316	0.061875	0.000020
褉邪褋褌懈褌械谢褜薪褘泄	0.001582	0.223144	0.000353
褉械斜褢薪芯泻	0.000316	0.094311	0.000030
褉械谐懈褋褌褉邪褑懈褟	0.001266	0.000000	0.000000
褉械谐懈褋褌褉懈褉芯胁邪褌褜褋褟	0.000316	2.302585	0.000729
褉械写泻芯	0.000316	3.218876	0.001019
褉械泻邪	0.000316	4.605170	0.001457
褉械褑械锌褌	0.036392	0.040822	0.001486
褉懈褋	0.001582	0.040822	0.000065
褉懈褌屑	0.000316	0.116534	0.000037
褉芯谐邪谢懈泻	0.000316	0.040822	0.000013
褉芯写	0.000316	1.832581	0.000580
褉芯写薪褘泄	0.000316	0.116534	0.000037
褉芯卸写械薪懈械	0.000316	0.105361	0.000033
褉芯卸写械褋褌胁芯	0.000316	0.116534	0.000037
褉芯谢谢	0.000633	0.040822	0.000026
褉芯谢谢褌芯薪	0.000316	0.116534	0.000037
褉芯屑	0.000316	0.040822	0.000013
褉芯褔械谢谢邪	0.000316	4.605170	0.001457
褉褍斜褉懈泻邪褌芯褉	0.000316	0.051293	0.000016
褉褍谐邪褌褜	0.000316	3.912023	0.001238
褉褍谢械褌	0.003481	0.040822	0.000142
褉褍谢械褌懈泻	0.000316	2.302585	0.000729
褉褍屑褘薪褋泻懈泄	0.000316	0.116534	0.000037
褉褍屑褟薪褘泄	0.000316	0.116534	0.000037
褉褍薪械褌	0.000316	0.020203	0.000006
褉褍褋褋泻懈泄	0.000316	0.105361	0.000033
褉褘斜邪	0.007911	0.040822	0.000323
褉褘斜薪褘泄	0.003165	0.105361	0.000333
褉褟卸械薪泻邪	0.000316	0.116534	0.000037
褋邪泄褌	0.002532	0.000000	0.000000
褋邪谢邪褌	0.010443	0.040822	0.000426
褋邪谢邪褌薪褘泄	0.000316	0.116534	0.000037
褋邪屑芯谐芯薪	0.000316	0.040822	0.000013
褋邪屑褘泄	0.000633	0.105361	0.000067
褋邪褎	0.000949	0.116534	0.000111
褋邪褎褋械屑邪	0.000316	0.116534	0.000037
褋邪褏邪褉	0.000633	0.105361	0.000067
褋斜懈褌械薪褜	0.000316	0.040822	0.000013
褋胁械卸械褋褌褜	0.000316	0.105361	0.000033
褋胁械泻芯谢褜薪懈泻	0.000633	0.040822	0.000026
褋胁械褌	0.001266	0.116534	0.000148
褋胁械褌邪	0.001266	0.116534	0.000148
褋胁懈薪懈薪	0.001266	0.116534	0.000148
褋胁懈薪懈薪邪	0.000316	0.040822	0.000013
褋胁褢泻谢邪	0.000316	0.040822	0.000013
褋谐褍褖褢薪泻邪	0.000316	0.040822	0.000013
褋写械褉卸邪褌褜	0.000316	3.506558	0.001110
褋械蟹芯薪	0.000316	0.116534	0.000037
褋械泄褔邪褋	0.000633	0.030459	0.000019
褋械泻褉械褌	0.000633	0.116534	0.000074
褋械谢褢写泻邪	0.000316	0.040822	0.000013
褋械屑械泄薪褘泄	0.000316	0.116534	0.000037
褋械屑褜褟	0.000316	0.116534	0.000037
褋懈写褉	0.000316	0.040822	0.000013
褋懈谢褜薪芯	0.000316	3.218876	0.001019
褋懈褉懈泄褋泻懈泄	0.000316	0.116534	0.000037
褋懈褉芯锌	0.000633	0.040822	0.000026
褋懈褋褌械屑邪	0.000316	0.040822	0.000013
褋懈褌懈	0.000316	0.127833	0.000040
褋泻邪蟹邪褌褜	0.000633	0.400478	0.000253
褋泻邪蟹泻邪	0.000316	0.116534	0.000037
褋泻芯胁芯褉芯写邪	0.000949	1.386294	0.001316
褋泻芯褉芯	0.000316	2.813411	0.000890
褋谢邪写泻懈泄	0.006013	0.040822	0.000245
褋谢邪写泻芯	0.000316	0.116534	0.000037
褋谢邪写泻芯胁邪褌芯褋褌褜	0.000316	4.605170	0.001457
褋谢械谐泻邪	0.000633	2.525729	0.001599
褋谢械写褍褞褖懈泄	0.000316	1.386294	0.000439
褋谢懈胁芯褔薪褘泄	0.000633	0.105361	0.000067
褋谢芯卸薪芯褋芯褔懈薪褢薪薪褘泄	0.000316	4.605170	0.001457
褋谢芯泄泻邪	0.000633	0.040822	0.000026
褋谢芯褢薪褘泄	0.000949	0.116534	0.000111
褋屑邪泻	0.000633	4.605170	0.002915
褋屑械褋褜	0.000316	1.469676	0.000465
褋屑械褌邪薪邪	0.000633	0.105361	0.000067
褋屑械褕邪薪薪褘泄	0.000316	0.116534	0.000037
褋屑芯褔褜	0.000316	0.040822	0.000013
褋屑褍蟹懈	0.000949	0.040822	0.000039
褋屑褟谐褔懈褌褜	0.000316	4.605170	0.001457
褋薪邪褔邪谢邪	0.000316	2.120264	0.000671
褋薪褝泻	0.000316	0.116534	0.000037
褋芯斜懈褉邪褌褜褋褟	0.000316	0.040822	0.000013
褋芯胁械褉褕械薪褋褌胁芯	0.001582	0.116534	0.000184
褋芯胁械褌	0.000316	0.040822	0.000013
褋芯谐谢邪褕邪褌褜褋褟	0.000316	0.040822	0.000013
褋芯蟹写邪胁邪褌褜	0.000316	0.105361	0.000033
褋芯泻	0.000949	0.040822	0.000039
褋芯谢械薪懈械	0.000633	0.116534	0.000074
褋芯谢薪械褔薪褘泄	0.000316	0.116534	0.000037
褋芯谢褜	0.001266	0.127833	0.000162
褋芯谢褟薪泻邪	0.000633	0.040822	0.000026
褋芯谢褢薪褘泄	0.000949	0.116534	0.000111
褋芯褋褌邪胁懈褌褜	0.000316	0.116534	0.000037
褋芯褍褋	0.006013	0.040822	0.000245
褋芯褏褉邪薪褟褌褜	0.000316	0.040822	0.000013
褋芯褑褋械褌褜	0.000633	0.040822	0.000026
褋芯褔械褌邪薪懈械	0.000316	0.105361	0.000033
褋芯褔薪褘泄	0.000316	0.116534	0.000037
褋锌邪谢褜薪褟	0.000316	0.415515	0.000131
褋锌邪褋懈斜芯	0.000316	0.673345	0.000213
褋锌械褌褜	0.000316	0.116534	0.000037
褋锌械褑懈邪谢褜薪褘泄	0.000316	0.094311	0.000030
褋锌械褑懈褟	0.000316	0.094311	0.000030
褋锌械褑锌褉芯械泻褌	0.010443	0.116534	0.001217
褋锌懈褋芯泻	0.000316	0.116534	0.000037
褋褉械写懈蟹械屑薪芯屑芯褉褋泻懈泄	0.000316	0.127833	0.000040
褋褉械写薪械械	0.000316	2.407946	0.000762
褋褉械写薪懈泄	0.000316	2.813411	0.000890
褋褌	0.000633	2.659260	0.001683
褋褌邪褌褜褟	0.000316	0.061875	0.000020
褋褌懈谢褜	0.000633	0.116534	0.000074
褋褌芯谢	0.002532	0.105361	0.000267
褋褌芯褉芯薪邪	0.000316	1.966113	0.000622
褋褌芯褟褌褜	0.000316	2.207275	0.000699
褋褌褉芯懈褌械谢褜褋褌胁芯	0.000633	0.040822	0.000026
褋褌褉芯懈褌褜	0.000316	0.040822	0.000013
褋褌褉芯泄薪褘泄	0.000316	0.116534	0.000037
褋褍斜锌褉芯写褍泻褌	0.003165	0.116534	0.000369
褋褍锌	0.006013	0.040822	0.000245
褋褍褎谢械	0.000949	0.040822	0.000039
褋褍褏邪褉懈泻	0.000316	2.525729	0.000799
褋褍褏邪褉褜	0.000316	0.040822	0.000013
褋褍褏芯泄	0.000316	1.427116	0.000452
褋褍褕懈褌褜	0.000633	0.040822	0.000026
褋褘褉	0.003481	0.040822	0.000142
褋褘褉薪懈泻	0.000949	0.040822	0.000039
褋褘褉薪褘泄	0.001266	0.040822	0.000052
褋褘褌薪褘泄	0.000633	0.105361	0.000067
褋褘褔褍卸薪褘泄	0.000316	0.127833	0.000040
褋褝薪写胁懈褔	0.000316	0.127833	0.000040
褋褞褉锌褉懈蟹	0.000316	0.116534	0.000037
褋褢屑谐邪	0.000316	0.040822	0.000013
褌邪写卸懈泻褋泻懈泄	0.000316	0.116534	0.000037
褌邪泄褋泻懈泄	0.000316	0.116534	0.000037
褌邪泻懈	0.000316	1.237874	0.000392
褌邪褉械谢泻邪	0.000316	1.469676	0.000465
褌邪褉褌	0.000316	0.116534	0.000037
褌邪褉褌邪谢械褌泻邪	0.000633	0.040822	0.000026
褌邪褌邪褉褋泻懈泄	0.000316	0.116534	0.000037
褌胁芯泄	0.000633	0.116534	0.000074
褌胁芯褉懈褌褜	0.000316	0.116534	0.000037
褌胁芯褉芯谐	0.000949	0.040822	0.000039
褌胁芯褉芯卸薪褘泄	0.001582	0.094311	0.000149
褌械谐	0.000316	2.407946	0.000762
褌械泻褋褌	0.000316	3.912023	0.001238
褌械谢械谐褉邪屑	0.000316	0.040822	0.000013
褌械谢褟褌懈薪邪	0.001266	0.116534	0.000148
褌械锌械褉褜	0.000316	0.916291	0.000290
褌械锌谢芯	0.000316	0.116534	0.000037
褌械褉锌泻芯褋褌褜	0.000316	4.605170	0.001457
褌械褉褉邪褋邪	0.000633	0.776529	0.000491
褌械褉褉懈薪邪	0.000316	0.040822	0.000013
褌械褋褌	0.003165	0.105361	0.000333
褌械褋褌芯	0.002848	0.040822	0.000116
褌械褏薪懈泻邪	0.001582	0.105361	0.000167
褌懈锌	0.000316	2.813411	0.000890
褌屑	0.001266	0.127833	0.000162
褌芯屑懈谢邪	0.000316	4.605170	0.001457
褌芯锌谢褢薪褘泄	0.002215	0.116534	0.000258
褌芯褉褌	0.006329	0.040822	0.000258
褌褉邪胁邪	0.000316	0.094311	0.000030
褌褉邪写懈褑懈褟	0.001899	0.116534	0.000221
褌褉懈	0.000633	1.272966	0.000806
褌褉褍斜芯褔泻邪	0.000316	0.040822	0.000013
褌褉褢褏谢械褌懈械	0.000316	0.116534	0.000037
褌褍薪械褑	0.000316	0.105361	0.000033
褌褍薪懈褋褋泻懈泄	0.000316	0.116534	0.000037
褌褍褉械褑泻懈泄	0.000316	0.116534	0.000037
褌褘泻胁邪	0.000949	0.040822	0.000039
褌褝谐	0.001266	2.407946	0.003048
褌褢褖懈薪	0.000316	0.040822	0.000013
褍胁械写芯屑谢械薪懈械	0.000316	0.040822	0.000013
褍谐谢械胁芯写	0.000633	2.407946	0.001524
褍写邪褔薪褘泄	0.000316	0.116534	0.000037
褍写懈胁懈褌褜	0.000316	0.116534	0.000037
褍写懈胁谢褟褌褜	0.001266	0.116534	0.000148
褍写芯胁芯谢褜褋褌胁懈械	0.000633	0.116534	0.000074
褍卸	0.000633	0.693147	0.000439
褍卸懈薪	0.003481	0.094311	0.000328
褍蟹斜械泻褋泻懈泄	0.000316	0.116534	0.000037
褍泻褉邪懈薪褋泻懈泄	0.000316	0.116534	0.000037
褍泻褉邪褕械薪懈械	0.002532	0.116534	0.000295
褍锌芯褌褉械斜谢械薪懈械	0.000316	0.116534	0.000037
褍褉邪谢褜褋泻懈泄	0.000316	0.116534	0.000037
褍褉芯胁械薪褜	0.000633	2.120264	0.001342
褍褉芯卸邪泄	0.000633	0.105361	0.000067
褍褌泻邪	0.000949	0.116534	0.000111
褍褏芯	0.000316	0.040822	0.000013
褍褔邪褋褌胁芯胁邪褌褜	0.000316	0.040822	0.000013
褍褔褢褌薪褘泄	0.000316	2.302585	0.000729
褎邪蟹械薪写邪	0.000316	0.116534	0.000037
褎邪薪褌邪蟹懈褟	0.002532	0.116534	0.000295
褎邪褉褕	0.004114	0.040822	0.000168
褎邪褉褕懈褉芯胁邪薪薪褘泄	0.001899	0.040822	0.000078
褎邪褋芯谢褜	0.000316	0.040822	0.000013
褎械胁褉邪谢褜	0.000633	0.094311	0.000060
褎械泄械褉胁械褉泻	0.000633	0.116534	0.000074
褎懈谐褍褉邪	0.000316	0.116534	0.000037
褎懈薪褋泻懈泄	0.000316	0.116534	0.000037
褎懈褉屑械薪薪褘泄	0.000316	0.116534	0.000037
褎芯薪写褞	0.000316	0.040822	0.000013
褎芯褉屑邪	0.000316	0.105361	0.000033
褎芯褉褍屑	0.001266	0.040822	0.000052
褎芯褉褕屑邪泻	0.000316	0.040822	0.000013
褎褉邪薪褑懈褟	0.000316	0.116534	0.000037
褎褉邪薪褑褍蟹褋泻懈泄	0.000316	0.094311	0.000030
褎褉邪褍	0.001266	0.116534	0.000148
褎褉褍泻褌	0.001266	0.116534	0.000148
褎褉褍泻褌芯胁褘泄	0.002532	0.040822	0.000103
褎褍写	0.000316	0.116534	0.000037
褎褍褉褕械褌	0.000316	0.116534	0.000037
褏邪谢胁邪	0.000316	0.040822	0.000013
褏邪褉胁械褋褌褎械褋褌	0.000633	0.116534	0.000074
褏邪褉褔芯	0.000633	0.040822	0.000026
褏邪褕	0.000316	0.040822	0.000013
褏胁芯褉芯褋褌	0.000316	0.040822	0.000013
褏懈薪泻邪谢懈	0.000316	0.116534	0.000037
褏懈褌	0.002215	0.116534	0.000258
褏懈褏懈泻邪褌褜	0.000316	4.605170	0.001457
褏谢械斜	0.000949	0.040822	0.000039
褏谢械斜芯锌械褔泻邪	0.000316	0.116534	0.000037
褏谢芯锌褜褟	0.000633	0.094311	0.000060
褏芯蟹褟泄泻邪	0.000316	0.116534	0.000037
褏芯谢芯写械褑	0.000316	0.040822	0.000013
褏芯谢芯写薪芯械	0.000633	0.116534	0.000074
褏芯谢芯写薪褘泄	0.000633	0.116534	0.000074
褏芯褉胁邪褌褋泻懈泄	0.000316	0.116534	0.000037
褏芯褉芯褕懈泄	0.001582	0.040822	0.000065
褏芯褉芯褕芯	0.001582	0.105361	0.000167
褏芯褉褋	0.000316	0.116534	0.000037
褏芯褌械褌褜	0.000316	0.000000	0.000000
褏褍屑褍褋邪	0.000316	0.040822	0.000013
褑邪褉褋褌胁芯	0.000316	0.127833	0.000040
褑邪褉褜	0.000316	0.116534	0.000037
褑胁械褌薪芯泄	0.000316	0.040822	0.000013
褑械谢褜薪褘泄	0.000316	3.912023	0.001238
褑械薪薪芯褋褌褜	0.000316	2.407946	0.000762
褑械薪薪褘泄	0.000316	0.040822	0.000013
褑械薪褌褉	0.000316	0.116534	0.000037
褑懈褌邪褌邪	0.000316	2.302585	0.000729
褔邪械屑褘泄	0.000316	0.116534	0.000037
褔邪泄	0.000949	0.040822	0.000039
褔邪褋	0.005696	1.139434	0.006490
褔邪褋褌芯	0.000316	0.994252	0.000315
褔邪褋褌褜	0.000316	2.040221	0.000646
褔械斜褍褉邪褕泻邪	0.000316	4.605170	0.001457
褔械斜褍褉械泻	0.000633	0.040822	0.000026
褔械褉泻懈蟹芯胁褘泄	0.000633	0.116534	0.000074
褔械褋褌薪芯泄	0.000316	0.040822	0.000013
褔械褌褘褉械	0.000316	2.995732	0.000948
褔械褔械胁懈褑邪	0.000316	0.040822	0.000013
褔械褕褋泻懈泄	0.000316	0.116534	0.000037
褔懈蟹泻械泄泻	0.001266	0.040822	0.000052
褔懈谢懈泄褋泻懈泄	0.000316	0.116534	0.000037
褔懈锌褋褘	0.000316	0.040822	0.000013
褔懈褌邪褌褜	0.001266	1.832581	0.002320
褔褍写芯	0.000316	0.116534	0.000037
褔褍褌褜	0.000949	1.771957	0.001682
褕邪褉懈泻	0.000316	0.040822	0.000013
褕邪褉谢芯褌泻邪	0.000633	0.040822	0.000026
褕邪褉屑	0.000316	0.116534	0.000037
褕邪褕谢褘泻	0.004114	0.040822	0.000168
褕胁械写褋泻懈泄	0.000316	0.116534	0.000037
褕胁械泄褑邪褉褋泻懈泄	0.000316	0.116534	0.000037
褕械写械胁褉	0.000316	0.116534	0.000037
褕械褎	0.000316	0.127833	0.000040
褕懈锌褍褔泻邪	0.000316	0.040822	0.000013
褕懈褉芯泻懈泄	0.000316	0.127833	0.000040
褕泻芯谢邪	0.000316	0.116534	0.000037
褕芯泻芯谢邪写	0.000316	0.040822	0.000013
褕芯泻芯谢邪写薪褘泄	0.000316	1.427116	0.000452
褕芯褌谢邪薪写褋泻懈泄	0.000316	0.116534	0.000037
褕褌褉褍写械谢褜	0.000316	0.040822	0.000013
褕褍褉锌邪	0.000316	0.040822	0.000013
褖械写褉褘泄	0.000316	0.116534	0.000037
褖懈	0.000633	0.040822	0.000026
褝泻芯屑懈谢泻	0.000316	0.127833	0.000040
褝屑芯褑懈褟	0.000316	3.912023	0.001238
褝薪械褉谐械褌懈褔械褋泻懈泄	0.000316	2.407946	0.000762
褝褋褌芯薪褋泻懈泄	0.000316	0.116534	0.000037
褞谐芯褋谢邪胁褋泻懈泄	0.000316	0.116534	0.000037
褟胁薪芯	0.000316	3.506558	0.001110
褟谐芯写薪褘泄	0.001266	0.105361	0.000133
褟蟹褘泻	0.000316	0.040822	0.000013
褟泄褑芯	0.001582	0.040822	0.000065
褟薪写械泻褋	0.000316	0.072571	0.000023
褟锌芯薪褋泻懈泄	0.000633	0.051293	0.000032
褟褉泻懈泄	0.000633	0.116534	0.000074
褟褉泻芯	0.000316	0.105361	0.000033
褟褋薪芯	0.000316	4.605170	0.001457
