谢械屑屑邪	TF	IDF	TF-IDF
邪斜褏邪蟹褋泻懈泄	0.000292	0.116534	0.000034
邪胁芯泻邪写芯	0.000292	3.218876	0.000940
邪胁褋褌褉邪谢懈泄褋泻懈泄	0.000292	0.116534	0.000034
邪胁褋褌褉懈泄褋泻懈泄	0.000292	0.116534	0.000034
邪胁褌芯泻谢邪胁	0.000292	0.116534	0.000034
邪胁褌芯褉	0.001460	0.040822	0.000060
邪谐褉芯	0.000292	0.116534	0.000034
邪写卸懈泻邪	0.000292	0.040822	0.000012
邪蟹	0.000292	0.127833	0.000037
邪蟹械褉斜邪泄写卸邪薪褋泻懈泄	0.000292	0.116534	0.000034
邪蟹懈邪褌褋泻懈泄	0.000292	0.127833	0.000037
邪泄褉邪薪	0.000292	0.040822	0.000012
邪泻胁邪褌懈泻	0.000876	0.127833	0.000112
邪谢械泻褋械泄	0.000292	0.127833	0.000037
邪谢泻芯谐芯谢褜	0.000876	0.116534	0.000102
邪谢泻芯谐芯谢褜薪褘泄	0.000292	0.116534	0.000034
邪谢褜褟薪褋	0.000292	0.116534	0.000034
邪屑械褉懈泻邪薪褋泻懈泄	0.000292	0.116534	0.000034
邪薪谐谢懈泄褋泻懈泄	0.000292	0.116534	0.000034
邪薪写褉械泄	0.000292	0.127833	0.000037
邪锌锌械褌懈褌	0.000292	2.302585	0.000672
邪褉邪斜褋泻懈泄	0.000292	0.116534	0.000034
邪褉谐械薪褌懈薪褋泻懈泄	0.000292	0.116534	0.000034
邪褉屑褟薪褋泻懈泄	0.000292	0.116534	0.000034
邪褋褋芯褉褌懈	0.000584	0.116534	0.000068
邪褌谢邪薪褌	0.000292	0.116534	0.000034
邪褎谐邪薪褋泻懈泄	0.000292	0.116534	0.000034
邪褎褉懈泻邪薪褋泻懈泄	0.000292	0.116534	0.000034
邪褝褉芯谐褉懈谢褜	0.002921	0.116534	0.000340
斜邪泻谢邪卸邪薪	0.000292	0.040822	0.000012
斜邪谢褌泻芯屑邪	0.000292	0.127833	0.000037
斜邪薪泻	0.001168	1.966113	0.002297
斜邪褉邪薪懈薪邪	0.001168	0.116534	0.000136
斜邪褋屑邪褌懈	0.000584	0.127833	0.000075
斜邪褋褌褍褉屑	0.000292	0.040822	0.000012
斜邪褋褌褍褉屑邪	0.000292	0.040822	0.000012
斜邪褌芯薪褔懈泻	0.000292	0.127833	0.000037
斜邪褕泻懈褉褋泻懈泄	0.000292	0.116534	0.000034
斜械蟹邪谢泻芯谐芯谢褜薪褘泄	0.000292	0.116534	0.000034
斜械蟹谐谢褞褌械薪芯胁芯械	0.000292	0.116534	0.000034
斜械蟹械	0.001168	0.040822	0.000048
斜械谢械斜械械胁褋泻懈泄	0.000584	0.116534	0.000068
斜械谢泻邪	0.000876	2.120264	0.001858
斜械谢芯褉褍褋褋泻懈泄	0.000292	0.116534	0.000034
斜械谢褘械	0.001168	3.218876	0.003760
斜械谢褜谐懈泄褋泻懈泄	0.000292	0.116534	0.000034
斜械薪写械褉懈泻	0.000292	3.912023	0.001143
斜械褉械屑械薪薪邪褟	0.000292	0.116534	0.000034
斜械褋械写懈薪	0.000292	0.127833	0.000037
斜械褕邪屑械谢褜	0.000292	2.813411	0.000822
斜懈褋泻胁懈褌	0.000584	0.040822	0.000024
斜懈褋泻胁懈褌薪褘泄	0.000876	0.105361	0.000092
斜谢懈蟹泻懈泄	0.000584	0.116534	0.000068
斜谢懈薪	0.009638	0.040822	0.000393
斜谢懈薪薪懈褑邪	0.000292	3.912023	0.001143
斜谢懈薪薪褘泄	0.007301	2.813411	0.020542
斜谢懈薪褔邪褌褘泄	0.000292	4.605170	0.001345
斜谢懈薪褔懈泻	0.000584	1.714798	0.001002
斜谢芯谐	0.000584	2.302585	0.001345
斜谢褞写芯	0.030666	0.040822	0.001252
斜芯斜芯胁褘泄	0.002336	0.116534	0.000272
斜芯谐邪褌褘泄	0.000292	2.813411	0.000822
斜芯谢谐邪褉褋泻懈泄	0.000292	0.116534	0.000034
斜芯谢褜褕芯泄	0.001168	0.094311	0.000110
斜芯褉褖	0.000584	0.040822	0.000024
斜芯褌胁懈薪褜褟	0.000292	0.040822	0.000012
斜褉邪胁懈褋褋褋懈懈懈屑芯芯芯	0.000292	4.605170	0.001345
斜褉邪胁芯	0.000292	3.218876	0.000940
斜褉邪蟹懈谢褜褋泻懈泄	0.000292	0.116534	0.000034
斜褉邪褍蟹械褉	0.000292	0.040822	0.000012
斜褉邪褍薪懈	0.000292	0.040822	0.000012
斜褉械褋褌	0.000292	0.127833	0.000037
斜褉械褌芯薪	0.000292	3.912023	0.001143
斜褉芯泻泻芯谢懈	0.000292	0.040822	0.000012
斜褍卸械薪懈薪邪	0.000292	0.040822	0.000012
斜褍谢芯褔泻邪	0.000876	0.040822	0.000036
斜褍谢褜芯薪	0.003213	0.040822	0.000131
斜褍褉谐械褉	0.000584	0.040822	0.000024
斜褍褉褟褌褋泻懈泄	0.000292	0.116534	0.000034
斜褍褌械褉斜褉芯写	0.001168	0.040822	0.000048
斜褘褋褌褉芯	0.000292	0.094311	0.000028
斜褘褋褌褉褘泄	0.000876	0.094311	0.000083
胁邪卸薪褘泄	0.000292	0.116534	0.000034
胁邪谢谢懈泄褋泻懈泄	0.000292	0.116534	0.000034
胁邪褉械薪懈械	0.000584	0.040822	0.000024
胁邪褉械薪懈泻	0.000292	0.116534	0.000034
胁邪褉懈邪薪褌	0.000584	0.356675	0.000208
胁邪褌褉褍褕泻邪	0.000292	0.040822	0.000012
胁邪褎谢褟	0.000584	0.040822	0.000024
胁邪褕	0.000876	0.000000	0.000000
胁斜懈褌褜	0.000292	4.605170	0.001345
胁胁芯写	0.000292	2.302585	0.000672
胁胁芯写懈褌褜	0.000292	0.040822	0.000012
胁写芯褏薪芯胁械薪懈械	0.001752	0.116534	0.000204
胁写芯褏薪芯胁谢褟褌褜褋褟	0.000292	0.116534	0.000034
胁械谐械褌邪褉懈邪薪械褑	0.000292	4.605170	0.001345
胁械谐械褌邪褉懈邪薪褋泻懈泄	0.000584	0.116534	0.000068
胁械谢懈泻懈泄	0.000292	0.116534	0.000034
胁械薪谐械褉褋泻懈泄	0.000292	0.116534	0.000034
胁械薪褔懈泻	0.000584	4.605170	0.002690
胁械褉褋懈褟	0.000292	1.897120	0.000554
胁械褋械薪薪懈泄	0.000292	0.051293	0.000015
胁械褋薪邪	0.001752	0.116534	0.000204
胁械褌褔懈薪邪	0.000292	0.094311	0.000028
胁蟹斜懈褌褜	0.000292	2.525729	0.000738
胁懈写械芯	0.000584	0.116534	0.000068
胁懈谢泻邪	0.000292	3.218876	0.000940
胁懈薪芯	0.000584	0.040822	0.000024
胁泻褍褋	0.003797	0.105361	0.000400
胁泻褍褋薪芯	0.001168	0.094311	0.000110
胁泻褍褋薪褘泄	0.003213	0.061875	0.000199
胁谢懈胁邪褌褜	0.000292	4.605170	0.001345
胁谢懈褌褜	0.000584	3.218876	0.001880
胁谢褞斜懈褌褜	0.000584	0.116534	0.000068
胁屑械褋褌械	0.000292	0.916291	0.000268
胁芯胁褉械屑械薪薪芯泄	0.000292	4.605170	0.001345
胁芯写邪	0.000292	0.094311	0.000028
胁芯泄褌懈	0.001168	0.000000	0.000000
胁芯谢芯胁邪薪	0.000292	0.116534	0.000034
胁芯谢褕械斜薪褘泄	0.000292	0.116534	0.000034
胁芯谢褕械斜褋褌胁芯	0.000292	0.116534	0.000034
胁芯芯斜褖械	0.000292	1.386294	0.000405
胁芯锌褉芯褋	0.000584	0.000000	0.000000
胁芯褋锌芯谢褜蟹芯胁邪褌褜褋褟	0.000292	1.832581	0.000535
胁芯褋褌芯褔薪褘泄	0.000292	0.127833	0.000037
胁锌褉芯褔械屑	0.000292	3.912023	0.001143
胁褉邪褖邪褌械谢褜薪褘泄	0.000292	4.605170	0.001345
胁褉械屑褟	0.003797	0.105361	0.000400
胁褋锌芯屑薪懈褌褜	0.000292	0.040822	0.000012
胁褋褌邪胁泻邪	0.000584	2.407946	0.001407
胁褋褌褍锌邪褌褜	0.000292	2.302585	0.000672
胁褌芯褉芯械	0.000292	0.116534	0.000034
胁褌芯褉芯泄	0.000584	0.116534	0.000068
胁褏芯写	0.000876	0.030459	0.000027
胁褔械褉邪	0.001168	2.040221	0.002383
胁褘谐谢褟写械褌褜	0.000292	1.469676	0.000429
胁褘泄褌懈	0.000292	0.040822	0.000012
胁褘谢懈胁邪褌褜	0.000292	4.605170	0.001345
胁褘谢芯卸懈褌褜	0.000876	1.832581	0.001606
胁褘薪褍褌褜	0.000292	3.912023	0.001143
胁褘锌械褔泻邪	0.005841	0.040822	0.000238
胁褜械褌薪邪屑褋泻懈泄	0.000292	0.116534	0.000034
谐邪胁邪泄褋泻懈泄	0.000292	0.116534	0.000034
谐邪褉邪卸	0.000292	1.078810	0.000315
谐邪褉薪懈褉	0.001460	0.040822	0.000060
谐邪褋锌邪褔芯	0.000292	0.040822	0.000012
谐械薪薪邪写懈泄	0.000292	4.605170	0.001345
谐械芯谐褉邪褎懈褟	0.000292	0.116534	0.000034
谐谢邪胁薪褘泄	0.000292	0.040822	0.000012
谐谢邪蟹褍褉褜	0.000876	0.040822	0.000036
谐谢懈薪褌胁械泄薪	0.000292	0.040822	0.000012
谐芯胁褟写懈薪邪	0.001168	0.116534	0.000136
谐芯写	0.002921	0.083382	0.000244
谐芯谢谢邪薪写褋泻懈泄	0.000292	0.116534	0.000034
谐芯褉斜褍褕邪	0.000292	3.912023	0.001143
谐芯褉芯写	0.000292	0.116534	0.000034
谐芯褉芯褏	0.000292	0.116534	0.000034
谐芯褉褔懈褑邪	0.000876	0.040822	0.000036
谐芯褉褕芯褔械泻	0.000584	0.040822	0.000024
谐芯褉褟褔械械	0.000584	0.116534	0.000068
谐芯褉褟褔懈泄	0.011390	0.105361	0.001200
谐芯褋褌褜	0.001752	0.116534	0.000204
谐芯褌芯胁懈褌褜	0.004089	0.083382	0.000341
谐芯褌芯胁褘泄	0.000876	0.755023	0.000662
谐褉械薪泻邪	0.000584	0.040822	0.000024
谐褉械褔械褋泻懈泄	0.000292	0.116534	0.000034
谐褉械褔泻邪	0.000292	0.040822	0.000012
谐褉懈斜	0.014019	0.040822	0.000572
谐褉懈斜薪芯泄	0.003213	0.040822	0.000131
谐褉懈谢褜	0.002921	0.105361	0.000308
谐褉懈谢褜屑邪薪懈褟	0.000292	0.116534	0.000034
谐褉懈薪薪械谢谢邪	0.000292	4.605170	0.001345
谐褉芯谐	0.000292	0.040822	0.000012
谐褉褍蟹懈薪褋泻懈泄	0.000292	0.116534	0.000034
谐褉褍锌锌邪	0.000876	0.061875	0.000054
谐褍褉屑	0.000292	0.127833	0.000037
谐褍褉屑邪薪懈褟	0.001752	0.116534	0.000204
谐褍褋褌芯泄	0.000292	2.407946	0.000703
谐褍褋褜	0.000584	0.105361	0.000062
写邪胁邪褌褜	0.000292	0.040822	0.000012
写邪薪薪褘械	0.000292	0.040822	0.000012
写邪褉	0.000292	0.116534	0.000034
写邪褌褋泻懈泄	0.000292	0.116534	0.000034
写邪褌褜	0.001168	0.040822	0.000048
写邪褔薪褘泄	0.000876	0.116534	0.000102
写胁邪	0.000876	0.967584	0.000848
写胁懈卸械薪懈械	0.000292	3.506558	0.001024
写械泻芯褉	0.000292	0.127833	0.000037
写械泻芯褉懈褉芯胁邪薪懈械	0.001460	3.506558	0.005121
写械谢邪褌褜	0.001752	0.083382	0.000146
写械谢懈褌褜褋褟	0.000292	0.040822	0.000012
写械谢芯	0.000292	0.105361	0.000031
写械薪褜	0.003213	0.040822	0.000131
写械褋械褉褌	0.004965	0.040822	0.000203
写械褋械褉褌邪褑懈褟	0.000292	0.116534	0.000034
写械褋械褉褌薪褘泄	0.000292	0.116534	0.000034
写械褋褟褌褜	0.000292	2.040221	0.000596
写卸械屑	0.000292	0.040822	0.000012
写卸械屑邪	0.000292	0.040822	0.000012
写蟹械薪	0.000292	0.116534	0.000034
写懈械褌邪	0.000584	0.094311	0.000055
写懈泻懈泄	0.000876	0.116534	0.000102
写懈锌	0.000292	0.116534	0.000034
写懈褔褜	0.000876	0.116534	0.000102
写薪械胁薪懈泻	0.000292	0.061875	0.000018
写芯斜邪胁懈褌褜	0.000876	0.083382	0.000073
写芯斜邪胁谢褟褌褜	0.000292	0.040822	0.000012
写芯斜邪胁谢褟褌褜褋褟	0.001168	2.813411	0.003287
写芯斜褉芯褎谢芯褌	0.000292	0.127833	0.000037
写芯胁械褉褟褌褜	0.000292	0.116534	0.000034
写芯屑	0.002921	0.040822	0.000119
写芯屑邪褕薪懈泄	0.004089	0.040822	0.000167
写芯褋褌懈谐薪褍褌褜	0.000292	4.605170	0.001345
写芯褔泻邪	0.000292	2.995732	0.000875
写褉邪泄胁	0.001460	0.127833	0.000187
写褉芯卸卸械胁芯泄	0.000292	0.116534	0.000034
写褉褍谐	0.000292	0.544727	0.000159
写褍褉褕谢邪谐	0.000292	4.605170	0.001345
写褍褏芯胁泻邪	0.001168	0.105361	0.000123
写褍褕邪	0.000876	0.105361	0.000092
械胁褉械泄褋泻懈泄	0.000292	0.116534	0.000034
械谐懈锌械褌褋泻懈泄	0.000292	0.116534	0.000034
械写懈薪褘泄	0.000292	0.000000	0.000000
械泻芯	0.000292	0.127833	0.000037
卸邪褉懈褌褜	0.000292	1.347074	0.000393
卸邪褉泻芯械	0.000292	0.040822	0.000012
卸械谢械	0.000876	0.040822	0.000036
卸械薪邪	0.001752	2.813411	0.004930
卸械薪褋泻懈泄	0.000584	0.020203	0.000012
卸械薪褖懈薪邪	0.000584	0.061875	0.000036
卸懈蟹薪褜	0.000584	0.040822	0.000024
卸懈褉	0.000876	1.897120	0.001662
卸褍谢褜械薪	0.000292	0.040822	0.000012
卸褍褉薪邪谢	0.000292	0.072571	0.000021
卸褞谢褜械薪	0.000292	0.040822	0.000012
卸褞谢褜薪褘泄	0.000292	0.040822	0.000012
蟹邪胁邪褉薪芯泄	0.000584	0.116534	0.000068
蟹邪胁褌褉邪泻	0.004381	0.094311	0.000413
蟹邪谐芯褌芯胁泻邪	0.002336	0.040822	0.000095
蟹邪写邪胁邪褌褜	0.000292	0.040822	0.000012
蟹邪泻胁邪褋泻邪	0.000876	0.040822	0.000036
蟹邪泻褉褘褌褘泄	0.000292	0.116534	0.000034
蟹邪泻褍褋泻邪	0.009638	0.040822	0.000393
蟹邪泻褍褋芯薪褔懈泻	0.000292	0.116534	0.000034
蟹邪泻褍褋芯褔泻邪	0.000292	0.116534	0.000034
蟹邪泻褍褋芯褔薪邪褟	0.003505	0.116534	0.000408
蟹邪泻褍褋芯褔薪褘泄	0.000292	1.660731	0.000485
蟹邪谢懈胁薪芯械	0.000584	0.040822	0.000024
蟹邪屑芯褉芯蟹泻邪	0.000292	0.105361	0.000031
蟹邪锌邪写	0.000292	0.116534	0.000034
蟹邪锌械泻邪薪泻邪	0.003505	0.040822	0.000143
蟹邪锌懈褋褜	0.000292	1.897120	0.000554
蟹邪锌褉邪胁泻邪	0.000584	0.040822	0.000024
蟹邪褉械谐懈褋褌褉懈褉芯胁邪褌褜	0.000292	1.897120	0.000554
蟹邪褉械谐懈褋褌褉懈褉芯胁邪褌褜褋褟	0.000876	0.030459	0.000027
蟹邪褋芯谢泻邪	0.000292	0.116534	0.000034
蟹邪褟褑	0.000584	0.116534	0.000068
蟹胁邪薪褘泄	0.000292	0.127833	0.000037
蟹胁械蟹写邪	0.000292	0.116534	0.000034
蟹胁褢蟹写薪褘泄	0.000292	0.116534	0.000034
蟹写芯褉芯胁褘泄	0.000584	0.116534	0.000068
蟹械谢械薪褜	0.000292	0.094311	0.000028
蟹械褎懈褉	0.000292	0.040822	0.000012
蟹懈屑邪	0.001168	0.040822	0.000048
蟹懈屑薪懈泄	0.000292	0.051293	0.000015
蟹薪邪褌褜	0.000292	0.462035	0.000135
蟹芯谢芯褌芯泄	0.000292	0.116534	0.000034
懈胁邪薪芯胁	0.000292	0.127833	0.000037
懈写械邪谢褜薪褘泄	0.002044	0.116534	0.000238
懈写械泄泻邪	0.000292	0.116534	0.000034
懈写械褟	0.000876	1.609438	0.001410
懈蟹写械胁邪械褌械械械械械械褋懈褌褜	0.000292	4.605170	0.001345
懈蟹写械谢懈械	0.001752	0.116534	0.000204
懈泻褉邪	0.003797	0.040822	0.000155
懈屑褟	0.000292	0.030459	0.000009
懈薪胁械褉褌芯褉薪褘泄	0.000292	0.127833	0.000037
懈薪谐褉械写懈械薪褌	0.001168	0.139262	0.000163
懈薪写械泄泻邪	0.001752	0.094311	0.000165
懈薪写懈胁懈写褍邪谢褜薪芯	0.000292	4.605170	0.001345
懈薪写懈泄褋泻懈泄	0.000292	0.116534	0.000034
懈薪写懈谢邪泄褌邪	0.000876	0.116534	0.000102
懈薪写懈褉械褋薪褘泄	0.000292	0.116534	0.000034
懈薪芯谐写邪	0.001168	1.897120	0.002216
懈薪褋褌褉褍泻褑懈褟	0.000292	0.030459	0.000009
懈薪褌械褉械褋薪褘泄	0.000584	0.916291	0.000535
懈褉邪泻褋泻懈泄	0.000292	0.116534	0.000034
懈褉邪薪褋泻懈泄	0.000292	0.116534	0.000034
懈褉谢邪薪写褋泻懈泄	0.000292	0.116534	0.000034
懈褉褍褕械薪械泻	0.000292	2.525729	0.000738
懈褋泻褉械薪薪械	0.000292	0.116534	0.000034
懈褋谢邪薪写褋泻懈泄	0.000292	0.116534	0.000034
懈褋锌邪薪褋泻懈泄	0.000292	0.116534	0.000034
懈褋锌械褔褜	0.000292	0.105361	0.000031
懈褋锌芯谢褜蟹芯胁邪褌褜	0.001168	1.171183	0.001368
懈褋锌芯谢褜蟹芯胁邪褌褜褋褟	0.000584	1.714798	0.001002
懈褋褌芯褉懈褟	0.001752	0.116534	0.000204
懈褌邪谢懈褟	0.000876	0.105361	0.000092
懈褌邪谢褜褟薪褋泻懈泄	0.000292	0.105361	0.000031
泄芯谐褍褉褌	0.000876	0.040822	0.000036
泻邪斜邪褔芯泻	0.000292	0.040822	0.000012
泻邪胁泻邪蟹褋泻懈泄	0.000292	0.116534	0.000034
泻邪蟹邪薪	0.000292	0.116534	0.000034
泻邪蟹邪褏褋泻懈泄	0.000292	0.116534	0.000034
泻邪泻邪芯	0.000584	0.040822	0.000024
泻邪谢械泄写芯褋泻芯锌	0.001168	0.116534	0.000136
泻邪谢屑褘褑泻懈泄	0.000292	0.116534	0.000034
泻邪谢褜屑邪褉	0.000292	0.040822	0.000012
泻邪屑械褉邪	0.000292	0.116534	0.000034
泻邪薪邪写褋泻懈泄	0.000292	0.116534	0.000034
泻邪薪邪谢	0.000876	0.040822	0.000036
泻邪薪邪锌械	0.000584	0.040822	0.000024
泻邪锌褍褋褌邪	0.000876	0.040822	0.000036
泻邪锌褍褋褌薪褟泻	0.000292	0.040822	0.000012
泻邪褉邪屑械谢褜	0.000292	0.040822	0.000012
泻邪褉泻邪褋薪褘泄	0.001168	0.116534	0.000136
泻邪褉褌芯褎械谢褜	0.000584	0.040822	0.000024
泻邪褉褌芯褎械谢褜薪褘泄	0.000584	0.040822	0.000024
泻邪褉褌芯褕泻邪	0.000584	0.040822	0.000024
泻邪褌械谐芯褉懈褟	0.001460	0.116534	0.000170
泻邪褔械褋褌胁芯	0.000292	0.105361	0.000031
泻邪褕邪	0.002044	0.040822	0.000083
泻胁邪褋	0.001168	0.040822	0.000048
泻胁邪褋薪芯泄	0.000876	0.116534	0.000102
泻械泄锌	0.000292	3.912023	0.001143
泻械泻褋	0.000876	0.040822	0.000036
泻械褎懈褉	0.000292	0.040822	0.000012
泻械褕	0.000292	4.605170	0.001345
泻懈谢谢懈薪邪	0.000292	3.912023	0.001143
泻懈屑褔邪褌褜	0.000292	0.040822	0.000012
泻懈薪芯邪	0.000584	0.127833	0.000075
泻懈薪芯谢械薪褌邪	0.000292	0.116534	0.000034
泻懈褋械谢褜	0.000584	0.040822	0.000024
泻懈褋谢芯褉芯写	0.000292	4.605170	0.001345
泻懈褌邪泄褋泻懈泄	0.000292	0.116534	0.000034
泻泻邪谢	0.001752	2.302585	0.004035
泻谢邪褋褋	0.002629	0.116534	0.000306
泻薪懈谐邪	0.000292	0.040822	0.000012
泻芯写	0.001460	2.407946	0.003516
泻芯泻褌械泄谢褜	0.001752	0.040822	0.000072
泻芯谢斜邪褋邪	0.000292	0.040822	0.000012
泻芯谢斜邪褋薪褘泄	0.000876	0.116534	0.000102
泻芯谢懈褔械褋褌胁芯	0.000292	1.386294	0.000405
泻芯屑邪薪写邪	0.000584	0.127833	0.000075
泻芯屑斜邪泄薪	0.000292	4.605170	0.001345
泻芯屑懈	0.000292	0.116534	0.000034
泻芯屑屑械薪褌邪褉懈泄	0.001460	0.127833	0.000187
泻芯屑芯泻	0.000292	3.912023	0.001143
泻芯屑锌邪薪懈褟	0.000292	0.105361	0.000031
泻芯屑锌芯褌	0.000876	0.040822	0.000036
泻芯薪懈薪邪	0.000292	0.116534	0.000034
泻芯薪泻褍褉褋	0.063084	0.040822	0.002575
泻芯薪泻褍褉褋薪褘泄	0.000292	0.127833	0.000037
泻芯薪褋械褉胁懈褉芯胁邪薪懈械	0.000292	0.040822	0.000012
泻芯薪褋械褉胁懈褉芯胁邪薪薪褘泄	0.002629	0.116534	0.000306
泻芯薪褋懈褋褌械薪褑懈褟	0.000292	2.525729	0.000738
泻芯薪褌邪泻褌	0.000292	2.302585	0.000672
泻芯薪褎械褌邪	0.000876	0.040822	0.000036
泻芯薪褎械褌褌懈	0.000292	0.116534	0.000034
泻芯薪褎懈写械薪褑懈邪谢褜薪芯褋褌褜	0.000292	0.040822	0.000012
泻芯薪褎懈褌褞褉	0.000292	0.040822	0.000012
泻芯锌褔褢薪芯褋褌褜	0.000292	0.116534	0.000034
泻芯褉械泄褋泻懈	0.000292	0.040822	0.000012
泻芯褉械泄褋泻懈泄	0.000292	0.105361	0.000031
泻芯褉卸懈泻	0.000292	0.040822	0.000012
泻芯褉屑懈褌褜	0.000292	0.116534	0.000034
泻芯褌	0.000292	4.605170	0.001345
泻芯褌谢械褌邪	0.000292	0.040822	0.000012
泻芯褎械	0.000584	0.040822	0.000024
泻褉邪褋懈胁芯	0.000292	1.832581	0.000535
泻褉邪褋懈胁褘泄	0.000292	0.843970	0.000246
泻褉邪褋泻邪	0.000292	0.116534	0.000034
泻褉械邪褌懈胁	0.000292	0.127833	0.000037
泻褉械屑	0.000876	0.040822	0.000036
泻褉械锌泻懈泄	0.000292	0.116534	0.000034
泻褉芯谢懈泻	0.000584	0.116534	0.000068
泻褉芯屑械	0.000292	0.061875	0.000018
泻褉芯褏邪	0.000292	0.116534	0.000034
泻褉褍谐	0.000584	0.116534	0.000068
泻褉褍锌	0.001752	0.105361	0.000185
泻褉褍锌邪	0.002629	0.116534	0.000306
泻褉褍锌褟薪芯泄	0.000292	0.116534	0.000034
泻褋褌邪褌懈	0.001168	1.237874	0.001446
泻褍斜懈薪褋泻懈泄	0.000292	0.116534	0.000034
泻褍谢械褕	0.000292	0.040822	0.000012
泻褍谢懈薪邪褉懈褟	0.000876	0.094311	0.000083
泻褍谢懈薪邪褉薪褘泄	0.001752	0.000000	0.000000
泻褍谢懈褔	0.000584	0.040822	0.000024
泻褍褉写褋泻懈泄	0.000292	0.116534	0.000034
泻褍褉懈薪褘泄	0.002336	0.094311	0.000220
泻褍褉懈褑邪	0.002336	0.040822	0.000095
泻褍褉芯褔泻邪	0.000292	0.116534	0.000034
泻褍褋泻褍褋	0.000292	0.040822	0.000012
泻褍褏薪褟	0.002044	0.040822	0.000083
泻褍褏芯薪薪褘泄	0.000292	3.506558	0.001024
谢邪胁邪褕	0.001752	0.040822	0.000072
谢邪谐屑邪薪	0.000292	0.040822	0.000012
谢邪蟹邪薪懈械	0.000584	2.995732	0.001750
谢邪泻芯屑褋褌胁芯	0.000292	0.116534	0.000034
谢邪锌褕邪	0.000584	0.040822	0.000024
谢邪褌褘褕褋泻懈泄	0.000292	0.116534	0.000034
谢械谐泻芯	0.001752	0.116534	0.000204
谢械锌褢褕泻邪	0.000584	0.040822	0.000024
谢械褌薪懈泄	0.000584	0.040822	0.000024
谢械褌芯	0.001752	0.116534	0.000204
谢械褔芯	0.000292	0.040822	0.000012
谢懈谐邪	0.000876	0.116534	0.000102
谢懈泻褢褉	0.000292	0.040822	0.000012
谢懈屑芯薪邪写	0.000584	0.040822	0.000024
谢懈褌芯胁褋泻	0.000292	0.127833	0.000037
谢懈褌芯胁褋泻懈泄	0.000292	0.116534	0.000034
谢芯卸泻邪	0.000292	1.897120	0.000554
谢褍泻	0.001168	0.301105	0.000352
谢褞斜懈屑褘泄	0.002336	0.116534	0.000272
谢褞斜芯胁褜	0.000584	0.105361	0.000062
谢褞斜芯泄	0.000292	0.094311	0.000028
谢褢谐泻懈泄	0.000876	0.094311	0.000083
谢褢写	0.000292	0.116534	0.000034
屑邪谐褉懈斜	0.000292	0.116534	0.000034
屑邪泄	0.000292	0.116534	0.000034
屑邪泄芯薪械蟹	0.000292	0.116534	0.000034
屑邪泻邪褉芯薪薪褘泄	0.000292	0.116534	0.000034
屑邪泻邪褉芯薪褘	0.000292	0.040822	0.000012
屑邪谢邪蟹懈泄褋泻懈泄	0.000292	0.116534	0.000034
屑邪薪薪懈泻	0.000292	0.040822	0.000012
屑邪薪褋邪褉写邪	0.000292	0.755023	0.000221
屑邪薪褌邪	0.000292	0.116534	0.000034
屑邪薪褢胁褉	0.000292	0.116534	0.000034
屑邪褉邪褎芯薪	0.000876	0.116534	0.000102
屑邪褉懈薪邪写	0.003505	0.040822	0.000143
屑邪褉懈薪芯胁邪褌褜	0.002044	0.116534	0.000238
屑邪褉懈褕泻邪	0.000292	4.605170	0.001345
屑邪褉屑械谢邪写	0.000292	0.040822	0.000012
屑邪褉芯泻泻邪薪褋泻懈泄	0.000292	0.116534	0.000034
屑邪褉褌	0.001752	0.105361	0.000185
屑邪褋泻邪褉锌芯薪	0.000292	0.040822	0.000012
屑邪褋谢械薪懈褑邪	0.001460	0.040822	0.000060
屑邪褋谢械薪懈褔薪褘泄	0.001460	0.116534	0.000170
屑邪褋谢芯	0.004965	0.105361	0.000523
屑邪褋谢褢薪芯泻	0.001168	3.506558	0.004096
屑邪褋褌械褉	0.002629	0.116534	0.000306
屑邪褋褌懈泻邪	0.000584	0.040822	0.000024
屑邪褎褎懈薪邪	0.000292	0.116534	0.000034
屑邪褏械械胁褗	0.001168	0.116534	0.000136
屑械写懈邪褎芯褉褌	0.000876	0.000000	0.000000
屑械写芯胁褘泄	0.000292	0.116534	0.000034
屑械泻褋懈泻邪薪褋泻懈泄	0.000292	0.116534	0.000034
屑械薪褞	0.000292	0.116534	0.000034
屑械薪褟褌褜褋褟	0.000292	0.116534	0.000034
屑械褔褌邪	0.000876	0.040822	0.000036
屑械褕邪褌褜	0.000292	2.995732	0.000875
屑懈写懈褟	0.000292	0.040822	0.000012
屑懈泻褉芯胁芯谢薪芯胁泻邪	0.000292	0.105361	0.000031
屑懈谢褜褟	0.000292	0.116534	0.000034
屑懈薪褍褌邪	0.000876	0.544727	0.000477
屑懈芯	0.000292	0.116534	0.000034
屑懈褉	0.000584	0.105361	0.000062
屑懈褉芯胁芯泄	0.000292	0.116534	0.000034
屑懈褋芯	0.000292	0.040822	0.000012
屑懈褋褌械褉懈褟	0.000292	0.116534	0.000034
屑懈褋褌褉邪谢褜	0.002044	0.116534	0.000238
屑谢	0.000292	2.813411	0.000822
屑薪芯卸械褋褌胁芯	0.000292	0.040822	0.000012
屑芯写械褉邪褌芯褉	0.000292	3.912023	0.001143
屑芯泄	0.002044	0.083382	0.000170
屑芯谢写邪胁褋泻懈泄	0.000292	0.116534	0.000034
屑芯谢芯泻芯	0.002044	0.083382	0.000170
屑芯谢芯褔薪褘泄	0.000876	0.040822	0.000036
屑芯屑械薪褌	0.000876	0.105361	0.000092
屑芯薪谐芯谢褜褋泻懈泄	0.000292	0.116534	0.000034
屑芯褉械	0.000292	0.116534	0.000034
屑芯褉械锌褉芯写褍泻褌	0.003797	0.040822	0.000155
屑芯褉泻芯胁泻邪	0.001168	2.995732	0.003500
屑芯褉泻芯胁褜	0.000292	0.040822	0.000012
屑芯褉芯卸械薪芯械	0.000876	0.040822	0.000036
屑芯褉褋	0.000584	0.040822	0.000024
屑芯褌芯褉	0.000292	0.116534	0.000034
屑芯褏懈褌褘泄	0.000292	0.040822	0.000012
屑芯褔褜	0.000876	0.000000	0.000000
屑褍卸褋泻芯泄	0.000292	0.127833	0.000037
屑褍卸褔懈薪邪	0.000584	0.116534	0.000068
屑褍泻邪	0.001752	0.248461	0.000435
屑褍谢褜褌懈胁邪褉泻邪	0.011098	0.116534	0.001293
屑褍谢褜褌懈泻	0.000292	4.605170	0.001345
屑褍谢褜褌懈锌械泻邪褉褜	0.000876	0.116534	0.000102
屑褍褋芯褉	0.001168	3.506558	0.004096
屑褍褋褋	0.000292	0.040822	0.000012
屑褍褋褋邪	0.000876	0.040822	0.000036
屑褍褔薪芯泄	0.000292	0.116534	0.000034
屑褞褋谢懈	0.000584	0.116534	0.000068
屑褟谐泻懈泄	0.001460	0.755023	0.001103
屑褟褋薪芯泄	0.003213	0.040822	0.000131
屑褟褋芯	0.006717	0.040822	0.000274
屑褟褋芯褉褍斜泻邪	0.001168	3.506558	0.004096
薪邪胁械褉褏	0.000292	2.302585	0.000672
薪邪蟹邪写	0.001460	0.967584	0.001413
薪邪蟹薪邪褔械薪懈械	0.000876	0.116534	0.000102
薪邪谢懈胁泻邪	0.000292	0.040822	0.000012
薪邪锌懈褌芯泻	0.002044	0.040822	0.000083
薪邪锌褉懈屑械褉	0.000292	1.771957	0.000518
薪邪褋褌芯泄泻邪	0.000292	0.040822	0.000012
薪邪褋褌褉芯械薪懈械	0.000292	0.116534	0.000034
薪邪褑懈芯薪邪谢褜薪褘泄	0.000292	0.116534	0.000034
薪邪褔懈薪泻邪	0.002629	0.040822	0.000107
薪邪褕	0.001168	0.040822	0.000048
薪械写械谢褟	0.004089	0.051293	0.000210
薪械卸薪褘泄	0.000292	0.094311	0.000028
薪械屑械褑泻懈泄	0.000292	0.116534	0.000034
薪械屑薪芯谐芯	0.000584	1.203973	0.000703
薪械芯卸懈写邪薪薪褘泄	0.000584	0.116534	0.000068
薪械锌芯写械谢懈谢褋褟斜褘薪懈褋泻邪褌褜	0.000292	4.605170	0.001345
薪械褋谢邪写泻懈泄	0.000292	0.116534	0.000034
薪械褋芯谢褢薪褘泄	0.000292	4.605170	0.001345
薪械褋芯屑薪械薪薪芯	0.000292	3.912023	0.001143
薪懈泻邪泻	0.000292	2.659260	0.000777
薪芯胁芯谐芯写薪懈泄	0.006425	0.040822	0.000262
薪芯胁芯褋褌褜	0.000292	0.061875	0.000018
薪芯胁褘泄	0.004089	0.030459	0.000125
薪芯褉胁械卸褋泻懈泄	0.000292	0.116534	0.000034
薪褉邪胁懈褌褜褋褟	0.000292	0.941609	0.000275
芯斜械写	0.002629	0.105361	0.000277
芯斜械蟹褜褟薪邪	0.000292	0.116534	0.000034
芯斜卸邪褉懈胁邪褌褜褋褟	0.002336	3.506558	0.008193
芯斜芯谐邪褖邪褌褜褋褟	0.000292	4.605170	0.001345
芯斜褉邪蟹	0.000292	2.040221	0.000596
芯斜褖邪褌褜褋褟	0.000292	0.040822	0.000012
芯斜褟蟹邪褌械谢褜薪芯	0.001168	0.967584	0.001130
芯胁芯褖	0.006133	0.094311	0.000578
芯胁芯褖薪芯泄	0.003797	0.040822	0.000155
芯胁褋褟薪褘泄	0.000292	0.105361	0.000031
芯谐薪械薪薪褘泄	0.000292	0.116534	0.000034
芯谐芯谐芯谐芯谐芯谐懈褖褖褖懈泄	0.000292	4.605170	0.001345
芯谐芯薪褜	0.000876	0.094311	0.000083
芯谐褍褉械褑	0.000584	0.116534	0.000068
芯写薪芯泻谢邪褋褋薪懈泻	0.000292	2.407946	0.000703
芯泻邪蟹邪褌褜褋褟	0.001168	1.514128	0.001769
芯泻褉芯褕泻邪	0.000876	0.040822	0.000036
芯谢邪写褜褟	0.002921	0.040822	0.000119
芯谢械泄薪芯泄	0.001168	0.116534	0.000136
芯谢械泄薪褘泄	0.001168	0.116534	0.000136
芯屑谢械褌	0.000292	0.040822	0.000012
芯锌邪褉邪	0.000292	0.040822	0.000012
芯锌褉芯褋	0.000292	0.061875	0.000018
芯锌褟褌褜	0.000292	2.040221	0.000596
芯锌褢薪芯泻	0.001168	3.506558	0.004096
芯褋械薪薪懈泄	0.001168	0.051293	0.000060
芯褋械薪褜	0.002921	0.105361	0.000308
芯褋薪芯胁薪褘泄	0.000292	0.040822	0.000012
芯褋褌邪胁邪褌褜褋褟	0.000292	0.116534	0.000034
芯褋褌邪胁懈褌褜	0.000584	1.660731	0.000970
芯褋褌邪胁谢褟褌褜	0.000292	1.832581	0.000535
芯褋褌邪褌褜褋褟	0.000292	1.309333	0.000382
芯褋褌褘褌褜	0.000292	2.995732	0.000875
芯褌胁械褌	0.000584	0.000000	0.000000
芯褌胁械褌懈褌褜	0.000292	0.051293	0.000015
芯褌写械谢褜薪褘泄	0.000584	2.659260	0.001553
芯褌蟹褘胁	0.001460	2.120264	0.003096
芯褌泻褉褘褌褘泄	0.000584	0.105361	0.000062
芯褌谢懈褔薪褘泄	0.000292	1.078810	0.000315
芯褌屑械薪懈褌褜	0.000876	0.040822	0.000036
芯褏谢邪写懈褌褜	0.000292	0.116534	0.000034
锌邪泻械褌懈泻	0.000292	0.105361	0.000031
锌邪谢芯褔泻邪	0.000292	0.040822	0.000012
锌邪薪懈褉芯胁泻邪	0.002336	0.116534	0.000272
锌邪褉邪	0.000292	0.116534	0.000034
锌邪褉邪写	0.002044	0.116534	0.000238
锌邪褉芯胁邪褉泻邪	0.002629	0.105361	0.000277
锌邪褉芯谢褜	0.000584	0.020203	0.000012
锌邪褋褌邪	0.000876	0.040822	0.000036
锌邪褋褌褉芯屑邪	0.000292	0.040822	0.000012
锌邪褋褏邪	0.000876	0.040822	0.000036
锌邪褋褏邪谢褜薪褘泄	0.000876	0.116534	0.000102
锌邪褍褌懈薪薪懈泻	0.001168	3.506558	0.004096
锌邪褕褌械褌	0.001752	0.040822	0.000072
锌械泻邪褉褜	0.000292	0.127833	0.000037
锌械谢褜屑械薪褜	0.000292	0.116534	0.000034
锌械褉胁褘泄	0.001460	0.040822	0.000060
锌械褉械胁械褉薪褍褌褜	0.000292	3.912023	0.001143
锌械褉械泄褌懈	0.000292	0.040822	0.000012
锌械褉械泻褍褋	0.000584	0.116534	0.000068
锌械褉械褑	0.000292	0.040822	0.000012
锌械褉褋芯薪邪	0.000292	0.116534	0.000034
锌械褉褍邪薪褋泻懈泄	0.000292	0.116534	0.000034
锌械褉褔懈褌褜	0.001168	3.218876	0.003760
锌械褋芯褔薪褘泄	0.000876	0.105361	0.000092
锌械褌械谢懈薪泻	0.000292	0.127833	0.000037
锌械褔邪褌褜	0.000292	2.302585	0.000672
锌械褔械薪懈械	0.002629	0.040822	0.000107
锌械褔褜	0.000292	0.116534	0.000034
锌械褔褢薪芯褔薪褘泄	0.000292	0.040822	0.000012
锌懈胁芯	0.000292	0.116534	0.000034
锌懈泻邪薪褌	0.000292	0.127833	0.000037
锌懈泻薪懈泻	0.001168	0.105361	0.000123
锌懈褉	0.000292	0.116534	0.000034
锌懈褉芯谐	0.008470	0.040822	0.000346
锌懈褉芯卸薪芯械	0.000876	0.040822	0.000036
锌懈褉芯卸芯泻	0.000292	0.040822	0.000012
锌懈褌邪薪懈械	0.001460	0.094311	0.000138
锌懈褑褑邪	0.000584	0.040822	0.000024
锌懈褖械胁芯泄	0.000292	2.120264	0.000619
锌谢邪屑褟	0.000292	0.116534	0.000034
锌谢邪褋褌懈薪泻邪	0.000292	3.912023	0.001143
锌谢懈褌邪	0.001168	0.116534	0.000136
锌谢芯胁	0.000292	0.116534	0.000034
锌谢芯写	0.000292	0.116534	0.000034
锌芯胁邪褉褢薪芯泻	0.002044	0.000000	0.000000
锌芯胁械褉褏薪芯褋褌褜	0.000292	4.605170	0.001345
锌芯胁懈写谢芯	0.000292	0.040822	0.000012
锌芯写邪胁邪褌褜	0.000292	1.514128	0.000442
锌芯写邪褉芯泻	0.000292	0.116534	0.000034
锌芯写谐芯褌芯胁懈褌褜	0.000292	2.813411	0.000822
锌芯写械谢懈褌褜褋褟	0.000292	0.400478	0.000117
锌芯写谢懈胁	0.000292	0.116534	0.000034
锌芯写谢懈胁泻邪	0.000292	0.040822	0.000012
锌芯写芯泄褌懈	0.001168	1.272966	0.001487
锌芯写锌懈褋邪褌褜褋褟	0.000876	0.040822	0.000036
锌芯写锌懈褋褘胁邪褌褜褋褟	0.000292	2.407946	0.000703
锌芯写褋泻邪蟹泻邪	0.000292	3.912023	0.001143
锌芯械写懈薪芯泻	0.004089	0.116534	0.000476
锌芯蟹写褉邪胁懈褌褜	0.000292	0.116534	0.000034
锌芯懈褋泻	0.000292	0.051293	0.000015
锌芯泻邪蟹邪褌褜	0.000584	1.309333	0.000765
锌芯谢写薪懈泻	0.002336	0.116534	0.000272
锌芯谢械蟹薪芯	0.000292	0.116534	0.000034
锌芯谢懈褌懈泻邪	0.000292	0.040822	0.000012
锌芯谢薪芯褋褌褜褞	0.000584	1.347074	0.000787
锌芯谢芯胁懈薪邪	0.002336	0.105361	0.000246
锌芯谢芯胁薪懈泻	0.000292	4.605170	0.001345
锌芯谢褌芯褉邪	0.000292	2.120264	0.000619
锌芯谢褍褔邪褌褜	0.001168	0.040822	0.000048
锌芯谢褜蟹邪	0.001460	0.116534	0.000170
锌芯谢褜蟹芯胁邪褌械谢褜	0.000292	1.309333	0.000382
锌芯谢褜褋泻懈泄	0.000292	0.116534	0.000034
锌芯屑邪写泻邪	0.000876	0.040822	0.000036
锌芯屑懈写芯褉	0.000584	0.116534	0.000068
锌芯屑懈写芯褉泻	0.000292	0.127833	0.000037
锌芯屑芯褖褜	0.000292	2.207275	0.000645
锌芯薪褉邪胁懈褌褜褋褟	0.000292	0.040822	0.000012
锌芯薪褔懈泻	0.000584	0.040822	0.000024
锌芯薪褟褌褜	0.000292	1.660731	0.000485
锌芯锌褍谐邪泄	0.000292	4.605170	0.001345
锌芯褉邪	0.000584	0.105361	0.000062
锌芯褉械蟹邪褌褜	0.000292	3.506558	0.001024
锌芯褉褌褍谐邪谢褜褋泻懈泄	0.000292	0.116534	0.000034
锌芯褉褑懈褟	0.000584	1.660731	0.000970
锌芯褋械褖邪褌褜	0.000292	0.061875	0.000018
锌芯褋谢械写薪懈泄	0.000292	1.272966	0.000372
锌芯褋褌	0.001460	0.105361	0.000154
锌芯褋褌械锌械薪薪芯	0.000292	3.912023	0.001143
锌芯褋褌薪褘泄	0.000876	0.040822	0.000036
锌芯褋褌芯褟薪薪芯	0.000292	0.040822	0.000012
锌芯褋褌褉芯懈褌褜	0.000292	0.105361	0.000031
锌芯褋褍写邪	0.000584	0.094311	0.000055
锌芯褌褉械斜薪芯褋褌褜	0.001168	3.506558	0.004096
锌芯褌褉械斜芯胁邪褌褜褋褟	0.000292	2.525729	0.000738
锌芯褏芯卸懈泄	0.000292	0.994252	0.000290
锌芯褔褌邪	0.000584	0.040822	0.000024
锌芯褕邪谐芯胁褘泄	0.000292	0.040822	0.000012
锌褉邪胁懈谢芯	0.000292	2.207275	0.000645
锌褉邪蟹写薪懈泻	0.001460	0.105361	0.000154
锌褉邪蟹写薪懈褔薪芯	0.000292	0.116534	0.000034
锌褉邪蟹写薪懈褔薪褘泄	0.000876	0.105361	0.000092
锌褉邪泻褌懈泻褍屑	0.000292	0.116534	0.000034
锌褉械胁芯褋褏芯写薪褘泄	0.000292	0.116534	0.000034
锌褉械胁褉邪褖械薪懈械	0.000292	0.116534	0.000034
锌褉械写谢芯卸懈褌褜	0.001168	1.108663	0.001295
锌褉械泻褉邪褋薪褘泄	0.000292	1.386294	0.000405
锌褉械褋薪褘泄	0.000292	0.116534	0.000034
锌褉懈胁械褌	0.000292	2.659260	0.000777
锌褉懈谐芯褌芯胁懈褌褜	0.000584	0.083382	0.000049
锌褉懈谐芯褌芯胁谢械薪懈械	0.002044	0.040822	0.000083
锌褉懈蟹	0.000292	0.040822	0.000012
锌褉懈蟹薪邪薪懈械	0.000292	0.116534	0.000034
锌褉懈泄褌懈	0.001168	1.966113	0.002297
锌褉懈锌褉邪胁邪	0.000292	0.040822	0.000012
锌褉懈褉芯写邪	0.000584	0.105361	0.000062
锌褉懈褋褌褍锌懈褌褜	0.000292	0.040822	0.000012
锌褉懈褟褌薪褘泄	0.000292	1.427116	0.000417
锌褉芯胁械褉懈褌褜	0.001752	0.116534	0.000204
锌褉芯胁械褋褌懈	0.001168	0.116534	0.000136
锌褉芯胁芯写懈褌褜	0.000292	0.040822	0.000012
锌褉芯胁芯卸邪褌褜	0.000292	0.116534	0.000034
锌褉芯写芯谢卸邪褌褜	0.000292	2.525729	0.000738
锌褉芯写褍泻褌	0.000292	0.072571	0.000021
锌褉芯械泻褌	0.000584	0.051293	0.000030
锌褉芯懈蟹胁芯写褋褌胁芯	0.000292	4.605170	0.001345
锌褉芯锌褍褋泻邪褌褜褋褟	0.001168	3.506558	0.004096
锌褉芯褋械褟褌褜	0.000292	3.912023	0.001143
锌褉芯褋褌芯	0.003213	0.083382	0.000268
锌褉芯褋褌芯泄	0.001168	0.301105	0.000352
锌褉芯褋褌芯泻胁邪褕邪	0.000292	0.040822	0.000012
锌褉芯褌懈胁薪褘泄	0.000292	4.605170	0.001345
锌褉芯褎懈谢褜	0.000292	0.040822	0.000012
锌褉芯褑械写褍褉邪	0.000292	3.912023	0.001143
锌褉褟屑芯	0.000292	0.040822	0.000012
锌褉褟薪懈泻	0.000584	0.040822	0.000024
锌褉褟薪懈褔薪褘泄	0.000292	0.116534	0.000034
锌褌懈褑邪	0.005549	0.116534	0.000647
锌褍写懈薪谐	0.000876	0.040822	0.000036
锌褍薪褕	0.000292	0.040822	0.000012
锌褍褌械褕械褋褌胁懈械	0.000584	0.116534	0.000068
锌褍褌褜	0.000292	0.116534	0.000034
锌褕械薪懈褔薪褘泄	0.001168	0.287682	0.000336
锌褘褕泻邪	0.000292	0.040822	0.000012
锌褘褕薪褘泄	0.000292	2.120264	0.000619
锌褞褉械	0.001168	0.040822	0.000048
褉邪谐褍	0.000292	0.116534	0.000034
褉邪蟹	0.000584	0.356675	0.000208
褉邪蟹胁械褉薪褍褌褜	0.000292	0.116534	0.000034
褉邪蟹写械谢褜薪褘泄	0.000292	0.116534	0.000034
褉邪蟹屑褟褌褜	0.000292	4.605170	0.001345
褉邪蟹薪褘泄	0.000292	0.094311	0.000028
褉邪蟹芯谐褉械褌褜	0.000292	2.407946	0.000703
褉邪褋锌褉械写械谢懈褌褜	0.000292	4.605170	0.001345
褉邪褋褋芯谢	0.000292	3.218876	0.000940
褉邪褋褋芯谢褜薪懈泻	0.000876	0.040822	0.000036
褉邪褋褋褘谢泻邪	0.000292	0.061875	0.000018
褉邪褋褌懈褌械谢褜薪褘泄	0.001460	0.223144	0.000326
褉邪褋褎邪褋芯胁褘胁邪褌褜褋褟	0.001168	3.506558	0.004096
褉械斜褢薪芯泻	0.000584	0.094311	0.000055
褉械谐懈褋褌褉邪褑懈褟	0.001168	0.000000	0.000000
褉械谐懈褋褌褉懈褉芯胁邪褌褜褋褟	0.000292	2.302585	0.000672
褉械写泻懈泄	0.001168	3.218876	0.003760
褉械蟹邪褌褜	0.000292	2.659260	0.000777
褉械褑械锌褌	0.033002	0.040822	0.001347
褉械褕械薪懈械	0.001168	2.813411	0.003287
褉懈褋	0.001460	0.040822	0.000060
褉懈褌屑	0.000292	0.116534	0.000034
褉芯谐邪谢懈泻	0.000292	0.040822	0.000012
褉芯写薪褘泄	0.000292	0.116534	0.000034
褉芯卸写械薪懈械	0.000584	0.105361	0.000062
褉芯卸写械褋褌胁芯	0.000584	0.116534	0.000068
褉芯谢谢	0.000876	0.040822	0.000036
褉芯谢谢褌芯薪	0.000292	0.116534	0.000034
褉芯屑	0.000292	0.040822	0.000012
褉褍斜褉懈泻邪褌芯褉	0.000292	0.051293	0.000015
褉褍谢械褌	0.003213	0.040822	0.000131
褉褍谢械褌懈泻	0.000292	2.302585	0.000672
褉褍屑褘薪褋泻懈泄	0.000292	0.116534	0.000034
褉褍屑褟薪褘泄	0.000292	0.116534	0.000034
褉褍薪械褌	0.000292	0.020203	0.000006
褉褍褋褋泻懈	0.000292	3.218876	0.000940
褉褍褋褋泻懈泄	0.000584	0.105361	0.000062
褉褘斜邪	0.007593	0.040822	0.000310
褉褘斜薪褘泄	0.002921	0.105361	0.000308
褉褘卸懈泻	0.001168	3.218876	0.003760
褉褟卸械薪泻邪	0.000292	0.116534	0.000034
褋邪泄褌	0.002336	0.000000	0.000000
褋邪谢邪褌	0.009346	0.040822	0.000382
褋邪谢邪褌薪褘泄	0.000292	0.116534	0.000034
褋邪谢芯	0.001460	2.659260	0.003883
褋邪屑芯谐芯薪	0.000292	0.040822	0.000012
褋邪屑褘泄	0.000584	0.105361	0.000062
褋邪褎	0.000876	0.116534	0.000102
褋邪褎褋械屑邪	0.000292	0.116534	0.000034
褋邪褏邪褉	0.002044	0.105361	0.000215
褋斜懈褌械薪褜	0.000292	0.040822	0.000012
褋胁械卸械褋褌褜	0.000292	0.105361	0.000031
褋胁械泻芯谢褜薪懈泻	0.000584	0.040822	0.000024
褋胁械褉褏褍	0.000584	2.995732	0.001750
褋胁械褌	0.001168	0.116534	0.000136
褋胁械褌邪	0.001168	0.116534	0.000136
褋胁懈薪懈薪	0.001168	0.116534	0.000136
褋胁懈薪懈薪邪	0.000292	0.040822	0.000012
褋胁褢泻谢邪	0.000292	0.040822	0.000012
褋谐褍褖褢薪泻邪	0.000292	0.040822	0.000012
褋械蟹芯薪	0.000292	0.116534	0.000034
褋械泄褔邪褋	0.000584	0.030459	0.000018
褋械泻褉械褌	0.000584	0.116534	0.000068
褋械谢褢写泻邪	0.000584	0.040822	0.000024
褋械谢褢写芯褔薪褘泄	0.000292	4.605170	0.001345
褋械屑械泄薪褘泄	0.000292	0.116534	0.000034
褋械屑褜褟	0.000292	0.116534	0.000034
褋械褉械写懈薪邪	0.000584	3.912023	0.002285
褋懈斜懈褉褜	0.000292	4.605170	0.001345
褋懈写褉	0.000292	0.040822	0.000012
褋懈谢褜薪褘泄	0.000292	2.659260	0.000777
褋懈褉懈泄褋泻懈泄	0.000292	0.116534	0.000034
褋懈褉芯锌	0.000584	0.040822	0.000024
褋懈褋褌械屑邪	0.000292	0.040822	0.000012
褋懈褌懈	0.000292	0.127833	0.000037
褋懈褌芯	0.000292	4.605170	0.001345
褋泻邪蟹泻邪	0.000292	0.116534	0.000034
褋泻芯胁芯褉芯写邪	0.001168	1.386294	0.001620
褋泻芯谢褜泻芯	0.000292	1.771957	0.000518
褋谢邪写泻懈泄	0.005549	0.040822	0.000227
褋谢邪写泻芯	0.000292	0.116534	0.000034
褋谢械写褍褞褖懈泄	0.000292	1.386294	0.000405
褋谢懈胁芯褔薪褘泄	0.003213	0.105361	0.000338
褋谢懈褕泻芯屑	0.000292	2.120264	0.000619
褋谢芯泄泻邪	0.000584	0.040822	0.000024
褋谢芯褢薪褘泄	0.000876	0.116534	0.000102
褋屑邪蟹邪褌褜	0.001168	2.995732	0.003500
褋屑邪蟹褘胁邪薪懈械	0.000584	4.605170	0.002690
褋屑械褌邪薪邪	0.002921	0.105361	0.000308
褋屑械褕邪薪薪褘泄	0.000292	0.116534	0.000034
褋屑芯褔褜	0.000292	0.040822	0.000012
褋屑褍蟹懈	0.000876	0.040822	0.000036
褋薪邪褔邪谢邪	0.000584	2.120264	0.001238
褋薪褝泻	0.000292	0.116534	0.000034
褋薪褟褌褜	0.000292	2.813411	0.000822
褋芯斜懈褉邪褌褜褋褟	0.000292	0.040822	0.000012
褋芯斜褋褌胁械薪薪芯	0.000292	2.120264	0.000619
褋芯胁械褉褕械薪薪芯	0.001168	1.171183	0.001368
褋芯胁械褉褕械薪褋褌胁芯	0.001460	0.116534	0.000170
褋芯胁械褌	0.000292	0.040822	0.000012
褋芯谐谢邪褕邪褌褜褋褟	0.000292	0.040822	0.000012
褋芯写邪	0.001460	0.941609	0.001375
褋芯蟹写邪胁邪褌褜	0.000292	0.105361	0.000031
褋芯蟹褉械褌褜	0.001168	2.407946	0.002813
褋芯泻	0.000876	0.040822	0.000036
褋芯谢械薪懈械	0.000584	0.116534	0.000068
褋芯谢懈褌褜	0.001168	2.659260	0.003107
褋芯谢薪械褔薪褘泄	0.000292	0.116534	0.000034
褋芯谢褜	0.001460	0.127833	0.000187
褋芯谢褟薪泻邪	0.000584	0.040822	0.000024
褋芯谢褢薪褘泄	0.002921	0.116534	0.000340
褋芯褋褌邪胁懈褌褜	0.000292	0.116534	0.000034
褋芯褍褋	0.005257	0.040822	0.000215
褋芯褏褉邪薪褟褌褜	0.000292	0.040822	0.000012
褋芯褑褋械褌褜	0.000584	0.040822	0.000024
褋芯褔械褌邪薪懈械	0.000292	0.105361	0.000031
褋芯褔薪褘泄	0.000292	0.116534	0.000034
褋锌邪褋懈斜芯	0.001460	0.673345	0.000983
褋锌械褌褜	0.000292	0.116534	0.000034
褋锌械褑懈邪谢懈褋褌	0.000292	4.605170	0.001345
褋锌械褑懈邪谢褜薪褘泄	0.000292	0.094311	0.000028
褋锌械褑懈褟	0.000292	0.094311	0.000028
褋锌械褑锌褉芯械泻褌	0.009638	0.116534	0.001123
褋锌懈褋芯泻	0.000292	0.116534	0.000034
褋褉邪蟹褍	0.000292	0.733969	0.000214
褋褉械写懈蟹械屑薪芯屑芯褉褋泻懈泄	0.000292	0.127833	0.000037
褋褌	0.000584	2.659260	0.001553
褋褌邪薪芯胁懈褌褜褋褟	0.000292	2.407946	0.000703
褋褌邪褌褜褟	0.000292	0.061875	0.000018
褋褌械褉懈谢褜薪褘泄	0.001168	3.506558	0.004096
褋褌械褔褜	0.000292	4.605170	0.001345
褋褌懈谢褜	0.000584	0.116534	0.000068
褋褌芯谢	0.003797	0.105361	0.000400
褋褌芯褉芯薪邪	0.000292	1.966113	0.000574
褋褌褉芯懈褌械谢褜褋褌胁芯	0.000584	0.040822	0.000024
褋褌褉芯懈褌褜	0.000292	0.040822	0.000012
褋褌褉芯泄薪褘泄	0.000292	0.116534	0.000034
褋褍斜锌褉芯写褍泻褌	0.002921	0.116534	0.000340
褋褍锌	0.005549	0.040822	0.000227
褋褍锌械褉	0.000292	2.302585	0.000672
褋褍褎谢械	0.000876	0.040822	0.000036
褋褍褏邪褉褜	0.000292	0.040822	0.000012
褋褍褕懈褌褜	0.000584	0.040822	0.000024
褋褗械褋褌褜	0.000292	1.469676	0.000429
褋褘褉	0.004381	0.040822	0.000179
褋褘褉薪懈泻	0.002336	0.040822	0.000095
褋褘褉薪褘泄	0.001168	0.040822	0.000048
褋褘褉芯械卸泻邪	0.001168	3.506558	0.004096
褋褘褌薪褘泄	0.000876	0.105361	0.000092
褋褘褔褍卸薪褘泄	0.000292	0.127833	0.000037
褋褝薪写胁懈褔	0.000584	0.127833	0.000075
褋褞褉锌褉懈蟹	0.000292	0.116534	0.000034
褋褢屑谐邪	0.000584	0.040822	0.000024
褌邪写卸懈泻褋泻懈泄	0.000292	0.116534	0.000034
褌邪泄褋泻懈泄	0.000292	0.116534	0.000034
褌邪泻懈	0.001168	1.237874	0.001446
褌邪褉褌	0.000292	0.116534	0.000034
褌邪褉褌邪谢械褌泻邪	0.000584	0.040822	0.000024
褌邪褌邪褉褋泻懈泄	0.000292	0.116534	0.000034
褌胁芯泄	0.000584	0.116534	0.000068
褌胁芯褉懈褌褜	0.000292	0.116534	0.000034
褌胁芯褉芯谐	0.001168	0.040822	0.000048
褌胁芯褉芯卸薪褘泄	0.001168	0.094311	0.000110
褌械谐	0.000292	2.407946	0.000703
褌械谢械谐褉邪屑	0.000292	0.040822	0.000012
褌械谢褟褌懈薪邪	0.001168	0.116534	0.000136
褌械锌谢芯	0.000292	0.116534	0.000034
褌械褉褉懈薪邪	0.000292	0.040822	0.000012
褌械褋褌	0.002921	0.105361	0.000308
褌械褋褌芯	0.003505	0.040822	0.000143
褌械褏薪懈泻邪	0.001460	0.105361	0.000154
褌懈锌	0.001168	2.813411	0.003287
褌屑	0.001168	0.127833	0.000149
褌芯谢泻	0.000292	3.912023	0.001143
褌芯谢褋褌芯泄	0.000292	3.912023	0.001143
褌芯薪泻懈泄	0.000292	1.309333	0.000382
褌芯锌谢褢薪褘泄	0.000292	0.116534	0.000034
褌芯褉褌	0.007009	0.040822	0.000286
褌芯褉褌懈泻	0.000292	1.897120	0.000554
褌褉邪胁邪	0.000292	0.094311	0.000028
褌褉邪写懈褑懈褟	0.001752	0.116534	0.000204
褌褉械褍谐芯谢褜薪褘泄	0.000292	3.912023	0.001143
褌褉懈	0.000584	1.272966	0.000744
褌褉褍斜芯褔泻邪	0.000292	0.040822	0.000012
褌褉褢褏谢械褌懈械	0.000292	0.116534	0.000034
褌褍薪械褑	0.000292	0.105361	0.000031
褌褍薪懈褋褋泻懈泄	0.000292	0.116534	0.000034
褌褍褉械褑泻懈泄	0.000292	0.116534	0.000034
褌褖邪褌械谢褜薪芯	0.000292	3.912023	0.001143
褌褘泻胁邪	0.000292	0.040822	0.000012
褌褝谐	0.001168	2.407946	0.002813
褌褢褖懈薪	0.000292	0.040822	0.000012
褍斜邪胁懈褌褜	0.000292	4.605170	0.001345
褍胁械写芯屑谢械薪懈械	0.000292	0.040822	0.000012
褍谐谢械胁芯写	0.000876	2.407946	0.002110
褍写邪褔薪褘泄	0.000292	0.116534	0.000034
褍写懈胁懈褌褜	0.000292	0.116534	0.000034
褍写懈胁谢褟褌褜	0.001168	0.116534	0.000136
褍写芯胁芯谢褜褋褌胁懈械	0.000292	0.116534	0.000034
褍卸懈薪	0.003505	0.094311	0.000331
褍蟹斜械泻褋泻懈泄	0.000292	0.116534	0.000034
褍泻褉邪懈薪褋泻懈泄	0.000292	0.116534	0.000034
褍泻褉邪褕械薪懈械	0.002336	0.116534	0.000272
褍锌芯褌褉械斜谢械薪懈械	0.000292	0.116534	0.000034
褍褉邪谢褜褋泻懈泄	0.000292	0.116534	0.000034
褍褉芯胁械薪褜	0.000292	2.120264	0.000619
褍褉芯卸邪泄	0.000292	0.105361	0.000031
褍褌泻邪	0.000876	0.116534	0.000102
褍褌芯褔薪懈褌褜	0.000292	4.605170	0.001345
褍褏芯	0.000292	0.040822	0.000012
褍褏芯写懈褌褜	0.000292	2.120264	0.000619
褍褔邪褋褌胁芯胁邪褌褜	0.000292	0.040822	0.000012
褍褔褢褌薪褘泄	0.000292	2.302585	0.000672
褎邪蟹械薪写邪	0.000292	0.116534	0.000034
褎邪薪褌邪蟹懈褟	0.002336	0.116534	0.000272
褎邪褉褕	0.003797	0.040822	0.000155
褎邪褉褕懈褉芯胁邪薪薪褘泄	0.002044	0.040822	0.000083
褎邪褋芯谢械胁褘泄	0.000292	3.506558	0.001024
褎邪褋芯谢褜	0.000292	0.040822	0.000012
褎械胁褉邪谢褜	0.000876	0.094311	0.000083
褎械泄械褉胁械褉泻	0.000584	0.116534	0.000068
褎懈谐褍褉邪	0.000292	0.116534	0.000034
褎懈薪褋泻懈泄	0.000292	0.116534	0.000034
褎懈褉屑械薪薪褘泄	0.000292	0.116534	0.000034
褎芯薪写褞	0.000292	0.040822	0.000012
褎芯褉屑邪	0.000292	0.105361	0.000031
褎芯褉褍屑	0.001168	0.040822	0.000048
褎芯褉褕屑邪泻	0.000292	0.040822	0.000012
褎褉邪薪褑懈褟	0.000292	0.116534	0.000034
褎褉邪薪褑褍蟹褋泻懈泄	0.000292	0.094311	0.000028
褎褉邪褍	0.001168	0.116534	0.000136
褎褉褍泻褌	0.001460	0.116534	0.000170
褎褉褍泻褌芯胁褘泄	0.002336	0.040822	0.000095
褎褍写	0.000292	0.116534	0.000034
褎褍褉褕械褌	0.000292	0.116534	0.000034
褏邪谢胁邪	0.000292	0.040822	0.000012
褏邪褉胁械褋褌褎械褋褌	0.000584	0.116534	0.000068
褏邪褉褔芯	0.000584	0.040822	0.000024
褏邪褕	0.000292	0.040822	0.000012
褏胁芯褉芯褋褌	0.000292	0.040822	0.000012
褏懈薪泻邪谢懈	0.000292	0.116534	0.000034
褏懈褌	0.002044	0.116534	0.000238
褏谢械斜	0.000876	0.040822	0.000036
褏谢械斜芯锌械褔泻邪	0.000292	0.116534	0.000034
褏谢芯锌褜褟	0.000584	0.094311	0.000055
褏芯蟹褟泄泻邪	0.000292	0.116534	0.000034
褏芯谢芯写械褑	0.000292	0.040822	0.000012
褏芯谢芯写懈谢褜薪懈泻	0.001168	1.049822	0.001226
褏芯谢芯写薪芯械	0.000584	0.116534	0.000068
褏芯谢芯写薪褘泄	0.000584	0.116534	0.000068
褏芯褉胁邪褌褋泻懈泄	0.000292	0.116534	0.000034
褏芯褉芯褕懈泄	0.001460	0.040822	0.000060
褏芯褉芯褕芯	0.001752	0.105361	0.000185
褏芯褉褋	0.000292	0.116534	0.000034
褏芯褌械褌褜	0.000292	0.000000	0.000000
褏芯褌械褌褜褋褟	0.001168	1.237874	0.001446
褏褍屑褍褋邪	0.000292	0.040822	0.000012
褑邪褉褋褌胁芯	0.000292	0.127833	0.000037
褑邪褉褜	0.000292	0.116534	0.000034
褑胁械褌薪芯泄	0.000292	0.040822	0.000012
褑械薪薪芯褋褌褜	0.000292	2.407946	0.000703
褑械薪薪褘泄	0.000292	0.040822	0.000012
褑械薪褌褉	0.000292	0.116534	0.000034
褑懈褌邪褌邪	0.000584	2.302585	0.001345
褔邪械屑褘泄	0.000584	0.116534	0.000068
褔邪泄	0.000876	0.040822	0.000036
褔邪褋	0.001460	1.139434	0.001664
褔邪褋褌褘泄	0.000292	2.659260	0.000777
褔械斜褍褉械泻	0.000584	0.040822	0.000024
褔械褉械锌邪褕泻邪	0.000292	4.605170	0.001345
褔械褉泻懈蟹芯胁褘泄	0.000584	0.116534	0.000068
褔械褋薪芯泻	0.001168	0.314711	0.000368
褔械褋褌薪芯泄	0.000292	0.040822	0.000012
褔械褔械胁懈褑邪	0.000292	0.040822	0.000012
褔械褕褋泻懈泄	0.000292	0.116534	0.000034
褔懈蟹泻械泄泻	0.001168	0.040822	0.000048
褔懈谢懈泄褋泻懈泄	0.000292	0.116534	0.000034
褔懈锌褋褘	0.000292	0.040822	0.000012
褔懈褋谢芯	0.001168	0.235722	0.000275
褔懈褌邪褌褜	0.000876	1.832581	0.001606
褔褍写芯	0.000292	0.116534	0.000034
褕邪屑锌懈薪褜芯薪	0.000584	1.237874	0.000723
褕邪褉懈泻	0.000292	0.040822	0.000012
褕邪褉谢芯褌泻邪	0.000584	0.040822	0.000024
褕邪褉屑	0.000292	0.116534	0.000034
褕邪褕谢褘泻	0.003797	0.040822	0.000155
褕胁械写褋泻懈泄	0.000292	0.116534	0.000034
褕胁械泄褑邪褉褋泻懈泄	0.000292	0.116534	0.000034
褕械写械胁褉	0.000292	0.116534	0.000034
褕械褎	0.000292	0.127833	0.000037
褕懈锌褍褔泻邪	0.000292	0.040822	0.000012
褕懈褉芯泻懈泄	0.000584	0.127833	0.000075
褕泻芯谢邪	0.000292	0.116534	0.000034
褕芯泻芯谢邪写	0.000292	0.040822	0.000012
褕芯褌谢邪薪写褋泻懈泄	0.000292	0.116534	0.000034
褕褌	0.000292	2.525729	0.000738
褕褌褉褍写械谢褜	0.000292	0.040822	0.000012
褕褍褉锌邪	0.000292	0.040822	0.000012
褖械写褉褘泄	0.000292	0.116534	0.000034
褖懈	0.000584	0.040822	0.000024
褘褕褕褕芯	0.000292	4.605170	0.001345
褝写邪泻懈泄	0.001168	3.218876	0.003760
褝泻芯屑懈谢泻	0.000292	0.127833	0.000037
褝薪械褉谐械褌懈褔械褋泻懈泄	0.000292	2.407946	0.000703
褝褋褌芯薪褋泻懈泄	0.000292	0.116534	0.000034
褝褋褝褋褝褋褝褉芯胁褋泻懈泄	0.000292	4.605170	0.001345
褞谐芯褋谢邪胁褋泻懈泄	0.000292	0.116534	0.000034
褟谐芯写薪褘泄	0.001168	0.105361	0.000123
褟蟹褘泻	0.000292	0.040822	0.000012
褟泄褑芯	0.003213	0.040822	0.000131
褟薪写械泻褋	0.000292	0.072571	0.000021
褟锌芯薪褋泻懈泄	0.000584	0.051293	0.000030
褟褉泻懈泄	0.000292	0.116534	0.000034
褟褉泻芯	0.000292	0.105361	0.000031
