谢械屑屑邪	TF	IDF	TF-IDF
邪斜褏邪蟹褋泻懈泄	0.000275	0.116534	0.000032
邪胁褋褌褉邪谢懈泄褋泻懈泄	0.000275	0.116534	0.000032
邪胁褋褌褉懈泄褋泻懈泄	0.000275	0.116534	0.000032
邪胁褌芯泻谢邪胁	0.000275	0.116534	0.000032
邪胁褌芯褉	0.000275	0.040822	0.000011
邪谐褉芯	0.000275	0.116534	0.000032
邪写卸懈泻邪	0.000275	0.040822	0.000011
邪蟹	0.000275	0.127833	0.000035
邪蟹械褉斜邪泄写卸邪薪褋泻懈泄	0.000275	0.116534	0.000032
邪蟹懈邪褌褋泻懈泄	0.000275	0.127833	0.000035
邪泄褉邪薪	0.000275	0.040822	0.000011
邪泻胁邪褌懈泻	0.000826	0.127833	0.000106
邪谢械泻褋械泄	0.000275	0.127833	0.000035
邪谢泻芯谐芯谢褜	0.000826	0.116534	0.000096
邪谢泻芯谐芯谢褜薪褘泄	0.000275	0.116534	0.000032
邪谢谢芯褔泻芯	0.000275	3.912023	0.001077
邪谢褜褌械褉薪邪褌懈胁薪褘泄	0.000275	3.912023	0.001077
邪谢褜褟薪褋	0.000275	0.116534	0.000032
邪屑械褉懈泻邪薪褋泻懈泄	0.000275	0.116534	0.000032
邪薪谐谢懈泄褋泻懈泄	0.000275	0.116534	0.000032
邪薪写褉械泄	0.000275	0.127833	0.000035
邪褉邪斜褋泻懈泄	0.000275	0.116534	0.000032
邪褉谐械薪褌懈薪褋泻懈泄	0.000275	0.116534	0.000032
邪褉屑褟薪褋泻懈泄	0.000275	0.116534	0.000032
邪褉芯屑邪褌薪褘泄	0.000275	0.693147	0.000191
邪褋褋芯褉褌懈	0.000551	0.116534	0.000064
邪褌谢邪薪褌	0.000275	0.116534	0.000032
邪褎谐邪薪褋泻懈泄	0.000275	0.116534	0.000032
邪褎褉懈泻邪薪褋泻懈泄	0.000275	0.116534	0.000032
邪褝褉芯谐褉懈谢褜	0.002753	0.116534	0.000321
斜邪泻谢邪卸邪薪	0.000275	0.040822	0.000011
斜邪谢褌泻芯屑邪	0.000275	0.127833	0.000035
斜邪褉邪薪懈薪邪	0.001101	0.116534	0.000128
斜邪褉褏邪褌芯胁	0.000275	3.506558	0.000965
斜邪褋屑邪褌懈	0.000551	0.127833	0.000070
斜邪褋褌褍褉屑	0.000275	0.040822	0.000011
斜邪褋褌褍褉屑邪	0.000275	0.040822	0.000011
斜邪褌芯薪褔懈泻	0.000275	0.127833	0.000035
斜邪褕泻懈褉褋泻懈泄	0.000275	0.116534	0.000032
斜械写褉芯	0.000551	2.302585	0.001268
斜械蟹邪谢泻芯谐芯谢褜薪褘泄	0.000275	0.116534	0.000032
斜械蟹谐谢褞褌械薪芯胁芯械	0.000275	0.116534	0.000032
斜械蟹械	0.001101	0.040822	0.000045
斜械谢械斜械械胁褋泻懈泄	0.000551	0.116534	0.000064
斜械谢芯褉褍褋褋泻懈泄	0.000275	0.116534	0.000032
斜械谢褜谐懈泄褋泻懈泄	0.000275	0.116534	0.000032
斜械薪写械褉懈泻	0.000826	3.912023	0.003231
斜械褉械屑械薪薪邪褟	0.000275	0.116534	0.000032
斜械褋械写懈薪	0.000275	0.127833	0.000035
斜懈褋泻胁懈褌	0.000551	0.040822	0.000022
斜懈褋泻胁懈褌薪褘泄	0.000826	0.105361	0.000087
斜懈褌芯褔械泻	0.000275	1.897120	0.000522
斜谢邪谐芯写邪褉褟	0.000275	1.897120	0.000522
斜谢懈蟹泻懈泄	0.000826	0.116534	0.000096
斜谢懈薪	0.017070	0.040822	0.000697
斜谢懈薪薪褘泄	0.003029	2.813411	0.008521
斜谢懈薪褔懈泻	0.003579	1.714798	0.006138
斜谢褞写芯	0.028359	0.040822	0.001158
斜芯斜芯胁褘泄	0.002203	0.116534	0.000257
斜芯谢谐邪褉褋泻懈泄	0.001927	0.116534	0.000225
斜芯谢褜褕芯泄	0.000551	0.094311	0.000052
斜芯褉褖	0.000551	0.040822	0.000022
斜芯褌胁懈薪褜褟	0.000275	0.040822	0.000011
斜褉邪蟹懈谢褜褋泻懈泄	0.000275	0.116534	0.000032
斜褉邪褍蟹械褉	0.000275	0.040822	0.000011
斜褉邪褍薪懈	0.000275	0.040822	0.000011
斜褉械褋褌	0.000275	0.127833	0.000035
斜褉芯泻泻芯谢懈	0.000275	0.040822	0.000011
斜褍卸械薪懈薪邪	0.000826	0.040822	0.000034
斜褍谢芯褔泻邪	0.000826	0.040822	0.000034
斜褍谢褜芯薪	0.003029	0.040822	0.000124
斜褍褉谐械褉	0.000551	0.040822	0.000022
斜褍褉褟褌褋泻懈泄	0.000275	0.116534	0.000032
斜褍褌械褉斜褉芯写	0.001101	0.040822	0.000045
斜褘褋褌褉芯	0.000551	0.094311	0.000052
斜褘褋褌褉褘泄	0.000826	0.094311	0.000078
胁邪卸薪褘泄	0.000275	0.116534	0.000032
胁邪谢谢懈泄褋泻懈泄	0.000275	0.116534	0.000032
胁邪薪懈谢懈薪	0.000551	1.609438	0.000886
胁邪褉械薪懈械	0.000551	0.040822	0.000022
胁邪褉械薪懈泻	0.000275	0.116534	0.000032
胁邪褉懈邪薪褌	0.001652	0.356675	0.000589
胁邪褌褉褍褕泻邪	0.000275	0.040822	0.000011
胁邪褎谢褟	0.000551	0.040822	0.000022
胁邪褕	0.001652	0.000000	0.000000
胁胁芯写懈褌褜	0.000275	0.040822	0.000011
胁写芯褏薪芯胁械薪懈械	0.001652	0.116534	0.000193
胁写芯褏薪芯胁谢褟褌褜褋褟	0.000275	0.116534	0.000032
胁械谐械褌邪褉懈邪薪褋泻懈泄	0.000551	0.116534	0.000064
胁械谢懈泻懈泄	0.000275	0.116534	0.000032
胁械谢懈泻芯谢械锌薪褘泄	0.000275	1.427116	0.000393
胁械薪谐械褉褋泻懈泄	0.000275	0.116534	0.000032
胁械褋械薪薪懈泄	0.000275	0.051293	0.000014
胁械褋薪邪	0.001652	0.116534	0.000193
胁械褌褔懈薪邪	0.000826	0.094311	0.000078
胁蟹褉芯褋谢褘泄	0.000275	2.659260	0.000732
胁懈写	0.000826	0.776529	0.000641
胁懈写械芯	0.000551	0.116534	0.000064
胁懈写械芯褉械褑械锌褌	0.000275	0.301105	0.000083
胁懈写械褌褜	0.000551	2.659260	0.001464
胁懈薪芯	0.000551	0.040822	0.000022
胁泻褍褋	0.003855	0.105361	0.000406
胁泻褍褋薪芯	0.002203	0.094311	0.000208
胁泻褍褋薪褘泄	0.004956	0.061875	0.000307
胁谢褞斜懈褌褜	0.000275	0.116534	0.000032
胁屑械褋褌械	0.000275	0.916291	0.000252
胁薪邪褔邪谢械	0.001101	0.248461	0.000274
胁薪懈屑邪褌褜	0.000275	4.605170	0.001268
胁芯写邪	0.002478	0.094311	0.000234
胁芯泄褌懈	0.000275	0.000000	0.000000
胁芯谢芯胁邪薪	0.000275	0.116534	0.000032
胁芯谢褕械斜薪褘泄	0.000275	0.116534	0.000032
胁芯谢褕械斜褋褌胁芯	0.000275	0.116534	0.000032
胁芯芯斜褖械	0.000275	1.386294	0.000382
胁芯锌褉芯褋	0.000275	0.000000	0.000000
胁芯褋褌芯褔薪褘泄	0.000275	0.127833	0.000035
胁锌懈褋褘胁邪褌褜褋褟	0.000275	4.605170	0.001268
胁褉械屑褟	0.002478	0.105361	0.000261
胁褋械谐写邪	0.000275	0.653926	0.000180
胁褋锌芯屑薪懈褌褜	0.000275	0.040822	0.000011
胁褋褟泻懈泄	0.000275	2.120264	0.000584
胁褌芯褉芯械	0.000275	0.116534	0.000032
胁褌芯褉芯泄	0.000275	0.116534	0.000032
胁褏芯写	0.000826	0.030459	0.000025
胁褔械褉邪褕薪懈泄	0.000275	4.605170	0.001268
胁褘械蟹写	0.000275	4.605170	0.001268
胁褘泄褌懈	0.000275	0.040822	0.000011
胁褘锌械褔泻邪	0.008260	0.040822	0.000337
胁褘褌械褔褜	0.000275	4.605170	0.001268
胁褜械褌薪邪屑褋泻懈泄	0.000275	0.116534	0.000032
谐邪胁邪泄褋泻懈泄	0.000275	0.116534	0.000032
谐邪谢懈	0.000275	3.912023	0.001077
谐邪褉薪懈褉	0.001377	0.040822	0.000056
谐邪褋锌邪褔芯	0.000275	0.040822	0.000011
谐械芯谐褉邪褎懈褟	0.000275	0.116534	0.000032
谐谢邪胁薪芯械	0.000551	1.139434	0.000627
谐谢邪胁薪褘泄	0.000275	0.040822	0.000011
谐谢邪蟹褍褉褜	0.000826	0.040822	0.000034
谐谢懈薪褌胁械泄薪	0.000275	0.040822	0.000011
谐芯胁褟写懈薪邪	0.001652	0.116534	0.000193
谐芯写	0.006608	0.083382	0.000551
谐芯谢谢邪薪写褋泻懈泄	0.000275	0.116534	0.000032
谐芯褉芯写	0.000275	0.116534	0.000032
谐芯褉芯褏	0.000275	0.116534	0.000032
谐芯褉褔懈褑邪	0.001377	0.040822	0.000056
谐芯褉褕芯褔械泻	0.000551	0.040822	0.000022
谐芯褉褟褔械械	0.000826	0.116534	0.000096
谐芯褉褟褔懈泄	0.011013	0.105361	0.001160
谐芯褋褌褜	0.000551	0.116534	0.000064
谐芯褌芯胁懈褌褜	0.005231	0.083382	0.000436
谐褉械薪泻邪	0.000551	0.040822	0.000022
谐褉械褔械褋泻懈泄	0.000275	0.116534	0.000032
谐褉械褔泻邪	0.000275	0.040822	0.000011
谐褉懈斜	0.004405	0.040822	0.000180
谐褉懈斜薪芯泄	0.000826	0.040822	0.000034
谐褉懈谢褜	0.002753	0.105361	0.000290
谐褉懈谢褜屑邪薪懈褟	0.000275	0.116534	0.000032
谐褉芯谐	0.000275	0.040822	0.000011
谐褉褍写泻邪	0.001652	0.967584	0.001598
谐褉褍蟹懈薪褋泻懈泄	0.000275	0.116534	0.000032
谐褉褍锌锌邪	0.000275	0.061875	0.000017
谐褍褉屑	0.000275	0.127833	0.000035
谐褍褉屑邪薪懈褟	0.001652	0.116534	0.000193
谐褍褋褜	0.000551	0.105361	0.000058
写邪胁邪褌褜	0.000275	0.040822	0.000011
写邪薪薪褘械	0.000275	0.040822	0.000011
写邪褉	0.000275	0.116534	0.000032
写邪褌邪	0.000551	0.248461	0.000137
写邪褌褋泻懈泄	0.000275	0.116534	0.000032
写邪褌褜	0.000275	0.040822	0.000011
写邪褔薪褘泄	0.000826	0.116534	0.000096
写械泻邪斜褉褜	0.000275	0.597837	0.000165
写械泻芯褉	0.000275	0.127833	0.000035
写械谢邪褌褜	0.000551	0.083382	0.000046
写械谢懈褌褜褋褟	0.000551	0.040822	0.000022
写械谢芯	0.000275	0.105361	0.000029
写械薪褜	0.001927	0.040822	0.000079
写械褋械褉褌	0.004681	0.040822	0.000191
写械褋械褉褌邪褑懈褟	0.000275	0.116534	0.000032
写械褋械褉褌薪褘泄	0.000275	0.116534	0.000032
写卸械屑	0.000275	0.040822	0.000011
写卸械屑邪	0.000275	0.040822	0.000011
写蟹械薪	0.000275	0.116534	0.000032
写懈械褌邪	0.000551	0.094311	0.000052
写懈泻懈泄	0.000826	0.116534	0.000096
写懈锌	0.000275	0.116534	0.000032
写懈褔褜	0.000826	0.116534	0.000096
写薪械胁薪懈泻	0.000275	0.061875	0.000017
写芯斜邪胁懈褌褜	0.000826	0.083382	0.000069
写芯斜邪胁谢械薪懈械	0.000275	0.223144	0.000061
写芯斜邪胁谢褟褌褜	0.000275	0.040822	0.000011
写芯斜褉芯褎谢芯褌	0.000275	0.127833	0.000035
写芯胁械褉褟褌褜	0.000275	0.116534	0.000032
写芯胁芯谢褜薪褘泄	0.000275	1.897120	0.000522
写芯屑	0.002753	0.040822	0.000112
写芯屑邪褕薪懈泄	0.003579	0.040822	0.000146
写芯锌芯谢薪褟褌褜	0.000275	2.407946	0.000663
写芯褉邪斜芯褌邪褌褜	0.000275	4.605170	0.001268
写褉邪泄胁	0.001377	0.127833	0.000176
写褉芯卸卸械胁芯泄	0.000275	0.116534	0.000032
写褉芯卸卸懈	0.003855	0.916291	0.003532
写褉褍谐	0.000551	0.544727	0.000300
写褍褏芯胁泻邪	0.001101	0.105361	0.000116
写褍褕邪	0.000826	0.105361	0.000087
械胁褉械泄褋泻懈泄	0.000275	0.116534	0.000032
械谐懈锌械褌褋泻懈泄	0.000275	0.116534	0.000032
械写邪	0.000275	2.120264	0.000584
械写懈薪褘泄	0.000275	0.000000	0.000000
械泻芯	0.000275	0.127833	0.000035
卸邪褉械薪褘泄	0.000275	1.272966	0.000350
卸邪褉泻芯械	0.000275	0.040822	0.000011
卸谐褍褔懈泄	0.000551	1.966113	0.001083
卸械谢邪械屑褘泄	0.000275	1.469676	0.000405
卸械谢械	0.000826	0.040822	0.000034
卸械薪褋泻懈泄	0.000551	0.020203	0.000011
卸械薪褖懈薪邪	0.000551	0.061875	0.000034
卸懈蟹薪褜	0.000551	0.040822	0.000022
卸褍谢褜械薪	0.000275	0.040822	0.000011
卸褍褉薪邪谢	0.000275	0.072571	0.000020
卸褞谢褜械薪	0.001101	0.040822	0.000045
卸褞谢褜薪褘泄	0.000826	0.040822	0.000034
蟹邪胁邪褉薪芯泄	0.000551	0.116534	0.000064
蟹邪胁械褉薪褍褌褜	0.000275	3.912023	0.001077
蟹邪胁芯械胁邪褌褜	0.000275	4.605170	0.001268
蟹邪胁褌褉邪泻	0.003029	0.094311	0.000286
蟹邪谐芯褌芯胁泻邪	0.001101	0.040822	0.000045
蟹邪写邪胁邪褌褜	0.000275	0.040822	0.000011
蟹邪泻胁邪褋泻邪	0.000826	0.040822	0.000034
蟹邪泻褉褘褌褘泄	0.000275	0.116534	0.000032
蟹邪泻褍褋泻邪	0.012115	0.040822	0.000495
蟹邪泻褍褋芯薪褔懈泻	0.000275	0.116534	0.000032
蟹邪泻褍褋芯褔泻邪	0.000275	0.116534	0.000032
蟹邪泻褍褋芯褔薪邪褟	0.003029	0.116534	0.000353
蟹邪泻褍褋芯褔薪褘泄	0.000551	1.660731	0.000914
蟹邪谢懈胁薪芯械	0.000551	0.040822	0.000022
蟹邪屑械薪懈褌褜	0.000275	2.120264	0.000584
蟹邪屑芯褉芯蟹泻邪	0.000275	0.105361	0.000029
蟹邪锌邪写	0.000275	0.116534	0.000032
蟹邪锌械泻邪薪泻邪	0.004405	0.040822	0.000180
蟹邪锌褉邪胁泻邪	0.000551	0.040822	0.000022
蟹邪褉邪薪械械	0.000551	1.660731	0.000914
蟹邪褉械谐懈褋褌褉懈褉芯胁邪褌褜褋褟	0.000551	0.030459	0.000017
蟹邪褋芯谢泻邪	0.000275	0.116534	0.000032
蟹邪褟褑	0.000551	0.116534	0.000064
蟹胁邪薪褘泄	0.000275	0.127833	0.000035
蟹胁械蟹写邪	0.000275	0.116534	0.000032
蟹胁褢蟹写薪褘泄	0.000275	0.116534	0.000032
蟹写芯褉芯胁褘泄	0.000551	0.116534	0.000064
蟹械谢械薪褜	0.001377	0.094311	0.000130
蟹械谢褢薪褘泄	0.001101	0.820981	0.000904
蟹械褎懈褉	0.000275	0.040822	0.000011
蟹懈屑邪	0.001101	0.040822	0.000045
蟹懈屑薪懈泄	0.000275	0.051293	0.000014
蟹薪邪褌褜	0.000551	0.462035	0.000254
蟹薪邪褔懈褌械谢褜薪芯	0.000275	3.506558	0.000965
蟹芯谢芯褌芯泄	0.000275	0.116534	0.000032
懈胁邪薪芯胁	0.000275	0.127833	0.000035
懈写械邪谢褜薪褘泄	0.001927	0.116534	0.000225
懈写械泄泻邪	0.000275	0.116534	0.000032
懈蟹斜懈褌褘泄	0.000275	4.605170	0.001268
懈蟹写械谢懈械	0.001652	0.116534	0.000193
懈蟹屑械薪懈褌褜	0.000275	2.407946	0.000663
懈泻褉邪	0.000826	0.040822	0.000034
懈屑褟	0.000275	0.030459	0.000008
懈薪胁械褉褌芯褉薪褘泄	0.000275	0.127833	0.000035
懈薪谐褉械写懈械薪褌	0.009086	0.139262	0.001265
懈薪写械泄泻邪	0.001652	0.094311	0.000156
懈薪写懈泄褋泻懈泄	0.000275	0.116534	0.000032
懈薪写懈谢邪泄褌邪	0.000826	0.116534	0.000096
懈薪写懈褉械褋薪褘泄	0.000275	0.116534	0.000032
懈薪褋褌褉褍泻褑懈褟	0.000275	0.030459	0.000008
懈褉邪泻褋泻懈泄	0.000275	0.116534	0.000032
懈褉邪薪褋泻懈泄	0.000275	0.116534	0.000032
懈褉谢邪薪写褋泻懈泄	0.000275	0.116534	0.000032
懈褋泻邪褌褜	0.000275	1.108663	0.000305
懈褋泻谢褞褔懈褌褜	0.000275	1.469676	0.000405
懈褋泻褉械薪薪械	0.000275	0.116534	0.000032
懈褋谢邪薪写褋泻懈泄	0.000275	0.116534	0.000032
懈褋锌邪薪褋泻懈泄	0.000275	0.116534	0.000032
懈褋锌械褔褜	0.000275	0.105361	0.000029
懈褋褌芯褉懈褟	0.001652	0.116534	0.000193
懈褌邪谢懈褟	0.000551	0.105361	0.000058
懈褌邪谢褜褟薪褋泻懈泄	0.000275	0.105361	0.000029
懈褞薪褜	0.000275	0.562119	0.000155
泄芯谐褍褉褌	0.000826	0.040822	0.000034
泻邪斜邪褔泻芯胁褘泄	0.000826	1.832581	0.001514
泻邪斜邪褔芯泻	0.001377	0.040822	0.000056
泻邪胁泻邪蟹褋泻懈泄	0.000275	0.116534	0.000032
泻邪蟹邪薪	0.000275	0.116534	0.000032
泻邪蟹邪褏褋泻懈泄	0.000275	0.116534	0.000032
泻邪泻邪芯	0.001101	0.040822	0.000045
泻邪谢械泄写芯褋泻芯锌	0.001101	0.116534	0.000128
泻邪谢屑褘褑泻懈泄	0.000275	0.116534	0.000032
泻邪谢褜屑邪褉	0.000275	0.040822	0.000011
泻邪屑械褉邪	0.000275	0.116534	0.000032
泻邪薪邪写褋泻懈泄	0.000275	0.116534	0.000032
泻邪薪邪谢	0.000826	0.040822	0.000034
泻邪薪邪锌械	0.000551	0.040822	0.000022
泻邪薪薪械谢谢芯薪懈褌褜	0.000275	3.912023	0.001077
泻邪锌褍褋褌邪	0.000826	0.040822	0.000034
泻邪锌褍褋褌薪褟泻	0.000275	0.040822	0.000011
泻邪褉邪屑械谢褜	0.000275	0.040822	0.000011
泻邪褉泻邪褋薪褘泄	0.001101	0.116534	0.000128
泻邪褉褌芯褎械谢褜	0.000275	0.040822	0.000011
泻邪褉褌芯褎械谢褜薪褘泄	0.001101	0.040822	0.000045
泻邪褉褌芯褕泻邪	0.000551	0.040822	0.000022
泻邪褌械谐芯褉懈褟	0.004681	0.116534	0.000545
泻邪褔械褋褌胁芯	0.000826	0.105361	0.000087
泻邪褕邪	0.001927	0.040822	0.000079
泻胁邪褋	0.001101	0.040822	0.000045
泻胁邪褋薪芯泄	0.000826	0.116534	0.000096
泻械泻褋	0.000826	0.040822	0.000034
泻械褌褔褍锌	0.000551	1.469676	0.000809
泻械褎懈褉	0.000275	0.040822	0.000011
泻懈屑褔邪褌褜	0.000275	0.040822	0.000011
泻懈薪芯邪	0.000551	0.127833	0.000070
泻懈薪芯谢械薪褌邪	0.000275	0.116534	0.000032
泻懈褋械谢褜	0.000551	0.040822	0.000022
泻懈褌邪泄褋泻懈泄	0.000275	0.116534	0.000032
泻谢邪褋褋	0.002478	0.116534	0.000289
泻薪懈谐邪	0.000551	0.040822	0.000022
泻芯泻芯褌薪懈褑邪	0.000275	3.912023	0.001077
泻芯泻褌械泄谢褜	0.001652	0.040822	0.000067
泻芯谢斜邪褋邪	0.000551	0.040822	0.000022
泻芯谢斜邪褋薪褘泄	0.000826	0.116534	0.000096
泻芯屑邪薪写邪	0.000551	0.127833	0.000070
泻芯屑懈	0.000275	0.116534	0.000032
泻芯屑屑械薪褌邪褉懈泄	0.000275	0.127833	0.000035
泻芯屑锌邪薪懈褟	0.000275	0.105361	0.000029
泻芯屑锌芯褌	0.000826	0.040822	0.000034
泻芯薪胁械褉褌懈泻	0.000275	4.605170	0.001268
泻芯薪械褔薪芯	0.000275	0.527633	0.000145
泻芯薪懈薪邪	0.000275	0.116534	0.000032
泻芯薪泻褍褉褋	0.059471	0.040822	0.002428
泻芯薪泻褍褉褋薪褘泄	0.000275	0.127833	0.000035
泻芯薪褋械褉胁懈褉芯胁邪薪懈械	0.000275	0.040822	0.000011
泻芯薪褋械褉胁懈褉芯胁邪薪薪褘泄	0.001377	0.116534	0.000160
泻芯薪褎械褌邪	0.000826	0.040822	0.000034
泻芯薪褎械褌褌懈	0.000275	0.116534	0.000032
泻芯薪褎懈写械薪褑懈邪谢褜薪芯褋褌褜	0.000275	0.040822	0.000011
泻芯薪褎懈褌褞褉	0.000275	0.040822	0.000011
泻芯锌褔褢薪芯褋褌褜	0.000275	0.116534	0.000032
泻芯褉械泄褋泻懈	0.000275	0.040822	0.000011
泻芯褉械泄褋泻懈泄	0.000275	0.105361	0.000029
泻芯褉卸懈泻	0.000275	0.040822	0.000011
泻芯褉屑懈褌褜	0.000275	0.116534	0.000032
泻芯褉芯褔泻邪	0.000275	1.309333	0.000360
泻芯褌谢械褌邪	0.000275	0.040822	0.000011
泻芯褎械	0.000551	0.040822	0.000022
泻褉邪褋懈胁芯	0.000551	1.832581	0.001009
泻褉邪褋泻邪	0.000275	0.116534	0.000032
泻褉邪褋薪褘泄	0.000826	0.941609	0.000778
泻褉邪褏屑邪谢	0.001927	0.891598	0.001718
泻褉械邪褌懈胁	0.000275	0.127833	0.000035
泻褉械屑	0.000826	0.040822	0.000034
泻褉械锌泻懈泄	0.000275	0.116534	0.000032
泻褉芯谢懈泻	0.000551	0.116534	0.000064
泻褉芯屑械	0.000275	0.061875	0.000017
泻褉芯褏邪	0.000275	0.116534	0.000032
泻褉褍谐	0.000551	0.116534	0.000064
泻褉褍锌	0.001652	0.105361	0.000174
泻褉褍锌邪	0.002478	0.116534	0.000289
泻褉褍锌褟薪芯泄	0.000275	0.116534	0.000032
泻褋褌邪褌懈	0.000275	1.237874	0.000341
泻褍斜懈薪褋泻懈泄	0.000275	0.116534	0.000032
泻褍泻褍褉褍蟹邪	0.000551	2.525729	0.001391
泻褍泻褍褉褍蟹薪褘泄	0.000551	2.813411	0.001549
泻褍谢械褕	0.000275	0.040822	0.000011
泻褍谢懈薪邪褉懈褟	0.000826	0.094311	0.000078
泻褍谢懈薪邪褉薪褘泄	0.001652	0.000000	0.000000
泻褍谢懈褔	0.000551	0.040822	0.000022
泻褍薪卸褍褌	0.000551	0.994252	0.000547
泻褍褉写褋泻懈泄	0.000275	0.116534	0.000032
泻褍褉懈薪褘泄	0.010738	0.094311	0.001013
泻褍褉懈褑邪	0.002203	0.040822	0.000090
泻褍褉泻褍屑邪	0.000551	2.040221	0.001123
泻褍褉芯褔泻邪	0.000551	0.116534	0.000064
泻褍褋泻褍褋	0.000275	0.040822	0.000011
泻褍褋芯褔械泻	0.000275	1.078810	0.000297
泻褍褏薪褟	0.002203	0.040822	0.000090
谢邪胁邪褕	0.001652	0.040822	0.000067
谢邪谐屑邪薪	0.000275	0.040822	0.000011
谢邪泻械胁懈褌褜	0.000275	4.605170	0.001268
谢邪泻芯屑褋褌胁芯	0.000275	0.116534	0.000032
谢邪锌褕邪	0.000551	0.040822	0.000022
谢邪褌褘褕褋泻懈泄	0.000275	0.116534	0.000032
谢械谐泻芯	0.001652	0.116534	0.000193
谢械锌褢褕泻邪	0.000551	0.040822	0.000022
谢械褌薪懈泄	0.000551	0.040822	0.000022
谢械褌芯	0.001652	0.116534	0.000193
谢械褔芯	0.000275	0.040822	0.000011
谢懈谐邪	0.000826	0.116534	0.000096
谢懈泻褢褉	0.000275	0.040822	0.000011
谢懈屑芯薪	0.000551	0.891598	0.000491
谢懈屑芯薪邪写	0.000551	0.040822	0.000022
谢懈屑芯薪薪褘泄	0.000551	0.713350	0.000393
谢懈褋褌	0.000551	0.843970	0.000465
谢懈褌芯胁褋泻	0.000275	0.127833	0.000035
谢懈褌芯胁褋泻懈泄	0.000275	0.116534	0.000032
谢褍泻	0.007159	0.301105	0.002155
谢褞斜懈屑	0.000275	2.207275	0.000608
谢褞斜懈屑褘泄	0.002478	0.116534	0.000289
谢褞斜懈褌褜	0.000275	0.755023	0.000208
谢褞斜芯胁褜	0.000551	0.105361	0.000058
谢褞斜芯泄	0.001101	0.094311	0.000104
谢褢谐泻懈泄	0.000826	0.094311	0.000078
谢褢写	0.000275	0.116534	0.000032
屑邪谐褉懈斜	0.000275	0.116534	0.000032
屑邪泄	0.000826	0.116534	0.000096
屑邪泄芯薪械蟹	0.001377	0.116534	0.000160
屑邪泻邪褉芯薪薪褘泄	0.000275	0.116534	0.000032
屑邪泻邪褉芯薪褘	0.000275	0.040822	0.000011
屑邪谢邪蟹懈泄褋泻懈泄	0.000275	0.116534	0.000032
屑邪薪薪懈泻	0.000275	0.040822	0.000011
屑邪薪褋邪褉写邪	0.000275	0.755023	0.000208
屑邪薪褌邪	0.000275	0.116534	0.000032
屑邪薪褢胁褉	0.000275	0.116534	0.000032
屑邪褉邪褎芯薪	0.000826	0.116534	0.000096
屑邪褉懈薪邪	0.000275	2.525729	0.000695
屑邪褉懈薪邪写	0.003304	0.040822	0.000135
屑邪褉懈薪芯胁邪褌褜	0.000275	0.116534	0.000032
屑邪褉屑械谢邪写	0.000275	0.040822	0.000011
屑邪褉芯泻泻邪薪褋泻懈泄	0.000275	0.116534	0.000032
屑邪褉褌	0.001927	0.105361	0.000203
屑邪褋泻邪褉锌芯薪	0.000275	0.040822	0.000011
屑邪褋谢械薪懈褑邪	0.001101	0.040822	0.000045
屑邪褋谢械薪懈褔薪褘泄	0.000551	0.116534	0.000064
屑邪褋谢芯	0.009912	0.105361	0.001044
屑邪褋褌械褉	0.002478	0.116534	0.000289
屑邪褋褌懈泻邪	0.000551	0.040822	0.000022
屑邪褎褎懈薪邪	0.000275	0.116534	0.000032
屑邪褏械械胁褗	0.001101	0.116534	0.000128
屑械写懈邪褎芯褉褌	0.000826	0.000000	0.000000
屑械写芯胁褘泄	0.000275	0.116534	0.000032
屑械泻褋懈泻邪薪褋泻懈泄	0.000275	0.116534	0.000032
屑械薪褞	0.000826	0.116534	0.000096
屑械薪褟褌褜	0.000275	2.525729	0.000695
屑械薪褟褌褜褋褟	0.000275	0.116534	0.000032
屑械褔褌邪	0.000826	0.040822	0.000034
屑械褕芯褔械泻	0.000826	3.506558	0.002896
屑懈写懈褟	0.000275	0.040822	0.000011
屑懈泻褉芯	0.000275	3.912023	0.001077
屑懈泻褉芯胁芯谢薪芯胁泻邪	0.000275	0.105361	0.000029
屑懈谢褜褟	0.000275	0.116534	0.000032
屑懈薪褍褌邪	0.000275	0.544727	0.000150
屑懈芯	0.000275	0.116534	0.000032
屑懈褉	0.000551	0.105361	0.000058
屑懈褉芯胁芯泄	0.000275	0.116534	0.000032
屑懈褋芯	0.000275	0.040822	0.000011
屑懈褋褋	0.000275	1.966113	0.000541
屑懈褋褌械褉懈褟	0.000275	0.116534	0.000032
屑懈褋褌褉邪谢褜	0.001927	0.116534	0.000225
屑薪芯谐芯	0.000551	0.776529	0.000428
屑薪芯卸械褋褌胁芯	0.000275	0.040822	0.000011
屑芯泄	0.000826	0.083382	0.000069
屑芯谢写邪胁褋泻懈泄	0.000275	0.116534	0.000032
屑芯谢芯泻芯	0.008260	0.083382	0.000689
屑芯谢芯褔薪褘泄	0.000826	0.040822	0.000034
屑芯屑械薪褌	0.000826	0.105361	0.000087
屑芯薪谐芯谢褜褋泻懈泄	0.000275	0.116534	0.000032
屑芯褉械	0.000275	0.116534	0.000032
屑芯褉械锌褉芯写褍泻褌	0.003579	0.040822	0.000146
屑芯褉泻芯胁褜	0.000275	0.040822	0.000011
屑芯褉芯卸械薪芯械	0.000826	0.040822	0.000034
屑芯褉褋	0.000551	0.040822	0.000022
屑芯褌芯褉	0.000275	0.116534	0.000032
屑芯褏懈褌褘泄	0.000275	0.040822	0.000011
屑芯褔褜	0.000275	0.000000	0.000000
屑褍卸褋泻芯泄	0.000275	0.127833	0.000035
屑褍卸褔懈薪邪	0.000551	0.116534	0.000064
屑褍泻邪	0.007159	0.248461	0.001779
屑褍谢褜褌懈胁邪褉泻邪	0.010463	0.116534	0.001219
屑褍谢褜褌懈锌械泻邪褉褜	0.000826	0.116534	0.000096
屑褍褋泻邪褌薪褘泄	0.001101	1.832581	0.002018
屑褍褋褋	0.000275	0.040822	0.000011
屑褍褋褋邪	0.000826	0.040822	0.000034
屑褍褔薪芯泄	0.000275	0.116534	0.000032
屑褞褋谢懈	0.000551	0.116534	0.000064
屑褟谐泻懈泄	0.000551	0.755023	0.000416
屑褟褋薪芯泄	0.004681	0.040822	0.000191
屑褟褋芯	0.008811	0.040822	0.000360
薪邪胁械褉薪褟泻邪	0.000275	3.218876	0.000886
薪邪写褉械蟹	0.000275	4.605170	0.001268
薪邪蟹胁邪褌褜	0.000551	1.560648	0.000859
薪邪蟹薪邪褔械薪懈械	0.000275	0.116534	0.000032
薪邪谢懈胁泻邪	0.000275	0.040822	0.000011
薪邪锌械褔褜	0.000275	3.912023	0.001077
薪邪锌懈褌芯泻	0.001927	0.040822	0.000079
薪邪褉械蟹邪褌褜	0.000275	1.897120	0.000522
薪邪褉褟写薪褘泄	0.000275	3.506558	0.000965
薪邪褋褌芯泄泻邪	0.000275	0.040822	0.000011
薪邪褋褌芯谢褜泻芯	0.000275	1.514128	0.000417
薪邪褋褌褉芯械薪懈械	0.000275	0.116534	0.000032
薪邪褋褘褖械薪薪褘泄	0.000275	1.609438	0.000443
薪邪褑懈芯薪邪谢褜薪褘泄	0.000275	0.116534	0.000032
薪邪褔懈薪邪褌褜	0.000275	2.995732	0.000825
薪邪褔懈薪泻邪	0.004681	0.040822	0.000191
薪邪褕	0.000551	0.040822	0.000022
薪械写械谢褟	0.003029	0.051293	0.000155
薪械卸薪褘泄	0.000551	0.094311	0.000052
薪械谢褜蟹褟	0.000275	2.302585	0.000634
薪械屑械褑泻懈泄	0.000275	0.116534	0.000032
薪械屑薪芯谐芯	0.000275	1.203973	0.000331
薪械芯斜褘褔薪褘泄	0.000275	0.916291	0.000252
薪械芯卸懈写邪薪薪褘泄	0.000275	0.116534	0.000032
薪械褋泻芯谢褜泻芯	0.000275	0.843970	0.000232
薪械褋谢邪写泻懈泄	0.000275	0.116534	0.000032
薪懈泻褌芯	0.000551	1.427116	0.000786
薪芯胁芯谐芯写薪懈泄	0.006333	0.040822	0.000259
薪芯胁芯褋褌褜	0.000275	0.061875	0.000017
薪芯胁褘泄	0.003304	0.030459	0.000101
薪芯褉胁械卸褋泻懈泄	0.000275	0.116534	0.000032
芯斜械写	0.000826	0.105361	0.000087
芯斜械蟹褜褟薪邪	0.000275	0.116534	0.000032
芯斜褖邪褌褜褋褟	0.000275	0.040822	0.000011
芯斜褖懈泄	0.000275	1.609438	0.000443
芯斜褟蟹邪褌械谢褜薪芯	0.000551	0.967584	0.000533
芯胁芯褖	0.006057	0.094311	0.000571
芯胁芯褖薪芯泄	0.002478	0.040822	0.000101
芯胁褋褟薪褘泄	0.000826	0.105361	0.000087
芯谐薪械薪薪褘泄	0.000275	0.116534	0.000032
芯谐芯薪褜	0.000275	0.094311	0.000026
芯谐褍褉械褑	0.000551	0.116534	0.000064
芯泻芯褉泻邪	0.000551	3.506558	0.001931
芯泻芯褉芯褔芯泻	0.000551	2.407946	0.001326
芯泻褉芯褕泻邪	0.000826	0.040822	0.000034
芯谢邪写褜褟	0.004956	0.040822	0.000202
芯谢械泄薪芯泄	0.001101	0.116534	0.000128
芯谢械泄薪褘泄	0.001101	0.116534	0.000128
芯屑谢械褌	0.000275	0.040822	0.000011
芯锌邪褉邪	0.000275	0.040822	0.000011
芯锌褉芯褋	0.000275	0.061875	0.000017
芯褉械褏	0.001101	0.776529	0.000855
芯褉懈谐懈薪邪谢褜薪芯	0.000275	3.218876	0.000886
芯褋械薪薪懈泄	0.001101	0.051293	0.000056
芯褋械薪褜	0.002753	0.105361	0.000290
芯褋薪芯胁薪褘泄	0.000551	0.040822	0.000022
芯褋褌邪胁邪褌褜褋褟	0.000275	0.116534	0.000032
芯褋褌邪胁懈褌褜	0.000551	1.660731	0.000914
芯褋褌邪胁谢褟褌褜	0.000275	1.832581	0.000505
芯褋褌邪褌褜褋褟	0.000275	1.309333	0.000360
芯褋褌褘褌褜	0.000275	2.995732	0.000825
芯褌斜懈胁薪芯泄	0.000826	2.120264	0.001751
芯褌胁械褌	0.000551	0.000000	0.000000
芯褌胁械褌懈褌褜	0.000275	0.051293	0.000014
芯褌蟹褘胁	0.000275	2.120264	0.000584
芯褌泻邪蟹邪褌褜褋褟	0.000275	3.912023	0.001077
芯褌泻褉褘褌褘泄	0.000551	0.105361	0.000058
芯褌谢懈褔薪芯	0.000551	1.514128	0.000834
芯褌谢懈褔薪褘泄	0.000275	1.078810	0.000297
芯褌屑械薪懈褌褜	0.000275	0.040822	0.000011
芯褎芯褉屑懈褌褜	0.000275	4.605170	0.001268
芯褏谢邪写懈褌褜	0.000275	0.116534	0.000032
锌邪泻械褌懈泻	0.000275	0.105361	0.000029
锌邪谢芯褔泻邪	0.000275	0.040822	0.000011
锌邪薪懈褉芯胁泻邪	0.002478	0.116534	0.000289
锌邪薪懈褉芯胁芯褔薪褘泄	0.000551	1.309333	0.000721
锌邪褉邪	0.000275	0.116534	0.000032
锌邪褉邪写	0.001927	0.116534	0.000225
锌邪褉芯胁邪褉泻邪	0.002478	0.105361	0.000261
锌邪褉芯谢褜	0.000275	0.020203	0.000006
锌邪褋褌邪	0.000826	0.040822	0.000034
锌邪褋褌褉芯屑邪	0.000275	0.040822	0.000011
锌邪褋褏邪	0.000551	0.040822	0.000022
锌邪褋褏邪谢褜薪褘泄	0.000826	0.116534	0.000096
锌邪褏薪褍褌褜	0.000275	3.912023	0.001077
锌邪褕褌械褌	0.000826	0.040822	0.000034
锌械泻邪褉褜	0.000275	0.127833	0.000035
锌械谢褜屑械薪褜	0.000275	0.116534	0.000032
锌械褉胁褘泄	0.001101	0.040822	0.000045
锌械褉械泄褌懈	0.000275	0.040822	0.000011
锌械褉械泻褍褋	0.000826	0.116534	0.000096
锌械褉械褑	0.005782	0.040822	0.000236
锌械褉褋芯薪邪	0.000275	0.116534	0.000032
锌械褉褍邪薪褋泻懈泄	0.000275	0.116534	0.000032
锌械褋芯褔薪褘泄	0.000826	0.105361	0.000087
锌械褌械谢懈薪泻	0.000275	0.127833	0.000035
锌械褔械薪懈械	0.002478	0.040822	0.000101
锌械褔褜	0.000551	0.116534	0.000064
锌械褔褢薪芯褔薪褘泄	0.000275	0.040822	0.000011
锌懈胁芯	0.000275	0.116534	0.000032
锌懈泻邪薪褌	0.000275	0.127833	0.000035
锌懈泻薪懈泻	0.001101	0.105361	0.000116
锌懈褉	0.000275	0.116534	0.000032
锌懈褉芯谐	0.001101	0.040822	0.000045
锌懈褉芯卸薪芯械	0.000551	0.040822	0.000022
锌懈褉芯卸芯泻	0.000275	0.040822	0.000011
锌懈褌邪薪懈械	0.001377	0.094311	0.000130
锌懈褑褑邪	0.000551	0.040822	0.000022
锌谢邪胁谢械薪褘泄	0.000551	1.237874	0.000682
锌谢邪屑褟	0.000275	0.116534	0.000032
锌谢懈褌邪	0.001101	0.116534	0.000128
锌谢芯胁	0.000275	0.116534	0.000032
锌谢芯写	0.000275	0.116534	0.000032
锌芯胁邪褉褢薪芯泻	0.001652	0.000000	0.000000
锌芯胁懈写谢芯	0.000275	0.040822	0.000011
锌芯写邪褉芯泻	0.000275	0.116534	0.000032
锌芯写邪褌褜	0.001101	1.427116	0.001572
锌芯写邪褔邪	0.000275	2.207275	0.000608
锌芯写斜芯褉	0.000275	1.514128	0.000417
锌芯写谐芯褌芯胁懈褌褜	0.000275	2.813411	0.000775
锌芯写谢懈胁	0.000275	0.116534	0.000032
锌芯写谢懈胁泻邪	0.000275	0.040822	0.000011
锌芯写芯蟹褉械胁邪褌褜	0.000275	4.605170	0.001268
锌芯写芯泄褌懈	0.000551	1.272966	0.000701
锌芯写锌懈褋邪褌褜褋褟	0.000826	0.040822	0.000034
锌芯写褉邪蟹褍屑械胁邪褌褜	0.000275	4.605170	0.001268
锌芯械写懈薪芯泻	0.003855	0.116534	0.000449
锌芯蟹写褉邪胁懈褌褜	0.000275	0.116534	0.000032
锌芯懈褋泻	0.000275	0.051293	0.000014
锌芯谢写薪懈泻	0.000551	0.116534	0.000064
锌芯谢械蟹薪芯	0.000275	0.116534	0.000032
锌芯谢懈褌懈泻邪	0.000275	0.040822	0.000011
锌芯谢薪褘泄	0.000275	1.237874	0.000341
锌芯谢芯胁懈薪邪	0.002203	0.105361	0.000232
锌芯谢褍褌胁褢褉写褘泄	0.000551	2.525729	0.001391
锌芯谢褍褔邪褌褜	0.000551	0.040822	0.000022
锌芯谢褍褔邪褌褜褋褟	0.000275	0.328504	0.000090
锌芯谢褜蟹邪	0.001377	0.116534	0.000160
锌芯谢褜蟹芯胁邪褌褜褋褟	0.000275	1.347074	0.000371
锌芯谢褜褋泻懈泄	0.000275	0.116534	0.000032
锌芯屑邪写泻邪	0.000826	0.040822	0.000034
锌芯屑懈写芯褉	0.001652	0.116534	0.000193
锌芯屑懈写芯褉泻	0.000275	0.127833	0.000035
锌芯薪褉邪胁懈褌褜褋褟	0.000275	0.040822	0.000011
锌芯薪褔懈泻	0.000551	0.040822	0.000022
锌芯褉邪	0.000275	0.105361	0.000029
锌芯褉邪写芯胁邪褌褜	0.000275	1.309333	0.000360
锌芯褉芯褕芯泻	0.000551	0.916291	0.000505
锌芯褉褌褍谐邪谢褜褋泻懈泄	0.000275	0.116534	0.000032
锌芯褋械褖邪褌褜	0.000275	0.061875	0.000017
锌芯褋懈写械谢泻懈	0.000275	3.218876	0.000886
锌芯褋褌	0.001377	0.105361	0.000145
锌芯褋褌薪褘泄	0.000826	0.040822	0.000034
锌芯褋褌芯褟薪薪芯	0.000275	0.040822	0.000011
锌芯褋褌褉芯懈褌褜	0.000275	0.105361	0.000029
锌芯褋褍写邪	0.000551	0.094311	0.000052
锌芯褔褌邪	0.000275	0.040822	0.000011
锌芯褕邪谐芯胁褘泄	0.000551	0.040822	0.000022
锌褉邪胁懈谢褜薪芯	0.000275	2.040221	0.000562
锌褉邪蟹写薪懈泻	0.000551	0.105361	0.000058
锌褉邪蟹写薪懈褔薪芯	0.000275	0.116534	0.000032
锌褉邪蟹写薪懈褔薪褘泄	0.000551	0.105361	0.000058
锌褉邪泻褌懈泻褍屑	0.000275	0.116534	0.000032
锌褉械胁芯褋褏芯写薪褘泄	0.000275	0.116534	0.000032
锌褉械胁褉邪褖械薪懈械	0.000275	0.116534	0.000032
锌褉械写谢邪谐邪褌褜	0.000826	0.693147	0.000573
锌褉械泻褉邪褋薪褘泄	0.000551	1.386294	0.000763
锌褉械褋薪褘泄	0.000275	0.116534	0.000032
锌褉懈谐芯褌芯胁懈褌褜	0.001377	0.083382	0.000115
锌褉懈谐芯褌芯胁谢械薪懈械	0.001101	0.040822	0.000045
锌褉懈蟹	0.000275	0.040822	0.000011
锌褉懈蟹薪邪薪懈械	0.000275	0.116534	0.000032
锌褉懈泻芯谢褜薪芯	0.000275	4.605170	0.001268
锌褉懈薪褟褌褜	0.000551	2.302585	0.001268
锌褉懈锌褉邪胁邪	0.000275	0.040822	0.000011
锌褉懈锌褢泻	0.000275	3.218876	0.000886
锌褉懈褉芯写邪	0.000826	0.105361	0.000087
锌褉懈褋褌褍锌懈褌褜	0.000275	0.040822	0.000011
锌褉芯胁械褉懈褌褜	0.001927	0.116534	0.000225
锌褉芯胁械褋褌懈	0.001101	0.116534	0.000128
锌褉芯胁芯写懈褌褜	0.000275	0.040822	0.000011
锌褉芯胁芯卸邪褌褜	0.000275	0.116534	0.000032
锌褉芯写邪卸邪	0.000275	2.813411	0.000775
锌褉芯写褍泻褌	0.000275	0.072571	0.000020
锌褉芯械泻褌	0.000551	0.051293	0.000028
锌褉芯褋屑芯褌褉	0.000275	0.274437	0.000076
锌褉芯褋褌芯	0.001377	0.083382	0.000115
锌褉芯褋褌芯泄	0.000275	0.301105	0.000083
锌褉芯褋褌芯泻胁邪褕邪	0.000275	0.040822	0.000011
锌褉芯褎懈谢褜	0.000275	0.040822	0.000011
锌褉褟屑芯	0.000275	0.040822	0.000011
锌褉褟薪懈泻	0.000551	0.040822	0.000022
锌褉褟薪懈褔薪褘泄	0.000275	0.116534	0.000032
锌褉褟薪褘泄	0.000275	2.525729	0.000695
锌褌懈褑邪	0.005231	0.116534	0.000610
锌褍写懈薪谐	0.000826	0.040822	0.000034
锌褍写褉邪	0.000551	1.771957	0.000976
锌褍薪褕	0.000275	0.040822	0.000011
锌褍褌械褕械褋褌胁懈械	0.000551	0.116534	0.000064
锌褍褌褜	0.000275	0.116534	0.000032
锌褕械薪懈褔薪褘泄	0.007159	0.287682	0.002059
锌褘褕泻邪	0.000275	0.040822	0.000011
锌褞褉械	0.001101	0.040822	0.000045
褉邪胁薪芯写褍褕薪褘泄	0.000826	2.407946	0.001989
褉邪谐褍	0.000275	0.116534	0.000032
褉邪蟹胁械褉薪褍褌褜	0.000275	0.116534	0.000032
褉邪蟹写械谢褜薪褘泄	0.000275	0.116534	0.000032
褉邪蟹屑芯泻薪褍褌褜	0.000275	4.605170	0.001268
褉邪蟹薪褘泄	0.000551	0.094311	0.000052
褉邪蟹芯谐褉械褌褜	0.000275	2.407946	0.000663
褉邪蟹褉械蟹邪褌褜	0.000275	3.506558	0.000965
褉邪蟹褉褘褏谢懈褌械谢褜	0.001101	1.237874	0.001363
褉邪褋褋芯谢褜薪懈泻	0.000826	0.040822	0.000034
褉邪褋褋褘谢泻邪	0.000275	0.061875	0.000017
褉邪褋褌懈褌械谢褜薪褘泄	0.007159	0.223144	0.001597
褉械斜褢薪芯泻	0.000551	0.094311	0.000052
褉械谐懈褋褌褉邪褑懈褟	0.000826	0.000000	0.000000
褉械蟹褍谢褜褌邪褌	0.000551	0.820981	0.000452
褉械泄褌懈薪谐	0.000275	0.235722	0.000065
褉械泻芯屑械薪写芯胁邪褌褜	0.000551	1.021651	0.000563
褉械锌褔邪褌褘泄	0.006057	0.430783	0.002609
褉械褑械锌褌	0.025330	0.040822	0.001034
褉懈褋	0.001377	0.040822	0.000056
褉懈褌屑	0.000275	0.116534	0.000032
褉芯谐邪谢懈泻	0.000275	0.040822	0.000011
褉芯写薪褘泄	0.000826	0.116534	0.000096
褉芯写褋褌胁械薪薪懈泻	0.000275	2.659260	0.000732
褉芯卸写械薪懈械	0.000275	0.105361	0.000029
褉芯卸写械褋褌胁芯	0.000275	0.116534	0.000032
褉芯蟹邪	0.000551	2.995732	0.001650
褉芯谢谢	0.000551	0.040822	0.000022
褉芯谢谢褌芯薪	0.000275	0.116534	0.000032
褉芯屑	0.000275	0.040822	0.000011
褉褍斜褉懈泻邪褌芯褉	0.000275	0.051293	0.000014
褉褍谢械褌	0.003029	0.040822	0.000124
褉褍屑褘薪褋泻懈泄	0.000275	0.116534	0.000032
褉褍屑褟薪褘泄	0.000275	0.116534	0.000032
褉褍薪械褌	0.000275	0.020203	0.000006
褉褍褋褋泻懈	0.000275	3.218876	0.000886
褉褍褋褋泻懈泄	0.000275	0.105361	0.000029
褉褘斜邪	0.007159	0.040822	0.000292
褉褘斜薪褘泄	0.003029	0.105361	0.000319
褉褟卸械薪泻邪	0.000275	0.116534	0.000032
褋邪泄褌	0.001652	0.000000	0.000000
褋邪谢邪褌	0.009361	0.040822	0.000382
褋邪谢邪褌薪褘泄	0.000275	0.116534	0.000032
褋邪屑芯谐芯薪	0.000275	0.040822	0.000011
褋邪屑褘泄	0.000551	0.105361	0.000058
褋邪褎	0.000826	0.116534	0.000096
褋邪褎褋械屑邪	0.000275	0.116534	0.000032
褋邪褏邪褉	0.005507	0.105361	0.000580
褋邪褏邪褉薪褘泄	0.000551	1.771957	0.000976
褋斜懈褌械薪褜	0.000275	0.040822	0.000011
褋胁械卸械褋褌褜	0.000275	0.105361	0.000029
褋胁械卸懈泄	0.000275	1.427116	0.000393
褋胁械泻芯谢褜薪懈泻	0.000551	0.040822	0.000022
褋胁械褌	0.001101	0.116534	0.000128
褋胁械褌邪	0.001101	0.116534	0.000128
褋胁懈薪懈薪	0.001101	0.116534	0.000128
褋胁懈薪懈薪邪	0.000275	0.040822	0.000011
褋胁芯褉邪褔懈胁邪薪懈械	0.000275	4.605170	0.001268
褋胁褢泻谢邪	0.000275	0.040822	0.000011
褋谐褍褖褢薪泻邪	0.000275	0.040822	0.000011
褋写械谢邪褌褜	0.000275	0.733969	0.000202
褋械谐芯写薪褟	0.000275	0.843970	0.000232
褋械蟹芯薪	0.000275	0.116534	0.000032
褋械泄褔邪褋	0.000551	0.030459	0.000017
褋械泻褉械褌	0.000551	0.116534	0.000064
褋械谢褢写泻邪	0.000551	0.040822	0.000022
褋械屑械泄薪褘泄	0.000551	0.116534	0.000064
褋械屑褜褟	0.000551	0.116534	0.000064
褋械薪褌褟斜褉褜	0.000275	0.673345	0.000185
褋械褉写褑械	0.000275	1.771957	0.000488
褋懈写褉	0.000275	0.040822	0.000011
褋懈褉懈泄褋泻懈泄	0.000275	0.116534	0.000032
褋懈褉芯锌	0.000551	0.040822	0.000022
褋懈褋褌械屑邪	0.000275	0.040822	0.000011
褋懈褌懈	0.000275	0.127833	0.000035
褋泻邪蟹泻邪	0.000551	0.116534	0.000064
褋谢邪写泻懈泄	0.005231	0.040822	0.000214
褋谢邪写泻芯	0.000275	0.116534	0.000032
褋谢懈胁泻邪	0.002753	1.049822	0.002890
褋谢懈胁芯褔薪褘泄	0.003029	0.105361	0.000319
褋谢芯卸薪芯褋褌褜	0.000275	3.912023	0.001077
褋谢芯泄泻邪	0.000551	0.040822	0.000022
褋谢芯褢薪褘泄	0.000826	0.116534	0.000096
褋屑械谢芯	0.000275	2.120264	0.000584
褋屑械褋褜	0.000551	1.469676	0.000809
褋屑械褌邪薪邪	0.000826	0.105361	0.000087
褋屑械褕邪薪薪褘泄	0.000275	0.116534	0.000032
褋屑芯褔褜	0.000275	0.040822	0.000011
褋屑褍蟹懈	0.000826	0.040822	0.000034
褋薪褝泻	0.000275	0.116534	0.000032
褋芯斜懈褉邪褌褜褋褟	0.000551	0.040822	0.000022
褋芯胁械褉褕械薪褋褌胁芯	0.001377	0.116534	0.000160
褋芯胁械褌	0.000275	0.040822	0.000011
褋芯胁褋械屑	0.000275	1.139434	0.000314
褋芯谐谢邪褕邪褌褜褋褟	0.000275	0.040822	0.000011
褋芯蟹写邪胁邪褌褜	0.000275	0.105361	0.000029
褋芯蟹写邪薪懈械	0.000551	0.261365	0.000144
褋芯泻	0.001652	0.040822	0.000067
褋芯泻褉邪褌懈褌褜	0.000275	4.605170	0.001268
褋芯谢械薪懈械	0.000551	0.116534	0.000064
褋芯谢薪械褔薪褘泄	0.000275	0.116534	0.000032
褋芯谢褜	0.007709	0.127833	0.000985
褋芯谢褟薪泻邪	0.000551	0.040822	0.000022
褋芯谢褢薪褘泄	0.001101	0.116534	0.000128
褋芯褉褌懈褉芯胁邪褌褜	0.000275	0.248461	0.000068
褋芯褋褌邪胁懈褌褜	0.000275	0.116534	0.000032
褋芯褍褋	0.004681	0.040822	0.000191
褋芯褏褉邪薪褟褌褜	0.000275	0.040822	0.000011
褋芯褑褋械褌褜	0.000275	0.040822	0.000011
褋芯褔械褌邪薪懈械	0.000275	0.105361	0.000029
褋芯褔薪褘泄	0.000551	0.116534	0.000064
褋锌邪谢褜薪褟	0.000275	0.415515	0.000114
褋锌械褌褜	0.000275	0.116534	0.000032
褋锌械褑懈邪谢褜薪褘泄	0.000275	0.094311	0.000026
褋锌械褑懈褟	0.000275	0.094311	0.000026
褋锌械褑锌褉芯械泻褌	0.009086	0.116534	0.001059
褋锌懈褋芯泻	0.000275	0.116534	0.000032
褋锌芯褋芯斜	0.000551	0.891598	0.000491
褋锌褉芯褋	0.000275	3.506558	0.000965
褋褉械写懈蟹械屑薪芯屑芯褉褋泻懈泄	0.000275	0.127833	0.000035
褋褌邪褉褘泄	0.000275	0.261365	0.000072
褋褌邪褌褜褟	0.000275	0.061875	0.000017
褋褌械泻邪褌褜	0.000275	4.605170	0.001268
褋褌懈谢褜	0.000551	0.116534	0.000064
褋褌芯谢	0.003304	0.105361	0.000348
褋褌褉芯懈褌械谢褜褋褌胁芯	0.000551	0.040822	0.000022
褋褌褉芯懈褌褜	0.000275	0.040822	0.000011
褋褌褉芯泄薪褘泄	0.000275	0.116534	0.000032
褋褍斜锌褉芯写褍泻褌	0.002753	0.116534	0.000321
褋褍锌	0.005231	0.040822	0.000214
褋褍褎谢械	0.000826	0.040822	0.000034
褋褍褏邪褉褜	0.000826	0.040822	0.000034
褋褍褕懈褌褜	0.000551	0.040822	0.000022
褋褗械褋褌褜	0.000275	1.469676	0.000405
褋褘褉	0.010187	0.040822	0.000416
褋褘褉薪懈泻	0.004956	0.040822	0.000202
褋褘褉薪褘泄	0.001652	0.040822	0.000067
褋褘褌薪褘泄	0.000826	0.105361	0.000087
褋褘褔褍卸薪褘泄	0.000275	0.127833	0.000035
褋褝薪写胁懈褔	0.000275	0.127833	0.000035
褋褞褉锌褉懈蟹	0.000275	0.116534	0.000032
褋褢屑谐邪	0.001101	0.040822	0.000045
褌邪写卸懈泻褋泻懈泄	0.000275	0.116534	0.000032
褌邪泄褋泻懈泄	0.000275	0.116534	0.000032
褌邪泻芯屑	0.000275	1.897120	0.000522
褌邪褉褌	0.000275	0.116534	0.000032
褌邪褉褌邪谢械褌泻邪	0.000551	0.040822	0.000022
褌邪褌邪褉褋泻懈泄	0.000275	0.116534	0.000032
褌胁芯泄	0.000551	0.116534	0.000064
褌胁芯褉懈褌褜	0.000275	0.116534	0.000032
褌胁芯褉芯谐	0.000826	0.040822	0.000034
褌胁芯褉芯卸薪褘泄	0.001652	0.094311	0.000156
褌胁褢褉写褘泄	0.003855	0.544727	0.002100
褌械谢械谐褉邪屑	0.000275	0.040822	0.000011
褌械谢褟褌懈薪邪	0.001101	0.116534	0.000128
褌械锌谢芯	0.000551	0.116534	0.000064
褌械褉褉懈薪邪	0.000275	0.040822	0.000011
褌械褋褌	0.004130	0.105361	0.000435
褌械褋褌芯	0.002478	0.040822	0.000101
褌械褏薪懈泻邪	0.001377	0.105361	0.000145
褌屑	0.001101	0.127833	0.000141
褌芯薪泻懈泄	0.000275	1.309333	0.000360
褌芯锌谢褢薪褘泄	0.000275	0.116534	0.000032
褌芯褉褌	0.006883	0.040822	0.000281
褌芯褌芯胁	0.000275	4.605170	0.001268
褌褉邪胁邪	0.000275	0.094311	0.000026
褌褉邪写懈褑懈褟	0.001652	0.116534	0.000193
褌褉械褍谐芯谢褜薪褘泄	0.000275	3.912023	0.001077
褌褉褍斜芯褔泻邪	0.000275	0.040822	0.000011
褌褉褞褎械谢褜薪褘泄	0.000551	3.912023	0.002154
褌褉褢褏谢械褌懈械	0.000275	0.116534	0.000032
褌褍薪械褑	0.000275	0.105361	0.000029
褌褍薪懈褋褋泻懈泄	0.000275	0.116534	0.000032
褌褍褉械褑泻懈泄	0.000275	0.116534	0.000032
褌褍褕褢薪泻邪	0.000275	2.995732	0.000825
褌褘泻胁邪	0.000275	0.040822	0.000011
褌褢屑薪褘泄	0.000551	2.040221	0.001123
褌褢褖懈薪	0.000275	0.040822	0.000011
褍胁械写芯屑谢械薪懈械	0.000275	0.040822	0.000011
褍谐芯褖械薪懈械	0.000826	3.912023	0.003231
褍写邪褔薪褘泄	0.000275	0.116534	0.000032
褍写懈胁懈褌褜	0.000551	0.116534	0.000064
褍写懈胁谢褟褌褜	0.001101	0.116534	0.000128
褍写芯胁芯谢褜褋褌胁懈械	0.000275	0.116534	0.000032
褍卸懈薪	0.001927	0.094311	0.000182
褍蟹斜械泻褋泻懈泄	0.000275	0.116534	0.000032
褍蟹泻懈泄	0.000275	2.995732	0.000825
褍泻褉邪懈薪褋泻懈泄	0.000551	0.116534	0.000064
褍泻褉邪褋懈褌褜	0.000551	1.514128	0.000834
褍泻褉邪褕械薪懈械	0.002203	0.116534	0.000257
褍泻褉芯锌	0.001652	0.562119	0.000929
褍薪懈胁械褉褋邪谢褜薪褘泄	0.000275	2.995732	0.000825
褍锌芯褌褉械斜谢械薪懈械	0.000275	0.116534	0.000032
褍褉邪谢芯褔泻邪	0.000275	4.605170	0.001268
褍褉邪谢褜褋泻懈泄	0.000275	0.116534	0.000032
褍褉芯卸邪泄	0.000275	0.105361	0.000029
褍褋锌械褌褜	0.000275	3.218876	0.000886
褍褌泻邪	0.000826	0.116534	0.000096
褍褌褉芯屑	0.000275	2.207275	0.000608
褍褏芯	0.000275	0.040822	0.000011
褍褔邪褋褌胁芯胁邪褌褜	0.000275	0.040822	0.000011
褍褔邪褋褌芯泻	0.000275	2.659260	0.000732
褍褔懈褌褘胁邪褌褜	0.000275	2.659260	0.000732
褎邪蟹械薪写邪	0.000275	0.116534	0.000032
褎邪谢褜褕懈胁褘泄	0.000275	3.506558	0.000965
褎邪薪褌邪蟹懈褟	0.002203	0.116534	0.000257
褎邪褉褕	0.004956	0.040822	0.000202
褎邪褉褕懈褉芯胁邪薪薪褘泄	0.002478	0.040822	0.000101
褎邪褋芯谢褜	0.000275	0.040822	0.000011
褎械胁褉邪谢褜	0.002203	0.094311	0.000208
褎械械褉懈褟	0.000275	4.605170	0.001268
褎械泄械褉胁械褉泻	0.000551	0.116534	0.000064
褎懈谐褍褉邪	0.000275	0.116534	0.000032
褎懈薪褋泻懈泄	0.000275	0.116534	0.000032
褎懈褉屑械薪薪褘泄	0.000275	0.116534	0.000032
褎芯薪写褞	0.000275	0.040822	0.000011
褎芯褉屑邪	0.000275	0.105361	0.000029
褎芯褉褍屑	0.000551	0.040822	0.000022
褎芯褉褕屑邪泻	0.000275	0.040822	0.000011
褎褉邪薪褑懈褟	0.000275	0.116534	0.000032
褎褉邪薪褑褍蟹褋泻懈泄	0.000275	0.094311	0.000026
褎褉邪褍	0.001101	0.116534	0.000128
褎褉褍泻褌	0.001101	0.116534	0.000128
褎褉褍泻褌芯胁褘泄	0.002203	0.040822	0.000090
褎褍写	0.000275	0.116534	0.000032
褎褍褉褕械褌	0.000275	0.116534	0.000032
褏邪谢胁邪	0.000275	0.040822	0.000011
褏邪褉胁械褋褌褎械褋褌	0.000551	0.116534	0.000064
褏邪褉褔芯	0.000551	0.040822	0.000022
褏邪褕	0.000275	0.040822	0.000011
褏胁芯褉芯褋褌	0.000275	0.040822	0.000011
褏懈薪泻邪谢懈	0.000275	0.116534	0.000032
褏懈褌	0.001927	0.116534	0.000225
褏谢械斜	0.000826	0.040822	0.000034
褏谢械斜芯锌械褔泻邪	0.000275	0.116534	0.000032
褏谢芯锌褜褟	0.001101	0.094311	0.000104
褏芯蟹褟泄泻邪	0.000275	0.116534	0.000032
褏芯谢芯写械褑	0.000275	0.040822	0.000011
褏芯谢芯写薪芯械	0.000551	0.116534	0.000064
褏芯谢芯写薪褘泄	0.000826	0.116534	0.000096
褏芯褉胁邪褌褋泻懈泄	0.000275	0.116534	0.000032
褏芯褉芯褕懈泄	0.001101	0.040822	0.000045
褏芯褉芯褕芯	0.001652	0.105361	0.000174
褏芯褉褋	0.000275	0.116534	0.000032
褏芯褌械褌褜	0.000275	0.000000	0.000000
褏芯褌褜	0.000275	1.897120	0.000522
褏褉褍褋褌械褌褜	0.000826	0.713350	0.000589
褏褍屑褍褋邪	0.000275	0.040822	0.000011
褑邪褉褋褌胁芯	0.000275	0.127833	0.000035
褑邪褉褜	0.000275	0.116534	0.000032
褑胁械褌薪芯泄	0.000275	0.040822	0.000011
褑械薪薪褘泄	0.000275	0.040822	0.000011
褑械薪褌褉	0.000275	0.116534	0.000032
褔邪械屑褘泄	0.000275	0.116534	0.000032
褔邪械锌懈褌懈械	0.000275	3.912023	0.001077
褔邪泄	0.000826	0.040822	0.000034
褔邪泄薪褘泄	0.000275	2.659260	0.000732
褔邪褋褌芯	0.000275	0.994252	0.000274
褔械斜褍褉械泻	0.001377	0.040822	0.000056
褔械褉泻懈蟹芯胁褘泄	0.000551	0.116534	0.000064
褔械褉褉懈	0.000551	2.040221	0.001123
褔械褋褌薪芯泄	0.000275	0.040822	0.000011
褔械褔械胁懈褑邪	0.000275	0.040822	0.000011
褔械褕褋泻懈泄	0.000275	0.116534	0.000032
褔懈蟹泻械泄泻	0.001101	0.040822	0.000045
褔懈谢懈泄褋泻懈泄	0.000275	0.116534	0.000032
褔懈锌褋褘	0.000275	0.040822	0.000011
褔懈褋谢芯	0.000275	0.235722	0.000065
褔褍写芯	0.000275	0.116534	0.000032
褔褢褉薪褘泄	0.002753	0.356675	0.000982
褕邪胁邪褉屑邪	0.000275	4.605170	0.001268
褕邪屑锌懈薪褜芯薪	0.002203	1.237874	0.002727
褕邪褉懈泻	0.000275	0.040822	0.000011
褕邪褉谢芯褌泻邪	0.000551	0.040822	0.000022
褕邪褉屑	0.000275	0.116534	0.000032
褕邪褍褉屑	0.000275	3.218876	0.000886
褕邪褕谢褘泻	0.003579	0.040822	0.000146
褕胁械写褋泻懈泄	0.000275	0.116534	0.000032
褕胁械泄褑邪褉褋泻懈泄	0.000275	0.116534	0.000032
褕械写械胁褉	0.000275	0.116534	0.000032
褕械褎	0.000275	0.127833	0.000035
褕懈泻邪褉薪褘泄	0.000275	2.525729	0.000695
褕懈锌褍褔泻邪	0.000275	0.040822	0.000011
褕懈褉芯泻懈泄	0.000275	0.127833	0.000035
褕泻芯谢邪	0.000275	0.116534	0.000032
褕芯泻芯谢邪写	0.000826	0.040822	0.000034
褕芯褌谢邪薪写褋泻懈泄	0.000275	0.116534	0.000032
褕褌褉褍写械谢褜	0.000275	0.040822	0.000011
褕褍斜邪	0.000275	2.407946	0.000663
褕褍褉锌邪	0.000275	0.040822	0.000011
褖械写褉褘泄	0.000275	0.116534	0.000032
褖懈	0.000551	0.040822	0.000022
褝泄写卸邪泻褋	0.000275	4.605170	0.001268
褝泻芯屑懈谢泻	0.000275	0.127833	0.000035
褝褋褌芯薪褋泻懈泄	0.000275	0.116534	0.000032
褞谐芯褋谢邪胁褋泻懈泄	0.000275	0.116534	0.000032
褟谐芯写薪褘泄	0.001101	0.105361	0.000116
褟蟹褘泻	0.000275	0.040822	0.000011
褟泄褑芯	0.009086	0.040822	0.000371
褟薪胁邪褉褜	0.000275	0.733969	0.000202
褟薪写械泻褋	0.000275	0.072571	0.000020
褟锌芯薪褋泻懈泄	0.000551	0.051293	0.000028
褟褉泻懈泄	0.000275	0.116534	0.000032
褟褉泻芯	0.000275	0.105361	0.000029
