谢械屑屑邪	TF	IDF	TF-IDF
邪斜褏邪蟹褋泻懈泄	0.000278	0.116534	0.000032
邪胁谐褍褋褌	0.000278	0.843970	0.000234
邪胁褋褌褉邪谢懈泄褋泻懈泄	0.000278	0.116534	0.000032
邪胁褋褌褉懈泄褋泻懈泄	0.000278	0.116534	0.000032
邪胁褌芯泻谢邪胁	0.000278	0.116534	0.000032
邪胁褌芯褉	0.001111	0.040822	0.000045
邪谐褉芯	0.000278	0.116534	0.000032
邪写卸懈泻邪	0.000278	0.040822	0.000011
邪卸褍褉薪褘泄	0.000556	2.659260	0.001477
邪蟹	0.000278	0.127833	0.000036
邪蟹械褉斜邪泄写卸邪薪褋泻懈泄	0.000278	0.116534	0.000032
邪蟹懈邪褌褋泻懈泄	0.000278	0.127833	0.000036
邪泄褉邪薪	0.000278	0.040822	0.000011
邪泻胁邪褌懈泻	0.000833	0.127833	0.000107
邪谢械泻褋械泄	0.000278	0.127833	0.000036
邪谢懈泄	0.000278	2.813411	0.000782
邪谢泻芯谐芯谢褜	0.000833	0.116534	0.000097
邪谢泻芯谐芯谢褜薪褘泄	0.000278	0.116534	0.000032
邪谢褜褟薪褋	0.000278	0.116534	0.000032
邪屑械褉懈泻邪薪褋泻懈泄	0.000278	0.116534	0.000032
邪薪谐谢懈泄褋泻懈泄	0.000278	0.116534	0.000032
邪薪写褉械泄	0.000556	0.127833	0.000071
邪锌锌械褌懈褌薪褘泄	0.000278	1.832581	0.000509
邪锌褉械谢褜	0.000556	0.544727	0.000303
邪褉邪斜褋泻懈泄	0.000278	0.116534	0.000032
邪褉斜邪褌	0.000278	2.525729	0.000702
邪褉谐械薪褌懈薪褋泻懈泄	0.000278	0.116534	0.000032
邪褉屑褟薪褋泻懈泄	0.000278	0.116534	0.000032
邪褋褋芯褉褌懈	0.000556	0.116534	0.000065
邪褌谢邪薪褌	0.000278	0.116534	0.000032
邪褎谐邪薪褋泻懈泄	0.000278	0.116534	0.000032
邪褎褉懈泻邪薪褋泻懈泄	0.000278	0.116534	0.000032
邪褝褉芯谐褉懈谢褜	0.002778	0.116534	0.000324
斜邪泻谢邪卸邪薪	0.000278	0.040822	0.000011
斜邪谢褌泻芯屑邪	0.000278	0.127833	0.000036
斜邪褉邪薪懈薪邪	0.001111	0.116534	0.000129
斜邪褉斜懈	0.000278	2.525729	0.000702
斜邪褋屑邪褌懈	0.000556	0.127833	0.000071
斜邪褋褌褍褉屑	0.000278	0.040822	0.000011
斜邪褋褌褍褉屑邪	0.000278	0.040822	0.000011
斜邪褌芯薪褔懈泻	0.000278	0.127833	0.000036
斜邪褕泻懈褉褋泻懈泄	0.000278	0.116534	0.000032
斜械蟹邪谢泻芯谐芯谢褜薪褘泄	0.000278	0.116534	0.000032
斜械蟹谐谢褞褌械薪芯胁芯械	0.000278	0.116534	0.000032
斜械蟹械	0.001111	0.040822	0.000045
斜械谢械斜械械胁褋泻懈泄	0.000556	0.116534	0.000065
斜械谢芯褉褍褋褋泻懈泄	0.000278	0.116534	0.000032
斜械谢褜谐懈泄褋泻懈泄	0.000278	0.116534	0.000032
斜械谢褟褕	0.000278	3.506558	0.000974
斜械褉械屑械薪薪邪褟	0.000278	0.116534	0.000032
斜械褋械写懈薪	0.000278	0.127833	0.000036
斜械褋锌芯写芯斜薪褘泄	0.000278	1.560648	0.000434
斜懈褋泻胁懈褌	0.001389	0.040822	0.000057
斜懈褋泻胁懈褌薪褘泄	0.001111	0.105361	0.000117
斜谢懈蟹泻懈泄	0.000556	0.116534	0.000065
斜谢懈薪	0.004167	0.040822	0.000170
斜谢懈薪褔懈泻	0.000833	1.714798	0.001429
斜谢芯谐械褉	0.000278	2.659260	0.000739
斜谢褞写芯	0.027778	0.040822	0.001134
斜芯斜芯胁褘泄	0.002222	0.116534	0.000259
斜芯谢谐邪褉褋泻懈泄	0.000278	0.116534	0.000032
斜芯谢褜褕芯泄	0.000556	0.094311	0.000052
斜芯褉褖	0.000556	0.040822	0.000023
斜芯褌胁懈薪褜褟	0.000278	0.040822	0.000011
斜芯褟褌褜褋褟	0.000556	2.659260	0.001477
斜褉邪蟹懈谢褜褋泻懈泄	0.000278	0.116534	0.000032
斜褉邪褍蟹械褉	0.000278	0.040822	0.000011
斜褉邪褍薪懈	0.000278	0.040822	0.000011
斜褉械褋褌	0.000278	0.127833	0.000036
斜褉芯泻泻芯谢懈	0.000278	0.040822	0.000011
斜褍卸械薪懈薪邪	0.000278	0.040822	0.000011
斜褍泻胁邪谢褜薪芯	0.000278	2.407946	0.000669
斜褍谢芯褔泻邪	0.001111	0.040822	0.000045
斜褍谢褜芯薪	0.003056	0.040822	0.000125
斜褍褉谐械褉	0.000556	0.040822	0.000023
斜褍褉褟褌褋泻懈泄	0.000278	0.116534	0.000032
斜褍褌械褉斜褉芯写	0.001111	0.040822	0.000045
斜褍褌褘谢泻邪	0.000833	2.813411	0.002345
斜褍褌褘谢芯褔泻邪	0.000278	2.813411	0.000782
斜褘褋褌褉芯	0.001111	0.094311	0.000105
斜褘褋褌褉褘泄	0.000833	0.094311	0.000079
胁邪卸薪褘泄	0.000278	0.116534	0.000032
胁邪谢谢懈泄褋泻懈泄	0.000278	0.116534	0.000032
胁邪薪懈谢懈薪	0.000556	1.609438	0.000894
胁邪薪懈谢褜薪褘泄	0.002222	1.347074	0.002993
胁邪褉械薪懈械	0.000556	0.040822	0.000023
胁邪褉械薪懈泻	0.000833	0.116534	0.000097
胁邪褉懈邪薪褌	0.000278	0.356675	0.000099
胁邪褉泻邪	0.000278	1.832581	0.000509
胁邪褌褉褍褕泻邪	0.000278	0.040822	0.000011
胁邪褎谢褟	0.000556	0.040822	0.000023
胁邪褕	0.000833	0.000000	0.000000
胁胁芯写懈褌褜	0.000278	0.040822	0.000011
胁写芯褏薪芯胁械薪懈械	0.001667	0.116534	0.000194
胁写芯褏薪芯胁谢褟褌褜褋褟	0.000278	0.116534	0.000032
胁械谐械褌邪褉懈邪薪褋泻懈泄	0.000556	0.116534	0.000065
胁械谢懈泻懈泄	0.000278	0.116534	0.000032
胁械谢懈泻芯谢械锌薪褘泄	0.001111	1.427116	0.001586
胁械薪谐械褉褋泻懈泄	0.000278	0.116534	0.000032
胁械褋械薪薪懈泄	0.000278	0.051293	0.000014
胁械褋薪邪	0.001667	0.116534	0.000194
胁械褌褔懈薪邪	0.000278	0.094311	0.000026
胁蟹斜懈胁邪褌褜	0.000278	2.995732	0.000832
胁蟹谐谢褟写	0.000556	1.427116	0.000793
胁懈写	0.000278	0.776529	0.000216
胁懈写械芯	0.000556	0.116534	0.000065
胁懈写械芯褉械褑械锌褌	0.000278	0.301105	0.000084
胁懈薪芯	0.000556	0.040822	0.000023
胁懈褕薪褟	0.000556	1.832581	0.001018
胁泻谢褞褔邪褌褜	0.000278	0.634878	0.000176
胁泻褍褋	0.004167	0.105361	0.000439
胁泻褍褋薪芯	0.001389	0.094311	0.000131
胁泻褍褋薪褘泄	0.004722	0.061875	0.000292
胁谢褞斜懈褌褜	0.000278	0.116534	0.000032
胁谢褞斜懈褌褜褋褟	0.000278	1.386294	0.000385
胁薪邪褔邪谢械	0.001111	0.248461	0.000276
胁薪懈屑邪薪懈械	0.000278	1.237874	0.000344
胁薪懈屑邪褌械谢褜薪芯	0.000278	2.995732	0.000832
胁芯写邪	0.001389	0.094311	0.000131
胁芯蟹胁褉邪褖邪褌褜褋褟	0.000278	2.813411	0.000782
胁芯蟹写褍褕薪褘泄	0.000278	1.469676	0.000408
胁芯蟹懈褌褜褋褟	0.000278	3.912023	0.001087
胁芯蟹屑芯卸薪芯	0.000278	1.469676	0.000408
胁芯蟹屑芯卸薪芯褋褌褜	0.000278	1.966113	0.000546
胁芯泄褌懈	0.000278	0.000000	0.000000
胁芯谢芯胁邪薪	0.000278	0.116534	0.000032
胁芯谢褕械斜薪褘泄	0.000278	0.116534	0.000032
胁芯谢褕械斜褋褌胁芯	0.000556	0.116534	0.000065
胁芯芯斜褖械	0.000278	1.386294	0.000385
胁芯锌褉芯褋	0.000278	0.000000	0.000000
胁芯褋褌芯褉谐	0.000278	1.309333	0.000364
胁芯褋褌芯褔薪褘泄	0.000278	0.127833	0.000036
胁褉械屑褟	0.003333	0.105361	0.000351
胁褋械胁芯蟹屑芯卸薪褘泄	0.000278	2.813411	0.000782
胁褋械谐写邪	0.000278	0.653926	0.000182
胁褋锌芯屑薪懈褌褜	0.000556	0.040822	0.000023
胁褋褌褉械褌懈褌褜褋褟	0.000278	2.995732	0.000832
胁褌芯褉芯械	0.000278	0.116534	0.000032
胁褌芯褉芯泄	0.000278	0.116534	0.000032
胁褏芯写	0.000833	0.030459	0.000025
胁褘写邪褌褜	0.000556	2.407946	0.001338
胁褘泄褌懈	0.000278	0.040822	0.000011
胁褘薪芯褋懈褌褜	0.000278	2.525729	0.000702
胁褘锌械褔泻邪	0.005833	0.040822	0.000238
胁褘褉褍褔邪谢芯褔泻邪	0.000278	1.560648	0.000434
胁褘褋芯泻懈泄	0.000278	2.407946	0.000669
胁褘褋褌褉邪懈胁邪褌褜褋褟	0.000278	2.302585	0.000640
胁褜械褌薪邪屑褋泻懈泄	0.000278	0.116534	0.000032
胁褟蟹邪谢褜薪褘泄	0.000278	2.995732	0.000832
谐邪胁邪泄褋泻懈泄	0.000278	0.116534	0.000032
谐邪褉薪懈褉	0.001389	0.040822	0.000057
谐邪褋锌邪褔芯	0.000278	0.040822	0.000011
谐邪褕褢薪褘泄	0.000556	2.207275	0.001226
谐械芯谐褉邪褎懈褟	0.000278	0.116534	0.000032
谐谢邪胁薪褘泄	0.000278	0.040822	0.000011
谐谢邪蟹褍褉褜	0.000833	0.040822	0.000034
谐谢懈薪褌胁械泄薪	0.000278	0.040822	0.000011
谐芯胁芯褉懈褌褜	0.000278	1.272966	0.000354
谐芯胁褟写懈薪邪	0.001111	0.116534	0.000129
谐芯写	0.007778	0.083382	0.000649
谐芯谢谢邪薪写褋泻懈泄	0.000278	0.116534	0.000032
谐芯褉芯写	0.000278	0.116534	0.000032
谐芯褉芯褏	0.000278	0.116534	0.000032
谐芯褉褔懈褑邪	0.001389	0.040822	0.000057
谐芯褉褕芯褔械泻	0.000556	0.040822	0.000023
谐芯褉褟褔械械	0.000556	0.116534	0.000065
谐芯褉褟褔懈泄	0.011111	0.105361	0.001171
谐芯褋褌褜	0.000278	0.116534	0.000032
谐芯褌芯胁懈褌褜	0.005556	0.083382	0.000463
谐芯褌芯胁懈褌褜褋褟	0.000278	0.371064	0.000103
谐芯褌芯胁褘泄	0.000278	0.755023	0.000210
谐褉邪写褍褋	0.000278	2.525729	0.000702
谐褉械薪泻邪	0.000556	0.040822	0.000023
谐褉械褑泻懈泄	0.000556	1.469676	0.000816
谐褉械褔械褋泻懈泄	0.000278	0.116534	0.000032
谐褉械褔泻邪	0.000278	0.040822	0.000011
谐褉懈斜	0.002778	0.040822	0.000113
谐褉懈斜薪芯泄	0.000556	0.040822	0.000023
谐褉懈谢褜	0.002778	0.105361	0.000293
谐褉懈谢褜屑邪薪懈褟	0.000278	0.116534	0.000032
谐褉芯谐	0.000278	0.040822	0.000011
谐褉褍蟹懈薪褋泻懈泄	0.000278	0.116534	0.000032
谐褉褍锌锌邪	0.000278	0.061875	0.000017
谐褍褉屑	0.000278	0.127833	0.000036
谐褍褉屑邪薪懈褟	0.001667	0.116534	0.000194
谐褍褋褜	0.000556	0.105361	0.000059
写邪胁邪褌褜	0.000556	0.040822	0.000023
写邪胁薪芯	0.000278	0.967584	0.000269
写邪胁薪褘泄	0.000278	2.407946	0.000669
写邪薪薪褘械	0.000278	0.040822	0.000011
写邪褉	0.000278	0.116534	0.000032
写邪褌邪	0.000556	0.248461	0.000138
写邪褌褋泻懈泄	0.000278	0.116534	0.000032
写邪褌褜	0.000278	0.040822	0.000011
写邪褔薪褘泄	0.000833	0.116534	0.000097
写胁邪	0.000278	0.967584	0.000269
写胁邪卸写褘	0.000278	2.525729	0.000702
写胁芯械	0.000278	3.506558	0.000974
写械胁芯褔泻邪	0.000278	1.171183	0.000325
写械泻邪斜褉褜	0.000556	0.597837	0.000332
写械泻芯褉	0.000278	0.127833	0.000036
写械谢邪褌褜	0.001389	0.083382	0.000116
写械谢邪褌褜褋褟	0.000556	1.203973	0.000669
写械谢懈褌褜褋褟	0.000278	0.040822	0.000011
写械谢芯	0.000278	0.105361	0.000029
写械薪褜	0.002500	0.040822	0.000102
写械褉卸邪褌褜	0.000278	2.407946	0.000669
写械褋械褉褌	0.007222	0.040822	0.000295
写械褋械褉褌邪褑懈褟	0.000278	0.116534	0.000032
写械褋械褉褌薪褘泄	0.000278	0.116534	0.000032
写卸械屑	0.000278	0.040822	0.000011
写卸械屑邪	0.000278	0.040822	0.000011
写蟹械薪	0.000278	0.116534	0.000032
写懈械褌邪	0.000556	0.094311	0.000052
写懈泻懈泄	0.000833	0.116534	0.000097
写懈锌	0.000278	0.116534	0.000032
写懈褔褜	0.000833	0.116534	0.000097
写薪械胁薪懈泻	0.000278	0.061875	0.000017
写芯斜邪胁懈褌褜	0.000278	0.083382	0.000023
写芯斜邪胁泻邪	0.000278	2.302585	0.000640
写芯斜邪胁谢械薪懈械	0.000278	0.223144	0.000062
写芯斜邪胁谢褟褌褜	0.000556	0.040822	0.000023
写芯斜褉芯褎谢芯褌	0.000278	0.127833	0.000036
写芯胁械褉褟褌褜	0.000278	0.116534	0.000032
写芯泄褌懈	0.000278	2.525729	0.000702
写芯谢卸薪褘泄	0.001667	1.078810	0.001798
写芯屑	0.003333	0.040822	0.000136
写芯屑邪褕薪懈泄	0.004444	0.040822	0.000181
写芯屑芯泄	0.000278	2.525729	0.000702
写褉邪泄胁	0.001389	0.127833	0.000178
写褉芯卸卸械胁芯泄	0.001111	0.116534	0.000129
写褉芯卸卸懈	0.001667	0.916291	0.001527
写褉褍谐	0.000278	0.544727	0.000151
写褍屑邪褌褜	0.000278	0.634878	0.000176
写褍褏芯胁泻邪	0.001667	0.105361	0.000176
写褍褕邪	0.000833	0.105361	0.000088
写褘褉芯褔泻邪	0.000278	2.813411	0.000782
械胁褉械泄褋泻懈泄	0.000278	0.116534	0.000032
械谐懈锌械褌褋泻懈泄	0.000278	0.116534	0.000032
械写懈薪褘泄	0.000278	0.000000	0.000000
械泻芯	0.000278	0.127833	0.000036
卸邪褉懈褌褜	0.000278	1.347074	0.000374
卸邪褉泻芯械	0.000278	0.040822	0.000011
卸械谢邪褌懈薪邪	0.000556	1.427116	0.000793
卸械谢械	0.000833	0.040822	0.000034
卸械谢褌芯泻	0.000556	1.237874	0.000688
卸械薪褋泻懈泄	0.000556	0.020203	0.000011
卸械薪褖懈薪邪	0.000556	0.061875	0.000034
卸懈蟹薪褜	0.000556	0.040822	0.000023
卸懈褉薪褘泄	0.000278	2.207275	0.000613
卸褍谢褜械薪	0.000278	0.040822	0.000011
卸褍褉薪邪谢	0.000278	0.072571	0.000020
卸褞谢褜械薪	0.000278	0.040822	0.000011
卸褞谢褜薪褘泄	0.000278	0.040822	0.000011
蟹邪胁邪褉薪芯泄	0.000556	0.116534	0.000065
蟹邪胁褌褉邪泻	0.002500	0.094311	0.000236
蟹邪谐芯褌芯胁泻邪	0.001111	0.040822	0.000045
蟹邪写邪胁邪褌褜	0.000278	0.040822	0.000011
蟹邪懈薪褌械褉械褋芯胁邪褌褜	0.000278	1.966113	0.000546
蟹邪泻胁邪褋泻邪	0.000833	0.040822	0.000034
蟹邪泻褉褘褌褘泄	0.000278	0.116534	0.000032
蟹邪泻褍褋泻邪	0.005833	0.040822	0.000238
蟹邪泻褍褋芯薪褔懈泻	0.000278	0.116534	0.000032
蟹邪泻褍褋芯褔泻邪	0.000278	0.116534	0.000032
蟹邪泻褍褋芯褔薪邪褟	0.002500	0.116534	0.000291
蟹邪谢懈胁薪芯械	0.000556	0.040822	0.000023
蟹邪屑械褔邪褌械谢褜薪褘泄	0.000278	0.713350	0.000198
蟹邪屑芯褉邪卸懈胁邪褌褜	0.000278	3.912023	0.001087
蟹邪屑芯褉芯蟹懈褌褜	0.000278	2.302585	0.000640
蟹邪屑芯褉芯蟹泻邪	0.000278	0.105361	0.000029
蟹邪锌邪写	0.000278	0.116534	0.000032
蟹邪锌械泻邪薪泻邪	0.003889	0.040822	0.000159
蟹邪锌褉邪胁泻邪	0.000556	0.040822	0.000023
蟹邪锌褉芯褋	0.000556	2.120264	0.001178
蟹邪褉械谐懈褋褌褉懈褉芯胁邪褌褜褋褟	0.000556	0.030459	0.000017
蟹邪褋芯谢泻邪	0.000278	0.116534	0.000032
蟹邪褏芯写懈褌褜	0.000278	0.733969	0.000204
蟹邪褟褑	0.000556	0.116534	0.000065
蟹胁邪薪褘泄	0.000278	0.127833	0.000036
蟹胁械蟹写邪	0.000556	0.116534	0.000065
蟹胁芯薪懈褌褜	0.000278	2.995732	0.000832
蟹胁褢蟹写薪褘泄	0.000278	0.116534	0.000032
蟹写芯褉芯胁褘泄	0.000556	0.116534	0.000065
蟹械谢械薪褜	0.000278	0.094311	0.000026
蟹械褎懈褉	0.000278	0.040822	0.000011
蟹懈屑邪	0.001111	0.040822	0.000045
蟹懈屑薪懈泄	0.000278	0.051293	0.000014
蟹薪邪泻芯屑褘泄	0.000278	1.272966	0.000354
蟹薪邪褌褜	0.000278	0.462035	0.000128
蟹芯谢芯褌芯泄	0.000278	0.116534	0.000032
懈胁邪薪芯胁	0.000278	0.127833	0.000036
懈写械邪谢褜薪褘泄	0.001944	0.116534	0.000227
懈写械泄泻邪	0.000556	0.116534	0.000065
懈蟹胁懈薪械薪懈械	0.000278	2.302585	0.000640
懈蟹写械谢懈械	0.001944	0.116534	0.000227
懈蟹屑械薪械薪懈械	0.000278	2.302585	0.000640
懈蟹芯斜褉械褋褌懈	0.000278	2.407946	0.000669
懈蟹芯斜褉械褌械薪懈械	0.000278	2.407946	0.000669
懈蟹褍褔懈褌褜	0.000278	2.407946	0.000669
懈蟹褞屑	0.001111	1.897120	0.002108
懈泻褉邪	0.000833	0.040822	0.000034
懈屑械褌褜	0.000556	1.171183	0.000651
懈屑褟	0.000278	0.030459	0.000008
懈薪胁械褉褌芯褉薪褘泄	0.000278	0.127833	0.000036
懈薪谐褉械写懈械薪褌	0.008611	0.139262	0.001199
懈薪写械泄泻邪	0.001667	0.094311	0.000157
懈薪写懈泄褋泻懈泄	0.000556	0.116534	0.000065
懈薪写懈谢邪泄褌邪	0.000833	0.116534	0.000097
懈薪写懈褉械褋薪褘泄	0.000278	0.116534	0.000032
懈薪械褌	0.000833	1.771957	0.001477
懈薪褋褌褉褍泻褑懈褟	0.000278	0.030459	0.000008
懈薪褌械褉械褋薪褘泄	0.000278	0.916291	0.000255
懈薪褌械褉薪械褌	0.000278	0.967584	0.000269
懈褉邪泻褋泻懈泄	0.000278	0.116534	0.000032
懈褉邪薪褋泻懈泄	0.000278	0.116534	0.000032
懈褉谢邪薪写褋泻懈泄	0.000278	0.116534	0.000032
懈褉褉械蟹邪	0.000278	1.347074	0.000374
懈褋泻邪褌褜	0.000278	1.108663	0.000308
懈褋泻褉械薪薪械	0.000278	0.116534	0.000032
懈褋泻褉械薪薪懈泄	0.000278	2.525729	0.000702
懈褋谢邪薪写褋泻懈泄	0.000278	0.116534	0.000032
懈褋锌邪薪褋泻懈泄	0.000278	0.116534	0.000032
懈褋锌械褔褜	0.000556	0.105361	0.000059
懈褋锌芯谢薪械薪懈械	0.000278	2.525729	0.000702
懈褋锌芯谢褜蟹芯胁邪薪懈械	0.000278	2.659260	0.000739
懈褋褌芯褉懈褟	0.001667	0.116534	0.000194
懈褌邪谢懈褟	0.000556	0.105361	0.000059
懈褌邪谢褜褟薪褋泻懈泄	0.000278	0.105361	0.000029
懈褞谢褜	0.000278	0.579818	0.000161
泄芯谐褍褉褌	0.000833	0.040822	0.000034
泻邪斜邪褔芯泻	0.000278	0.040822	0.000011
泻邪胁泻邪蟹褋泻懈泄	0.000278	0.116534	0.000032
泻邪蟹邪薪	0.000278	0.116534	0.000032
泻邪蟹邪褌褜褋褟	0.000278	1.139434	0.000317
泻邪蟹邪褏褋泻懈泄	0.000278	0.116534	0.000032
泻邪泻邪芯	0.002222	0.040822	0.000091
泻邪谢械泄写芯褋泻芯锌	0.001111	0.116534	0.000129
泻邪谢屑褘褑泻懈泄	0.000278	0.116534	0.000032
泻邪谢褜屑邪褉	0.000278	0.040822	0.000011
泻邪谢褜褑芯薪	0.000278	2.813411	0.000782
泻邪屑械褉邪	0.000278	0.116534	0.000032
泻邪薪邪写褋泻懈泄	0.000278	0.116534	0.000032
泻邪薪邪谢	0.000833	0.040822	0.000034
泻邪薪邪锌械	0.000556	0.040822	0.000023
泻邪锌懈褌邪薪	0.000278	2.995732	0.000832
泻邪锌褍褋褌邪	0.000833	0.040822	0.000034
泻邪锌褍褋褌薪褟泻	0.000278	0.040822	0.000011
泻邪褉邪屑械谢褜	0.000278	0.040822	0.000011
泻邪褉泻邪褋薪褘泄	0.001111	0.116534	0.000129
泻邪褉褉芯谢谢褌芯薪	0.000278	3.506558	0.000974
泻邪褉褌芯褎械谢褜	0.000278	0.040822	0.000011
泻邪褉褌芯褎械谢褜薪褘泄	0.000556	0.040822	0.000023
泻邪褉褌芯褕泻邪	0.000556	0.040822	0.000023
泻邪褌械谐芯褉懈褟	0.004444	0.116534	0.000518
泻邪褔械褋褌胁芯	0.000833	0.105361	0.000088
泻邪褕邪	0.001944	0.040822	0.000079
泻胁邪褋	0.001111	0.040822	0.000045
泻胁邪褋薪芯泄	0.000833	0.116534	0.000097
泻械泻褋	0.000833	0.040822	0.000034
泻械褎懈褉	0.001389	0.040822	0.000057
泻懈屑褔邪褌褜	0.000278	0.040822	0.000011
泻懈薪芯邪	0.000556	0.127833	0.000071
泻懈薪芯谢械薪褌邪	0.000278	0.116534	0.000032
泻懈褋械谢褜	0.000556	0.040822	0.000023
泻懈褌邪泄褋泻懈泄	0.000278	0.116534	0.000032
泻谢邪褋褋	0.002500	0.116534	0.000291
泻薪懈谐邪	0.000556	0.040822	0.000023
泻芯泻褌械泄谢褜	0.001667	0.040822	0.000068
泻芯谢斜邪褋邪	0.000278	0.040822	0.000011
泻芯谢斜邪褋薪褘泄	0.000833	0.116534	0.000097
泻芯屑邪薪写邪	0.000556	0.127833	0.000071
泻芯屑懈	0.000278	0.116534	0.000032
泻芯屑屑械薪褌邪褉懈泄	0.000278	0.127833	0.000036
泻芯屑锌邪薪懈褟	0.000278	0.105361	0.000029
泻芯屑锌芯褌	0.000833	0.040822	0.000034
泻芯薪写懈褌械褉褋泻懈泄	0.000278	2.120264	0.000589
泻芯薪械褔薪芯	0.000278	0.527633	0.000147
泻芯薪懈薪邪	0.000278	0.116534	0.000032
泻芯薪泻褍褉褋	0.060000	0.040822	0.002449
泻芯薪泻褍褉褋薪褘泄	0.000278	0.127833	0.000036
泻芯薪褋械褉胁懈褉芯胁邪薪懈械	0.000278	0.040822	0.000011
泻芯薪褋械褉胁懈褉芯胁邪薪薪褘泄	0.001389	0.116534	0.000162
泻芯薪褎械褌邪	0.000833	0.040822	0.000034
泻芯薪褎械褌褌懈	0.000278	0.116534	0.000032
泻芯薪褎懈写械薪褑懈邪谢褜薪芯褋褌褜	0.000278	0.040822	0.000011
泻芯薪褎懈褌褞褉	0.000278	0.040822	0.000011
泻芯锌褔褢薪芯褋褌褜	0.000278	0.116534	0.000032
泻芯褉械泄褋泻懈	0.000278	0.040822	0.000011
泻芯褉械泄褋泻懈泄	0.000278	0.105361	0.000029
泻芯褉卸懈泻	0.000278	0.040822	0.000011
泻芯褉屑懈褌褜	0.000278	0.116534	0.000032
泻芯褌谢械褌邪	0.000278	0.040822	0.000011
泻芯褎械	0.000556	0.040822	0.000023
泻褉邪褋懈胁褘泄	0.000278	0.843970	0.000234
泻褉邪褋泻邪	0.000278	0.116534	0.000032
泻褉邪褏屑邪谢	0.000556	0.891598	0.000495
泻褉械邪褌懈胁	0.000278	0.127833	0.000036
泻褉械屑	0.000833	0.040822	0.000034
泻褉械锌泻懈泄	0.000278	0.116534	0.000032
泻褉芯谢懈泻	0.000556	0.116534	0.000065
泻褉芯屑械	0.000278	0.061875	0.000017
泻褉芯褏邪	0.000278	0.116534	0.000032
泻褉褍谐	0.000556	0.116534	0.000065
泻褉褍锌	0.001667	0.105361	0.000176
泻褉褍锌邪	0.003056	0.116534	0.000356
泻褉褍锌褟薪芯泄	0.000278	0.116534	0.000032
泻褋褌邪褌懈	0.000278	1.237874	0.000344
泻褍斜懈薪褋泻懈泄	0.000278	0.116534	0.000032
泻褍谢械褕	0.000278	0.040822	0.000011
泻褍谢懈薪邪褉	0.000278	1.386294	0.000385
泻褍谢懈薪邪褉懈褟	0.000833	0.094311	0.000079
泻褍谢懈薪邪褉薪褘泄	0.001667	0.000000	0.000000
泻褍谢懈褔	0.001667	0.040822	0.000068
泻褍锌懈褌褜	0.000278	2.302585	0.000640
泻褍褉写褋泻懈泄	0.000278	0.116534	0.000032
泻褍褉懈薪褘泄	0.005833	0.094311	0.000550
泻褍褉懈褑邪	0.001111	0.040822	0.000045
泻褍褉芯褔泻邪	0.000278	0.116534	0.000032
泻褍褋泻褍褋	0.000278	0.040822	0.000011
泻褍褋芯褔械泻	0.000278	1.078810	0.000300
泻褍褏薪褟	0.002500	0.040822	0.000102
泻褍褔邪	0.000278	2.813411	0.000782
谢邪胁邪褕	0.001667	0.040822	0.000068
谢邪谐屑邪薪	0.000278	0.040822	0.000011
谢邪泻芯屑褋褌胁芯	0.000278	0.116534	0.000032
谢邪锌褕邪	0.000556	0.040822	0.000023
谢邪褌褘褕褋泻懈泄	0.000278	0.116534	0.000032
谢械谐泻芯	0.001944	0.116534	0.000227
谢械泻芯	0.000278	2.525729	0.000702
谢械薪懈胁褘泄	0.000278	1.427116	0.000396
谢械锌泻邪	0.000278	2.407946	0.000669
谢械锌褢褕泻邪	0.000833	0.040822	0.000034
谢械褌薪懈泄	0.000556	0.040822	0.000023
谢械褌芯	0.001944	0.116534	0.000227
谢械褔芯	0.000278	0.040822	0.000011
谢懈谐邪	0.000833	0.116534	0.000097
谢懈泻褢褉	0.000278	0.040822	0.000011
谢懈屑芯薪邪写	0.000556	0.040822	0.000023
谢懈屑芯薪薪褘泄	0.000556	0.713350	0.000396
谢懈褌芯胁褋泻	0.000278	0.127833	0.000036
谢懈褌芯胁褋泻懈泄	0.000278	0.116534	0.000032
谢懈褌褜	0.000278	2.995732	0.000832
谢懈褕薪懈泄	0.000278	1.560648	0.000434
谢褞斜懈屑褘泄	0.002778	0.116534	0.000324
谢褞斜懈褌械谢褜	0.000278	1.386294	0.000385
谢褞斜懈褌褜	0.000556	0.755023	0.000419
谢褞斜芯胁褜	0.000556	0.105361	0.000059
谢褞斜芯泄	0.000278	0.094311	0.000026
谢褞写屑懈谢邪	0.000278	1.771957	0.000492
谢褟	0.000278	1.771957	0.000492
谢褢谐泻懈泄	0.001111	0.094311	0.000105
谢褢写	0.000278	0.116534	0.000032
屑邪胁蟹芯谢械泄	0.000278	2.525729	0.000702
屑邪谐褉懈斜	0.000278	0.116534	0.000032
屑邪泄	0.000556	0.116534	0.000065
屑邪泄芯薪械蟹	0.001111	0.116534	0.000129
屑邪泻邪褉芯薪薪褘泄	0.000278	0.116534	0.000032
屑邪泻邪褉芯薪褘	0.000278	0.040822	0.000011
屑邪泻褋懈屑邪谢褜薪芯	0.000278	2.040221	0.000567
屑邪谢邪蟹懈泄褋泻懈泄	0.000278	0.116534	0.000032
屑邪谢芯	0.000278	1.609438	0.000447
屑邪屑邪	0.000278	1.469676	0.000408
屑邪薪薪懈泻	0.000556	0.040822	0.000023
屑邪薪薪褘泄	0.000556	1.609438	0.000894
屑邪薪褌邪	0.000278	0.116534	0.000032
屑邪薪褢胁褉	0.000278	0.116534	0.000032
屑邪褉邪褎芯薪	0.000833	0.116534	0.000097
屑邪褉谐邪褉懈薪	0.000556	1.609438	0.000894
屑邪褉懈薪邪写	0.003333	0.040822	0.000136
屑邪褉懈薪芯胁邪褌褜	0.000278	0.116534	0.000032
屑邪褉屑械谢邪写	0.000278	0.040822	0.000011
屑邪褉芯泻泻邪薪褋泻懈泄	0.000278	0.116534	0.000032
屑邪褉褌	0.001667	0.105361	0.000176
屑邪褋泻邪褉锌芯薪	0.000278	0.040822	0.000011
屑邪褋谢械薪懈褑邪	0.000833	0.040822	0.000034
屑邪褋谢械薪懈褔薪褘泄	0.000278	0.116534	0.000032
屑邪褋谢芯	0.008611	0.105361	0.000907
屑邪褋褌械褉	0.002500	0.116534	0.000291
屑邪褋褌懈泻邪	0.000556	0.040822	0.000023
屑邪褎褎懈薪邪	0.000278	0.116534	0.000032
屑邪褏械械胁褗	0.001111	0.116534	0.000129
屑邪褕懈薪邪	0.000278	2.207275	0.000613
屑械写懈邪褎芯褉褌	0.000833	0.000000	0.000000
屑械写芯胁褘泄	0.000278	0.116534	0.000032
屑械泻褋懈泻邪薪褋泻懈泄	0.000278	0.116534	0.000032
屑械薪褞	0.000278	0.116534	0.000032
屑械薪褟褌褜褋褟	0.000278	0.116534	0.000032
屑械褉邪	0.000556	1.832581	0.001018
屑械褋褟褑	0.000278	1.660731	0.000461
屑械褔褌邪	0.000833	0.040822	0.000034
屑懈写懈褟	0.000278	0.040822	0.000011
屑懈泻褉芯胁芯谢薪芯胁泻邪	0.000833	0.105361	0.000088
屑懈谢褜褟	0.000278	0.116534	0.000032
屑懈薪懈屑褍屑	0.000278	1.237874	0.000344
屑懈薪褍褌邪	0.001389	0.544727	0.000757
屑懈芯	0.000278	0.116534	0.000032
屑懈褉	0.000556	0.105361	0.000059
屑懈褉芯胁芯泄	0.000278	0.116534	0.000032
屑懈褋芯	0.000278	0.040822	0.000011
屑懈褋褌械褉懈褟	0.000278	0.116534	0.000032
屑懈褋褌褉邪谢褜	0.001944	0.116534	0.000227
屑薪芯谐懈械	0.000278	1.309333	0.000364
屑薪芯谐芯	0.000833	0.776529	0.000647
屑薪芯卸械褋褌胁芯	0.000278	0.040822	0.000011
屑芯泄	0.002778	0.083382	0.000232
屑芯谢写邪胁褋泻懈泄	0.000278	0.116534	0.000032
屑芯谢芯泻芯	0.012500	0.083382	0.001042
屑芯谢芯褔薪褘泄	0.001667	0.040822	0.000068
屑芯屑械薪褌	0.000833	0.105361	0.000088
屑芯薪谐芯谢褜褋泻懈泄	0.000278	0.116534	0.000032
屑芯褉械	0.000278	0.116534	0.000032
屑芯褉械锌褉芯写褍泻褌	0.003611	0.040822	0.000147
屑芯褉泻芯胁褜	0.000278	0.040822	0.000011
屑芯褉芯卸械薪芯械	0.000833	0.040822	0.000034
屑芯褉褋	0.000556	0.040822	0.000023
屑芯褋泻胁邪	0.000278	2.120264	0.000589
屑芯褋泻芯胁褋泻懈泄	0.000278	2.525729	0.000702
屑芯褌芯褉	0.000278	0.116534	0.000032
屑芯褏懈褌褘泄	0.000278	0.040822	0.000011
屑芯褔褜	0.001389	0.000000	0.000000
屑褍卸	0.000556	0.867501	0.000482
屑褍卸薪懈薪	0.000278	2.525729	0.000702
屑褍卸褋泻芯泄	0.000278	0.127833	0.000036
屑褍卸褔懈薪邪	0.000556	0.116534	0.000065
屑褍泻邪	0.006111	0.248461	0.001518
屑褍谢褜褌懈胁邪褉泻邪	0.011667	0.116534	0.001360
屑褍谢褜褌懈锌械泻邪褉褜	0.000833	0.116534	0.000097
屑褍褉屑邪薪褋泻	0.000278	2.995732	0.000832
屑褍褋褋	0.000278	0.040822	0.000011
屑褍褋褋邪	0.000833	0.040822	0.000034
屑褍褔薪芯泄	0.000278	0.116534	0.000032
屑褞褋谢懈	0.000556	0.116534	0.000065
屑褟谐泻懈泄	0.000556	0.755023	0.000419
屑褟褋薪芯泄	0.003056	0.040822	0.000125
屑褟褋芯	0.006389	0.040822	0.000261
薪邪斜芯褉	0.000278	1.660731	0.000461
薪邪胁械褉薪芯械	0.000278	2.207275	0.000613
薪邪胁械褋	0.000278	2.525729	0.000702
薪邪写芯斜薪芯褋褌褜	0.000278	2.995732	0.000832
薪邪写褢卸薪芯	0.000278	2.813411	0.000782
薪邪蟹胁邪薪懈械	0.000278	0.562119	0.000156
薪邪蟹薪邪褔械薪懈械	0.000278	0.116534	0.000032
薪邪蟹褘胁邪褌褜	0.000278	2.659260	0.000739
薪邪泄褌懈	0.001389	0.446287	0.000620
薪邪泻芯薪械褑	0.000278	1.609438	0.000447
薪邪谢懈胁泻邪	0.000278	0.040822	0.000011
薪邪锌懈褌芯泻	0.001944	0.040822	0.000079
薪邪锌芯谢械芯薪	0.000556	2.659260	0.001477
薪邪锌芯屑薪懈褌褜	0.000278	2.995732	0.000832
薪邪褉芯写	0.000278	2.120264	0.000589
薪邪褋泻芯谢褜泻芯	0.000278	1.427116	0.000396
薪邪褋褌芯泄泻邪	0.000278	0.040822	0.000011
薪邪褋褌芯褟褖懈泄	0.000556	1.108663	0.000616
薪邪褋褌褉邪懈胁邪褌褜	0.000278	2.995732	0.000832
薪邪褋褌褉芯械薪懈械	0.000278	0.116534	0.000032
薪邪褋褘褖械薪薪褘泄	0.000278	1.609438	0.000447
薪邪褌泻薪褍褌褜褋褟	0.000278	1.966113	0.000546
薪邪褏芯写泻邪	0.000278	2.407946	0.000669
薪邪褑懈芯薪邪谢褜薪褘泄	0.000278	0.116534	0.000032
薪邪褔懈薪泻邪	0.001111	0.040822	0.000045
薪邪褕	0.000833	0.040822	0.000034
薪械斜芯	0.000278	2.407946	0.000669
薪械胁械褉芯褟褌薪芯	0.000278	1.386294	0.000385
薪械胁芯蟹屑芯卸薪芯	0.000278	1.347074	0.000374
薪械胁芯谢褜薪芯	0.000278	2.525729	0.000702
薪械写械谢褟	0.003056	0.051293	0.000157
薪械卸薪褘泄	0.001389	0.094311	0.000131
薪械蟹邪屑械写谢懈褌械谢褜薪芯	0.000278	2.813411	0.000782
薪械屑械褑泻懈泄	0.000278	0.116534	0.000032
薪械屑芯泄	0.000278	1.203973	0.000334
薪械芯斜褘泻薪芯胁械薪薪芯	0.000278	1.897120	0.000527
薪械芯斜褘褔薪褘泄	0.000278	0.916291	0.000255
薪械芯卸懈写邪薪薪褘泄	0.000278	0.116534	0.000032
薪械褋泻芯谢褜泻芯	0.000833	0.843970	0.000703
薪械褋谢邪写泻懈泄	0.000278	0.116534	0.000032
薪懈斜褘褌褜	0.000278	1.832581	0.000509
薪懈泻邪泻芯泄	0.000278	1.203973	0.000334
薪懈泻褌芯	0.000278	1.427116	0.000396
薪懈薪邪	0.000833	1.078810	0.000899
薪泻	0.000278	1.771957	0.000492
薪芯胁芯谐芯写薪懈泄	0.006111	0.040822	0.000249
薪芯胁芯褋褌褜	0.000278	0.061875	0.000017
薪芯胁褘泄	0.003889	0.030459	0.000118
薪芯褉胁械谐懈褟	0.000278	2.995732	0.000832
薪芯褉胁械卸褋泻懈泄	0.000278	0.116534	0.000032
薪芯褟斜褉褜	0.000556	0.527633	0.000293
芯斜邪谢写械薪薪褘泄	0.000278	1.771957	0.000492
芯斜械写	0.000833	0.105361	0.000088
芯斜械蟹褜褟薪邪	0.000278	0.116534	0.000032
芯斜谢邪写邪褌褜	0.000278	1.660731	0.000461
芯斜芯卸邪褌褜	0.000278	1.386294	0.000385
芯斜褖邪褌褜褋褟	0.000278	0.040822	0.000011
芯斜褘褔薪芯	0.000278	1.714798	0.000476
芯斜褘褔薪褘泄	0.000278	1.386294	0.000385
芯斜褟蟹邪褌械谢褜薪芯	0.000278	0.967584	0.000269
芯胁芯褖	0.005833	0.094311	0.000550
芯胁芯褖薪芯泄	0.002500	0.040822	0.000102
芯胁褋褟薪褘泄	0.000278	0.105361	0.000029
芯谐薪械薪薪褘泄	0.000278	0.116534	0.000032
芯谐芯薪褜	0.000278	0.094311	0.000026
芯谐褉芯屑薪褘泄	0.000556	0.867501	0.000482
芯谐褍褉械褑	0.000556	0.116534	0.000065
芯泻褉芯褕泻邪	0.000833	0.040822	0.000034
芯泻褌褟斜褉褜	0.000833	0.562119	0.000468
芯谢邪写褜褟	0.001389	0.040822	0.000057
芯谢械泄薪芯泄	0.001111	0.116534	0.000129
芯谢械泄薪褘泄	0.001111	0.116534	0.000129
芯谢懈胁泻芯胁褘泄	0.001111	0.544727	0.000605
芯谢褟	0.000278	2.120264	0.000589
芯屑谢械褌	0.000278	0.040822	0.000011
芯锌邪褉邪	0.000278	0.040822	0.000011
芯锌褉械写械谢褢薪薪褘泄	0.000278	1.832581	0.000509
芯锌褉芯斜芯胁邪褌褜	0.000278	2.120264	0.000589
芯锌褉芯褋	0.000278	0.061875	0.000017
芯褉械褏	0.000556	0.776529	0.000431
芯褉懈谐懈薪邪谢	0.000278	1.832581	0.000509
芯褋械薪薪懈泄	0.001111	0.051293	0.000057
芯褋械薪褜	0.002778	0.105361	0.000293
芯褋薪芯胁薪褘泄	0.000278	0.040822	0.000011
芯褋褌邪胁邪褌褜褋褟	0.000278	0.116534	0.000032
芯褋褌懈薪	0.000278	4.605170	0.001279
芯褌胁械褌	0.000556	0.000000	0.000000
芯褌胁械褌懈褌褜	0.000278	0.051293	0.000014
芯褌写械谢褜薪褘泄	0.000278	2.659260	0.000739
芯褌泻褉褘褌褘泄	0.000556	0.105361	0.000059
芯褌谢懈褔薪芯	0.000278	1.514128	0.000421
芯褌屑械薪懈褌褜	0.000278	0.040822	0.000011
芯褌薪懈屑邪褌褜	0.000278	2.995732	0.000832
芯褌褋褍褌褋褌胁懈械	0.000278	2.302585	0.000640
芯褌褋褍褌褋褌胁芯胁邪褌褜	0.000278	2.525729	0.000702
芯褏谢邪写懈褌褜	0.000278	0.116534	0.000032
芯褔械褉械写褜	0.000556	1.771957	0.000984
锌邪泻械褌懈泻	0.000278	0.105361	0.000029
锌邪谢芯褔泻邪	0.000556	0.040822	0.000023
锌邪薪懈褉	0.000556	4.605170	0.002558
锌邪薪懈褉邪	0.000278	4.605170	0.001279
锌邪薪懈褉芯胁泻邪	0.002222	0.116534	0.000259
锌邪褉邪	0.000278	0.116534	0.000032
锌邪褉邪写	0.001944	0.116534	0.000227
锌邪褉邪屑械褌褉	0.000278	3.506558	0.000974
锌邪褉芯胁邪褉泻邪	0.002500	0.105361	0.000263
锌邪褉芯谢褜	0.000278	0.020203	0.000006
锌邪褋褌邪	0.000833	0.040822	0.000034
锌邪褋褌褉芯屑邪	0.000278	0.040822	0.000011
锌邪褋褏邪	0.000556	0.040822	0.000023
锌邪褋褏邪谢褜薪褘泄	0.000833	0.116534	0.000097
锌邪褌械薪褌	0.000278	2.525729	0.000702
锌邪褕褌械褌	0.000833	0.040822	0.000034
锌械泻邪褉褜	0.000278	0.127833	0.000036
锌械泻谢芯	0.000278	2.525729	0.000702
锌械谢褜屑械薪薪褘泄	0.000556	2.659260	0.001477
锌械谢褜屑械薪褜	0.000833	0.116534	0.000097
锌械褉胁褘泄	0.001389	0.040822	0.000057
锌械褉械胁芯褉芯褌	0.000278	3.506558	0.000974
锌械褉械泄褌懈	0.000278	0.040822	0.000011
锌械褉械泻懈褋邪褌褜	0.000278	3.912023	0.001087
锌械褉械泻褍褋	0.000556	0.116534	0.000065
锌械褉械褑	0.000278	0.040822	0.000011
锌械褉褋芯薪邪	0.000278	0.116534	0.000032
锌械褉褍邪薪褋泻懈泄	0.000278	0.116534	0.000032
锌械褋芯褔薪褘泄	0.000833	0.105361	0.000088
锌械褌械谢懈薪泻	0.000278	0.127833	0.000036
锌械褔械薪懈械	0.002500	0.040822	0.000102
锌械褔褜	0.000556	0.116534	0.000065
锌械褔褢薪芯褔薪褘泄	0.000278	0.040822	0.000011
锌懈胁芯	0.000278	0.116534	0.000032
锌懈泻邪薪褌	0.000278	0.127833	0.000036
锌懈泻薪懈泻	0.001111	0.105361	0.000117
锌懈褉	0.000278	0.116534	0.000032
锌懈褉芯谐	0.001389	0.040822	0.000057
锌懈褉芯卸薪芯械	0.000556	0.040822	0.000023
锌懈褉芯卸芯泻	0.000556	0.040822	0.000023
锌懈褌邪薪懈械	0.001389	0.094311	0.000131
锌懈褑褑邪	0.001944	0.040822	0.000079
锌谢邪屑褟	0.000278	0.116534	0.000032
锌谢械械褉	0.000278	2.813411	0.000782
锌谢懈褌邪	0.001111	0.116534	0.000129
锌谢芯胁	0.000278	0.116534	0.000032
锌谢芯写	0.000278	0.116534	0.000032
锌芯斜芯褟褌褜褋褟	0.000278	2.995732	0.000832
锌芯胁邪褉	0.000278	1.139434	0.000317
锌芯胁邪褉褢薪芯泻	0.001667	0.000000	0.000000
锌芯胁懈写谢芯	0.000278	0.040822	0.000011
锌芯胁褌芯褉懈褌褜	0.000278	2.040221	0.000567
锌芯写邪胁邪褌褜褋褟	0.000278	3.506558	0.000974
锌芯写邪褉芯泻	0.000278	0.116534	0.000032
锌芯写写邪胁邪褌褜褋褟	0.000278	2.659260	0.000739
锌芯写械谢懈褌褜褋褟	0.000556	0.400478	0.000222
锌芯写泻褍锌懈褌褜	0.000278	2.040221	0.000567
锌芯写谢懈胁	0.000278	0.116534	0.000032
锌芯写谢懈胁泻邪	0.000278	0.040822	0.000011
锌芯写芯斜薪褘泄	0.000278	1.427116	0.000396
锌芯写芯泄褌懈	0.000278	1.272966	0.000354
锌芯写锌懈褋邪褌褜褋褟	0.000833	0.040822	0.000034
锌芯写褉褍谐邪	0.000278	2.525729	0.000702
锌芯写褋芯谢薪械褔薪褘泄	0.000556	1.347074	0.000748
锌芯械写懈薪芯泻	0.003889	0.116534	0.000453
锌芯蟹邪懈屑褋褌胁芯胁邪褌褜	0.000278	2.995732	0.000832
锌芯蟹写褉邪胁懈褌褜	0.000278	0.116534	0.000032
锌芯懈褋泻	0.000556	0.051293	0.000028
锌芯泻邪蟹邪褌褜	0.000278	1.309333	0.000364
锌芯泻邪蟹邪褌褜褋褟	0.000278	2.207275	0.000613
锌芯泻谢芯薪懈褌褜褋褟	0.000278	3.506558	0.000974
锌芯谢写薪懈泻	0.000556	0.116534	0.000065
锌芯谢械蟹薪芯	0.000278	0.116534	0.000032
锌芯谢械蟹薪褘泄	0.000278	1.427116	0.000396
锌芯谢懈褌懈泻邪	0.000278	0.040822	0.000011
锌芯谢薪芯褋褌褜褞	0.000278	1.347074	0.000374
锌芯谢芯胁懈薪邪	0.002222	0.105361	0.000234
锌芯谢褍褔邪褌褜	0.000556	0.040822	0.000023
锌芯谢褍褔邪褌褜褋褟	0.002222	0.328504	0.000730
锌芯谢褍褔懈褌褜	0.000278	1.237874	0.000344
锌芯谢褍褔懈褌褜褋褟	0.000278	0.653926	0.000182
锌芯谢褜蟹邪	0.001389	0.116534	0.000162
锌芯谢褜褋泻懈泄	0.000278	0.116534	0.000032
锌芯屑邪写泻邪	0.000833	0.040822	0.000034
锌芯屑懈写芯褉	0.000556	0.116534	0.000065
锌芯屑懈写芯褉泻	0.000278	0.127833	0.000036
锌芯屑芯褖薪懈褑邪	0.000278	2.525729	0.000702
锌芯薪褉邪胁懈褌褜褋褟	0.000556	0.040822	0.000023
锌芯薪褔懈泻	0.000556	0.040822	0.000023
锌芯锌褉芯斜芯胁邪褌褜	0.000556	0.248461	0.000138
锌芯褉邪	0.000278	0.105361	0.000029
锌芯褉邪写芯胁邪褌褜	0.000278	1.309333	0.000364
锌芯褉懈褋褌褘泄	0.000278	1.897120	0.000527
锌芯褉芯褕芯泻	0.001667	0.916291	0.001527
锌芯褉褌褍谐邪谢褜褋泻懈泄	0.000278	0.116534	0.000032
锌芯褋械褖邪褌褜	0.000278	0.061875	0.000017
锌芯褋褌	0.001389	0.105361	0.000146
锌芯褋褌邪胁懈褌褜	0.000556	1.897120	0.001054
锌芯褋褌薪褘泄	0.000833	0.040822	0.000034
锌芯褋褌芯褟薪薪芯	0.000278	0.040822	0.000011
锌芯褋褌褉邪写邪褌褜	0.000278	2.813411	0.000782
锌芯褋褌褉芯懈褌褜	0.000278	0.105361	0.000029
锌芯褋褍写邪	0.000556	0.094311	0.000052
锌芯褌械褉褟褌褜	0.000278	3.218876	0.000894
锌芯褌褉褟褋褌懈	0.000556	3.506558	0.001948
锌芯褔械屑褍	0.000278	1.203973	0.000334
锌芯褔褌邪	0.000278	0.040822	0.000011
锌芯褔褌懈	0.000278	1.021651	0.000284
锌芯褕邪谐芯胁褘泄	0.000556	0.040822	0.000023
锌芯褟胁懈褌褜褋褟	0.000278	1.771957	0.000492
锌芯褟褋	0.000278	3.506558	0.000974
锌褉邪胁懈谢褜薪褘泄	0.000556	1.832581	0.001018
锌褉邪谐邪	0.000278	2.525729	0.000702
锌褉邪蟹写薪懈泻	0.000278	0.105361	0.000029
锌褉邪蟹写薪懈褔薪芯	0.000278	0.116534	0.000032
锌褉邪蟹写薪懈褔薪褘泄	0.000556	0.105361	0.000059
锌褉邪泻褌懈泻褍屑	0.000278	0.116534	0.000032
锌褉邪泻褌懈褔械褋泻懈	0.000278	1.386294	0.000385
锌褉邪泻褌懈褔薪芯	0.000278	2.525729	0.000702
锌褉械胁芯褋褏芯写薪褘泄	0.000556	0.116534	0.000065
锌褉械胁褉邪褖械薪懈械	0.000278	0.116534	0.000032
锌褉械写谢邪谐邪褌褜	0.001111	0.693147	0.000770
锌褉械写褋褌邪胁懈褌褜	0.000278	1.347074	0.000374
锌褉械泻褉邪褋薪褘泄	0.000278	1.386294	0.000385
锌褉械褋薪褘泄	0.000556	0.116534	0.000065
锌褉懈斜谢懈蟹懈褌褜	0.000278	2.407946	0.000669
锌褉懈谐芯褌芯胁懈褌褜	0.001111	0.083382	0.000093
锌褉懈谐芯褌芯胁谢械薪懈械	0.002222	0.040822	0.000091
锌褉懈蟹	0.000278	0.040822	0.000011
锌褉懈蟹薪邪薪懈械	0.000278	0.116534	0.000032
锌褉懈薪芯褋懈褌褜	0.000278	2.120264	0.000589
锌褉懈锌褉邪胁邪	0.000278	0.040822	0.000011
锌褉懈褉芯写邪	0.000556	0.105361	0.000059
锌褉懈褋褌褍锌懈褌褜	0.000278	0.040822	0.000011
锌褉懈褟褌薪褘泄	0.000278	1.427116	0.000396
锌褉芯斜谢械屑邪	0.000278	1.832581	0.000509
锌褉芯斜芯胁邪褌褜	0.000278	0.843970	0.000234
锌褉芯胁械褉懈褌褜	0.001667	0.116534	0.000194
锌褉芯胁械褋褌懈	0.001111	0.116534	0.000129
锌褉芯胁芯写懈褌褜	0.000278	0.040822	0.000011
锌褉芯胁芯卸邪褌褜	0.000278	0.116534	0.000032
锌褉芯写邪胁邪褌褜	0.000278	2.302585	0.000640
锌褉芯写褍泻褌	0.000833	0.072571	0.000060
锌褉芯械泻褌	0.000556	0.051293	0.000028
锌褉芯懈蟹胁械褋褌懈	0.000278	1.966113	0.000546
锌褉芯锌芯褉褑懈褟	0.000278	1.609438	0.000447
锌褉芯褋懈褌褜	0.000556	0.776529	0.000431
锌褉芯褋屑芯褌褉	0.000278	0.274437	0.000076
锌褉芯褋屑芯褌褉械褌褜	0.000278	1.714798	0.000476
锌褉芯褋褌芯	0.002222	0.083382	0.000185
锌褉芯褋褌芯泄	0.000556	0.301105	0.000167
锌褉芯褋褌芯泻胁邪褕邪	0.000278	0.040822	0.000011
锌褉芯褋褌芯褉	0.000278	1.660731	0.000461
锌褉芯褋褌芯褌邪	0.000278	1.714798	0.000476
锌褉芯褋褔懈褌邪褌褜	0.000278	2.659260	0.000739
锌褉芯褎懈谢褜	0.000278	0.040822	0.000011
锌褉芯褔懈褌邪褌褜	0.000278	1.832581	0.000509
锌褉褟屑芯	0.000278	0.040822	0.000011
锌褉褟薪懈泻	0.000556	0.040822	0.000023
锌褉褟薪懈褔薪褘泄	0.000278	0.116534	0.000032
锌褌懈褑邪	0.005278	0.116534	0.000615
锌褌懈褔懈泄	0.000556	1.771957	0.000984
锌褍写懈薪谐	0.000833	0.040822	0.000034
锌褍薪褕	0.000278	0.040822	0.000011
锌褍褌械褕械褋褌胁懈械	0.000556	0.116534	0.000065
锌褍褌褜	0.000278	0.116534	0.000032
锌褕械薪懈褔薪褘泄	0.006111	0.287682	0.001758
锌褘褕泻邪	0.000278	0.040822	0.000011
锌褞褉械	0.001111	0.040822	0.000045
锌褟褌褜	0.000278	1.771957	0.000492
褉邪斜芯褌邪	0.000278	1.237874	0.000344
褉邪胁薪芯	0.000278	2.120264	0.000589
褉邪谐褍	0.000278	0.116534	0.000032
褉邪蟹	0.000833	0.356675	0.000297
褉邪蟹斜褍褏邪褌褜	0.000278	2.659260	0.000739
褉邪蟹胁械褉薪褍褌褜	0.000278	0.116534	0.000032
褉邪蟹写械谢褜薪褘泄	0.000278	0.116534	0.000032
褉邪蟹屑械褋褌懈褌褜	0.000556	1.714798	0.000953
褉邪蟹薪芯芯斜褉邪蟹懈械	0.000278	2.525729	0.000702
褉邪蟹薪褘泄	0.000556	0.094311	0.000052
褉邪蟹褉褘褏谢懈褌械谢褜	0.000556	1.237874	0.000688
褉邪蟹褉褟写	0.000278	2.407946	0.000669
褉邪屑泻邪	0.000278	1.832581	0.000509
褉邪薪械械	0.000278	2.407946	0.000669
褉邪褋泻邪褌褘胁邪褌褜褋褟	0.000278	2.659260	0.000739
褉邪褋褋泻邪蟹褘胁邪褌褜	0.000278	2.120264	0.000589
褉邪褋褋芯谢褜薪懈泻	0.000833	0.040822	0.000034
褉邪褋褋褘谢泻邪	0.000278	0.061875	0.000017
褉邪褋褌懈褌械谢褜薪褘泄	0.003056	0.223144	0.000682
褉械斜褢薪芯泻	0.000278	0.094311	0.000026
褉械胁芯谢褞褑懈芯薪薪褘泄	0.000278	3.218876	0.000894
褉械谐懈褋褌褉邪褑懈褟	0.000833	0.000000	0.000000
褉械蟹褍谢褜褌邪褌	0.000278	0.820981	0.000228
褉械泄褌懈薪谐	0.000278	0.235722	0.000065
褉械泻谢邪屑邪	0.000278	2.813411	0.000782
褉械褋褌芯褉邪薪	0.000278	1.386294	0.000385
褉械褑械锌褌	0.030833	0.040822	0.001259
褉械褕懈褌褜	0.001111	0.693147	0.000770
褉懈褋	0.001389	0.040822	0.000057
褉懈褌屑	0.000278	0.116534	0.000032
褉芯谐邪谢懈泻	0.000278	0.040822	0.000011
褉芯写	0.000278	1.832581	0.000509
褉芯写薪褘泄	0.000278	0.116534	0.000032
褉芯卸写械薪懈械	0.000278	0.105361	0.000029
褉芯卸写械褋褌胁芯	0.000278	0.116534	0.000032
褉芯谢谢	0.000556	0.040822	0.000023
褉芯谢谢褌芯薪	0.000278	0.116534	0.000032
褉芯屑	0.000278	0.040822	0.000011
褉芯褌	0.000278	1.427116	0.000396
褉褍斜褉懈泻邪褌芯褉	0.000278	0.051293	0.000014
褉褍写褜泻芯胁邪	0.000278	2.995732	0.000832
褉褍泻邪	0.000556	1.514128	0.000841
褉褍谢械褌	0.003056	0.040822	0.000125
褉褍屑褘薪褋泻懈泄	0.000278	0.116534	0.000032
褉褍屑褟薪褘泄	0.000278	0.116534	0.000032
褉褍薪械褌	0.000278	0.020203	0.000006
褉褍褋褋泻懈泄	0.000278	0.105361	0.000029
褉褘斜邪	0.006944	0.040822	0.000283
褉褘斜薪褘泄	0.002778	0.105361	0.000293
褉褘斜芯谢芯胁薪褘泄	0.000278	2.995732	0.000832
褉褟卸械薪泻邪	0.000278	0.116534	0.000032
褋邪泄褌	0.001944	0.000000	0.000000
褋邪谢邪褌	0.008889	0.040822	0.000363
褋邪谢邪褌薪褘泄	0.000278	0.116534	0.000032
褋邪屑芯谐芯薪	0.000278	0.040822	0.000011
褋邪屑褘泄	0.001667	0.105361	0.000176
褋邪褉薪懈泄	0.000278	4.605170	0.001279
褋邪褎	0.000833	0.116534	0.000097
褋邪褎褋械屑邪	0.000278	0.116534	0.000032
褋邪褏邪褉	0.009444	0.105361	0.000995
褋斜懈褌械薪褜	0.000278	0.040822	0.000011
褋胁械卸械褋褌褜	0.000278	0.105361	0.000029
褋胁械泻芯谢褜薪懈泻	0.000556	0.040822	0.000023
褋胁械褌	0.001111	0.116534	0.000129
褋胁械褌邪	0.001111	0.116534	0.000129
褋胁懈薪懈薪	0.001111	0.116534	0.000129
褋胁懈薪懈薪邪	0.000278	0.040822	0.000011
褋胁褢泻谢邪	0.000278	0.040822	0.000011
褋谐褍褋褌懈褌褜	0.001111	1.966113	0.002185
褋谐褍褖褢薪泻邪	0.000278	0.040822	0.000011
褋写械谢邪褌褜	0.000833	0.733969	0.000612
褋械蟹芯薪	0.000278	0.116534	0.000032
褋械泄褔邪褋	0.000833	0.030459	0.000025
褋械泻褉械褌	0.000833	0.116534	0.000097
褋械泻褍薪写邪	0.000556	2.995732	0.001664
褋械谢褢写泻邪	0.000278	0.040822	0.000011
褋械屑械泄薪褘泄	0.000278	0.116534	0.000032
褋械屑褜褟	0.000833	0.116534	0.000097
褋懈写褉	0.000278	0.040822	0.000011
褋懈褉懈泄褋泻懈泄	0.000278	0.116534	0.000032
褋懈褉芯锌	0.000556	0.040822	0.000023
褋懈褋褌械屑邪	0.000278	0.040822	0.000011
褋懈褌懈	0.000278	0.127833	0.000036
褋泻邪蟹邪褌褜	0.000833	0.400478	0.000334
褋泻邪蟹泻邪	0.000278	0.116534	0.000032
褋泻芯胁芯褉芯写邪	0.000278	1.386294	0.000385
褋谢邪写泻懈泄	0.005556	0.040822	0.000227
褋谢邪写泻芯	0.000278	0.116534	0.000032
褋谢械写褍褞褖懈泄	0.000278	1.386294	0.000385
褋谢懈胁芯褔薪褘泄	0.003611	0.105361	0.000380
褋谢芯胁芯	0.000278	1.021651	0.000284
褋谢芯泄泻邪	0.000556	0.040822	0.000023
褋谢芯褢薪褘泄	0.001389	0.116534	0.000162
褋谢褍褔邪褌褜褋褟	0.000278	2.525729	0.000702
褋屑械褌邪薪邪	0.001389	0.105361	0.000146
褋屑械褕邪薪薪褘泄	0.000278	0.116534	0.000032
褋屑芯褔褜	0.000278	0.040822	0.000011
褋屑褍蟹懈	0.000833	0.040822	0.000034
褋屑褍褖邪褌褜	0.000278	2.995732	0.000832
褋薪褝泻	0.000278	0.116534	0.000032
褋芯斜懈褉邪褌褜褋褟	0.000278	0.040822	0.000011
褋芯斜褋褌胁械薪薪褘泄	0.000556	1.966113	0.001092
褋芯胁械褉褕械薪薪芯	0.000278	1.171183	0.000325
褋芯胁械褉褕械薪褋褌胁芯	0.001389	0.116534	0.000162
褋芯胁械褉褕懈褌褜	0.000278	3.506558	0.000974
褋芯胁械褋褌褜	0.000278	2.813411	0.000782
褋芯胁械褌	0.000556	0.040822	0.000023
褋芯胁褋械屑	0.000278	1.139434	0.000317
褋芯谐谢邪褕邪褌褜褋褟	0.000278	0.040822	0.000011
褋芯写邪	0.001667	0.941609	0.001569
褋芯蟹写邪胁邪褌褜	0.000278	0.105361	0.000029
褋芯蟹写邪薪懈械	0.000556	0.261365	0.000145
褋芯泻	0.001389	0.040822	0.000057
褋芯谢械薪懈械	0.000556	0.116534	0.000065
褋芯谢薪械褔薪褘泄	0.000278	0.116534	0.000032
褋芯谢褜	0.004444	0.127833	0.000568
褋芯谢褟薪泻邪	0.000556	0.040822	0.000023
褋芯谢褢薪褘泄	0.000833	0.116534	0.000097
褋芯锌械褉薪懈褔邪褌褜	0.000278	4.605170	0.001279
褋芯褉褌	0.000278	3.912023	0.001087
褋芯褉褌懈褉芯胁邪褌褜	0.000278	0.248461	0.000069
褋芯褋褌邪胁	0.000278	1.347074	0.000374
褋芯褋褌邪胁懈褌褜	0.000278	0.116534	0.000032
褋芯褍褋	0.005278	0.040822	0.000215
褋芯褏褉邪薪褟褌褜	0.000278	0.040822	0.000011
褋芯褑褋械褌褜	0.000278	0.040822	0.000011
褋芯褔械褌邪薪懈械	0.000278	0.105361	0.000029
褋芯褔薪褘泄	0.000278	0.116534	0.000032
褋锌邪谢褜薪褟	0.000278	0.415515	0.000115
褋锌邪褋懈斜芯	0.000278	0.673345	0.000187
褋锌械褌褜	0.000278	0.116534	0.000032
褋锌械褑懈邪谢褜薪褘泄	0.000278	0.094311	0.000026
褋锌械褑懈褟	0.000278	0.094311	0.000026
褋锌械褑锌褉芯械泻褌	0.009167	0.116534	0.001068
褋锌懈褋芯泻	0.000278	0.116534	0.000032
褋锌芯泻芯泄薪褘泄	0.000278	2.995732	0.000832
褋褉邪胁薪懈褌褜褋褟	0.000278	3.506558	0.000974
褋褉邪蟹褍	0.000556	0.733969	0.000408
褋褉械写懈蟹械屑薪芯屑芯褉褋泻懈泄	0.000278	0.127833	0.000036
褋褋褋褉芯胁褋泻懈泄	0.000278	3.506558	0.000974
褋褌邪褉褘泄	0.000556	0.261365	0.000145
褋褌邪褌褜褟	0.000278	0.061875	0.000017
褋褌懈谢褜	0.000556	0.116534	0.000065
褋褌芯谢	0.002222	0.105361	0.000234
褋褌褉邪薪懈褑邪	0.000278	2.525729	0.000702
褋褌褉邪薪薪芯	0.000278	2.659260	0.000739
褋褌褉芯懈褌械谢褜褋褌胁芯	0.000556	0.040822	0.000023
褋褌褉芯懈褌褜	0.000278	0.040822	0.000011
褋褌褉芯泄薪褘泄	0.000278	0.116534	0.000032
褋褌褉褍泄泻邪	0.000278	2.995732	0.000832
褋褍斜锌褉芯写褍泻褌	0.002778	0.116534	0.000324
褋褍写薪褘泄	0.000278	2.995732	0.000832
褋褍锌	0.005278	0.040822	0.000215
褋褍锌械褉斜邪斜褍褕泻邪	0.000833	1.237874	0.001032
褋褍褌泻懈	0.000556	1.771957	0.000984
褋褍褎谢械	0.001111	0.040822	0.000045
褋褍褏邪褉褜	0.000278	0.040822	0.000011
褋褍褏芯泄	0.000556	1.427116	0.000793
褋褍褕懈褌褜	0.000556	0.040822	0.000023
褋褍褖械褋褌胁芯胁邪褌褜	0.000278	2.525729	0.000702
褋褗械写邪褌褜	0.000278	2.813411	0.000782
褋褘褉	0.004167	0.040822	0.000170
褋褘褉薪懈泻	0.001389	0.040822	0.000057
褋褘褉薪褘泄	0.001111	0.040822	0.000045
褋褘褉芯泄	0.000278	2.659260	0.000739
褋褘褌薪褘泄	0.000556	0.105361	0.000059
褋褘褔褍卸薪褘泄	0.000278	0.127833	0.000036
褋褝薪写胁懈褔	0.000278	0.127833	0.000036
褋褞褉锌褉懈蟹	0.000278	0.116534	0.000032
褋褢屑谐邪	0.000278	0.040822	0.000011
褌邪写卸懈泻褋泻懈泄	0.000278	0.116534	0.000032
褌邪泄褋泻懈泄	0.000278	0.116534	0.000032
褌邪褉褌	0.000278	0.116534	0.000032
褌邪褉褌邪谢械褌泻邪	0.000556	0.040822	0.000023
褌邪褌邪褉褋泻懈泄	0.000278	0.116534	0.000032
褌邪褟褌褜	0.000278	1.514128	0.000421
褌胁芯泄	0.000556	0.116534	0.000065
褌胁芯褉懈褌褜	0.000278	0.116534	0.000032
褌胁芯褉芯谐	0.001389	0.040822	0.000057
褌胁芯褉芯卸薪褘泄	0.001667	0.094311	0.000157
褌胁芯褉芯卸芯泻	0.000278	2.995732	0.000832
褌械谢械谐褉邪屑	0.000278	0.040822	0.000011
褌械谢褟褌懈薪邪	0.001111	0.116534	0.000129
褌械屑	0.000278	0.967584	0.000269
褌械锌械褉褜	0.000833	0.916291	0.000764
褌械锌谢芯	0.000278	0.116534	0.000032
褌械褉褉懈薪邪	0.000278	0.040822	0.000011
褌械褋褌	0.005833	0.105361	0.000615
褌械褋褌芯	0.006667	0.040822	0.000272
褌械褏薪懈泻邪	0.001389	0.105361	0.000146
褌屑	0.001111	0.127833	0.000142
褌芯薪泻懈泄	0.001111	1.309333	0.001455
褌芯薪泻芯	0.000278	2.407946	0.000669
褌芯锌谢褢薪褘泄	0.000278	0.116534	0.000032
褌芯褉褌	0.011389	0.040822	0.000465
褌芯褉褌懈泻	0.000556	1.897120	0.001054
褌褉邪胁邪	0.000278	0.094311	0.000026
褌褉邪写懈褑懈褟	0.001667	0.116534	0.000194
褌褉械斜芯胁邪薪懈械	0.000278	2.407946	0.000669
褌褉懈	0.000278	1.272966	0.000354
褌褉芯械	0.000278	4.605170	0.001279
褌褉褍斜芯褔泻邪	0.000278	0.040822	0.000011
褌褉褢褏谢械褌懈械	0.000278	0.116534	0.000032
褌褍薪械褑	0.000278	0.105361	0.000029
褌褍薪懈褋褋泻懈泄	0.000278	0.116534	0.000032
褌褍褉械褑泻懈泄	0.000278	0.116534	0.000032
褌褘泻胁邪	0.000278	0.040822	0.000011
褌褟卸械谢芯	0.000278	2.995732	0.000832
褌褢褖懈薪	0.000278	0.040822	0.000011
褍斜械写懈褌褜褋褟	0.000278	1.966113	0.000546
褍胁械写芯屑谢械薪懈械	0.000278	0.040822	0.000011
褍胁械褉械薪薪褘泄	0.000278	2.995732	0.000832
褍胁械褉懈褌褜	0.000278	1.272966	0.000354
褍写邪褔薪褘泄	0.000278	0.116534	0.000032
褍写懈胁懈褌褜	0.000278	0.116534	0.000032
褍写懈胁谢褟褌褜	0.001111	0.116534	0.000129
褍写芯胁谢械褌胁芯褉褟褌褜	0.000278	2.525729	0.000702
褍写芯胁芯谢褜褋褌胁懈械	0.000278	0.116534	0.000032
褍卸	0.000278	0.693147	0.000193
褍卸懈薪	0.001667	0.094311	0.000157
褍蟹斜械泻褋泻懈泄	0.000278	0.116534	0.000032
褍泻褉邪懈薪邪	0.000278	2.813411	0.000782
褍泻褉邪懈薪褋泻懈泄	0.000278	0.116534	0.000032
褍泻褉邪褕械薪懈械	0.002222	0.116534	0.000259
褍泻褋褍褋	0.001111	0.562119	0.000625
褍薪懈胁械褉褋邪谢褜薪褘泄	0.000278	2.995732	0.000832
褍锌芯褌褉械斜谢械薪懈械	0.000278	0.116534	0.000032
褍褉邪谢褜褋泻懈泄	0.000278	0.116534	0.000032
褍褉芯卸邪泄	0.000278	0.105361	0.000029
褍褋谢芯胁懈械	0.000278	1.660731	0.000461
褍褋锌械褕薪芯	0.000278	3.506558	0.000974
褍褌泻邪	0.000833	0.116534	0.000097
褍褌芯褔薪褟褌褜	0.000278	2.995732	0.000832
褍褌褉芯屑	0.000278	2.207275	0.000613
褍褏芯	0.000278	0.040822	0.000011
褍褔邪褋褌胁芯胁邪褌褜	0.000278	0.040822	0.000011
褎邪蟹械薪写邪	0.000278	0.116534	0.000032
褎邪薪褌邪蟹懈褟	0.002222	0.116534	0.000259
褎邪褉褕	0.003611	0.040822	0.000147
褎邪褉褕懈褉芯胁邪薪薪褘泄	0.001667	0.040822	0.000068
褎邪褋芯谢褜	0.000278	0.040822	0.000011
褎械胁褉邪谢褜	0.000278	0.094311	0.000026
褎械泄械褉胁械褉泻	0.000556	0.116534	0.000065
褎懈谐褍褉邪	0.000278	0.116534	0.000032
褎懈薪褋泻懈泄	0.000278	0.116534	0.000032
褎懈褉屑械薪薪褘泄	0.000278	0.116534	0.000032
褎芯薪写褞	0.000278	0.040822	0.000011
褎芯褉屑邪	0.000278	0.105361	0.000029
褎芯褉褍屑	0.000833	0.040822	0.000034
褎芯褉褕屑邪泻	0.000278	0.040822	0.000011
褎褉邪薪褑懈褟	0.000278	0.116534	0.000032
褎褉邪薪褑褍蟹褋泻懈泄	0.000278	0.094311	0.000026
褎褉邪褍	0.001111	0.116534	0.000129
褎褉褍泻褌	0.001111	0.116534	0.000129
褎褉褍泻褌芯胁褘泄	0.002222	0.040822	0.000091
褎褍写	0.000278	0.116534	0.000032
褎褍褉芯褉	0.000278	2.407946	0.000669
褎褍褉褕械褌	0.000278	0.116534	0.000032
褏邪谢胁邪	0.000278	0.040822	0.000011
褏邪褉邪泻褌械褉懈褋褌懈泻邪	0.000278	2.659260	0.000739
褏邪褉胁械褋褌褎械褋褌	0.000556	0.116534	0.000065
褏邪褉褔芯	0.000556	0.040822	0.000023
褏邪褌邪	0.000278	2.813411	0.000782
褏邪褕	0.000278	0.040822	0.000011
褏胁邪褌邪褌褜	0.000556	1.966113	0.001092
褏胁芯褉芯褋褌	0.000278	0.040822	0.000011
褏懈屑懈褟	0.000278	3.218876	0.000894
褏懈薪写懈	0.000278	4.605170	0.001279
褏懈薪泻邪谢懈	0.000278	0.116534	0.000032
褏懈褌	0.001944	0.116534	0.000227
褏谢械斜	0.000833	0.040822	0.000034
褏谢械斜芯锌械褔泻邪	0.000278	0.116534	0.000032
褏谢芯锌褜褟	0.000556	0.094311	0.000052
褏芯蟹褟泄泻邪	0.000556	0.116534	0.000065
褏芯谢芯写械褑	0.000278	0.040822	0.000011
褏芯谢芯写懈谢褜薪懈泻	0.000833	1.049822	0.000875
褏芯谢芯写薪芯械	0.000556	0.116534	0.000065
褏芯谢芯写薪褘泄	0.000556	0.116534	0.000065
褏芯褉胁邪褌褋泻懈泄	0.000278	0.116534	0.000032
褏芯褉芯褕懈泄	0.001944	0.040822	0.000079
褏芯褉芯褕芯	0.001944	0.105361	0.000205
褏芯褉褋	0.000278	0.116534	0.000032
褏芯褌械褌褜	0.000556	0.000000	0.000000
褏芯褌械褌褜褋褟	0.000278	1.237874	0.000344
褏芯褌褜	0.000278	1.897120	0.000527
褏褉邪薪懈褌褜	0.000278	1.897120	0.000527
褏褍屑褍褋邪	0.000278	0.040822	0.000011
褑邪褉褋褌胁芯	0.000278	0.127833	0.000036
褑邪褉褜	0.000278	0.116534	0.000032
褑胁械褌薪芯泄	0.000278	0.040822	0.000011
褑械薪薪褘泄	0.000278	0.040822	0.000011
褑械薪褌褉	0.000278	0.116534	0.000032
褑懈褌邪褌薪懈泻薪褍褌褜	0.000278	2.995732	0.000832
褔邪械屑褘泄	0.000278	0.116534	0.000032
褔邪泄	0.000833	0.040822	0.000034
褔邪褋褌芯	0.000278	0.994252	0.000276
褔械斜褍褉械泻	0.000556	0.040822	0.000023
褔械褉泻懈蟹芯胁褘泄	0.000556	0.116534	0.000065
褔械褋褌薪芯	0.000278	1.203973	0.000334
褔械褋褌薪芯泄	0.000278	0.040822	0.000011
褔械褔械胁懈褑邪	0.000278	0.040822	0.000011
褔械褕褋泻懈泄	0.000278	0.116534	0.000032
褔懈蟹泻械泄泻	0.001111	0.040822	0.000045
褔懈谢懈泄褋泻懈泄	0.000278	0.116534	0.000032
褔懈锌褋褘	0.000278	0.040822	0.000011
褔懈褋谢芯	0.000278	0.235722	0.000065
褔懈褋褌褘泄	0.000278	2.302585	0.000640
褔褍写芯	0.000833	0.116534	0.000097
褕邪褉懈泻	0.000278	0.040822	0.000011
褕邪褉谢芯褌泻邪	0.000556	0.040822	0.000023
褕邪褉屑	0.000278	0.116534	0.000032
褕邪褕谢褘泻	0.003611	0.040822	0.000147
褕胁械写褋泻懈泄	0.000278	0.116534	0.000032
褕胁械泄褑邪褉褋泻懈泄	0.000278	0.116534	0.000032
褕械写械胁褉	0.000278	0.116534	0.000032
褕械褎	0.000278	0.127833	0.000036
褕懈泻邪褉薪褘泄	0.000278	2.525729	0.000702
褕懈锌褍褔泻邪	0.000278	0.040822	0.000011
褕懈褉芯泻懈泄	0.000278	0.127833	0.000036
褕泻芯谢邪	0.000278	0.116534	0.000032
褕芯泻	0.000278	2.302585	0.000640
褕芯泻芯谢邪写	0.000833	0.040822	0.000034
褕芯泻芯谢邪写薪褘泄	0.000556	1.427116	0.000793
褕芯褌谢邪薪写褋泻懈泄	0.000278	0.116534	0.000032
褕褌褉褍写械谢褜	0.000278	0.040822	0.000011
褕褌褍泻邪	0.000278	2.120264	0.000589
褕褍褉锌邪	0.000278	0.040822	0.000011
褖械写褉褘泄	0.000278	0.116534	0.000032
褖懈	0.000556	0.040822	0.000023
褝泻芯屑懈谢泻	0.000278	0.127833	0.000036
褝褋褌芯薪褋泻懈泄	0.000278	0.116534	0.000032
褞斜懈谢械泄	0.000278	2.040221	0.000567
褞谐芯褋谢邪胁褋泻懈泄	0.000278	0.116534	0.000032
褞谢懈褟	0.000278	2.120264	0.000589
褟谐芯写薪褘泄	0.001111	0.105361	0.000117
褟蟹褘泻	0.000278	0.040822	0.000011
褟懈褔薪褘泄	0.000556	0.941609	0.000523
褟泄褑	0.000278	2.995732	0.000832
褟泄褑芯	0.006667	0.040822	0.000272
褟薪胁邪褉褜	0.000556	0.733969	0.000408
褟薪写械泻褋	0.000278	0.072571	0.000020
褟锌芯薪褋泻懈泄	0.000556	0.051293	0.000028
褟褉泻懈泄	0.000278	0.116534	0.000032
褟褉泻芯	0.000278	0.105361	0.000029
