谢械屑屑邪	TF	IDF	TF-IDF
邪斜褏邪蟹褋泻懈泄	0.000271	0.116534	0.000032
邪胁谐褍褋褌	0.000542	0.843970	0.000458
邪胁褋褌褉邪谢懈泄褋泻懈泄	0.000271	0.116534	0.000032
邪胁褋褌褉懈泄褋泻懈泄	0.000271	0.116534	0.000032
邪胁褌芯泻谢邪胁	0.000271	0.116534	0.000032
邪胁褌芯褉	0.000813	0.040822	0.000033
邪谐褉芯	0.000271	0.116534	0.000032
邪写卸懈泻邪	0.000271	0.040822	0.000011
邪写芯谢褜褎	0.000271	3.218876	0.000873
邪蟹	0.000271	0.127833	0.000035
邪蟹械褉斜邪泄写卸邪薪褋泻懈泄	0.000271	0.116534	0.000032
邪蟹懈邪褌褋泻懈泄	0.000271	0.127833	0.000035
邪泄褉邪薪	0.000271	0.040822	0.000011
邪泻胁邪褌懈泻	0.000813	0.127833	0.000104
邪谢械泻褋械泄	0.000271	0.127833	0.000035
邪谢懈泄	0.000271	2.813411	0.000763
邪谢泻芯谐芯谢褜	0.000813	0.116534	0.000095
邪谢泻芯谐芯谢褜薪褘泄	0.000271	0.116534	0.000032
邪谢褜褟薪褋	0.000271	0.116534	0.000032
邪屑械褉懈泻邪	0.000271	2.207275	0.000598
邪屑械褉懈泻邪薪褋泻懈泄	0.000542	0.116534	0.000063
邪薪谐谢懈泄褋泻懈泄	0.000271	0.116534	0.000032
邪薪写褉械泄	0.000542	0.127833	0.000069
邪薪薪邪	0.000542	2.995732	0.001624
邪锌锌械褌懈褌薪褘泄	0.000271	1.832581	0.000497
邪锌褉械谢褜	0.000542	0.544727	0.000295
邪褉邪斜褋泻懈泄	0.000271	0.116534	0.000032
邪褉斜邪褌	0.000271	2.525729	0.000685
邪褉谐械薪褌懈薪褋泻懈泄	0.000271	0.116534	0.000032
邪褉屑褟薪褋泻懈泄	0.000271	0.116534	0.000032
邪褉芯屑邪褌	0.000542	0.820981	0.000445
邪褉芯屑邪褌薪褘泄	0.000271	0.693147	0.000188
邪褋褋芯褉褌懈	0.000542	0.116534	0.000063
邪褌谢邪薪褌	0.000271	0.116534	0.000032
邪褎谐邪薪褋泻懈泄	0.000271	0.116534	0.000032
邪褎褉懈泻邪薪褋泻懈泄	0.000271	0.116534	0.000032
邪褝褉芯谐褉懈谢褜	0.002711	0.116534	0.000316
斜邪泻谢邪卸邪薪	0.000271	0.040822	0.000011
斜邪谢褌泻芯屑邪	0.000271	0.127833	0.000035
斜邪褉邪薪懈薪邪	0.001084	0.116534	0.000126
斜邪褉斜懈	0.000271	2.525729	0.000685
斜邪褋屑邪褌懈	0.000542	0.127833	0.000069
斜邪褋褌褍褉屑	0.000271	0.040822	0.000011
斜邪褋褌褍褉屑邪	0.000271	0.040822	0.000011
斜邪褌芯薪褔懈泻	0.000271	0.127833	0.000035
斜邪褕泻懈褉褋泻懈泄	0.000271	0.116534	0.000032
斜械蟹邪谢泻芯谐芯谢褜薪褘泄	0.000271	0.116534	0.000032
斜械蟹谐谢褞褌械薪芯胁芯械	0.000271	0.116534	0.000032
斜械蟹械	0.001084	0.040822	0.000044
斜械谢械斜械械胁褋泻懈泄	0.000542	0.116534	0.000063
斜械谢芯褉褍褋褋泻懈泄	0.000271	0.116534	0.000032
斜械谢褜谐懈泄褋泻懈泄	0.000271	0.116534	0.000032
斜械褉械屑械薪薪邪褟	0.000271	0.116534	0.000032
斜械褋械写懈薪	0.000271	0.127833	0.000035
斜械褋锌芯写芯斜薪褘泄	0.000542	1.560648	0.000846
斜懈褋泻胁懈褌	0.000813	0.040822	0.000033
斜懈褋泻胁懈褌薪褘泄	0.000813	0.105361	0.000086
斜谢械褋褌褟褖懈泄	0.000542	3.506558	0.001901
斜谢懈蟹泻懈泄	0.000542	0.116534	0.000063
斜谢懈薪	0.001626	0.040822	0.000066
斜谢芯谐械褉	0.000271	2.659260	0.000721
斜谢褞写芯	0.028463	0.040822	0.001162
斜芯斜芯胁褘泄	0.002169	0.116534	0.000253
斜芯谢谐邪褉褋泻懈泄	0.000542	0.116534	0.000063
斜芯谢褜褕芯泄	0.000542	0.094311	0.000051
斜芯褉褖	0.000542	0.040822	0.000022
斜芯褌胁懈薪褜褟	0.000271	0.040822	0.000011
斜褉邪蟹懈谢褜褋泻懈泄	0.000271	0.116534	0.000032
斜褉邪褍蟹械褉	0.000271	0.040822	0.000011
斜褉邪褍薪懈	0.000271	0.040822	0.000011
斜褉械褋褌	0.000271	0.127833	0.000035
斜褉芯泻泻芯谢懈	0.000271	0.040822	0.000011
斜褍卸械薪懈薪邪	0.000271	0.040822	0.000011
斜褍泻胁邪谢褜薪芯	0.000271	2.407946	0.000653
斜褍谢芯褔泻邪	0.000813	0.040822	0.000033
斜褍谢褜芯薪	0.003253	0.040822	0.000133
斜褍褉谐械褉	0.000542	0.040822	0.000022
斜褍褉褟褌褋泻懈泄	0.000271	0.116534	0.000032
斜褍褌械褉斜褉芯写	0.001084	0.040822	0.000044
斜褘褋褌褉芯	0.000542	0.094311	0.000051
斜褘褋褌褉褘泄	0.001084	0.094311	0.000102
胁邪卸薪褘泄	0.000271	0.116534	0.000032
胁邪谢谢懈泄褋泻懈泄	0.000271	0.116534	0.000032
胁邪薪懈谢懈薪	0.000542	1.609438	0.000873
胁邪薪懈谢褜薪褘泄	0.002711	1.347074	0.003652
胁邪褉械薪懈械	0.000542	0.040822	0.000022
胁邪褉械薪懈泻	0.000271	0.116534	0.000032
胁邪褉懈邪薪褌	0.000542	0.356675	0.000193
胁邪褉泻邪	0.000271	1.832581	0.000497
胁邪褌褉褍褕泻邪	0.000271	0.040822	0.000011
胁邪褎谢褟	0.000542	0.040822	0.000022
胁邪褕	0.000542	0.000000	0.000000
胁胁芯写懈褌褜	0.000271	0.040822	0.000011
胁写芯褏薪芯胁械薪懈械	0.001626	0.116534	0.000190
胁写芯褏薪芯胁谢褟褌褜褋褟	0.000271	0.116534	0.000032
胁械谐械褌邪褉懈邪薪褋泻懈泄	0.000542	0.116534	0.000063
胁械谢懈泻懈泄	0.000271	0.116534	0.000032
胁械谢懈泻芯谢械锌薪械泄褕械懈泄	0.000271	2.659260	0.000721
胁械薪谐械褉褋泻懈泄	0.000271	0.116534	0.000032
胁械褋械薪薪懈泄	0.000271	0.051293	0.000014
胁械褋薪邪	0.001626	0.116534	0.000190
胁械褌褔懈薪邪	0.000271	0.094311	0.000026
胁懈写械芯	0.000542	0.116534	0.000063
胁懈写械芯褉械褑械锌褌	0.000271	0.301105	0.000082
胁懈薪芯	0.000542	0.040822	0.000022
胁泻谢褞褔邪褌褜	0.000271	0.634878	0.000172
胁泻褍褋	0.004608	0.105361	0.000486
胁泻褍褋薪芯	0.001084	0.094311	0.000102
胁泻褍褋薪褘泄	0.004879	0.061875	0.000302
胁谢褞斜懈褌褜	0.000271	0.116534	0.000032
胁谢褞斜懈褌褜褋褟	0.000271	1.386294	0.000376
胁薪邪褔邪谢械	0.001084	0.248461	0.000269
胁薪懈屑邪褌械谢褜薪芯	0.000271	2.995732	0.000812
胁薪褍褌褉懈	0.000271	1.469676	0.000398
胁芯写邪	0.002711	0.094311	0.000256
胁芯蟹胁褉邪褖邪褌褜褋褟	0.000271	2.813411	0.000763
胁芯蟹写褍褕薪褘泄	0.000542	1.469676	0.000797
胁芯蟹屑芯卸薪芯	0.001084	1.469676	0.001594
胁芯蟹屑芯卸薪芯褋褌褜	0.000271	1.966113	0.000533
胁芯蟹褉邪蟹懈褌褜	0.000271	3.218876	0.000873
胁芯泄褌懈	0.000271	0.000000	0.000000
胁芯谢薪芯胁邪褌褜	0.000271	2.407946	0.000653
胁芯谢芯胁邪薪	0.000271	0.116534	0.000032
胁芯谢褕械斜薪褘泄	0.000271	0.116534	0.000032
胁芯谢褕械斜褋褌胁芯	0.000271	0.116534	0.000032
胁芯芯斜褖械	0.000271	1.386294	0.000376
胁芯锌褉芯褋	0.000271	0.000000	0.000000
胁芯褋泻褉械褋薪褘泄	0.000271	2.302585	0.000624
胁芯褋褌芯褉谐	0.000271	1.309333	0.000355
胁芯褋褌芯褔薪褘泄	0.000271	0.127833	0.000035
胁锌械褉械写懈	0.000271	2.407946	0.000653
胁褉邪褌褜	0.000271	2.407946	0.000653
胁褉械屑褟	0.002169	0.105361	0.000228
胁褋械谐写邪	0.000813	0.653926	0.000532
胁褋锌芯屑薪懈褌褜	0.000271	0.040822	0.000011
胁褋褌褉械褌懈褌褜褋褟	0.000271	2.995732	0.000812
胁褌芯褉芯械	0.000271	0.116534	0.000032
胁褌芯褉芯泄	0.000271	0.116534	0.000032
胁褏芯写	0.000813	0.030459	0.000025
胁褘谐谢褟写械褌褜	0.000271	1.469676	0.000398
胁褘写邪褌褜	0.000542	2.407946	0.001305
胁褘泄褌懈	0.000271	0.040822	0.000011
胁褘薪芯褋懈褌褜	0.000271	2.525729	0.000685
胁褘锌械褔泻邪	0.005693	0.040822	0.000232
胁褘褉褍褔邪谢芯褔泻邪	0.000271	1.560648	0.000423
胁褘褋芯泻懈泄	0.000271	2.407946	0.000653
胁褘褋褌褉邪懈胁邪褌褜褋褟	0.000271	2.302585	0.000624
胁褘褏芯写薪芯泄	0.000271	2.040221	0.000553
胁褜械褌薪邪屑褋泻懈泄	0.000271	0.116534	0.000032
谐邪胁邪泄褋泻懈泄	0.000271	0.116534	0.000032
谐邪蟹械褌邪	0.000271	2.207275	0.000598
谐邪褉邪卸	0.000271	1.078810	0.000292
谐邪褉薪懈褉	0.002440	0.040822	0.000100
谐邪褋锌邪褔芯	0.000271	0.040822	0.000011
谐邪褕褢薪褘泄	0.000542	2.207275	0.001197
谐械芯谐褉邪褎懈褟	0.000271	0.116534	0.000032
谐谢邪胁薪芯械	0.000271	1.139434	0.000309
谐谢邪胁薪褘泄	0.000542	0.040822	0.000022
谐谢邪蟹褍褉褜	0.000813	0.040822	0.000033
谐谢懈薪褌胁械泄薪	0.000271	0.040822	0.000011
谐芯胁芯褉懈褌褜	0.000271	1.272966	0.000345
谐芯胁褟写懈薪邪	0.001084	0.116534	0.000126
谐芯写	0.008674	0.083382	0.000723
谐芯谢谢邪薪写褋泻懈泄	0.000271	0.116534	0.000032
谐芯褉芯写	0.000271	0.116534	0.000032
谐芯褉芯褏	0.000271	0.116534	0.000032
谐芯褉褔懈褑邪	0.000813	0.040822	0.000033
谐芯褉褕芯褔械泻	0.000542	0.040822	0.000022
谐芯褉褟褔械械	0.000542	0.116534	0.000063
谐芯褉褟褔懈泄	0.011385	0.105361	0.001200
谐芯褋褌褜	0.000542	0.116534	0.000063
谐芯褌芯胁懈褌褜	0.005693	0.083382	0.000475
谐芯褌芯胁懈褌褜褋褟	0.000542	0.371064	0.000201
谐芯褌芯胁褘泄	0.000271	0.755023	0.000205
谐褉邪写褍褋	0.000271	2.525729	0.000685
谐褉械薪泻邪	0.000542	0.040822	0.000022
谐褉械褑泻懈泄	0.000542	1.469676	0.000797
谐褉械褔械褋泻懈泄	0.000271	0.116534	0.000032
谐褉械褔泻邪	0.000271	0.040822	0.000011
谐褉懈斜	0.002711	0.040822	0.000111
谐褉懈斜薪芯泄	0.000542	0.040822	0.000022
谐褉懈谢褜	0.002711	0.105361	0.000286
谐褉懈谢褜屑邪薪懈褟	0.000271	0.116534	0.000032
谐褉芯谐	0.000271	0.040822	0.000011
谐褉褍蟹懈薪褋泻懈泄	0.000271	0.116534	0.000032
谐褉褍锌锌邪	0.000271	0.061875	0.000017
谐褍褉屑	0.000271	0.127833	0.000035
谐褍褉屑邪薪懈褟	0.001626	0.116534	0.000190
谐褍褋褜	0.000542	0.105361	0.000057
写邪胁邪褌褜	0.000542	0.040822	0.000022
写邪胁薪芯	0.000271	0.967584	0.000262
写邪薪薪褘械	0.000271	0.040822	0.000011
写邪褉	0.000271	0.116534	0.000032
写邪褌邪	0.000542	0.248461	0.000135
写邪褌褋泻懈泄	0.000271	0.116534	0.000032
写邪褌褜	0.000542	0.040822	0.000022
写邪褔薪褘泄	0.000813	0.116534	0.000095
写胁邪	0.000271	0.967584	0.000262
写胁邪卸写褘	0.000271	2.525729	0.000685
写胁械褉褜	0.000271	2.302585	0.000624
写械胁芯褔泻邪	0.000542	1.171183	0.000635
写械泻邪斜褉褜	0.000271	0.597837	0.000162
写械泻芯褉	0.000271	0.127833	0.000035
写械谢邪褌褜	0.001626	0.083382	0.000136
写械谢邪褌褜褋褟	0.000271	1.203973	0.000326
写械谢懈泻邪褌械褋	0.000271	2.659260	0.000721
写械谢懈芯薪	0.000271	3.218876	0.000873
写械谢懈褌褜褋褟	0.000271	0.040822	0.000011
写械谢芯	0.000271	0.105361	0.000029
写械薪褜	0.002711	0.040822	0.000111
写械褉卸邪褌褜褋褟	0.000271	2.302585	0.000624
写械褋械褉褌	0.006235	0.040822	0.000255
写械褋械褉褌邪褑懈褟	0.000271	0.116534	0.000032
写械褋械褉褌薪褘泄	0.000271	0.116534	0.000032
写卸械屑	0.000271	0.040822	0.000011
写卸械屑邪	0.000271	0.040822	0.000011
写蟹械薪	0.000271	0.116534	0.000032
写懈械褌邪	0.000542	0.094311	0.000051
写懈泻懈泄	0.000813	0.116534	0.000095
写懈锌	0.000271	0.116534	0.000032
写懈褔褜	0.000813	0.116534	0.000095
写薪械胁薪懈泻	0.000271	0.061875	0.000017
写芯斜邪胁懈褌褜	0.000271	0.083382	0.000023
写芯斜邪胁谢械薪懈械	0.000271	0.223144	0.000060
写芯斜邪胁谢褟褌褜	0.000542	0.040822	0.000022
写芯斜褉芯褎谢芯褌	0.000271	0.127833	0.000035
写芯胁械褉褟褌褜	0.000271	0.116534	0.000032
写芯胁芯谢褜薪芯	0.000271	1.609438	0.000436
写芯泄褌懈	0.000271	2.525729	0.000685
写芯屑	0.003253	0.040822	0.000133
写芯屑邪褕薪懈泄	0.003795	0.040822	0.000155
写芯屑芯泄	0.000271	2.525729	0.000685
写芯屑芯褏芯蟹褟泄泻邪	0.000271	2.302585	0.000624
写芯褉芯谐芯泄	0.000271	1.139434	0.000309
写褉邪泄胁	0.001355	0.127833	0.000173
写褉芯卸卸械胁芯泄	0.000271	0.116534	0.000032
写褉芯卸卸懈	0.001084	0.916291	0.000994
写褉褍谐	0.000271	0.544727	0.000148
写褍屑邪褌褜	0.000271	0.634878	0.000172
写褍褏芯胁泻邪	0.001626	0.105361	0.000171
写褍褕邪	0.000813	0.105361	0.000086
写褍褕懈褋褌褘泄	0.000542	1.237874	0.000671
写褞谐谢械褉邪	0.000271	3.218876	0.000873
械胁褉械泄褋泻懈泄	0.000271	0.116534	0.000032
械谐懈锌械褌褋泻懈泄	0.000271	0.116534	0.000032
械写懈薪褘泄	0.000271	0.000000	0.000000
械卸械谐芯写薪芯	0.000271	2.407946	0.000653
械泻芯	0.000271	0.127833	0.000035
械褋褌械褋褌胁械薪薪褘泄	0.000271	2.813411	0.000763
卸邪褉泻芯械	0.000271	0.040822	0.000011
卸械谢邪褌懈薪邪	0.000542	1.427116	0.000774
卸械谢械	0.000813	0.040822	0.000033
卸械谢褌芯泻	0.000542	1.237874	0.000671
卸械薪褋泻懈泄	0.000542	0.020203	0.000011
卸械薪褖懈薪邪	0.000542	0.061875	0.000034
卸懈蟹薪褜	0.000542	0.040822	0.000022
卸褍谢褜械薪	0.000271	0.040822	0.000011
卸褍褉薪邪谢	0.000271	0.072571	0.000020
卸褞谢褜械薪	0.000271	0.040822	0.000011
卸褞谢褜薪褘泄	0.000271	0.040822	0.000011
蟹邪胁邪褉薪芯泄	0.000542	0.116534	0.000063
蟹邪胁褌褉邪泻	0.002169	0.094311	0.000205
蟹邪谐芯褌芯胁泻邪	0.001084	0.040822	0.000044
蟹邪写邪胁邪褌褜	0.000271	0.040822	0.000011
蟹邪泻胁邪褋泻邪	0.000813	0.040822	0.000033
蟹邪泻褉褘褌褘泄	0.000271	0.116534	0.000032
蟹邪泻褍褋泻邪	0.005964	0.040822	0.000243
蟹邪泻褍褋芯薪褔懈泻	0.000271	0.116534	0.000032
蟹邪泻褍褋芯褔泻邪	0.000271	0.116534	0.000032
蟹邪泻褍褋芯褔薪邪褟	0.002440	0.116534	0.000284
蟹邪谢邪屑懈薪懈褉芯胁邪褌褜	0.000271	2.407946	0.000653
蟹邪谢懈胁薪芯械	0.000542	0.040822	0.000022
蟹邪谢懈褌褜	0.000271	3.218876	0.000873
蟹邪屑械褔邪褌械谢褜薪褘泄	0.000271	0.713350	0.000193
蟹邪屑芯褉芯蟹泻邪	0.000271	0.105361	0.000029
蟹邪锌邪写	0.000271	0.116534	0.000032
蟹邪锌械泻邪薪懈械	0.000271	1.514128	0.000410
蟹邪锌械泻邪薪泻邪	0.003795	0.040822	0.000155
蟹邪锌褉邪胁泻邪	0.000542	0.040822	0.000022
蟹邪锌褉芯褋	0.000542	2.120264	0.001150
蟹邪褉械谐懈褋褌褉懈褉芯胁邪褌褜褋褟	0.000542	0.030459	0.000017
蟹邪褋芯谢泻邪	0.000271	0.116534	0.000032
蟹邪褏芯写懈褌褜	0.000271	0.733969	0.000199
蟹邪褟胁谢褟褌褜	0.000271	1.771957	0.000480
蟹邪褟褑	0.000542	0.116534	0.000063
蟹胁邪薪褘泄	0.000271	0.127833	0.000035
蟹胁械蟹写邪	0.000271	0.116534	0.000032
蟹胁芯薪懈褌褜	0.000271	2.995732	0.000812
蟹胁褢蟹写薪褘泄	0.000271	0.116534	0.000032
蟹写芯褉芯胁褘泄	0.000542	0.116534	0.000063
蟹械谢械薪褜	0.000542	0.094311	0.000051
蟹械谢褢薪褘泄	0.000542	0.820981	0.000445
蟹械褎懈褉	0.000271	0.040822	0.000011
蟹懈屑邪	0.001084	0.040822	0.000044
蟹懈屑薪懈泄	0.000271	0.051293	0.000014
蟹薪邪泻芯屑褘泄	0.000271	1.272966	0.000345
蟹薪邪褌褜	0.001084	0.462035	0.000501
蟹芯谢芯褌芯泄	0.000271	0.116534	0.000032
懈胁邪薪芯胁	0.000271	0.127833	0.000035
懈谐芯褉褜	0.000271	3.218876	0.000873
懈写械邪谢褜薪芯	0.000271	1.514128	0.000410
懈写械邪谢褜薪褘泄	0.002169	0.116534	0.000253
懈写械泄泻邪	0.000271	0.116534	0.000032
懈写褌懈	0.000271	1.832581	0.000497
懈蟹胁械褋褌薪褘泄	0.000542	1.049822	0.000569
懈蟹胁懈薪械薪懈械	0.000271	2.302585	0.000624
懈蟹写械谢懈械	0.003253	0.116534	0.000379
懈蟹屑械薪械薪懈械	0.000271	2.302585	0.000624
懈蟹芯斜褉械褋褌懈	0.000271	2.407946	0.000653
懈蟹芯斜褉械褌械薪懈械	0.000271	2.407946	0.000653
懈蟹褍褔懈褌褜	0.000542	2.407946	0.001305
懈蟹褞屑	0.001084	1.897120	0.002057
懈泻褉邪	0.001355	0.040822	0.000055
懈屑褟	0.000271	0.030459	0.000008
懈薪邪褔械	0.000271	1.897120	0.000514
懈薪胁械褉褌芯褉薪褘泄	0.000271	0.127833	0.000035
懈薪谐褉械写懈械薪褌	0.008674	0.139262	0.001208
懈薪写械泄泻邪	0.001626	0.094311	0.000153
懈薪写懈泄褋泻懈	0.000271	2.659260	0.000721
懈薪写懈泄褋泻懈泄	0.000271	0.116534	0.000032
懈薪写懈谢邪泄褌邪	0.000813	0.116534	0.000095
懈薪写懈褉械褋薪褘泄	0.000271	0.116534	0.000032
懈薪写懈褟	0.000271	2.813411	0.000763
懈薪褋褌褉褍泻褑懈褟	0.000271	0.030459	0.000008
懈薪褌械褉薪械褌	0.000271	0.967584	0.000262
懈褉邪泻褋泻懈泄	0.000271	0.116534	0.000032
懈褉邪薪褋泻懈泄	0.000271	0.116534	0.000032
懈褉谢邪薪写褋泻懈泄	0.000271	0.116534	0.000032
懈褋泻邪褌褜	0.000271	1.108663	0.000301
懈褋泻褉械薪薪械	0.000271	0.116534	0.000032
懈褋泻褉械薪薪懈泄	0.000271	2.525729	0.000685
懈褋谢邪薪写褋泻懈泄	0.000271	0.116534	0.000032
懈褋锌邪薪褋泻懈泄	0.000271	0.116534	0.000032
懈褋锌械褔褜	0.000542	0.105361	0.000057
懈褋锌芯谢薪械薪懈械	0.000271	2.525729	0.000685
懈褋锌芯谢褜蟹芯胁邪褌褜褋褟	0.000271	1.714798	0.000465
懈褋锌褘褌褘胁邪褌褜	0.000271	2.407946	0.000653
懈褋褌懈薪薪褘泄	0.000271	2.995732	0.000812
懈褋褌芯褉懈褟	0.001626	0.116534	0.000190
懈褋褌芯褔邪褌褜	0.000271	3.218876	0.000873
懈褌邪谢懈褟	0.000542	0.105361	0.000057
懈褌邪谢褜褟薪褋泻懈泄	0.000271	0.105361	0.000029
懈褞谢褜	0.000271	0.579818	0.000157
懈褞薪褜	0.000271	0.562119	0.000152
泄芯谐褍褉褌	0.000813	0.040822	0.000033
泄芯褉泻	0.000271	2.407946	0.000653
泻邪斜邪褔芯泻	0.000271	0.040822	0.000011
泻邪胁泻邪蟹褋泻懈泄	0.000271	0.116534	0.000032
泻邪蟹邪薪	0.000271	0.116534	0.000032
泻邪蟹邪褌褜褋褟	0.000271	1.139434	0.000309
泻邪蟹邪褏褋泻懈泄	0.000271	0.116534	0.000032
泻邪泻邪芯	0.001626	0.040822	0.000066
泻邪谢械泄写芯褋泻芯锌	0.001084	0.116534	0.000126
泻邪谢屑褘褑泻懈泄	0.000271	0.116534	0.000032
泻邪谢芯褉懈褟	0.000271	2.659260	0.000721
泻邪谢褜屑邪褉	0.000271	0.040822	0.000011
泻邪屑械褉邪	0.000271	0.116534	0.000032
泻邪薪邪写褋泻懈泄	0.000271	0.116534	0.000032
泻邪薪邪谢	0.000813	0.040822	0.000033
泻邪薪邪锌械	0.000542	0.040822	0.000022
泻邪锌械褉褋	0.000542	2.525729	0.001369
泻邪锌懈褌邪薪	0.000271	2.995732	0.000812
泻邪锌褍褋褌邪	0.000813	0.040822	0.000033
泻邪锌褍褋褌薪褟泻	0.000271	0.040822	0.000011
泻邪褉邪屑械谢懈蟹芯胁邪褌褜褋褟	0.000271	3.218876	0.000873
泻邪褉邪屑械谢褜	0.000271	0.040822	0.000011
泻邪褉泻邪褋薪褘泄	0.001084	0.116534	0.000126
泻邪褉褌芯褎械谢褜	0.001626	0.040822	0.000066
泻邪褉褌芯褎械谢褜薪褘泄	0.000813	0.040822	0.000033
泻邪褉褌芯褕泻邪	0.000542	0.040822	0.000022
泻邪褌械谐芯褉懈褟	0.004337	0.116534	0.000505
泻邪褔械褋褌胁芯	0.000542	0.105361	0.000057
泻邪褕邪	0.001898	0.040822	0.000077
泻胁邪褋	0.001084	0.040822	0.000044
泻胁邪褋薪芯泄	0.000813	0.116534	0.000095
泻械泻褋	0.001898	0.040822	0.000077
泻械褎懈褉	0.000271	0.040822	0.000011
泻懈屑褔邪褌褜	0.000271	0.040822	0.000011
泻懈薪芯邪	0.000542	0.127833	0.000069
泻懈薪芯谢械薪褌邪	0.000271	0.116534	0.000032
泻懈褋械谢褜	0.000542	0.040822	0.000022
泻懈褌邪泄褋泻懈泄	0.000271	0.116534	0.000032
泻谢邪褋褋	0.002440	0.116534	0.000284
泻谢邪褋褋懈褔械褋泻懈泄	0.000271	1.427116	0.000387
泻薪懈谐邪	0.000542	0.040822	0.000022
泻芯泻褌械泄谢褜	0.001626	0.040822	0.000066
泻芯谢斜邪褋邪	0.000271	0.040822	0.000011
泻芯谢斜邪褋薪褘泄	0.000813	0.116534	0.000095
泻芯屑邪薪写邪	0.000542	0.127833	0.000069
泻芯屑懈	0.000271	0.116534	0.000032
泻芯屑屑械薪褌邪褉懈泄	0.000271	0.127833	0.000035
泻芯屑锌邪薪懈褟	0.000271	0.105361	0.000029
泻芯屑锌芯褌	0.000813	0.040822	0.000033
泻芯薪写懈褌械褉褋泻懈泄	0.000271	2.120264	0.000575
泻芯薪械褔薪芯	0.000271	0.527633	0.000143
泻芯薪懈薪邪	0.000271	0.116534	0.000032
泻芯薪泻褍褉褋	0.058552	0.040822	0.002390
泻芯薪泻褍褉褋薪褘泄	0.000271	0.127833	0.000035
泻芯薪褋械褉胁懈褉芯胁邪薪懈械	0.000271	0.040822	0.000011
泻芯薪褋械褉胁懈褉芯胁邪薪薪褘泄	0.001355	0.116534	0.000158
泻芯薪褎械褌邪	0.000813	0.040822	0.000033
泻芯薪褎械褌褌懈	0.000271	0.116534	0.000032
泻芯薪褎懈写械薪褑懈邪谢褜薪芯褋褌褜	0.000271	0.040822	0.000011
泻芯薪褎懈褌褞褉	0.000271	0.040822	0.000011
泻芯锌褔褢薪芯褋褌褜	0.000271	0.116534	0.000032
泻芯褉械泄褋泻懈	0.000271	0.040822	0.000011
泻芯褉械泄褋泻懈泄	0.000271	0.105361	0.000029
泻芯褉卸懈泻	0.000271	0.040822	0.000011
泻芯褉懈褑邪	0.000542	1.347074	0.000730
泻芯褉懈褔薪械胁褘泄	0.000542	1.272966	0.000690
泻芯褉屑懈褌褜	0.000271	0.116534	0.000032
泻芯褉薪褍褝谢褜褋泻懈泄	0.000271	2.525729	0.000685
泻芯褉芯褔泻邪	0.000542	1.309333	0.000710
泻芯褋褌褜	0.000542	2.659260	0.001442
泻芯褌谢械褌邪	0.000271	0.040822	0.000011
泻芯褎械	0.000542	0.040822	0.000022
泻褉邪褋邪胁械褑	0.000271	2.659260	0.000721
泻褉邪褋泻邪	0.000271	0.116534	0.000032
泻褉邪褋薪褘泄	0.000271	0.941609	0.000255
泻褉械邪褌懈胁	0.000271	0.127833	0.000035
泻褉械屑	0.000813	0.040822	0.000033
泻褉械锌泻懈泄	0.000271	0.116534	0.000032
泻褉懈褌懈泻	0.000271	3.218876	0.000873
泻褉芯谢懈泻	0.000542	0.116534	0.000063
泻褉芯屑械	0.000271	0.061875	0.000017
泻褉芯褏邪	0.000271	0.116534	0.000032
泻褉褍谐	0.000542	0.116534	0.000063
泻褉褍锌	0.001898	0.105361	0.000200
泻褉褍锌邪	0.003253	0.116534	0.000379
泻褉褍锌褟薪芯泄	0.000271	0.116534	0.000032
泻褋褌邪褌懈	0.000542	1.237874	0.000671
泻褍斜懈薪褋泻懈泄	0.000271	0.116534	0.000032
泻褍谢械褕	0.000271	0.040822	0.000011
泻褍谢懈薪邪褉	0.000271	1.386294	0.000376
泻褍谢懈薪邪褉懈褟	0.000813	0.094311	0.000077
泻褍谢懈薪邪褉薪褘泄	0.001626	0.000000	0.000000
泻褍谢懈褔	0.001626	0.040822	0.000066
泻褍褉写褋泻懈泄	0.000271	0.116534	0.000032
泻褍褉懈薪褘泄	0.005150	0.094311	0.000486
泻褍褉懈褑邪	0.001084	0.040822	0.000044
泻褍褉泻褍屑邪	0.000542	2.040221	0.001106
泻褍褉芯褔泻邪	0.000271	0.116534	0.000032
泻褍褉褌懈蟹邪薪泻邪	0.000271	2.995732	0.000812
泻褍褋泻褍褋	0.000271	0.040822	0.000011
泻褍褋芯褔械泻	0.000271	1.078810	0.000292
泻褍褏薪褟	0.002169	0.040822	0.000089
谢邪胁邪褕	0.001626	0.040822	0.000066
谢邪胁褉芯胁褘泄	0.000542	1.139434	0.000618
谢邪谐屑邪薪	0.000271	0.040822	0.000011
谢邪泻芯屑褋褌胁芯	0.000271	0.116534	0.000032
谢邪锌褕邪	0.000542	0.040822	0.000022
谢邪褌褘褕褋泻懈泄	0.000271	0.116534	0.000032
谢械谐泻芯	0.001626	0.116534	0.000190
谢械泻芯	0.000271	2.525729	0.000685
谢械锌褢褕泻邪	0.000813	0.040822	0.000033
谢械褌薪懈泄	0.000542	0.040822	0.000022
谢械褌芯	0.001898	0.116534	0.000221
谢械褔芯	0.000271	0.040822	0.000011
谢懈谐邪	0.000813	0.116534	0.000095
谢懈泻褢褉	0.000271	0.040822	0.000011
谢懈屑芯薪	0.001355	0.891598	0.001208
谢懈屑芯薪邪写	0.000542	0.040822	0.000022
谢懈屑芯薪薪褘泄	0.000271	0.713350	0.000193
谢懈褋褌	0.000542	0.843970	0.000458
谢懈褌芯胁褋泻	0.000271	0.127833	0.000035
谢懈褌芯胁褋泻懈泄	0.000271	0.116534	0.000032
谢懈褕薪懈泄	0.000271	1.560648	0.000423
谢芯卸泻邪	0.000271	1.897120	0.000514
谢芯卸薪褘泄	0.000271	3.218876	0.000873
谢芯锌薪褍褌褜	0.000271	2.407946	0.000653
谢褍泻	0.001084	0.301105	0.000326
谢褞斜懈屑褘泄	0.002711	0.116534	0.000316
谢褞斜懈褌械谢褜	0.000271	1.386294	0.000376
谢褞斜懈褌褜	0.000271	0.755023	0.000205
谢褞斜芯胁褜	0.000542	0.105361	0.000057
谢褞斜芯泄	0.000271	0.094311	0.000026
谢褞写屑懈谢邪	0.000271	1.771957	0.000480
谢褢谐泻懈泄	0.001355	0.094311	0.000128
谢褢写	0.000271	0.116534	0.000032
屑邪胁蟹芯谢械泄	0.000271	2.525729	0.000685
屑邪谐褉懈斜	0.000271	0.116534	0.000032
屑邪泄	0.000542	0.116534	0.000063
屑邪泄芯薪械蟹	0.000271	0.116534	0.000032
屑邪泻邪褉芯薪薪褘泄	0.000271	0.116534	0.000032
屑邪泻邪褉芯薪褘	0.000271	0.040822	0.000011
屑邪泻褋懈屑邪谢褜薪芯	0.000271	2.040221	0.000553
屑邪泻褋懈屑褍屑	0.000271	2.407946	0.000653
屑邪谢邪蟹懈泄褋泻懈泄	0.000271	0.116534	0.000032
屑邪屑邪	0.000271	1.469676	0.000398
屑邪薪薪懈泻	0.000271	0.040822	0.000011
屑邪薪薪褘泄	0.000542	1.609438	0.000873
屑邪薪褋邪褉写邪	0.000271	0.755023	0.000205
屑邪薪褌邪	0.000271	0.116534	0.000032
屑邪薪褢胁褉	0.000271	0.116534	0.000032
屑邪褉邪褎芯薪	0.000813	0.116534	0.000095
屑邪褉谐邪褉懈薪	0.000542	1.609438	0.000873
屑邪褉懈薪邪写	0.003253	0.040822	0.000133
屑邪褉懈薪芯胁邪褌褜	0.000271	0.116534	0.000032
屑邪褉屑械谢邪写	0.000271	0.040822	0.000011
屑邪褉芯泻泻邪薪褋泻懈泄	0.000271	0.116534	0.000032
屑邪褉褌	0.001626	0.105361	0.000171
屑邪褋泻邪褉锌芯薪	0.000271	0.040822	0.000011
屑邪褋谢械薪懈褑邪	0.000813	0.040822	0.000033
屑邪褋谢械薪懈褔薪褘泄	0.000271	0.116534	0.000032
屑邪褋谢懈薪邪	0.000542	1.966113	0.001066
屑邪褋谢芯	0.011927	0.105361	0.001257
屑邪褋褌械褉	0.002440	0.116534	0.000284
屑邪褋褌懈泻邪	0.000542	0.040822	0.000022
屑邪褎褎懈薪邪	0.000271	0.116534	0.000032
屑邪褏械械胁褗	0.001084	0.116534	0.000126
屑邪褕懈薪邪	0.000271	2.207275	0.000598
屑械写懈邪褎芯褉褌	0.000813	0.000000	0.000000
屑械写芯胁褘泄	0.000271	0.116534	0.000032
屑械泻褋懈泻邪薪褋泻懈泄	0.000271	0.116534	0.000032
屑械薪褞	0.000271	0.116534	0.000032
屑械薪褟褌褜褋褟	0.000271	0.116534	0.000032
屑械褉邪	0.000271	1.832581	0.000497
屑械褋褟褑	0.000271	1.660731	0.000450
屑械褔褌邪	0.000813	0.040822	0.000033
屑懈写懈褟	0.000271	0.040822	0.000011
屑懈泻褉芯胁芯谢薪芯胁泻邪	0.000271	0.105361	0.000029
屑懈谢褜褟	0.000271	0.116534	0.000032
屑懈薪懈屑褍屑	0.000542	1.237874	0.000671
屑懈芯	0.000271	0.116534	0.000032
屑懈褉	0.000542	0.105361	0.000057
屑懈褉芯胁芯泄	0.000271	0.116534	0.000032
屑懈褋芯	0.000271	0.040822	0.000011
屑懈褋褌械褉懈褟	0.000271	0.116534	0.000032
屑懈褋褌褉邪谢褜	0.001898	0.116534	0.000221
屑屑屑屑屑屑屑屑	0.000271	2.659260	0.000721
屑薪芯谐懈械	0.000271	1.309333	0.000355
屑薪芯谐芯	0.000542	0.776529	0.000421
屑薪芯谐芯褋褌褉邪写邪谢褜薪褘泄	0.000271	2.407946	0.000653
屑薪芯谐芯褔懈褋谢械薪薪褘泄	0.000271	2.302585	0.000624
屑薪芯卸械褋褌胁芯	0.000271	0.040822	0.000011
屑芯泄	0.002982	0.083382	0.000249
屑芯谢写邪胁褋泻懈泄	0.000271	0.116534	0.000032
屑芯谢薪懈械薪芯褋薪芯	0.000271	2.407946	0.000653
屑芯谢芯泻芯	0.004879	0.083382	0.000407
屑芯谢芯褔薪褘泄	0.000813	0.040822	0.000033
屑芯屑械薪褌	0.000813	0.105361	0.000086
屑芯薪谐芯谢褜褋泻懈泄	0.000271	0.116534	0.000032
屑芯褉械	0.000271	0.116534	0.000032
屑芯褉械锌褉芯写褍泻褌	0.003524	0.040822	0.000144
屑芯褉泻芯胁褜	0.001355	0.040822	0.000055
屑芯褉芯卸械薪芯械	0.000813	0.040822	0.000033
屑芯褉褋	0.000542	0.040822	0.000022
屑芯褋泻胁邪	0.000271	2.120264	0.000575
屑芯褋泻芯胁褋泻懈泄	0.000271	2.525729	0.000685
屑芯褌芯褉	0.000271	0.116534	0.000032
屑芯褏懈褌褘泄	0.000271	0.040822	0.000011
屑芯褔褜	0.001084	0.000000	0.000000
屑褍卸	0.000542	0.867501	0.000470
屑褍卸薪懈薪	0.000271	2.525729	0.000685
屑褍卸褋泻芯泄	0.000271	0.127833	0.000035
屑褍卸褔懈薪邪	0.000542	0.116534	0.000063
屑褍泻邪	0.005422	0.248461	0.001347
屑褍谢褜褌懈胁邪褉泻邪	0.011385	0.116534	0.001327
屑褍谢褜褌懈锌械泻邪褉褜	0.000813	0.116534	0.000095
屑褍褉屑邪薪褋泻	0.000271	2.995732	0.000812
屑褍褋褋	0.000271	0.040822	0.000011
屑褍褋褋邪	0.000813	0.040822	0.000033
屑褍褔薪芯泄	0.000271	0.116534	0.000032
屑褞褋谢懈	0.000542	0.116534	0.000063
屑褟谐泻懈泄	0.000271	0.755023	0.000205
屑褟褋薪芯泄	0.002982	0.040822	0.000122
屑褟褋芯	0.006777	0.040822	0.000277
薪邪斜芯褉	0.000542	1.660731	0.000900
薪邪蟹邪写	0.000271	0.967584	0.000262
薪邪蟹胁邪薪懈械	0.000542	0.562119	0.000305
薪邪蟹薪邪褔械薪懈械	0.000271	0.116534	0.000032
薪邪泄褌懈	0.000813	0.446287	0.000363
薪邪泻芯薪械褑	0.000542	1.609438	0.000873
薪邪谢懈胁泻邪	0.000271	0.040822	0.000011
薪邪屑邪蟹泻邪	0.000271	3.506558	0.000951
薪邪屑邪蟹褘胁邪谢泻邪	0.000271	3.912023	0.001060
薪邪锌械褔邪褌邪褌褜	0.000271	2.407946	0.000653
薪邪锌懈褌芯泻	0.001898	0.040822	0.000077
薪邪锌芯谢械芯薪	0.000542	2.659260	0.001442
薪邪锌芯屑懈薪邪褌褜	0.000271	2.120264	0.000575
薪邪褉芯写	0.000271	2.120264	0.000575
薪邪褋泻芯谢褜泻芯	0.000813	1.427116	0.001161
薪邪褋谢邪写懈褌褜褋褟	0.000271	2.120264	0.000575
薪邪褋褌芯泄泻邪	0.000271	0.040822	0.000011
薪邪褋褌芯褟褖懈泄	0.000271	1.108663	0.000301
薪邪褋褌褉芯械薪懈械	0.000271	0.116534	0.000032
薪邪褋褘褖械薪薪褘泄	0.000271	1.609438	0.000436
薪邪褑懈芯薪邪谢褜薪褘泄	0.000271	0.116534	0.000032
薪邪褔邪谢芯	0.000271	1.514128	0.000410
薪邪褔懈薪泻邪	0.001084	0.040822	0.000044
薪邪褕	0.000813	0.040822	0.000033
薪械斜褘谢懈褑邪	0.000271	2.407946	0.000653
薪械胁械褉芯褟褌薪芯	0.000271	1.386294	0.000376
薪械胁芯蟹屑芯卸薪芯	0.000271	1.347074	0.000365
薪械胁芯谢褜薪芯	0.000271	2.525729	0.000685
薪械写械谢褟	0.002982	0.051293	0.000153
薪械卸薪褘泄	0.001626	0.094311	0.000153
薪械蟹邪屑械写谢懈褌械谢褜薪芯	0.000271	2.813411	0.000763
薪械屑械褑泻懈泄	0.000271	0.116534	0.000032
薪械芯卸懈写邪薪薪褘泄	0.000271	0.116534	0.000032
薪械锌芯胁褌芯褉懈屑褘泄	0.000271	2.813411	0.000763
薪械锌褉械屑械薪薪芯	0.000271	1.832581	0.000497
薪械褋泻芯谢褜泻芯	0.000542	0.843970	0.000458
薪械褋谢邪写泻懈泄	0.000271	0.116534	0.000032
薪懈斜褘褌褜	0.000271	1.832581	0.000497
薪懈泻邪泻芯泄	0.000271	1.203973	0.000326
薪懈泻褌芯	0.000271	1.427116	0.000387
薪懈薪邪	0.001084	1.078810	0.001170
薪泻	0.000271	1.771957	0.000480
薪芯胁芯谐芯写薪懈泄	0.005964	0.040822	0.000243
薪芯胁芯褋褌褜	0.000271	0.061875	0.000017
薪芯胁褘泄	0.003795	0.030459	0.000116
薪芯褉胁械谐懈褟	0.000271	2.995732	0.000812
薪芯褉胁械卸褋泻懈泄	0.000271	0.116534	0.000032
薪褜褞	0.000271	2.207275	0.000598
薪褟屑泻邪	0.000813	2.659260	0.002163
芯斜械写	0.000813	0.105361	0.000086
芯斜械蟹褜褟薪邪	0.000271	0.116534	0.000032
芯斜械蟹褜褟薪懈泄	0.000271	2.407946	0.000653
芯斜谢邪写邪褌褜	0.000271	1.660731	0.000450
芯斜芯卸邪褌褜	0.000271	1.386294	0.000376
芯斜褉邪蟹芯胁邪褌褜	0.000271	2.995732	0.000812
芯斜褖邪褌褜褋褟	0.000271	0.040822	0.000011
芯斜褘褔薪褘泄	0.000271	1.386294	0.000376
芯斜褟蟹邪褌褜	0.000271	2.407946	0.000653
芯胁芯褖	0.005693	0.094311	0.000537
芯胁芯褖薪芯泄	0.002440	0.040822	0.000100
芯胁褋褟薪褘泄	0.000271	0.105361	0.000029
芯谐薪械薪薪褘泄	0.000271	0.116534	0.000032
芯谐芯薪褜	0.000271	0.094311	0.000026
芯谐褉芯屑薪褘泄	0.000271	0.867501	0.000235
芯谐褍褉械褑	0.001084	0.116534	0.000126
芯泻邪蟹邪褌褜褋褟	0.000271	1.514128	0.000410
芯泻褉芯褕泻邪	0.000813	0.040822	0.000033
芯泻褌褟斜褉褜	0.000542	0.562119	0.000305
芯谢邪写褜褟	0.000813	0.040822	0.000033
芯谢械泄薪芯泄	0.001084	0.116534	0.000126
芯谢械泄薪褘泄	0.001084	0.116534	0.000126
芯谢懈胁泻芯胁褘泄	0.001084	0.544727	0.000591
芯谢褟	0.000271	2.120264	0.000575
芯屑谢械褌	0.000271	0.040822	0.000011
芯锌邪褉邪	0.000271	0.040822	0.000011
芯锌械谢懈泻	0.000271	3.912023	0.001060
芯锌褉芯斜芯胁邪褌褜	0.000271	2.120264	0.000575
芯锌褉芯褋	0.000271	0.061875	0.000017
芯褉械褏	0.000542	0.776529	0.000421
芯褉懈谐懈薪邪谢	0.000271	1.832581	0.000497
芯褋械薪薪懈泄	0.001084	0.051293	0.000056
芯褋械薪褜	0.002711	0.105361	0.000286
芯褋薪芯胁薪褘泄	0.000271	0.040822	0.000011
芯褋褌邪胁邪褌褜褋褟	0.000271	0.116534	0.000032
芯褌胁械褌	0.000542	0.000000	0.000000
芯褌胁械褌懈褌褜	0.000271	0.051293	0.000014
芯褌胁械褌褋褌胁械薪薪芯褋褌褜	0.000271	2.120264	0.000575
芯褌泻褉褘褌懈械	0.000271	2.120264	0.000575
芯褌泻褉褘褌褘泄	0.000542	0.105361	0.000057
芯褌屑械薪懈褌褜	0.000271	0.040822	0.000011
芯褌褋褍褌褋褌胁懈械	0.000271	2.302585	0.000624
芯褌褋褍褌褋褌胁芯胁邪褌褜	0.000271	2.525729	0.000685
芯褏谢邪写懈褌褜	0.000271	0.116534	0.000032
芯褔械褉械写褜	0.000542	1.771957	0.000961
锌邪泻械褌懈泻	0.000271	0.105361	0.000029
锌邪谢芯褔泻邪	0.000542	0.040822	0.000022
锌邪薪懈褉芯胁泻邪	0.002169	0.116534	0.000253
锌邪褉邪	0.000271	0.116534	0.000032
锌邪褉邪写	0.001898	0.116534	0.000221
锌邪褉邪屑械褌褉	0.000271	3.506558	0.000951
锌邪褉懈卸褋泻懈泄	0.000271	3.218876	0.000873
锌邪褉芯胁邪褉泻邪	0.002440	0.105361	0.000257
锌邪褉芯谢褜	0.000271	0.020203	0.000005
锌邪褋褌邪	0.001355	0.040822	0.000055
锌邪褋褌褉芯屑邪	0.000271	0.040822	0.000011
锌邪褋褏邪	0.000542	0.040822	0.000022
锌邪褋褏邪谢褜薪褘泄	0.000813	0.116534	0.000095
锌邪褌械薪褌	0.000271	2.525729	0.000685
锌邪褕褌械褌	0.001084	0.040822	0.000044
锌邪褕褌械褌懈泻	0.000271	3.912023	0.001060
锌械泻邪褉褜	0.000271	0.127833	0.000035
锌械泻谢芯	0.000271	2.525729	0.000685
锌械谢褜屑械薪褜	0.000271	0.116534	0.000032
锌械褉胁芯泻谢邪褋褋薪懈泻	0.000271	2.407946	0.000653
锌械褉胁褘泄	0.001084	0.040822	0.000044
锌械褉械胁芯褉芯褌	0.000271	3.506558	0.000951
锌械褉械泄褌懈	0.000271	0.040822	0.000011
锌械褉械泻褍褋	0.000542	0.116534	0.000063
锌械褉械褑	0.002440	0.040822	0.000100
锌械褉懈芯写	0.000271	2.207275	0.000598
锌械褉褋芯薪邪	0.000271	0.116534	0.000032
锌械褉褍邪薪褋泻懈泄	0.000271	0.116534	0.000032
锌械褋芯褔薪褘泄	0.000813	0.105361	0.000086
锌械褌械谢懈薪泻	0.000271	0.127833	0.000035
锌械褌褉褍褕泻邪	0.000542	0.673345	0.000365
锌械褔械薪懈械	0.002440	0.040822	0.000100
锌械褔褜	0.000271	0.116534	0.000032
锌械褔褢薪芯褔薪褘泄	0.000271	0.040822	0.000011
锌懈胁芯	0.000271	0.116534	0.000032
锌懈泻邪薪褌	0.000271	0.127833	0.000035
锌懈泻薪懈泻	0.001084	0.105361	0.000114
锌懈锌械褑	0.000271	2.659260	0.000721
锌懈褉	0.000271	0.116534	0.000032
锌懈褉芯谐	0.004608	0.040822	0.000188
锌懈褉芯卸薪芯械	0.000542	0.040822	0.000022
锌懈褉芯卸芯泻	0.000271	0.040822	0.000011
锌懈褌邪薪懈械	0.001355	0.094311	0.000128
锌懈褌邪褌械谢褜薪褘泄	0.000271	2.525729	0.000685
锌懈褑褑邪	0.000542	0.040822	0.000022
锌谢邪胁谢械薪褘泄	0.000542	1.237874	0.000671
锌谢邪屑褟	0.000271	0.116534	0.000032
锌谢械械褉	0.000271	2.813411	0.000763
锌谢懈褌邪	0.001084	0.116534	0.000126
锌谢芯胁	0.000271	0.116534	0.000032
锌谢芯写	0.000271	0.116534	0.000032
锌芯斜芯褟褌褜褋褟	0.000271	2.995732	0.000812
锌芯胁邪褉	0.000271	1.139434	0.000309
锌芯胁邪褉懈褌褜	0.000271	3.218876	0.000873
锌芯胁邪褉褢薪芯泻	0.001626	0.000000	0.000000
锌芯胁械褋懈褌褜	0.000271	2.407946	0.000653
锌芯胁懈写谢芯	0.000271	0.040822	0.000011
锌芯胁褌芯褉懈褌褜	0.000271	2.040221	0.000553
锌芯写邪褉芯泻	0.000271	0.116534	0.000032
锌芯写械谢懈褌褜褋褟	0.001084	0.400478	0.000434
锌芯写泻褍锌懈褌褜	0.000271	2.040221	0.000553
锌芯写谢懈胁	0.000271	0.116534	0.000032
锌芯写谢懈胁泻邪	0.000271	0.040822	0.000011
锌芯写芯斜薪褘泄	0.000271	1.427116	0.000387
锌芯写锌懈褋邪褌褜褋褟	0.000813	0.040822	0.000033
锌芯写褉褍谐邪	0.000271	2.525729	0.000685
锌芯械写懈薪芯泻	0.003795	0.116534	0.000442
锌芯蟹邪懈屑褋褌胁芯胁邪褌褜	0.000271	2.995732	0.000812
锌芯蟹写褉邪胁懈褌褜	0.000271	0.116534	0.000032
锌芯蟹写褉邪胁谢褟褌褜	0.000271	2.207275	0.000598
锌芯懈褋泻	0.000542	0.051293	0.000028
锌芯泻谢芯薪懈褌褜褋褟	0.000271	3.506558	0.000951
锌芯泻芯谢械薪懈械	0.000271	2.302585	0.000624
锌芯谢写薪懈泻	0.000542	0.116534	0.000063
锌芯谢械蟹薪芯	0.000271	0.116534	0.000032
锌芯谢械蟹薪褘泄	0.000542	1.427116	0.000774
锌芯谢懈褌懈泻邪	0.000271	0.040822	0.000011
锌芯谢薪褘泄	0.000271	1.237874	0.000336
锌芯谢芯胁懈薪邪	0.002169	0.105361	0.000228
锌芯谢褍褔邪褌褜	0.000542	0.040822	0.000022
锌芯谢褍褔邪褌褜褋褟	0.001084	0.328504	0.000356
锌芯谢褍褔懈褌褜	0.000271	1.237874	0.000336
锌芯谢褜蟹邪	0.001626	0.116534	0.000190
锌芯谢褜褋泻懈泄	0.000271	0.116534	0.000032
锌芯屑邪写泻邪	0.000813	0.040822	0.000033
锌芯屑懈写芯褉	0.000542	0.116534	0.000063
锌芯屑懈写芯褉泻	0.000271	0.127833	0.000035
锌芯屑芯褖薪懈褑邪	0.000271	2.525729	0.000685
锌芯薪邪写芯斜懈褌褜褋褟	0.000271	2.302585	0.000624
锌芯薪懈屑邪褌褜	0.000271	2.207275	0.000598
锌芯薪褉邪胁懈褌褜褋褟	0.000271	0.040822	0.000011
锌芯薪褔懈泻	0.000542	0.040822	0.000022
锌芯锌褉芯斜芯胁邪褌褜	0.000542	0.248461	0.000135
锌芯褉邪	0.000271	0.105361	0.000029
锌芯褉邪写芯胁邪褌褜	0.000271	1.309333	0.000355
锌芯褉懈褋褌褘泄	0.000542	1.897120	0.001029
锌芯褉芯褕芯泻	0.001084	0.916291	0.000994
锌芯褉褌褍谐邪谢褜褋泻懈泄	0.000271	0.116534	0.000032
锌芯褋械褖邪褌褜	0.000271	0.061875	0.000017
锌芯褋谢械写薪懈泄	0.000271	1.272966	0.000345
锌芯褋褌	0.001355	0.105361	0.000143
锌芯褋褌薪褘泄	0.000813	0.040822	0.000033
锌芯褋褌芯褟薪薪芯	0.000271	0.040822	0.000011
锌芯褋褌褉芯懈褌褜	0.000271	0.105361	0.000029
锌芯褋褍写邪	0.000542	0.094311	0.000051
锌芯褌褉褟褋邪褌褜	0.000271	1.272966	0.000345
锌芯褌褉褟褋邪褞褖械	0.000271	1.560648	0.000423
锌芯褌褉褟褋褌懈	0.000542	3.506558	0.001901
锌芯褔械屑褍	0.000271	1.203973	0.000326
锌芯褔褌邪	0.000271	0.040822	0.000011
锌芯褔褌懈	0.000271	1.021651	0.000277
锌芯褕邪谐芯胁褘泄	0.000542	0.040822	0.000022
锌芯褟胁懈褌褜褋褟	0.000271	1.771957	0.000480
锌芯褟褋	0.000271	3.506558	0.000951
锌褉邪胁写邪	0.000271	1.139434	0.000309
锌褉邪胁懈谢褜薪芯	0.000542	2.040221	0.001106
锌褉邪谐邪	0.000271	2.525729	0.000685
锌褉邪蟹写薪懈泻	0.000271	0.105361	0.000029
锌褉邪蟹写薪懈褔薪芯	0.000271	0.116534	0.000032
锌褉邪蟹写薪懈褔薪褘泄	0.000542	0.105361	0.000057
锌褉邪泻褌懈泻褍屑	0.000271	0.116534	0.000032
锌褉械胁芯褋褏芯写薪褘泄	0.000542	0.116534	0.000063
锌褉械胁褉邪褖械薪懈械	0.000271	0.116534	0.000032
锌褉械写谢邪谐邪褌褜	0.000813	0.693147	0.000564
锌褉械写褋褌邪胁懈褌褜	0.000271	1.347074	0.000365
锌褉械褋薪褘泄	0.000271	0.116534	0.000032
锌褉懈斜谢懈蟹懈褌褜	0.000271	2.407946	0.000653
锌褉懈谐芯褌芯胁懈褌褜	0.002169	0.083382	0.000181
锌褉懈谐芯褌芯胁谢械薪懈械	0.001626	0.040822	0.000066
锌褉懈写邪胁邪褌褜	0.000271	2.040221	0.000553
锌褉懈写褍屑邪褌褜	0.000271	1.237874	0.000336
锌褉懈蟹	0.000271	0.040822	0.000011
锌褉懈蟹薪邪薪懈械	0.000271	0.116534	0.000032
锌褉懈薪械褋褌懈	0.000271	2.525729	0.000685
锌褉懈薪芯褋懈褌褜	0.000271	2.120264	0.000575
锌褉懈锌褉邪胁邪	0.000271	0.040822	0.000011
锌褉懈褉芯写邪	0.000542	0.105361	0.000057
锌褉懈褋褌褍锌懈褌褜	0.000271	0.040822	0.000011
锌褉芯斜芯胁邪褌褜	0.000542	0.843970	0.000458
锌褉芯胁械褉懈褌褜	0.002169	0.116534	0.000253
锌褉芯胁械褋褌懈	0.001084	0.116534	0.000126
锌褉芯胁芯写懈褌褜	0.000271	0.040822	0.000011
锌褉芯胁芯卸邪褌褜	0.000271	0.116534	0.000032
锌褉芯写邪胁邪褌褜	0.000271	2.302585	0.000624
锌褉芯写褍泻褌	0.000813	0.072571	0.000059
锌褉芯械泻褌	0.000542	0.051293	0.000028
锌褉芯懈蟹胁械褋褌懈	0.000271	1.966113	0.000533
锌褉芯褋懈褌褜	0.000542	0.776529	0.000421
锌褉芯褋屑芯褌褉	0.000271	0.274437	0.000074
锌褉芯褋褌芯	0.002440	0.083382	0.000203
锌褉芯褋褌芯泄	0.000813	0.301105	0.000245
锌褉芯褋褌芯泻胁邪褕邪	0.000271	0.040822	0.000011
锌褉芯褋褌芯褌邪	0.000271	1.714798	0.000465
锌褉芯褋褜斜邪	0.000542	2.120264	0.001150
锌褉芯褎懈谢褜	0.000271	0.040822	0.000011
锌褉芯褔械褋褌褜	0.000271	2.302585	0.000624
锌褉芯褔懈褌邪褌褜	0.000271	1.832581	0.000497
锌褉褟屑芯	0.000271	0.040822	0.000011
锌褉褟薪懈泻	0.000542	0.040822	0.000022
锌褉褟薪懈褔薪褘泄	0.000271	0.116534	0.000032
锌褌懈褑邪	0.005150	0.116534	0.000600
锌褌懈褔懈泄	0.000542	1.771957	0.000961
锌褍斜谢懈泻芯胁邪褌褜褋褟	0.000271	2.302585	0.000624
锌褍写懈薪谐	0.000813	0.040822	0.000033
锌褍薪褕	0.000271	0.040822	0.000011
锌褍褌械褕械褋褌胁懈械	0.000542	0.116534	0.000063
锌褍褌褜	0.000271	0.116534	0.000032
锌褕械薪懈褔薪褘泄	0.005422	0.287682	0.001560
锌褘褕泻邪	0.000271	0.040822	0.000011
锌褘褕薪褘泄	0.000271	2.120264	0.000575
锌褞褉械	0.001084	0.040822	0.000044
褉邪斜芯褌邪	0.000271	1.237874	0.000336
褉邪胁薪芯	0.000271	2.120264	0.000575
褉邪谐褍	0.000271	0.116534	0.000032
褉邪蟹	0.000813	0.356675	0.000290
褉邪蟹胁械褉薪褍褌褜	0.000271	0.116534	0.000032
褉邪蟹写械谢褜薪褘泄	0.000271	0.116534	0.000032
褉邪蟹屑械褋褌懈褌褜	0.000542	1.714798	0.000930
褉邪蟹薪芯芯斜褉邪蟹懈械	0.000271	2.525729	0.000685
褉邪蟹薪褘泄	0.000271	0.094311	0.000026
褉邪蟹褉褘褏谢懈褌械谢褜	0.001084	1.237874	0.001342
褉邪屑泻邪	0.000271	1.832581	0.000497
褉邪薪械械	0.000271	2.407946	0.000653
褉邪褋泻褉褘褌褜	0.000271	2.813411	0.000763
褉邪褋褋泻邪蟹褘胁邪褌褜	0.000271	2.120264	0.000575
褉邪褋褋芯谢褜薪懈泻	0.000813	0.040822	0.000033
褉邪褋褋褘谢泻邪	0.000271	0.061875	0.000017
褉邪褋褌懈褌械谢褜薪褘泄	0.000542	0.223144	0.000121
褉械斜褢薪芯泻	0.000542	0.094311	0.000051
褉械胁芯谢褞褑懈芯薪薪褘泄	0.000271	3.218876	0.000873
褉械谐懈褋褌褉邪褑懈褟	0.000813	0.000000	0.000000
褉械写邪泻褌芯褉	0.000542	2.407946	0.001305
褉械蟹褍谢褜褌邪褌	0.000542	0.820981	0.000445
褉械泄褌懈薪谐	0.000271	0.235722	0.000064
褉械泻谢邪屑邪	0.000271	2.813411	0.000763
褉械锌褔邪褌褘泄	0.000542	0.430783	0.000234
褉械褋褌芯褉邪薪	0.000542	1.386294	0.000752
褉械褋褌芯褉邪薪薪褘泄	0.000271	3.218876	0.000873
褉械褑械锌褌	0.029547	0.040822	0.001206
褉械褕懈褌褜	0.000542	0.693147	0.000376
褉懈褋	0.002982	0.040822	0.000122
褉懈褌屑	0.000271	0.116534	0.000032
褉芯谐邪谢懈泻	0.000271	0.040822	0.000011
褉芯写	0.000542	1.832581	0.000994
褉芯写懈褌械谢褜	0.000271	1.966113	0.000533
褉芯写薪褘泄	0.000271	0.116534	0.000032
褉芯卸写械薪懈械	0.000271	0.105361	0.000029
褉芯卸写械褋褌胁芯	0.000271	0.116534	0.000032
褉芯谢谢	0.000542	0.040822	0.000022
褉芯谢谢褌芯薪	0.000271	0.116534	0.000032
褉芯屑	0.000271	0.040822	0.000011
褉芯褌	0.000271	1.427116	0.000387
褉褍斜褉懈泻邪褌芯褉	0.000271	0.051293	0.000014
褉褍谐褍胁邪褔泻邪	0.000813	2.659260	0.002163
褉褍写褜泻芯胁邪	0.000271	2.995732	0.000812
褉褍谢械褌	0.002982	0.040822	0.000122
褉褍屑褘薪褋泻懈泄	0.000271	0.116534	0.000032
褉褍屑褟薪褘泄	0.000271	0.116534	0.000032
褉褍薪械褌	0.000271	0.020203	0.000005
褉褍褋褋泻懈泄	0.000271	0.105361	0.000029
褉褘斜邪	0.006777	0.040822	0.000277
褉褘斜薪褘泄	0.002711	0.105361	0.000286
褉褘斜芯谢芯胁薪褘泄	0.000271	2.995732	0.000812
褉褟卸械薪泻邪	0.000271	0.116534	0.000032
褋邪泄褌	0.001898	0.000000	0.000000
褋邪谢邪褌	0.008674	0.040822	0.000354
褋邪谢邪褌薪褘泄	0.000271	0.116534	0.000032
褋邪屑芯谐芯薪	0.000271	0.040822	0.000011
褋邪屑褘泄	0.001626	0.105361	0.000171
褋邪褎	0.000813	0.116534	0.000095
褋邪褎褋械屑邪	0.000271	0.116534	0.000032
褋邪褏邪褉	0.009217	0.105361	0.000971
褋斜懈褌械薪褜	0.000271	0.040822	0.000011
褋胁械卸械褋褌褜	0.000271	0.105361	0.000029
褋胁械泻芯谢褜薪懈泻	0.000542	0.040822	0.000022
褋胁械褌	0.001084	0.116534	0.000126
褋胁械褌邪	0.001084	0.116534	0.000126
褋胁懈薪懈薪	0.001084	0.116534	0.000126
褋胁懈薪懈薪邪	0.000271	0.040822	0.000011
褋胁褢泻谢邪	0.000271	0.040822	0.000011
褋谐褍褋褌懈褌褜	0.000542	1.966113	0.001066
褋谐褍褖褢薪泻邪	0.000271	0.040822	0.000011
褋写械谢邪褌褜	0.000271	0.733969	0.000199
褋械谐芯写薪褟	0.000271	0.843970	0.000229
褋械蟹芯薪	0.000271	0.116534	0.000032
褋械泄褔邪褋	0.000542	0.030459	0.000017
褋械泻褉械褌	0.001355	0.116534	0.000158
褋械谢褜写褜	0.000542	2.040221	0.001106
褋械谢褢写泻邪	0.000271	0.040822	0.000011
褋械屑械泄薪褘泄	0.000271	0.116534	0.000032
褋械屑褜褟	0.001084	0.116534	0.000126
褋械薪褌褟斜褉褜	0.000813	0.673345	0.000548
褋懈写褉	0.000271	0.040822	0.000011
褋懈褉懈泄褋泻懈泄	0.000271	0.116534	0.000032
褋懈褉芯锌	0.000542	0.040822	0.000022
褋懈褋褌械屑邪	0.000271	0.040822	0.000011
褋懈褌懈	0.000271	0.127833	0.000035
褋泻邪蟹邪褌褜	0.001084	0.400478	0.000434
褋泻邪蟹泻邪	0.000542	0.116534	0.000063
褋泻芯胁芯褉芯写邪	0.000271	1.386294	0.000376
褋谢邪写泻懈泄	0.005422	0.040822	0.000221
褋谢邪写泻芯	0.000271	0.116534	0.000032
褋谢械写懈褌褜	0.000271	2.120264	0.000575
褋谢械写褍褞褖懈泄	0.000271	1.386294	0.000376
褋谢懈胁邪	0.000542	2.302585	0.001248
褋谢懈胁芯胁褘泄	0.000271	2.302585	0.000624
褋谢懈胁芯褔薪褘泄	0.009759	0.105361	0.001028
褋谢芯胁芯	0.000271	1.021651	0.000277
褋谢芯泄泻邪	0.000542	0.040822	0.000022
褋谢芯褢薪褘泄	0.001355	0.116534	0.000158
褋谢褍褔邪褌褜褋褟	0.000271	2.525729	0.000685
褋屑械褌邪薪邪	0.001355	0.105361	0.000143
褋屑械褕邪薪薪褘泄	0.000271	0.116534	0.000032
褋屑芯褔褜	0.000271	0.040822	0.000011
褋屑褍蟹懈	0.000813	0.040822	0.000033
褋薪邪褉褍卸懈	0.000271	2.525729	0.000685
褋薪褝泻	0.000271	0.116534	0.000032
褋芯斜懈褉邪褌褜褋褟	0.000271	0.040822	0.000011
褋芯胁械褉褕械薪薪芯	0.000271	1.171183	0.000317
褋芯胁械褉褕械薪褋褌胁芯	0.001355	0.116534	0.000158
褋芯胁械褉褕懈褌褜	0.000271	3.506558	0.000951
褋芯胁械褋褌褜	0.000271	2.813411	0.000763
褋芯胁械褌	0.000271	0.040822	0.000011
褋芯胁械褌芯胁邪褌褜	0.000542	1.139434	0.000618
褋芯谐谢邪褕邪褌褜褋褟	0.000271	0.040822	0.000011
褋芯写邪	0.001626	0.941609	0.001531
褋芯蟹写邪胁邪褌褜	0.000271	0.105361	0.000029
褋芯蟹写邪薪懈械	0.000542	0.261365	0.000142
褋芯泻	0.001084	0.040822	0.000044
褋芯谢械薪懈械	0.000542	0.116534	0.000063
褋芯谢薪械褔薪褘泄	0.000271	0.116534	0.000032
褋芯谢褜	0.004337	0.127833	0.000554
褋芯谢褟薪泻邪	0.002169	0.040822	0.000089
褋芯谢褢薪褘泄	0.000813	0.116534	0.000095
褋芯褉褌懈褉芯胁邪褌褜	0.000271	0.248461	0.000067
褋芯褋褌邪胁懈褌褜	0.000271	0.116534	0.000032
褋芯褍褋	0.004608	0.040822	0.000188
褋芯褏褉邪薪褟褌褜	0.000271	0.040822	0.000011
褋芯褑褋械褌褜	0.000271	0.040822	0.000011
褋芯褔械褌邪薪懈械	0.000271	0.105361	0.000029
褋芯褔薪褘泄	0.000271	0.116534	0.000032
褋锌邪谢褜薪褟	0.000271	0.415515	0.000113
褋锌械褌褜	0.000271	0.116534	0.000032
褋锌械褑懈邪谢褜薪褘泄	0.000271	0.094311	0.000026
褋锌械褑懈褟	0.000271	0.094311	0.000026
褋锌械褑锌褉芯械泻褌	0.008946	0.116534	0.001042
褋锌懈褋芯泻	0.000271	0.116534	0.000032
褋锌芯泻芯泄薪褘泄	0.000271	2.995732	0.000812
褋褉邪胁薪懈褌褜褋褟	0.000271	3.506558	0.000951
褋褉邪蟹褍	0.000542	0.733969	0.000398
褋褉械写懈蟹械屑薪芯屑芯褉褋泻懈泄	0.000271	0.127833	0.000035
褋褌邪褉褘泄	0.000542	0.261365	0.000142
褋褌邪褌褜	0.000271	1.049822	0.000285
褋褌邪褌褜褟	0.000271	0.061875	0.000017
褋褌懈谢褜	0.000542	0.116534	0.000063
褋褌芯泻褌芯薪	0.000271	3.506558	0.000951
褋褌芯谢	0.002169	0.105361	0.000228
褋褌褉邪薪懈褑邪	0.000271	2.525729	0.000685
褋褌褉芯懈褌械谢褜褋褌胁芯	0.000542	0.040822	0.000022
褋褌褉芯懈褌褜	0.000271	0.040822	0.000011
褋褌褉芯泄薪褘泄	0.000271	0.116534	0.000032
褋褍斜锌褉芯写褍泻褌	0.002711	0.116534	0.000316
褋褍写薪褘泄	0.000271	2.995732	0.000812
褋褍锌	0.005693	0.040822	0.000232
褋褍锌械褉斜邪斜褍褕泻邪	0.001084	1.237874	0.001342
褋褍褎谢械	0.001084	0.040822	0.000044
褋褍褏邪褉褜	0.000271	0.040822	0.000011
褋褍褕懈褌褜	0.000542	0.040822	0.000022
褋褔懈褌邪褌褜	0.000271	1.347074	0.000365
褋褗械写邪褌褜	0.000271	2.813411	0.000763
褋褘薪	0.000271	2.120264	0.000575
褋褘褉	0.003253	0.040822	0.000133
褋褘褉薪懈泻	0.000813	0.040822	0.000033
褋褘褉薪褘泄	0.001084	0.040822	0.000044
褋褘褉芯泻	0.000542	3.218876	0.001745
褋褘褌薪褘泄	0.000542	0.105361	0.000057
褋褘褔褍卸薪褘泄	0.000271	0.127833	0.000035
褋褝薪写胁懈褔	0.000271	0.127833	0.000035
褋褞褉锌褉懈蟹	0.000271	0.116534	0.000032
褋褢屑谐邪	0.000271	0.040822	0.000011
褌邪写卸懈泻褋泻懈泄	0.000271	0.116534	0.000032
褌邪泄屑褋	0.000271	2.407946	0.000653
褌邪泄薪邪	0.000813	2.995732	0.002436
褌邪泄褋泻懈泄	0.000271	0.116534	0.000032
褌邪褉褌	0.000271	0.116534	0.000032
褌邪褉褌邪谢械褌泻邪	0.000542	0.040822	0.000022
褌邪褌邪褉褋泻懈泄	0.000271	0.116534	0.000032
褌邪褟褌褜	0.000271	1.514128	0.000410
褌胁芯泄	0.000542	0.116534	0.000063
褌胁芯褉懈褌褜	0.000271	0.116534	0.000032
褌胁芯褉芯谐	0.003253	0.040822	0.000133
褌胁芯褉芯卸薪褘泄	0.001898	0.094311	0.000179
褌胁芯褉芯卸芯泻	0.000271	2.995732	0.000812
褌胁褢褉写褘泄	0.000542	0.544727	0.000295
褌械谢械谐褉邪屑	0.000271	0.040822	0.000011
褌械谢褟褌懈薪邪	0.001084	0.116534	0.000126
褌械锌械褉褜	0.000542	0.916291	0.000497
褌械锌谢芯	0.000271	0.116534	0.000032
褌械褉锌械薪懈械	0.000542	2.302585	0.001248
褌械褉褉懈薪邪	0.000271	0.040822	0.000011
褌械褋褌	0.005964	0.105361	0.000628
褌械褋褌芯	0.002982	0.040822	0.000122
褌械褏薪懈泻邪	0.001355	0.105361	0.000143
褌屑	0.001084	0.127833	0.000139
褌芯谐写邪褕薪懈泄	0.000271	2.407946	0.000653
褌芯屑邪褌薪褘泄	0.000542	1.139434	0.000618
褌芯薪泻懈泄	0.000271	1.309333	0.000355
褌芯薪泻芯褋褌褜	0.000271	2.659260	0.000721
褌芯锌谢褢薪褘泄	0.000271	0.116534	0.000032
褌芯褉褌	0.010572	0.040822	0.000432
褌芯褉褌懈泻	0.000542	1.897120	0.001029
褌褉邪胁邪	0.000271	0.094311	0.000026
褌褉邪写懈褑懈芯薪薪褘泄	0.000271	1.427116	0.000387
褌褉邪写懈褑懈褟	0.001626	0.116534	0.000190
褌褉懈	0.000271	1.272966	0.000345
褌褉懈卸写褘	0.000271	2.302585	0.000624
褌褉褍斜芯褔泻邪	0.000271	0.040822	0.000011
褌褉褢褏谢械褌懈械	0.000271	0.116534	0.000032
褌褍薪械褑	0.000271	0.105361	0.000029
褌褍薪懈褋褋泻懈泄	0.000271	0.116534	0.000032
褌褍褉械褑泻懈泄	0.000271	0.116534	0.000032
褌褘泻胁邪	0.000271	0.040822	0.000011
褌褢褖懈薪	0.000271	0.040822	0.000011
褍斜械写懈褌褜褋褟	0.000271	1.966113	0.000533
褍胁械写芯屑谢械薪懈械	0.000271	0.040822	0.000011
褍写邪褔薪褘泄	0.000271	0.116534	0.000032
褍写懈胁懈褌褜	0.000542	0.116534	0.000063
褍写懈胁谢褟褌褜	0.001084	0.116534	0.000126
褍写芯胁芯谢褜褋褌胁懈械	0.000271	0.116534	0.000032
褍卸	0.000271	0.693147	0.000188
褍卸懈薪	0.001626	0.094311	0.000153
褍蟹斜械泻褋泻懈泄	0.000271	0.116534	0.000032
褍泻褉邪懈薪邪	0.000271	2.813411	0.000763
褍泻褉邪懈薪褋泻懈泄	0.000271	0.116534	0.000032
褍泻褉邪褕械薪懈械	0.002169	0.116534	0.000253
褍泻褉芯锌	0.000542	0.562119	0.000305
褍泻褋褍褋	0.001084	0.562119	0.000610
褍屑芯锌芯屑褉邪褔懈褌械谢褜薪褘泄	0.000271	1.966113	0.000533
褍芯褉褉械薪	0.000271	4.605170	0.001248
褍锌芯褌褉械斜谢械薪懈械	0.000271	0.116534	0.000032
褍褉邪	0.000271	2.120264	0.000575
褍褉邪谢褜褋泻懈泄	0.000271	0.116534	0.000032
褍褉芯卸邪泄	0.000271	0.105361	0.000029
褍褋谢芯胁懈械	0.000271	1.660731	0.000450
褍褋锌械褕薪芯	0.000271	3.506558	0.000951
褍褌泻邪	0.000813	0.116534	0.000095
褍褏芯	0.000271	0.040822	0.000011
褍褔邪褋褌胁芯胁邪褌褜	0.000271	0.040822	0.000011
褍褔械斜薪褘泄	0.000271	2.407946	0.000653
褎邪蟹械薪写邪	0.000271	0.116534	0.000032
褎邪薪褌邪蟹懈褟	0.002169	0.116534	0.000253
褎邪褉褕	0.003524	0.040822	0.000144
褎邪褉褕懈褉芯胁邪薪薪褘泄	0.001626	0.040822	0.000066
褎邪褋芯谢褜	0.000271	0.040822	0.000011
褎械胁褉邪谢褜	0.000542	0.094311	0.000051
褎械泄械褉胁械褉泻	0.000542	0.116534	0.000063
褎懈谐褍褉邪	0.000542	0.116534	0.000063
褎懈薪褋泻懈泄	0.000271	0.116534	0.000032
褎懈褉屑械薪薪褘泄	0.000271	0.116534	0.000032
褎芯薪写褞	0.000271	0.040822	0.000011
褎芯褉屑邪	0.000271	0.105361	0.000029
褎芯褉褍屑	0.000813	0.040822	0.000033
褎芯褉褕屑邪泻	0.000271	0.040822	0.000011
褎褉邪薪褑懈褟	0.000271	0.116534	0.000032
褎褉邪薪褑褍蟹褋泻懈泄	0.000813	0.094311	0.000077
褎褉邪褍	0.001084	0.116534	0.000126
褎褉褍泻褌	0.001084	0.116534	0.000126
褎褉褍泻褌芯胁褘泄	0.002169	0.040822	0.000089
褎褍写	0.000271	0.116534	0.000032
褎褍褉芯褉	0.000271	2.407946	0.000653
褎褍褉褕械褌	0.000271	0.116534	0.000032
褏邪谢胁邪	0.000271	0.040822	0.000011
褏邪褉胁械褋褌褎械褋褌	0.000542	0.116534	0.000063
褏邪褉褔芯	0.000542	0.040822	0.000022
褏邪褕	0.000271	0.040822	0.000011
褏胁邪褌邪褌褜	0.000271	1.966113	0.000533
褏胁芯褉芯褋褌	0.000271	0.040822	0.000011
褏懈薪泻邪谢懈	0.000271	0.116534	0.000032
褏懈褌	0.001898	0.116534	0.000221
褏谢械斜	0.001626	0.040822	0.000066
褏谢械斜芯锌械褔泻邪	0.000271	0.116534	0.000032
褏谢芯锌褜褟	0.000542	0.094311	0.000051
褏芯写懈褌褜	0.000271	1.771957	0.000480
褏芯蟹褟泄泻邪	0.000542	0.116534	0.000063
褏芯谢芯写械褑	0.000271	0.040822	0.000011
褏芯谢芯写懈谢褜薪懈泻	0.000271	1.049822	0.000285
褏芯谢芯写薪芯械	0.000542	0.116534	0.000063
褏芯谢芯写薪褘泄	0.000542	0.116534	0.000063
褏芯褉胁邪褌褋泻懈泄	0.000271	0.116534	0.000032
褏芯褉芯褕懈泄	0.002169	0.040822	0.000089
褏芯褉芯褕芯	0.001355	0.105361	0.000143
褏芯褉褋	0.000271	0.116534	0.000032
褏芯褌械褌褜	0.001084	0.000000	0.000000
褏芯褌械褌褜褋褟	0.000271	1.237874	0.000336
褏褉褍褋褌械褌褜	0.000271	0.713350	0.000193
褏褍屑褍褋邪	0.000271	0.040822	0.000011
褑邪褉褋褌胁芯	0.000271	0.127833	0.000035
褑邪褉褜	0.000271	0.116534	0.000032
褑胁械褌薪芯泄	0.000271	0.040822	0.000011
褑械写褉邪	0.000271	1.832581	0.000497
褑械谢懈泻芯屑	0.000271	3.506558	0.000951
褑械谢褘泄	0.000271	1.714798	0.000465
褑械薪薪褘泄	0.000271	0.040822	0.000011
褑械薪褌褉	0.000271	0.116534	0.000032
褔邪械屑褘泄	0.000271	0.116534	0.000032
褔邪泄	0.000813	0.040822	0.000033
褔邪褋褌芯	0.000542	0.994252	0.000539
褔械斜褍褉械泻	0.001355	0.040822	0.000055
褔械谢芯胁械泻	0.000542	0.916291	0.000497
褔械褉泻懈蟹芯胁褘泄	0.000542	0.116534	0.000063
褔械褋薪芯泻	0.000813	0.314711	0.000256
褔械褋褌薪芯	0.000271	1.203973	0.000326
褔械褋褌薪芯泄	0.000271	0.040822	0.000011
褔械褋褌褜	0.000271	2.659260	0.000721
褔械褔械胁懈褑邪	0.000271	0.040822	0.000011
褔械褕褋泻懈泄	0.000271	0.116534	0.000032
褔懈蟹泻械泄泻	0.001084	0.040822	0.000044
褔懈谢懈泄褋泻懈泄	0.000271	0.116534	0.000032
褔懈锌褋褘	0.000271	0.040822	0.000011
褔懈褋谢芯	0.000271	0.235722	0.000064
褔懈褋褌褘泄	0.000271	2.302585	0.000624
褔褉械蟹胁褘褔邪泄薪芯	0.000271	2.040221	0.000553
褔褍写械褋薪褘泄	0.000542	1.514128	0.000821
褔褍写芯	0.000271	0.116534	0.000032
褔褍写芯屑	0.000271	2.407946	0.000653
褔褍褌褜	0.000271	1.771957	0.000480
褔褢褉薪褘泄	0.001626	0.356675	0.000580
褕邪褉懈泻	0.000271	0.040822	0.000011
褕邪褉谢芯褌泻邪	0.000542	0.040822	0.000022
褕邪褉屑	0.000271	0.116534	0.000032
褕邪褕谢褘泻	0.003524	0.040822	0.000144
褕胁械写褋泻懈泄	0.000271	0.116534	0.000032
褕胁械泄褑邪褉褋泻懈泄	0.000271	0.116534	0.000032
褕械写械胁褉	0.000271	0.116534	0.000032
褕械褎	0.000542	0.127833	0.000069
褕懈泻邪褉薪褘泄	0.000271	2.525729	0.000685
褕懈锌褍褔泻邪	0.000271	0.040822	0.000011
褕懈褉芯泻懈泄	0.000271	0.127833	0.000035
褕泻芯谢邪	0.000271	0.116534	0.000032
褕芯泻	0.000271	2.302585	0.000624
褕芯泻芯谢邪写	0.000271	0.040822	0.000011
褕芯泻芯谢邪写薪褘泄	0.000542	1.427116	0.000774
褕芯褌谢邪薪写褋泻懈泄	0.000271	0.116534	0.000032
褕褌褉褍写械谢褜	0.000271	0.040822	0.000011
褕褌褍泻邪	0.000271	2.120264	0.000575
褕褍褉锌邪	0.000271	0.040822	0.000011
褖械写褉褘泄	0.000271	0.116534	0.000032
褖懈	0.000542	0.040822	0.000022
褝泻芯屑懈谢泻	0.000271	0.127833	0.000035
褝褉泻械褉	0.000271	2.040221	0.000553
褝褋褌芯薪褋泻懈泄	0.000271	0.116534	0.000032
褞斜懈谢械泄	0.000271	2.040221	0.000553
褞谐芯褋谢邪胁褋泻懈泄	0.000271	0.116534	0.000032
褟斜谢芯泻芯	0.000542	1.237874	0.000671
褟斜谢芯褔薪褘泄	0.000542	1.714798	0.000930
褟谐芯写薪褘泄	0.001084	0.105361	0.000114
褟蟹褘泻	0.000271	0.040822	0.000011
褟懈褔薪褘泄	0.000542	0.941609	0.000510
褟泄褑芯	0.005693	0.040822	0.000232
褟薪写械泻褋	0.000271	0.072571	0.000020
褟锌芯薪褋泻懈泄	0.000542	0.051293	0.000028
褟褉泻懈泄	0.000271	0.116534	0.000032
褟褉泻芯	0.000271	0.105361	0.000029
