谢械屑屑邪	TF	IDF	TF-IDF
邪斜褏邪蟹褋泻懈泄	0.000298	0.116534	0.000035
邪胁谐褍褋褌	0.000595	0.843970	0.000502
邪胁褋褌褉邪谢懈泄褋泻懈泄	0.000298	0.116534	0.000035
邪胁褋褌褉懈泄褋泻懈泄	0.000298	0.116534	0.000035
邪胁褌芯泻谢邪胁	0.000298	0.116534	0.000035
邪胁褌芯褉	0.000298	0.040822	0.000012
邪谐褉芯	0.000298	0.116534	0.000035
邪写卸懈泻邪	0.000298	0.040822	0.000012
邪蟹	0.000298	0.127833	0.000038
邪蟹械褉斜邪泄写卸邪薪褋泻懈泄	0.000298	0.116534	0.000035
邪蟹懈邪褌褋泻懈泄	0.000298	0.127833	0.000038
邪泄褉邪薪	0.000298	0.040822	0.000012
邪泻胁邪褌懈泻	0.000893	0.127833	0.000114
邪谢械泻褋械泄	0.000298	0.127833	0.000038
邪谢泻芯谐芯谢褜	0.000893	0.116534	0.000104
邪谢泻芯谐芯谢褜薪褘泄	0.000298	0.116534	0.000035
邪谢褜褟薪褋	0.000298	0.116534	0.000035
邪屑械褉懈泻邪薪褋泻懈泄	0.000298	0.116534	0.000035
邪薪谐谢懈泄褋泻懈泄	0.000298	0.116534	0.000035
邪薪写褉械泄	0.000298	0.127833	0.000038
邪锌锌械褌懈褌薪芯	0.000298	3.506558	0.001043
邪锌褉械谢褜	0.000298	0.544727	0.000162
邪褉邪斜褋泻懈泄	0.000298	0.116534	0.000035
邪褉谐械薪褌懈薪褋泻懈泄	0.000298	0.116534	0.000035
邪褉屑褟薪褋泻懈泄	0.000298	0.116534	0.000035
邪褉芯屑邪褌	0.001785	0.820981	0.001466
邪褉芯屑邪褌薪褘泄	0.000893	0.693147	0.000619
邪褋褋芯褉褌懈	0.000595	0.116534	0.000069
邪褌谢邪薪褌	0.000298	0.116534	0.000035
邪褎谐邪薪褋泻懈泄	0.000298	0.116534	0.000035
邪褎褉懈泻邪薪褋泻懈泄	0.000298	0.116534	0.000035
邪褝褉芯谐褉懈谢褜	0.002975	0.116534	0.000347
斜邪泻谢邪卸邪薪	0.000298	0.040822	0.000012
斜邪谢泻芯薪	0.000298	2.120264	0.000631
斜邪谢褌泻芯屑邪	0.000298	0.127833	0.000038
斜邪薪泻	0.000298	1.966113	0.000585
斜邪褉邪薪懈薪邪	0.001190	0.116534	0.000139
斜邪褋屑邪褌懈	0.000595	0.127833	0.000076
斜邪褋褌褍褉屑	0.000298	0.040822	0.000012
斜邪褋褌褍褉屑邪	0.000298	0.040822	0.000012
斜邪褌芯薪褔懈泻	0.000298	0.127833	0.000038
斜邪褕泻懈褉褋泻懈泄	0.000298	0.116534	0.000035
斜械蟹邪谢泻芯谐芯谢褜薪褘泄	0.000298	0.116534	0.000035
斜械蟹谐谢褞褌械薪芯胁芯械	0.000298	0.116534	0.000035
斜械蟹械	0.001190	0.040822	0.000049
斜械谢械斜械械胁褋泻懈泄	0.000595	0.116534	0.000069
斜械谢芯褉褍褋褋泻懈泄	0.000298	0.116534	0.000035
斜械谢褜谐懈泄褋泻懈泄	0.000298	0.116534	0.000035
斜械褉械屑械薪薪邪褟	0.000298	0.116534	0.000035
斜械褋械写懈薪	0.000298	0.127833	0.000038
斜懈褋泻胁懈褌	0.000595	0.040822	0.000024
斜懈褋泻胁懈褌薪褘泄	0.000893	0.105361	0.000094
斜谢懈蟹泻懈械	0.000298	2.659260	0.000791
斜谢懈蟹泻懈泄	0.000595	0.116534	0.000069
斜谢懈薪	0.003273	0.040822	0.000134
斜谢懈薪褔懈泻	0.000595	1.714798	0.001020
斜谢褞写芯	0.036299	0.040822	0.001482
斜芯斜芯胁褘泄	0.002380	0.116534	0.000277
斜芯谢谐邪褉褋泻懈泄	0.000298	0.116534	0.000035
斜芯谢褜褕芯泄	0.000595	0.094311	0.000056
斜芯褉褖	0.000595	0.040822	0.000024
斜芯褌胁懈薪褜褟	0.000298	0.040822	0.000012
斜褉邪蟹懈谢褜褋泻懈泄	0.000298	0.116534	0.000035
斜褉邪褍蟹械褉	0.000298	0.040822	0.000012
斜褉邪褍薪懈	0.000298	0.040822	0.000012
斜褉械褋褌	0.000298	0.127833	0.000038
斜褉芯泻泻芯谢懈	0.000298	0.040822	0.000012
斜褍卸械薪懈薪邪	0.000298	0.040822	0.000012
斜褍谢芯褔泻邪	0.000893	0.040822	0.000036
斜褍谢褜芯薪	0.003273	0.040822	0.000134
斜褍褉谐械褉	0.000595	0.040822	0.000024
斜褍褉褟褌褋泻懈泄	0.000298	0.116534	0.000035
斜褍褌械褉斜褉芯写	0.001488	0.040822	0.000061
斜褘褋褌褉芯	0.000595	0.094311	0.000056
斜褘褋褌褉褘泄	0.001488	0.094311	0.000140
胁邪卸薪褘泄	0.000298	0.116534	0.000035
胁邪谢谢懈泄褋泻懈泄	0.000298	0.116534	0.000035
胁邪褉械薪懈械	0.000595	0.040822	0.000024
胁邪褉械薪懈泻	0.000298	0.116534	0.000035
胁邪褉懈邪薪褌	0.000298	0.356675	0.000106
胁邪褌褉褍褕泻邪	0.000298	0.040822	0.000012
胁邪褎谢褟	0.000595	0.040822	0.000024
胁邪褕	0.000595	0.000000	0.000000
胁胁芯写懈褌褜	0.000298	0.040822	0.000012
胁写芯褏薪芯胁械薪懈械	0.001785	0.116534	0.000208
胁写芯褏薪芯胁谢褟褌褜褋褟	0.000298	0.116534	0.000035
胁械谐械褌邪褉懈邪薪褋泻懈泄	0.000595	0.116534	0.000069
胁械写褜屑邪	0.000298	4.605170	0.001370
胁械谢懈泻懈泄	0.000298	0.116534	0.000035
胁械薪谐械褉褋泻懈泄	0.000298	0.116534	0.000035
胁械褋械薪薪懈泄	0.000298	0.051293	0.000015
胁械褋薪邪	0.001785	0.116534	0.000208
胁械褌褔懈薪邪	0.000298	0.094311	0.000028
胁械褔械褉懈薪泻邪	0.000298	3.912023	0.001164
胁懈写	0.000298	0.776529	0.000231
胁懈写械芯	0.000595	0.116534	0.000069
胁懈写械芯褉械褑械锌褌	0.000298	0.301105	0.000090
胁懈薪芯	0.000595	0.040822	0.000024
胁泻谢褞褔邪褌褜	0.000298	0.634878	0.000189
胁泻褍褋	0.004165	0.105361	0.000439
胁泻褍褋薪芯	0.001785	0.094311	0.000168
胁泻褍褋薪褘泄	0.005058	0.061875	0.000313
胁谢褞斜懈褌褜	0.000298	0.116534	0.000035
胁薪邪褔邪谢械	0.001190	0.248461	0.000296
胁芯写邪	0.002083	0.094311	0.000196
胁芯蟹懈褌褜褋褟	0.000298	3.912023	0.001164
胁芯泄褌懈	0.000298	0.000000	0.000000
胁芯谢芯胁邪薪	0.000298	0.116534	0.000035
胁芯谢褕械斜薪褘泄	0.000298	0.116534	0.000035
胁芯谢褕械斜褋褌胁芯	0.000298	0.116534	0.000035
胁芯锌褉芯褋	0.000298	0.000000	0.000000
胁芯褋褌芯褔薪褘泄	0.000298	0.127833	0.000038
胁褉械屑褟	0.002678	0.105361	0.000282
胁褋锌芯屑薪懈褌褜	0.000298	0.040822	0.000012
胁褌芯褉芯械	0.000298	0.116534	0.000035
胁褌芯褉芯泄	0.000298	0.116534	0.000035
胁褏芯写	0.000893	0.030459	0.000027
胁褘谐谢褟写械褌褜	0.000298	1.469676	0.000437
胁褘泄褌懈	0.000298	0.040822	0.000012
胁褘锌械褔泻邪	0.006843	0.040822	0.000279
胁褘褋芯泻懈泄	0.000298	2.407946	0.000716
胁褜械褌薪邪屑褋泻懈泄	0.000298	0.116534	0.000035
谐邪胁邪泄褋泻懈泄	0.000298	0.116534	0.000035
谐邪褉邪卸	0.000298	1.078810	0.000321
谐邪褉薪懈褉	0.002083	0.040822	0.000085
谐邪褋锌邪褔芯	0.000298	0.040822	0.000012
谐械芯谐褉邪褎懈褟	0.000298	0.116534	0.000035
谐谢邪胁薪褘泄	0.000298	0.040822	0.000012
谐谢邪蟹褍褉褜	0.000893	0.040822	0.000036
谐谢懈薪褌胁械泄薪	0.000298	0.040822	0.000012
谐芯胁褟写懈薪邪	0.001190	0.116534	0.000139
谐芯写	0.007141	0.083382	0.000595
谐芯谢谢邪薪写褋泻懈泄	0.000298	0.116534	0.000035
谐芯褉芯写	0.000298	0.116534	0.000035
谐芯褉芯褏	0.000298	0.116534	0.000035
谐芯褉褔懈褑邪	0.000893	0.040822	0.000036
谐芯褉褕芯褔械泻	0.000595	0.040822	0.000024
谐芯褉褟褔械械	0.000595	0.116534	0.000069
谐芯褉褟褔懈泄	0.015769	0.105361	0.001661
谐芯褋褌褜	0.000595	0.116534	0.000069
谐芯褌芯胁懈褌褜	0.004463	0.083382	0.000372
谐褉械薪泻邪	0.000595	0.040822	0.000024
谐褉械褔械褋泻懈泄	0.000298	0.116534	0.000035
谐褉械褔泻邪	0.000298	0.040822	0.000012
谐褉懈斜	0.004165	0.040822	0.000170
谐褉懈斜薪芯泄	0.001190	0.040822	0.000049
谐褉懈谢褜	0.002975	0.105361	0.000313
谐褉懈谢褜屑邪薪懈褟	0.000298	0.116534	0.000035
谐褉芯谐	0.000298	0.040822	0.000012
谐褉褍蟹懈薪褋泻懈泄	0.000298	0.116534	0.000035
谐褉褍锌锌邪	0.000298	0.061875	0.000018
谐褍褉屑	0.000298	0.127833	0.000038
谐褍褉屑邪薪懈褟	0.001785	0.116534	0.000208
谐褍褋褜	0.000595	0.105361	0.000063
写邪胁邪褌褜	0.000298	0.040822	0.000012
写邪薪薪褘械	0.000298	0.040822	0.000012
写邪褉	0.000298	0.116534	0.000035
写邪褌邪	0.000595	0.248461	0.000148
写邪褌褋泻懈泄	0.000298	0.116534	0.000035
写邪褌褜	0.000298	0.040822	0.000012
写邪褔薪褘泄	0.000893	0.116534	0.000104
写胁邪	0.000298	0.967584	0.000288
写械泻邪斜褉褜	0.000595	0.597837	0.000356
写械泻芯褉	0.000298	0.127833	0.000038
写械谢邪褌褜	0.001488	0.083382	0.000124
写械谢懈褌褜褋褟	0.000298	0.040822	0.000012
写械谢芯	0.000595	0.105361	0.000063
写械薪褜	0.002083	0.040822	0.000085
写械褋械褉褌	0.005356	0.040822	0.000219
写械褋械褉褌邪褑懈褟	0.000298	0.116534	0.000035
写械褋械褉褌薪褘泄	0.000298	0.116534	0.000035
写卸械屑	0.000298	0.040822	0.000012
写卸械屑邪	0.000298	0.040822	0.000012
写蟹械薪	0.000298	0.116534	0.000035
写懈械褌邪	0.000595	0.094311	0.000056
写懈泻懈泄	0.000893	0.116534	0.000104
写懈锌	0.000298	0.116534	0.000035
写懈褔褜	0.000893	0.116534	0.000104
写薪械胁薪懈泻	0.000298	0.061875	0.000018
写芯斜邪胁懈褌褜	0.000893	0.083382	0.000074
写芯斜邪胁谢械薪懈械	0.000595	0.223144	0.000133
写芯斜邪胁谢褟褌褜	0.000298	0.040822	0.000012
写芯斜邪胁谢褟褌褜褋褟	0.000298	2.813411	0.000837
写芯斜褉芯褎谢芯褌	0.000298	0.127833	0.000038
写芯胁械褉褟褌褜	0.000298	0.116534	0.000035
写芯卸懈写邪褌褜褋褟	0.000298	3.912023	0.001164
写芯屑	0.002975	0.040822	0.000121
写芯屑邪褕薪懈泄	0.004165	0.040822	0.000170
写褉邪泄胁	0.001488	0.127833	0.000190
写褉芯卸卸械胁芯泄	0.002083	0.116534	0.000243
写褉芯卸卸懈	0.001785	0.916291	0.001636
写褉褍谐	0.000893	0.544727	0.000486
写褍薪褟褕邪	0.000298	4.605170	0.001370
写褍褏芯胁泻邪	0.001190	0.105361	0.000125
写褍褕邪	0.000893	0.105361	0.000094
械胁褉械泄褋泻懈泄	0.000298	0.116534	0.000035
械谐懈锌械褌褋泻懈泄	0.000298	0.116534	0.000035
械写懈薪褘泄	0.000298	0.000000	0.000000
械泻芯	0.000298	0.127833	0.000038
卸邪褉械薪褘泄	0.000595	1.272966	0.000757
卸邪褉懈褌褜	0.000298	1.347074	0.000401
卸邪褉泻芯械	0.000893	0.040822	0.000036
卸械谢械	0.000893	0.040822	0.000036
卸械谢褌芯泻	0.000595	1.237874	0.000737
卸械薪褋泻懈泄	0.000595	0.020203	0.000012
卸械薪褖懈薪邪	0.000595	0.061875	0.000037
卸懈蟹薪褜	0.000595	0.040822	0.000024
卸褍谢褜械薪	0.000298	0.040822	0.000012
卸褍褉薪邪谢	0.000298	0.072571	0.000022
卸褞谢褜械薪	0.000298	0.040822	0.000012
卸褞谢褜薪褘泄	0.000298	0.040822	0.000012
蟹邪胁邪褉薪芯泄	0.000595	0.116534	0.000069
蟹邪胁懈褋械褌褜	0.000298	2.120264	0.000631
蟹邪胁褌褉邪泻	0.002678	0.094311	0.000253
蟹邪谐芯褌芯胁泻邪	0.001785	0.040822	0.000073
蟹邪写邪胁邪褌褜	0.000298	0.040822	0.000012
蟹邪泻胁邪褋泻邪	0.000893	0.040822	0.000036
蟹邪泻褉褘褌褘泄	0.000298	0.116534	0.000035
蟹邪泻褍锌泻邪	0.000298	4.605170	0.001370
蟹邪泻褍褋泻邪	0.007736	0.040822	0.000316
蟹邪泻褍褋芯薪褔懈泻	0.000298	0.116534	0.000035
蟹邪泻褍褋芯褔泻邪	0.000298	0.116534	0.000035
蟹邪泻褍褋芯褔薪邪褟	0.002678	0.116534	0.000312
蟹邪泻褍褋芯褔薪褘泄	0.000893	1.660731	0.001482
蟹邪谢懈胁薪芯械	0.000595	0.040822	0.000024
蟹邪屑械褌懈褌褜	0.000298	2.407946	0.000716
蟹邪屑械褔邪褌械谢褜薪褘泄	0.000298	0.713350	0.000212
蟹邪屑芯褉芯蟹泻邪	0.000298	0.105361	0.000031
蟹邪锌邪写	0.000298	0.116534	0.000035
蟹邪锌械泻邪薪泻邪	0.003273	0.040822	0.000134
蟹邪锌褉邪胁泻邪	0.000595	0.040822	0.000024
蟹邪褉械谐懈褋褌褉懈褉芯胁邪褌褜褋褟	0.000595	0.030459	0.000018
蟹邪褋芯谢泻邪	0.000298	0.116534	0.000035
蟹邪褏芯写懈褌褜	0.000298	0.733969	0.000218
蟹邪褟褑	0.000595	0.116534	0.000069
蟹胁邪薪褘泄	0.000298	0.127833	0.000038
蟹胁械蟹写邪	0.000298	0.116534	0.000035
蟹胁褢蟹写薪褘泄	0.000298	0.116534	0.000035
蟹写芯褉芯胁褘泄	0.000595	0.116534	0.000069
蟹械谢械薪褜	0.001190	0.094311	0.000112
蟹械褎懈褉	0.000298	0.040822	0.000012
蟹懈屑邪	0.001785	0.040822	0.000073
蟹懈屑薪懈泄	0.000298	0.051293	0.000015
蟹芯谢芯褌芯泄	0.000298	0.116534	0.000035
懈胁邪薪芯胁	0.000298	0.127833	0.000038
懈写械邪谢褜薪芯	0.000298	1.514128	0.000450
懈写械邪谢褜薪褘泄	0.002083	0.116534	0.000243
懈写械泄泻邪	0.000298	0.116534	0.000035
懈蟹写械谢懈械	0.002380	0.116534	0.000277
懈蟹屑械谢褜褔懈褌褜	0.000298	3.506558	0.001043
懈蟹褞屑懈薪泻邪	0.000298	1.966113	0.000585
懈泻褉邪	0.015769	0.040822	0.000644
懈屑褟	0.000298	0.030459	0.000009
懈薪胁械褉褌芯褉薪褘泄	0.000298	0.127833	0.000038
懈薪谐褉械写懈械薪褌	0.008926	0.139262	0.001243
懈薪写械泄泻邪	0.001785	0.094311	0.000168
懈薪写懈泄褋泻懈泄	0.000298	0.116534	0.000035
懈薪写懈谢邪泄褌邪	0.000893	0.116534	0.000104
懈薪写懈褉械褋薪褘泄	0.000298	0.116534	0.000035
懈薪芯谐写邪	0.000298	1.897120	0.000564
懈薪褋褌褉褍泻褑懈褟	0.000298	0.030459	0.000009
懈薪褌械褉械褋薪芯	0.000298	1.660731	0.000494
懈褉邪泻褋泻懈泄	0.000298	0.116534	0.000035
懈褉邪薪褋泻懈泄	0.000298	0.116534	0.000035
懈褉谢邪薪写褋泻懈泄	0.000298	0.116534	0.000035
懈褋泻褉械薪薪械	0.000298	0.116534	0.000035
懈褋谢邪薪写褋泻懈泄	0.000298	0.116534	0.000035
懈褋锌邪薪褋泻懈泄	0.000298	0.116534	0.000035
懈褋锌械褔褜	0.000298	0.105361	0.000031
懈褋锌芯谢褜蟹芯胁邪褌褜	0.000595	1.171183	0.000697
懈褋褌芯褉懈褟	0.001785	0.116534	0.000208
懈褌邪谢懈褟	0.000595	0.105361	0.000063
懈褌邪谢褜褟薪褋泻懈泄	0.000298	0.105361	0.000031
懈褞薪褜	0.000298	0.562119	0.000167
泄芯谐褍褉褌	0.000893	0.040822	0.000036
泻邪斜邪褔泻芯胁褘泄	0.005058	1.832581	0.009269
泻邪斜邪褔芯泻	0.000298	0.040822	0.000012
泻邪胁泻邪蟹褋泻懈泄	0.000298	0.116534	0.000035
泻邪蟹邪薪	0.000298	0.116534	0.000035
泻邪蟹邪褏褋泻懈泄	0.000298	0.116534	0.000035
泻邪泻邪芯	0.000595	0.040822	0.000024
泻邪谢械泄写芯褋泻芯锌	0.001190	0.116534	0.000139
泻邪谢屑褘褑泻懈泄	0.000298	0.116534	0.000035
泻邪谢褜屑邪褉	0.000298	0.040822	0.000012
泻邪屑械褉邪	0.000298	0.116534	0.000035
泻邪薪邪写褋泻懈泄	0.000298	0.116534	0.000035
泻邪薪邪谢	0.000893	0.040822	0.000036
泻邪薪邪锌械	0.000595	0.040822	0.000024
泻邪锌褍褋褌邪	0.000893	0.040822	0.000036
泻邪锌褍褋褌薪褟泻	0.000298	0.040822	0.000012
泻邪褉邪屑械谢褜	0.000298	0.040822	0.000012
泻邪褉泻邪褋薪褘泄	0.001190	0.116534	0.000139
泻邪褉褌芯褎械谢褜	0.001488	0.040822	0.000061
泻邪褉褌芯褎械谢褜薪褘泄	0.000595	0.040822	0.000024
泻邪褉褌芯褕泻邪	0.000893	0.040822	0.000036
泻邪褋褌褉褞谢褟	0.000298	3.912023	0.001164
泻邪褌械谐芯褉懈褟	0.004760	0.116534	0.000555
泻邪褔械褋褌胁芯	0.000595	0.105361	0.000063
泻邪褕邪	0.002083	0.040822	0.000085
泻胁邪褋	0.001190	0.040822	0.000049
泻胁邪褋薪芯泄	0.000893	0.116534	0.000104
泻械泻褋	0.000893	0.040822	0.000036
泻械褌褔褍锌	0.000298	1.469676	0.000437
泻械褎懈褉	0.000893	0.040822	0.000036
泻懈屑褔邪褌褜	0.000298	0.040822	0.000012
泻懈薪芯邪	0.000595	0.127833	0.000076
泻懈薪芯谢械薪褌邪	0.000298	0.116534	0.000035
泻懈褋械谢褜	0.000595	0.040822	0.000024
泻懈褌邪泄褋泻懈泄	0.000298	0.116534	0.000035
泻谢邪褋褋	0.002678	0.116534	0.000312
泻薪懈谐邪	0.000595	0.040822	0.000024
泻芯泻褌械泄谢褜	0.001785	0.040822	0.000073
泻芯谢斜邪褋邪	0.000298	0.040822	0.000012
泻芯谢斜邪褋薪褘泄	0.000893	0.116534	0.000104
泻芯谢懈褔械褋褌胁芯	0.000298	1.386294	0.000412
泻芯屑邪薪写邪	0.000595	0.127833	0.000076
泻芯屑懈	0.000298	0.116534	0.000035
泻芯屑屑械薪褌邪褉懈泄	0.000298	0.127833	0.000038
泻芯屑锌邪薪懈褟	0.000298	0.105361	0.000031
泻芯屑锌芯褌	0.000893	0.040822	0.000036
泻芯薪懈薪邪	0.000298	0.116534	0.000035
泻芯薪泻褍褉褋	0.064267	0.040822	0.002623
泻芯薪泻褍褉褋薪褘泄	0.000298	0.127833	0.000038
泻芯薪褋械褉胁懈褉芯胁邪薪懈械	0.000298	0.040822	0.000012
泻芯薪褋械褉胁懈褉芯胁邪薪薪褘泄	0.001488	0.116534	0.000173
泻芯薪褌褉芯谢褜薪褘泄	0.000298	4.605170	0.001370
泻芯薪褎械褌邪	0.000893	0.040822	0.000036
泻芯薪褎械褌褌懈	0.000298	0.116534	0.000035
泻芯薪褎懈写械薪褑懈邪谢褜薪芯褋褌褜	0.000298	0.040822	0.000012
泻芯薪褎懈褌褞褉	0.000298	0.040822	0.000012
泻芯锌褔褢薪芯褋褌褜	0.000298	0.116534	0.000035
泻芯褉械泄褋泻懈	0.000298	0.040822	0.000012
泻芯褉械泄褋泻懈泄	0.000298	0.105361	0.000031
泻芯褉卸懈泻	0.000298	0.040822	0.000012
泻芯褉懈褔薪械胁邪褌褘泄	0.000298	4.605170	0.001370
泻芯褉屑懈褌褜	0.000298	0.116534	0.000035
泻芯褌谢械褌邪	0.000298	0.040822	0.000012
泻芯褎械	0.000595	0.040822	0.000024
泻褉邪斜芯胁褘泄	0.000595	2.302585	0.001370
泻褉邪褋泻邪	0.000298	0.116534	0.000035
泻褉械邪褌懈胁	0.000298	0.127833	0.000038
泻褉械屑	0.000893	0.040822	0.000036
泻褉械锌泻懈泄	0.000298	0.116534	0.000035
泻褉芯谢懈泻	0.000595	0.116534	0.000069
泻褉芯屑械	0.000298	0.061875	0.000018
泻褉芯褏邪	0.000298	0.116534	0.000035
泻褉褍谐	0.000595	0.116534	0.000069
泻褉褍锌	0.002083	0.105361	0.000219
泻褉褍锌邪	0.002975	0.116534	0.000347
泻褉褍锌褟薪芯泄	0.000298	0.116534	0.000035
泻褉褍褌芯薪	0.000298	4.605170	0.001370
泻褍斜懈薪褋泻懈泄	0.000298	0.116534	0.000035
泻褍谢械褕	0.000298	0.040822	0.000012
泻褍谢懈薪邪褉	0.000298	1.386294	0.000412
泻褍谢懈薪邪褉懈褟	0.000893	0.094311	0.000084
泻褍谢懈薪邪褉薪褘泄	0.001785	0.000000	0.000000
泻褍谢懈褔	0.000595	0.040822	0.000024
泻褍薪卸褍褌	0.000595	0.994252	0.000592
泻褍褉写褋泻懈泄	0.000298	0.116534	0.000035
泻褍褉懈薪褘泄	0.005653	0.094311	0.000533
泻褍褉懈褑邪	0.004165	0.040822	0.000170
泻褍褉芯褔泻邪	0.000893	0.116534	0.000104
泻褍褋泻褍褋	0.000298	0.040822	0.000012
泻褍褏薪褟	0.002083	0.040822	0.000085
谢邪胁邪褕	0.001785	0.040822	0.000073
谢邪谐屑邪薪	0.000298	0.040822	0.000012
谢邪泻芯屑褋褌胁芯	0.000298	0.116534	0.000035
谢邪锌褕邪	0.000595	0.040822	0.000024
谢邪褌褘褕褋泻懈泄	0.000298	0.116534	0.000035
谢械谐泻芯	0.001785	0.116534	0.000208
谢械薪懈胁芯	0.000595	3.912023	0.002328
谢械锌褢褕泻邪	0.000595	0.040822	0.000024
谢械褌薪懈泄	0.000595	0.040822	0.000024
谢械褌芯	0.002083	0.116534	0.000243
谢械褔芯	0.000595	0.040822	0.000024
谢懈谐邪	0.000893	0.116534	0.000104
谢懈泻褢褉	0.000298	0.040822	0.000012
谢懈屑芯薪邪写	0.000595	0.040822	0.000024
谢懈褌芯胁褋泻	0.000298	0.127833	0.000038
谢懈褌芯胁褋泻懈泄	0.000298	0.116534	0.000035
谢懈褌褉	0.000298	3.912023	0.001164
谢褍泻	0.003273	0.301105	0.000985
谢褍泻邪	0.000298	2.207275	0.000657
谢褞斜懈屑褘泄	0.002678	0.116534	0.000312
谢褞斜懈褌褜	0.000298	0.755023	0.000225
谢褞斜芯胁褜	0.000595	0.105361	0.000063
谢褞斜芯泄	0.000298	0.094311	0.000028
谢褟谢懈褔	0.000298	3.912023	0.001164
谢褢谐泻懈泄	0.001488	0.094311	0.000140
谢褢写	0.000298	0.116534	0.000035
屑邪谐褉懈斜	0.000298	0.116534	0.000035
屑邪泄	0.000893	0.116534	0.000104
屑邪泄芯薪械蟹	0.000298	0.116534	0.000035
屑邪泻邪褉芯薪薪褘泄	0.000298	0.116534	0.000035
屑邪泻邪褉芯薪褘	0.000298	0.040822	0.000012
屑邪谢邪蟹懈泄褋泻懈泄	0.000298	0.116534	0.000035
屑邪薪薪懈泻	0.000298	0.040822	0.000012
屑邪薪褋邪褉写邪	0.000298	0.755023	0.000225
屑邪薪褌邪	0.000298	0.116534	0.000035
屑邪薪褢胁褉	0.000298	0.116534	0.000035
屑邪褉邪褎芯薪	0.000893	0.116534	0.000104
屑邪褉谐邪褉懈薪	0.000595	1.609438	0.000958
屑邪褉懈薪邪写	0.003570	0.040822	0.000146
屑邪褉懈薪芯胁邪褌褜	0.000298	0.116534	0.000035
屑邪褉屑械谢邪写	0.000298	0.040822	0.000012
屑邪褉芯泻泻邪薪褋泻懈泄	0.000298	0.116534	0.000035
屑邪褉褌	0.001785	0.105361	0.000188
屑邪褋泻邪褉锌芯薪	0.000298	0.040822	0.000012
屑邪褋谢械薪懈褑邪	0.000893	0.040822	0.000036
屑邪褋谢械薪懈褔薪褘泄	0.000298	0.116534	0.000035
屑邪褋谢芯	0.007736	0.105361	0.000815
屑邪褋褌械褉	0.002678	0.116534	0.000312
屑邪褋褌懈泻邪	0.000595	0.040822	0.000024
屑邪褎褎懈薪邪	0.000298	0.116534	0.000035
屑邪褏械械胁褗	0.001190	0.116534	0.000139
屑邪褕懈薪邪	0.000298	2.207275	0.000657
屑谐薪芯胁械薪薪芯	0.000298	3.218876	0.000958
屑械写懈邪褎芯褉褌	0.000893	0.000000	0.000000
屑械写芯胁褘泄	0.000298	0.116534	0.000035
屑械泻褋懈泻邪薪褋泻懈泄	0.000298	0.116534	0.000035
屑械薪褞	0.000298	0.116534	0.000035
屑械薪褟褌褜褋褟	0.000298	0.116534	0.000035
屑械褉邪	0.000298	1.832581	0.000545
屑械褋褟褑	0.000298	1.660731	0.000494
屑械褔褌邪	0.000893	0.040822	0.000036
屑懈写懈褟	0.000298	0.040822	0.000012
屑懈泻褉芯胁芯谢薪芯胁泻邪	0.000298	0.105361	0.000031
屑懈谢芯褋褌褜	0.000298	1.897120	0.000564
屑懈谢褜褟	0.000298	0.116534	0.000035
屑懈薪褍褌薪褘泄	0.000298	4.605170	0.001370
屑懈芯	0.000298	0.116534	0.000035
屑懈褉	0.000595	0.105361	0.000063
屑懈褉芯胁芯泄	0.000298	0.116534	0.000035
屑懈褋芯	0.000298	0.040822	0.000012
屑懈褋褌械褉懈褟	0.000298	0.116534	0.000035
屑懈褋褌褉邪谢褜	0.002083	0.116534	0.000243
屑薪芯卸械褋褌胁芯	0.000298	0.040822	0.000012
屑芯泄	0.000893	0.083382	0.000074
屑芯谢写邪胁褋泻懈泄	0.000298	0.116534	0.000035
屑芯谢芯泻芯	0.001785	0.083382	0.000149
屑芯谢芯褔薪褘泄	0.000893	0.040822	0.000036
屑芯屑械薪褌	0.000893	0.105361	0.000094
屑芯薪谐芯谢褜褋泻懈泄	0.000298	0.116534	0.000035
屑芯褉械	0.000298	0.116534	0.000035
屑芯褉械锌褉芯写褍泻褌	0.004165	0.040822	0.000170
屑芯褉泻芯胁褜	0.000298	0.040822	0.000012
屑芯褉芯卸械薪芯械	0.000893	0.040822	0.000036
屑芯褉褋	0.000595	0.040822	0.000024
屑芯褌芯褉	0.000298	0.116534	0.000035
屑芯褏懈褌褘泄	0.000298	0.040822	0.000012
屑芯褔褜	0.000298	0.000000	0.000000
屑褍卸褋泻芯泄	0.000298	0.127833	0.000038
屑褍卸褔懈薪邪	0.000595	0.116534	0.000069
屑褍泻邪	0.006248	0.248461	0.001552
屑褍谢褜褌懈胁邪褉泻邪	0.011306	0.116534	0.001318
屑褍谢褜褌懈锌械泻邪褉褜	0.000893	0.116534	0.000104
屑褍褉泻邪褌械褉懈薪泻邪	0.000298	4.605170	0.001370
屑褍褋褋	0.000298	0.040822	0.000012
屑褍褋褋邪	0.000893	0.040822	0.000036
屑褍褔薪芯泄	0.000298	0.116534	0.000035
屑褞褋谢懈	0.000595	0.116534	0.000069
屑褟谐泻懈泄	0.000298	0.755023	0.000225
屑褟褋薪芯泄	0.005653	0.040822	0.000231
屑褟褋芯	0.006843	0.040822	0.000279
薪邪胁械褋	0.000298	2.525729	0.000751
薪邪写褟	0.000298	4.605170	0.001370
薪邪蟹邪写	0.000298	0.967584	0.000288
薪邪蟹薪邪褔械薪懈械	0.000298	0.116534	0.000035
薪邪泄褌懈	0.000298	0.446287	0.000133
薪邪谢懈胁泻邪	0.000298	0.040822	0.000012
薪邪锌懈褌芯泻	0.002083	0.040822	0.000085
薪邪褋泻芯谢褜泻芯	0.000298	1.427116	0.000425
薪邪褋褌芯泄泻邪	0.000298	0.040822	0.000012
薪邪褋褌褉芯械薪懈械	0.000298	0.116534	0.000035
薪邪褍屑芯胁	0.000298	4.605170	0.001370
薪邪褑懈芯薪邪谢褜薪褘泄	0.000298	0.116534	0.000035
薪邪褔邪谢芯	0.000298	1.514128	0.000450
薪邪褔懈薪泻邪	0.001190	0.040822	0.000049
薪邪褕	0.000595	0.040822	0.000024
薪械斜芯谢褜褕芯泄	0.000298	1.832581	0.000545
薪械写械谢褟	0.003273	0.051293	0.000168
薪械卸薪褘泄	0.001190	0.094311	0.000112
薪械屑械褑泻懈泄	0.000298	0.116534	0.000035
薪械屑薪芯谐芯	0.000298	1.203973	0.000358
薪械芯斜褘褔薪褘泄	0.000298	0.916291	0.000273
薪械芯卸懈写邪薪薪芯	0.000298	3.506558	0.001043
薪械芯卸懈写邪薪薪褘泄	0.000298	0.116534	0.000035
薪械褋谢邪写泻懈泄	0.000595	0.116534	0.000069
薪芯胁芯谐芯写薪懈泄	0.006843	0.040822	0.000279
薪芯胁芯褋褌褜	0.000298	0.061875	0.000018
薪芯胁褘泄	0.004165	0.030459	0.000127
薪芯褉胁械卸褋泻懈泄	0.000298	0.116534	0.000035
薪芯褟斜褉褜	0.000595	0.527633	0.000314
芯斜械写	0.001190	0.105361	0.000125
芯斜械蟹褜褟薪邪	0.000298	0.116534	0.000035
芯斜褉械蟹	0.000298	3.506558	0.001043
芯斜褖邪褌褜褋褟	0.000298	0.040822	0.000012
芯斜褟蟹邪褌械谢褜薪芯	0.000298	0.967584	0.000288
芯胁芯褖	0.006546	0.094311	0.000617
芯胁芯褖薪芯泄	0.013091	0.040822	0.000534
芯胁褋褟薪褘泄	0.000893	0.105361	0.000094
芯谐薪械薪薪褘泄	0.000298	0.116534	0.000035
芯谐芯薪褜	0.000298	0.094311	0.000028
芯谐褍褉械褑	0.000595	0.116534	0.000069
芯谐褍褉褔懈泻	0.000298	2.659260	0.000791
芯泻褉芯褕泻邪	0.000893	0.040822	0.000036
芯谢邪写褍褕泻邪	0.000298	3.218876	0.000958
芯谢邪写褜械	0.000595	3.506558	0.002087
芯谢邪写褜褟	0.004463	0.040822	0.000182
芯谢械泄薪芯泄	0.001190	0.116534	0.000139
芯谢械泄薪褘泄	0.001190	0.116534	0.000139
芯谢懈胁泻芯胁褘泄	0.000595	0.544727	0.000324
芯屑谢械褌	0.000298	0.040822	0.000012
芯锌邪褉邪	0.000298	0.040822	0.000012
芯锌褉芯褋	0.000298	0.061875	0.000018
芯锌褍褋褌芯褕懈褌褜褋褟	0.000298	4.605170	0.001370
芯褉懈谐懈薪邪谢褜薪褘泄	0.000595	1.049822	0.000625
芯褋胁芯斜芯卸写邪褌褜	0.000298	4.605170	0.001370
芯褋械薪薪懈泄	0.001190	0.051293	0.000061
芯褋械薪褜	0.002975	0.105361	0.000313
芯褋薪芯胁邪	0.000298	2.040221	0.000607
芯褋薪芯胁薪褘泄	0.000298	0.040822	0.000012
芯褋褌邪胁邪褌褜褋褟	0.000595	0.116534	0.000069
芯褋褌褉芯胁邪褌褘泄	0.000298	4.605170	0.001370
芯褌胁械褌	0.000595	0.000000	0.000000
芯褌胁械褌懈褌褜	0.000298	0.051293	0.000015
芯褌泻褉褘褌褘泄	0.000595	0.105361	0.000063
芯褌谢懈褔薪芯	0.000298	1.514128	0.000450
芯褌屑械薪懈褌褜	0.000298	0.040822	0.000012
芯褌薪械褋褌懈褋褜	0.000298	4.605170	0.001370
芯褏谢邪写懈褌褜	0.000298	0.116534	0.000035
锌邪泻械褌懈泻	0.000298	0.105361	0.000031
锌邪谢芯褔泻邪	0.001190	0.040822	0.000049
锌邪薪懈褉芯胁泻邪	0.002380	0.116534	0.000277
锌邪薪懈褉芯胁芯褔薪褘泄	0.000595	1.309333	0.000779
锌邪褉邪	0.000298	0.116534	0.000035
锌邪褉邪写	0.002083	0.116534	0.000243
锌邪褉芯胁邪褉泻邪	0.002678	0.105361	0.000282
锌邪褉芯谢褜	0.000298	0.020203	0.000006
锌邪褋褌邪	0.000893	0.040822	0.000036
锌邪褋褌褉芯屑邪	0.000298	0.040822	0.000012
锌邪褋褏邪	0.000595	0.040822	0.000024
锌邪褋褏邪谢褜薪褘泄	0.000893	0.116534	0.000104
锌邪褕褌械褌	0.000893	0.040822	0.000036
锌械泻邪褉褜	0.000298	0.127833	0.000038
锌械谢褜屑械薪褜	0.000298	0.116534	0.000035
锌械褉胁褘泄	0.001488	0.040822	0.000061
锌械褉械写邪褔邪	0.000298	2.040221	0.000607
锌械褉械泄褌懈	0.000298	0.040822	0.000012
锌械褉械泻褍褋	0.000595	0.116534	0.000069
锌械褉械褑	0.002678	0.040822	0.000109
锌械褉褋芯薪邪	0.000298	0.116534	0.000035
锌械褉褍邪薪褋泻懈泄	0.000298	0.116534	0.000035
锌械褉褔懈褌褜	0.000298	3.218876	0.000958
锌械褋芯褔薪褘泄	0.000893	0.105361	0.000094
锌械褌械谢懈薪泻	0.000298	0.127833	0.000038
锌械褌褉褍褕泻邪	0.000595	0.673345	0.000401
锌械褔械薪懈械	0.003868	0.040822	0.000158
锌械褔械薪褜	0.000298	2.207275	0.000657
锌械褔褜	0.000298	0.116534	0.000035
锌械褔褢薪芯褔薪褘泄	0.000298	0.040822	0.000012
锌懈胁芯	0.000298	0.116534	0.000035
锌懈泻邪薪褌	0.000298	0.127833	0.000038
锌懈泻薪懈泻	0.002083	0.105361	0.000219
锌懈褉	0.000298	0.116534	0.000035
锌懈褉芯谐	0.002975	0.040822	0.000121
锌懈褉芯卸薪芯械	0.000595	0.040822	0.000024
锌懈褉芯卸芯泻	0.000595	0.040822	0.000024
锌懈褌邪薪懈械	0.001488	0.094311	0.000140
锌懈褑褑邪	0.000595	0.040822	0.000024
锌谢邪屑褟	0.000298	0.116534	0.000035
锌谢懈褌邪	0.001190	0.116534	0.000139
锌谢芯胁	0.000298	0.116534	0.000035
锌谢芯写	0.000298	0.116534	0.000035
锌芯胁邪褉褢薪芯泻	0.001488	0.000000	0.000000
锌芯胁懈写谢芯	0.000298	0.040822	0.000012
锌芯写邪胁邪褌褜	0.000298	1.514128	0.000450
锌芯写邪胁邪褌褜褋褟	0.000298	3.506558	0.001043
锌芯写邪褉芯泻	0.000298	0.116534	0.000035
锌芯写邪褌褜	0.000298	1.427116	0.000425
锌芯写邪褔邪	0.000298	2.207275	0.000657
锌芯写谢懈胁	0.000298	0.116534	0.000035
锌芯写谢懈胁泻邪	0.000595	0.040822	0.000024
锌芯写锌懈褋邪褌褜褋褟	0.000893	0.040822	0.000036
锌芯写褍褕械褔泻邪	0.000298	2.813411	0.000837
锌芯写褏芯写懈褌褜	0.000595	1.771957	0.001054
锌芯械写懈薪芯泻	0.004165	0.116534	0.000485
锌芯蟹写褉邪胁懈褌褜	0.000298	0.116534	0.000035
锌芯懈褋泻	0.000298	0.051293	0.000015
锌芯泄褌懈	0.000298	1.966113	0.000585
锌芯谢写薪懈泻	0.000893	0.116534	0.000104
锌芯谢械蟹薪芯	0.000298	0.116534	0.000035
锌芯谢懈褌懈泻邪	0.000298	0.040822	0.000012
锌芯谢芯胁懈薪邪	0.002380	0.105361	0.000251
锌芯谢褍褌胁褢褉写褘泄	0.000595	2.525729	0.001503
锌芯谢褍褔邪褌褜	0.000595	0.040822	0.000024
锌芯谢褍褔邪褌褜褋褟	0.001488	0.328504	0.000489
锌芯谢褍褔懈褌褜褋褟	0.000298	0.653926	0.000195
锌芯谢褜蟹邪	0.001488	0.116534	0.000173
锌芯谢褜褋泻懈泄	0.000298	0.116534	0.000035
锌芯屑邪写泻邪	0.000893	0.040822	0.000036
锌芯屑懈写芯褉	0.000595	0.116534	0.000069
锌芯屑懈写芯褉泻	0.000298	0.127833	0.000038
锌芯薪褉邪胁懈褌褜褋褟	0.000595	0.040822	0.000024
锌芯薪褔懈泻	0.000595	0.040822	0.000024
锌芯锌褉芯斜芯胁邪褌褜	0.000595	0.248461	0.000148
锌芯锌褘褌邪褌褜褋褟	0.000298	3.506558	0.001043
锌芯褉邪	0.000298	0.105361	0.000031
锌芯褉褌褍谐邪谢褜褋泻懈泄	0.000298	0.116534	0.000035
锌芯褋械褖邪褌褜	0.000298	0.061875	0.000018
锌芯褋泻芯谢褜泻褍	0.000595	2.040221	0.001214
锌芯褋褌	0.001785	0.105361	0.000188
锌芯褋褌懈褌褜褋褟	0.000595	2.207275	0.001313
锌芯褋褌薪褘泄	0.000893	0.040822	0.000036
锌芯褋褌芯褟薪薪芯	0.000298	0.040822	0.000012
锌芯褋褌褉芯懈褌褜	0.000298	0.105361	0.000031
锌芯褋褍写邪	0.000595	0.094311	0.000056
锌芯褔褌邪	0.000298	0.040822	0.000012
锌芯褕邪谐芯胁褘泄	0.000595	0.040822	0.000024
锌褉邪胁懈谢芯	0.000298	2.207275	0.000657
锌褉邪蟹写薪懈泻	0.000298	0.105361	0.000031
锌褉邪蟹写薪懈褔薪芯	0.000298	0.116534	0.000035
锌褉邪蟹写薪懈褔薪褘泄	0.000893	0.105361	0.000094
锌褉邪泻褌懈泻褍屑	0.000298	0.116534	0.000035
锌褉械胁芯褋褏芯写薪褘泄	0.000298	0.116534	0.000035
锌褉械胁褉邪褖械薪懈械	0.000298	0.116534	0.000035
锌褉械写谢邪谐邪褌褜	0.000298	0.693147	0.000206
锌褉械写谢芯卸懈褌褜	0.000595	1.108663	0.000660
锌褉械泻褉邪褋薪芯	0.000298	1.714798	0.000510
锌褉械褋薪褘泄	0.000298	0.116534	0.000035
锌褉懈谐芯写懈褌褜褋褟	0.000298	1.560648	0.000464
锌褉懈谐芯褌芯胁懈褌褜	0.001190	0.083382	0.000099
锌褉懈谐芯褌芯胁谢械薪懈械	0.000893	0.040822	0.000036
锌褉懈蟹	0.000298	0.040822	0.000012
锌褉懈蟹薪邪薪懈械	0.000298	0.116534	0.000035
锌褉懈泄褌懈褋褜	0.000298	2.040221	0.000607
锌褉懈泻谢械懈胁邪褌褜褋褟	0.000298	4.605170	0.001370
锌褉懈锌褉邪胁邪	0.000298	0.040822	0.000012
锌褉懈褉芯写邪	0.000893	0.105361	0.000094
锌褉懈褋褌褍锌懈褌褜	0.000298	0.040822	0.000012
锌褉懈褟褌薪褘泄	0.000595	1.427116	0.000849
锌褉芯斜邪	0.000298	2.302585	0.000685
锌褉芯胁械褉懈褌褜	0.002083	0.116534	0.000243
锌褉芯胁械褋褌懈	0.001190	0.116534	0.000139
锌褉芯胁芯写懈褌褜	0.000298	0.040822	0.000012
锌褉芯胁芯卸邪褌褜	0.000298	0.116534	0.000035
锌褉芯写褍泻褌	0.000298	0.072571	0.000022
锌褉芯械泻褌	0.000595	0.051293	0.000031
锌褉芯褋懈褌褜	0.000298	0.776529	0.000231
锌褉芯褋屑芯褌褉	0.000298	0.274437	0.000082
锌褉芯褋褌芯	0.001488	0.083382	0.000124
锌褉芯褋褌芯泄	0.000893	0.301105	0.000269
锌褉芯褋褌芯泻胁邪褕邪	0.000298	0.040822	0.000012
锌褉芯褎懈谢褜	0.000298	0.040822	0.000012
锌褉芯褖邪褌褜	0.000298	4.605170	0.001370
锌褉褟屑芯	0.000298	0.040822	0.000012
锌褉褟薪懈泻	0.000595	0.040822	0.000024
锌褉褟薪懈褔薪褘泄	0.000298	0.116534	0.000035
锌褉褟薪芯褋褌褜	0.000893	2.995732	0.002674
锌褉褟薪褘泄	0.000298	2.525729	0.000751
锌褌懈褑邪	0.006843	0.116534	0.000797
锌褍写懈薪谐	0.000893	0.040822	0.000036
锌褍薪褕	0.000298	0.040822	0.000012
锌褍褌械褕械褋褌胁懈械	0.000595	0.116534	0.000069
锌褍褌褜	0.000298	0.116534	0.000035
锌褕械薪懈褔薪褘泄	0.004760	0.287682	0.001370
锌褘褕泻邪	0.000298	0.040822	0.000012
锌褞褉械	0.001190	0.040822	0.000049
褉邪胁薪芯	0.000298	2.120264	0.000631
褉邪谐褍	0.000298	0.116534	0.000035
褉邪蟹胁械褉薪褍褌褜	0.000298	0.116534	0.000035
褉邪蟹写邪胁邪褌褜	0.000298	4.605170	0.001370
褉邪蟹写械谢褜薪褘泄	0.000298	0.116534	0.000035
褉邪蟹谢懈褔薪褘泄	0.000298	1.714798	0.000510
褉邪蟹薪褘泄	0.000298	0.094311	0.000028
褉邪褋锌褉芯褋褌褉邪薪褟褌褜褋褟	0.000298	3.506558	0.001043
褉邪褋褋芯谢褜薪懈泻	0.000893	0.040822	0.000036
褉邪褋褋褘谢泻邪	0.000298	0.061875	0.000018
褉邪褋褌懈褌械谢褜薪褘泄	0.005356	0.223144	0.001195
褉械斜褢薪芯泻	0.000298	0.094311	0.000028
褉械谐懈褋褌褉邪褑懈褟	0.000893	0.000000	0.000000
褉械泄褌懈薪谐	0.000298	0.235722	0.000070
褉械锌褔邪褌褘泄	0.002975	0.430783	0.001282
褉械褑械锌褌	0.027968	0.040822	0.001142
褉械褕懈褌褜	0.000595	0.693147	0.000412
褉卸邪薪芯泄	0.000893	3.218876	0.002873
褉懈褋	0.004165	0.040822	0.000170
褉懈褌屑	0.000298	0.116534	0.000035
褉芯谐邪谢懈泻	0.000298	0.040822	0.000012
褉芯写薪褘泄	0.000595	0.116534	0.000069
褉芯写褋褌胁械薪薪懈泻	0.000298	2.659260	0.000791
褉芯卸写械薪懈械	0.000298	0.105361	0.000031
褉芯卸写械褋褌胁芯	0.000298	0.116534	0.000035
褉芯泻	0.000298	2.813411	0.000837
褉芯谢谢	0.000595	0.040822	0.000024
褉芯谢谢褌芯薪	0.000298	0.116534	0.000035
褉芯屑	0.000298	0.040822	0.000012
褉褍斜褉懈泻邪褌芯褉	0.000298	0.051293	0.000015
褉褍谢械褌	0.003273	0.040822	0.000134
褉褍屑褘薪褋泻懈泄	0.000298	0.116534	0.000035
褉褍屑褟薪褘泄	0.000298	0.116534	0.000035
褉褍薪械褌	0.000298	0.020203	0.000006
褉褍褋褋泻懈泄	0.000298	0.105361	0.000031
褉褘斜邪	0.007736	0.040822	0.000316
褉褘斜薪褘泄	0.002975	0.105361	0.000313
褉褘卸懈泄	0.000298	4.605170	0.001370
褉褟卸械薪泻邪	0.000893	0.116534	0.000104
褋邪泄褌	0.001785	0.000000	0.000000
褋邪谢邪褌	0.009521	0.040822	0.000389
褋邪谢邪褌薪褘泄	0.000298	0.116534	0.000035
褋邪谢懈薪邪褋	0.000298	3.912023	0.001164
褋邪屑芯谐芯薪	0.000298	0.040822	0.000012
褋邪屑褘泄	0.000595	0.105361	0.000063
褋邪褎	0.000893	0.116534	0.000104
褋邪褎褋械屑邪	0.000298	0.116534	0.000035
褋邪褏邪褉	0.001785	0.105361	0.000188
褋斜懈褌械薪褜	0.000298	0.040822	0.000012
褋胁械卸械褋褌褜	0.000298	0.105361	0.000031
褋胁械泻芯谢褜薪懈泻	0.000595	0.040822	0.000024
褋胁械褌	0.001190	0.116534	0.000139
褋胁械褌邪	0.001190	0.116534	0.000139
褋胁懈薪懈薪	0.001190	0.116534	0.000139
褋胁懈薪懈薪邪	0.000298	0.040822	0.000012
褋胁褢泻谢邪	0.000298	0.040822	0.000012
褋谐褍褖褢薪泻邪	0.000298	0.040822	0.000012
褋械谐芯写薪褟	0.000298	0.843970	0.000251
褋械蟹芯薪	0.000298	0.116534	0.000035
褋械泄褔邪褋	0.000893	0.030459	0.000027
褋械泻褉械褌	0.000595	0.116534	0.000069
褋械谢褢写泻邪	0.000298	0.040822	0.000012
褋械屑械泄薪褘泄	0.000298	0.116534	0.000035
褋械屑褜褟	0.000298	0.116534	0.000035
褋械薪褌褟斜褉褜	0.000298	0.673345	0.000200
褋懈写褉	0.000298	0.040822	0.000012
褋懈褉懈泄褋泻懈泄	0.000298	0.116534	0.000035
褋懈褉芯锌	0.000595	0.040822	0.000024
褋懈褋褌械屑邪	0.000298	0.040822	0.000012
褋懈褌懈	0.000298	0.127833	0.000038
褋泻邪蟹泻邪	0.000298	0.116534	0.000035
褋泻邪褌邪褌褜	0.000298	4.605170	0.001370
褋泻械锌褌懈褔械褋泻懈	0.000298	3.912023	0.001164
褋谢邪写泻懈泄	0.005653	0.040822	0.000231
褋谢邪写泻芯	0.000298	0.116534	0.000035
褋谢邪写泻芯胁邪褌褘泄	0.000298	2.995732	0.000891
褋谢械谐泻邪	0.000298	2.525729	0.000751
褋谢懈胁芯褔薪褘泄	0.001488	0.105361	0.000157
褋谢芯泄泻邪	0.000595	0.040822	0.000024
褋谢芯褢薪褘泄	0.002678	0.116534	0.000312
褋屑邪蟹邪褌褜	0.000298	2.995732	0.000891
褋屑邪蟹褘胁邪褌褜	0.000298	3.912023	0.001164
褋屑械褌邪薪邪	0.003273	0.105361	0.000345
褋屑械褌邪薪泻邪	0.000298	2.995732	0.000891
褋屑械褕邪薪薪褘泄	0.000298	0.116534	0.000035
褋屑芯褔褜	0.000298	0.040822	0.000012
褋屑褍蟹懈	0.000893	0.040822	0.000036
褋薪懈屑邪褌褜	0.000298	3.912023	0.001164
褋薪褝泻	0.000298	0.116534	0.000035
褋芯斜懈褉邪褌褜褋褟	0.000298	0.040822	0.000012
褋芯斜褉邪褌褜褋褟	0.000298	3.912023	0.001164
褋芯斜褋褌胁械薪薪褘泄	0.000595	1.966113	0.001170
褋芯胁械褉褕械薪褋褌胁芯	0.001488	0.116534	0.000173
褋芯胁械褌	0.000298	0.040822	0.000012
褋芯谐谢邪褕邪褌褜褋褟	0.000298	0.040822	0.000012
褋芯写邪	0.000595	0.941609	0.000560
褋芯蟹写邪胁邪褌褜	0.000298	0.105361	0.000031
褋芯蟹写邪薪懈械	0.000595	0.261365	0.000156
褋芯泻	0.001488	0.040822	0.000061
褋芯谢械薪懈械	0.000595	0.116534	0.000069
褋芯谢懈褌褜	0.000298	2.659260	0.000791
褋芯谢薪械褔薪褘泄	0.000298	0.116534	0.000035
褋芯谢褜	0.004165	0.127833	0.000532
褋芯谢褟薪泻邪	0.000595	0.040822	0.000024
褋芯谢褢薪褘泄	0.001190	0.116534	0.000139
褋芯褉褌懈褉芯胁邪褌褜	0.000298	0.248461	0.000074
褋芯褋械写	0.000298	3.912023	0.001164
褋芯褋褌邪胁	0.000298	1.347074	0.000401
褋芯褋褌邪胁懈褌褜	0.000298	0.116534	0.000035
褋芯褍褋	0.007141	0.040822	0.000291
褋芯褏褉邪薪褟褌褜	0.000298	0.040822	0.000012
褋芯褑褋械褌褜	0.000298	0.040822	0.000012
褋芯褔械褌邪薪懈械	0.000595	0.105361	0.000063
褋芯褔械褌邪褌褜褋褟	0.000298	2.302585	0.000685
褋芯褔薪褘泄	0.000893	0.116534	0.000104
褋锌邪谐械褌褌懈	0.001190	3.218876	0.003831
褋锌邪谢褜薪褟	0.000298	0.415515	0.000124
褋锌邪褋械薪懈械	0.000298	4.605170	0.001370
褋锌械褌褜	0.000298	0.116534	0.000035
褋锌械褑懈邪谢褜薪褘泄	0.000298	0.094311	0.000028
褋锌械褑懈褟	0.001190	0.094311	0.000112
褋锌械褑锌褉芯械泻褌	0.009819	0.116534	0.001144
褋锌懈褋芯泻	0.000298	0.116534	0.000035
褋锌褉懈薪谐褋	0.000298	3.912023	0.001164
褋褉械写懈蟹械屑薪芯屑芯褉褋泻懈泄	0.000298	0.127833	0.000038
褋褌邪褉褘泄	0.000298	0.261365	0.000078
褋褌邪褌褜褟	0.000298	0.061875	0.000018
褋褌懈谢褜	0.000595	0.116534	0.000069
褋褌芯谢	0.002678	0.105361	0.000282
褋褌褉芯懈褌械谢褜褋褌胁芯	0.000595	0.040822	0.000024
褋褌褉芯懈褌褜	0.000298	0.040822	0.000012
褋褌褉芯泄薪褘泄	0.000298	0.116534	0.000035
褋褍斜锌褉芯写褍泻褌	0.002975	0.116534	0.000347
褋褍锌	0.005653	0.040822	0.000231
褋褍褎谢械	0.000893	0.040822	0.000036
褋褍褏邪褉褜	0.000893	0.040822	0.000036
褋褍褏芯胁邪褌褘泄	0.000298	3.912023	0.001164
褋褍褕懈褌褜	0.000595	0.040822	0.000024
褋褗械写芯斜薪褘泄	0.000298	2.813411	0.000837
褋褗械褋褌褜	0.000298	1.469676	0.000437
褋褘薪	0.000298	2.120264	0.000631
褋褘褉	0.003570	0.040822	0.000146
褋褘褉薪懈泻	0.002083	0.040822	0.000085
褋褘褉薪褘泄	0.001190	0.040822	0.000049
褋褘褌薪芯褋褌褜	0.000298	4.605170	0.001370
褋褘褌薪褘泄	0.001190	0.105361	0.000125
褋褘褔褍卸薪褘泄	0.000298	0.127833	0.000038
褋褝薪写胁懈褔	0.000298	0.127833	0.000038
褋褞褉锌褉懈蟹	0.000298	0.116534	0.000035
褋褢屑谐邪	0.000298	0.040822	0.000012
褌邪写卸懈泻褋泻懈泄	0.000298	0.116534	0.000035
褌邪泄褋泻懈泄	0.000298	0.116534	0.000035
褌邪泻芯屑	0.000298	1.897120	0.000564
褌邪褉褌	0.000298	0.116534	0.000035
褌邪褉褌邪谢械褌泻邪	0.000595	0.040822	0.000024
褌邪褌邪褉褋泻懈泄	0.000298	0.116534	0.000035
褌邪褌褜褟薪邪	0.000298	3.912023	0.001164
褌胁芯泄	0.000595	0.116534	0.000069
褌胁芯褉懈褌褜	0.000298	0.116534	0.000035
褌胁芯褉芯谐	0.000893	0.040822	0.000036
褌胁芯褉芯卸薪褘泄	0.001190	0.094311	0.000112
褌械谢械谐褉邪屑	0.000298	0.040822	0.000012
褌械谢褟褌懈薪邪	0.001190	0.116534	0.000139
褌械屑	0.000298	0.967584	0.000288
褌械锌谢芯	0.000298	0.116534	0.000035
褌械褉锌械褌褜	0.000298	4.605170	0.001370
褌械褉褉懈薪邪	0.000298	0.040822	0.000012
褌械褋褌	0.004463	0.105361	0.000470
褌械褋褌芯	0.003868	0.040822	0.000158
褌械褏薪懈泻邪	0.001488	0.105361	0.000157
褌屑	0.001190	0.127833	0.000152
褌芯屑邪褌	0.000595	1.714798	0.001020
褌芯锌谢褢薪褘泄	0.000298	0.116534	0.000035
褌芯褉褌	0.005951	0.040822	0.000243
褌褉邪胁邪	0.000298	0.094311	0.000028
褌褉邪写懈褑懈褟	0.001785	0.116534	0.000208
褌褉褍斜芯褔泻邪	0.000298	0.040822	0.000012
褌褉褢褏谢械褌懈械	0.000298	0.116534	0.000035
褌褍薪械褑	0.001190	0.105361	0.000125
褌褍薪懈褋褋泻懈泄	0.000298	0.116534	0.000035
褌褍褉械褑泻懈泄	0.000298	0.116534	0.000035
褌褘泻胁邪	0.000298	0.040822	0.000012
褌褢褖懈薪	0.000298	0.040822	0.000012
褍胁械写芯屑谢械薪懈械	0.000298	0.040822	0.000012
褍写邪褔薪褘泄	0.000298	0.116534	0.000035
褍写懈胁懈褌褜	0.000595	0.116534	0.000069
褍写懈胁谢褟褌褜	0.001190	0.116534	0.000139
褍写芯胁芯谢褜褋褌胁懈械	0.000298	0.116534	0.000035
褍卸懈薪	0.001785	0.094311	0.000168
褍蟹斜械泻褋泻懈泄	0.000298	0.116534	0.000035
褍泻褉邪懈薪褋泻懈泄	0.000298	0.116534	0.000035
褍泻褉邪褕械薪懈械	0.002380	0.116534	0.000277
褍泻褉芯锌	0.000595	0.562119	0.000334
褍屑械褋褌薪褘泄	0.000298	4.605170	0.001370
褍锌芯褌褉械斜谢械薪懈械	0.000298	0.116534	0.000035
褍褉邪	0.000298	2.120264	0.000631
褍褉邪谢褜褋泻懈泄	0.000298	0.116534	0.000035
褍褉芯卸邪泄	0.000595	0.105361	0.000063
褍褋锌械胁邪褌褜	0.000298	4.605170	0.001370
褍褌泻邪	0.000893	0.116534	0.000104
褍褍褍褍褍褍褍褍褍褍褍褍褍褍邪	0.000298	4.605170	0.001370
褍褏芯	0.000298	0.040822	0.000012
褍褔邪褋褌胁芯胁邪褌褜	0.000298	0.040822	0.000012
褎邪蟹械薪写邪	0.000298	0.116534	0.000035
褎邪薪褌邪蟹懈褟	0.002380	0.116534	0.000277
褎邪褉褕	0.006546	0.040822	0.000267
褎邪褉褕懈褉芯胁邪薪薪褘泄	0.001785	0.040822	0.000073
褎邪褋芯谢褜	0.000298	0.040822	0.000012
褎械胁褉邪谢褜	0.000893	0.094311	0.000084
褎械泄械褉胁械褉泻	0.000595	0.116534	0.000069
褎懈谐褍褉邪	0.000298	0.116534	0.000035
褎懈谢械	0.001190	0.916291	0.001090
褎懈薪褋泻懈泄	0.000298	0.116534	0.000035
褎懈褉屑械薪薪褘泄	0.000298	0.116534	0.000035
褎芯薪写褞	0.000298	0.040822	0.000012
褎芯褉屑邪	0.000298	0.105361	0.000031
褎芯褉褍屑	0.000595	0.040822	0.000024
褎芯褉褕屑邪泻	0.000298	0.040822	0.000012
褎褉邪薪褑懈褟	0.000298	0.116534	0.000035
褎褉邪薪褑褍蟹褋泻懈泄	0.000298	0.094311	0.000028
褎褉邪褍	0.001190	0.116534	0.000139
褎褉懈泻邪写械谢褜泻邪	0.000893	3.506558	0.003130
褎褉褍泻褌	0.001190	0.116534	0.000139
褎褉褍泻褌芯胁褘泄	0.002380	0.040822	0.000097
褎褍写	0.000298	0.116534	0.000035
褎褍褉褕械褌	0.000298	0.116534	0.000035
褏邪谢胁邪	0.000298	0.040822	0.000012
褏邪褉胁械褋褌褎械褋褌	0.000595	0.116534	0.000069
褏邪褉褔芯	0.000595	0.040822	0.000024
褏邪褕	0.000298	0.040822	0.000012
褏胁芯褉芯褋褌	0.000298	0.040822	0.000012
褏懈薪泻邪谢懈	0.000298	0.116534	0.000035
褏懈褌	0.002083	0.116534	0.000243
褏谢械斜	0.002083	0.040822	0.000085
褏谢械斜芯锌械褔泻邪	0.000298	0.116534	0.000035
褏谢芯锌褜褟	0.000595	0.094311	0.000056
褏芯斜芯泻械薪	0.000298	4.605170	0.001370
褏芯蟹褟泄泻邪	0.000298	0.116534	0.000035
褏芯谢芯写械褑	0.000298	0.040822	0.000012
褏芯谢芯写薪芯械	0.000595	0.116534	0.000069
褏芯谢芯写薪褘泄	0.000595	0.116534	0.000069
褏芯褉胁邪褌褋泻懈泄	0.000298	0.116534	0.000035
褏芯褉芯褕懈泄	0.001190	0.040822	0.000049
褏芯褉芯褕芯	0.001488	0.105361	0.000157
褏芯褉褋	0.000298	0.116534	0.000035
褏芯褌械褌褜	0.000893	0.000000	0.000000
褏芯褌械褌褜褋褟	0.000298	1.237874	0.000368
褏褍屑褍褋邪	0.000298	0.040822	0.000012
褑邪褉褋褌胁芯	0.000298	0.127833	0.000038
褑邪褉褜	0.000298	0.116534	0.000035
褑胁械褌	0.000595	1.771957	0.001054
褑胁械褌邪	0.000595	2.407946	0.001433
褑胁械褌薪芯泄	0.000298	0.040822	0.000012
褑械薪薪褘泄	0.000298	0.040822	0.000012
褑械薪褌褉	0.000298	0.116534	0.000035
褑懈褎褉邪	0.000595	3.912023	0.002328
褑褘锌谢褢薪芯泻	0.000595	2.995732	0.001783
褔邪械屑褘泄	0.000298	0.116534	0.000035
褔邪泄	0.000893	0.040822	0.000036
褔邪褋	0.000298	1.139434	0.000339
褔械斜褍褉械泻	0.000595	0.040822	0.000024
褔械褉泻懈蟹芯胁褘泄	0.000595	0.116534	0.000069
褔械褋薪芯泻	0.001488	0.314711	0.000468
褔械褋褌薪芯泄	0.000298	0.040822	0.000012
褔械褔械胁懈褑邪	0.000298	0.040822	0.000012
褔械褕褋泻懈泄	0.000298	0.116534	0.000035
褔懈蟹泻械泄泻	0.001190	0.040822	0.000049
褔懈谢懈泄褋泻懈泄	0.000298	0.116534	0.000035
褔懈锌褋褘	0.000298	0.040822	0.000012
褔懈褋谢芯	0.000298	0.235722	0.000070
褔褍写芯	0.000298	0.116534	0.000035
褔褢褉薪褘泄	0.002380	0.356675	0.000849
褕邪褉懈泻	0.000298	0.040822	0.000012
褕邪褉谢芯褌泻邪	0.000595	0.040822	0.000024
褕邪褉屑	0.000298	0.116534	0.000035
褕邪褕谢褘泻	0.003868	0.040822	0.000158
褕胁械写褋泻懈泄	0.000298	0.116534	0.000035
褕胁械泄褑邪褉褋泻懈泄	0.000298	0.116534	0.000035
褕械写械胁褉	0.000298	0.116534	0.000035
褕械褎	0.000298	0.127833	0.000038
褕懈锌褍褔泻邪	0.000298	0.040822	0.000012
褕懈褉芯泻懈泄	0.000298	0.127833	0.000038
褕泻芯谢邪	0.000298	0.116534	0.000035
褕芯泻芯谢邪写	0.000298	0.040822	0.000012
褕芯褌谢邪薪写褋泻懈泄	0.000298	0.116534	0.000035
褕锌褉芯褌	0.000595	3.912023	0.002328
褕褌褉褍写械谢褜	0.000298	0.040822	0.000012
褕褍褉锌邪	0.000298	0.040822	0.000012
褖械写褉褘泄	0.000298	0.116534	0.000035
褖懈	0.000595	0.040822	0.000024
褝泻芯屑懈谢泻	0.000298	0.127833	0.000038
褝褋褌芯薪褋泻懈泄	0.000298	0.116534	0.000035
褞谐芯褋谢邪胁褋泻懈泄	0.000298	0.116534	0.000035
褟谐芯写薪褘泄	0.001190	0.105361	0.000125
褟蟹褘泻	0.000298	0.040822	0.000012
褟懈褔薪褘泄	0.000595	0.941609	0.000560
褟泄褑芯	0.005653	0.040822	0.000231
褟薪写械泻褋	0.000298	0.072571	0.000022
褟锌芯薪褋泻懈泄	0.000595	0.051293	0.000031
褟褉泻懈泄	0.000298	0.116534	0.000035
褟褉泻芯	0.000298	0.105361	0.000031
