谢械屑屑邪	TF	IDF	TF-IDF
邪斜褏邪蟹褋泻懈泄	0.000289	0.116534	0.000034
邪胁褉芯褉邪	0.000289	4.605170	0.001333
邪胁褋褌褉邪谢懈泄褋泻懈泄	0.000289	0.116534	0.000034
邪胁褋褌褉懈泄褋泻懈泄	0.000289	0.116534	0.000034
邪胁褌芯泻谢邪胁	0.000289	0.116534	0.000034
邪胁褌芯褉	0.000868	0.040822	0.000035
邪谐褉芯	0.000289	0.116534	0.000034
邪写卸懈泻邪	0.000289	0.040822	0.000012
邪蟹	0.000289	0.127833	0.000037
邪蟹械褉斜邪泄写卸邪薪褋泻懈泄	0.000289	0.116534	0.000034
邪蟹懈邪褌褋泻懈泄	0.000289	0.127833	0.000037
邪泄褉邪薪	0.000289	0.040822	0.000012
邪泻胁邪褌懈泻	0.000868	0.127833	0.000111
邪谢械泻褋械泄	0.000289	0.127833	0.000037
邪谢泻芯谐芯谢褜	0.000868	0.116534	0.000101
邪谢泻芯谐芯谢褜薪褘泄	0.000289	0.116534	0.000034
邪谢褜褟薪褋	0.000289	0.116534	0.000034
邪屑械褉懈泻邪薪褋泻懈泄	0.000289	0.116534	0.000034
邪薪谐谢懈泄褋泻懈泄	0.000289	0.116534	0.000034
邪薪写褉械泄	0.000289	0.127833	0.000037
邪锌褉械谢褜	0.001157	0.544727	0.000630
邪褉邪斜褋泻懈泄	0.000289	0.116534	0.000034
邪褉谐械薪褌懈薪褋泻懈泄	0.000289	0.116534	0.000034
邪褉屑褟薪褋泻懈泄	0.000289	0.116534	0.000034
邪褉芯屑邪褌薪褘泄	0.000289	0.693147	0.000201
邪褋褋芯褉褌懈	0.000579	0.116534	0.000067
邪褌谢邪薪褌	0.000289	0.116534	0.000034
邪褎谐邪薪褋泻懈泄	0.000289	0.116534	0.000034
邪褎褉懈泻邪薪褋泻懈泄	0.000289	0.116534	0.000034
邪褝褉芯谐褉懈谢褜	0.002894	0.116534	0.000337
斜邪斜懈褔	0.000289	1.514128	0.000438
斜邪泻谢邪卸邪薪	0.000289	0.040822	0.000012
斜邪谢褌泻芯屑邪	0.000289	0.127833	0.000037
斜邪褉邪薪懈薪邪	0.001157	0.116534	0.000135
斜邪褋屑邪褌懈	0.000579	0.127833	0.000074
斜邪褋褌褍褉屑	0.000289	0.040822	0.000012
斜邪褋褌褍褉屑邪	0.000289	0.040822	0.000012
斜邪褌芯薪褔懈泻	0.000289	0.127833	0.000037
斜邪褕泻懈褉褋泻懈泄	0.000289	0.116534	0.000034
斜械蟹邪谢泻芯谐芯谢褜薪褘泄	0.000289	0.116534	0.000034
斜械蟹谐谢褞褌械薪芯胁芯械	0.000289	0.116534	0.000034
斜械蟹械	0.001157	0.040822	0.000047
斜械蟹屑械褉薪芯	0.000289	2.659260	0.000769
斜械谢械斜械械胁褋泻懈泄	0.000579	0.116534	0.000067
斜械谢芯泻芯褔邪薪薪褘泄	0.000579	0.967584	0.000560
斜械谢芯褉褍褋褋泻懈泄	0.000289	0.116534	0.000034
斜械谢褜谐懈泄褋泻懈泄	0.000289	0.116534	0.000034
斜械褉械屑械薪薪邪褟	0.000289	0.116534	0.000034
斜械褋械写懈薪	0.000289	0.127833	0.000037
斜懈褋泻胁懈褌	0.001157	0.040822	0.000047
斜懈褋泻胁懈褌薪褘泄	0.001736	0.105361	0.000183
斜谢邪谐芯写邪褉薪褘泄	0.000579	1.660731	0.000961
斜谢懈蟹泻懈泄	0.000579	0.116534	0.000067
斜谢懈薪	0.002315	0.040822	0.000094
斜谢懈褑	0.000289	2.207275	0.000639
斜谢褞写芯	0.031539	0.040822	0.001287
斜芯斜芯胁褘泄	0.002315	0.116534	0.000270
斜芯谢谐邪褉褋泻懈泄	0.000289	0.116534	0.000034
斜芯谢褜褕懈薪褋褌胁芯	0.000289	2.207275	0.000639
斜芯谢褜褕芯泄	0.001157	0.094311	0.000109
斜芯褉褖	0.000579	0.040822	0.000024
斜芯褌胁懈薪褜褟	0.000289	0.040822	0.000012
斜褉邪蟹懈谢褜褋泻懈泄	0.000289	0.116534	0.000034
斜褉邪褍蟹械褉	0.000289	0.040822	0.000012
斜褉邪褍薪懈	0.000289	0.040822	0.000012
斜褉械褋褌	0.000289	0.127833	0.000037
斜褉芯泻泻芯谢懈	0.000289	0.040822	0.000012
斜褍写薪懈	0.000289	2.525729	0.000731
斜褍卸械薪懈薪邪	0.000289	0.040822	0.000012
斜褍谢芯褔泻邪	0.000868	0.040822	0.000035
斜褍谢褜芯薪	0.003762	0.040822	0.000154
斜褍褉谐械褉	0.000579	0.040822	0.000024
斜褍褉褟褌褋泻懈泄	0.000289	0.116534	0.000034
斜褍褌械褉斜褉芯写	0.001157	0.040822	0.000047
斜褘褋褌褉芯	0.001157	0.094311	0.000109
斜褘褋褌褉褘泄	0.001447	0.094311	0.000136
胁邪卸薪褘泄	0.000289	0.116534	0.000034
胁邪谢谢懈泄褋泻懈泄	0.000289	0.116534	0.000034
胁邪薪懈谢懈薪	0.000579	1.609438	0.000931
胁邪薪懈谢褜薪褘泄	0.001157	1.347074	0.001559
胁邪褉械薪懈械	0.000579	0.040822	0.000024
胁邪褉械薪懈泻	0.000289	0.116534	0.000034
胁邪褉懈邪薪褌	0.000289	0.356675	0.000103
胁邪褌褉褍褕泻邪	0.000289	0.040822	0.000012
胁邪褎谢褟	0.000579	0.040822	0.000024
胁邪褕	0.001157	0.000000	0.000000
胁胁芯写懈褌褜	0.000289	0.040822	0.000012
胁写芯褏薪芯胁械薪懈械	0.001736	0.116534	0.000202
胁写芯褏薪芯胁谢褟褌褜褋褟	0.000289	0.116534	0.000034
胁写褍屑邪褌褜褋褟	0.000289	4.605170	0.001333
胁械谐械褌邪褉懈邪薪褋泻懈泄	0.000579	0.116534	0.000067
胁械谢懈泻懈泄	0.000289	0.116534	0.000034
胁械谢懈泻芯谢械锌薪褘泄	0.000579	1.427116	0.000826
胁械薪谐械褉褋泻懈泄	0.000289	0.116534	0.000034
胁械褋械薪薪懈泄	0.000289	0.051293	0.000015
胁械褋薪邪	0.001736	0.116534	0.000202
胁械褌褔懈薪邪	0.000289	0.094311	0.000027
胁蟹谐谢褟写	0.000579	1.427116	0.000826
胁懈写械芯	0.000579	0.116534	0.000067
胁懈写械芯褉械褑械锌褌	0.000289	0.301105	0.000087
胁懈薪芯	0.000579	0.040822	0.000024
胁懈褕薪褟	0.000579	1.832581	0.001061
胁泻谢褞褔邪褌褜	0.000289	0.634878	0.000184
胁泻褍褋	0.003472	0.105361	0.000366
胁泻褍褋薪芯	0.001736	0.094311	0.000164
胁泻褍褋薪褘泄	0.004051	0.061875	0.000251
胁谢褞斜懈褌褜	0.000289	0.116534	0.000034
胁谢褞斜懈褌褜褋褟	0.000289	1.386294	0.000401
胁薪邪褔邪谢械	0.001157	0.248461	0.000288
胁薪懈屑邪薪懈械	0.000289	1.237874	0.000358
胁芯写邪	0.000868	0.094311	0.000082
胁芯蟹写褍褕薪褘泄	0.000579	1.469676	0.000851
胁芯蟹屑芯卸薪芯	0.000579	1.469676	0.000851
胁芯泄褌懈	0.000289	0.000000	0.000000
胁芯谢芯胁邪薪	0.000289	0.116534	0.000034
胁芯谢褕械斜薪褘泄	0.000289	0.116534	0.000034
胁芯谢褕械斜褋褌胁芯	0.000289	0.116534	0.000034
胁芯芯斜褖械	0.000579	1.386294	0.000802
胁芯锌褉芯褋	0.000579	0.000000	0.000000
胁芯褋泻褉械褋薪褘泄	0.000289	2.302585	0.000666
胁芯褋褌芯褔薪褘泄	0.000289	0.127833	0.000037
胁锌械褉胁褘械	0.000289	1.560648	0.000452
胁锌械褉械写懈	0.000289	2.407946	0.000697
胁褉械屑褟	0.002025	0.105361	0.000213
胁褉芯写械	0.000579	1.897120	0.001098
胁褋械谐写邪	0.000289	0.653926	0.000189
胁褋锌芯屑薪懈褌褜	0.000289	0.040822	0.000012
胁褌芯褉芯械	0.000289	0.116534	0.000034
胁褌芯褉芯泄	0.000289	0.116534	0.000034
胁褏芯写	0.000868	0.030459	0.000026
胁褘泄褌懈	0.000289	0.040822	0.000012
胁褘泻谢邪写褘胁邪褌褜	0.000289	1.660731	0.000481
胁褘锌械褔泻邪	0.006366	0.040822	0.000260
胁褘锌械褔褜	0.000289	3.912023	0.001132
胁褘褋褌邪胁懈褌褜	0.000579	2.813411	0.001628
胁褘褏芯写薪芯泄	0.000289	2.040221	0.000590
胁褜械褌薪邪屑褋泻懈泄	0.000289	0.116534	0.000034
谐邪胁邪泄褋泻懈泄	0.000289	0.116534	0.000034
谐邪谢懈褔懈薪邪	0.000289	3.506558	0.001015
谐邪褉薪懈褉	0.001447	0.040822	0.000059
谐邪褋锌邪褔芯	0.000289	0.040822	0.000012
谐邪褕褢薪褘泄	0.000579	2.207275	0.001277
谐械芯谐褉邪褎懈褟	0.000289	0.116534	0.000034
谐谢邪胁薪芯械	0.000289	1.139434	0.000330
谐谢邪胁薪褘泄	0.000289	0.040822	0.000012
谐谢邪蟹褍褉褜	0.000868	0.040822	0.000035
谐谢懈薪褌胁械泄薪	0.000289	0.040822	0.000012
谐芯胁芯褉懈褌褜	0.000289	1.272966	0.000368
谐芯胁褟写懈薪邪	0.001157	0.116534	0.000135
谐芯写	0.007523	0.083382	0.000627
谐芯谢谢邪薪写褋泻懈泄	0.000289	0.116534	0.000034
谐芯褉芯写	0.000289	0.116534	0.000034
谐芯褉芯褏	0.000289	0.116534	0.000034
谐芯褉褔懈褑邪	0.000868	0.040822	0.000035
谐芯褉褕芯褔械泻	0.000579	0.040822	0.000024
谐芯褉褟褔械械	0.000579	0.116534	0.000067
谐芯褉褟褔懈泄	0.012731	0.105361	0.001341
谐芯褋褌褜	0.000579	0.116534	0.000067
谐芯褌芯胁懈褌褜	0.005498	0.083382	0.000458
谐褉械薪泻邪	0.000579	0.040822	0.000024
谐褉械褔械褋泻懈泄	0.000289	0.116534	0.000034
谐褉械褔泻邪	0.000289	0.040822	0.000012
谐褉懈斜	0.002894	0.040822	0.000118
谐褉懈斜薪芯泄	0.000579	0.040822	0.000024
谐褉懈谢褜	0.002894	0.105361	0.000305
谐褉懈谢褜屑邪薪懈褟	0.000289	0.116534	0.000034
谐褉芯谐	0.000289	0.040822	0.000012
谐褉褍蟹懈薪褋泻懈泄	0.000289	0.116534	0.000034
谐褉褍锌锌邪	0.000289	0.061875	0.000018
谐褍谢褜褔械褏褉	0.000579	3.218876	0.001863
谐褍褉屑	0.000289	0.127833	0.000037
谐褍褉屑邪薪懈褟	0.001736	0.116534	0.000202
谐褍褋褜	0.000579	0.105361	0.000061
写邪胁邪褌褜	0.000289	0.040822	0.000012
写邪胁薪芯	0.000579	0.967584	0.000560
写邪薪薪褘械	0.000289	0.040822	0.000012
写邪褉	0.000289	0.116534	0.000034
写邪褉懈泄	0.000289	3.506558	0.001015
写邪褌邪	0.000579	0.248461	0.000144
写邪褌褋泻懈泄	0.000289	0.116534	0.000034
写邪褌褜	0.000289	0.040822	0.000012
写邪褔薪褘泄	0.000868	0.116534	0.000101
写械胁芯褔泻邪	0.000579	1.171183	0.000678
写械泻芯褉	0.000289	0.127833	0.000037
写械谢邪褌褜	0.001157	0.083382	0.000097
写械谢懈褌褜褋褟	0.000289	0.040822	0.000012
写械谢芯	0.000579	0.105361	0.000061
写械屑芯薪懈泻邪	0.000289	2.525729	0.000731
写械薪褜	0.002025	0.040822	0.000083
写械褋械褉褌	0.007234	0.040822	0.000295
写械褋械褉褌邪褑懈褟	0.000289	0.116534	0.000034
写械褋械褉褌薪褘泄	0.000289	0.116534	0.000034
写卸械蟹胁邪	0.000289	3.506558	0.001015
写卸械屑	0.000289	0.040822	0.000012
写卸械屑邪	0.000289	0.040822	0.000012
写蟹械薪	0.000289	0.116534	0.000034
写懈械褌邪	0.000579	0.094311	0.000055
写懈泻懈泄	0.000868	0.116534	0.000101
写懈锌	0.000289	0.116534	0.000034
写懈褔褜	0.000868	0.116534	0.000101
写薪械胁薪懈泻	0.000289	0.061875	0.000018
写芯斜邪胁懈褌褜	0.000289	0.083382	0.000024
写芯斜邪胁谢械薪懈械	0.000289	0.223144	0.000065
写芯斜邪胁谢褟褌褜	0.000579	0.040822	0.000024
写芯斜褉芯褎谢芯褌	0.000289	0.127833	0.000037
写芯胁械褉褟褌褜	0.000289	0.116534	0.000034
写芯胁芯谢褜薪芯	0.000289	1.609438	0.000466
写芯谢谐芯	0.000289	1.514128	0.000438
写芯屑	0.002894	0.040822	0.000118
写芯屑邪褕薪懈泄	0.003762	0.040822	0.000154
写褉邪泄胁	0.001447	0.127833	0.000185
写褉芯卸卸械胁芯泄	0.000289	0.116534	0.000034
写褍屑邪褌褜	0.000289	0.634878	0.000184
写褍褏芯胁泻邪	0.001447	0.105361	0.000152
写褍褕邪	0.000868	0.105361	0.000091
写褍褕懈褋褌褘泄	0.000579	1.237874	0.000716
械胁褉械泄褋泻懈泄	0.000289	0.116534	0.000034
械谐懈锌械褌褋泻懈泄	0.000289	0.116534	0.000034
械写懈薪褘泄	0.000289	0.000000	0.000000
械泻芯	0.000289	0.127833	0.000037
卸邪褉泻芯械	0.000289	0.040822	0.000012
卸械谢械	0.000868	0.040822	0.000035
卸械谢褌芯泻	0.000579	1.237874	0.000716
卸械薪褋泻懈泄	0.000579	0.020203	0.000012
卸械薪褖懈薪邪	0.000579	0.061875	0.000036
卸卸	0.000289	3.218876	0.000931
卸懈蟹薪褜	0.000579	0.040822	0.000024
卸褍谢褜械薪	0.000289	0.040822	0.000012
卸褍褉薪邪谢	0.000579	0.072571	0.000042
卸褞谢褜械薪	0.000289	0.040822	0.000012
卸褞谢褜薪褘泄	0.000289	0.040822	0.000012
蟹邪胁邪褉薪芯泄	0.000579	0.116534	0.000067
蟹邪胁褌褉邪泻	0.002604	0.094311	0.000246
蟹邪谐芯褌芯胁泻邪	0.001157	0.040822	0.000047
蟹邪写邪胁邪褌褜	0.000579	0.040822	0.000024
蟹邪泻胁邪褋泻邪	0.000868	0.040822	0.000035
蟹邪泻褉褘褌褘泄	0.000289	0.116534	0.000034
蟹邪泻褍褋泻邪	0.006076	0.040822	0.000248
蟹邪泻褍褋芯薪褔懈泻	0.000289	0.116534	0.000034
蟹邪泻褍褋芯褔泻邪	0.000289	0.116534	0.000034
蟹邪泻褍褋芯褔薪邪褟	0.002604	0.116534	0.000303
蟹邪谢懈胁薪芯械	0.000579	0.040822	0.000024
蟹邪屑械褔邪褌械谢褜薪褘泄	0.000289	0.713350	0.000206
蟹邪屑芯褉芯蟹泻邪	0.000289	0.105361	0.000030
蟹邪锌邪写	0.000289	0.116534	0.000034
蟹邪锌械泻邪薪泻邪	0.004919	0.040822	0.000201
蟹邪锌褉邪胁泻邪	0.000579	0.040822	0.000024
蟹邪锌褉芯褋	0.000289	2.120264	0.000614
蟹邪褉邪薪械械	0.000289	1.660731	0.000481
蟹邪褉械谐懈褋褌褉懈褉芯胁邪褌褜褋褟	0.000579	0.030459	0.000018
蟹邪褋芯谢泻邪	0.000289	0.116534	0.000034
蟹邪褌褉邪褌邪	0.000289	2.813411	0.000814
蟹邪褏芯写懈褌褜	0.000289	0.733969	0.000212
蟹邪褟褑	0.000579	0.116534	0.000067
蟹胁邪薪褘泄	0.000289	0.127833	0.000037
蟹胁械蟹写邪	0.000289	0.116534	0.000034
蟹胁褢蟹写薪褘泄	0.000289	0.116534	0.000034
蟹写芯褉芯胁褘泄	0.000579	0.116534	0.000067
蟹械谢械薪褜	0.000868	0.094311	0.000082
蟹械褎懈褉	0.000289	0.040822	0.000012
蟹懈屑邪	0.001157	0.040822	0.000047
蟹懈屑薪懈泄	0.000289	0.051293	0.000015
蟹薪邪褌褜	0.000868	0.462035	0.000401
蟹芯谢芯褌芯泄	0.000289	0.116534	0.000034
懈胁邪薪芯胁	0.000289	0.127833	0.000037
懈写械邪谢褜薪褘泄	0.002315	0.116534	0.000270
懈写械泄泻邪	0.000289	0.116534	0.000034
懈蟹写械谢懈械	0.003183	0.116534	0.000371
懈蟹褍屑懈褌械谢褜薪褘泄	0.000289	1.714798	0.000496
懈蟹褞屑	0.001157	1.897120	0.002196
懈泻褉邪	0.000868	0.040822	0.000035
懈屑械褌褜	0.000289	1.171183	0.000339
懈屑褟	0.000289	0.030459	0.000009
懈薪邪褔械	0.000289	1.897120	0.000549
懈薪胁械褉褌芯褉薪褘泄	0.000289	0.127833	0.000037
懈薪谐褉械写懈械薪褌	0.008681	0.139262	0.001209
懈薪写械泄泻邪	0.001736	0.094311	0.000164
懈薪写懈泄褋泻懈泄	0.000289	0.116534	0.000034
懈薪写懈谢邪泄褌邪	0.000868	0.116534	0.000101
懈薪写懈褉械褋薪褘泄	0.000289	0.116534	0.000034
懈薪褋褌褉褍泻褑懈褟	0.000289	0.030459	0.000009
懈薪褌械褉薪械褌	0.000579	0.967584	0.000560
懈褉邪泻褋泻懈泄	0.000289	0.116534	0.000034
懈褉邪薪褋泻懈泄	0.000289	0.116534	0.000034
懈褉谢邪薪写褋泻懈泄	0.000289	0.116534	0.000034
懈褉褉械蟹邪	0.001157	1.347074	0.001559
懈褋泻褉械薪薪械	0.000289	0.116534	0.000034
懈褋谢邪薪写褋泻懈泄	0.000289	0.116534	0.000034
懈褋锌邪薪褋泻懈泄	0.000289	0.116534	0.000034
懈褋锌械褔褜	0.000289	0.105361	0.000030
懈褋锌芯谢薪械薪懈械	0.000289	2.525729	0.000731
懈褋褌芯褉懈褟	0.001736	0.116534	0.000202
懈褋褌芯褔薪懈泻	0.000289	2.407946	0.000697
懈褌邪谢懈褟	0.000579	0.105361	0.000061
懈褌邪谢褜褟薪褋泻懈泄	0.000289	0.105361	0.000030
懈褞谢褜	0.000289	0.579818	0.000168
懈褞薪褜	0.000289	0.562119	0.000163
泄芯谐褍褉褌	0.000868	0.040822	0.000035
泻邪斜邪褔芯泻	0.000289	0.040822	0.000012
泻邪胁泻邪蟹褋泻懈泄	0.000289	0.116534	0.000034
泻邪蟹邪薪	0.000289	0.116534	0.000034
泻邪蟹邪褏褋泻懈泄	0.000289	0.116534	0.000034
泻邪泻邪芯	0.001736	0.040822	0.000071
泻邪谢械泄写芯褋泻芯锌	0.001157	0.116534	0.000135
泻邪谢屑褘褑泻懈泄	0.000289	0.116534	0.000034
泻邪谢褜屑邪褉	0.000289	0.040822	0.000012
泻邪屑械褉邪	0.000289	0.116534	0.000034
泻邪薪邪写褋泻懈泄	0.000289	0.116534	0.000034
泻邪薪邪谢	0.000868	0.040822	0.000035
泻邪薪邪锌械	0.000579	0.040822	0.000024
泻邪锌褍褋褌邪	0.001447	0.040822	0.000059
泻邪锌褍褋褌薪褘泄	0.000289	1.609438	0.000466
泻邪锌褍褋褌薪褟泻	0.000289	0.040822	0.000012
泻邪褉邪屑械谢褜	0.000289	0.040822	0.000012
泻邪褉泻邪褋薪褘泄	0.001157	0.116534	0.000135
泻邪褉褌芯褎械谢褜	0.001447	0.040822	0.000059
泻邪褉褌芯褎械谢褜薪褘泄	0.000579	0.040822	0.000024
泻邪褉褌芯褕泻邪	0.000868	0.040822	0.000035
泻邪褌械谐芯褉懈褟	0.004630	0.116534	0.000540
泻邪褔械褋褌胁芯	0.000289	0.105361	0.000030
泻邪褕邪	0.002025	0.040822	0.000083
泻胁邪褋	0.001157	0.040822	0.000047
泻胁邪褋薪芯泄	0.000868	0.116534	0.000101
泻械泻褋	0.000868	0.040822	0.000035
泻械褎懈褉	0.000868	0.040822	0.000035
泻懈屑褔邪褌褜	0.000289	0.040822	0.000012
泻懈薪芯邪	0.000579	0.127833	0.000074
泻懈薪芯谢械薪褌邪	0.000289	0.116534	0.000034
泻懈褋械谢褜	0.000579	0.040822	0.000024
泻懈褌邪泄褋泻懈泄	0.000289	0.116534	0.000034
泻谢邪褋褋	0.002604	0.116534	0.000303
泻薪懈谐邪	0.000579	0.040822	0.000024
泻芯泄	0.000289	2.525729	0.000731
泻芯泻褌械泄谢褜	0.001736	0.040822	0.000071
泻芯谢斜邪褋邪	0.000289	0.040822	0.000012
泻芯谢斜邪褋薪褘泄	0.000868	0.116534	0.000101
泻芯谢懈褔械褋褌胁芯	0.000289	1.386294	0.000401
泻芯屑邪薪写邪	0.000579	0.127833	0.000074
泻芯屑懈	0.000289	0.116534	0.000034
泻芯屑屑械薪褌邪褉懈泄	0.000289	0.127833	0.000037
泻芯屑锌邪薪懈褟	0.000289	0.105361	0.000030
泻芯屑锌芯褌	0.000868	0.040822	0.000035
泻芯薪写懈褌械褉褋泻懈泄	0.000289	2.120264	0.000614
泻芯薪械褑	0.000289	1.966113	0.000569
泻芯薪懈薪邪	0.000289	0.116534	0.000034
泻芯薪泻褍褉褋	0.062500	0.040822	0.002551
泻芯薪泻褍褉褋薪褘泄	0.000289	0.127833	0.000037
泻芯薪褋械褉胁懈褉芯胁邪薪懈械	0.000289	0.040822	0.000012
泻芯薪褋械褉胁懈褉芯胁邪薪薪褘泄	0.001447	0.116534	0.000169
泻芯薪褎械褌邪	0.000868	0.040822	0.000035
泻芯薪褎械褌褌懈	0.000289	0.116534	0.000034
泻芯薪褎懈写械薪褑懈邪谢褜薪芯褋褌褜	0.000289	0.040822	0.000012
泻芯薪褎懈褌褞褉	0.000289	0.040822	0.000012
泻芯锌褔褢薪芯褋褌褜	0.000289	0.116534	0.000034
泻芯褉械泄褋泻懈	0.000289	0.040822	0.000012
泻芯褉械泄褋泻懈泄	0.000289	0.105361	0.000030
泻芯褉卸懈泻	0.000289	0.040822	0.000012
泻芯褉懈褔薪械胁褘泄	0.000579	1.272966	0.000737
泻芯褉屑懈褌褜	0.000289	0.116534	0.000034
泻芯褉薪褍褝谢褜褋泻懈泄	0.000289	2.525729	0.000731
泻芯褋褌褢褉	0.000289	2.407946	0.000697
泻芯褌谢械褌邪	0.000289	0.040822	0.000012
泻芯褎械	0.000868	0.040822	0.000035
泻芯褎械泄薪褟	0.000289	3.506558	0.001015
泻芯褎械褢泻	0.000289	2.659260	0.000769
泻褉邪褋邪胁械褑	0.000289	2.659260	0.000769
泻褉邪褋懈胁褘泄	0.000289	0.843970	0.000244
泻褉邪褋泻邪	0.000289	0.116534	0.000034
泻褉邪褏屑邪谢	0.001447	0.891598	0.001290
泻褉械邪褌懈胁	0.000289	0.127833	0.000037
泻褉械屑	0.000868	0.040822	0.000035
泻褉械锌泻懈泄	0.000289	0.116534	0.000034
泻褉芯谢懈泻	0.000579	0.116534	0.000067
泻褉芯屑械	0.000289	0.061875	0.000018
泻褉芯褏邪	0.000289	0.116534	0.000034
泻褉褍谐	0.000579	0.116534	0.000067
泻褉褍锌	0.001736	0.105361	0.000183
泻褉褍锌邪	0.004919	0.116534	0.000573
泻褉褍锌褟薪芯泄	0.000289	0.116534	0.000034
泻褍斜械褌邪	0.000579	3.218876	0.001863
泻褍斜懈薪褋泻懈泄	0.000289	0.116534	0.000034
泻褍谢械褕	0.000289	0.040822	0.000012
泻褍谢懈薪邪褉懈褟	0.000868	0.094311	0.000082
泻褍谢懈薪邪褉薪褘泄	0.001736	0.000000	0.000000
泻褍谢懈褔	0.000579	0.040822	0.000024
泻褍薪卸褍褌	0.000579	0.994252	0.000575
泻褍褉写褋泻懈泄	0.000289	0.116534	0.000034
泻褍褉懈薪褘泄	0.007812	0.094311	0.000737
泻褍褉懈褑邪	0.002025	0.040822	0.000083
泻褍褉芯褔泻邪	0.000289	0.116534	0.000034
泻褍褋泻褍褋	0.000289	0.040822	0.000012
泻褍褏薪褟	0.002604	0.040822	0.000106
谢邪胁邪褕	0.002604	0.040822	0.000106
谢邪谐屑邪薪	0.000289	0.040822	0.000012
谢邪泻芯屑褋褌胁芯	0.000579	0.116534	0.000067
谢邪锌褕邪	0.000579	0.040822	0.000024
谢邪褌褘褕褋泻懈泄	0.000289	0.116534	0.000034
谢械谐泻芯	0.002025	0.116534	0.000236
谢械泻	0.000289	3.506558	0.001015
谢械锌褢褕泻邪	0.000868	0.040822	0.000035
谢械褌薪懈泄	0.000579	0.040822	0.000024
谢械褌芯	0.001736	0.116534	0.000202
谢械褔芯	0.000289	0.040822	0.000012
谢懈谐邪	0.000868	0.116534	0.000101
谢懈泻褢褉	0.000289	0.040822	0.000012
谢懈屑芯薪	0.000579	0.891598	0.000516
谢懈屑芯薪邪写	0.000579	0.040822	0.000024
谢懈屑芯薪薪褘泄	0.000579	0.713350	0.000413
谢懈褌芯胁褋泻	0.000289	0.127833	0.000037
谢懈褌芯胁褋泻懈泄	0.000289	0.116534	0.000034
谢褍泻	0.002315	0.301105	0.000697
谢褜胁芯胁褋泻懈泄	0.000579	3.506558	0.002029
谢褞斜懈屑褘泄	0.002604	0.116534	0.000303
谢褞斜懈褌械谢褜	0.000289	1.386294	0.000401
谢褞斜芯胁褜	0.000579	0.105361	0.000061
谢褞斜芯泄	0.000579	0.094311	0.000055
谢褞写屑懈谢邪	0.000289	1.771957	0.000513
谢褢谐泻懈泄	0.001157	0.094311	0.000109
谢褢写	0.000289	0.116534	0.000034
屑邪谐褉懈斜	0.000289	0.116534	0.000034
屑邪泄	0.000579	0.116534	0.000067
屑邪泄芯薪械蟹	0.002604	0.116534	0.000303
屑邪泻邪褉芯薪薪褘泄	0.000289	0.116534	0.000034
屑邪泻邪褉芯薪褘	0.000289	0.040822	0.000012
屑邪谢邪蟹懈泄褋泻懈泄	0.000289	0.116534	0.000034
屑邪薪泻邪	0.000289	3.218876	0.000931
屑邪薪薪懈泻	0.001447	0.040822	0.000059
屑邪薪薪褘泄	0.002315	1.609438	0.003726
屑邪薪褋邪褉写邪	0.000289	0.755023	0.000218
屑邪薪褌邪	0.000289	0.116534	0.000034
屑邪薪褢胁褉	0.000289	0.116534	0.000034
屑邪褉邪褎芯薪	0.000868	0.116534	0.000101
屑邪褉谐邪褉懈薪	0.000579	1.609438	0.000931
屑邪褉懈薪邪写	0.003472	0.040822	0.000142
屑邪褉懈薪芯胁邪褌褜	0.000289	0.116534	0.000034
屑邪褉屑械谢邪写	0.000289	0.040822	0.000012
屑邪褉芯泻泻邪薪褋泻懈泄	0.000289	0.116534	0.000034
屑邪褉褌	0.001736	0.105361	0.000183
屑邪褋泻邪褉锌芯薪	0.000868	0.040822	0.000035
屑邪褋谢械薪懈褑邪	0.000868	0.040822	0.000035
屑邪褋谢械薪懈褔薪褘泄	0.000289	0.116534	0.000034
屑邪褋谢芯	0.004630	0.105361	0.000488
屑邪褋褌械褉	0.002604	0.116534	0.000303
屑邪褋褌懈泻邪	0.000579	0.040822	0.000024
屑邪褎褎懈薪邪	0.000289	0.116534	0.000034
屑邪褏械械胁褗	0.001157	0.116534	0.000135
屑械写懈邪褎芯褉褌	0.000868	0.000000	0.000000
屑械写薪褘泄	0.000289	2.813411	0.000814
屑械写芯胁褘泄	0.000289	0.116534	0.000034
屑械写褋械褋褌褉懈褔泻邪	0.000289	3.912023	0.001132
屑械泻褋懈泻邪薪褋泻懈泄	0.000289	0.116534	0.000034
屑械薪褞	0.000289	0.116534	0.000034
屑械薪褟褌褜褋褟	0.000289	0.116534	0.000034
屑械褔褌邪	0.000868	0.040822	0.000035
屑懈写懈褟	0.000289	0.040822	0.000012
屑懈泻褉芯胁芯谢薪芯胁泻邪	0.000868	0.105361	0.000091
屑懈泻褉芯胁芯谢薪芯胁芯泄	0.000289	4.605170	0.001333
屑懈谢械薪邪	0.000289	4.605170	0.001333
屑懈谢褜褟	0.000289	0.116534	0.000034
屑懈薪褍褌邪	0.001447	0.544727	0.000788
屑懈芯	0.000289	0.116534	0.000034
屑懈褉	0.000579	0.105361	0.000061
屑懈褉芯胁芯泄	0.000289	0.116534	0.000034
屑懈褋芯	0.000289	0.040822	0.000012
屑懈褋褌械褉懈褟	0.000289	0.116534	0.000034
屑懈褋褌褉邪谢褜	0.002025	0.116534	0.000236
屑谢邪写褕懈泄	0.000289	3.912023	0.001132
屑屑屑屑屑屑屑屑	0.000289	2.659260	0.000769
屑薪芯谐芯	0.000579	0.776529	0.000449
屑薪芯卸械褋褌胁芯	0.000289	0.040822	0.000012
屑芯泄	0.002604	0.083382	0.000217
屑芯谢写邪胁褋泻懈泄	0.000289	0.116534	0.000034
屑芯谢芯泻芯	0.004051	0.083382	0.000338
屑芯谢芯褔薪褘泄	0.001736	0.040822	0.000071
屑芯屑械薪褌	0.000868	0.105361	0.000091
屑芯薪谐芯谢褜褋泻懈泄	0.000289	0.116534	0.000034
屑芯褉械	0.000289	0.116534	0.000034
屑芯褉械锌褉芯写褍泻褌	0.003762	0.040822	0.000154
屑芯褉泻芯胁褜	0.000289	0.040822	0.000012
屑芯褉芯卸械薪芯械	0.000868	0.040822	0.000035
屑芯褉褋	0.000579	0.040822	0.000024
屑芯褌芯褉	0.000289	0.116534	0.000034
屑芯褏懈褌褘泄	0.000289	0.040822	0.000012
屑芯褔褜	0.000579	0.000000	0.000000
屑褍卸褋泻芯泄	0.000289	0.127833	0.000037
屑褍卸褔懈薪邪	0.000579	0.116534	0.000067
屑褍泻邪	0.006076	0.248461	0.001510
屑褍谢褜褌懈胁邪褉泻邪	0.010995	0.116534	0.001281
屑褍谢褜褌懈锌械泻邪褉褜	0.000868	0.116534	0.000101
屑褍褋褋	0.000289	0.040822	0.000012
屑褍褋褋邪	0.000868	0.040822	0.000035
屑褍褔薪芯泄	0.000289	0.116534	0.000034
屑褞褋谢懈	0.000579	0.116534	0.000067
屑褟褋薪芯泄	0.003762	0.040822	0.000154
屑褟褋芯	0.008391	0.040822	0.000343
薪邪写械褟褌褜褋褟	0.000289	1.609438	0.000466
薪邪蟹胁邪薪懈械	0.000579	0.562119	0.000325
薪邪蟹薪邪褔械薪懈械	0.000289	0.116534	0.000034
薪邪泄褌懈	0.001157	0.446287	0.000517
薪邪谢懈胁泻邪	0.000289	0.040822	0.000012
薪邪屑薪芯谐芯	0.000289	2.407946	0.000697
薪邪锌懈褌芯泻	0.002025	0.040822	0.000083
薪邪褋褌芯泄泻邪	0.000289	0.040822	0.000012
薪邪褋褌芯褟褌械谢褜薪芯	0.000289	2.040221	0.000590
薪邪褋褌褉芯械薪懈械	0.000289	0.116534	0.000034
薪邪褏芯写泻邪	0.000289	2.407946	0.000697
薪邪褑懈芯薪邪谢褜薪褘泄	0.000289	0.116534	0.000034
薪邪褔邪谢芯	0.000289	1.514128	0.000438
薪邪褔懈薪泻邪	0.001157	0.040822	0.000047
薪邪褕	0.001157	0.040822	0.000047
薪械胁芯蟹屑芯卸薪芯	0.000868	1.347074	0.001169
薪械写械谢褟	0.002894	0.051293	0.000148
薪械卸薪褘泄	0.001447	0.094311	0.000136
薪械蟹邪屑械薪懈屑褘泄	0.000289	3.506558	0.001015
薪械屑械褑泻懈泄	0.000289	0.116534	0.000034
薪械芯斜褘泻薪芯胁械薪薪芯	0.000579	1.897120	0.001098
薪械芯斜褘泻薪芯胁械薪薪褘泄	0.000289	2.995732	0.000867
薪械芯斜褘褔薪褘泄	0.000289	0.916291	0.000265
薪械芯卸懈写邪薪薪褘泄	0.000289	0.116534	0.000034
薪械褋谢邪写泻懈泄	0.000289	0.116534	0.000034
薪械褋褉邪胁薪懈屑褘泄	0.000289	4.605170	0.001333
薪懈泻邪泻芯泄	0.000289	1.203973	0.000348
薪懈薪邪	0.000289	1.078810	0.000312
薪泻	0.000289	1.771957	0.000513
薪芯胁芯谐芯写薪懈泄	0.006655	0.040822	0.000272
薪芯胁芯褋褌褜	0.000289	0.061875	0.000018
薪芯胁褘泄	0.003472	0.030459	0.000106
薪芯褉胁械卸褋泻懈泄	0.000289	0.116534	0.000034
薪芯褟斜褉褜	0.000579	0.527633	0.000305
薪褉邪胁懈褌褜褋褟	0.000289	0.941609	0.000272
薪褞邪薪褋	0.000289	2.659260	0.000769
薪褟屑泻邪	0.000868	2.659260	0.002308
芯斜邪谢写械薪薪褘泄	0.000289	1.771957	0.000513
芯斜械写	0.000868	0.105361	0.000091
芯斜械蟹褜褟薪邪	0.000289	0.116534	0.000034
芯斜芯卸邪褌褜	0.000289	1.386294	0.000401
芯斜褖邪褌褜褋褟	0.000289	0.040822	0.000012
芯胁芯褖	0.006076	0.094311	0.000573
芯胁芯褖薪芯泄	0.002604	0.040822	0.000106
芯胁褋褟薪褘泄	0.000289	0.105361	0.000030
芯谐薪械薪薪褘泄	0.000289	0.116534	0.000034
芯谐芯薪褜	0.000289	0.094311	0.000027
芯谐褍褉械褑	0.000579	0.116534	0.000067
芯写懈薪邪泻芯胁芯	0.000289	3.506558	0.001015
芯泻邪蟹邪褌褜褋褟	0.000289	1.514128	0.000438
芯泻褉芯褕泻邪	0.000868	0.040822	0.000035
芯泻褌褟斜褉褜	0.000579	0.562119	0.000325
芯谢邪写褜褟	0.001447	0.040822	0.000059
芯谢械泄薪芯泄	0.001157	0.116534	0.000135
芯谢械泄薪褘泄	0.001157	0.116534	0.000135
芯谢褜谐邪	0.000289	1.386294	0.000401
芯屑谢械褌	0.000289	0.040822	0.000012
芯锌邪褉邪	0.000289	0.040822	0.000012
芯锌褉械写械谢懈褌褜	0.000289	2.813411	0.000814
芯锌褉芯褋	0.000289	0.061875	0.000018
芯褋械薪薪懈泄	0.001157	0.051293	0.000059
芯褋械薪褜	0.002894	0.105361	0.000305
芯褋薪芯胁薪褘泄	0.000289	0.040822	0.000012
芯褋褌邪胁邪褌褜褋褟	0.000289	0.116534	0.000034
芯褋褌邪薪芯胁懈褌褜褋褟	0.000289	1.560648	0.000452
芯褌斜懈胁薪芯泄	0.000289	2.120264	0.000614
芯褌胁械褌	0.000868	0.000000	0.000000
芯褌胁械褌懈褌褜	0.000289	0.051293	0.000015
芯褌泻褉褘褌懈械	0.000289	2.120264	0.000614
芯褌泻褉褘褌褘泄	0.000579	0.105361	0.000061
芯褌谢懈褔邪褌褜褋褟	0.000289	1.469676	0.000425
芯褌谢懈褔懈械	0.000289	3.506558	0.001015
芯褌谢懈褔薪芯	0.000289	1.514128	0.000438
芯褌屑械薪懈褌褜	0.000289	0.040822	0.000012
芯褌薪芯褕械薪懈械	0.000289	1.714798	0.000496
芯褌芯褉胁邪褌褜褋褟	0.000289	2.120264	0.000614
芯褏谢邪写懈褌褜	0.000289	0.116534	0.000034
锌邪泻械褌懈泻	0.000289	0.105361	0.000030
锌邪谢芯褔泻邪	0.000289	0.040822	0.000012
锌邪薪懈褉芯胁泻邪	0.002315	0.116534	0.000270
锌邪褉邪	0.000868	0.116534	0.000101
锌邪褉邪写	0.002025	0.116534	0.000236
锌邪褉芯胁邪褉泻邪	0.002604	0.105361	0.000274
锌邪褉芯谢褜	0.000289	0.020203	0.000006
锌邪褋褌邪	0.000868	0.040822	0.000035
锌邪褋褌褉芯屑邪	0.000289	0.040822	0.000012
锌邪褋褏邪	0.000579	0.040822	0.000024
锌邪褋褏邪谢褜薪褘泄	0.000868	0.116534	0.000101
锌邪褕褌械褌	0.000868	0.040822	0.000035
锌械泻邪褉褜	0.000289	0.127833	0.000037
锌械谢褜屑械薪褜	0.000289	0.116534	0.000034
锌械褉胁褘泄	0.001447	0.040822	0.000059
锌械褉械泄褌懈	0.000289	0.040822	0.000012
锌械褉械泻褍褋	0.000579	0.116534	0.000067
锌械褉械褋屑芯褌褉械褌褜	0.000289	2.302585	0.000666
锌械褉械褑	0.002025	0.040822	0.000083
锌械褉褋芯薪邪	0.000289	0.116534	0.000034
锌械褉褍邪薪褋泻懈泄	0.000289	0.116534	0.000034
锌械褋芯褔薪褘泄	0.000868	0.105361	0.000091
锌械褌械谢懈薪泻	0.000289	0.127833	0.000037
锌械褔械薪懈械	0.002604	0.040822	0.000106
锌械褔褜	0.000579	0.116534	0.000067
锌械褔褢薪芯褔薪褘泄	0.000289	0.040822	0.000012
锌懈胁芯	0.000289	0.116534	0.000034
锌懈泻邪薪褌	0.000289	0.127833	0.000037
锌懈泻邪薪褌薪褘泄	0.000289	1.514128	0.000438
锌懈泻薪懈泻	0.001157	0.105361	0.000122
锌懈锌械褑	0.000289	2.659260	0.000769
锌懈褉	0.000289	0.116534	0.000034
锌懈褉芯谐	0.005787	0.040822	0.000236
锌懈褉芯卸薪芯械	0.000579	0.040822	0.000024
锌懈褉芯卸芯泻	0.000289	0.040822	0.000012
锌懈褌邪薪懈械	0.001447	0.094311	0.000136
锌懈褑褑邪	0.000579	0.040822	0.000024
锌谢邪屑褟	0.000289	0.116534	0.000034
锌谢懈褌邪	0.001157	0.116534	0.000135
锌谢芯胁	0.000289	0.116534	0.000034
锌谢芯写	0.000289	0.116534	0.000034
锌芯胁邪褉褢薪芯泻	0.001736	0.000000	0.000000
锌芯胁懈写谢芯	0.000289	0.040822	0.000012
锌芯写邪褉芯泻	0.000289	0.116534	0.000034
锌芯写械谢懈褌褜褋褟	0.000579	0.400478	0.000232
锌芯写谢懈胁	0.000289	0.116534	0.000034
锌芯写谢懈胁泻邪	0.000289	0.040822	0.000012
锌芯写芯斜薪褘泄	0.000579	1.427116	0.000826
锌芯写锌懈褋邪褌褜褋褟	0.000868	0.040822	0.000035
锌芯写褉芯斜薪芯	0.000289	2.659260	0.000769
锌芯写褋泻邪蟹邪褌褜	0.000579	1.832581	0.001061
锌芯写褋芯谢薪械褔薪褘泄	0.000579	1.347074	0.000780
锌芯械写懈薪芯泻	0.004051	0.116534	0.000472
锌芯卸邪谢械褌褜	0.000289	1.771957	0.000513
锌芯卸邪谢褍泄褋褌邪	0.000289	1.966113	0.000569
锌芯蟹写褉邪胁懈褌褜	0.000289	0.116534	0.000034
锌芯懈褋泻	0.000289	0.051293	0.000015
锌芯泻褍锌薪芯泄	0.000289	3.506558	0.001015
锌芯谢写薪懈泻	0.000579	0.116534	0.000067
锌芯谢械蟹薪芯	0.000289	0.116534	0.000034
锌芯谢械蟹薪褘泄	0.000289	1.427116	0.000413
锌芯谢懈褌懈泻邪	0.000289	0.040822	0.000012
锌芯谢薪褘泄	0.000289	1.237874	0.000358
锌芯谢芯胁懈薪邪	0.002315	0.105361	0.000244
锌芯谢褍褔邪褌褜	0.000579	0.040822	0.000024
锌芯谢褍褔懈褌褜	0.000289	1.237874	0.000358
锌芯谢褍褔懈褌褜褋褟	0.000289	0.653926	0.000189
锌芯谢褜蟹邪	0.001447	0.116534	0.000169
锌芯谢褜褋泻懈泄	0.000289	0.116534	0.000034
锌芯屑邪写泻邪	0.000868	0.040822	0.000035
锌芯屑懈写芯褉	0.001157	0.116534	0.000135
锌芯屑懈写芯褉泻	0.000289	0.127833	0.000037
锌芯薪褉邪胁懈褌褜褋褟	0.000579	0.040822	0.000024
锌芯薪褔懈泻	0.000579	0.040822	0.000024
锌芯薪褟褌褜	0.000289	1.660731	0.000481
锌芯锌邪褋褌褜	0.000289	2.207275	0.000639
锌芯锌褉芯斜芯胁邪褌褜	0.001157	0.248461	0.000288
锌芯褉邪	0.000289	0.105361	0.000030
锌芯褉邪写芯胁邪褌褜	0.000868	1.309333	0.001137
锌芯褉芯谐	0.000289	2.813411	0.000814
锌芯褉芯褕芯泻	0.001157	0.916291	0.001061
锌芯褉褌褍谐邪谢褜褋泻懈泄	0.000289	0.116534	0.000034
锌芯褉褑懈褟	0.000289	1.660731	0.000481
锌芯褋械褖邪褌褜	0.000289	0.061875	0.000018
锌芯褋褌	0.001447	0.105361	0.000152
锌芯褋褌薪褘泄	0.000868	0.040822	0.000035
锌芯褋褌芯褟薪薪芯	0.000289	0.040822	0.000012
锌芯褋褌褉芯懈褌褜	0.000289	0.105361	0.000030
锌芯褋褍写邪	0.000579	0.094311	0.000055
锌芯褌褉褟褋邪褌褜	0.000289	1.272966	0.000368
锌芯褏芯卸械	0.000289	3.506558	0.001015
锌芯褔褌邪	0.000289	0.040822	0.000012
锌芯褕邪谐芯胁褘泄	0.000579	0.040822	0.000024
锌褉邪胁写邪	0.000289	1.139434	0.000330
锌褉邪胁懈谢芯	0.000289	2.207275	0.000639
锌褉邪蟹写薪械褋褌胁芯	0.000289	2.407946	0.000697
锌褉邪蟹写薪懈泻	0.000289	0.105361	0.000030
锌褉邪蟹写薪懈褔薪芯	0.000289	0.116534	0.000034
锌褉邪蟹写薪懈褔薪褘泄	0.000868	0.105361	0.000091
锌褉邪泻褌懈泻褍屑	0.000289	0.116534	0.000034
锌褉械胁芯褋褏芯写薪褘泄	0.000289	0.116534	0.000034
锌褉械胁褉邪褖械薪懈械	0.000289	0.116534	0.000034
锌褉械写谢邪谐邪褌褜	0.000579	0.693147	0.000401
锌褉械写谢芯卸懈褌褜	0.000289	1.108663	0.000321
锌褉械写褋褌邪胁懈褌褜	0.000289	1.347074	0.000390
锌褉械写褍锌褉械卸写邪褌褜	0.000289	3.506558	0.001015
锌褉械褋薪褘泄	0.000289	0.116534	0.000034
锌褉懈胁械褌懈泻	0.000289	3.218876	0.000931
锌褉懈谐芯褌芯胁懈褌褜	0.001447	0.083382	0.000121
锌褉懈谐芯褌芯胁谢械薪懈械	0.001736	0.040822	0.000071
锌褉懈写褍屑邪褌褜	0.000289	1.237874	0.000358
锌褉懈蟹	0.000289	0.040822	0.000012
锌褉懈蟹薪邪薪懈械	0.000289	0.116534	0.000034
锌褉懈薪褑懈锌懈邪谢褜薪褘泄	0.000289	3.912023	0.001132
锌褉懈锌褉邪胁邪	0.000289	0.040822	0.000012
锌褉懈褉芯写邪	0.000579	0.105361	0.000061
锌褉懈褋芯械写懈薪褟褌褜褋褟	0.000289	3.912023	0.001132
锌褉懈褋褌褍锌懈褌褜	0.000289	0.040822	0.000012
锌褉芯胁械褉懈褌褜	0.001736	0.116534	0.000202
锌褉芯胁械褋褌懈	0.001157	0.116534	0.000135
锌褉芯胁芯写懈褌褜	0.000289	0.040822	0.000012
锌褉芯胁芯卸邪褌褜	0.000289	0.116534	0.000034
锌褉芯写褍泻褌	0.000579	0.072571	0.000042
锌褉芯械泻褌	0.000579	0.051293	0.000030
锌褉芯锌芯褉褑懈褟	0.000289	1.609438	0.000466
锌褉芯褋懈褌褜	0.000289	0.776529	0.000225
锌褉芯褋屑芯褌褉	0.000289	0.274437	0.000079
锌褉芯褋屑芯褌褉械褌褜	0.000289	1.714798	0.000496
锌褉芯褋褌芯	0.002025	0.083382	0.000169
锌褉芯褋褌芯泄	0.001447	0.301105	0.000436
锌褉芯褋褌芯泻胁邪褕邪	0.000289	0.040822	0.000012
锌褉芯褋褌芯褉	0.000579	1.660731	0.000961
锌褉芯褎懈谢褜	0.000289	0.040822	0.000012
锌褉芯褔懈褌邪褌褜	0.000289	1.832581	0.000530
锌褉褟屑芯	0.000289	0.040822	0.000012
锌褉褟薪懈泻	0.000579	0.040822	0.000024
锌褉褟薪懈褔薪褘泄	0.000289	0.116534	0.000034
锌褌懈褑邪	0.005787	0.116534	0.000674
锌褍写懈薪谐	0.000868	0.040822	0.000035
锌褍写褉邪	0.000579	1.771957	0.001025
锌褍薪褕	0.000289	0.040822	0.000012
锌褍褌械褕械褋褌胁懈械	0.000579	0.116534	0.000067
锌褍褌褜	0.000289	0.116534	0.000034
锌褕械薪懈褔薪褘泄	0.005787	0.287682	0.001665
锌褘褕泻邪	0.000289	0.040822	0.000012
锌褞褉械	0.001157	0.040822	0.000047
锌褟褌褜	0.000289	1.771957	0.000513
褉邪谐褍	0.000289	0.116534	0.000034
褉邪蟹	0.001157	0.356675	0.000413
褉邪蟹胁械褉薪褍褌褜	0.000289	0.116534	0.000034
褉邪蟹写械谢褜薪褘泄	0.000289	0.116534	0.000034
褉邪蟹谢懈褔薪褘泄	0.000289	1.714798	0.000496
褉邪蟹薪芯芯斜褉邪蟹薪褘泄	0.000289	3.218876	0.000931
褉邪蟹薪褘泄	0.001157	0.094311	0.000109
褉邪蟹芯屑	0.000289	2.407946	0.000697
褉邪蟹芯褔邪褉芯胁邪褌褜	0.000289	2.995732	0.000867
褉邪蟹褉褘褏谢懈褌械谢褜	0.002315	1.237874	0.002865
褉邪褋褋泻邪蟹邪褌褜	0.000289	1.897120	0.000549
褉邪褋褋芯谢褜薪懈泻	0.000868	0.040822	0.000035
褉邪褋褋褘谢泻邪	0.000289	0.061875	0.000018
褉邪褋褌懈褌械谢褜薪褘泄	0.001157	0.223144	0.000258
褉械斜褢薪芯泻	0.000289	0.094311	0.000027
褉械谐懈褋褌褉邪褑懈褟	0.000868	0.000000	0.000000
褉械蟹褍谢褜褌邪褌	0.000868	0.820981	0.000713
褉械泄褌懈薪谐	0.000289	0.235722	0.000068
褉械泻芯屑械薪写芯胁邪褌褜	0.000579	1.021651	0.000591
褉械锌褔邪褌褘泄	0.002315	0.430783	0.000997
褉械褑械锌褌	0.030961	0.040822	0.001264
褉械褕懈褌褜	0.000289	0.693147	0.000201
褉懈褋	0.001447	0.040822	0.000059
褉懈褌屑	0.000289	0.116534	0.000034
褉芯谐邪谢懈泻	0.000289	0.040822	0.000012
褉芯写薪褘泄	0.000289	0.116534	0.000034
褉芯卸写械薪懈械	0.000289	0.105361	0.000030
褉芯卸写械褋褌胁芯	0.000289	0.116534	0.000034
褉芯谢谢	0.000579	0.040822	0.000024
褉芯谢谢褌芯薪	0.000289	0.116534	0.000034
褉芯屑	0.000289	0.040822	0.000012
褉褍斜褉懈泻邪褌芯褉	0.000289	0.051293	0.000015
褉褍谢械褌	0.003183	0.040822	0.000130
褉褍屑褘薪褋泻懈泄	0.000289	0.116534	0.000034
褉褍屑褟薪褘泄	0.000289	0.116534	0.000034
褉褍薪械褌	0.000289	0.020203	0.000006
褉褍褋褋泻懈泄	0.000289	0.105361	0.000030
褉褘斜邪	0.007234	0.040822	0.000295
褉褘斜薪褘泄	0.002894	0.105361	0.000305
褉褟卸械薪泻邪	0.000289	0.116534	0.000034
褋邪泄褌	0.001736	0.000000	0.000000
褋邪谢邪褌	0.009259	0.040822	0.000378
褋邪谢邪褌薪褘泄	0.000289	0.116534	0.000034
褋邪屑芯谐芯薪	0.000289	0.040822	0.000012
褋邪屑褘泄	0.000868	0.105361	0.000091
褋邪薪谐邪褉褜	0.000289	2.659260	0.000769
褋邪褎	0.000868	0.116534	0.000101
褋邪褎褋械屑邪	0.000289	0.116534	0.000034
褋邪褏邪褉	0.006366	0.105361	0.000671
褋邪褏邪褉薪褘泄	0.000579	1.771957	0.001025
褋斜懈褌械薪褜	0.000289	0.040822	0.000012
褋胁械卸械褋胁邪褉懈褌褜	0.000289	3.506558	0.001015
褋胁械卸械褋褌褜	0.000289	0.105361	0.000030
褋胁械泻芯谢褜薪懈泻	0.000579	0.040822	0.000024
褋胁械褌	0.001157	0.116534	0.000135
褋胁械褌邪	0.001157	0.116534	0.000135
褋胁懈薪懈薪	0.001447	0.116534	0.000169
褋胁懈薪懈薪邪	0.001157	0.040822	0.000047
褋胁褢泻谢邪	0.000289	0.040822	0.000012
褋谐褍褋褌懈褌褜	0.000579	1.966113	0.001138
褋谐褍褖褢薪泻邪	0.000289	0.040822	0.000012
褋械蟹芯薪	0.000289	0.116534	0.000034
褋械泄褔邪褋	0.000579	0.030459	0.000018
褋械泻褉械褌	0.000868	0.116534	0.000101
褋械谢褢写泻邪	0.000289	0.040822	0.000012
褋械屑械泄薪褘泄	0.000289	0.116534	0.000034
褋械屑褜褟	0.000868	0.116534	0.000101
褋械薪褌褟斜褉褜	0.000579	0.673345	0.000390
褋械褉写褑械	0.000289	1.771957	0.000513
褋懈写褉	0.000289	0.040822	0.000012
褋懈褉懈泄褋泻懈泄	0.000289	0.116534	0.000034
褋懈褉芯锌	0.000579	0.040822	0.000024
褋懈褋褌械屑邪	0.000289	0.040822	0.000012
褋懈褌懈	0.000289	0.127833	0.000037
褋泻邪蟹邪褌褜	0.000579	0.400478	0.000232
褋泻邪蟹泻邪	0.000579	0.116534	0.000067
褋泻芯胁芯褉芯写邪	0.000289	1.386294	0.000401
褋谢邪写泻懈泄	0.005498	0.040822	0.000224
褋谢邪写泻芯	0.000289	0.116534	0.000034
褋谢懈胁芯褔薪褘泄	0.002894	0.105361	0.000305
褋谢芯泄泻邪	0.000579	0.040822	0.000024
褋谢芯褢薪褘泄	0.001157	0.116534	0.000135
褋谢褍褔邪泄	0.000289	1.171183	0.000339
褋屑械褌邪薪邪	0.009838	0.105361	0.001037
褋屑械褕邪薪薪褘泄	0.000289	0.116534	0.000034
褋屑芯褔褜	0.000289	0.040822	0.000012
褋屑褍蟹懈	0.000868	0.040822	0.000035
褋薪芯胁邪	0.000289	2.407946	0.000697
褋薪褝泻	0.000289	0.116534	0.000034
褋芯斜邪泻邪	0.000289	2.302585	0.000666
褋芯斜懈褉邪褌褜褋褟	0.000289	0.040822	0.000012
褋芯斜褋褌胁械薪薪芯	0.000289	2.120264	0.000614
褋芯胁械褉褕械薪褋褌胁芯	0.001447	0.116534	0.000169
褋芯胁械褌	0.000289	0.040822	0.000012
褋芯胁褋械屑	0.000289	1.139434	0.000330
褋芯谐谢邪褕邪褌褜褋褟	0.000289	0.040822	0.000012
褋芯写邪	0.000579	0.941609	0.000545
褋芯卸邪谢械薪懈械	0.000289	2.525729	0.000731
褋芯蟹写邪胁邪褌褜	0.000289	0.105361	0.000030
褋芯蟹写邪薪懈械	0.000579	0.261365	0.000151
褋芯泻	0.001447	0.040822	0.000059
褋芯谢械薪懈械	0.000579	0.116534	0.000067
褋芯谢薪械褔薪褘泄	0.000289	0.116534	0.000034
褋芯谢褜	0.003472	0.127833	0.000444
褋芯谢褟薪泻邪	0.000579	0.040822	0.000024
褋芯谢褢薪褘泄	0.000868	0.116534	0.000101
褋芯屑薪械胁邪褌褜褋褟	0.000289	2.525729	0.000731
褋芯芯斜褉邪蟹懈褌褜	0.000289	4.605170	0.001333
褋芯褉褌懈褉芯胁邪褌褜	0.000289	0.248461	0.000072
褋芯褋褌邪胁懈褌褜	0.000289	0.116534	0.000034
褋芯褍褋	0.004919	0.040822	0.000201
褋芯褏褉邪薪褟褌褜	0.000289	0.040822	0.000012
褋芯褑褋械褌褜	0.000289	0.040822	0.000012
褋芯褔械褌邪薪懈械	0.000579	0.105361	0.000061
褋芯褔薪褘泄	0.000289	0.116534	0.000034
褋锌械褌褜	0.000289	0.116534	0.000034
褋锌械褑懈邪谢褜薪褘泄	0.000289	0.094311	0.000027
褋锌械褑懈褟	0.000868	0.094311	0.000082
褋锌械褑锌褉芯械泻褌	0.009549	0.116534	0.001113
褋锌械褕懈褌褜	0.000289	1.897120	0.000549
褋锌懈褋芯泻	0.000289	0.116534	0.000034
褋褉邪蟹褍	0.000868	0.733969	0.000637
褋褉械写懈蟹械屑薪芯屑芯褉褋泻懈泄	0.000289	0.127833	0.000037
褋褌邪褉褘泄	0.000289	0.261365	0.000076
褋褌邪褌褜褟	0.000289	0.061875	0.000018
褋褌械锌薪芯泄	0.000289	2.407946	0.000697
褋褌械锌褜	0.000289	2.207275	0.000639
褋褌懈谢褜	0.000579	0.116534	0.000067
褋褌芯谢	0.002604	0.105361	0.000274
褋褌芯谢褜泻芯	0.000289	2.040221	0.000590
褋褌褉芯懈褌械谢褜褋褌胁芯	0.000579	0.040822	0.000024
褋褌褉芯懈褌褜	0.000289	0.040822	0.000012
褋褌褉芯泄薪褘泄	0.000289	0.116534	0.000034
褋褌褘写薪芯	0.000289	2.120264	0.000614
褋褍斜锌褉芯写褍泻褌	0.002894	0.116534	0.000337
褋褍写	0.000289	2.525729	0.000731
褋褍薪械谢褜	0.000579	2.207275	0.001277
褋褍锌	0.005498	0.040822	0.000224
褋褍锌械褉斜邪斜褍褕泻邪	0.000289	1.237874	0.000358
褋褍褎谢械	0.000868	0.040822	0.000035
褋褍褏邪褉褜	0.000289	0.040822	0.000012
褋褍褏芯褎褉褍泻褌褘	0.000289	3.218876	0.000931
褋褍褕懈褌褜	0.000579	0.040822	0.000024
褋褗械褋褌褜	0.000289	1.469676	0.000425
褋褘褉	0.004919	0.040822	0.000201
褋褘褉薪懈泻	0.003762	0.040822	0.000154
褋褘褉薪褘泄	0.001157	0.040822	0.000047
褋褘褌薪褘泄	0.000579	0.105361	0.000061
褋褘褔褍卸薪褘泄	0.000289	0.127833	0.000037
褋褝薪写胁懈褔	0.000289	0.127833	0.000037
褋褞褉锌褉懈蟹	0.000289	0.116534	0.000034
褋褢屑谐邪	0.000289	0.040822	0.000012
褌邪写卸懈泻褋泻懈泄	0.000289	0.116534	0.000034
褌邪泄褋泻懈泄	0.000289	0.116534	0.000034
褌邪褉械谢泻邪	0.000289	1.469676	0.000425
褌邪褉褌	0.000289	0.116534	0.000034
褌邪褉褌邪谢械褌泻邪	0.000579	0.040822	0.000024
褌邪褌邪褉褋泻懈泄	0.000579	0.116534	0.000067
褌胁芯泄	0.000579	0.116534	0.000067
褌胁芯褉懈褌褜	0.000289	0.116534	0.000034
褌胁芯褉芯谐	0.002894	0.040822	0.000118
褌胁芯褉芯卸薪懈泻	0.000289	3.218876	0.000931
褌胁芯褉芯卸薪褘泄	0.001736	0.094311	0.000164
褌胁芯褉芯卸芯泻	0.000289	2.995732	0.000867
褌胁褢褉写褘泄	0.001736	0.544727	0.000946
褌械泻褋褌褍褉邪	0.000289	3.218876	0.000931
褌械谢械谐褉邪屑	0.000289	0.040822	0.000012
褌械谢褟褌懈薪邪	0.001157	0.116534	0.000135
褌械锌械褉褜	0.000579	0.916291	0.000530
褌械锌谢芯	0.000289	0.116534	0.000034
褌械褉褉懈薪邪	0.000289	0.040822	0.000012
褌械褋褌	0.006944	0.105361	0.000732
褌械褋褌芯	0.003183	0.040822	0.000130
褌械褏薪懈泻邪	0.001447	0.105361	0.000152
褌屑	0.001157	0.127833	0.000148
褌芯锌谢褢薪褘泄	0.000289	0.116534	0.000034
褌芯褉褌	0.008391	0.040822	0.000343
褌芯褉褌懈泻	0.000289	1.897120	0.000549
褌褉邪胁邪	0.000289	0.094311	0.000027
褌褉邪写懈褑懈褟	0.001736	0.116534	0.000202
褌褉械斜芯胁邪褌褜	0.000289	2.120264	0.000614
褌褉褍斜芯褔泻邪	0.000289	0.040822	0.000012
褌褉褍写薪芯	0.000289	2.040221	0.000590
褌褉褍写芯褢屑泻懈泄	0.000289	2.995732	0.000867
褌褉褢褏谢械褌懈械	0.000289	0.116534	0.000034
褌褍薪械褑	0.000289	0.105361	0.000030
褌褍薪懈褋褋泻懈泄	0.000289	0.116534	0.000034
褌褍褉械褑泻懈泄	0.000289	0.116534	0.000034
褌褘泻胁邪	0.000289	0.040822	0.000012
褌褢褖懈薪	0.000289	0.040822	0.000012
褍胁械写芯屑谢械薪懈械	0.000289	0.040822	0.000012
褍谐芯褖邪褌褜褋褟	0.000289	0.994252	0.000288
褍写邪褔薪褘泄	0.000289	0.116534	0.000034
褍写懈胁懈褌褜	0.000579	0.116534	0.000067
褍写懈胁谢褟褌褜	0.001157	0.116534	0.000135
褍写芯胁芯谢褜褋褌胁懈械	0.000289	0.116534	0.000034
褍卸	0.000289	0.693147	0.000201
褍卸懈薪	0.002025	0.094311	0.000191
褍蟹斜械泻褋泻懈泄	0.000289	0.116534	0.000034
褍泻褉邪懈薪褋泻懈泄	0.000289	0.116534	0.000034
褍泻褉邪褕械薪懈械	0.002315	0.116534	0.000270
褍泻褉芯锌	0.002315	0.562119	0.001301
褍泻褋褍褋	0.001157	0.562119	0.000651
褍谢械褌邪褌褜	0.000289	3.506558	0.001015
褍谢懈褌褘褔	0.000289	3.912023	0.001132
褍锌芯褌褉械斜谢械薪懈械	0.000289	0.116534	0.000034
褍褉邪谢褜褋泻懈泄	0.000289	0.116534	0.000034
褍褉芯卸邪泄	0.000289	0.105361	0.000030
褍褋褌褍锌邪褌褜	0.000289	4.605170	0.001333
褍褌泻邪	0.000868	0.116534	0.000101
褍褏芯	0.000289	0.040822	0.000012
褍褔邪褋褌胁芯胁邪褌褜	0.000289	0.040822	0.000012
褍褝谢谢械薪写	0.000289	3.912023	0.001132
褎邪蟹械薪写邪	0.000289	0.116534	0.000034
褎邪薪褌邪蟹懈褟	0.002315	0.116534	0.000270
褎邪褉褕	0.004340	0.040822	0.000177
褎邪褉褕懈褉芯胁邪薪薪褘泄	0.001736	0.040822	0.000071
褎邪褋芯谢褜	0.000289	0.040822	0.000012
褎械胁褉邪谢褜	0.000289	0.094311	0.000027
褎械泄械褉胁械褉泻	0.000579	0.116534	0.000067
褎懈谐褍褉邪	0.000289	0.116534	0.000034
褎懈薪褋泻懈泄	0.000289	0.116534	0.000034
褎懈褉屑械薪薪褘泄	0.000289	0.116534	0.000034
褎芯薪写褞	0.000289	0.040822	0.000012
褎芯褉械褋褌	0.000289	3.912023	0.001132
褎芯褉屑邪	0.000289	0.105361	0.000030
褎芯褉褍屑	0.000579	0.040822	0.000024
褎芯褉褕屑邪泻	0.000289	0.040822	0.000012
褎芯褌芯谐褉邪褎懈褉芯胁邪褌褜	0.000289	3.218876	0.000931
褎褉邪薪褑懈褟	0.000289	0.116534	0.000034
褎褉邪薪褑褍蟹褋泻懈泄	0.000289	0.094311	0.000027
褎褉邪褍	0.001157	0.116534	0.000135
褎褉械泄屑	0.000289	3.218876	0.000931
褎褉褍泻褌	0.001157	0.116534	0.000135
褎褉褍泻褌芯胁褘泄	0.002315	0.040822	0.000094
褎褍写	0.000289	0.116534	0.000034
褎褍褉褕械褌	0.000289	0.116534	0.000034
褏邪谢胁邪	0.000289	0.040822	0.000012
褏邪褉胁械褋褌褎械褋褌	0.000579	0.116534	0.000067
褏邪褉褔芯	0.000579	0.040822	0.000024
褏邪褔邪锌褍褉懈	0.000579	2.407946	0.001393
褏邪褕	0.000289	0.040822	0.000012
褏胁芯褉芯褋褌	0.000289	0.040822	0.000012
褏懈谢谢褋	0.000289	3.912023	0.001132
褏懈薪泻邪谢懈	0.000289	0.116534	0.000034
褏懈褌	0.002025	0.116534	0.000236
褏谢械斜	0.000868	0.040822	0.000035
褏谢械斜芯锌械褔泻邪	0.000289	0.116534	0.000034
褏谢芯锌褜褟	0.000579	0.094311	0.000055
褏屑械谢懈褌褜	0.000579	2.207275	0.001277
褏芯蟹褟泄泻邪	0.000579	0.116534	0.000067
褏芯谢芯写械褑	0.000289	0.040822	0.000012
褏芯谢芯写薪芯械	0.000579	0.116534	0.000067
褏芯谢芯写薪褘泄	0.000579	0.116534	0.000067
褏芯褉胁邪褌褋泻懈泄	0.000289	0.116534	0.000034
褏芯褉芯褕懈泄	0.001157	0.040822	0.000047
褏芯褉芯褕芯	0.001447	0.105361	0.000152
褏芯褉褋	0.000289	0.116534	0.000034
褏芯褌械褌褜	0.000868	0.000000	0.000000
褏褍屑褍褋邪	0.000289	0.040822	0.000012
褑邪褉褋褌胁芯	0.000289	0.127833	0.000037
褑邪褉褜	0.000289	0.116534	0.000034
褑胁械泻	0.000289	3.506558	0.001015
褑胁械褌薪芯泄	0.000289	0.040822	0.000012
褑械写褉邪	0.000579	1.832581	0.001061
褑械薪薪褘泄	0.000289	0.040822	0.000012
褑械薪褌褉	0.000289	0.116534	0.000034
褔邪械屑褘泄	0.000579	0.116534	0.000067
褔邪泄	0.000868	0.040822	0.000035
褔邪褋褌芯	0.000289	0.994252	0.000288
褔邪褕械褔泻邪	0.000289	2.659260	0.000769
褔械斜褍褉械泻	0.000579	0.040822	0.000024
褔械褉泻懈蟹芯胁褘泄	0.000579	0.116534	0.000067
褔械褉薪芯褋谢懈胁	0.000579	2.995732	0.001734
褔械褋薪芯泻	0.001157	0.314711	0.000364
褔械褋褌薪芯	0.000579	1.203973	0.000697
褔械褋褌薪芯泄	0.000289	0.040822	0.000012
褔械褔械胁懈褑邪	0.000289	0.040822	0.000012
褔械褕褋泻懈泄	0.000289	0.116534	0.000034
褔懈蟹泻械泄泻	0.001447	0.040822	0.000059
褔懈谢懈泄褋泻懈泄	0.000289	0.116534	0.000034
褔懈锌褋褘	0.000289	0.040822	0.000012
褔懈褋谢芯	0.000289	0.235722	0.000068
褔褍写芯	0.000579	0.116534	0.000067
褔褢褉薪褘泄	0.001157	0.356675	0.000413
褕邪褉懈泻	0.000289	0.040822	0.000012
褕邪褉谢芯褌泻邪	0.000579	0.040822	0.000024
褕邪褉屑	0.000289	0.116534	0.000034
褕邪褕谢褘泻	0.003762	0.040822	0.000154
褕胁械写褋泻懈泄	0.000289	0.116534	0.000034
褕胁械泄褑邪褉褋泻懈泄	0.000289	0.116534	0.000034
褕械写械胁褉	0.000289	0.116534	0.000034
褕械褎	0.000289	0.127833	0.000037
褕懈锌褍褔泻邪	0.000289	0.040822	0.000012
褕懈褉芯泻懈泄	0.000289	0.127833	0.000037
褕泻芯谢邪	0.000289	0.116534	0.000034
褕芯泻芯谢邪写	0.000868	0.040822	0.000035
褕芯褌谢邪薪写褋泻懈泄	0.000289	0.116534	0.000034
褕褌褉褍写械谢褜	0.000289	0.040822	0.000012
褕褍褉锌邪	0.000289	0.040822	0.000012
褖械写褉褘泄	0.000289	0.116534	0.000034
褖懈	0.000579	0.040822	0.000024
褝泻芯屑懈谢泻	0.000289	0.127833	0.000037
褝褋褌芯薪褋泻懈泄	0.000289	0.116534	0.000034
褞谐芯褋谢邪胁褋泻懈泄	0.000289	0.116534	0.000034
褟斜谢芯泻芯	0.000579	1.237874	0.000716
褟斜谢芯褔薪褘泄	0.000579	1.714798	0.000992
褟谐芯写薪褘泄	0.001157	0.105361	0.000122
褟蟹褘泻	0.000289	0.040822	0.000012
褟懈褔薪褘泄	0.000579	0.941609	0.000545
褟泄褑芯	0.008391	0.040822	0.000343
褟谢芯褉懈褋邪	0.000289	1.771957	0.000513
褟薪胁邪褉褜	0.000289	0.733969	0.000212
褟薪写械泻褋	0.000289	0.072571	0.000021
褟锌芯薪褋泻懈泄	0.000579	0.051293	0.000030
褟褉泻懈泄	0.000289	0.116534	0.000034
褟褉泻芯	0.000289	0.105361	0.000030
