谢械屑屑邪	TF	IDF	TF-IDF
邪斜褏邪蟹褋泻懈泄	0.000274	0.116534	0.000032
邪胁褋褌褉邪谢懈泄褋泻懈泄	0.000274	0.116534	0.000032
邪胁褋褌褉懈泄褋泻懈泄	0.000274	0.116534	0.000032
邪胁褌芯泻谢邪胁	0.000274	0.116534	0.000032
邪胁褌芯褉	0.000274	0.040822	0.000011
邪谐褉芯	0.000274	0.116534	0.000032
邪写卸懈泻邪	0.000274	0.040822	0.000011
邪蟹	0.000274	0.127833	0.000035
邪蟹械褉斜邪泄写卸邪薪褋泻懈泄	0.000274	0.116534	0.000032
邪蟹懈邪褌褋泻懈泄	0.000274	0.127833	0.000035
邪泄褉邪薪	0.000274	0.040822	0.000011
邪泻胁邪褌懈泻	0.000822	0.127833	0.000105
邪谢械泻褋械泄	0.000274	0.127833	0.000035
邪谢泻芯谐芯谢褜	0.000822	0.116534	0.000096
邪谢泻芯谐芯谢褜薪褘泄	0.000274	0.116534	0.000032
邪谢褜褟薪褋	0.000274	0.116534	0.000032
邪屑械褉懈泻邪薪褋泻懈泄	0.000274	0.116534	0.000032
邪薪谐谢懈泄褋泻懈泄	0.000274	0.116534	0.000032
邪薪写褉械泄	0.000274	0.127833	0.000035
邪锌褉械谢褜	0.000822	0.544727	0.000448
邪褉邪斜褋泻懈泄	0.000274	0.116534	0.000032
邪褉谐械薪褌懈薪褋泻懈泄	0.000274	0.116534	0.000032
邪褉屑褟薪褋泻懈泄	0.000274	0.116534	0.000032
邪褉芯屑邪褌	0.000274	0.820981	0.000225
邪褉芯屑邪褌薪褘泄	0.000274	0.693147	0.000190
邪褋褋芯褉褌懈	0.000548	0.116534	0.000064
邪褌谢邪薪褌	0.000274	0.116534	0.000032
邪褎谐邪薪褋泻懈泄	0.000274	0.116534	0.000032
邪褎褉懈泻邪薪褋泻懈泄	0.000274	0.116534	0.000032
邪褝褉芯谐褉懈谢褜	0.002740	0.116534	0.000319
斜邪斜褍褕泻邪	0.000274	2.207275	0.000605
斜邪泻谢邪卸邪薪	0.000274	0.040822	0.000011
斜邪谢褌泻芯屑邪	0.000274	0.127833	0.000035
斜邪薪泻芯胁褋泻懈泄	0.000274	4.605170	0.001262
斜邪褉邪薪懈薪邪	0.001096	0.116534	0.000128
斜邪褋屑邪褌懈	0.000548	0.127833	0.000070
斜邪褋褌褍褉屑	0.000274	0.040822	0.000011
斜邪褋褌褍褉屑邪	0.000274	0.040822	0.000011
斜邪褌芯薪褔懈泻	0.000274	0.127833	0.000035
斜邪褕泻懈褉褋泻懈泄	0.000274	0.116534	0.000032
斜邪褟薪	0.000274	4.605170	0.001262
斜邪褟薪懈褖懈泄	0.000274	4.605170	0.001262
斜械蟹邪谢泻芯谐芯谢褜薪褘泄	0.000274	0.116534	0.000032
斜械蟹谐谢褞褌械薪芯胁芯械	0.000274	0.116534	0.000032
斜械蟹械	0.001096	0.040822	0.000045
斜械谢械斜械械胁褋泻懈泄	0.000548	0.116534	0.000064
斜械谢芯泻芯褔邪薪薪褘泄	0.000548	0.967584	0.000530
斜械谢芯褉褍褋褋泻懈泄	0.000274	0.116534	0.000032
斜械谢褘泄	0.000274	1.237874	0.000339
斜械谢褜谐懈泄褋泻懈泄	0.000274	0.116534	0.000032
斜械褉械屑械薪薪邪褟	0.000274	0.116534	0.000032
斜械褋械写懈薪	0.000274	0.127833	0.000035
斜械褋褋锌芯褉薪褘泄	0.000274	4.605170	0.001262
斜懈褉屑懈薪谐械屑	0.000274	4.605170	0.001262
斜懈褋泻胁懈褌	0.000548	0.040822	0.000022
斜懈褋泻胁懈褌薪褘泄	0.000822	0.105361	0.000087
斜谢懈蟹泻懈泄	0.000548	0.116534	0.000064
斜谢懈薪	0.001644	0.040822	0.000067
斜谢褞写芯	0.030145	0.040822	0.001231
斜芯斜芯胁褘泄	0.002466	0.116534	0.000287
斜芯谢谐邪褉褋泻懈泄	0.000274	0.116534	0.000032
斜芯谢褜褕芯泄	0.000548	0.094311	0.000052
斜芯褉褖	0.000822	0.040822	0.000034
斜芯褌胁懈薪褜褟	0.000274	0.040822	0.000011
斜褉邪蟹懈谢褜褋泻懈泄	0.000274	0.116534	0.000032
斜褉邪褍蟹械褉	0.000274	0.040822	0.000011
斜褉邪褍薪懈	0.000274	0.040822	0.000011
斜褉械褋褌	0.000274	0.127833	0.000035
斜褉芯泻泻芯谢懈	0.000274	0.040822	0.000011
斜褍写薪懈	0.000274	2.525729	0.000692
斜褍卸械薪懈薪邪	0.000274	0.040822	0.000011
斜褍谢芯褔泻邪	0.001644	0.040822	0.000067
斜褍谢褜芯薪	0.004111	0.040822	0.000168
斜褍褉谐械褉	0.000548	0.040822	0.000022
斜褍褉褟褌褋泻懈泄	0.000274	0.116534	0.000032
斜褍褌械褉斜褉芯写	0.001096	0.040822	0.000045
斜褘褋褌褉芯	0.000274	0.094311	0.000026
斜褘褋褌褉褘泄	0.001096	0.094311	0.000103
斜褘褌	0.000274	4.605170	0.001262
胁邪卸薪褘泄	0.000274	0.116534	0.000032
胁邪谢谢懈泄褋泻懈泄	0.000274	0.116534	0.000032
胁邪褉械薪懈械	0.000548	0.040822	0.000022
胁邪褉械薪懈泻	0.000274	0.116534	0.000032
胁邪褉懈邪薪褌	0.000822	0.356675	0.000293
胁邪褌褉褍褕泻邪	0.000274	0.040822	0.000011
胁邪褎谢褟	0.000548	0.040822	0.000022
胁邪褕	0.000822	0.000000	0.000000
胁胁芯写懈褌褜	0.000274	0.040822	0.000011
胁写芯褏薪芯胁械薪懈械	0.001644	0.116534	0.000192
胁写芯褏薪芯胁谢褟褌褜褋褟	0.000274	0.116534	0.000032
胁械谐械褌邪褉懈邪薪褋泻懈泄	0.000548	0.116534	0.000064
胁械蟹写械	0.000274	4.605170	0.001262
胁械泻	0.001096	2.120264	0.002324
胁械谢懈泻懈泄	0.000274	0.116534	0.000032
胁械谢懈泻芯械	0.000274	2.995732	0.000821
胁械谢懈褔懈薪邪	0.000274	3.912023	0.001072
胁械薪谐械褉褋泻懈泄	0.000274	0.116534	0.000032
胁械褉芯懈褋锌芯胁械写邪薪懈械	0.000274	4.605170	0.001262
胁械褋械薪薪懈泄	0.000274	0.051293	0.000014
胁械褋薪邪	0.001644	0.116534	0.000192
胁械褌褔懈薪邪	0.001096	0.094311	0.000103
胁蟹褟褌褜	0.000274	1.171183	0.000321
胁懈写	0.000548	0.776529	0.000426
胁懈写械芯	0.000548	0.116534	0.000064
胁懈写械芯褉械褑械锌褌	0.000274	0.301105	0.000083
胁懈薪械谐褉械褌	0.000274	4.605170	0.001262
胁懈薪芯	0.000548	0.040822	0.000022
胁泻谢褞褔邪褌褜	0.000274	0.634878	0.000174
胁泻褍褋	0.003289	0.105361	0.000346
胁泻褍褋薪芯	0.001370	0.094311	0.000129
胁泻褍褋薪褘泄	0.004385	0.061875	0.000271
胁泻褍褋芯胁芯泄	0.000274	2.813411	0.000771
胁谢褞斜懈褌褜	0.000274	0.116534	0.000032
胁薪邪褔邪谢械	0.001096	0.248461	0.000272
胁薪械	0.000274	3.912023	0.001072
胁芯写邪	0.000822	0.094311	0.000078
胁芯泄褌懈	0.000548	0.000000	0.000000
胁芯谢芯胁邪薪	0.000274	0.116534	0.000032
胁芯谢褕械斜薪褘泄	0.000274	0.116534	0.000032
胁芯谢褕械斜褋褌胁芯	0.000274	0.116534	0.000032
胁芯锌褉芯褋	0.000274	0.000000	0.000000
胁芯褋褌芯褉谐	0.000548	1.309333	0.000718
胁芯褋褌芯褔薪褘泄	0.000274	0.127833	0.000035
胁褉械屑褟	0.002192	0.105361	0.000231
胁褋械胁芯蟹屑芯卸薪褘泄	0.000274	2.813411	0.000771
胁褋械谐写邪	0.000548	0.653926	0.000358
胁褋锌芯屑薪懈褌褜	0.000274	0.040822	0.000011
胁褋褌褉械褔邪褌褜	0.000548	2.525729	0.001384
胁褋褌褉械褔邪褌褜褋褟	0.000274	3.912023	0.001072
胁褌芯褉芯械	0.000274	0.116534	0.000032
胁褌芯褉芯泄	0.000822	0.116534	0.000096
胁褏芯写	0.000822	0.030459	0.000025
胁褏芯写懈褌褜	0.000274	2.813411	0.000771
胁褘谐谢褟写械褌褜	0.000274	1.469676	0.000403
胁褘泄褌懈	0.000274	0.040822	0.000011
胁褘锌械褔泻邪	0.004659	0.040822	0.000190
胁褜械褌薪邪屑褋泻懈泄	0.000274	0.116534	0.000032
谐邪胁邪泄褋泻懈泄	0.000274	0.116534	0.000032
谐邪谢懈	0.000274	3.912023	0.001072
谐邪褉邪卸	0.000274	1.078810	0.000296
谐邪褉薪懈褉	0.001644	0.040822	0.000067
谐邪褋锌邪褔芯	0.000274	0.040822	0.000011
谐械芯谐褉邪褎懈褟	0.000274	0.116534	0.000032
谐谢邪胁薪褘泄	0.000548	0.040822	0.000022
谐谢邪蟹褍褉褜	0.000822	0.040822	0.000034
谐谢懈薪褌胁械泄薪	0.000274	0.040822	0.000011
谐芯胁褟写懈薪邪	0.001918	0.116534	0.000224
谐芯写	0.007673	0.083382	0.000640
谐芯谢谢邪薪写褋泻懈泄	0.000274	0.116534	0.000032
谐芯褉芯写	0.000274	0.116534	0.000032
谐芯褉芯褏	0.000274	0.116534	0.000032
谐芯褉芯褕械泻	0.001096	2.302585	0.002524
谐芯褉褔懈褑邪	0.000822	0.040822	0.000034
谐芯褉褕芯褔械泻	0.001096	0.040822	0.000045
谐芯褉褟褔械械	0.000548	0.116534	0.000064
谐芯褉褟褔懈泄	0.012606	0.105361	0.001328
谐芯褋褌褜	0.000548	0.116534	0.000064
谐芯褌芯胁懈褌褜	0.004659	0.083382	0.000388
谐芯褌芯胁懈褌褜褋褟	0.000274	0.371064	0.000102
谐褉械薪泻邪	0.000548	0.040822	0.000022
谐褉械褔械褋泻懈泄	0.000274	0.116534	0.000032
谐褉械褔泻邪	0.000274	0.040822	0.000011
谐褉懈斜	0.018635	0.040822	0.000761
谐褉懈斜薪芯泄	0.001370	0.040822	0.000056
谐褉懈谢褜	0.002740	0.105361	0.000289
谐褉懈谢褜屑邪薪懈褟	0.000274	0.116534	0.000032
谐褉芯谐	0.000274	0.040822	0.000011
谐褉褍写泻邪	0.000548	0.967584	0.000530
谐褉褍蟹懈薪褋泻懈泄	0.000274	0.116534	0.000032
谐褉褍锌锌邪	0.000274	0.061875	0.000017
谐褍褉屑	0.000274	0.127833	0.000035
谐褍褉屑邪薪懈褟	0.001644	0.116534	0.000192
谐褍褋褜	0.000548	0.105361	0.000058
写邪胁邪褌褜	0.000274	0.040822	0.000011
写邪薪薪褘械	0.000274	0.040822	0.000011
写邪褉	0.000274	0.116534	0.000032
写邪褌邪	0.000548	0.248461	0.000136
写邪褌褋泻懈泄	0.000274	0.116534	0.000032
写邪褌褜	0.000274	0.040822	0.000011
写邪褔薪褘泄	0.000822	0.116534	0.000096
写械泻邪斜褉褜	0.001096	0.597837	0.000655
写械泻芯褉	0.000274	0.127833	0.000035
写械谢邪褌褜	0.000822	0.083382	0.000069
写械谢懈褌褜褋褟	0.000274	0.040822	0.000011
写械谢芯	0.000548	0.105361	0.000058
写械薪褜	0.001918	0.040822	0.000078
写械褉械胁械薪褋泻懈	0.000274	2.995732	0.000821
写械褉械胁械薪褋泻懈泄	0.000274	2.659260	0.000729
写械褋械褉褌	0.004659	0.040822	0.000190
写械褋械褉褌邪褑懈褟	0.000274	0.116534	0.000032
写械褋械褉褌薪褘泄	0.000274	0.116534	0.000032
写卸械屑	0.000274	0.040822	0.000011
写卸械屑邪	0.000274	0.040822	0.000011
写蟹械薪	0.000274	0.116534	0.000032
写懈械褌邪	0.000548	0.094311	0.000052
写懈械褌懈褔械褋泻懈泄	0.000274	1.966113	0.000539
写懈泻懈泄	0.000822	0.116534	0.000096
写懈锌	0.000274	0.116534	0.000032
写懈褔褜	0.000822	0.116534	0.000096
写薪械胁薪懈泻	0.000274	0.061875	0.000017
写芯斜邪胁懈褌褜	0.000274	0.083382	0.000023
写芯斜邪胁泻邪	0.000274	2.302585	0.000631
写芯斜邪胁谢械薪懈械	0.000274	0.223144	0.000061
写芯斜邪胁谢褟褌褜	0.000274	0.040822	0.000011
写芯斜褉芯褎谢芯褌	0.000274	0.127833	0.000035
写芯胁械褉褟褌褜	0.000274	0.116534	0.000032
写芯屑	0.003015	0.040822	0.000123
写芯屑邪褕薪懈泄	0.003837	0.040822	0.000157
写芯锌芯谢薪械薪懈械	0.000548	2.302585	0.001262
写芯锌芯谢薪褟褌褜	0.000274	2.407946	0.000660
写芯褋褌芯泄薪芯	0.000274	2.995732	0.000821
写褉邪泄胁	0.001370	0.127833	0.000175
写褉芯卸卸械胁芯泄	0.000274	0.116534	0.000032
写褉芯卸卸懈	0.001096	0.916291	0.001004
写褉褍谐	0.000822	0.544727	0.000448
写褍褏芯胁泻邪	0.001370	0.105361	0.000144
写褍褕邪	0.000822	0.105361	0.000087
械胁褉械泄褋泻懈泄	0.000274	0.116534	0.000032
械谐懈锌械褌褋泻懈泄	0.000274	0.116534	0.000032
械写懈薪褘泄	0.000274	0.000000	0.000000
械泻芯	0.000274	0.127833	0.000035
卸邪褉泻芯械	0.000274	0.040822	0.000011
卸械谢械	0.000822	0.040822	0.000034
卸械薪邪	0.000548	2.813411	0.001542
卸械薪褋泻懈泄	0.000548	0.020203	0.000011
卸械薪褖懈薪邪	0.000548	0.061875	0.000034
卸懈写泻懈泄	0.000274	2.813411	0.000771
卸懈蟹薪褜	0.000548	0.040822	0.000022
卸懈褌褜	0.000274	2.207275	0.000605
卸褍谢褜械薪	0.000274	0.040822	0.000011
卸褍褉薪邪谢	0.000274	0.072571	0.000020
卸褞谢褜械薪	0.000274	0.040822	0.000011
卸褞谢褜薪褘泄	0.000274	0.040822	0.000011
蟹邪斜芯褌邪	0.000274	4.605170	0.001262
蟹邪胁邪褉薪芯泄	0.000548	0.116534	0.000064
蟹邪胁懈褋懈屑芯褋褌褜	0.000274	3.506558	0.000961
蟹邪胁褌褉邪泻	0.002192	0.094311	0.000207
蟹邪谐芯褌芯胁泻邪	0.001096	0.040822	0.000045
蟹邪写邪胁邪褌褜	0.000274	0.040822	0.000011
蟹邪泻胁邪褋泻邪	0.000822	0.040822	0.000034
蟹邪泻褉褘褌褘泄	0.000274	0.116534	0.000032
蟹邪泻褍褋泻邪	0.006029	0.040822	0.000246
蟹邪泻褍褋芯薪褔懈泻	0.000274	0.116534	0.000032
蟹邪泻褍褋芯褔泻邪	0.000274	0.116534	0.000032
蟹邪泻褍褋芯褔薪邪褟	0.002466	0.116534	0.000287
蟹邪谢懈胁薪芯械	0.000548	0.040822	0.000022
蟹邪屑芯褉芯蟹泻邪	0.000274	0.105361	0.000029
蟹邪锌邪写	0.000274	0.116534	0.000032
蟹邪锌械泻邪薪泻邪	0.003015	0.040822	0.000123
蟹邪锌褉邪胁泻邪	0.000548	0.040822	0.000022
蟹邪锌褉邪胁芯褔薪褘泄	0.000548	4.605170	0.002524
蟹邪褉械谐懈褋褌褉懈褉芯胁邪褌褜褋褟	0.000548	0.030459	0.000017
蟹邪褋芯谢泻邪	0.000274	0.116534	0.000032
蟹邪褋褌芯谢褜械	0.000548	2.525729	0.001384
蟹邪褌械褟	0.000274	4.605170	0.001262
蟹邪褏芯写懈褌褜	0.000274	0.733969	0.000201
蟹邪褟褑	0.000548	0.116534	0.000064
蟹胁邪薪褘泄	0.000274	0.127833	0.000035
蟹胁械蟹写邪	0.000274	0.116534	0.000032
蟹胁褢蟹写薪褘泄	0.000274	0.116534	0.000032
蟹写芯褉芯胁褘泄	0.000548	0.116534	0.000064
蟹械谢械薪褜	0.001370	0.094311	0.000129
蟹械谢褢薪褘泄	0.003837	0.820981	0.003150
蟹械屑谢褟	0.000274	2.813411	0.000771
蟹械褎懈褉	0.000274	0.040822	0.000011
蟹懈屑邪	0.001096	0.040822	0.000045
蟹懈屑薪懈泄	0.000274	0.051293	0.000014
蟹薪邪褌芯泻	0.000274	4.605170	0.001262
蟹薪邪褔懈褌	0.000274	2.659260	0.000729
蟹芯谢芯褌芯泄	0.000274	0.116534	0.000032
蟹褉邪蟹邪	0.000548	2.040221	0.001118
蟹褉械薪懈械	0.000274	4.605170	0.001262
懈胁邪薪	0.000274	2.407946	0.000660
懈胁邪薪芯胁	0.000274	0.127833	0.000035
懈胁邪薪芯胁懈褔	0.000274	2.525729	0.000692
懈写械邪谢	0.000274	3.506558	0.000961
懈写械邪谢褜薪芯	0.000274	1.514128	0.000415
懈写械邪谢褜薪褘泄	0.001918	0.116534	0.000224
懈写械泄泻邪	0.000274	0.116534	0.000032
懈写褌懈	0.000274	1.832581	0.000502
懈蟹胁械褋褌薪褘泄	0.000548	1.049822	0.000575
懈蟹写邪薪懈械	0.000274	3.912023	0.001072
懈蟹写械谢懈械	0.001918	0.116534	0.000224
懈蟹屑械薪懈褌褜	0.000274	2.407946	0.000660
懈蟹褞屑懈薪泻邪	0.000274	1.966113	0.000539
懈泻褉邪	0.000822	0.040822	0.000034
懈屑褟	0.000274	0.030459	0.000008
懈薪胁械褉褌芯褉薪褘泄	0.000274	0.127833	0.000035
懈薪谐褉械写懈械薪褌	0.008495	0.139262	0.001183
懈薪写械泄泻邪	0.003015	0.094311	0.000284
懈薪写懈泄褋泻懈泄	0.000274	0.116534	0.000032
懈薪写懈谢邪泄褌邪	0.000822	0.116534	0.000096
懈薪写懈褉械褋薪褘泄	0.000274	0.116534	0.000032
懈薪写褞褕泻邪	0.000548	3.912023	0.002144
懈薪褋褌褉褍泻褑懈褟	0.000274	0.030459	0.000008
懈薪褌械褉械褋薪褘泄	0.000274	0.916291	0.000251
懈褉邪泻褋泻懈泄	0.000274	0.116534	0.000032
懈褉邪薪褋泻懈泄	0.000274	0.116534	0.000032
懈褉谢邪薪写褋泻懈泄	0.000274	0.116534	0.000032
懈褋泻邪卸褢薪薪褘泄	0.000274	4.605170	0.001262
懈褋泻褉械薪薪械	0.000274	0.116534	0.000032
懈褋谢邪薪写褋泻懈泄	0.000274	0.116534	0.000032
懈褋锌邪薪褋泻懈泄	0.000274	0.116534	0.000032
懈褋锌械褔褜	0.000274	0.105361	0.000029
懈褋褌芯褉懈褟	0.001918	0.116534	0.000224
懈褋褌芯褔薪懈泻	0.000274	2.407946	0.000660
懈褋褏芯写懈褌褜	0.000274	2.995732	0.000821
懈褌邪谢懈褟	0.000548	0.105361	0.000058
懈褌邪谢褜褟薪褋泻懈泄	0.000274	0.105361	0.000029
懈褞谢褜	0.000274	0.579818	0.000159
懈褞薪褜	0.000274	0.562119	0.000154
泄芯谐褍褉褌	0.000822	0.040822	0.000034
泻邪斜邪褔芯泻	0.000274	0.040822	0.000011
泻邪胁泻邪蟹褋泻懈泄	0.000274	0.116534	0.000032
泻邪蟹邪薪	0.000274	0.116534	0.000032
泻邪蟹邪褏褋泻懈泄	0.000274	0.116534	0.000032
泻邪泻邪芯	0.000548	0.040822	0.000022
泻邪谢械泄写芯褋泻芯锌	0.001096	0.116534	0.000128
泻邪谢屑褘褑泻懈泄	0.000274	0.116534	0.000032
泻邪谢褜屑邪褉	0.000274	0.040822	0.000011
泻邪屑械褉邪	0.000274	0.116534	0.000032
泻邪薪邪写褋泻懈泄	0.000274	0.116534	0.000032
泻邪薪邪谢	0.000822	0.040822	0.000034
泻邪薪邪锌械	0.000548	0.040822	0.000022
泻邪锌械褉褋	0.000548	2.525729	0.001384
泻邪锌褍褋褌邪	0.003289	0.040822	0.000134
泻邪锌褍褋褌薪褟泻	0.000274	0.040822	0.000011
泻邪褉邪屑械谢褜	0.000274	0.040822	0.000011
泻邪褉泻邪褋薪褘泄	0.001096	0.116534	0.000128
泻邪褉褌芯褎械谢褜	0.003015	0.040822	0.000123
泻邪褉褌芯褎械谢褜薪褘泄	0.001370	0.040822	0.000056
泻邪褉褌芯褕泻邪	0.000548	0.040822	0.000022
泻邪褉褍褋械谢褜	0.000274	4.605170	0.001262
泻邪褌械谐芯褉懈褟	0.004385	0.116534	0.000511
泻邪褎械	0.000548	2.207275	0.001210
泻邪褔械褋褌胁芯	0.000822	0.105361	0.000087
泻邪褕邪	0.001918	0.040822	0.000078
泻胁邪褋	0.001096	0.040822	0.000045
泻胁邪褋薪芯泄	0.000822	0.116534	0.000096
泻胁邪褕械薪褘泄	0.001370	2.813411	0.003855
泻械泻褋	0.000822	0.040822	0.000034
泻械褎懈褉	0.000274	0.040822	0.000011
泻懈械胁褋泻	0.000274	4.605170	0.001262
泻懈屑褔邪褌褜	0.000274	0.040822	0.000011
泻懈薪芯邪	0.000548	0.127833	0.000070
泻懈薪芯谢械薪褌邪	0.000274	0.116534	0.000032
泻懈褋械谢褜	0.000548	0.040822	0.000022
泻懈褋谢褘泄	0.000548	3.218876	0.001764
泻懈褌邪泄褋泻懈泄	0.000274	0.116534	0.000032
泻谢邪褋褋	0.002466	0.116534	0.000287
泻薪懈谐邪	0.001370	0.040822	0.000056
泻芯胁邪谢褢胁	0.000548	4.605170	0.002524
泻芯卸邪	0.000274	3.912023	0.001072
泻芯泻褌械泄谢褜	0.001644	0.040822	0.000067
泻芯谢斜邪褋邪	0.000822	0.040822	0.000034
泻芯谢斜邪褋薪褘泄	0.000822	0.116534	0.000096
泻芯屑邪薪写邪	0.000548	0.127833	0.000070
泻芯屑懈	0.000274	0.116534	0.000032
泻芯屑屑械薪褌邪褉懈泄	0.000274	0.127833	0.000035
泻芯屑锌邪薪懈褟	0.000274	0.105361	0.000029
泻芯屑锌芯褌	0.000822	0.040822	0.000034
泻芯薪械褔薪芯	0.000548	0.527633	0.000289
泻芯薪懈薪邪	0.000274	0.116534	0.000032
泻芯薪泻褍褉褋	0.059194	0.040822	0.002416
泻芯薪泻褍褉褋薪褘泄	0.000274	0.127833	0.000035
泻芯薪褋械褉胁懈褉芯胁邪薪懈械	0.000274	0.040822	0.000011
泻芯薪褋械褉胁懈褉芯胁邪薪薪褘泄	0.010414	0.116534	0.001214
泻芯薪褎械褌邪	0.000822	0.040822	0.000034
泻芯薪褎械褌褌懈	0.000274	0.116534	0.000032
泻芯薪褎懈写械薪褑懈邪谢褜薪芯褋褌褜	0.000274	0.040822	0.000011
泻芯薪褎懈褌褞褉	0.000274	0.040822	0.000011
泻芯锌褔褢薪芯褋褌褜	0.000274	0.116534	0.000032
泻芯锌褔褢薪褘泄	0.000548	2.995732	0.001642
泻芯褉械泄褋泻懈	0.000548	0.040822	0.000022
泻芯褉械泄褋泻懈泄	0.000274	0.105361	0.000029
泻芯褉械薪褜褟	0.000548	3.506558	0.001922
泻芯褉卸懈泻	0.000274	0.040822	0.000011
泻芯褉屑懈褌褜	0.000274	0.116534	0.000032
泻芯褉芯谢械胁邪	0.000274	3.218876	0.000882
泻芯褌谢械褌邪	0.000274	0.040822	0.000011
泻芯褎械	0.000548	0.040822	0.000022
泻褉邪褋懈胁褘泄	0.000548	0.843970	0.000463
泻褉邪褋泻邪	0.000274	0.116534	0.000032
泻褉邪褋薪褘泄	0.001096	0.941609	0.001032
泻褉邪褏屑邪谢	0.000548	0.891598	0.000489
泻褉械邪褌懈胁	0.000274	0.127833	0.000035
泻褉械屑	0.000822	0.040822	0.000034
泻褉械锌泻懈泄	0.000274	0.116534	0.000032
泻褉械褋褌褜褟薪懈薪	0.000274	4.605170	0.001262
泻褉芯谢懈泻	0.000548	0.116534	0.000064
泻褉芯屑械	0.000274	0.061875	0.000017
泻褉芯褏邪	0.000274	0.116534	0.000032
泻褉褍谐	0.000548	0.116534	0.000064
泻褉褍锌	0.001918	0.105361	0.000202
泻褉褍锌邪	0.002466	0.116534	0.000287
泻褉褍锌褟薪芯泄	0.000274	0.116534	0.000032
泻褉褍褌芯泄	0.000274	3.912023	0.001072
泻褋褌邪褌懈	0.000274	1.237874	0.000339
泻褍斜懈薪褋泻懈泄	0.000274	0.116534	0.000032
泻褍泻褍褉褍蟹邪	0.000548	2.525729	0.001384
泻褍谢械褕	0.000274	0.040822	0.000011
泻褍谢懈薪邪褉懈褟	0.001096	0.094311	0.000103
泻褍谢懈薪邪褉薪褘泄	0.001918	0.000000	0.000000
泻褍谢懈褔	0.000548	0.040822	0.000022
泻褍褉写褋泻懈泄	0.000274	0.116534	0.000032
泻褍褉懈薪褘泄	0.005207	0.094311	0.000491
泻褍褉懈褑邪	0.002740	0.040822	0.000112
泻褍褉芯褔泻邪	0.000274	0.116534	0.000032
泻褍褋泻褍褋	0.000274	0.040822	0.000011
泻褍褏薪褟	0.002466	0.040822	0.000101
谢邪胁邪褕	0.001644	0.040822	0.000067
谢邪谐屑邪薪	0.000274	0.040822	0.000011
谢邪泄屑	0.000548	3.506558	0.001922
谢邪泻芯屑褋褌胁芯	0.000274	0.116534	0.000032
谢邪锌褕邪	0.000548	0.040822	0.000022
谢邪褌褘褕褋泻懈泄	0.000274	0.116534	0.000032
谢械谐泻芯	0.001644	0.116534	0.000192
谢械锌褢褕泻邪	0.000548	0.040822	0.000022
谢械褌薪懈泄	0.000822	0.040822	0.000034
谢械褌芯	0.001644	0.116534	0.000192
谢械褔芯	0.000274	0.040822	0.000011
谢懈谐邪	0.000822	0.116534	0.000096
谢懈泻褢褉	0.000274	0.040822	0.000011
谢懈屑芯薪	0.001096	0.891598	0.000977
谢懈屑芯薪邪写	0.000548	0.040822	0.000022
谢懈屑芯薪薪褘泄	0.000548	0.713350	0.000391
谢懈薪谐胁懈褋褌	0.000274	4.605170	0.001262
谢懈褌芯胁褋泻	0.000274	0.127833	0.000035
谢懈褌芯胁褋泻懈泄	0.000274	0.116534	0.000032
谢褍泻	0.006851	0.301105	0.002063
谢褞斜懈屑褘泄	0.002466	0.116534	0.000287
谢褞斜懈褌械谢褜	0.000274	1.386294	0.000380
谢褞斜芯胁褜	0.000548	0.105361	0.000058
谢褞斜芯泄	0.001096	0.094311	0.000103
谢褢谐泻懈泄	0.001096	0.094311	0.000103
谢褢写	0.000274	0.116534	0.000032
屑邪谐褉懈斜	0.000274	0.116534	0.000032
屑邪泄	0.000274	0.116534	0.000032
屑邪泄芯薪械蟹	0.003563	0.116534	0.000415
屑邪泻邪褉芯薪薪褘泄	0.000274	0.116534	0.000032
屑邪泻邪褉芯薪褘	0.000274	0.040822	0.000011
屑邪谢邪蟹懈泄褋泻懈泄	0.000274	0.116534	0.000032
屑邪薪薪懈泻	0.000274	0.040822	0.000011
屑邪薪褋邪褉写邪	0.000274	0.755023	0.000207
屑邪薪褌邪	0.000274	0.116534	0.000032
屑邪薪褢胁褉	0.000274	0.116534	0.000032
屑邪褉邪褎芯薪	0.000822	0.116534	0.000096
屑邪褉谐芯	0.000548	4.605170	0.002524
屑邪褉懈薪邪写	0.003289	0.040822	0.000134
屑邪褉懈薪芯胁邪褌褜	0.002192	0.116534	0.000255
屑邪褉屑械谢邪写	0.000274	0.040822	0.000011
屑邪褉芯泻泻邪薪褋泻懈泄	0.000274	0.116534	0.000032
屑邪褉褌	0.001370	0.105361	0.000144
屑邪褋泻邪褉锌芯薪	0.000274	0.040822	0.000011
屑邪褋谢械薪懈褑邪	0.000822	0.040822	0.000034
屑邪褋谢械薪懈褔薪褘泄	0.000274	0.116534	0.000032
屑邪褋谢懈薪邪	0.000548	1.966113	0.001078
屑邪褋谢芯	0.006851	0.105361	0.000722
屑邪褋褌械褉	0.002466	0.116534	0.000287
屑邪褋褌懈泻邪	0.000548	0.040822	0.000022
屑邪褎褎懈薪邪	0.000274	0.116534	0.000032
屑邪褏械械胁褗	0.001096	0.116534	0.000128
屑谐薪芯胁械薪薪芯	0.000274	3.218876	0.000882
屑械写懈邪褎芯褉褌	0.000822	0.000000	0.000000
屑械写芯胁褘泄	0.000274	0.116534	0.000032
屑械泻褋懈泻邪薪褋泻懈泄	0.000274	0.116534	0.000032
屑械薪褞	0.000548	0.116534	0.000064
屑械薪褟褌褜	0.000274	2.525729	0.000692
屑械薪褟褌褜褋褟	0.000274	0.116534	0.000032
屑械褋褌芯	0.000548	2.659260	0.001458
屑械褔褌邪	0.000822	0.040822	0.000034
屑懈写懈褟	0.000274	0.040822	0.000011
屑懈泻褉芯胁芯谢薪芯胁泻邪	0.000274	0.105361	0.000029
屑懈谢褜褟	0.000274	0.116534	0.000032
屑懈芯	0.000274	0.116534	0.000032
屑懈褉	0.000548	0.105361	0.000058
屑懈褉芯胁芯泄	0.000274	0.116534	0.000032
屑懈褋芯	0.000274	0.040822	0.000011
屑懈褋褌械褉懈褟	0.000274	0.116534	0.000032
屑懈褋褌褉邪谢褜	0.001918	0.116534	0.000224
屑薪械薪懈械	0.000822	2.525729	0.002077
屑薪芯谐懈泄	0.000274	1.771957	0.000486
屑薪芯谐芯	0.000274	0.776529	0.000213
屑薪芯卸械褋褌胁芯	0.000548	0.040822	0.000022
屑芯泄	0.001370	0.083382	0.000114
屑芯谢	0.000274	4.605170	0.001262
屑芯谢写邪胁褋泻懈泄	0.000274	0.116534	0.000032
屑芯谢芯泻芯	0.001096	0.083382	0.000091
屑芯谢芯褔薪褘泄	0.000822	0.040822	0.000034
屑芯屑械薪褌	0.001096	0.105361	0.000115
屑芯薪谐芯谢褜褋泻懈泄	0.000274	0.116534	0.000032
屑芯褉械	0.000274	0.116534	0.000032
屑芯褉械锌褉芯写褍泻褌	0.003563	0.040822	0.000145
屑芯褉泻芯胁褜	0.003289	0.040822	0.000134
屑芯褉芯卸械薪芯械	0.000822	0.040822	0.000034
屑芯褉褋	0.000548	0.040822	0.000022
屑芯褋泻胁邪	0.000274	2.120264	0.000581
屑芯褌芯褉	0.000274	0.116534	0.000032
屑芯褏懈褌褘泄	0.000274	0.040822	0.000011
屑芯褔褜	0.000548	0.000000	0.000000
屑褍卸褋泻芯泄	0.000274	0.127833	0.000035
屑褍卸褔懈薪邪	0.000548	0.116534	0.000064
屑褍泻邪	0.001644	0.248461	0.000409
屑褍谢褜褌懈胁邪褉泻邪	0.010414	0.116534	0.001214
屑褍谢褜褌懈锌械泻邪褉褜	0.000822	0.116534	0.000096
屑褍褋褋	0.000274	0.040822	0.000011
屑褍褋褋邪	0.000822	0.040822	0.000034
屑褍褔薪芯泄	0.000274	0.116534	0.000032
屑褞褋谢懈	0.000548	0.116534	0.000064
屑褟褋薪芯泄	0.003837	0.040822	0.000157
屑褟褋芯	0.006851	0.040822	0.000280
薪邪蟹胁邪薪懈械	0.001096	0.562119	0.000616
薪邪蟹薪邪褔械薪懈械	0.000274	0.116534	0.000032
薪邪蟹褘胁邪褌褜	0.000548	2.659260	0.001458
薪邪蟹褘胁邪褌褜褋褟	0.000274	1.714798	0.000470
薪邪懈斜芯谢械械	0.000274	3.506558	0.000961
薪邪懈屑械薪芯胁邪薪懈械	0.000274	4.605170	0.001262
薪邪懈锌褉邪胁褘泄	0.000274	4.605170	0.001262
薪邪谢懈胁泻邪	0.000274	0.040822	0.000011
薪邪谢懈褔懈械	0.000274	2.813411	0.000771
薪邪锌懈褌芯泻	0.001918	0.040822	0.000078
薪邪锌褉懈屑械褉	0.000274	1.771957	0.000486
薪邪褋褌芯泄泻邪	0.000274	0.040822	0.000011
薪邪褋褌芯褟褖懈泄	0.000274	1.108663	0.000304
薪邪褋褌褉芯械薪懈械	0.000274	0.116534	0.000032
薪邪褌邪谢褜褟	0.000274	3.912023	0.001072
薪邪褍褌褉芯	0.000274	4.605170	0.001262
薪邪褑懈芯薪邪谢褜薪芯褋褌褜	0.000274	4.605170	0.001262
薪邪褑懈芯薪邪谢褜薪褘泄	0.000274	0.116534	0.000032
薪邪褔懈薪泻邪	0.001096	0.040822	0.000045
薪邪褕	0.001370	0.040822	0.000056
薪械胁械褋褌泻邪	0.000274	3.218876	0.000882
薪械写械谢褟	0.002740	0.051293	0.000141
薪械卸薪褘泄	0.001644	0.094311	0.000155
薪械懈薪褌械褉械褋薪褘泄	0.000274	4.605170	0.001262
薪械屑械褑泻懈泄	0.000274	0.116534	0.000032
薪械芯斜褘泻薪芯胁械薪薪芯	0.000274	1.897120	0.000520
薪械芯斜褘泻薪芯胁械薪薪褘泄	0.000274	2.995732	0.000821
薪械芯卸懈写邪薪薪褘泄	0.000274	0.116534	0.000032
薪械锌褉邪胁懈谢褜薪褘泄	0.000274	4.605170	0.001262
薪械褋泻芯谢褜泻芯	0.000274	0.843970	0.000231
薪械褋谢邪写泻懈泄	0.000274	0.116534	0.000032
薪械褋屑芯褌褉褟	0.000274	2.525729	0.000692
薪械褟褋薪芯褋褌褜	0.000274	4.605170	0.001262
薪懈泻邪泻芯泄	0.000274	1.203973	0.000330
薪懈泻褌芯	0.000274	1.427116	0.000391
薪芯胁芯谐芯写薪懈泄	0.006029	0.040822	0.000246
薪芯胁芯褋褌褜	0.000274	0.061875	0.000017
薪芯胁褘泄	0.003837	0.030459	0.000117
薪芯褉胁械卸褋泻懈泄	0.000274	0.116534	0.000032
薪芯褟斜褉褜	0.000274	0.527633	0.000145
芯斜械写	0.001096	0.105361	0.000115
芯斜械蟹褜褟薪邪	0.000274	0.116534	0.000032
芯斜卸邪褉懈胁邪褌褜	0.000274	2.813411	0.000771
芯斜褖邪褌褜褋褟	0.000274	0.040822	0.000011
芯斜褖邪褞褋褟	0.000274	4.605170	0.001262
芯斜褖懈泄	0.000274	1.609438	0.000441
芯斜褟蟹邪褌械谢褜薪芯	0.000548	0.967584	0.000530
芯胁芯褖	0.007399	0.094311	0.000698
芯胁芯褖薪芯泄	0.002740	0.040822	0.000112
芯胁褋褟薪褘泄	0.000274	0.105361	0.000029
芯谐薪械薪薪褘泄	0.000274	0.116534	0.000032
芯谐芯薪褜	0.000274	0.094311	0.000026
芯谐褍褉械褑	0.004111	0.116534	0.000479
芯谐褍褉褔懈泻	0.000274	2.659260	0.000729
芯泻芯褉芯褔芯泻	0.000548	2.407946	0.001320
芯泻褉芯褕泻邪	0.000822	0.040822	0.000034
芯泻褌褟斜褉褜	0.000548	0.562119	0.000308
芯谢邪写褜褟	0.000822	0.040822	0.000034
芯谢械泄薪芯泄	0.001096	0.116534	0.000128
芯谢械泄薪褘泄	0.001096	0.116534	0.000128
芯谢懈胁泻邪	0.001096	2.207275	0.002420
芯谢懈胁泻芯胁褘泄	0.000548	0.544727	0.000299
芯谢懈胁褜械	0.000274	2.995732	0.000821
芯屑谢械褌	0.000274	0.040822	0.000011
芯锌邪褉邪	0.000274	0.040822	0.000011
芯锌懈褋邪薪懈械	0.000274	2.995732	0.000821
芯锌褉邪胁写邪薪懈械	0.000274	4.605170	0.001262
芯锌褉芯褋	0.000274	0.061875	0.000017
芯锌褟褌褜	0.000274	2.040221	0.000559
芯褉写械胁懈谢褜	0.000274	4.605170	0.001262
芯褉懈谐懈薪邪谢褜薪褘泄	0.000274	1.049822	0.000288
芯褋械薪薪懈泄	0.001370	0.051293	0.000070
芯褋械薪褜	0.003015	0.105361	0.000318
芯褋薪芯胁邪	0.000274	2.040221	0.000559
芯褋薪芯胁邪薪懈械	0.000274	4.605170	0.001262
芯褋薪芯胁薪褘泄	0.000548	0.040822	0.000022
芯褋褌邪胁邪褌褜褋褟	0.000274	0.116534	0.000032
芯褋褌邪胁懈褌褜	0.000274	1.660731	0.000455
芯褋褌褉械薪褜泻懈泄	0.000274	3.912023	0.001072
芯褋褌褉褘泄	0.000548	1.897120	0.001040
芯褌胁械写邪褌褜	0.000274	3.506558	0.000961
芯褌胁械褌	0.000548	0.000000	0.000000
芯褌胁械褌懈褌褜	0.000274	0.051293	0.000014
芯褌泻褉褘褌褘泄	0.000548	0.105361	0.000058
芯褌谢懈褔懈械	0.000274	3.506558	0.000961
芯褌谢懈褔薪芯	0.000274	1.514128	0.000415
芯褌屑械薪懈褌褜	0.000274	0.040822	0.000011
芯褌薪芯褕械薪懈械	0.000274	1.714798	0.000470
芯褏邪褉邪泻褌械褉懈蟹芯胁邪褌褜	0.000274	3.912023	0.001072
芯褏谢邪写懈褌褜	0.000274	0.116534	0.000032
锌邪泻械褌懈泻	0.000274	0.105361	0.000029
锌邪谢芯褔泻邪	0.000274	0.040822	0.000011
锌邪薪懈褉芯胁泻邪	0.002192	0.116534	0.000255
锌邪薪懈褉芯胁芯褔薪褘泄	0.000548	1.309333	0.000718
锌邪褉邪	0.000548	0.116534	0.000064
锌邪褉邪写	0.001918	0.116534	0.000224
锌邪褉芯胁邪褉泻邪	0.002466	0.105361	0.000260
锌邪褉芯谢褜	0.000274	0.020203	0.000006
锌邪褋褌邪	0.001918	0.040822	0.000078
锌邪褋褌褉芯屑邪	0.000274	0.040822	0.000011
锌邪褋褏邪	0.000548	0.040822	0.000022
锌邪褋褏邪谢褜薪褘泄	0.000822	0.116534	0.000096
锌邪褕褌械褌	0.000822	0.040822	0.000034
锌械泻邪褉褜	0.000274	0.127833	0.000035
锌械谢褜屑械薪褜	0.000274	0.116534	0.000032
锌械褉胁褘泄	0.001370	0.040822	0.000056
锌械褉械泄褌懈	0.000274	0.040822	0.000011
锌械褉械泻褍褋	0.000548	0.116534	0.000064
锌械褉械褑	0.001918	0.040822	0.000078
锌械褉褋芯薪邪	0.000274	0.116534	0.000032
锌械褉褍邪薪褋泻懈泄	0.000274	0.116534	0.000032
锌械褋芯褔薪褘泄	0.000822	0.105361	0.000087
锌械褌械谢懈薪泻	0.000274	0.127833	0.000035
锌械褔械薪懈械	0.002466	0.040822	0.000101
锌械褔褜	0.000274	0.116534	0.000032
锌械褔褢薪芯褔薪褘泄	0.000274	0.040822	0.000011
锌懈胁芯	0.000274	0.116534	0.000032
锌懈泻邪薪褌	0.000274	0.127833	0.000035
锌懈泻邪薪褌薪褘泄	0.000548	1.514128	0.000830
锌懈泻薪懈泻	0.001096	0.105361	0.000115
锌懈褉	0.000274	0.116534	0.000032
锌懈褉芯谐	0.001644	0.040822	0.000067
锌懈褉芯卸薪芯械	0.000548	0.040822	0.000022
锌懈褉芯卸芯泻	0.000274	0.040822	0.000011
锌懈褋邪褌械谢褜	0.000274	3.912023	0.001072
锌懈褋邪褌褜	0.000822	2.120264	0.001743
锌懈褌邪薪懈械	0.001370	0.094311	0.000129
锌懈褑褑邪	0.001370	0.040822	0.000056
锌谢邪屑褟	0.000274	0.116534	0.000032
锌谢懈褌邪	0.001096	0.116534	0.000128
锌谢芯胁	0.000274	0.116534	0.000032
锌谢芯写	0.000274	0.116534	0.000032
锌谢芯褏芯	0.000274	3.912023	0.001072
锌芯胁邪褉械薪薪褘泄	0.000822	4.605170	0.003786
锌芯胁邪褉褢薪芯泻	0.001370	0.000000	0.000000
锌芯胁懈写谢芯	0.000274	0.040822	0.000011
锌芯写邪胁邪褌褜	0.000274	1.514128	0.000415
锌芯写邪褉芯泻	0.000274	0.116534	0.000032
锌芯写谢懈胁	0.000274	0.116534	0.000032
锌芯写谢懈胁泻邪	0.000274	0.040822	0.000011
锌芯写锌懈褋邪褌褜褋褟	0.000822	0.040822	0.000034
锌芯写褏芯写懈褌褜	0.000274	1.771957	0.000486
锌芯械写懈薪芯泻	0.003837	0.116534	0.000447
锌芯蟹写褉邪胁懈褌褜	0.000274	0.116534	0.000032
锌芯懈褋泻	0.000274	0.051293	0.000014
锌芯谢写薪懈泻	0.000548	0.116534	0.000064
锌芯谢械胁芯泄	0.000274	4.605170	0.001262
锌芯谢械蟹薪芯	0.000274	0.116534	0.000032
锌芯谢懈褌懈泻邪	0.000274	0.040822	0.000011
锌芯谢薪褘泄	0.000548	1.237874	0.000678
锌芯谢芯胁懈薪邪	0.002192	0.105361	0.000231
锌芯谢褍褌胁褢褉写褘泄	0.001096	2.525729	0.002769
锌芯谢褍褔邪褌褜	0.000822	0.040822	0.000034
锌芯谢褜蟹邪	0.001370	0.116534	0.000160
锌芯谢褜褋泻懈泄	0.000274	0.116534	0.000032
锌芯屑邪写泻邪	0.000822	0.040822	0.000034
锌芯屑懈写芯褉	0.001644	0.116534	0.000192
锌芯屑懈写芯褉泻	0.000274	0.127833	0.000035
锌芯薪懈屑邪薪懈械	0.000274	2.659260	0.000729
锌芯薪褉邪胁懈褌褜褋褟	0.000548	0.040822	0.000022
锌芯薪褔懈泻	0.000548	0.040822	0.000022
锌芯锌褍谢褟褉薪褘泄	0.000274	1.427116	0.000391
锌芯褉邪	0.000548	0.105361	0.000058
锌芯褉褌褍谐邪谢褜褋泻懈泄	0.000274	0.116534	0.000032
锌芯褋械褖邪褌褜	0.000274	0.061875	0.000017
锌芯褋泻芯谢褜泻褍	0.000274	2.040221	0.000559
锌芯褋谢褍卸懈褌褜	0.000274	2.995732	0.000821
锌芯褋褌	0.001644	0.105361	0.000173
锌芯褋褌邪胁懈褌褜	0.000274	1.897120	0.000520
锌芯褋褌薪褘泄	0.000822	0.040822	0.000034
锌芯褋褌芯褟薪薪芯	0.000274	0.040822	0.000011
锌芯褋褌褉芯懈褌褜	0.000274	0.105361	0.000029
锌芯褋褍写邪	0.000548	0.094311	0.000052
锌芯褔械屑褍	0.000274	1.203973	0.000330
锌芯褔褌邪	0.000274	0.040822	0.000011
锌芯褕邪谐芯胁褘泄	0.000548	0.040822	0.000022
锌褉邪胁懈谢褜薪褘泄	0.000274	1.832581	0.000502
锌褉邪蟹写薪懈泻	0.001096	0.105361	0.000115
锌褉邪蟹写薪懈褔薪芯	0.000274	0.116534	0.000032
锌褉邪蟹写薪懈褔薪褘泄	0.001644	0.105361	0.000173
锌褉邪泻褌懈泻褍屑	0.000274	0.116534	0.000032
锌褉械胁芯褋褏芯写薪褘泄	0.000274	0.116534	0.000032
锌褉械胁褉邪褖械薪懈械	0.000274	0.116534	0.000032
锌褉械写胁芯褋褏懈褌懈褌褜	0.000274	4.605170	0.001262
锌褉械写谢邪谐邪褌褜	0.000274	0.693147	0.000190
锌褉械写褋褌邪胁谢褟褌褜	0.000274	1.714798	0.000470
锌褉械泻褉邪褋薪褘泄	0.000274	1.386294	0.000380
锌褉械褋薪褘泄	0.000274	0.116534	0.000032
锌褉懈胁械褌	0.000274	2.659260	0.000729
锌褉懈胁褘褔薪褘泄	0.000274	2.407946	0.000660
锌褉懈谐芯褌芯胁懈褌褜	0.001370	0.083382	0.000114
锌褉懈谐芯褌芯胁谢械薪懈械	0.000822	0.040822	0.000034
锌褉懈蟹	0.000274	0.040822	0.000011
锌褉懈蟹薪邪薪懈械	0.000274	0.116534	0.000032
锌褉懈薪褑懈锌	0.000548	2.407946	0.001320
锌褉懈锌褉邪胁邪	0.001096	0.040822	0.000045
锌褉懈褉芯写邪	0.000548	0.105361	0.000058
锌褉懈褋褌褍锌懈褌褜	0.000274	0.040822	0.000011
锌褉芯胁械褉懈褌褜	0.001644	0.116534	0.000192
锌褉芯胁械褋褌懈	0.001096	0.116534	0.000128
锌褉芯胁芯写懈褌褜	0.000274	0.040822	0.000011
锌褉芯胁芯卸邪褌褜	0.000274	0.116534	0.000032
锌褉芯写褍泻褌	0.000548	0.072571	0.000040
锌褉芯械泻褌	0.000548	0.051293	0.000028
锌褉芯卸懈胁邪薪懈械	0.000274	4.605170	0.001262
锌褉芯锌褍褋褌懈褌褜	0.000274	3.912023	0.001072
锌褉芯褋懈褌褜	0.000274	0.776529	0.000213
锌褉芯褋屑芯褌褉	0.000274	0.274437	0.000075
锌褉芯褋褌芯	0.001370	0.083382	0.000114
锌褉芯褋褌芯泻胁邪褕邪	0.000274	0.040822	0.000011
锌褉芯褋褌芯褉	0.000274	1.660731	0.000455
锌褉芯褋褌芯褌邪	0.000274	1.714798	0.000470
锌褉芯褎懈谢褜	0.000274	0.040822	0.000011
锌褉褟屑芯	0.000274	0.040822	0.000011
锌褉褟薪懈泻	0.000548	0.040822	0.000022
锌褉褟薪懈褔薪褘泄	0.000274	0.116534	0.000032
锌褌懈褑邪	0.006029	0.116534	0.000703
锌褍斜谢懈泻芯胁邪褌褜	0.000274	2.995732	0.000821
锌褍斜谢懈褑懈褋褌	0.000274	4.605170	0.001262
锌褍写懈薪谐	0.000822	0.040822	0.000034
锌褍薪褕	0.000274	0.040822	0.000011
锌褍褌械褕械褋褌胁懈械	0.000548	0.116534	0.000064
锌褍褌褜	0.000274	0.116534	0.000032
锌褕械薪懈褔薪褘泄	0.001644	0.287682	0.000473
锌褘褕泻邪	0.000274	0.040822	0.000011
锌褞褉械	0.001096	0.040822	0.000045
褉邪斜芯褌邪褌褜	0.000274	1.832581	0.000502
褉邪谐褍	0.000274	0.116534	0.000032
褉邪蟹	0.000274	0.356675	0.000098
褉邪蟹斜懈褉邪褌褜	0.000274	4.605170	0.001262
褉邪蟹胁械褉薪褍褌褜	0.000274	0.116534	0.000032
褉邪蟹写械谢褜薪褘泄	0.000274	0.116534	0.000032
褉邪蟹薪褘泄	0.000548	0.094311	0.000052
褉邪薪薪懈泄	0.000274	1.514128	0.000415
褉邪褋褋泻邪蟹	0.000274	2.995732	0.000821
褉邪褋褋芯谢	0.000548	3.218876	0.001764
褉邪褋褋芯谢褜薪懈泻	0.001096	0.040822	0.000045
褉邪褋褋褘谢泻邪	0.000274	0.061875	0.000017
褉邪褋褌懈	0.000274	3.218876	0.000882
褉邪褋褌懈褌械谢褜薪褘泄	0.003289	0.223144	0.000734
褉械斜褢薪芯泻	0.000274	0.094311	0.000026
褉械谐懈褋褌褉邪褑懈褟	0.000822	0.000000	0.000000
褉械泄褌懈薪谐	0.000274	0.235722	0.000065
褉械锌褔邪褌褘泄	0.003289	0.430783	0.001417
褉械褋褌芯褉邪薪	0.000274	1.386294	0.000380
褉械褑械锌褌	0.025212	0.040822	0.001029
褉懈褋	0.001918	0.040822	0.000078
褉懈褌屑	0.000274	0.116534	0.000032
褉芯谐邪谢懈泻	0.000274	0.040822	0.000011
褉芯写薪褘泄	0.000274	0.116534	0.000032
褉芯卸写械薪懈械	0.000274	0.105361	0.000029
褉芯卸写械褋褌胁芯	0.000274	0.116534	0.000032
褉芯泻褎芯褉写	0.000274	3.506558	0.000961
褉芯谢谢	0.000548	0.040822	0.000022
褉芯谢谢褌芯薪	0.000274	0.116534	0.000032
褉芯屑	0.000274	0.040822	0.000011
褉褍斜褉懈泻邪褌芯褉	0.000274	0.051293	0.000014
褉褍谢械褌	0.003015	0.040822	0.000123
褉褍屑褘薪褋泻懈泄	0.000274	0.116534	0.000032
褉褍屑褟薪褘泄	0.000274	0.116534	0.000032
褉褍薪械褌	0.000274	0.020203	0.000006
褉褍褋谢邪薪	0.000274	4.605170	0.001262
褉褍褋褋泻懈泄	0.001370	0.105361	0.000144
褉褘斜邪	0.007399	0.040822	0.000302
褉褘斜薪褘泄	0.004111	0.105361	0.000433
褉褘卸懈泻	0.000274	3.218876	0.000882
褉褟卸械薪泻邪	0.000274	0.116534	0.000032
褋邪泄褌	0.001370	0.000000	0.000000
褋邪谢邪褌	0.022198	0.040822	0.000906
褋邪谢邪褌懈泻	0.000548	2.302585	0.001262
褋邪谢邪褌薪褘泄	0.000274	0.116534	0.000032
褋邪屑芯谐芯薪	0.000274	0.040822	0.000011
褋邪屑芯褋褌芯褟褌械谢褜薪褘泄	0.000274	2.040221	0.000559
褋邪屑褘泄	0.001370	0.105361	0.000144
褋邪褎	0.000822	0.116534	0.000096
褋邪褎褋械屑邪	0.000274	0.116534	0.000032
褋邪褏邪褉	0.002192	0.105361	0.000231
褋斜械谐邪褌褜褋褟	0.000274	4.605170	0.001262
褋斜懈褌械薪褜	0.000274	0.040822	0.000011
褋斜芯褉薪邪褟	0.000548	4.605170	0.002524
褋胁械卸械褋褌褜	0.000274	0.105361	0.000029
褋胁械卸械褌褜	0.000274	3.506558	0.000961
褋胁械卸懈泄	0.000274	1.427116	0.000391
褋胁械泻芯谢褜薪懈泻	0.000548	0.040822	0.000022
褋胁械褌	0.001096	0.116534	0.000128
褋胁械褌邪	0.001096	0.116534	0.000128
褋胁懈薪懈薪	0.001096	0.116534	0.000128
褋胁懈薪懈薪邪	0.000274	0.040822	0.000011
褋胁褢泻谢邪	0.001096	0.040822	0.000045
褋谐褍褖褢薪泻邪	0.000274	0.040822	0.000011
褋械蟹芯薪	0.000274	0.116534	0.000032
褋械泄	0.000274	2.659260	0.000729
褋械泄褔邪褋	0.000548	0.030459	0.000017
褋械泻褉械褌	0.000548	0.116534	0.000064
褋械谢褜褋泻	0.000274	4.605170	0.001262
褋械谢褜褋泻懈泄	0.000274	3.912023	0.001072
褋械谢褟薪泻邪	0.002740	4.605170	0.012620
褋械谢褢写泻邪	0.000274	0.040822	0.000011
褋械屑械泄薪褘泄	0.000548	0.116534	0.000064
褋械屑褜褟	0.001096	0.116534	0.000128
褋懈写褉	0.000274	0.040822	0.000011
褋懈褉懈泄褋泻懈泄	0.000274	0.116534	0.000032
褋懈褉芯锌	0.000548	0.040822	0.000022
褋懈褋褌械屑邪	0.000274	0.040822	0.000011
褋懈褌懈	0.000274	0.127833	0.000035
褋泻邪蟹邪褌褜	0.000548	0.400478	0.000219
褋泻邪蟹泻邪	0.000274	0.116534	0.000032
褋泻胁芯褉褑芯胁褘泄	0.000274	4.605170	0.001262
褋泻芯胁芯褉芯写泻邪	0.000274	1.660731	0.000455
褋泻芯谢褜泻芯	0.000274	1.771957	0.000486
褋泻芯褉芯	0.000274	2.813411	0.000771
褋谢邪写泻懈泄	0.005207	0.040822	0.000213
褋谢邪写泻芯	0.000274	0.116534	0.000032
褋谢械谐泻邪	0.000274	2.525729	0.000692
褋谢械写芯胁邪褌褜	0.000274	3.912023	0.001072
褋谢懈胁泻邪	0.000548	1.049822	0.000575
褋谢懈胁芯褔薪褘泄	0.002466	0.105361	0.000260
褋谢芯胁芯	0.001096	1.021651	0.001120
褋谢芯泄泻邪	0.000548	0.040822	0.000022
褋谢芯褢薪褘泄	0.001644	0.116534	0.000192
褋谢褍褔邪泄	0.000274	1.171183	0.000321
褋屑械褌邪薪邪	0.000822	0.105361	0.000087
褋屑械褕邪薪薪褘泄	0.000274	0.116534	0.000032
褋屑芯褔褜	0.000274	0.040822	0.000011
褋屑褍蟹懈	0.000822	0.040822	0.000034
褋薪芯胁邪	0.000274	2.407946	0.000660
褋薪褝泻	0.000274	0.116534	0.000032
褋芯斜懈褉邪褌褜褋褟	0.000274	0.040822	0.000011
褋芯胁械褉褕械薪褋褌胁芯	0.001370	0.116534	0.000160
褋芯胁械褌	0.000274	0.040822	0.000011
褋芯胁褋械屑	0.000548	1.139434	0.000625
褋芯谐谢邪褕邪褌褜褋褟	0.000274	0.040822	0.000011
褋芯械胁褘泄	0.000548	0.798508	0.000438
褋芯蟹写邪胁邪褌褜	0.000274	0.105361	0.000029
褋芯蟹写邪薪懈械	0.000548	0.261365	0.000143
褋芯泻	0.001370	0.040822	0.000056
褋芯谢械薪懈械	0.000548	0.116534	0.000064
褋芯谢薪械褔薪褘泄	0.000274	0.116534	0.000032
褋芯谢芯薪褔邪泻	0.000274	4.605170	0.001262
褋芯谢褜	0.005481	0.127833	0.000701
褋芯谢褟薪泻邪	0.006029	0.040822	0.000246
褋芯谢褟薪芯褔泻邪	0.000274	4.605170	0.001262
褋芯谢褢薪褘泄	0.003289	0.116534	0.000383
褋芯褉褌懈褉芯胁邪褌褜	0.000274	0.248461	0.000068
褋芯褋懈褋泻邪	0.001096	2.207275	0.002420
褋芯褋褌邪胁懈褌褜	0.000548	0.116534	0.000064
褋芯褍褋	0.005755	0.040822	0.000235
褋芯褏褉邪薪褟褌褜	0.000274	0.040822	0.000011
褋芯褑褋械褌褜	0.000274	0.040822	0.000011
褋芯褔械褌邪薪懈械	0.000274	0.105361	0.000029
褋芯褔械褌邪褌褜褋褟	0.000274	2.302585	0.000631
褋芯褔薪褘泄	0.000822	0.116534	0.000096
褋锌邪谢褜薪褟	0.000274	0.415515	0.000114
褋锌械褌褜	0.000274	0.116534	0.000032
褋锌械褑懈邪谢褜薪褘泄	0.000274	0.094311	0.000026
褋锌械褑懈褟	0.000274	0.094311	0.000026
褋锌械褑锌褉芯械泻褌	0.009044	0.116534	0.001054
褋锌懈褋芯泻	0.000274	0.116534	0.000032
褋锌芯褉	0.000274	3.912023	0.001072
褋褉械写懈蟹械屑薪芯屑芯褉褋泻懈泄	0.000274	0.127833	0.000035
褋褌邪褉懈薪薪褘泄	0.000548	2.995732	0.001642
褋褌邪褉褘泄	0.000822	0.261365	0.000215
褋褌邪褌褜褟	0.000274	0.061875	0.000017
褋褌懈谢褜	0.000548	0.116534	0.000064
褋褌芯谢	0.003289	0.105361	0.000346
褋褌褉芯谐芯	0.000274	2.407946	0.000660
褋褌褉芯懈褌械谢褜褋褌胁芯	0.000548	0.040822	0.000022
褋褌褉芯懈褌褜	0.000274	0.040822	0.000011
褋褌褉芯泄薪褘泄	0.000274	0.116534	0.000032
褋褍斜锌褉芯写褍泻褌	0.002740	0.116534	0.000319
褋褍锌	0.008495	0.040822	0.000347
褋褍锌褔懈泻	0.000548	2.302585	0.001262
褋褍褎谢械	0.000822	0.040822	0.000034
褋褍褏邪褉褜	0.000822	0.040822	0.000034
褋褍褕懈褌褜	0.000548	0.040822	0.000022
褋褍褕褢薪褘泄	0.000274	3.506558	0.000961
褋褏芯卸懈泄	0.000274	4.605170	0.001262
褋褔懈褌邪褌褜	0.000274	1.347074	0.000369
褋褔褢褌	0.000274	3.912023	0.001072
褋褗械写邪褌褜褋褟	0.000274	2.525729	0.000692
褋褘褉	0.007399	0.040822	0.000302
褋褘褉薪懈泻	0.000822	0.040822	0.000034
褋褘褉薪褘泄	0.001096	0.040822	0.000045
褋褘褌薪褘泄	0.002466	0.105361	0.000260
褋褘褔褍卸薪褘泄	0.000274	0.127833	0.000035
褋褝薪写胁懈褔	0.000274	0.127833	0.000035
褋褞褉锌褉懈蟹	0.000274	0.116534	0.000032
褋褢屑谐邪	0.000274	0.040822	0.000011
褌邪写卸懈泻褋泻懈泄	0.000274	0.116534	0.000032
褌邪泄褋泻懈泄	0.000274	0.116534	0.000032
褌邪褉褌	0.000274	0.116534	0.000032
褌邪褉褌邪谢械褌泻邪	0.000548	0.040822	0.000022
褌邪褌邪褉褋泻懈泄	0.000274	0.116534	0.000032
褌胁芯泄	0.000548	0.116534	0.000064
褌胁芯褉懈褌褜	0.000274	0.116534	0.000032
褌胁芯褉芯谐	0.000822	0.040822	0.000034
褌胁芯褉芯卸薪褘泄	0.001096	0.094311	0.000103
褌胁褢褉写褘泄	0.001644	0.544727	0.000896
褌械泻褋褌	0.000274	3.912023	0.001072
褌械谢械谐褉邪屑	0.000274	0.040822	0.000011
褌械谢褟褌懈薪邪	0.001096	0.116534	0.000128
褌械屑	0.000822	0.967584	0.000795
褌械锌谢芯	0.000274	0.116534	0.000032
褌械褉褉邪褋邪	0.000274	0.776529	0.000213
褌械褉褉懈薪邪	0.000274	0.040822	0.000011
褌械褋褌	0.003289	0.105361	0.000346
褌械褋褌芯	0.002466	0.040822	0.000101
褌械褏薪懈泻邪	0.001370	0.105361	0.000144
褌懈邪薪懈	0.000274	4.605170	0.001262
褌屑	0.001096	0.127833	0.000140
褌芯胁邪褉懈褖	0.000274	4.605170	0.001262
褌芯屑邪褌薪褘泄	0.001370	1.139434	0.001561
褌芯锌谢褢薪褘泄	0.000274	0.116534	0.000032
褌芯褉褌	0.005481	0.040822	0.000224
褌芯褔泻邪	0.000274	3.218876	0.000882
褌褉邪胁邪	0.000548	0.094311	0.000052
褌褉邪写懈褑懈芯薪薪芯褋褌褜	0.000274	4.605170	0.001262
褌褉邪写懈褑懈褟	0.001644	0.116534	0.000192
褌褉懈	0.000274	1.272966	0.000349
褌褉褍斜芯褔泻邪	0.000274	0.040822	0.000011
褌褉褍写	0.000274	2.302585	0.000631
褌褉褢褏谢械褌懈械	0.000274	0.116534	0.000032
褌褍薪械褑	0.000274	0.105361	0.000029
褌褍薪懈褋褋泻懈泄	0.000274	0.116534	0.000032
褌褍褉械褑泻懈泄	0.000274	0.116534	0.000032
褌褍褕懈褌褜	0.000274	3.912023	0.001072
褌褍褕褢薪褘泄	0.000274	2.659260	0.000729
褌褘泻胁邪	0.000274	0.040822	0.000011
褌褟卸褢谢褘泄	0.000274	3.912023	0.001072
褌褢褖懈薪	0.000274	0.040822	0.000011
褍胁械写芯屑谢械薪懈械	0.000274	0.040822	0.000011
褍谐芯褖邪褌褜褋褟	0.000822	0.994252	0.000817
褍写邪褔薪褘泄	0.000274	0.116534	0.000032
褍写懈胁懈褌褜	0.000274	0.116534	0.000032
褍写懈胁谢褟褌褜	0.001370	0.116534	0.000160
褍写芯胁芯谢褜褋褌胁懈械	0.000274	0.116534	0.000032
褍卸懈薪	0.002192	0.094311	0.000207
褍蟹斜械泻褋泻懈泄	0.000274	0.116534	0.000032
褍泻芯褉械薪懈褌褜褋褟	0.000274	4.605170	0.001262
褍泻褉邪懈薪褋泻懈泄	0.000274	0.116534	0.000032
褍泻褉邪褋懈褌褜	0.000274	1.514128	0.000415
褍泻褉邪褕械薪懈械	0.002192	0.116534	0.000255
褍泻褉芯锌	0.001644	0.562119	0.000924
褍泻褉芯锌薪褘泄	0.000274	4.605170	0.001262
褍泻褋褍褋	0.001096	0.562119	0.000616
褍谢懈褑邪	0.000274	3.218876	0.000882
褍锌芯屑懈薪邪褌褜褋褟	0.000274	4.605170	0.001262
褍锌芯褌褉械斜谢械薪懈械	0.000274	0.116534	0.000032
褍褉邪谢褜褋泻懈泄	0.000548	0.116534	0.000064
褍褉芯卸邪泄	0.000274	0.105361	0.000029
褍褌泻邪	0.000822	0.116534	0.000096
褍褌褉芯	0.000274	2.525729	0.000692
褍褏	0.000274	2.995732	0.000821
褍褏芯	0.000274	0.040822	0.000011
褍褔邪褋褌胁芯胁邪褌褜	0.000274	0.040822	0.000011
褎邪蟹械薪写邪	0.000274	0.116534	0.000032
褎邪薪褌邪蟹懈褟	0.002192	0.116534	0.000255
褎邪褉褕	0.003563	0.040822	0.000145
褎邪褉褕懈褉芯胁邪薪薪褘泄	0.001644	0.040822	0.000067
褎邪褋芯谢褜	0.000274	0.040822	0.000011
褎械胁褉邪谢褜	0.000548	0.094311	0.000052
褎械泄械褉胁械褉泻	0.000548	0.116534	0.000064
褎懈谐褍褉邪	0.000274	0.116534	0.000032
褎懈谢械	0.000548	0.916291	0.000502
褎懈薪褋泻懈泄	0.000274	0.116534	0.000032
褎懈褉屑械薪薪褘泄	0.000548	0.116534	0.000064
褎芯薪写褞	0.000274	0.040822	0.000011
褎芯褉屑邪	0.000274	0.105361	0.000029
褎芯褉褍屑	0.000548	0.040822	0.000022
褎芯褉褕屑邪泻	0.000274	0.040822	0.000011
褎褉邪薪褑懈褟	0.000274	0.116534	0.000032
褎褉邪薪褑褍蟹褋泻懈泄	0.000274	0.094311	0.000026
褎褉邪褍	0.001096	0.116534	0.000128
褎褉褍泻褌	0.001096	0.116534	0.000128
褎褉褍泻褌芯胁褘泄	0.002192	0.040822	0.000089
褎褍写	0.000274	0.116534	0.000032
褎褍褉褕械褌	0.000274	0.116534	0.000032
褏邪谢胁邪	0.000274	0.040822	0.000011
褏邪褉胁械褋褌褎械褋褌	0.000548	0.116534	0.000064
褏邪褉褔芯	0.000548	0.040822	0.000022
褏邪褕	0.000274	0.040822	0.000011
褏胁芯褉芯褋褌	0.000274	0.040822	0.000011
褏懈薪泻邪谢懈	0.000274	0.116534	0.000032
褏懈褌	0.001918	0.116534	0.000224
褏谢械斜	0.000822	0.040822	0.000034
褏谢械斜芯锌械褔泻邪	0.000274	0.116534	0.000032
褏谢芯锌褜褟	0.000548	0.094311	0.000052
褏芯写懈褌褜	0.000274	1.771957	0.000486
褏芯蟹褟泄泻邪	0.000274	0.116534	0.000032
褏芯谢芯写械褑	0.000274	0.040822	0.000011
褏芯谢芯写薪芯械	0.000548	0.116534	0.000064
褏芯谢芯写薪褘泄	0.000548	0.116534	0.000064
褏芯褉胁邪褌褋泻懈泄	0.000274	0.116534	0.000032
褏芯褉芯褕懈泄	0.001644	0.040822	0.000067
褏芯褉芯褕芯	0.001370	0.105361	0.000144
褏芯褉褋	0.000274	0.116534	0.000032
褏芯褌械褌褜	0.000274	0.000000	0.000000
褏褉褍褋褌械褌褜	0.000274	0.713350	0.000195
褏褍屑褍褋邪	0.000274	0.040822	0.000011
褑邪褉褋褌胁芯	0.000274	0.127833	0.000035
褑邪褉褜	0.000274	0.116534	0.000032
褑胁械褌	0.000274	1.771957	0.000486
褑胁械褌邪	0.000274	2.407946	0.000660
褑胁械褌薪芯泄	0.000274	0.040822	0.000011
褑械薪薪褘泄	0.000274	0.040822	0.000011
褑械薪褌褉	0.000274	0.116534	0.000032
褔邪械屑褘泄	0.000274	0.116534	0.000032
褔邪泄	0.000822	0.040822	0.000034
褔邪褋褌褜	0.000274	2.040221	0.000559
褔械斜褍褉械泻	0.000548	0.040822	0.000022
褔械谢芯胁械泻	0.001096	0.916291	0.001004
褔械褉泻懈蟹芯胁褘泄	0.000548	0.116534	0.000064
褔械褉褉懈	0.000548	2.040221	0.001118
褔械褋薪芯泻	0.001644	0.314711	0.000517
褔械褋褌薪芯泄	0.000274	0.040822	0.000011
褔械褔械胁懈褑邪	0.000274	0.040822	0.000011
褔械褕褋泻懈泄	0.000274	0.116534	0.000032
褔懈蟹泻械泄泻	0.001096	0.040822	0.000045
褔懈谢懈泄褋泻懈泄	0.000274	0.116534	0.000032
褔懈锌褋褘	0.000274	0.040822	0.000011
褔懈褋谢芯	0.000274	0.235722	0.000065
褔谢械薪	0.000274	3.912023	0.001072
褔褍写芯	0.000274	0.116534	0.000032
褔褍褌褜	0.000274	1.771957	0.000486
褔褢褉薪褘泄	0.002192	0.356675	0.000782
褕邪屑锌懈薪褜芯薪	0.000548	1.237874	0.000678
褕邪褉懈泻	0.000274	0.040822	0.000011
褕邪褉谢芯褌泻邪	0.000548	0.040822	0.000022
褕邪褉屑	0.000274	0.116534	0.000032
褕邪褕谢褘泻	0.003563	0.040822	0.000145
褕胁械写褋泻懈泄	0.000274	0.116534	0.000032
褕胁械泄褑邪褉褋泻懈泄	0.000274	0.116534	0.000032
褕械写械胁褉	0.000274	0.116534	0.000032
褕械褎	0.000274	0.127833	0.000035
褕懈谢芯胁	0.000274	4.605170	0.001262
褕懈锌褍褔泻邪	0.000274	0.040822	0.000011
褕懈褉芯泻懈泄	0.000274	0.127833	0.000035
褕泻芯谢邪	0.000274	0.116534	0.000032
褕芯泻芯谢邪写	0.000274	0.040822	0.000011
褕芯褌谢邪薪写褋泻懈泄	0.000274	0.116534	0.000032
褕褌褉褍写械谢褜	0.000274	0.040822	0.000011
褕褍褉锌邪	0.000274	0.040822	0.000011
褖械写褉褘泄	0.000274	0.116534	0.000032
褖懈	0.001370	0.040822	0.000056
褝泻芯屑懈谢泻	0.000274	0.127833	0.000035
褝褋褌芯薪褋泻懈泄	0.000274	0.116534	0.000032
褝褌懈屑芯谢芯谐懈褟	0.000548	4.605170	0.002524
褞谐芯褋谢邪胁褋泻懈泄	0.000274	0.116534	0.000032
褟谐芯写薪褘泄	0.001096	0.105361	0.000115
褟蟹褘泻	0.000274	0.040822	0.000011
褟泄褑芯	0.004659	0.040822	0.000190
褟薪胁邪褉褜	0.000548	0.733969	0.000402
褟薪写械泻褋	0.000274	0.072571	0.000020
褟锌芯薪褋泻懈泄	0.000548	0.051293	0.000028
褟褉泻懈泄	0.000822	0.116534	0.000096
褟褉泻芯	0.000274	0.105361	0.000029
