谢械屑屑邪	TF	IDF	TF-IDF
邪斜褏邪蟹褋泻懈泄	0.000299	0.116534	0.000035
邪胁谐褍褋褌	0.000299	0.843970	0.000252
邪胁褋褌褉邪谢懈泄褋泻懈泄	0.000299	0.116534	0.000035
邪胁褋褌褉懈泄褋泻懈泄	0.000299	0.116534	0.000035
邪胁褌芯泻谢邪胁	0.000299	0.116534	0.000035
邪胁褌芯褉	0.000896	0.040822	0.000037
邪谐褉芯	0.000299	0.116534	0.000035
邪写卸懈泻邪	0.000299	0.040822	0.000012
邪卸褍褉	0.000299	2.525729	0.000754
邪蟹	0.000299	0.127833	0.000038
邪蟹械褉斜邪泄写卸邪薪褋泻懈泄	0.000299	0.116534	0.000035
邪蟹懈邪褌褋泻懈泄	0.000299	0.127833	0.000038
邪泄褉邪薪	0.000299	0.040822	0.000012
邪泻胁邪褌懈泻	0.000896	0.127833	0.000115
邪泻褑懈褟	0.000299	2.040221	0.000609
邪谢械泻褋械泄	0.000299	0.127833	0.000038
邪谢泻芯谐芯谢褜	0.000896	0.116534	0.000104
邪谢泻芯谐芯谢褜薪褘泄	0.000299	0.116534	0.000035
邪谢褜褟薪褋	0.000299	0.116534	0.000035
邪屑械褉懈泻邪薪褋泻懈泄	0.000299	0.116534	0.000035
邪薪谐谢懈泄褋泻懈泄	0.000299	0.116534	0.000035
邪薪写褉械泄	0.000299	0.127833	0.000038
邪锌褉械谢褜	0.000896	0.544727	0.000488
邪褉邪斜褋泻懈泄	0.000299	0.116534	0.000035
邪褉谐械薪褌懈薪褋泻懈泄	0.000299	0.116534	0.000035
邪褉屑褟薪褋泻懈泄	0.000299	0.116534	0.000035
邪褉芯屑邪褌	0.000597	0.820981	0.000490
邪褋褋芯褉褌懈	0.000597	0.116534	0.000070
邪褌谢邪薪褌	0.000299	0.116534	0.000035
邪褎谐邪薪褋泻懈泄	0.000299	0.116534	0.000035
邪褎褉懈泻邪薪褋泻懈泄	0.000299	0.116534	0.000035
邪褔屑	0.000299	3.218876	0.000961
邪褝褉芯谐褉懈谢褜	0.002987	0.116534	0.000348
邪褝褉芯锌芯褉褌	0.000299	2.525729	0.000754
斜邪斜懈褔	0.000597	1.514128	0.000904
斜邪泻谢邪卸邪薪	0.000299	0.040822	0.000012
斜邪谢褌泻芯屑邪	0.000299	0.127833	0.000038
斜邪褉邪薪懈薪邪	0.001195	0.116534	0.000139
斜邪褉薪褏邪褍褋	0.000299	3.218876	0.000961
斜邪褋屑邪褌懈	0.000597	0.127833	0.000076
斜邪褋褌褍褉屑	0.000299	0.040822	0.000012
斜邪褋褌褍褉屑邪	0.000299	0.040822	0.000012
斜邪褌芯薪	0.000896	1.514128	0.001357
斜邪褌芯薪褔懈泻	0.000299	0.127833	0.000038
斜邪褕泻懈褉褋泻懈泄	0.000299	0.116534	0.000035
斜械蟹邪谢泻芯谐芯谢褜薪褘泄	0.000299	0.116534	0.000035
斜械蟹谐谢褞褌械薪芯胁芯械	0.000299	0.116534	0.000035
斜械蟹械	0.001195	0.040822	0.000049
斜械蟹屑械褉薪芯	0.000299	2.659260	0.000794
斜械谢械斜械械胁褋泻懈泄	0.000597	0.116534	0.000070
斜械谢芯褉褍褋褋泻懈泄	0.000299	0.116534	0.000035
斜械谢褜谐懈泄褋泻懈泄	0.000299	0.116534	0.000035
斜械褉械屑械薪薪邪褟	0.000299	0.116534	0.000035
斜械褋械写懈薪	0.000299	0.127833	0.000038
斜械褋锌芯写芯斜薪褘泄	0.000299	1.560648	0.000466
斜懈蟹薪械褋	0.000299	2.525729	0.000754
斜懈褋泻胁懈褌	0.000597	0.040822	0.000024
斜懈褋泻胁懈褌薪褘泄	0.000896	0.105361	0.000094
斜谢邪谐芯写邪褉薪褘泄	0.000299	1.660731	0.000496
斜谢懈蟹泻懈泄	0.000597	0.116534	0.000070
斜谢懈薪	0.001792	0.040822	0.000073
斜谢懈褑	0.000299	2.207275	0.000659
斜谢芯薪写懈薪芯褔泻邪	0.000299	3.218876	0.000961
斜谢褞写芯	0.036738	0.040822	0.001500
斜芯斜芯胁褘泄	0.002389	0.116534	0.000278
斜芯谢谐邪褉褋泻懈泄	0.000896	0.116534	0.000104
斜芯谢褜褕芯泄	0.000597	0.094311	0.000056
斜芯褉褌	0.000299	2.525729	0.000754
斜芯褉褌芯胁褘泄	0.000299	2.525729	0.000754
斜芯褉褖	0.000597	0.040822	0.000024
斜芯褌胁懈薪褜褟	0.000299	0.040822	0.000012
斜褉邪蟹懈谢褜褋泻懈泄	0.000299	0.116534	0.000035
斜褉邪褌	0.000299	2.813411	0.000840
斜褉邪褍蟹械褉	0.000299	0.040822	0.000012
斜褉邪褍薪懈	0.000299	0.040822	0.000012
斜褉械褋褌	0.000299	0.127833	0.000038
斜褉芯泻泻芯谢懈	0.000299	0.040822	0.000012
斜褍卸械薪懈薪邪	0.000299	0.040822	0.000012
斜褍谢芯褔泻邪	0.000896	0.040822	0.000037
斜褍谢褜芯薪	0.003286	0.040822	0.000134
斜褍褉谐械褉	0.000597	0.040822	0.000024
斜褍褉褟褌褋泻懈泄	0.000299	0.116534	0.000035
斜褍褌械褉斜褉芯写	0.001493	0.040822	0.000061
斜褘褋褌褉芯	0.001493	0.094311	0.000141
斜褘褋褌褉褘泄	0.001195	0.094311	0.000113
胁邪卸薪褘泄	0.000299	0.116534	0.000035
胁邪谢谢懈泄褋泻懈泄	0.000299	0.116534	0.000035
胁邪褉械薪懈械	0.000597	0.040822	0.000024
胁邪褉械薪懈泻	0.000299	0.116534	0.000035
胁邪褉懈邪薪褌	0.000299	0.356675	0.000107
胁邪褌褉褍褕泻邪	0.000299	0.040822	0.000012
胁邪褎谢褟	0.000597	0.040822	0.000024
胁邪褕	0.001493	0.000000	0.000000
胁胁芯写懈褌褜	0.000299	0.040822	0.000012
胁写芯褏薪芯胁械薪懈械	0.001792	0.116534	0.000209
胁写芯褏薪芯胁谢褟褌褜褋褟	0.000299	0.116534	0.000035
胁械谐械褌邪褉懈邪薪褋泻懈泄	0.000597	0.116534	0.000070
胁械谢懈泻懈泄	0.000299	0.116534	0.000035
胁械谢懈泻芯谢械锌薪褘泄	0.000299	1.427116	0.000426
胁械薪谐械褉褋泻懈泄	0.000299	0.116534	0.000035
胁械褋械薪薪懈泄	0.000299	0.051293	0.000015
胁械褋薪邪	0.001792	0.116534	0.000209
胁械褌褔懈薪邪	0.000896	0.094311	0.000085
胁懈写械芯	0.000597	0.116534	0.000070
胁懈写械芯褉械褑械锌褌	0.000299	0.301105	0.000090
胁懈薪芯	0.000597	0.040822	0.000024
胁泻谢褞褔邪褌褜	0.000299	0.634878	0.000190
胁泻褍褋	0.003883	0.105361	0.000409
胁泻褍褋薪芯	0.002091	0.094311	0.000197
胁泻褍褋薪芯褌懈褖邪	0.000299	3.218876	0.000961
胁泻褍褋薪褘泄	0.003286	0.061875	0.000203
胁泻褍褋薪褟褌懈薪邪	0.000299	2.207275	0.000659
胁谢褞斜懈褌褜	0.000299	0.116534	0.000035
胁薪邪褔邪谢械	0.001195	0.248461	0.000297
胁芯写邪	0.000896	0.094311	0.000085
胁芯泄褌懈	0.000299	0.000000	0.000000
胁芯谢芯胁邪薪	0.000299	0.116534	0.000035
胁芯谢褕械斜薪芯	0.000299	2.525729	0.000754
胁芯谢褕械斜薪褘泄	0.000597	0.116534	0.000070
胁芯谢褕械斜褋褌胁芯	0.000299	0.116534	0.000035
胁芯锌褉芯褋	0.000299	0.000000	0.000000
胁芯褋锌芯屑懈薪邪薪懈械	0.000299	2.302585	0.000688
胁芯褋褌芯褔薪褘泄	0.000299	0.127833	0.000038
胁褉械屑褟	0.002091	0.105361	0.000220
胁褋械谐写邪	0.000299	0.653926	0.000195
胁褋锌芯屑薪懈褌褜	0.000299	0.040822	0.000012
胁褌芯褉芯械	0.000299	0.116534	0.000035
胁褌芯褉芯泄	0.000299	0.116534	0.000035
胁褏芯写	0.000896	0.030459	0.000027
胁褔械褉邪	0.000299	2.040221	0.000609
胁褘谐谢褟写械褌褜	0.000299	1.469676	0.000439
胁褘泄褌懈	0.000299	0.040822	0.000012
胁褘锌械褔泻邪	0.006272	0.040822	0.000256
胁褘锌褉芯褋懈褌褜	0.000299	2.525729	0.000754
胁褘褉褍褔邪谢芯褔泻邪	0.000299	1.560648	0.000466
胁褜械褌薪邪屑褋泻懈泄	0.000299	0.116534	0.000035
谐邪胁邪泄褋泻懈泄	0.000299	0.116534	0.000035
谐邪褉薪懈褉	0.001493	0.040822	0.000061
谐邪褋锌邪褔芯	0.000299	0.040822	0.000012
谐械芯谐褉邪褎懈褟	0.000299	0.116534	0.000035
谐谢邪胁薪褘泄	0.000299	0.040822	0.000012
谐谢邪蟹褍褉褜	0.000896	0.040822	0.000037
谐谢懈薪褌胁械泄薪	0.000299	0.040822	0.000012
谐薪械蟹写芯	0.000299	2.207275	0.000659
谐芯胁褟写懈薪邪	0.001195	0.116534	0.000139
谐芯写	0.007467	0.083382	0.000623
谐芯谢谢邪薪写褋泻懈泄	0.000299	0.116534	0.000035
谐芯褉写褘泄	0.000299	3.218876	0.000961
谐芯褉芯写	0.000299	0.116534	0.000035
谐芯褉芯褏	0.000299	0.116534	0.000035
谐芯褉褔懈褑邪	0.000896	0.040822	0.000037
谐芯褉褕芯褔械泻	0.000597	0.040822	0.000024
谐芯褉褟褔械械	0.000896	0.116534	0.000104
谐芯褉褟褔懈泄	0.015532	0.105361	0.001636
谐芯褋褌褜	0.000597	0.116534	0.000070
谐芯褌芯胁懈褌褜	0.005078	0.083382	0.000423
谐芯褌芯胁懈褌褜褋褟	0.000597	0.371064	0.000222
谐褉械薪泻邪	0.000597	0.040822	0.000024
谐褉械褔械褋泻懈泄	0.000299	0.116534	0.000035
谐褉械褔泻邪	0.000299	0.040822	0.000012
谐褉懈斜	0.002987	0.040822	0.000122
谐褉懈斜薪芯泄	0.000597	0.040822	0.000024
谐褉懈谢褜	0.002987	0.105361	0.000315
谐褉懈谢褜屑邪薪懈褟	0.000299	0.116534	0.000035
谐褉芯谐	0.000299	0.040822	0.000012
谐褉褍写泻邪	0.000597	0.967584	0.000578
谐褉褍蟹懈薪褋泻懈泄	0.000299	0.116534	0.000035
谐褉褍锌锌邪	0.000299	0.061875	0.000018
谐褍褉屑	0.000299	0.127833	0.000038
谐褍褉屑邪薪懈褟	0.001792	0.116534	0.000209
谐褍褋褜	0.000597	0.105361	0.000063
写邪胁邪褌褜	0.000299	0.040822	0.000012
写邪薪薪褘械	0.000299	0.040822	0.000012
写邪褉	0.000299	0.116534	0.000035
写邪褌邪	0.000597	0.248461	0.000148
写邪褌褋泻懈泄	0.000299	0.116534	0.000035
写邪褌褜	0.000299	0.040822	0.000012
写邪褔薪褘泄	0.000896	0.116534	0.000104
写械胁芯褔泻邪	0.000597	1.171183	0.000700
写械泻邪斜褉褜	0.000597	0.597837	0.000357
写械泻芯褉	0.000299	0.127833	0.000038
写械谢邪褌褜	0.000597	0.083382	0.000050
写械谢懈褌褜褋褟	0.000299	0.040822	0.000012
写械谢芯	0.000299	0.105361	0.000031
写械薪褜	0.002091	0.040822	0.000085
写械褋械褉褌	0.005078	0.040822	0.000207
写械褋械褉褌邪褑懈褟	0.000299	0.116534	0.000035
写械褋械褉褌薪褘泄	0.000299	0.116534	0.000035
写械褌褋褌胁芯	0.000299	1.897120	0.000567
写卸械屑	0.000299	0.040822	0.000012
写卸械屑邪	0.000299	0.040822	0.000012
写蟹械薪	0.000299	0.116534	0.000035
写懈械褌邪	0.000597	0.094311	0.000056
写懈泻懈泄	0.000896	0.116534	0.000104
写懈锌	0.000299	0.116534	0.000035
写懈褔褜	0.000896	0.116534	0.000104
写薪械胁薪懈泻	0.000299	0.061875	0.000018
写芯斜邪胁懈褌褜	0.000299	0.083382	0.000025
写芯斜邪胁谢械薪懈械	0.000299	0.223144	0.000067
写芯斜邪胁谢褟褌褜	0.000299	0.040822	0.000012
写芯斜褉芯褎谢芯褌	0.000299	0.127833	0.000038
写芯胁械褉褟褌褜	0.000299	0.116534	0.000035
写芯屑	0.002688	0.040822	0.000110
写芯屑邪褕薪懈泄	0.003883	0.040822	0.000159
写芯褉芯卸泻邪	0.000299	3.218876	0.000961
写褉邪泄胁	0.001493	0.127833	0.000191
写褉芯卸卸械胁芯泄	0.000299	0.116534	0.000035
写褉芯卸卸懈	0.000597	0.916291	0.000547
写褍屑邪褌褜	0.000299	0.634878	0.000190
写褍褏芯胁泻邪	0.001493	0.105361	0.000157
写褍褕邪	0.000896	0.105361	0.000094
械胁褉械泄褋泻懈泄	0.000299	0.116534	0.000035
械谐懈锌械褌褋泻懈泄	0.000299	0.116534	0.000035
械写懈薪褘泄	0.000299	0.000000	0.000000
械泻芯	0.000299	0.127833	0.000038
械褏邪褌褜	0.000299	2.302585	0.000688
卸邪褉懈褌褜	0.000299	1.347074	0.000402
卸邪褉泻芯械	0.000299	0.040822	0.000012
卸写邪褌褜	0.000299	2.207275	0.000659
卸械谢械	0.000896	0.040822	0.000037
卸械薪褋泻懈泄	0.000597	0.020203	0.000012
卸械薪褖懈薪邪	0.000597	0.061875	0.000037
卸懈蟹薪褜	0.000597	0.040822	0.000024
卸褍谢褜械薪	0.000299	0.040822	0.000012
卸褍褉薪邪谢	0.000299	0.072571	0.000022
卸褞谢褜械薪	0.000299	0.040822	0.000012
卸褞谢褜薪褘泄	0.000299	0.040822	0.000012
蟹邪斜褘褌褜	0.000299	2.040221	0.000609
蟹邪胁邪褉薪芯泄	0.000597	0.116534	0.000070
蟹邪胁褌褉邪泻	0.002688	0.094311	0.000254
蟹邪谐谢褟薪褍褌褜	0.000299	2.659260	0.000794
蟹邪谐芯褌芯胁泻邪	0.001195	0.040822	0.000049
蟹邪写邪胁邪褌褜	0.000299	0.040822	0.000012
蟹邪泻胁邪褋泻邪	0.000896	0.040822	0.000037
蟹邪泻褉褘褌褘泄	0.000299	0.116534	0.000035
蟹邪泻褍褋泻邪	0.006571	0.040822	0.000268
蟹邪泻褍褋芯薪褔懈泻	0.000299	0.116534	0.000035
蟹邪泻褍褋芯褔泻邪	0.000299	0.116534	0.000035
蟹邪泻褍褋芯褔薪邪褟	0.002688	0.116534	0.000313
蟹邪谢懈胁薪芯械	0.000597	0.040822	0.000024
蟹邪屑械薪懈褌褜	0.000299	2.120264	0.000633
蟹邪屑芯褉芯蟹泻邪	0.000299	0.105361	0.000031
蟹邪锌邪写	0.000299	0.116534	0.000035
蟹邪锌械泻邪薪泻邪	0.003883	0.040822	0.000159
蟹邪锌械褔褜	0.000299	0.916291	0.000274
蟹邪锌褉邪胁泻邪	0.000597	0.040822	0.000024
蟹邪褉械谐懈褋褌褉懈褉芯胁邪褌褜褋褟	0.000597	0.030459	0.000018
蟹邪褋芯谢泻邪	0.000299	0.116534	0.000035
蟹邪褏芯写懈褌褜	0.000299	0.733969	0.000219
蟹邪褟褑	0.000597	0.116534	0.000070
蟹胁邪薪褘泄	0.000299	0.127833	0.000038
蟹胁械蟹写邪	0.000299	0.116534	0.000035
蟹胁褢蟹写薪褘泄	0.000299	0.116534	0.000035
蟹写芯褉芯胁褘泄	0.000597	0.116534	0.000070
蟹械谢械薪褜	0.002688	0.094311	0.000254
蟹械褎懈褉	0.000299	0.040822	0.000012
蟹懈屑邪	0.001195	0.040822	0.000049
蟹懈屑薪懈泄	0.000299	0.051293	0.000015
蟹薪邪褌褜	0.000597	0.462035	0.000276
蟹芯谢芯褌懈褋褌褘泄	0.000299	2.407946	0.000719
蟹芯谢芯褌芯泄	0.000597	0.116534	0.000070
蟹褉邪蟹邪	0.000896	2.040221	0.001828
懈胁邪薪芯胁	0.000299	0.127833	0.000038
懈谐褉褍褕邪	0.000299	2.995732	0.000895
懈写械邪谢褜薪褘泄	0.002091	0.116534	0.000244
懈写械泄泻邪	0.000299	0.116534	0.000035
懈蟹写械谢懈械	0.003883	0.116534	0.000452
懈蟹褍屑懈褌械谢褜薪褘泄	0.000299	1.714798	0.000512
懈泻褉邪	0.000896	0.040822	0.000037
懈谢谢褞褋褌褉懈褉芯胁邪褌褜	0.000299	2.120264	0.000633
懈屑械褌褜	0.000299	1.171183	0.000350
懈屑褟	0.000299	0.030459	0.000009
懈薪胁械褉褌芯褉薪褘泄	0.000299	0.127833	0.000038
懈薪谐褉械写懈械薪褌	0.008961	0.139262	0.001248
懈薪写械泄泻邪	0.001792	0.094311	0.000169
懈薪写懈泄褋泻懈泄	0.000299	0.116534	0.000035
懈薪写懈谢邪泄褌邪	0.000896	0.116534	0.000104
懈薪写懈褉械褋薪褘泄	0.000299	0.116534	0.000035
懈薪褋褌褉褍泻褑懈褟	0.000299	0.030459	0.000009
懈褉邪泻褋泻懈泄	0.000299	0.116534	0.000035
懈褉邪薪褋泻懈泄	0.000299	0.116534	0.000035
懈褉谢邪薪写褋泻懈泄	0.000299	0.116534	0.000035
懈褋泻邪褌褜	0.000299	1.108663	0.000331
懈褋泻褉械薪薪械	0.000299	0.116534	0.000035
懈褋谢邪薪写褋泻懈泄	0.000299	0.116534	0.000035
懈褋锌邪薪褋泻懈泄	0.000299	0.116534	0.000035
懈褋锌械褔褜	0.000299	0.105361	0.000031
懈褋褌懈薪邪	0.000299	2.525729	0.000754
懈褋褌芯褉懈褟	0.001792	0.116534	0.000209
懈褌邪谢懈褟	0.000597	0.105361	0.000063
懈褌邪谢褜褟薪褋泻懈泄	0.000299	0.105361	0.000031
懈褞谢褜	0.000299	0.579818	0.000173
懈褞薪褜	0.000299	0.562119	0.000168
泄芯谐褍褉褌	0.000896	0.040822	0.000037
泻邪斜邪褔芯泻	0.000299	0.040822	0.000012
泻邪胁泻邪蟹褋泻懈泄	0.000299	0.116534	0.000035
泻邪蟹邪薪	0.000299	0.116534	0.000035
泻邪蟹邪褏褋泻懈泄	0.000299	0.116534	0.000035
泻邪泻邪芯	0.000597	0.040822	0.000024
泻邪谢械泄写芯褋泻芯锌	0.001195	0.116534	0.000139
泻邪谢屑褘褑泻懈泄	0.000299	0.116534	0.000035
泻邪谢褜屑邪褉	0.000299	0.040822	0.000012
泻邪屑械褉邪	0.000299	0.116534	0.000035
泻邪薪邪写褋泻懈泄	0.000299	0.116534	0.000035
泻邪薪邪谢	0.000896	0.040822	0.000037
泻邪薪邪锌械	0.000597	0.040822	0.000024
泻邪锌褍褋褌邪	0.000896	0.040822	0.000037
泻邪锌褍褋褌薪褟泻	0.000299	0.040822	0.000012
泻邪褉邪屑械谢褜	0.000299	0.040822	0.000012
泻邪褉泻邪褋薪褘泄	0.001195	0.116534	0.000139
泻邪褉褌芯褎械谢褜	0.004182	0.040822	0.000171
泻邪褉褌芯褎械谢褜薪褘泄	0.000597	0.040822	0.000024
泻邪褉褌芯褕械褔泻邪	0.000299	1.897120	0.000567
泻邪褉褌芯褕泻邪	0.000597	0.040822	0.000024
泻邪褌械谐芯褉懈褟	0.004779	0.116534	0.000557
泻邪褔械褋褌胁芯	0.000299	0.105361	0.000031
泻邪褕邪	0.002091	0.040822	0.000085
泻胁邪褋	0.001195	0.040822	0.000049
泻胁邪褋薪芯泄	0.000896	0.116534	0.000104
泻械泻褋	0.000896	0.040822	0.000037
泻械褌褔褍锌	0.000597	1.469676	0.000878
泻械褎懈褉	0.002091	0.040822	0.000085
泻懈屑褔邪褌褜	0.000299	0.040822	0.000012
泻懈薪芯邪	0.000597	0.127833	0.000076
泻懈薪芯谢械薪褌邪	0.000299	0.116534	0.000035
泻懈褋械谢褜	0.000597	0.040822	0.000024
泻懈褌邪泄褋泻懈泄	0.000299	0.116534	0.000035
泻谢邪褋褋	0.002987	0.116534	0.000348
泻谢邪褋褋懈褔械褋泻懈泄	0.000299	1.427116	0.000426
泻薪懈谐邪	0.000597	0.040822	0.000024
泻芯泻褌械泄谢褜	0.001792	0.040822	0.000073
泻芯谢斜邪褋邪	0.000896	0.040822	0.000037
泻芯谢斜邪褋薪褘泄	0.001195	0.116534	0.000139
泻芯谢写褍薪	0.000299	2.813411	0.000840
泻芯屑邪薪写邪	0.000597	0.127833	0.000076
泻芯屑懈	0.000299	0.116534	0.000035
泻芯屑屑械薪褌邪褉懈泄	0.000299	0.127833	0.000038
泻芯屑锌邪薪懈褟	0.000299	0.105361	0.000031
泻芯屑锌芯褌	0.000896	0.040822	0.000037
泻芯薪懈薪邪	0.000299	0.116534	0.000035
泻芯薪泻褉械褌薪褘泄	0.000299	2.407946	0.000719
泻芯薪泻褍褉褋	0.064516	0.040822	0.002634
泻芯薪泻褍褉褋薪褘泄	0.000299	0.127833	0.000038
泻芯薪褋械褉胁懈褉芯胁邪薪懈械	0.000299	0.040822	0.000012
泻芯薪褋械褉胁懈褉芯胁邪薪薪褘泄	0.001493	0.116534	0.000174
泻芯薪褎械褌邪	0.000896	0.040822	0.000037
泻芯薪褎械褌褌懈	0.000299	0.116534	0.000035
泻芯薪褎懈写械薪褑懈邪谢褜薪芯褋褌褜	0.000299	0.040822	0.000012
泻芯薪褎懈褌褞褉	0.000299	0.040822	0.000012
泻芯锌褔褢薪芯褋褌褜	0.000299	0.116534	0.000035
泻芯褉械泄褋泻懈	0.000299	0.040822	0.000012
泻芯褉械泄褋泻懈泄	0.000299	0.105361	0.000031
泻芯褉卸懈泻	0.000299	0.040822	0.000012
泻芯褉屑懈褌褜	0.000299	0.116534	0.000035
泻芯褉芯谢械胁褋泻懈泄	0.000299	2.302585	0.000688
泻芯褌谢械褌邪	0.001792	0.040822	0.000073
泻芯褎械	0.000597	0.040822	0.000024
泻芯褎械褢泻	0.000299	2.659260	0.000794
泻褉邪褋懈胁褘泄	0.000299	0.843970	0.000252
泻褉邪褋泻邪	0.000299	0.116534	0.000035
泻褉邪褏屑邪谢	0.000597	0.891598	0.000533
泻褉械邪褌懈胁	0.000299	0.127833	0.000038
泻褉械屑	0.000896	0.040822	0.000037
泻褉械锌泻懈泄	0.000299	0.116534	0.000035
泻褉芯谢懈泻	0.000597	0.116534	0.000070
泻褉芯屑械	0.000299	0.061875	0.000018
泻褉芯褏邪	0.000299	0.116534	0.000035
泻褉褍谐	0.000597	0.116534	0.000070
泻褉褍锌	0.001792	0.105361	0.000189
泻褉褍锌邪	0.002688	0.116534	0.000313
泻褉褍锌褟薪芯泄	0.000299	0.116534	0.000035
泻褉褘屑	0.000299	2.302585	0.000688
泻褍斜懈薪褋泻懈泄	0.000299	0.116534	0.000035
泻褍谢械褕	0.000299	0.040822	0.000012
泻褍谢懈薪邪褉懈褟	0.000896	0.094311	0.000085
泻褍谢懈薪邪褉薪褘泄	0.001792	0.000000	0.000000
泻褍谢懈褔	0.000597	0.040822	0.000024
泻褍褉写褋泻懈泄	0.000299	0.116534	0.000035
泻褍褉懈薪褘泄	0.007766	0.094311	0.000732
泻褍褉懈褑邪	0.001792	0.040822	0.000073
泻褍褉芯褔泻邪	0.000299	0.116534	0.000035
泻褍褋泻褍褋	0.000299	0.040822	0.000012
泻褍褋芯褔械泻	0.000299	1.078810	0.000322
泻褍褏薪褟	0.002389	0.040822	0.000098
泻褍褕邪褌褜	0.000597	2.302585	0.001375
谢邪胁邪褕	0.004182	0.040822	0.000171
谢邪谐屑邪薪	0.000299	0.040822	0.000012
谢邪蟹邪薪懈械	0.000597	2.995732	0.001790
谢邪泻芯屑褋褌胁芯	0.000299	0.116534	0.000035
谢邪锌褕邪	0.000597	0.040822	0.000024
谢邪褋褌芯褔泻懈薪	0.000299	2.302585	0.000688
谢邪褌褘褕褋泻懈泄	0.000299	0.116534	0.000035
谢械谐泻芯	0.001792	0.116534	0.000209
谢械薪懈胁褘泄	0.000597	1.427116	0.000853
谢械锌褢褕泻邪	0.002389	0.040822	0.000098
谢械褌薪懈泄	0.000597	0.040822	0.000024
谢械褌芯	0.001792	0.116534	0.000209
谢械褔芯	0.000299	0.040822	0.000012
谢懈谐邪	0.000896	0.116534	0.000104
谢懈泻褢褉	0.000299	0.040822	0.000012
谢懈屑芯薪邪写	0.000597	0.040822	0.000024
谢懈屑芯薪薪褘泄	0.000896	0.713350	0.000639
谢懈褌芯胁褋泻	0.000299	0.127833	0.000038
谢懈褌芯胁褋泻懈泄	0.000299	0.116534	0.000035
谢芯谐邪薪	0.000299	4.605170	0.001375
谢褍泻	0.003584	0.301105	0.001079
谢褍褔芯泻	0.000299	2.302585	0.000688
谢褞斜懈屑褘泄	0.002688	0.116534	0.000313
谢褞斜芯胁褜	0.000597	0.105361	0.000063
谢褞斜芯泄	0.001195	0.094311	0.000113
谢褢谐泻懈泄	0.000896	0.094311	0.000085
谢褢写	0.000299	0.116534	0.000035
谢褢谢褟	0.000299	4.605170	0.001375
屑邪谐褉懈斜	0.000299	0.116534	0.000035
屑邪泄	0.000896	0.116534	0.000104
屑邪泄芯薪械蟹	0.003286	0.116534	0.000383
屑邪泄芯薪械蟹薪褘泄	0.000299	2.525729	0.000754
屑邪泻邪褉芯薪薪褘泄	0.000299	0.116534	0.000035
屑邪泻邪褉芯薪褘	0.000299	0.040822	0.000012
屑邪谢邪蟹懈泄褋泻懈泄	0.000299	0.116534	0.000035
屑邪屑褍谢褟	0.000299	2.995732	0.000895
屑邪薪薪懈泻	0.000299	0.040822	0.000012
屑邪薪褌邪	0.000299	0.116534	0.000035
屑邪薪褢胁褉	0.000299	0.116534	0.000035
屑邪褉邪褎芯薪	0.000896	0.116534	0.000104
屑邪褉懈薪邪写	0.003584	0.040822	0.000146
屑邪褉懈薪芯胁邪褌褜	0.000597	0.116534	0.000070
屑邪褉屑械谢邪写	0.000299	0.040822	0.000012
屑邪褉芯泻泻邪薪褋泻懈泄	0.000299	0.116534	0.000035
屑邪褉褌	0.001792	0.105361	0.000189
屑邪褋泻邪褉锌芯薪	0.000299	0.040822	0.000012
屑邪褋谢械薪懈褑邪	0.000896	0.040822	0.000037
屑邪褋谢械薪懈褔薪褘泄	0.000299	0.116534	0.000035
屑邪褋谢芯	0.006272	0.105361	0.000661
屑邪褋褌械褉	0.002688	0.116534	0.000313
屑邪褋褌懈泻邪	0.000597	0.040822	0.000024
屑邪褎褎懈薪邪	0.000299	0.116534	0.000035
屑邪褏械械胁褗	0.001195	0.116534	0.000139
屑械写懈邪褎芯褉褌	0.000896	0.000000	0.000000
屑械写芯胁褘泄	0.000299	0.116534	0.000035
屑械泻褋懈泻邪薪褋泻懈泄	0.000299	0.116534	0.000035
屑械薪褞	0.000299	0.116534	0.000035
屑械薪褟褌褜褋褟	0.000299	0.116534	0.000035
屑械褔褌邪	0.000896	0.040822	0.000037
屑懈写懈褟	0.000299	0.040822	0.000012
屑懈泻褉芯胁芯谢薪芯胁泻邪	0.000299	0.105361	0.000031
屑懈谢褜褟	0.000299	0.116534	0.000035
屑懈薪褍褌邪	0.000896	0.544727	0.000488
屑懈芯	0.000299	0.116534	0.000035
屑懈褉	0.000597	0.105361	0.000063
屑懈褉芯胁芯泄	0.000299	0.116534	0.000035
屑懈褋芯	0.000299	0.040822	0.000012
屑懈褋褌械褉懈褟	0.000299	0.116534	0.000035
屑懈褋褌褉邪谢褜	0.002091	0.116534	0.000244
屑薪芯卸械褋褌胁芯	0.000299	0.040822	0.000012
屑芯泄	0.000896	0.083382	0.000075
屑芯谢写邪胁褋泻懈泄	0.000299	0.116534	0.000035
屑芯谢芯泻芯	0.002389	0.083382	0.000199
屑芯谢芯褔薪褘泄	0.000896	0.040822	0.000037
屑芯屑械薪褌	0.000896	0.105361	0.000094
屑芯薪谐芯谢褜褋泻懈泄	0.000299	0.116534	0.000035
屑芯褉械	0.000299	0.116534	0.000035
屑芯褉械锌褉芯写褍泻褌	0.004182	0.040822	0.000171
屑芯褉泻芯胁褜	0.000896	0.040822	0.000037
屑芯褉芯卸械薪芯械	0.000896	0.040822	0.000037
屑芯褉褋	0.000597	0.040822	0.000024
屑芯褌懈胁	0.000299	2.995732	0.000895
屑芯褌芯褉	0.000299	0.116534	0.000035
屑芯褏懈褌褘泄	0.000299	0.040822	0.000012
屑芯褔褜	0.000597	0.000000	0.000000
屑褍卸	0.000597	0.867501	0.000518
屑褍卸褋泻芯泄	0.000299	0.127833	0.000038
屑褍卸褔懈薪邪	0.000597	0.116534	0.000070
屑褍泻邪	0.005376	0.248461	0.001336
屑褍谢褜褌懈胁邪褉泻邪	0.011350	0.116534	0.001323
屑褍谢褜褌懈锌械泻邪褉褜	0.000896	0.116534	0.000104
屑褍褋褋	0.000299	0.040822	0.000012
屑褍褋褋邪	0.000896	0.040822	0.000037
屑褍褔薪芯泄	0.000299	0.116534	0.000035
屑褞褋谢懈	0.000597	0.116534	0.000070
屑褟褋	0.000299	3.506558	0.001047
屑褟褋薪芯泄	0.006870	0.040822	0.000280
屑褟褋芯	0.008363	0.040822	0.000341
薪邪胁褋械谐写邪	0.000299	2.040221	0.000609
薪邪蟹胁邪薪懈械	0.000597	0.562119	0.000336
薪邪蟹胁邪褌褜	0.000299	1.560648	0.000466
薪邪蟹薪邪褔械薪懈械	0.000299	0.116534	0.000035
薪邪泄褌懈	0.000896	0.446287	0.000400
薪邪泄褌懈褋褜	0.000299	2.995732	0.000895
薪邪谢懈胁泻邪	0.000299	0.040822	0.000012
薪邪锌懈褌芯泻	0.002091	0.040822	0.000085
薪邪褋谢邪写懈褌褜褋褟	0.000299	2.120264	0.000633
薪邪褋褌芯泄泻邪	0.000299	0.040822	0.000012
薪邪褋褌芯褟褌械谢褜薪芯	0.000597	2.040221	0.001219
薪邪褋褌褉芯械薪懈械	0.000299	0.116534	0.000035
薪邪褏芯写泻邪	0.000299	2.407946	0.000719
薪邪褑懈芯薪邪谢褜薪褘泄	0.000299	0.116534	0.000035
薪邪褔懈薪泻邪	0.001493	0.040822	0.000061
薪邪褕	0.000597	0.040822	0.000024
薪械写械谢褟	0.002987	0.051293	0.000153
薪械写芯褉芯谐芯	0.000299	4.605170	0.001375
薪械卸薪褘泄	0.000597	0.094311	0.000056
薪械屑械褑泻懈泄	0.000299	0.116534	0.000035
薪械芯斜褘褔薪褘泄	0.000299	0.916291	0.000274
薪械芯卸懈写邪薪薪褘泄	0.000299	0.116534	0.000035
薪械锌褉械屑械薪薪芯	0.000299	1.832581	0.000547
薪械褋谢邪写泻懈泄	0.000299	0.116534	0.000035
薪懈斜褘褌褜	0.000299	1.832581	0.000547
薪懈褔械谐芯	0.000299	0.941609	0.000281
薪芯胁芯谐芯写薪懈泄	0.006571	0.040822	0.000268
薪芯胁芯褋褌褜	0.000299	0.061875	0.000018
薪芯胁褘泄	0.003584	0.030459	0.000109
薪芯褉胁械卸褋泻懈泄	0.000299	0.116534	0.000035
薪芯褟斜褉褜	0.000299	0.527633	0.000158
薪褍褌褜	0.000299	3.218876	0.000961
薪褞褕泻邪	0.000299	3.218876	0.000961
芯斜械写	0.000896	0.105361	0.000094
芯斜械蟹褜褟薪邪	0.000299	0.116534	0.000035
芯斜械蟹褜褟薪懈泄	0.000299	2.407946	0.000719
芯斜褖邪褌褜褋褟	0.000299	0.040822	0.000012
芯斜褘写械薪薪褘泄	0.000299	3.218876	0.000961
芯胁芯褖	0.006272	0.094311	0.000592
芯胁芯褖薪芯泄	0.002688	0.040822	0.000110
芯胁褋褟薪褘泄	0.000299	0.105361	0.000031
芯谐薪械薪薪褘泄	0.000299	0.116534	0.000035
芯谐芯薪褜	0.000299	0.094311	0.000028
芯谐褉芯屑薪褘泄	0.000299	0.867501	0.000259
芯谐褍褉械褑	0.000597	0.116534	0.000070
芯卸懈写邪薪懈械	0.000299	2.120264	0.000633
芯泻褉芯褕泻邪	0.000896	0.040822	0.000037
芯泻褌褟斜褉褜	0.000299	0.562119	0.000168
芯谢邪写褜褟	0.000896	0.040822	0.000037
芯谢械泄薪芯泄	0.001195	0.116534	0.000139
芯谢械泄薪褘泄	0.001195	0.116534	0.000139
芯谢褜谐邪	0.000597	1.386294	0.000828
芯谢褟	0.000597	2.120264	0.001267
芯屑谢械褌	0.000299	0.040822	0.000012
芯锌邪褉邪	0.000299	0.040822	0.000012
芯锌褉芯褋	0.000299	0.061875	0.000018
芯褉懈谐懈薪邪谢褜薪褘泄	0.000597	1.049822	0.000627
芯褋械薪薪懈泄	0.001195	0.051293	0.000061
芯褋械薪褜	0.002987	0.105361	0.000315
芯褋薪芯胁薪褘泄	0.000299	0.040822	0.000012
芯褋褌邪胁邪褌褜褋褟	0.000299	0.116534	0.000035
芯褌胁械褌	0.000597	0.000000	0.000000
芯褌胁械褌懈褌褜	0.000299	0.051293	0.000015
芯褌泻褉褘褌褘泄	0.000597	0.105361	0.000063
芯褌屑械薪懈褌褜	0.000299	0.040822	0.000012
芯褌薪芯褋懈褌褜褋褟	0.000299	1.714798	0.000512
芯褏谢邪写懈褌褜	0.000299	0.116534	0.000035
芯褏芯褌邪	0.000299	3.218876	0.000961
锌邪泻械褌懈泻	0.000299	0.105361	0.000031
锌邪谢芯褔泻邪	0.000597	0.040822	0.000024
锌邪薪懈褉芯胁泻邪	0.002389	0.116534	0.000278
锌邪薪懈褉芯胁芯褔薪褘泄	0.000597	1.309333	0.000782
锌邪褉邪	0.000299	0.116534	0.000035
锌邪褉邪写	0.002091	0.116534	0.000244
锌邪褉芯胁邪褉泻邪	0.002688	0.105361	0.000283
锌邪褉芯谢褜	0.000299	0.020203	0.000006
锌邪褋褌邪	0.000896	0.040822	0.000037
锌邪褋褌褉芯屑邪	0.000299	0.040822	0.000012
锌邪褋褏邪	0.000597	0.040822	0.000024
锌邪褋褏邪谢褜薪褘泄	0.000896	0.116534	0.000104
锌邪褕褌械褌	0.000896	0.040822	0.000037
锌械泻邪褉褜	0.000299	0.127833	0.000038
锌械谢褜屑械薪褜	0.000299	0.116534	0.000035
锌械褉胁褘泄	0.001493	0.040822	0.000061
锌械褉械泄褌懈	0.000299	0.040822	0.000012
锌械褉械泻褍褋	0.000597	0.116534	0.000070
锌械褉械褑	0.003883	0.040822	0.000159
锌械褉褋芯薪邪	0.000299	0.116534	0.000035
锌械褉褍邪薪褋泻懈泄	0.000299	0.116534	0.000035
锌械褋芯褔薪褘泄	0.000896	0.105361	0.000094
锌械褌械谢懈薪泻	0.000299	0.127833	0.000038
锌械褌褉褍褕泻邪	0.000597	0.673345	0.000402
锌械褔械薪懈械	0.002688	0.040822	0.000110
锌械褔褜	0.000299	0.116534	0.000035
锌械褔褢薪芯褔薪褘泄	0.000299	0.040822	0.000012
锌懈胁芯	0.000299	0.116534	0.000035
锌懈泻邪薪褌	0.000299	0.127833	0.000038
锌懈泻邪薪褌薪褘泄	0.000299	1.514128	0.000452
锌懈泻薪懈泻	0.001195	0.105361	0.000126
锌懈褉	0.000299	0.116534	0.000035
锌懈褉芯谐	0.003286	0.040822	0.000134
锌懈褉芯卸泻芯胁褘泄	0.000299	1.966113	0.000587
锌懈褉芯卸薪芯械	0.000597	0.040822	0.000024
锌懈褉芯卸芯泻	0.000597	0.040822	0.000024
锌懈褌邪薪懈械	0.001792	0.094311	0.000169
锌懈褑褑邪	0.000597	0.040822	0.000024
锌谢邪屑褟	0.000299	0.116534	0.000035
锌谢懈褌邪	0.001195	0.116534	0.000139
锌谢芯胁	0.000299	0.116534	0.000035
锌谢芯写	0.000299	0.116534	0.000035
锌芯胁邪褉	0.000299	1.139434	0.000340
锌芯胁邪褉褢薪芯泻	0.001493	0.000000	0.000000
锌芯胁械褉褜褌械	0.000299	2.040221	0.000609
锌芯胁懈写谢芯	0.000299	0.040822	0.000012
锌芯写邪褉芯泻	0.000299	0.116534	0.000035
锌芯写邪褌褜	0.000299	1.427116	0.000426
锌芯写谢懈胁	0.000299	0.116534	0.000035
锌芯写谢懈胁泻邪	0.000299	0.040822	0.000012
锌芯写锌懈褋邪褌褜褋褟	0.000896	0.040822	0.000037
锌芯写褋泻邪蟹邪褌褜	0.000299	1.832581	0.000547
锌芯写褋芯谢薪械褔薪褘泄	0.000597	1.347074	0.000805
锌芯械写懈薪芯泻	0.004182	0.116534	0.000487
锌芯械蟹写	0.000299	3.218876	0.000961
锌芯卸邪谢褍泄	0.000299	2.040221	0.000609
锌芯卸邪谢褍泄褋褌邪	0.000299	1.966113	0.000587
锌芯蟹写褉邪胁懈褌褜	0.000299	0.116534	0.000035
锌芯懈褋泻	0.000597	0.051293	0.000031
锌芯泻邪蟹褘胁邪褌褜	0.000299	1.832581	0.000547
锌芯泻芯褉懈褌褜	0.000299	2.120264	0.000633
锌芯谢写薪懈泻	0.000597	0.116534	0.000070
锌芯谢械蟹薪芯	0.000299	0.116534	0.000035
锌芯谢懈褌懈泻邪	0.000299	0.040822	0.000012
锌芯谢芯胁懈薪邪	0.002688	0.105361	0.000283
锌芯谢褍褔邪褌褜	0.000597	0.040822	0.000024
锌芯谢褜蟹邪	0.001493	0.116534	0.000174
锌芯谢褜蟹芯胁邪褌械谢褜	0.000299	1.309333	0.000391
锌芯谢褜蟹芯胁邪褌褜褋褟	0.000299	1.347074	0.000402
锌芯谢褜褋泻懈泄	0.000299	0.116534	0.000035
锌芯屑邪写泻邪	0.000896	0.040822	0.000037
锌芯屑懈写芯褉	0.002987	0.116534	0.000348
锌芯屑懈写芯褉泻	0.000299	0.127833	0.000038
锌芯屑薪懈褌褜	0.000299	1.469676	0.000439
锌芯薪懈屑邪薪懈械	0.000299	2.659260	0.000794
锌芯薪褉邪胁懈褌褜褋褟	0.000597	0.040822	0.000024
锌芯薪褔懈泻	0.000597	0.040822	0.000024
锌芯锌褉芯斜芯胁邪褌褜	0.002688	0.248461	0.000668
锌芯锌褉芯褋懈褌褜	0.000299	2.302585	0.000688
锌芯褉邪	0.000299	0.105361	0.000031
锌芯褉褌褍谐邪谢褜褋泻懈泄	0.000299	0.116534	0.000035
锌芯褋械褖邪褌褜	0.000299	0.061875	0.000018
锌芯褋褌	0.001493	0.105361	0.000157
锌芯褋褌薪褘泄	0.000896	0.040822	0.000037
锌芯褋褌芯褟薪薪芯	0.000299	0.040822	0.000012
锌芯褋褌褉芯懈褌褜	0.000299	0.105361	0.000031
锌芯褋褍写邪	0.000597	0.094311	0.000056
锌芯褌褉褟褋邪褞褖械	0.000299	1.560648	0.000466
锌芯褏芯卸懈泄	0.000299	0.994252	0.000297
锌芯褔褌邪	0.000299	0.040822	0.000012
锌芯褕邪谐芯胁褘泄	0.000597	0.040822	0.000024
锌褉邪蟹写薪懈泻	0.000299	0.105361	0.000031
锌褉邪蟹写薪懈褔薪芯	0.000299	0.116534	0.000035
锌褉邪蟹写薪懈褔薪褘泄	0.000896	0.105361	0.000094
锌褉邪泻褌懈泻褍屑	0.000299	0.116534	0.000035
锌褉械胁蟹芯泄褌懈	0.000299	2.120264	0.000633
锌褉械胁芯褋褏芯写薪褘泄	0.000299	0.116534	0.000035
锌褉械胁褉邪褖械薪懈械	0.000299	0.116534	0.000035
锌褉械写谢芯卸懈褌褜	0.000597	1.108663	0.000662
锌褉械写褋褌邪胁懈褌褜	0.000299	1.347074	0.000402
锌褉械褋薪褘泄	0.000299	0.116534	0.000035
锌褉懈谐芯胁邪褉懈胁邪褌褜	0.000299	3.218876	0.000961
锌褉懈谐芯褌芯胁懈褌褜	0.000597	0.083382	0.000050
锌褉懈谐芯褌芯胁谢械薪懈械	0.000896	0.040822	0.000037
锌褉懈写褍屑邪褌褜	0.000299	1.237874	0.000370
锌褉懈卸懈褌褜褋褟	0.000299	2.302585	0.000688
锌褉懈蟹	0.000299	0.040822	0.000012
锌褉懈蟹薪邪薪懈械	0.000299	0.116534	0.000035
锌褉懈锌褉邪胁邪	0.000299	0.040822	0.000012
锌褉懈褉芯写邪	0.000597	0.105361	0.000063
锌褉懈褋褌褍锌懈褌褜	0.000299	0.040822	0.000012
锌褉芯胁械褉懈褌褜	0.001792	0.116534	0.000209
锌褉芯胁械褋褌懈	0.001195	0.116534	0.000139
锌褉芯胁芯写懈褌褜	0.000299	0.040822	0.000012
锌褉芯胁芯卸邪褌褜	0.000299	0.116534	0.000035
锌褉芯写褍泻褌	0.000597	0.072571	0.000043
锌褉芯械泻褌	0.000597	0.051293	0.000031
锌褉芯锌懈褌邪褌褜	0.000299	2.659260	0.000794
锌褉芯褋懈褌褜	0.000299	0.776529	0.000232
锌褉芯褋屑芯褌褉	0.000299	0.274437	0.000082
锌褉芯褋褌芯	0.001493	0.083382	0.000125
锌褉芯褋褌芯泻胁邪褕邪	0.000299	0.040822	0.000012
锌褉芯褎懈谢褜	0.000299	0.040822	0.000012
锌褉褟屑芯	0.000299	0.040822	0.000012
锌褉褟薪懈泻	0.000597	0.040822	0.000024
锌褉褟薪懈褔薪褘泄	0.000299	0.116534	0.000035
锌褌懈褑邪	0.006571	0.116534	0.000766
锌褌懈褔懈泄	0.000597	1.771957	0.001059
锌褍写懈薪谐	0.000896	0.040822	0.000037
锌褍薪褕	0.000299	0.040822	0.000012
锌褍褌械褕械褋褌胁懈械	0.000597	0.116534	0.000070
锌褍褌褜	0.000597	0.116534	0.000070
锌褕械薪懈褔薪褘泄	0.005376	0.287682	0.001547
锌褘褕泻邪	0.000299	0.040822	0.000012
锌褞褉械	0.001195	0.040822	0.000049
褉邪斜芯褌邪褌褜	0.000299	1.832581	0.000547
褉邪谐褍	0.000299	0.116534	0.000035
褉邪蟹	0.000299	0.356675	0.000107
褉邪蟹胁械褉薪褍褌褜	0.000299	0.116534	0.000035
褉邪蟹写械谢褜薪褘泄	0.000299	0.116534	0.000035
褉邪蟹屑械褋褌懈褌褜	0.000299	1.714798	0.000512
褉邪蟹薪褘泄	0.000299	0.094311	0.000028
褉邪屑泻邪	0.000299	1.832581	0.000547
褉邪薪薪懈泄	0.000299	1.514128	0.000452
褉邪褋泻褉邪褋泻邪	0.000299	2.120264	0.000633
褉邪褋褋芯谢褜薪懈泻	0.000896	0.040822	0.000037
褉邪褋褋褘谢泻邪	0.000299	0.061875	0.000018
褉邪褋褌懈褌械谢褜薪褘泄	0.002987	0.223144	0.000666
褉械斜褢薪芯泻	0.000299	0.094311	0.000028
褉械谐懈褋褌褉邪褑懈褟	0.000896	0.000000	0.000000
褉械蟹褍谢褜褌邪褌	0.000299	0.820981	0.000245
褉械泄褌懈薪谐	0.000299	0.235722	0.000070
褉械泻芯屑械薪写芯胁邪褌褜	0.000896	1.021651	0.000915
褉械锌褔邪褌褘泄	0.003584	0.430783	0.001544
褉械褑械锌褌	0.028674	0.040822	0.001171
褉械褑械锌褌懈泻	0.000299	1.609438	0.000481
褉械褕懈褌褜	0.000299	0.693147	0.000207
褉懈褋	0.001493	0.040822	0.000061
褉懈褌屑	0.000299	0.116534	0.000035
褉芯谐邪谢懈泻	0.000299	0.040822	0.000012
褉芯写薪褘泄	0.000299	0.116534	0.000035
褉芯卸写械薪懈械	0.000299	0.105361	0.000031
褉芯卸写械褋褌胁芯	0.000299	0.116534	0.000035
褉芯谢谢	0.000597	0.040822	0.000024
褉芯谢谢褌芯薪	0.000299	0.116534	0.000035
褉芯屑	0.000299	0.040822	0.000012
褉芯褋谢邪薪写邪	0.000299	4.605170	0.001375
褉褍斜褉懈泻邪褌芯褉	0.000299	0.051293	0.000015
褉褍谢械褌	0.003286	0.040822	0.000134
褉褍屑褘薪褋泻懈泄	0.000299	0.116534	0.000035
褉褍屑褟薪褘泄	0.000299	0.116534	0.000035
褉褍薪械褌	0.000299	0.020203	0.000006
褉褍褋褋泻懈泄	0.000299	0.105361	0.000031
褉褘斜邪	0.008961	0.040822	0.000366
褉褘斜泻邪	0.000597	2.207275	0.001319
褉褘斜薪褘泄	0.002987	0.105361	0.000315
褉褟卸械薪泻邪	0.000299	0.116534	0.000035
褋邪泄褌	0.001792	0.000000	0.000000
褋邪谢邪褌	0.011051	0.040822	0.000451
褋邪谢邪褌薪褘泄	0.000299	0.116534	0.000035
褋邪屑芯谐芯薪	0.000299	0.040822	0.000012
褋邪屑芯谢褢褌	0.000299	2.525729	0.000754
褋邪屑褘泄	0.000896	0.105361	0.000094
褋邪薪谐邪褉褜	0.000299	2.659260	0.000794
褋邪褉褉械泄	0.000299	4.605170	0.001375
褋邪褎	0.000896	0.116534	0.000104
褋邪褎褋械屑邪	0.000299	0.116534	0.000035
褋邪褏邪褉	0.001792	0.105361	0.000189
褋斜懈褌械薪褜	0.000299	0.040822	0.000012
褋胁械卸械褋褌褜	0.000299	0.105361	0.000031
褋胁械泻芯谢褜薪懈泻	0.000597	0.040822	0.000024
褋胁械褌	0.001195	0.116534	0.000139
褋胁械褌邪	0.001195	0.116534	0.000139
褋胁械褌谢邪薪芯褔泻邪	0.000299	3.218876	0.000961
褋胁懈薪懈薪	0.001195	0.116534	0.000139
褋胁懈薪懈薪邪	0.000299	0.040822	0.000012
褋胁褢泻谢邪	0.000299	0.040822	0.000012
褋谐褍褖褢薪泻邪	0.000299	0.040822	0.000012
褋写械谢邪褌褜	0.000597	0.733969	0.000438
褋械谐芯写薪褟	0.000299	0.843970	0.000252
褋械蟹芯薪	0.000299	0.116534	0.000035
褋械泄褔邪褋	0.000597	0.030459	0.000018
褋械泻褉械褌	0.000597	0.116534	0.000070
褋械谢褜	0.000299	3.218876	0.000961
褋械谢褢写泻邪	0.000299	0.040822	0.000012
褋械屑械泄薪褘泄	0.000299	0.116534	0.000035
褋械屑褜褟	0.000299	0.116534	0.000035
褋械薪褌褟斜褉褜	0.000299	0.673345	0.000201
褋械褉写褑械	0.000299	1.771957	0.000529
褋械褋褌褉邪	0.000299	2.659260	0.000794
褋懈写械褌褜	0.000299	2.813411	0.000840
褋懈写褉	0.000299	0.040822	0.000012
褋懈褉懈泄褋泻懈泄	0.000299	0.116534	0.000035
褋懈褉芯锌	0.000597	0.040822	0.000024
褋懈褋褌械屑邪	0.000299	0.040822	0.000012
褋懈褌懈	0.000299	0.127833	0.000038
褋泻邪蟹邪褌褜	0.000597	0.400478	0.000239
褋泻邪蟹泻邪	0.000299	0.116534	0.000035
褋泻芯胁芯褉芯写邪	0.000299	1.386294	0.000414
褋泻芯胁芯褉芯写泻邪	0.000299	1.660731	0.000496
褋谢邪写泻懈泄	0.005974	0.040822	0.000244
褋谢邪写泻芯	0.000299	0.116534	0.000035
褋谢懈胁芯褔薪褘泄	0.002389	0.105361	0.000252
褋谢芯泄泻邪	0.000597	0.040822	0.000024
褋谢芯褢薪褘泄	0.000896	0.116534	0.000104
褋谢褍褔邪泄	0.000299	1.171183	0.000350
褋屑械褌邪薪邪	0.001493	0.105361	0.000157
褋屑械褕邪薪薪褘泄	0.000597	0.116534	0.000070
褋屑芯褔褜	0.000299	0.040822	0.000012
褋屑褍蟹懈	0.000896	0.040822	0.000037
褋薪褝泻	0.000299	0.116534	0.000035
褋芯斜懈褉邪褌褜褋褟	0.000299	0.040822	0.000012
褋芯胁械褉褕械薪褋褌胁芯	0.001493	0.116534	0.000174
褋芯胁械褌	0.000299	0.040822	0.000012
褋芯胁械褌芯胁邪褌褜	0.000299	1.139434	0.000340
褋芯胁褋械屑	0.000299	1.139434	0.000340
褋芯谐谢邪褕邪褌褜褋褟	0.000299	0.040822	0.000012
褋芯写邪	0.000597	0.941609	0.000562
褋芯械胁褘泄	0.001493	0.798508	0.001193
褋芯蟹写邪胁邪褌褜	0.000299	0.105361	0.000031
褋芯蟹写邪薪懈械	0.000597	0.261365	0.000156
褋芯泻	0.001792	0.040822	0.000073
褋芯谢械薪懈械	0.000597	0.116534	0.000070
褋芯谢薪械褔薪褘泄	0.000299	0.116534	0.000035
褋芯谢褜	0.005376	0.127833	0.000687
褋芯谢褟薪泻邪	0.000597	0.040822	0.000024
褋芯谢褢薪褘泄	0.000896	0.116534	0.000104
褋芯褉褌懈褉芯胁邪褌褜	0.000299	0.248461	0.000074
褋芯褋褌邪胁懈褌褜	0.000299	0.116534	0.000035
褋芯褍褋	0.006571	0.040822	0.000268
褋芯褏褉邪薪褟褌褜	0.000299	0.040822	0.000012
褋芯褑褋械褌褜	0.000299	0.040822	0.000012
褋芯褔械褌邪薪懈械	0.000299	0.105361	0.000031
褋芯褔薪褘泄	0.000597	0.116534	0.000070
褋锌邪褋懈斜芯	0.000597	0.673345	0.000402
褋锌械褌褜	0.000299	0.116534	0.000035
褋锌械褑懈邪谢褜薪褘泄	0.000299	0.094311	0.000028
褋锌械褑懈褟	0.001195	0.094311	0.000113
褋锌械褑锌褉芯械泻褌	0.009857	0.116534	0.001149
褋锌械褕懈褌褜	0.000299	1.897120	0.000567
褋锌懈褋芯泻	0.000299	0.116534	0.000035
褋褉邪蟹褍	0.000299	0.733969	0.000219
褋褉械写懈蟹械屑薪芯屑芯褉褋泻懈泄	0.000299	0.127833	0.000038
褋褌邪褉褘泄	0.000299	0.261365	0.000078
褋褌邪褌褜	0.000299	1.049822	0.000314
褋褌邪褌褜褟	0.000299	0.061875	0.000018
褋褌懈谢褜	0.000597	0.116534	0.000070
褋褌芯谢	0.002987	0.105361	0.000315
褋褌褉芯懈褌械谢褜褋褌胁芯	0.000597	0.040822	0.000024
褋褌褉芯懈褌褜	0.000299	0.040822	0.000012
褋褌褉芯泄薪褘泄	0.000299	0.116534	0.000035
褋褌褘写薪芯	0.000299	2.120264	0.000633
褋褍斜锌褉芯写褍泻褌	0.002987	0.116534	0.000348
褋褍写	0.000299	2.525729	0.000754
褋褍锌	0.005675	0.040822	0.000232
褋褍褎谢械	0.000896	0.040822	0.000037
褋褍褏邪褉褜	0.000896	0.040822	0.000037
褋褍褕懈褌褜	0.000597	0.040822	0.000024
褋褘褉	0.013441	0.040822	0.000549
褋褘褉薪懈泻	0.000896	0.040822	0.000037
褋褘褉薪褘泄	0.001792	0.040822	0.000073
褋褘褌薪芯	0.000299	1.771957	0.000529
褋褘褌薪褘泄	0.000597	0.105361	0.000063
褋褘褔褍卸薪褘泄	0.000299	0.127833	0.000038
褋褝薪写胁懈褔	0.000299	0.127833	0.000038
褋褞褉锌褉懈蟹	0.000299	0.116534	0.000035
褋褢屑谐邪	0.000299	0.040822	0.000012
褌邪写卸懈泻褋泻懈泄	0.000299	0.116534	0.000035
褌邪泄褋泻懈泄	0.000299	0.116534	0.000035
褌邪褉械谢泻邪	0.000299	1.469676	0.000439
褌邪褉褌	0.000299	0.116534	0.000035
褌邪褉褌邪谢械褌泻邪	0.000597	0.040822	0.000024
褌邪褌邪褉褋泻懈泄	0.000299	0.116534	0.000035
褌胁芯泄	0.000597	0.116534	0.000070
褌胁芯褉懈褌褜	0.000299	0.116534	0.000035
褌胁芯褉芯谐	0.000896	0.040822	0.000037
褌胁芯褉芯卸薪褘泄	0.001195	0.094311	0.000113
褌胁褢褉写褘泄	0.009857	0.544727	0.005369
褌械谢械谐褉邪屑	0.000299	0.040822	0.000012
褌械谢褟褌懈薪邪	0.001195	0.116534	0.000139
褌械锌谢芯	0.000299	0.116534	0.000035
褌械褉褉邪褋邪	0.000896	0.776529	0.000696
褌械褉褉懈薪邪	0.000299	0.040822	0.000012
褌械褋褌	0.004480	0.105361	0.000472
褌械褋褌芯	0.002688	0.040822	0.000110
褌械褏薪懈泻邪	0.001493	0.105361	0.000157
褌屑	0.001195	0.127833	0.000153
褌芯屑邪褌	0.000299	1.714798	0.000512
褌芯锌谢褢薪褘泄	0.000299	0.116534	0.000035
褌芯褉褌	0.005974	0.040822	0.000244
褌褉邪胁邪	0.000299	0.094311	0.000028
褌褉邪写懈褑懈褟	0.001792	0.116534	0.000209
褌褉褍斜芯褔泻邪	0.000299	0.040822	0.000012
褌褉褢褏谢械褌懈械	0.000299	0.116534	0.000035
褌褍薪械褑	0.000299	0.105361	0.000031
褌褍薪懈褋褋泻懈泄	0.000299	0.116534	0.000035
褌褍褉械褑泻懈泄	0.000299	0.116534	0.000035
褌褘泻胁邪	0.000299	0.040822	0.000012
褌褢褖懈薪	0.000299	0.040822	0.000012
褍胁械写芯屑谢械薪懈械	0.000299	0.040822	0.000012
褍谐芯褖邪褌褜褋褟	0.000299	0.994252	0.000297
褍写邪谢懈褌褜	0.000299	1.660731	0.000496
褍写邪褔薪褘泄	0.000299	0.116534	0.000035
褍写懈胁懈褌褜	0.000299	0.116534	0.000035
褍写懈胁谢褟褌褜	0.001195	0.116534	0.000139
褍写芯胁芯谢褜褋褌胁懈械	0.000299	0.116534	0.000035
褍卸懈薪	0.002091	0.094311	0.000197
褍蟹斜械泻褋泻懈泄	0.000299	0.116534	0.000035
褍泻褉邪懈薪褋泻懈泄	0.000299	0.116534	0.000035
褍泻褉邪褋懈褌褜	0.000299	1.514128	0.000452
褍泻褉邪褕械薪懈械	0.002389	0.116534	0.000278
褍泻褉芯锌	0.001195	0.562119	0.000672
褍屑械褌褜	0.000299	2.659260	0.000794
褍屑芯锌芯屑褉邪褔懈褌械谢褜薪褘泄	0.000299	1.966113	0.000587
褍屑褟褌褜	0.000299	3.218876	0.000961
褍锌芯褌褉械斜谢械薪懈械	0.000299	0.116534	0.000035
褍褉邪谢褜褋泻懈泄	0.000299	0.116534	0.000035
褍褉芯卸邪泄	0.000299	0.105361	0.000031
褍褌泻邪	0.000896	0.116534	0.000104
褍褏	0.000299	2.995732	0.000895
褍褏芯	0.000299	0.040822	0.000012
褍褔邪褋褌胁芯胁邪褌褜	0.000299	0.040822	0.000012
褎邪蟹械薪写邪	0.000299	0.116534	0.000035
褎邪薪褌邪蟹懈褟	0.002389	0.116534	0.000278
褎邪褉褕	0.008662	0.040822	0.000354
褎邪褉褕懈褉芯胁邪薪薪褘泄	0.001792	0.040822	0.000073
褎邪褋芯谢褜	0.000299	0.040822	0.000012
褎械胁褉邪谢褜	0.000299	0.094311	0.000028
褎械泄械褉胁械褉泻	0.000597	0.116534	0.000070
褎懈谐褍褉邪	0.000299	0.116534	0.000035
褎懈谢械	0.000896	0.916291	0.000821
褎懈薪褋泻懈泄	0.000299	0.116534	0.000035
褎懈褉屑械薪薪褘泄	0.000299	0.116534	0.000035
褎芯薪写褞	0.000299	0.040822	0.000012
褎芯褉屑邪	0.000299	0.105361	0.000031
褎芯褉褍屑	0.000896	0.040822	0.000037
褎芯褉褕屑邪泻	0.000299	0.040822	0.000012
褎褉邪薪褑懈褟	0.000299	0.116534	0.000035
褎褉邪薪褑褍蟹褋泻懈泄	0.000299	0.094311	0.000028
褎褉邪褍	0.001195	0.116534	0.000139
褎褉褍泻褌	0.001195	0.116534	0.000139
褎褉褍泻褌芯胁褘泄	0.002389	0.040822	0.000098
褎褍写	0.000299	0.116534	0.000035
褎褍褉褕械褌	0.000299	0.116534	0.000035
褏邪谢胁邪	0.000299	0.040822	0.000012
褏邪褉胁械褋褌褎械褋褌	0.000597	0.116534	0.000070
褏邪褉褔芯	0.000597	0.040822	0.000024
褏邪褔邪锌褍褉懈	0.000597	2.407946	0.001438
褏邪褕	0.000299	0.040822	0.000012
褏胁芯褉芯褋褌	0.000299	0.040822	0.000012
褏懈薪泻邪谢懈	0.000299	0.116534	0.000035
褏懈褌	0.002091	0.116534	0.000244
褏谢械斜	0.002987	0.040822	0.000122
褏谢械斜芯锌械褔泻邪	0.000299	0.116534	0.000035
褏谢械斜褍褕械泻	0.000299	2.040221	0.000609
褏谢芯锌褜褟	0.000597	0.094311	0.000056
褏芯蟹褟泄泻邪	0.000299	0.116534	0.000035
褏芯谢芯写械褑	0.000299	0.040822	0.000012
褏芯谢芯写懈谢褜薪懈泻	0.000299	1.049822	0.000314
褏芯谢芯写薪芯械	0.000597	0.116534	0.000070
褏芯谢芯写薪褘泄	0.000597	0.116534	0.000070
褏芯褉胁邪褌褋泻懈泄	0.000299	0.116534	0.000035
褏芯褉芯褕懈泄	0.001195	0.040822	0.000049
褏芯褉芯褕芯	0.001493	0.105361	0.000157
褏芯褉褋	0.000299	0.116534	0.000035
褏芯褌械褌褜	0.000896	0.000000	0.000000
褏褉褍褋褌械褌褜	0.000299	0.713350	0.000213
褏褍屑褍褋邪	0.000299	0.040822	0.000012
褑邪褉褋褌胁芯	0.000299	0.127833	0.000038
褑邪褉褜	0.000299	0.116534	0.000035
褑胁械褌薪芯泄	0.000299	0.040822	0.000012
褑械薪薪褘泄	0.000299	0.040822	0.000012
褑械薪褌褉	0.000299	0.116534	0.000035
褑械褏	0.000299	2.525729	0.000754
褔邪械屑褘泄	0.000597	0.116534	0.000070
褔邪泄	0.000896	0.040822	0.000037
褔械斜褍褉械泻	0.000597	0.040822	0.000024
褔械褉泻懈蟹芯胁褘泄	0.000597	0.116534	0.000070
褔械褋薪芯泻	0.003286	0.314711	0.001034
褔械褋褌薪芯泄	0.000299	0.040822	0.000012
褔械褔械胁懈褑邪	0.000299	0.040822	0.000012
褔械褕褋泻懈泄	0.000299	0.116534	0.000035
褔懈蟹泻械泄泻	0.001195	0.040822	0.000049
褔懈谢懈泄褋泻懈泄	0.000299	0.116534	0.000035
褔懈锌褋褘	0.000299	0.040822	0.000012
褔懈褋谢芯	0.000299	0.235722	0.000070
褔褍写械褋薪芯	0.000299	2.659260	0.000794
褔褍写械褋薪褘泄	0.000597	1.514128	0.000904
褔褍写芯	0.000597	0.116534	0.000070
褔褍写芯屑	0.000299	2.407946	0.000719
褔褢褉薪褘泄	0.002987	0.356675	0.001065
褕邪褉懈泻	0.000299	0.040822	0.000012
褕邪褉谢芯褌泻邪	0.000597	0.040822	0.000024
褕邪褉屑	0.000299	0.116534	0.000035
褕邪褕谢褘泻	0.003883	0.040822	0.000159
褕胁械写褋泻懈泄	0.000299	0.116534	0.000035
褕胁械泄褑邪褉褋泻懈泄	0.000299	0.116534	0.000035
褕械写械胁褉	0.000299	0.116534	0.000035
褕械褎	0.000299	0.127833	0.000038
褕懈锌褍褔泻邪	0.000299	0.040822	0.000012
褕懈褉芯泻懈泄	0.000299	0.127833	0.000038
褕泻芯谢邪	0.000299	0.116534	0.000035
褕芯泻芯谢邪写	0.000299	0.040822	0.000012
褕芯褌谢邪薪写褋泻懈泄	0.000299	0.116534	0.000035
褕褌褉褍写械谢褜	0.000299	0.040822	0.000012
褕褍斜泻邪	0.000299	2.407946	0.000719
褕褍褉锌邪	0.000299	0.040822	0.000012
褖械写褉褘泄	0.000299	0.116534	0.000035
褖懈	0.000597	0.040822	0.000024
褝泻芯屑懈谢泻	0.000299	0.127833	0.000038
褝褋褌芯薪褋泻懈泄	0.000299	0.116534	0.000035
褝褎褎械泻褌薪褘泄	0.000299	2.407946	0.000719
褞谐芯褋谢邪胁褋泻懈泄	0.000299	0.116534	0.000035
褟谐芯写薪褘泄	0.001195	0.105361	0.000126
褟蟹褘泻	0.000299	0.040822	0.000012
褟泄褑芯	0.006870	0.040822	0.000280
褟薪胁邪褉褜	0.000299	0.733969	0.000219
褟薪写械泻褋	0.000299	0.072571	0.000022
褟锌芯薪褋泻懈泄	0.000597	0.051293	0.000031
褟褉泻懈泄	0.000299	0.116534	0.000035
褟褉泻芯	0.000299	0.105361	0.000031
