谢械屑屑邪	TF	IDF	TF-IDF
邪斜褏邪蟹褋泻懈泄	0.000282	0.116534	0.000033
邪胁褋褌褉邪谢懈泄褋泻懈泄	0.000282	0.116534	0.000033
邪胁褋褌褉懈泄褋泻懈泄	0.000282	0.116534	0.000033
邪胁褌芯泻谢邪胁	0.000282	0.116534	0.000033
邪胁褌芯褉	0.000282	0.040822	0.000012
邪谐褉芯	0.000282	0.116534	0.000033
邪写卸懈泻邪	0.000282	0.040822	0.000012
邪蟹	0.000282	0.127833	0.000036
邪蟹械褉斜邪泄写卸邪薪褋泻懈泄	0.000282	0.116534	0.000033
邪蟹懈邪褌褋泻懈泄	0.000282	0.127833	0.000036
邪泄褉邪薪	0.000282	0.040822	0.000012
邪泻胁邪褌懈泻	0.000846	0.127833	0.000108
邪泻褑懈褟	0.000282	2.040221	0.000575
邪谢械泻褋械泄	0.000282	0.127833	0.000036
邪谢泻芯谐芯谢褜	0.000846	0.116534	0.000099
邪谢泻芯谐芯谢褜薪褘泄	0.000282	0.116534	0.000033
邪谢褜褟薪褋	0.000282	0.116534	0.000033
邪屑械褉懈泻邪薪褋泻懈泄	0.000282	0.116534	0.000033
邪薪谐谢懈泄褋泻懈泄	0.000282	0.116534	0.000033
邪薪写褉械泄	0.000282	0.127833	0.000036
邪锌褉械谢褜	0.000282	0.544727	0.000154
邪褉邪斜褋泻懈泄	0.000282	0.116534	0.000033
邪褉谐械薪褌懈薪褋泻懈泄	0.000282	0.116534	0.000033
邪褉屑褟薪褋泻懈泄	0.000282	0.116534	0.000033
邪褉芯屑邪褌	0.000282	0.820981	0.000232
邪褉芯屑邪褌薪褘泄	0.000846	0.693147	0.000586
邪褋褋芯褉褌懈	0.000564	0.116534	0.000066
邪褌谢邪薪褌	0.000282	0.116534	0.000033
邪褍褉懈褔泻邪	0.000282	3.506558	0.000989
邪褎谐邪薪褋泻懈泄	0.000282	0.116534	0.000033
邪褎褉懈泻邪薪褋泻懈泄	0.000282	0.116534	0.000033
邪褝褉芯谐褉懈谢褜	0.002820	0.116534	0.000329
斜邪谐械褌	0.000282	2.995732	0.000845
斜邪泻谢邪卸邪薪	0.000282	0.040822	0.000012
斜邪谢褌泻芯屑邪	0.000282	0.127833	0.000036
斜邪褉邪薪懈薪邪	0.001128	0.116534	0.000131
斜邪褋屑邪褌懈	0.000564	0.127833	0.000072
斜邪褋褌褍褉屑	0.000282	0.040822	0.000012
斜邪褋褌褍褉屑邪	0.000282	0.040822	0.000012
斜邪褌芯薪	0.000282	1.514128	0.000427
斜邪褌芯薪褔懈泻	0.000282	0.127833	0.000036
斜邪褕泻懈褉褋泻懈泄	0.000282	0.116534	0.000033
斜械写褉芯	0.000846	2.302585	0.001948
斜械蟹邪谢泻芯谐芯谢褜薪褘泄	0.000282	0.116534	0.000033
斜械蟹谐谢褞褌械薪芯胁芯械	0.000282	0.116534	0.000033
斜械蟹械	0.001128	0.040822	0.000046
斜械谢械斜械械胁褋泻懈泄	0.000564	0.116534	0.000066
斜械谢芯褉褍褋褋泻懈泄	0.000282	0.116534	0.000033
斜械谢褘泄	0.000564	1.237874	0.000698
斜械谢褜谐懈泄褋泻懈泄	0.000282	0.116534	0.000033
斜械褉械屑械薪薪邪褟	0.000282	0.116534	0.000033
斜械褋械写懈薪	0.000282	0.127833	0.000036
斜械褋锌芯写芯斜薪褘泄	0.000282	1.560648	0.000440
斜懈褋泻胁懈褌	0.000564	0.040822	0.000023
斜懈褋泻胁懈褌薪褘泄	0.000846	0.105361	0.000089
斜谢懈蟹泻懈泄	0.000564	0.116534	0.000066
斜谢懈薪	0.001692	0.040822	0.000069
斜谢褞写芯	0.034405	0.040822	0.001404
斜芯斜芯胁褘泄	0.002256	0.116534	0.000263
斜芯谐	0.000282	3.218876	0.000908
斜芯卸械褋褌胁械薪薪褘泄	0.000282	4.605170	0.001299
斜芯谢谐邪褉褋泻懈泄	0.001974	0.116534	0.000230
斜芯谢褜褕芯泄	0.001128	0.094311	0.000106
斜芯褉芯写懈薪褋泻懈泄	0.000282	4.605170	0.001299
斜芯褉褖	0.000564	0.040822	0.000023
斜芯褌胁懈薪褜褟	0.000282	0.040822	0.000012
斜芯褔泻芯胁褘泄	0.000282	4.605170	0.001299
斜褉邪蟹懈谢褜褋泻懈泄	0.000282	0.116534	0.000033
斜褉邪褍蟹械褉	0.000282	0.040822	0.000012
斜褉邪褍薪懈	0.000282	0.040822	0.000012
斜褉械褋褌	0.000282	0.127833	0.000036
斜褉芯泻泻芯谢懈	0.000282	0.040822	0.000012
斜褍卸械薪懈薪邪	0.000282	0.040822	0.000012
斜褍谢芯褔泻邪	0.000846	0.040822	0.000035
斜褍谢褜芯薪	0.003102	0.040822	0.000127
斜褍褉谐械褉	0.000564	0.040822	0.000023
斜褍褉褟褌褋泻懈泄	0.000282	0.116534	0.000033
斜褍褌械褉斜褉芯写	0.001974	0.040822	0.000081
斜褍褌褘谢芯褔泻邪	0.000282	2.813411	0.000793
斜褘褋褌褉械薪褜泻芯	0.000564	3.218876	0.001815
斜褘褋褌褉芯	0.001128	0.094311	0.000106
斜褘褋褌褉褘泄	0.001410	0.094311	0.000133
胁邪卸薪褘泄	0.000282	0.116534	0.000033
胁邪谢谢懈泄褋泻懈泄	0.000282	0.116534	0.000033
胁邪褉械薪懈械	0.000564	0.040822	0.000023
胁邪褉械薪懈泻	0.000282	0.116534	0.000033
胁邪褉懈邪薪褌	0.000564	0.356675	0.000201
胁邪褉懈邪褑懈褟	0.000564	2.407946	0.001358
胁邪褌褉褍褕泻邪	0.000282	0.040822	0.000012
胁邪褎谢褟	0.000564	0.040822	0.000023
胁邪褕	0.000564	0.000000	0.000000
胁胁芯写懈褌褜	0.000282	0.040822	0.000012
胁写芯褏薪芯胁械薪懈械	0.001692	0.116534	0.000197
胁写芯褏薪芯胁谢褟褌褜褋褟	0.000282	0.116534	0.000033
胁械谐械褌邪褉懈邪薪褋泻懈泄	0.000564	0.116534	0.000066
胁械谢械褌褜	0.000282	4.605170	0.001299
胁械谢懈泻懈泄	0.000282	0.116534	0.000033
胁械薪谐械褉褋泻懈泄	0.000282	0.116534	0.000033
胁械褉邪薪写邪	0.000282	4.605170	0.001299
胁械褋械薪薪懈泄	0.000282	0.051293	0.000014
胁械褋薪邪	0.001692	0.116534	0.000197
胁械褌褔懈薪邪	0.000846	0.094311	0.000080
胁械褔械褉芯屑	0.000282	2.407946	0.000679
胁蟹谐谢褟写	0.000564	1.427116	0.000805
胁蟹褟褌褜	0.000564	1.171183	0.000661
胁懈写械芯	0.000564	0.116534	0.000066
胁懈写械芯褉械褑械锌褌	0.000282	0.301105	0.000085
胁懈薪芯	0.000564	0.040822	0.000023
胁泻谢褞褔邪褌褜	0.000282	0.634878	0.000179
胁泻褍褋	0.004230	0.105361	0.000446
胁泻褍褋薪芯	0.001974	0.094311	0.000186
胁泻褍褋薪褘泄	0.005358	0.061875	0.000332
胁泻褍褋薪褟褌懈薪邪	0.000282	2.207275	0.000622
胁谢褞斜懈褌褜	0.000282	0.116534	0.000033
胁薪邪褔邪谢械	0.001128	0.248461	0.000280
胁芯写邪	0.000846	0.094311	0.000080
胁芯泄褌懈	0.000282	0.000000	0.000000
胁芯谢芯胁邪薪	0.000282	0.116534	0.000033
胁芯谢褕械斜薪褘泄	0.000282	0.116534	0.000033
胁芯谢褕械斜褋褌胁芯	0.000282	0.116534	0.000033
胁芯芯斜褖械	0.000282	1.386294	0.000391
胁芯锌褉芯褋	0.000282	0.000000	0.000000
胁芯褋褌芯褔薪褘泄	0.000282	0.127833	0.000036
胁锌芯谢薪械	0.000564	2.813411	0.001587
胁褉械屑褟	0.002820	0.105361	0.000297
胁褋锌芯屑薪懈褌褜	0.000282	0.040822	0.000012
胁褋褟泻懈泄	0.000282	2.120264	0.000598
胁褌芯褉芯械	0.000282	0.116534	0.000033
胁褌芯褉芯泄	0.000282	0.116534	0.000033
胁褍邪谢褟	0.000282	3.506558	0.000989
胁褏芯写	0.000846	0.030459	0.000026
胁褘胁械褋褌懈	0.000282	4.605170	0.001299
胁褘泄褌懈	0.000282	0.040822	0.000012
胁褘泻谢邪写褘胁邪褌褜褋褟	0.000282	3.506558	0.000989
胁褘谢芯卸懈褌褜	0.000282	1.832581	0.000517
胁褘锌械褔泻邪	0.004512	0.040822	0.000184
胁褘锌褉芯褋懈褌褜	0.000282	2.525729	0.000712
胁褘锌褍褋泻	0.000282	3.506558	0.000989
胁褘褌械褋薪懈褌褜	0.000282	3.218876	0.000908
胁褘褏芯写懈褌褜	0.000564	3.218876	0.001815
胁褜械褌薪邪屑褋泻懈泄	0.000282	0.116534	0.000033
谐邪胁邪泄褋泻懈泄	0.000282	0.116534	0.000033
谐邪褉薪懈褉	0.001410	0.040822	0.000058
谐邪褋锌邪褔芯	0.000282	0.040822	0.000012
谐械芯谐褉邪褎懈褟	0.000282	0.116534	0.000033
谐谢邪胁薪褘泄	0.000282	0.040822	0.000012
谐谢邪蟹褍褉褜	0.000846	0.040822	0.000035
谐谢懈薪褌胁械泄薪	0.000282	0.040822	0.000012
谐薪械蟹写芯	0.000282	2.207275	0.000622
谐芯胁褟写懈薪邪	0.001128	0.116534	0.000131
谐芯写	0.007614	0.083382	0.000635
谐芯谢械薪褜	0.000282	2.995732	0.000845
谐芯谢谢邪薪写褋泻懈泄	0.000282	0.116534	0.000033
谐芯褉芯写	0.000282	0.116534	0.000033
谐芯褉芯褏	0.000282	0.116534	0.000033
谐芯褉褔懈褑邪	0.002538	0.040822	0.000104
谐芯褉褔懈褔薪褘泄	0.000282	2.813411	0.000793
谐芯褉褕芯褔械泻	0.000564	0.040822	0.000023
谐芯褉褟褔械械	0.000564	0.116534	0.000066
谐芯褉褟褔懈泄	0.014382	0.105361	0.001515
谐芯褋褌	0.000282	2.659260	0.000750
谐芯褋褌褜	0.000282	0.116534	0.000033
谐芯褌芯胁懈褌褜	0.004512	0.083382	0.000376
谐芯褌芯胁懈褌褜褋褟	0.000282	0.371064	0.000105
谐芯褌芯胁泻邪	0.000282	2.120264	0.000598
谐芯褌芯胁褘泄	0.000564	0.755023	0.000426
谐褉	0.000282	3.912023	0.001103
谐褉邪薪斜懈	0.000282	4.605170	0.001299
谐褉械薪泻邪	0.001410	0.040822	0.000058
谐褉械褔械褋泻懈泄	0.000282	0.116534	0.000033
谐褉械褔泻邪	0.000282	0.040822	0.000012
谐褉懈斜	0.002820	0.040822	0.000115
谐褉懈斜薪芯泄	0.000564	0.040822	0.000023
谐褉懈谢褜	0.002820	0.105361	0.000297
谐褉懈谢褜屑邪薪懈褟	0.000282	0.116534	0.000033
谐褉芯谐	0.000282	0.040822	0.000012
谐褉褍写泻邪	0.000282	0.967584	0.000273
谐褉褍蟹懈薪褋泻懈泄	0.000282	0.116534	0.000033
谐褉褍锌锌邪	0.000282	0.061875	0.000017
谐褍谢褟薪懈械	0.000282	3.912023	0.001103
谐褍褉屑	0.000282	0.127833	0.000036
谐褍褉屑邪薪懈褟	0.001692	0.116534	0.000197
谐褍褋褜	0.000564	0.105361	0.000059
写邪胁邪褌褜	0.000564	0.040822	0.000023
写邪薪薪褘械	0.000282	0.040822	0.000012
写邪薪薪褘泄	0.000282	1.660731	0.000468
写邪褉	0.000282	0.116534	0.000033
写邪褌邪	0.000564	0.248461	0.000140
写邪褌褋泻懈泄	0.000282	0.116534	0.000033
写邪褌褜	0.000282	0.040822	0.000012
写邪褔薪褘泄	0.001128	0.116534	0.000131
写胁邪	0.000564	0.967584	0.000546
写械泻邪斜褉褜	0.001410	0.597837	0.000843
写械泻芯褉	0.000282	0.127833	0.000036
写械谢邪褌褜	0.002256	0.083382	0.000188
写械谢邪褌褜褋褟	0.000282	1.203973	0.000340
写械谢懈褌褜褋褟	0.000282	0.040822	0.000012
写械谢芯	0.000564	0.105361	0.000059
写械薪褜	0.002538	0.040822	0.000104
写械褋械褉褌	0.005358	0.040822	0.000219
写械褋械褉褌邪褑懈褟	0.000282	0.116534	0.000033
写械褋械褉褌薪褘泄	0.000282	0.116534	0.000033
写卸械屑	0.000282	0.040822	0.000012
写卸械屑邪	0.000282	0.040822	0.000012
写蟹械薪	0.000282	0.116534	0.000033
写懈械褌邪	0.000564	0.094311	0.000053
写懈泻懈泄	0.000846	0.116534	0.000099
写懈锌	0.000282	0.116534	0.000033
写懈褔褜	0.000846	0.116534	0.000099
写薪械胁薪懈泻	0.000282	0.061875	0.000017
写芯斜邪胁懈褌褜	0.000564	0.083382	0.000047
写芯斜邪胁谢械薪懈械	0.000282	0.223144	0.000063
写芯斜邪胁谢褟褌褜	0.000282	0.040822	0.000012
写芯斜褉芯褎谢芯褌	0.000282	0.127833	0.000036
写芯胁械褉褟褌褜	0.000282	0.116534	0.000033
写芯谢卸薪褘泄	0.000282	1.078810	0.000304
写芯屑	0.002538	0.040822	0.000104
写芯屑邪褕薪懈泄	0.004512	0.040822	0.000184
写芯褋褌邪褌芯褔薪芯	0.000564	2.040221	0.001151
写褉邪泄胁	0.001410	0.127833	0.000180
写褉芯卸卸械胁芯泄	0.000282	0.116534	0.000033
写褉芯卸卸懈	0.000564	0.916291	0.000517
写褍褏芯胁泻邪	0.001410	0.105361	0.000149
写褍褕邪	0.000846	0.105361	0.000089
写褍褕懈褋褌褘泄	0.000564	1.237874	0.000698
械胁褉械泄褋泻懈泄	0.000282	0.116534	0.000033
械谐懈锌械褌褋泻懈泄	0.000282	0.116534	0.000033
械写懈薪褘泄	0.000282	0.000000	0.000000
械泻芯	0.000282	0.127833	0.000036
卸邪谢械褌褜	0.000282	3.218876	0.000908
卸邪褉泻懈泄	0.000282	4.605170	0.001299
卸邪褉泻芯械	0.000282	0.040822	0.000012
卸械谢械	0.000846	0.040822	0.000035
卸械薪褋泻懈泄	0.000564	0.020203	0.000011
卸械薪褖懈薪邪	0.000564	0.061875	0.000035
卸懈蟹薪褜	0.000564	0.040822	0.000023
卸褍谢褜械薪	0.000282	0.040822	0.000012
卸褍褉薪邪谢	0.000282	0.072571	0.000020
卸褞谢褜械薪	0.000282	0.040822	0.000012
卸褞谢褜薪褘泄	0.000282	0.040822	0.000012
蟹邪斜褘褌褜	0.000282	2.040221	0.000575
蟹邪胁邪褉薪芯泄	0.000564	0.116534	0.000066
蟹邪胁褌褉邪泻	0.002820	0.094311	0.000266
蟹邪谐谢褟薪褍褌褜	0.000282	2.659260	0.000750
蟹邪谐芯褌芯胁泻邪	0.001128	0.040822	0.000046
蟹邪写邪胁邪褌褜	0.000282	0.040822	0.000012
蟹邪泻邪蟹褘胁邪褌褜	0.000282	3.912023	0.001103
蟹邪泻胁邪褋泻邪	0.001692	0.040822	0.000069
蟹邪泻褉褘褌褘泄	0.000282	0.116534	0.000033
蟹邪泻褍褋泻邪	0.009870	0.040822	0.000403
蟹邪泻褍褋芯薪褔懈泻	0.000282	0.116534	0.000033
蟹邪泻褍褋芯褔泻邪	0.000282	0.116534	0.000033
蟹邪泻褍褋芯褔薪邪褟	0.003384	0.116534	0.000394
蟹邪泻褍褋芯褔薪褘泄	0.000564	1.660731	0.000937
蟹邪谢懈胁薪芯械	0.000564	0.040822	0.000023
蟹邪屑械薪懈褌褜	0.000282	2.120264	0.000598
蟹邪屑械褋	0.000282	2.302585	0.000649
蟹邪屑芯褉芯蟹泻邪	0.000282	0.105361	0.000030
蟹邪锌邪写	0.000282	0.116534	0.000033
蟹邪锌械泻邪薪泻邪	0.003102	0.040822	0.000127
蟹邪锌械褔褜	0.000282	0.916291	0.000258
蟹邪锌懈褋薪芯泄	0.000282	3.218876	0.000908
蟹邪锌褉邪胁泻邪	0.000564	0.040822	0.000023
蟹邪褉械谐懈褋褌褉懈褉芯胁邪褌褜褋褟	0.000564	0.030459	0.000017
蟹邪褋芯谢泻邪	0.000282	0.116534	0.000033
蟹邪褋褌芯谢褜械	0.000282	2.525729	0.000712
蟹邪褏芯褌械褌褜	0.000282	3.506558	0.000989
蟹邪褟褑	0.000564	0.116534	0.000066
蟹胁邪薪褘泄	0.000282	0.127833	0.000036
蟹胁械蟹写邪	0.000282	0.116534	0.000033
蟹胁褢蟹写薪褘泄	0.000282	0.116534	0.000033
蟹写芯褉芯胁褘泄	0.000564	0.116534	0.000066
蟹械谢械薪褜	0.001410	0.094311	0.000133
蟹械谢褢薪褘泄	0.001692	0.820981	0.001389
蟹械屑谢褟	0.000282	2.813411	0.000793
蟹械褎懈褉	0.000282	0.040822	0.000012
蟹懈屑邪	0.001128	0.040822	0.000046
蟹懈屑薪懈泄	0.000282	0.051293	0.000014
蟹芯谢芯褌芯泄	0.000282	0.116534	0.000033
蟹褉邪蟹邪	0.000564	2.040221	0.001151
懈胁邪薪芯胁	0.000282	0.127833	0.000036
懈写械邪谢褜薪芯	0.000282	1.514128	0.000427
懈写械邪谢褜薪褘泄	0.002256	0.116534	0.000263
懈写械泄泻邪	0.000564	0.116534	0.000066
懈写械褟	0.000282	1.609438	0.000454
懈蟹胁械褋褌薪芯	0.000282	2.525729	0.000712
懈蟹写械谢懈械	0.001692	0.116534	0.000197
懈蟹褞屑	0.000846	1.897120	0.001605
懈泻褉邪	0.001410	0.040822	0.000058
懈谢谢褞褋褌褉懈褉芯胁邪褌褜	0.000282	2.120264	0.000598
懈屑褟	0.000282	0.030459	0.000009
懈薪胁械褉褌芯褉薪褘泄	0.000282	0.127833	0.000036
懈薪谐褉械写懈械薪褌	0.008742	0.139262	0.001217
懈薪写械泄泻邪	0.001692	0.094311	0.000160
懈薪写懈泄褋泻懈泄	0.000282	0.116534	0.000033
懈薪写懈谢邪泄褌邪	0.000846	0.116534	0.000099
懈薪写懈褉械褋薪褘泄	0.000282	0.116534	0.000033
懈薪褋褌褉褍泻褑懈褟	0.000282	0.030459	0.000009
懈褉邪泻褋泻懈泄	0.000282	0.116534	0.000033
懈褉邪薪褋泻懈泄	0.000282	0.116534	0.000033
懈褉谢邪薪写褋泻懈泄	0.000282	0.116534	0.000033
懈褋泻褉械薪薪械	0.000282	0.116534	0.000033
懈褋谢邪薪写褋泻懈泄	0.000282	0.116534	0.000033
懈褋锌邪薪褋泻懈泄	0.000282	0.116534	0.000033
懈褋锌械褔褜	0.000282	0.105361	0.000030
懈褋褌芯泻	0.000282	3.506558	0.000989
懈褋褌芯褉懈褟	0.001692	0.116534	0.000197
懈褌邪谢懈褟	0.000564	0.105361	0.000059
懈褌邪谢褜褟薪褋泻懈泄	0.000282	0.105361	0.000030
懈褞谢褜	0.000282	0.579818	0.000164
懈褞薪褜	0.000282	0.562119	0.000159
泄邪	0.000282	3.912023	0.001103
泄芯谐褍褉褌	0.000846	0.040822	0.000035
泻邪斜邪褔芯泻	0.000282	0.040822	0.000012
泻邪胁泻邪蟹褋泻懈泄	0.000282	0.116534	0.000033
泻邪蟹邪薪	0.000282	0.116534	0.000033
泻邪蟹邪褏褋泻懈泄	0.000282	0.116534	0.000033
泻邪泻邪芯	0.000564	0.040822	0.000023
泻邪谢械泄写芯褋泻芯锌	0.001128	0.116534	0.000131
泻邪谢屑褘褑泻懈泄	0.000282	0.116534	0.000033
泻邪谢芯褉懈泄薪芯褋褌褜	0.000282	3.506558	0.000989
泻邪谢芯褉懈泄薪褘泄	0.000282	1.966113	0.000554
泻邪谢褜屑邪褉	0.000282	0.040822	0.000012
泻邪屑械褉邪	0.000282	0.116534	0.000033
泻邪薪邪写褋泻懈泄	0.000282	0.116534	0.000033
泻邪薪邪谢	0.000846	0.040822	0.000035
泻邪薪邪锌械	0.001410	0.040822	0.000058
泻邪薪邪锌褍谢褟	0.000282	3.912023	0.001103
泻邪锌褍褋褌邪	0.000846	0.040822	0.000035
泻邪锌褍褋褌薪褟泻	0.000282	0.040822	0.000012
泻邪褉邪屑械谢褜	0.000282	0.040822	0.000012
泻邪褉泻邪褋薪褘泄	0.001128	0.116534	0.000131
泻邪褉褌芯褎械谢褜	0.000846	0.040822	0.000035
泻邪褉褌芯褎械谢褜薪褘泄	0.000564	0.040822	0.000023
泻邪褉褌芯褕泻邪	0.000564	0.040822	0.000023
泻邪褌械谐芯褉懈褟	0.004512	0.116534	0.000526
泻邪褔械褋褌胁芯	0.000282	0.105361	0.000030
泻邪褕邪	0.001974	0.040822	0.000081
泻胁邪褋	0.003948	0.040822	0.000161
泻胁邪褋薪芯泄	0.000846	0.116534	0.000099
泻械泻褋	0.000846	0.040822	0.000035
泻械褌褔褍锌	0.000564	1.469676	0.000829
泻械褎懈褉	0.000282	0.040822	0.000012
泻懈屑褔邪褌褜	0.000282	0.040822	0.000012
泻懈薪蟹邪	0.000564	2.407946	0.001358
泻懈薪芯邪	0.000564	0.127833	0.000072
泻懈薪芯谢械薪褌邪	0.000282	0.116534	0.000033
泻懈褋械谢褜	0.000564	0.040822	0.000023
泻懈褌邪泄褋泻懈泄	0.000282	0.116534	0.000033
泻懈褌褔械薪械褉	0.000282	4.605170	0.001299
泻泻邪谢	0.000282	2.302585	0.000649
泻谢邪褋褋	0.002538	0.116534	0.000296
泻谢邪褋褋懈褔械褋泻懈泄	0.000564	1.427116	0.000805
泻薪懈谐邪	0.000846	0.040822	0.000035
泻薪懈卸泻邪	0.000282	2.995732	0.000845
泻芯泻褌械泄谢褜	0.001692	0.040822	0.000069
泻芯谢斜邪褋邪	0.000282	0.040822	0.000012
泻芯谢斜邪褋薪褘泄	0.000846	0.116534	0.000099
泻芯屑邪薪写邪	0.000564	0.127833	0.000072
泻芯屑懈	0.000282	0.116534	0.000033
泻芯屑屑械薪褌邪褉懈泄	0.000282	0.127833	0.000036
泻芯屑锌邪薪懈褟	0.000564	0.105361	0.000059
泻芯屑锌芯褌	0.000846	0.040822	0.000035
泻芯薪械褔薪芯	0.000282	0.527633	0.000149
泻芯薪懈薪邪	0.000282	0.116534	0.000033
泻芯薪泻褍褉褋	0.061196	0.040822	0.002498
泻芯薪泻褍褉褋薪褘泄	0.000282	0.127833	0.000036
泻芯薪褋械褉胁懈褉芯胁邪薪懈械	0.000282	0.040822	0.000012
泻芯薪褋械褉胁懈褉芯胁邪薪薪褘泄	0.001410	0.116534	0.000164
泻芯薪褎械褌邪	0.000846	0.040822	0.000035
泻芯薪褎械褌褌懈	0.000282	0.116534	0.000033
泻芯薪褎懈写械薪褑懈邪谢褜薪芯褋褌褜	0.000282	0.040822	0.000012
泻芯薪褎懈褌褞褉	0.000282	0.040822	0.000012
泻芯锌褔褢薪芯褋褌褜	0.000282	0.116534	0.000033
泻芯褉械泄褋泻懈	0.000282	0.040822	0.000012
泻芯褉械泄褋泻懈泄	0.000282	0.105361	0.000030
泻芯褉卸懈泻	0.000282	0.040822	0.000012
泻芯褉懈褔薪械胁褘泄	0.000564	1.272966	0.000718
泻芯褉屑懈褌褜	0.000282	0.116534	0.000033
泻芯褉薪懈褕芯薪	0.000564	2.995732	0.001690
泻芯褉芯褔泻邪	0.000282	1.309333	0.000369
泻芯褌谢械褌邪	0.003666	0.040822	0.000150
泻芯褌谢械褌泻邪	0.000282	2.659260	0.000750
泻芯褎械	0.000564	0.040822	0.000023
泻褉邪褋懈胁芯	0.000282	1.832581	0.000517
泻褉邪褋懈胁褘泄	0.000564	0.843970	0.000476
泻褉邪褋泻邪	0.000282	0.116534	0.000033
泻褉邪褋薪褘泄	0.001128	0.941609	0.001062
泻褉械邪褌懈胁	0.000282	0.127833	0.000036
泻褉械屑	0.000846	0.040822	0.000035
泻褉械锌泻懈泄	0.000282	0.116534	0.000033
泻褉芯谢懈泻	0.000564	0.116534	0.000066
泻褉芯屑械	0.000282	0.061875	0.000017
泻褉芯褋褋胁芯褉写	0.000282	4.605170	0.001299
泻褉芯褏邪	0.000282	0.116534	0.000033
泻褉褍谐	0.000564	0.116534	0.000066
泻褉褍锌	0.001692	0.105361	0.000178
泻褉褍锌邪	0.002538	0.116534	0.000296
泻褉褍锌褟薪芯泄	0.000282	0.116534	0.000033
泻褉褘屑	0.000282	2.302585	0.000649
泻褋褌邪褌懈	0.000282	1.237874	0.000349
泻褍斜懈薪褋泻懈泄	0.000282	0.116534	0.000033
泻褍谢械褕	0.000282	0.040822	0.000012
泻褍谢懈薪邪褉懈褟	0.001128	0.094311	0.000106
泻褍谢懈薪邪褉薪褘泄	0.001692	0.000000	0.000000
泻褍谢懈褔	0.000564	0.040822	0.000023
泻褍薪卸褍褌	0.000564	0.994252	0.000561
泻褍褉写褋泻懈泄	0.000282	0.116534	0.000033
泻褍褉懈薪褘泄	0.007896	0.094311	0.000745
泻褍褉懈褑邪	0.003666	0.040822	0.000150
泻褍褉芯褔泻邪	0.000282	0.116534	0.000033
泻褍褋泻褍褋	0.000282	0.040822	0.000012
泻褍褏薪褟	0.002256	0.040822	0.000092
谢邪胁邪褕	0.001692	0.040822	0.000069
谢邪胁邪褕懈泻	0.000282	3.218876	0.000908
谢邪谐屑邪薪	0.000282	0.040822	0.000012
谢邪泻芯屑褋褌胁芯	0.000282	0.116534	0.000033
谢邪锌褕邪	0.000564	0.040822	0.000023
谢邪褋褌芯褔泻懈薪	0.000282	2.302585	0.000649
谢邪褌褘褕褋泻懈泄	0.000282	0.116534	0.000033
谢械谐泻芯	0.001974	0.116534	0.000230
谢械锌褢褕泻邪	0.000846	0.040822	0.000035
谢械褋	0.000282	3.912023	0.001103
谢械褌薪懈泄	0.000564	0.040822	0.000023
谢械褌芯	0.001692	0.116534	0.000197
谢械褔芯	0.000282	0.040822	0.000012
谢懈谐邪	0.000846	0.116534	0.000099
谢懈泻褢褉	0.000282	0.040822	0.000012
谢懈屑芯薪	0.000564	0.891598	0.000503
谢懈屑芯薪邪写	0.000564	0.040822	0.000023
谢懈褋褌	0.000564	0.843970	0.000476
谢懈褌芯胁褋泻	0.000282	0.127833	0.000036
谢懈褌芯胁褋泻懈泄	0.000282	0.116534	0.000033
谢褍泻	0.003102	0.301105	0.000934
谢褞斜懈屑	0.000282	2.207275	0.000622
谢褞斜懈屑褘泄	0.002820	0.116534	0.000329
谢褞斜懈褌褜	0.000282	0.755023	0.000213
谢褞斜芯胁褜	0.000564	0.105361	0.000059
谢褞斜芯泄	0.000846	0.094311	0.000080
谢褞褋褜械薪	0.000282	4.605170	0.001299
谢褢谐泻懈泄	0.000846	0.094311	0.000080
谢褢写	0.000282	0.116534	0.000033
屑邪谐邪蟹懈薪薪褘泄	0.000282	2.302585	0.000649
屑邪谐褉懈斜	0.000282	0.116534	0.000033
屑邪泄	0.001410	0.116534	0.000164
屑邪泄芯薪械蟹	0.002538	0.116534	0.000296
屑邪泻邪褉芯薪薪褘泄	0.000282	0.116534	0.000033
屑邪泻邪褉芯薪褘	0.000282	0.040822	0.000012
屑邪谢邪蟹懈泄褋泻懈泄	0.000282	0.116534	0.000033
屑邪谢芯	0.000564	1.609438	0.000908
屑邪薪薪懈泻	0.000282	0.040822	0.000012
屑邪薪褋邪褉写邪	0.000564	0.755023	0.000426
屑邪薪褌邪	0.000282	0.116534	0.000033
屑邪薪褢胁褉	0.000282	0.116534	0.000033
屑邪褉邪褎芯薪	0.000846	0.116534	0.000099
屑邪褉懈薪邪写	0.003384	0.040822	0.000138
屑邪褉懈薪芯胁邪褌褜	0.000282	0.116534	0.000033
屑邪褉屑械谢邪写	0.000282	0.040822	0.000012
屑邪褉芯泻泻邪薪褋泻懈泄	0.000282	0.116534	0.000033
屑邪褉褌	0.001410	0.105361	0.000149
屑邪褋泻邪褉锌芯薪	0.000282	0.040822	0.000012
屑邪褋谢械薪懈褑邪	0.000846	0.040822	0.000035
屑邪褋谢械薪懈褔薪褘泄	0.000282	0.116534	0.000033
屑邪褋谢芯	0.006204	0.105361	0.000654
屑邪褋褌械褉	0.002538	0.116534	0.000296
屑邪褋褌懈泻邪	0.000564	0.040822	0.000023
屑邪褎褎懈薪邪	0.000282	0.116534	0.000033
屑邪褏械械胁褗	0.001128	0.116534	0.000131
屑械写懈邪褎芯褉褌	0.000846	0.000000	0.000000
屑械写芯胁褘泄	0.000282	0.116534	0.000033
屑械泻褋懈泻邪薪褋泻懈泄	0.000282	0.116534	0.000033
屑械谢芯褔褜	0.000282	2.813411	0.000793
屑械薪褞	0.000282	0.116534	0.000033
屑械薪褟褌褜褋褟	0.000282	0.116534	0.000033
屑械褉邪	0.000282	1.832581	0.000517
屑械褔褌邪	0.000846	0.040822	0.000035
屑懈写懈褟	0.000282	0.040822	0.000012
屑懈泻褉芯胁芯谢薪芯胁泻邪	0.000282	0.105361	0.000030
屑懈谢褜褟	0.000282	0.116534	0.000033
屑懈芯	0.000282	0.116534	0.000033
屑懈褉	0.000564	0.105361	0.000059
屑懈褉芯胁芯泄	0.000282	0.116534	0.000033
屑懈褋芯	0.000282	0.040822	0.000012
屑懈褋褌械褉懈褟	0.000282	0.116534	0.000033
屑懈褋褌褉邪谢褜	0.001974	0.116534	0.000230
屑薪芯谐懈泄	0.000282	1.771957	0.000500
屑薪芯谐芯	0.000282	0.776529	0.000219
屑薪芯卸械褋褌胁芯	0.000282	0.040822	0.000012
屑芯泄	0.000846	0.083382	0.000071
屑芯谢写邪胁褋泻懈泄	0.000282	0.116534	0.000033
屑芯谢芯泻芯	0.002820	0.083382	0.000235
屑芯谢芯褔薪褘泄	0.000846	0.040822	0.000035
屑芯屑械薪褌	0.000846	0.105361	0.000089
屑芯薪谐芯谢褜褋泻懈泄	0.000282	0.116534	0.000033
屑芯褉械	0.000282	0.116534	0.000033
屑芯褉械锌褉芯写褍泻褌	0.004230	0.040822	0.000173
屑芯褉泻芯胁褜	0.001410	0.040822	0.000058
屑芯褉芯卸械薪芯械	0.000846	0.040822	0.000035
屑芯褉褋	0.000564	0.040822	0.000023
屑芯褌芯褉	0.000282	0.116534	0.000033
屑芯褏懈褌褘泄	0.000282	0.040822	0.000012
屑芯褔褜	0.000564	0.000000	0.000000
屑褍卸	0.000282	0.867501	0.000245
屑褍卸褋泻芯泄	0.000282	0.127833	0.000036
屑褍卸褔懈薪邪	0.000564	0.116534	0.000066
屑褍蟹褘泻邪	0.000282	3.506558	0.000989
屑褍泻邪	0.001128	0.248461	0.000280
屑褍谢褜褌懈胁邪褉泻邪	0.010716	0.116534	0.001249
屑褍谢褜褌懈锌械泻邪褉褜	0.000846	0.116534	0.000099
屑褍褋褋	0.000282	0.040822	0.000012
屑褍褋褋邪	0.000846	0.040822	0.000035
屑褍褔薪芯泄	0.000282	0.116534	0.000033
屑褞褋谢懈	0.000564	0.116534	0.000066
屑褟谐泻懈泄	0.000282	0.755023	0.000213
屑褟褋薪芯泄	0.005640	0.040822	0.000230
屑褟褋芯	0.006768	0.040822	0.000276
屑褢写	0.000846	1.660731	0.001405
薪邪谐谐械褌褋	0.000846	3.218876	0.002723
薪邪写褞褕懈褖械	0.000282	3.218876	0.000908
薪邪蟹胁邪薪懈械	0.000564	0.562119	0.000317
薪邪蟹薪邪褔械薪懈械	0.000282	0.116534	0.000033
薪邪泄褌懈	0.000282	0.446287	0.000126
薪邪泻芯褉屑懈褌褜	0.000282	2.659260	0.000750
薪邪谢懈胁泻邪	0.000282	0.040822	0.000012
薪邪锌懈褌芯泻	0.002256	0.040822	0.000092
薪邪褉械蟹邪褌褜	0.000282	1.897120	0.000535
薪邪褋褌芯泄泻邪	0.000282	0.040822	0.000012
薪邪褋褌芯谢褜泻芯	0.000282	1.514128	0.000427
薪邪褋褌褉芯械薪懈械	0.000282	0.116534	0.000033
薪邪褑懈芯薪邪谢褜薪褘泄	0.000282	0.116534	0.000033
薪邪褔邪褌褜褋褟	0.000282	2.813411	0.000793
薪邪褔懈薪泻邪	0.000846	0.040822	0.000035
薪邪褕	0.001692	0.040822	0.000069
薪械写械谢褟	0.002820	0.051293	0.000145
薪械卸薪褘泄	0.001128	0.094311	0.000106
薪械泻芯褌芯褉褘泄	0.000282	1.897120	0.000535
薪械屑械褑泻懈泄	0.000282	0.116534	0.000033
薪械屑薪芯谐芯	0.000282	1.203973	0.000340
薪械薪邪褋褌芯褟褖懈泄	0.000282	4.605170	0.001299
薪械芯斜褘褔薪褘泄	0.000282	0.916291	0.000258
薪械芯卸懈写邪薪薪褘泄	0.000282	0.116534	0.000033
薪械锌芯褋褉械写褋褌胁械薪薪芯	0.000282	2.995732	0.000845
薪械褋谢邪写泻懈泄	0.000282	0.116534	0.000033
薪械褋谢芯卸薪芯	0.000282	2.207275	0.000622
薪懈斜褘褌褜	0.000282	1.832581	0.000517
薪懈褔褌芯	0.000282	3.218876	0.000908
薪芯胁芯谐芯写薪懈泄	0.006768	0.040822	0.000276
薪芯胁芯褋褌褜	0.000282	0.061875	0.000017
薪芯胁褘泄	0.003666	0.030459	0.000112
薪芯褉胁械卸褋泻懈泄	0.000282	0.116534	0.000033
薪褞褕泻邪	0.000282	3.218876	0.000908
芯斜械写	0.001128	0.105361	0.000119
芯斜械蟹褜褟薪邪	0.000282	0.116534	0.000033
芯斜褉邪褌懈褌褜褋褟	0.000282	2.995732	0.000845
芯斜褉邪褌薪芯	0.000282	4.605170	0.001299
芯斜褖邪褌褜褋褟	0.000282	0.040822	0.000012
芯斜褘写械薪薪褘泄	0.000282	3.218876	0.000908
芯斜褘褔薪芯	0.000282	1.714798	0.000484
芯斜褘褔薪褘泄	0.000282	1.386294	0.000391
芯胁芯褖	0.005922	0.094311	0.000559
芯胁芯褖薪芯泄	0.002538	0.040822	0.000104
芯胁褋褟薪褘泄	0.000282	0.105361	0.000030
芯谐薪械薪薪褘泄	0.000282	0.116534	0.000033
芯谐芯薪褜	0.000282	0.094311	0.000027
芯谐芯褉芯写	0.000282	2.995732	0.000845
芯谐褍褉械褑	0.001692	0.116534	0.000197
芯泻褉芯褕泻邪	0.000846	0.040822	0.000035
芯泻褌褟斜褉褜	0.000564	0.562119	0.000317
芯谢邪写褜褟	0.000846	0.040822	0.000035
芯谢械泄薪芯泄	0.001128	0.116534	0.000131
芯谢械泄薪褘泄	0.001128	0.116534	0.000131
芯谢懈胁泻邪	0.001692	2.207275	0.003735
芯谢懈胁泻芯胁褘泄	0.001128	0.544727	0.000614
芯屑谢械褌	0.000282	0.040822	0.000012
芯锌邪褉邪	0.000282	0.040822	0.000012
芯锌褉芯褋	0.000282	0.061875	0.000017
芯锌褘褌薪褘泄	0.000282	3.218876	0.000908
芯褉懈谐懈薪邪谢褜薪芯	0.000282	3.218876	0.000908
芯褉懈谐懈薪邪谢褜薪褘泄	0.001128	1.049822	0.001184
芯褋械薪薪懈泄	0.001128	0.051293	0.000058
芯褋械薪褜	0.002820	0.105361	0.000297
芯褋薪芯胁薪褘泄	0.000282	0.040822	0.000012
芯褋芯斜械薪薪芯	0.000282	1.469676	0.000414
芯褋芯斜芯	0.000282	2.302585	0.000649
芯褋褌邪胁邪褌褜褋褟	0.000282	0.116534	0.000033
芯褌胁械褌	0.000564	0.000000	0.000000
芯褌胁械褌懈褌褜	0.000282	0.051293	0.000014
芯褌泻褉褘褌褘泄	0.000846	0.105361	0.000089
芯褌谢懈褔邪褌褜褋褟	0.000282	1.469676	0.000414
芯褌屑械薪懈褌褜	0.000282	0.040822	0.000012
芯褏谢邪写懈褌褜	0.000282	0.116534	0.000033
锌邪泻械褌懈泻	0.000282	0.105361	0.000030
锌邪谢芯褔泻邪	0.000564	0.040822	0.000023
锌邪薪懈褉芯胁泻邪	0.002256	0.116534	0.000263
锌邪褉邪	0.000282	0.116534	0.000033
锌邪褉邪写	0.001974	0.116534	0.000230
锌邪褉芯胁邪褉泻邪	0.002538	0.105361	0.000267
锌邪褉芯谢褜	0.000282	0.020203	0.000006
锌邪褋褌邪	0.000846	0.040822	0.000035
锌邪褋褌褉芯屑邪	0.000282	0.040822	0.000012
锌邪褋褏邪	0.000564	0.040822	0.000023
锌邪褋褏邪谢褜薪褘泄	0.000846	0.116534	0.000099
锌邪褌械褉褋芯薪	0.000282	4.605170	0.001299
锌邪褕褌械褌	0.000846	0.040822	0.000035
锌械泻	0.000282	2.207275	0.000622
锌械泻邪褉褜	0.000282	0.127833	0.000036
锌械谢褜屑械薪褜	0.000282	0.116534	0.000033
锌械褉胁褘泄	0.001410	0.040822	0.000058
锌械褉械泄褌懈	0.000282	0.040822	0.000012
锌械褉械泻褍褋	0.000564	0.116534	0.000066
锌械褉械褑	0.005922	0.040822	0.000242
锌械褉褋芯薪邪	0.000282	0.116534	0.000033
锌械褉褍邪薪褋泻懈泄	0.000282	0.116534	0.000033
锌械褋芯褔薪褘泄	0.000846	0.105361	0.000089
锌械褌械谢懈薪泻	0.000282	0.127833	0.000036
锌械褌褉褍褕泻邪	0.000564	0.673345	0.000380
锌械褔械薪懈械	0.002538	0.040822	0.000104
锌械褔褜	0.000282	0.116534	0.000033
锌械褔褢薪芯褔薪褘泄	0.000282	0.040822	0.000012
锌懈胁芯	0.000564	0.116534	0.000066
锌懈泻邪薪褌	0.000282	0.127833	0.000036
锌懈泻薪懈泻	0.001410	0.105361	0.000149
锌懈褉	0.000282	0.116534	0.000033
锌懈褉芯谐	0.001128	0.040822	0.000046
锌懈褉芯卸薪芯械	0.000564	0.040822	0.000023
锌懈褉芯卸芯泻	0.000282	0.040822	0.000012
锌懈褋邪褌褜	0.000282	2.120264	0.000598
锌懈褌邪薪懈械	0.001410	0.094311	0.000133
锌懈褌褜	0.000282	3.506558	0.000989
锌懈褑褑邪	0.000564	0.040822	0.000023
锌谢邪胁谢械薪褘泄	0.001974	1.237874	0.002444
锌谢邪屑褟	0.000282	0.116534	0.000033
锌谢懈褌邪	0.001410	0.116534	0.000164
锌谢芯胁	0.000282	0.116534	0.000033
锌谢芯写	0.000282	0.116534	0.000033
锌芯胁邪褉	0.000282	1.139434	0.000321
锌芯胁邪褉褢薪芯泻	0.001410	0.000000	0.000000
锌芯胁懈写谢芯	0.000282	0.040822	0.000012
锌芯写邪褉芯泻	0.000282	0.116534	0.000033
锌芯写邪褔邪	0.000564	2.207275	0.001245
锌芯写械谢懈褌褜褋褟	0.000564	0.400478	0.000226
锌芯写卸邪褉懈褋褌褘泄	0.000282	2.813411	0.000793
锌芯写谢懈胁	0.000282	0.116534	0.000033
锌芯写谢懈胁泻邪	0.000282	0.040822	0.000012
锌芯写芯泄褌懈	0.000282	1.272966	0.000359
锌芯写锌懈褋邪褌褜褋褟	0.000846	0.040822	0.000035
锌芯械写懈薪芯泻	0.003948	0.116534	0.000460
锌芯卸邪谢械褌褜	0.000282	1.771957	0.000500
锌芯卸邪褉懈褌褜	0.000282	3.218876	0.000908
锌芯蟹胁芯谢懈褌褜	0.000282	3.218876	0.000908
锌芯蟹写褉邪胁懈褌褜	0.000282	0.116534	0.000033
锌芯懈褋泻	0.000282	0.051293	0.000014
锌芯泄褌懈	0.000282	1.966113	0.000554
锌芯泻褍锌薪芯泄	0.000282	3.506558	0.000989
锌芯谢写薪懈泻	0.000564	0.116534	0.000066
锌芯谢械蟹薪芯	0.000282	0.116534	0.000033
锌芯谢懈褌懈泻邪	0.000282	0.040822	0.000012
锌芯谢薪芯褋褌褜褞	0.000282	1.347074	0.000380
锌芯谢芯胁懈薪邪	0.002256	0.105361	0.000238
锌芯谢褍褔邪褌褜	0.000564	0.040822	0.000023
锌芯谢褍褔邪褌褜褋褟	0.000282	0.328504	0.000093
锌芯谢褍褔懈褌褜褋褟	0.000564	0.653926	0.000369
锌芯谢褜蟹邪	0.001410	0.116534	0.000164
锌芯谢褜蟹芯胁邪褌械谢褜	0.000282	1.309333	0.000369
锌芯谢褜褋泻懈泄	0.000282	0.116534	0.000033
锌芯屑邪写泻邪	0.000846	0.040822	0.000035
锌芯屑懈写芯褉	0.001128	0.116534	0.000131
锌芯屑懈写芯褉泻	0.000282	0.127833	0.000036
锌芯薪褉邪胁懈褌褜褋褟	0.000282	0.040822	0.000012
锌芯薪褔懈泻	0.000564	0.040822	0.000023
锌芯锌褉芯斜芯胁邪褌褜	0.001410	0.248461	0.000350
锌芯褉邪	0.000282	0.105361	0.000030
锌芯褉邪蟹懈褌褜	0.000282	2.995732	0.000845
锌芯褉械褕邪褌褜	0.000282	4.605170	0.001299
锌芯褉褌褍谐邪谢褜褋泻懈泄	0.000282	0.116534	0.000033
锌芯褋械褖邪褌褜	0.000282	0.061875	0.000017
锌芯褋懈写械褌褜	0.000282	4.605170	0.001299
锌芯褋谢械写薪懈泄	0.000282	1.272966	0.000359
锌芯褋谢褍褕邪褌褜	0.000282	4.605170	0.001299
锌芯褋褌	0.001410	0.105361	0.000149
锌芯褋褌薪褘泄	0.000846	0.040822	0.000035
锌芯褋褌芯褟薪薪芯	0.000282	0.040822	0.000012
锌芯褋褌褉芯懈褌褜	0.000282	0.105361	0.000030
锌芯褋褍写邪	0.000564	0.094311	0.000053
锌芯褌褉褟褋邪褞褖械	0.000282	1.560648	0.000440
锌芯褏芯写	0.000282	4.605170	0.001299
锌芯褏芯卸懈泄	0.000282	0.994252	0.000280
锌芯褏褉褍褋褌械褌褜	0.000282	3.218876	0.000908
锌芯褔褌邪	0.000282	0.040822	0.000012
锌芯褕邪谐芯胁褘泄	0.000564	0.040822	0.000023
锌褉邪蟹写薪懈泻	0.000564	0.105361	0.000059
锌褉邪蟹写薪懈褔薪芯	0.000282	0.116534	0.000033
锌褉邪蟹写薪懈褔薪褘泄	0.001410	0.105361	0.000149
锌褉邪泻褌懈泻褍屑	0.000282	0.116534	0.000033
锌褉邪泻褌懈褔械褋泻懈	0.000564	1.386294	0.000782
锌褉械胁芯褋褏芯写薪褘泄	0.000282	0.116534	0.000033
锌褉械胁褉邪褖械薪懈械	0.000282	0.116534	0.000033
锌褉械写谢邪谐邪褌褜	0.000282	0.693147	0.000195
锌褉械褋薪褘泄	0.000282	0.116534	0.000033
锌褉懈胁褘褔薪褘泄	0.000564	2.407946	0.001358
锌褉懈谐芯写懈褌褜褋褟	0.000282	1.560648	0.000440
锌褉懈谐芯褌芯胁懈褌褜	0.000846	0.083382	0.000071
锌褉懈谐芯褌芯胁谢械薪懈械	0.001410	0.040822	0.000058
锌褉懈写褍屑邪褌褜褋褟	0.000282	3.218876	0.000908
锌褉懈蟹	0.000282	0.040822	0.000012
锌褉懈蟹薪邪薪懈械	0.000282	0.116534	0.000033
锌褉懈屑械褉薪芯	0.000282	1.966113	0.000554
锌褉懈薪褑懈锌	0.000282	2.407946	0.000679
锌褉懈锌褉邪胁邪	0.000282	0.040822	0.000012
锌褉懈褉芯写邪	0.000564	0.105361	0.000059
锌褉懈褋锌芯褋芯斜懈褌褜褋褟	0.000282	4.605170	0.001299
锌褉懈褋褌褍锌懈褌褜	0.000282	0.040822	0.000012
锌褉懈褟褌薪芯	0.000282	2.813411	0.000793
锌褉芯斜邪	0.000282	2.302585	0.000649
锌褉芯斜芯胁邪褌褜	0.000282	0.843970	0.000238
锌褉芯胁械褉懈褌褜	0.001692	0.116534	0.000197
锌褉芯胁械褋褌懈	0.001410	0.116534	0.000164
锌褉芯胁芯写懈褌褜	0.000282	0.040822	0.000012
锌褉芯胁芯卸邪褌褜	0.000282	0.116534	0.000033
锌褉芯写邪胁邪褌褜	0.000282	2.302585	0.000649
锌褉芯写褍泻褌	0.000282	0.072571	0.000020
锌褉芯械泻褌	0.000564	0.051293	0.000029
锌褉芯锌懈褌褘胁邪褌褜褋褟	0.000282	2.995732	0.000845
锌褉芯锌芯谢泻邪	0.000282	4.605170	0.001299
锌褉芯锌芯褉褑懈褟	0.000564	1.609438	0.000908
锌褉芯褋懈褌褜	0.000282	0.776529	0.000219
锌褉芯褋屑芯褌褉	0.000282	0.274437	0.000077
锌褉芯褋褌芯	0.001128	0.083382	0.000094
锌褉芯褋褌芯泻胁邪褕邪	0.000282	0.040822	0.000012
锌褉芯褎懈谢褜	0.000282	0.040822	0.000012
锌褉芯褏谢邪写薪褘泄	0.000282	4.605170	0.001299
锌褉褟屑芯	0.000282	0.040822	0.000012
锌褉褟薪懈泻	0.000564	0.040822	0.000023
锌褉褟薪懈褔薪褘泄	0.000282	0.116534	0.000033
锌褉褟薪芯褋褌褜	0.000564	2.995732	0.001690
锌褌懈褑邪	0.006204	0.116534	0.000723
锌褌懈褔懈泄	0.000564	1.771957	0.000999
锌褍写懈薪谐	0.000846	0.040822	0.000035
锌褍薪褕	0.000282	0.040822	0.000012
锌褍褌械褕械褋褌胁懈械	0.000564	0.116534	0.000066
锌褍褌褜	0.000282	0.116534	0.000033
锌褍褌褢屑	0.000282	3.506558	0.000989
锌褕械薪懈褔薪褘泄	0.001128	0.287682	0.000325
锌褘褕泻邪	0.000282	0.040822	0.000012
锌褞褉械	0.001128	0.040822	0.000046
褉邪谐褍	0.000282	0.116534	0.000033
褉邪蟹	0.000564	0.356675	0.000201
褉邪蟹胁械褉薪褍褌褜	0.000282	0.116534	0.000033
褉邪蟹写械谢褜薪褘泄	0.000282	0.116534	0.000033
褉邪蟹谢懈褔薪褘泄	0.000282	1.714798	0.000484
褉邪蟹屑械褋褌懈褌褜	0.000282	1.714798	0.000484
褉邪蟹薪褘泄	0.000282	0.094311	0.000027
褉邪蟹褍屑械械褌褋褟	0.000282	3.218876	0.000908
褉邪屑泻邪	0.000282	1.832581	0.000517
褉邪褋泻褉邪褋泻邪	0.000282	2.120264	0.000598
褉邪褋褋泻邪蟹邪褌褜	0.000282	1.897120	0.000535
褉邪褋褋芯谢褜薪懈泻	0.000846	0.040822	0.000035
褉邪褋褋褘谢泻邪	0.000282	0.061875	0.000017
褉邪褋褌懈褌械谢褜薪褘泄	0.000564	0.223144	0.000126
褉械斜褢薪芯泻	0.000564	0.094311	0.000053
褉械谐懈褋褌褉邪褑懈褟	0.000846	0.000000	0.000000
褉械蟹邪褌褜	0.000282	2.659260	0.000750
褉械泄褌懈薪谐	0.000282	0.235722	0.000066
褉械锌褔邪褌褘泄	0.002256	0.430783	0.000972
褉械褋褌芯褉邪薪	0.000564	1.386294	0.000782
褉械褑械锌褌	0.027073	0.040822	0.001105
褉械褑械锌褌懈泻	0.000282	1.609438	0.000454
褉械褑械锌褌褍褉邪	0.000282	3.218876	0.000908
褉械褔泻邪	0.000282	4.605170	0.001299
褉懈褋	0.001410	0.040822	0.000058
褉懈褌屑	0.000282	0.116534	0.000033
褉芯谐邪谢懈泻	0.000282	0.040822	0.000012
褉芯写薪褘泄	0.000282	0.116534	0.000033
褉芯卸写械薪懈械	0.000282	0.105361	0.000030
褉芯卸写械褋褌胁芯	0.000282	0.116534	0.000033
褉芯蟹屑邪褉懈薪	0.000564	1.609438	0.000908
褉芯谢谢	0.000564	0.040822	0.000023
褉芯谢谢褌芯薪	0.000282	0.116534	0.000033
褉芯屑	0.000282	0.040822	0.000012
褉褍斜谢械薪褘泄	0.000564	3.506558	0.001978
褉褍斜褉懈泻邪褌芯褉	0.000282	0.051293	0.000014
褉褍谢械褌	0.003948	0.040822	0.000161
褉褍屑褘薪褋泻懈泄	0.000282	0.116534	0.000033
褉褍屑褟薪褘泄	0.000282	0.116534	0.000033
褉褍薪械褌	0.000282	0.020203	0.000006
褉褍褋褋泻懈泄	0.000282	0.105361	0.000030
褉褘斜邪	0.007896	0.040822	0.000322
褉褘斜薪褘泄	0.003384	0.105361	0.000357
褉褟卸械薪泻邪	0.000282	0.116534	0.000033
褋邪泄褌	0.001974	0.000000	0.000000
褋邪谢邪褌	0.010152	0.040822	0.000414
褋邪谢邪褌薪褘泄	0.000282	0.116534	0.000033
褋邪屑芯谐芯薪	0.000282	0.040822	0.000012
褋邪屑芯褋褌芯褟褌械谢褜薪褘泄	0.000282	2.040221	0.000575
褋邪屑褘泄	0.001128	0.105361	0.000119
褋邪褎	0.000846	0.116534	0.000099
褋邪褎褋械屑邪	0.000282	0.116534	0.000033
褋邪褏邪褉	0.001692	0.105361	0.000178
褋斜懈褌械薪褜	0.000282	0.040822	0.000012
褋胁械卸械褋褌褜	0.000282	0.105361	0.000030
褋胁械泻芯谢褜薪懈泻	0.000564	0.040822	0.000023
褋胁械泻褉芯胁褜	0.000564	2.813411	0.001587
褋胁械褌	0.001128	0.116534	0.000131
褋胁械褌邪	0.001128	0.116534	0.000131
褋胁懈薪懈薪	0.001128	0.116534	0.000131
褋胁懈薪懈薪邪	0.000282	0.040822	0.000012
褋胁褢泻谢邪	0.001410	0.040822	0.000058
褋谐褍褖褢薪泻邪	0.000282	0.040822	0.000012
褋写械谢邪褌褜	0.000846	0.733969	0.000621
褋械谐芯写薪褟	0.000282	0.843970	0.000238
褋械蟹芯薪	0.000564	0.116534	0.000066
褋械泄褔邪褋	0.000846	0.030459	0.000026
褋械泻褉械褌	0.000564	0.116534	0.000066
褋械谢褜写褜	0.002820	2.040221	0.005754
褋械谢褢写泻邪	0.000564	0.040822	0.000023
褋械谢褢写芯褔泻邪	0.000282	3.912023	0.001103
褋械屑械泄薪褘泄	0.000564	0.116534	0.000066
褋械屑褜褟	0.000564	0.116534	0.000066
褋懈写褉	0.000282	0.040822	0.000012
褋懈褉懈泄褋泻懈泄	0.000282	0.116534	0.000033
褋懈褉芯锌	0.000564	0.040822	0.000023
褋懈褋褌械屑邪	0.000282	0.040822	0.000012
褋懈褌懈	0.000282	0.127833	0.000036
褋泻邪蟹邪褌褜	0.000846	0.400478	0.000339
褋泻邪蟹泻邪	0.000282	0.116534	0.000033
褋泻芯胁芯褉芯写泻邪	0.000282	1.660731	0.000468
褋泻芯褉芯	0.000564	2.813411	0.001587
褋谢邪写泻懈泄	0.006486	0.040822	0.000265
褋谢邪写泻芯	0.000282	0.116534	0.000033
褋谢械写懈褌褜	0.000282	2.120264	0.000598
褋谢懈胁芯褔薪褘泄	0.005076	0.105361	0.000535
褋谢懈褕泻芯屑	0.000282	2.120264	0.000598
褋谢芯泄泻邪	0.000564	0.040822	0.000023
褋谢芯褢薪褘泄	0.000846	0.116534	0.000099
褋屑械褌邪薪邪	0.000846	0.105361	0.000089
褋屑械褕邪薪薪褘泄	0.000282	0.116534	0.000033
褋屑械褕邪褌褜	0.000282	2.407946	0.000679
褋屑芯褔褜	0.000564	0.040822	0.000023
褋屑褍蟹懈	0.000846	0.040822	0.000035
褋薪邪褔邪谢邪	0.000282	2.120264	0.000598
褋薪褝泻	0.000282	0.116534	0.000033
褋薪褟褌懈械	0.000282	3.506558	0.000989
褋芯斜懈褉邪褌褜褋褟	0.000282	0.040822	0.000012
褋芯斜褉邪褌褜	0.000282	3.912023	0.001103
褋芯胁械褉褕械薪褋褌胁芯	0.001410	0.116534	0.000164
褋芯胁械褌	0.000282	0.040822	0.000012
褋芯胁械褌芯胁邪褌褜	0.000282	1.139434	0.000321
褋芯胁屑械褋褌懈褌褜	0.000282	2.995732	0.000845
褋芯胁褉械屑械薪薪褘泄	0.000282	3.218876	0.000908
褋芯谐谢邪褕邪褌褜褋褟	0.000282	0.040822	0.000012
褋芯蟹写邪胁邪褌褜	0.000282	0.105361	0.000030
褋芯蟹写邪薪懈械	0.000564	0.261365	0.000147
褋芯泻	0.001128	0.040822	0.000046
褋芯谢械薪懈械	0.000564	0.116534	0.000066
褋芯谢薪械褔薪褘泄	0.000282	0.116534	0.000033
褋芯谢褜	0.004512	0.127833	0.000577
褋芯谢褟薪泻邪	0.000564	0.040822	0.000023
褋芯谢褢薪褘泄	0.000846	0.116534	0.000099
褋芯屑薪械薪懈械	0.000282	3.218876	0.000908
褋芯褉褌懈褉芯胁邪褌褜	0.000282	0.248461	0.000070
褋芯褋褌邪胁	0.000564	1.347074	0.000760
褋芯褋褌邪胁懈褌褜	0.000282	0.116534	0.000033
褋芯褋褌邪胁谢褟褌褜	0.000282	2.525729	0.000712
褋芯褋褌芯褟褌褜	0.000282	2.525729	0.000712
褋芯褍褋	0.004794	0.040822	0.000196
褋芯褏褉邪薪褟褌褜	0.000282	0.040822	0.000012
褋芯褑褋械褌褜	0.000282	0.040822	0.000012
褋芯褔械褌邪薪懈械	0.000282	0.105361	0.000030
褋芯褔薪褘泄	0.000846	0.116534	0.000099
褋芯褞蟹	0.000282	3.506558	0.000989
褋锌邪谢褜薪褟	0.000282	0.415515	0.000117
褋锌邪褋褌懈	0.000282	3.912023	0.001103
褋锌械褌褜	0.000282	0.116534	0.000033
褋锌械褑懈邪谢褜薪褘泄	0.000282	0.094311	0.000027
褋锌械褑懈褟	0.000846	0.094311	0.000080
褋锌械褑锌褉芯械泻褌	0.009306	0.116534	0.001084
褋锌懈褋芯泻	0.000282	0.116534	0.000033
褋锌芯褋芯斜	0.000282	0.891598	0.000251
褋褉械写懈蟹械屑薪芯屑芯褉褋泻懈泄	0.000282	0.127833	0.000036
褋褋褋褉	0.000282	3.218876	0.000908
褋褌邪泻邪薪	0.000282	3.218876	0.000908
褋褌邪褉褘泄	0.000564	0.261365	0.000147
褋褌邪褌褜褟	0.000282	0.061875	0.000017
褋褌懈谢褜	0.000846	0.116534	0.000099
褋褌芯谢	0.002820	0.105361	0.000297
褋褌芯谢褜泻芯	0.000282	2.040221	0.000575
褋褌芯褟褌褜	0.000282	2.207275	0.000622
褋褌褉芯懈褌械谢褜褋褌胁芯	0.000564	0.040822	0.000023
褋褌褉芯懈褌褜	0.000282	0.040822	0.000012
褋褌褉芯泄薪褘泄	0.000282	0.116534	0.000033
褋褍斜锌褉芯写褍泻褌	0.002820	0.116534	0.000329
褋褍锌	0.005358	0.040822	0.000219
褋褍褎谢械	0.000846	0.040822	0.000035
褋褍褏邪褉懈泻	0.000564	2.525729	0.001425
褋褍褏邪褉褜	0.000282	0.040822	0.000012
褋褍褏芯胁邪褌芯	0.000282	3.506558	0.000989
褋褍褕懈褌褜	0.000564	0.040822	0.000023
褋褗械褋褌褜	0.000282	1.469676	0.000414
褋褘褉	0.008460	0.040822	0.000345
褋褘褉薪懈泻	0.000846	0.040822	0.000035
褋褘褉薪褘泄	0.001692	0.040822	0.000069
褋褘褌薪褘泄	0.000846	0.105361	0.000089
褋褘褔褍卸薪褘泄	0.000282	0.127833	0.000036
褋褝薪写胁懈褔	0.000282	0.127833	0.000036
褋褞褉锌褉懈蟹	0.000282	0.116534	0.000033
褋褢屑谐邪	0.000846	0.040822	0.000035
褌邪写卸懈泻褋泻懈泄	0.000282	0.116534	0.000033
褌邪泄褋泻懈泄	0.000282	0.116534	0.000033
褌邪泻懈	0.000282	1.237874	0.000349
褌邪褉褌	0.000282	0.116534	0.000033
褌邪褉褌邪谢械褌泻邪	0.000564	0.040822	0.000023
褌邪褌邪褉褋泻懈泄	0.000282	0.116534	0.000033
褌邪褌芯	0.000282	3.912023	0.001103
褌胁芯泄	0.000564	0.116534	0.000066
褌胁芯褉懈褌褜	0.000282	0.116534	0.000033
褌胁芯褉芯谐	0.000846	0.040822	0.000035
褌胁芯褉芯卸薪褘泄	0.001128	0.094311	0.000106
褌胁褢褉写褘泄	0.003384	0.544727	0.001843
褌械谢械谐褉邪屑	0.000282	0.040822	0.000012
褌械谢褟褌懈薪邪	0.001128	0.116534	0.000131
褌械锌谢芯	0.000282	0.116534	0.000033
褌械褉褉邪褋邪	0.000282	0.776529	0.000219
褌械褉褉懈薪邪	0.000282	0.040822	0.000012
褌械褋褌	0.002820	0.105361	0.000297
褌械褋褌芯	0.002538	0.040822	0.000104
褌械褏薪懈泻邪	0.001410	0.105361	0.000149
褌械褏薪芯谢芯谐懈褟	0.000282	2.207275	0.000622
褌屑	0.001128	0.127833	0.000144
褌芯锌谢褢薪褘泄	0.000282	0.116534	0.000033
褌芯褉卸械褋褌胁械薪薪褘泄	0.000282	3.912023	0.001103
褌芯褉褌	0.006768	0.040822	0.000276
褌褉邪胁邪	0.000282	0.094311	0.000027
褌褉邪写懈褑懈褟	0.001692	0.116534	0.000197
褌褉械斜芯胁邪褌褜	0.000282	2.120264	0.000598
褌褉褍斜芯褔泻邪	0.000282	0.040822	0.000012
褌褉褍写薪芯	0.000282	2.040221	0.000575
褌褉褢褏谢械褌懈械	0.000282	0.116534	0.000033
褌褍薪械褑	0.000282	0.105361	0.000030
褌褍薪懈褋褋泻懈泄	0.000282	0.116534	0.000033
褌褍褉械褑泻懈泄	0.000282	0.116534	0.000033
褌褘泻胁邪	0.000282	0.040822	0.000012
褌褢褖懈薪	0.000282	0.040822	0.000012
褍斜械写懈褌褜褋褟	0.000282	1.966113	0.000554
褍胁械写芯屑谢械薪懈械	0.000282	0.040822	0.000012
褍胁懈写械褌褜	0.000282	1.203973	0.000340
褍谐芯写薪褘泄	0.000282	2.995732	0.000845
褍写邪褔薪褘泄	0.000282	0.116534	0.000033
褍写懈胁懈褌褜	0.000846	0.116534	0.000099
褍写懈胁懈褌褜褋褟	0.000282	3.218876	0.000908
褍写懈胁谢褟褌褜	0.001128	0.116534	0.000131
褍写芯胁谢械褌胁芯褉懈褌褜	0.000282	3.218876	0.000908
褍写芯胁芯谢褜褋褌胁懈械	0.000282	0.116534	0.000033
褍卸	0.000282	0.693147	0.000195
褍卸懈薪	0.001974	0.094311	0.000186
褍蟹斜械泻褋泻懈泄	0.000282	0.116534	0.000033
褍泻褉邪懈薪褋泻懈泄	0.000282	0.116534	0.000033
褍泻褉邪褋懈褌褜	0.000282	1.514128	0.000427
褍泻褉邪褕械薪懈械	0.002538	0.116534	0.000296
褍泻褉芯锌	0.001692	0.562119	0.000951
褍泻褋褍褋	0.000564	0.562119	0.000317
褍锌芯褌褉械斜谢械薪懈械	0.000282	0.116534	0.000033
褍褉邪谢褜褋泻懈泄	0.000282	0.116534	0.000033
褍褉芯卸邪泄	0.000282	0.105361	0.000030
褍褋懈谢懈械	0.000282	2.813411	0.000793
褍褌泻邪	0.000846	0.116534	0.000099
褍褏芯	0.000282	0.040822	0.000012
褍褔邪褋褌胁芯胁邪褌褜	0.000282	0.040822	0.000012
褍褔懈褌褜褋褟	0.000282	3.218876	0.000908
褎邪蟹械薪写邪	0.000282	0.116534	0.000033
褎邪薪褌邪蟹懈褟	0.002538	0.116534	0.000296
褎邪薪褌邪褋褌懈褔械褋泻懈	0.000282	3.218876	0.000908
褎邪褉褕	0.007614	0.040822	0.000311
褎邪褉褕懈褉芯胁邪薪薪褘泄	0.001974	0.040822	0.000081
褎邪褋芯谢褜	0.000282	0.040822	0.000012
褎械胁褉邪谢褜	0.000564	0.094311	0.000053
褎械泄械褉胁械褉泻	0.000564	0.116534	0.000066
褎懈谐褍褉邪	0.000564	0.116534	0.000066
褎懈谢械	0.000564	0.916291	0.000517
褎懈薪褋泻懈泄	0.000282	0.116534	0.000033
褎懈褉屑械薪薪褘泄	0.000282	0.116534	0.000033
褎芯泻邪褔褔邪	0.000282	2.995732	0.000845
褎芯薪写褞	0.000282	0.040822	0.000012
褎芯褉屑邪	0.000282	0.105361	0.000030
褎芯褉褍屑	0.000564	0.040822	0.000023
褎芯褉褕屑邪泻	0.000846	0.040822	0.000035
褎褉邪薪褑懈褟	0.000282	0.116534	0.000033
褎褉邪薪褑褍蟹褋泻懈泄	0.000564	0.094311	0.000053
褎褉邪褍	0.001128	0.116534	0.000131
褎褉械泄屑	0.000282	3.218876	0.000908
褎褉褍泻褌	0.001128	0.116534	0.000131
褎褉褍泻褌芯胁褘泄	0.002256	0.040822	0.000092
褎褍写	0.000282	0.116534	0.000033
褎褍褉褕械褌	0.000282	0.116534	0.000033
褏邪谢胁邪	0.000282	0.040822	0.000012
褏邪褉胁械褋褌褎械褋褌	0.000564	0.116534	0.000066
褏邪褉褔芯	0.000564	0.040822	0.000023
褏邪褕	0.000282	0.040822	0.000012
褏胁芯褉芯褋褌	0.000282	0.040822	0.000012
褏懈薪泻邪谢懈	0.000282	0.116534	0.000033
褏懈褌	0.001974	0.116534	0.000230
褏谢械斜	0.013536	0.040822	0.000553
褏谢械斜薪褘泄	0.000282	3.506558	0.000989
褏谢械斜芯锌械褔泻邪	0.000282	0.116534	0.000033
褏谢芯锌褜褟	0.000564	0.094311	0.000053
褏芯蟹褟泄泻邪	0.000282	0.116534	0.000033
褏芯谢芯写械褑	0.000282	0.040822	0.000012
褏芯谢芯写薪芯械	0.000564	0.116534	0.000066
褏芯谢芯写薪褘泄	0.000846	0.116534	0.000099
褏芯褉胁邪褌褋泻懈泄	0.000282	0.116534	0.000033
褏芯褉芯褕懈泄	0.001128	0.040822	0.000046
褏芯褉芯褕芯	0.001410	0.105361	0.000149
褏芯褉褋	0.000282	0.116534	0.000033
褏芯褌械褌褜	0.001128	0.000000	0.000000
褏褉械薪	0.000564	2.995732	0.001690
褏褉褍褋褌械褌褜	0.000282	0.713350	0.000201
褏褍屑褍褋邪	0.000282	0.040822	0.000012
褑邪褉褋褌胁芯	0.000282	0.127833	0.000036
褑邪褉褜	0.000282	0.116534	0.000033
褑胁械褌薪芯泄	0.000282	0.040822	0.000012
褑械写褉邪	0.000564	1.832581	0.001034
褑械谢褘泄	0.000282	1.714798	0.000484
褑械薪薪褘泄	0.000282	0.040822	0.000012
褑械薪褌褉	0.000282	0.116534	0.000033
褔邪械屑褘泄	0.000282	0.116534	0.000033
褔邪泄	0.000846	0.040822	0.000035
褔邪褋	0.000282	1.139434	0.000321
褔邪褋褌芯	0.000282	0.994252	0.000280
褔邪褋褌褘泄	0.000282	2.659260	0.000750
褔械斜褍褉械泻	0.000564	0.040822	0.000023
褔械谢芯胁械泻	0.000282	0.916291	0.000258
褔械屑	0.000282	0.994252	0.000280
褔械褉泻懈蟹芯胁褘泄	0.000564	0.116534	0.000066
褔械褋薪芯泻	0.002820	0.314711	0.000888
褔械褋薪芯褔薪褘泄	0.000282	1.427116	0.000402
褔械褋褌薪芯泄	0.000282	0.040822	0.000012
褔械褔械胁懈褑邪	0.000282	0.040822	0.000012
褔械褕褋泻懈泄	0.000282	0.116534	0.000033
褔懈邪斜邪褌褌邪	0.000282	3.506558	0.000989
褔懈蟹泻械泄泻	0.001128	0.040822	0.000046
褔懈谢懈泄褋泻懈泄	0.000282	0.116534	0.000033
褔懈锌褋褘	0.000282	0.040822	0.000012
褔懈褋谢芯	0.000282	0.235722	0.000066
褔褍写芯	0.000564	0.116534	0.000066
褔褍屑芯胁芯泄	0.000282	3.912023	0.001103
褔褢褉薪褘泄	0.002820	0.356675	0.001006
褔褢褉褋褌胁褘泄	0.000282	3.912023	0.001103
褕邪褉懈泻	0.000282	0.040822	0.000012
褕邪褉谢芯褌泻邪	0.000564	0.040822	0.000023
褕邪褉屑	0.000282	0.116534	0.000033
褕邪褕谢褘泻	0.003666	0.040822	0.000150
褕胁械写褋泻懈泄	0.000282	0.116534	0.000033
褕胁械泄褑邪褉褋泻懈泄	0.000282	0.116534	0.000033
褕械写械胁褉	0.000282	0.116534	0.000033
褕械褎	0.000282	0.127833	0.000036
褕懈锌褍褔泻邪	0.000282	0.040822	0.000012
褕懈褉芯泻懈泄	0.000282	0.127833	0.000036
褕泻芯谢邪	0.000282	0.116534	0.000033
褕芯泻芯谢邪写	0.000282	0.040822	0.000012
褕芯褌谢邪薪写褋泻懈泄	0.000282	0.116534	0.000033
褕褌褉褍写械谢褜	0.000282	0.040822	0.000012
褕褍斜邪	0.000846	2.407946	0.002037
褕褍褉锌邪	0.000282	0.040822	0.000012
褖械写褉褘泄	0.000282	0.116534	0.000033
褖懈	0.000564	0.040822	0.000023
褝泻芯屑懈谢泻	0.000282	0.127833	0.000036
褝薪胁褝	0.000282	3.506558	0.000989
褝褉泻械褉	0.000282	2.040221	0.000575
褝褋褌芯薪褋泻懈泄	0.000282	0.116534	0.000033
褞谐芯褋谢邪胁褋泻懈泄	0.000282	0.116534	0.000033
褟斜谢芯泻芯	0.000846	1.237874	0.001047
褟谐芯写薪褘泄	0.001128	0.105361	0.000119
褟蟹褘泻	0.000282	0.040822	0.000012
褟泄褑芯	0.005640	0.040822	0.000230
褟薪写械泻褋	0.000282	0.072571	0.000020
褟锌芯薪褋泻懈泄	0.000564	0.051293	0.000029
褟褉泻懈泄	0.000282	0.116534	0.000033
褟褉泻芯	0.000282	0.105361	0.000030
