谢械屑屑邪	TF	IDF	TF-IDF
邪斜褋芯谢褞褌薪芯	0.000302	1.832581	0.000554
邪斜褏邪蟹褋泻懈泄	0.000302	0.116534	0.000035
邪胁褋褌褉邪谢懈泄褋泻懈泄	0.000302	0.116534	0.000035
邪胁褋褌褉懈泄褋泻懈泄	0.000302	0.116534	0.000035
邪胁褌芯泻谢邪胁	0.000302	0.116534	0.000035
邪胁褌芯褉	0.001813	0.040822	0.000074
邪谐褉芯	0.000302	0.116534	0.000035
邪写卸懈泻邪	0.000302	0.040822	0.000012
邪蟹	0.000302	0.127833	0.000039
邪蟹械褉斜邪泄写卸邪薪褋泻懈泄	0.000302	0.116534	0.000035
邪蟹懈邪褌褋泻懈泄	0.000302	0.127833	0.000039
邪泄褉邪薪	0.000302	0.040822	0.000012
邪泻胁邪褌懈泻	0.000907	0.127833	0.000116
邪谢械泻褋械泄	0.000302	0.127833	0.000039
邪谢懈褋邪	0.000302	4.605170	0.001392
邪谢泻芯谐芯谢褜	0.000907	0.116534	0.000106
邪谢泻芯谐芯谢褜薪褘泄	0.000302	0.116534	0.000035
邪谢褜褟薪褋	0.000302	0.116534	0.000035
邪屑械褉懈泻邪薪褋泻懈泄	0.000302	0.116534	0.000035
邪薪谐谢懈泄褋泻懈	0.000302	3.912023	0.001182
邪薪谐谢懈泄褋泻懈泄	0.000302	0.116534	0.000035
邪薪写褉械泄	0.000302	0.127833	0.000039
邪褉邪斜褋泻懈泄	0.000302	0.116534	0.000035
邪褉谐械薪褌懈薪褋泻懈泄	0.000302	0.116534	0.000035
邪褉屑褟薪褋泻懈泄	0.000302	0.116534	0.000035
邪褉芯屑邪褌懈蟹邪褌芯褉	0.000302	3.912023	0.001182
邪褉芯屑邪褌懈蟹懈褉芯胁邪薪薪褘泄	0.000302	4.605170	0.001392
邪褉芯屑邪褌薪褘泄	0.000302	0.693147	0.000209
邪褋褋芯褉褌懈	0.000604	0.116534	0.000070
邪褌邪斜邪褋泻邪	0.000302	3.912023	0.001182
邪褌谢邪薪褌	0.000302	0.116534	0.000035
邪褎谐邪薪褋泻懈泄	0.000302	0.116534	0.000035
邪褎褉懈泻邪薪褋泻懈泄	0.000302	0.116534	0.000035
邪褝褉芯谐褉懈谢褜	0.003022	0.116534	0.000352
斜邪斜褍褕泻邪	0.000302	2.207275	0.000667
斜邪泻谢邪卸邪薪	0.000302	0.040822	0.000012
斜邪谢褌泻芯屑邪	0.000302	0.127833	0.000039
斜邪褉邪薪懈薪邪	0.001209	0.116534	0.000141
斜邪褋屑邪褌懈	0.000604	0.127833	0.000077
斜邪褋褌褍褉屑	0.000302	0.040822	0.000012
斜邪褋褌褍褉屑邪	0.000302	0.040822	0.000012
斜邪褌芯薪褔懈泻	0.000302	0.127833	0.000039
斜邪褕泻懈褉褋泻懈泄	0.000302	0.116534	0.000035
斜械写褉芯	0.006649	2.302585	0.015309
斜械蟹邪谢泻芯谐芯谢褜薪褘泄	0.000302	0.116534	0.000035
斜械蟹谐谢褞褌械薪芯胁芯械	0.000302	0.116534	0.000035
斜械蟹械	0.001209	0.040822	0.000049
斜械谢械斜械械胁褋泻懈泄	0.000604	0.116534	0.000070
斜械谢泻邪	0.000907	2.120264	0.001922
斜械谢芯褉褍褋褋泻懈泄	0.000302	0.116534	0.000035
斜械谢褜谐懈泄褋泻懈泄	0.000302	0.116534	0.000035
斜械褉械屑械薪薪邪褟	0.000302	0.116534	0.000035
斜械褋械写懈薪	0.000302	0.127833	0.000039
斜懈褋泻胁懈褌	0.000604	0.040822	0.000025
斜懈褋泻胁懈褌薪褘泄	0.000907	0.105361	0.000096
斜谢懈蟹泻懈泄	0.000604	0.116534	0.000070
斜谢懈薪	0.001813	0.040822	0.000074
斜谢芯谐	0.000604	2.302585	0.001392
斜谢褞写芯	0.035056	0.040822	0.001431
斜芯斜芯胁褘泄	0.002418	0.116534	0.000282
斜芯谢谐邪褉褋泻懈泄	0.000302	0.116534	0.000035
斜芯谢褜褕芯泄	0.001209	0.094311	0.000114
斜芯褉褖	0.000604	0.040822	0.000025
斜芯褌胁懈薪褜褟	0.000302	0.040822	0.000012
斜褉邪蟹懈谢褜褋泻懈泄	0.000302	0.116534	0.000035
斜褉邪褍蟹械褉	0.000302	0.040822	0.000012
斜褉邪褍薪懈	0.000302	0.040822	0.000012
斜褉械褋褌	0.000302	0.127833	0.000039
斜褉芯泻泻芯谢懈	0.000302	0.040822	0.000012
斜褉褍褋芯褔械泻	0.000302	3.912023	0.001182
斜褍卸械薪懈薪邪	0.000302	0.040822	0.000012
斜褍泻胁邪谢褜薪芯	0.000604	2.407946	0.001455
斜褍谢写褘卸泻邪	0.000302	4.605170	0.001392
斜褍谢芯褔泻邪	0.000907	0.040822	0.000037
斜褍谢褜芯薪	0.003324	0.040822	0.000136
斜褍褉谐械褉	0.000604	0.040822	0.000025
斜褍褉褟褌褋泻懈泄	0.000302	0.116534	0.000035
斜褍褌械褉斜褉芯写	0.001209	0.040822	0.000049
斜褍褕	0.000302	3.506558	0.001060
斜褘褋褌褉芯	0.000604	0.094311	0.000057
斜褘褋褌褉褘泄	0.002115	0.094311	0.000200
胁邪卸薪褘泄	0.000302	0.116534	0.000035
胁邪谢谢懈泄褋泻懈泄	0.000302	0.116534	0.000035
胁邪褉械薪懈械	0.000907	0.040822	0.000037
胁邪褉械薪懈泻	0.000302	0.116534	0.000035
胁邪褌褉褍褕泻邪	0.000302	0.040822	0.000012
胁邪褎谢褟	0.000604	0.040822	0.000025
胁邪褕	0.001209	0.000000	0.000000
胁胁芯写	0.000302	2.302585	0.000696
胁胁芯写懈褌褜	0.000302	0.040822	0.000012
胁写芯褏薪芯胁械薪懈械	0.001813	0.116534	0.000211
胁写芯褏薪芯胁谢褟褌褜褋褟	0.000302	0.116534	0.000035
胁械谐械褌邪褉懈邪薪褋泻懈泄	0.000604	0.116534	0.000070
胁械谢懈泻懈泄	0.000302	0.116534	0.000035
胁械薪谐械褉褋泻懈泄	0.000302	0.116534	0.000035
胁械褉褋懈褟	0.000302	1.897120	0.000573
胁械褉褏芯屑	0.000302	4.605170	0.001392
胁械褋	0.000302	3.506558	0.001060
胁械褋械薪薪懈泄	0.000604	0.051293	0.000031
胁械褋薪邪	0.001813	0.116534	0.000211
胁械褌褔懈薪邪	0.000302	0.094311	0.000029
胁蟹谐谢褟写	0.000302	1.427116	0.000431
胁蟹褟褌褜	0.000604	1.171183	0.000708
胁懈写械芯	0.000604	0.116534	0.000070
胁懈写薪芯	0.000302	3.506558	0.001060
胁懈薪芯	0.000604	0.040822	0.000025
胁泻褍褋	0.005440	0.105361	0.000573
胁泻褍褋薪芯	0.002720	0.094311	0.000257
胁泻褍褋薪褘泄	0.002720	0.061875	0.000168
胁谢褞斜懈褌褜	0.000302	0.116534	0.000035
胁屑械褋褌械	0.000302	0.916291	0.000277
胁薪褍褌褉懈	0.000302	1.469676	0.000444
胁芯胁薪褍褌褉褜	0.000302	4.605170	0.001392
胁芯写邪	0.000302	0.094311	0.000029
胁芯蟹斜褍写懈褌褜	0.000302	4.605170	0.001392
胁芯泄褌懈	0.001209	0.000000	0.000000
胁芯谢芯胁邪薪	0.000302	0.116534	0.000035
胁芯谢褕械斜薪褘泄	0.000302	0.116534	0.000035
胁芯谢褕械斜褋褌胁芯	0.000302	0.116534	0.000035
胁芯锌褉芯褋	0.000907	0.000000	0.000000
胁芯褋锌芯谢褜蟹芯胁邪褌褜褋褟	0.000302	1.832581	0.000554
胁芯褋褌芯褔薪褘泄	0.000302	0.127833	0.000039
胁锌懈褋邪褌褜	0.000302	4.605170	0.001392
胁褉械屑褟	0.002720	0.105361	0.000287
胁褋锌芯屑薪懈褌褜	0.000302	0.040822	0.000012
胁褋褌邪胁泻邪	0.000604	2.407946	0.001455
胁褋褌褍锌邪褌褜	0.000302	2.302585	0.000696
胁褋褟泻懈泄	0.000302	2.120264	0.000641
胁褌芯褉芯械	0.000302	0.116534	0.000035
胁褌芯褉芯泄	0.000302	0.116534	0.000035
胁褏芯写	0.000907	0.030459	0.000028
胁褔械褉邪	0.001813	2.040221	0.003699
胁褘谐谢褟写械褌褜	0.000302	1.469676	0.000444
胁褘写械谢懈褌褜	0.000302	4.605170	0.001392
胁褘泄褌懈	0.000302	0.040822	0.000012
胁褘谢芯卸懈褌褜	0.000604	1.832581	0.001108
胁褘锌械褔泻邪	0.004533	0.040822	0.000185
胁褜械褌薪邪屑褋泻懈泄	0.000302	0.116534	0.000035
谐邪胁邪泄褋泻懈泄	0.000302	0.116534	0.000035
谐邪褉薪懈褉	0.001511	0.040822	0.000062
谐邪褋锌邪褔芯	0.000302	0.040822	0.000012
谐械芯谐褉邪褎懈褟	0.000302	0.116534	0.000035
谐谢邪胁薪褘泄	0.000302	0.040822	0.000012
谐谢邪蟹褍褉褜	0.000907	0.040822	0.000037
谐谢懈薪褌胁械泄薪	0.000302	0.040822	0.000012
谐芯胁褟写懈薪邪	0.001209	0.116534	0.000141
谐芯写	0.002720	0.083382	0.000227
谐芯谢谢邪薪写褋泻懈泄	0.000302	0.116534	0.000035
谐芯褉芯写	0.000302	0.116534	0.000035
谐芯褉芯褏	0.000302	0.116534	0.000035
谐芯褉褔懈褑邪	0.001209	0.040822	0.000049
谐芯褉褕芯泻	0.001209	3.506558	0.004239
谐芯褉褕芯褔械泻	0.000604	0.040822	0.000025
谐芯褉褟褔械械	0.000604	0.116534	0.000070
谐芯褉褟褔懈泄	0.014808	0.105361	0.001560
谐芯褋褌械胁芯泄	0.000302	3.912023	0.001182
谐芯褋褌褜	0.000302	0.116534	0.000035
谐芯褌芯胁懈褌褜	0.004533	0.083382	0.000378
谐芯褌芯胁懈褌褜褋褟	0.000604	0.371064	0.000224
谐芯褌芯胁褘泄	0.000302	0.755023	0.000228
谐褉械薪泻邪	0.000604	0.040822	0.000025
谐褉械褔械褋泻懈泄	0.000302	0.116534	0.000035
谐褉械褔泻邪	0.000302	0.040822	0.000012
谐褉懈斜	0.003022	0.040822	0.000123
谐褉懈斜薪芯泄	0.000604	0.040822	0.000025
谐褉懈谢褜	0.003022	0.105361	0.000318
谐褉懈谢褜屑邪薪懈褟	0.000302	0.116534	0.000035
谐褉芯谐	0.000302	0.040822	0.000012
谐褉褍写泻邪	0.000302	0.967584	0.000292
谐褉褍蟹懈薪褋泻懈泄	0.000302	0.116534	0.000035
谐褉褍锌锌邪	0.000907	0.061875	0.000056
谐褍褉屑	0.000302	0.127833	0.000039
谐褍褉屑邪薪懈褟	0.001813	0.116534	0.000211
谐褍褋褜	0.000604	0.105361	0.000064
写邪胁邪褌褜	0.000302	0.040822	0.000012
写邪胁薪芯	0.000302	0.967584	0.000292
写邪薪薪褘械	0.000302	0.040822	0.000012
写邪褉	0.000302	0.116534	0.000035
写邪褌褋泻懈泄	0.000302	0.116534	0.000035
写邪褌褜	0.000302	0.040822	0.000012
写邪褔薪褘泄	0.000907	0.116534	0.000106
写胁邪	0.000604	0.967584	0.000585
写械泄褋褌胁懈褌械谢褜薪芯	0.000302	1.832581	0.000554
写械泻芯褉	0.000302	0.127833	0.000039
写械谢邪褌褜	0.000604	0.083382	0.000050
写械谢懈褌褜褋褟	0.000302	0.040822	0.000012
写械谢芯	0.001813	0.105361	0.000191
写械薪褜	0.003022	0.040822	0.000123
写械褋械褉褌	0.005138	0.040822	0.000210
写械褋械褉褌邪褑懈褟	0.000302	0.116534	0.000035
写械褋械褉褌薪褘泄	0.000302	0.116534	0.000035
写械褋褟褌褜	0.001511	2.040221	0.003083
写械褌懈褕泻懈	0.000302	3.506558	0.001060
写卸械屑	0.000302	0.040822	0.000012
写卸械屑邪	0.000302	0.040822	0.000012
写蟹械薪	0.000302	0.116534	0.000035
写懈胁邪薪	0.001209	3.506558	0.004239
写懈械褌邪	0.000604	0.094311	0.000057
写懈泻懈泄	0.000907	0.116534	0.000106
写懈锌	0.000302	0.116534	0.000035
写懈褔褜	0.000907	0.116534	0.000106
写薪械胁薪懈泻	0.000302	0.061875	0.000019
写芯斜邪胁懈褌褜	0.000302	0.083382	0.000025
写芯斜邪胁谢褟褌褜	0.000604	0.040822	0.000025
写芯斜褉芯褎谢芯褌	0.000302	0.127833	0.000039
写芯胁械褉褟褌褜	0.000302	0.116534	0.000035
写芯谢谐懈泄	0.000302	1.609438	0.000486
写芯屑	0.003022	0.040822	0.000123
写芯屑邪褕薪懈泄	0.003626	0.040822	0.000148
写芯褉芯谐芯泄	0.000302	1.139434	0.000344
写芯褋褌邪褌芯褔薪芯	0.000302	2.040221	0.000617
写褉邪泄胁	0.001511	0.127833	0.000193
写褉芯卸卸械胁芯泄	0.000302	0.116534	0.000035
写褉褍谐	0.000907	0.544727	0.000494
写褍屑邪褌褜	0.000302	0.634878	0.000192
写褍褉邪	0.000302	4.605170	0.001392
写褍褏芯胁泻邪	0.006346	0.105361	0.000669
写褍褕邪	0.000907	0.105361	0.000096
械胁褉械泄褋泻懈泄	0.000302	0.116534	0.000035
械谐懈锌械褌褋泻懈泄	0.000302	0.116534	0.000035
械写邪	0.001209	2.120264	0.002563
械写懈薪褘泄	0.000302	0.000000	0.000000
械泻芯	0.000302	0.127833	0.000039
卸邪褉泻芯械	0.000302	0.040822	0.000012
卸械谢械	0.000907	0.040822	0.000037
卸械薪褋泻懈泄	0.000604	0.020203	0.000012
卸械薪褖懈薪邪	0.000604	0.061875	0.000037
卸懈蟹薪褜	0.000604	0.040822	0.000025
卸懈褉	0.001511	1.897120	0.002867
卸褍谢褜械薪	0.000302	0.040822	0.000012
卸褍褉薪邪谢	0.000302	0.072571	0.000022
卸褞谢褜械薪	0.000302	0.040822	0.000012
卸褞谢褜薪褘泄	0.000302	0.040822	0.000012
蟹邪斜懈褉邪褌褜	0.000302	2.995732	0.000905
蟹邪胁邪褉薪芯泄	0.000604	0.116534	0.000070
蟹邪胁褌褉邪泻	0.002418	0.094311	0.000228
蟹邪谐芯褌芯胁泻邪	0.001209	0.040822	0.000049
蟹邪写邪胁邪褌褜	0.000302	0.040822	0.000012
蟹邪泻胁邪褋泻邪	0.000907	0.040822	0.000037
蟹邪泻褉褘褌褘泄	0.000302	0.116534	0.000035
蟹邪泻褍褋泻邪	0.006346	0.040822	0.000259
蟹邪泻褍褋芯薪褔懈泻	0.000302	0.116534	0.000035
蟹邪泻褍褋芯褔泻邪	0.000302	0.116534	0.000035
蟹邪泻褍褋芯褔薪邪褟	0.003022	0.116534	0.000352
蟹邪谢懈胁泻邪	0.000302	2.525729	0.000763
蟹邪谢懈胁薪芯械	0.000604	0.040822	0.000025
蟹邪屑械褋懈褌褜	0.001209	3.218876	0.003891
蟹邪屑械褕邪褌褜	0.000302	4.605170	0.001392
蟹邪屑芯褉芯蟹泻邪	0.000302	0.105361	0.000032
蟹邪薪懈屑邪褌褜褋褟	0.001209	2.995732	0.003621
蟹邪锌邪写	0.000302	0.116534	0.000035
蟹邪锌邪褏	0.000302	2.207275	0.000667
蟹邪锌械泻邪薪懈械	0.000302	1.514128	0.000458
蟹邪锌械泻邪薪泻邪	0.003324	0.040822	0.000136
蟹邪锌械泻邪褌褜	0.000302	2.659260	0.000804
蟹邪锌械泻邪褌褜褋褟	0.001209	2.407946	0.002911
蟹邪锌懈褋褜	0.000302	1.897120	0.000573
蟹邪锌褉邪胁泻邪	0.000604	0.040822	0.000025
蟹邪褉械谐懈褋褌褉懈褉芯胁邪褌褜	0.000302	1.897120	0.000573
蟹邪褉械谐懈褋褌褉懈褉芯胁邪褌褜褋褟	0.000907	0.030459	0.000028
蟹邪褋芯谢泻邪	0.000302	0.116534	0.000035
蟹邪褌褟薪褍褌褜	0.000302	4.605170	0.001392
蟹邪褔懈褋褌懈褌褜	0.000302	3.912023	0.001182
蟹邪褟褑	0.000604	0.116534	0.000070
蟹胁邪薪褘泄	0.000302	0.127833	0.000039
蟹胁械蟹写邪	0.000302	0.116534	0.000035
蟹胁褢蟹写薪褘泄	0.000302	0.116534	0.000035
蟹写芯褉芯胁褘泄	0.000604	0.116534	0.000070
蟹写芯褉芯胁褜械	0.000302	1.897120	0.000573
蟹械谢械薪褜	0.000302	0.094311	0.000029
蟹械褎懈褉	0.000302	0.040822	0.000012
蟹懈屑邪	0.001209	0.040822	0.000049
蟹懈屑薪懈泄	0.000302	0.051293	0.000016
蟹薪邪褌褜	0.000907	0.462035	0.000419
蟹芯谢芯褌芯泄	0.000302	0.116534	0.000035
懈胁邪薪	0.002418	2.407946	0.005822
懈胁邪薪芯胁	0.000302	0.127833	0.000039
懈胁邪薪芯胁懈褔	0.002418	2.525729	0.006106
懈写械邪谢褜薪褘泄	0.002115	0.116534	0.000247
懈写械泄泻邪	0.000302	0.116534	0.000035
懈蟹胁械褋褌薪褘泄	0.000302	1.049822	0.000317
懈蟹胁懈薪懈褌褜	0.000302	4.605170	0.001392
懈蟹写械谢懈械	0.001813	0.116534	0.000211
懈泻褉邪	0.000907	0.040822	0.000037
懈屑械褌褜	0.000302	1.171183	0.000354
懈屑褟	0.000302	0.030459	0.000009
懈薪胁械褉褌芯褉薪褘泄	0.000302	0.127833	0.000039
懈薪谐褉械写懈械薪褌	0.001209	0.139262	0.000168
懈薪写械泄泻邪	0.001813	0.094311	0.000171
懈薪写懈泄褋泻懈泄	0.000302	0.116534	0.000035
懈薪写懈谢邪泄褌邪	0.000907	0.116534	0.000106
懈薪写懈褉械褋薪褘泄	0.000302	0.116534	0.000035
懈薪褋褌褉褍泻褑懈褟	0.000302	0.030459	0.000009
懈褉邪泻褋泻懈泄	0.000302	0.116534	0.000035
懈褉邪薪褋泻懈泄	0.000302	0.116534	0.000035
懈褉卸泻邪	0.000302	3.912023	0.001182
懈褉谢邪薪写褋泻懈泄	0.000302	0.116534	0.000035
懈褉褍褕械薪械泻	0.000302	2.525729	0.000763
懈褋泻褉械薪薪械	0.000302	0.116534	0.000035
懈褋谢邪薪写褋泻懈泄	0.000302	0.116534	0.000035
懈褋锌邪薪褋泻懈泄	0.000302	0.116534	0.000035
懈褋锌械褔褜	0.000302	0.105361	0.000032
懈褋锌芯谢褜蟹芯胁邪褌褜	0.000604	1.171183	0.000708
懈褋锌芯谢褜蟹芯胁邪褌褜褋褟	0.000604	1.714798	0.001036
懈褋褌械泻邪褌褜	0.000302	4.605170	0.001392
懈褋褌芯褉懈褟	0.001813	0.116534	0.000211
懈褋褏芯写懈褌褜	0.000302	2.995732	0.000905
懈褌邪谢懈褟	0.000604	0.105361	0.000064
懈褌邪谢褜褟薪褋泻	0.000302	3.218876	0.000973
懈褌邪谢褜褟薪褋泻懈泄	0.000302	0.105361	0.000032
泄芯谐褍褉褌	0.006951	0.040822	0.000284
泻邪斜邪褔芯泻	0.000302	0.040822	0.000012
泻邪胁泻邪蟹褋泻懈泄	0.000302	0.116534	0.000035
泻邪蟹邪薪	0.000604	0.116534	0.000070
泻邪蟹邪褌褜褋褟	0.000302	1.139434	0.000344
泻邪蟹邪褏褋泻懈泄	0.000302	0.116534	0.000035
泻邪泻邪芯	0.000604	0.040822	0.000025
泻邪谢械泄写芯褋泻芯锌	0.001209	0.116534	0.000141
泻邪谢屑褘褑泻懈泄	0.000302	0.116534	0.000035
泻邪谢褜屑邪褉	0.000302	0.040822	0.000012
泻邪屑械褉邪	0.000302	0.116534	0.000035
泻邪薪邪写褋泻懈泄	0.000302	0.116534	0.000035
泻邪薪邪谢	0.000907	0.040822	0.000037
泻邪薪邪锌械	0.000604	0.040822	0.000025
泻邪锌褍褋褌邪	0.000907	0.040822	0.000037
泻邪锌褍褋褌薪褟泻	0.000302	0.040822	0.000012
泻邪褉邪屑械谢褜	0.000302	0.040822	0.000012
泻邪褉泻邪褋薪褘泄	0.001209	0.116534	0.000141
泻邪褉褌懈薪泻邪	0.000302	3.218876	0.000973
泻邪褉褌芯褎械谢褜	0.001813	0.040822	0.000074
泻邪褉褌芯褎械谢褜薪褘泄	0.000907	0.040822	0.000037
泻邪褉褌芯褕泻邪	0.007253	0.040822	0.000296
泻邪褌械谐芯褉懈褟	0.001209	0.116534	0.000141
泻邪褔械褋褌胁芯	0.000302	0.105361	0.000032
泻邪褕邪	0.002115	0.040822	0.000086
泻胁邪褋	0.001209	0.040822	0.000049
泻胁邪褋薪芯泄	0.000907	0.116534	0.000106
泻械泻褋	0.000907	0.040822	0.000037
泻械薪褌褍泻泻	0.000302	4.605170	0.001392
泻械褎懈褉	0.001209	0.040822	0.000049
泻懈屑褔邪褌褜	0.000302	0.040822	0.000012
泻懈薪芯邪	0.000604	0.127833	0.000077
泻懈薪芯谢械薪褌邪	0.000302	0.116534	0.000035
泻懈褋械谢褜	0.000604	0.040822	0.000025
泻懈褋谢芯胁邪褌褘泄	0.000302	3.912023	0.001182
泻懈褌邪泄褋泻懈泄	0.000302	0.116534	0.000035
泻泻	0.000302	3.506558	0.001060
泻泻邪谢	0.001813	2.302585	0.004175
泻谢邪褋褋	0.002720	0.116534	0.000317
泻谢邪褋褌褜	0.000302	3.912023	0.001182
泻谢褟褉	0.000302	2.302585	0.000696
泻薪懈谐邪	0.000302	0.040822	0.000012
泻薪芯锌泻邪	0.001209	3.506558	0.004239
泻芯写	0.001511	2.407946	0.003638
泻芯泻褌械泄谢褜	0.001813	0.040822	0.000074
泻芯谢斜邪褋邪	0.000302	0.040822	0.000012
泻芯谢斜邪褋薪褘泄	0.000907	0.116534	0.000106
泻芯谢懈褔械褋褌胁芯	0.000302	1.386294	0.000419
泻芯屑邪薪写邪	0.000604	0.127833	0.000077
泻芯屑懈	0.000302	0.116534	0.000035
泻芯屑屑械薪褌邪褉懈泄	0.001511	0.127833	0.000193
泻芯屑锌邪薪懈褟	0.000302	0.105361	0.000032
泻芯屑锌芯褌	0.000907	0.040822	0.000037
泻芯薪械褔薪芯	0.001511	0.527633	0.000797
泻芯薪懈薪邪	0.000302	0.116534	0.000035
泻芯薪泻褍褉褋	0.065277	0.040822	0.002665
泻芯薪泻褍褉褋薪褘泄	0.000302	0.127833	0.000039
泻芯薪褋械褉胁懈褉芯胁邪薪懈械	0.000302	0.040822	0.000012
泻芯薪褋械褉胁懈褉芯胁邪薪薪褘泄	0.001511	0.116534	0.000176
泻芯薪褌邪泻褌	0.000302	2.302585	0.000696
泻芯薪褎械褌邪	0.000907	0.040822	0.000037
泻芯薪褎械褌褌懈	0.000302	0.116534	0.000035
泻芯薪褎懈写械薪褑懈邪谢褜薪芯褋褌褜	0.000302	0.040822	0.000012
泻芯薪褎懈褌褞褉	0.000302	0.040822	0.000012
泻芯锌褔褢薪芯褋褌褜	0.000302	0.116534	0.000035
泻芯褉械泄褋泻懈	0.000302	0.040822	0.000012
泻芯褉械泄褋泻懈泄	0.000302	0.105361	0.000032
泻芯褉卸懈泻	0.000302	0.040822	0.000012
泻芯褉屑懈褌褜	0.000302	0.116534	0.000035
泻芯褉芯褔械	0.000302	2.995732	0.000905
泻芯褉芯褔泻邪	0.000302	1.309333	0.000396
泻芯褋褌褜	0.001511	2.659260	0.004018
泻芯褌谢械褌邪	0.000302	0.040822	0.000012
泻芯褎械	0.000604	0.040822	0.000025
泻芯褕泻邪	0.000302	4.605170	0.001392
泻褉邪泄	0.000302	3.912023	0.001182
泻褉邪褋泻邪	0.000302	0.116534	0.000035
泻褉械邪褌懈胁	0.000302	0.127833	0.000039
泻褉械屑	0.000907	0.040822	0.000037
泻褉械锌泻懈泄	0.000302	0.116534	0.000035
泻褉芯谢懈泻	0.000604	0.116534	0.000070
泻褉芯屑械	0.000302	0.061875	0.000019
泻褉芯褏邪	0.000302	0.116534	0.000035
泻褉褍谐	0.000604	0.116534	0.000070
泻褉褍锌	0.001813	0.105361	0.000191
泻褉褍锌邪	0.002720	0.116534	0.000317
泻褉褍锌褟薪芯泄	0.000302	0.116534	0.000035
泻褉褘谢褘褕泻芯	0.000302	2.995732	0.000905
泻褍斜懈薪褋泻懈泄	0.000302	0.116534	0.000035
泻褍谢械褕	0.000302	0.040822	0.000012
泻褍谢懈薪邪褉懈褟	0.000907	0.094311	0.000086
泻褍谢懈薪邪褉薪褘泄	0.001813	0.000000	0.000000
泻褍谢懈褔	0.000604	0.040822	0.000025
泻褍褉写褋泻懈泄	0.000302	0.116534	0.000035
泻褍褉懈薪褘泄	0.006044	0.094311	0.000570
泻褍褉懈褑邪	0.008764	0.040822	0.000358
泻褍褉芯褔泻邪	0.000302	0.116534	0.000035
泻褍褋泻褍褋	0.000302	0.040822	0.000012
泻褍褏薪褟	0.002418	0.040822	0.000099
谢邪胁邪褕	0.001813	0.040822	0.000074
谢邪胁泻邪	0.000302	4.605170	0.001392
谢邪谐屑邪薪	0.000302	0.040822	0.000012
谢邪泻芯屑褋褌胁芯	0.000302	0.116534	0.000035
谢邪锌褕邪	0.000907	0.040822	0.000037
谢邪褌褘褕褋泻懈泄	0.000302	0.116534	0.000035
谢械谐泻芯	0.001813	0.116534	0.000211
谢械锌褢褕泻邪	0.000604	0.040822	0.000025
谢械褌薪懈泄	0.000604	0.040822	0.000025
谢械褌芯	0.001813	0.116534	0.000211
谢械褔芯	0.000302	0.040822	0.000012
谢懈谐邪	0.000907	0.116534	0.000106
谢懈泻褢褉	0.000302	0.040822	0.000012
谢懈屑芯薪邪写	0.000604	0.040822	0.000025
谢懈薪谐胁懈褋褌懈褔械褋泻懈泄	0.000302	4.605170	0.001392
谢懈褌芯胁褋泻	0.000302	0.127833	0.000039
谢懈褌芯胁褋泻懈泄	0.000302	0.116534	0.000035
谢芯卸泻邪	0.000907	1.897120	0.001720
谢褞斜懈屑褘泄	0.002418	0.116534	0.000282
谢褞斜芯胁褜	0.000604	0.105361	0.000064
谢褞斜芯泄	0.000302	0.094311	0.000029
谢褢谐泻懈泄	0.000907	0.094311	0.000086
谢褢写	0.000302	0.116534	0.000035
屑邪谐邪蟹懈薪	0.000302	2.302585	0.000696
屑邪谐褉懈斜	0.000302	0.116534	0.000035
屑邪泄	0.000302	0.116534	0.000035
屑邪泄芯薪械蟹	0.000302	0.116534	0.000035
屑邪泻邪褉芯薪薪褘泄	0.000302	0.116534	0.000035
屑邪泻邪褉芯薪褘	0.000302	0.040822	0.000012
屑邪谢邪蟹懈泄褋泻懈泄	0.000302	0.116534	0.000035
屑邪谢芯	0.000302	1.609438	0.000486
屑邪谢褘泄	0.000302	3.912023	0.001182
屑邪谢褘褕薪褟	0.000302	3.912023	0.001182
屑邪薪薪懈泻	0.000302	0.040822	0.000012
屑邪薪褋邪褉写邪	0.000302	0.755023	0.000228
屑邪薪褌邪	0.000302	0.116534	0.000035
屑邪薪褢胁褉	0.000302	0.116534	0.000035
屑邪褉邪褎芯薪	0.000907	0.116534	0.000106
屑邪褉懈薪邪写	0.005742	0.040822	0.000234
屑邪褉懈薪芯胁邪褌褜	0.000604	0.116534	0.000070
屑邪褉屑械谢邪写	0.000302	0.040822	0.000012
屑邪褉芯泻泻邪薪褋泻懈泄	0.000302	0.116534	0.000035
屑邪褉褌	0.001511	0.105361	0.000159
屑邪褋泻邪褉锌芯薪	0.000302	0.040822	0.000012
屑邪褋谢械薪懈褑邪	0.000907	0.040822	0.000037
屑邪褋谢械薪懈褔薪褘泄	0.000302	0.116534	0.000035
屑邪褋谢芯	0.001813	0.105361	0.000191
屑邪褋褌械褉	0.002720	0.116534	0.000317
屑邪褋褌懈泻邪	0.000604	0.040822	0.000025
屑邪褌芯胁褘泄	0.000302	4.605170	0.001392
屑邪褎褎懈薪邪	0.000302	0.116534	0.000035
屑邪褏械械胁褗	0.001209	0.116534	0.000141
屑械写懈邪褎芯褉褌	0.000907	0.000000	0.000000
屑械写芯胁褘泄	0.000302	0.116534	0.000035
屑械泻褋懈泻邪薪褋泻懈泄	0.000302	0.116534	0.000035
屑械薪褞	0.000302	0.116534	0.000035
屑械薪褟褌褜褋褟	0.000302	0.116534	0.000035
屑械褔褌邪	0.000907	0.040822	0.000037
屑懈写懈褟	0.000302	0.040822	0.000012
屑懈泻褉芯胁芯谢薪芯胁泻邪	0.000302	0.105361	0.000032
屑懈谢褜褟	0.000302	0.116534	0.000035
屑懈薪褍褌邪	0.002115	0.544727	0.001152
屑懈芯	0.000302	0.116534	0.000035
屑懈褉	0.000604	0.105361	0.000064
屑懈褉芯胁芯泄	0.000302	0.116534	0.000035
屑懈褋芯	0.000302	0.040822	0.000012
屑懈褋褌械褉懈褟	0.000302	0.116534	0.000035
屑懈褋褌褉邪谢褜	0.002115	0.116534	0.000247
屑薪芯谐芯	0.000302	0.776529	0.000235
屑薪芯卸械褋褌胁芯	0.000302	0.040822	0.000012
屑芯卸卸械胁械谢褜薪懈泻	0.000302	4.605170	0.001392
屑芯泄	0.000907	0.083382	0.000076
屑芯谢写邪胁褋泻懈泄	0.000302	0.116534	0.000035
屑芯谢芯泻芯	0.000604	0.083382	0.000050
屑芯谢芯褔薪褘泄	0.000907	0.040822	0.000037
屑芯屑械薪褌	0.000907	0.105361	0.000096
屑芯薪谐芯谢褜褋泻懈泄	0.000302	0.116534	0.000035
屑芯褉械	0.000302	0.116534	0.000035
屑芯褉械锌褉芯写褍泻褌	0.003929	0.040822	0.000160
屑芯褉泻芯胁褜	0.000302	0.040822	0.000012
屑芯褉芯卸械薪芯械	0.000907	0.040822	0.000037
屑芯褉褋	0.000604	0.040822	0.000025
屑芯褌芯褉	0.000302	0.116534	0.000035
屑芯褏懈褌褘泄	0.000302	0.040822	0.000012
屑芯褔褜	0.000907	0.000000	0.000000
屑褍卸褋泻芯泄	0.000302	0.127833	0.000039
屑褍卸褔懈薪邪	0.000604	0.116534	0.000070
屑褍谢褜褌懈胁邪褉泻邪	0.011484	0.116534	0.001338
屑褍谢褜褌懈锌械泻邪褉褜	0.000907	0.116534	0.000106
屑褍褋褋	0.000302	0.040822	0.000012
屑褍褋褋邪	0.000907	0.040822	0.000037
屑褍褔薪芯泄	0.000302	0.116534	0.000035
屑褞褋谢懈	0.000604	0.116534	0.000070
屑褟谐泻懈泄	0.000907	0.755023	0.000685
屑褟褋薪芯泄	0.003324	0.040822	0.000136
屑褟褋芯	0.008462	0.040822	0.000345
屑褟褌褘泄	0.000302	2.302585	0.000696
屑褢写	0.000302	1.660731	0.000502
薪邪胁械褉褏	0.000302	2.302585	0.000696
薪邪胁褘泻	0.001209	3.506558	0.004239
薪邪卸邪褌褜	0.001209	3.506558	0.004239
薪邪蟹邪写	0.000907	0.967584	0.000877
薪邪蟹薪邪褔械薪懈械	0.000907	0.116534	0.000106
薪邪谢懈胁泻邪	0.000302	0.040822	0.000012
薪邪锌懈褌芯泻	0.002115	0.040822	0.000086
薪邪锌芯谢薪懈褌械谢褜	0.000604	4.605170	0.002783
薪邪锌褉懈屑械褉	0.000302	1.771957	0.000535
薪邪褉芯写	0.000302	2.120264	0.000641
薪邪褋褌芯泄泻邪	0.000302	0.040822	0.000012
薪邪褋褌褉芯械薪懈械	0.000302	0.116534	0.000035
薪邪褋褔褢褌	0.000302	4.605170	0.001392
薪邪褑懈芯薪邪谢褜薪褘泄	0.000302	0.116534	0.000035
薪邪褔邪褌褜	0.000302	1.771957	0.000535
薪邪褔懈薪泻邪	0.000907	0.040822	0.000037
薪邪褔懈褋褌懈褌褜	0.001209	3.506558	0.004239
薪邪褕	0.001209	0.040822	0.000049
薪械写械谢褟	0.003022	0.051293	0.000155
薪械卸薪褘泄	0.000907	0.094311	0.000086
薪械泻褉褍锌薪褘泄	0.000302	3.912023	0.001182
薪械屑械褑泻懈泄	0.000302	0.116534	0.000035
薪械屑薪芯谐芯	0.000302	1.203973	0.000364
薪械屑芯泄	0.000302	1.203973	0.000364
薪械芯卸懈写邪薪薪褘泄	0.000302	0.116534	0.000035
薪械褋谢邪写泻懈泄	0.000302	0.116534	0.000035
薪械褋谢芯卸薪褘泄	0.001209	2.995732	0.003621
薪械褋褍褖懈泄	0.000302	4.605170	0.001392
薪芯胁芯谐芯写薪懈泄	0.006649	0.040822	0.000271
薪芯胁芯褋褌褜	0.000302	0.061875	0.000019
薪芯胁褘泄	0.004533	0.030459	0.000138
薪芯褉胁械卸褋泻懈泄	0.000302	0.116534	0.000035
薪芯褔褜	0.000302	2.813411	0.000850
薪褉邪胁懈褌褜褋褟	0.000302	0.941609	0.000285
芯斜械写	0.002418	0.105361	0.000255
芯斜械蟹褜褟薪邪	0.000302	0.116534	0.000035
芯斜谢邪褋褌褜	0.000302	3.912023	0.001182
芯斜褖邪褌褜褋褟	0.000302	0.040822	0.000012
芯斜褖懈泄	0.000604	1.609438	0.000973
芯斜褟蟹邪褌械谢褜薪芯	0.000302	0.967584	0.000292
芯胁芯褖	0.006346	0.094311	0.000599
芯胁芯褖薪芯泄	0.002720	0.040822	0.000111
芯胁褋褟薪褘泄	0.000302	0.105361	0.000032
芯谐薪械薪薪褘泄	0.000302	0.116534	0.000035
芯谐芯薪褜	0.000302	0.094311	0.000029
芯谐褍褉械褑	0.000604	0.116534	0.000070
芯写薪芯泻谢邪褋褋薪懈泻	0.000302	2.407946	0.000728
芯泻褉芯褕泻邪	0.000907	0.040822	0.000037
芯泻褉褍卸邪褞褖懈泄	0.000302	4.605170	0.001392
芯谢邪写褜褟	0.000907	0.040822	0.000037
芯谢械泄薪芯泄	0.001209	0.116534	0.000141
芯谢械泄薪褘泄	0.001209	0.116534	0.000141
芯屑谢械褌	0.000302	0.040822	0.000012
芯锌邪褉邪	0.000302	0.040822	0.000012
芯锌褉芯褋	0.000302	0.061875	0.000019
芯锌褘褌	0.000302	2.407946	0.000728
芯锌褟褌褜	0.000907	2.040221	0.001850
芯褋械薪薪懈泄	0.001209	0.051293	0.000062
芯褋械薪褜	0.003022	0.105361	0.000318
芯褋薪芯胁邪	0.000302	2.040221	0.000617
芯褋薪芯胁薪褘泄	0.000302	0.040822	0.000012
芯褋褌邪胁邪褌褜褋褟	0.000302	0.116534	0.000035
芯褋褌邪胁懈褌褜	0.000604	1.660731	0.001004
芯褋褌邪胁谢褟褌褜	0.000302	1.832581	0.000554
芯褋褌邪谢褜薪芯泄	0.000302	2.525729	0.000763
芯褋褌邪褌褜褋褟	0.000302	1.309333	0.000396
芯褌胁械褌	0.000604	0.000000	0.000000
芯褌胁械褌懈褌褜	0.000302	0.051293	0.000016
芯褌写械谢懈褌褜	0.000302	4.605170	0.001392
芯褌蟹褘胁	0.001209	2.120264	0.002563
芯褌泻褉褘褌褘泄	0.000604	0.105361	0.000064
芯褌谢懈褔薪褘泄	0.000302	1.078810	0.000326
芯褌屑械薪懈褌褜	0.000907	0.040822	0.000037
芯褌褋褍褌褋褌胁懈械	0.001209	2.302585	0.002783
芯褏	0.000302	3.912023	0.001182
芯褏谢邪写懈褌褜	0.000302	0.116534	0.000035
芯褔械褉械写薪芯泄	0.000302	1.514128	0.000458
芯褖褍褌懈褌褜	0.000302	4.605170	0.001392
锌邪泻械褌懈泻	0.000302	0.105361	0.000032
锌邪谢芯褔泻邪	0.000302	0.040822	0.000012
锌邪薪懈褉芯胁泻邪	0.002418	0.116534	0.000282
锌邪锌褉懈泻邪	0.000302	1.171183	0.000354
锌邪褉邪	0.001511	0.116534	0.000176
锌邪褉邪写	0.002115	0.116534	0.000247
锌邪褉芯胁邪褉泻邪	0.002720	0.105361	0.000287
锌邪褉芯谢褜	0.000604	0.020203	0.000012
锌邪褋褌邪	0.000907	0.040822	0.000037
锌邪褋褌褉芯屑邪	0.000604	0.040822	0.000025
锌邪褋褏邪	0.000604	0.040822	0.000025
锌邪褋褏邪谢褜薪褘泄	0.000907	0.116534	0.000106
锌邪褕褌械褌	0.000907	0.040822	0.000037
锌械泻邪褉褜	0.000302	0.127833	0.000039
锌械谢褜屑械薪褜	0.000302	0.116534	0.000035
锌械褉胁褘泄	0.001209	0.040822	0.000049
锌械褉械胁芯褉芯褕懈褌褜	0.000302	4.605170	0.001392
锌械褉械泄褌懈	0.000302	0.040822	0.000012
锌械褉械泻褍褋	0.000604	0.116534	0.000070
锌械褉械屑械褕邪褌褜	0.000302	2.659260	0.000804
锌械褉械褑	0.000302	0.040822	0.000012
锌械褉褋芯薪邪	0.000302	0.116534	0.000035
锌械褉褍邪薪褋泻懈泄	0.000302	0.116534	0.000035
锌械褋芯褔薪褘泄	0.000907	0.105361	0.000096
锌械褌械谢懈薪泻	0.000302	0.127833	0.000039
锌械褔邪谢褜薪褘泄	0.000302	3.912023	0.001182
锌械褔邪褌褜	0.000302	2.302585	0.000696
锌械褔械薪懈械	0.002720	0.040822	0.000111
锌械褔泻邪	0.001209	3.218876	0.003891
锌械褔褜	0.000302	0.116534	0.000035
锌械褔褢薪芯褔薪褘泄	0.000302	0.040822	0.000012
锌懈胁芯	0.000302	0.116534	0.000035
锌懈泻邪薪褌	0.000302	0.127833	0.000039
锌懈泻薪懈泻	0.001209	0.105361	0.000127
锌懈褉	0.000302	0.116534	0.000035
锌懈褉芯谐	0.001209	0.040822	0.000049
锌懈褉芯卸薪芯械	0.000907	0.040822	0.000037
锌懈褉芯卸芯泻	0.000302	0.040822	0.000012
锌懈褌邪薪懈械	0.001511	0.094311	0.000143
锌懈褑褑邪	0.000604	0.040822	0.000025
锌懈褖械胁芯泄	0.000302	2.120264	0.000641
锌谢邪屑褟	0.000302	0.116534	0.000035
锌谢懈褌邪	0.001209	0.116534	0.000141
锌谢芯胁	0.000302	0.116534	0.000035
锌谢芯写	0.000302	0.116534	0.000035
锌芯胁邪谢褟褌褜褋褟	0.001209	3.506558	0.004239
锌芯胁邪褉褢薪芯泻	0.002115	0.000000	0.000000
锌芯胁械褉褏	0.000302	3.912023	0.001182
锌芯胁懈写谢芯	0.000302	0.040822	0.000012
锌芯胁褌芯褉懈褌褜褋褟	0.000302	4.605170	0.001392
锌芯写邪褉芯泻	0.000302	0.116534	0.000035
锌芯写谐芯褌芯胁懈褌褜	0.001209	2.813411	0.003401
锌芯写械谢懈褌褜褋褟	0.000302	0.400478	0.000121
锌芯写谢懈胁	0.000302	0.116534	0.000035
锌芯写谢懈胁泻邪	0.000302	0.040822	0.000012
锌芯写锌懈褋邪褌褜褋褟	0.000907	0.040822	0.000037
锌芯写锌懈褋褘胁邪褌褜褋褟	0.000302	2.407946	0.000728
锌芯写褋泻邪蟹泻邪	0.000302	3.912023	0.001182
锌芯械写懈薪芯泻	0.004231	0.116534	0.000493
锌芯蟹邪胁褔械褉邪	0.000604	2.813411	0.001700
锌芯蟹写褉邪胁懈褌褜	0.000302	0.116534	0.000035
锌芯懈褋泻	0.000302	0.051293	0.000016
锌芯泻邪蟹邪褌褜	0.000302	1.309333	0.000396
锌芯泻褉芯褕懈褌褜	0.000302	4.605170	0.001392
锌芯谢写械薪褜	0.000302	3.912023	0.001182
锌芯谢写薪懈泻	0.000604	0.116534	0.000070
锌芯谢械蟹薪芯	0.000302	0.116534	0.000035
锌芯谢懈褌懈泻邪	0.000302	0.040822	0.000012
锌芯谢薪芯褋褌褜褞	0.000604	1.347074	0.000814
锌芯谢芯胁懈薪邪	0.002720	0.105361	0.000287
锌芯谢褍褔邪褌褜	0.001209	0.040822	0.000049
锌芯谢褍褔邪褌褜褋褟	0.000907	0.328504	0.000298
锌芯谢褍褔懈褌褜褋褟	0.001209	0.653926	0.000790
锌芯谢褜蟹邪	0.001511	0.116534	0.000176
锌芯谢褜蟹芯胁邪褌械谢褜	0.000302	1.309333	0.000396
锌芯谢褜褋泻懈泄	0.000302	0.116534	0.000035
锌芯屑邪写泻邪	0.000907	0.040822	0.000037
锌芯屑懈写芯褉	0.000604	0.116534	0.000070
锌芯屑懈写芯褉泻	0.000302	0.127833	0.000039
锌芯屑薪懈褌褜	0.000302	1.469676	0.000444
锌芯薪懈屑邪褌褜	0.000302	2.207275	0.000667
锌芯薪褉邪胁懈褌褜褋褟	0.000302	0.040822	0.000012
锌芯薪褔懈泻	0.000604	0.040822	0.000025
锌芯薪褟褌薪芯	0.000302	3.912023	0.001182
锌芯薪褟褌褜	0.000302	1.660731	0.000502
锌芯锌褉芯斜芯胁邪褌褜	0.000302	0.248461	0.000075
锌芯褉邪	0.000302	0.105361	0.000032
锌芯褉褌褍谐邪谢褜褋泻懈泄	0.000302	0.116534	0.000035
锌芯褉褑懈褟	0.000604	1.660731	0.001004
锌芯褋械褖邪褌褜	0.000302	0.061875	0.000019
锌芯褋褌	0.001511	0.105361	0.000159
锌芯褋褌邪胁懈褌褜	0.001209	1.897120	0.002293
锌芯褋褌薪褘泄	0.000907	0.040822	0.000037
锌芯褋褌芯褟薪薪芯	0.000302	0.040822	0.000012
锌芯褋褌褉芯懈褌褜	0.000302	0.105361	0.000032
锌芯褋褍写邪	0.000604	0.094311	0.000057
锌芯褌械褉褟褌褜	0.000302	3.218876	0.000973
锌芯褏芯卸懈泄	0.000302	0.994252	0.000300
锌芯褔褌邪	0.000604	0.040822	0.000025
锌芯褕邪谐芯胁褘泄	0.000302	0.040822	0.000012
锌芯褟胁懈褌褜褋褟	0.000302	1.771957	0.000535
锌褉邪胁写邪	0.001511	1.139434	0.001722
锌褉邪胁褘泄	0.000302	4.605170	0.001392
锌褉邪蟹写薪懈泻	0.000302	0.105361	0.000032
锌褉邪蟹写薪懈褔薪芯	0.000302	0.116534	0.000035
锌褉邪蟹写薪懈褔薪褘泄	0.000604	0.105361	0.000064
锌褉邪泻褌懈泻褍屑	0.000302	0.116534	0.000035
锌褉械胁芯褋褏芯写薪褘泄	0.000302	0.116534	0.000035
锌褉械胁褉邪褖械薪懈械	0.000302	0.116534	0.000035
锌褉械写褘写褍褖懈泄	0.000302	3.506558	0.001060
锌褉械褋薪褘泄	0.000302	0.116534	0.000035
锌褉懈谐芯褉械褌褜	0.000302	4.605170	0.001392
锌褉懈谐芯褌芯胁懈褌褜	0.000604	0.083382	0.000050
锌褉懈谐芯褌芯胁谢械薪懈械	0.002418	0.040822	0.000099
锌褉懈蟹	0.000302	0.040822	0.000012
锌褉懈蟹薪邪薪懈械	0.000302	0.116534	0.000035
锌褉懈锌褉邪胁邪	0.001813	0.040822	0.000074
锌褉懈褉芯写邪	0.000604	0.105361	0.000064
锌褉懈褋褌褉邪褋褌懈械	0.000302	4.605170	0.001392
锌褉懈褋褌褍锌懈褌褜	0.000302	0.040822	0.000012
锌褉懈褏胁邪褌懈褌褜褋褟	0.000302	4.605170	0.001392
锌褉芯胁械褉懈褌褜	0.001813	0.116534	0.000211
锌褉芯胁械褋褌懈	0.001209	0.116534	0.000141
锌褉芯胁芯写懈褌褜	0.000302	0.040822	0.000012
锌褉芯胁芯卸邪褌褜	0.000302	0.116534	0.000035
锌褉芯写褍泻褌	0.001511	0.072571	0.000110
锌褉芯械泻褌	0.000604	0.051293	0.000031
锌褉芯谢械卸邪褌褜	0.000302	4.605170	0.001392
锌褉芯锌械褔褜褋褟	0.000302	3.912023	0.001182
锌褉芯锌芯褉褑懈褟	0.000302	1.609438	0.000486
锌褉芯褋褌邪胁泻胁邪褋懈褌褜	0.000302	4.605170	0.001392
锌褉芯褋褌邪泻胁邪褋懈褌褜	0.000302	4.605170	0.001392
锌褉芯褋褌邪泻胁邪褕	0.000302	4.605170	0.001392
锌褉芯褋褌芯	0.001209	0.083382	0.000101
锌褉芯褋褌芯泄	0.000302	0.301105	0.000091
锌褉芯褋褌芯泻胁邪褕邪	0.000604	0.040822	0.000025
锌褉芯褎懈谢褜	0.000302	0.040822	0.000012
锌褉褟屑芯	0.000302	0.040822	0.000012
锌褉褟薪懈泻	0.000604	0.040822	0.000025
锌褉褟薪懈褔薪褘泄	0.000302	0.116534	0.000035
锌褌懈褑邪	0.007253	0.116534	0.000845
锌褍写懈薪谐	0.000907	0.040822	0.000037
锌褍薪褕	0.000302	0.040822	0.000012
锌褍褌械褕械褋褌胁懈械	0.000604	0.116534	0.000070
锌褍褌褜	0.000302	0.116534	0.000035
锌褘褕泻邪	0.000302	0.040822	0.000012
锌褞褉械	0.001209	0.040822	0.000049
锌褟褌泻邪	0.001511	3.506558	0.005299
锌褟褌薪邪写褑邪褌褜	0.001209	3.218876	0.003891
褉邪谐褍	0.000302	0.116534	0.000035
褉邪蟹	0.000302	0.356675	0.000108
褉邪蟹胁械褉薪褍褌褜	0.000302	0.116534	0.000035
褉邪蟹谐芯胁邪褉懈胁邪褌褜	0.000302	4.605170	0.001392
褉邪蟹写械谢褜薪褘泄	0.000302	0.116534	0.000035
褉邪蟹薪褘泄	0.000302	0.094311	0.000029
褉邪薪薪懈泄	0.000302	1.514128	0.000458
褉邪褋褋芯谢褜薪懈泻	0.000907	0.040822	0.000037
褉邪褋褋褘谢泻邪	0.000302	0.061875	0.000019
褉邪褋褌懈褌械谢褜薪褘泄	0.001511	0.223144	0.000337
褉械斜褢薪芯泻	0.000302	0.094311	0.000029
褉械谐懈褋褌褉邪褑懈褟	0.001209	0.000000	0.000000
褉械谐懈褋褌褉懈褉芯胁邪褌褜褋褟	0.000302	2.302585	0.000696
褉械泻芯屑械薪写芯胁邪褌褜	0.000302	1.021651	0.000309
褉械褑械锌褌	0.033545	0.040822	0.001369
褉懈褋	0.001511	0.040822	0.000062
褉懈褌屑	0.000302	0.116534	0.000035
褉芯谐邪谢懈泻	0.000302	0.040822	0.000012
褉芯写薪褘泄	0.000302	0.116534	0.000035
褉芯卸写械薪懈械	0.000302	0.105361	0.000032
褉芯卸写械褋褌胁芯	0.000302	0.116534	0.000035
褉芯谢谢	0.000604	0.040822	0.000025
褉芯谢谢褌芯薪	0.000302	0.116534	0.000035
褉芯屑	0.000302	0.040822	0.000012
褉褍斜褉懈泻邪褌芯褉	0.000302	0.051293	0.000016
褉褍谢械褌	0.003324	0.040822	0.000136
褉褍屑褘薪褋泻懈泄	0.000302	0.116534	0.000035
褉褍屑褟薪褘泄	0.000302	0.116534	0.000035
褉褍薪械褌	0.000302	0.020203	0.000006
褉褍褋褋泻懈泄	0.000604	0.105361	0.000064
褉褘斜邪	0.007555	0.040822	0.000308
褉褘斜薪褘泄	0.003022	0.105361	0.000318
褉褟卸械薪泻邪	0.000907	0.116534	0.000106
褋邪泄褌	0.002418	0.000000	0.000000
褋邪谢邪褌	0.009973	0.040822	0.000407
褋邪谢邪褌薪褘泄	0.000302	0.116534	0.000035
褋邪屑芯谐芯薪	0.000302	0.040822	0.000012
褋邪屑褘泄	0.000604	0.105361	0.000064
褋邪褎	0.000907	0.116534	0.000106
褋邪褎褋械屑邪	0.000302	0.116534	0.000035
褋邪褏邪褉	0.000604	0.105361	0.000064
褋斜懈褌械薪褜	0.000302	0.040822	0.000012
褋胁械卸械褋褌褜	0.000302	0.105361	0.000032
褋胁械泻芯谢褜薪懈泻	0.000604	0.040822	0.000025
褋胁械褉褏褍	0.000302	2.995732	0.000905
褋胁械褌	0.001209	0.116534	0.000141
褋胁械褌邪	0.001209	0.116534	0.000141
褋胁懈薪懈薪	0.001209	0.116534	0.000141
褋胁懈薪懈薪邪	0.000302	0.040822	0.000012
褋胁褢泻谢邪	0.000302	0.040822	0.000012
褋谐褍褖褢薪泻邪	0.000302	0.040822	0.000012
褋械蟹芯薪	0.000302	0.116534	0.000035
褋械泄褔邪褋	0.000604	0.030459	0.000018
褋械泻褉械褌	0.000604	0.116534	0.000070
褋械谢褢写泻邪	0.000302	0.040822	0.000012
褋械屑械泄薪褘泄	0.000302	0.116534	0.000035
褋械屑褜褟	0.000302	0.116534	0.000035
褋械褌械胁芯泄	0.000302	3.912023	0.001182
褋懈写褉	0.000302	0.040822	0.000012
褋懈褉懈泄褋泻懈泄	0.000302	0.116534	0.000035
褋懈褉芯锌	0.000604	0.040822	0.000025
褋懈褋褌械屑邪	0.000302	0.040822	0.000012
褋懈褌懈	0.000302	0.127833	0.000039
褋泻邪蟹邪褌褜	0.000302	0.400478	0.000121
褋泻邪蟹泻邪	0.000302	0.116534	0.000035
褋谢邪写械薪褜泻懈泄	0.000302	3.506558	0.001060
褋谢邪写泻懈泄	0.005742	0.040822	0.000234
褋谢邪写泻芯	0.000302	0.116534	0.000035
褋谢械谐泻邪	0.000302	2.525729	0.000763
褋谢械写褍褞褖懈泄	0.000302	1.386294	0.000419
褋谢懈胁芯褔薪褘泄	0.000302	0.105361	0.000032
褋谢芯胁芯	0.000604	1.021651	0.000617
褋谢芯泄泻邪	0.000604	0.040822	0.000025
褋谢芯褢薪褘泄	0.000907	0.116534	0.000106
褋屑邪蟹邪褌褜	0.000302	2.995732	0.000905
褋屑械褋褜	0.000302	1.469676	0.000444
褋屑械褌邪薪邪	0.000604	0.105361	0.000064
褋屑械褕邪薪薪褘泄	0.000302	0.116534	0.000035
褋屑芯褔褜	0.000302	0.040822	0.000012
褋屑褍蟹懈	0.000907	0.040822	0.000037
褋屑褘褋谢	0.000302	2.525729	0.000763
褋薪褝泻	0.000302	0.116534	0.000035
褋薪褟褌褜	0.001813	2.813411	0.005101
褋芯斜懈褉邪褌褜褋褟	0.000302	0.040822	0.000012
褋芯斜褋褌胁械薪薪芯	0.000302	2.120264	0.000641
褋芯斜褋褌胁械薪薪褘泄	0.000302	1.966113	0.000594
褋芯胁械褉褕械薪褋褌胁芯	0.001511	0.116534	0.000176
褋芯胁械褌	0.000302	0.040822	0.000012
褋芯谐谢邪褋薪褘泄	0.000302	2.813411	0.000850
褋芯谐谢邪褕邪褌褜褋褟	0.000302	0.040822	0.000012
褋芯蟹写邪胁邪褌褜	0.000302	0.105361	0.000032
褋芯泻	0.001209	0.040822	0.000049
褋芯谢械薪懈械	0.000604	0.116534	0.000070
褋芯谢薪械褔薪褘泄	0.000302	0.116534	0.000035
褋芯谢褜	0.001813	0.127833	0.000232
褋芯谢褟薪泻邪	0.000604	0.040822	0.000025
褋芯谢褢薪褘泄	0.000907	0.116534	0.000106
褋芯褋褌邪胁	0.000302	1.347074	0.000407
褋芯褋褌邪胁懈褌褜	0.000302	0.116534	0.000035
褋芯褋褌邪胁谢褟褌褜	0.000302	2.525729	0.000763
褋芯褍褋	0.005138	0.040822	0.000210
褋芯褏褉邪薪褟褌褜	0.000302	0.040822	0.000012
褋芯褑褋械褌褜	0.000604	0.040822	0.000025
褋芯褔械褌邪薪懈械	0.000302	0.105361	0.000032
褋芯褔薪芯	0.000604	2.120264	0.001282
褋芯褔薪褘泄	0.000907	0.116534	0.000106
褋锌邪谢褜薪褟	0.000302	0.415515	0.000126
褋锌邪褋懈斜芯	0.001209	0.673345	0.000814
褋锌械褌褜	0.000302	0.116534	0.000035
褋锌械褑懈邪谢褜薪褘泄	0.000302	0.094311	0.000029
褋锌械褑懈褟	0.001511	0.094311	0.000143
褋锌械褑锌褉芯械泻褌	0.009973	0.116534	0.001162
褋锌懈褋芯泻	0.000907	0.116534	0.000106
褋锌芯褋芯斜	0.000302	0.891598	0.000269
褋锌褉邪胁械写谢懈胁芯褋褌褜	0.000302	4.605170	0.001392
褋锌褉邪胁懈褌褜褋褟	0.000302	2.813411	0.000850
褋锌褉邪褕懈胁邪褌褜	0.000302	2.995732	0.000905
褋褉邪蟹褍	0.000302	0.733969	0.000222
褋褉械写懈蟹械屑薪芯屑芯褉褋泻懈泄	0.000302	0.127833	0.000039
褋褌	0.000302	2.659260	0.000804
褋褌邪泻	0.000302	4.605170	0.001392
褋褌邪泻邪薪	0.000302	3.218876	0.000973
褋褌邪褉褌	0.000302	4.605170	0.001392
褋褌邪褌褜褟	0.000302	0.061875	0.000019
褋褌懈谢褜	0.000604	0.116534	0.000070
褋褌芯懈褌褜	0.001511	1.714798	0.002591
褋褌芯谢	0.002418	0.105361	0.000255
褋褌芯谢芯胁邪褟	0.000302	3.506558	0.001060
褋褌芯谢褜泻芯	0.000302	2.040221	0.000617
褋褌芯褉芯薪邪	0.000302	1.966113	0.000594
褋褌褉芯懈褌械谢褜褋褌胁芯	0.000604	0.040822	0.000025
褋褌褉芯懈褌褜	0.000302	0.040822	0.000012
褋褌褉芯泄薪褘泄	0.000302	0.116534	0.000035
褋褍斜锌褉芯写褍泻褌	0.003022	0.116534	0.000352
褋褍锌	0.005742	0.040822	0.000234
褋褍褌褜	0.000302	4.605170	0.001392
褋褍褎谢械	0.000907	0.040822	0.000037
褋褍褏邪褉褜	0.000302	0.040822	0.000012
褋褍褏芯胁邪褌褘泄	0.000302	3.912023	0.001182
褋褍褕懈褌褜	0.000604	0.040822	0.000025
褋褔懈褌邪褌褜	0.000302	1.347074	0.000407
褋褘褉	0.002720	0.040822	0.000111
褋褘褉薪懈泻	0.000907	0.040822	0.000037
褋褘褉薪褘泄	0.001511	0.040822	0.000062
褋褘褌薪褘泄	0.000604	0.105361	0.000064
褋褘褔褍卸薪褘泄	0.000302	0.127833	0.000039
褋褝薪写胁懈褔	0.000302	0.127833	0.000039
褋褞褉锌褉懈蟹	0.000302	0.116534	0.000035
褋褢屑谐邪	0.000302	0.040822	0.000012
褌邪写卸懈泻褋泻懈泄	0.000302	0.116534	0.000035
褌邪泄褋泻懈泄	0.000302	0.116534	0.000035
褌邪泻懈	0.000302	1.237874	0.000374
褌邪褉褌	0.000302	0.116534	0.000035
褌邪褉褌邪谢械褌泻邪	0.000604	0.040822	0.000025
褌邪褌邪褉褋泻懈泄	0.000302	0.116534	0.000035
褌胁芯泄	0.000604	0.116534	0.000070
褌胁芯褉懈褌褜	0.000302	0.116534	0.000035
褌胁芯褉芯谐	0.000907	0.040822	0.000037
褌胁芯褉芯卸薪褘泄	0.001209	0.094311	0.000114
褌械谐	0.000302	2.407946	0.000728
褌械谢械谐褉邪屑	0.000302	0.040822	0.000012
褌械谢褟褌懈薪邪	0.001209	0.116534	0.000141
褌械屑锌械褉邪褌褍褉邪	0.001511	2.995732	0.004527
褌械锌械褉褜	0.000302	0.916291	0.000277
褌械锌谢芯	0.000302	0.116534	0.000035
褌械褉褉懈薪邪	0.000302	0.040822	0.000012
褌械褋褌	0.003022	0.105361	0.000318
褌械褋褌芯	0.002720	0.040822	0.000111
褌械褏薪懈泻邪	0.001511	0.105361	0.000159
褌屑	0.001209	0.127833	0.000155
褌芯屑邪褌薪褘泄	0.000302	1.139434	0.000344
褌芯锌谢褢薪褘泄	0.000302	0.116534	0.000035
褌芯褉芯锌懈褌褜褋褟	0.001209	3.506558	0.004239
褌芯褉褌	0.006346	0.040822	0.000259
褌芯褕泻邪	0.000302	4.605170	0.001392
褌褉邪胁邪	0.000302	0.094311	0.000029
褌褉邪写懈褑懈褟	0.001813	0.116534	0.000211
褌褉械褌褜	0.000302	3.912023	0.001182
褌褉芯泄泻邪	0.001209	3.506558	0.004239
褌褉褍斜芯褔泻邪	0.000302	0.040822	0.000012
褌褉褢褏谢械褌懈械	0.000302	0.116534	0.000035
褌褍薪械褑	0.000302	0.105361	0.000032
褌褍薪懈褋褋泻懈泄	0.000302	0.116534	0.000035
褌褍褉械褑泻懈泄	0.000302	0.116534	0.000035
褌褖邪褌械谢褜薪芯	0.000302	3.912023	0.001182
褌褘泻胁邪	0.000302	0.040822	0.000012
褌褝谐	0.001209	2.407946	0.002911
褌褢褖懈薪	0.000302	0.040822	0.000012
褍胁械写芯屑谢械薪懈械	0.000302	0.040822	0.000012
褍胁械谢懈褔懈褌褜	0.001209	2.995732	0.003621
褍谐谢械胁芯写	0.000907	2.407946	0.002183
褍写邪褌褜褋褟	0.000302	3.218876	0.000973
褍写邪褔薪褘泄	0.000604	0.116534	0.000070
褍写懈胁懈褌褜	0.000302	0.116534	0.000035
褍写懈胁谢褟褌褜	0.001209	0.116534	0.000141
褍写芯胁芯谢褜褋褌胁懈械	0.000302	0.116534	0.000035
褍卸懈薪	0.003324	0.094311	0.000314
褍蟹斜械泻褋泻懈泄	0.000302	0.116534	0.000035
褍泻褉邪懈薪褋泻懈泄	0.000302	0.116534	0.000035
褍泻褉邪褕械薪懈械	0.002418	0.116534	0.000282
褍屑械褌褜	0.000302	2.659260	0.000804
褍锌芯褌褉械斜谢械薪懈械	0.000302	0.116534	0.000035
褍锌芯褌褉械斜谢褟褌褜	0.000302	2.207275	0.000667
褍锌褉褍谐懈泄	0.000302	3.912023	0.001182
褍褉邪谢褜褋泻懈泄	0.000302	0.116534	0.000035
褍褉芯胁械薪褜	0.000302	2.120264	0.000641
褍褉芯卸邪泄	0.000302	0.105361	0.000032
褍褋谢芯胁懈械	0.000302	1.660731	0.000502
褍褌邪褖懈褌褜	0.000302	3.912023	0.001182
褍褌泻邪	0.000907	0.116534	0.000106
褍褏芯	0.000302	0.040822	0.000012
褍褏芯写懈褌褜	0.000302	2.120264	0.000641
褍褔邪褋褌胁芯胁邪褌褜	0.000302	0.040822	0.000012
褍褔懈褌褘胁邪褌褜	0.001209	2.659260	0.003215
褍褔褢褌薪褘泄	0.000302	2.302585	0.000696
褎邪蟹械薪写邪	0.000302	0.116534	0.000035
褎邪泻褌	0.000302	4.605170	0.001392
褎邪薪褌邪蟹懈褟	0.002418	0.116534	0.000282
褎邪褉褕	0.003929	0.040822	0.000160
褎邪褉褕懈褉芯胁邪薪薪褘泄	0.001813	0.040822	0.000074
褎邪褋芯谢褜	0.000302	0.040822	0.000012
褎械胁褉邪谢褜	0.000604	0.094311	0.000057
褎械泄械褉胁械褉泻	0.000604	0.116534	0.000070
褎械薪褟	0.000302	4.605170	0.001392
褎懈谐褍褉邪	0.000302	0.116534	0.000035
褎懈谢械	0.000604	0.916291	0.000554
褎懈谢械泄泻邪	0.000302	4.605170	0.001392
褎懈薪褋泻懈泄	0.000302	0.116534	0.000035
褎懈褉屑械薪薪褘泄	0.000302	0.116534	0.000035
褎芯谢褜谐邪	0.000604	2.995732	0.001811
褎芯薪写褞	0.000302	0.040822	0.000012
褎芯褉屑邪	0.001813	0.105361	0.000191
褎芯褉褍屑	0.001209	0.040822	0.000049
褎芯褉褕屑邪泻	0.000302	0.040822	0.000012
褎褉邪薪褑懈褟	0.000302	0.116534	0.000035
褎褉邪薪褑褍蟹褋泻懈泄	0.000302	0.094311	0.000029
褎褉邪褍	0.001209	0.116534	0.000141
褎褉褍泻褌	0.001209	0.116534	0.000141
褎褉褍泻褌芯胁褘泄	0.002418	0.040822	0.000099
褎褍写	0.000302	0.116534	0.000035
褎褍褉褕械褌	0.000302	0.116534	0.000035
褏邪谢胁邪	0.000302	0.040822	0.000012
褏邪褉胁械褋褌褎械褋褌	0.000604	0.116534	0.000070
褏邪褉褔芯	0.000604	0.040822	0.000025
褏邪褕	0.000302	0.040822	0.000012
褏胁芯褉芯褋褌	0.000302	0.040822	0.000012
褏懈薪泻邪谢懈	0.000302	0.116534	0.000035
褏懈褌	0.002115	0.116534	0.000247
褏泻卸	0.000302	4.605170	0.001392
褏谢械斜	0.000907	0.040822	0.000037
褏谢械斜芯锌械褔泻邪	0.000302	0.116534	0.000035
褏谢芯锌褜褟	0.000604	0.094311	0.000057
褏芯蟹褟泄泻邪	0.000302	0.116534	0.000035
褏芯谢芯写械褑	0.000302	0.040822	0.000012
褏芯谢芯写薪芯械	0.000604	0.116534	0.000070
褏芯谢芯写薪褘泄	0.000604	0.116534	0.000070
褏芯褉胁邪褌褋泻懈泄	0.000302	0.116534	0.000035
褏芯褉芯褕懈泄	0.001511	0.040822	0.000062
褏芯褉芯褕芯	0.001813	0.105361	0.000191
褏芯褉褋	0.000302	0.116534	0.000035
褏芯褌械褌褜	0.001511	0.000000	0.000000
褏芯褌械褌褜褋褟	0.000302	1.237874	0.000374
褏芯褌褜	0.001209	1.897120	0.002293
褏褍屑褍褋邪	0.000302	0.040822	0.000012
褑邪褉屑械谢	0.000302	4.605170	0.001392
褑邪褉褋褌胁芯	0.000302	0.127833	0.000039
褑邪褉褜	0.000302	0.116534	0.000035
褑胁械褌薪芯泄	0.000302	0.040822	0.000012
褑械薪薪芯褋褌褜	0.000302	2.407946	0.000728
褑械薪薪褘泄	0.000302	0.040822	0.000012
褑械薪褌褉	0.000302	0.116534	0.000035
褑懈褌邪褌邪	0.000302	2.302585	0.000696
褔邪械屑褘泄	0.000302	0.116534	0.000035
褔邪泄	0.000907	0.040822	0.000037
褔邪泄薪褘泄	0.000604	2.659260	0.001607
褔邪褋	0.002115	1.139434	0.002410
褔械斜褍褉械泻	0.000604	0.040822	0.000025
褔械谢芯胁械泻	0.000302	0.916291	0.000277
褔械褉泻懈蟹芯胁褘泄	0.000604	0.116534	0.000070
褔械褋褌薪芯泄	0.000302	0.040822	0.000012
褔械褔械胁懈褑邪	0.000302	0.040822	0.000012
褔械褕褋泻懈泄	0.000302	0.116534	0.000035
褔懈蟹泻械泄泻	0.001209	0.040822	0.000049
褔懈谢懈泄褋泻懈泄	0.000302	0.116534	0.000035
褔懈锌褋褘	0.000302	0.040822	0.000012
褔懈褌邪褌褜	0.001209	1.832581	0.002215
褔褍写芯	0.000302	0.116534	0.000035
褔褢褉薪褘泄	0.000302	0.356675	0.000108
褕邪褉懈泻	0.000302	0.040822	0.000012
褕邪褉谢芯褌泻邪	0.000604	0.040822	0.000025
褕邪褉屑	0.000302	0.116534	0.000035
褕邪褕谢褘泻	0.003929	0.040822	0.000160
褕胁械写褋泻懈泄	0.000302	0.116534	0.000035
褕胁械泄褑邪褉褋泻懈泄	0.000302	0.116534	0.000035
褕械写械胁褉	0.000302	0.116534	0.000035
褕械褎	0.000302	0.127833	0.000039
褕懈锌褍褔泻邪	0.000302	0.040822	0.000012
褕懈褉胁邪薪褘泄	0.000302	4.605170	0.001392
褕懈褉芯泻懈泄	0.000302	0.127833	0.000039
褕泻芯谢邪	0.000302	0.116534	0.000035
褕泻芯谢褜薪懈泻	0.000302	3.506558	0.001060
褕泻褍褉邪	0.000302	4.605170	0.001392
褕芯泻芯谢邪写	0.000302	0.040822	0.000012
褕芯褌谢邪薪写褋泻懈泄	0.000302	0.116534	0.000035
褕褌	0.000604	2.525729	0.001527
褕褌褉褍写械谢褜	0.000302	0.040822	0.000012
褕褌褍泻邪	0.000302	2.120264	0.000641
褕褍斜泻邪	0.000302	2.407946	0.000728
褕褍褉锌邪	0.000302	0.040822	0.000012
褖械写褉褘泄	0.000302	0.116534	0.000035
褖懈	0.000604	0.040822	0.000025
褝泻芯屑懈谢泻	0.000302	0.127833	0.000039
褝薪械褉谐械褌懈褔械褋泻懈泄	0.000302	2.407946	0.000728
褝褋褌芯薪褋泻懈泄	0.000302	0.116534	0.000035
褞谐芯褋谢邪胁褋泻懈泄	0.000302	0.116534	0.000035
褟谐芯写邪	0.000302	2.302585	0.000696
褟谐芯写薪褘泄	0.001209	0.105361	0.000127
褟蟹褘泻	0.000302	0.040822	0.000012
褟泄褑芯	0.001511	0.040822	0.000062
褟薪写械泻褋	0.000302	0.072571	0.000022
褟锌芯薪褋泻懈泄	0.000604	0.051293	0.000031
褟褉泻懈泄	0.000302	0.116534	0.000035
褟褉泻芯	0.000302	0.105361	0.000032
