谢械屑屑邪	TF	IDF	TF-IDF
邪斜褏邪蟹褋泻懈泄	0.000279	0.116534	0.000033
邪胁谐褍褋褌	0.000279	0.843970	0.000235
邪胁褋褌褉邪谢懈泄褋泻懈泄	0.000279	0.116534	0.000033
邪胁褋褌褉懈泄褋泻懈泄	0.000279	0.116534	0.000033
邪胁褌芯泻谢邪胁	0.000279	0.116534	0.000033
邪胁褌芯褉	0.000837	0.040822	0.000034
邪谐褉芯	0.000279	0.116534	0.000033
邪写卸懈泻邪	0.000279	0.040822	0.000011
邪蟹	0.000279	0.127833	0.000036
邪蟹械褉斜邪泄写卸邪薪褋泻懈泄	0.000279	0.116534	0.000033
邪蟹懈邪褌褋泻懈泄	0.000279	0.127833	0.000036
邪蟹褍	0.000279	2.813411	0.000785
邪泄褉邪薪	0.000279	0.040822	0.000011
邪泻胁邪褌懈泻	0.000837	0.127833	0.000107
邪泻褑懈褟	0.000279	2.040221	0.000569
邪谢械泻褋械泄	0.000279	0.127833	0.000036
邪谢泻芯谐芯谢褜	0.000837	0.116534	0.000098
邪谢泻芯谐芯谢褜薪褘泄	0.000279	0.116534	0.000033
邪谢褜褟薪褋	0.000279	0.116534	0.000033
邪屑械褉懈泻邪薪褋泻	0.000279	2.995732	0.000836
邪屑械褉懈泻邪薪褋泻懈泄	0.000279	0.116534	0.000033
邪薪谐谢懈泄褋泻懈泄	0.000279	0.116534	0.000033
邪薪写褉械泄	0.000279	0.127833	0.000036
邪锌锌械褌懈褌薪褘泄	0.000279	1.832581	0.000511
邪锌褉械谢褜	0.000279	0.544727	0.000152
邪褉邪斜褋泻懈泄	0.000279	0.116534	0.000033
邪褉谐械薪褌懈薪褋泻懈泄	0.000279	0.116534	0.000033
邪褉屑褟薪褋泻懈泄	0.000279	0.116534	0.000033
邪褉芯屑邪褌	0.000558	0.820981	0.000458
邪褉芯屑邪褌薪褘泄	0.000558	0.693147	0.000387
邪褋褋芯褉褌懈	0.000558	0.116534	0.000065
邪褌谢邪薪褌	0.000279	0.116534	0.000033
邪褎谐邪薪褋泻懈泄	0.000279	0.116534	0.000033
邪褎褉懈泻邪薪褋泻懈泄	0.000279	0.116534	0.000033
邪褝褉芯谐褉懈谢褜	0.002790	0.116534	0.000325
邪褝褉芯锌芯褉褌	0.000279	2.525729	0.000705
斜邪蟹懈谢懈泻	0.000558	1.609438	0.000898
斜邪泻谢邪卸邪薪	0.000279	0.040822	0.000011
斜邪谢褌泻芯屑邪	0.000279	0.127833	0.000036
斜邪褉邪薪懈薪邪	0.001116	0.116534	0.000130
斜邪褋屑邪褌懈	0.000558	0.127833	0.000071
斜邪褋褌褍褉屑	0.000279	0.040822	0.000011
斜邪褋褌褍褉屑邪	0.000279	0.040822	0.000011
斜邪褌芯薪褔懈泻	0.000279	0.127833	0.000036
斜邪褕泻懈褉褋泻懈泄	0.000279	0.116534	0.000033
斜械写褉芯	0.000558	2.302585	0.001285
斜械写褉褘褕泻邪	0.000279	3.506558	0.000978
斜械蟹邪谢泻芯谐芯谢褜薪褘泄	0.000279	0.116534	0.000033
斜械蟹谐谢褞褌械薪芯胁芯械	0.000279	0.116534	0.000033
斜械蟹械	0.001116	0.040822	0.000046
斜械谢械斜械械胁褋泻懈泄	0.000558	0.116534	0.000065
斜械谢芯褉褍褋褋泻懈泄	0.000279	0.116534	0.000033
斜械谢褘泄	0.000558	1.237874	0.000691
斜械谢褜谐懈泄褋泻懈泄	0.000279	0.116534	0.000033
斜械褉械屑械薪薪邪褟	0.000279	0.116534	0.000033
斜械褋械写懈薪	0.000279	0.127833	0.000036
斜械褎褋褌褉芯谐邪薪芯胁	0.000279	2.995732	0.000836
斜械褕斜邪褉屑邪泻	0.000279	3.506558	0.000978
斜懈邪	0.000279	2.995732	0.000836
斜懈蟹薪械褋	0.000279	2.525729	0.000705
斜懈褋泻胁懈褌	0.000558	0.040822	0.000023
斜懈褋泻胁懈褌薪褘泄	0.000837	0.105361	0.000088
斜懈褌芯褔械泻	0.000279	1.897120	0.000529
斜谢邪谐芯写邪褉薪褘泄	0.000279	1.660731	0.000463
斜谢懈蟹泻懈泄	0.000558	0.116534	0.000065
斜谢懈薪	0.001674	0.040822	0.000068
斜谢懈褑	0.000558	2.207275	0.001232
斜谢褞写芯	0.043527	0.040822	0.001777
斜芯斜芯胁褘泄	0.002232	0.116534	0.000260
斜芯谢谐邪褉褋泻懈泄	0.000279	0.116534	0.000033
斜芯谢褜褕芯泄	0.001395	0.094311	0.000132
斜芯褉褌	0.000279	2.525729	0.000705
斜芯褉褌芯胁褘泄	0.000279	2.525729	0.000705
斜芯褉褖	0.000558	0.040822	0.000023
斜芯褌胁懈薪褜褟	0.000279	0.040822	0.000011
斜褉邪蟹懈谢褜褋泻懈泄	0.000279	0.116534	0.000033
斜褉邪褍蟹械褉	0.000279	0.040822	0.000011
斜褉邪褍薪懈	0.000279	0.040822	0.000011
斜褉械褋褌	0.000279	0.127833	0.000036
斜褉懈蟹芯谢褜	0.000279	2.659260	0.000742
斜褉芯泻泻芯谢懈	0.000279	0.040822	0.000011
斜褍卸械薪懈薪邪	0.000279	0.040822	0.000011
斜褍谢芯褔泻邪	0.000837	0.040822	0.000034
斜褍谢褜芯薪	0.004185	0.040822	0.000171
斜褍褉谐械褉	0.000558	0.040822	0.000023
斜褍褉褟褌褋泻懈泄	0.000279	0.116534	0.000033
斜褍褌械褉斜褉芯写	0.001116	0.040822	0.000046
斜褘褋褌褉械薪褜泻芯	0.000279	3.218876	0.000898
斜褘褋褌褉芯	0.000558	0.094311	0.000053
斜褘褋褌褉褘泄	0.001116	0.094311	0.000105
胁邪卸薪褘泄	0.000279	0.116534	0.000033
胁邪谢谢懈泄褋泻懈泄	0.000279	0.116534	0.000033
胁邪褉械薪懈械	0.000558	0.040822	0.000023
胁邪褉械薪懈泻	0.000279	0.116534	0.000033
胁邪褉懈邪薪褌	0.000837	0.356675	0.000299
胁邪褉懈邪褑懈褟	0.000279	2.407946	0.000672
胁邪褌褉褍褕泻邪	0.000279	0.040822	0.000011
胁邪褎谢褟	0.000558	0.040822	0.000023
胁邪褕	0.000558	0.000000	0.000000
胁胁芯写懈褌褜	0.000279	0.040822	0.000011
胁写芯褏薪芯胁械薪懈械	0.001674	0.116534	0.000195
胁写芯褏薪芯胁谢褟褌褜褋褟	0.000279	0.116534	0.000033
胁械谐械褌邪褉懈邪薪褋泻懈泄	0.000558	0.116534	0.000065
胁械谢懈泻懈泄	0.000279	0.116534	0.000033
胁械薪谐械褉褋泻懈泄	0.000279	0.116534	0.000033
胁械褋械薪薪懈泄	0.000279	0.051293	0.000014
胁械褋薪邪	0.001674	0.116534	0.000195
胁械褋褌	0.000279	4.605170	0.001285
胁械褋褢谢褘泄	0.000558	2.525729	0.001409
胁械褌褔懈薪邪	0.000279	0.094311	0.000026
胁蟹谐谢褟写	0.000279	1.427116	0.000398
胁蟹褟褌褜	0.000558	1.171183	0.000654
胁懈写械芯	0.000558	0.116534	0.000065
胁懈写械芯褉械褑械锌褌	0.000279	0.301105	0.000084
胁懈薪芯	0.000558	0.040822	0.000023
胁泻褉邪锌谢械薪懈械	0.000279	3.506558	0.000978
胁泻褍褋	0.005022	0.105361	0.000529
胁泻褍褋薪芯	0.001674	0.094311	0.000158
胁泻褍褋薪褘泄	0.004185	0.061875	0.000259
胁泻褍褋薪褟褌懈薪邪	0.000279	2.207275	0.000616
胁谢褞斜懈褌褜	0.000279	0.116534	0.000033
胁谢褞斜懈褌褜褋褟	0.000279	1.386294	0.000387
胁屑械褋褌械	0.000558	0.916291	0.000511
胁薪邪褔邪谢械	0.001116	0.248461	0.000277
胁芯写邪	0.001953	0.094311	0.000184
胁芯泄褌懈	0.000279	0.000000	0.000000
胁芯谢芯胁邪薪	0.000279	0.116534	0.000033
胁芯谢褕械斜薪褘泄	0.000558	0.116534	0.000065
胁芯谢褕械斜褋褌胁芯	0.000279	0.116534	0.000033
胁芯锌褉芯褋	0.000279	0.000000	0.000000
胁芯褋褌芯褔薪褘泄	0.000279	0.127833	0.000036
胁锌械褉胁褘械	0.000279	1.560648	0.000435
胁褉械屑褟	0.003069	0.105361	0.000323
胁褋锌芯屑薪懈褌褜	0.000279	0.040822	0.000011
胁褋褟泻懈泄	0.000279	2.120264	0.000592
胁褌芯褉芯械	0.000279	0.116534	0.000033
胁褌芯褉芯泄	0.000279	0.116534	0.000033
胁褍邪谢褟	0.000279	3.506558	0.000978
胁褏芯写	0.000837	0.030459	0.000025
胁褘卸写邪褌褜	0.000279	3.912023	0.001092
胁褘泄褌懈	0.000279	0.040822	0.000011
胁褘泻谢邪写褘胁邪褌褜	0.000279	1.660731	0.000463
胁褘谢芯卸懈褌褜	0.000279	1.832581	0.000511
胁褘锌械褔泻邪	0.004185	0.040822	0.000171
胁褘锌褍褋泻	0.000279	3.506558	0.000978
胁褜械褌薪邪屑褋泻懈泄	0.000279	0.116534	0.000033
谐邪胁邪泄褋泻懈泄	0.000279	0.116534	0.000033
谐邪谢褍褕泻邪	0.000279	2.813411	0.000785
谐邪褉薪懈褉	0.001674	0.040822	0.000068
谐邪褋锌邪褔芯	0.000279	0.040822	0.000011
谐械芯谐褉邪褎懈褟	0.000279	0.116534	0.000033
谐谢邪胁薪芯械	0.000279	1.139434	0.000318
谐谢邪胁薪褘泄	0.000279	0.040822	0.000011
谐谢邪蟹懈褉芯胁邪褌褜	0.000279	3.912023	0.001092
谐谢邪蟹褍褉褜	0.000837	0.040822	0.000034
谐谢懈薪褌胁械泄薪	0.000279	0.040822	0.000011
谐芯胁芯褉懈褌褜	0.000279	1.272966	0.000355
谐芯胁褟写懈薪邪	0.001116	0.116534	0.000130
谐芯写	0.007533	0.083382	0.000628
谐芯谢谢邪薪写褋泻懈泄	0.000279	0.116534	0.000033
谐芯褉邪蟹写芯	0.000558	2.040221	0.001139
谐芯褉芯写	0.000558	0.116534	0.000065
谐芯褉芯褏	0.000279	0.116534	0.000033
谐芯褉褔懈褑邪	0.002511	0.040822	0.000103
谐芯褉褕芯褔械泻	0.000837	0.040822	0.000034
谐芯褉褟褔械械	0.000837	0.116534	0.000098
谐芯褉褟褔懈泄	0.020647	0.105361	0.002175
谐芯褋褌	0.000279	2.659260	0.000742
谐芯褋褌褜	0.000558	0.116534	0.000065
谐芯褌芯胁懈褌褜	0.005301	0.083382	0.000442
谐芯褌芯胁懈褌褜褋褟	0.000279	0.371064	0.000104
谐芯褌芯胁泻邪	0.000279	2.120264	0.000592
谐芯褌芯胁褘泄	0.000558	0.755023	0.000421
谐褉械薪泻邪	0.000558	0.040822	0.000023
谐褉械褔械褋泻懈泄	0.000279	0.116534	0.000033
谐褉械褔泻邪	0.000279	0.040822	0.000011
谐褉懈斜	0.002790	0.040822	0.000114
谐褉懈斜薪芯泄	0.000558	0.040822	0.000023
谐褉懈谢褜	0.003069	0.105361	0.000323
谐褉懈谢褜屑邪薪懈褟	0.000279	0.116534	0.000033
谐褉芯谐	0.000279	0.040822	0.000011
谐褉褍写泻邪	0.002232	0.967584	0.002160
谐褉褍蟹懈薪褋泻懈泄	0.000279	0.116534	0.000033
谐褉褍锌锌邪	0.000279	0.061875	0.000017
谐褍谢褜褔械褏褉	0.000558	3.218876	0.001796
谐褍褉屑	0.000279	0.127833	0.000036
谐褍褉屑邪薪懈褟	0.001674	0.116534	0.000195
谐褍褋褜	0.000558	0.105361	0.000059
写邪胁邪褌褜	0.000279	0.040822	0.000011
写邪胁薪械薪褜泻芯	0.000279	2.995732	0.000836
写邪胁薪芯	0.000558	0.967584	0.000540
写邪薪薪褘械	0.000279	0.040822	0.000011
写邪褉	0.000279	0.116534	0.000033
写邪褌邪	0.000558	0.248461	0.000139
写邪褌褋泻懈泄	0.000279	0.116534	0.000033
写邪褌褜	0.000279	0.040822	0.000011
写邪褔薪褘泄	0.000837	0.116534	0.000098
写胁邪	0.000558	0.967584	0.000540
写械泻芯褉	0.000279	0.127833	0.000036
写械谢邪褌褜	0.000837	0.083382	0.000070
写械谢懈褌褜褋褟	0.000558	0.040822	0.000023
写械谢芯	0.000837	0.105361	0.000088
写械薪褜	0.002511	0.040822	0.000103
写械褋械褉褌	0.004743	0.040822	0.000194
写械褋械褉褌邪褑懈褟	0.000279	0.116534	0.000033
写械褋械褉褌薪褘泄	0.000279	0.116534	0.000033
写卸械屑	0.000279	0.040822	0.000011
写卸械屑邪	0.000279	0.040822	0.000011
写蟹械薪	0.000279	0.116534	0.000033
写懈械褌邪	0.000558	0.094311	0.000053
写懈泻懈泄	0.000837	0.116534	0.000098
写懈锌	0.000279	0.116534	0.000033
写懈褔褜	0.000837	0.116534	0.000098
写薪械胁薪懈泻	0.000279	0.061875	0.000017
写芯斜邪胁懈褌褜	0.000558	0.083382	0.000047
写芯斜邪胁谢械薪懈械	0.000279	0.223144	0.000062
写芯斜邪胁谢褟褌褜	0.000279	0.040822	0.000011
写芯斜褉芯褎谢芯褌	0.000279	0.127833	0.000036
写芯胁械褉褟褌褜	0.000279	0.116534	0.000033
写芯谢谐芯	0.000279	1.514128	0.000422
写芯屑	0.003069	0.040822	0.000125
写芯屑邪褕薪懈泄	0.003627	0.040822	0.000148
写褉邪泄胁	0.001395	0.127833	0.000178
写褉芯卸卸械胁芯泄	0.000279	0.116534	0.000033
写褉褍谐	0.000558	0.544727	0.000304
写褍屑邪褌褜	0.000558	0.634878	0.000354
写褍褏芯胁泻邪	0.001395	0.105361	0.000147
写褍褕邪	0.000837	0.105361	0.000088
写褍褕懈褋褌褘泄	0.001116	1.237874	0.001382
械胁褉械泄褋泻懈泄	0.000279	0.116534	0.000033
械谐懈锌械褌褋泻懈泄	0.000279	0.116534	0.000033
械写懈薪褘泄	0.000279	0.000000	0.000000
械写芯泻	0.000279	3.912023	0.001092
械泻芯	0.000279	0.127833	0.000036
械褏邪褌褜	0.000279	2.302585	0.000642
卸邪褉懈褌褜	0.000279	1.347074	0.000376
卸邪褉泻芯械	0.000279	0.040822	0.000011
卸械谢邪械屑褘泄	0.000279	1.469676	0.000410
卸械谢邪褌械谢褜薪芯	0.000279	2.525729	0.000705
卸械谢械	0.000837	0.040822	0.000034
卸械薪褋泻懈泄	0.000558	0.020203	0.000011
卸械薪褖懈薪邪	0.000558	0.061875	0.000035
卸懈蟹薪褜	0.000558	0.040822	0.000023
卸懈褉薪褘泄	0.000279	2.207275	0.000616
卸褍谢褜械薪	0.000279	0.040822	0.000011
卸褍褉薪邪谢	0.000279	0.072571	0.000020
卸褞谢褜械薪	0.000279	0.040822	0.000011
卸褞谢褜薪褘泄	0.000279	0.040822	0.000011
蟹邪斜懈胁邪褌褜	0.000279	3.912023	0.001092
蟹邪胁邪褉薪芯泄	0.000558	0.116534	0.000065
蟹邪胁褌褉邪泻	0.002232	0.094311	0.000211
蟹邪谐芯褌芯胁泻邪	0.001116	0.040822	0.000046
蟹邪写邪胁邪褌褜	0.000279	0.040822	0.000011
蟹邪泻胁邪褋泻邪	0.000837	0.040822	0.000034
蟹邪泻褉褘褌褘泄	0.000279	0.116534	0.000033
蟹邪泻褍褋泻邪	0.005859	0.040822	0.000239
蟹邪泻褍褋芯薪褔懈泻	0.000279	0.116534	0.000033
蟹邪泻褍褋芯褔泻邪	0.000279	0.116534	0.000033
蟹邪泻褍褋芯褔薪邪褟	0.002511	0.116534	0.000293
蟹邪谢懈胁泻邪	0.000279	2.525729	0.000705
蟹邪谢懈胁薪芯械	0.000558	0.040822	0.000023
蟹邪屑邪褉懈薪芯胁邪褌褜	0.000279	2.995732	0.000836
蟹邪屑械褔邪褌械谢褜薪褘泄	0.000279	0.713350	0.000199
蟹邪屑芯褉芯蟹泻邪	0.000279	0.105361	0.000029
蟹邪锌邪写	0.000279	0.116534	0.000033
蟹邪锌械泻邪薪泻邪	0.003069	0.040822	0.000125
蟹邪锌懈褋薪芯泄	0.000279	3.218876	0.000898
蟹邪锌褉邪胁泻邪	0.000558	0.040822	0.000023
蟹邪褉邪薪械械	0.000279	1.660731	0.000463
蟹邪褉械谐懈褋褌褉懈褉芯胁邪褌褜褋褟	0.000558	0.030459	0.000017
蟹邪褋芯谢泻邪	0.000279	0.116534	0.000033
蟹邪褌褉邪褌懈褌褜	0.000279	3.218876	0.000898
蟹邪褏芯褌械褌褜	0.000279	3.506558	0.000978
蟹邪褏芯褌械褌褜褋褟	0.000279	2.207275	0.000616
蟹邪褟褑	0.000558	0.116534	0.000065
蟹胁邪薪褘泄	0.000279	0.127833	0.000036
蟹胁械蟹写邪	0.000279	0.116534	0.000033
蟹胁褢蟹写薪褘泄	0.000279	0.116534	0.000033
蟹写芯褉芯胁褘泄	0.000558	0.116534	0.000065
蟹械谢械薪褜	0.000279	0.094311	0.000026
蟹械褎懈褉	0.000279	0.040822	0.000011
蟹懈屑邪	0.001116	0.040822	0.000046
蟹懈屑薪懈泄	0.000279	0.051293	0.000014
蟹薪邪褌褜	0.000837	0.462035	0.000387
蟹芯谢芯褌芯泄	0.000279	0.116534	0.000033
懈胁邪薪芯胁	0.000279	0.127833	0.000036
懈胁谢械胁	0.000279	3.506558	0.000978
懈谐褉邪	0.000279	2.813411	0.000785
懈写械邪谢褜薪褘泄	0.002232	0.116534	0.000260
懈写械泄泻邪	0.000279	0.116534	0.000033
懈写械薪褌懈褔薪褘泄	0.000279	3.506558	0.000978
懈蟹写械谢懈械	0.001674	0.116534	0.000195
懈泻褉邪	0.000837	0.040822	0.000034
懈谢谢褞褋褌褉懈褉芯胁邪褌褜	0.000279	2.120264	0.000592
懈屑斜懈褉褜	0.000558	1.832581	0.001023
懈屑褟	0.000279	0.030459	0.000008
懈薪胁械褉褌芯褉薪褘泄	0.000279	0.127833	0.000036
懈薪谐褉械写懈械薪褌	0.009487	0.139262	0.001321
懈薪写械泄泻邪	0.001674	0.094311	0.000158
懈薪写懈泄褋泻懈泄	0.000279	0.116534	0.000033
懈薪写懈谢邪泄褌邪	0.000837	0.116534	0.000098
懈薪写懈褉械褋薪褘泄	0.000279	0.116534	0.000033
懈薪械褌	0.000279	1.771957	0.000494
懈薪褋褌褉褍泻褑懈褟	0.000279	0.030459	0.000008
懈薪褌械褉械褋薪褘泄	0.000279	0.916291	0.000256
懈薪褌械褉薪械褌	0.000279	0.967584	0.000270
懈褉邪泻褋泻懈泄	0.000279	0.116534	0.000033
懈褉邪薪褋泻懈泄	0.000279	0.116534	0.000033
懈褉谢邪薪写褋泻懈泄	0.000279	0.116534	0.000033
懈褋泻邪褌褜	0.000279	1.108663	0.000309
懈褋泻谢褞褔懈褌褜	0.000279	1.469676	0.000410
懈褋泻褉械薪薪械	0.000279	0.116534	0.000033
懈褋谢邪薪写褋泻懈泄	0.000279	0.116534	0.000033
懈褋锌邪薪褋泻懈泄	0.000279	0.116534	0.000033
懈褋锌械褔褜	0.000279	0.105361	0.000029
懈褋褌芯泻	0.000279	3.506558	0.000978
懈褋褌芯褉懈褟	0.001674	0.116534	0.000195
懈褋褔械蟹薪褍褌褜	0.000279	3.218876	0.000898
懈褌邪谢懈褟	0.000558	0.105361	0.000059
懈褌邪谢褜褟薪褋泻懈泄	0.000558	0.105361	0.000059
懈褞谢褜	0.000279	0.579818	0.000162
懈褞薪褜	0.000279	0.562119	0.000157
泄芯谐褍褉褌	0.000837	0.040822	0.000034
泻邪斜邪褔芯泻	0.000279	0.040822	0.000011
泻邪胁泻邪蟹褋泻懈泄	0.000279	0.116534	0.000033
泻邪蟹邪薪	0.000279	0.116534	0.000033
泻邪蟹邪褏褋泻懈泄	0.000279	0.116534	0.000033
泻邪泻邪芯	0.000558	0.040822	0.000023
泻邪谢械泄写芯褋泻芯锌	0.001116	0.116534	0.000130
泻邪谢屑褘褑泻懈泄	0.000279	0.116534	0.000033
泻邪谢褜屑邪褉	0.000279	0.040822	0.000011
泻邪屑械褉邪	0.000279	0.116534	0.000033
泻邪薪邪写褋泻懈泄	0.000279	0.116534	0.000033
泻邪薪邪谢	0.000837	0.040822	0.000034
泻邪薪邪锌械	0.000558	0.040822	0.000023
泻邪锌褍褋褌邪	0.000837	0.040822	0.000034
泻邪锌褍褋褌薪褟泻	0.000279	0.040822	0.000011
泻邪褉邪屑械谢褜	0.000279	0.040822	0.000011
泻邪褉斜芯薪邪写	0.000558	3.506558	0.001957
泻邪褉泻邪褋薪褘泄	0.001116	0.116534	0.000130
泻邪褉褌芯褎械谢褜	0.000279	0.040822	0.000011
泻邪褉褌芯褎械谢褜薪褘泄	0.001116	0.040822	0.000046
泻邪褉褌芯褕泻邪	0.000558	0.040822	0.000023
泻邪褌械谐芯褉懈褟	0.004743	0.116534	0.000553
泻邪褔械褋褌胁芯	0.000279	0.105361	0.000029
泻邪褕邪	0.001953	0.040822	0.000080
泻胁邪褋	0.001116	0.040822	0.000046
泻胁邪褋薪芯泄	0.000837	0.116534	0.000098
泻械泻褋	0.000837	0.040822	0.000034
泻械褎懈褉	0.000279	0.040822	0.000011
泻懈屑褔邪褌褜	0.000279	0.040822	0.000011
泻懈薪芯邪	0.000558	0.127833	0.000071
泻懈薪芯谢械薪褌邪	0.000279	0.116534	0.000033
泻懈褋械谢褜	0.000558	0.040822	0.000023
泻懈褌邪泄褋泻懈泄	0.000279	0.116534	0.000033
泻谢邪褋褋	0.002790	0.116534	0.000325
泻谢褟褉	0.000279	2.302585	0.000642
泻薪懈谐邪	0.000837	0.040822	0.000034
泻薪懈卸泻邪	0.000279	2.995732	0.000836
泻芯泻褌械泄谢褜	0.001674	0.040822	0.000068
泻芯谢斜邪褋邪	0.000279	0.040822	0.000011
泻芯谢斜邪褋薪褘泄	0.000837	0.116534	0.000098
泻芯屑邪薪写邪	0.000558	0.127833	0.000071
泻芯屑懈	0.000279	0.116534	0.000033
泻芯屑屑械薪褌邪褉懈泄	0.000279	0.127833	0.000036
泻芯屑锌邪薪懈褟	0.000279	0.105361	0.000029
泻芯屑锌芯褌	0.000837	0.040822	0.000034
泻芯薪械褔薪芯	0.000279	0.527633	0.000147
泻芯薪懈薪邪	0.000279	0.116534	0.000033
泻芯薪泻褍褉褋	0.060268	0.040822	0.002460
泻芯薪泻褍褉褋薪褘泄	0.000279	0.127833	0.000036
泻芯薪褋械褉胁懈褉芯胁邪薪懈械	0.000279	0.040822	0.000011
泻芯薪褋械褉胁懈褉芯胁邪薪薪褘泄	0.001395	0.116534	0.000163
泻芯薪褋褌邪薪褌懈薪	0.000279	3.506558	0.000978
泻芯薪褎械褌邪	0.001116	0.040822	0.000046
泻芯薪褎械褌褌懈	0.000279	0.116534	0.000033
泻芯薪褎懈写械薪褑懈邪谢褜薪芯褋褌褜	0.000279	0.040822	0.000011
泻芯薪褎懈褌褞褉	0.000279	0.040822	0.000011
泻芯锌褔褢薪芯褋褌褜	0.000279	0.116534	0.000033
泻芯褉械泄褋泻懈	0.000279	0.040822	0.000011
泻芯褉械泄褋泻懈泄	0.000279	0.105361	0.000029
泻芯褉卸懈泻	0.000279	0.040822	0.000011
泻芯褉懈褑邪	0.000558	1.347074	0.000752
泻芯褉懈褔薪械胁褘泄	0.000558	1.272966	0.000710
泻芯褉屑懈褌褜	0.000279	0.116534	0.000033
泻芯褉芯褔泻邪	0.000279	1.309333	0.000365
泻芯褌谢械褌邪	0.001953	0.040822	0.000080
泻芯褎械	0.000558	0.040822	0.000023
泻褉邪褋懈胁褘泄	0.000279	0.843970	0.000235
泻褉邪褋泻邪	0.000279	0.116534	0.000033
泻褉邪褏屑邪谢	0.001674	0.891598	0.001493
泻褉械邪褌懈胁	0.000279	0.127833	0.000036
泻褉械屑	0.000837	0.040822	0.000034
泻褉械锌泻懈泄	0.000279	0.116534	0.000033
泻褉芯谢懈泻	0.000558	0.116534	0.000065
泻褉芯屑械	0.000279	0.061875	0.000017
泻褉芯褏邪	0.000279	0.116534	0.000033
泻褉褍谐	0.000558	0.116534	0.000065
泻褉褍锌	0.001674	0.105361	0.000176
泻褉褍锌邪	0.002511	0.116534	0.000293
泻褉褍锌褟薪芯泄	0.000279	0.116534	0.000033
泻褉褘谢芯	0.000558	2.813411	0.001570
泻褉褘谢褘褕泻芯	0.000558	2.995732	0.001672
泻褍斜懈薪褋泻懈泄	0.000279	0.116534	0.000033
泻褍谢械褕	0.000279	0.040822	0.000011
泻褍谢懈薪邪褉懈褟	0.001116	0.094311	0.000105
泻褍谢懈薪邪褉薪褘泄	0.001674	0.000000	0.000000
泻褍谢懈褔	0.000558	0.040822	0.000023
泻褍薪卸褍褌	0.001116	0.994252	0.001110
泻褍褉写褋泻懈泄	0.000279	0.116534	0.000033
泻褍褉懈薪褘泄	0.011719	0.094311	0.001105
泻褍褉懈褑邪	0.012556	0.040822	0.000513
泻褍褉芯褔泻邪	0.000837	0.116534	0.000098
泻褍褋泻褍褋	0.000279	0.040822	0.000011
泻褍褏薪褟	0.002232	0.040822	0.000091
谢邪胁邪褕	0.001674	0.040822	0.000068
谢邪胁褉芯胁褘泄	0.001116	1.139434	0.001272
谢邪谐屑邪薪	0.000558	0.040822	0.000023
谢邪泻芯屑褋褌胁芯	0.000279	0.116534	0.000033
谢邪泻芯薪懈褔薪褘泄	0.000279	3.912023	0.001092
谢邪锌褕邪	0.000558	0.040822	0.000023
谢邪褌褘褕褋泻懈泄	0.000279	0.116534	0.000033
谢械谐泻芯	0.001674	0.116534	0.000195
谢械薪懈胁褘泄	0.000558	1.427116	0.000796
谢械锌褢褕泻邪	0.000558	0.040822	0.000023
谢械褌薪懈泄	0.000558	0.040822	0.000023
谢械褌芯	0.001674	0.116534	0.000195
谢械褔芯	0.000279	0.040822	0.000011
谢懈谐邪	0.000837	0.116534	0.000098
谢懈泻褢褉	0.000279	0.040822	0.000011
谢懈屑芯薪	0.001116	0.891598	0.000995
谢懈屑芯薪邪写	0.000558	0.040822	0.000023
谢懈屑芯薪薪褘泄	0.000558	0.713350	0.000398
谢懈褋褌	0.001116	0.843970	0.000942
谢懈褌芯胁褋泻	0.000279	0.127833	0.000036
谢懈褌芯胁褋泻懈泄	0.000279	0.116534	0.000033
谢褍泻	0.001116	0.301105	0.000336
谢褞斜懈屑褘泄	0.002232	0.116534	0.000260
谢褞斜芯胁褜	0.000558	0.105361	0.000059
谢褞斜芯泄	0.000558	0.094311	0.000053
谢褢谐泻懈泄	0.000837	0.094311	0.000079
谢褢写	0.000279	0.116534	0.000033
屑邪谐褉懈斜	0.000279	0.116534	0.000033
屑邪泄	0.000837	0.116534	0.000098
屑邪泄芯薪械蟹	0.001395	0.116534	0.000163
屑邪泻邪褉芯薪薪褘泄	0.000279	0.116534	0.000033
屑邪泻邪褉芯薪褘	0.000279	0.040822	0.000011
屑邪谢邪蟹懈泄褋泻懈泄	0.000279	0.116534	0.000033
屑邪谢械薪褜泻懈泄	0.000279	1.514128	0.000422
屑邪谢芯	0.000279	1.609438	0.000449
屑邪薪懈锌褍谢褟褑懈褟	0.000279	3.912023	0.001092
屑邪薪薪懈泻	0.000279	0.040822	0.000011
屑邪薪褋邪褉写邪	0.000279	0.755023	0.000211
屑邪薪褌邪	0.000279	0.116534	0.000033
屑邪薪褢胁褉	0.000279	0.116534	0.000033
屑邪褉邪褎芯薪	0.000837	0.116534	0.000098
屑邪褉懈薪邪写	0.004185	0.040822	0.000171
屑邪褉懈薪芯胁邪褌褜	0.000837	0.116534	0.000098
屑邪褉屑械谢邪写	0.000279	0.040822	0.000011
屑邪褉芯泻泻邪薪褋泻懈泄	0.000279	0.116534	0.000033
屑邪褉褌	0.001674	0.105361	0.000176
屑邪褋泻邪褉锌芯薪	0.000279	0.040822	0.000011
屑邪褋谢械薪懈褑邪	0.000837	0.040822	0.000034
屑邪褋谢械薪懈褔薪褘泄	0.000279	0.116534	0.000033
屑邪褋谢芯	0.007812	0.105361	0.000823
屑邪褋褌械褉	0.002511	0.116534	0.000293
屑邪褋褌懈泻邪	0.000558	0.040822	0.000023
屑邪褎褎懈薪邪	0.000279	0.116534	0.000033
屑邪褏械械胁褗	0.001116	0.116534	0.000130
屑邪褕懈薪邪	0.000279	2.207275	0.000616
屑械写懈邪褎芯褉褌	0.000837	0.000000	0.000000
屑械写芯胁褘泄	0.000279	0.116534	0.000033
屑械泻褋懈泻邪薪褋泻懈泄	0.000279	0.116534	0.000033
屑械谢芯褔褜	0.000279	2.813411	0.000785
屑械薪褞	0.000279	0.116534	0.000033
屑械薪褟褌褜褋褟	0.000279	0.116534	0.000033
屑械褔褌邪	0.000837	0.040822	0.000034
屑懈	0.000279	2.995732	0.000836
屑懈写懈褟	0.000279	0.040822	0.000011
屑懈泻褉芯胁芯谢薪芯胁泻邪	0.000279	0.105361	0.000029
屑懈谢褜褟	0.000279	0.116534	0.000033
屑懈薪褍褌邪	0.000279	0.544727	0.000152
屑懈芯	0.000279	0.116534	0.000033
屑懈褉	0.000558	0.105361	0.000059
屑懈褉芯胁芯泄	0.000279	0.116534	0.000033
屑懈褋芯	0.000279	0.040822	0.000011
屑懈褋褌械褉懈褟	0.000279	0.116534	0.000033
屑懈褋褌褉邪谢褜	0.001953	0.116534	0.000228
屑薪芯谐芯	0.000558	0.776529	0.000433
屑薪芯卸械褋褌胁芯	0.000279	0.040822	0.000011
屑芯泄	0.001395	0.083382	0.000116
屑芯谢写邪胁褋泻懈泄	0.000279	0.116534	0.000033
屑芯谢芯泻芯	0.002232	0.083382	0.000186
屑芯谢芯褔泻芯	0.000558	3.506558	0.001957
屑芯谢芯褔薪褘泄	0.001116	0.040822	0.000046
屑芯屑械薪褌	0.001116	0.105361	0.000118
屑芯屑械薪褌邪谢褜薪芯	0.000279	2.813411	0.000785
屑芯薪谐芯谢褜褋泻懈泄	0.000279	0.116534	0.000033
屑芯褉械	0.000279	0.116534	0.000033
屑芯褉械锌褉芯写褍泻褌	0.003627	0.040822	0.000148
屑芯褉泻芯胁褜	0.000279	0.040822	0.000011
屑芯褉芯卸械薪芯械	0.000837	0.040822	0.000034
屑芯褉褋	0.000558	0.040822	0.000023
屑芯褌芯褉	0.000279	0.116534	0.000033
屑芯褏懈褌褘泄	0.000279	0.040822	0.000011
屑芯褔褜	0.000558	0.000000	0.000000
屑褍卸	0.000279	0.867501	0.000242
屑褍卸褋泻芯泄	0.000279	0.127833	0.000036
屑褍卸褔懈薪邪	0.000558	0.116534	0.000065
屑褍泻邪	0.001674	0.248461	0.000416
屑褍谢褜褌懈胁邪褉泻邪	0.010603	0.116534	0.001236
屑褍谢褜褌懈锌械泻邪褉褜	0.000837	0.116534	0.000098
屑褍褋褋	0.000279	0.040822	0.000011
屑褍褋褋邪	0.000837	0.040822	0.000034
屑褍褔薪芯泄	0.000279	0.116534	0.000033
屑褞褋谢懈	0.000558	0.116534	0.000065
屑褟褋薪芯泄	0.003348	0.040822	0.000137
屑褟褋芯	0.008650	0.040822	0.000353
屑褟褌褘泄	0.000558	2.302585	0.001285
屑褢写	0.000558	1.660731	0.000927
薪邪胁邪谢芯屑	0.000279	2.995732	0.000836
薪邪胁械褋	0.000279	2.525729	0.000705
薪邪胁褋械谐写邪	0.000279	2.040221	0.000569
薪邪谐谐械褌褋	0.000837	3.218876	0.002694
薪邪写械褟褌褜褋褟	0.000279	1.609438	0.000449
薪邪写褞褕懈褖械	0.000279	3.218876	0.000898
薪邪蟹胁邪薪懈械	0.001953	0.562119	0.001098
薪邪蟹薪邪褔械薪懈械	0.000279	0.116534	0.000033
薪邪泄褌懈	0.001395	0.446287	0.000623
薪邪泻芯褉屑懈褌褜	0.000279	2.659260	0.000742
薪邪谢懈胁泻邪	0.000279	0.040822	0.000011
薪邪屑薪芯谐芯	0.000279	2.407946	0.000672
薪邪锌懈褌芯泻	0.001953	0.040822	0.000080
薪邪褉械蟹邪褌褜	0.000279	1.897120	0.000529
薪邪褋泻芯谢褜泻芯	0.000279	1.427116	0.000398
薪邪褋褌芯泄泻邪	0.000279	0.040822	0.000011
薪邪褋褌褉芯械薪懈械	0.000279	0.116534	0.000033
薪邪褌褍褉邪谢褜薪褘泄	0.000558	1.832581	0.001023
薪邪褑懈芯薪邪谢褜薪褘泄	0.000279	0.116534	0.000033
薪邪褔懈薪泻邪	0.000837	0.040822	0.000034
薪邪褕	0.001674	0.040822	0.000068
薪械写械谢褟	0.003069	0.051293	0.000157
薪械卸薪褘泄	0.001395	0.094311	0.000132
薪械谢褜蟹褟	0.000279	2.302585	0.000642
薪械屑邪谢芯胁邪卸薪褘泄	0.000279	2.207275	0.000616
薪械屑械褑泻懈泄	0.000279	0.116534	0.000033
薪械屑芯泄	0.000558	1.203973	0.000672
薪械芯斜褘褔薪褘泄	0.000279	0.916291	0.000256
薪械芯卸懈写邪薪薪褘泄	0.000279	0.116534	0.000033
薪械锌芯胁褌芯褉懈屑褘泄	0.000279	2.813411	0.000785
薪械褋泻芯谢褜泻芯	0.000558	0.843970	0.000471
薪械褋谢邪写泻懈泄	0.000279	0.116534	0.000033
薪械褋谢芯卸薪芯	0.000279	2.207275	0.000616
薪械褔械谐芯	0.000279	3.218876	0.000898
薪懈斜褘褌褜	0.000279	1.832581	0.000511
薪懈泻邪泻芯泄	0.000558	1.203973	0.000672
薪懈褋泻芯谢褜泻芯	0.000279	3.912023	0.001092
薪懈褔褌芯	0.000279	3.218876	0.000898
薪芯胁芯谐芯写薪懈泄	0.006138	0.040822	0.000251
薪芯胁芯褋褌褜	0.000279	0.061875	0.000017
薪芯胁褘泄	0.003627	0.030459	0.000110
薪芯褉胁械卸褋泻懈泄	0.000279	0.116534	0.000033
薪芯褟斜褉褜	0.000558	0.527633	0.000294
薪褉邪胁懈褌褜褋褟	0.000279	0.941609	0.000263
芯斜械写	0.000837	0.105361	0.000088
芯斜械蟹褜褟薪邪	0.000279	0.116534	0.000033
芯斜褉邪褌懈褌褜褋褟	0.000279	2.995732	0.000836
芯斜褖邪褌褜褋褟	0.000279	0.040822	0.000011
芯斜褗械写械薪懈械	0.000279	2.407946	0.000672
芯胁芯褖	0.006417	0.094311	0.000605
芯胁芯褖薪芯泄	0.002511	0.040822	0.000103
芯胁褋褟薪褘泄	0.000279	0.105361	0.000029
芯谐薪械薪薪褘泄	0.000279	0.116534	0.000033
芯谐芯薪褜	0.000279	0.094311	0.000026
芯谐褍褉械褑	0.000558	0.116534	0.000065
芯蟹邪谐谢邪胁懈褌褜	0.000279	3.218876	0.000898
芯泻邪蟹邪褌褜褋褟	0.000279	1.514128	0.000422
芯泻芯褉芯褔芯泻	0.000558	2.407946	0.001344
芯泻褉芯褕泻邪	0.000837	0.040822	0.000034
芯泻褌褟斜褉褜	0.000279	0.562119	0.000157
芯谢邪写褜褟	0.000837	0.040822	0.000034
芯谢械泄薪芯泄	0.001116	0.116534	0.000130
芯谢械泄薪褘泄	0.001116	0.116534	0.000130
芯谢懈胁泻芯胁褘泄	0.000558	0.544727	0.000304
芯屑谢械褌	0.000279	0.040822	0.000011
芯锌邪褉邪	0.000279	0.040822	0.000011
芯锌褉械写械谢懈褌褜	0.000279	2.813411	0.000785
芯锌褉芯褋	0.000279	0.061875	0.000017
芯锌褘褌薪褘泄	0.000279	3.218876	0.000898
芯褉懈谐懈薪邪谢	0.000279	1.832581	0.000511
芯褉懈谐懈薪邪谢褜薪褘泄	0.000279	1.049822	0.000293
芯褋械薪薪懈泄	0.001116	0.051293	0.000057
芯褋械薪褜	0.002790	0.105361	0.000294
芯褋薪芯胁薪褘泄	0.000279	0.040822	0.000011
芯褋芯斜芯	0.000279	2.302585	0.000642
芯褋褌邪胁邪褌褜褋褟	0.000279	0.116534	0.000033
芯褋褌邪胁懈褌褜	0.000279	1.660731	0.000463
芯褋褌邪胁谢褟褌褜	0.000558	1.832581	0.001023
芯褌胁械褌	0.000558	0.000000	0.000000
芯褌胁械褌懈褌褜	0.000279	0.051293	0.000014
芯褌泻褉褘褌褘泄	0.000558	0.105361	0.000059
芯褌泻褉褘褌褜	0.000279	2.813411	0.000785
芯褌谢懈褔邪褌褜褋褟	0.000279	1.469676	0.000410
芯褌谢懈褔薪芯	0.000279	1.514128	0.000422
芯褌谢懈褔薪褘泄	0.000837	1.078810	0.000903
芯褌屑械薪懈褌褜	0.000279	0.040822	0.000011
芯褏谢邪写懈褌褜	0.000279	0.116534	0.000033
锌邪泻械褌懈泻	0.000279	0.105361	0.000029
锌邪谢芯褔泻邪	0.000279	0.040822	0.000011
锌邪薪懈褉芯胁泻邪	0.002232	0.116534	0.000260
锌邪褉邪	0.000279	0.116534	0.000033
锌邪褉邪写	0.001953	0.116534	0.000228
锌邪褉芯胁邪褉泻邪	0.002511	0.105361	0.000265
锌邪褉芯谢褜	0.000279	0.020203	0.000006
锌邪褋褌邪	0.000837	0.040822	0.000034
锌邪褋褌褉芯屑邪	0.000279	0.040822	0.000011
锌邪褋褏邪	0.000558	0.040822	0.000023
锌邪褋褏邪谢褜薪褘泄	0.000837	0.116534	0.000098
锌邪褕褌械褌	0.000837	0.040822	0.000034
锌械泻邪褉褜	0.000279	0.127833	0.000036
锌械谢褜屑械薪褜	0.000279	0.116534	0.000033
锌械褉胁褘泄	0.001953	0.040822	0.000080
锌械褉械泄褌懈	0.000279	0.040822	0.000011
锌械褉械泻褍褋	0.000558	0.116534	0.000065
锌械褉械褑	0.005859	0.040822	0.000239
锌械褉褋芯薪邪	0.000279	0.116534	0.000033
锌械褉褍邪薪褋泻懈泄	0.000279	0.116534	0.000033
锌械褋芯褔薪褘泄	0.000837	0.105361	0.000088
锌械褌械谢懈薪泻	0.000279	0.127833	0.000036
锌械褌褉褍褕泻邪	0.000558	0.673345	0.000376
锌械褔械薪懈械	0.002511	0.040822	0.000103
锌械褔褜	0.000279	0.116534	0.000033
锌械褔褢薪芯褔薪褘泄	0.000279	0.040822	0.000011
锌懈胁芯	0.000558	0.116534	0.000065
锌懈泻邪薪褌	0.000279	0.127833	0.000036
锌懈泻薪懈泻	0.001116	0.105361	0.000118
锌懈褉	0.000279	0.116534	0.000033
锌懈褉芯谐	0.001116	0.040822	0.000046
锌懈褉芯卸薪芯械	0.000558	0.040822	0.000023
锌懈褉芯卸芯泻	0.000279	0.040822	0.000011
锌懈褌邪薪懈械	0.001953	0.094311	0.000184
锌懈褑褑邪	0.000558	0.040822	0.000023
锌谢邪胁谢械薪褘泄	0.000558	1.237874	0.000691
锌谢邪屑褟	0.000279	0.116534	0.000033
锌谢邪薪懈褉芯胁邪褌褜	0.000279	2.659260	0.000742
锌谢懈褌邪	0.001116	0.116534	0.000130
锌谢芯胁	0.000279	0.116534	0.000033
锌谢芯写	0.000279	0.116534	0.000033
锌芯胁邪褉	0.000837	1.139434	0.000954
锌芯胁邪褉褢薪芯泻	0.001395	0.000000	0.000000
锌芯胁械褉懈褌褜	0.000279	2.120264	0.000592
锌芯胁懈写谢芯	0.000279	0.040822	0.000011
锌芯胁芯写	0.000279	2.407946	0.000672
锌芯写邪胁邪褌褜	0.000279	1.514128	0.000422
锌芯写邪褉芯泻	0.000279	0.116534	0.000033
锌芯写斜芯褉	0.000279	1.514128	0.000422
锌芯写谐芯褌芯胁泻邪	0.000279	2.813411	0.000785
锌芯写械谢懈褌褜褋褟	0.000837	0.400478	0.000335
锌芯写卸邪褉懈褋褌褘泄	0.000279	2.813411	0.000785
锌芯写泻褍锌懈褌褜	0.000279	2.040221	0.000569
锌芯写谢懈胁	0.000279	0.116534	0.000033
锌芯写谢懈胁泻邪	0.000279	0.040822	0.000011
锌芯写芯斜薪褘泄	0.000279	1.427116	0.000398
锌芯写芯泄褌懈	0.000279	1.272966	0.000355
锌芯写锌懈褋邪褌褜褋褟	0.000837	0.040822	0.000034
锌芯写褋泻邪蟹邪褌褜	0.000279	1.832581	0.000511
锌芯写褋芯谢薪械褔薪褘泄	0.000558	1.347074	0.000752
锌芯写褔褢褉泻懈胁邪褌褜	0.000279	3.912023	0.001092
锌芯械写懈薪芯泻	0.003906	0.116534	0.000455
锌芯卸邪谢械褌褜	0.000558	1.771957	0.000989
锌芯卸邪褉懈褌褜	0.000279	3.218876	0.000898
锌芯蟹写褉邪胁懈褌褜	0.000279	0.116534	0.000033
锌芯懈褋泻	0.000279	0.051293	0.000014
锌芯泻邪蟹邪褌褜	0.000279	1.309333	0.000365
锌芯泻邪蟹褘胁邪褌褜	0.000279	1.832581	0.000511
锌芯谢写薪懈泻	0.000558	0.116534	0.000065
锌芯谢械蟹薪芯	0.000279	0.116534	0.000033
锌芯谢懈褌懈泻邪	0.000279	0.040822	0.000011
锌芯谢薪芯褋褌褜褞	0.000279	1.347074	0.000376
锌芯谢芯胁懈薪邪	0.002232	0.105361	0.000235
锌芯谢褍褔邪褌褜	0.000558	0.040822	0.000023
锌芯谢褍褔邪褌褜褋褟	0.000837	0.328504	0.000275
锌芯谢褍褔懈褌褜	0.000279	1.237874	0.000345
锌芯谢褍褔懈褌褜褋褟	0.000279	0.653926	0.000182
锌芯谢褜蟹邪	0.001395	0.116534	0.000163
锌芯谢褜蟹芯胁邪褌械谢褜	0.000279	1.309333	0.000365
锌芯谢褜蟹芯胁邪褌褜褋褟	0.000279	1.347074	0.000376
锌芯谢褜褋泻懈泄	0.000279	0.116534	0.000033
锌芯屑邪写泻邪	0.000837	0.040822	0.000034
锌芯屑懈写芯褉	0.000558	0.116534	0.000065
锌芯屑懈写芯褉泻	0.000279	0.127833	0.000036
锌芯屑薪懈褌褜	0.000279	1.469676	0.000410
锌芯屑芯褖褜	0.000279	2.207275	0.000616
锌芯薪褉邪胁懈褌褜褋褟	0.000837	0.040822	0.000034
锌芯薪褔懈泻	0.000558	0.040822	0.000023
锌芯锌褉芯斜芯胁邪褌褜	0.000837	0.248461	0.000208
锌芯褉邪	0.000279	0.105361	0.000029
锌芯褉芯谐	0.000279	2.813411	0.000785
锌芯褉芯褕芯泻	0.000558	0.916291	0.000511
锌芯褉褌褍谐邪谢褜褋泻懈泄	0.000279	0.116534	0.000033
锌芯褋械褖邪褌褜	0.000279	0.061875	0.000017
锌芯褋泻芯谢褜泻褍	0.000279	2.040221	0.000569
锌芯褋谢械写薪懈泄	0.000558	1.272966	0.000710
锌芯褋褌	0.001395	0.105361	0.000147
锌芯褋褌薪褘泄	0.000837	0.040822	0.000034
锌芯褋褌芯褟薪薪芯	0.000279	0.040822	0.000011
锌芯褋褌褉芯懈褌褜	0.000279	0.105361	0.000029
锌芯褋褍写邪	0.000558	0.094311	0.000053
锌芯褌褉褟褋邪褌褜	0.000279	1.272966	0.000355
锌芯褔褌邪	0.000279	0.040822	0.000011
锌芯褔褌懈	0.000279	1.021651	0.000285
锌芯褕邪谐芯胁褘泄	0.000558	0.040822	0.000023
锌芯褟胁懈褌褜褋褟	0.000279	1.771957	0.000494
锌褉邪胁写邪	0.000279	1.139434	0.000318
锌褉邪胁懈谢褜薪褘泄	0.000279	1.832581	0.000511
锌褉邪蟹写薪懈泻	0.000279	0.105361	0.000029
锌褉邪蟹写薪懈褔薪芯	0.000279	0.116534	0.000033
锌褉邪蟹写薪懈褔薪褘泄	0.000558	0.105361	0.000059
锌褉邪泻褌懈泻褍屑	0.000279	0.116534	0.000033
锌褉邪泻褌懈褔械褋泻懈	0.000279	1.386294	0.000387
锌褉械胁芯褋褏芯写薪褘泄	0.000558	0.116534	0.000065
锌褉械胁褉邪褖械薪懈械	0.000279	0.116534	0.000033
锌褉械写胁邪褉懈褌械谢褜薪芯	0.000279	2.813411	0.000785
锌褉械褋薪褘泄	0.000279	0.116534	0.000033
锌褉懈胁械褌懈泻	0.000279	3.218876	0.000898
锌褉懈谐谢邪褕邪褌褜	0.000279	2.207275	0.000616
锌褉懈谐芯褌芯胁懈褌褜	0.001116	0.083382	0.000093
锌褉懈谐芯褌芯胁谢械薪懈械	0.001953	0.040822	0.000080
锌褉懈写械褉卸懈胁邪褌褜褋褟	0.000279	3.912023	0.001092
锌褉懈蟹	0.000279	0.040822	0.000011
锌褉懈蟹薪邪薪懈械	0.000279	0.116534	0.000033
锌褉懈泻邪褉屑邪薪懈褌褜	0.000279	3.912023	0.001092
锌褉懈屑械褉	0.000279	2.302585	0.000642
锌褉懈薪褑懈锌	0.000279	2.407946	0.000672
锌褉懈芯斜褉械褌邪褌褜	0.000279	3.506558	0.000978
锌褉懈锌褉邪胁邪	0.000558	0.040822	0.000023
锌褉懈褉芯写邪	0.000837	0.105361	0.000088
锌褉懈褋褌褍锌懈褌褜	0.000279	0.040822	0.000011
锌褉芯胁械褉懈褌褜	0.001953	0.116534	0.000228
锌褉芯胁械褋褌懈	0.001116	0.116534	0.000130
锌褉芯胁芯写懈褌褜	0.000279	0.040822	0.000011
锌褉芯胁芯卸邪褌褜	0.000279	0.116534	0.000033
锌褉芯写芯谢卸邪褌褜	0.000279	2.525729	0.000705
锌褉芯写褍泻褌	0.000837	0.072571	0.000061
锌褉芯械泻褌	0.000558	0.051293	0.000029
锌褉芯锌芯褉褑懈褟	0.000279	1.609438	0.000449
锌褉芯褋懈褌褜	0.000279	0.776529	0.000217
锌褉芯褋屑芯褌褉	0.000279	0.274437	0.000077
锌褉芯褋屑芯褌褉械褌褜	0.000279	1.714798	0.000478
锌褉芯褋褌芯	0.001953	0.083382	0.000163
锌褉芯褋褌芯泄	0.000279	0.301105	0.000084
锌褉芯褋褌芯泻胁邪褕邪	0.000279	0.040822	0.000011
锌褉芯褋褌芯褉	0.000279	1.660731	0.000463
锌褉芯褋褌芯褌邪	0.000279	1.714798	0.000478
锌褉芯褎懈谢褜	0.000279	0.040822	0.000011
锌褉褟屑芯	0.000279	0.040822	0.000011
锌褉褟薪懈泻	0.000558	0.040822	0.000023
锌褉褟薪懈褔薪褘泄	0.000279	0.116534	0.000033
锌褌懈褑邪	0.009766	0.116534	0.001138
锌褌懈褔懈泄	0.000837	1.771957	0.001483
锌褍写懈薪谐	0.000837	0.040822	0.000034
锌褍薪褕	0.000279	0.040822	0.000011
锌褍褌械褕械褋褌胁懈械	0.000558	0.116534	0.000065
锌褍褌褜	0.000279	0.116534	0.000033
锌褕械薪懈褔薪褘泄	0.001674	0.287682	0.000482
锌褘褕泻邪	0.000279	0.040822	0.000011
锌褞褉械	0.001116	0.040822	0.000046
褉邪斜芯褌邪褌褜	0.000558	1.832581	0.001023
褉邪谐褍	0.000279	0.116534	0.000033
褉邪蟹	0.000279	0.356675	0.000100
褉邪蟹胁械褉薪褍褌褜	0.000279	0.116534	0.000033
褉邪蟹写械谢褜薪褘泄	0.000279	0.116534	0.000033
褉邪蟹谢懈褔薪褘泄	0.000279	1.714798	0.000478
褉邪蟹薪褘泄	0.000279	0.094311	0.000026
褉邪蟹褉褟写	0.000279	2.407946	0.000672
褉邪蟹褍屑械械褌褋褟	0.000279	3.218876	0.000898
褉邪屑泻邪	0.000279	1.832581	0.000511
褉邪褋泻褉邪褋泻邪	0.000279	2.120264	0.000592
褉邪褋褋芯谢褜薪懈泻	0.001116	0.040822	0.000046
褉邪褋褋褘谢泻邪	0.000279	0.061875	0.000017
褉邪褋褌懈褌械谢褜薪褘泄	0.003348	0.223144	0.000747
褉械斜褢薪芯泻	0.000279	0.094311	0.000026
褉械谐懈褋褌褉邪褑懈褟	0.000837	0.000000	0.000000
褉械蟹邪褌褜	0.000279	2.659260	0.000742
褉械蟹褍谢褜褌邪褌	0.000279	0.820981	0.000229
褉械泄褌懈薪谐	0.000279	0.235722	0.000066
褉械锌褔邪褌褘泄	0.001116	0.430783	0.000481
褉械褋褌芯褉邪薪褔懈泻	0.000279	2.995732	0.000836
褉械褑械锌褌	0.031250	0.040822	0.001276
褉械褑械锌褌褍褉邪	0.000279	3.218876	0.000898
褉懈褋	0.002232	0.040822	0.000091
褉懈褌屑	0.000279	0.116534	0.000033
褉懈褔屑芯薪写	0.000279	4.605170	0.001285
褉芯谐邪谢懈泻	0.000279	0.040822	0.000011
褉芯写薪褘泄	0.000279	0.116534	0.000033
褉芯卸写械薪懈械	0.000279	0.105361	0.000029
褉芯卸写械褋褌胁芯	0.000279	0.116534	0.000033
褉芯卸泻芯胁	0.000558	3.912023	0.002183
褉芯蟹屑邪褉懈薪	0.000558	1.609438	0.000898
褉芯谢谢	0.000558	0.040822	0.000023
褉芯谢谢褌芯薪	0.000279	0.116534	0.000033
褉芯屑	0.000279	0.040822	0.000011
褉芯褌	0.000279	1.427116	0.000398
褉褍斜褉懈泻邪褌芯褉	0.000279	0.051293	0.000014
褉褍谢械褌	0.003069	0.040822	0.000125
褉褍屑褘薪褋泻懈泄	0.000279	0.116534	0.000033
褉褍屑褟薪褘泄	0.000279	0.116534	0.000033
褉褍薪械褌	0.000279	0.020203	0.000006
褉褍褋褋泻懈泄	0.000279	0.105361	0.000029
褉褘斜邪	0.006975	0.040822	0.000285
褉褘斜薪褘泄	0.002790	0.105361	0.000294
褉褟卸械薪泻邪	0.000279	0.116534	0.000033
褋邪泄褌	0.001953	0.000000	0.000000
褋邪谢邪褌	0.008929	0.040822	0.000364
褋邪谢邪褌薪褘泄	0.000279	0.116534	0.000033
褋邪屑芯谐芯薪	0.000279	0.040822	0.000011
褋邪屑芯写芯褋褌邪褌芯褔薪褘泄	0.000279	3.218876	0.000898
褋邪屑芯谢褢褌	0.000279	2.525729	0.000705
褋邪屑芯褋褌芯褟褌械谢褜薪芯	0.000279	3.506558	0.000978
褋邪屑褘泄	0.001116	0.105361	0.000118
褋邪褎	0.000837	0.116534	0.000098
褋邪褎褋械屑邪	0.000279	0.116534	0.000033
褋邪褏邪褉	0.002232	0.105361	0.000235
褋斜懈褌械薪褜	0.000279	0.040822	0.000011
褋胁械卸械褋褌褜	0.000279	0.105361	0.000029
褋胁械泻芯谢褜薪懈泻	0.000558	0.040822	0.000023
褋胁械褌	0.001116	0.116534	0.000130
褋胁械褌邪	0.001116	0.116534	0.000130
褋胁械褌谢邪薪邪	0.000279	2.659260	0.000742
褋胁懈薪懈薪	0.001116	0.116534	0.000130
褋胁懈薪懈薪邪	0.000558	0.040822	0.000023
褋胁懈薪芯泄	0.000279	2.525729	0.000705
褋胁褢泻谢邪	0.000279	0.040822	0.000011
褋谐褍褖褢薪泻邪	0.000279	0.040822	0.000011
褋写械谢邪褌褜	0.000558	0.733969	0.000410
褋械蟹芯薪	0.000279	0.116534	0.000033
褋械泄褔邪褋	0.000558	0.030459	0.000017
褋械泻褉械褌	0.001395	0.116534	0.000163
褋械泻褉械褌薪褘泄	0.000558	2.407946	0.001344
褋械谢褢写泻邪	0.000279	0.040822	0.000011
褋械屑械泄薪褘泄	0.000279	0.116534	0.000033
褋械屑褜褟	0.000279	0.116534	0.000033
褋械薪褌褟斜褉褜	0.000279	0.673345	0.000188
褋懈写褉	0.000279	0.040822	0.000011
褋懈褉懈泄褋泻懈泄	0.000279	0.116534	0.000033
褋懈褉芯锌	0.000558	0.040822	0.000023
褋懈褋褌械屑邪	0.000279	0.040822	0.000011
褋懈褌懈	0.000279	0.127833	0.000036
褋泻邪蟹邪褌褜	0.000558	0.400478	0.000223
褋泻邪蟹泻邪	0.000279	0.116534	0.000033
褋谢邪写泻懈泄	0.005301	0.040822	0.000216
褋谢邪写泻芯	0.000279	0.116534	0.000033
褋谢邪写泻芯械	0.000279	2.040221	0.000569
褋谢懈胁芯褔薪褘泄	0.003348	0.105361	0.000353
褋谢芯胁芯	0.000279	1.021651	0.000285
褋谢芯卸薪褘泄	0.000279	2.207275	0.000616
褋谢芯泄泻邪	0.000558	0.040822	0.000023
褋谢芯褢薪褘泄	0.000837	0.116534	0.000098
褋屑械谢芯	0.000279	2.120264	0.000592
褋屑械褌邪薪邪	0.001395	0.105361	0.000147
褋屑械褕邪薪薪褘泄	0.000279	0.116534	0.000033
褋屑械褕邪褌褜	0.000279	2.407946	0.000672
褋屑芯褔褜	0.000279	0.040822	0.000011
褋屑褍蟹懈	0.000837	0.040822	0.000034
褋薪褝泻	0.000279	0.116534	0.000033
褋芯斜懈褉邪褌褜褋褟	0.000279	0.040822	0.000011
褋芯胁械褉褕械薪薪芯	0.000558	1.171183	0.000654
褋芯胁械褉褕械薪褋褌胁芯	0.001395	0.116534	0.000163
褋芯胁械褌	0.000279	0.040822	0.000011
褋芯胁褉械屑械薪薪褘泄	0.000279	3.218876	0.000898
褋芯胁褋械屑	0.000279	1.139434	0.000318
褋芯谐谢邪褋懈褌褜褋褟	0.000558	2.813411	0.001570
褋芯谐谢邪褕邪褌褜褋褟	0.000279	0.040822	0.000011
褋芯写邪	0.000558	0.941609	0.000525
褋芯械胁褘泄	0.001674	0.798508	0.001337
褋芯卸邪谢械薪懈械	0.000279	2.525729	0.000705
褋芯蟹写邪胁邪褌褜	0.000279	0.105361	0.000029
褋芯蟹写邪薪懈械	0.000558	0.261365	0.000146
褋芯泻	0.001395	0.040822	0.000057
褋芯谢械薪懈械	0.000558	0.116534	0.000065
褋芯谢薪械褔薪褘泄	0.000279	0.116534	0.000033
褋芯谢芯	0.000279	3.912023	0.001092
褋芯谢褜	0.006138	0.127833	0.000785
褋芯谢褟薪泻邪	0.000558	0.040822	0.000023
褋芯谢褢薪褘泄	0.000837	0.116534	0.000098
褋芯芯褌胁械褌褋褌胁芯胁邪褌褜	0.000279	2.120264	0.000592
褋芯褉褌懈褉芯胁邪褌褜	0.000279	0.248461	0.000069
褋芯褋褌邪胁	0.000279	1.347074	0.000376
褋芯褋褌邪胁懈褌褜	0.000279	0.116534	0.000033
褋芯褋褌芯褟褌褜	0.000279	2.525729	0.000705
褋芯褍褋	0.007254	0.040822	0.000296
褋芯褏褉邪薪褟褌褜	0.000279	0.040822	0.000011
褋芯褑褋械褌褜	0.000279	0.040822	0.000011
褋芯褔械褌邪薪懈械	0.000279	0.105361	0.000029
褋芯褔薪褘泄	0.001395	0.116534	0.000163
褋锌邪谢褜薪褟	0.000279	0.415515	0.000116
褋锌邪褋懈斜芯	0.000279	0.673345	0.000188
褋锌械褌褜	0.000279	0.116534	0.000033
褋锌械褑懈邪谢褜薪褘泄	0.000279	0.094311	0.000026
褋锌械褑懈褟	0.001674	0.094311	0.000158
褋锌械褑锌褉芯械泻褌	0.009208	0.116534	0.001073
褋锌懈褋芯泻	0.000279	0.116534	0.000033
褋褉邪蟹褍	0.000558	0.733969	0.000410
褋褉械写懈蟹械屑薪芯屑芯褉褋泻懈泄	0.000279	0.127833	0.000036
褋褋褋褉	0.000279	3.218876	0.000898
褋褌邪薪芯胁懈褌褜褋褟	0.000279	2.407946	0.000672
褋褌邪褉褘泄	0.000837	0.261365	0.000219
褋褌邪褌褜褟	0.000279	0.061875	0.000017
褋褌懈谢褜	0.000558	0.116534	0.000065
褋褌芯谢	0.002511	0.105361	0.000265
褋褌芯谢褜泻芯	0.000279	2.040221	0.000569
褋褌褉芯懈褌械谢褜褋褌胁芯	0.000558	0.040822	0.000023
褋褌褉芯懈褌褜	0.000279	0.040822	0.000011
褋褌褉芯泄薪褘泄	0.000279	0.116534	0.000033
褋褍斜锌褉芯写褍泻褌	0.002790	0.116534	0.000325
褋褍薪械谢褜	0.000558	2.207275	0.001232
褋褍锌	0.005859	0.040822	0.000239
褋褍褌泻懈	0.000279	1.771957	0.000494
褋褍褎谢械	0.000837	0.040822	0.000034
褋褍褏邪褉褜	0.000279	0.040822	0.000011
褋褍褕懈褌褜	0.000558	0.040822	0.000023
褋褔懈褌邪褌褜	0.000279	1.347074	0.000376
褋褗械褋褌褜	0.000279	1.469676	0.000410
褋褘褉	0.003627	0.040822	0.000148
褋褘褉薪懈泻	0.000837	0.040822	0.000034
褋褘褉薪褘泄	0.001674	0.040822	0.000068
褋褘褌薪芯	0.000279	1.771957	0.000494
褋褘褌薪褘泄	0.000558	0.105361	0.000059
褋褘褔褍卸薪褘泄	0.000279	0.127833	0.000036
褋褝薪写胁懈褔	0.000279	0.127833	0.000036
褋褞褉锌褉懈蟹	0.000279	0.116534	0.000033
褋褢屑谐邪	0.000279	0.040822	0.000011
褌邪写卸懈泻褋泻懈泄	0.000279	0.116534	0.000033
褌邪泄褋泻懈泄	0.000279	0.116534	0.000033
褌邪褉褌	0.000279	0.116534	0.000033
褌邪褉褌邪谢械褌泻邪	0.000558	0.040822	0.000023
褌邪褌邪褉褋泻懈泄	0.000279	0.116534	0.000033
褌邪褟褌褜	0.000279	1.514128	0.000422
褌胁芯泄	0.000558	0.116534	0.000065
褌胁芯褉懈褌褜	0.000279	0.116534	0.000033
褌胁芯褉芯谐	0.000837	0.040822	0.000034
褌胁芯褉芯卸薪褘泄	0.001116	0.094311	0.000105
褌胁褢褉写褘泄	0.000558	0.544727	0.000304
褌械谢械谐褉邪屑	0.000279	0.040822	0.000011
褌械谢褟褌懈薪邪	0.001116	0.116534	0.000130
褌械屑	0.000558	0.967584	0.000540
褌械锌械褉褜	0.000558	0.916291	0.000511
褌械锌谢芯	0.000279	0.116534	0.000033
褌械褉褉懈薪邪	0.000279	0.040822	0.000011
褌械褋褌	0.002790	0.105361	0.000294
褌械褋褌芯	0.002511	0.040822	0.000103
褌械褏薪懈泻邪	0.001395	0.105361	0.000147
褌屑	0.001116	0.127833	0.000143
褌芯屑懈褌褜	0.000279	3.912023	0.001092
褌芯薪泻芯	0.000279	2.407946	0.000672
褌芯锌谢褢薪褘泄	0.000279	0.116534	0.000033
褌芯褉褌	0.005580	0.040822	0.000228
褌褉邪胁邪	0.000279	0.094311	0.000026
褌褉邪写懈褑懈褟	0.001674	0.116534	0.000195
褌褉邪褌懈褌褜	0.000279	2.995732	0.000836
褌褉褍斜芯褔泻邪	0.000279	0.040822	0.000011
褌褉褢褏谢械褌懈械	0.000279	0.116534	0.000033
褌褍薪械褑	0.000279	0.105361	0.000029
褌褍薪懈褋褋泻懈泄	0.000279	0.116534	0.000033
褌褍褉械褑泻懈泄	0.000279	0.116534	0.000033
褌褘泻胁邪	0.000279	0.040822	0.000011
褌褢褖懈薪	0.000279	0.040822	0.000011
褍斜械写懈褌褜褋褟	0.000279	1.966113	0.000549
褍胁械写芯屑谢械薪懈械	0.000279	0.040822	0.000011
褍胁懈写械褌褜	0.000279	1.203973	0.000336
褍谐芯褖邪褌褜褋褟	0.000279	0.994252	0.000277
褍写邪褔薪褘泄	0.000279	0.116534	0.000033
褍写懈胁懈褌褜	0.000837	0.116534	0.000098
褍写懈胁谢褟褌褜	0.001116	0.116534	0.000130
褍写芯胁谢械褌胁芯褉懈褌褜	0.000279	3.218876	0.000898
褍写芯胁芯谢褜褋褌胁懈械	0.000279	0.116534	0.000033
褍卸	0.000558	0.693147	0.000387
褍卸懈薪	0.001674	0.094311	0.000158
褍蟹斜械泻褋泻懈泄	0.000279	0.116534	0.000033
褍蟹薪邪褌褜	0.000279	2.120264	0.000592
褍懈褔懈褌芯	0.000279	3.912023	0.001092
褍泻褉邪懈薪褋泻懈泄	0.000279	0.116534	0.000033
褍泻褉邪褕械薪懈械	0.002232	0.116534	0.000260
褍泻褉芯锌	0.000558	0.562119	0.000314
褍泻褋褍褋	0.000558	0.562119	0.000314
褍锌芯褌褉械斜谢械薪懈械	0.000279	0.116534	0.000033
褍褉邪谢褜褋泻懈泄	0.000279	0.116534	0.000033
褍褉芯卸邪泄	0.000279	0.105361	0.000029
褍褌泻邪	0.000837	0.116534	0.000098
褍褏芯	0.000279	0.040822	0.000011
褍褏芯写懈褌褜	0.000279	2.120264	0.000592
褍褔邪褋褌胁芯胁邪褌褜	0.000279	0.040822	0.000011
褎邪蟹械薪写邪	0.000279	0.116534	0.000033
褎邪薪褌邪蟹懈褟	0.002232	0.116534	0.000260
褎邪褉褕	0.004185	0.040822	0.000171
褎邪褉褕懈褉芯胁邪薪薪褘泄	0.001674	0.040822	0.000068
褎邪褋芯谢褜	0.000279	0.040822	0.000011
褎械胁褉邪谢褜	0.000837	0.094311	0.000079
褎械泄械褉胁械褉泻	0.000558	0.116534	0.000065
褎懈谐褍褉邪	0.000279	0.116534	0.000033
褎懈谢械	0.003069	0.916291	0.002812
褎懈薪褋泻懈泄	0.000279	0.116534	0.000033
褎懈褉屑械薪薪褘泄	0.000279	0.116534	0.000033
褎芯薪写褞	0.000279	0.040822	0.000011
褎芯褉屑邪	0.000279	0.105361	0.000029
褎芯褉褍屑	0.000558	0.040822	0.000023
褎芯褉褕屑邪泻	0.000279	0.040822	0.000011
褎褉邪薪褑懈褟	0.000279	0.116534	0.000033
褎褉邪薪褑褍蟹褋泻懈泄	0.000279	0.094311	0.000026
褎褉邪褍	0.001116	0.116534	0.000130
褎褉褍泻褌	0.001116	0.116534	0.000130
褎褉褍泻褌芯胁褘泄	0.002232	0.040822	0.000091
褎褍写	0.000279	0.116534	0.000033
褎褍褉褕械褌	0.000279	0.116534	0.000033
褏邪谢胁邪	0.000279	0.040822	0.000011
褏邪褉胁械褋褌褎械褋褌	0.000558	0.116534	0.000065
褏邪褉褔芯	0.000558	0.040822	0.000023
褏邪褕	0.000279	0.040822	0.000011
褏胁芯褉芯褋褌	0.000279	0.040822	0.000011
褏懈薪泻邪谢懈	0.000279	0.116534	0.000033
褏懈褌	0.001953	0.116534	0.000228
褏懈褌褉褘泄	0.000279	3.912023	0.001092
褏谢械斜	0.002232	0.040822	0.000091
褏谢械斜芯锌械褔泻邪	0.000279	0.116534	0.000033
褏谢芯锌芯褌薪褘泄	0.000279	2.813411	0.000785
褏谢芯锌褜褟	0.000558	0.094311	0.000053
褏屑械谢懈褌褜	0.000558	2.207275	0.001232
褏芯蟹褟泄泻邪	0.000279	0.116534	0.000033
褏芯谢芯写械褑	0.000279	0.040822	0.000011
褏芯谢芯写薪芯械	0.000558	0.116534	0.000065
褏芯谢芯写薪褘泄	0.000558	0.116534	0.000065
褏芯褉胁邪褌褋泻懈泄	0.000279	0.116534	0.000033
褏芯褉芯褕懈泄	0.001395	0.040822	0.000057
褏芯褉芯褕芯	0.001395	0.105361	0.000147
褏芯褉褋	0.000279	0.116534	0.000033
褏芯褌械褌褜	0.001116	0.000000	0.000000
褏芯褌褜	0.000279	1.897120	0.000529
褏褉邪薪懈褌褜褋褟	0.000279	2.207275	0.000616
褏褍屑褍褋邪	0.000279	0.040822	0.000011
褑邪褉褋褌胁芯	0.000279	0.127833	0.000036
褑邪褉褜	0.000279	0.116534	0.000033
褑胁械褌薪芯泄	0.000279	0.040822	0.000011
褑械薪薪褘泄	0.000279	0.040822	0.000011
褑械薪褌褉	0.000279	0.116534	0.000033
褑械褏	0.000279	2.525729	0.000705
褔邪械屑褘泄	0.000279	0.116534	0.000033
褔邪泄	0.000837	0.040822	0.000034
褔邪褋褌褘泄	0.000279	2.659260	0.000742
褔械斜褍褉械泻	0.000558	0.040822	0.000023
褔械谢芯胁械泻	0.000279	0.916291	0.000256
褔械屑	0.000279	0.994252	0.000277
褔械褉泻懈蟹芯胁褘泄	0.000558	0.116534	0.000065
褔械褋薪芯泻	0.005301	0.314711	0.001668
褔械褋薪芯褔薪褘泄	0.000837	1.427116	0.001195
褔械褋薪芯褔芯泻	0.000279	2.659260	0.000742
褔械褋褌械褉	0.000279	4.605170	0.001285
褔械褋褌薪芯泄	0.000279	0.040822	0.000011
褔械褔械胁懈褑邪	0.000279	0.040822	0.000011
褔械褕褋泻懈泄	0.000279	0.116534	0.000033
褔懈蟹泻械泄泻	0.001116	0.040822	0.000046
褔懈谢懈	0.000558	1.237874	0.000691
褔懈谢懈泄褋泻懈泄	0.000279	0.116534	0.000033
褔懈锌褋褘	0.000279	0.040822	0.000011
褔懈褋谢芯	0.000279	0.235722	0.000066
褔褍写芯	0.000279	0.116534	0.000033
褔褢褉薪褘泄	0.003906	0.356675	0.001393
褕邪褉懈泻	0.000279	0.040822	0.000011
褕邪褉谢芯褌泻邪	0.000558	0.040822	0.000023
褕邪褉屑	0.000279	0.116534	0.000033
褕邪褕谢褘泻	0.003627	0.040822	0.000148
褕胁械写褋泻懈泄	0.000279	0.116534	0.000033
褕胁械泄褑邪褉褋泻懈泄	0.000279	0.116534	0.000033
褕械写械胁褉	0.000279	0.116534	0.000033
褕械褎	0.000558	0.127833	0.000071
褕懈锌褍褔泻邪	0.000279	0.040822	0.000011
褕懈褉芯泻懈泄	0.000279	0.127833	0.000036
褕泻芯谢邪	0.000279	0.116534	0.000033
褕芯泻芯谢邪写	0.000279	0.040822	0.000011
褕芯褌谢邪薪写褋泻懈泄	0.000279	0.116534	0.000033
褕褌褉褍写械谢褜	0.000279	0.040822	0.000011
褕褍褉锌邪	0.000558	0.040822	0.000023
褖械写褉褘泄	0.000279	0.116534	0.000033
褖懈	0.000558	0.040822	0.000023
褝泻芯屑懈谢泻	0.000279	0.127833	0.000036
褝褋褌芯薪褋泻懈泄	0.000279	0.116534	0.000033
褞谐芯褋谢邪胁褋泻懈泄	0.000279	0.116534	0.000033
褞褉懈泄	0.000837	3.912023	0.003275
褟谐芯写薪褘泄	0.001116	0.105361	0.000118
褟蟹褘泻	0.000279	0.040822	0.000011
褟泄褑芯	0.003069	0.040822	0.000125
褟薪胁邪褉褜	0.000558	0.733969	0.000410
褟薪写械泻褋	0.000279	0.072571	0.000020
褟锌芯薪褋泻懈泄	0.000558	0.051293	0.000029
褟褉泻懈泄	0.000558	0.116534	0.000065
褟褉泻芯	0.000279	0.105361	0.000029
