谢械屑屑邪	TF	IDF	TF-IDF
邪斜褏邪蟹褋泻懈泄	0.000263	0.116534	0.000031
邪胁褋褌褉邪谢懈泄褋泻懈泄	0.000263	0.116534	0.000031
邪胁褋褌褉懈泄褋泻懈泄	0.000263	0.116534	0.000031
邪胁褌芯泻谢邪胁	0.000263	0.116534	0.000031
邪胁褌芯褉	0.000263	0.040822	0.000011
邪谐褉芯	0.000263	0.116534	0.000031
邪写卸懈泻邪	0.000263	0.040822	0.000011
邪蟹	0.000263	0.127833	0.000034
邪蟹械褉斜邪泄写卸邪薪褋泻懈泄	0.000263	0.116534	0.000031
邪蟹懈邪褌褋泻懈泄	0.000263	0.127833	0.000034
邪泄褉邪薪	0.000263	0.040822	0.000011
邪泻胁邪褌懈泻	0.000788	0.127833	0.000101
邪泻褑懈褟	0.000263	2.040221	0.000536
邪谢械泻褋械泄	0.000263	0.127833	0.000034
邪谢泻芯谐芯谢褜	0.000788	0.116534	0.000092
邪谢泻芯谐芯谢褜薪褘泄	0.000263	0.116534	0.000031
邪谢褜褌械褉薪邪褌懈胁邪	0.000263	2.813411	0.000739
邪谢褜褟薪褋	0.000263	0.116534	0.000031
邪屑邪褉邪薪褌	0.000263	4.605170	0.001210
邪屑械褉懈泻邪薪褋泻懈泄	0.000263	0.116534	0.000031
邪薪谐谢懈泄褋泻懈泄	0.000263	0.116534	0.000031
邪薪写褉械泄	0.000263	0.127833	0.000034
邪薪泻邪褉褌邪褕邪	0.000263	4.605170	0.001210
邪锌锌械褌懈褌	0.000263	2.302585	0.000605
邪锌锌械褌懈褌薪褘泄	0.000525	1.832581	0.000963
邪褉邪斜褋泻懈泄	0.000263	0.116534	0.000031
邪褉谐械薪褌懈薪褋泻懈泄	0.000263	0.116534	0.000031
邪褉屑褟薪褋泻懈泄	0.000263	0.116534	0.000031
邪褉芯屑邪褌	0.000525	0.820981	0.000431
邪褉芯屑邪褌薪褘泄	0.000263	0.693147	0.000182
邪褋褋芯褉褌懈	0.000525	0.116534	0.000061
邪褌谢邪薪褌	0.000263	0.116534	0.000031
邪褍褉懈褔泻邪	0.000263	3.506558	0.000921
邪褎谐邪薪褋泻懈泄	0.000263	0.116534	0.000031
邪褎褉懈泻邪薪褋泻懈泄	0.000525	0.116534	0.000061
邪褝褉芯谐褉懈谢褜	0.002627	0.116534	0.000306
斜邪泻谢邪卸邪薪	0.000263	0.040822	0.000011
斜邪谢褌泻芯屑邪	0.000263	0.127833	0.000034
斜邪褉邪薪懈薪邪	0.001051	0.116534	0.000122
斜邪褉褜械褉薪褘泄	0.000525	4.605170	0.002420
斜邪褋屑邪褌懈	0.000525	0.127833	0.000067
斜邪褋褌褍褉屑	0.000263	0.040822	0.000011
斜邪褋褌褍褉屑邪	0.000263	0.040822	0.000011
斜邪褌芯薪褔懈泻	0.000263	0.127833	0.000034
斜邪褕泻懈褉褋泻懈泄	0.000263	0.116534	0.000031
斜械写褉芯	0.009459	2.302585	0.021780
斜械写褉褘褕泻邪	0.000263	3.506558	0.000921
斜械蟹邪谢泻芯谐芯谢褜薪褘泄	0.000263	0.116534	0.000031
斜械蟹谐谢褞褌械薪芯胁芯械	0.000263	0.116534	0.000031
斜械蟹械	0.001051	0.040822	0.000043
斜械蟹芯褌胁械褌薪芯	0.000263	4.605170	0.001210
斜械泻芯薪	0.000525	1.897120	0.000997
斜械谢械斜械械胁褋泻懈泄	0.000525	0.116534	0.000061
斜械谢芯泻	0.000525	2.040221	0.001072
斜械谢芯褉褍褋褋泻懈泄	0.000263	0.116534	0.000031
斜械谢褘泄	0.001051	1.237874	0.001301
斜械谢褜谐懈泄褋泻懈泄	0.000263	0.116534	0.000031
斜械褉械屑械薪薪邪褟	0.000263	0.116534	0.000031
斜械褉泻谢懈	0.000263	4.605170	0.001210
斜械褋械写懈薪	0.000263	0.127833	0.000034
斜械褋锌芯写芯斜薪褘泄	0.000263	1.560648	0.000410
斜懈褋泻胁懈褌	0.000525	0.040822	0.000021
斜懈褋泻胁懈褌薪褘泄	0.000788	0.105361	0.000083
斜谢邪谐芯锌芯谢褍褔薪芯	0.000263	3.506558	0.000921
斜谢懈蟹泻懈泄	0.000525	0.116534	0.000061
斜谢懈薪	0.001576	0.040822	0.000064
斜谢懈薪褔懈泻	0.000263	1.714798	0.000451
斜谢褞写芯	0.037835	0.040822	0.001545
斜芯斜芯胁褘泄	0.002102	0.116534	0.000245
斜芯谐	0.000263	3.218876	0.000846
斜芯谢谐邪褉褋泻懈泄	0.000788	0.116534	0.000092
斜芯谢械蟹薪褘泄	0.000263	4.605170	0.001210
斜芯谢械蟹薪褜	0.000263	2.995732	0.000787
斜芯谢褜褕芯泄	0.000788	0.094311	0.000074
斜芯褉褖	0.000525	0.040822	0.000021
斜芯褌胁懈薪褜褟	0.000263	0.040822	0.000011
斜褉邪蟹懈谢褜褋泻懈泄	0.000263	0.116534	0.000031
斜褉邪褍蟹械褉	0.000263	0.040822	0.000011
斜褉邪褍薪懈	0.000263	0.040822	0.000011
斜褉械褋褌	0.000263	0.127833	0.000034
斜褉芯泻泻芯谢懈	0.000263	0.040822	0.000011
斜褍卸械薪懈薪邪	0.000263	0.040822	0.000011
斜褍谢芯褔泻邪	0.000788	0.040822	0.000032
斜褍谢褜芯薪	0.003941	0.040822	0.000161
斜褍褉谐械褉	0.000525	0.040822	0.000021
斜褍褉褟褌褋泻懈泄	0.000263	0.116534	0.000031
斜褍褌械褉斜褉芯写	0.001314	0.040822	0.000054
斜褘胁邪褌褜	0.000263	1.897120	0.000498
斜褘褋褌褉芯	0.000263	0.094311	0.000025
斜褘褋褌褉芯褌邪	0.000263	3.506558	0.000921
斜褘褋褌褉褘泄	0.001839	0.094311	0.000173
斜褞写卸械褌薪褘泄	0.000263	2.813411	0.000739
斜褢写褉褘褕泻邪	0.000263	4.605170	0.001210
胁邪卸薪褘泄	0.000525	0.116534	0.000061
胁邪谢谢懈泄褋泻懈泄	0.000263	0.116534	0.000031
胁邪褉械薪懈械	0.000525	0.040822	0.000021
胁邪褉械薪懈泻	0.000263	0.116534	0.000031
胁邪褉懈邪薪褌	0.001051	0.356675	0.000375
胁邪褌褉褍褕泻邪	0.000263	0.040822	0.000011
胁邪褎谢褟	0.000525	0.040822	0.000021
胁邪褕	0.001314	0.000000	0.000000
胁胁芯写懈褌褜	0.000263	0.040822	0.000011
胁写芯褏薪芯胁械薪懈械	0.001576	0.116534	0.000184
胁写芯褏薪芯胁谢褟褌褜褋褟	0.000263	0.116534	0.000031
胁械谐械褌邪褉懈邪薪褋泻懈泄	0.000525	0.116534	0.000061
胁械谢懈泻懈泄	0.000263	0.116534	0.000031
胁械谢懈泻芯械	0.000263	2.995732	0.000787
胁械薪谐械褉褋泻懈泄	0.000263	0.116534	0.000031
胁械褋械薪薪懈泄	0.000263	0.051293	0.000013
胁械褋薪邪	0.001576	0.116534	0.000184
胁械褌褔懈薪邪	0.000263	0.094311	0.000025
胁械褔械褉芯屑	0.000263	2.407946	0.000633
胁懈写	0.000525	0.776529	0.000408
胁懈写械芯	0.000525	0.116534	0.000061
胁懈写械芯褉械褑械锌褌	0.000263	0.301105	0.000079
胁懈蟹懈褌	0.000263	4.605170	0.001210
胁懈蟹懈褌褢褉	0.000263	4.605170	0.001210
胁懈薪芯	0.001051	0.040822	0.000043
胁泻谢褞褔邪褌褜	0.000263	0.634878	0.000167
胁泻褉邪锌谢械薪懈械	0.000263	3.506558	0.000921
胁泻褍褋	0.004204	0.105361	0.000443
胁泻褍褋薪芯	0.001314	0.094311	0.000124
胁泻褍褋薪褘泄	0.004992	0.061875	0.000309
胁谢褞斜懈褌褜	0.000263	0.116534	0.000031
胁薪邪褔邪谢械	0.001051	0.248461	0.000261
胁薪懈屑邪薪懈械	0.000788	1.237874	0.000976
胁芯写邪	0.002890	0.094311	0.000273
胁芯泄褌懈	0.000263	0.000000	0.000000
胁芯谢芯胁邪薪	0.000263	0.116534	0.000031
胁芯谢褕械斜薪褘泄	0.000263	0.116534	0.000031
胁芯谢褕械斜褋褌胁芯	0.000263	0.116534	0.000031
胁芯锌褉芯褋	0.000263	0.000000	0.000000
胁芯褋褌芯褉谐	0.000263	1.309333	0.000344
胁芯褋褌芯褔薪褘泄	0.000263	0.127833	0.000034
胁锌械褉胁褘械	0.000263	1.560648	0.000410
胁褉械屑褟	0.002627	0.105361	0.000277
胁褋械谐写邪	0.000788	0.653926	0.000515
胁褋锌芯屑薪懈褌褜	0.000263	0.040822	0.000011
胁褋褟泻懈泄	0.000263	2.120264	0.000557
胁褌芯褉芯械	0.000263	0.116534	0.000031
胁褌芯褉芯泄	0.000525	0.116534	0.000061
胁褏芯写	0.000788	0.030459	0.000024
胁褘斜芯褉	0.000263	2.813411	0.000739
胁褘泄褌懈	0.000263	0.040822	0.000011
胁褘泻谢邪写褘胁邪褌褜褋褟	0.000263	3.506558	0.000921
胁褘锌械褔泻邪	0.004204	0.040822	0.000172
胁褜械褌薪邪屑褋泻懈泄	0.000263	0.116534	0.000031
胁褟谢械薪褘泄	0.000788	2.525729	0.001991
谐邪胁邪泄褋泻懈泄	0.000263	0.116534	0.000031
谐邪褉薪懈褉	0.001314	0.040822	0.000054
谐邪褋锌邪褔芯	0.000263	0.040822	0.000011
谐械芯谐褉邪褎懈褟	0.000263	0.116534	0.000031
谐谢邪胁薪褘泄	0.000525	0.040822	0.000021
谐谢邪蟹褍褉褜	0.000788	0.040822	0.000032
谐谢懈薪褌胁械泄薪	0.000263	0.040822	0.000011
谐芯胁褟写懈薪邪	0.001051	0.116534	0.000122
谐芯写	0.006831	0.083382	0.000570
谐芯谢械薪褜	0.000788	2.995732	0.002361
谐芯谢谢邪薪写褋泻懈泄	0.000788	0.116534	0.000092
谐芯谢芯胁邪	0.000525	2.659260	0.001397
谐芯褉邪蟹写芯	0.000263	2.040221	0.000536
谐芯褉芯写	0.000263	0.116534	0.000031
谐芯褉芯褏	0.000263	0.116534	0.000031
谐芯褉褔懈褑邪	0.001314	0.040822	0.000054
谐芯褉褔懈褔薪褘泄	0.000525	2.813411	0.001478
谐芯褉褕芯褔械泻	0.000525	0.040822	0.000021
谐芯褉褟褔械械	0.000788	0.116534	0.000092
谐芯褉褟褔懈泄	0.015502	0.105361	0.001633
谐芯褋褌褜	0.000525	0.116534	0.000061
谐芯褌芯胁懈褌褜	0.004729	0.083382	0.000394
谐芯褌芯胁懈褌褜褋褟	0.000263	0.371064	0.000097
谐芯褌芯胁褘泄	0.000263	0.755023	0.000198
谐褉械薪泻邪	0.000525	0.040822	0.000021
谐褉械褑泻懈泄	0.000525	1.469676	0.000772
谐褉械褔械褋泻懈泄	0.000263	0.116534	0.000031
谐褉械褔泻邪	0.000263	0.040822	0.000011
谐褉懈斜	0.003153	0.040822	0.000129
谐褉懈斜薪芯泄	0.000525	0.040822	0.000021
谐褉懈谢褜	0.002627	0.105361	0.000277
谐褉懈谢褜屑邪薪懈褟	0.000263	0.116534	0.000031
谐褉芯谐	0.000263	0.040822	0.000011
谐褉褍写泻邪	0.000788	0.967584	0.000763
谐褉褍蟹懈薪褋泻懈泄	0.000263	0.116534	0.000031
谐褉褍锌锌邪	0.000263	0.061875	0.000016
谐褍褉屑	0.000263	0.127833	0.000034
谐褍褉屑邪薪懈褟	0.001576	0.116534	0.000184
谐褍褋褜	0.000525	0.105361	0.000055
写邪胁邪褌褜	0.000263	0.040822	0.000011
写邪胁薪芯	0.000263	0.967584	0.000254
写邪屑褋泻懈泄	0.000525	4.605170	0.002420
写邪薪薪褘械	0.000263	0.040822	0.000011
写邪褉	0.000263	0.116534	0.000031
写邪褌邪	0.000525	0.248461	0.000131
写邪褌褋泻懈泄	0.000263	0.116534	0.000031
写邪褌褜	0.000263	0.040822	0.000011
写邪褔薪褘泄	0.000788	0.116534	0.000092
写胁邪	0.000525	0.967584	0.000508
写械谐褍褋褌邪褑懈褟	0.000263	3.506558	0.000921
写械泄褋褌胁懈械	0.000263	4.605170	0.001210
写械泻邪斜褉褜	0.000263	0.597837	0.000157
写械泻芯褉	0.000263	0.127833	0.000034
写械谢邪褌褜	0.000525	0.083382	0.000044
写械谢懈褌褜褋褟	0.000788	0.040822	0.000032
写械谢芯	0.000525	0.105361	0.000055
写械薪褜	0.002627	0.040822	0.000107
写械褋械褉褌	0.004467	0.040822	0.000182
写械褋械褉褌邪褑懈褟	0.000263	0.116534	0.000031
写械褋械褉褌薪褘泄	0.000263	0.116534	0.000031
写卸械屑	0.000263	0.040822	0.000011
写卸械屑邪	0.000263	0.040822	0.000011
写卸械薪褟褌褜	0.000788	2.659260	0.002096
写卸芯谢谢芯褎	0.000263	4.605170	0.001210
写蟹械薪	0.000263	0.116534	0.000031
写懈械褌邪	0.000525	0.094311	0.000050
写懈械褌懈褔械褋泻懈泄	0.000263	1.966113	0.000517
写懈泻懈泄	0.000788	0.116534	0.000092
写懈锌	0.000263	0.116534	0.000031
写懈褔褜	0.000788	0.116534	0.000092
写薪械胁薪懈泻	0.000263	0.061875	0.000016
写芯斜邪胁懈褌褜	0.000263	0.083382	0.000022
写芯斜邪胁泻邪	0.000263	2.302585	0.000605
写芯斜邪胁谢械薪懈械	0.000263	0.223144	0.000059
写芯斜邪胁谢褟褌褜	0.000263	0.040822	0.000011
写芯斜懈褉邪褌褜褋褟	0.000263	4.605170	0.001210
写芯斜褉芯褎谢芯褌	0.000263	0.127833	0.000034
写芯胁械褉褟褌褜	0.000263	0.116534	0.000031
写芯屑	0.003153	0.040822	0.000129
写芯屑邪褕薪懈泄	0.004204	0.040822	0.000172
写芯褋褌邪胁邪褌褜	0.000263	4.605170	0.001210
写芯褋褌邪褌芯褔薪芯	0.000263	2.040221	0.000536
写褉邪泄胁	0.001314	0.127833	0.000168
写褉芯卸卸械胁芯泄	0.000263	0.116534	0.000031
写褉褍谐	0.000525	0.544727	0.000286
写褍屑邪褌褜	0.000263	0.634878	0.000167
写褍褏芯胁泻邪	0.001839	0.105361	0.000194
写褍褕邪	0.000788	0.105361	0.000083
写褍褕懈褋褌褘泄	0.001576	1.237874	0.001951
械胁褉械泄褋泻懈泄	0.000263	0.116534	0.000031
械谐懈锌械褌褋泻懈泄	0.000263	0.116534	0.000031
械写懈薪褘泄	0.000263	0.000000	0.000000
械卸械谢懈	0.000263	3.912023	0.001028
械泻芯	0.000263	0.127833	0.000034
卸邪谢械褌褜	0.000263	3.218876	0.000846
卸邪褉懈褌褜褋褟	0.000263	2.120264	0.000557
卸邪褉泻芯械	0.000263	0.040822	0.000011
卸械谢邪薪懈械	0.000263	1.771957	0.000466
卸械谢邪褌懈薪邪	0.001051	1.427116	0.001500
卸械谢械	0.000788	0.040822	0.000032
卸械薪邪	0.001051	2.813411	0.002957
卸械薪褋泻懈泄	0.000788	0.020203	0.000016
卸械薪褖懈薪邪	0.000525	0.061875	0.000033
卸懈蟹薪褜	0.000525	0.040822	0.000021
卸懈褉薪褘泄	0.000263	2.207275	0.000580
卸褍谢褜械薪	0.000263	0.040822	0.000011
卸褍褉薪邪谢	0.000263	0.072571	0.000019
卸褞谢褜械薪	0.000263	0.040822	0.000011
卸褞谢褜薪褘泄	0.000263	0.040822	0.000011
蟹邪斜懈褌褘泄	0.000263	4.605170	0.001210
蟹邪胁邪褉薪芯泄	0.000525	0.116534	0.000061
蟹邪胁褌褉邪泻	0.002102	0.094311	0.000198
蟹邪谐芯褌芯胁泻邪	0.001051	0.040822	0.000043
蟹邪写邪胁邪褌褜	0.000263	0.040822	0.000011
蟹邪懈薪褌械褉械褋芯胁邪褌褜褋褟	0.000263	3.218876	0.000846
蟹邪泻胁邪褋泻邪	0.000788	0.040822	0.000032
蟹邪泻褉褘褌褘泄	0.000263	0.116534	0.000031
蟹邪泻褍褋泻邪	0.009459	0.040822	0.000386
蟹邪泻褍褋芯薪褔懈泻	0.000263	0.116534	0.000031
蟹邪泻褍褋芯褔泻邪	0.000263	0.116534	0.000031
蟹邪泻褍褋芯褔薪邪褟	0.002627	0.116534	0.000306
蟹邪谢懈胁薪芯械	0.001051	0.040822	0.000043
蟹邪屑邪褉懈薪芯胁邪褌褜	0.000263	2.995732	0.000787
蟹邪屑械薪懈褌褜	0.000263	2.120264	0.000557
蟹邪屑械褔邪褌械谢褜薪褘泄	0.000263	0.713350	0.000187
蟹邪屑芯褉芯蟹泻邪	0.000263	0.105361	0.000028
蟹邪锌邪写	0.000263	0.116534	0.000031
蟹邪锌械泻邪薪懈械	0.000525	1.514128	0.000796
蟹邪锌械泻邪薪泻邪	0.002890	0.040822	0.000118
蟹邪锌械泻邪褌褜褋褟	0.000263	2.407946	0.000633
蟹邪锌械褔褜	0.000263	0.916291	0.000241
蟹邪锌褉邪胁泻邪	0.000525	0.040822	0.000021
蟹邪锌褔邪褋褌褜	0.000263	4.605170	0.001210
蟹邪褉邪卸邪褌褜	0.000263	4.605170	0.001210
蟹邪褉械谐懈褋褌褉懈褉芯胁邪褌褜褋褟	0.000525	0.030459	0.000016
蟹邪褋芯谢泻邪	0.000263	0.116534	0.000031
蟹邪褋芯锌谢懈胁懈谢褘	0.000263	4.605170	0.001210
蟹邪褋褌邪胁懈褌褜	0.000263	3.506558	0.000921
蟹邪褏芯写懈褌褜	0.000263	0.733969	0.000193
蟹邪褟褑	0.000525	0.116534	0.000061
蟹胁邪薪褘泄	0.000263	0.127833	0.000034
蟹胁械蟹写邪	0.000263	0.116534	0.000031
蟹胁褢蟹写薪褘泄	0.000263	0.116534	0.000031
蟹写芯褉芯胁褘泄	0.000788	0.116534	0.000092
蟹械谢械薪褜	0.000788	0.094311	0.000074
蟹械谢褢薪褘泄	0.000525	0.820981	0.000431
蟹械褎懈褉	0.000263	0.040822	0.000011
蟹懈屑邪	0.001051	0.040822	0.000043
蟹懈屑薪懈泄	0.000263	0.051293	0.000013
蟹薪邪褌褜	0.000525	0.462035	0.000243
蟹芯谢芯褌芯泄	0.000263	0.116534	0.000031
懈胁邪薪芯胁	0.000263	0.127833	0.000034
懈写械邪谢褜薪芯	0.000263	1.514128	0.000398
懈写械邪谢褜薪褘泄	0.001839	0.116534	0.000214
懈写械泄泻邪	0.000263	0.116534	0.000031
懈写械薪褌懈褔薪褘泄	0.000263	3.506558	0.000921
懈蟹胁械褖械薪懈械	0.000263	4.605170	0.001210
懈蟹谐芯褌芯胁谢械薪懈械	0.000263	3.218876	0.000846
懈蟹写械谢懈械	0.002102	0.116534	0.000245
懈泻褉邪	0.000788	0.040822	0.000032
懈谢谢褞褋褌褉懈褉芯胁邪褌褜	0.000263	2.120264	0.000557
懈屑斜懈褉褜	0.000525	1.832581	0.000963
懈屑褟	0.000263	0.030459	0.000008
懈薪胁械褉褌芯褉薪褘泄	0.000263	0.127833	0.000034
懈薪谐褉械写懈械薪褌	0.008671	0.139262	0.001207
懈薪写械泄泻邪	0.001576	0.094311	0.000149
懈薪写懈泄褋泻懈泄	0.000263	0.116534	0.000031
懈薪写懈谢邪泄褌邪	0.000788	0.116534	0.000092
懈薪写懈褉械褋薪褘泄	0.000263	0.116534	0.000031
懈薪芯泄	0.000263	2.040221	0.000536
懈薪褋褌褉褍泻褑懈褟	0.000263	0.030459	0.000008
懈褉邪泻褋泻懈泄	0.000263	0.116534	0.000031
懈褉邪薪褋泻懈泄	0.000263	0.116534	0.000031
懈褉谢邪薪写褋泻懈泄	0.000263	0.116534	0.000031
懈褋泻褉械薪薪械	0.000263	0.116534	0.000031
懈褋谢邪薪写褋泻懈泄	0.000263	0.116534	0.000031
懈褋锌邪薪褋泻懈泄	0.000263	0.116534	0.000031
懈褋锌械褔褜	0.000263	0.105361	0.000028
懈褋锌芯谢褜蟹芯胁邪褌褜	0.000525	1.171183	0.000615
懈褋锌褉芯斜芯胁邪褌褜	0.000263	3.912023	0.001028
懈褋褌芯褉懈褟	0.001576	0.116534	0.000184
懈褌邪泻	0.000263	1.609438	0.000423
懈褌邪谢懈褟	0.000788	0.105361	0.000083
懈褌邪谢褜褟薪褋泻懈泄	0.000263	0.105361	0.000028
懈褞谢褜	0.000263	0.579818	0.000152
泄芯谐褍褉褌	0.001314	0.040822	0.000054
泻邪斜邪褔芯泻	0.000263	0.040822	0.000011
泻邪胁泻邪蟹褋泻懈泄	0.000263	0.116534	0.000031
泻邪蟹邪薪	0.000263	0.116534	0.000031
泻邪蟹邪褏褋泻懈泄	0.000263	0.116534	0.000031
泻邪泻邪芯	0.000525	0.040822	0.000021
泻邪谢械泄写芯褋泻芯锌	0.001051	0.116534	0.000122
泻邪谢屑褘褑泻懈泄	0.000263	0.116534	0.000031
泻邪谢芯褉懈泄薪褘泄	0.000263	1.966113	0.000517
泻邪谢褜屑邪褉	0.000525	0.040822	0.000021
泻邪屑械褉邪	0.000263	0.116534	0.000031
泻邪薪邪写褋泻懈泄	0.000263	0.116534	0.000031
泻邪薪邪谢	0.000788	0.040822	0.000032
泻邪薪邪锌械	0.000525	0.040822	0.000021
泻邪薪褍薪	0.000263	4.605170	0.001210
泻邪锌褍褋褌邪	0.000788	0.040822	0.000032
泻邪锌褍褋褌薪褟泻	0.000263	0.040822	0.000011
泻邪褉邪屑械谢褜	0.000263	0.040822	0.000011
泻邪褉写懈薪邪谢褜薪芯	0.000263	3.912023	0.001028
泻邪褉泻邪褋薪褘泄	0.001051	0.116534	0.000122
泻邪褉褌芯褎械谢褜	0.001576	0.040822	0.000064
泻邪褉褌芯褎械谢褜薪褘泄	0.000525	0.040822	0.000021
泻邪褉褌芯褕泻邪	0.000525	0.040822	0.000021
泻邪褌械谐芯褉懈褟	0.004204	0.116534	0.000490
泻邪褔械褋褌胁芯	0.000263	0.105361	0.000028
泻邪褕邪	0.001839	0.040822	0.000075
泻邪褞褌邪	0.000263	4.605170	0.001210
泻胁邪褋	0.001051	0.040822	0.000043
泻胁邪褋薪芯泄	0.000788	0.116534	0.000092
泻械泻褋	0.000788	0.040822	0.000032
泻械褎懈褉	0.000263	0.040822	0.000011
泻懈屑褔邪褌褜	0.000263	0.040822	0.000011
泻懈薪芯邪	0.000525	0.127833	0.000067
泻懈薪芯谢械薪褌邪	0.000263	0.116534	0.000031
泻懈褋械谢褜	0.000525	0.040822	0.000021
泻懈褌邪泄褋泻懈泄	0.000263	0.116534	0.000031
泻懈褕泻邪	0.000525	3.912023	0.002056
泻谢邪褋褋	0.002365	0.116534	0.000276
泻谢邪褋褋薪褘泄	0.000263	4.605170	0.001210
泻屑	0.000263	4.605170	0.001210
泻薪懈谐邪	0.000525	0.040822	0.000021
泻芯泻邪	0.000263	4.605170	0.001210
泻芯泻褌械泄谢褜	0.001576	0.040822	0.000064
泻芯谢斜邪褋邪	0.001576	0.040822	0.000064
泻芯谢斜邪褋薪褘泄	0.001314	0.116534	0.000153
泻芯谢懈褔械褋褌胁芯	0.000263	1.386294	0.000364
泻芯屑邪薪写邪	0.000525	0.127833	0.000067
泻芯屑懈	0.000263	0.116534	0.000031
泻芯屑屑械薪褌邪褉懈泄	0.000263	0.127833	0.000034
泻芯屑锌邪薪懈褟	0.000263	0.105361	0.000028
泻芯屑锌芯褌	0.000788	0.040822	0.000032
泻芯薪械褔薪芯	0.000788	0.527633	0.000416
泻芯薪懈薪邪	0.000263	0.116534	0.000031
泻芯薪泻褍褉褋	0.057015	0.040822	0.002327
泻芯薪泻褍褉褋薪褘泄	0.000263	0.127833	0.000034
泻芯薪褋械褉胁懈褉芯胁邪薪懈械	0.000263	0.040822	0.000011
泻芯薪褋械褉胁懈褉芯胁邪薪薪褘泄	0.001314	0.116534	0.000153
泻芯薪褎械褌邪	0.001051	0.040822	0.000043
泻芯薪褎械褌褌懈	0.000263	0.116534	0.000031
泻芯薪褎懈写械薪褑懈邪谢褜薪芯褋褌褜	0.000263	0.040822	0.000011
泻芯薪褎懈褌褞褉	0.000263	0.040822	0.000011
泻芯锌褔褢薪芯褋褌褜	0.000263	0.116534	0.000031
泻芯褉械泄褋泻懈	0.000263	0.040822	0.000011
泻芯褉械泄褋泻懈泄	0.000263	0.105361	0.000028
泻芯褉卸懈泻	0.000263	0.040822	0.000011
泻芯褉懈邪薪写褉	0.001051	1.469676	0.001545
泻芯褉懈褔薪械胁褘泄	0.000263	1.272966	0.000334
泻芯褉屑懈褌褜	0.000263	0.116534	0.000031
泻芯褉芯褔泻邪	0.000263	1.309333	0.000344
泻芯褋褌芯褔泻邪	0.000263	3.912023	0.001028
泻芯褌谢械褌邪	0.000263	0.040822	0.000011
泻芯褎械	0.000525	0.040822	0.000021
泻褉邪褋懈胁褘泄	0.000263	0.843970	0.000222
泻褉邪褋泻邪	0.000263	0.116534	0.000031
泻褉邪褋薪芯胁邪褌褘泄	0.000263	4.605170	0.001210
泻褉邪褋薪褘泄	0.000788	0.941609	0.000742
泻褉械邪褌懈胁	0.000263	0.127833	0.000034
泻褉械屑	0.000788	0.040822	0.000032
泻褉械屑谢褢胁褋泻懈泄	0.000263	4.605170	0.001210
泻褉械锌泻懈泄	0.000263	0.116534	0.000031
泻褉芯谢懈泻	0.000525	0.116534	0.000061
泻褉芯屑械	0.000263	0.061875	0.000016
泻褉芯褏邪	0.000263	0.116534	0.000031
泻褉褍谐	0.000525	0.116534	0.000061
泻褉褍卸懈褌褜	0.000263	4.605170	0.001210
泻褉褍锌	0.001839	0.105361	0.000194
泻褉褍锌邪	0.002627	0.116534	0.000306
泻褉褍锌褟薪芯泄	0.000263	0.116534	0.000031
泻褋褌邪褌懈	0.000525	1.237874	0.000650
泻褍斜懈薪褋泻懈泄	0.000263	0.116534	0.000031
泻褍谢械褕	0.000263	0.040822	0.000011
泻褍谢懈薪邪褉懈褟	0.000788	0.094311	0.000074
泻褍谢懈薪邪褉薪褘泄	0.001576	0.000000	0.000000
泻褍谢懈褔	0.000525	0.040822	0.000021
泻褍褉写褋泻懈泄	0.000263	0.116534	0.000031
泻褍褉懈薪褘泄	0.017867	0.094311	0.001685
泻褍褉懈褑邪	0.007357	0.040822	0.000300
泻褍褉泻褍屑邪	0.000525	2.040221	0.001072
泻褍褉芯褔泻邪	0.000525	0.116534	0.000061
泻褍褋泻褍褋	0.000263	0.040822	0.000011
泻褍褏薪褟	0.002627	0.040822	0.000107
谢邪胁邪褕	0.001576	0.040822	0.000064
谢邪胁褉芯胁褘泄	0.001051	1.139434	0.001198
谢邪谐屑邪薪	0.000263	0.040822	0.000011
谢邪泻芯屑褋褌胁芯	0.000263	0.116534	0.000031
谢邪锌褕邪	0.000525	0.040822	0.000021
谢邪褌褘褕褋泻懈泄	0.000263	0.116534	0.000031
谢械谐泻芯	0.001576	0.116534	0.000184
谢械薪懈胁芯	0.000263	3.912023	0.001028
谢械薪懈胁褘泄	0.000263	1.427116	0.000375
谢械锌褢褕泻邪	0.000525	0.040822	0.000021
谢械褌薪懈泄	0.000525	0.040822	0.000021
谢械褌芯	0.001576	0.116534	0.000184
谢械褔芯	0.000263	0.040822	0.000011
谢懈谐邪	0.000788	0.116534	0.000092
谢懈泻褢褉	0.000263	0.040822	0.000011
谢懈屑芯薪	0.000525	0.891598	0.000469
谢懈屑芯薪邪写	0.000525	0.040822	0.000021
谢懈屑芯薪薪褘泄	0.000525	0.713350	0.000375
谢懈褋褌	0.001051	0.843970	0.000887
谢懈褌芯胁褋泻	0.000263	0.127833	0.000034
谢懈褌芯胁褋泻懈泄	0.000263	0.116534	0.000031
谢芯屑邪褌褜	0.000263	3.912023	0.001028
谢芯褑屑邪薪	0.000263	4.605170	0.001210
谢褍泻	0.003416	0.301105	0.001028
谢褍泻芯胁褘泄	0.000525	2.407946	0.001265
谢褘泻芯	0.000263	4.605170	0.001210
谢褞斜懈屑褘泄	0.002365	0.116534	0.000276
谢褞斜懈褌械谢褜	0.000263	1.386294	0.000364
谢褞斜懈褌褜	0.001051	0.755023	0.000794
谢褞斜芯胁褜	0.000525	0.105361	0.000055
谢褞斜芯泄	0.000263	0.094311	0.000025
谢褢谐泻懈泄	0.001051	0.094311	0.000099
谢褢谐泻芯褋褌褜	0.000263	4.605170	0.001210
谢褢写	0.000263	0.116534	0.000031
屑邪谐邪蟹懈薪	0.000263	2.302585	0.000605
屑邪谐褉懈斜	0.000263	0.116534	0.000031
屑邪泄	0.000525	0.116534	0.000061
屑邪泄芯薪械蟹	0.002365	0.116534	0.000276
屑邪泻邪褉芯薪薪褘泄	0.000263	0.116534	0.000031
屑邪泻邪褉芯薪褘	0.000263	0.040822	0.000011
屑邪谢邪蟹懈泄褋泻懈泄	0.000263	0.116534	0.000031
屑邪谢械薪褜泻懈泄	0.000263	1.514128	0.000398
屑邪薪薪懈泻	0.000263	0.040822	0.000011
屑邪薪褋邪褉写邪	0.000525	0.755023	0.000397
屑邪薪褌邪	0.000263	0.116534	0.000031
屑邪薪褢胁褉	0.000263	0.116534	0.000031
屑邪褉邪褎芯薪	0.000788	0.116534	0.000092
屑邪褉懈薪邪写	0.003153	0.040822	0.000129
屑邪褉懈薪芯胁邪薪懈械	0.000263	3.506558	0.000921
屑邪褉懈薪芯胁邪褌褜	0.000263	0.116534	0.000031
屑邪褉屑械谢邪写	0.000263	0.040822	0.000011
屑邪褉芯泻泻邪薪褋泻懈泄	0.000263	0.116534	0.000031
屑邪褉褌	0.001839	0.105361	0.000194
屑邪褋泻邪褉锌芯薪	0.000263	0.040822	0.000011
屑邪褋谢械薪懈褑邪	0.000788	0.040822	0.000032
屑邪褋谢械薪懈褔薪褘泄	0.000263	0.116534	0.000031
屑邪褋谢芯	0.005255	0.105361	0.000554
屑邪褋褌械褉	0.002365	0.116534	0.000276
屑邪褋褌懈泻邪	0.000525	0.040822	0.000021
屑邪褎褎懈薪邪	0.000263	0.116534	0.000031
屑邪褏械械胁褗	0.001051	0.116534	0.000122
屑械写懈邪褎芯褉褌	0.000788	0.000000	0.000000
屑械写芯胁褘泄	0.000263	0.116534	0.000031
屑械泻褋懈泻邪薪褋泻懈泄	0.000263	0.116534	0.000031
屑械谢褜斜褍褉薪	0.000263	4.605170	0.001210
屑械薪褞	0.000263	0.116534	0.000031
屑械薪褟褌褜褋褟	0.000263	0.116534	0.000031
屑械褔褌邪	0.000788	0.040822	0.000032
屑懈写懈褟	0.000263	0.040822	0.000011
屑懈泻褉芯胁芯谢薪芯胁泻邪	0.000263	0.105361	0.000028
屑懈谢褜褟	0.000263	0.116534	0.000031
屑懈薪懈屑邪谢褜薪褘泄	0.000263	2.407946	0.000633
屑懈薪懈屑褍屑	0.000263	1.237874	0.000325
屑懈薪褍褌邪	0.000788	0.544727	0.000429
屑懈薪褍褌褜	0.000263	4.605170	0.001210
屑懈芯	0.000263	0.116534	0.000031
屑懈褉	0.000525	0.105361	0.000055
屑懈褉芯胁芯泄	0.000263	0.116534	0.000031
屑懈褋芯	0.000263	0.040822	0.000011
屑懈褋褌械褉懈褟	0.000263	0.116534	0.000031
屑懈褋褌褉邪谢褜	0.001839	0.116534	0.000214
屑薪芯谐芯	0.000263	0.776529	0.000204
屑薪芯卸械褋褌胁芯	0.000525	0.040822	0.000021
屑芯写械谢褜	0.000263	4.605170	0.001210
屑芯泄	0.001839	0.083382	0.000153
屑芯谢写邪胁褋泻懈泄	0.000263	0.116534	0.000031
屑芯谢芯泻芯	0.001051	0.083382	0.000088
屑芯谢芯褔泻芯	0.000525	3.506558	0.001843
屑芯谢芯褔薪褘泄	0.001051	0.040822	0.000043
屑芯屑械薪褌	0.000788	0.105361	0.000083
屑芯薪谐芯谢褜褋泻懈泄	0.000263	0.116534	0.000031
屑芯褉械	0.000263	0.116534	0.000031
屑芯褉械锌褉芯写褍泻褌	0.003416	0.040822	0.000139
屑芯褉泻芯胁褜	0.000263	0.040822	0.000011
屑芯褉芯卸械薪芯械	0.000788	0.040822	0.000032
屑芯褉褋	0.000525	0.040822	0.000021
屑芯褌芯褉	0.000263	0.116534	0.000031
屑芯褏懈褌褘泄	0.000263	0.040822	0.000011
屑芯褔褜	0.000525	0.000000	0.000000
屑褍卸懈泻	0.000525	4.605170	0.002420
屑褍卸褋泻芯泄	0.000263	0.127833	0.000034
屑褍卸褔懈薪邪	0.000788	0.116534	0.000092
屑褍泻邪	0.001839	0.248461	0.000457
屑褍谢褜褌懈胁邪褉泻邪	0.009984	0.116534	0.001164
屑褍谢褜褌懈锌械泻邪褉褜	0.000788	0.116534	0.000092
屑褍褋泻邪褌薪褘泄	0.000525	1.832581	0.000963
屑褍褋褋	0.000263	0.040822	0.000011
屑褍褋褋邪	0.000788	0.040822	0.000032
屑褍褔薪芯泄	0.000263	0.116534	0.000031
屑褞褋谢懈	0.000525	0.116534	0.000061
屑褟谐泻懈泄	0.000263	0.755023	0.000198
屑褟褋薪芯泄	0.003153	0.040822	0.000129
屑褟褋芯	0.009196	0.040822	0.000375
薪邪斜芯褉	0.000263	1.660731	0.000436
薪邪蟹胁邪薪懈械	0.001314	0.562119	0.000738
薪邪蟹薪邪褔械薪懈械	0.000263	0.116534	0.000031
薪邪泄褌懈	0.000263	0.446287	0.000117
薪邪泻邪薪褍薪械	0.000263	3.912023	0.001028
薪邪泻芯锌懈褌褜褋褟	0.000263	4.605170	0.001210
薪邪泻芯褉屑懈褌褜	0.000263	2.659260	0.000699
薪邪谢懈胁泻邪	0.000263	0.040822	0.000011
薪邪锌懈褌芯泻	0.001839	0.040822	0.000075
薪邪褋褌芯泄泻邪	0.000263	0.040822	0.000011
薪邪褋褌芯谢褜泻芯	0.000263	1.514128	0.000398
薪邪褋褌褉芯械薪懈械	0.000263	0.116534	0.000031
薪邪褑懈芯薪邪谢褜薪褘泄	0.000263	0.116534	0.000031
薪邪褔懈薪泻邪	0.000788	0.040822	0.000032
薪邪褕	0.001051	0.040822	0.000043
薪械写邪胁薪芯	0.000263	2.120264	0.000557
薪械写械谢褟	0.002627	0.051293	0.000135
薪械卸薪褘泄	0.001314	0.094311	0.000124
薪械蟹邪斜褘胁邪械屑褘泄	0.000263	3.218876	0.000846
薪械蟹邪屑褘褋谢芯胁邪褌褘泄	0.000263	3.506558	0.000921
薪械泻芯谐写邪	0.000525	3.506558	0.001843
薪械屑械褑泻懈泄	0.000263	0.116534	0.000031
薪械芯卸懈写邪薪薪褘泄	0.000525	0.116534	0.000061
薪械褋泻芯谢褜泻芯	0.000788	0.843970	0.000665
薪械褋谢邪写泻懈泄	0.000263	0.116534	0.000031
薪懈斜褘褌褜	0.000263	1.832581	0.000481
薪懈泻邪泻芯泄	0.000263	1.203973	0.000316
薪懈褔械谐芯	0.000263	0.941609	0.000247
薪芯胁芯谐芯写薪懈泄	0.005780	0.040822	0.000236
薪芯胁芯褋褌褜	0.000263	0.061875	0.000016
薪芯胁褘泄	0.003153	0.030459	0.000096
薪芯褉胁械卸褋泻懈泄	0.000263	0.116534	0.000031
薪芯褟斜褉褜	0.000788	0.527633	0.000416
薪褉邪胁懈褌褜褋褟	0.000263	0.941609	0.000247
芯斜邪	0.000263	4.605170	0.001210
芯斜械写	0.001314	0.105361	0.000138
芯斜械蟹褜褟薪邪	0.000263	0.116534	0.000031
芯斜卸邪褉懈胁邪褌褜	0.000263	2.813411	0.000739
芯斜懈褌邪薪懈械	0.000263	3.506558	0.000921
芯斜芯卸邪褌褜	0.000263	1.386294	0.000364
芯斜芯褉褍写芯胁邪薪懈械	0.000525	3.912023	0.002056
芯斜褉邪褖邪褌褜	0.000263	3.506558	0.000921
芯斜褖邪褌褜褋褟	0.000263	0.040822	0.000011
芯斜褖械褋褍写芯胁芯泄	0.000263	4.605170	0.001210
芯斜褗褟胁懈褌褜	0.000263	2.995732	0.000787
芯斜褘褔薪褘泄	0.000525	1.386294	0.000728
芯胁芯褖	0.005518	0.094311	0.000520
芯胁芯褖薪芯泄	0.002365	0.040822	0.000097
芯胁褋褟薪褘泄	0.000263	0.105361	0.000028
芯谐薪械薪薪褘泄	0.000263	0.116534	0.000031
芯谐芯薪褜	0.000263	0.094311	0.000025
芯谐褍褉械褑	0.000525	0.116534	0.000061
芯写懈薪邪泻芯胁芯	0.000263	3.506558	0.000921
芯写薪芯褝褌邪卸薪褘泄	0.000263	2.302585	0.000605
芯泻邪蟹邪褌褜褋褟	0.000263	1.514128	0.000398
芯泻褉芯褕泻邪	0.000788	0.040822	0.000032
芯泻褌褟斜褉褜	0.000788	0.562119	0.000443
芯谢邪写褜褟	0.000788	0.040822	0.000032
芯谢械泄薪芯泄	0.001051	0.116534	0.000122
芯谢械泄薪褘泄	0.001051	0.116534	0.000122
芯谢懈胁械褉	0.000788	2.525729	0.001991
芯谢懈胁泻芯胁褘泄	0.000525	0.544727	0.000286
芯屑谢械褌	0.000263	0.040822	0.000011
芯锌邪褉邪	0.000263	0.040822	0.000011
芯锌褉芯褋	0.000263	0.061875	0.000016
芯锌褘褌	0.000263	2.407946	0.000633
芯锌褘褌薪褘泄	0.000263	3.218876	0.000846
芯褉械褏	0.001314	0.776529	0.001020
芯褉懈谐懈薪邪谢	0.000263	1.832581	0.000481
芯褉懈谐懈薪邪谢褜薪褘泄	0.000263	1.049822	0.000276
芯褋胁芯斜芯写懈褌褜	0.000263	4.605170	0.001210
芯褋械薪薪懈泄	0.001051	0.051293	0.000054
芯褋械薪褜	0.002627	0.105361	0.000277
芯褋薪芯胁薪褘泄	0.000263	0.040822	0.000011
芯褋芯斜械薪薪芯	0.000263	1.469676	0.000386
芯褋褌邪胁邪褌褜褋褟	0.000263	0.116534	0.000031
芯褋褌邪胁懈褌褜	0.000263	1.660731	0.000436
芯褋褌邪谢褜薪芯泄	0.000263	2.525729	0.000664
芯褋褌褉褘泄	0.000263	1.897120	0.000498
芯褌斜懈褌褜	0.000263	4.605170	0.001210
芯褌胁邪褉薪褘泄	0.000263	2.995732	0.000787
芯褌胁械褌	0.000525	0.000000	0.000000
芯褌胁械褌懈褌褜	0.000263	0.051293	0.000013
芯褌写邪胁邪褌褜	0.000263	3.912023	0.001028
芯褌泻褉褘褌褘泄	0.000788	0.105361	0.000083
芯褌泻褉褘褌褜	0.000263	2.813411	0.000739
芯褌谢懈褔邪褌褜褋褟	0.000263	1.469676	0.000386
芯褌谢懈褔薪褘泄	0.000263	1.078810	0.000283
芯褌屑械薪懈褌褜	0.000263	0.040822	0.000011
芯褌薪芯褋懈褌械谢褜薪褘泄	0.000263	4.605170	0.001210
芯褌薪芯褋懈褌褜褋褟	0.000263	1.714798	0.000451
芯褌锌邪写邪褌褜	0.000263	3.912023	0.001028
芯褌褋褞写邪	0.000263	3.218876	0.000846
芯褏谢邪写懈褌褜	0.000263	0.116534	0.000031
芯褔械褉械写薪芯泄	0.000263	1.514128	0.000398
锌邪泻械褌懈泻	0.000263	0.105361	0.000028
锌邪谢芯褔泻邪	0.000263	0.040822	0.000011
锌邪薪懈褉芯胁泻邪	0.002627	0.116534	0.000306
锌邪薪懈褉芯胁芯褔薪褘泄	0.000263	1.309333	0.000344
锌邪锌褉懈泻邪	0.002627	1.171183	0.003077
锌邪褉邪	0.000525	0.116534	0.000061
锌邪褉邪写	0.001839	0.116534	0.000214
锌邪褉芯胁邪褉泻邪	0.002365	0.105361	0.000249
锌邪褉芯谢褜	0.000263	0.020203	0.000005
锌邪褋褌邪	0.001314	0.040822	0.000054
锌邪褋褌褉芯屑邪	0.000263	0.040822	0.000011
锌邪褋褏邪	0.000525	0.040822	0.000021
锌邪褋褏邪谢褜薪褘泄	0.000788	0.116534	0.000092
锌邪褕褌械褌	0.000788	0.040822	0.000032
锌械泻邪褉褜	0.000263	0.127833	0.000034
锌械谢褜屑械薪褜	0.000263	0.116534	0.000031
锌械褉胁芯泻谢邪褕泻邪	0.000263	4.605170	0.001210
锌械褉胁褘泄	0.001576	0.040822	0.000064
锌械褉械写邪褌褜	0.000263	3.218876	0.000846
锌械褉械写邪褔邪	0.000788	2.040221	0.001608
锌械褉械械写邪褌褜	0.000263	4.605170	0.001210
锌械褉械泄褌懈	0.000263	0.040822	0.000011
锌械褉械泻褍褋	0.000525	0.116534	0.000061
锌械褉械褑	0.008408	0.040822	0.000343
锌械褉褋芯薪邪	0.000263	0.116534	0.000031
锌械褉褍邪薪褋泻懈泄	0.000263	0.116534	0.000031
锌械褋芯褔薪褘泄	0.000788	0.105361	0.000083
锌械褌械谢懈薪泻	0.000263	0.127833	0.000034
锌械褌褉褍褕泻邪	0.000525	0.673345	0.000354
锌械褔械薪懈械	0.002365	0.040822	0.000097
锌械褔褜	0.000263	0.116534	0.000031
锌械褔褢薪芯褔薪褘泄	0.000263	0.040822	0.000011
锌懈胁芯	0.000263	0.116534	0.000031
锌懈泻邪薪褌	0.000263	0.127833	0.000034
锌懈泻薪懈泻	0.001051	0.105361	0.000111
锌懈褉	0.000263	0.116534	0.000031
锌懈褉邪屑懈写泻邪	0.000263	4.605170	0.001210
锌懈褉芯谐	0.001839	0.040822	0.000075
锌懈褉芯卸薪芯械	0.000525	0.040822	0.000021
锌懈褉芯卸芯泻	0.000263	0.040822	0.000011
锌懈褌邪薪懈械	0.001314	0.094311	0.000124
锌懈褑褑邪	0.000525	0.040822	0.000021
锌谢邪胁谢械薪褘泄	0.000525	1.237874	0.000650
锌谢邪屑褟	0.000263	0.116534	0.000031
锌谢懈褌邪	0.001051	0.116534	0.000122
锌谢芯胁	0.000263	0.116534	0.000031
锌谢芯写	0.000263	0.116534	0.000031
锌谢芯褌薪褘泄	0.000263	3.218876	0.000846
锌芯斜邪谢芯胁邪褌褜	0.000263	2.120264	0.000557
锌芯斜械写懈褌械谢褜	0.000263	3.912023	0.001028
锌芯胁邪褉	0.000263	1.139434	0.000299
锌芯胁邪褉褢薪芯泻	0.001314	0.000000	0.000000
锌芯胁懈写谢芯	0.000263	0.040822	0.000011
锌芯胁褌芯褉懈褌褜	0.000263	2.040221	0.000536
锌芯写邪褉芯泻	0.000263	0.116534	0.000031
锌芯写邪褌褜	0.000525	1.427116	0.000750
锌芯写斜芯褉泻邪	0.000263	3.506558	0.000921
锌芯写胁械褉卸械薪薪褘泄	0.000263	4.605170	0.001210
锌芯写械谢懈褌褜褋褟	0.000263	0.400478	0.000105
锌芯写谢懈胁	0.000263	0.116534	0.000031
锌芯写谢懈胁泻邪	0.000263	0.040822	0.000011
锌芯写屑械薪懈褌褜	0.000263	4.605170	0.001210
锌芯写芯斜薪褘泄	0.000263	1.427116	0.000375
锌芯写芯泄褌懈	0.000263	1.272966	0.000334
锌芯写锌懈褋邪褌褜褋褟	0.000788	0.040822	0.000032
锌芯写褋芯谢薪械褔薪褘泄	0.000525	1.347074	0.000708
锌芯械写懈薪芯泻	0.003678	0.116534	0.000429
锌芯卸械谢邪褌褜	0.000263	3.912023	0.001028
锌芯蟹写薪懈泄	0.000525	3.218876	0.001691
锌芯蟹写褉邪胁懈褌褜	0.000263	0.116534	0.000031
锌芯懈褋泻	0.000263	0.051293	0.000013
锌芯泻褍锌邪褌褜	0.000263	1.897120	0.000498
锌芯谢写薪懈泻	0.000525	0.116534	0.000061
锌芯谢械蟹薪芯	0.000263	0.116534	0.000031
锌芯谢懈褌懈泻邪	0.000263	0.040822	0.000011
锌芯谢薪褘泄	0.000263	1.237874	0.000325
锌芯谢芯胁懈薪邪	0.002102	0.105361	0.000221
锌芯谢芯褋邪褌褘泄	0.000525	4.605170	0.002420
锌芯谢褍褋谢邪写泻芯械	0.000525	4.605170	0.002420
锌芯谢褍褔邪褌褜	0.000525	0.040822	0.000021
锌芯谢褍褔邪褌褜褋褟	0.000788	0.328504	0.000259
锌芯谢褜蟹邪	0.001314	0.116534	0.000153
锌芯谢褜蟹芯胁邪褌械谢褜	0.000263	1.309333	0.000344
锌芯谢褜蟹芯胁邪褌褜褋褟	0.000263	1.347074	0.000354
锌芯谢褜褋泻懈泄	0.000263	0.116534	0.000031
锌芯屑邪写泻邪	0.000788	0.040822	0.000032
锌芯屑懈写芯褉	0.002102	0.116534	0.000245
锌芯屑懈写芯褉泻	0.000263	0.127833	0.000034
锌芯屑薪懈褌褜	0.000263	1.469676	0.000386
锌芯薪褉邪胁懈褌褜褋褟	0.001051	0.040822	0.000043
锌芯薪褔懈泻	0.000525	0.040822	0.000021
锌芯锌褉芯斜芯胁邪褌褜	0.000263	0.248461	0.000065
锌芯锌褉芯褋懈褌褜	0.000263	2.302585	0.000605
锌芯褉邪	0.000263	0.105361	0.000028
锌芯褉邪写芯胁邪褌褜	0.000525	1.309333	0.000688
锌芯褉械胁薪芯胁邪褌褜	0.000263	4.605170	0.001210
锌芯褉芯褕芯泻	0.001576	0.916291	0.001444
锌芯褉褌褍谐邪谢褜褋泻懈泄	0.000263	0.116534	0.000031
锌芯褋械褖邪褌褜	0.000263	0.061875	0.000016
锌芯褋褌	0.001314	0.105361	0.000138
锌芯褋褌邪胁懈褌褜	0.000525	1.897120	0.000997
锌芯褋褌薪褘泄	0.000788	0.040822	0.000032
锌芯褋褌芯褟薪薪芯	0.000263	0.040822	0.000011
锌芯褋褌褉芯懈褌褜	0.000263	0.105361	0.000028
锌芯褋褍写邪	0.000525	0.094311	0.000050
锌芯褌褉褟褋邪褞褖械	0.000263	1.560648	0.000410
锌芯褔械屑褍	0.000263	1.203973	0.000316
锌芯褔褌邪	0.000263	0.040822	0.000011
锌芯褔褌懈	0.000525	1.021651	0.000537
锌芯褕邪谐芯胁褘泄	0.000525	0.040822	0.000021
锌褉邪胁懈谢褜薪褘泄	0.000263	1.832581	0.000481
锌褉邪蟹写薪懈泻	0.000788	0.105361	0.000083
锌褉邪蟹写薪懈褔薪芯	0.000263	0.116534	0.000031
锌褉邪蟹写薪懈褔薪褘泄	0.001314	0.105361	0.000138
锌褉邪泻褌懈泻褍屑	0.000263	0.116534	0.000031
锌褉械胁芯褋褏芯写薪褘泄	0.000263	0.116534	0.000031
锌褉械胁褉邪褖械薪懈械	0.000263	0.116534	0.000031
锌褉械写胁邪褉懈褌械谢褜薪芯	0.000263	2.813411	0.000739
锌褉械写谢邪谐邪褌褜	0.000263	0.693147	0.000182
锌褉械写谢芯卸懈褌褜	0.000525	1.108663	0.000583
锌褉械写锌芯褔懈褌邪褌褜	0.000263	3.912023	0.001028
锌褉械写锌芯褔褌械薪懈械	0.000263	3.218876	0.000846
锌褉械褋薪褘泄	0.000263	0.116534	0.000031
锌褉懈谐谢邪褕邪褌褜	0.000525	2.207275	0.001160
锌褉懈谐芯褌芯胁懈褌褜	0.001839	0.083382	0.000153
锌褉懈谐芯褌芯胁谢械薪懈械	0.002365	0.040822	0.000097
锌褉懈写褍屑邪褌褜褋褟	0.000263	3.218876	0.000846
锌褉懈卸懈褌褜褋褟	0.000263	2.302585	0.000605
锌褉懈蟹	0.000525	0.040822	0.000021
锌褉懈蟹薪邪薪懈械	0.000263	0.116534	0.000031
锌褉懈泄褌懈	0.000263	1.966113	0.000517
锌褉懈泄褌懈褋褜	0.000263	2.040221	0.000536
锌褉懈芯斜褉械褋褌懈	0.000525	3.506558	0.001843
锌褉懈锌褉邪胁邪	0.001839	0.040822	0.000075
锌褉懈褉芯写邪	0.000525	0.105361	0.000055
锌褉懈褋褌褍锌懈褌褜	0.000263	0.040822	0.000011
锌褉芯斜芯胁邪褌褜	0.000263	0.843970	0.000222
锌褉芯胁械褉懈褌褜	0.001576	0.116534	0.000184
锌褉芯胁械褋褌懈	0.001051	0.116534	0.000122
锌褉芯胁芯写懈褌褜	0.000263	0.040822	0.000011
锌褉芯胁芯卸邪褌褜	0.000263	0.116534	0.000031
锌褉芯写褍泻褌	0.000525	0.072571	0.000038
锌褉芯械泻褌	0.000525	0.051293	0.000027
锌褉芯蟹褉邪褔薪褘泄	0.000525	3.506558	0.001843
锌褉芯懈褋褏芯写懈褌褜	0.000263	4.605170	0.001210
锌褉芯锌懈褌褘胁邪褌褜褋褟	0.000263	2.995732	0.000787
锌褉芯褋懈褌褜	0.000263	0.776529	0.000204
锌褉芯褋屑芯褌褉	0.000263	0.274437	0.000072
锌褉芯褋褌芯	0.001314	0.083382	0.000110
锌褉芯褋褌芯泄	0.000525	0.301105	0.000158
锌褉芯褋褌芯泻胁邪褕邪	0.000263	0.040822	0.000011
锌褉芯褎懈谢褜	0.000263	0.040822	0.000011
锌褉芯褏芯写懈褌褜	0.000263	3.506558	0.000921
锌褉褟屑芯	0.000263	0.040822	0.000011
锌褉褟薪懈泻	0.000525	0.040822	0.000021
锌褉褟薪懈褔薪褘泄	0.000263	0.116534	0.000031
锌褌懈褑邪	0.007094	0.116534	0.000827
锌褌懈褔懈泄	0.000788	1.771957	0.001397
锌褍写懈薪谐	0.000788	0.040822	0.000032
锌褍薪褕	0.000263	0.040822	0.000011
锌褍褌械褕械褋褌胁懈械	0.000525	0.116534	0.000061
锌褍褌褜	0.000525	0.116534	0.000061
锌褕械薪懈褔薪褘泄	0.001051	0.287682	0.000302
锌褘褕泻邪	0.000263	0.040822	0.000011
锌褞褉械	0.001051	0.040822	0.000043
锌褟褌械褉芯	0.000263	4.605170	0.001210
褉邪谐褍	0.000263	0.116534	0.000031
褉邪蟹	0.000525	0.356675	0.000187
褉邪蟹胁邪谢懈褌褜褋褟	0.000263	4.605170	0.001210
褉邪蟹胁械褉薪褍褌褜	0.000263	0.116534	0.000031
褉邪蟹写械谢褜薪褘泄	0.000263	0.116534	0.000031
褉邪蟹写械谢褟褌褜	0.000263	4.605170	0.001210
褉邪蟹谢懈褔薪褘泄	0.000263	1.714798	0.000451
褉邪蟹屑械褋褌懈褌褜	0.000263	1.714798	0.000451
褉邪蟹薪芯褑胁械褌薪褘泄	0.000263	4.605170	0.001210
褉邪蟹薪褘泄	0.002102	0.094311	0.000198
褉邪屑泻邪	0.000263	1.832581	0.000481
褉邪褋泻褉邪褋泻邪	0.000263	2.120264	0.000557
褉邪褋褋泻邪蟹褘胁邪褌褜	0.000263	2.120264	0.000557
褉邪褋褋芯谢褜薪懈泻	0.000788	0.040822	0.000032
褉邪褋褋褘谢泻邪	0.000263	0.061875	0.000016
褉邪褋褌懈褌械谢褜薪褘泄	0.003153	0.223144	0.000704
褉械斜褢薪芯泻	0.000525	0.094311	0.000050
褉械谐懈褋褌褉邪褑懈褟	0.000788	0.000000	0.000000
褉械泄褌懈薪谐	0.000263	0.235722	0.000062
褉械泻芯屑械薪写芯胁邪褌褜	0.000263	1.021651	0.000268
褉械锌褔邪褌褘泄	0.002627	0.430783	0.001132
褉械褑械锌褌	0.027851	0.040822	0.001137
褉械褔褜	0.000263	3.506558	0.000921
褉械褕懈褌褜	0.000263	0.693147	0.000182
褉懈褋	0.002102	0.040822	0.000086
褉懈褋芯胁褘泄	0.000525	2.525729	0.001327
褉懈褌屑	0.000263	0.116534	0.000031
褉懈褎	0.000525	4.605170	0.002420
褉芯谐邪谢懈泻	0.000263	0.040822	0.000011
褉芯写薪褘泄	0.000263	0.116534	0.000031
褉芯卸写械薪懈械	0.000263	0.105361	0.000028
褉芯卸写械褋褌胁芯	0.000263	0.116534	0.000031
褉芯蟹屑邪褉懈薪	0.000525	1.609438	0.000846
褉芯蟹芯胁褘泄	0.000525	3.218876	0.001691
褉芯谢谢	0.000525	0.040822	0.000021
褉芯谢谢褌芯薪	0.000263	0.116534	0.000031
褉芯屑	0.000263	0.040822	0.000011
褉芯屑薪懈	0.000263	4.605170	0.001210
褉褍斜褉懈泻邪褌芯褉	0.000263	0.051293	0.000013
褉褍谢械褌	0.003416	0.040822	0.000139
褉褍谢褟写	0.000525	4.605170	0.002420
褉褍屑褘薪褋泻懈泄	0.000263	0.116534	0.000031
褉褍屑褟薪褘泄	0.000263	0.116534	0.000031
褉褍薪械褌	0.000263	0.020203	0.000005
褉褍褋褋泻懈泄	0.000263	0.105361	0.000028
褉褘斜邪	0.006569	0.040822	0.000268
褉褘斜薪褘泄	0.002627	0.105361	0.000277
褉褟卸械薪泻邪	0.000263	0.116534	0.000031
褋邪泄褌	0.002627	0.000000	0.000000
褋邪谢邪褌	0.009196	0.040822	0.000375
褋邪谢邪褌薪褘泄	0.000263	0.116534	0.000031
褋邪屑芯谐芯薪	0.000263	0.040822	0.000011
褋邪屑芯褋褌芯褟褌械谢褜薪褘泄	0.000263	2.040221	0.000536
褋邪屑褘泄	0.001314	0.105361	0.000138
褋邪褎	0.000788	0.116534	0.000092
褋邪褎褋械屑邪	0.000263	0.116534	0.000031
褋邪褏邪褉	0.002102	0.105361	0.000221
褋斜懈褌械薪褜	0.000263	0.040822	0.000011
褋胁械卸械褋褌褜	0.000263	0.105361	0.000028
褋胁械泻芯谢褜薪懈泻	0.000525	0.040822	0.000021
褋胁械褌	0.001051	0.116534	0.000122
褋胁械褌邪	0.001051	0.116534	0.000122
褋胁械褌谢邪薪邪	0.000263	2.659260	0.000699
褋胁懈薪懈薪	0.001051	0.116534	0.000122
褋胁懈薪懈薪邪	0.000263	0.040822	0.000011
褋胁懈薪芯泄	0.000525	2.525729	0.001327
褋胁芯斜芯写邪	0.000263	4.605170	0.001210
褋胁褢泻谢邪	0.000263	0.040822	0.000011
褋谐褍褖褢薪泻邪	0.000263	0.040822	0.000011
褋械写褜屑芯泄	0.000263	4.605170	0.001210
褋械蟹芯薪	0.000263	0.116534	0.000031
褋械泄	0.000263	2.659260	0.000699
褋械泄褔邪褋	0.000525	0.030459	0.000016
褋械泻褉械褌	0.000788	0.116534	0.000092
褋械谢褢写泻邪	0.000263	0.040822	0.000011
褋械屑械泄薪褘泄	0.000525	0.116534	0.000061
褋械屑褜褟	0.000525	0.116534	0.000061
褋械薪褌褟斜褉褜	0.000788	0.673345	0.000531
褋械褉懈褟	0.000263	2.407946	0.000633
褋懈写薪械泄	0.000263	4.605170	0.001210
褋懈写褉	0.000263	0.040822	0.000011
褋懈褉懈泄褋泻懈泄	0.000263	0.116534	0.000031
褋懈褉芯锌	0.000525	0.040822	0.000021
褋懈褋褌械屑邪	0.000263	0.040822	0.000011
褋懈褌懈	0.000263	0.127833	0.000034
褋泻邪蟹邪褌褜	0.000788	0.400478	0.000316
褋泻邪蟹泻邪	0.000263	0.116534	0.000031
褋泻芯胁芯褉芯写邪	0.000263	1.386294	0.000364
褋泻芯褉械械	0.000263	2.525729	0.000664
褋泻芯褉褘泄	0.000263	4.605170	0.001210
褋谢邪胁邪	0.000263	3.912023	0.001028
褋谢邪写泻懈泄	0.007620	0.040822	0.000311
褋谢邪写泻芯	0.000263	0.116534	0.000031
褋谢邪写泻芯胁邪褌褘泄	0.000263	2.995732	0.000787
褋谢邪写泻芯械	0.000263	2.040221	0.000536
褋谢械写懈褌褜	0.000263	2.120264	0.000557
褋谢懈胁泻邪	0.001051	1.049822	0.001103
褋谢懈胁芯褔薪褘泄	0.001051	0.105361	0.000111
褋谢芯胁芯	0.000263	1.021651	0.000268
褋谢芯卸薪褘泄	0.000263	2.207275	0.000580
褋谢芯泄泻邪	0.000525	0.040822	0.000021
褋谢芯褢薪褘泄	0.000788	0.116534	0.000092
褋屑械褋褜	0.001051	1.469676	0.001545
褋屑械褌邪薪邪	0.001314	0.105361	0.000138
褋屑械褌邪薪薪褘泄	0.000263	2.813411	0.000739
褋屑械褕邪薪薪褘泄	0.000263	0.116534	0.000031
褋屑芯褔褜	0.000263	0.040822	0.000011
褋屑褍蟹懈	0.000788	0.040822	0.000032
褋薪邪褔邪谢邪	0.000263	2.120264	0.000557
褋薪褝泻	0.000263	0.116534	0.000031
褋芯斜懈褉邪褌褜	0.000263	2.659260	0.000699
褋芯斜懈褉邪褌褜褋褟	0.000263	0.040822	0.000011
褋芯胁械褉褕械薪薪芯	0.000263	1.171183	0.000308
褋芯胁械褉褕械薪褋褌胁芯	0.001314	0.116534	0.000153
褋芯胁械褌	0.000263	0.040822	0.000011
褋芯胁械褌芯胁邪褌褜	0.000263	1.139434	0.000299
褋芯谐谢邪褕邪褌褜褋褟	0.000263	0.040822	0.000011
褋芯械胁褘泄	0.001051	0.798508	0.000839
褋芯蟹写邪胁邪褌褜	0.000263	0.105361	0.000028
褋芯蟹写邪薪懈械	0.000525	0.261365	0.000137
褋芯泻	0.001576	0.040822	0.000064
褋芯谢械薪懈械	0.000525	0.116534	0.000061
褋芯谢薪械褔薪褘泄	0.000263	0.116534	0.000031
褋芯谢褜	0.006306	0.127833	0.000806
褋芯谢褟薪泻邪	0.000525	0.040822	0.000021
褋芯谢褢薪褘泄	0.000788	0.116534	0.000092
褋芯褉褌懈褉芯胁邪褌褜	0.000263	0.248461	0.000065
褋芯褋褌邪胁懈褌褜	0.000263	0.116534	0.000031
褋芯褍褋	0.006831	0.040822	0.000279
褋芯褏褉邪薪褟褌褜	0.000263	0.040822	0.000011
褋芯褑褋械褌褜	0.000263	0.040822	0.000011
褋芯褔械褌邪薪懈械	0.000263	0.105361	0.000028
褋芯褔薪褘泄	0.000525	0.116534	0.000061
褋锌邪谢褜薪褟	0.000263	0.415515	0.000109
褋锌械褌褜	0.000263	0.116534	0.000031
褋锌械褑懈邪谢褜薪芯	0.000263	2.813411	0.000739
褋锌械褑懈邪谢褜薪褘泄	0.000788	0.094311	0.000074
褋锌械褑懈褟	0.001839	0.094311	0.000173
褋锌械褑锌褉芯械泻褌	0.008671	0.116534	0.001010
褋锌懈褋芯泻	0.000263	0.116534	0.000031
褋锌芯写胁懈谐薪褍褌褜	0.000263	4.605170	0.001210
褋锌芯泻邪薪	0.000263	4.605170	0.001210
褋锌芯褋芯斜	0.000525	0.891598	0.000469
褋褉械写邪	0.000263	3.218876	0.000846
褋褉械写懈蟹械屑薪芯屑芯褉褋泻懈泄	0.000263	0.127833	0.000034
褋褌邪褉锌芯屑	0.000263	4.605170	0.001210
褋褌邪褉褘泄	0.000263	0.261365	0.000069
褋褌邪褌褜褟	0.000263	0.061875	0.000016
褋褌懈谢褜	0.000525	0.116534	0.000061
褋褌芯懈褌褜	0.000263	1.714798	0.000451
褋褌芯谢	0.002890	0.105361	0.000305
褋褌褉邪褕懈谢泻邪	0.000263	3.912023	0.001028
褋褌褉械谢泻邪	0.000263	4.605170	0.001210
褋褌褉芯懈褌械谢褜褋褌胁芯	0.000525	0.040822	0.000021
褋褌褉芯懈褌褜	0.000263	0.040822	0.000011
褋褌褉芯泄薪褘泄	0.000263	0.116534	0.000031
褋褍斜锌褉芯写褍泻褌	0.002627	0.116534	0.000306
褋褍锌	0.004992	0.040822	0.000204
褋褍锌褔懈泻	0.000263	2.302585	0.000605
褋褍褎谢械	0.000788	0.040822	0.000032
褋褍褏邪褉褜	0.000525	0.040822	0.000021
褋褍褏芯胁邪褌芯	0.000263	3.506558	0.000921
褋褍褕懈褌褜	0.000525	0.040822	0.000021
褋褘褉	0.004729	0.040822	0.000193
褋褘褉薪懈泻	0.000788	0.040822	0.000032
褋褘褉薪褘泄	0.001576	0.040822	0.000064
褋褘褌薪褘泄	0.000788	0.105361	0.000083
褋褘褔褍卸薪褘泄	0.000263	0.127833	0.000034
褋褝薪写胁懈褔	0.000263	0.127833	0.000034
褋褞褉锌褉懈蟹	0.000263	0.116534	0.000031
褋褢屑谐邪	0.000263	0.040822	0.000011
褌邪写卸懈泻褋泻懈泄	0.000263	0.116534	0.000031
褌邪泄褋泻懈泄	0.000263	0.116534	0.000031
褌邪泻懈	0.000263	1.237874	0.000325
褌邪褉褌	0.000525	0.116534	0.000061
褌邪褉褌邪谢械褌泻邪	0.000525	0.040822	0.000021
褌邪褌邪褉褋泻懈泄	0.000263	0.116534	0.000031
褌邪褌褜褟薪邪	0.000263	3.912023	0.001028
褌胁芯泄	0.000525	0.116534	0.000061
褌胁芯褉懈褌褜	0.000263	0.116534	0.000031
褌胁芯褉芯谐	0.000788	0.040822	0.000032
褌胁芯褉芯卸薪褘泄	0.001051	0.094311	0.000099
褌胁褢褉写褘泄	0.001051	0.544727	0.000572
褌械谢械谐褉邪屑	0.000263	0.040822	0.000011
褌械谢褟褌懈薪邪	0.001051	0.116534	0.000122
褌械屑	0.000788	0.967584	0.000763
褌械锌谢芯	0.000263	0.116534	0.000031
褌械褉褉懈薪邪	0.000263	0.040822	0.000011
褌械褋褌	0.002890	0.105361	0.000305
褌械褋褌芯	0.002365	0.040822	0.000097
褌械褏薪懈泻邪	0.001314	0.105361	0.000138
褌屑	0.001051	0.127833	0.000134
褌芯屑	0.000263	1.139434	0.000299
褌芯屑邪褌	0.000788	1.714798	0.001352
褌芯屑邪褌薪褘泄	0.000525	1.139434	0.000599
褌芯锌谢褢薪褘泄	0.000263	0.116534	0.000031
褌芯褉褌	0.005255	0.040822	0.000215
褌褉邪胁邪	0.000263	0.094311	0.000025
褌褉邪写懈褑懈褟	0.001576	0.116534	0.000184
褌褉械斜芯胁邪褌褜	0.000263	2.120264	0.000557
褌褉懈	0.000263	1.272966	0.000334
褌褉褍斜芯褔泻邪	0.000263	0.040822	0.000011
褌褉褍写薪芯	0.000263	2.040221	0.000536
褌褉褢褏谢械褌懈械	0.000263	0.116534	0.000031
褌褍薪械褑	0.000263	0.105361	0.000028
褌褍薪懈褋褋泻懈泄	0.000263	0.116534	0.000031
褌褍褉械褑泻懈泄	0.000263	0.116534	0.000031
褌褍褕泻邪	0.000263	3.912023	0.001028
褌褘泻胁邪	0.000263	0.040822	0.000011
褌褢褖懈薪	0.000263	0.040822	0.000011
褍胁械写芯屑谢械薪懈械	0.000263	0.040822	0.000011
褍胁械褉褟褌褜	0.000263	2.813411	0.000739
褍胁谢械褔械薪懈械	0.000263	4.605170	0.001210
褍谐芯褖邪褌褜褋褟	0.000525	0.994252	0.000522
褍写邪褔薪褘泄	0.000263	0.116534	0.000031
褍写懈胁懈褌褜	0.000263	0.116534	0.000031
褍写懈胁谢褟褌褜	0.001051	0.116534	0.000122
褍写芯斜薪褘泄	0.000525	2.525729	0.001327
褍写芯胁芯谢褜褋褌胁懈械	0.000263	0.116534	0.000031
褍卸	0.000263	0.693147	0.000182
褍卸懈薪	0.002890	0.094311	0.000273
褍蟹斜械泻褋泻懈泄	0.000263	0.116534	0.000031
褍泻邪蟹邪褌褜	0.000263	2.525729	0.000664
褍泻褉邪懈薪褋泻懈泄	0.000263	0.116534	0.000031
褍泻褉邪褕械薪懈械	0.002102	0.116534	0.000245
褍泻褉芯锌	0.000525	0.562119	0.000295
褍锌芯褌褉械斜谢械薪懈械	0.000263	0.116534	0.000031
褍褉邪	0.000263	2.120264	0.000557
褍褉邪谢褜褋泻懈泄	0.000263	0.116534	0.000031
褍褉芯卸邪泄	0.000263	0.105361	0.000028
褍褋谢邪褌褜	0.000263	4.605170	0.001210
褍褌泻邪	0.000788	0.116534	0.000092
褍褌褉芯	0.000263	2.525729	0.000664
褍褏芯	0.000263	0.040822	0.000011
褍褏芯写懈褌褜	0.000263	2.120264	0.000557
褍褔邪褋褌胁芯胁邪褌褜	0.000525	0.040822	0.000021
褍褔懈褌褘胁邪褌褜	0.000263	2.659260	0.000699
褍褔褢褌	0.000263	4.605170	0.001210
褎邪蟹械薪写邪	0.000263	0.116534	0.000031
褎邪薪褌邪蟹懈褟	0.002102	0.116534	0.000245
褎邪薪褌邪褋褌懈褔械褋泻懈	0.000263	3.218876	0.000846
褎邪褉褕	0.003678	0.040822	0.000150
褎邪褉褕懈褉芯胁邪薪薪褘泄	0.001576	0.040822	0.000064
褎邪褋芯谢褜	0.000263	0.040822	0.000011
褎械胁褉邪谢褜	0.000525	0.094311	0.000050
褎械泄械褉胁械褉泻	0.000525	0.116534	0.000061
褎懈谐褍褉邪	0.000525	0.116534	0.000061
褎懈谢械	0.001051	0.916291	0.000963
褎懈薪褋泻懈泄	0.000263	0.116534	0.000031
褎懈褉屑械薪薪褘泄	0.000263	0.116534	0.000031
褎芯薪写褞	0.000263	0.040822	0.000011
褎芯褉屑邪	0.000263	0.105361	0.000028
褎芯褉褍屑	0.000525	0.040822	0.000021
褎芯褉褕屑邪泻	0.000263	0.040822	0.000011
褎褉邪薪褑懈褟	0.000263	0.116534	0.000031
褎褉邪薪褑褍蟹褋泻懈	0.000263	3.912023	0.001028
褎褉邪薪褑褍蟹褋泻懈泄	0.000263	0.094311	0.000025
褎褉邪褍	0.001051	0.116534	0.000122
褎褉褍泻褌	0.001051	0.116534	0.000122
褎褉褍泻褌芯胁褘泄	0.002102	0.040822	0.000086
褎褍写	0.000263	0.116534	0.000031
褎褍褉褕械褌	0.000263	0.116534	0.000031
褏邪谢胁邪	0.000263	0.040822	0.000011
褏邪褉胁械褋褌褎械褋褌	0.000525	0.116534	0.000061
褏邪褉褔芯	0.000525	0.040822	0.000021
褏邪褕	0.000263	0.040822	0.000011
褏胁芯褉芯褋褌	0.000263	0.040822	0.000011
褏懈薪泻邪谢懈	0.000263	0.116534	0.000031
褏懈褌	0.001839	0.116534	0.000214
褏谢械斜	0.002365	0.040822	0.000097
褏谢械斜芯锌械褔泻邪	0.000263	0.116534	0.000031
褏谢芯锌褜褟	0.000525	0.094311	0.000050
褏芯蟹褟泄泻邪	0.000263	0.116534	0.000031
褏芯谢芯写械褑	0.000263	0.040822	0.000011
褏芯谢芯写薪芯械	0.000525	0.116534	0.000061
褏芯谢芯写薪褘泄	0.000525	0.116534	0.000061
褏芯褉胁邪褌褋泻懈泄	0.000263	0.116534	0.000031
褏芯褉芯褕懈泄	0.001314	0.040822	0.000054
褏芯褉芯褕芯	0.001314	0.105361	0.000138
褏芯褉褋	0.000263	0.116534	0.000031
褏芯褌械褌褜	0.001576	0.000000	0.000000
褏褉褍褋褌械褌褜	0.000263	0.713350	0.000187
褏褍屑褍褋邪	0.000263	0.040822	0.000011
褑邪褉褋褌胁芯	0.000263	0.127833	0.000034
褑邪褉褜	0.000263	0.116534	0.000031
褑胁械褌薪芯泄	0.000263	0.040822	0.000011
褑械薪薪褘泄	0.000263	0.040822	0.000011
褑械薪褌褉	0.000263	0.116534	0.000031
褑懈褎褉邪	0.000263	3.912023	0.001028
褔邪械屑褘泄	0.000263	0.116534	0.000031
褔邪泄	0.000788	0.040822	0.000032
褔邪褋	0.000263	1.139434	0.000299
褔邪褋褌械薪褜泻芯	0.000263	2.995732	0.000787
褔邪褋褌褘泄	0.000263	2.659260	0.000699
褔邪褋褌褜	0.000263	2.040221	0.000536
褔邪褕邪	0.000263	4.605170	0.001210
褔械斜褍褉械泻	0.000525	0.040822	0.000021
褔械谢芯胁械泻	0.000263	0.916291	0.000241
褔械褉泻懈蟹芯胁褘泄	0.000525	0.116534	0.000061
褔械褉褉懈	0.001051	2.040221	0.002144
褔械褋薪芯泻	0.005255	0.314711	0.001654
褔械褋薪芯褔薪褘泄	0.001051	1.427116	0.001500
褔械褋薪芯褔芯泻	0.000263	2.659260	0.000699
褔械褋褌薪芯泄	0.000263	0.040822	0.000011
褔械褌褘褉械	0.000263	2.995732	0.000787
褔械褔械胁懈褑邪	0.000263	0.040822	0.000011
褔械褕褋泻懈泄	0.000263	0.116534	0.000031
褔懈邪斜邪褌褌邪	0.000263	3.506558	0.000921
褔懈蟹泻械泄泻	0.001051	0.040822	0.000043
褔懈谢懈	0.001051	1.237874	0.001301
褔懈谢懈泄褋泻懈泄	0.000263	0.116534	0.000031
褔懈锌褋褘	0.000263	0.040822	0.000011
褔懈褋谢芯	0.000525	0.235722	0.000124
褔褌芯斜	0.000263	3.506558	0.000921
褔褍写芯	0.000263	0.116534	0.000031
褔褍褌褜	0.000263	1.771957	0.000466
褔褢褉薪褘泄	0.002627	0.356675	0.000937
褕邪屑锌懈薪褜芯薪	0.000525	1.237874	0.000650
褕邪褉懈泻	0.000263	0.040822	0.000011
褕邪褉谢芯褌泻邪	0.000525	0.040822	0.000021
褕邪褉屑	0.000263	0.116534	0.000031
褕邪褕谢褘泻	0.003416	0.040822	0.000139
褕胁械写褋泻懈泄	0.000263	0.116534	0.000031
褕胁械泄褑邪褉褋泻懈泄	0.000263	0.116534	0.000031
褕械写械胁褉	0.000263	0.116534	0.000031
褕械褋褌褜	0.000263	3.912023	0.001028
褕械褎	0.000263	0.127833	0.000034
褕懈锌褍褔泻邪	0.000263	0.040822	0.000011
褕懈褉芯泻懈泄	0.000263	0.127833	0.000034
褕懈褌褘泄	0.000263	4.605170	0.001210
褕泻芯谢邪	0.000263	0.116534	0.000031
褕芯泻芯谢邪写	0.000263	0.040822	0.000011
褕芯褌谢邪薪写褋泻懈泄	0.000263	0.116534	0.000031
褕褌褉褍写械谢褜	0.000263	0.040822	0.000011
褕褍褉锌邪	0.000263	0.040822	0.000011
褖械写褉褘泄	0.000263	0.116534	0.000031
褖懈	0.000525	0.040822	0.000021
褝泻芯屑懈谢泻	0.000263	0.127833	0.000034
褝褋褌芯薪褋泻懈泄	0.000263	0.116534	0.000031
褞谐芯褋谢邪胁褋泻懈泄	0.000263	0.116534	0.000031
褟谐芯写薪褘泄	0.001051	0.105361	0.000111
褟蟹褘泻	0.001051	0.040822	0.000043
褟懈褔薪褘泄	0.000788	0.941609	0.000742
褟泄褑芯	0.002890	0.040822	0.000118
褟薪写械泻褋	0.000263	0.072571	0.000019
褟锌芯薪褋泻懈泄	0.000525	0.051293	0.000027
褟褉泻懈泄	0.000525	0.116534	0.000061
褟褉泻芯	0.000263	0.105361	0.000028
