谢械屑屑邪	TF	IDF	TF-IDF
邪斜褏邪蟹褋泻懈泄	0.000284	0.116534	0.000033
邪胁谐褍褋褌	0.000284	0.843970	0.000240
邪胁褋褌褉邪谢懈泄褋泻懈泄	0.000569	0.116534	0.000066
邪胁褋褌褉懈泄褋泻懈泄	0.000284	0.116534	0.000033
邪胁褌芯泻谢邪胁	0.000284	0.116534	0.000033
邪胁褌芯褉	0.000569	0.040822	0.000023
邪谐褉芯	0.000284	0.116534	0.000033
邪写卸懈泻邪	0.000284	0.040822	0.000012
邪写芯谢褜褎	0.000284	3.218876	0.000915
邪卸褍褉	0.000284	2.525729	0.000718
邪蟹	0.000284	0.127833	0.000036
邪蟹械褉斜邪泄写卸邪薪褋泻懈泄	0.000284	0.116534	0.000033
邪蟹懈邪褌褋泻懈泄	0.000284	0.127833	0.000036
邪泄褉邪薪	0.000284	0.040822	0.000012
邪泻胁邪褌懈泻	0.000853	0.127833	0.000109
邪谢械泻褋械泄	0.000284	0.127833	0.000036
邪谢泻芯谐芯谢褜	0.000853	0.116534	0.000099
邪谢泻芯谐芯谢褜薪褘泄	0.000284	0.116534	0.000033
邪谢褜褟薪褋	0.000284	0.116534	0.000033
邪屑械褉懈泻邪薪褋泻懈泄	0.000284	0.116534	0.000033
邪薪谐谢懈泄褋泻懈泄	0.000284	0.116534	0.000033
邪薪写褉械泄	0.000284	0.127833	0.000036
邪薪薪邪	0.000569	2.995732	0.001704
邪锌锌械褌懈褌薪褘泄	0.000284	1.832581	0.000521
邪锌褉械谢褜	0.000853	0.544727	0.000465
邪褉邪斜褋泻懈泄	0.000284	0.116534	0.000033
邪褉谐械薪褌懈薪褋泻懈泄	0.000284	0.116534	0.000033
邪褉屑褟薪褋泻懈泄	0.000284	0.116534	0.000033
邪褉芯屑邪褌	0.000284	0.820981	0.000233
邪褋褋芯褉褌懈	0.000569	0.116534	0.000066
邪褌谢邪薪褌	0.000284	0.116534	0.000033
邪褍褌械薪褌懈褔薪褘泄	0.000284	3.506558	0.000997
邪褎谐邪薪褋泻懈泄	0.000284	0.116534	0.000033
邪褎褉懈泻邪薪褋泻懈泄	0.000284	0.116534	0.000033
邪褝褉芯谐褉懈谢褜	0.002843	0.116534	0.000331
斜邪泻谢邪卸邪薪	0.000284	0.040822	0.000012
斜邪谢泻芯薪	0.000284	2.120264	0.000603
斜邪谢褌泻芯屑邪	0.000284	0.127833	0.000036
斜邪褉邪薪懈薪邪	0.001137	0.116534	0.000133
斜邪褋屑邪褌懈	0.000569	0.127833	0.000073
斜邪褋褌褍褉屑	0.000284	0.040822	0.000012
斜邪褋褌褍褉屑邪	0.000284	0.040822	0.000012
斜邪褌芯薪褔懈泻	0.000284	0.127833	0.000036
斜邪褕泻懈褉褋泻懈泄	0.000284	0.116534	0.000033
斜械蟹邪谢泻芯谐芯谢褜薪褘泄	0.000284	0.116534	0.000033
斜械蟹谐谢褞褌械薪芯胁芯械	0.000284	0.116534	0.000033
斜械蟹械	0.001137	0.040822	0.000046
斜械蟹芯斜褉邪蟹懈械	0.000284	2.525729	0.000718
斜械谢械斜械械胁褋泻懈泄	0.000569	0.116534	0.000066
斜械谢芯褉褍褋褋泻懈泄	0.000284	0.116534	0.000033
斜械谢褜谐懈泄褋泻懈泄	0.000284	0.116534	0.000033
斜械褉械屑械薪薪邪褟	0.000284	0.116534	0.000033
斜械褋械写懈薪	0.000284	0.127833	0.000036
斜懈褋泻胁懈褌	0.000569	0.040822	0.000023
斜懈褋泻胁懈褌薪褘泄	0.000853	0.105361	0.000090
斜谢懈蟹泻懈泄	0.000569	0.116534	0.000066
斜谢懈薪	0.001706	0.040822	0.000070
斜谢芯薪写懈薪芯褔泻邪	0.000284	3.218876	0.000915
斜谢褞写芯	0.036110	0.040822	0.001474
斜芯斜芯胁褘泄	0.002275	0.116534	0.000265
斜芯谢谐邪褉褋泻懈泄	0.000853	0.116534	0.000099
斜芯谢褜褕懈薪褋褌胁芯	0.000284	2.207275	0.000628
斜芯谢褜褕芯泄	0.000853	0.094311	0.000080
斜芯褉褖	0.000569	0.040822	0.000023
斜芯褌胁懈薪褜褟	0.000284	0.040822	0.000012
斜褉邪蟹懈谢褜褋泻懈泄	0.000284	0.116534	0.000033
斜褉邪褌	0.000284	2.813411	0.000800
斜褉邪褌褜	0.000284	1.897120	0.000539
斜褉邪褍蟹械褉	0.000284	0.040822	0.000012
斜褉邪褍薪懈	0.000284	0.040822	0.000012
斜褉械褋褌	0.000284	0.127833	0.000036
斜褉芯泻泻芯谢懈	0.000284	0.040822	0.000012
斜褉褘蟹谐懈	0.000284	2.659260	0.000756
斜褍卸械薪懈薪邪	0.000284	0.040822	0.000012
斜褍谢芯褔泻邪	0.000853	0.040822	0.000035
斜褍谢褜芯薪	0.005402	0.040822	0.000221
斜褍褉谐械褉	0.000569	0.040822	0.000023
斜褍褉褟褌褋泻懈泄	0.000284	0.116534	0.000033
斜褍褌械褉斜褉芯写	0.001137	0.040822	0.000046
斜褘褋褌褉芯	0.000569	0.094311	0.000054
斜褘褋褌褉褘泄	0.000853	0.094311	0.000080
胁邪卸薪褘泄	0.000284	0.116534	0.000033
胁邪谢谢懈泄褋泻懈泄	0.000284	0.116534	0.000033
胁邪褉械薪懈械	0.000569	0.040822	0.000023
胁邪褉械薪懈泻	0.000284	0.116534	0.000033
胁邪褉懈邪薪褌	0.000284	0.356675	0.000101
胁邪褌褉褍褕泻邪	0.000284	0.040822	0.000012
胁邪褎谢褟	0.000569	0.040822	0.000023
胁邪褕	0.001422	0.000000	0.000000
胁胁芯写懈褌褜	0.000284	0.040822	0.000012
胁写芯褏薪芯胁械薪懈械	0.001706	0.116534	0.000199
胁写芯褏薪芯胁谢褟褌褜褋褟	0.000284	0.116534	0.000033
胁械谐械褌邪褉懈邪薪褋泻懈泄	0.000569	0.116534	0.000066
胁械谢懈泻懈泄	0.000284	0.116534	0.000033
胁械薪谐械褉褋泻懈泄	0.000284	0.116534	0.000033
胁械褉懈褌褜	0.000284	2.407946	0.000685
胁械褋械薪薪懈泄	0.000284	0.051293	0.000015
胁械褋薪邪	0.001706	0.116534	0.000199
胁械褌褔懈薪邪	0.000284	0.094311	0.000027
胁蟹谐谢褟写	0.000284	1.427116	0.000406
胁懈写械芯	0.000569	0.116534	0.000066
胁懈写械芯褉械褑械锌褌	0.000284	0.301105	0.000086
胁懈薪芯	0.000569	0.040822	0.000023
胁泻谢褞褔邪褌褜	0.000284	0.634878	0.000181
胁泻褍褋	0.003981	0.105361	0.000419
胁泻褍褋薪芯	0.002275	0.094311	0.000215
胁泻褍褋薪芯褌懈褖邪	0.000284	3.218876	0.000915
胁泻褍褋薪褘泄	0.003981	0.061875	0.000246
胁泻褍褋薪褟褌懈薪邪	0.000284	2.207275	0.000628
胁谢褞斜懈褌褜	0.000284	0.116534	0.000033
胁谢褞斜懈褌褜褋褟	0.000284	1.386294	0.000394
胁薪邪褔邪谢械	0.001137	0.248461	0.000283
胁薪褍褌褉懈	0.000569	1.469676	0.000836
胁芯写邪	0.000284	0.094311	0.000027
胁芯蟹写褍褕薪褘泄	0.000284	1.469676	0.000418
胁芯泄褌懈	0.000284	0.000000	0.000000
胁芯谢芯胁邪薪	0.000284	0.116534	0.000033
胁芯谢褕械斜薪芯	0.000284	2.525729	0.000718
胁芯谢褕械斜薪褘泄	0.000569	0.116534	0.000066
胁芯谢褕械斜褋褌胁芯	0.000284	0.116534	0.000033
胁芯芯斜褖械	0.000284	1.386294	0.000394
胁芯锌褉芯褋	0.000853	0.000000	0.000000
胁芯褋锌芯屑懈薪邪薪懈械	0.000284	2.302585	0.000655
胁芯褋褌芯褔薪褘泄	0.000284	0.127833	0.000036
胁锌械褉胁褘械	0.000569	1.560648	0.000887
胁褉械屑褟	0.002275	0.105361	0.000240
胁褉芯写械	0.000569	1.897120	0.001079
胁褋械谐写邪	0.000853	0.653926	0.000558
胁褋锌芯屑薪懈褌褜	0.000284	0.040822	0.000012
胁褌芯褉芯械	0.000284	0.116534	0.000033
胁褌芯褉芯泄	0.000284	0.116534	0.000033
胁褏芯写	0.000853	0.030459	0.000026
胁褘谐谢褟写械褌褜	0.000284	1.469676	0.000418
胁褘泄褌懈	0.000284	0.040822	0.000012
胁褘泻谢邪写褘胁邪褌褜	0.000569	1.660731	0.000944
胁褘锌械褔泻邪	0.004834	0.040822	0.000197
胁褜械褌薪邪屑褋泻懈泄	0.000284	0.116534	0.000033
谐邪胁邪泄褋泻懈泄	0.000284	0.116534	0.000033
谐邪褉薪懈褉	0.004549	0.040822	0.000186
谐邪褋锌邪褔芯	0.000284	0.040822	0.000012
谐械芯谐褉邪褎懈褟	0.000284	0.116534	0.000033
谐谢邪胁薪芯械	0.000284	1.139434	0.000324
谐谢邪胁薪褘泄	0.000569	0.040822	0.000023
谐谢邪蟹褍褉褜	0.000853	0.040822	0.000035
谐谢懈薪褌胁械泄薪	0.000284	0.040822	0.000012
谐芯胁芯褉懈褌褜	0.000284	1.272966	0.000362
谐芯胁褟写懈薪邪	0.001137	0.116534	0.000133
谐芯写	0.007393	0.083382	0.000616
谐芯谢谢邪薪写褋泻懈泄	0.001422	0.116534	0.000166
谐芯褉芯写	0.000284	0.116534	0.000033
谐芯褉芯褏	0.000284	0.116534	0.000033
谐芯褉褔懈褑邪	0.000853	0.040822	0.000035
谐芯褉褕芯褔械泻	0.000569	0.040822	0.000023
谐芯褉褟褔械械	0.000569	0.116534	0.000066
谐芯褉褟褔械薪褜泻懈泄	0.000284	3.218876	0.000915
谐芯褉褟褔懈泄	0.015070	0.105361	0.001588
谐芯褋褌褜	0.000853	0.116534	0.000099
谐芯褌芯胁懈褌褜	0.004834	0.083382	0.000403
谐芯褌芯胁懈褌褜褋褟	0.000569	0.371064	0.000211
谐芯褌芯胁泻邪	0.000284	2.120264	0.000603
谐褉械薪泻邪	0.001137	0.040822	0.000046
谐褉械褔械褋泻懈泄	0.000284	0.116534	0.000033
谐褉械褔泻邪	0.000284	0.040822	0.000012
谐褉懈斜	0.003128	0.040822	0.000128
谐褉懈斜薪芯泄	0.000569	0.040822	0.000023
谐褉懈谢褜	0.002843	0.105361	0.000300
谐褉懈谢褜屑邪薪懈褟	0.000284	0.116534	0.000033
谐褉芯谐	0.000284	0.040822	0.000012
谐褉褍写泻邪	0.000569	0.967584	0.000550
谐褉褍蟹懈薪褋泻懈泄	0.000284	0.116534	0.000033
谐褉褍锌锌邪	0.000284	0.061875	0.000018
谐褍褉屑	0.000284	0.127833	0.000036
谐褍褉屑邪薪懈褟	0.001706	0.116534	0.000199
谐褍褋褜	0.000569	0.105361	0.000060
写邪胁邪褌褜	0.000284	0.040822	0.000012
写邪胁薪芯	0.000284	0.967584	0.000275
写邪薪薪褘械	0.000284	0.040822	0.000012
写邪褉	0.000284	0.116534	0.000033
写邪褌邪	0.000569	0.248461	0.000141
写邪褌褋泻懈泄	0.000284	0.116534	0.000033
写邪褌褜	0.000853	0.040822	0.000035
写邪褔薪褘泄	0.000853	0.116534	0.000099
写械泻邪斜褉褜	0.000284	0.597837	0.000170
写械泻芯褉	0.000284	0.127833	0.000036
写械谢邪褌褜	0.001137	0.083382	0.000095
写械谢邪褌褜褋褟	0.000284	1.203973	0.000342
写械谢懈芯薪	0.000284	3.218876	0.000915
写械谢懈褌褜褋褟	0.000284	0.040822	0.000012
写械谢芯	0.000569	0.105361	0.000060
写械屑芯薪懈泻邪	0.000284	2.525729	0.000718
写械薪褜	0.002275	0.040822	0.000093
写械褉械胁械薪褋泻懈	0.000569	2.995732	0.001704
写械褋械褉褌	0.004834	0.040822	0.000197
写械褋械褉褌邪褑懈褟	0.000284	0.116534	0.000033
写械褋械褉褌薪褘泄	0.000284	0.116534	0.000033
写械褌褋褌胁芯	0.000284	1.897120	0.000539
写卸械屑	0.000284	0.040822	0.000012
写卸械屑邪	0.000284	0.040822	0.000012
写卸械薪褟褌褜	0.000284	2.659260	0.000756
写蟹械薪	0.000284	0.116534	0.000033
写懈械褌邪	0.000569	0.094311	0.000054
写懈械褌懈褔械褋泻懈泄	0.000284	1.966113	0.000559
写懈泻懈泄	0.000853	0.116534	0.000099
写懈锌	0.000284	0.116534	0.000033
写懈褔褜	0.000853	0.116534	0.000099
写薪械胁薪懈泻	0.000284	0.061875	0.000018
写芯斜邪胁懈褌褜	0.000569	0.083382	0.000047
写芯斜邪胁谢械薪懈械	0.000284	0.223144	0.000063
写芯斜邪胁谢褟褌褜	0.000284	0.040822	0.000012
写芯斜褉芯褎谢芯褌	0.000284	0.127833	0.000036
写芯胁械褉褟褌褜	0.000284	0.116534	0.000033
写芯谢谐芯	0.000284	1.514128	0.000431
写芯屑	0.003128	0.040822	0.000128
写芯屑邪褕薪懈泄	0.003412	0.040822	0.000139
写芯锌芯谢薪褟褌褜	0.000284	2.407946	0.000685
写芯褉芯卸泻邪	0.000284	3.218876	0.000915
写芯褔懈泄	0.000284	3.506558	0.000997
写褉邪泄胁	0.001422	0.127833	0.000182
写褉芯卸卸械胁芯泄	0.000284	0.116534	0.000033
写褍屑邪褌褜	0.000284	0.634878	0.000181
写褍薪泻邪薪	0.000284	4.605170	0.001309
写褍褏芯胁泻邪	0.001706	0.105361	0.000180
写褍褕邪	0.000853	0.105361	0.000090
写褞谐谢械褉邪	0.000284	3.218876	0.000915
械胁褉械泄褋泻懈泄	0.000284	0.116534	0.000033
械谐懈锌械褌褋泻懈泄	0.000284	0.116534	0.000033
械写懈薪褘泄	0.000284	0.000000	0.000000
械泻芯	0.000284	0.127833	0.000036
械褏邪褌褜	0.000284	2.302585	0.000655
卸邪褉械薪褘泄	0.000284	1.272966	0.000362
卸邪褉懈褌褜	0.000853	1.347074	0.001149
卸邪褉懈褌褜褋褟	0.000284	2.120264	0.000603
卸邪褉泻芯械	0.000284	0.040822	0.000012
卸写邪褌褜	0.000284	2.207275	0.000628
卸械谢邪薪懈械	0.000284	1.771957	0.000504
卸械谢邪褌械谢褜薪芯	0.000284	2.525729	0.000718
卸械谢械	0.000853	0.040822	0.000035
卸械谢褌芯泻	0.000569	1.237874	0.000704
卸械薪褋泻懈泄	0.000569	0.020203	0.000011
卸械薪褖懈薪邪	0.000569	0.061875	0.000035
卸懈蟹薪褜	0.000569	0.040822	0.000023
卸褍谢褜械薪	0.000284	0.040822	0.000012
卸褍褉薪邪谢	0.000569	0.072571	0.000041
卸褞谢褜械薪	0.000284	0.040822	0.000012
卸褞谢褜薪褘泄	0.000284	0.040822	0.000012
蟹邪胁邪褉薪芯泄	0.000569	0.116534	0.000066
蟹邪胁褌褉邪泻	0.002275	0.094311	0.000215
蟹邪谐谢褟薪褍褌褜	0.000284	2.659260	0.000756
蟹邪谐芯褌芯胁泻邪	0.001137	0.040822	0.000046
蟹邪写邪胁邪褌褜	0.000569	0.040822	0.000023
蟹邪写邪褌褜	0.000284	2.525729	0.000718
蟹邪泻邪蟹	0.000284	3.506558	0.000997
蟹邪泻胁邪褋泻邪	0.000853	0.040822	0.000035
蟹邪泻褉褘褌褘泄	0.000284	0.116534	0.000033
蟹邪泻褍褋泻邪	0.006255	0.040822	0.000255
蟹邪泻褍褋芯薪褔懈泻	0.000284	0.116534	0.000033
蟹邪泻褍褋芯褔泻邪	0.000284	0.116534	0.000033
蟹邪泻褍褋芯褔薪邪褟	0.002559	0.116534	0.000298
蟹邪谢懈胁薪芯械	0.000569	0.040822	0.000023
蟹邪屑械褔邪褌械谢褜薪褘泄	0.000284	0.713350	0.000203
蟹邪屑芯褉芯蟹泻邪	0.000284	0.105361	0.000030
蟹邪锌邪写	0.000284	0.116534	0.000033
蟹邪锌械泻邪薪泻邪	0.003128	0.040822	0.000128
蟹邪锌械褔褜	0.000284	0.916291	0.000261
蟹邪锌褉邪胁泻邪	0.000569	0.040822	0.000023
蟹邪褉邪薪械械	0.000284	1.660731	0.000472
蟹邪褉械谐懈褋褌褉懈褉芯胁邪褌褜褋褟	0.000569	0.030459	0.000017
蟹邪褋械褔褜	0.000284	2.659260	0.000756
蟹邪褋芯谢泻邪	0.000284	0.116534	0.000033
蟹邪褏芯写懈褌褜	0.000284	0.733969	0.000209
蟹邪褟胁谢褟褌褜	0.000284	1.771957	0.000504
蟹邪褟褑	0.000569	0.116534	0.000066
蟹胁邪薪褘泄	0.000284	0.127833	0.000036
蟹胁械蟹写邪	0.000284	0.116534	0.000033
蟹胁褢蟹写薪褘泄	0.000284	0.116534	0.000033
蟹写芯褉芯胁褘泄	0.000569	0.116534	0.000066
蟹械谢械薪褜	0.003696	0.094311	0.000349
蟹械褎懈褉	0.000284	0.040822	0.000012
蟹懈屑邪	0.001137	0.040822	0.000046
蟹懈屑薪懈泄	0.000284	0.051293	0.000015
蟹薪邪褌褜	0.000853	0.462035	0.000394
蟹芯谢芯褌懈褋褌褘泄	0.000284	2.407946	0.000685
蟹芯谢芯褌芯泄	0.000569	0.116534	0.000066
蟹褉邪蟹邪	0.000284	2.040221	0.000580
懈胁邪薪芯胁	0.000284	0.127833	0.000036
懈谐褉褍褕邪	0.000284	2.995732	0.000852
懈写械邪谢褜薪褘泄	0.002275	0.116534	0.000265
懈写械泄泻邪	0.000284	0.116534	0.000033
懈蟹胁械褋褌薪褘泄	0.000853	1.049822	0.000895
懈蟹写械谢懈械	0.002559	0.116534	0.000298
懈蟹褞屑懈薪泻邪	0.000284	1.966113	0.000559
懈泻褉邪	0.000853	0.040822	0.000035
懈屑械褌褜	0.000569	1.171183	0.000666
懈屑褟	0.000284	0.030459	0.000009
懈薪邪褔械	0.000284	1.897120	0.000539
懈薪胁械褉褌芯褉薪褘泄	0.000284	0.127833	0.000036
懈薪谐褉械写懈械薪褌	0.008814	0.139262	0.001228
懈薪写械泄泻邪	0.001706	0.094311	0.000161
懈薪写懈泄褋泻懈泄	0.000284	0.116534	0.000033
懈薪写懈谢邪泄褌邪	0.000853	0.116534	0.000099
懈薪写懈褉械褋薪褘泄	0.000284	0.116534	0.000033
懈薪褋褌褉褍泻褑懈褟	0.000284	0.030459	0.000009
懈褉邪泻褋泻懈泄	0.000284	0.116534	0.000033
懈褉邪薪褋泻懈泄	0.000284	0.116534	0.000033
懈褉谢邪薪写褋泻懈泄	0.000284	0.116534	0.000033
懈褉褉械蟹邪	0.000284	1.347074	0.000383
懈褋泻褉械薪薪械	0.000284	0.116534	0.000033
懈褋谢邪薪写褋泻懈泄	0.000284	0.116534	0.000033
懈褋锌邪薪褋泻懈泄	0.000284	0.116534	0.000033
懈褋锌械褔褜	0.000284	0.105361	0.000030
懈褋褌懈薪邪	0.000284	2.525729	0.000718
懈褋褌芯褉懈褟	0.001706	0.116534	0.000199
懈褌邪谢懈褟	0.000569	0.105361	0.000060
懈褌邪谢褜褟薪褋泻懈泄	0.000284	0.105361	0.000030
懈褞谢褜	0.000569	0.579818	0.000330
懈褞薪褜	0.000284	0.562119	0.000160
泄芯谐褍褉褌	0.000853	0.040822	0.000035
泻邪斜邪褔泻芯胁褘泄	0.000569	1.832581	0.001042
泻邪斜邪褔芯泻	0.000853	0.040822	0.000035
泻邪胁泻邪蟹褋泻懈泄	0.000284	0.116534	0.000033
泻邪蟹邪薪	0.000284	0.116534	0.000033
泻邪蟹邪褌褜褋褟	0.000284	1.139434	0.000324
泻邪蟹邪褏褋泻懈泄	0.000284	0.116534	0.000033
泻邪泻邪芯	0.000569	0.040822	0.000023
泻邪谢械泄写芯褋泻芯锌	0.001137	0.116534	0.000133
泻邪谢屑褘褑泻懈泄	0.000284	0.116534	0.000033
泻邪谢芯褉懈泄薪褘泄	0.000284	1.966113	0.000559
泻邪谢褜屑邪褉	0.000284	0.040822	0.000012
泻邪屑械褉邪	0.000284	0.116534	0.000033
泻邪薪邪写褋泻懈泄	0.000284	0.116534	0.000033
泻邪薪邪谢	0.000853	0.040822	0.000035
泻邪薪邪锌械	0.000569	0.040822	0.000023
泻邪锌褍褋褌邪	0.000853	0.040822	0.000035
泻邪锌褍褋褌薪褟泻	0.000284	0.040822	0.000012
泻邪褉邪屑械谢懈蟹芯胁邪褌褜褋褟	0.000284	3.218876	0.000915
泻邪褉邪屑械谢褜	0.000284	0.040822	0.000012
泻邪褉泻邪褋薪褘泄	0.001137	0.116534	0.000133
泻邪褉褌芯褎械谢褜	0.012795	0.040822	0.000522
泻邪褉褌芯褎械谢褜薪褘泄	0.001990	0.040822	0.000081
泻邪褉褌芯褕械褔泻邪	0.000853	1.897120	0.001618
泻邪褉褌芯褕泻邪	0.001706	0.040822	0.000070
泻邪褌械谐芯褉懈褟	0.004549	0.116534	0.000530
泻邪褔械褋褌胁芯	0.000284	0.105361	0.000030
泻邪褕邪	0.001990	0.040822	0.000081
泻胁邪褋	0.001137	0.040822	0.000046
泻胁邪褋薪芯泄	0.000853	0.116534	0.000099
泻械泻褋	0.000853	0.040822	0.000035
泻械褋薪械谢褜	0.000284	3.912023	0.001112
泻械褎懈褉	0.000853	0.040822	0.000035
泻懈谢芯谐褉邪屑屑	0.000284	2.407946	0.000685
泻懈屑褔邪褌褜	0.000284	0.040822	0.000012
泻懈薪芯邪	0.000569	0.127833	0.000073
泻懈薪芯谢械薪褌邪	0.000284	0.116534	0.000033
泻懈褋械谢褜	0.000569	0.040822	0.000023
泻懈褌邪泄褋泻懈泄	0.000284	0.116534	0.000033
泻谢邪褋褋	0.002559	0.116534	0.000298
泻谢邪褋褋懈褔械褋泻懈泄	0.000284	1.427116	0.000406
泻薪懈谐邪	0.000569	0.040822	0.000023
泻芯泻褌械泄谢褜	0.001706	0.040822	0.000070
泻芯谢斜邪褋邪	0.000853	0.040822	0.000035
泻芯谢斜邪褋薪褘泄	0.001137	0.116534	0.000133
泻芯谢写褍薪	0.000284	2.813411	0.000800
泻芯屑邪薪写邪	0.000569	0.127833	0.000073
泻芯屑懈	0.000284	0.116534	0.000033
泻芯屑屑械薪褌邪褉懈泄	0.000284	0.127833	0.000036
泻芯屑锌邪薪懈褟	0.000284	0.105361	0.000030
泻芯屑锌芯蟹懈褑懈褟	0.000284	2.525729	0.000718
泻芯屑锌芯褌	0.000853	0.040822	0.000035
泻芯薪懈薪邪	0.000284	0.116534	0.000033
泻芯薪泻褉械褌薪褘泄	0.000284	2.407946	0.000685
泻芯薪泻褍褉褋	0.061416	0.040822	0.002507
泻芯薪泻褍褉褋薪褘泄	0.000284	0.127833	0.000036
泻芯薪褋械褉胁懈褉芯胁邪薪懈械	0.000284	0.040822	0.000012
泻芯薪褋械褉胁懈褉芯胁邪薪薪褘泄	0.001422	0.116534	0.000166
泻芯薪褎械褌邪	0.000853	0.040822	0.000035
泻芯薪褎械褌褌懈	0.000284	0.116534	0.000033
泻芯薪褎懈写械薪褑懈邪谢褜薪芯褋褌褜	0.000284	0.040822	0.000012
泻芯薪褎懈褌褞褉	0.000284	0.040822	0.000012
泻芯锌褔褢薪芯褋褌褜	0.000284	0.116534	0.000033
泻芯褉械泄褋泻懈	0.000284	0.040822	0.000012
泻芯褉械泄褋泻懈泄	0.000284	0.105361	0.000030
泻芯褉卸懈泻	0.000284	0.040822	0.000012
泻芯褉屑懈褌褜	0.000284	0.116534	0.000033
泻芯褉芯谢械胁褋泻懈泄	0.000284	2.302585	0.000655
泻芯褉芯褔泻邪	0.000853	1.309333	0.001117
泻芯褋褌褢褉	0.000284	2.407946	0.000685
泻芯褌谢械褌邪	0.000284	0.040822	0.000012
泻芯褎械	0.000569	0.040822	0.000023
泻褉邪褋泻邪	0.000284	0.116534	0.000033
泻褉械邪褌懈胁	0.000284	0.127833	0.000036
泻褉械屑	0.000853	0.040822	0.000035
泻褉械锌泻懈泄	0.000284	0.116534	0.000033
泻褉芯谢懈泻	0.000569	0.116534	0.000066
泻褉芯屑械	0.000284	0.061875	0.000018
泻褉芯褏邪	0.000284	0.116534	0.000033
泻褉褍谐	0.000569	0.116534	0.000066
泻褉褍锌	0.001706	0.105361	0.000180
泻褉褍锌邪	0.002559	0.116534	0.000298
泻褉褍锌褟薪芯泄	0.000284	0.116534	0.000033
泻褍斜械褌邪	0.000569	3.218876	0.001830
泻褍斜懈薪褋泻懈泄	0.000284	0.116534	0.000033
泻褍谢械褕	0.000284	0.040822	0.000012
泻褍谢懈薪邪褉懈褟	0.000853	0.094311	0.000080
泻褍谢懈薪邪褉薪褘泄	0.001706	0.000000	0.000000
泻褍谢懈褔	0.000569	0.040822	0.000023
泻褍褉写褋泻懈泄	0.000284	0.116534	0.000033
泻褍褉懈薪褘泄	0.004265	0.094311	0.000402
泻褍褉懈褑邪	0.001422	0.040822	0.000058
泻褍褉芯褔泻邪	0.000284	0.116534	0.000033
泻褍褉褌懈蟹邪薪泻邪	0.000284	2.995732	0.000852
泻褍褋泻褍褋	0.000284	0.040822	0.000012
泻褍褋芯褔械泻	0.000284	1.078810	0.000307
泻褍褏薪褟	0.002559	0.040822	0.000104
泻褍褕邪褌褜	0.000284	2.302585	0.000655
谢邪胁邪褕	0.001706	0.040822	0.000070
谢邪胁褉芯胁褘泄	0.000569	1.139434	0.000648
谢邪谐屑邪薪	0.000284	0.040822	0.000012
谢邪泻芯屑褋褌胁芯	0.000284	0.116534	0.000033
谢邪锌褕邪	0.000569	0.040822	0.000023
谢邪褌褘褕褋泻懈泄	0.000284	0.116534	0.000033
谢械谐泻芯	0.001990	0.116534	0.000232
谢械薪懈胁褘泄	0.000284	1.427116	0.000406
谢械锌褢褕泻邪	0.001422	0.040822	0.000058
谢械褌薪懈泄	0.000569	0.040822	0.000023
谢械褌芯	0.001706	0.116534	0.000199
谢械褔芯	0.000284	0.040822	0.000012
谢懈谐邪	0.000853	0.116534	0.000099
谢懈泻褢褉	0.000284	0.040822	0.000012
谢懈屑芯薪邪写	0.000569	0.040822	0.000023
谢懈屑芯薪薪褘泄	0.000853	0.713350	0.000608
谢懈褋褌	0.000569	0.843970	0.000480
谢懈褌芯胁褋泻	0.000284	0.127833	0.000036
谢懈褌芯胁褋泻懈泄	0.000284	0.116534	0.000033
谢懈褕薪懈泄	0.000284	1.560648	0.000444
谢褍泻	0.004549	0.301105	0.001370
谢褍褔芯泻	0.000284	2.302585	0.000655
谢褞斜懈屑褘泄	0.002843	0.116534	0.000331
谢褞斜芯胁褜	0.000569	0.105361	0.000060
谢褞斜芯泄	0.000569	0.094311	0.000054
谢褞写屑懈谢邪	0.000284	1.771957	0.000504
谢褢谐泻懈泄	0.001137	0.094311	0.000107
谢褢写	0.000284	0.116534	0.000033
屑邪谐褉懈斜	0.000284	0.116534	0.000033
屑邪泄	0.000853	0.116534	0.000099
屑邪泄芯薪械蟹	0.001990	0.116534	0.000232
屑邪泄芯薪械蟹薪褘泄	0.000284	2.525729	0.000718
屑邪泻邪褉芯薪薪褘泄	0.000284	0.116534	0.000033
屑邪泻邪褉芯薪褘	0.000284	0.040822	0.000012
屑邪谢邪蟹懈泄褋泻懈泄	0.000284	0.116534	0.000033
屑邪屑褍谢褟	0.000284	2.995732	0.000852
屑邪薪薪懈泻	0.000284	0.040822	0.000012
屑邪薪褋邪褉写邪	0.000284	0.755023	0.000215
屑邪薪褌邪	0.000284	0.116534	0.000033
屑邪薪褢胁褉	0.000284	0.116534	0.000033
屑邪褉邪褎芯薪	0.000853	0.116534	0.000099
屑邪褉谐邪褉懈薪	0.000569	1.609438	0.000915
屑邪褉懈薪邪写	0.003412	0.040822	0.000139
屑邪褉懈薪芯胁邪褌褜	0.000569	0.116534	0.000066
屑邪褉屑械谢邪写	0.000284	0.040822	0.000012
屑邪褉芯泻泻邪薪褋泻懈泄	0.000284	0.116534	0.000033
屑邪褉褌	0.001422	0.105361	0.000150
屑邪褋泻邪褉锌芯薪	0.000284	0.040822	0.000012
屑邪褋谢械薪懈褑邪	0.000853	0.040822	0.000035
屑邪褋谢械薪懈褔薪褘泄	0.000284	0.116534	0.000033
屑邪褋谢芯	0.008814	0.105361	0.000929
屑邪褋谢褟薪褘泄	0.000284	2.525729	0.000718
屑邪褋褌械褉	0.002559	0.116534	0.000298
屑邪褋褌懈泻邪	0.000569	0.040822	0.000023
屑邪褎褎懈薪邪	0.000284	0.116534	0.000033
屑邪褏械械胁褗	0.001137	0.116534	0.000133
屑械写懈邪褎芯褉褌	0.000853	0.000000	0.000000
屑械写芯胁褘泄	0.000284	0.116534	0.000033
屑械泻褋懈泻邪薪褋泻懈泄	0.000284	0.116534	0.000033
屑械薪褞	0.000284	0.116534	0.000033
屑械薪褟褌褜褋褟	0.000284	0.116534	0.000033
屑械褔褌邪	0.000853	0.040822	0.000035
屑懈写懈褟	0.000284	0.040822	0.000012
屑懈泻褉芯胁芯谢薪芯胁泻邪	0.000569	0.105361	0.000060
屑懈谢褜褟	0.000284	0.116534	0.000033
屑懈薪懈屑褍屑	0.000284	1.237874	0.000352
屑懈薪褍褌邪	0.000284	0.544727	0.000155
屑懈芯	0.000284	0.116534	0.000033
屑懈褉	0.000569	0.105361	0.000060
屑懈褉芯胁芯泄	0.000284	0.116534	0.000033
屑懈褋芯	0.000284	0.040822	0.000012
屑懈褋褌械褉懈褟	0.000284	0.116534	0.000033
屑懈褋褌褉邪谢褜	0.001990	0.116534	0.000232
屑薪芯卸械褋褌胁芯	0.000284	0.040822	0.000012
屑芯泄	0.001422	0.083382	0.000119
屑芯谢写邪胁褋泻懈泄	0.000284	0.116534	0.000033
屑芯谢芯泻芯	0.001137	0.083382	0.000095
屑芯谢芯褔薪褘泄	0.000853	0.040822	0.000035
屑芯屑械薪褌	0.000853	0.105361	0.000090
屑芯薪谐芯谢褜褋泻懈泄	0.000284	0.116534	0.000033
屑芯褉械	0.000284	0.116534	0.000033
屑芯褉械锌褉芯写褍泻褌	0.003981	0.040822	0.000162
屑芯褉泻芯胁褜	0.001990	0.040822	0.000081
屑芯褉芯卸械薪芯械	0.000853	0.040822	0.000035
屑芯褉褋	0.000569	0.040822	0.000023
屑芯褌芯褉	0.000284	0.116534	0.000033
屑芯褏懈褌褘泄	0.000284	0.040822	0.000012
屑芯褔褜	0.001706	0.000000	0.000000
屑褍卸褋泻芯泄	0.000284	0.127833	0.000036
屑褍卸褔懈薪邪	0.000569	0.116534	0.000066
屑褍泻邪	0.003412	0.248461	0.000848
屑褍谢褜褌懈胁邪褉泻邪	0.010805	0.116534	0.001259
屑褍谢褜褌懈锌械泻邪褉褜	0.000853	0.116534	0.000099
屑褍褋褋	0.000284	0.040822	0.000012
屑褍褋褋邪	0.000853	0.040822	0.000035
屑褍褔薪芯泄	0.000284	0.116534	0.000033
屑褘褌褜	0.000284	2.659260	0.000756
屑褞褋谢懈	0.000569	0.116534	0.000066
屑褟褋薪芯泄	0.004265	0.040822	0.000174
屑褟褋芯	0.008246	0.040822	0.000337
薪邪胁褋械谐写邪	0.000284	2.040221	0.000580
薪邪蟹胁邪薪懈械	0.000853	0.562119	0.000479
薪邪蟹胁邪褌褜	0.000284	1.560648	0.000444
薪邪蟹薪邪褔械薪懈械	0.000284	0.116534	0.000033
薪邪蟹褘胁邪褌褜褋褟	0.000284	1.714798	0.000488
薪邪泄褌懈	0.000284	0.446287	0.000127
薪邪泄褌懈褋褜	0.000284	2.995732	0.000852
薪邪谢懈胁泻邪	0.000284	0.040822	0.000012
薪邪锌懈褌芯泻	0.001990	0.040822	0.000081
薪邪褋褌芯泄泻邪	0.000284	0.040822	0.000012
薪邪褋褌芯褟褌械谢褜薪芯	0.000284	2.040221	0.000580
薪邪褋褌褉芯械薪懈械	0.000284	0.116534	0.000033
薪邪褑懈芯薪邪谢褜薪褘泄	0.000284	0.116534	0.000033
薪邪褔懈薪泻邪	0.000853	0.040822	0.000035
薪邪褕	0.000569	0.040822	0.000023
薪械写械谢褟	0.002843	0.051293	0.000146
薪械卸薪褘泄	0.001137	0.094311	0.000107
薪械屑邪谢芯胁邪卸薪褘泄	0.000284	2.207275	0.000628
薪械屑械褑泻懈泄	0.000284	0.116534	0.000033
薪械薪褍卸薪褘泄	0.000284	2.302585	0.000655
薪械芯斜褘泻薪芯胁械薪薪芯	0.000284	1.897120	0.000539
薪械芯斜褘褔薪褘泄	0.000284	0.916291	0.000261
薪械芯卸懈写邪薪薪褘泄	0.000284	0.116534	0.000033
薪械褋谢邪写泻懈泄	0.000284	0.116534	0.000033
薪懈斜褘褌褜	0.000284	1.832581	0.000521
薪懈泻邪泻芯泄	0.000284	1.203973	0.000342
薪懈泻褌芯	0.000284	1.427116	0.000406
薪懈褔械谐芯	0.000284	0.941609	0.000268
薪泻	0.000284	1.771957	0.000504
薪芯胁芯谐芯写薪懈泄	0.006540	0.040822	0.000267
薪芯胁芯褋褌褜	0.000284	0.061875	0.000018
薪芯胁褘泄	0.003412	0.030459	0.000104
薪芯褉胁械卸褋泻懈泄	0.000284	0.116534	0.000033
薪芯褟斜褉褜	0.000284	0.527633	0.000150
薪褉邪胁懈褌褜褋褟	0.000284	0.941609	0.000268
薪褍褌褜	0.000284	3.218876	0.000915
薪褞邪薪褋	0.000284	2.659260	0.000756
薪褟屑	0.000569	3.218876	0.001830
芯斜邪谢写械薪薪褘泄	0.000284	1.771957	0.000504
芯斜械写	0.000853	0.105361	0.000090
芯斜械蟹褜褟薪邪	0.000284	0.116534	0.000033
芯斜卸邪褉械薪褘泄	0.000284	2.995732	0.000852
芯斜谢邪写邪褌褜	0.000284	1.660731	0.000472
芯斜谢邪褔泻芯	0.000284	2.995732	0.000852
芯斜褉邪蟹芯胁邪褌褜	0.000284	2.995732	0.000852
芯斜褖邪褌褜褋褟	0.000284	0.040822	0.000012
芯斜褟蟹邪褌械谢褜薪芯	0.000284	0.967584	0.000275
芯胁芯褖	0.006255	0.094311	0.000590
芯胁芯褖薪芯泄	0.002843	0.040822	0.000116
芯胁褋褟薪褘泄	0.000284	0.105361	0.000030
芯谐薪械薪薪褘泄	0.000284	0.116534	0.000033
芯谐芯薪褜	0.000284	0.094311	0.000027
芯谐褉芯屑薪褘泄	0.000284	0.867501	0.000247
芯谐褍褉械褑	0.000569	0.116534	0.000066
芯卸懈写邪薪懈械	0.000284	2.120264	0.000603
芯泻褉芯褕泻邪	0.000853	0.040822	0.000035
芯泻褉褍卸械薪懈械	0.000284	3.218876	0.000915
芯谢邪写褜褟	0.000853	0.040822	0.000035
芯谢械泄薪芯泄	0.001137	0.116534	0.000133
芯谢械泄薪褘泄	0.001137	0.116534	0.000133
芯谢懈胁械褉	0.000284	2.525729	0.000718
芯谢懈胁泻芯胁褘泄	0.001137	0.544727	0.000620
芯屑谢械褌	0.000284	0.040822	0.000012
芯锌邪褉邪	0.000284	0.040822	0.000012
芯锌邪褋械薪懈械	0.000284	3.506558	0.000997
芯锌褉械写械谢褢薪薪褘泄	0.000284	1.832581	0.000521
芯锌褉芯斜芯胁邪褌褜	0.000284	2.120264	0.000603
芯锌褉芯褋	0.000284	0.061875	0.000018
芯褋械薪薪懈泄	0.001137	0.051293	0.000058
芯褋械薪褜	0.002843	0.105361	0.000300
芯褋薪芯胁薪褘泄	0.000284	0.040822	0.000012
芯褋褌邪胁邪褌褜褋褟	0.000284	0.116534	0.000033
芯褌斜懈胁薪芯泄	0.000284	2.120264	0.000603
芯褌胁械褌	0.000853	0.000000	0.000000
芯褌胁械褌懈褌褜	0.000284	0.051293	0.000015
芯褌写褘褏邪褌褜	0.000569	2.040221	0.001160
芯褌泻褉褘褌褘泄	0.000569	0.105361	0.000060
芯褌谢懈褔邪褌褜褋褟	0.000284	1.469676	0.000418
芯褌屑械薪懈褌褜	0.000284	0.040822	0.000012
芯褌薪芯褋懈褌褜褋褟	0.000284	1.714798	0.000488
芯褌薪芯褕械薪懈械	0.000284	1.714798	0.000488
芯褌褌懈褉邪褌褜	0.000284	2.659260	0.000756
芯褏谢邪写懈褌褜	0.000284	0.116534	0.000033
芯褏芯褌邪	0.000284	3.218876	0.000915
芯褔械褉械写薪芯泄	0.000569	1.514128	0.000861
锌邪泻械褌懈泻	0.000284	0.105361	0.000030
锌邪谢芯褔泻邪	0.000284	0.040822	0.000012
锌邪薪懈褉芯胁泻邪	0.002275	0.116534	0.000265
锌邪薪懈褉芯胁芯褔薪褘泄	0.001137	1.309333	0.001489
锌邪褉邪	0.000569	0.116534	0.000066
锌邪褉邪写	0.001990	0.116534	0.000232
锌邪褉懈卸褋泻懈泄	0.000284	3.218876	0.000915
锌邪褉泻	0.000284	2.659260	0.000756
锌邪褉芯胁邪褉泻邪	0.002559	0.105361	0.000270
锌邪褉芯谢褜	0.000284	0.020203	0.000006
锌邪褋褌邪	0.000853	0.040822	0.000035
锌邪褋褌褉芯屑邪	0.000284	0.040822	0.000012
锌邪褋褏邪	0.000569	0.040822	0.000023
锌邪褋褏邪谢褜薪褘泄	0.000853	0.116534	0.000099
锌邪褕褌械褌	0.000853	0.040822	0.000035
锌械泻邪褉褜	0.000284	0.127833	0.000036
锌械谢褜屑械薪褜	0.000284	0.116534	0.000033
锌械褉胁褘泄	0.001422	0.040822	0.000058
锌械褉械泄褌懈	0.000284	0.040822	0.000012
锌械褉械泻褍褋	0.000569	0.116534	0.000066
锌械褉械褑	0.004265	0.040822	0.000174
锌械褉褋芯薪邪	0.000284	0.116534	0.000033
锌械褉褍邪薪褋泻懈泄	0.000284	0.116534	0.000033
锌械褋芯褔薪褘泄	0.000853	0.105361	0.000090
锌械褌械谢懈薪泻	0.000284	0.127833	0.000036
锌械褌褉褍褕泻邪	0.000569	0.673345	0.000383
锌械褔械薪懈械	0.002559	0.040822	0.000104
锌械褔褜	0.000284	0.116534	0.000033
锌械褔褢薪芯褔薪褘泄	0.000284	0.040822	0.000012
锌懈胁芯	0.000284	0.116534	0.000033
锌懈泻邪薪褌	0.000284	0.127833	0.000036
锌懈泻薪懈泻	0.001137	0.105361	0.000120
锌懈褉	0.000284	0.116534	0.000033
锌懈褉芯谐	0.001990	0.040822	0.000081
锌懈褉芯卸泻芯胁褘泄	0.000284	1.966113	0.000559
锌懈褉芯卸薪芯械	0.000569	0.040822	0.000023
锌懈褉芯卸芯泻	0.000569	0.040822	0.000023
锌懈褌邪薪懈械	0.001422	0.094311	0.000134
锌懈褑褑邪	0.000569	0.040822	0.000023
锌谢邪屑褟	0.000284	0.116534	0.000033
锌谢懈褌邪	0.001706	0.116534	0.000199
锌谢芯胁	0.000284	0.116534	0.000033
锌谢芯写	0.000284	0.116534	0.000033
锌芯胁邪褉	0.000284	1.139434	0.000324
锌芯胁邪褉褢薪芯泻	0.001422	0.000000	0.000000
锌芯胁械褉褜褌械	0.000284	2.040221	0.000580
锌芯胁懈写谢芯	0.000284	0.040822	0.000012
锌芯谐褍谢褟褌褜	0.000284	2.659260	0.000756
锌芯写邪褉芯泻	0.000284	0.116534	0.000033
锌芯写邪褌褜	0.000284	1.427116	0.000406
锌芯写械谢懈褌褜褋褟	0.000569	0.400478	0.000228
锌芯写谢懈胁	0.000284	0.116534	0.000033
锌芯写谢懈胁泻邪	0.000284	0.040822	0.000012
锌芯写芯斜薪褘泄	0.000284	1.427116	0.000406
锌芯写锌懈褋邪褌褜褋褟	0.000853	0.040822	0.000035
锌芯写褉芯斜薪芯	0.000284	2.659260	0.000756
锌芯写褋泻邪蟹邪褌褜	0.000569	1.832581	0.001042
锌芯写褋芯谢薪械褔薪褘泄	0.001137	1.347074	0.001532
锌芯械写懈薪芯泻	0.003981	0.116534	0.000464
锌芯械蟹写	0.000284	3.218876	0.000915
锌芯卸邪谢褍泄	0.000284	2.040221	0.000580
锌芯蟹写褉邪胁懈褌褜	0.000284	0.116534	0.000033
锌芯懈褋泻	0.000284	0.051293	0.000015
锌芯泄褌懈	0.000284	1.966113	0.000559
锌芯泻邪蟹褘胁邪褌褜	0.000284	1.832581	0.000521
锌芯泻芯褉懈褌褜	0.000284	2.120264	0.000603
锌芯泻褍锌邪褌褜	0.000284	1.897120	0.000539
锌芯谢写薪懈泻	0.000569	0.116534	0.000066
锌芯谢械蟹薪芯	0.000284	0.116534	0.000033
锌芯谢懈褌懈泻邪	0.000284	0.040822	0.000012
锌芯谢芯胁懈薪邪	0.002275	0.105361	0.000240
锌芯谢褌芯褉邪	0.000284	2.120264	0.000603
锌芯谢褍褔邪褌褜	0.000569	0.040822	0.000023
锌芯谢褍褔邪褌褜褋褟	0.000569	0.328504	0.000187
锌芯谢褍褔懈褌褜褋褟	0.000284	0.653926	0.000186
锌芯谢褜蟹邪	0.001422	0.116534	0.000166
锌芯谢褜褋泻懈泄	0.000284	0.116534	0.000033
锌芯屑邪写泻邪	0.000853	0.040822	0.000035
锌芯屑懈写芯褉	0.002275	0.116534	0.000265
锌芯屑懈写芯褉泻	0.000284	0.127833	0.000036
锌芯屑薪懈褌褜	0.000284	1.469676	0.000418
锌芯薪邪写芯斜懈褌褜褋褟	0.000284	2.302585	0.000655
锌芯薪褉邪胁懈褌褜褋褟	0.000284	0.040822	0.000012
锌芯薪褔懈泻	0.000569	0.040822	0.000023
锌芯锌邪褋褌褜	0.000284	2.207275	0.000628
锌芯锌褉芯斜芯胁邪褌褜	0.000853	0.248461	0.000212
锌芯褉邪	0.000284	0.105361	0.000030
锌芯褉褌褍谐邪谢褜褋泻懈泄	0.000284	0.116534	0.000033
锌芯褋械褖邪褌褜	0.000284	0.061875	0.000018
锌芯褋褌	0.001422	0.105361	0.000150
锌芯褋褌薪褘泄	0.000853	0.040822	0.000035
锌芯褋褌芯褟薪薪芯	0.000284	0.040822	0.000012
锌芯褋褌褉芯懈褌褜	0.000284	0.105361	0.000030
锌芯褋褌褍锌邪褌褜	0.000284	3.506558	0.000997
锌芯褋褍写邪	0.000569	0.094311	0.000054
锌芯褌褉褟褋邪褌褜	0.000284	1.272966	0.000362
锌芯褌褉褟褋邪褞褖械	0.000284	1.560648	0.000444
锌芯褏褉褍褋褌械褌褜	0.000284	3.218876	0.000915
锌芯褏褉褍褋褌褘胁邪褌褜	0.000284	3.218876	0.000915
锌芯褔褌邪	0.000284	0.040822	0.000012
锌芯褔褌懈	0.000569	1.021651	0.000581
锌芯褕邪谐芯胁褘泄	0.000569	0.040822	0.000023
锌褉邪胁写邪	0.000284	1.139434	0.000324
锌褉邪蟹写薪械褋褌胁芯	0.000284	2.407946	0.000685
锌褉邪蟹写薪懈泻	0.000284	0.105361	0.000030
锌褉邪蟹写薪懈褔薪芯	0.000284	0.116534	0.000033
锌褉邪蟹写薪懈褔薪褘泄	0.000853	0.105361	0.000090
锌褉邪泻褌懈泻褍屑	0.000284	0.116534	0.000033
锌褉械胁蟹芯泄褌懈	0.000284	2.120264	0.000603
锌褉械胁芯褋褏芯写薪褘泄	0.000284	0.116534	0.000033
锌褉械胁褉邪褖械薪懈械	0.000284	0.116534	0.000033
锌褉械写谢芯卸懈褌褜	0.000284	1.108663	0.000315
锌褉械写锌芯谢芯卸械薪懈械	0.000284	3.218876	0.000915
锌褉械写褋褌邪胁懈褌褜	0.000569	1.347074	0.000766
锌褉械泻褉邪褋薪芯	0.000284	1.714798	0.000488
锌褉械褋薪褘泄	0.000284	0.116534	0.000033
锌褉懈斜邪胁谢械薪懈械	0.000284	2.659260	0.000756
锌褉懈谐芯褌芯胁懈褌褜	0.001706	0.083382	0.000142
锌褉懈谐芯褌芯胁谢械薪懈械	0.001137	0.040822	0.000046
锌褉懈写邪胁邪褌褜	0.000284	2.040221	0.000580
锌褉懈写褍屑邪褌褜	0.000284	1.237874	0.000352
锌褉懈蟹	0.000284	0.040822	0.000012
锌褉懈蟹薪邪薪懈械	0.000284	0.116534	0.000033
锌褉懈屑械褉	0.000284	2.302585	0.000655
锌褉懈锌褉邪胁邪	0.001422	0.040822	0.000058
锌褉懈褉芯写邪	0.000569	0.105361	0.000060
锌褉懈褋褌褍锌懈褌褜	0.000284	0.040822	0.000012
锌褉懈褏芯写懈褌褜褋褟	0.000284	2.407946	0.000685
锌褉芯胁械褉懈褌褜	0.001706	0.116534	0.000199
锌褉芯胁械褋褌懈	0.001422	0.116534	0.000166
锌褉芯胁芯写懈褌褜	0.000284	0.040822	0.000012
锌褉芯胁芯卸邪褌褜	0.000284	0.116534	0.000033
锌褉芯写邪胁邪褌褜褋褟	0.000284	2.525729	0.000718
锌褉芯写褍泻褌	0.000569	0.072571	0.000041
锌褉芯械泻褌	0.000569	0.051293	0.000029
锌褉芯褋懈褌褜	0.000284	0.776529	0.000221
锌褉芯褋屑芯褌褉	0.000284	0.274437	0.000078
锌褉芯褋褌芯	0.001990	0.083382	0.000166
锌褉芯褋褌芯泄	0.000569	0.301105	0.000171
锌褉芯褋褌芯泻胁邪褕邪	0.000284	0.040822	0.000012
锌褉芯褎懈谢褜	0.000284	0.040822	0.000012
锌褉芯褔懈褌邪褌褜	0.000284	1.832581	0.000521
锌褉褟屑芯	0.000284	0.040822	0.000012
锌褉褟薪懈泻	0.000569	0.040822	0.000023
锌褉褟薪懈褔薪褘泄	0.000284	0.116534	0.000033
锌褌懈褑邪	0.005687	0.116534	0.000663
锌褍写懈薪谐	0.000853	0.040822	0.000035
锌褍薪褕	0.000284	0.040822	0.000012
锌褍褌械褕械褋褌胁懈械	0.000569	0.116534	0.000066
锌褍褌褜	0.000569	0.116534	0.000066
锌褕械薪懈褔薪褘泄	0.003412	0.287682	0.000982
锌褘褕泻邪	0.000284	0.040822	0.000012
锌褞褉械	0.001706	0.040822	0.000070
锌褟褌褜	0.000284	1.771957	0.000504
褉邪谐褍	0.000284	0.116534	0.000033
褉邪写芯胁邪褌褜	0.000284	2.813411	0.000800
褉邪蟹	0.000853	0.356675	0.000304
褉邪蟹胁械褉薪褍褌褜	0.000284	0.116534	0.000033
褉邪蟹写械谢褜薪褘泄	0.000284	0.116534	0.000033
褉邪蟹屑械褖邪褌褜	0.000284	2.302585	0.000655
褉邪蟹薪褘泄	0.000569	0.094311	0.000054
褉邪蟹芯屑	0.000284	2.407946	0.000685
褉邪蟹芯褔邪褉芯胁邪褌褜	0.000284	2.995732	0.000852
褉邪薪薪懈泄	0.000284	1.514128	0.000431
褉邪褋褋泻邪蟹邪褌褜	0.000284	1.897120	0.000539
褉邪褋褋屑邪褌褉懈胁邪褌褜	0.000284	2.659260	0.000756
褉邪褋褋芯谢褜薪懈泻	0.000853	0.040822	0.000035
褉邪褋褋褘谢泻邪	0.000284	0.061875	0.000018
褉邪褋褌懈褌械谢褜薪褘泄	0.003981	0.223144	0.000888
褉械斜褢薪芯泻	0.000569	0.094311	0.000054
褉械谐懈褋褌褉邪褑懈褟	0.000853	0.000000	0.000000
褉械蟹褍谢褜褌邪褌	0.000569	0.820981	0.000467
褉械泄褌懈薪谐	0.000284	0.235722	0.000067
褉械泻芯屑械薪写芯胁邪褌褜	0.000569	1.021651	0.000581
褉械锌褔邪褌褘泄	0.004549	0.430783	0.001960
褉械褋褌芯褉邪薪	0.000284	1.386294	0.000394
褉械褑械锌褌	0.028433	0.040822	0.001161
褉械褕懈褌褜褋褟	0.000284	2.407946	0.000685
褉懈褋	0.001422	0.040822	0.000058
褉懈褋泻	0.000284	2.302585	0.000655
褉懈褌屑	0.000284	0.116534	0.000033
褉芯谐邪谢懈泻	0.000284	0.040822	0.000012
褉芯写薪褘泄	0.000284	0.116534	0.000033
褉芯卸写械薪懈械	0.000284	0.105361	0.000030
褉芯卸写械褋褌胁芯	0.000284	0.116534	0.000033
褉芯蟹屑邪褉懈薪	0.000569	1.609438	0.000915
褉芯谢谢	0.000569	0.040822	0.000023
褉芯谢谢褌芯薪	0.000284	0.116534	0.000033
褉芯屑	0.000284	0.040822	0.000012
褉褍斜褉懈泻邪褌芯褉	0.000284	0.051293	0.000015
褉褍谢械褌	0.003128	0.040822	0.000128
褉褍屑褘薪褋泻懈泄	0.000284	0.116534	0.000033
褉褍屑褟薪褘泄	0.000284	0.116534	0.000033
褉褍薪械褌	0.000284	0.020203	0.000006
褉褍褋褋泻懈泄	0.000284	0.105361	0.000030
褉褘斜邪	0.008530	0.040822	0.000348
褉褘斜泻邪	0.000569	2.207275	0.001255
褉褘斜薪褘泄	0.002843	0.105361	0.000300
褉褟卸械薪泻邪	0.000284	0.116534	0.000033
褋邪泄褌	0.001706	0.000000	0.000000
褋邪谢邪褌	0.010520	0.040822	0.000429
褋邪谢邪褌薪褘泄	0.000284	0.116534	0.000033
褋邪屑芯谐芯薪	0.000284	0.040822	0.000012
褋邪屑芯褋褌芯褟褌械谢褜薪褘泄	0.000284	2.040221	0.000580
褋邪屑褘泄	0.000853	0.105361	0.000090
褋邪褎	0.000853	0.116534	0.000099
褋邪褎褋械屑邪	0.000284	0.116534	0.000033
褋邪褏邪褉	0.000569	0.105361	0.000060
褋斜懈褌械薪褜	0.000284	0.040822	0.000012
褋胁械卸械褋褌褜	0.000284	0.105361	0.000030
褋胁械泻芯谢褜薪懈泻	0.000569	0.040822	0.000023
褋胁械褌	0.001137	0.116534	0.000133
褋胁械褌邪	0.001137	0.116534	0.000133
褋胁械褌谢邪薪芯褔泻邪	0.000284	3.218876	0.000915
褋胁懈薪懈薪	0.001422	0.116534	0.000166
褋胁懈薪懈薪邪	0.001137	0.040822	0.000046
褋胁芯写懈褌褜	0.000284	2.302585	0.000655
褋胁褢泻谢邪	0.000284	0.040822	0.000012
褋谐褍褖褢薪泻邪	0.000284	0.040822	0.000012
褋械蟹芯薪	0.000284	0.116534	0.000033
褋械泄褔邪褋	0.000569	0.030459	0.000017
褋械泻褉械褌	0.000853	0.116534	0.000099
褋械谢褜	0.000284	3.218876	0.000915
褋械谢褢写泻邪	0.000284	0.040822	0.000012
褋械屑械泄薪褘泄	0.000284	0.116534	0.000033
褋械屑褜褟	0.000569	0.116534	0.000066
褋械薪褌褟斜褉褜	0.000853	0.673345	0.000574
褋械褉写褑械	0.000569	1.771957	0.001008
褋械褋褌褉邪	0.000284	2.659260	0.000756
褋械褌褜	0.000284	2.302585	0.000655
褋懈写褉	0.000284	0.040822	0.000012
褋懈褉懈泄褋泻懈泄	0.000284	0.116534	0.000033
褋懈褉芯锌	0.000569	0.040822	0.000023
褋懈褋褌械屑邪	0.000284	0.040822	0.000012
褋懈褌懈	0.000284	0.127833	0.000036
褋泻邪蟹邪褌褜	0.000853	0.400478	0.000342
褋泻邪蟹泻邪	0.000284	0.116534	0.000033
褋泻芯胁芯褉芯写泻邪	0.000284	1.660731	0.000472
褋谢邪写泻懈泄	0.005402	0.040822	0.000221
褋谢邪写泻芯	0.000284	0.116534	0.000033
褋谢械写懈褌褜	0.000284	2.120264	0.000603
褋谢懈胁泻邪	0.000569	1.049822	0.000597
褋谢懈胁芯褔薪褘泄	0.001990	0.105361	0.000210
褋谢懈褕泻芯屑	0.000284	2.120264	0.000603
褋谢芯泄泻邪	0.000569	0.040822	0.000023
褋谢芯褢薪褘泄	0.000853	0.116534	0.000099
褋屑械谢芯	0.000284	2.120264	0.000603
褋屑械褌邪薪邪	0.001422	0.105361	0.000150
褋屑械褕邪薪薪褘泄	0.000569	0.116534	0.000066
褋屑芯褔褜	0.000284	0.040822	0.000012
褋屑褍蟹懈	0.000853	0.040822	0.000035
褋薪邪褉褍卸懈	0.000284	2.525729	0.000718
褋薪褝泻	0.000569	0.116534	0.000066
褋芯斜邪泻邪	0.000569	2.302585	0.001309
褋芯斜懈褉邪褌褜褋褟	0.000569	0.040822	0.000023
褋芯斜褋褌胁械薪薪芯	0.000284	2.120264	0.000603
褋芯胁械褉褕械薪褋褌胁芯	0.001422	0.116534	0.000166
褋芯胁械褌	0.000284	0.040822	0.000012
褋芯胁褋械屑	0.000284	1.139434	0.000324
褋芯谐谢邪褕邪褌褜褋褟	0.000284	0.040822	0.000012
褋芯械胁褘泄	0.001422	0.798508	0.001135
褋芯蟹写邪胁邪褌褜	0.000284	0.105361	0.000030
褋芯蟹写邪薪懈械	0.000569	0.261365	0.000149
褋芯泻	0.001706	0.040822	0.000070
褋芯谢械薪懈械	0.000569	0.116534	0.000066
褋芯谢薪械褔薪褘泄	0.000284	0.116534	0.000033
褋芯谢褜	0.005118	0.127833	0.000654
褋芯谢褟薪泻邪	0.000569	0.040822	0.000023
褋芯谢褢薪褘泄	0.000853	0.116534	0.000099
褋芯屑薪械胁邪褌褜褋褟	0.000284	2.525729	0.000718
褋芯褉褌懈褉芯胁邪褌褜	0.000284	0.248461	0.000071
褋芯褋褌邪胁懈褌褜	0.000284	0.116534	0.000033
褋芯褍褋	0.006255	0.040822	0.000255
褋芯褏褉邪薪褟褌褜	0.000284	0.040822	0.000012
褋芯褑芯锌褉芯褋	0.000284	3.218876	0.000915
褋芯褑褋械褌褜	0.000284	0.040822	0.000012
褋芯褔械褌邪薪懈械	0.000284	0.105361	0.000030
褋芯褔薪褘泄	0.000284	0.116534	0.000033
褋锌邪谢褜薪褟	0.000284	0.415515	0.000118
褋锌邪褋懈斜芯	0.000284	0.673345	0.000191
褋锌械褌褜	0.000284	0.116534	0.000033
褋锌械褑懈邪谢褜薪褘泄	0.000284	0.094311	0.000027
褋锌械褑懈褟	0.004265	0.094311	0.000402
褋锌械褑锌褉芯械泻褌	0.009383	0.116534	0.001093
褋锌懈褋芯泻	0.000284	0.116534	0.000033
褋锌芯褋芯斜	0.000284	0.891598	0.000254
褋褉邪蟹褍	0.000853	0.733969	0.000626
褋褉械写懈蟹械屑薪芯屑芯褉褋泻懈泄	0.000284	0.127833	0.000036
褋褌邪褉褘泄	0.000284	0.261365	0.000074
褋褌邪褌褜	0.000569	1.049822	0.000597
褋褌邪褌褜褟	0.000284	0.061875	0.000018
褋褌械锌薪芯泄	0.000284	2.407946	0.000685
褋褌械锌褜	0.000284	2.207275	0.000628
褋褌懈谢褜	0.000569	0.116534	0.000066
褋褌芯谢	0.002843	0.105361	0.000300
褋褌芯谢褜泻芯	0.000284	2.040221	0.000580
褋褌褉芯懈褌械谢褜褋褌胁芯	0.000569	0.040822	0.000023
褋褌褉芯懈褌褜	0.000284	0.040822	0.000012
褋褌褉芯泄薪褘泄	0.000284	0.116534	0.000033
褋褌褘写薪芯	0.000284	2.120264	0.000603
褋褍斜锌褉芯写褍泻褌	0.002843	0.116534	0.000331
褋褍锌	0.008530	0.040822	0.000348
褋褍锌褔懈泻	0.000569	2.302585	0.001309
褋褍褎谢械	0.000853	0.040822	0.000035
褋褍褏邪褉褜	0.001422	0.040822	0.000058
褋褍褕懈褌褜	0.000569	0.040822	0.000023
褋褗械褋褌褜	0.000284	1.469676	0.000418
褋褘褉	0.006540	0.040822	0.000267
褋褘褉薪懈泻	0.000853	0.040822	0.000035
褋褘褉薪褘泄	0.001990	0.040822	0.000081
褋褘褌薪褘泄	0.000569	0.105361	0.000060
褋褘褔褍卸薪褘泄	0.000284	0.127833	0.000036
褋褝薪写胁懈褔	0.000284	0.127833	0.000036
褋褞褉锌褉懈蟹	0.000284	0.116534	0.000033
褋褢屑谐邪	0.000284	0.040822	0.000012
褌邪写卸懈泻褋泻懈泄	0.000284	0.116534	0.000033
褌邪泄褋泻懈泄	0.000284	0.116534	0.000033
褌邪泻懈	0.000284	1.237874	0.000352
褌邪泻芯屑	0.000284	1.897120	0.000539
褌邪褉械谢泻邪	0.000284	1.469676	0.000418
褌邪褉褌	0.000284	0.116534	0.000033
褌邪褉褌邪谢械褌泻邪	0.000569	0.040822	0.000023
褌邪褌邪褉褋泻懈泄	0.000569	0.116534	0.000066
褌胁芯泄	0.000569	0.116534	0.000066
褌胁芯褉懈褌褜	0.000284	0.116534	0.000033
褌胁芯褉芯谐	0.000853	0.040822	0.000035
褌胁芯褉芯卸薪褘泄	0.001137	0.094311	0.000107
褌胁褢褉写褘泄	0.002843	0.544727	0.001549
褌械谢械谐褉邪屑	0.000284	0.040822	0.000012
褌械谢褟褌懈薪邪	0.001137	0.116534	0.000133
褌械锌械褉褜	0.000284	0.916291	0.000261
褌械锌谢芯	0.000284	0.116534	0.000033
褌械褉褉邪褋邪	0.000284	0.776529	0.000221
褌械褉褉懈薪邪	0.000284	0.040822	0.000012
褌械褋褌	0.003412	0.105361	0.000359
褌械褋褌芯	0.002843	0.040822	0.000116
褌械褏薪懈泻邪	0.001422	0.105361	0.000150
褌懈屑褜褟薪	0.000569	2.659260	0.001512
褌屑	0.001137	0.127833	0.000145
褌芯屑	0.000284	1.139434	0.000324
褌芯屑邪褌	0.000284	1.714798	0.000488
褌芯锌谢褢薪褘泄	0.000284	0.116534	0.000033
褌芯褉褌	0.005687	0.040822	0.000232
褌褉邪胁邪	0.000284	0.094311	0.000027
褌褉邪写懈褑懈褟	0.001706	0.116534	0.000199
褌褉褍斜芯褔泻邪	0.000284	0.040822	0.000012
褌褉褢褏谢械褌懈械	0.000284	0.116534	0.000033
褌褍薪械褑	0.000284	0.105361	0.000030
褌褍薪懈褋褋泻懈泄	0.000284	0.116534	0.000033
褌褍褉械褑泻懈泄	0.000284	0.116534	0.000033
褌褘泻胁邪	0.000284	0.040822	0.000012
褌褢褖懈薪	0.000284	0.040822	0.000012
褍胁械写芯屑谢械薪懈械	0.000284	0.040822	0.000012
褍胁懈写械褌褜	0.000284	1.203973	0.000342
褍谐芯褋褌懈褌褜	0.000284	1.660731	0.000472
褍谐芯褖邪褌褜褋褟	0.000284	0.994252	0.000283
褍写邪褔薪褘泄	0.000284	0.116534	0.000033
褍写懈胁懈褌褜	0.000284	0.116534	0.000033
褍写懈胁谢褟褌褜	0.001137	0.116534	0.000133
褍写芯胁芯谢褜褋褌胁懈械	0.000284	0.116534	0.000033
褍卸	0.000569	0.693147	0.000394
褍卸懈薪	0.001706	0.094311	0.000161
褍蟹斜械泻褋泻懈泄	0.000284	0.116534	0.000033
褍泻褉邪懈薪褋泻懈泄	0.000284	0.116534	0.000033
褍泻褉邪褋懈褌褜	0.000284	1.514128	0.000431
褍泻褉邪褕械薪懈械	0.002275	0.116534	0.000265
褍泻褉芯锌	0.000569	0.562119	0.000320
褍泻褋褍褋	0.001137	0.562119	0.000639
褍锌芯褌褉械斜懈褌褜	0.000284	3.506558	0.000997
褍锌芯褌褉械斜谢械薪懈械	0.000284	0.116534	0.000033
褍褉邪谢褜褋泻懈泄	0.000284	0.116534	0.000033
褍褉芯卸邪泄	0.000284	0.105361	0.000030
褍褌泻邪	0.000853	0.116534	0.000099
褍褏	0.000284	2.995732	0.000852
褍褏芯	0.000284	0.040822	0.000012
褍褔邪褋褌胁芯胁邪褌褜	0.000284	0.040822	0.000012
褎邪蟹械薪写邪	0.000284	0.116534	0.000033
褎邪薪褌邪蟹懈褟	0.002275	0.116534	0.000265
褎邪褉屑懈薪谐褌芯薪	0.000284	3.506558	0.000997
褎邪褉褕	0.005402	0.040822	0.000221
褎邪褉褕懈褉芯胁邪薪薪褘泄	0.001706	0.040822	0.000070
褎邪褋芯谢褜	0.000284	0.040822	0.000012
褎邪褋褌邪	0.000284	3.218876	0.000915
褎械胁褉邪谢褜	0.000569	0.094311	0.000054
褎械泄械褉胁械褉泻	0.000569	0.116534	0.000066
褎懈谐褍褉邪	0.000284	0.116534	0.000033
褎懈薪褋泻懈泄	0.000284	0.116534	0.000033
褎懈褉屑械薪薪褘泄	0.000284	0.116534	0.000033
褎芯薪写褞	0.000284	0.040822	0.000012
褎芯褉屑邪	0.000284	0.105361	0.000030
褎芯褉褍屑	0.000569	0.040822	0.000023
褎芯褉褕屑邪泻	0.000284	0.040822	0.000012
褎褉邪薪褑懈褟	0.000284	0.116534	0.000033
褎褉邪薪褑褍蟹褋泻懈泄	0.000853	0.094311	0.000080
褎褉邪褍	0.001137	0.116534	0.000133
褎褉懈	0.000284	2.995732	0.000852
褎褉褍泻褌	0.001137	0.116534	0.000133
褎褉褍泻褌芯胁褘泄	0.002275	0.040822	0.000093
褎褍写	0.000569	0.116534	0.000066
褎褍褉褕械褌	0.000284	0.116534	0.000033
褏邪谢胁邪	0.000284	0.040822	0.000012
褏邪褉胁械褋褌褎械褋褌	0.000569	0.116534	0.000066
褏邪褉褔芯	0.000569	0.040822	0.000023
褏邪褕	0.000284	0.040822	0.000012
褏胁芯褉芯褋褌	0.000284	0.040822	0.000012
褏懈薪泻邪谢懈	0.000284	0.116534	0.000033
褏懈褌	0.001990	0.116534	0.000232
褏懈褌褉芯褋褌褜	0.000284	2.407946	0.000685
褏谢械斜	0.000853	0.040822	0.000035
褏谢械斜芯锌械褔泻邪	0.000284	0.116534	0.000033
褏谢芯锌褜褟	0.000569	0.094311	0.000054
褏芯蟹褟泄泻邪	0.000569	0.116534	0.000066
褏芯谢芯写械褑	0.000284	0.040822	0.000012
褏芯谢芯写懈谢褜薪懈泻	0.000284	1.049822	0.000298
褏芯谢芯写薪芯械	0.000569	0.116534	0.000066
褏芯谢芯写薪褘泄	0.000569	0.116534	0.000066
褏芯褉胁邪褌褋泻懈泄	0.000284	0.116534	0.000033
褏芯褉芯褕懈泄	0.001137	0.040822	0.000046
褏芯褉芯褕芯	0.001422	0.105361	0.000150
褏芯褉褋	0.000284	0.116534	0.000033
褏芯褌械褌褜	0.001422	0.000000	0.000000
褏褉褍褋褌械褌褜	0.000569	0.713350	0.000406
褏褍屑褍褋邪	0.000284	0.040822	0.000012
褑邪褉褋褌胁芯	0.000284	0.127833	0.000036
褑邪褉褜	0.000284	0.116534	0.000033
褑胁械褌薪芯泄	0.000284	0.040822	0.000012
褑械薪薪褘泄	0.000284	0.040822	0.000012
褑械薪褌褉	0.000284	0.116534	0.000033
褑芯泻芯谢褜薪褘泄	0.000284	3.218876	0.000915
褔邪械屑褘泄	0.000284	0.116534	0.000033
褔邪泄	0.000853	0.040822	0.000035
褔邪褋	0.000284	1.139434	0.000324
褔械斜褍褉械泻	0.000569	0.040822	0.000023
褔械屑	0.000284	0.994252	0.000283
褔械褉泻懈蟹芯胁褘泄	0.000569	0.116534	0.000066
褔械褋薪芯泻	0.003412	0.314711	0.001074
褔械褋褌薪芯	0.000284	1.203973	0.000342
褔械褋褌薪芯泄	0.000284	0.040822	0.000012
褔械褋褌褜	0.000284	2.659260	0.000756
褔械褔械胁懈褑邪	0.000284	0.040822	0.000012
褔械褕褋泻懈泄	0.000284	0.116534	0.000033
褔懈蟹泻械泄泻	0.001137	0.040822	0.000046
褔懈谢懈泄褋泻懈泄	0.000284	0.116534	0.000033
褔懈锌褋褘	0.001137	0.040822	0.000046
褔懈褋谢芯	0.000284	0.235722	0.000067
褔褍写械褋薪芯	0.000284	2.659260	0.000756
褔褍写械褋薪褘泄	0.000284	1.514128	0.000431
褔褍写芯	0.000284	0.116534	0.000033
褔褢褉薪褘泄	0.003412	0.356675	0.001217
褕邪褉懈泻	0.000853	0.040822	0.000035
褕邪褉谢芯褌泻邪	0.000569	0.040822	0.000023
褕邪褉屑	0.000284	0.116534	0.000033
褕邪褕谢褘泻	0.003981	0.040822	0.000162
褕胁械写褋泻懈泄	0.000284	0.116534	0.000033
褕胁械泄褑邪褉褋泻懈泄	0.000284	0.116534	0.000033
褕械写械胁褉	0.000284	0.116534	0.000033
褕械褎	0.000569	0.127833	0.000073
褕懈锌褍褔泻邪	0.000284	0.040822	0.000012
褕懈褉芯泻懈泄	0.000284	0.127833	0.000036
褕泻芯谢邪	0.000284	0.116534	0.000033
褕芯泻芯谢邪写	0.000284	0.040822	0.000012
褕芯褌谢邪薪写褋泻懈泄	0.000284	0.116534	0.000033
褕褌褉褍写械谢褜	0.000284	0.040822	0.000012
褕褌褍褔泻邪	0.000284	2.040221	0.000580
褕褍斜泻邪	0.000284	2.407946	0.000685
褕褍褉锌邪	0.000284	0.040822	0.000012
褖械写褉褘泄	0.000284	0.116534	0.000033
褖懈	0.000569	0.040822	0.000023
褝泻芯屑懈谢泻	0.000284	0.127833	0.000036
褝褋褌芯薪褋泻懈泄	0.000284	0.116534	0.000033
褝褌邪卸	0.000284	3.218876	0.000915
褝褎褎械泻褌薪褘泄	0.000284	2.407946	0.000685
褞谐芯褋谢邪胁褋泻懈泄	0.000284	0.116534	0.000033
褟谐芯写薪褘泄	0.001137	0.105361	0.000120
褟蟹褘泻	0.000284	0.040822	0.000012
褟懈褔薪褘泄	0.000569	0.941609	0.000535
褟泄褑芯	0.004265	0.040822	0.000174
褟谢芯褉懈褋邪	0.000284	1.771957	0.000504
褟薪写械泻褋	0.000284	0.072571	0.000021
褟锌芯薪褋泻懈泄	0.000569	0.051293	0.000029
褟褉泻懈泄	0.000284	0.116534	0.000033
褟褉泻芯	0.000284	0.105361	0.000030
