谢械屑屑邪	TF	IDF	TF-IDF
邪斜褏邪蟹褋泻懈泄	0.000297	0.116534	0.000035
邪胁褉邪屑械薪泻芯	0.000297	4.605170	0.001366
邪胁褋褌褉邪谢懈泄褋泻懈泄	0.000297	0.116534	0.000035
邪胁褋褌褉懈泄褋泻懈泄	0.000297	0.116534	0.000035
邪胁褌芯泻谢邪胁	0.000297	0.116534	0.000035
邪胁褌芯褉	0.000593	0.040822	0.000024
邪谐褉芯	0.000297	0.116534	0.000035
邪写卸懈泻邪	0.000297	0.040822	0.000012
邪蟹	0.000297	0.127833	0.000038
邪蟹械褉斜邪泄写卸邪薪褋泻懈泄	0.000297	0.116534	0.000035
邪蟹懈邪褌褋泻懈泄	0.000297	0.127833	0.000038
邪泄褉邪薪	0.000297	0.040822	0.000012
邪泻胁邪褌懈泻	0.000890	0.127833	0.000114
邪谢械泻褋械泄	0.000297	0.127833	0.000038
邪谢械薪	0.000297	4.605170	0.001366
邪谢懈械胁	0.000297	3.506558	0.001040
邪谢泻芯谐芯谢褜	0.000890	0.116534	0.000104
邪谢泻芯谐芯谢褜薪褘泄	0.000297	0.116534	0.000035
邪谢谢邪	0.000297	4.605170	0.001366
邪谢褜褟薪褋	0.000297	0.116534	0.000035
邪屑械褉懈泻邪薪褋泻懈泄	0.000297	0.116534	0.000035
邪薪邪薪邪褋	0.000890	2.995732	0.002666
邪薪邪薪邪褋芯胁褘泄	0.000297	3.506558	0.001040
邪薪谐谢懈泄褋泻懈泄	0.000297	0.116534	0.000035
邪薪写褉械泄	0.000297	0.127833	0.000038
邪薪褌芯薪懈薪	0.000297	4.605170	0.001366
邪锌褉械谢褜	0.000297	0.544727	0.000162
邪褉邪斜褋泻懈泄	0.000297	0.116534	0.000035
邪褉谐械薪褌懈薪褋泻懈泄	0.000297	0.116534	0.000035
邪褉屑褟薪褋泻懈泄	0.000297	0.116534	0.000035
邪褉芯屑邪褌薪褘泄	0.000297	0.693147	0.000206
邪褋褋芯褉褌懈	0.000593	0.116534	0.000069
邪褌谢邪薪褌	0.000297	0.116534	0.000035
邪褎谐邪薪褋泻懈泄	0.000297	0.116534	0.000035
邪褎褉懈泻邪薪褋泻懈泄	0.000297	0.116534	0.000035
邪褝褉芯谐褉懈谢褜	0.002966	0.116534	0.000346
斜邪泻谢邪卸邪薪	0.000297	0.040822	0.000012
斜邪谢褌泻芯屑邪	0.000297	0.127833	0.000038
斜邪褉邪薪懈薪邪	0.001780	0.116534	0.000207
斜邪褋屑邪褌懈	0.000593	0.127833	0.000076
斜邪褋褌褍褉屑	0.000297	0.040822	0.000012
斜邪褋褌褍褉屑邪	0.000297	0.040822	0.000012
斜邪褌芯薪褔懈泻	0.000297	0.127833	0.000038
斜邪褎褎邪谢芯	0.000297	3.506558	0.001040
斜邪褕泻懈褉褋泻懈泄	0.000297	0.116534	0.000035
斜械蟹邪谢泻芯谐芯谢褜薪褘泄	0.000297	0.116534	0.000035
斜械蟹谐谢褞褌械薪芯胁芯械	0.000297	0.116534	0.000035
斜械蟹写褉芯卸卸械胁芯泄	0.002373	2.407946	0.005714
斜械蟹械	0.001187	0.040822	0.000048
斜械谢械斜械械胁褋泻懈泄	0.000593	0.116534	0.000069
斜械谢芯褉褍褋褋泻懈泄	0.000297	0.116534	0.000035
斜械谢褜谐懈泄褋泻懈泄	0.000297	0.116534	0.000035
斜械褉械屑械薪薪邪褟	0.000297	0.116534	0.000035
斜械褋械写懈薪	0.000297	0.127833	0.000038
斜懈褋泻胁懈褌	0.000593	0.040822	0.000024
斜懈褋泻胁懈褌薪褘泄	0.000890	0.105361	0.000094
斜懈褔	0.000297	3.912023	0.001160
斜谢邪谐芯写邪褉懈褌褜	0.000593	2.407946	0.001429
斜谢懈蟹泻懈泄	0.000593	0.116534	0.000069
斜谢懈薪	0.001780	0.040822	0.000073
斜谢褞写芯	0.029961	0.040822	0.001223
斜芯斜芯胁褘泄	0.002373	0.116534	0.000277
斜芯谢谐邪褉褋泻懈泄	0.000297	0.116534	0.000035
斜芯谢褜褕芯泄	0.000593	0.094311	0.000056
斜芯褉褖	0.000593	0.040822	0.000024
斜芯褌胁懈薪褜褟	0.000297	0.040822	0.000012
斜褉邪蟹懈谢褜褋泻懈泄	0.000297	0.116534	0.000035
斜褉邪褌褜	0.000297	1.897120	0.000563
斜褉邪褍蟹械褉	0.000297	0.040822	0.000012
斜褉邪褍薪懈	0.000297	0.040822	0.000012
斜褉械褋褌	0.000297	0.127833	0.000038
斜褉械褌芯薪褋泻懈泄	0.000297	4.605170	0.001366
斜褉芯泻泻芯谢懈	0.000297	0.040822	0.000012
斜褍卸械薪懈薪邪	0.000297	0.040822	0.000012
斜褍谢芯褔泻邪	0.001780	0.040822	0.000073
斜褍谢褜芯薪	0.003263	0.040822	0.000133
斜褍褉谐械褉	0.000593	0.040822	0.000024
斜褍褉褟褌褋泻懈泄	0.000297	0.116534	0.000035
斜褍褌械褉斜褉芯写	0.001483	0.040822	0.000061
斜褘褋褌褉芯	0.001187	0.094311	0.000112
斜褘褋褌褉褘泄	0.001780	0.094311	0.000168
胁邪卸薪褘泄	0.000297	0.116534	0.000035
胁邪谢谢懈泄褋泻懈泄	0.000297	0.116534	0.000035
胁邪薪懈谢懈薪	0.000593	1.609438	0.000955
胁邪薪懈谢褜薪褘泄	0.001187	1.347074	0.001598
胁邪褉械薪懈械	0.000593	0.040822	0.000024
胁邪褉械薪懈泻	0.000297	0.116534	0.000035
胁邪褉懈邪薪褌	0.000593	0.356675	0.000212
胁邪褌褉褍褕泻邪	0.000297	0.040822	0.000012
胁邪褎谢褟	0.000593	0.040822	0.000024
胁邪褕	0.001187	0.000000	0.000000
胁胁芯写懈褌褜	0.000297	0.040822	0.000012
胁写芯褏薪芯胁械薪懈械	0.002077	0.116534	0.000242
胁写芯褏薪芯胁谢褟褌褜褋褟	0.000297	0.116534	0.000035
胁械谐械褌邪褉懈邪薪褋泻懈泄	0.000593	0.116534	0.000069
胁械谢懈泻懈泄	0.000297	0.116534	0.000035
胁械薪谐械褉褋泻懈泄	0.000297	0.116534	0.000035
胁械薪褋泻懈泄	0.000297	4.605170	0.001366
胁械褋械薪薪懈泄	0.000297	0.051293	0.000015
胁械褋薪邪	0.001780	0.116534	0.000207
胁械褌褔懈薪邪	0.000297	0.094311	0.000028
胁蟹褟褌褜	0.000593	1.171183	0.000695
胁懈写	0.000297	0.776529	0.000230
胁懈写械芯	0.000593	0.116534	0.000069
胁懈写械芯褉械褑械锌褌	0.000297	0.301105	0.000089
胁懈薪芯	0.000593	0.040822	0.000024
胁泻褍褋	0.004153	0.105361	0.000438
胁泻褍褋薪芯	0.002373	0.094311	0.000224
胁泻褍褋薪褘泄	0.004450	0.061875	0.000275
胁泻褍褍褍褍褍褋薪褘泄	0.000297	3.912023	0.001160
胁谢褞斜懈褌褜	0.000297	0.116534	0.000035
胁屑械褋褌械	0.000297	0.916291	0.000272
胁薪邪褔邪谢械	0.001187	0.248461	0.000295
胁薪褍褌褉懈	0.000297	1.469676	0.000436
胁芯写邪	0.004450	0.094311	0.000420
胁芯泄褌懈	0.000297	0.000000	0.000000
胁芯谢芯胁邪薪	0.000297	0.116534	0.000035
胁芯谢褕械斜薪褘泄	0.000297	0.116534	0.000035
胁芯谢褕械斜褋褌胁芯	0.000297	0.116534	0.000035
胁芯锌褉芯褋	0.000297	0.000000	0.000000
胁芯褋褌芯褔薪褘泄	0.000297	0.127833	0.000038
胁锌械褉褢写	0.000297	4.605170	0.001366
胁锌械褔邪褌谢械薪懈械	0.000297	2.407946	0.000714
胁褉械屑褟	0.002373	0.105361	0.000250
胁褋械谐写邪	0.000297	0.653926	0.000194
胁褋锌芯屑薪懈褌褜	0.000297	0.040822	0.000012
胁褌芯褉芯械	0.000297	0.116534	0.000035
胁褌芯褉芯泄	0.000297	0.116534	0.000035
胁褍谢泻邪薪褔懈泻	0.000297	4.605170	0.001366
胁褏芯写	0.000890	0.030459	0.000027
胁褘泄褌懈	0.000297	0.040822	0.000012
胁褘锌械褔泻邪	0.009789	0.040822	0.000400
胁褜械褌薪邪屑褋泻懈泄	0.000297	0.116534	0.000035
谐邪胁邪泄褋泻懈泄	0.000297	0.116534	0.000035
谐邪褉薪懈褉	0.001483	0.040822	0.000061
谐邪褋锌邪褔芯	0.000297	0.040822	0.000012
谐邪褕褢薪褘泄	0.000593	2.207275	0.001310
谐械芯谐褉邪褎懈褟	0.000297	0.116534	0.000035
谐谢邪胁薪褘泄	0.000297	0.040822	0.000012
谐谢邪蟹褍褉褜	0.000890	0.040822	0.000036
谐谢懈薪褌胁械泄薪	0.000297	0.040822	0.000012
谐芯胁褟写懈薪邪	0.001187	0.116534	0.000138
谐芯写	0.007120	0.083382	0.000594
谐芯谢谢邪薪写褋泻懈泄	0.000297	0.116534	0.000035
谐芯褉邪蟹写芯	0.000297	2.040221	0.000605
谐芯褉芯写	0.000297	0.116534	0.000035
谐芯褉芯褏	0.000297	0.116534	0.000035
谐芯褉褔懈褑邪	0.000890	0.040822	0.000036
谐芯褉褕芯褔械泻	0.000593	0.040822	0.000024
谐芯褉褟褔械械	0.000593	0.116534	0.000069
谐芯褉褟褔懈泄	0.011569	0.105361	0.001219
谐芯褋褌	0.000297	2.659260	0.000789
谐芯褋褌芯胁褋泻懈泄	0.000297	3.912023	0.001160
谐芯褋褌褜	0.000890	0.116534	0.000104
谐芯褌芯胁懈褌褜	0.004746	0.083382	0.000396
谐芯褌芯胁懈褌褜褋褟	0.000297	0.371064	0.000110
谐褉械薪泻邪	0.000593	0.040822	0.000024
谐褉械褔械褋泻懈泄	0.000297	0.116534	0.000035
谐褉械褔泻邪	0.000297	0.040822	0.000012
谐褉懈斜	0.002966	0.040822	0.000121
谐褉懈斜薪芯泄	0.000593	0.040822	0.000024
谐褉懈谢褜	0.002966	0.105361	0.000313
谐褉懈谢褜屑邪薪懈褟	0.000297	0.116534	0.000035
谐褉芯谐	0.000297	0.040822	0.000012
谐褉褍写泻邪	0.000593	0.967584	0.000574
谐褉褍蟹懈薪褋泻懈泄	0.000297	0.116534	0.000035
谐褉褍锌锌邪	0.000297	0.061875	0.000018
谐褍褉屑	0.000297	0.127833	0.000038
谐褍褉屑邪薪懈褟	0.001780	0.116534	0.000207
谐褍褋褜	0.000593	0.105361	0.000063
写邪胁邪褌褜	0.000297	0.040822	0.000012
写邪谢褢泻懈泄	0.000297	2.659260	0.000789
写邪薪薪褘械	0.000297	0.040822	0.000012
写邪薪薪褘泄	0.000297	1.660731	0.000493
写邪褉	0.000297	0.116534	0.000035
写邪褌邪	0.000593	0.248461	0.000147
写邪褌褋泻懈泄	0.000297	0.116534	0.000035
写邪褌褜	0.000297	0.040822	0.000012
写邪褔薪褘泄	0.000890	0.116534	0.000104
写胁邪	0.000297	0.967584	0.000287
写械泻邪斜褉褜	0.000297	0.597837	0.000177
写械泻芯褉	0.000297	0.127833	0.000038
写械谢邪褌褜	0.001187	0.083382	0.000099
写械谢懈褌褜褋褟	0.000297	0.040822	0.000012
写械谢芯	0.000297	0.105361	0.000031
写械薪褜	0.002373	0.040822	0.000097
写械褋械褉褌	0.005043	0.040822	0.000206
写械褋械褉褌邪褑懈褟	0.000297	0.116534	0.000035
写械褋械褉褌薪褘泄	0.000297	0.116534	0.000035
写械褌褋泻懈泄	0.000297	2.525729	0.000749
写械褌褋褌胁芯	0.000593	1.897120	0.001126
写卸械屑	0.000297	0.040822	0.000012
写卸械屑邪	0.000297	0.040822	0.000012
写蟹械薪	0.000297	0.116534	0.000035
写懈械褌邪	0.000593	0.094311	0.000056
写懈泻懈泄	0.000890	0.116534	0.000104
写懈锌	0.000297	0.116534	0.000035
写懈褔褜	0.000890	0.116534	0.000104
写薪械胁薪懈泻	0.000297	0.061875	0.000018
写芯斜邪胁懈褌褜	0.000297	0.083382	0.000025
写芯斜邪胁谢械薪懈械	0.000297	0.223144	0.000066
写芯斜邪胁谢褟褌褜	0.000297	0.040822	0.000012
写芯斜褉芯褎谢芯褌	0.000297	0.127833	0.000038
写芯胁械褉褟褌褜	0.000297	0.116534	0.000035
写芯谢谐懈泄	0.000297	1.609438	0.000477
写芯谢谐芯	0.000297	1.514128	0.000449
写芯谢卸薪芯械	0.000297	4.605170	0.001366
写芯谢卸薪褘泄	0.000297	1.078810	0.000320
写芯屑	0.002966	0.040822	0.000121
写芯屑邪褕薪懈泄	0.003856	0.040822	0.000157
写芯屑芯褋械写	0.000297	4.605170	0.001366
写芯褉芯谐芯泄	0.000593	1.139434	0.000676
写芯褋褌邪褌芯褔薪芯	0.000297	2.040221	0.000605
写褉邪泄胁	0.001483	0.127833	0.000190
写褉芯卸卸械胁芯泄	0.001483	0.116534	0.000173
写褉芯卸卸懈	0.001780	0.916291	0.001631
写褉褍谐	0.000890	0.544727	0.000485
写褍褏芯胁泻邪	0.001483	0.105361	0.000156
写褍褕邪	0.001483	0.105361	0.000156
械胁褉械泄褋泻懈泄	0.000297	0.116534	0.000035
械谐懈锌械褌褋泻懈泄	0.000297	0.116534	0.000035
械写懈薪褘泄	0.000297	0.000000	0.000000
械泻芯	0.000297	0.127833	0.000038
卸邪褉泻芯械	0.000297	0.040822	0.000012
卸械谢邪械屑褘泄	0.000297	1.469676	0.000436
卸械谢械	0.000890	0.040822	0.000036
卸械谢褌芯泻	0.003560	1.237874	0.004407
卸械薪褋泻懈泄	0.000593	0.020203	0.000012
卸械薪褖懈薪邪	0.000593	0.061875	0.000037
卸懈蟹薪褜	0.000593	0.040822	0.000024
卸懈褉	0.000593	1.897120	0.001126
卸褍谢褜械薪	0.000297	0.040822	0.000012
卸褍褉薪邪谢	0.000297	0.072571	0.000022
卸褞谢褜械薪	0.000593	0.040822	0.000024
卸褞谢褜薪褘泄	0.000593	0.040822	0.000024
蟹邪胁邪褉薪芯泄	0.000593	0.116534	0.000069
蟹邪胁懈褌褍褕泻邪	0.000593	4.605170	0.002732
蟹邪胁褌褉邪泻	0.002373	0.094311	0.000224
蟹邪谐芯褌芯胁泻邪	0.001187	0.040822	0.000048
蟹邪写邪胁邪褌褜	0.000297	0.040822	0.000012
蟹邪泻胁邪褋泻邪	0.000890	0.040822	0.000036
蟹邪泻褉褘褌褘泄	0.000297	0.116534	0.000035
蟹邪泻褍褋泻邪	0.006230	0.040822	0.000254
蟹邪泻褍褋芯薪褔懈泻	0.000297	0.116534	0.000035
蟹邪泻褍褋芯褔泻邪	0.000297	0.116534	0.000035
蟹邪泻褍褋芯褔薪邪褟	0.002670	0.116534	0.000311
蟹邪谢懈胁薪芯械	0.000593	0.040822	0.000024
蟹邪屑械褔邪褌械谢褜薪褘泄	0.000593	0.713350	0.000423
蟹邪屑芯褉芯蟹泻邪	0.000297	0.105361	0.000031
蟹邪锌邪写	0.000297	0.116534	0.000035
蟹邪锌械泻邪薪泻邪	0.003263	0.040822	0.000133
蟹邪锌褉邪胁泻邪	0.000593	0.040822	0.000024
蟹邪褉械谐懈褋褌褉懈褉芯胁邪褌褜褋褟	0.000593	0.030459	0.000018
蟹邪褋芯谢泻邪	0.000297	0.116534	0.000035
蟹邪褌褉邪褌薪褘泄	0.000297	3.506558	0.001040
蟹邪褏芯写懈褌褜	0.000297	0.733969	0.000218
蟹邪褟褑	0.000593	0.116534	0.000069
蟹胁邪薪褘泄	0.000297	0.127833	0.000038
蟹胁械蟹写邪	0.000297	0.116534	0.000035
蟹胁褢蟹写薪褘泄	0.000297	0.116534	0.000035
蟹写芯褉芯胁褘泄	0.000593	0.116534	0.000069
蟹械谢械薪褜	0.000890	0.094311	0.000084
蟹械屑谢褟	0.000297	2.813411	0.000835
蟹械褎懈褉	0.000297	0.040822	0.000012
蟹懈屑邪	0.001187	0.040822	0.000048
蟹懈屑薪懈泄	0.000297	0.051293	0.000015
蟹薪邪屑械薪懈褌褘泄	0.000297	2.659260	0.000789
蟹芯谢芯褌芯泄	0.000297	0.116534	0.000035
懈胁邪薪芯胁	0.000297	0.127833	0.000038
懈写械邪谢褜薪褘泄	0.002077	0.116534	0.000242
懈写械泄泻邪	0.000297	0.116534	0.000035
懈写械褟	0.000297	1.609438	0.000477
懈蟹写械谢懈械	0.006230	0.116534	0.000726
懈泻褉邪	0.000890	0.040822	0.000036
懈屑褟	0.000297	0.030459	0.000009
懈薪胁械褉褌芯褉薪褘泄	0.000297	0.127833	0.000038
懈薪谐褉械写懈械薪褌	0.010086	0.139262	0.001405
懈薪写械泄泻邪	0.001780	0.094311	0.000168
懈薪写懈泄褋泻懈泄	0.000297	0.116534	0.000035
懈薪写懈谢邪泄褌邪	0.000890	0.116534	0.000104
懈薪写懈褉械褋薪褘泄	0.000297	0.116534	0.000035
懈薪芯泄	0.000297	2.040221	0.000605
懈薪褋褌褉褍泻褑懈褟	0.000297	0.030459	0.000009
懈薪褌械褉薪械褌	0.000297	0.967584	0.000287
懈褉邪泻褋泻懈泄	0.000297	0.116534	0.000035
懈褉邪薪褋泻懈泄	0.000297	0.116534	0.000035
懈褉懈薪邪	0.000297	3.506558	0.001040
懈褉谢邪薪写褋泻懈泄	0.000297	0.116534	0.000035
懈褋泻邪褌褜	0.000593	1.108663	0.000658
懈褋泻谢褞褔懈褌褜	0.000297	1.469676	0.000436
懈褋泻褉械薪薪械	0.000297	0.116534	0.000035
懈褋谢邪薪写褋泻懈泄	0.000297	0.116534	0.000035
懈褋锌邪薪褋泻懈泄	0.000297	0.116534	0.000035
懈褋锌械褔褜	0.000593	0.105361	0.000063
懈褋锌褉邪胁懈褌褜	0.000297	3.912023	0.001160
懈褋褌芯褉懈褟	0.001780	0.116534	0.000207
懈褌邪泻	0.000297	1.609438	0.000477
懈褌邪谢懈褟	0.000593	0.105361	0.000063
懈褌邪谢褜褟薪褋泻懈泄	0.000297	0.105361	0.000031
懈褞薪褜	0.000593	0.562119	0.000334
泄芯谐褍褉褌	0.000890	0.040822	0.000036
泻邪斜邪褔芯泻	0.000297	0.040822	0.000012
泻邪胁泻邪蟹褋泻懈泄	0.000297	0.116534	0.000035
泻邪蟹邪薪	0.000297	0.116534	0.000035
泻邪蟹邪褏褋泻懈泄	0.000297	0.116534	0.000035
泻邪泻邪芯	0.000593	0.040822	0.000024
泻邪谢械泄写芯褋泻芯锌	0.001187	0.116534	0.000138
泻邪谢屑褘褑泻懈泄	0.000297	0.116534	0.000035
泻邪谢褜屑邪褉	0.000297	0.040822	0.000012
泻邪屑械褉邪	0.000297	0.116534	0.000035
泻邪薪邪写褋泻懈泄	0.000297	0.116534	0.000035
泻邪薪邪谢	0.000890	0.040822	0.000036
泻邪薪邪锌械	0.000593	0.040822	0.000024
泻邪锌褍褋褌邪	0.000890	0.040822	0.000036
泻邪锌褍褋褌薪褟泻	0.000297	0.040822	0.000012
泻邪褉邪屑械谢褜	0.000297	0.040822	0.000012
泻邪褉写懈薪邪谢褜薪芯	0.000297	3.912023	0.001160
泻邪褉泻邪褋薪褘泄	0.001187	0.116534	0.000138
泻邪褉褌芯褎械谢褜	0.000890	0.040822	0.000036
泻邪褉褌芯褎械谢褜薪褘泄	0.000593	0.040822	0.000024
泻邪褉褌芯褕泻邪	0.000593	0.040822	0.000024
泻邪褌械谐芯褉懈褟	0.005043	0.116534	0.000588
泻邪褔械褋褌胁芯	0.000593	0.105361	0.000063
泻邪褕邪	0.002077	0.040822	0.000085
泻胁邪褋	0.001187	0.040822	0.000048
泻胁邪褋薪芯泄	0.000890	0.116534	0.000104
泻械泻褋	0.000890	0.040822	0.000036
泻械褎懈褉	0.000297	0.040822	0.000012
泻懈屑褔邪褌褜	0.000297	0.040822	0.000012
泻懈薪芯邪	0.000593	0.127833	0.000076
泻懈薪芯谢械薪褌邪	0.000297	0.116534	0.000035
泻懈褋械谢褜	0.000593	0.040822	0.000024
泻懈褌邪泄褋泻懈泄	0.000297	0.116534	0.000035
泻谢邪褋褋	0.002670	0.116534	0.000311
泻薪懈谐邪	0.000593	0.040822	0.000024
泻芯泻褌械泄谢褜	0.001780	0.040822	0.000073
泻芯谢斜邪褋邪	0.000297	0.040822	0.000012
泻芯谢斜邪褋薪褘泄	0.000890	0.116534	0.000104
泻芯屑邪薪写邪	0.000593	0.127833	0.000076
泻芯屑懈	0.000297	0.116534	0.000035
泻芯屑屑械薪褌邪褉懈泄	0.000297	0.127833	0.000038
泻芯屑锌邪薪懈褟	0.000297	0.105361	0.000031
泻芯屑锌芯褌	0.000890	0.040822	0.000036
泻芯薪懈薪邪	0.000297	0.116534	0.000035
泻芯薪泻褍褉褋	0.064076	0.040822	0.002616
泻芯薪泻褍褉褋薪褘泄	0.000297	0.127833	0.000038
泻芯薪褋械褉胁懈褉芯胁邪薪懈械	0.000297	0.040822	0.000012
泻芯薪褋械褉胁懈褉芯胁邪薪薪褘泄	0.001483	0.116534	0.000173
泻芯薪褎械褌邪	0.000890	0.040822	0.000036
泻芯薪褎械褌褌懈	0.000297	0.116534	0.000035
泻芯薪褎懈写械薪褑懈邪谢褜薪芯褋褌褜	0.000297	0.040822	0.000012
泻芯薪褎懈褌褞褉	0.000297	0.040822	0.000012
泻芯锌褔褢薪芯褋褌褜	0.000297	0.116534	0.000035
泻芯褉械泄褋泻懈	0.000297	0.040822	0.000012
泻芯褉械泄褋泻懈泄	0.000297	0.105361	0.000031
泻芯褉卸懈泻	0.000297	0.040822	0.000012
泻芯褉懈褔薪械胁褘泄	0.001187	1.272966	0.001510
泻芯褉屑懈褌褜	0.000297	0.116534	0.000035
泻芯褉芯褔泻邪	0.000297	1.309333	0.000388
泻芯褌谢械褌邪	0.000890	0.040822	0.000036
泻芯褎械	0.000890	0.040822	0.000036
泻褉邪褋懈胁芯	0.000297	1.832581	0.000544
泻褉邪褋泻邪	0.000297	0.116534	0.000035
泻褉邪褏屑邪谢	0.000593	0.891598	0.000529
泻褉械邪褌懈胁	0.000297	0.127833	0.000038
泻褉械屑	0.001483	0.040822	0.000061
泻褉械锌泻懈泄	0.000297	0.116534	0.000035
泻褉芯谢懈泻	0.000593	0.116534	0.000069
泻褉芯屑械	0.000297	0.061875	0.000018
泻褉芯褏邪	0.000297	0.116534	0.000035
泻褉芯褕泻邪	0.000297	4.605170	0.001366
泻褉褍谐	0.000890	0.116534	0.000104
泻褉褍锌	0.001780	0.105361	0.000188
泻褉褍锌邪	0.002670	0.116534	0.000311
泻褉褍锌褟薪芯泄	0.000297	0.116534	0.000035
泻褍斜懈薪褋泻懈泄	0.000297	0.116534	0.000035
泻褍谢械褕	0.000297	0.040822	0.000012
泻褍谢懈薪邪褉	0.000297	1.386294	0.000411
泻褍谢懈薪邪褉懈褟	0.000890	0.094311	0.000084
泻褍谢懈薪邪褉薪褘泄	0.001780	0.000000	0.000000
泻褍谢懈褔	0.000593	0.040822	0.000024
泻褍谢褜屑斜邪褏械褉褋泻懈泄	0.000297	3.912023	0.001160
泻褍薪卸褍褌	0.001187	0.994252	0.001180
泻褍褉写褋泻懈泄	0.000297	0.116534	0.000035
泻褍褉懈薪褘泄	0.008603	0.094311	0.000811
泻褍褉懈褑邪	0.002373	0.040822	0.000097
泻褍褉芯褔泻邪	0.000297	0.116534	0.000035
泻褍褋泻褍褋	0.000297	0.040822	0.000012
泻褍褏薪褟	0.002077	0.040822	0.000085
泻褍褔邪	0.000297	2.813411	0.000835
谢邪胁邪褕	0.001780	0.040822	0.000073
谢邪谐屑邪薪	0.000297	0.040822	0.000012
谢邪泻芯屑褋褌胁芯	0.000297	0.116534	0.000035
谢邪薪谐谢懈	0.000297	4.605170	0.001366
谢邪锌褕邪	0.000593	0.040822	0.000024
谢邪褌褘褕褋泻懈泄	0.000297	0.116534	0.000035
谢械谐泻芯	0.001780	0.116534	0.000207
谢械锌褢褕泻邪	0.000593	0.040822	0.000024
谢械褌薪懈泄	0.000593	0.040822	0.000024
谢械褌芯	0.001780	0.116534	0.000207
谢械褔芯	0.000297	0.040822	0.000012
谢懈谐邪	0.000890	0.116534	0.000104
谢懈泻褢褉	0.000297	0.040822	0.000012
谢懈屑芯薪邪写	0.000593	0.040822	0.000024
谢懈屑芯薪薪褘泄	0.000593	0.713350	0.000423
谢懈褌芯胁褋泻	0.000297	0.127833	0.000038
谢懈褌芯胁褋泻懈泄	0.000297	0.116534	0.000035
谢芯薪谐	0.000297	4.605170	0.001366
谢芯褋芯褋褜	0.000297	2.659260	0.000789
谢褍泻	0.002966	0.301105	0.000893
谢褞斜懈屑褘泄	0.002670	0.116534	0.000311
谢褞斜芯胁褜	0.000593	0.105361	0.000063
谢褞斜芯泄	0.000297	0.094311	0.000028
谢褢谐泻懈泄	0.001780	0.094311	0.000168
谢褢写	0.000297	0.116534	0.000035
屑邪谐褉懈斜	0.000297	0.116534	0.000035
屑邪泄	0.000297	0.116534	0.000035
屑邪泄芯薪械蟹	0.000297	0.116534	0.000035
屑邪泻邪褉芯薪薪褘泄	0.000297	0.116534	0.000035
屑邪泻邪褉芯薪褘	0.000297	0.040822	0.000012
屑邪谢邪蟹懈泄褋泻懈泄	0.000297	0.116534	0.000035
屑邪谢械薪褜泻懈泄	0.000297	1.514128	0.000449
屑邪谢芯褋褌褜	0.000297	3.912023	0.001160
屑邪谢褜褔懈泻	0.000297	3.218876	0.000955
屑邪屑邪	0.000297	1.469676	0.000436
屑邪薪薪懈泻	0.000297	0.040822	0.000012
屑邪薪褌邪	0.000297	0.116534	0.000035
屑邪薪褢胁褉	0.000297	0.116534	0.000035
屑邪褉邪褎芯薪	0.000890	0.116534	0.000104
屑邪褉谐邪褉懈薪	0.000593	1.609438	0.000955
屑邪褉懈薪邪写	0.003560	0.040822	0.000145
屑邪褉懈薪芯胁邪褌褜	0.000297	0.116534	0.000035
屑邪褉屑械谢邪写	0.000297	0.040822	0.000012
屑邪褉芯泻泻邪薪褋泻懈泄	0.000297	0.116534	0.000035
屑邪褉褌	0.001780	0.105361	0.000188
屑邪褋泻邪褉锌芯薪	0.000297	0.040822	0.000012
屑邪褋谢械薪懈褑邪	0.000890	0.040822	0.000036
屑邪褋谢械薪懈褔薪褘泄	0.000297	0.116534	0.000035
屑邪褋谢芯	0.005340	0.105361	0.000563
屑邪褋褌械褉	0.002670	0.116534	0.000311
屑邪褋褌懈泻邪	0.000593	0.040822	0.000024
屑邪褎褎懈薪邪	0.000297	0.116534	0.000035
屑邪褏械械胁褗	0.001187	0.116534	0.000138
屑械写懈邪褎芯褉褌	0.000890	0.000000	0.000000
屑械写芯胁褘泄	0.000297	0.116534	0.000035
屑械泻褋懈泻邪薪褋泻懈泄	0.000297	0.116534	0.000035
屑械薪褞	0.000297	0.116534	0.000035
屑械薪褟褌褜褋褟	0.000297	0.116534	0.000035
屑械褔褌邪	0.000890	0.040822	0.000036
屑懈写懈褟	0.000297	0.040822	0.000012
屑懈泻褉芯胁芯谢薪芯胁泻邪	0.000297	0.105361	0.000031
屑懈谢褜褟	0.000297	0.116534	0.000035
屑懈芯	0.000297	0.116534	0.000035
屑懈褉	0.000593	0.105361	0.000063
屑懈褉芯胁芯泄	0.000297	0.116534	0.000035
屑懈褋芯	0.000297	0.040822	0.000012
屑懈褋褌械褉懈褟	0.000297	0.116534	0.000035
屑懈褋褌褉邪谢褜	0.002077	0.116534	0.000242
屑薪芯卸械褋褌胁芯	0.000297	0.040822	0.000012
屑芯泄	0.001483	0.083382	0.000124
屑芯谢写邪胁褋泻懈泄	0.000297	0.116534	0.000035
屑芯谢芯泻芯	0.002966	0.083382	0.000247
屑芯谢芯褔薪褘泄	0.000890	0.040822	0.000036
屑芯屑械薪褌	0.000890	0.105361	0.000094
屑芯薪谐芯谢褜褋泻懈泄	0.000297	0.116534	0.000035
屑芯褉械	0.000593	0.116534	0.000069
屑芯褉械锌褉芯写褍泻褌	0.003856	0.040822	0.000157
屑芯褉泻芯胁褜	0.000890	0.040822	0.000036
屑芯褉芯卸械薪芯械	0.000890	0.040822	0.000036
屑芯褉芯蟹懈谢泻邪	0.000297	2.813411	0.000835
屑芯褉褋	0.000593	0.040822	0.000024
屑芯褌芯褉	0.000297	0.116534	0.000035
屑芯褏懈褌褘泄	0.000297	0.040822	0.000012
屑芯褔褜	0.000593	0.000000	0.000000
屑褍卸褋泻芯泄	0.000297	0.127833	0.000038
屑褍卸褔懈薪邪	0.000890	0.116534	0.000104
屑褍泻邪	0.004746	0.248461	0.001179
屑褍谢褜褌懈胁邪褉泻邪	0.011273	0.116534	0.001314
屑褍谢褜褌懈锌械泻邪褉褜	0.000890	0.116534	0.000104
屑褍褋褋	0.000297	0.040822	0.000012
屑褍褋褋邪	0.000890	0.040822	0.000036
屑褍褔薪芯泄	0.000297	0.116534	0.000035
屑褞褋谢懈	0.000593	0.116534	0.000069
屑褟褋薪芯泄	0.005043	0.040822	0.000206
屑褟褋芯	0.008603	0.040822	0.000351
薪邪胁械褉薪芯械	0.000297	2.207275	0.000655
薪邪蟹薪邪褔械薪懈械	0.000297	0.116534	0.000035
薪邪谢懈胁泻邪	0.000297	0.040822	0.000012
薪邪锌懈褌芯泻	0.002077	0.040822	0.000085
薪邪锌芯屑懈薪邪褌褜	0.000297	2.120264	0.000629
薪邪褋褌芯泄泻邪	0.000297	0.040822	0.000012
薪邪褋褌褉芯械薪懈械	0.000297	0.116534	0.000035
薪邪褌褍褉邪谢褜薪褘泄	0.000297	1.832581	0.000544
薪邪褍褔懈褌褜褋褟	0.000297	3.218876	0.000955
薪邪褑懈芯薪邪谢褜薪褘泄	0.000297	0.116534	0.000035
薪邪褔邪谢芯	0.000297	1.514128	0.000449
薪邪褔懈薪泻邪	0.001483	0.040822	0.000061
薪邪褕	0.000890	0.040822	0.000036
薪械斜芯	0.000297	2.407946	0.000714
薪械写械谢褟	0.002966	0.051293	0.000152
薪械械械褌褜	0.000297	3.912023	0.001160
薪械卸薪褘泄	0.001780	0.094311	0.000168
薪械泄屑	0.000297	4.605170	0.001366
薪械屑械褑泻懈泄	0.000297	0.116534	0.000035
薪械芯卸懈写邪薪薪褘泄	0.000297	0.116534	0.000035
薪械褋谢邪写泻懈泄	0.000297	0.116534	0.000035
薪懈泻	0.000297	3.912023	0.001160
薪懈泻邪泻芯泄	0.000593	1.203973	0.000714
薪懈薪邪	0.000297	1.078810	0.000320
薪芯胁芯谐芯写薪懈泄	0.006526	0.040822	0.000266
薪芯胁芯褋褌褜	0.000297	0.061875	0.000018
薪芯胁褘泄	0.003560	0.030459	0.000108
薪芯褉胁械卸褋泻懈泄	0.000297	0.116534	0.000035
薪芯褟斜褉褜	0.000593	0.527633	0.000313
薪褉邪胁懈褌褜褋褟	0.000297	0.941609	0.000279
芯斜械写	0.000890	0.105361	0.000094
芯斜械蟹褜褟薪邪	0.000297	0.116534	0.000035
芯斜褖邪褌褜褋褟	0.000297	0.040822	0.000012
芯斜褖懈泄	0.000297	1.609438	0.000477
芯斜褟蟹邪褌械谢褜薪芯	0.000297	0.967584	0.000287
芯胁芯褖	0.006230	0.094311	0.000588
芯胁芯褖薪芯泄	0.002670	0.040822	0.000109
芯胁褋褟薪褘泄	0.000297	0.105361	0.000031
芯谐薪械薪薪褘泄	0.000297	0.116534	0.000035
芯谐芯薪褜	0.000297	0.094311	0.000028
芯谐褍褉械褑	0.000593	0.116534	0.000069
芯写薪芯褝褌邪卸薪褘泄	0.000297	2.302585	0.000683
芯泻邪蟹褘胁邪褌褜褋褟	0.000297	3.218876	0.000955
芯泻褉芯褕泻邪	0.000890	0.040822	0.000036
芯泻褌褟斜褉褜	0.000593	0.562119	0.000334
芯谢邪写褜褟	0.000890	0.040822	0.000036
芯谢械泄薪芯泄	0.001187	0.116534	0.000138
芯谢械泄薪褘泄	0.001187	0.116534	0.000138
芯屑谢械褌	0.000297	0.040822	0.000012
芯锌邪褉邪	0.000297	0.040822	0.000012
芯锌褉邪胁写邪褌褜	0.000297	4.605170	0.001366
芯锌褉芯斜芯胁邪褌褜	0.000297	2.120264	0.000629
芯锌褉芯褋	0.000297	0.061875	0.000018
芯锌褍斜谢懈泻芯胁邪褌褜	0.000297	3.506558	0.001040
芯锌褟褌褜	0.000297	2.040221	0.000605
芯褉懈谐懈薪邪谢褜薪褘泄	0.000297	1.049822	0.000311
芯褋械薪薪懈泄	0.001187	0.051293	0.000061
芯褋械薪褜	0.002966	0.105361	0.000313
芯褋薪芯胁薪褘泄	0.000297	0.040822	0.000012
芯褋芯斜械薪薪芯	0.000297	1.469676	0.000436
芯褋芯斜褘泄	0.000297	2.525729	0.000749
芯褋褌邪胁邪褌褜褋褟	0.000297	0.116534	0.000035
芯褋褌邪薪芯胁懈褌褜褋褟	0.000297	1.560648	0.000463
芯褌胁械褌	0.000593	0.000000	0.000000
芯褌胁械褌懈褌褜	0.000297	0.051293	0.000015
芯褌写邪胁邪褌褜	0.000297	3.912023	0.001160
芯褌泻褉褘褌褘泄	0.000593	0.105361	0.000063
芯褌谢懈褔邪褌褜褋褟	0.000297	1.469676	0.000436
芯褌屑械薪懈褌褜	0.000297	0.040822	0.000012
芯褏邪褉邪泻褌械褉懈蟹芯胁邪褌褜	0.000297	3.912023	0.001160
芯褏谢邪写懈褌褜	0.000297	0.116534	0.000035
芯褔邪褉芯胁邪褌褜	0.000297	3.912023	0.001160
锌邪泻械褌懈泻	0.000297	0.105361	0.000031
锌邪谢芯褔泻邪	0.000297	0.040822	0.000012
锌邪薪懈褉芯胁泻邪	0.002373	0.116534	0.000277
锌邪薪懈褉芯胁芯褔薪褘泄	0.000593	1.309333	0.000777
锌邪褉邪	0.000297	0.116534	0.000035
锌邪褉邪写	0.002077	0.116534	0.000242
锌邪褉芯胁邪褉泻邪	0.002670	0.105361	0.000281
锌邪褉芯谢褜	0.000297	0.020203	0.000006
锌邪褋褌邪	0.000890	0.040822	0.000036
锌邪褋褌褉芯屑邪	0.000297	0.040822	0.000012
锌邪褋褏邪	0.000593	0.040822	0.000024
锌邪褋褏邪谢褜薪褘泄	0.000890	0.116534	0.000104
锌邪褌懈褋褜械褉	0.000593	3.912023	0.002321
锌邪褕褌械褌	0.000890	0.040822	0.000036
锌械泻邪褉褜	0.000297	0.127833	0.000038
锌械谢褜屑械薪褜	0.000297	0.116534	0.000035
锌械褉胁褘泄	0.001187	0.040822	0.000048
锌械褉械泄褌懈	0.000297	0.040822	0.000012
锌械褉械泻褍褋	0.000890	0.116534	0.000104
锌械褉械锌褉芯斜芯胁邪褌褜	0.000297	2.813411	0.000835
锌械褉械褑	0.002670	0.040822	0.000109
锌械褉褋芯薪邪	0.000297	0.116534	0.000035
锌械褉褍邪薪褋泻懈泄	0.000297	0.116534	0.000035
锌械褋芯褔薪褘泄	0.000890	0.105361	0.000094
锌械褌械谢懈薪泻	0.000297	0.127833	0.000038
锌械褌褉褍褕泻邪	0.000593	0.673345	0.000399
锌械褔械薪懈械	0.002670	0.040822	0.000109
锌械褔褜	0.000297	0.116534	0.000035
锌械褔褢薪芯褔薪褘泄	0.000297	0.040822	0.000012
锌懈胁芯	0.000297	0.116534	0.000035
锌懈泻邪薪褌	0.000297	0.127833	0.000038
锌懈泻薪懈泻	0.001187	0.105361	0.000125
锌懈薪谐胁懈薪	0.000297	4.605170	0.001366
锌懈褉	0.000297	0.116534	0.000035
锌懈褉芯谐	0.001780	0.040822	0.000073
锌懈褉芯卸薪芯械	0.000890	0.040822	0.000036
锌懈褉芯卸芯泻	0.001187	0.040822	0.000048
锌懈褌邪薪懈械	0.001483	0.094311	0.000140
锌懈褑褑邪	0.000593	0.040822	0.000024
锌谢邪屑褟	0.000297	0.116534	0.000035
锌谢邪薪	0.000593	3.218876	0.001910
锌谢懈褌邪	0.001187	0.116534	0.000138
锌谢芯胁	0.000297	0.116534	0.000035
锌谢芯写	0.000297	0.116534	0.000035
锌芯胁邪褉褢薪芯泻	0.001780	0.000000	0.000000
锌芯胁械褉褜褌械	0.000297	2.040221	0.000605
锌芯胁懈写谢芯	0.000297	0.040822	0.000012
锌芯写邪褉芯泻	0.000297	0.116534	0.000035
锌芯写邪褌褜	0.000297	1.427116	0.000423
锌芯写斜芯褉	0.000297	1.514128	0.000449
锌芯写械谢懈褌褜褋褟	0.000593	0.400478	0.000238
锌芯写谢懈胁	0.000297	0.116534	0.000035
锌芯写谢懈胁泻邪	0.000297	0.040822	0.000012
锌芯写芯泄褌懈	0.000297	1.272966	0.000378
锌芯写锌懈褋邪褌褜褋褟	0.000890	0.040822	0.000036
锌芯写褉褍卸泻邪	0.000297	2.659260	0.000789
锌芯写褌芯谢泻薪褍褌褜	0.000297	4.605170	0.001366
锌芯械写懈薪芯泻	0.004153	0.116534	0.000484
锌芯蟹写褉邪胁懈褌褜	0.000297	0.116534	0.000035
锌芯懈褋泻	0.000297	0.051293	0.000015
锌芯谢写薪懈泻	0.000593	0.116534	0.000069
锌芯谢械蟹薪芯	0.000297	0.116534	0.000035
锌芯谢懈褌懈泻邪	0.000297	0.040822	0.000012
锌芯谢芯胁懈薪邪	0.002373	0.105361	0.000250
锌芯谢褍褔邪褌褜	0.000593	0.040822	0.000024
锌芯谢褍褔邪褌褜褋褟	0.000593	0.328504	0.000195
锌芯谢褜蟹邪	0.001483	0.116534	0.000173
锌芯谢褜褋泻懈泄	0.000297	0.116534	0.000035
锌芯屑邪写泻邪	0.000890	0.040822	0.000036
锌芯屑懈写芯褉	0.000593	0.116534	0.000069
锌芯屑懈写芯褉泻	0.000297	0.127833	0.000038
锌芯屑薪懈褌褜	0.000297	1.469676	0.000436
锌芯薪褉邪胁懈褌褜褋褟	0.000297	0.040822	0.000012
锌芯薪褔懈泻	0.000593	0.040822	0.000024
锌芯锌褉芯斜芯胁邪褌褜	0.000593	0.248461	0.000147
锌芯褉邪	0.000297	0.105361	0.000031
锌芯褉褌褍谐邪谢褜褋泻懈泄	0.000297	0.116534	0.000035
锌芯褋械褖邪褌褜	0.000297	0.061875	0.000018
锌芯褋褌	0.001483	0.105361	0.000156
锌芯褋褌薪褘泄	0.000890	0.040822	0.000036
锌芯褋褌芯褟薪薪芯	0.000297	0.040822	0.000012
锌芯褋褌褉芯懈褌褜	0.000297	0.105361	0.000031
锌芯褋褍写邪	0.000593	0.094311	0.000056
锌芯褋褘锌泻邪	0.000297	3.506558	0.001040
锌芯褏芯卸懈泄	0.000297	0.994252	0.000295
锌芯褔械屑褍	0.000297	1.203973	0.000357
锌芯褔褌邪	0.000297	0.040822	0.000012
锌芯褔褌懈	0.000593	1.021651	0.000606
锌芯褕邪谐芯胁褘泄	0.000593	0.040822	0.000024
锌褉邪蟹写薪懈泻	0.000593	0.105361	0.000063
锌褉邪蟹写薪懈褔薪芯	0.000297	0.116534	0.000035
锌褉邪蟹写薪懈褔薪褘泄	0.000890	0.105361	0.000094
锌褉邪泻褌懈泻褍屑	0.000297	0.116534	0.000035
锌褉邪泻褌懈褔薪芯	0.000297	2.525729	0.000749
锌褉械胁芯褋褏芯写薪褘泄	0.000297	0.116534	0.000035
锌褉械胁褉邪褖械薪懈械	0.000297	0.116534	0.000035
锌褉械写谢邪谐邪褌褜	0.000593	0.693147	0.000411
锌褉械泻褉邪褋薪芯	0.000297	1.714798	0.000509
锌褉械屑褍写褉芯褋褌褜	0.000297	4.605170	0.001366
锌褉械褋薪褘泄	0.000297	0.116534	0.000035
锌褉懈谐芯褌芯胁懈褌褜	0.000593	0.083382	0.000049
锌褉懈谐芯褌芯胁谢械薪懈械	0.001187	0.040822	0.000048
锌褉懈蟹	0.000297	0.040822	0.000012
锌褉懈蟹薪邪薪懈械	0.000297	0.116534	0.000035
锌褉懈泄褌懈褋褜	0.000297	2.040221	0.000605
锌褉懈薪芯褋懈褌褜	0.000297	2.120264	0.000629
锌褉懈锌褉邪胁邪	0.000297	0.040822	0.000012
锌褉懈褉芯写邪	0.000890	0.105361	0.000094
锌褉懈褋褌褍锌懈褌褜	0.000297	0.040822	0.000012
锌褉懈褋褍褌褋褌胁芯胁邪褌褜	0.000297	2.995732	0.000889
锌褉懈褏芯写	0.000297	3.912023	0.001160
锌褉芯斜芯胁邪褌褜	0.000297	0.843970	0.000250
锌褉芯胁械褉懈褌褜	0.001780	0.116534	0.000207
锌褉芯胁械褋褌懈	0.001187	0.116534	0.000138
锌褉芯胁芯写懈褌褜	0.000297	0.040822	0.000012
锌褉芯胁芯卸邪褌褜	0.000297	0.116534	0.000035
锌褉芯写褍泻褌	0.000593	0.072571	0.000043
锌褉芯械泻褌	0.000593	0.051293	0.000030
锌褉芯懈蟹胁械褋褌懈	0.000297	1.966113	0.000583
锌褉芯褋屑芯褌褉	0.000297	0.274437	0.000081
锌褉芯褋褌芯	0.000593	0.083382	0.000049
锌褉芯褋褌芯泄	0.000890	0.301105	0.000268
锌褉芯褋褌芯泻胁邪褕邪	0.000297	0.040822	0.000012
锌褉芯褋褌芯褉	0.000297	1.660731	0.000493
锌褉芯褎懈谢褜	0.000297	0.040822	0.000012
锌褉褟屑芯	0.000297	0.040822	0.000012
锌褉褟薪懈泻	0.000593	0.040822	0.000024
锌褉褟薪懈褔薪褘泄	0.000297	0.116534	0.000035
锌褌懈褑邪	0.005636	0.116534	0.000657
锌褍写懈薪谐	0.000890	0.040822	0.000036
锌褍写褉邪	0.001187	1.771957	0.002103
锌褍薪褕	0.000297	0.040822	0.000012
锌褍褌械褕械褋褌胁懈械	0.000593	0.116534	0.000069
锌褍褌褜	0.000297	0.116534	0.000035
锌褍褏	0.000297	3.218876	0.000955
锌褕械薪懈褔薪褘泄	0.004746	0.287682	0.001365
锌褘褕泻邪	0.000297	0.040822	0.000012
锌褞褉械	0.001187	0.040822	0.000048
褉邪斜芯褌邪	0.000593	1.237874	0.000734
褉邪胁薪芯写褍褕薪褘泄	0.000297	2.407946	0.000714
褉邪谐褍	0.000297	0.116534	0.000035
褉邪写芯胁邪褌褜	0.000297	2.813411	0.000835
褉邪蟹	0.000297	0.356675	0.000106
褉邪蟹胁械褉薪褍褌褜	0.000297	0.116534	0.000035
褉邪蟹写械谢褜薪褘泄	0.000297	0.116534	0.000035
褉邪蟹薪褘泄	0.000297	0.094311	0.000028
褉邪蟹芯褔邪褉芯胁邪褌褜	0.000297	2.995732	0.000889
褉邪褋褋芯谢褜薪懈泻	0.000890	0.040822	0.000036
褉邪褋褋褘谢泻邪	0.000297	0.061875	0.000018
褉邪褋褌懈褌械谢褜薪褘泄	0.001187	0.223144	0.000265
褉械斜褢薪芯泻	0.000297	0.094311	0.000028
褉械谐懈褋褌褉邪褑懈褟	0.000890	0.000000	0.000000
褉械蟹褍谢褜褌邪褌	0.000297	0.820981	0.000244
褉械泄褌懈薪谐	0.000297	0.235722	0.000070
褉械锌褔邪褌褘泄	0.002966	0.430783	0.001278
褉械褑械锌褌	0.029368	0.040822	0.001199
褉械褕懈褌褜褋褟	0.000297	2.407946	0.000714
褉懈褋	0.001483	0.040822	0.000061
褉懈褌屑	0.000297	0.116534	0.000035
褉芯谐邪谢懈泻	0.000297	0.040822	0.000012
褉芯写薪褘泄	0.000297	0.116534	0.000035
褉芯卸写械薪懈械	0.000297	0.105361	0.000031
褉芯卸写械褋褌胁芯	0.000297	0.116534	0.000035
褉芯谢谢	0.000890	0.040822	0.000036
褉芯谢谢褌芯薪	0.000297	0.116534	0.000035
褉芯屑	0.000297	0.040822	0.000012
褉褍斜谢械薪褘泄	0.000297	3.506558	0.001040
褉褍斜褉懈泻邪褌芯褉	0.000297	0.051293	0.000015
褉褍泻邪	0.000297	1.514128	0.000449
褉褍谢械褌	0.003263	0.040822	0.000133
褉褍屑褘薪褋泻懈泄	0.000297	0.116534	0.000035
褉褍屑褟薪褘泄	0.000297	0.116534	0.000035
褉褍薪械褌	0.000297	0.020203	0.000006
褉褍褋褋泻懈泄	0.000297	0.105361	0.000031
褉褘斜邪	0.007713	0.040822	0.000315
褉褘斜薪褘泄	0.002966	0.105361	0.000313
褉褟卸械薪泻邪	0.000297	0.116534	0.000035
褋邪泄褌	0.002077	0.000000	0.000000
褋邪谢邪褌	0.009493	0.040822	0.000388
褋邪谢邪褌薪褘泄	0.000297	0.116534	0.000035
褋邪屑芯谐芯薪	0.000297	0.040822	0.000012
褋邪屑褋邪	0.002077	3.912023	0.008123
褋邪屑褋芯褟	0.000297	4.605170	0.001366
褋邪屑褘泄	0.001187	0.105361	0.000125
褋邪褎	0.000890	0.116534	0.000104
褋邪褎褋械屑邪	0.000297	0.116534	0.000035
褋邪褏邪褉	0.006526	0.105361	0.000688
褋邪褏邪褉薪褘泄	0.001187	1.771957	0.002103
褋斜懈褌械薪褜	0.000297	0.040822	0.000012
褋胁械卸械懈褋锌械褔褢薪薪褘泄	0.000297	4.605170	0.001366
褋胁械卸械褋褌褜	0.000297	0.105361	0.000031
褋胁械泻芯谢褜薪懈泻	0.000593	0.040822	0.000024
褋胁械褉写谢芯胁褋泻懈泄	0.000890	4.605170	0.004098
褋胁械褉褕懈褌褜褋褟	0.000297	3.912023	0.001160
褋胁械褌	0.001187	0.116534	0.000138
褋胁械褌邪	0.001187	0.116534	0.000138
褋胁械褌谢邪薪泻邪	0.000297	3.506558	0.001040
褋胁懈薪懈薪	0.001187	0.116534	0.000138
褋胁懈薪懈薪邪	0.000297	0.040822	0.000012
褋胁褢泻谢邪	0.000297	0.040822	0.000012
褋谐褍褋褌懈褌褜	0.000593	1.966113	0.001166
褋谐褍褖褢薪泻邪	0.000297	0.040822	0.000012
褋械谐芯写薪褟	0.000297	0.843970	0.000250
褋械蟹芯薪	0.000297	0.116534	0.000035
褋械泄	0.000297	2.659260	0.000789
褋械泄褔邪褋	0.000593	0.030459	0.000018
褋械泻褉械褌	0.000593	0.116534	0.000069
褋械谢褢写泻邪	0.000297	0.040822	0.000012
褋械屑械泄薪褘泄	0.000890	0.116534	0.000104
褋械屑褜褟	0.000890	0.116534	0.000104
褋懈写褉	0.000297	0.040822	0.000012
褋懈谢褜薪芯	0.000297	3.218876	0.000955
褋懈谢褜薪褘泄	0.000297	2.659260	0.000789
褋懈褉懈泄褋泻懈泄	0.000297	0.116534	0.000035
褋懈褉芯锌	0.000593	0.040822	0.000024
褋懈褋褌械屑邪	0.000297	0.040822	0.000012
褋懈褌懈	0.000297	0.127833	0.000038
褋泻邪蟹邪褌褜	0.000297	0.400478	0.000119
褋泻邪蟹泻邪	0.000297	0.116534	0.000035
褋泻褍褔邪褌褜	0.000297	3.912023	0.001160
褋谢邪胁邪	0.000297	3.912023	0.001160
褋谢邪写泻懈泄	0.005636	0.040822	0.000230
褋谢邪写泻芯	0.000297	0.116534	0.000035
褋谢懈胁泻邪	0.000593	1.049822	0.000623
褋谢懈胁芯褔薪褘泄	0.003856	0.105361	0.000406
褋谢芯胁芯	0.000297	1.021651	0.000303
褋谢芯械褔泻邪	0.000890	4.605170	0.004098
褋谢芯泄泻邪	0.009789	0.040822	0.000400
褋谢芯泄褔邪褌褘泄	0.000297	4.605170	0.001366
褋谢芯褢薪褘泄	0.007120	0.116534	0.000830
褋屑械褌邪薪邪	0.000297	0.105361	0.000031
褋屑械褕邪薪薪褘泄	0.000297	0.116534	0.000035
褋屑芯褌褉械褌褜褋褟	0.000297	2.659260	0.000789
褋屑芯褔褜	0.000297	0.040822	0.000012
褋屑褍蟹懈	0.000890	0.040822	0.000036
褋薪褝泻	0.000297	0.116534	0.000035
褋芯斜懈褉邪褌褜褋褟	0.000297	0.040822	0.000012
褋芯胁械褉褕械薪薪芯	0.000297	1.171183	0.000347
褋芯胁械褉褕械薪褋褌胁芯	0.001483	0.116534	0.000173
褋芯胁械褌	0.000297	0.040822	0.000012
褋芯谐谢邪褋薪褘泄	0.000297	2.813411	0.000835
褋芯谐谢邪褕邪褌褜褋褟	0.000297	0.040822	0.000012
褋芯写邪	0.000593	0.941609	0.000559
褋芯蟹写邪胁邪褌褜	0.000297	0.105361	0.000031
褋芯蟹写邪薪懈械	0.000890	0.261365	0.000233
褋芯泻	0.001483	0.040822	0.000061
褋芯谢械薪懈械	0.000593	0.116534	0.000069
褋芯谢薪械褔薪褘泄	0.000297	0.116534	0.000035
褋芯谢褜	0.005340	0.127833	0.000683
褋芯谢褟薪泻邪	0.000593	0.040822	0.000024
褋芯谢褢薪褘泄	0.000890	0.116534	0.000104
褋芯褉褌懈褉芯胁邪褌褜	0.000297	0.248461	0.000074
褋芯褋懈褋泻邪	0.000890	2.207275	0.001964
褋芯褋褌邪胁懈褌褜	0.000297	0.116534	0.000035
褋芯褍褋	0.005043	0.040822	0.000206
褋芯褏褉邪薪褟褌褜	0.000297	0.040822	0.000012
褋芯褑褋械褌褜	0.000297	0.040822	0.000012
褋芯褔械褌邪薪懈械	0.000297	0.105361	0.000031
褋芯褔薪褘泄	0.000890	0.116534	0.000104
褋锌邪谢褜薪褟	0.000297	0.415515	0.000123
褋锌邪褋懈斜芯	0.000297	0.673345	0.000200
褋锌械褌褜	0.000297	0.116534	0.000035
褋锌械褑懈邪谢褜薪褘泄	0.000297	0.094311	0.000028
褋锌械褑懈褟	0.001483	0.094311	0.000140
褋锌械褑锌褉芯械泻褌	0.009789	0.116534	0.001141
褋锌懈褉邪谢褜泻邪	0.000297	3.912023	0.001160
褋锌懈褋芯泻	0.000297	0.116534	0.000035
褋褉械写懈蟹械屑薪芯屑芯褉褋泻懈泄	0.000297	0.127833	0.000038
褋褌邪褉褘泄	0.000297	0.261365	0.000078
褋褌邪褌褜褟	0.000297	0.061875	0.000018
褋褌懈谢褜	0.000593	0.116534	0.000069
褋褌芯谢	0.002670	0.105361	0.000281
褋褌褉芯懈褌械谢褜褋褌胁芯	0.000593	0.040822	0.000024
褋褌褉芯懈褌褜	0.000297	0.040822	0.000012
褋褌褉芯泄薪褘泄	0.000297	0.116534	0.000035
褋褌褘写薪芯	0.000297	2.120264	0.000629
褋褍斜锌褉芯写褍泻褌	0.002966	0.116534	0.000346
褋褍锌	0.005933	0.040822	0.000242
褋褍锌械褉	0.000593	2.302585	0.001366
褋褍褎谢械	0.000890	0.040822	0.000036
褋褍褏邪褉褜	0.000890	0.040822	0.000036
褋褍褕懈褌褜	0.000593	0.040822	0.000024
褋褔邪褋褌懈械	0.000297	2.120264	0.000629
褋褘褉	0.004153	0.040822	0.000170
褋褘褉薪懈泻	0.000890	0.040822	0.000036
褋褘褉薪褘泄	0.001187	0.040822	0.000048
褋褘褌薪褘泄	0.000593	0.105361	0.000063
褋褘褔褍卸薪褘泄	0.000297	0.127833	0.000038
褋褝薪写胁懈褔	0.000297	0.127833	0.000038
褋褞褉锌褉懈蟹	0.000297	0.116534	0.000035
褋褢屑谐邪	0.000593	0.040822	0.000024
褌邪写卸懈泻褋泻懈泄	0.000297	0.116534	0.000035
褌邪泄褋泻懈泄	0.000297	0.116534	0.000035
褌邪褉褌	0.000297	0.116534	0.000035
褌邪褉褌邪谢械褌泻邪	0.000593	0.040822	0.000024
褌邪褌邪褉褋泻懈泄	0.000593	0.116534	0.000069
褌胁芯泄	0.000593	0.116534	0.000069
褌胁芯褉懈褌褜	0.000297	0.116534	0.000035
褌胁芯褉芯谐	0.002373	0.040822	0.000097
褌胁芯褉芯卸薪褘泄	0.001780	0.094311	0.000168
褌胁褢褉写褘泄	0.001187	0.544727	0.000646
褌械谢械谐褉邪屑	0.000297	0.040822	0.000012
褌械谢褟褌懈薪邪	0.001187	0.116534	0.000138
褌械锌谢芯	0.000297	0.116534	0.000035
褌械褉褉懈薪邪	0.000297	0.040822	0.000012
褌械褋褌	0.008306	0.105361	0.000875
褌械褋褌芯	0.008009	0.040822	0.000327
褌械褏薪懈泻邪	0.001483	0.105361	0.000156
褌屑	0.001187	0.127833	0.000152
褌芯锌泻邪	0.000297	3.912023	0.001160
褌芯锌谢褢薪褘泄	0.000297	0.116534	0.000035
褌芯褉褌	0.006230	0.040822	0.000254
褌褉邪胁邪	0.000297	0.094311	0.000028
褌褉邪写懈褑懈褟	0.001780	0.116534	0.000207
褌褉褍斜芯褔泻邪	0.000297	0.040822	0.000012
褌褉褍写芯褢屑泻懈泄	0.000297	2.995732	0.000889
褌褉褢褏谢械褌懈械	0.000297	0.116534	0.000035
褌褍薪械褑	0.000297	0.105361	0.000031
褌褍薪懈褋褋泻懈泄	0.000297	0.116534	0.000035
褌褍褉械褑泻懈泄	0.000297	0.116534	0.000035
褌褍褕褢薪泻邪	0.000297	2.995732	0.000889
褌褘泻胁邪	0.000297	0.040822	0.000012
褌褢锌谢褘泄	0.000297	2.302585	0.000683
褌褢褖懈薪	0.000297	0.040822	0.000012
褍胁械写芯屑谢械薪懈械	0.000297	0.040822	0.000012
褍谐芯褖邪褌褜褋褟	0.000890	0.994252	0.000885
褍写邪谢懈褌褜褋褟	0.000297	4.605170	0.001366
褍写邪褔薪褘泄	0.000297	0.116534	0.000035
褍写懈胁懈褌褜	0.000297	0.116534	0.000035
褍写懈胁谢褟褌褜	0.001187	0.116534	0.000138
褍写芯胁芯谢褜褋褌胁懈械	0.000593	0.116534	0.000069
褍卸懈薪	0.002077	0.094311	0.000196
褍蟹斜械泻褋泻懈泄	0.000297	0.116534	0.000035
褍泻褉邪懈薪褋泻懈泄	0.000297	0.116534	0.000035
褍泻褉邪褕械薪懈械	0.002373	0.116534	0.000277
褍泻褋褍褋	0.001187	0.562119	0.000667
褍谢懈褌泻邪	0.000297	3.912023	0.001160
褍锌芯褌褉械斜谢械薪懈械	0.000297	0.116534	0.000035
褍褉邪谢褜褋泻懈泄	0.000297	0.116534	0.000035
褍褉芯卸邪泄	0.000297	0.105361	0.000031
褍褋懈谢懈械	0.000297	2.813411	0.000835
褍褌泻邪	0.000890	0.116534	0.000104
褍褌褉芯	0.000297	2.525729	0.000749
褍褏芯	0.000297	0.040822	0.000012
褍褔邪褋褌胁芯胁邪褌褜	0.000297	0.040822	0.000012
褎邪蟹械薪写邪	0.000297	0.116534	0.000035
褎邪薪褌邪蟹懈褟	0.002670	0.116534	0.000311
褎邪褉褕	0.005933	0.040822	0.000242
褎邪褉褕懈褉芯胁邪薪薪褘泄	0.001780	0.040822	0.000073
褎邪褋芯谢褜	0.000297	0.040822	0.000012
褎械胁褉邪谢褜	0.001483	0.094311	0.000140
褎械泄械褉胁械褉泻	0.000593	0.116534	0.000069
褎懈谐褍褉邪	0.000297	0.116534	0.000035
褎懈谢械	0.000593	0.916291	0.000544
褎懈薪褋泻懈泄	0.000297	0.116534	0.000035
褎懈褉屑械薪薪褘泄	0.000297	0.116534	0.000035
褎芯薪写褞	0.000297	0.040822	0.000012
褎芯褉屑邪	0.000297	0.105361	0.000031
褎芯褉褍屑	0.000593	0.040822	0.000024
褎芯褉褕屑邪泻	0.000297	0.040822	0.000012
褎芯褌芯	0.000297	2.040221	0.000605
褎褉邪薪褑懈褟	0.000297	0.116534	0.000035
褎褉邪薪褑褍蟹褋泻懈泄	0.000297	0.094311	0.000028
褎褉邪褍	0.001187	0.116534	0.000138
褎褉褍泻褌	0.001187	0.116534	0.000138
褎褉褍泻褌芯胁褘泄	0.002373	0.040822	0.000097
褎褍写	0.000297	0.116534	0.000035
褎褍褉褕械褌	0.000297	0.116534	0.000035
褏邪谢胁邪	0.000297	0.040822	0.000012
褏邪褉胁械褋褌褎械褋褌	0.000593	0.116534	0.000069
褏邪褉褔芯	0.000593	0.040822	0.000024
褏邪褕	0.000297	0.040822	0.000012
褏胁邪褌懈褌褜	0.000297	3.912023	0.001160
褏胁芯褉芯褋褌	0.000297	0.040822	0.000012
褏懈薪泻邪谢懈	0.000297	0.116534	0.000035
褏懈褌	0.002077	0.116534	0.000242
褏谢械斜	0.000890	0.040822	0.000036
褏谢械斜薪懈泻芯胁	0.000297	4.605170	0.001366
褏谢械斜芯锌械褔泻邪	0.000297	0.116534	0.000035
褏谢芯锌芯褌褘	0.000297	2.813411	0.000835
褏谢芯锌褜褟	0.000593	0.094311	0.000056
褏芯蟹褟泄泻邪	0.000297	0.116534	0.000035
褏芯谢芯写械褑	0.000297	0.040822	0.000012
褏芯谢芯写薪芯械	0.000593	0.116534	0.000069
褏芯谢芯写薪褘泄	0.000593	0.116534	0.000069
褏芯褉胁邪褌褋泻懈泄	0.000297	0.116534	0.000035
褏芯褉芯褕懈泄	0.001483	0.040822	0.000061
褏芯褉芯褕芯	0.001780	0.105361	0.000188
褏芯褉褋	0.000297	0.116534	0.000035
褏芯褌械褌褜	0.000890	0.000000	0.000000
褏褉褍褋褌械褌褜	0.000890	0.713350	0.000635
褏褍屑褍褋邪	0.000297	0.040822	0.000012
褑邪褉褋褌胁芯	0.000297	0.127833	0.000038
褑邪褉褜	0.000297	0.116534	0.000035
褑胁械褌薪芯泄	0.000297	0.040822	0.000012
褑械薪薪褘泄	0.000297	0.040822	0.000012
褑械薪褌褉	0.000297	0.116534	0.000035
褔邪械屑褘泄	0.000297	0.116534	0.000035
褔邪泄	0.000890	0.040822	0.000036
褔邪褕械褔泻邪	0.000297	2.659260	0.000789
褔械斜褍褉械泻	0.000593	0.040822	0.000024
褔械褉泻懈蟹芯胁褘泄	0.000593	0.116534	0.000069
褔械褉薪懈泻邪	0.000593	4.605170	0.002732
褔械褋薪芯泻	0.001187	0.314711	0.000373
褔械褋褌薪芯泄	0.000297	0.040822	0.000012
褔械褔械胁懈褑邪	0.000297	0.040822	0.000012
褔械褕褋泻懈泄	0.000297	0.116534	0.000035
褔懈蟹泻械泄泻	0.001187	0.040822	0.000048
褔懈谢懈泄褋泻懈泄	0.000297	0.116534	0.000035
褔懈锌褋褘	0.000297	0.040822	0.000012
褔懈褋谢芯	0.000297	0.235722	0.000070
褔褍写芯	0.000297	0.116534	0.000035
褔褢褉薪褘泄	0.002373	0.356675	0.000846
褕邪褉懈泻	0.000297	0.040822	0.000012
褕邪褉谢芯褌泻邪	0.000593	0.040822	0.000024
褕邪褉屑	0.000297	0.116534	0.000035
褕邪褕谢褘泻	0.004450	0.040822	0.000182
褕胁械写褋泻懈泄	0.000297	0.116534	0.000035
褕胁械泄褑邪褉褋泻懈泄	0.000297	0.116534	0.000035
褕械写械胁褉	0.000297	0.116534	0.000035
褕械褎	0.000297	0.127833	0.000038
褕懈锌褍褔泻邪	0.000297	0.040822	0.000012
褕懈褉芯泻懈泄	0.000297	0.127833	0.000038
褕泻芯谢邪	0.000297	0.116534	0.000035
褕芯泻芯谢邪写	0.000297	0.040822	0.000012
褕芯褌谢邪薪写褋泻懈泄	0.000297	0.116534	0.000035
褕褌褉褍写械谢褜	0.000297	0.040822	0.000012
褕褍褉锌邪	0.000297	0.040822	0.000012
褖械写褉褘泄	0.000297	0.116534	0.000035
褖懈	0.000593	0.040822	0.000024
褝泻芯屑懈谢泻	0.000297	0.127833	0.000038
褝褋褌芯薪褋泻懈泄	0.000297	0.116534	0.000035
褞谐芯褋谢邪胁褋泻懈泄	0.000297	0.116534	0.000035
褟谐芯写薪褘泄	0.001187	0.105361	0.000125
褟蟹褘泻	0.000297	0.040822	0.000012
褟懈褔薪褘泄	0.003560	0.941609	0.003352
褟泄褑芯	0.008009	0.040822	0.000327
褟谢芯褉懈褋邪	0.000297	1.771957	0.000526
褟薪胁邪褉褜	0.000593	0.733969	0.000435
褟薪写械泻褋	0.000297	0.072571	0.000022
褟锌芯薪褋泻懈泄	0.000593	0.051293	0.000030
褟褉泻懈泄	0.000297	0.116534	0.000035
褟褉泻芯	0.000297	0.105361	0.000031
