谢械屑屑邪	TF	IDF	TF-IDF
邪斜褏邪蟹褋泻懈泄	0.000261	0.116534	0.000030
邪胁褋褌褉邪谢懈泄褋泻懈泄	0.000522	0.116534	0.000061
邪胁褋褌褉懈泄褋泻懈泄	0.000261	0.116534	0.000030
邪胁褌芯泻谢邪胁	0.000261	0.116534	0.000030
邪胁褌芯褉	0.000261	0.040822	0.000011
邪谐褉芯	0.000261	0.116534	0.000030
邪写卸懈泻邪	0.000261	0.040822	0.000011
邪蟹	0.000261	0.127833	0.000033
邪蟹械褉斜邪泄写卸邪薪褋泻懈泄	0.000261	0.116534	0.000030
邪蟹懈邪褌褋泻懈泄	0.000261	0.127833	0.000033
邪泄褉邪薪	0.000261	0.040822	0.000011
邪泻胁邪褌懈泻	0.000783	0.127833	0.000100
邪谢械泻褋邪薪写褉	0.000261	2.995732	0.000782
邪谢械泻褋械泄	0.000261	0.127833	0.000033
邪谢泻芯谐芯谢褜	0.000783	0.116534	0.000091
邪谢泻芯谐芯谢褜薪褘泄	0.000261	0.116534	0.000030
邪谢褍褕褌邪	0.000261	4.605170	0.001202
邪谢褜褟薪褋	0.000261	0.116534	0.000030
邪屑械褉懈泻邪薪褋泻懈泄	0.001044	0.116534	0.000122
邪薪谐谢懈泄褋泻懈泄	0.000261	0.116534	0.000030
邪薪谐褍褋	0.000783	4.605170	0.003605
邪薪写褉械泄	0.000261	0.127833	0.000033
邪锌锌械褌懈褌	0.000261	2.302585	0.000601
邪锌褉械谢褜	0.001044	0.544727	0.000569
邪褉邪斜褋泻懈泄	0.000261	0.116534	0.000030
邪褉谐械薪褌懈薪褋泻懈泄	0.000261	0.116534	0.000030
邪褉屑褟薪褋泻懈泄	0.000261	0.116534	0.000030
邪褉芯屑邪褌薪褘泄	0.000261	0.693147	0.000181
邪褋褋芯褉褌懈	0.000522	0.116534	0.000061
邪褋褋芯褑懈邪褑懈褟	0.000261	4.605170	0.001202
邪褋褋芯褑懈懈褉芯胁邪褌褜褋褟	0.000261	3.912023	0.001021
邪褌谢邪薪褌	0.000261	0.116534	0.000030
邪褌屑芯褋褎械褉邪	0.000261	2.813411	0.000734
邪褎谐邪薪褋泻懈泄	0.000261	0.116534	0.000030
邪褎褉懈泻邪薪褋泻懈泄	0.000261	0.116534	0.000030
邪褝褉芯谐褉懈谢褜	0.002610	0.116534	0.000304
斜邪斜褍褕泻邪	0.000522	2.207275	0.001152
斜邪泄泻邪	0.000261	3.912023	0.001021
斜邪泻谢邪卸邪薪	0.000261	0.040822	0.000011
斜邪谢邪泻谢邪胁邪	0.000261	4.605170	0.001202
斜邪谢褌泻芯屑邪	0.000261	0.127833	0.000033
斜邪薪邪薪	0.000522	3.218876	0.001680
斜邪薪邪薪芯胁褘泄	0.000261	3.218876	0.000840
斜邪褉邪薪懈薪邪	0.001044	0.116534	0.000122
斜邪褋屑邪褌懈	0.000522	0.127833	0.000067
斜邪褋褌褍褉屑	0.000261	0.040822	0.000011
斜邪褋褌褍褉屑邪	0.000261	0.040822	0.000011
斜邪褌芯薪褔懈泻	0.000261	0.127833	0.000033
斜邪褕泻懈褉褋泻懈泄	0.000261	0.116534	0.000030
斜械蟹邪谢泻芯谐芯谢褜薪褘泄	0.000261	0.116534	0.000030
斜械蟹谐谢褞褌械薪芯胁芯械	0.000261	0.116534	0.000030
斜械蟹械	0.001044	0.040822	0.000043
斜械蟹蟹邪斜芯褌薪褘泄	0.000261	4.605170	0.001202
斜械蟹褍屑薪芯	0.000522	1.560648	0.000815
斜械谢械斜械械胁褋泻懈泄	0.000522	0.116534	0.000061
斜械谢芯褉褍褋褋泻懈泄	0.000261	0.116534	0.000030
斜械谢芯褑械褉泻芯胁褋泻懈泄	0.000261	3.912023	0.001021
斜械谢褘泄	0.000522	1.237874	0.000646
斜械谢褜谐懈泄褋泻懈泄	0.000261	0.116534	0.000030
斜械褉械屑械薪薪邪褟	0.000261	0.116534	0.000030
斜械褉薪械褋	0.000261	4.605170	0.001202
斜械褋械写懈薪	0.000261	0.127833	0.000033
斜懈薪写褞卸薪懈泻	0.000261	4.605170	0.001202
斜懈褋泻胁懈褌	0.001305	0.040822	0.000053
斜懈褋泻胁懈褌薪褘泄	0.001566	0.105361	0.000165
斜谢邪谐芯写邪褉薪芯褋褌褜	0.000261	2.659260	0.000694
斜谢邪褌薪芯泄	0.000522	4.605170	0.002404
斜谢懈蟹泻懈泄	0.000783	0.116534	0.000091
斜谢懈薪	0.001566	0.040822	0.000064
斜谢褞写芯	0.029489	0.040822	0.001204
斜芯斜芯胁褘泄	0.002088	0.116534	0.000243
斜芯谢谐邪褉褋泻懈泄	0.000783	0.116534	0.000091
斜芯谢褜褕懈泄	0.000261	2.040221	0.000532
斜芯谢褜褕芯泄	0.001044	0.094311	0.000098
斜芯褉褖	0.000522	0.040822	0.000021
斜芯褌胁懈薪褜褟	0.000261	0.040822	0.000011
斜褉邪蟹懈谢褜褋泻懈泄	0.000261	0.116534	0.000030
斜褉邪褌	0.000261	2.813411	0.000734
斜褉邪褍蟹械褉	0.000261	0.040822	0.000011
斜褉邪褍薪懈	0.000261	0.040822	0.000011
斜褉械褋褌	0.000261	0.127833	0.000033
斜褉芯泻泻芯谢懈	0.000261	0.040822	0.000011
斜褍卸械薪懈薪邪	0.000261	0.040822	0.000011
斜褍谢芯褔泻邪	0.001044	0.040822	0.000043
斜褍谢褜芯薪	0.002871	0.040822	0.000117
斜褍褉谐械褉	0.000522	0.040822	0.000021
斜褍褉褟褌褋泻懈泄	0.000261	0.116534	0.000030
斜褍褌械褉斜褉芯写	0.001044	0.040822	0.000043
斜褘褋褌褉芯	0.001305	0.094311	0.000123
斜褘褋褌褉褘泄	0.000783	0.094311	0.000074
胁邪卸薪褘泄	0.000261	0.116534	0.000030
胁邪谢谢懈泄褋泻懈泄	0.000261	0.116534	0.000030
胁邪薪懈谢褜	0.000522	2.813411	0.001468
胁邪薪懈谢褜薪褘泄	0.001044	1.347074	0.001406
胁邪褉械薪懈械	0.001044	0.040822	0.000043
胁邪褉械薪懈泻	0.000261	0.116534	0.000030
胁邪褉懈邪薪褌	0.000522	0.356675	0.000186
胁邪褌褉褍褕泻邪	0.000261	0.040822	0.000011
胁邪褎谢褟	0.000522	0.040822	0.000021
胁邪褕	0.000783	0.000000	0.000000
胁胁芯写懈褌褜	0.000261	0.040822	0.000011
胁写芯褏薪芯胁械薪懈械	0.001566	0.116534	0.000182
胁写芯褏薪芯胁谢褟褌褜褋褟	0.000261	0.116534	0.000030
胁写褉褍谐	0.000261	2.407946	0.000628
胁械谐械褌邪褉懈邪薪褋泻懈泄	0.000522	0.116534	0.000061
胁械写褉芯	0.000261	4.605170	0.001202
胁械谢懈泻懈泄	0.000261	0.116534	0.000030
胁械谢懈泻芯谢械锌薪芯	0.000261	3.506558	0.000915
胁械薪谐械褉褋泻懈泄	0.000261	0.116534	0.000030
胁械褉屑懈褕械谢褜	0.000522	3.912023	0.002042
胁械褋械薪薪懈泄	0.000261	0.051293	0.000013
胁械褋薪邪	0.001566	0.116534	0.000182
胁械褌褔懈薪邪	0.000261	0.094311	0.000025
胁懈写	0.000261	0.776529	0.000203
胁懈写械芯	0.000522	0.116534	0.000061
胁懈写械芯褉械褑械锌褌	0.000261	0.301105	0.000079
胁懈薪芯	0.000522	0.040822	0.000021
胁懈褕薪褟	0.000261	1.832581	0.000478
胁泻谢褞褔邪褌褜	0.000261	0.634878	0.000166
胁泻褍褋	0.004436	0.105361	0.000467
胁泻褍褋薪芯	0.001827	0.094311	0.000172
胁泻褍褋薪芯褋褌褜	0.000261	3.218876	0.000840
胁泻褍褋薪褘泄	0.003392	0.061875	0.000210
胁谢邪卸薪褘泄	0.000783	3.506558	0.002745
胁谢褞斜懈褌褜	0.000261	0.116534	0.000030
胁屑械褋褌芯	0.000261	2.407946	0.000628
胁薪邪褔邪谢械	0.001044	0.248461	0.000259
胁芯写邪	0.002610	0.094311	0.000246
胁芯泄褌懈	0.000261	0.000000	0.000000
胁芯谢芯胁邪薪	0.000261	0.116534	0.000030
胁芯谢褕械斜薪褘泄	0.000261	0.116534	0.000030
胁芯谢褕械斜褋褌胁芯	0.000261	0.116534	0.000030
胁芯锌褉芯褋	0.000522	0.000000	0.000000
胁芯褋锌芯屑懈薪邪薪懈械	0.000261	2.302585	0.000601
胁芯褋褌芯褉谐	0.000522	1.309333	0.000683
胁芯褋褌芯褔薪褘泄	0.000261	0.127833	0.000033
胁芯褋褏芯写	0.000261	4.605170	0.001202
胁锌械褔邪褌谢械薪懈械	0.000522	2.407946	0.001257
胁锌芯谢薪械	0.000261	2.813411	0.000734
胁褉械屑褟	0.002088	0.105361	0.000220
胁褋械谐写邪	0.000783	0.653926	0.000512
胁褋锌芯屑薪懈褌褜	0.000261	0.040822	0.000011
胁褌芯褉芯械	0.000261	0.116534	0.000030
胁褌芯褉芯泄	0.000261	0.116534	0.000030
胁褏芯写	0.000783	0.030459	0.000024
胁褘泄褌懈	0.000261	0.040822	0.000011
胁褘锌械褔泻邪	0.005480	0.040822	0.000224
胁褘褉邪卸械薪薪褘泄	0.000261	3.506558	0.000915
胁褘褉褍褔邪谢芯褔泻邪	0.000261	1.560648	0.000407
胁褘褉褍褔懈褌褜	0.000261	3.218876	0.000840
胁褜械褌薪邪屑褋泻懈泄	0.000261	0.116534	0.000030
谐邪胁邪泄褋泻懈泄	0.000261	0.116534	0.000030
谐邪蟹	0.000261	3.912023	0.001021
谐邪蟹芯胁褘泄	0.000261	3.912023	0.001021
谐邪屑屑邪	0.000522	3.912023	0.002042
谐邪褉邪卸	0.000261	1.078810	0.000282
谐邪褉薪懈褉	0.001566	0.040822	0.000064
谐邪褋锌邪褔芯	0.000261	0.040822	0.000011
谐邪褋褌褉芯薪芯屑	0.000261	3.506558	0.000915
谐胁芯蟹写懈泻	0.000522	2.302585	0.001202
谐械芯谐褉邪褎懈褟	0.000261	0.116534	0.000030
谐懈褌邪褉邪	0.000261	4.605170	0.001202
谐懈褌邪褉薪褘泄	0.000261	4.605170	0.001202
谐谢邪胁薪芯械	0.000261	1.139434	0.000297
谐谢邪胁薪褘泄	0.000261	0.040822	0.000011
谐谢邪蟹褍褉褜	0.000783	0.040822	0.000032
谐谢懈薪褌胁械泄薪	0.000261	0.040822	0.000011
谐芯	0.000261	3.506558	0.000915
谐芯胁芯褉懈褌褜	0.001305	1.272966	0.001661
谐芯胁褟写懈薪邪	0.001305	0.116534	0.000152
谐芯写	0.006263	0.083382	0.000522
谐芯谢谢邪薪写褋泻懈泄	0.000261	0.116534	0.000030
谐芯谢芯胁邪	0.000261	2.659260	0.000694
谐芯褉芯写	0.000261	0.116534	0.000030
谐芯褉芯褏	0.000261	0.116534	0.000030
谐芯褉褔懈褑邪	0.000783	0.040822	0.000032
谐芯褉褕芯褔械泻	0.000522	0.040822	0.000021
谐芯褉褟褔械械	0.000783	0.116534	0.000091
谐芯褉褟褔懈泄	0.011743	0.105361	0.001237
谐芯褋褌褜	0.000783	0.116534	0.000091
谐芯褌芯胁懈褌褜	0.003914	0.083382	0.000326
谐芯褌芯胁懈褌褜褋褟	0.001566	0.371064	0.000581
谐褉械薪泻邪	0.000522	0.040822	0.000021
谐褉械褔械褋泻懈泄	0.000261	0.116534	0.000030
谐褉械褔泻邪	0.000261	0.040822	0.000011
谐褉械褔薪械胁褘泄	0.000783	3.506558	0.002745
谐褉懈斜	0.003653	0.040822	0.000149
谐褉懈斜薪芯泄	0.000522	0.040822	0.000021
谐褉懈谢褜	0.002610	0.105361	0.000275
谐褉懈谢褜屑邪薪懈褟	0.000261	0.116534	0.000030
谐褉芯谐	0.000261	0.040822	0.000011
谐褉芯屑泻懈泄	0.000261	3.912023	0.001021
谐褉芯屑泻芯	0.000783	4.605170	0.003605
谐褉褍蟹懈薪褋泻懈泄	0.000261	0.116534	0.000030
谐褉褍锌锌邪	0.000522	0.061875	0.000032
谐褍褉屑	0.000261	0.127833	0.000033
谐褍褉屑邪薪懈褟	0.001566	0.116534	0.000182
谐褍褋褜	0.000522	0.105361	0.000055
写邪胁邪褌褜	0.000261	0.040822	0.000011
写邪薪薪褘械	0.000261	0.040822	0.000011
写邪薪薪褘泄	0.000261	1.660731	0.000433
写邪褉	0.000261	0.116534	0.000030
写邪褌邪	0.000522	0.248461	0.000130
写邪褌褋泻懈泄	0.000261	0.116534	0.000030
写邪褌褜	0.000261	0.040822	0.000011
写邪褔薪褘泄	0.000783	0.116534	0.000091
写胁邪	0.000261	0.967584	0.000253
写械斜芯褕懈褉	0.000261	4.605170	0.001202
写械胁芯褔泻邪	0.000261	1.171183	0.000306
写械泻邪斜褉褜	0.000261	0.597837	0.000156
写械泻芯褉	0.000261	0.127833	0.000033
写械谢邪褌褜	0.000783	0.083382	0.000065
写械谢懈褌褜褋褟	0.000522	0.040822	0.000021
写械谢芯	0.000261	0.105361	0.000027
写械薪褜	0.003132	0.040822	0.000128
写械褋械褉褌	0.007046	0.040822	0.000288
写械褋械褉褌邪褑懈褟	0.000261	0.116534	0.000030
写械褋械褉褌薪褘泄	0.000522	0.116534	0.000061
写械褌褋泻懈泄	0.000261	2.525729	0.000659
写械褌褋褌胁芯	0.000261	1.897120	0.000495
写卸械屑	0.000261	0.040822	0.000011
写卸械屑邪	0.000261	0.040822	0.000011
写蟹械薪	0.000261	0.116534	0.000030
写懈械褌邪	0.000522	0.094311	0.000049
写懈泻懈泄	0.000783	0.116534	0.000091
写懈锌	0.000261	0.116534	0.000030
写懈褔褜	0.000783	0.116534	0.000091
写薪械胁薪懈泻	0.000261	0.061875	0.000016
写芯斜邪胁懈褌褜	0.000261	0.083382	0.000022
写芯斜邪胁谢械薪懈械	0.000261	0.223144	0.000058
写芯斜邪胁谢褟褌褜	0.000261	0.040822	0.000011
写芯斜褉芯	0.000261	3.218876	0.000840
写芯斜褉芯褎谢芯褌	0.000261	0.127833	0.000033
写芯斜褉褘泄	0.000261	2.659260	0.000694
写芯胁械褉褟褌褜	0.000261	0.116534	0.000030
写芯胁芯谢褜薪芯	0.000261	1.609438	0.000420
写芯胁芯谢褜薪褘泄	0.000522	1.897120	0.000990
写芯卸懈褌褜	0.000261	4.605170	0.001202
写芯谢谐芯	0.000261	1.514128	0.000395
写芯谢卸薪褘泄	0.000261	1.078810	0.000282
写芯屑	0.002610	0.040822	0.000107
写芯屑邪褕薪懈泄	0.003392	0.040822	0.000138
写芯锌芯谢薪械薪懈械	0.000261	2.302585	0.000601
写芯褉芯谐邪	0.000261	2.659260	0.000694
写芯褉芯谐芯泄	0.000261	1.139434	0.000297
写褉邪泄胁	0.001305	0.127833	0.000167
写褉芯卸卸械胁芯泄	0.000261	0.116534	0.000030
写褉褍谐	0.000261	0.544727	0.000142
写褉褍卸薪芯	0.000261	4.605170	0.001202
写褍屑邪褌褜	0.000261	0.634878	0.000166
写褍褏芯胁泻邪	0.001044	0.105361	0.000110
写褍褕邪	0.000783	0.105361	0.000082
械胁褉械泄褋泻懈泄	0.000261	0.116534	0.000030
械谐懈锌械褌褋泻懈泄	0.000261	0.116534	0.000030
械写懈薪芯谐谢邪褋薪芯	0.000261	3.912023	0.001021
械写懈薪褘泄	0.000261	0.000000	0.000000
械泻芯	0.000261	0.127833	0.000033
卸邪薪褉	0.000261	4.605170	0.001202
卸邪褉泻芯械	0.000261	0.040822	0.000011
卸械谢邪褌懈薪邪	0.001566	1.427116	0.002235
卸械谢械	0.000783	0.040822	0.000032
卸械薪褋泻懈泄	0.000522	0.020203	0.000011
卸械薪褖懈薪邪	0.000522	0.061875	0.000032
卸械褉芯屑	0.000261	4.605170	0.001202
卸懈蟹薪褜	0.000522	0.040822	0.000021
卸褍谢褜械薪	0.000261	0.040822	0.000011
卸褍褉薪邪谢	0.000261	0.072571	0.000019
卸褞谢褜械薪	0.000261	0.040822	0.000011
卸褞谢褜薪褘泄	0.000261	0.040822	0.000011
卸褢褋褌泻懈泄	0.000261	3.912023	0.001021
蟹邪胁邪褉薪芯泄	0.000522	0.116534	0.000061
蟹邪胁褌褉邪泻	0.002088	0.094311	0.000197
蟹邪谐芯褌芯胁泻邪	0.001044	0.040822	0.000043
蟹邪写邪胁邪褌褜	0.000261	0.040822	0.000011
蟹邪泻胁邪褋泻邪	0.000783	0.040822	0.000032
蟹邪泻褉褘褌褘泄	0.000261	0.116534	0.000030
蟹邪泻褍褋泻邪	0.006524	0.040822	0.000266
蟹邪泻褍褋芯薪褔懈泻	0.000261	0.116534	0.000030
蟹邪泻褍褋芯褔泻邪	0.000261	0.116534	0.000030
蟹邪泻褍褋芯褔薪邪褟	0.002610	0.116534	0.000304
蟹邪谢懈胁薪芯械	0.000522	0.040822	0.000021
蟹邪谢懈胁薪褘泄	0.000261	3.218876	0.000840
蟹邪屑芯褉芯蟹泻邪	0.000261	0.105361	0.000027
蟹邪芯写薪芯	0.000261	3.506558	0.000915
蟹邪芯褔薪褘泄	0.000261	4.605170	0.001202
蟹邪锌邪写	0.000261	0.116534	0.000030
蟹邪锌械泻邪薪泻邪	0.002871	0.040822	0.000117
蟹邪锌械褔褜	0.000261	0.916291	0.000239
蟹邪锌芯屑懈薪邪褌褜褋褟	0.000261	3.912023	0.001021
蟹邪锌褉邪胁泻邪	0.000522	0.040822	0.000021
蟹邪褉械谐懈褋褌褉懈褉芯胁邪褌褜褋褟	0.000522	0.030459	0.000016
蟹邪褋芯谢泻邪	0.000261	0.116534	0.000030
蟹邪褏芯写懈褌褜	0.000261	0.733969	0.000192
蟹邪褏芯褌械褌褜褋褟	0.000261	2.207275	0.000576
蟹邪褟胁懈褌褜	0.000522	4.605170	0.002404
蟹邪褟褑	0.000783	0.116534	0.000091
蟹胁邪薪褘泄	0.000261	0.127833	0.000033
蟹胁械蟹写邪	0.000261	0.116534	0.000030
蟹胁褍褔邪褌褜	0.000261	2.659260	0.000694
蟹胁褢蟹写薪褘泄	0.000261	0.116534	0.000030
蟹写芯褉芯胁褘泄	0.000522	0.116534	0.000061
蟹械谢械薪褜	0.000783	0.094311	0.000074
蟹械褎懈褉	0.000261	0.040822	0.000011
蟹懈屑邪	0.001044	0.040822	0.000043
蟹懈屑薪懈泄	0.000261	0.051293	0.000013
蟹薪邪泻芯屑褘泄	0.000261	1.272966	0.000332
蟹薪邪屑械薪懈褌褘泄	0.000261	2.659260	0.000694
蟹薪邪褔械薪懈械	0.000261	4.605170	0.001202
蟹芯谢芯褌芯泄	0.000261	0.116534	0.000030
懈胁邪薪芯胁	0.000261	0.127833	0.000033
懈谐褉邪褌褜	0.000261	2.659260	0.000694
懈写械邪谢褜薪褘泄	0.001827	0.116534	0.000213
懈写械泄泻邪	0.000261	0.116534	0.000030
懈写芯谢	0.000261	4.605170	0.001202
懈蟹胁械褋褌薪芯	0.000261	2.525729	0.000659
懈蟹胁械褋褌薪褘泄	0.000261	1.049822	0.000274
懈蟹写械谢懈械	0.002088	0.116534	0.000243
懈蟹屑械薪械薪懈械	0.000261	2.302585	0.000601
懈蟹薪邪褔邪谢褜薪芯	0.000261	3.912023	0.001021
懈蟹褍屑懈褌械谢褜薪褘泄	0.000522	1.714798	0.000895
懈蟹褘褋泻邪薪薪褘泄	0.000261	2.813411	0.000734
懈泻褉邪	0.000783	0.040822	0.000032
懈屑械薪懈薪薪懈泻	0.000522	4.605170	0.002404
懈屑械褌褜	0.000261	1.171183	0.000306
懈屑褟	0.000261	0.030459	0.000008
懈薪胁械褉褌芯褉薪褘泄	0.000261	0.127833	0.000033
懈薪谐褉械写懈械薪褌	0.007829	0.139262	0.001090
懈薪写械泄泻邪	0.002349	0.094311	0.000222
懈薪写懈泄褋泻懈泄	0.000261	0.116534	0.000030
懈薪写懈谢邪泄褌邪	0.000783	0.116534	0.000091
懈薪写懈褉械褋薪褘泄	0.000261	0.116534	0.000030
懈薪褋褌褉褍泻褑懈褟	0.000261	0.030459	0.000008
懈薪褌械褉械褋薪芯	0.000261	1.660731	0.000433
懈褉邪泻褋泻懈泄	0.000261	0.116534	0.000030
懈褉邪薪褋泻懈泄	0.000261	0.116534	0.000030
懈褉谢邪薪写褋泻懈泄	0.000261	0.116534	0.000030
懈褉芯褔泻懈	0.000261	4.605170	0.001202
懈褋泻褉械薪薪械	0.000261	0.116534	0.000030
懈褋谢邪薪写褋泻懈泄	0.000261	0.116534	0.000030
懈褋锌邪薪褋泻懈泄	0.000261	0.116534	0.000030
懈褋锌械褔褜	0.000261	0.105361	0.000027
懈褋锌芯谢褜蟹芯胁邪褌褜	0.000783	1.171183	0.000917
懈褋褌芯褉懈褟	0.001566	0.116534	0.000182
懈褌邪泻	0.000261	1.609438	0.000420
懈褌邪谢懈褟	0.000522	0.105361	0.000055
懈褌邪谢褜褟薪褋泻	0.000261	3.218876	0.000840
懈褌邪谢褜褟薪褋泻懈泄	0.000261	0.105361	0.000027
懈褞薪褜	0.000261	0.562119	0.000147
泄芯谐褍褉褌	0.000783	0.040822	0.000032
泻邪斜邪褔芯泻	0.000261	0.040822	0.000011
泻邪胁泻邪蟹褋泻懈泄	0.000261	0.116534	0.000030
泻邪蟹邪薪	0.000261	0.116534	0.000030
泻邪蟹邪褏褋泻懈泄	0.000261	0.116534	0.000030
泻邪泻邪芯	0.002088	0.040822	0.000085
泻邪谢械泄写芯褋泻芯锌	0.001044	0.116534	0.000122
泻邪谢屑褘褑泻懈泄	0.000261	0.116534	0.000030
泻邪谢褜屑邪褉	0.000261	0.040822	0.000011
泻邪屑械褉邪	0.000261	0.116534	0.000030
泻邪薪邪写褋泻懈泄	0.000261	0.116534	0.000030
泻邪薪邪谢	0.000783	0.040822	0.000032
泻邪薪邪锌械	0.000522	0.040822	0.000021
泻邪锌褍褋褌邪	0.000783	0.040822	0.000032
泻邪锌褍褋褌薪褟泻	0.000261	0.040822	0.000011
泻邪褉邪屑械谢褜	0.000783	0.040822	0.000032
泻邪褉邪屑械谢褜薪褘泄	0.000261	2.995732	0.000782
泻邪褉泻邪褋薪褘泄	0.001044	0.116534	0.000122
泻邪褉褌芯褎械谢褜	0.000783	0.040822	0.000032
泻邪褉褌芯褎械谢褜薪褘泄	0.000783	0.040822	0.000032
泻邪褉褌芯褕泻邪	0.000522	0.040822	0.000021
泻邪褌械谐芯褉懈褟	0.004175	0.116534	0.000487
泻邪褔械褋褌胁芯	0.000261	0.105361	0.000027
泻邪褕邪	0.002088	0.040822	0.000085
泻胁邪褋	0.001044	0.040822	0.000043
泻胁邪褋薪芯泄	0.000783	0.116534	0.000091
泻械泄泻	0.000261	4.605170	0.001202
泻械泻褋	0.000783	0.040822	0.000032
泻械褎邪谢褜	0.001044	4.605170	0.004807
泻械褎邪谢褜泻	0.000261	4.605170	0.001202
泻械褎懈褉	0.000522	0.040822	0.000021
泻懈屑褔邪褌褜	0.000261	0.040822	0.000011
泻懈薪芯邪	0.000522	0.127833	0.000067
泻懈薪芯谢械薪褌邪	0.000261	0.116534	0.000030
泻懈锌褟褌芯泻	0.000522	3.218876	0.001680
泻懈褋械谢褜	0.000522	0.040822	0.000021
泻懈褌邪泄褋泻懈泄	0.000261	0.116534	0.000030
泻谢邪褋褋	0.002349	0.116534	0.000274
泻谢褍斜薪懈泻邪	0.000522	3.912023	0.002042
泻谢褍斜薪懈褔薪褘泄	0.000522	4.605170	0.002404
泻薪懈谐邪	0.001044	0.040822	0.000043
泻芯泻褌械泄谢褜	0.001566	0.040822	0.000064
泻芯谢斜邪褋邪	0.000261	0.040822	0.000011
泻芯谢斜邪褋薪褘泄	0.000783	0.116534	0.000091
泻芯谢谢械泻褌懈胁	0.000261	4.605170	0.001202
泻芯屑邪薪写邪	0.000522	0.127833	0.000067
泻芯屑懈	0.000261	0.116534	0.000030
泻芯屑屑械薪褌邪褉懈泄	0.000261	0.127833	0.000033
泻芯屑锌邪薪懈褟	0.000261	0.105361	0.000027
泻芯屑锌芯褌	0.001305	0.040822	0.000053
泻芯屑锌褉芯屑懈褋	0.000261	4.605170	0.001202
泻芯薪懈薪邪	0.000261	0.116534	0.000030
泻芯薪泻褍褉褋	0.056628	0.040822	0.002312
泻芯薪泻褍褉褋薪褘泄	0.000261	0.127833	0.000033
泻芯薪褋械褉胁懈褉芯胁邪薪懈械	0.000261	0.040822	0.000011
泻芯薪褋械褉胁懈褉芯胁邪薪薪褘泄	0.001305	0.116534	0.000152
泻芯薪褋械褉胁褘	0.000522	2.813411	0.001468
泻芯薪褋懈褋褌械薪褑懈褟	0.000261	2.525729	0.000659
泻芯薪褎械褌邪	0.000783	0.040822	0.000032
泻芯薪褎械褌褌懈	0.000261	0.116534	0.000030
泻芯薪褎懈写械薪褑懈邪谢褜薪芯褋褌褜	0.000261	0.040822	0.000011
泻芯薪褎懈褌褞褉	0.000783	0.040822	0.000032
泻芯薪褜褟泻	0.001566	2.207275	0.003456
泻芯锌褔褢薪芯褋褌褜	0.000261	0.116534	0.000030
泻芯褉械泄褋泻懈	0.000261	0.040822	0.000011
泻芯褉械泄褋泻懈泄	0.000261	0.105361	0.000027
泻芯褉卸	0.000522	2.120264	0.001107
泻芯褉卸懈泻	0.000261	0.040822	0.000011
泻芯褉蟹懈薪泻邪	0.000261	3.912023	0.001021
泻芯褉蟹懈薪芯褔泻邪	0.000261	4.605170	0.001202
泻芯褉懈褑邪	0.000522	1.347074	0.000703
泻芯褉屑懈褌褜	0.000261	0.116534	0.000030
泻芯褉薪械胁芯泄	0.000522	2.995732	0.001564
泻芯褉芯褌泻懈泄	0.000261	3.506558	0.000915
泻芯褉芯褔械	0.000783	2.995732	0.002345
泻芯褋褌褞屑	0.000261	4.605170	0.001202
泻芯褌械谢褜薪邪褟	0.000261	3.912023	0.001021
泻芯褌谢械褌邪	0.000261	0.040822	0.000011
泻芯褎械	0.000783	0.040822	0.000032
泻褉邪褋懈胁褘泄	0.000261	0.843970	0.000220
泻褉邪褋泻邪	0.000261	0.116534	0.000030
泻褉邪褋薪褘泄	0.001044	0.941609	0.000983
泻褉邪褋芯褔薪褘泄	0.000261	3.912023	0.001021
泻褉械邪褌懈胁	0.000261	0.127833	0.000033
泻褉械屑	0.010438	0.040822	0.000426
泻褉械锌泻懈泄	0.000261	0.116534	0.000030
泻褉芯谢懈泻	0.000522	0.116534	0.000061
泻褉芯屑械	0.000522	0.061875	0.000032
泻褉芯褏邪	0.000261	0.116534	0.000030
泻褉褍谐	0.000522	0.116534	0.000061
泻褉褍锌	0.001566	0.105361	0.000165
泻褉褍锌邪	0.002871	0.116534	0.000335
泻褉褍锌褟薪芯泄	0.000261	0.116534	0.000030
泻褉褘屑	0.000261	2.302585	0.000601
泻褍斜懈薪褋泻懈泄	0.000261	0.116534	0.000030
泻褍谢械褕	0.000261	0.040822	0.000011
泻褍谢懈薪邪褉懈褟	0.000783	0.094311	0.000074
泻褍谢懈薪邪褉薪褘泄	0.002088	0.000000	0.000000
泻褍谢懈褔	0.000522	0.040822	0.000021
泻褍屑懈褉	0.000261	3.912023	0.001021
泻褍锌褉懈薪	0.000261	4.605170	0.001202
泻褍褉写褋泻懈泄	0.000261	0.116534	0.000030
泻褍褉懈薪褘泄	0.004436	0.094311	0.000418
泻褍褉懈褑邪	0.001827	0.040822	0.000075
泻褍褉芯褔泻邪	0.000261	0.116534	0.000030
泻褍褋泻褍褋	0.000261	0.040822	0.000011
泻褍褋芯褔械泻	0.000783	1.078810	0.000845
泻褍褏薪褟	0.001827	0.040822	0.000075
泻褍褕邪薪褜械	0.000261	4.605170	0.001202
谢邪胁邪褕	0.001566	0.040822	0.000064
谢邪胁褉芯胁褘泄	0.000522	1.139434	0.000595
谢邪谐屑邪薪	0.000261	0.040822	0.000011
谢邪泻芯屑褋褌胁芯	0.000261	0.116534	0.000030
谢邪锌褕邪	0.000522	0.040822	0.000021
谢邪褌褘褕褋泻懈泄	0.000261	0.116534	0.000030
谢械谐泻芯	0.001827	0.116534	0.000213
谢械泄谢邪	0.000261	4.605170	0.001202
谢械薪褌褟泄泻邪	0.000261	3.912023	0.001021
谢械锌褢褕泻邪	0.000522	0.040822	0.000021
谢械褋薪芯泄	0.000522	2.813411	0.001468
谢械褌薪懈泄	0.000522	0.040822	0.000021
谢械褌芯	0.001566	0.116534	0.000182
谢械褔芯	0.000261	0.040822	0.000011
谢懈谐邪	0.000783	0.116534	0.000091
谢懈泻褢褉	0.000783	0.040822	0.000032
谢懈屑芯薪	0.000522	0.891598	0.000465
谢懈屑芯薪邪写	0.000522	0.040822	0.000021
谢懈屑芯薪薪褘泄	0.000522	0.713350	0.000372
谢懈褋褌	0.001044	0.843970	0.000881
谢懈褋褌褉懈谐芯薪	0.000261	4.605170	0.001202
谢懈褌芯胁褋泻	0.000261	0.127833	0.000033
谢懈褌芯胁褋泻懈泄	0.000261	0.116534	0.000030
谢懈褑芯	0.000261	3.218876	0.000840
谢懈褔薪芯	0.000261	2.995732	0.000782
谢芯写泻邪	0.000261	3.912023	0.001021
谢芯褉邪薪	0.000261	4.605170	0.001202
谢褍泻	0.004958	0.301105	0.001493
谢褞斜懈屑械褑	0.000261	4.605170	0.001202
谢褞斜懈屑褘泄	0.002088	0.116534	0.000243
谢褞斜懈褌械谢褜	0.000261	1.386294	0.000362
谢褞斜芯胁褜	0.000522	0.105361	0.000055
谢褞斜芯泄	0.000261	0.094311	0.000025
谢褢谐泻懈泄	0.001044	0.094311	0.000098
谢褢写	0.000261	0.116534	0.000030
屑邪谐懈褔械褋泻懈泄	0.000261	4.605170	0.001202
屑邪谐褉懈斜	0.000261	0.116534	0.000030
屑邪泄	0.000783	0.116534	0.000091
屑邪泄芯薪械蟹	0.001044	0.116534	0.000122
屑邪泻邪褉芯薪薪褘泄	0.000261	0.116534	0.000030
屑邪泻邪褉芯薪褘	0.000261	0.040822	0.000011
屑邪谢邪蟹懈泄褋泻懈泄	0.000261	0.116534	0.000030
屑邪谢械薪褜泻懈泄	0.000783	1.514128	0.001185
屑邪薪薪懈泻	0.000261	0.040822	0.000011
屑邪薪褋邪褉写邪	0.000261	0.755023	0.000197
屑邪薪褌邪	0.000261	0.116534	0.000030
屑邪薪褢胁褉	0.000261	0.116534	0.000030
屑邪褉邪褎芯薪	0.000783	0.116534	0.000091
屑邪褉谐邪褉懈薪	0.000522	1.609438	0.000840
屑邪褉懈薪邪写	0.003132	0.040822	0.000128
屑邪褉懈薪芯胁邪褌褜	0.000261	0.116534	0.000030
屑邪褉泻	0.000261	4.605170	0.001202
屑邪褉泻邪	0.000261	3.912023	0.001021
屑邪褉屑械谢邪写	0.000261	0.040822	0.000011
屑邪褉芯泻泻邪薪褋泻懈泄	0.000261	0.116534	0.000030
屑邪褉褌	0.001566	0.105361	0.000165
屑邪褋泻邪褉锌芯薪	0.000261	0.040822	0.000011
屑邪褋谢械薪懈褑邪	0.000783	0.040822	0.000032
屑邪褋谢械薪懈褔薪褘泄	0.000261	0.116534	0.000030
屑邪褋谢芯	0.006263	0.105361	0.000660
屑邪褋褌械褉	0.002349	0.116534	0.000274
屑邪褋褌懈泻邪	0.000522	0.040822	0.000021
屑邪褎褎懈薪邪	0.000261	0.116534	0.000030
屑邪褏械械胁褗	0.001044	0.116534	0.000122
屑谐薪芯胁械薪懈械	0.000261	4.605170	0.001202
屑械写懈邪褎芯褉褌	0.000783	0.000000	0.000000
屑械写芯胁褘泄	0.000261	0.116534	0.000030
屑械泻褋懈泻邪薪褋泻懈泄	0.000261	0.116534	0.000030
屑械谢泻懈泄	0.000261	3.506558	0.000915
屑械薪褞	0.000261	0.116534	0.000030
屑械薪褟褌褜褋褟	0.000261	0.116534	0.000030
屑械褋褌薪褘泄	0.000261	2.813411	0.000734
屑械褔褌邪	0.000783	0.040822	0.000032
屑懈写懈褟	0.000261	0.040822	0.000011
屑懈泻褉芯胁芯谢薪芯胁泻邪	0.000522	0.105361	0.000055
屑懈谢谢懈芯薪	0.000261	4.605170	0.001202
屑懈谢褜褎械褟	0.000261	4.605170	0.001202
屑懈谢褜褟	0.000261	0.116534	0.000030
屑懈薪写邪谢褜	0.000522	2.040221	0.001065
屑懈薪褍褌邪	0.000783	0.544727	0.000426
屑懈芯	0.000261	0.116534	0.000030
屑懈褉	0.000522	0.105361	0.000055
屑懈褉芯胁芯泄	0.000261	0.116534	0.000030
屑懈褋芯	0.000261	0.040822	0.000011
屑懈褋褌械褉懈褟	0.000261	0.116534	0.000030
屑懈褋褌褉邪谢褜	0.001827	0.116534	0.000213
屑薪械薪懈械	0.000261	2.525729	0.000659
屑薪芯谐懈械	0.000261	1.309333	0.000342
屑薪芯谐懈泄	0.000522	1.771957	0.000925
屑薪芯卸械褋褌胁芯	0.000261	0.040822	0.000011
屑芯泄	0.001044	0.083382	0.000087
屑芯泻褉褘泄	0.000261	4.605170	0.001202
屑芯谢写邪胁邪薪泻邪	0.000261	4.605170	0.001202
屑芯谢写邪胁褋泻懈泄	0.000261	0.116534	0.000030
屑芯谢芯泻芯	0.001566	0.083382	0.000131
屑芯谢芯褔薪褘泄	0.001827	0.040822	0.000075
屑芯屑械薪褌	0.000783	0.105361	0.000082
屑芯薪谐芯谢褜褋泻懈泄	0.000261	0.116534	0.000030
屑芯褉械	0.000783	0.116534	0.000091
屑芯褉械锌褉芯写褍泻褌	0.003914	0.040822	0.000160
屑芯褉泻芯胁褜	0.000261	0.040822	0.000011
屑芯褉芯卸械薪芯械	0.000783	0.040822	0.000032
屑芯褉褋	0.000522	0.040822	0.000021
屑芯褌懈胁	0.000261	2.995732	0.000782
屑芯褌芯褉	0.000261	0.116534	0.000030
屑芯褏懈褌褘泄	0.000261	0.040822	0.000011
屑芯褔褜	0.001044	0.000000	0.000000
屑褍卸	0.000522	0.867501	0.000453
屑褍卸褋泻芯泄	0.000522	0.127833	0.000067
屑褍卸褔懈薪邪	0.000522	0.116534	0.000061
屑褍蟹褘泻邪	0.000261	3.506558	0.000915
屑褍泻邪	0.003653	0.248461	0.000908
屑褍谢褜褌懈胁邪褉泻邪	0.009916	0.116534	0.001156
屑褍谢褜褌懈锌械泻邪褉褜	0.000783	0.116534	0.000091
屑褍褋褋	0.000522	0.040822	0.000021
屑褍褋褋邪	0.001044	0.040822	0.000043
屑褍褔薪芯泄	0.000261	0.116534	0.000030
屑褞褋谢懈	0.000522	0.116534	0.000061
屑褟谐泻懈泄	0.000261	0.755023	0.000197
屑褟谐泻芯	0.000522	3.912023	0.002042
屑褟泻芯褌褜	0.000261	3.912023	0.001021
屑褟褋薪芯泄	0.003653	0.040822	0.000149
屑褟褋芯	0.007046	0.040822	0.000288
屑褢写	0.000522	1.660731	0.000867
薪邪蟹胁邪薪懈械	0.000522	0.562119	0.000293
薪邪蟹胁邪褌褜	0.000261	1.560648	0.000407
薪邪蟹薪邪褔械薪懈械	0.000522	0.116534	0.000061
薪邪泻褉褘褌褜	0.000261	4.605170	0.001202
薪邪谢懈胁泻邪	0.000261	0.040822	0.000011
薪邪锌械胁邪褌褜	0.000261	4.605170	0.001202
薪邪锌懈褌芯泻	0.001827	0.040822	0.000075
薪邪锌芯褉懈褋褌芯	0.000261	4.605170	0.001202
薪邪褋谢邪卸写械薪懈械	0.000261	3.912023	0.001021
薪邪褋褌芯泄泻邪	0.000261	0.040822	0.000011
薪邪褋褌芯谢褜泻芯	0.000522	1.514128	0.000790
薪邪褋褌褉芯械薪懈械	0.000261	0.116534	0.000030
薪邪褋褘褖械薪薪褘泄	0.000522	1.609438	0.000840
薪邪褑懈芯薪邪谢褜薪褘泄	0.000261	0.116534	0.000030
薪邪褔懈薪泻邪	0.001566	0.040822	0.000064
薪邪褕	0.001305	0.040822	0.000053
薪械写械谢褟	0.002610	0.051293	0.000134
薪械卸写邪薪薪褘泄	0.000261	4.605170	0.001202
薪械卸薪芯	0.000261	2.659260	0.000694
薪械卸薪芯褋褌褜	0.000261	2.813411	0.000734
薪械卸薪褘泄	0.002349	0.094311	0.000222
薪械蟹邪褌械泄谢懈胁褘泄	0.000261	4.605170	0.001202
薪械懈蟹斜懈褌褘泄	0.000261	3.912023	0.001021
薪械泻芯褌芯褉褘泄	0.000261	1.897120	0.000495
薪械泻褉褍锌薪褘泄	0.000261	3.912023	0.001021
薪械屑械褑泻懈泄	0.000261	0.116534	0.000030
薪械屑薪芯谐芯	0.000261	1.203973	0.000314
薪械芯斜褘泻薪芯胁械薪薪芯	0.000261	1.897120	0.000495
薪械芯斜褘褔薪褘泄	0.000261	0.916291	0.000239
薪械芯卸懈写邪薪薪褘泄	0.000261	0.116534	0.000030
薪械芯褌写械谢懈屑褘泄	0.000261	4.605170	0.001202
薪械褋泻芯谢褜泻芯	0.000261	0.843970	0.000220
薪械褋谢邪写泻懈泄	0.000522	0.116534	0.000061
薪懈泻邪	0.000261	3.912023	0.001021
薪懈泻邪泻芯泄	0.000261	1.203973	0.000314
薪懈泻褌芯	0.000261	1.427116	0.000372
薪薪邪褌邪谢懈	0.000261	4.605170	0.001202
薪芯胁芯谐芯写薪懈泄	0.005741	0.040822	0.000234
薪芯胁芯褋褌褜	0.000261	0.061875	0.000016
薪芯胁褘泄	0.003132	0.030459	0.000095
薪芯褉胁械卸褋泻懈泄	0.000261	0.116534	0.000030
芯斜械写	0.001044	0.105361	0.000110
芯斜械蟹褜褟薪邪	0.000261	0.116534	0.000030
芯斜褉械蟹芯泻	0.000261	4.605170	0.001202
芯斜褖邪褌褜褋褟	0.000261	0.040822	0.000011
芯斜褘褔薪芯	0.000261	1.714798	0.000447
芯斜褘褔薪褘泄	0.000522	1.386294	0.000724
芯胁芯褖	0.006263	0.094311	0.000591
芯胁芯褖薪芯泄	0.002349	0.040822	0.000096
芯胁褋褟薪褘泄	0.000261	0.105361	0.000027
芯谐谢褟写泻邪	0.000261	4.605170	0.001202
芯谐薪械薪薪褘泄	0.000261	0.116534	0.000030
芯谐芯薪褜	0.000261	0.094311	0.000025
芯谐褍褉械褑	0.001566	0.116534	0.000182
芯谐褍褉褑芯胁褘泄	0.000261	3.912023	0.001021
芯写械褋褋邪	0.000522	4.605170	0.002404
芯泻褉芯褕泻邪	0.000783	0.040822	0.000032
芯泻褌褟斜褉褜	0.000261	0.562119	0.000147
芯谢邪写褜褟	0.000783	0.040822	0.000032
芯谢械泄薪芯泄	0.001044	0.116534	0.000122
芯谢械泄薪褘泄	0.001044	0.116534	0.000122
芯谢懈胁泻芯胁褘泄	0.001566	0.544727	0.000853
芯屑谢械褌	0.000261	0.040822	0.000011
芯锌邪褉邪	0.000261	0.040822	0.000011
芯锌褉邪胁写褘胁邪褌褜	0.000261	4.605170	0.001202
芯锌褉芯褋	0.000261	0.061875	0.000016
芯锌褟褌褜	0.000261	2.040221	0.000532
芯褉械谐邪薪芯	0.000522	2.525729	0.001318
芯褉械褏	0.000522	0.776529	0.000405
芯褉懈谐懈薪邪谢褜薪褘泄	0.000261	1.049822	0.000274
芯褋胁械卸邪褌褜	0.000261	3.912023	0.001021
芯褋械薪薪懈泄	0.001044	0.051293	0.000054
芯褋械薪褜	0.002610	0.105361	0.000275
芯褋薪芯胁薪褘泄	0.000261	0.040822	0.000011
芯褋芯斜褘泄	0.000522	2.525729	0.001318
芯褋褌邪胁邪褌褜褋褟	0.000261	0.116534	0.000030
芯褋褌邪胁懈褌褜	0.000261	1.660731	0.000433
芯褋褌邪谢褜薪芯泄	0.000261	2.525729	0.000659
芯褋褌邪褌褜褋褟	0.000522	1.309333	0.000683
芯褌胁械褌	0.000522	0.000000	0.000000
芯褌胁械褌懈褌褜	0.000261	0.051293	0.000013
芯褌蟹胁褍泻	0.000261	4.605170	0.001202
芯褌泻褉褘褌褘泄	0.000522	0.105361	0.000055
芯褌谢懈褔薪褘泄	0.000522	1.078810	0.000563
芯褌屑械薪懈褌褜	0.000261	0.040822	0.000011
芯褌薪芯褕械薪懈械	0.000261	1.714798	0.000447
芯褎懈褑懈邪谢褜薪芯	0.000261	4.605170	0.001202
芯褏谢邪写懈褌褜	0.000261	0.116534	0.000030
锌邪泻械褌懈泻	0.000261	0.105361	0.000027
锌邪谢芯褔泻邪	0.000522	0.040822	0.000021
锌邪薪懈褉芯胁泻邪	0.002088	0.116534	0.000243
锌邪薪褌械褉褉褉芯褔泻芯	0.000261	2.813411	0.000734
锌邪锌邪	0.000783	2.995732	0.002345
锌邪锌褉懈泻邪	0.000522	1.171183	0.000611
锌邪褉邪	0.000261	0.116534	0.000030
锌邪褉邪写	0.001827	0.116534	0.000213
锌邪褉芯胁邪褉泻邪	0.002349	0.105361	0.000247
锌邪褉芯谢褜	0.000261	0.020203	0.000005
锌邪褋褌邪	0.001305	0.040822	0.000053
锌邪褋褌褉芯屑邪	0.000261	0.040822	0.000011
锌邪褋褏邪	0.000522	0.040822	0.000021
锌邪褋褏邪谢褜薪褘泄	0.000783	0.116534	0.000091
锌邪褏褌邪	0.000783	3.912023	0.003063
锌邪褕褌械褌	0.000783	0.040822	0.000032
锌械泻	0.000261	2.207275	0.000576
锌械泻邪褉褜	0.000261	0.127833	0.000033
锌械谢褜屑械薪褜	0.000261	0.116534	0.000030
锌械薪褌邪褌芯薪懈泻邪	0.000261	4.605170	0.001202
锌械褉胁褘泄	0.001305	0.040822	0.000053
锌械褉械泄褌懈	0.000261	0.040822	0.000011
锌械褉械泻褍褋	0.000522	0.116534	0.000061
锌械褉械锌械谢懈薪褘泄	0.000522	2.813411	0.001468
锌械褉械褋褘锌邪褌褜	0.000261	4.605170	0.001202
锌械褉械褑	0.003914	0.040822	0.000160
锌械褉褋芯薪邪	0.000261	0.116534	0.000030
锌械褉褍邪薪褋泻懈泄	0.000261	0.116534	0.000030
锌械褋械薪泻邪	0.000261	4.605170	0.001202
锌械褋薪褟	0.001044	2.207275	0.002304
锌械褋芯褔薪褘泄	0.000783	0.105361	0.000082
锌械褌械谢懈薪泻	0.000261	0.127833	0.000033
锌械褌褉褍褕泻邪	0.000522	0.673345	0.000351
锌械褌褜	0.000261	3.912023	0.001021
锌械褔械薪懈械	0.003132	0.040822	0.000128
锌械褔褜	0.000261	0.116534	0.000030
锌械褔褢薪芯褔薪褘泄	0.000261	0.040822	0.000011
锌懈胁芯	0.000261	0.116534	0.000030
锌懈泻邪薪褌	0.000261	0.127833	0.000033
锌懈泻薪懈泻	0.001044	0.105361	0.000110
锌懈褉	0.000261	0.116534	0.000030
锌懈褉芯谐	0.001827	0.040822	0.000075
锌懈褉芯卸薪芯械	0.000522	0.040822	0.000021
锌懈褉芯卸芯泻	0.000261	0.040822	0.000011
锌懈褌邪薪懈械	0.001305	0.094311	0.000123
锌懈褑褑邪	0.000522	0.040822	0.000021
锌谢邪屑褟	0.000261	0.116534	0.000030
锌谢懈褌邪	0.001044	0.116534	0.000122
锌谢芯胁	0.000261	0.116534	0.000030
锌谢芯写	0.000261	0.116534	0.000030
锌谢芯褌薪褘泄	0.000261	3.218876	0.000840
锌芯斜械褉械卸褜械	0.000261	4.605170	0.001202
锌芯胁邪褉褢薪芯泻	0.001305	0.000000	0.000000
锌芯胁懈写谢芯	0.000261	0.040822	0.000011
锌芯胁褌芯褉褟褌褜	0.000261	4.605170	0.001202
锌芯写邪褉芯泻	0.000522	0.116534	0.000061
锌芯写邪褔邪	0.000522	2.207275	0.001152
锌芯写械谢懈褌褜褋褟	0.000783	0.400478	0.000314
锌芯写谢懈胁	0.000261	0.116534	0.000030
锌芯写谢懈胁泻邪	0.000261	0.040822	0.000011
锌芯写芯泄褌懈	0.000261	1.272966	0.000332
锌芯写锌懈褋邪褌褜褋褟	0.000783	0.040822	0.000032
锌芯写褍屑邪褌褜	0.000261	2.302585	0.000601
锌芯械写懈薪芯泻	0.003653	0.116534	0.000426
锌芯卸邪谢械褌褜	0.000261	1.771957	0.000462
锌芯卸邪谢芯胁邪褌褜	0.000261	3.218876	0.000840
锌芯卸械谢邪薪懈械	0.000522	3.912023	0.002042
锌芯卸懈谢芯械	0.000261	4.605170	0.001202
锌芯蟹写褉邪胁懈褌褜	0.000261	0.116534	0.000030
锌芯蟹写褉邪胁谢械薪懈械	0.000261	3.506558	0.000915
锌芯懈褋泻	0.000261	0.051293	0.000013
锌芯泻邪蟹邪褌褜	0.000261	1.309333	0.000342
锌芯泻芯褉懈褌褜	0.000261	2.120264	0.000553
锌芯谢写薪懈泻	0.000522	0.116534	0.000061
锌芯谢械蟹薪芯	0.000261	0.116534	0.000030
锌芯谢懈褌懈泻邪	0.000261	0.040822	0.000011
锌芯谢薪褘泄	0.000783	1.237874	0.000969
锌芯谢芯胁懈薪邪	0.002088	0.105361	0.000220
锌芯谢芯屑邪褌褜	0.000261	4.605170	0.001202
锌芯谢褍褔邪褌褜	0.000522	0.040822	0.000021
锌芯谢褍褔邪褌褜褋褟	0.000261	0.328504	0.000086
锌芯谢褍褔懈褌褜褋褟	0.001305	0.653926	0.000853
锌芯谢褜蟹邪	0.001305	0.116534	0.000152
锌芯谢褜褋泻懈泄	0.000261	0.116534	0.000030
锌芯屑邪写泻邪	0.000783	0.040822	0.000032
锌芯屑懈写芯褉	0.002088	0.116534	0.000243
锌芯屑懈写芯褉泻	0.000261	0.127833	0.000033
锌芯薪懈屑邪褌褜	0.000261	2.207275	0.000576
锌芯薪褉邪胁懈褌褜褋褟	0.001566	0.040822	0.000064
锌芯薪褔懈泻	0.000522	0.040822	0.000021
锌芯薪褟褌懈械	0.000261	4.605170	0.001202
锌芯薪褟褌褜	0.000261	1.660731	0.000433
锌芯锌泻邪	0.000261	4.605170	0.001202
锌芯锌褉芯斜芯胁邪褌褜	0.001044	0.248461	0.000259
锌芯褉邪	0.000261	0.105361	0.000027
锌芯褉械泄	0.001044	2.302585	0.002404
锌芯褉芯褕芯泻	0.001566	0.916291	0.001435
锌芯褉褌褍谐邪谢褜褋泻懈泄	0.000261	0.116534	0.000030
锌芯褋胁褟褖邪褌褜褋褟	0.000261	3.506558	0.000915
锌芯褋械褖邪褌褜	0.000261	0.061875	0.000016
锌芯褋芯胁械褖邪褌褜褋褟	0.000261	4.605170	0.001202
锌芯褋褌	0.001305	0.105361	0.000137
锌芯褋褌薪褘泄	0.000783	0.040822	0.000032
锌芯褋褌芯褟薪薪芯	0.000261	0.040822	0.000011
锌芯褋褌褉芯懈褌褜	0.000522	0.105361	0.000055
锌芯褋褍写邪	0.000522	0.094311	0.000049
锌芯褔械屑褍	0.000261	1.203973	0.000314
锌芯褔懈褌邪褌褜	0.000261	4.605170	0.001202
锌芯褔褌邪	0.000261	0.040822	0.000011
锌芯褕邪谐芯胁褘泄	0.000783	0.040822	0.000032
锌褉邪胁芯	0.000261	3.218876	0.000840
锌褉邪蟹写薪懈泻	0.000261	0.105361	0.000027
锌褉邪蟹写薪懈褔薪芯	0.000261	0.116534	0.000030
锌褉邪蟹写薪懈褔薪褘泄	0.001566	0.105361	0.000165
锌褉邪泻褌懈泻褍屑	0.000261	0.116534	0.000030
锌褉械胁芯褋褏芯写薪褘泄	0.000261	0.116534	0.000030
锌褉械胁褉邪褖械薪懈械	0.000261	0.116534	0.000030
锌褉械泻褉邪褋薪褘泄	0.000522	1.386294	0.000724
锌褉械谢械褋褌褜	0.000261	3.912023	0.001021
锌褉械芯斜褉邪蟹芯胁邪褌褜褋褟	0.000261	4.605170	0.001202
锌褉械褋薪褘泄	0.000261	0.116534	0.000030
锌褉懈谐芯褌芯胁懈褌褜	0.001566	0.083382	0.000131
锌褉懈谐芯褌芯胁谢械薪懈械	0.000522	0.040822	0.000021
锌褉懈写褍屑邪褌褜	0.000261	1.237874	0.000323
锌褉懈蟹	0.000261	0.040822	0.000011
锌褉懈蟹薪邪薪懈械	0.000261	0.116534	0.000030
锌褉懈泄褌懈褋褜	0.000261	2.040221	0.000532
锌褉懈泻芯谢褜薪褘泄	0.000261	4.605170	0.001202
锌褉懈薪褑懈锌	0.000261	2.407946	0.000628
锌褉懈锌褉邪胁邪	0.000261	0.040822	0.000011
锌褉懈褉芯写邪	0.000783	0.105361	0.000082
锌褉懈褋褌褍锌懈褌褜	0.000261	0.040822	0.000011
锌褉懈褟褌薪褘泄	0.000522	1.427116	0.000745
锌褉芯斜芯胁邪褌褜	0.000522	0.843970	0.000440
锌褉芯胁械褉懈褌褜	0.001566	0.116534	0.000182
锌褉芯胁械褋褌懈	0.001044	0.116534	0.000122
锌褉芯胁芯写懈褌褜	0.000261	0.040822	0.000011
锌褉芯胁芯卸邪褌褜	0.000261	0.116534	0.000030
锌褉芯写褍泻褌	0.000783	0.072571	0.000057
锌褉芯械泻褌	0.000522	0.051293	0.000027
锌褉芯褋屑芯褌褉	0.000261	0.274437	0.000072
锌褉芯褋褌芯	0.001827	0.083382	0.000152
锌褉芯褋褌芯泄	0.001044	0.301105	0.000314
锌褉芯褋褌芯泻胁邪褕邪	0.000261	0.040822	0.000011
锌褉芯褋褌芯褌邪	0.000261	1.714798	0.000447
锌褉芯褎懈谢褜	0.000261	0.040822	0.000011
锌褉褟屑芯	0.000261	0.040822	0.000011
锌褉褟屑芯泄	0.000261	3.912023	0.001021
锌褉褟薪懈泻	0.000783	0.040822	0.000032
锌褉褟薪懈褔薪褘泄	0.000261	0.116534	0.000030
锌褌懈褑邪	0.005219	0.116534	0.000608
锌褍写懈薪谐	0.000783	0.040822	0.000032
锌褍写褉邪	0.000522	1.771957	0.000925
锌褍薪褕	0.000261	0.040822	0.000011
锌褍褌械褕械褋褌胁懈械	0.000522	0.116534	0.000061
锌褍褌褜	0.000261	0.116534	0.000030
锌褕械薪懈褔薪褘泄	0.003653	0.287682	0.001051
锌褘褕泻邪	0.000261	0.040822	0.000011
锌褜械褉	0.000261	3.912023	0.001021
锌褞褉械	0.001044	0.040822	0.000043
锌褟褌褘泄	0.000261	4.605170	0.001202
褉邪胁薪芯写褍褕薪褘泄	0.000261	2.407946	0.000628
褉邪谐褍	0.000261	0.116534	0.000030
褉邪蟹胁械褉薪褍褌褜	0.000261	0.116534	0.000030
褉邪蟹写械谢懈褌褜褋褟	0.000261	4.605170	0.001202
褉邪蟹写械谢褜薪褘泄	0.000261	0.116534	0.000030
褉邪蟹薪褘泄	0.000261	0.094311	0.000025
褉邪蟹芯谐褉械褌褜	0.000261	2.407946	0.000628
褉邪蟹褉褘褏谢懈褌械谢褜	0.003132	1.237874	0.003876
褉邪褋锌褉芯褋褌褉邪薪懈褌褜	0.000261	4.605170	0.001202
褉邪褋褋泻邪蟹褘胁邪褌褜	0.000261	2.120264	0.000553
褉邪褋褋芯谢褜薪懈泻	0.000783	0.040822	0.000032
褉邪褋褋褘谢泻邪	0.000261	0.061875	0.000016
褉邪褋褌邪褖懈褌褜	0.000261	4.605170	0.001202
褉邪褋褌懈褌械谢褜薪褘泄	0.001044	0.223144	0.000233
褉械斜褢薪芯泻	0.000522	0.094311	0.000049
褉械谐懈芯薪	0.000261	3.912023	0.001021
褉械谐懈褋褌褉邪褑懈褟	0.000783	0.000000	0.000000
褉械蟹褍谢褜褌邪褌	0.000261	0.820981	0.000214
褉械泄褌懈薪谐	0.000261	0.235722	0.000062
褉械泻芯屑械薪写芯胁邪褌褜褋褟	0.000261	4.605170	0.001202
褉械锌褔邪褌褘泄	0.002088	0.430783	0.000899
褉械褑械锌褌	0.025313	0.040822	0.001033
褉械褕懈褌褜	0.000522	0.693147	0.000362
褉懈褋	0.001305	0.040822	0.000053
褉懈褌屑	0.000261	0.116534	0.000030
褉懈褌屑懈褔薪芯	0.000261	4.605170	0.001202
褉芯谐邪谢懈泻	0.000261	0.040822	0.000011
褉芯写薪褘泄	0.000261	0.116534	0.000030
褉芯卸写械薪懈械	0.001044	0.105361	0.000110
褉芯卸写械褋褌胁芯	0.000261	0.116534	0.000030
褉芯泻	0.000783	2.813411	0.002203
褉芯谢谢	0.000522	0.040822	0.000021
褉芯谢谢褌芯薪	0.000261	0.116534	0.000030
褉芯谢谢褜薪芯泄	0.000261	4.605170	0.001202
褉芯屑	0.000261	0.040822	0.000011
褉芯褌	0.000261	1.427116	0.000372
褉褍斜褉懈泻邪褌芯褉	0.000261	0.051293	0.000013
褉褍泻邪	0.000261	1.514128	0.000395
褉褍谢械褌	0.003914	0.040822	0.000160
褉褍屑褘薪褋泻懈泄	0.000261	0.116534	0.000030
褉褍屑褟薪褘泄	0.000261	0.116534	0.000030
褉褍薪械褌	0.000261	0.020203	0.000005
褉褍褋褋泻懈泄	0.000261	0.105361	0.000027
褉褘斜邪	0.008090	0.040822	0.000330
褉褘斜邪泻	0.000261	4.605170	0.001202
褉褘斜邪褑泻懈泄	0.000522	4.605170	0.002404
褉褘斜薪褘泄	0.003653	0.105361	0.000385
褉褟卸械薪泻邪	0.000261	0.116534	0.000030
褋邪泄褌	0.001566	0.000000	0.000000
褋邪谢邪褌	0.011482	0.040822	0.000469
褋邪谢邪褌薪褘泄	0.000261	0.116534	0.000030
褋邪屑芯谐芯薪	0.000261	0.040822	0.000011
褋邪屑褘泄	0.001305	0.105361	0.000137
褋邪褎	0.000783	0.116534	0.000091
褋邪褎褋械屑邪	0.000261	0.116534	0.000030
褋邪褏邪褉	0.005219	0.105361	0.000550
褋邪褏邪褉薪褘泄	0.000522	1.771957	0.000925
褋斜懈褌械薪褜	0.000261	0.040822	0.000011
褋胁械卸械胁褘谢芯胁懈褌褜	0.000261	4.605170	0.001202
褋胁械卸械褋褌褜	0.000261	0.105361	0.000027
褋胁械泻芯谢褜薪懈泻	0.000522	0.040822	0.000021
褋胁械褌	0.001044	0.116534	0.000122
褋胁械褌邪	0.001044	0.116534	0.000122
褋胁懈薪懈薪	0.001044	0.116534	0.000122
褋胁懈薪懈薪邪	0.000261	0.040822	0.000011
褋胁褟蟹邪薪薪褘泄	0.000261	3.912023	0.001021
褋胁褢泻谢邪	0.000783	0.040822	0.000032
褋谐褍褋褌懈褌褜	0.000522	1.966113	0.001026
褋谐褍褖褢薪泻邪	0.000261	0.040822	0.000011
褋写械谢邪褌褜	0.000522	0.733969	0.000383
褋械谐芯写薪褟褕薪懈泄	0.000261	3.912023	0.001021
褋械蟹芯薪	0.000261	0.116534	0.000030
褋械泄褔邪褋	0.000783	0.030459	0.000024
褋械泻褉械褌	0.000522	0.116534	0.000061
褋械谢褜写械褉械泄	0.000522	2.040221	0.001065
褋械谢褢写泻邪	0.000261	0.040822	0.000011
褋械屑械泄薪褘泄	0.000261	0.116534	0.000030
褋械屑褜褟	0.000522	0.116534	0.000061
褋械薪褌褟斜褉褜	0.000522	0.673345	0.000351
褋懈写褉	0.000261	0.040822	0.000011
褋懈褉懈泄褋泻懈泄	0.000261	0.116534	0.000030
褋懈褉芯锌	0.000522	0.040822	0.000021
褋懈褋褌械屑邪	0.000261	0.040822	0.000011
褋懈褌懈	0.000261	0.127833	0.000033
褋泻邪蟹邪褌褜	0.000522	0.400478	0.000209
褋泻邪蟹泻邪	0.000261	0.116534	0.000030
褋泻芯褉械械	0.000261	2.525729	0.000659
褋泻芯褉芯褋褌褜	0.000261	3.912023	0.001021
褋谢邪写械薪褜泻懈泄	0.000261	3.506558	0.000915
褋谢邪写泻懈泄	0.005480	0.040822	0.000224
褋谢邪写泻芯	0.000522	0.116534	0.000061
褋谢邪写泻芯械	0.000522	2.040221	0.001065
褋谢械写褍褞褖懈泄	0.000261	1.386294	0.000362
褋谢懈胁泻邪	0.002610	1.049822	0.002740
褋谢懈胁芯褔薪褘泄	0.004436	0.105361	0.000467
褋谢懈褕泻芯屑	0.000261	2.120264	0.000553
褋谢芯胁芯	0.000261	1.021651	0.000267
褋谢芯泄泻邪	0.000522	0.040822	0.000021
褋谢芯褢薪褘泄	0.001566	0.116534	0.000182
褋谢褍褔邪泄	0.000261	1.171183	0.000306
褋谢褍褔邪泄薪芯	0.000261	2.407946	0.000628
褋屑械褌邪薪邪	0.000783	0.105361	0.000082
褋屑械褌邪薪薪褘泄	0.000261	2.813411	0.000734
褋屑械褕邪薪薪褘泄	0.000261	0.116534	0.000030
褋屑芯褔褜	0.000261	0.040822	0.000011
褋屑褍蟹懈	0.000783	0.040822	0.000032
褋屑褘褋谢	0.000261	2.525729	0.000659
褋薪褝泻	0.000261	0.116534	0.000030
褋芯斜懈褉邪褌褜褋褟	0.000261	0.040822	0.000011
褋芯胁械褉褕械薪薪芯	0.000261	1.171183	0.000306
褋芯胁械褉褕械薪褋褌胁芯	0.001305	0.116534	0.000152
褋芯胁械褌	0.000261	0.040822	0.000011
褋芯谐谢邪褕邪褌褜褋褟	0.000261	0.040822	0.000011
褋芯写邪	0.001566	0.941609	0.001474
褋芯蟹写邪胁邪褌褜	0.000261	0.105361	0.000027
褋芯蟹写邪薪懈械	0.000522	0.261365	0.000136
褋芯泻	0.001305	0.040822	0.000053
褋芯谢械薪懈械	0.000522	0.116534	0.000061
褋芯谢薪械褔薪褘泄	0.000261	0.116534	0.000030
褋芯谢褜	0.003653	0.127833	0.000467
褋芯谢褟薪泻邪	0.000522	0.040822	0.000021
褋芯谢褢薪褘泄	0.001305	0.116534	0.000152
褋芯褉褌懈褉芯胁邪褌褜	0.000261	0.248461	0.000065
褋芯褋褌邪胁	0.000522	1.347074	0.000703
褋芯褋褌邪胁懈褌褜	0.000261	0.116534	0.000030
褋芯褍褋	0.004697	0.040822	0.000192
褋芯褏褉邪薪褟褌褜	0.000261	0.040822	0.000011
褋芯褑褋械褌褜	0.000261	0.040822	0.000011
褋芯褔械褌邪薪懈械	0.000261	0.105361	0.000027
褋芯褔薪褘泄	0.000261	0.116534	0.000030
褋锌邪谢褜薪褟	0.000522	0.415515	0.000217
褋锌械褌褜	0.000261	0.116534	0.000030
褋锌械褑懈邪谢褜薪褘泄	0.000261	0.094311	0.000025
褋锌械褑懈褟	0.000783	0.094311	0.000074
褋锌械褑锌褉芯械泻褌	0.008612	0.116534	0.001004
褋锌懈褋芯泻	0.000261	0.116534	0.000030
褋锌褉邪褕懈胁邪褌褜	0.000261	2.995732	0.000782
褋锌褉懈薪谐褎懈谢写	0.000261	4.605170	0.001202
褋褉邪蟹褍	0.000522	0.733969	0.000383
褋褉械写懈蟹械屑薪芯屑芯褉褋泻懈泄	0.000261	0.127833	0.000033
褋褌邪胁褉懈写泻邪	0.000261	4.605170	0.001202
褋褌邪褉懈薪薪褘泄	0.000261	2.995732	0.000782
褋褌邪褉褘泄	0.000261	0.261365	0.000068
褋褌邪褌褜	0.000261	1.049822	0.000274
褋褌邪褌褜褟	0.000261	0.061875	0.000016
褋褌懈谢褜	0.000783	0.116534	0.000091
褋褌芯懈褌褜	0.000261	1.714798	0.000447
褋褌芯谢	0.002871	0.105361	0.000302
褋褌芯褉芯薪邪	0.000261	1.966113	0.000513
褋褌褉芯懈褌械谢褜褋褌胁芯	0.000522	0.040822	0.000021
褋褌褉芯懈褌褜	0.000261	0.040822	0.000011
褋褌褉芯泄薪褘泄	0.000261	0.116534	0.000030
褋褍斜锌褉芯写褍泻褌	0.002610	0.116534	0.000304
褋褍锌	0.004958	0.040822	0.000202
褋褍褎谢械	0.000783	0.040822	0.000032
褋褍褏邪褉褜	0.000261	0.040822	0.000011
褋褍褕懈褌褜	0.000522	0.040822	0.000021
褋褔邪褋褌懈械	0.000261	2.120264	0.000553
褋褔邪褋褌谢懈胁褘泄	0.000261	3.506558	0.000915
褋褔懈褌邪褌褜	0.000783	1.347074	0.001055
褋褔褢褌	0.000261	3.912023	0.001021
褋褘褉	0.004175	0.040822	0.000170
褋褘褉薪懈泻	0.000783	0.040822	0.000032
褋褘褉薪褘泄	0.001827	0.040822	0.000075
褋褘褌薪褘泄	0.000522	0.105361	0.000055
褋褘褔褍卸薪褘泄	0.000261	0.127833	0.000033
褋褝薪写胁懈褔	0.000261	0.127833	0.000033
褋褞褉锌褉懈蟹	0.000522	0.116534	0.000061
褋褢屑谐邪	0.000261	0.040822	0.000011
褌邪写卸懈泻褋泻懈泄	0.000261	0.116534	0.000030
褌邪泄褋泻懈泄	0.000261	0.116534	0.000030
褌邪泻懈	0.000261	1.237874	0.000323
褌邪褉褌	0.000261	0.116534	0.000030
褌邪褉褌邪谢械褌泻邪	0.000522	0.040822	0.000021
褌邪褌邪褉褋泻懈泄	0.000261	0.116534	0.000030
褌邪褟褌褜	0.000261	1.514128	0.000395
褌胁芯泄	0.000522	0.116534	0.000061
褌胁芯褉懈褌褜	0.000261	0.116534	0.000030
褌胁芯褉芯谐	0.000783	0.040822	0.000032
褌胁芯褉芯卸薪褘泄	0.001044	0.094311	0.000098
褌胁褢褉写褘泄	0.000522	0.544727	0.000284
褌械谢械谐褉邪屑	0.000261	0.040822	0.000011
褌械谢褟褌懈薪邪	0.001044	0.116534	0.000122
褌械屑	0.000261	0.967584	0.000253
褌械锌谢芯	0.000261	0.116534	0.000030
褌械褉褉懈薪邪	0.000261	0.040822	0.000011
褌械褋褌	0.006785	0.105361	0.000715
褌械褋褌芯	0.002871	0.040822	0.000117
褌械褏薪懈泻邪	0.001305	0.105361	0.000137
褌屑	0.001044	0.127833	0.000133
褌芯屑	0.000522	1.139434	0.000595
褌芯屑邪褌薪褘泄	0.000522	1.139434	0.000595
褌芯薪泻懈泄	0.000261	1.309333	0.000342
褌芯锌谢褢薪褘泄	0.000261	0.116534	0.000030
褌芯褉褌	0.012526	0.040822	0.000511
褌芯褔泻邪	0.000261	3.218876	0.000840
褌褉邪胁邪	0.000261	0.094311	0.000025
褌褉邪写懈褑懈褟	0.001566	0.116534	0.000182
褌褉械斜芯胁邪褌褜	0.000261	2.120264	0.000553
褌褉褍斜芯褔泻邪	0.000261	0.040822	0.000011
褌褉褢褏谢械褌懈械	0.000261	0.116534	0.000030
褌褍薪械褑	0.000783	0.105361	0.000082
褌褍薪懈褋褋泻懈泄	0.000261	0.116534	0.000030
褌褍褉械褑泻懈泄	0.000261	0.116534	0.000030
褌褘泻胁邪	0.000261	0.040822	0.000011
褌褢屑薪褘泄	0.002088	2.040221	0.004259
褌褢锌谢褘泄	0.000261	2.302585	0.000601
褌褢褖懈薪	0.000261	0.040822	0.000011
褍斜懈褌褜	0.000261	4.605170	0.001202
褍胁械写芯屑谢械薪懈械	0.000261	0.040822	0.000011
褍写邪褔薪芯	0.000261	3.218876	0.000840
褍写邪褔薪褘泄	0.000261	0.116534	0.000030
褍写懈胁懈褌褜	0.000261	0.116534	0.000030
褍写懈胁谢褟褌褜	0.001044	0.116534	0.000122
褍写芯胁芯谢褜褋褌胁懈械	0.000522	0.116534	0.000061
褍卸	0.000261	0.693147	0.000181
褍卸懈薪	0.001827	0.094311	0.000172
褍蟹斜械泻褋泻懈泄	0.000261	0.116534	0.000030
褍蟹薪邪褌褜	0.000261	2.120264	0.000553
褍泄褌懈	0.000261	2.120264	0.000553
褍泻褉邪懈薪褋泻懈泄	0.000261	0.116534	0.000030
褍泻褉邪褕邪褌褜	0.000261	4.605170	0.001202
褍泻褉邪褕械薪懈械	0.002349	0.116534	0.000274
褍泻褉芯锌	0.000522	0.562119	0.000293
褍锌芯褌褉械斜谢械薪懈械	0.000261	0.116534	0.000030
褍褉邪谢褜褋泻懈泄	0.000261	0.116534	0.000030
褍褉芯卸邪泄	0.000261	0.105361	0.000027
褍褌胁械褉卸写邪褌褜	0.000261	3.218876	0.000840
褍褌泻邪	0.000783	0.116534	0.000091
褍褏芯	0.000261	0.040822	0.000011
褍褔邪褋褌胁芯胁邪褌褜	0.000261	0.040822	0.000011
褍褔懈褌械谢褜	0.000261	4.605170	0.001202
褍褞褌薪褘泄	0.000261	2.120264	0.000553
褎邪蟹械薪写邪	0.000261	0.116534	0.000030
褎邪薪邪褌	0.000261	4.605170	0.001202
褎邪薪褌邪蟹懈褟	0.002088	0.116534	0.000243
褎邪褉褕	0.003914	0.040822	0.000160
褎邪褉褕懈褉芯胁邪薪薪褘泄	0.001566	0.040822	0.000064
褎邪褋芯谢褜	0.000261	0.040822	0.000011
褎械胁褉邪谢褜	0.000783	0.094311	0.000074
褎械泄械褉胁械褉泻	0.000522	0.116534	0.000061
褎械褌	0.000522	3.506558	0.001830
褎懈谐褍褉邪	0.000261	0.116534	0.000030
褎懈谢械	0.000261	0.916291	0.000239
褎懈薪褋泻懈泄	0.000261	0.116534	0.000030
褎懈褉屑械薪薪褘泄	0.000261	0.116534	0.000030
褎懈褋褌邪褕泻邪	0.000522	3.218876	0.001680
褎谢懈薪褌	0.000261	4.605170	0.001202
褎芯薪写褞	0.000261	0.040822	0.000011
褎芯褉屑邪	0.000261	0.105361	0.000027
褎芯褉褍屑	0.000522	0.040822	0.000021
褎芯褉褕屑邪泻	0.000261	0.040822	0.000011
褎褉邪薪褑懈褟	0.000522	0.116534	0.000061
褎褉邪薪褑褍卸械薪泻邪	0.000261	4.605170	0.001202
褎褉邪薪褑褍蟹褋泻懈泄	0.000522	0.094311	0.000049
褎褉邪褍	0.001044	0.116534	0.000122
褎褉械褕	0.008612	3.506558	0.030197
褎褉褍泻褌	0.001044	0.116534	0.000122
褎褉褍泻褌芯胁褘泄	0.002088	0.040822	0.000085
褎褍写	0.000261	0.116534	0.000030
褎褍褉褕械褌	0.000261	0.116534	0.000030
褎褍褌斜芯谢	0.000783	4.605170	0.003605
褏邪谢胁邪	0.000783	0.040822	0.000032
褏邪褉邪泻褌械褉薪褘泄	0.000261	3.912023	0.001021
褏邪褉胁械褋褌褎械褋褌	0.000522	0.116534	0.000061
褏邪褉写	0.000261	4.605170	0.001202
褏邪褉褔芯	0.000522	0.040822	0.000021
褏邪褕	0.000261	0.040822	0.000011
褏胁芯褉芯褋褌	0.000261	0.040822	0.000011
褏懈薪泻邪谢懈	0.000261	0.116534	0.000030
褏懈薪褌芯薪	0.000261	4.605170	0.001202
褏懈褌	0.001827	0.116534	0.000213
褏谢械斜	0.001305	0.040822	0.000053
褏谢械斜芯锌械褔泻邪	0.000261	0.116534	0.000030
褏谢芯锌褜褟	0.000522	0.094311	0.000049
褏芯蟹褟泄泻邪	0.000261	0.116534	0.000030
褏芯谢芯写械褑	0.000261	0.040822	0.000011
褏芯谢芯写薪芯械	0.000522	0.116534	0.000061
褏芯谢芯写薪褘泄	0.000522	0.116534	0.000061
褏芯褉胁邪褌褋泻懈泄	0.000261	0.116534	0.000030
褏芯褉芯褕懈泄	0.001305	0.040822	0.000053
褏芯褉芯褕芯	0.001305	0.105361	0.000137
褏芯褉褋	0.000261	0.116534	0.000030
褏芯褌械褌褜	0.000522	0.000000	0.000000
褏芯褌械褌褜褋褟	0.000261	1.237874	0.000323
褏芯褌褜	0.000261	1.897120	0.000495
褏褉邪薪懈褌褜	0.000261	1.897120	0.000495
褏褉械薪	0.000522	2.995732	0.001564
褏褍屑褍褋邪	0.000261	0.040822	0.000011
褑邪褉褋褌胁芯	0.000261	0.127833	0.000033
褑邪褉褜	0.000261	0.116534	0.000030
褑胁械褌薪芯泄	0.000261	0.040822	0.000011
褑械写褉邪	0.000522	1.832581	0.000956
褑械薪薪褘泄	0.000261	0.040822	0.000011
褑械薪褌褉	0.000261	0.116534	0.000030
褔邪械屑褘泄	0.000261	0.116534	0.000030
褔邪泄	0.001044	0.040822	0.000043
褔邪褋褌芯	0.000522	0.994252	0.000519
褔邪褋褌褜	0.000261	2.040221	0.000532
褔械斜褍褉械泻	0.000522	0.040822	0.000021
褔械谢芯胁械泻	0.000261	0.916291	0.000239
褔械屑	0.000783	0.994252	0.000778
褔械褉泻懈蟹芯胁褘泄	0.000522	0.116534	0.000061
褔械褋薪芯泻	0.000522	0.314711	0.000164
褔械褋褌薪芯泄	0.000261	0.040822	0.000011
褔械褔械胁懈褑邪	0.000261	0.040822	0.000011
褔械褕褋泻懈泄	0.000261	0.116534	0.000030
褔懈蟹泻械泄泻	0.001827	0.040822	0.000075
褔懈谢懈	0.000522	1.237874	0.000646
褔懈谢懈泄褋泻懈泄	0.000261	0.116534	0.000030
褔懈锌褋褘	0.000261	0.040822	0.000011
褔懈褋谢芯	0.000522	0.235722	0.000123
褔懈褋褌芯	0.000261	3.506558	0.000915
褔褌芯斜	0.001044	3.506558	0.003660
褔褍写芯	0.000522	0.116534	0.000061
褔褢褉薪褘泄	0.002349	0.356675	0.000838
褕邪谢邪薪写邪	0.000522	4.605170	0.002404
褕邪薪褋芯薪	0.000261	4.605170	0.001202
褕邪褉懈泻	0.000261	0.040822	0.000011
褕邪褉谢芯褌泻邪	0.000522	0.040822	0.000021
褕邪褉屑	0.000261	0.116534	0.000030
褕邪褕谢褘泻	0.003392	0.040822	0.000138
褕胁械写褋泻懈泄	0.000261	0.116534	0.000030
褕胁械泄褑邪褉褋泻懈泄	0.000261	0.116534	0.000030
褕械写械胁褉	0.000261	0.116534	0.000030
褕械褎	0.000261	0.127833	0.000033
褕懈泻邪褉薪褘泄	0.000261	2.525729	0.000659
褕懈锌褍褔泻邪	0.000261	0.040822	0.000011
褕懈褉芯泻懈泄	0.000261	0.127833	0.000033
褕泻邪褉邪	0.000783	4.605170	0.003605
褕泻芯谢邪	0.000261	0.116534	0.000030
褕泻芯谢褜薪褘泄	0.000261	3.506558	0.000915
褕芯泻芯谐芯谢懈泻	0.000261	4.605170	0.001202
褕芯泻芯谢邪写	0.004436	0.040822	0.000181
褕芯泻芯谢邪写薪褘泄	0.001566	1.427116	0.002235
褕芯褉褌褘	0.000261	3.912023	0.001021
褕芯褌谢邪薪写械褑	0.000261	4.605170	0.001202
褕芯褌谢邪薪写褋泻懈泄	0.000522	0.116534	0.000061
褕褌褉褍写械谢褜	0.000261	0.040822	0.000011
褕褍褉锌邪	0.000261	0.040822	0.000011
褖械写褉褘泄	0.000261	0.116534	0.000030
褖懈	0.000522	0.040822	0.000021
褝泻芯屑懈谢泻	0.000261	0.127833	0.000033
褝泻褋褌褉邪泻褌	0.000522	3.912023	0.002042
褝谢械屑械薪褌邪褉薪芯	0.000261	3.506558	0.000915
褝谢褜蟹邪褋	0.000261	4.605170	0.001202
褝褉屑邪	0.000261	4.605170	0.001202
褝褋褌芯薪褋泻懈泄	0.000261	0.116534	0.000030
褝褋褌褉邪谐芯薪	0.000522	4.605170	0.002404
褞斜懈谢械泄薪褘泄	0.000261	3.506558	0.000915
褞谐芯褋谢邪胁褋泻懈泄	0.000261	0.116534	0.000030
褟斜谢芯泻芯	0.000522	1.237874	0.000646
褟谐芯写薪褘泄	0.001044	0.105361	0.000110
褟蟹褘泻	0.000261	0.040822	0.000011
褟泄褑芯	0.005480	0.040822	0.000224
褟谢褌邪	0.000261	4.605170	0.001202
褟薪胁邪褉褜	0.000261	0.733969	0.000192
褟薪谐	0.000783	4.605170	0.003605
褟薪写械泻褋	0.000261	0.072571	0.000019
褟锌芯薪褋泻懈泄	0.000522	0.051293	0.000027
褟褉泻懈泄	0.000522	0.116534	0.000061
褟褉泻芯	0.000522	0.105361	0.000055
