谢械屑屑邪	TF	IDF	TF-IDF
邪斜褏邪蟹褋泻懈泄	0.000295	0.116534	0.000034
邪胁褋褌褉邪谢懈泄褋泻懈泄	0.000295	0.116534	0.000034
邪胁褋褌褉懈泄褋泻懈泄	0.000295	0.116534	0.000034
邪胁褌芯泻谢邪胁	0.000295	0.116534	0.000034
邪胁褌芯褉	0.000295	0.040822	0.000012
邪谐褉芯	0.000295	0.116534	0.000034
邪写卸懈泻邪	0.000295	0.040822	0.000012
邪蟹	0.000295	0.127833	0.000038
邪蟹械褉斜邪泄写卸邪薪褋泻懈泄	0.000295	0.116534	0.000034
邪蟹懈邪褌褋泻懈泄	0.000295	0.127833	0.000038
邪泄褉邪薪	0.000295	0.040822	0.000012
邪泻胁邪褌懈泻	0.000884	0.127833	0.000113
邪谢械泻褋邪薪写械褉	0.000295	3.506558	0.001033
邪谢械泻褋械泄	0.000295	0.127833	0.000038
邪谢泻芯谐芯谢褜	0.000884	0.116534	0.000103
邪谢泻芯谐芯谢褜薪褘泄	0.000295	0.116534	0.000034
邪谢褜褟薪褋	0.000295	0.116534	0.000034
邪屑械褉懈泻邪薪褋泻懈泄	0.000295	0.116534	0.000034
邪薪谐谢懈泄褋泻懈泄	0.000295	0.116534	0.000034
邪薪写褉械泄	0.000295	0.127833	0.000038
邪锌褉械谢褜	0.000589	0.544727	0.000321
邪褉邪斜褋泻懈泄	0.000295	0.116534	0.000034
邪褉邪褏懈褋	0.000589	2.995732	0.001765
邪褉谐械薪褌懈薪褋泻懈泄	0.000295	0.116534	0.000034
邪褉屑褟薪褋泻懈泄	0.000295	0.116534	0.000034
邪褉芯屑邪褌薪褘泄	0.000295	0.693147	0.000204
邪褋褋芯褉褌懈	0.000589	0.116534	0.000069
邪褌谢邪薪褌	0.000295	0.116534	0.000034
邪褌屑芯褋褎械褉邪	0.000295	2.813411	0.000829
邪褎谐邪薪褋泻懈泄	0.000295	0.116534	0.000034
邪褎褉懈泻邪薪褋泻懈泄	0.000295	0.116534	0.000034
邪褝褉芯谐褉懈谢褜	0.002946	0.116534	0.000343
斜邪斜懈褔	0.000295	1.514128	0.000446
斜邪泻谢邪卸邪薪	0.000295	0.040822	0.000012
斜邪谢褌泻芯屑邪	0.000295	0.127833	0.000038
斜邪薪谐芯褉邪	0.000295	3.912023	0.001153
斜邪褉邪薪懈薪邪	0.001179	0.116534	0.000137
斜邪褋屑邪褌懈	0.000589	0.127833	0.000075
斜邪褋褌褍褉屑	0.000295	0.040822	0.000012
斜邪褋褌褍褉屑邪	0.000295	0.040822	0.000012
斜邪褌芯薪	0.000295	1.514128	0.000446
斜邪褌芯薪褔懈泻	0.000295	0.127833	0.000038
斜邪褕泻懈褉褋泻懈泄	0.000295	0.116534	0.000034
斜械蟹邪谢泻芯谐芯谢褜薪褘泄	0.000295	0.116534	0.000034
斜械蟹谐谢褞褌械薪芯胁芯械	0.000295	0.116534	0.000034
斜械蟹写械谢懈褑邪	0.000295	4.605170	0.001357
斜械蟹写械谢褍褕泻邪	0.000295	4.605170	0.001357
斜械蟹写褉芯卸卸械胁芯泄	0.009723	2.407946	0.023413
斜械蟹械	0.001179	0.040822	0.000048
斜械谢械斜械械胁褋泻懈泄	0.000589	0.116534	0.000069
斜械谢芯泻芯褔邪薪薪褘泄	0.000589	0.967584	0.000570
斜械谢芯褉褍褋褋泻懈泄	0.000295	0.116534	0.000034
斜械谢褜谐懈泄褋泻懈泄	0.000295	0.116534	0.000034
斜械褉械屑械薪薪邪褟	0.000295	0.116534	0.000034
斜械褋械写懈薪	0.000295	0.127833	0.000038
斜懈褋泻胁懈褌	0.000589	0.040822	0.000024
斜懈褋泻胁懈褌薪褘泄	0.000884	0.105361	0.000093
斜谢懈蟹泻懈泄	0.000589	0.116534	0.000069
斜谢懈薪	0.001768	0.040822	0.000072
斜谢褞写芯	0.030937	0.040822	0.001263
斜芯斜芯胁褘泄	0.002357	0.116534	0.000275
斜芯谐邪褌褘泄	0.000295	2.813411	0.000829
斜芯谢谐邪褉褋泻懈泄	0.000295	0.116534	0.000034
斜芯谢褜褕懈泄	0.000295	2.040221	0.000601
斜芯谢褜褕芯泄	0.000589	0.094311	0.000056
斜芯褉褖	0.000589	0.040822	0.000024
斜芯褌胁懈薪褜褟	0.000295	0.040822	0.000012
斜褉邪蟹懈谢褜褋泻懈泄	0.000295	0.116534	0.000034
斜褉邪褌褜	0.000295	1.897120	0.000559
斜褉邪褍蟹械褉	0.000295	0.040822	0.000012
斜褉邪褍薪懈	0.000295	0.040822	0.000012
斜褉械褋褌	0.000295	0.127833	0.000038
斜褉芯泻泻芯谢懈	0.000295	0.040822	0.000012
斜褉褘薪蟹邪	0.000589	3.912023	0.002305
斜褍卸械薪懈薪邪	0.000295	0.040822	0.000012
斜褍泻械褌	0.000589	3.218876	0.001897
斜褍谢芯褔泻邪	0.000884	0.040822	0.000036
斜褍谢褜芯薪	0.003241	0.040822	0.000132
斜褍褉谐械褉	0.000589	0.040822	0.000024
斜褍褉褟褌褋泻懈泄	0.000295	0.116534	0.000034
斜褍褌械褉斜褉芯写	0.001473	0.040822	0.000060
斜褘褋褌褉芯	0.001179	0.094311	0.000111
斜褘褋褌褉褘泄	0.002357	0.094311	0.000222
胁邪卸薪褘泄	0.000295	0.116534	0.000034
胁邪谢谢懈泄褋泻懈泄	0.000295	0.116534	0.000034
胁邪薪懈谢懈薪	0.001179	1.609438	0.001897
胁邪褉械薪懈械	0.000589	0.040822	0.000024
胁邪褉械薪懈泻	0.000295	0.116534	0.000034
胁邪褉懈邪薪褌	0.000295	0.356675	0.000105
胁邪褌褉褍褕泻邪	0.000295	0.040822	0.000012
胁邪褎谢褟	0.000589	0.040822	0.000024
胁邪褕	0.000589	0.000000	0.000000
胁胁芯写懈褌褜	0.000295	0.040822	0.000012
胁写芯褏薪芯胁械薪懈械	0.001768	0.116534	0.000206
胁写芯褏薪芯胁谢褟褌褜褋褟	0.000295	0.116534	0.000034
胁械谐械褌邪褉懈邪薪褋泻懈泄	0.000589	0.116534	0.000069
胁械谢懈泻懈泄	0.000295	0.116534	0.000034
胁械薪谐械褉褋泻懈泄	0.000295	0.116534	0.000034
胁械褋械薪薪懈泄	0.000295	0.051293	0.000015
胁械褋薪邪	0.001768	0.116534	0.000206
胁械褌褔懈薪邪	0.000295	0.094311	0.000028
胁械褔械褉懈薪泻邪	0.000884	3.912023	0.003458
胁械褔械褉芯屑	0.000295	2.407946	0.000709
胁蟹褟褌褜	0.000589	1.171183	0.000690
胁懈写械芯	0.000589	0.116534	0.000069
胁懈写械芯褉械褑械锌褌	0.000295	0.301105	0.000089
胁懈薪薪懈	0.000295	4.605170	0.001357
胁懈薪芯	0.000884	0.040822	0.000036
胁懈褕薪褟	0.000589	1.832581	0.001080
胁泻谢褞褔邪褌褜	0.000295	0.634878	0.000187
胁泻褍褋	0.003536	0.105361	0.000373
胁泻褍褋薪芯	0.001768	0.094311	0.000167
胁泻褍褋薪褘泄	0.003830	0.061875	0.000237
胁泻褍褍褍褍褍褋薪褘泄	0.000295	3.912023	0.001153
胁谢褞斜懈褌褜	0.000295	0.116534	0.000034
胁薪邪褔邪谢械	0.001179	0.248461	0.000293
胁薪褍褌褉懈	0.000295	1.469676	0.000433
胁芯写邪	0.002062	0.094311	0.000195
胁芯蟹屑芯卸薪芯	0.000295	1.469676	0.000433
胁芯泄褌懈	0.000295	0.000000	0.000000
胁芯谢芯胁邪薪	0.000589	0.116534	0.000069
胁芯谢褕械斜薪褘泄	0.000295	0.116534	0.000034
胁芯谢褕械斜褋褌胁芯	0.000295	0.116534	0.000034
胁芯锌褉芯褋	0.000295	0.000000	0.000000
胁芯褋褌芯褉谐	0.000295	1.309333	0.000386
胁芯褋褌芯褔薪褘泄	0.000295	0.127833	0.000038
胁锌械褔邪褌谢械薪懈械	0.000295	2.407946	0.000709
胁锌芯谢薪械	0.000295	2.813411	0.000829
胁褉械屑褟	0.002946	0.105361	0.000310
胁褉芯写械	0.000295	1.897120	0.000559
胁褋锌芯屑薪懈褌褜	0.000589	0.040822	0.000024
胁褌芯褉芯械	0.000295	0.116534	0.000034
胁褌芯褉芯泄	0.000295	0.116534	0.000034
胁褏芯写	0.000884	0.030459	0.000027
胁褘谐芯写薪芯	0.000295	4.605170	0.001357
胁褘泄褌懈	0.000295	0.040822	0.000012
胁褘锌械褔泻邪	0.007661	0.040822	0.000313
胁褜械褌薪邪屑褋泻懈泄	0.000295	0.116534	0.000034
谐邪胁邪泄褋泻懈泄	0.000295	0.116534	0.000034
谐邪褉薪懈褉	0.001473	0.040822	0.000060
谐邪褋锌邪褔芯	0.000295	0.040822	0.000012
谐械芯谐褉邪褎懈褟	0.000295	0.116534	0.000034
谐谢邪胁薪褘泄	0.000295	0.040822	0.000012
谐谢邪蟹褍褉褜	0.000884	0.040822	0.000036
谐谢懈薪褌胁械泄薪	0.000295	0.040822	0.000012
谐谢褍斜懈薪邪	0.000295	4.605170	0.001357
谐芯胁芯褉懈褌褜	0.000884	1.272966	0.001125
谐芯胁褟写懈薪邪	0.001179	0.116534	0.000137
谐芯写	0.007071	0.083382	0.000590
谐芯谢谢邪薪写褋泻懈泄	0.000295	0.116534	0.000034
谐芯褉写褘泄	0.000295	3.218876	0.000948
谐芯褉芯写	0.000295	0.116534	0.000034
谐芯褉芯褏	0.000295	0.116534	0.000034
谐芯褉褔懈褑邪	0.000884	0.040822	0.000036
谐芯褉褕芯褔械泻	0.000589	0.040822	0.000024
谐芯褉褟褔械械	0.000589	0.116534	0.000069
谐芯褉褟褔懈泄	0.012080	0.105361	0.001273
谐芯褋褌褜	0.001179	0.116534	0.000137
谐芯褌芯胁懈褌褜	0.004420	0.083382	0.000369
谐芯褌芯胁褘泄	0.000295	0.755023	0.000222
谐褉械薪泻邪	0.000589	0.040822	0.000024
谐褉械褔械褋泻懈泄	0.000295	0.116534	0.000034
谐褉械褔泻邪	0.000295	0.040822	0.000012
谐褉懈斜	0.002946	0.040822	0.000120
谐褉懈斜薪芯泄	0.000589	0.040822	0.000024
谐褉懈谢褜	0.002946	0.105361	0.000310
谐褉懈谢褜屑邪薪懈褟	0.000295	0.116534	0.000034
谐褉芯谐	0.000295	0.040822	0.000012
谐褉褍写泻邪	0.001179	0.967584	0.001140
谐褉褍蟹懈薪	0.000295	3.912023	0.001153
谐褉褍蟹懈薪褋泻懈泄	0.000295	0.116534	0.000034
谐褉褍锌锌邪	0.000589	0.061875	0.000036
谐褍褉屑	0.000295	0.127833	0.000038
谐褍褉屑邪薪懈褟	0.001768	0.116534	0.000206
谐褍褋褜	0.000589	0.105361	0.000062
写邪胁邪褌褜	0.000589	0.040822	0.000024
写邪谢褢泻懈泄	0.000295	2.659260	0.000784
写邪屑邪	0.000295	3.506558	0.001033
写邪薪薪褘械	0.000295	0.040822	0.000012
写邪褉	0.000295	0.116534	0.000034
写邪褌邪	0.000589	0.248461	0.000146
写邪褌芯	0.000884	4.605170	0.004071
写邪褌褋泻懈泄	0.000295	0.116534	0.000034
写邪褌褜	0.000295	0.040822	0.000012
写邪褔薪褘泄	0.000884	0.116534	0.000103
写胁邪	0.000589	0.967584	0.000570
写械泻邪斜褉褜	0.000295	0.597837	0.000176
写械泻芯褉	0.000295	0.127833	0.000038
写械谢邪褌褜	0.000884	0.083382	0.000074
写械谢懈褌褜褋褟	0.000589	0.040822	0.000024
写械谢芯	0.000589	0.105361	0.000062
写械薪褜	0.002357	0.040822	0.000096
写械褉械胁芯	0.000295	3.912023	0.001153
写械褋械褉褌	0.007071	0.040822	0.000289
写械褋械褉褌邪褑懈褟	0.000295	0.116534	0.000034
写械褋械褉褌薪褘泄	0.000295	0.116534	0.000034
写械褌褋泻懈泄	0.000295	2.525729	0.000744
写械褌褋褌胁芯	0.000295	1.897120	0.000559
写卸械屑	0.000884	0.040822	0.000036
写卸械屑邪	0.000884	0.040822	0.000036
写蟹械薪	0.000295	0.116534	0.000034
写懈械褌邪	0.000589	0.094311	0.000056
写懈械褌懈褔械褋泻懈泄	0.000295	1.966113	0.000579
写懈泻懈泄	0.000884	0.116534	0.000103
写懈锌	0.000295	0.116534	0.000034
写懈褔褜	0.000884	0.116534	0.000103
写薪械胁薪懈泻	0.000295	0.061875	0.000018
写芯斜邪胁懈褌褜	0.000295	0.083382	0.000025
写芯斜邪胁谢械薪懈械	0.000295	0.223144	0.000066
写芯斜邪胁谢褟褌褜	0.000295	0.040822	0.000012
写芯斜褉芯褎谢芯褌	0.000295	0.127833	0.000038
写芯胁械褉褟褌褜	0.000295	0.116534	0.000034
写芯胁芯谢褜薪褘泄	0.000295	1.897120	0.000559
写芯谢卸薪褘泄	0.000295	1.078810	0.000318
写芯屑	0.003241	0.040822	0.000132
写芯屑邪褕薪懈泄	0.003536	0.040822	0.000144
写芯锌褍褋泻邪褌褜	0.000295	3.912023	0.001153
写芯褋褌褍锌薪褘泄	0.000295	2.659260	0.000784
写褉邪泄胁	0.001473	0.127833	0.000188
写褉芯卸卸械胁芯泄	0.000295	0.116534	0.000034
写褉褍谐	0.000589	0.544727	0.000321
写褉褍卸薪褘泄	0.000295	4.605170	0.001357
写褍褏芯胁泻邪	0.001179	0.105361	0.000124
写褍褕邪	0.001179	0.105361	0.000124
械胁褉械泄褋泻懈泄	0.000295	0.116534	0.000034
械谐懈锌械褌褋泻懈泄	0.000295	0.116534	0.000034
械写懈薪褘泄	0.000295	0.000000	0.000000
械泻芯	0.000295	0.127833	0.000038
卸邪褉泻芯械	0.000295	0.040822	0.000012
卸谐褍褔懈泄	0.000589	1.966113	0.001159
卸械谢械	0.000884	0.040822	0.000036
卸械谢褌芯泻	0.002357	1.237874	0.002918
卸械薪褋泻懈泄	0.000589	0.020203	0.000012
卸械薪褖懈薪邪	0.000589	0.061875	0.000036
卸懈蟹薪褜	0.000884	0.040822	0.000036
卸褍谢褜械薪	0.000295	0.040822	0.000012
卸褍褉薪邪谢	0.000295	0.072571	0.000021
卸褞谢褜械薪	0.000295	0.040822	0.000012
卸褞谢褜薪褘泄	0.000295	0.040822	0.000012
蟹邪胁邪褉薪芯泄	0.000589	0.116534	0.000069
蟹邪胁褌褉邪泻	0.002357	0.094311	0.000222
蟹邪谐芯褌芯胁泻邪	0.001179	0.040822	0.000048
蟹邪写邪胁邪褌褜	0.000295	0.040822	0.000012
蟹邪泻邪薪褔懈胁邪褌褜褋褟	0.000295	3.912023	0.001153
蟹邪泻胁邪褋泻邪	0.000884	0.040822	0.000036
蟹邪泻褉褘褌褘泄	0.000295	0.116534	0.000034
蟹邪泻褍褋泻邪	0.007955	0.040822	0.000325
蟹邪泻褍褋芯薪褔懈泻	0.000295	0.116534	0.000034
蟹邪泻褍褋芯褔泻邪	0.000295	0.116534	0.000034
蟹邪泻褍褋芯褔薪邪褟	0.002652	0.116534	0.000309
蟹邪泻褍褋芯褔薪褘泄	0.000295	1.660731	0.000489
蟹邪谢懈胁泻邪	0.000295	2.525729	0.000744
蟹邪谢懈胁薪芯械	0.000589	0.040822	0.000024
蟹邪屑械褔邪褌械谢褜薪褘泄	0.000295	0.713350	0.000210
蟹邪屑芯褉芯蟹泻邪	0.000295	0.105361	0.000031
蟹邪锌邪写	0.000295	0.116534	0.000034
蟹邪锌械泻邪薪泻邪	0.003241	0.040822	0.000132
蟹邪锌褉邪胁泻邪	0.000589	0.040822	0.000024
蟹邪褉械谐懈褋褌褉懈褉芯胁邪褌褜褋褟	0.000589	0.030459	0.000018
蟹邪褋芯谢泻邪	0.000295	0.116534	0.000034
蟹邪褟褑	0.000589	0.116534	0.000069
蟹胁邪薪褘泄	0.000295	0.127833	0.000038
蟹胁械蟹写邪	0.000295	0.116534	0.000034
蟹胁褢蟹写薪褘泄	0.000295	0.116534	0.000034
蟹写芯褉芯胁褘泄	0.000589	0.116534	0.000069
蟹写褉邪胁褋褌胁褍泄褌械	0.000295	2.407946	0.000709
蟹械谢械薪褜	0.001473	0.094311	0.000139
蟹械屑谢褟	0.000295	2.813411	0.000829
蟹械褎懈褉	0.000295	0.040822	0.000012
蟹懈屑邪	0.001179	0.040822	0.000048
蟹懈屑薪懈泄	0.000589	0.051293	0.000030
蟹懈褉邪	0.000589	3.218876	0.001897
蟹芯谢芯褌芯泄	0.000295	0.116534	0.000034
懈胁邪薪芯胁	0.000295	0.127833	0.000038
懈写械邪谢褜薪褘泄	0.002062	0.116534	0.000240
懈写械泄泻邪	0.000295	0.116534	0.000034
懈写械褟	0.000295	1.609438	0.000474
懈蟹写械谢懈械	0.005303	0.116534	0.000618
懈蟹褘褋泻邪薪薪褘泄	0.000295	2.813411	0.000829
懈泻褉邪	0.000884	0.040822	0.000036
懈屑褟	0.000295	0.030459	0.000009
懈薪胁械褉褌芯褉薪褘泄	0.000295	0.127833	0.000038
懈薪谐褉械写懈械薪褌	0.008839	0.139262	0.001231
懈薪写械泄泻邪	0.001768	0.094311	0.000167
懈薪写懈泄褋泻懈泄	0.000295	0.116534	0.000034
懈薪写懈谢邪泄褌邪	0.000884	0.116534	0.000103
懈薪写懈褉械褋薪褘泄	0.000295	0.116534	0.000034
懈薪褋褌褉褍泻褑懈褟	0.000295	0.030459	0.000009
懈薪褌械褉薪械褌	0.000589	0.967584	0.000570
懈褉邪泻褋泻懈泄	0.000295	0.116534	0.000034
懈褉邪薪褋泻懈泄	0.000295	0.116534	0.000034
懈褉懈薪邪	0.000295	3.506558	0.001033
懈褉谢邪薪写褋泻懈泄	0.000295	0.116534	0.000034
懈褋泻褉械薪薪械	0.000295	0.116534	0.000034
懈褋谢邪薪写褋泻懈泄	0.000295	0.116534	0.000034
懈褋锌邪薪褋泻懈泄	0.000295	0.116534	0.000034
懈褋锌械褔褜	0.000295	0.105361	0.000031
懈褋锌褉邪胁懈褌褜	0.000295	3.912023	0.001153
懈褋褌芯褉懈褟	0.001768	0.116534	0.000206
懈褌邪谢懈褟	0.000589	0.105361	0.000062
懈褌邪谢褜褟薪褋泻懈泄	0.000295	0.105361	0.000031
懈褞谢褜	0.000295	0.579818	0.000171
懈褞薪褜	0.000589	0.562119	0.000331
泄芯谐褍褉褌	0.000884	0.040822	0.000036
泻邪斜邪褔泻芯胁褘泄	0.000295	1.832581	0.000540
泻邪斜邪褔芯泻	0.000884	0.040822	0.000036
泻邪胁泻邪蟹褋泻懈泄	0.000295	0.116534	0.000034
泻邪蟹邪薪	0.000295	0.116534	0.000034
泻邪蟹邪褌褜褋褟	0.000295	1.139434	0.000336
泻邪蟹邪褏褋泻懈泄	0.000295	0.116534	0.000034
泻邪泻邪芯	0.000589	0.040822	0.000024
泻邪谢械泄写芯褋泻芯锌	0.001179	0.116534	0.000137
泻邪谢屑褘褑泻懈泄	0.000295	0.116534	0.000034
泻邪谢褜屑邪褉	0.000295	0.040822	0.000012
泻邪屑械褉邪	0.000295	0.116534	0.000034
泻邪薪邪写褋泻懈泄	0.000295	0.116534	0.000034
泻邪薪邪谢	0.000884	0.040822	0.000036
泻邪薪邪锌械	0.000589	0.040822	0.000024
泻邪锌褍褋褌邪	0.001768	0.040822	0.000072
泻邪锌褍褋褌薪褟泻	0.000295	0.040822	0.000012
泻邪褉邪屑械谢褜	0.000295	0.040822	0.000012
泻邪褉斜芯薪邪写	0.000589	3.506558	0.002066
泻邪褉泻邪褋薪褘泄	0.001179	0.116534	0.000137
泻邪褉褌芯褎械谢褜	0.000884	0.040822	0.000036
泻邪褉褌芯褎械谢褜薪褘泄	0.000589	0.040822	0.000024
泻邪褉褌芯褕泻邪	0.000589	0.040822	0.000024
泻邪褌械谐芯褉懈褟	0.004714	0.116534	0.000549
泻邪褔械褋褌胁芯	0.000589	0.105361	0.000062
泻邪褕邪	0.002062	0.040822	0.000084
泻胁邪写褉邪褌薪褘泄	0.000295	3.912023	0.001153
泻胁邪褋	0.001179	0.040822	0.000048
泻胁邪褋薪芯泄	0.000884	0.116534	0.000103
泻械泄屑斜褉懈写卸	0.000295	4.605170	0.001357
泻械泻褋	0.000884	0.040822	0.000036
泻械褎懈褉	0.000295	0.040822	0.000012
泻懈屑褔邪褌褜	0.000295	0.040822	0.000012
泻懈薪芯邪	0.000589	0.127833	0.000075
泻懈薪芯谢械薪褌邪	0.000295	0.116534	0.000034
泻懈褋械谢褜	0.000589	0.040822	0.000024
泻懈褌邪泄褋泻懈泄	0.000295	0.116534	0.000034
泻谢邪褋褋	0.002652	0.116534	0.000309
泻谢褍斜芯褔械泻	0.000295	4.605170	0.001357
泻薪懈谐邪	0.000589	0.040822	0.000024
泻芯泻褌械泄谢褜	0.001768	0.040822	0.000072
泻芯谢斜邪褋邪	0.000295	0.040822	0.000012
泻芯谢斜邪褋薪褘泄	0.000884	0.116534	0.000103
泻芯屑邪薪写邪	0.000589	0.127833	0.000075
泻芯屑懈	0.000295	0.116534	0.000034
泻芯屑屑械薪褌邪褉懈泄	0.000295	0.127833	0.000038
泻芯屑锌邪薪懈褟	0.000295	0.105361	0.000031
泻芯屑锌芯褌	0.000884	0.040822	0.000036
泻芯薪懈薪邪	0.000295	0.116534	0.000034
泻芯薪泻褍褉褋	0.063642	0.040822	0.002598
泻芯薪泻褍褉褋薪褘泄	0.000295	0.127833	0.000038
泻芯薪褋械褉胁懈褉芯胁邪薪懈械	0.000295	0.040822	0.000012
泻芯薪褋械褉胁懈褉芯胁邪薪薪褘泄	0.001473	0.116534	0.000172
泻芯薪褌邪泻褌	0.000295	2.302585	0.000678
泻芯薪褎械褌邪	0.000884	0.040822	0.000036
泻芯薪褎械褌褌懈	0.000295	0.116534	0.000034
泻芯薪褎懈写械薪褑懈邪谢褜薪芯褋褌褜	0.000295	0.040822	0.000012
泻芯薪褎懈褌褞褉	0.000295	0.040822	0.000012
泻芯锌褔褢薪芯褋褌褜	0.000295	0.116534	0.000034
泻芯褉械泄褋泻懈	0.000295	0.040822	0.000012
泻芯褉械泄褋泻懈泄	0.000295	0.105361	0.000031
泻芯褉卸懈泻	0.000295	0.040822	0.000012
泻芯褉懈褔薪械胁褘泄	0.000589	1.272966	0.000750
泻芯褉屑懈褌褜	0.000295	0.116534	0.000034
泻芯褉芯褔械	0.000295	2.995732	0.000883
泻芯褉芯褔泻邪	0.000295	1.309333	0.000386
泻芯褌谢械褌邪	0.000884	0.040822	0.000036
泻芯褎械	0.000589	0.040822	0.000024
泻褉邪褋懈胁褘泄	0.000589	0.843970	0.000497
泻褉邪褋泻邪	0.000295	0.116534	0.000034
泻褉邪褋薪褘泄	0.000589	0.941609	0.000555
泻褉邪褏屑邪谢	0.001179	0.891598	0.001051
泻褉械邪褌懈胁	0.000295	0.127833	0.000038
泻褉械屑	0.001768	0.040822	0.000072
泻褉械锌泻懈泄	0.000295	0.116534	0.000034
泻褉芯谢懈泻	0.000589	0.116534	0.000069
泻褉芯屑械	0.000295	0.061875	0.000018
泻褉芯褏邪	0.000295	0.116534	0.000034
泻褉褍谐	0.000884	0.116534	0.000103
泻褉褍谐谢褘泄	0.000295	2.813411	0.000829
泻褉褍锌	0.001768	0.105361	0.000186
泻褉褍锌邪	0.002652	0.116534	0.000309
泻褉褍锌褟薪芯泄	0.000295	0.116534	0.000034
泻褍斜懈薪褋泻懈泄	0.000295	0.116534	0.000034
泻褍蟹褜屑懈薪	0.000295	4.605170	0.001357
泻褍谢械褕	0.000295	0.040822	0.000012
泻褍谢懈薪邪褉懈褟	0.000884	0.094311	0.000083
泻褍谢懈薪邪褉薪褘泄	0.002062	0.000000	0.000000
泻褍谢懈褔	0.000589	0.040822	0.000024
泻褍谢褜屑斜邪褏械褉褋泻懈泄	0.000295	3.912023	0.001153
泻褍薪卸褍褌	0.001179	0.994252	0.001172
泻褍褉写褋泻懈泄	0.000295	0.116534	0.000034
泻褍褉懈薪褘泄	0.007366	0.094311	0.000695
泻褍褉懈褑邪	0.001179	0.040822	0.000048
泻褍褉芯褔泻邪	0.000295	0.116534	0.000034
泻褍褋泻褍褋	0.000295	0.040822	0.000012
泻褍褏薪褟	0.002062	0.040822	0.000084
谢邪胁邪褕	0.001768	0.040822	0.000072
谢邪谐屑邪薪	0.000295	0.040822	0.000012
谢邪泻芯屑褋褌胁芯	0.000295	0.116534	0.000034
谢邪锌褕邪	0.000589	0.040822	0.000024
谢邪褌褘褕褋泻懈泄	0.000295	0.116534	0.000034
谢械谐泻芯	0.001768	0.116534	0.000206
谢械薪懈胁褘泄	0.000295	1.427116	0.000420
谢械薪懈薪谐褉邪写褋泻懈泄	0.000295	4.605170	0.001357
谢械锌褢褕泻邪	0.000589	0.040822	0.000024
谢械褌薪懈泄	0.000589	0.040822	0.000024
谢械褌芯	0.001768	0.116534	0.000206
谢械褔芯	0.000295	0.040822	0.000012
谢懈谐邪	0.000884	0.116534	0.000103
谢懈泻褢褉	0.000295	0.040822	0.000012
谢懈屑芯薪邪写	0.000589	0.040822	0.000024
谢懈屑芯薪薪褘泄	0.000589	0.713350	0.000420
谢懈褌芯胁褋泻	0.000295	0.127833	0.000038
谢懈褌芯胁褋泻懈泄	0.000295	0.116534	0.000034
谢芯褉褏械薪	0.000295	3.912023	0.001153
谢褍泻	0.002357	0.301105	0.000710
谢褞斜懈屑褘泄	0.002357	0.116534	0.000275
谢褞斜芯胁褜	0.000589	0.105361	0.000062
谢褞斜芯泄	0.000295	0.094311	0.000028
谢褟	0.000589	1.771957	0.001044
谢褢谐泻懈泄	0.001473	0.094311	0.000139
谢褢写	0.000295	0.116534	0.000034
屑邪谐邪蟹懈薪薪褘泄	0.000295	2.302585	0.000678
屑邪谐褉懈斜	0.000295	0.116534	0.000034
屑邪泄	0.000295	0.116534	0.000034
屑邪泄芯薪械蟹	0.000295	0.116534	0.000034
屑邪泻邪褉芯薪薪褘泄	0.000295	0.116534	0.000034
屑邪泻邪褉芯薪褘	0.000295	0.040822	0.000012
屑邪谢邪蟹懈泄褋泻懈泄	0.000295	0.116534	0.000034
屑邪谢芯褋褌褜	0.000295	3.912023	0.001153
屑邪谢褜褔懈泻	0.000295	3.218876	0.000948
屑邪薪薪懈泻	0.000295	0.040822	0.000012
屑邪薪褌邪	0.000295	0.116534	0.000034
屑邪薪褢胁褉	0.000295	0.116534	0.000034
屑邪褉邪褎芯薪	0.000884	0.116534	0.000103
屑邪褉懈薪邪写	0.003536	0.040822	0.000144
屑邪褉懈薪芯胁邪褌褜	0.000295	0.116534	0.000034
屑邪褉屑械谢邪写	0.000295	0.040822	0.000012
屑邪褉芯泻泻邪薪褋泻懈泄	0.000295	0.116534	0.000034
屑邪褉褌	0.002062	0.105361	0.000217
屑邪褋泻邪褉锌芯薪	0.000295	0.040822	0.000012
屑邪褋谢械薪懈褑邪	0.000884	0.040822	0.000036
屑邪褋谢械薪懈褔薪褘泄	0.000295	0.116534	0.000034
屑邪褋谢芯	0.002946	0.105361	0.000310
屑邪褋褌械褉	0.002652	0.116534	0.000309
屑邪褋褌懈泻邪	0.000589	0.040822	0.000024
屑邪褎褎懈薪邪	0.000295	0.116534	0.000034
屑邪褏械械胁褗	0.001179	0.116534	0.000137
屑械写懈邪褎芯褉褌	0.000884	0.000000	0.000000
屑械写芯胁褘泄	0.000295	0.116534	0.000034
屑械泻褋懈泻邪薪褋泻懈泄	0.000295	0.116534	0.000034
屑械薪褞	0.000295	0.116534	0.000034
屑械薪褟褌褜褋褟	0.000295	0.116534	0.000034
屑械褔褌邪	0.000884	0.040822	0.000036
屑懈写懈褟	0.000295	0.040822	0.000012
屑懈泻褉芯胁芯谢薪芯胁泻邪	0.000295	0.105361	0.000031
屑懈谢褘泄	0.000295	3.506558	0.001033
屑懈谢褜褟	0.000295	0.116534	0.000034
屑懈薪褍褌邪	0.000589	0.544727	0.000321
屑懈芯	0.000295	0.116534	0.000034
屑懈褉	0.000589	0.105361	0.000062
屑懈褉芯胁芯泄	0.000295	0.116534	0.000034
屑懈褋芯	0.000295	0.040822	0.000012
屑懈褋褌械褉懈褟	0.000295	0.116534	0.000034
屑懈褋褌褉邪谢褜	0.002062	0.116534	0.000240
屑薪芯卸械褋褌胁芯	0.000295	0.040822	0.000012
屑芯泄	0.001473	0.083382	0.000123
屑芯谢写邪胁褋泻懈泄	0.000295	0.116534	0.000034
屑芯谢芯泻芯	0.002946	0.083382	0.000246
屑芯谢芯褔薪褘泄	0.000884	0.040822	0.000036
屑芯屑械薪褌	0.000884	0.105361	0.000093
屑芯薪谐芯谢褜褋泻懈泄	0.000295	0.116534	0.000034
屑芯褉械	0.000589	0.116534	0.000069
屑芯褉械锌褉芯写褍泻褌	0.003830	0.040822	0.000156
屑芯褉泻芯胁褜	0.001473	0.040822	0.000060
屑芯褉芯卸械薪芯械	0.000884	0.040822	0.000036
屑芯褉芯蟹懈谢泻邪	0.000295	2.813411	0.000829
屑芯褉褋	0.000589	0.040822	0.000024
屑芯褌芯褉	0.000295	0.116534	0.000034
屑芯褏懈褌褘泄	0.000295	0.040822	0.000012
屑芯褔褜	0.000589	0.000000	0.000000
屑褍卸褋泻芯泄	0.000295	0.127833	0.000038
屑褍卸褔懈薪邪	0.000589	0.116534	0.000069
屑褍泻邪	0.000589	0.248461	0.000146
屑褍谢褜褌懈胁邪褉泻邪	0.011786	0.116534	0.001373
屑褍谢褜褌懈锌械泻邪褉褜	0.000884	0.116534	0.000103
屑褍褋褋	0.000295	0.040822	0.000012
屑褍褋褋邪	0.000884	0.040822	0.000036
屑褍褔薪芯泄	0.000295	0.116534	0.000034
屑褞褋谢懈	0.000589	0.116534	0.000069
屑褟褋薪芯泄	0.005303	0.040822	0.000216
屑褟褋芯	0.006777	0.040822	0.000277
薪邪蟹邪写	0.000295	0.967584	0.000285
薪邪蟹胁邪薪懈械	0.000295	0.562119	0.000166
薪邪蟹薪邪褔械薪懈械	0.000295	0.116534	0.000034
薪邪泄褌懈	0.000295	0.446287	0.000131
薪邪谢懈胁泻邪	0.000295	0.040822	0.000012
薪邪锌懈褌芯泻	0.002062	0.040822	0.000084
薪邪褋褌芯泄泻邪	0.000295	0.040822	0.000012
薪邪褋褌褉芯械薪懈械	0.000295	0.116534	0.000034
薪邪褑懈芯薪邪谢褜薪褘泄	0.000295	0.116534	0.000034
薪邪褔懈薪泻邪	0.000884	0.040822	0.000036
薪邪褕	0.001473	0.040822	0.000060
薪械斜芯	0.000295	2.407946	0.000709
薪械写械谢褟	0.003536	0.051293	0.000181
薪械械械褌褜	0.000295	3.912023	0.001153
薪械卸薪褘泄	0.000884	0.094311	0.000083
薪械泻芯褌芯褉褘泄	0.000295	1.897120	0.000559
薪械屑械褑泻懈泄	0.000295	0.116534	0.000034
薪械芯斜褘泻薪芯胁械薪薪褘泄	0.000295	2.995732	0.000883
薪械芯卸懈写邪薪薪褘泄	0.000295	0.116534	0.000034
薪械褋谢邪写泻懈泄	0.000295	0.116534	0.000034
薪懈薪邪	0.000295	1.078810	0.000318
薪懈褌泻邪	0.000295	4.605170	0.001357
薪懈褔械谐芯	0.000295	0.941609	0.000277
薪芯胁芯谐芯写薪懈泄	0.006482	0.040822	0.000265
薪芯胁芯褋褌褜	0.000295	0.061875	0.000018
薪芯胁褘泄	0.003536	0.030459	0.000108
薪芯褉胁械卸褋泻懈泄	0.000295	0.116534	0.000034
薪芯褋懈褌褜	0.000295	3.912023	0.001153
薪芯褟斜褉褜	0.000589	0.527633	0.000311
芯斜写褍屑褘胁邪褌褜	0.000295	4.605170	0.001357
芯斜械写	0.000884	0.105361	0.000093
芯斜械蟹褜褟薪邪	0.000295	0.116534	0.000034
芯斜械褖邪褌褜	0.000295	2.407946	0.000709
芯斜懈写薪褘泄	0.000295	4.605170	0.001357
芯斜褖邪褌褜褋褟	0.000295	0.040822	0.000012
芯斜褘褔薪褘泄	0.000295	1.386294	0.000408
芯胁邪谢褜薪褘泄	0.000295	4.605170	0.001357
芯胁芯褖	0.006187	0.094311	0.000584
芯胁芯褖薪芯泄	0.002652	0.040822	0.000108
芯胁褋褟薪褘泄	0.000295	0.105361	0.000031
芯谐薪械薪薪褘泄	0.000295	0.116534	0.000034
芯谐芯薪褜	0.000295	0.094311	0.000028
芯谐褍褉械褑	0.000589	0.116534	0.000069
芯写薪芯褝褌邪卸薪褘泄	0.000295	2.302585	0.000678
芯泻邪蟹褘胁邪褌褜褋褟	0.000295	3.218876	0.000948
芯泻芯薪褔邪褌械谢褜薪芯	0.000295	3.912023	0.001153
芯泻褉芯褕泻邪	0.000884	0.040822	0.000036
芯泻褌褟斜褉褜	0.000884	0.562119	0.000497
芯谢邪写褜褟	0.000884	0.040822	0.000036
芯谢械泄薪芯泄	0.001179	0.116534	0.000137
芯谢械泄薪褘泄	0.001179	0.116534	0.000137
芯谢懈胁泻芯胁褘泄	0.000589	0.544727	0.000321
芯谢褜谐邪	0.000295	1.386294	0.000408
芯屑谢械褌	0.000295	0.040822	0.000012
芯锌邪褉邪	0.000295	0.040822	0.000012
芯锌褉芯斜芯胁邪褌褜	0.000295	2.120264	0.000625
芯锌褉芯褋	0.000295	0.061875	0.000018
芯锌褟褌褜	0.000295	2.040221	0.000601
芯褉械褏	0.000589	0.776529	0.000458
芯褋械薪薪懈泄	0.001179	0.051293	0.000060
芯褋械薪褜	0.002946	0.105361	0.000310
芯褋薪芯胁薪褘泄	0.000295	0.040822	0.000012
芯褋芯斜械薪薪芯	0.000295	1.469676	0.000433
芯褋褌邪胁邪褌褜褋褟	0.000295	0.116534	0.000034
芯褋褌邪薪芯胁懈褌褜褋褟	0.000295	1.560648	0.000460
芯褌胁械褌	0.000589	0.000000	0.000000
芯褌胁械褌懈褌褜	0.000295	0.051293	0.000015
芯褌泻褉褘褌褘泄	0.001179	0.105361	0.000124
芯褌屑械薪懈褌褜	0.000295	0.040822	0.000012
芯褌芯蟹胁邪褌褜褋褟	0.000295	4.605170	0.001357
芯褏谢邪写懈褌褜	0.000295	0.116534	0.000034
锌邪泻械褌懈泻	0.000295	0.105361	0.000031
锌邪谢芯褔泻邪	0.000295	0.040822	0.000012
锌邪薪懈褉芯胁泻邪	0.002357	0.116534	0.000275
锌邪薪懈褉芯胁芯褔薪褘泄	0.000589	1.309333	0.000772
锌邪锌褉懈泻邪	0.000589	1.171183	0.000690
锌邪褉邪	0.000295	0.116534	0.000034
锌邪褉邪写	0.002062	0.116534	0.000240
锌邪褉芯胁邪褉泻邪	0.002652	0.105361	0.000279
锌邪褉芯谢褜	0.000295	0.020203	0.000006
锌邪褋褌邪	0.000884	0.040822	0.000036
锌邪褋褌褉芯屑邪	0.000295	0.040822	0.000012
锌邪褋褏邪	0.000589	0.040822	0.000024
锌邪褋褏邪谢褜薪褘泄	0.000884	0.116534	0.000103
锌邪褌懈褋褜械褉	0.000589	3.912023	0.002305
锌邪褕褌械褌	0.000884	0.040822	0.000036
锌械泻邪褉褜	0.000295	0.127833	0.000038
锌械谢褜屑械薪褜	0.000295	0.116534	0.000034
锌械褉胁褘泄	0.001179	0.040822	0.000048
锌械褉械泄褌懈	0.000295	0.040822	0.000012
锌械褉械泻褍褋	0.000884	0.116534	0.000103
锌械褉械褑	0.003241	0.040822	0.000132
锌械褉懈薪邪	0.000295	4.605170	0.001357
锌械褉褋芯薪邪	0.000295	0.116534	0.000034
锌械褉褋锌械泻褌懈胁邪	0.000295	4.605170	0.001357
锌械褉褍邪薪褋泻懈泄	0.000295	0.116534	0.000034
锌械褋芯褔薪褘泄	0.000884	0.105361	0.000093
锌械褌械谢懈薪泻	0.000295	0.127833	0.000038
锌械褌褉褍褕泻邪	0.001179	0.673345	0.000794
锌械褔械薪懈械	0.002652	0.040822	0.000108
锌械褔褜	0.000295	0.116534	0.000034
锌械褔褢薪芯褔薪褘泄	0.000295	0.040822	0.000012
锌懈胁芯	0.000295	0.116534	0.000034
锌懈泻邪薪褌	0.000295	0.127833	0.000038
锌懈泻薪懈泻	0.001179	0.105361	0.000124
锌懈褉	0.000295	0.116534	0.000034
锌懈褉芯谐	0.002652	0.040822	0.000108
锌懈褉芯卸薪芯械	0.001768	0.040822	0.000072
锌懈褉芯卸芯泻	0.000295	0.040822	0.000012
锌懈褌邪薪懈械	0.001473	0.094311	0.000139
锌懈褑褑邪	0.000589	0.040822	0.000024
锌谢邪屑褟	0.000295	0.116534	0.000034
锌谢邪薪	0.000295	3.218876	0.000948
锌谢懈褌邪	0.001179	0.116534	0.000137
锌谢芯胁	0.000295	0.116534	0.000034
锌谢芯写	0.000295	0.116534	0.000034
锌芯胁邪褉褢薪芯泻	0.001473	0.000000	0.000000
锌芯胁懈写谢芯	0.000295	0.040822	0.000012
锌芯胁褋械写薪械胁薪褘泄	0.000295	3.506558	0.001033
锌芯写邪褉芯泻	0.000295	0.116534	0.000034
锌芯写邪褌褜	0.000295	1.427116	0.000420
锌芯写谐谢褟写械褌褜	0.000295	3.912023	0.001153
锌芯写谐芯褌芯胁泻邪	0.000295	2.813411	0.000829
锌芯写械谢懈褌褜褋褟	0.000884	0.400478	0.000354
锌芯写谢懈胁	0.000295	0.116534	0.000034
锌芯写谢懈胁泻邪	0.000295	0.040822	0.000012
锌芯写芯泄褌懈	0.000589	1.272966	0.000750
锌芯写锌懈褋邪褌褜褋褟	0.000884	0.040822	0.000036
锌芯写褔械褉泻薪褍褌褜	0.000295	3.912023	0.001153
锌芯械写懈薪芯泻	0.004125	0.116534	0.000481
锌芯蟹写褉邪胁懈褌褜	0.000295	0.116534	0.000034
锌芯懈褋泻	0.000295	0.051293	0.000015
锌芯懈褋泻邪褌褜	0.000295	4.605170	0.001357
锌芯谢写薪懈泻	0.000589	0.116534	0.000069
锌芯谢械蟹薪芯	0.000295	0.116534	0.000034
锌芯谢械蟹薪褘泄	0.000295	1.427116	0.000420
锌芯谢懈褌懈泻邪	0.000295	0.040822	0.000012
锌芯谢薪芯褑械薪薪褘泄	0.000295	2.813411	0.000829
锌芯谢芯胁懈薪邪	0.002357	0.105361	0.000248
锌芯谢褍褔邪褌褜	0.000589	0.040822	0.000024
锌芯谢褍褔邪褌褜褋褟	0.000295	0.328504	0.000097
锌芯谢褜蟹邪	0.001473	0.116534	0.000172
锌芯谢褜褋泻懈泄	0.000295	0.116534	0.000034
锌芯屑邪写泻邪	0.000884	0.040822	0.000036
锌芯屑懈写芯褉	0.000589	0.116534	0.000069
锌芯屑懈写芯褉泻	0.000295	0.127833	0.000038
锌芯屑薪懈褌褜	0.000589	1.469676	0.000866
锌芯薪褉邪胁懈褌褜褋褟	0.000589	0.040822	0.000024
锌芯薪褔懈泻	0.000589	0.040822	0.000024
锌芯褉邪	0.000295	0.105361	0.000031
锌芯褉邪写芯胁邪褌褜	0.000295	1.309333	0.000386
锌芯褉邪蟹懈褌械谢褜薪芯	0.000295	4.605170	0.001357
锌芯褉褌褍谐邪谢褜褋泻懈泄	0.000295	0.116534	0.000034
锌芯褋械褖邪褌褜	0.000295	0.061875	0.000018
锌芯褋褌	0.001473	0.105361	0.000155
锌芯褋褌薪褘泄	0.000884	0.040822	0.000036
锌芯褋褌芯褟薪薪芯	0.000295	0.040822	0.000012
锌芯褋褌褉芯懈褌褜	0.000295	0.105361	0.000031
锌芯褋褍写邪	0.000589	0.094311	0.000056
锌芯褏芯卸懈泄	0.000295	0.994252	0.000293
锌芯褔褌邪	0.000295	0.040822	0.000012
锌芯褔褌懈	0.000295	1.021651	0.000301
锌芯褕邪谐芯胁褘泄	0.000589	0.040822	0.000024
锌褉邪蟹写薪懈泻	0.000884	0.105361	0.000093
锌褉邪蟹写薪懈褔薪芯	0.000295	0.116534	0.000034
锌褉邪蟹写薪懈褔薪褘泄	0.000884	0.105361	0.000093
锌褉邪泻褌懈泻褍屑	0.000295	0.116534	0.000034
锌褉邪泻褌懈褔薪芯	0.000295	2.525729	0.000744
锌褉械胁芯褋褏芯写薪褘泄	0.000295	0.116534	0.000034
锌褉械胁褉邪褖械薪懈械	0.000295	0.116534	0.000034
锌褉械写谢邪谐邪褌褜	0.000295	0.693147	0.000204
锌褉械写褋褌芯褟褖懈泄	0.000295	4.605170	0.001357
锌褉械泻褉邪褋薪芯	0.000295	1.714798	0.000505
锌褉械褋薪褘泄	0.000295	0.116534	0.000034
锌褉懈谐芯写懈褌褜褋褟	0.000295	1.560648	0.000460
锌褉懈谐芯褌芯胁懈褌褜	0.000589	0.083382	0.000049
锌褉懈谐芯褌芯胁谢械薪懈械	0.001179	0.040822	0.000048
锌褉懈写褍屑邪褌褜	0.000295	1.237874	0.000365
锌褉懈蟹	0.000295	0.040822	0.000012
锌褉懈蟹薪邪薪懈械	0.000295	0.116534	0.000034
锌褉懈蟹薪邪褌褜褋褟	0.000295	3.506558	0.001033
锌褉懈锌褉邪胁邪	0.000295	0.040822	0.000012
锌褉懈褉芯写邪	0.000884	0.105361	0.000093
锌褉懈褋褌褍锌懈褌褜	0.000295	0.040822	0.000012
锌褉懈褏芯写	0.000295	3.912023	0.001153
锌褉芯斜芯胁邪褌褜	0.000589	0.843970	0.000497
锌褉芯胁械褉懈褌褜	0.001768	0.116534	0.000206
锌褉芯胁械褋褌懈	0.001179	0.116534	0.000137
锌褉芯胁芯写懈褌褜	0.000295	0.040822	0.000012
锌褉芯胁芯卸邪褌褜	0.000295	0.116534	0.000034
锌褉芯写胁懈薪褍褌褜	0.000295	4.605170	0.001357
锌褉芯写褍泻褌	0.000884	0.072571	0.000064
锌褉芯械泻褌	0.000589	0.051293	0.000030
锌褉芯懈蟹胁械褋褌懈	0.000295	1.966113	0.000579
锌褉芯褋屑芯褌褉	0.000295	0.274437	0.000081
锌褉芯褋褌芯	0.000884	0.083382	0.000074
锌褉芯褋褌芯泄	0.000589	0.301105	0.000177
锌褉芯褋褌芯泻胁邪褕邪	0.000295	0.040822	0.000012
锌褉芯褋褌芯褉	0.000589	1.660731	0.000979
锌褉芯褎懈谢褜	0.000295	0.040822	0.000012
锌褉褟屑芯	0.000589	0.040822	0.000024
锌褉褟薪懈泻	0.000589	0.040822	0.000024
锌褉褟薪懈褔薪褘泄	0.000295	0.116534	0.000034
锌褉褟薪芯褋褌褜	0.000589	2.995732	0.001765
锌褌懈褑邪	0.005893	0.116534	0.000687
锌褍写懈薪谐	0.000884	0.040822	0.000036
锌褍写褉邪	0.001179	1.771957	0.002088
锌褍薪褕	0.000295	0.040822	0.000012
锌褍褉懈	0.000295	4.605170	0.001357
锌褍褌械褕械褋褌胁懈械	0.000589	0.116534	0.000069
锌褍褌褜	0.000295	0.116534	0.000034
锌褍褏	0.000295	3.218876	0.000948
锌褕械薪懈褔薪褘泄	0.000589	0.287682	0.000170
锌褘褕泻邪	0.000589	0.040822	0.000024
锌褞褉械	0.001179	0.040822	0.000048
锌褟褌薪懈褑邪	0.000295	3.506558	0.001033
褉邪斜芯褌邪	0.000295	1.237874	0.000365
褉邪谐褍	0.000295	0.116534	0.000034
褉邪蟹胁械褉薪褍褌褜	0.000295	0.116534	0.000034
褉邪蟹写械谢褜薪褘泄	0.000295	0.116534	0.000034
褉邪蟹屑械褋褌懈褌褜	0.000295	1.714798	0.000505
褉邪蟹薪褘泄	0.000589	0.094311	0.000056
褉邪褋褋泻邪蟹邪褌褜	0.000295	1.897120	0.000559
褉邪褋褋芯谢褜薪懈泻	0.000884	0.040822	0.000036
褉邪褋褋褘谢泻邪	0.000295	0.061875	0.000018
褉械斜褢薪芯泻	0.000884	0.094311	0.000083
褉械谐懈褋褌褉邪褑懈褟	0.000884	0.000000	0.000000
褉械蟹褍谢褜褌邪褌	0.000589	0.820981	0.000484
褉械泄褌懈薪谐	0.000295	0.235722	0.000069
褉械锌褔邪褌褘泄	0.002357	0.430783	0.001015
褉械褑械锌褌	0.027696	0.040822	0.001131
褉械褕懈褌褜	0.000295	0.693147	0.000204
褉懈褋	0.001473	0.040822	0.000060
褉懈褌屑	0.000295	0.116534	0.000034
褉芯谐邪谢懈泻	0.000295	0.040822	0.000012
褉芯写	0.000295	1.832581	0.000540
褉芯写薪褘泄	0.000295	0.116534	0.000034
褉芯卸写械薪懈械	0.000295	0.105361	0.000031
褉芯卸写械褋褌胁芯	0.000295	0.116534	0.000034
褉芯蟹邪	0.001179	2.995732	0.003531
褉芯蟹邪薪	0.000295	4.605170	0.001357
褉芯蟹芯褔泻邪	0.000295	3.912023	0.001153
褉芯谢谢	0.000884	0.040822	0.000036
褉芯谢谢褌芯薪	0.000295	0.116534	0.000034
褉芯屑	0.000295	0.040822	0.000012
褉褍斜褉懈泻邪褌芯褉	0.000295	0.051293	0.000015
褉褍卸	0.000295	3.506558	0.001033
褉褍谢械褌	0.003241	0.040822	0.000132
褉褍屑褘薪褋泻懈泄	0.000295	0.116534	0.000034
褉褍屑褟薪褘泄	0.000295	0.116534	0.000034
褉褍薪械褌	0.000295	0.020203	0.000006
褉褍褋褋泻懈泄	0.000295	0.105361	0.000031
褉褍褋褘泄	0.000589	4.605170	0.002714
褉褘斜邪	0.007366	0.040822	0.000301
褉褘斜薪褘泄	0.002946	0.105361	0.000310
褉褟卸械薪泻邪	0.000295	0.116534	0.000034
褋邪泄褌	0.001768	0.000000	0.000000
褋邪谢邪褌	0.009428	0.040822	0.000385
褋邪谢邪褌薪褘泄	0.000295	0.116534	0.000034
褋邪屑芯谐芯薪	0.000295	0.040822	0.000012
褋邪屑褘泄	0.000884	0.105361	0.000093
褋邪褎	0.000884	0.116534	0.000103
褋邪褎褋械屑邪	0.000295	0.116534	0.000034
褋邪褏邪褉	0.004125	0.105361	0.000435
褋邪褏邪褉薪褘泄	0.001179	1.771957	0.002088
褋斜懈褌械薪褜	0.000295	0.040822	0.000012
褋胁械卸械褋褌褜	0.000295	0.105361	0.000031
褋胁械泻芯谢褜薪懈泻	0.000589	0.040822	0.000024
褋胁械褌	0.001179	0.116534	0.000137
褋胁械褌邪	0.001179	0.116534	0.000137
褋胁械褌懈薪褜泻邪	0.000295	3.912023	0.001153
褋胁懈薪懈薪	0.001179	0.116534	0.000137
褋胁懈薪懈薪邪	0.000295	0.040822	0.000012
褋胁褢泻谢邪	0.000295	0.040822	0.000012
褋谐褍褋褌懈褌褜	0.000589	1.966113	0.001159
褋谐褍褖褢薪泻邪	0.000295	0.040822	0.000012
褋写械谢邪褌褜	0.001179	0.733969	0.000865
褋械谐芯写薪褟	0.000589	0.843970	0.000497
褋械蟹芯薪	0.000295	0.116534	0.000034
褋械泄褔邪褋	0.000589	0.030459	0.000018
褋械泻褉械褌	0.000589	0.116534	0.000069
褋械谢褢写泻邪	0.000295	0.040822	0.000012
褋械屑械泄薪褘泄	0.000589	0.116534	0.000069
褋械屑褜褟	0.000884	0.116534	0.000103
褋懈写褉	0.000295	0.040822	0.000012
褋懈谢褜薪芯	0.000295	3.218876	0.000948
褋懈谢褜薪褘泄	0.000295	2.659260	0.000784
褋懈褉懈泄褋泻懈泄	0.000295	0.116534	0.000034
褋懈褉芯锌	0.000589	0.040822	0.000024
褋懈褋褌械屑邪	0.000295	0.040822	0.000012
褋懈褌懈	0.000295	0.127833	0.000038
褋泻邪蟹邪褌褜	0.000295	0.400478	0.000118
褋泻邪蟹泻邪	0.000295	0.116534	0.000034
褋泻褍褔邪褌褜	0.000295	3.912023	0.001153
褋谢邪写泻懈泄	0.006187	0.040822	0.000253
褋谢邪写泻芯	0.000295	0.116534	0.000034
褋谢懈胁泻邪	0.001179	1.049822	0.001237
褋谢懈胁芯褔薪褘泄	0.002062	0.105361	0.000217
褋谢芯卸薪褘泄	0.000295	2.207275	0.000650
褋谢芯泄泻邪	0.002946	0.040822	0.000120
褋谢芯褢薪褘泄	0.012080	0.116534	0.001408
褋屑械褌邪薪邪	0.000884	0.105361	0.000093
褋屑械褌邪薪薪褘泄	0.000295	2.813411	0.000829
褋屑械褕邪薪薪褘泄	0.000295	0.116534	0.000034
褋屑芯褌褉械褌褜褋褟	0.000295	2.659260	0.000784
褋屑芯褔褜	0.000295	0.040822	0.000012
褋屑褍蟹懈	0.000884	0.040822	0.000036
褋薪褝泻	0.000295	0.116534	0.000034
褋芯斜懈褉邪褌褜褋褟	0.000295	0.040822	0.000012
褋芯胁械褉褕械薪褋褌胁芯	0.001473	0.116534	0.000172
褋芯胁械褌	0.000295	0.040822	0.000012
褋芯谐谢邪褋薪褘泄	0.000295	2.813411	0.000829
褋芯谐谢邪褕邪褌褜褋褟	0.000295	0.040822	0.000012
褋芯械胁褘泄	0.000589	0.798508	0.000471
褋芯蟹写邪胁邪褌褜	0.000589	0.105361	0.000062
褋芯蟹写邪薪懈械	0.000589	0.261365	0.000154
褋芯泻	0.001473	0.040822	0.000060
褋芯谢械薪懈械	0.000589	0.116534	0.000069
褋芯谢薪械褔薪褘泄	0.000295	0.116534	0.000034
褋芯谢褜	0.002946	0.127833	0.000377
褋芯谢褟薪泻邪	0.000589	0.040822	0.000024
褋芯谢褢薪褘泄	0.000884	0.116534	0.000103
褋芯褉褌懈褉芯胁邪褌褜	0.000295	0.248461	0.000073
褋芯褋懈褋泻邪	0.000589	2.207275	0.001301
褋芯褋褌邪胁懈褌褜	0.000295	0.116534	0.000034
褋芯褍褋	0.006187	0.040822	0.000253
褋芯褏褉邪薪褟褌褜	0.000295	0.040822	0.000012
褋芯褑褋械褌褜	0.000295	0.040822	0.000012
褋芯褔械褌邪薪懈械	0.000589	0.105361	0.000062
褋芯褔薪芯	0.000295	2.120264	0.000625
褋芯褔薪褘泄	0.000884	0.116534	0.000103
褋锌邪谢褜薪褟	0.000295	0.415515	0.000122
褋锌邪褋懈斜芯	0.000295	0.673345	0.000198
褋锌械褌褜	0.000295	0.116534	0.000034
褋锌械褑懈邪谢褜薪褘泄	0.000295	0.094311	0.000028
褋锌械褑懈褟	0.002062	0.094311	0.000195
褋锌械褑锌褉芯械泻褌	0.009723	0.116534	0.001133
褋锌械褕懈褌褜	0.000589	1.897120	0.001118
褋锌懈褉邪谢褜泻邪	0.000295	3.912023	0.001153
褋锌懈褋芯泻	0.000295	0.116534	0.000034
褋锌褉邪胁懈褌褜褋褟	0.000589	2.813411	0.001658
褋褉邪蟹褍	0.000295	0.733969	0.000216
褋褉械写懈蟹械屑薪芯屑芯褉褋泻懈泄	0.000295	0.127833	0.000038
褋褋褋褉	0.000295	3.218876	0.000948
褋褌邪褉褘泄	0.000295	0.261365	0.000077
褋褌邪褌褜褟	0.000295	0.061875	0.000018
褋褌懈谢褜	0.000589	0.116534	0.000069
褋褌芯谢	0.003241	0.105361	0.000341
褋褌褉邪薪邪	0.000295	1.832581	0.000540
褋褌褉芯懈褌械谢褜褋褌胁芯	0.000589	0.040822	0.000024
褋褌褉芯懈褌褜	0.000295	0.040822	0.000012
褋褌褉芯泄薪褘泄	0.000295	0.116534	0.000034
褋褌褘写薪芯	0.000295	2.120264	0.000625
褋褍斜锌褉芯写褍泻褌	0.002946	0.116534	0.000343
褋褍锌	0.005598	0.040822	0.000229
褋褍锌械褉	0.000295	2.302585	0.000678
褋褍锌械褉斜邪斜褍褕泻邪	0.000295	1.237874	0.000365
褋褍褎谢械	0.000884	0.040822	0.000036
褋褍褏邪褉褜	0.000884	0.040822	0.000036
褋褍褏芯泄	0.000295	1.427116	0.000420
褋褍褕懈褌褜	0.000589	0.040822	0.000024
褋褘褉	0.006482	0.040822	0.000265
褋褘褉薪懈泻	0.000884	0.040822	0.000036
褋褘褉薪褘泄	0.001179	0.040822	0.000048
褋褘褌薪褘泄	0.000589	0.105361	0.000062
褋褘褔褍卸薪褘泄	0.000295	0.127833	0.000038
褋褝薪写胁懈褔	0.000295	0.127833	0.000038
褋褞褉锌褉懈蟹	0.000295	0.116534	0.000034
褋褢屑谐邪	0.000884	0.040822	0.000036
褌邪写卸懈泻褋泻懈泄	0.000295	0.116534	0.000034
褌邪泄褋泻懈泄	0.000295	0.116534	0.000034
褌邪褉褌	0.000884	0.116534	0.000103
褌邪褉褌邪谢械褌泻邪	0.000884	0.040822	0.000036
褌邪褌邪褉褋泻懈泄	0.000295	0.116534	0.000034
褌胁芯泄	0.000589	0.116534	0.000069
褌胁芯褉懈褌褜	0.000295	0.116534	0.000034
褌胁芯褉芯谐	0.000884	0.040822	0.000036
褌胁芯褉芯卸薪褘泄	0.001179	0.094311	0.000111
褌胁褢褉写褘泄	0.003536	0.544727	0.001926
褌械谢械谐褉邪屑	0.000295	0.040822	0.000012
褌械谢褟褌懈薪邪	0.001179	0.116534	0.000137
褌械屑	0.000295	0.967584	0.000285
褌械锌谢芯	0.000295	0.116534	0.000034
褌械褉褉邪褋邪	0.000295	0.776529	0.000229
褌械褉褉懈薪邪	0.000295	0.040822	0.000012
褌械褋褌	0.007071	0.105361	0.000745
褌械褋褌芯	0.012964	0.040822	0.000529
褌械褏薪懈泻邪	0.001473	0.105361	0.000155
褌屑	0.001179	0.127833	0.000151
褌屑懈薪	0.000589	2.407946	0.001419
褌芯薪泻芯褋褌褜	0.000295	2.659260	0.000784
褌芯锌泻邪	0.000295	3.912023	0.001153
褌芯锌谢褢薪褘泄	0.000295	0.116534	0.000034
褌芯褉卸械褋褌胁械薪薪芯	0.000295	4.605170	0.001357
褌芯褉褌	0.006777	0.040822	0.000277
褌褉邪胁邪	0.000295	0.094311	0.000028
褌褉邪写懈褑懈褟	0.001768	0.116534	0.000206
褌褉芯褋褌薪懈泻芯胁褘泄	0.000589	3.912023	0.002305
褌褉褍斜芯褔泻邪	0.000295	0.040822	0.000012
褌褉褍写芯胁芯泄	0.000295	4.605170	0.001357
褌褉褢褏谢械褌懈械	0.000295	0.116534	0.000034
褌褍薪械褑	0.000295	0.105361	0.000031
褌褍薪懈褋褋泻懈泄	0.000295	0.116534	0.000034
褌褍褉械褑泻懈泄	0.000295	0.116534	0.000034
褌褘泻胁邪	0.000295	0.040822	0.000012
褌褢屑薪褘泄	0.000589	2.040221	0.001202
褌褢褖懈薪	0.000295	0.040822	0.000012
褍胁械写芯屑谢械薪懈械	0.000295	0.040822	0.000012
褍胁懈写械褌褜	0.000295	1.203973	0.000355
褍谐芯褖邪褌褜褋褟	0.000295	0.994252	0.000293
褍写邪谢懈褌褜	0.000295	1.660731	0.000489
褍写邪褔薪褘泄	0.000295	0.116534	0.000034
褍写懈胁懈褌褜	0.000295	0.116534	0.000034
褍写懈胁谢褟褌褜	0.001179	0.116534	0.000137
褍写芯胁芯谢褜褋褌胁懈械	0.000295	0.116534	0.000034
褍卸懈薪	0.002357	0.094311	0.000222
褍蟹斜械泻褋泻懈泄	0.000295	0.116534	0.000034
褍泻褉邪懈薪褋泻懈泄	0.000295	0.116534	0.000034
褍泻褉邪褕械薪懈械	0.002652	0.116534	0.000309
褍泻褉芯锌	0.000589	0.562119	0.000331
褍谢懈褌泻邪	0.000295	3.912023	0.001153
褍锌芯褌褉械斜谢械薪懈械	0.000295	0.116534	0.000034
褍褉邪谢褜褋泻懈泄	0.000295	0.116534	0.000034
褍褉芯卸邪泄	0.000295	0.105361	0.000031
褍褋褌褉芯懈褌褜	0.000295	4.605170	0.001357
褍褌泻邪	0.000884	0.116534	0.000103
褍褏芯	0.000295	0.040822	0.000012
褍褔邪褋褌胁芯胁邪褌褜	0.000295	0.040822	0.000012
褍褞褌	0.000295	3.912023	0.001153
褎邪蟹械薪写邪	0.000295	0.116534	0.000034
褎邪薪褌邪蟹懈褟	0.002652	0.116534	0.000309
褎邪褉褕	0.007661	0.040822	0.000313
褎邪褉褕懈褉芯胁邪薪薪褘泄	0.001768	0.040822	0.000072
褎邪褋芯谢褜	0.000295	0.040822	0.000012
褎械胁褉邪谢褜	0.000884	0.094311	0.000083
褎械泄械褉胁械褉泻	0.000589	0.116534	0.000069
褎械薪芯屑械薪	0.000295	3.912023	0.001153
褎懈谐褍褉邪	0.000295	0.116534	0.000034
褎懈薪褋泻懈泄	0.000295	0.116534	0.000034
褎懈褉屑械薪薪褘泄	0.000295	0.116534	0.000034
褎芯薪写褞	0.000295	0.040822	0.000012
褎芯褉屑邪	0.000295	0.105361	0.000031
褎芯褉褍屑	0.000589	0.040822	0.000024
褎芯褉褕屑邪泻	0.000295	0.040822	0.000012
褎芯褌芯	0.000295	2.040221	0.000601
褎褉邪薪褑懈褟	0.000295	0.116534	0.000034
褎褉邪薪褑褍蟹褋泻懈泄	0.000295	0.094311	0.000028
褎褉邪褍	0.001179	0.116534	0.000137
褎褉褍泻褌	0.001179	0.116534	0.000137
褎褉褍泻褌芯胁褘泄	0.002357	0.040822	0.000096
褎褍写	0.000295	0.116534	0.000034
褎褍褉褕械褌	0.000884	0.116534	0.000103
褏邪谢胁邪	0.000295	0.040822	0.000012
褏邪褉胁械褋褌褎械褋褌	0.000589	0.116534	0.000069
褏邪褉褔芯	0.000589	0.040822	0.000024
褏邪褔邪锌褍褉懈	0.000589	2.407946	0.001419
褏邪褔芯	0.000295	4.605170	0.001357
褏邪褕	0.000295	0.040822	0.000012
褏胁芯褉芯褋褌	0.000295	0.040822	0.000012
褏懈薪泻邪谢懈	0.000295	0.116534	0.000034
褏懈褌	0.002062	0.116534	0.000240
褏谢械斜	0.001473	0.040822	0.000060
褏谢械斜芯锌械褔泻邪	0.000295	0.116534	0.000034
褏谢芯锌褜褟	0.000589	0.094311	0.000056
褏芯写	0.000295	3.506558	0.001033
褏芯蟹褟泄泻邪	0.000295	0.116534	0.000034
褏芯谢芯写械褑	0.000295	0.040822	0.000012
褏芯谢芯写薪芯械	0.000589	0.116534	0.000069
褏芯谢芯写薪褘泄	0.000589	0.116534	0.000069
褏芯褉胁邪褌褋泻懈泄	0.000295	0.116534	0.000034
褏芯褉芯褕懈泄	0.001179	0.040822	0.000048
褏芯褉芯褕芯	0.001768	0.105361	0.000186
褏芯褉褋	0.000295	0.116534	0.000034
褏芯褌械褌褜	0.000589	0.000000	0.000000
褏褉褍褋褌械褌褜	0.000295	0.713350	0.000210
褏褍写褘褕泻邪	0.000295	4.605170	0.001357
褏褍屑褍褋邪	0.000295	0.040822	0.000012
褑邪褉褋褌胁芯	0.000295	0.127833	0.000038
褑邪褉褜	0.000295	0.116534	0.000034
褑胁械褌薪芯泄	0.000295	0.040822	0.000012
褑械薪薪褘泄	0.000295	0.040822	0.000012
褑械薪褌褉	0.000295	0.116534	0.000034
褔邪械屑褘泄	0.000295	0.116534	0.000034
褔邪泄	0.000884	0.040822	0.000036
褔邪泄薪褘泄	0.000589	2.659260	0.001567
褔械斜褍褉械泻	0.000589	0.040822	0.000024
褔械屑	0.000295	0.994252	0.000293
褔械褉泻懈蟹芯胁褘泄	0.000589	0.116534	0.000069
褔械褋薪芯泻	0.001179	0.314711	0.000371
褔械褋褌薪芯	0.000589	1.203973	0.000709
褔械褋褌薪芯泄	0.000295	0.040822	0.000012
褔械褔械胁懈褑邪	0.000295	0.040822	0.000012
褔械褕褋泻懈泄	0.000295	0.116534	0.000034
褔懈蟹泻械泄泻	0.001179	0.040822	0.000048
褔懈谢懈	0.000589	1.237874	0.000729
褔懈谢懈泄褋泻懈泄	0.000295	0.116534	0.000034
褔懈锌褋褘	0.000295	0.040822	0.000012
褔懈褋谢芯	0.000295	0.235722	0.000069
褔谢械薪	0.000295	3.912023	0.001153
褔褍写芯	0.000295	0.116534	0.000034
褔褢褉薪褘泄	0.001768	0.356675	0.000631
褕邪屑锌懈薪褜芯薪	0.000589	1.237874	0.000729
褕邪褉懈泻	0.000295	0.040822	0.000012
褕邪褉谢芯褌泻邪	0.000589	0.040822	0.000024
褕邪褉屑	0.000295	0.116534	0.000034
褕邪褕谢褘泻	0.003830	0.040822	0.000156
褕胁械写褋泻懈泄	0.000295	0.116534	0.000034
褕胁械泄褑邪褉褋泻懈泄	0.000295	0.116534	0.000034
褕械写械胁褉	0.000295	0.116534	0.000034
褕械褎	0.000295	0.127833	0.000038
褕懈锌褍褔泻邪	0.000295	0.040822	0.000012
褕懈褉芯泻懈泄	0.000295	0.127833	0.000038
褕泻芯谢邪	0.000295	0.116534	0.000034
褕芯泻芯谢邪写	0.000884	0.040822	0.000036
褕芯褌谢邪薪写褋泻懈泄	0.000295	0.116534	0.000034
褕锌褉芯褌	0.000589	3.912023	0.002305
褕褌褉褍写械谢褜	0.000295	0.040822	0.000012
褕褍褉锌邪	0.000295	0.040822	0.000012
褖械写褉褘泄	0.000295	0.116534	0.000034
褖懈	0.000589	0.040822	0.000024
褝写邪泻懈泄	0.000295	3.218876	0.000948
褝泻芯屑懈谢泻	0.000295	0.127833	0.000038
褝谢械谐邪薪褌薪褘泄	0.000295	3.506558	0.001033
褝谢械屑械薪褌邪褉薪褘泄	0.000295	4.605170	0.001357
褝褋褌芯薪褋泻懈泄	0.000295	0.116534	0.000034
褞谐芯褋谢邪胁褋泻懈泄	0.000295	0.116534	0.000034
褟斜谢芯泻芯	0.002357	1.237874	0.002918
褟斜谢芯褔薪褘泄	0.000295	1.714798	0.000505
褟谐芯写薪褘泄	0.001179	0.105361	0.000124
褟蟹褘泻	0.000295	0.040822	0.000012
褟懈褔薪褘泄	0.002652	0.941609	0.002497
褟泄褑芯	0.006187	0.040822	0.000253
褟薪写械泻褋	0.000295	0.072571	0.000021
褟锌芯薪褋泻懈泄	0.000589	0.051293	0.000030
褟褉泻懈泄	0.000295	0.116534	0.000034
褟褉泻芯	0.000295	0.105361	0.000031
