谢械屑屑邪	TF	IDF	TF-IDF
邪斜褏邪蟹褋泻懈泄	0.000282	0.116534	0.000033
邪胁谐褍褋褌	0.000563	0.843970	0.000475
邪胁褋褌褉邪谢懈泄褋泻懈泄	0.000282	0.116534	0.000033
邪胁褋褌褉懈泄褋泻懈泄	0.000282	0.116534	0.000033
邪胁褌芯泻谢邪胁	0.000282	0.116534	0.000033
邪胁褌芯褉	0.000282	0.040822	0.000011
邪谐褉芯	0.000563	0.116534	0.000066
邪谐褉芯写芯谢褜褔械	0.000563	4.605170	0.002594
邪写卸懈泻邪	0.000282	0.040822	0.000011
邪蟹	0.000282	0.127833	0.000036
邪蟹械褉斜邪泄写卸邪薪褋泻懈泄	0.000282	0.116534	0.000033
邪蟹懈邪褌褋泻懈泄	0.000282	0.127833	0.000036
邪泄褉邪薪	0.000282	0.040822	0.000011
邪泻胁邪褌懈泻	0.000845	0.127833	0.000108
邪谢械泻褋械泄	0.000282	0.127833	0.000036
邪谢泻芯谐芯谢褜	0.000845	0.116534	0.000098
邪谢泻芯谐芯谢褜薪褘泄	0.000282	0.116534	0.000033
邪谢褜褟薪褋	0.000282	0.116534	0.000033
邪屑械褉懈泻邪薪褋泻懈泄	0.000282	0.116534	0.000033
邪薪谐谢懈泄褋泻懈泄	0.000282	0.116534	0.000033
邪薪写褉械泄	0.000282	0.127833	0.000036
邪薪褌芯薪懈芯	0.000282	3.912023	0.001102
邪薪褔芯褍褋	0.000845	3.912023	0.003306
邪锌褉械谢褜	0.000563	0.544727	0.000307
邪褉邪斜褋泻懈泄	0.000282	0.116534	0.000033
邪褉邪褏懈褋芯胁褘泄	0.000563	3.912023	0.002204
邪褉谐械薪褌懈薪褋泻懈泄	0.000282	0.116534	0.000033
邪褉屑褟薪褋泻懈泄	0.000282	0.116534	0.000033
邪褉褌懈褕芯泻	0.014648	3.506558	0.051364
邪褋褋芯褉褌懈	0.000563	0.116534	0.000066
邪褌谢邪薪褌	0.000282	0.116534	0.000033
邪褎谐邪薪褋泻懈泄	0.000282	0.116534	0.000033
邪褎褉懈泻邪薪褋泻懈泄	0.000282	0.116534	0.000033
邪褎褉芯写懈蟹懈邪泻	0.000282	4.605170	0.001297
邪褝褉芯谐褉懈谢褜	0.002817	0.116534	0.000328
斜邪蟹懈谢懈泻	0.000563	1.609438	0.000907
斜邪泻谢邪卸邪薪	0.000282	0.040822	0.000011
斜邪谢褌泻芯屑邪	0.000282	0.127833	0.000036
斜邪谢褜蟹邪屑懈泻	0.000845	2.659260	0.002247
斜邪薪芯褔泻邪	0.000282	2.995732	0.000844
斜邪褉邪薪懈薪邪	0.001127	0.116534	0.000131
斜邪褉斜械泻褞	0.000282	3.218876	0.000907
斜邪褋屑邪褌懈	0.000563	0.127833	0.000072
斜邪褋褌褍褉屑	0.000282	0.040822	0.000011
斜邪褋褌褍褉屑邪	0.000282	0.040822	0.000011
斜邪褌芯薪	0.000282	1.514128	0.000427
斜邪褌芯薪褔懈泻	0.000282	0.127833	0.000036
斜邪褕泻懈褉褋泻懈泄	0.000282	0.116534	0.000033
斜械邪褉薪邪	0.000282	4.605170	0.001297
斜械蟹邪谢泻芯谐芯谢褜薪褘泄	0.000282	0.116534	0.000033
斜械蟹谐谢褞褌械薪芯胁芯械	0.000282	0.116534	0.000033
斜械蟹械	0.001127	0.040822	0.000046
斜械谢械斜械械胁褋泻懈泄	0.000563	0.116534	0.000066
斜械谢芯褉褍褋褋泻懈泄	0.000282	0.116534	0.000033
斜械谢褘泄	0.000845	1.237874	0.001046
斜械谢褜谐懈泄褋泻懈泄	0.000282	0.116534	0.000033
斜械褉械屑械薪薪邪褟	0.000282	0.116534	0.000033
斜械褋械写邪	0.000282	4.605170	0.001297
斜械褋械写懈薪	0.000282	0.127833	0.000036
斜械褕邪屑芯谢芯褌褜	0.000282	3.912023	0.001102
斜懈褋泻胁懈褌	0.000563	0.040822	0.000023
斜懈褋泻胁懈褌薪褘泄	0.000845	0.105361	0.000089
斜谢懈蟹泻懈泄	0.000563	0.116534	0.000066
斜谢懈薪	0.001690	0.040822	0.000069
斜谢褞写芯	0.034366	0.040822	0.001403
斜芯斜芯胁褘泄	0.003380	0.116534	0.000394
斜芯谢谐邪褉褋泻懈泄	0.000282	0.116534	0.000033
斜芯谢褜褕芯泄	0.000563	0.094311	0.000053
斜芯褉褖	0.000563	0.040822	0.000023
斜芯褌胁懈薪褜褟	0.000282	0.040822	0.000011
斜褉邪蟹懈谢褜褋泻懈泄	0.000282	0.116534	0.000033
斜褉邪褍蟹械褉	0.000282	0.040822	0.000011
斜褉邪褍薪懈	0.000282	0.040822	0.000011
斜褉械褋褌	0.000282	0.127833	0.000036
斜褉懈	0.000282	4.605170	0.001297
斜褉芯泻泻芯谢懈	0.000282	0.040822	0.000011
斜褍写褍褖械械	0.000282	4.605170	0.001297
斜褍卸械薪懈薪邪	0.000282	0.040822	0.000011
斜褍谢芯褔泻邪	0.000845	0.040822	0.000034
斜褍谢褜芯薪	0.003099	0.040822	0.000126
斜褍褉谐械褉	0.000563	0.040822	0.000023
斜褍褉褟褌褋泻懈泄	0.000282	0.116534	0.000033
斜褍褌械褉斜褉芯写	0.001972	0.040822	0.000080
斜褍褌芯薪	0.000282	4.605170	0.001297
斜褘褋褌褉芯	0.000845	0.094311	0.000080
斜褘褋褌褉褘泄	0.001127	0.094311	0.000106
胁邪卸薪褘泄	0.000282	0.116534	0.000033
胁邪谢谢懈泄褋泻懈泄	0.000282	0.116534	0.000033
胁邪褉械薪懈械	0.000563	0.040822	0.000023
胁邪褉械薪懈泻	0.000282	0.116534	0.000033
胁邪褉褢薪褘泄	0.000282	2.407946	0.000678
胁邪褌褉褍褕泻邪	0.000282	0.040822	0.000011
胁邪褎谢褟	0.000563	0.040822	0.000023
胁邪褕	0.000845	0.000000	0.000000
胁胁芯写懈褌褜	0.000282	0.040822	0.000011
胁写芯褏薪芯胁械薪懈械	0.001690	0.116534	0.000197
胁写芯褏薪芯胁谢褟褌褜褋褟	0.000282	0.116534	0.000033
胁械谐械褌邪褉懈邪薪褋泻懈泄	0.000563	0.116534	0.000066
胁械蟹写械褋褍褖懈械	0.000282	4.605170	0.001297
胁械谢懈泻懈泄	0.000282	0.116534	0.000033
胁械薪谐械褉褋泻懈泄	0.000282	0.116534	0.000033
胁械褉屑懈褕械谢褜	0.000563	3.912023	0.002204
胁械褉褋懈褟	0.000563	1.897120	0.001069
胁械褋械薪薪懈泄	0.000845	0.051293	0.000043
胁械褋薪邪	0.002254	0.116534	0.000263
胁械褌褔懈薪邪	0.000845	0.094311	0.000080
胁械褔械褉	0.000282	2.120264	0.000597
胁械褔械褉薪懈泄	0.000282	4.605170	0.001297
胁蟹褟褌褜	0.000282	1.171183	0.000330
胁懈胁邪谢褜写褜	0.000282	4.605170	0.001297
胁懈写械芯	0.000563	0.116534	0.000066
胁懈写械芯褉械褑械锌褌	0.000282	0.301105	0.000085
胁懈写械褌褜	0.000282	2.659260	0.000749
胁懈薪芯	0.000563	0.040822	0.000023
胁懈褌邪屑懈薪泻	0.000282	4.605170	0.001297
胁泻谢褞褔邪褌褜	0.000282	0.634878	0.000179
胁泻褍褋	0.003099	0.105361	0.000326
胁泻褍褋薪芯	0.001408	0.094311	0.000133
胁泻褍褋薪褘泄	0.003380	0.061875	0.000209
胁谢褞斜懈褌褜	0.000282	0.116534	0.000033
胁薪邪褔邪谢械	0.001127	0.248461	0.000280
胁芯写邪	0.001408	0.094311	0.000133
胁芯蟹屑芯卸薪芯	0.000282	1.469676	0.000414
胁芯泄褌懈	0.000282	0.000000	0.000000
胁芯谢芯胁邪薪	0.000282	0.116534	0.000033
胁芯谢褕械斜薪褘泄	0.000282	0.116534	0.000033
胁芯谢褕械斜褋褌胁芯	0.000282	0.116534	0.000033
胁芯锌褉芯褋	0.000563	0.000000	0.000000
胁芯褋锌械胁邪褌褜褋褟	0.000282	4.605170	0.001297
胁芯褋锌褉芯懈蟹胁械褋褌懈	0.000282	4.605170	0.001297
胁芯褋褌芯褔薪褘泄	0.000282	0.127833	0.000036
胁褉械屑褟	0.003099	0.105361	0.000326
胁褋锌芯屑薪懈褌褜	0.000563	0.040822	0.000023
胁褌芯褉芯械	0.000282	0.116534	0.000033
胁褌芯褉芯泄	0.000282	0.116534	0.000033
胁褏芯写	0.000845	0.030459	0.000026
胁褏芯写懈褌褜	0.000563	2.813411	0.001585
胁褘斜懈褉邪褌褜	0.000563	3.912023	0.002204
胁褘泄褌懈	0.000282	0.040822	0.000011
胁褘锌械褔泻邪	0.004789	0.040822	0.000195
胁褘褋泻邪泻懈胁邪褌褜	0.000282	4.605170	0.001297
胁褘褋褌邪胁懈褌褜	0.000282	2.813411	0.000793
胁褜械褌薪邪屑褋泻懈泄	0.000282	0.116534	0.000033
胁褟谢械薪褘泄	0.000563	2.525729	0.001423
谐邪胁邪泄褋泻懈泄	0.000282	0.116534	0.000033
谐邪褉邪卸	0.000282	1.078810	0.000304
谐邪褉薪懈褉	0.001408	0.040822	0.000057
谐邪褋锌邪褔芯	0.000282	0.040822	0.000011
谐邪褋褌褉芯薪芯屑懈褔械褋泻懈泄	0.000282	4.605170	0.001297
谐胁芯蟹写懈泻	0.000563	2.302585	0.001297
谐械芯谐褉邪褎懈褟	0.000282	0.116534	0.000033
谐谢邪胁薪褘泄	0.000282	0.040822	0.000011
谐谢邪蟹褍褉褜	0.000845	0.040822	0.000034
谐谢懈薪褌胁械泄薪	0.000282	0.040822	0.000011
谐芯胁芯褉懈褌褜	0.000282	1.272966	0.000359
谐芯胁褟写懈薪邪	0.001127	0.116534	0.000131
谐芯写	0.007887	0.083382	0.000658
谐芯谢谢邪薪写褋泻懈泄	0.000563	0.116534	0.000066
谐芯谢褍斜芯泄	0.001127	3.912023	0.004408
谐芯褉芯写	0.000282	0.116534	0.000033
谐芯褉芯写褋泻芯泄	0.000282	4.605170	0.001297
谐芯褉芯卸邪薪懈薪	0.000282	4.605170	0.001297
谐芯褉芯褏	0.000282	0.116534	0.000033
谐芯褉芯褕械泻	0.001408	2.302585	0.003243
谐芯褉褔懈褑邪	0.001408	0.040822	0.000057
谐芯褉褕芯褔械泻	0.000563	0.040822	0.000023
谐芯褉褟褔械械	0.000563	0.116534	0.000066
谐芯褉褟褔懈泄	0.014648	0.105361	0.001543
谐芯褋褌褜	0.000563	0.116534	0.000066
谐芯褌芯胁懈褌褜	0.005352	0.083382	0.000446
谐芯褌芯胁懈褌褜褋褟	0.000563	0.371064	0.000209
谐褉邪薪邪褌	0.000563	3.912023	0.002204
谐褉械薪泻邪	0.000563	0.040822	0.000023
谐褉械褔械褋泻懈泄	0.000282	0.116534	0.000033
谐褉械褔泻邪	0.000282	0.040822	0.000011
谐褉懈斜	0.005070	0.040822	0.000207
谐褉懈斜薪芯泄	0.000563	0.040822	0.000023
谐褉懈谢褜	0.002817	0.105361	0.000297
谐褉懈谢褜屑邪薪懈褟	0.000282	0.116534	0.000033
谐褉芯谐	0.000282	0.040822	0.000011
谐褉褍写泻邪	0.000563	0.967584	0.000545
谐褉褍蟹懈薪褋泻懈泄	0.000282	0.116534	0.000033
谐褉褍锌锌邪	0.000282	0.061875	0.000017
谐褍褉屑	0.000282	0.127833	0.000036
谐褍褉屑邪薪懈褟	0.001690	0.116534	0.000197
谐褍褋褜	0.000563	0.105361	0.000059
写邪胁邪褌褜	0.000282	0.040822	0.000011
写邪胁薪懈泄	0.000282	4.605170	0.001297
写邪薪薪褘械	0.000282	0.040822	0.000011
写邪褉	0.000282	0.116534	0.000033
写邪褌邪	0.000563	0.248461	0.000140
写邪褌褋泻懈泄	0.000282	0.116534	0.000033
写邪褌褜	0.000563	0.040822	0.000023
写邪褔薪褘泄	0.000845	0.116534	0.000098
写胁邪	0.000563	0.967584	0.000545
写胁芯械	0.000282	3.506558	0.000988
写械胁芯褔泻邪	0.000282	1.171183	0.000330
写械泻邪斜褉褜	0.000563	0.597837	0.000337
写械泻芯褉	0.000282	0.127833	0.000036
写械谢邪褌褜	0.000563	0.083382	0.000047
写械谢懈泻邪褌械褋薪褘泄	0.000282	4.605170	0.001297
写械谢懈褌褜褋褟	0.000282	0.040822	0.000011
写械谢芯	0.000282	0.105361	0.000030
写械谢芯胁芯泄	0.000282	4.605170	0.001297
写械薪褜	0.002535	0.040822	0.000103
写械褋械褉褌	0.004789	0.040822	0.000195
写械褋械褉褌邪褑懈褟	0.000282	0.116534	0.000033
写械褋械褉褌薪褘泄	0.000282	0.116534	0.000033
写卸械屑	0.000282	0.040822	0.000011
写卸械屑邪	0.000282	0.040822	0.000011
写蟹械薪	0.000282	0.116534	0.000033
写懈械褌邪	0.000563	0.094311	0.000053
写懈泻懈泄	0.001127	0.116534	0.000131
写懈锌	0.000282	0.116534	0.000033
写懈褔褜	0.000845	0.116534	0.000098
写谢懈褌褜褋褟	0.000282	3.912023	0.001102
写薪械胁薪懈泻	0.000282	0.061875	0.000017
写芯斜邪胁懈褌褜	0.000282	0.083382	0.000023
写芯斜邪胁谢械薪懈械	0.000282	0.223144	0.000063
写芯斜邪胁谢褟褌褜	0.000282	0.040822	0.000011
写芯斜褉芯褎谢芯褌	0.000282	0.127833	0.000036
写芯胁械褉褟褌褜	0.000282	0.116534	0.000033
写芯谢谐芯	0.000563	1.514128	0.000853
写芯谢褜褔械	0.000282	3.912023	0.001102
写芯屑	0.003099	0.040822	0.000126
写芯屑邪褕薪懈泄	0.003380	0.040822	0.000138
写芯屑芯泄	0.000282	2.525729	0.000711
写芯褏芯写懈褌褜	0.000282	4.605170	0.001297
写褉邪泄胁	0.001408	0.127833	0.000180
写褉芯卸卸械胁芯泄	0.000845	0.116534	0.000098
写褉芯卸卸懈	0.000563	0.916291	0.000516
写褍屑邪褌褜	0.000282	0.634878	0.000179
写褍褏芯胁泻邪	0.001127	0.105361	0.000119
写褍褕邪	0.000845	0.105361	0.000089
械胁褉械泄褋泻懈泄	0.000282	0.116534	0.000033
械谐懈锌械褌褋泻懈泄	0.000282	0.116534	0.000033
械写懈薪懈褑邪	0.000282	4.605170	0.001297
械写懈薪褘泄	0.000282	0.000000	0.000000
械卸械写薪械胁薪褘泄	0.000282	4.605170	0.001297
械泻芯	0.000282	0.127833	0.000036
卸邪褉懈褌褜	0.000282	1.347074	0.000379
卸邪褉泻芯械	0.000282	0.040822	0.000011
卸械谢械	0.000845	0.040822	0.000034
卸械薪褋泻懈泄	0.000563	0.020203	0.000011
卸械薪褖懈薪邪	0.000563	0.061875	0.000035
卸懈胁芯泄	0.000282	2.995732	0.000844
卸懈蟹薪褜	0.001127	0.040822	0.000046
卸褍谢褜械薪	0.000282	0.040822	0.000011
卸褍褉薪邪谢	0.000845	0.072571	0.000061
卸褞谢褜械薪	0.000282	0.040822	0.000011
卸褞谢褜薪褘泄	0.000282	0.040822	0.000011
蟹邪胁邪褉薪芯泄	0.000563	0.116534	0.000066
蟹邪胁褌褉邪泻	0.002535	0.094311	0.000239
蟹邪谐芯褌芯胁泻邪	0.001127	0.040822	0.000046
蟹邪写邪胁邪褌褜	0.000282	0.040822	0.000011
蟹邪泻邪蟹邪褌褜	0.000282	4.605170	0.001297
蟹邪泻胁邪褋泻邪	0.000845	0.040822	0.000034
蟹邪泻褉褘褌褘泄	0.000282	0.116534	0.000033
蟹邪泻褍褋泻邪	0.006197	0.040822	0.000253
蟹邪泻褍褋芯薪褔懈泻	0.000282	0.116534	0.000033
蟹邪泻褍褋芯褔泻邪	0.000282	0.116534	0.000033
蟹邪泻褍褋芯褔薪邪褟	0.002535	0.116534	0.000295
蟹邪泻褍褋芯褔薪褘泄	0.000282	1.660731	0.000468
蟹邪谢懈胁薪芯械	0.000563	0.040822	0.000023
蟹邪屑械薪邪	0.000282	3.506558	0.000988
蟹邪屑泻薪褍褌褘泄	0.000282	4.605170	0.001297
蟹邪屑芯褉芯蟹泻邪	0.000282	0.105361	0.000030
蟹邪屑芯褉褋泻懈泄	0.000282	4.605170	0.001297
蟹邪薪芯胁芯	0.000282	4.605170	0.001297
蟹邪薪褟褌褜	0.000282	2.525729	0.000711
蟹邪锌邪写	0.000282	0.116534	0.000033
蟹邪锌械泻邪薪泻邪	0.003099	0.040822	0.000126
蟹邪锌械泻邪褌褜	0.000282	2.659260	0.000749
蟹邪锌褉邪胁泻邪	0.000563	0.040822	0.000023
蟹邪褉械谐懈褋褌褉懈褉芯胁邪褌褜褋褟	0.000563	0.030459	0.000017
蟹邪褋芯谢泻邪	0.000282	0.116534	0.000033
蟹邪褏芯褌械褌褜褋褟	0.000282	2.207275	0.000622
蟹邪褟褑	0.000563	0.116534	0.000066
蟹胁邪薪褘泄	0.000282	0.127833	0.000036
蟹胁械蟹写邪	0.000282	0.116534	0.000033
蟹胁褢蟹写薪褘泄	0.000282	0.116534	0.000033
蟹写芯褉芯胁褘泄	0.000845	0.116534	0.000098
蟹械谢械薪褜	0.001408	0.094311	0.000133
蟹械谢褢薪褘泄	0.003662	0.820981	0.003006
蟹械褎懈褉	0.000282	0.040822	0.000011
蟹懈屑邪	0.001408	0.040822	0.000057
蟹懈屑薪懈泄	0.000282	0.051293	0.000014
蟹薪邪泻芯屑褘泄	0.000282	1.272966	0.000359
蟹薪邪屑械薪懈褌褘泄	0.000282	2.659260	0.000749
蟹薪邪褌褜	0.000563	0.462035	0.000260
蟹薪邪褔懈褌	0.000282	2.659260	0.000749
蟹芯谢芯褌芯泄	0.000282	0.116534	0.000033
懈胁邪薪芯胁	0.000282	0.127833	0.000036
懈写械邪谢褜薪褘泄	0.001972	0.116534	0.000230
懈写械泄泻邪	0.000282	0.116534	0.000033
懈蟹胁械褋褌薪褘泄	0.000845	1.049822	0.000887
懈蟹写械谢懈械	0.002535	0.116534	0.000295
懈蟹褘褋泻	0.000282	2.813411	0.000793
懈泻褉邪	0.000845	0.040822	0.000034
懈屑褟	0.000282	0.030459	0.000009
懈薪邪褔械	0.000282	1.897120	0.000534
懈薪胁械褉褌芯褉薪褘泄	0.000282	0.127833	0.000036
懈薪谐褉械写懈械薪褌	0.008732	0.139262	0.001216
懈薪写械泄泻邪	0.002254	0.094311	0.000213
懈薪写懈泄褋泻懈泄	0.000282	0.116534	0.000033
懈薪写懈谢邪泄褌邪	0.000845	0.116534	0.000098
懈薪写懈褉械褋薪褘泄	0.000282	0.116534	0.000033
懈薪褋褌褉褍泻褑懈褟	0.000282	0.030459	0.000009
懈褉邪泻褋泻懈泄	0.000282	0.116534	0.000033
懈褉邪薪褋泻懈泄	0.000282	0.116534	0.000033
懈褉谢邪薪写褋泻懈泄	0.000282	0.116534	0.000033
懈褋泻邪褌褜	0.000282	1.108663	0.000312
懈褋泻谢褞褔懈褌械谢褜薪芯	0.000282	3.218876	0.000907
懈褋泻褉械薪薪械	0.000282	0.116534	0.000033
懈褋泻褍褋褋褌胁芯	0.000282	4.605170	0.001297
懈褋谢邪薪写褋泻懈泄	0.000282	0.116534	0.000033
懈褋锌邪薪褋泻懈泄	0.000845	0.116534	0.000098
懈褋锌械褔褜	0.000282	0.105361	0.000030
懈褋褌芯褉懈褟	0.001690	0.116534	0.000197
懈褌邪谢懈褟	0.000845	0.105361	0.000089
懈褌邪谢褜褟薪械褑	0.000563	2.813411	0.001585
懈褌邪谢褜褟薪褋泻懈泄	0.000563	0.105361	0.000059
懈褞谢褜	0.000563	0.579818	0.000327
懈褞薪褜	0.000282	0.562119	0.000158
泄芯谐褍褉褌	0.001408	0.040822	0.000057
泻邪斜邪褔芯泻	0.000282	0.040822	0.000011
泻邪胁泻邪蟹褋泻懈泄	0.000282	0.116534	0.000033
泻邪蟹邪薪	0.000282	0.116534	0.000033
泻邪蟹邪褏褋泻懈泄	0.000282	0.116534	0.000033
泻邪泻邪芯	0.000563	0.040822	0.000023
泻邪谢械泄写芯褋泻芯锌	0.001127	0.116534	0.000131
泻邪谢懈褎芯褉薪懈褟	0.000282	4.605170	0.001297
泻邪谢屑褘褑泻懈泄	0.000282	0.116534	0.000033
泻邪谢褜屑邪褉	0.000282	0.040822	0.000011
泻邪屑械褉邪	0.000282	0.116534	0.000033
泻邪薪邪写褋泻懈泄	0.000282	0.116534	0.000033
泻邪薪邪谢	0.000845	0.040822	0.000034
泻邪薪邪锌械	0.000563	0.040822	0.000023
泻邪锌械褉褋	0.000563	2.525729	0.001423
泻邪锌褍褋褌邪	0.000845	0.040822	0.000034
泻邪锌褍褋褌薪褟泻	0.000282	0.040822	0.000011
泻邪褉邪屑械谢褜	0.000282	0.040822	0.000011
泻邪褉泻邪褋薪褘泄	0.001127	0.116534	0.000131
泻邪褉褌芯褎械谢褜	0.001408	0.040822	0.000057
泻邪褉褌芯褎械谢褜薪褘泄	0.000563	0.040822	0.000023
泻邪褉褌芯褕泻邪	0.000563	0.040822	0.000023
泻邪褋褍褝谢邪	0.000282	4.605170	0.001297
泻邪褌邪谢芯薪懈褟	0.000282	4.605170	0.001297
泻邪褌械谐芯褉懈褟	0.004507	0.116534	0.000525
泻邪褔械褋褌胁芯	0.000282	0.105361	0.000030
泻邪褕邪	0.001972	0.040822	0.000080
泻胁邪褋	0.001127	0.040822	0.000046
泻胁邪褋薪芯泄	0.000845	0.116534	0.000098
泻械写褉芯胁褘泄	0.000563	3.912023	0.002204
泻械泻褋	0.000845	0.040822	0.000034
泻械褎懈褉	0.000282	0.040822	0.000011
泻懈胁芯泻	0.000282	4.605170	0.001297
泻懈屑褔邪褌褜	0.000282	0.040822	0.000011
泻懈薪芯邪	0.000563	0.127833	0.000072
泻懈薪芯谢械薪褌邪	0.000282	0.116534	0.000033
泻懈褋械谢褜	0.000563	0.040822	0.000023
泻懈褋谢褘泄	0.000282	3.218876	0.000907
泻懈褌邪泄褋泻懈泄	0.000282	0.116534	0.000033
泻谢邪褋褋	0.002535	0.116534	0.000295
泻谢邪褋褋懈褔械褋泻懈泄	0.000282	1.427116	0.000402
泻薪懈谐邪	0.000563	0.040822	0.000023
泻芯泻褌械泄谢褜	0.001690	0.040822	0.000069
泻芯谢斜邪褋邪	0.000563	0.040822	0.000023
泻芯谢斜邪褋泻邪	0.000845	2.659260	0.002247
泻芯谢斜邪褋薪褘泄	0.001127	0.116534	0.000131
泻芯屑邪薪写邪	0.000563	0.127833	0.000072
泻芯屑懈	0.000282	0.116534	0.000033
泻芯屑屑械薪褌邪褉懈泄	0.000282	0.127833	0.000036
泻芯屑锌邪薪懈褟	0.000282	0.105361	0.000030
泻芯屑锌芯褌	0.000845	0.040822	0.000034
泻芯薪械褔薪芯	0.000563	0.527633	0.000297
泻芯薪懈薪邪	0.000282	0.116534	0.000033
泻芯薪泻褍褉褋	0.061408	0.040822	0.002507
泻芯薪泻褍褉褋薪褘泄	0.000282	0.127833	0.000036
泻芯薪褋械褉胁懈褉芯胁邪薪懈械	0.000282	0.040822	0.000011
泻芯薪褋械褉胁懈褉芯胁邪薪薪褘泄	0.001408	0.116534	0.000164
泻芯薪褎械褌邪	0.000845	0.040822	0.000034
泻芯薪褎械褌褌懈	0.000282	0.116534	0.000033
泻芯薪褎懈写械薪褑懈邪谢褜薪芯褋褌褜	0.000282	0.040822	0.000011
泻芯薪褎懈褌褞褉	0.000282	0.040822	0.000011
泻芯薪褑械褉褌	0.000282	3.912023	0.001102
泻芯锌褔褢薪芯褋褌褜	0.000282	0.116534	0.000033
泻芯褉械泄褋泻懈	0.000282	0.040822	0.000011
泻芯褉械泄褋泻懈泄	0.000282	0.105361	0.000030
泻芯褉卸懈泻	0.000282	0.040822	0.000011
泻芯褉屑懈褌褜	0.000282	0.116534	0.000033
泻芯褉薪懈褕芯薪	0.000563	2.995732	0.001688
泻芯褉芯谢褜	0.000282	4.605170	0.001297
泻芯褉芯褌泻懈泄	0.000282	3.506558	0.000988
泻芯褌谢械褌邪	0.000282	0.040822	0.000011
泻芯褎械	0.000563	0.040822	0.000023
泻褉邪斜芯胁褘泄	0.000563	2.302585	0.001297
泻褉邪褋懈胁芯	0.000563	1.832581	0.001032
泻褉邪褋泻邪	0.000282	0.116534	0.000033
泻褉邪褋薪褘泄	0.000563	0.941609	0.000530
泻褉械邪褌懈胁	0.000282	0.127833	0.000036
泻褉械胁械褌泻邪	0.000563	2.302585	0.001297
泻褉械屑	0.000845	0.040822	0.000034
泻褉械锌泻懈泄	0.000282	0.116534	0.000033
泻褉芯谢懈泻	0.000563	0.116534	0.000066
泻褉芯屑械	0.000282	0.061875	0.000017
泻褉芯褏邪	0.000282	0.116534	0.000033
泻褉褍谐	0.000845	0.116534	0.000098
泻褉褍锌	0.001690	0.105361	0.000178
泻褉褍锌邪	0.002535	0.116534	0.000295
泻褉褍锌褟薪芯泄	0.000282	0.116534	0.000033
泻褉褘谢邪褌褘泄	0.000282	4.605170	0.001297
泻褋褌邪褌懈	0.000282	1.237874	0.000349
泻褍斜懈薪褋泻懈泄	0.000282	0.116534	0.000033
泻褍谢械褕	0.000282	0.040822	0.000011
泻褍谢懈薪邪褉懈褟	0.001127	0.094311	0.000106
泻褍谢懈薪邪褉薪褘泄	0.001690	0.000000	0.000000
泻褍谢懈褔	0.000563	0.040822	0.000023
泻褍谢褜褌褍褉薪褘泄	0.000282	4.605170	0.001297
泻褍锌懈褌褜	0.000282	2.302585	0.000649
泻褍褉写褋泻懈泄	0.000282	0.116534	0.000033
泻褍褉懈薪褘泄	0.003099	0.094311	0.000292
泻褍褉懈褑邪	0.001408	0.040822	0.000057
泻褍褉芯褔泻邪	0.000282	0.116534	0.000033
泻褍褋泻褍褋	0.000282	0.040822	0.000011
泻褍褏薪褟	0.002254	0.040822	0.000092
谢邪胁邪褕	0.001690	0.040822	0.000069
谢邪胁褉芯胁褘泄	0.000563	1.139434	0.000642
谢邪谐屑邪薪	0.000282	0.040822	0.000011
谢邪泻芯屑褋褌胁芯	0.000282	0.116534	0.000033
谢邪锌褕邪	0.000563	0.040822	0.000023
谢邪褌褘褕褋泻懈泄	0.000282	0.116534	0.000033
谢械谐泻芯	0.001972	0.116534	0.000230
谢械锌褢褕泻邪	0.000563	0.040822	0.000023
谢械褌薪懈泄	0.000563	0.040822	0.000023
谢械褌芯	0.001972	0.116534	0.000230
谢械褔芯	0.000282	0.040822	0.000011
谢懈谐邪	0.000845	0.116534	0.000098
谢懈泻褢褉	0.000282	0.040822	0.000011
谢懈屑芯薪	0.001127	0.891598	0.001005
谢懈屑芯薪邪写	0.000563	0.040822	0.000023
谢懈屑芯薪薪褘泄	0.001972	0.713350	0.001407
谢懈褋褌	0.001690	0.843970	0.001426
谢懈褌芯胁褋泻	0.000282	0.127833	0.000036
谢懈褌芯胁褋泻懈泄	0.000282	0.116534	0.000033
谢褍泻	0.002817	0.301105	0.000848
谢褞斜懈屑褘泄	0.002535	0.116534	0.000295
谢褞斜懈褌褜	0.000282	0.755023	0.000213
谢褞斜芯胁褜	0.000563	0.105361	0.000059
谢褞斜芯泄	0.000563	0.094311	0.000053
谢褟	0.000282	1.771957	0.000499
谢褢谐泻懈泄	0.001972	0.094311	0.000186
谢褢写	0.000282	0.116534	0.000033
屑邪谐邪蟹懈薪	0.000282	2.302585	0.000649
屑邪谐褉懈斜	0.000282	0.116534	0.000033
屑邪泄	0.000563	0.116534	0.000066
屑邪泄芯薪械蟹	0.001127	0.116534	0.000131
屑邪泻邪褉芯薪薪褘泄	0.000845	0.116534	0.000098
屑邪泻邪褉芯薪褘	0.000563	0.040822	0.000023
屑邪谢邪蟹懈泄褋泻懈泄	0.000282	0.116534	0.000033
屑邪谢褘泄	0.000282	3.912023	0.001102
屑邪薪薪懈泻	0.000282	0.040822	0.000011
屑邪薪褌邪	0.000282	0.116534	0.000033
屑邪薪褢胁褉	0.000282	0.116534	0.000033
屑邪褉邪褎芯薪	0.000845	0.116534	0.000098
屑邪褉懈薪邪写	0.003380	0.040822	0.000138
屑邪褉懈薪芯胁邪褌褜	0.000282	0.116534	0.000033
屑邪褉屑械谢邪写	0.000282	0.040822	0.000011
屑邪褉芯泻泻邪薪褋泻懈泄	0.000282	0.116534	0.000033
屑邪褉褌	0.001690	0.105361	0.000178
屑邪褋泻邪褉锌芯薪	0.000282	0.040822	0.000011
屑邪褋谢械薪懈褑邪	0.000845	0.040822	0.000034
屑邪褋谢械薪懈褔薪褘泄	0.000282	0.116534	0.000033
屑邪褋谢懈薪邪	0.001972	1.966113	0.003877
屑邪褋谢芯	0.007324	0.105361	0.000772
屑邪褋褌械褉	0.002535	0.116534	0.000295
屑邪褋褌懈泻邪	0.000563	0.040822	0.000023
屑邪褎褎懈薪邪	0.000282	0.116534	0.000033
屑邪褏械械胁褗	0.001127	0.116534	0.000131
屑械写懈邪褎芯褉褌	0.000845	0.000000	0.000000
屑械写芯胁褘泄	0.000563	0.116534	0.000066
屑械泻褋懈泻邪薪褋泻懈泄	0.000282	0.116534	0.000033
屑械薪褌芯褉	0.000282	4.605170	0.001297
屑械薪褞	0.000282	0.116534	0.000033
屑械薪褟褌褜褋褟	0.000282	0.116534	0.000033
屑械褋褟褑	0.000282	1.660731	0.000468
屑械褌褉芯	0.000563	3.506558	0.001976
屑械褔褌邪	0.000845	0.040822	0.000034
屑懈写懈褟	0.000282	0.040822	0.000011
屑懈泻褉芯胁芯谢薪芯胁泻邪	0.000282	0.105361	0.000030
屑懈谢褜褟	0.000282	0.116534	0.000033
屑懈芯	0.000282	0.116534	0.000033
屑懈褉	0.000845	0.105361	0.000089
屑懈褉芯胁芯泄	0.000282	0.116534	0.000033
屑懈褋芯	0.000282	0.040822	0.000011
屑懈褋褌械褉懈褟	0.000282	0.116534	0.000033
屑懈褋褌褉邪谢褜	0.001972	0.116534	0.000230
屑薪芯谐懈械	0.000282	1.309333	0.000369
屑薪芯谐芯	0.000563	0.776529	0.000437
屑薪芯卸械褋褌胁芯	0.000563	0.040822	0.000023
屑芯泄	0.000563	0.083382	0.000047
屑芯谢写邪胁褋泻懈泄	0.000282	0.116534	0.000033
屑芯谢芯泻芯	0.000563	0.083382	0.000047
屑芯谢芯褔薪褘泄	0.000845	0.040822	0.000034
屑芯屑械薪褌	0.000845	0.105361	0.000089
屑芯屑械薪褌邪谢褜薪芯	0.000282	2.813411	0.000793
屑芯薪谐芯谢褜褋泻懈泄	0.000282	0.116534	0.000033
屑芯薪芯褌芯薪薪褘泄	0.000282	4.605170	0.001297
屑芯褉械	0.000282	0.116534	0.000033
屑芯褉械锌褉芯写褍泻褌	0.004507	0.040822	0.000184
屑芯褉泻芯胁褜	0.001408	0.040822	0.000057
屑芯褉芯卸械薪芯械	0.000845	0.040822	0.000034
屑芯褉褋	0.000563	0.040822	0.000023
屑芯褋泻胁邪	0.000282	2.120264	0.000597
屑芯褌芯褉	0.000282	0.116534	0.000033
屑芯褏懈褌褘泄	0.000282	0.040822	0.000011
屑芯褑邪褉械谢谢邪	0.001127	2.813411	0.003170
屑芯褔褜	0.000845	0.000000	0.000000
屑芯褖薪褘泄	0.000282	4.605170	0.001297
屑褍卸	0.000282	0.867501	0.000244
屑褍卸褋泻芯泄	0.000282	0.127833	0.000036
屑褍卸褔懈薪邪	0.000563	0.116534	0.000066
屑褍泻邪	0.001127	0.248461	0.000280
屑褍谢褜褌懈胁邪褉泻邪	0.010704	0.116534	0.001247
屑褍谢褜褌懈锌械泻邪褉褜	0.000845	0.116534	0.000098
屑褍褋泻邪褌薪褘泄	0.000563	1.832581	0.001032
屑褍褋褋	0.000282	0.040822	0.000011
屑褍褋褋邪	0.000845	0.040822	0.000034
屑褍褔薪芯泄	0.000282	0.116534	0.000033
屑褞褋谢懈	0.000563	0.116534	0.000066
屑褟谐泻懈泄	0.001127	0.755023	0.000851
屑褟褋薪芯泄	0.003099	0.040822	0.000126
屑褟褋芯	0.007324	0.040822	0.000299
薪邪械褋褌褜褋褟	0.000563	3.912023	0.002204
薪邪蟹胁邪薪懈械	0.000563	0.562119	0.000317
薪邪蟹薪邪褔械薪懈械	0.000282	0.116534	0.000033
薪邪蟹褘胁邪褌褜褋褟	0.000282	1.714798	0.000483
薪邪泄褌懈	0.000845	0.446287	0.000377
薪邪泻芯薪械褑	0.000282	1.609438	0.000453
薪邪谢懈胁泻邪	0.000282	0.040822	0.000011
薪邪锌懈褌芯泻	0.001972	0.040822	0.000080
薪邪锌芯屑懈薪邪褌褜	0.000282	2.120264	0.000597
薪邪褋褌芯泄泻邪	0.000282	0.040822	0.000011
薪邪褋褌褉芯械薪懈械	0.000282	0.116534	0.000033
薪邪褋褌褍锌懈褌褜	0.000282	3.506558	0.000988
薪邪褌褍褉邪谢褜薪褘泄	0.000282	1.832581	0.000516
薪邪褏芯写懈褌褜	0.000282	4.605170	0.001297
薪邪褑懈芯薪邪谢褜薪褘泄	0.000282	0.116534	0.000033
薪邪褔懈薪泻邪	0.000845	0.040822	0.000034
薪邪褕	0.001972	0.040822	0.000080
薪械写械谢褟	0.002817	0.051293	0.000144
薪械卸薪褘泄	0.000563	0.094311	0.000053
薪械屑械褑泻懈泄	0.000282	0.116534	0.000033
薪械芯卸懈写邪薪薪褘泄	0.000563	0.116534	0.000066
薪械锌谢芯褏芯泄	0.000282	4.605170	0.001297
薪械褋泻芯谢褜泻芯	0.000282	0.843970	0.000238
薪械褋谢邪写泻懈泄	0.000282	0.116534	0.000033
薪懈斜褘褌褜	0.000282	1.832581	0.000516
薪懈泻芯谐写邪	0.000282	1.771957	0.000499
薪芯胁芯谐芯写薪懈泄	0.006761	0.040822	0.000276
薪芯胁芯褋褌褜	0.000282	0.061875	0.000017
薪芯胁褘泄	0.003380	0.030459	0.000103
薪芯褉胁械卸褋泻懈泄	0.000282	0.116534	0.000033
薪芯褌泻邪	0.000282	3.218876	0.000907
薪芯褟斜褉褜	0.000563	0.527633	0.000297
薪褌	0.000282	2.659260	0.000749
芯斜械写	0.001690	0.105361	0.000178
芯斜械蟹褜褟薪邪	0.000282	0.116534	0.000033
芯斜械褋锌械褔懈褌褜	0.000282	4.605170	0.001297
芯斜褋褍卸写邪褌褜褋褟	0.000282	4.605170	0.001297
芯斜褖邪褌褜褋褟	0.000282	0.040822	0.000011
芯斜褗械褏邪褌褜	0.000282	4.605170	0.001297
芯胁芯褖	0.009577	0.094311	0.000903
芯胁芯褖薪芯泄	0.002535	0.040822	0.000103
芯胁褋褟薪褘泄	0.000282	0.105361	0.000030
芯谐薪械薪薪褘泄	0.000282	0.116534	0.000033
芯谐芯薪褜	0.000282	0.094311	0.000027
芯谐褍褉械褑	0.000563	0.116534	0.000066
芯谐褍褉褑芯胁褘泄	0.000282	3.912023	0.001102
芯写薪邪卸写褘	0.000282	2.407946	0.000678
芯写薪芯褝褌邪卸薪褘泄	0.000282	2.302585	0.000649
芯泻邪蟹邪褌褜褋褟	0.000282	1.514128	0.000427
芯泻褉芯褕泻邪	0.000845	0.040822	0.000034
芯谢邪写褜褟	0.000845	0.040822	0.000034
芯谢械泄薪芯泄	0.001127	0.116534	0.000131
芯谢械泄薪褘泄	0.001127	0.116534	0.000131
芯谢懈胁泻邪	0.001127	2.207275	0.002487
芯谢懈胁泻芯胁褘泄	0.004507	0.544727	0.002455
芯谢懈胁褜械	0.000282	2.995732	0.000844
芯屑谢械褌	0.000282	0.040822	0.000011
芯芯芯褔械薪褜	0.000282	3.218876	0.000907
芯锌邪褉邪	0.000282	0.040822	0.000011
芯锌褉械写械谢械薪懈械	0.000282	3.506558	0.000988
芯锌褉芯褋	0.000282	0.061875	0.000017
芯褉械谐邪薪芯	0.001127	2.525729	0.002846
芯褉械褏	0.001127	0.776529	0.000875
芯褉懈谐懈薪邪谢褜薪褘泄	0.000282	1.049822	0.000296
芯褋械薪薪懈泄	0.001127	0.051293	0.000058
芯褋械薪褜	0.003099	0.105361	0.000326
芯褋屑械谢懈褌褜褋褟	0.000282	2.995732	0.000844
芯褋薪芯胁薪褘泄	0.000282	0.040822	0.000011
芯褋褌邪胁邪褌褜褋褟	0.000282	0.116534	0.000033
芯褋褌邪褌褜褋褟	0.000282	1.309333	0.000369
芯褌胁械褌	0.000563	0.000000	0.000000
芯褌胁械褌懈褌褜	0.000563	0.051293	0.000029
芯褌泻褉褘褌褘泄	0.000845	0.105361	0.000089
芯褌屑械薪懈褌褜	0.000282	0.040822	0.000011
芯褌芯褉胁邪褌褜褋褟	0.000282	2.120264	0.000597
芯褏谢邪写懈褌褜	0.000282	0.116534	0.000033
锌邪泻械褌懈泻	0.000282	0.105361	0.000030
锌邪谢芯褔泻邪	0.001127	0.040822	0.000046
锌邪薪懈褉芯胁泻邪	0.002254	0.116534	0.000263
锌邪薪懈褉芯胁芯褔薪褘泄	0.000563	1.309333	0.000738
锌邪褉邪	0.000563	0.116534	0.000066
锌邪褉邪写	0.001972	0.116534	0.000230
锌邪褉懈卸邪薪懈薪	0.000282	4.605170	0.001297
锌邪褉屑械蟹邪薪	0.002254	2.302585	0.005189
锌邪褉芯胁邪褉泻邪	0.003099	0.105361	0.000326
锌邪褉芯谢褜	0.000282	0.020203	0.000006
锌邪褋褌邪	0.002254	0.040822	0.000092
锌邪褋褌褉芯屑邪	0.000282	0.040822	0.000011
锌邪褋褏邪	0.000563	0.040822	0.000023
锌邪褋褏邪谢褜薪褘泄	0.000845	0.116534	0.000098
锌邪褕褌械褌	0.000845	0.040822	0.000034
锌邪褝谢懈褌褜	0.000282	4.605170	0.001297
锌械泻邪褉褜	0.000282	0.127833	0.000036
锌械谢褜屑械薪褜	0.000282	0.116534	0.000033
锌械褉胁褘泄	0.001127	0.040822	0.000046
锌械褉械胁芯写懈褌褜褋褟	0.000282	4.605170	0.001297
锌械褉械泄褌懈	0.000282	0.040822	0.000011
锌械褉械泻褍褋	0.000845	0.116534	0.000098
锌械褉械褑	0.004225	0.040822	0.000172
锌械褉褋芯薪邪	0.000282	0.116534	0.000033
锌械褉褍邪薪褋泻懈泄	0.000282	0.116534	0.000033
锌械褋芯褔薪褘泄	0.000845	0.105361	0.000089
锌械褌械谢懈薪泻	0.000282	0.127833	0.000036
锌械褌褉褍褕泻邪	0.002254	0.673345	0.001517
锌械褔械薪懈械	0.002535	0.040822	0.000103
锌械褔褜	0.000282	0.116534	0.000033
锌械褔褢薪芯褔薪褘泄	0.000282	0.040822	0.000011
锌懈胁芯	0.000282	0.116534	0.000033
锌懈泻邪薪褌	0.000282	0.127833	0.000036
锌懈泻邪薪褌薪褘泄	0.000282	1.514128	0.000427
锌懈泻薪懈泻	0.001127	0.105361	0.000119
锌懈褉	0.000282	0.116534	0.000033
锌懈褉芯谐	0.001127	0.040822	0.000046
锌懈褉芯卸薪芯械	0.000563	0.040822	0.000023
锌懈褉芯卸芯泻	0.000282	0.040822	0.000011
锌懈褋邪褌械谢褜	0.000563	3.912023	0.002204
锌懈褌邪薪懈械	0.001408	0.094311	0.000133
锌懈褑褑邪	0.002254	0.040822	0.000092
锌懈褖邪	0.000282	2.207275	0.000622
锌谢邪屑褟	0.000282	0.116534	0.000033
锌谢邪褋褌懈薪泻邪	0.000282	3.912023	0.001102
锌谢懈褌邪	0.001127	0.116534	0.000131
锌谢芯胁	0.000282	0.116534	0.000033
锌谢芯写	0.000282	0.116534	0.000033
锌芯胁邪褉褢薪芯泻	0.001408	0.000000	0.000000
锌芯胁懈写谢芯	0.000282	0.040822	0.000011
锌芯胁褌芯褉褟褌褜褋褟	0.000282	4.605170	0.001297
锌芯写邪胁邪褌褜	0.000282	1.514128	0.000427
锌芯写邪褉芯泻	0.000282	0.116534	0.000033
锌芯写械谢懈褌褜褋褟	0.000282	0.400478	0.000113
锌芯写谢懈胁	0.000282	0.116534	0.000033
锌芯写谢懈胁泻邪	0.000282	0.040822	0.000011
锌芯写芯泄褌懈	0.000282	1.272966	0.000359
锌芯写锌懈褋邪褌褜褋褟	0.000845	0.040822	0.000034
锌芯写褋屑芯褌褉械褌褜	0.000282	3.506558	0.000988
锌芯械写懈薪芯泻	0.003944	0.116534	0.000460
锌芯械蟹写泻邪	0.000282	3.218876	0.000907
锌芯蟹写褉邪胁懈褌褜	0.000282	0.116534	0.000033
锌芯懈褋泻	0.000282	0.051293	0.000014
锌芯泄褌懈	0.000282	1.966113	0.000554
锌芯泻邪蟹邪褌褜	0.000282	1.309333	0.000369
锌芯泻褍锌邪褌褜	0.000282	1.897120	0.000534
锌芯谢	0.000282	2.995732	0.000844
锌芯谢写薪懈泻	0.000563	0.116534	0.000066
锌芯谢械蟹薪芯	0.000563	0.116534	0.000066
锌芯谢械蟹薪褘泄	0.000282	1.427116	0.000402
锌芯谢懈褌懈泻邪	0.000282	0.040822	0.000011
锌芯谢薪芯褑械薪薪褘泄	0.000282	2.813411	0.000793
锌芯谢芯胁懈薪邪	0.002254	0.105361	0.000237
锌芯谢褍褔邪褌褜	0.000563	0.040822	0.000023
锌芯谢褍褔邪褌褜褋褟	0.000563	0.328504	0.000185
锌芯谢褍褔懈褌褜	0.000282	1.237874	0.000349
锌芯谢褍褔懈褌褜褋褟	0.000282	0.653926	0.000184
锌芯谢褜蟹邪	0.001408	0.116534	0.000164
锌芯谢褜褋泻懈泄	0.000282	0.116534	0.000033
锌芯屑邪写泻邪	0.000845	0.040822	0.000034
锌芯屑械褋褌懈褌褜	0.000282	4.605170	0.001297
锌芯屑懈写芯褉	0.002535	0.116534	0.000295
锌芯屑懈写芯褉泻	0.000282	0.127833	0.000036
锌芯薪褉邪胁懈褌褜褋褟	0.000563	0.040822	0.000023
锌芯薪褔懈泻	0.000563	0.040822	0.000023
锌芯锌褉芯斜芯胁邪褌褜	0.000282	0.248461	0.000070
锌芯锌褍谢褟褉薪褘泄	0.000282	1.427116	0.000402
锌芯褉邪	0.000282	0.105361	0.000030
锌芯褉褌褍谐邪谢褜褋泻懈泄	0.000282	0.116534	0.000033
锌芯褋胁褟褌懈褌褜	0.000563	2.995732	0.001688
锌芯褋械褖邪褌褜	0.000282	0.061875	0.000017
锌芯褋谢械写薪懈泄	0.000282	1.272966	0.000359
锌芯褋褌	0.001408	0.105361	0.000148
锌芯褋褌薪褘泄	0.000845	0.040822	0.000034
锌芯褋褌芯褟薪薪芯	0.000282	0.040822	0.000011
锌芯褋褌褉芯懈褌褜	0.000282	0.105361	0.000030
锌芯褋褍写邪	0.000563	0.094311	0.000053
锌芯褔械屑褍	0.000282	1.203973	0.000339
锌芯褔褌邪	0.000282	0.040822	0.000011
锌芯褕邪谐芯胁褘泄	0.000563	0.040822	0.000023
锌芯褟胁懈褌褜褋褟	0.000282	1.771957	0.000499
锌褉邪蟹写薪懈泻	0.000282	0.105361	0.000030
锌褉邪蟹写薪懈褔薪芯	0.000282	0.116534	0.000033
锌褉邪蟹写薪懈褔薪褘泄	0.000563	0.105361	0.000059
锌褉邪泻褌懈泻褍屑	0.000282	0.116534	0.000033
锌褉械胁芯褋褏芯写薪褘泄	0.000563	0.116534	0.000066
锌褉械胁褉邪褖械薪懈械	0.000282	0.116534	0.000033
锌褉械写锌芯褔褌械薪懈械	0.000282	3.218876	0.000907
锌褉械泻褉邪褋薪芯	0.000282	1.714798	0.000483
锌褉械泻褉邪褋薪褘泄	0.000282	1.386294	0.000391
锌褉械褋薪褘泄	0.000282	0.116534	0.000033
锌褉懈胁械蟹褌懈	0.000282	2.525729	0.000711
锌褉懈胁褘褔薪褘泄	0.000282	2.407946	0.000678
锌褉懈谐芯写懈褌褜褋褟	0.000282	1.560648	0.000440
锌褉懈谐芯褌芯胁懈褌褜	0.000845	0.083382	0.000070
锌褉懈谐芯褌芯胁谢械薪懈械	0.001690	0.040822	0.000069
锌褉懈写褍屑邪褌褜	0.000282	1.237874	0.000349
锌褉懈蟹	0.000282	0.040822	0.000011
锌褉懈蟹薪邪薪懈械	0.000282	0.116534	0.000033
锌褉懈锌褉邪胁邪	0.000845	0.040822	0.000034
锌褉懈褉芯写邪	0.001127	0.105361	0.000119
锌褉懈褋褌褍锌懈褌褜	0.000282	0.040822	0.000011
锌褉芯胁械褉懈褌褜	0.001690	0.116534	0.000197
锌褉芯胁械褋褌懈	0.001127	0.116534	0.000131
锌褉芯胁芯写懈褌褜	0.000282	0.040822	0.000011
锌褉芯胁芯卸邪褌褜	0.000282	0.116534	0.000033
锌褉芯写褍泻褌	0.000563	0.072571	0.000041
锌褉芯械泻褌	0.000563	0.051293	0.000029
锌褉芯懈蟹胁械写械薪懈械	0.000563	4.605170	0.002594
锌褉芯褋屑芯褌褉	0.000282	0.274437	0.000077
锌褉芯褋褌芯	0.001127	0.083382	0.000094
锌褉芯褋褌芯泄	0.000563	0.301105	0.000170
锌褉芯褋褌芯泻胁邪褕邪	0.000282	0.040822	0.000011
锌褉芯褎懈谢褜	0.000282	0.040822	0.000011
锌褉芯褕谢褘泄	0.000282	3.218876	0.000907
锌褉褟屑芯	0.000282	0.040822	0.000011
锌褉褟薪懈泻	0.000563	0.040822	0.000023
锌褉褟薪懈褔薪褘泄	0.000282	0.116534	0.000033
锌褌懈褑邪	0.005634	0.116534	0.000657
锌褍斜谢懈泻芯胁邪褌褜	0.000282	2.995732	0.000844
锌褍写懈薪谐	0.000845	0.040822	0.000034
锌褍薪褕	0.000282	0.040822	0.000011
锌褍褌械褕械褋褌胁懈械	0.000563	0.116534	0.000066
锌褍褌械褕械褋褌胁芯胁邪褌褜	0.000282	3.912023	0.001102
锌褍褌褜	0.000563	0.116534	0.000066
锌褍褏	0.000282	3.218876	0.000907
锌褕械薪懈褔薪褘泄	0.001127	0.287682	0.000324
锌褘褌邪褌褜褋褟	0.000282	2.525729	0.000711
锌褘褕泻邪	0.000282	0.040822	0.000011
锌褜械褉	0.000282	3.912023	0.001102
锌褞褉械	0.001690	0.040822	0.000069
褉邪斜芯褌邪	0.000845	1.237874	0.001046
褉邪斜芯褔懈泄	0.000282	3.912023	0.001102
褉邪谐褍	0.000282	0.116534	0.000033
褉邪蟹胁械褉薪褍褌褜	0.000282	0.116534	0.000033
褉邪蟹写械谢	0.000282	2.813411	0.000793
褉邪蟹写械谢褜薪褘泄	0.000282	0.116534	0.000033
褉邪蟹屑械褉械薪薪褘泄	0.000282	4.605170	0.001297
褉邪蟹薪褘泄	0.000563	0.094311	0.000053
褉邪蟹褍屑械械褌褋褟	0.000282	3.218876	0.000907
褉邪褋褋芯谢褜薪懈泻	0.000845	0.040822	0.000034
褉邪褋褋褘谢泻邪	0.000282	0.061875	0.000017
褉邪褋褌械薪懈械	0.000282	3.506558	0.000988
褉邪褋褌懈褌械谢褜薪褘泄	0.000563	0.223144	0.000126
褉邪褑懈芯薪	0.000282	4.605170	0.001297
褉械斜褢薪芯泻	0.000282	0.094311	0.000027
褉械谐懈褋褌褉邪褑懈褟	0.000845	0.000000	0.000000
褉械蟹邪褌褜	0.000282	2.659260	0.000749
褉械泄褌懈薪谐	0.000282	0.235722	0.000066
褉械锌褔邪褌褘泄	0.001127	0.430783	0.000485
褉械褋褌芯褉邪薪	0.000563	1.386294	0.000781
褉械褑械锌褌	0.028451	0.040822	0.001161
褉械褕邪褌褜褋褟	0.000282	3.506558	0.000988
褉械褕械薪懈械	0.000282	2.813411	0.000793
褉懈屑褋泻懈泄	0.000282	4.605170	0.001297
褉懈褋	0.002254	0.040822	0.000092
褉懈褌屑	0.000563	0.116534	0.000066
褉芯谐邪谢懈泻	0.000282	0.040822	0.000011
褉芯写薪褘泄	0.000282	0.116534	0.000033
褉芯写褋褌胁械薪薪懈泻	0.000282	2.659260	0.000749
褉芯卸写械薪懈械	0.000282	0.105361	0.000030
褉芯卸写械褋褌胁芯	0.000282	0.116534	0.000033
褉芯泻褎芯褉写	0.000282	3.506558	0.000988
褉芯谢谢	0.000563	0.040822	0.000023
褉芯谢谢褌芯薪	0.000282	0.116534	0.000033
褉芯屑	0.000282	0.040822	0.000011
褉芯褋褋懈褟	0.000282	2.525729	0.000711
褉褍斜褉懈泻邪褌芯褉	0.000282	0.051293	0.000014
褉褍卸	0.000282	3.506558	0.000988
褉褍泻邪	0.000282	1.514128	0.000427
褉褍泻芯谢	0.001408	3.912023	0.005510
褉褍谢械褌	0.003099	0.040822	0.000126
褉褍屑褘薪褋泻懈泄	0.000282	0.116534	0.000033
褉褍屑褟薪褘泄	0.000282	0.116534	0.000033
褉褍薪械褌	0.000282	0.020203	0.000006
褉褍褋褋泻懈泄	0.001408	0.105361	0.000148
褉褍褌懈薪邪	0.000282	4.605170	0.001297
褉褘斜邪	0.009577	0.040822	0.000391
褉褘斜薪褘泄	0.003099	0.105361	0.000326
褉褟卸械薪泻邪	0.000282	0.116534	0.000033
褋邪泄褌	0.001690	0.000000	0.000000
褋邪谢邪褌	0.014366	0.040822	0.000586
褋邪谢邪褌懈泻	0.000282	2.302585	0.000649
褋邪谢邪褌薪褘泄	0.000282	0.116534	0.000033
褋邪谢褟屑懈	0.000845	4.605170	0.003892
褋邪屑芯谐芯薪	0.000282	0.040822	0.000011
褋邪屑褘泄	0.000845	0.105361	0.000089
褋邪褎	0.000845	0.116534	0.000098
褋邪褎褋械屑邪	0.000282	0.116534	0.000033
褋邪褏邪褉	0.002254	0.105361	0.000237
褋斜懈褌械薪褜	0.000282	0.040822	0.000011
褋胁械卸械褋褌褜	0.000282	0.105361	0.000030
褋胁械泻芯谢褜薪懈泻	0.000563	0.040822	0.000023
褋胁械褌	0.001127	0.116534	0.000131
褋胁械褌邪	0.001127	0.116534	0.000131
褋胁懈薪懈薪	0.001127	0.116534	0.000131
褋胁懈薪懈薪邪	0.000282	0.040822	0.000011
褋胁褢泻谢邪	0.000282	0.040822	0.000011
褋谐褍褖褢薪泻邪	0.000282	0.040822	0.000011
褋械谐芯写薪褟	0.000845	0.843970	0.000713
褋械蟹芯薪	0.001127	0.116534	0.000131
褋械泄	0.000282	2.659260	0.000749
褋械泄褔邪褋	0.000845	0.030459	0.000026
褋械泻褉械褌	0.000845	0.116534	0.000098
褋械谢褢写泻邪	0.000282	0.040822	0.000011
褋械屑械泄薪褘泄	0.001127	0.116534	0.000131
褋械屑械泄褋褌胁芯	0.000282	2.995732	0.000844
褋械屑褜褟	0.000563	0.116534	0.000066
褋懈写褉	0.000282	0.040822	0.000011
褋懈褉械薪械胁褘泄	0.000282	4.605170	0.001297
褋懈褉懈泄褋泻懈泄	0.000282	0.116534	0.000033
褋懈褉芯锌	0.000563	0.040822	0.000023
褋懈褋褌械屑邪	0.000282	0.040822	0.000011
褋懈褌懈	0.000282	0.127833	0.000036
褋泻邪蟹泻邪	0.000282	0.116534	0.000033
褋谢邪写泻懈泄	0.006197	0.040822	0.000253
褋谢邪写泻芯	0.000282	0.116534	0.000033
褋谢邪写芯褋褌褜	0.000282	3.912023	0.001102
褋谢懈胁芯褔薪褘泄	0.001972	0.105361	0.000208
褋谢芯泄泻邪	0.000563	0.040822	0.000023
褋谢芯褢薪褘泄	0.000845	0.116534	0.000098
褋谢褍褔邪泄薪芯	0.000282	2.407946	0.000678
褋谢褘褕邪褌褜	0.000282	3.506558	0.000988
褋屑械褌邪薪邪	0.000845	0.105361	0.000089
褋屑械褕邪薪薪褘泄	0.000282	0.116534	0.000033
褋屑芯褔褜	0.000282	0.040822	0.000011
褋屑褍蟹懈	0.000845	0.040822	0.000034
褋薪褝泻	0.000282	0.116534	0.000033
褋芯斜懈褉邪褌褜褋褟	0.000282	0.040822	0.000011
褋芯斜褉邪褌褜褋褟	0.000282	3.912023	0.001102
褋芯斜褋褌胁械薪薪褘泄	0.000563	1.966113	0.001108
褋芯胁械褉褕械薪褋褌胁芯	0.001408	0.116534	0.000164
褋芯胁械褌	0.000282	0.040822	0.000011
褋芯胁屑械褖邪褌褜	0.000282	4.605170	0.001297
褋芯胁褉械屑械薪薪褘泄	0.000282	3.218876	0.000907
褋芯胁褋械屑	0.000282	1.139434	0.000321
褋芯谐谢邪褕邪褌褜褋褟	0.000282	0.040822	0.000011
褋芯械胁褘泄	0.000563	0.798508	0.000450
褋芯蟹写邪胁邪褌褜	0.000282	0.105361	0.000030
褋芯蟹写邪薪懈械	0.000563	0.261365	0.000147
褋芯蟹写邪褌褜	0.000282	3.218876	0.000907
褋芯泻	0.003662	0.040822	0.000149
褋芯谢械薪懈械	0.000563	0.116534	0.000066
褋芯谢薪械褔薪褘泄	0.000282	0.116534	0.000033
褋芯谢褜	0.005070	0.127833	0.000648
褋芯谢褟薪泻邪	0.000563	0.040822	0.000023
褋芯谢褢薪褘泄	0.000845	0.116534	0.000098
褋芯薪	0.000563	4.605170	0.002594
褋芯芯褌胁械褌褋褌胁懈械	0.000282	3.912023	0.001102
褋芯芯褌械褔械褋褌胁械薪薪懈泻	0.000282	4.605170	0.001297
褋芯锌褉芯褌懈胁谢械薪懈械	0.000282	4.605170	0.001297
褋芯褉褌懈褉芯胁邪褌褜	0.000282	0.248461	0.000070
褋芯褋褌邪胁懈褌褜	0.000282	0.116534	0.000033
褋芯褍褋	0.007606	0.040822	0.000310
褋芯褏褉邪薪褟褌褜	0.000282	0.040822	0.000011
褋芯褑褋械褌褜	0.000282	0.040822	0.000011
褋芯褔械褌邪薪懈械	0.000282	0.105361	0.000030
褋芯褔薪褘泄	0.000563	0.116534	0.000066
褋锌邪谢褜薪褟	0.000282	0.415515	0.000117
褋锌邪褉卸邪	0.000845	3.506558	0.002963
褋锌械褌褜	0.000282	0.116534	0.000033
褋锌械褑懈邪谢褜薪褘泄	0.000282	0.094311	0.000027
褋锌械褑懈褟	0.001408	0.094311	0.000133
褋锌械褑锌褉芯械泻褌	0.009296	0.116534	0.001083
褋锌懈褋芯泻	0.000563	0.116534	0.000066
褋锌芯褋芯斜	0.000563	0.891598	0.000502
褋褉邪蟹褍	0.000282	0.733969	0.000207
褋褉械写懈蟹械屑薪芯屑芯褉褋泻懈泄	0.000282	0.127833	0.000036
褋褌邪褉褘泄	0.000282	0.261365	0.000074
褋褌邪褌褜	0.000563	1.049822	0.000591
褋褌邪褌褜褟	0.000282	0.061875	0.000017
褋褌械锌械薪褜	0.000282	4.605170	0.001297
褋褌懈谢褜	0.000563	0.116534	0.000066
褋褌芯谢	0.002254	0.105361	0.000237
褋褌芯褉芯薪邪	0.000282	1.966113	0.000554
褋褌芯褉芯薪薪懈泻	0.000282	4.605170	0.001297
褋褌褉芯懈褌械谢褜褋褌胁芯	0.000563	0.040822	0.000023
褋褌褉芯懈褌褜	0.000282	0.040822	0.000011
褋褌褉芯泄薪褘泄	0.000282	0.116534	0.000033
褋褌褉褍褔泻芯胁褘泄	0.000563	3.218876	0.001813
褋褍斜锌褉芯写褍泻褌	0.002817	0.116534	0.000328
褋褍锌	0.005352	0.040822	0.000218
褋褍褎谢械	0.000845	0.040822	0.000034
褋褍褏邪褉褜	0.000845	0.040822	0.000034
褋褍褕懈褌褜	0.000563	0.040822	0.000023
褋褍褖械褋褌胁芯胁邪褌褜	0.000282	2.525729	0.000711
褋褎芯褌芯谐褉邪褎懈褉芯胁邪褌褜	0.000282	4.605170	0.001297
褋褕邪	0.000282	2.813411	0.000793
褋褘薪	0.000282	2.120264	0.000597
褋褘褉	0.005634	0.040822	0.000230
褋褘褉薪懈泻	0.000845	0.040822	0.000034
褋褘褉薪褘泄	0.001127	0.040822	0.000046
褋褘褌薪褘泄	0.000563	0.105361	0.000059
褋褘褔褍卸薪褘泄	0.000282	0.127833	0.000036
褋褝薪写胁懈褔	0.000282	0.127833	0.000036
褋褞褉锌褉懈蟹	0.000282	0.116534	0.000033
褋褢屑谐邪	0.000282	0.040822	0.000011
褌邪写卸懈泻褋泻懈泄	0.000282	0.116534	0.000033
褌邪泄褋泻懈泄	0.000282	0.116534	0.000033
褌邪泻懈	0.000282	1.237874	0.000349
褌邪褉械谢泻邪	0.000282	1.469676	0.000414
褌邪褉褌	0.000282	0.116534	0.000033
褌邪褉褌邪谢械褌泻邪	0.000563	0.040822	0.000023
褌邪褌邪褉褋泻懈泄	0.000282	0.116534	0.000033
褌胁芯泄	0.000563	0.116534	0.000066
褌胁芯褉械薪懈械	0.000282	4.605170	0.001297
褌胁芯褉懈褌褜	0.000282	0.116534	0.000033
褌胁芯褉芯谐	0.000845	0.040822	0.000034
褌胁芯褉芯卸薪褘泄	0.001127	0.094311	0.000106
褌械谢械谐褉邪屑	0.000282	0.040822	0.000011
褌械谢褟褌懈薪邪	0.001127	0.116534	0.000131
褌械屑邪	0.000563	2.659260	0.001498
褌械锌谢芯	0.000282	0.116534	0.000033
褌械褉褉懈薪邪	0.000282	0.040822	0.000011
褌械褋褌	0.002817	0.105361	0.000297
褌械褋褌芯	0.003099	0.040822	0.000126
褌械褏薪懈泻邪	0.001408	0.105361	0.000148
褌屑	0.001127	0.127833	0.000144
褌芯屑	0.000282	1.139434	0.000321
褌芯屑邪褌	0.001127	1.714798	0.001932
褌芯屑邪褌薪褘泄	0.001127	1.139434	0.001284
褌芯薪泻懈泄	0.000282	1.309333	0.000369
褌芯锌谢褢薪褘泄	0.000282	0.116534	0.000033
褌芯褉褌	0.005634	0.040822	0.000230
褌芯褔薪械械	0.000282	3.218876	0.000907
褌褉邪胁邪	0.000282	0.094311	0.000027
褌褉邪写懈褑懈褟	0.001690	0.116534	0.000197
褌褉芯褎械泄薪褘泄	0.000282	4.605170	0.001297
褌褉褍斜芯褔泻邪	0.000282	0.040822	0.000011
褌褉褍写薪芯	0.000282	2.040221	0.000575
褌褉褢褏谢械褌懈械	0.000282	0.116534	0.000033
褌褍薪械褑	0.000282	0.105361	0.000030
褌褍薪懈褋褋泻懈泄	0.000282	0.116534	0.000033
褌褍褉械褑泻懈泄	0.000282	0.116534	0.000033
褌褍褕褢薪褘泄	0.000282	2.659260	0.000749
褌褘泻胁邪	0.000282	0.040822	0.000011
褌褢褖懈薪	0.000282	0.040822	0.000011
褍胁械写芯屑谢械薪懈械	0.000282	0.040822	0.000011
褍谐芯褋褌懈褌褜	0.000282	1.660731	0.000468
褍写邪褔薪褘泄	0.000282	0.116534	0.000033
褍写懈胁懈褌褜	0.000282	0.116534	0.000033
褍写懈胁谢褟褌褜	0.001127	0.116534	0.000131
褍写芯胁芯谢褜褋褌胁懈械	0.000563	0.116534	0.000066
褍卸	0.000282	0.693147	0.000195
褍卸懈薪	0.003099	0.094311	0.000292
褍蟹斜械泻褋泻懈泄	0.000282	0.116534	0.000033
褍泻褉邪懈薪褋泻懈泄	0.000282	0.116534	0.000033
褍泻褉邪褕械薪懈械	0.002254	0.116534	0.000263
褍泻褋褍褋	0.000845	0.562119	0.000475
褍锌邪泻芯胁泻邪	0.000282	3.912023	0.001102
褍锌芯褌褉械斜谢械薪懈械	0.000282	0.116534	0.000033
褍褉邪谢褜褋泻懈泄	0.000282	0.116534	0.000033
褍褉芯卸邪泄	0.000282	0.105361	0.000030
褍褌泻邪	0.000845	0.116534	0.000098
褍褌褉械薪薪懈泄	0.000282	4.605170	0.001297
褍褏芯	0.000282	0.040822	0.000011
褍褔邪褋褌胁芯胁邪褌褜	0.000282	0.040822	0.000011
褎邪蟹械薪写邪	0.000282	0.116534	0.000033
褎邪泻褌懈褔械褋泻懈	0.000282	3.912023	0.001102
褎邪薪褌邪蟹懈褟	0.002254	0.116534	0.000263
褎邪褉褕	0.003662	0.040822	0.000149
褎邪褉褕懈褉芯胁邪薪薪褘泄	0.002535	0.040822	0.000103
褎邪褋芯谢褜	0.000845	0.040822	0.000034
褎械胁褉邪谢褜	0.000563	0.094311	0.000053
褎械泄械褉胁械褉泻	0.000563	0.116534	0.000066
褎械薪芯屑械薪	0.000282	3.912023	0.001102
褎懈谐褍褉邪	0.000282	0.116534	0.000033
褎懈写褝褍邪	0.000282	4.605170	0.001297
褎懈薪褋泻懈泄	0.000282	0.116534	0.000033
褎懈褉屑械薪薪褘泄	0.000282	0.116534	0.000033
褎芯薪写褞	0.000282	0.040822	0.000011
褎芯褉屑邪	0.000282	0.105361	0.000030
褎芯褉褍屑	0.000563	0.040822	0.000023
褎芯褉褕屑邪泻	0.000282	0.040822	0.000011
褎褉邪薪褑懈褟	0.000563	0.116534	0.000066
褎褉邪薪褑褍蟹褋泻懈泄	0.000845	0.094311	0.000080
褎褉邪褍	0.001127	0.116534	0.000131
褎褉懈褌褞褉	0.000282	2.995732	0.000844
褎褉褍泻褌	0.001127	0.116534	0.000131
褎褉褍泻褌芯胁褘泄	0.002254	0.040822	0.000092
褎褍写	0.000282	0.116534	0.000033
褎褍褉褕械褌	0.000282	0.116534	0.000033
褏邪谢胁邪	0.000282	0.040822	0.000011
褏邪褉胁械褋褌褎械褋褌	0.000563	0.116534	0.000066
褏邪褉褔芯	0.000563	0.040822	0.000023
褏邪褕	0.000282	0.040822	0.000011
褏胁芯褉芯褋褌	0.000282	0.040822	0.000011
褏懈薪泻邪谢懈	0.000282	0.116534	0.000033
褏懈褌	0.001972	0.116534	0.000230
褏谢械斜	0.001408	0.040822	0.000057
褏谢械斜芯锌械褔泻邪	0.000282	0.116534	0.000033
褏谢芯锌褜褟	0.000563	0.094311	0.000053
褏芯蟹褟泄泻邪	0.000282	0.116534	0.000033
褏芯谢芯写械褑	0.000282	0.040822	0.000011
褏芯谢芯写薪芯械	0.000563	0.116534	0.000066
褏芯谢芯写薪褘泄	0.000563	0.116534	0.000066
褏芯褉胁邪褌褋泻懈泄	0.000282	0.116534	0.000033
褏芯褉芯褕懈泄	0.001408	0.040822	0.000057
褏芯褉芯褕芯	0.001408	0.105361	0.000148
褏芯褉褋	0.000282	0.116534	0.000033
褏芯褌械褌褜	0.000845	0.000000	0.000000
褏芯褌械褌褜褋褟	0.000563	1.237874	0.000697
褏褍屑褍褋邪	0.000282	0.040822	0.000011
褑邪褉褋褌胁芯	0.000282	0.127833	0.000036
褑邪褉褜	0.000282	0.116534	0.000033
褑胁械褌薪芯泄	0.000282	0.040822	0.000011
褑胁械褌芯泻	0.000282	3.506558	0.000988
褑械谢褘泄	0.000282	1.714798	0.000483
褑械薪薪褘泄	0.000282	0.040822	0.000011
褑械薪褌褉	0.000282	0.116534	0.000033
褔邪械屑褘泄	0.000282	0.116534	0.000033
褔邪泄	0.000845	0.040822	0.000034
褔邪褋褌芯	0.000282	0.994252	0.000280
褔械斜褍褉械泻	0.000563	0.040822	0.000023
褔械谢芯胁械泻	0.000282	0.916291	0.000258
褔械屑	0.000282	0.994252	0.000280
褔械褉泻懈蟹芯胁褘泄	0.000563	0.116534	0.000066
褔械褉褉懈	0.000563	2.040221	0.001149
褔械褉褌芯锌芯谢芯褏	0.000282	4.605170	0.001297
褔械褋薪芯泻	0.002817	0.314711	0.000887
褔械褋褌薪芯泄	0.000282	0.040822	0.000011
褔械褌褘褉械	0.000282	2.995732	0.000844
褔械褔械胁懈褑邪	0.000282	0.040822	0.000011
褔械褕褋泻懈泄	0.000282	0.116534	0.000033
褔懈蟹泻械泄泻	0.001127	0.040822	0.000046
褔懈谢懈泄褋泻懈泄	0.000282	0.116534	0.000033
褔懈锌褋褘	0.000282	0.040822	0.000011
褔懈褋谢芯	0.000282	0.235722	0.000066
褔褍写芯	0.000563	0.116534	0.000066
褔褢褉薪褘泄	0.003380	0.356675	0.001206
褕邪屑锌懈薪褜芯薪	0.000563	1.237874	0.000697
褕邪褉懈泻	0.000282	0.040822	0.000011
褕邪褉谢芯褌泻邪	0.000563	0.040822	0.000023
褕邪褉屑	0.000282	0.116534	0.000033
褕邪褕谢褘泻	0.003662	0.040822	0.000149
褕胁械写褋泻懈泄	0.000282	0.116534	0.000033
褕胁械泄褑邪褉褋泻懈泄	0.000282	0.116534	0.000033
褕械写械胁褉	0.000282	0.116534	0.000033
褕械褎	0.000282	0.127833	0.000036
褕懈锌褍褔泻邪	0.000282	0.040822	0.000011
褕懈褉芯泻懈泄	0.000282	0.127833	0.000036
褕泻芯谢邪	0.000282	0.116534	0.000033
褕芯泻芯谢邪写	0.000282	0.040822	0.000011
褕芯褌谢邪薪写褋泻懈泄	0.000282	0.116534	0.000033
褕褌褉褍写械谢褜	0.000282	0.040822	0.000011
褕褍褉锌邪	0.000282	0.040822	0.000011
褖械写褉褘泄	0.000282	0.116534	0.000033
褖懈	0.000563	0.040822	0.000023
褝泻芯屑懈谢泻	0.000282	0.127833	0.000036
褝泻褋锌械褉懈屑械薪褌懈褉芯胁邪褌褜	0.000282	2.659260	0.000749
褝褋褌芯薪褋泻懈泄	0.000282	0.116534	0.000033
褞谐芯褋谢邪胁褋泻懈泄	0.000282	0.116534	0.000033
褟谐芯写薪褘泄	0.001127	0.105361	0.000119
褟蟹褘泻	0.000282	0.040822	0.000011
褟懈褔薪懈褑邪	0.000282	2.659260	0.000749
褟泄褑芯	0.003099	0.040822	0.000126
褟薪胁邪褉褜	0.000845	0.733969	0.000620
褟薪写械泻褋	0.000282	0.072571	0.000020
褟锌芯薪褋泻懈泄	0.000563	0.051293	0.000029
褟褉泻懈泄	0.000282	0.116534	0.000033
褟褉泻芯	0.000282	0.105361	0.000030
