谢械屑屑邪	TF	IDF	TF-IDF
邪斜褏邪蟹褋泻懈泄	0.000273	0.116534	0.000032
邪胁谐褍褋褌	0.000273	0.843970	0.000231
邪胁褋褌褉邪谢懈泄褋泻懈泄	0.000273	0.116534	0.000032
邪胁褋褌褉懈泄褋泻懈泄	0.000273	0.116534	0.000032
邪胁褌芯泻谢邪胁	0.000273	0.116534	0.000032
邪胁褌芯褉	0.000273	0.040822	0.000011
邪谐褉芯	0.000273	0.116534	0.000032
邪写卸懈泻邪	0.000273	0.040822	0.000011
邪蟹	0.000273	0.127833	0.000035
邪蟹械褉斜邪泄写卸邪薪褋泻懈泄	0.000273	0.116534	0.000032
邪蟹懈邪褌褋泻懈泄	0.000273	0.127833	0.000035
邪泄褉邪薪	0.000273	0.040822	0.000011
邪泻胁邪褌懈泻	0.000820	0.127833	0.000105
邪谢械泻褋械泄	0.000273	0.127833	0.000035
邪谢泻芯谐芯谢褜	0.000820	0.116534	0.000096
邪谢泻芯谐芯谢褜薪褘泄	0.000273	0.116534	0.000032
邪谢褜褟薪褋	0.000273	0.116534	0.000032
邪屑械褉懈泻邪薪褋泻懈泄	0.000273	0.116534	0.000032
邪屑锌谢褍邪	0.000273	3.912023	0.001069
邪薪谐谢懈泄褋泻懈泄	0.000273	0.116534	0.000032
邪薪写褉械泄	0.000273	0.127833	0.000035
邪锌褉械谢褜	0.000546	0.544727	0.000298
邪褉邪斜褋泻懈泄	0.000273	0.116534	0.000032
邪褉谐械薪褌懈薪褋泻懈泄	0.000273	0.116534	0.000032
邪褉屑褟薪褋泻懈泄	0.000273	0.116534	0.000032
邪褉芯屑邪褌	0.000546	0.820981	0.000449
邪褋褋芯褉褌懈	0.000546	0.116534	0.000064
邪褌谢邪薪褌	0.000273	0.116534	0.000032
邪褌褉懈斜褍褌	0.000273	4.605170	0.001258
邪褎谐邪薪褋泻懈泄	0.000273	0.116534	0.000032
邪褎褉懈泻邪薪褋泻懈泄	0.000273	0.116534	0.000032
邪褝褉芯谐褉懈谢褜	0.002732	0.116534	0.000318
斜邪泻谢邪卸邪薪	0.000273	0.040822	0.000011
斜邪谢褌泻芯屑邪	0.000273	0.127833	0.000035
斜邪薪邪谢褜薪褘泄	0.000273	2.995732	0.000819
斜邪褉邪薪懈薪邪	0.001093	0.116534	0.000127
斜邪褋屑邪褌懈	0.000546	0.127833	0.000070
斜邪褋褌褍褉屑	0.000273	0.040822	0.000011
斜邪褋褌褍褉屑邪	0.000273	0.040822	0.000011
斜邪褌芯薪	0.000273	1.514128	0.000414
斜邪褌芯薪褔懈泻	0.000273	0.127833	0.000035
斜邪褕泻懈褉褋泻懈泄	0.000273	0.116534	0.000032
斜械写邪	0.000273	3.218876	0.000879
斜械蟹邪谢泻芯谐芯谢褜薪褘泄	0.000273	0.116534	0.000032
斜械蟹谐谢褞褌械薪芯胁芯械	0.000273	0.116534	0.000032
斜械蟹械	0.001093	0.040822	0.000045
斜械蟹褍屑薪芯	0.000273	1.560648	0.000426
斜械泻芯薪	0.000546	1.897120	0.001037
斜械谢械斜械械胁褋泻懈泄	0.000546	0.116534	0.000064
斜械谢芯泻芯褔邪薪薪褘泄	0.002732	0.967584	0.002644
斜械谢芯褉褍褋褋泻懈泄	0.000273	0.116534	0.000032
斜械谢褜谐懈泄褋泻懈泄	0.000273	0.116534	0.000032
斜械褉械屑械薪薪邪褟	0.000273	0.116534	0.000032
斜械褋械写懈薪	0.000273	0.127833	0.000035
斜懈褋泻胁懈褌	0.000546	0.040822	0.000022
斜懈褋泻胁懈褌薪褘泄	0.000820	0.105361	0.000086
斜谢邪谐芯写邪褉薪芯褋褌褜	0.000273	2.659260	0.000727
斜谢邪谐芯写邪褉褟	0.000273	1.897120	0.000518
斜谢懈蟹泻懈械	0.000273	2.659260	0.000727
斜谢懈蟹泻懈泄	0.000546	0.116534	0.000064
斜谢懈薪	0.001639	0.040822	0.000067
斜谢懈薪褔懈泻	0.000273	1.714798	0.000469
斜谢褞写芯	0.026776	0.040822	0.001093
斜芯斜芯胁褘泄	0.002186	0.116534	0.000255
斜芯谢谐邪褉褋泻懈泄	0.000820	0.116534	0.000096
斜芯谢械蟹薪褜	0.000273	2.995732	0.000819
斜芯谢褜褕芯泄	0.001093	0.094311	0.000103
斜芯褉褖	0.004372	0.040822	0.000178
斜芯褉褖懈泻	0.000820	3.506558	0.002874
斜芯褌胁懈薪褜褟	0.000273	0.040822	0.000011
斜芯褟褌褜褋褟	0.000273	2.659260	0.000727
斜褉邪蟹懈谢褜褋泻懈泄	0.000273	0.116534	0.000032
斜褉邪褍蟹械褉	0.000273	0.040822	0.000011
斜褉邪褍薪懈	0.000273	0.040822	0.000011
斜褉械褋褌	0.000273	0.127833	0.000035
斜褉芯泻泻芯谢懈	0.000273	0.040822	0.000011
斜褍卸械薪懈薪邪	0.000273	0.040822	0.000011
斜褍泻械褌	0.001366	3.218876	0.004397
斜褍谢芯褔泻邪	0.000820	0.040822	0.000033
斜褍谢褜芯薪	0.004645	0.040822	0.000190
斜褍褉谐械褉	0.000546	0.040822	0.000022
斜褍褉褟褌褋泻懈泄	0.000273	0.116534	0.000032
斜褍褌械褉斜褉芯写	0.001093	0.040822	0.000045
斜褘胁邪褌褜	0.000273	1.897120	0.000518
斜褘褋褌褉芯	0.001913	0.094311	0.000180
斜褘褋褌褉褘泄	0.001639	0.094311	0.000155
胁邪卸薪褘泄	0.000273	0.116534	0.000032
胁邪谢谢懈泄褋泻懈泄	0.000273	0.116534	0.000032
胁邪褉械薪懈械	0.000546	0.040822	0.000022
胁邪褉械薪懈泻	0.000273	0.116534	0.000032
胁邪褉懈邪薪褌	0.000820	0.356675	0.000292
胁邪褌褉褍褕泻邪	0.000273	0.040822	0.000011
胁邪褎谢褟	0.000546	0.040822	0.000022
胁邪褕	0.001366	0.000000	0.000000
胁胁械写械薪懈械	0.000546	4.605170	0.002516
胁胁芯写懈褌褜	0.000273	0.040822	0.000011
胁写芯褏薪芯胁械薪懈械	0.001639	0.116534	0.000191
胁写芯褏薪芯胁谢褟褌褜褋褟	0.000273	0.116534	0.000032
胁械谐械褌邪褉懈邪薪褋泻懈泄	0.000546	0.116534	0.000064
胁械谢懈泻懈泄	0.000273	0.116534	0.000032
胁械薪谐械褉褋泻懈泄	0.000273	0.116534	0.000032
胁械薪械褉懈泻	0.000273	2.120264	0.000579
胁械褉懈褌褜	0.001093	2.407946	0.002632
胁械褋械薪薪懈泄	0.000273	0.051293	0.000014
胁械褋薪邪	0.001639	0.116534	0.000191
胁械褌褔懈薪邪	0.000273	0.094311	0.000026
胁械褔薪芯	0.000273	4.605170	0.001258
胁懈写	0.000546	0.776529	0.000424
胁懈写械芯	0.000546	0.116534	0.000064
胁懈写械芯褉械褑械锌褌	0.000273	0.301105	0.000082
胁懈薪芯	0.000546	0.040822	0.000022
胁泻谢褞褔邪褌褜	0.000273	0.634878	0.000173
胁泻褍褋	0.003552	0.105361	0.000374
胁泻褍褋薪芯	0.001913	0.094311	0.000180
胁泻褍褋薪褘泄	0.004098	0.061875	0.000254
胁谢褞斜懈褌褜	0.000273	0.116534	0.000032
胁屑械褋褌械	0.000273	0.916291	0.000250
胁薪邪褔邪谢械	0.001093	0.248461	0.000272
胁芯写邪	0.001639	0.094311	0.000155
胁芯写芯褔泻邪	0.000273	3.912023	0.001069
胁芯蟹薪懈泻邪褌褜	0.000273	3.912023	0.001069
胁芯泄褌懈	0.000273	0.000000	0.000000
胁芯谢芯胁邪薪	0.000273	0.116534	0.000032
胁芯谢褕械斜薪褘泄	0.000546	0.116534	0.000064
胁芯谢褕械斜褋褌胁芯	0.000273	0.116534	0.000032
胁芯锌褉芯褋	0.000273	0.000000	0.000000
胁芯褋锌芯谢褜蟹芯胁邪褌褜褋褟	0.000273	1.832581	0.000501
胁芯褋褌芯褔薪褘泄	0.000273	0.127833	0.000035
胁芯褋褏懈褌懈褌械谢褜薪褘泄	0.000273	2.120264	0.000579
胁褉械屑褟	0.002186	0.105361	0.000230
胁褋械谐写邪	0.000546	0.653926	0.000357
胁褋锌芯屑薪懈褌褜	0.000546	0.040822	0.000022
胁褋褌褉械褔邪	0.000273	3.218876	0.000879
胁褋褌褉械褔邪褌褜	0.000273	2.525729	0.000690
胁褌芯褉芯械	0.000273	0.116534	0.000032
胁褌芯褉芯泄	0.000273	0.116534	0.000032
胁褏芯写	0.000820	0.030459	0.000025
胁褏芯写懈褌褜	0.000273	2.813411	0.000769
胁褘胁邪褉懈胁邪褌褜褋褟	0.000273	4.605170	0.001258
胁褘泄褌懈	0.000273	0.040822	0.000011
胁褘谢芯卸懈褌褜	0.000273	1.832581	0.000501
胁褘锌械褔泻邪	0.004098	0.040822	0.000167
胁褘褉褘胁邪褌褜褋褟	0.000273	3.506558	0.000958
胁褘褌械泻邪褌褜	0.000273	2.813411	0.000769
胁褘褌械褋薪懈褌褜	0.000273	3.218876	0.000879
胁褜械褌薪邪屑褋泻懈泄	0.000273	0.116534	0.000032
谐邪胁邪泄褋泻懈泄	0.000273	0.116534	0.000032
谐邪谢邪褌褉懈褝谢褜	0.000273	4.605170	0.001258
谐邪褉写械薪	0.000273	3.506558	0.000958
谐邪褉薪懈褉	0.001366	0.040822	0.000056
谐邪褋锌邪褔芯	0.000273	0.040822	0.000011
谐械芯谐褉邪褎懈褟	0.000273	0.116534	0.000032
谐谢邪胁薪芯械	0.000546	1.139434	0.000623
谐谢邪胁薪褘泄	0.000273	0.040822	0.000011
谐谢邪蟹	0.000273	2.207275	0.000603
谐谢邪蟹褍褉褜	0.000820	0.040822	0.000033
谐谢懈薪褌胁械泄薪	0.000273	0.040822	0.000011
谐芯胁褟写懈薪邪	0.001093	0.116534	0.000127
谐芯写	0.007923	0.083382	0.000661
谐芯谢谢邪薪写褋泻懈泄	0.000273	0.116534	0.000032
谐芯谢芯写	0.000273	4.605170	0.001258
谐芯褉芯写	0.000273	0.116534	0.000032
谐芯褉芯褏	0.000273	0.116534	0.000032
谐芯褉褔懈褑邪	0.001366	0.040822	0.000056
谐芯褉褕芯褔械泻	0.000546	0.040822	0.000022
谐芯褉褟褔械械	0.000546	0.116534	0.000064
谐芯褉褟褔懈泄	0.011202	0.105361	0.001180
谐芯褋褌褜	0.000820	0.116534	0.000096
谐芯褌芯胁懈褌褜	0.005464	0.083382	0.000456
谐芯褌芯胁懈褌褜褋褟	0.000820	0.371064	0.000304
谐褉械薪泻邪	0.000546	0.040822	0.000022
谐褉械褑泻懈泄	0.000546	1.469676	0.000803
谐褉械褔械褋泻懈泄	0.000273	0.116534	0.000032
谐褉械褔泻邪	0.000273	0.040822	0.000011
谐褉懈斜	0.003825	0.040822	0.000156
谐褉懈斜薪芯泄	0.000546	0.040822	0.000022
谐褉懈谢褜	0.002732	0.105361	0.000288
谐褉懈谢褜屑邪薪懈褟	0.000273	0.116534	0.000032
谐褉芯谐	0.000273	0.040822	0.000011
谐褉褍蟹懈薪褋泻懈	0.000273	3.506558	0.000958
谐褉褍蟹懈薪褋泻懈泄	0.000273	0.116534	0.000032
谐褉褍蟹懈褟	0.000273	2.995732	0.000819
谐褉褍锌锌邪	0.000273	0.061875	0.000017
谐褉褍褌褜	0.000273	3.506558	0.000958
谐褍褉屑	0.000273	0.127833	0.000035
谐褍褉屑邪薪懈褟	0.001639	0.116534	0.000191
谐褍褋褜	0.000546	0.105361	0.000058
写邪胁邪褌褜	0.000273	0.040822	0.000011
写邪谢械泻芯	0.000273	3.218876	0.000879
写邪谢褢泻懈泄	0.000273	2.659260	0.000727
写邪薪薪褘械	0.000273	0.040822	0.000011
写邪薪薪褘泄	0.000546	1.660731	0.000908
写邪褉	0.000273	0.116534	0.000032
写邪褌邪	0.000546	0.248461	0.000136
写邪褌褋泻懈泄	0.000273	0.116534	0.000032
写邪褌褜	0.000273	0.040822	0.000011
写邪褔薪褘泄	0.000820	0.116534	0.000096
写胁懈卸械薪懈械	0.000273	3.506558	0.000958
写械斜褞褌薪褘泄	0.000273	4.605170	0.001258
写械胁褔邪褌邪	0.000273	3.912023	0.001069
写械泻邪斜褉褜	0.000820	0.597837	0.000490
写械泻芯褉	0.000273	0.127833	0.000035
写械泻芯褉邪褌懈胁薪褘泄	0.000273	4.605170	0.001258
写械谢邪褌褜	0.000820	0.083382	0.000068
写械谢邪褌褜褋褟	0.000273	1.203973	0.000329
写械谢懈褌褜褋褟	0.000273	0.040822	0.000011
写械谢芯	0.000273	0.105361	0.000029
写械屑芯薪懈泻邪	0.000273	2.525729	0.000690
写械薪械卸泻邪	0.000273	4.605170	0.001258
写械薪褜	0.003005	0.040822	0.000123
写械褋械褉褌	0.004645	0.040822	0.000190
写械褋械褉褌邪褑懈褟	0.000273	0.116534	0.000032
写械褋械褉褌薪褘泄	0.000273	0.116534	0.000032
写卸械屑	0.000273	0.040822	0.000011
写卸械屑邪	0.000273	0.040822	0.000011
写蟹械薪	0.000273	0.116534	0.000032
写懈械褌邪	0.000546	0.094311	0.000052
写懈泻懈泄	0.000820	0.116534	0.000096
写懈锌	0.000273	0.116534	0.000032
写懈褔褜	0.000820	0.116534	0.000096
写薪械胁薪懈泻	0.000273	0.061875	0.000017
写芯斜邪胁懈褌褜	0.000273	0.083382	0.000023
写芯斜邪胁谢械薪懈械	0.000273	0.223144	0.000061
写芯斜邪胁谢褟褌褜	0.000546	0.040822	0.000022
写芯斜褉芯褎谢芯褌	0.000273	0.127833	0.000035
写芯斜褉褘泄	0.000273	2.659260	0.000727
写芯胁械褉褟褌褜	0.000273	0.116534	0.000032
写芯谢卸薪褘泄	0.000273	1.078810	0.000295
写芯屑	0.003005	0.040822	0.000123
写芯屑邪褕薪懈泄	0.003552	0.040822	0.000145
写芯褉芯谐芯泄	0.000273	1.139434	0.000311
写芯褋褌邪褌芯褔薪芯	0.000273	2.040221	0.000557
写褉邪泄胁	0.001366	0.127833	0.000175
写褉芯卸卸械胁芯泄	0.000273	0.116534	0.000032
写褍褏	0.000273	2.407946	0.000658
写褍褏芯胁泻邪	0.001093	0.105361	0.000115
写褍褕邪	0.000820	0.105361	0.000086
械胁褉械泄褋泻懈泄	0.000273	0.116534	0.000032
械谐懈锌械褌褋泻懈泄	0.000273	0.116534	0.000032
械写懈薪褘泄	0.000273	0.000000	0.000000
械泻芯	0.000273	0.127833	0.000035
卸邪褉械薪褘泄	0.000273	1.272966	0.000348
卸邪褉泻芯械	0.000273	0.040822	0.000011
卸谐褍褔懈泄	0.001093	1.966113	0.002149
卸写邪褌褜	0.000273	2.207275	0.000603
卸械谢邪褌懈薪邪	0.000546	1.427116	0.000780
卸械谢械	0.000820	0.040822	0.000033
卸械薪褋泻懈泄	0.000546	0.020203	0.000011
卸械薪褖懈薪邪	0.000546	0.061875	0.000034
卸懈蟹薪褜	0.001093	0.040822	0.000045
卸褍谢褜械薪	0.000273	0.040822	0.000011
卸褍褉薪邪谢	0.000273	0.072571	0.000020
卸褞谢褜械薪	0.000273	0.040822	0.000011
卸褞谢褜薪褘泄	0.000273	0.040822	0.000011
蟹邪斜懈褉邪褌褜	0.000273	2.995732	0.000819
蟹邪斜芯褌谢懈胁褘泄	0.000273	4.605170	0.001258
蟹邪斜褘褌褘泄	0.000273	2.995732	0.000819
蟹邪胁邪褉薪芯泄	0.000546	0.116534	0.000064
蟹邪胁褌褉邪泻	0.002186	0.094311	0.000206
蟹邪谐芯褌芯胁泻邪	0.002186	0.040822	0.000089
蟹邪写邪胁邪褌褜	0.000273	0.040822	0.000011
蟹邪泻胁邪褋泻邪	0.000820	0.040822	0.000033
蟹邪泻褉褘褌褘泄	0.000273	0.116534	0.000032
蟹邪泻褍褋泻邪	0.010109	0.040822	0.000413
蟹邪泻褍褋芯薪褔懈泻	0.000273	0.116534	0.000032
蟹邪泻褍褋芯褔泻邪	0.000273	0.116534	0.000032
蟹邪泻褍褋芯褔薪邪褟	0.003279	0.116534	0.000382
蟹邪泻褍褋芯褔薪褘泄	0.000546	1.660731	0.000908
蟹邪谢懈胁薪芯械	0.000546	0.040822	0.000022
蟹邪屑芯褉芯蟹泻邪	0.000273	0.105361	0.000029
蟹邪锌邪写	0.000273	0.116534	0.000032
蟹邪锌械泻邪薪泻邪	0.003005	0.040822	0.000123
蟹邪锌懈褋褜	0.000273	1.897120	0.000518
蟹邪锌褉邪胁泻邪	0.000546	0.040822	0.000022
蟹邪褉邪斜邪褌褘胁邪褌褜	0.000273	4.605170	0.001258
蟹邪褉械谐懈褋褌褉懈褉芯胁邪褌褜褋褟	0.000546	0.030459	0.000017
蟹邪褋芯谢泻邪	0.000546	0.116534	0.000064
蟹邪褖懈褌薪褘泄	0.000273	4.605170	0.001258
蟹邪褟胁谢褟褌褜	0.000273	1.771957	0.000484
蟹邪褟褑	0.000546	0.116534	0.000064
蟹胁邪薪褘泄	0.000273	0.127833	0.000035
蟹胁械蟹写邪	0.000273	0.116534	0.000032
蟹胁褢蟹写薪褘泄	0.000273	0.116534	0.000032
蟹写芯褉芯胁褘泄	0.000546	0.116534	0.000064
蟹械谢械薪褜	0.000820	0.094311	0.000077
蟹械谢褢薪褘泄	0.001639	0.820981	0.001346
蟹械褎懈褉	0.000273	0.040822	0.000011
蟹懈屑邪	0.001639	0.040822	0.000067
蟹懈屑薪懈泄	0.000273	0.051293	0.000014
蟹懈屑芯泄	0.000546	2.995732	0.001637
蟹谢芯泄	0.000273	4.605170	0.001258
蟹薪邪褌褜	0.000546	0.462035	0.000252
蟹芯谢芯褌芯泄	0.000273	0.116534	0.000032
懈胁邪薪芯胁	0.000273	0.127833	0.000035
懈谐褉邪褌褜	0.000273	2.659260	0.000727
懈写械邪谢	0.000273	3.506558	0.000958
懈写械邪谢褜薪褘泄	0.001913	0.116534	0.000223
懈写械泄泻邪	0.000273	0.116534	0.000032
懈写械褟	0.000273	1.609438	0.000440
懈写懈谢褜谐邪	0.000273	4.605170	0.001258
懈蟹写械谢懈械	0.001639	0.116534	0.000191
懈蟹薪邪褔邪谢褜薪芯	0.000273	3.912023	0.001069
懈蟹褞屑	0.000546	1.897120	0.001037
懈泻褉邪	0.001366	0.040822	0.000056
懈屑械褌褜	0.000273	1.171183	0.000320
懈屑械褌褜褋褟	0.000273	2.525729	0.000690
懈屑褟	0.000273	0.030459	0.000008
懈薪胁械褉褌芯褉薪褘泄	0.000273	0.127833	0.000035
懈薪谐褉械写懈械薪褌	0.008470	0.139262	0.001180
懈薪写械泄泻邪	0.001639	0.094311	0.000155
懈薪写懈泄褋泻懈泄	0.000273	0.116534	0.000032
懈薪写懈谢邪泄褌邪	0.000820	0.116534	0.000096
懈薪写懈褉械褋薪褘泄	0.000273	0.116534	0.000032
懈薪褋褌褉褍泻褑懈褟	0.000273	0.030459	0.000008
懈薪褌械褉薪械褌	0.000273	0.967584	0.000264
懈褉邪泻褋泻懈泄	0.000273	0.116534	0.000032
懈褉邪薪褋泻懈泄	0.000273	0.116534	0.000032
懈褉谢邪薪写褋泻懈泄	0.000273	0.116534	0.000032
懈褋泻褉械薪薪械	0.000273	0.116534	0.000032
懈褋谢邪薪写褋泻懈泄	0.000273	0.116534	0.000032
懈褋锌邪薪褋泻懈泄	0.000273	0.116534	0.000032
懈褋锌械褔褜	0.000273	0.105361	0.000029
懈褋褌芯褉懈褟	0.001639	0.116534	0.000191
懈褌邪谢懈褟	0.000546	0.105361	0.000058
懈褌邪谢褜褟薪褋泻懈泄	0.000273	0.105361	0.000029
泄芯谐褍褉褌	0.000820	0.040822	0.000033
泻邪斜邪褔芯泻	0.000273	0.040822	0.000011
泻邪胁泻邪蟹褋泻懈泄	0.000273	0.116534	0.000032
泻邪蟹邪薪	0.000273	0.116534	0.000032
泻邪蟹邪褌褜褋褟	0.000273	1.139434	0.000311
泻邪蟹邪褏褋泻懈泄	0.000273	0.116534	0.000032
泻邪泻邪芯	0.000546	0.040822	0.000022
泻邪谢械泄写芯褋泻芯锌	0.001093	0.116534	0.000127
泻邪谢屑褘褑泻懈泄	0.000273	0.116534	0.000032
泻邪谢褜屑邪褉	0.000273	0.040822	0.000011
泻邪屑械褉邪	0.000273	0.116534	0.000032
泻邪薪邪写褋泻懈泄	0.000273	0.116534	0.000032
泻邪薪邪谢	0.000820	0.040822	0.000033
泻邪薪邪锌械	0.000546	0.040822	0.000022
泻邪锌褍褋褌邪	0.004372	0.040822	0.000178
泻邪锌褍褋褌薪褟泻	0.000273	0.040822	0.000011
泻邪褉邪屑械谢褜	0.000273	0.040822	0.000011
泻邪褉泻邪褋薪褘泄	0.001093	0.116534	0.000127
泻邪褉褌芯褎械谢懈薪邪	0.000273	4.605170	0.001258
泻邪褉褌芯褎械谢褜	0.001913	0.040822	0.000078
泻邪褉褌芯褎械谢褜薪褘泄	0.000546	0.040822	0.000022
泻邪褉褌芯褕械褔泻邪	0.000273	1.897120	0.000518
泻邪褉褌芯褕泻邪	0.000546	0.040822	0.000022
泻邪褌械谐芯褉懈褟	0.004372	0.116534	0.000509
泻邪褔械褋褌胁芯	0.000273	0.105361	0.000029
泻邪褕邪	0.001913	0.040822	0.000078
泻胁邪褋	0.001093	0.040822	0.000045
泻胁邪褋薪芯泄	0.000820	0.116534	0.000096
泻械泻褋	0.000820	0.040822	0.000033
泻械褌褔褍锌	0.001093	1.469676	0.001606
泻械褎懈褉	0.000273	0.040822	0.000011
泻懈屑褔邪褌褜	0.000273	0.040822	0.000011
泻懈薪蟹邪	0.000546	2.407946	0.001316
泻懈薪芯邪	0.000546	0.127833	0.000070
泻懈薪芯谢械薪褌邪	0.000273	0.116534	0.000032
泻懈褋械谢褜	0.000546	0.040822	0.000022
泻懈褌邪泄褋泻懈泄	0.000273	0.116534	0.000032
泻谢邪褋褋	0.002459	0.116534	0.000287
泻谢邪褋褋懈褔械褋泻懈泄	0.000546	1.427116	0.000780
泻薪懈谐邪	0.000546	0.040822	0.000022
泻芯泻褌械泄谢褜	0.001639	0.040822	0.000067
泻芯谢斜邪褋邪	0.000273	0.040822	0.000011
泻芯谢斜邪褋薪褘泄	0.000820	0.116534	0.000096
泻芯屑邪薪写邪	0.000546	0.127833	0.000070
泻芯屑懈	0.000273	0.116534	0.000032
泻芯屑屑械薪褌邪褉懈泄	0.000273	0.127833	0.000035
泻芯屑锌邪薪懈褟	0.000273	0.105361	0.000029
泻芯屑锌芯蟹懈褑懈褟	0.000273	2.525729	0.000690
泻芯屑锌芯褌	0.000820	0.040822	0.000033
泻芯薪械褔薪芯	0.000820	0.527633	0.000432
泻芯薪懈薪邪	0.000273	0.116534	0.000032
泻芯薪泻褍褉褋	0.059290	0.040822	0.002420
泻芯薪泻褍褉褋薪褘泄	0.000273	0.127833	0.000035
泻芯薪褋械褉胁懈褉芯胁邪薪懈械	0.000273	0.040822	0.000011
泻芯薪褋械褉胁懈褉芯胁邪薪薪褘泄	0.001639	0.116534	0.000191
泻芯薪褎械褌邪	0.000820	0.040822	0.000033
泻芯薪褎械褌褌懈	0.000273	0.116534	0.000032
泻芯薪褎懈写械薪褑懈邪谢褜薪芯褋褌褜	0.000273	0.040822	0.000011
泻芯薪褎懈褌褞褉	0.000273	0.040822	0.000011
泻芯锌褔褢薪芯褋褌褜	0.000273	0.116534	0.000032
泻芯褉械泄褋泻懈	0.000546	0.040822	0.000022
泻芯褉械泄褋泻懈泄	0.000546	0.105361	0.000058
泻芯褉卸懈泻	0.000273	0.040822	0.000011
泻芯褉懈邪薪写褉	0.000546	1.469676	0.000803
泻芯褉屑懈褌褜	0.000273	0.116534	0.000032
泻芯褉薪懈褕芯薪	0.000546	2.995732	0.001637
泻芯褌谢械褌邪	0.000273	0.040822	0.000011
泻芯褎械	0.000546	0.040822	0.000022
泻褉邪褋懈胁芯	0.000273	1.832581	0.000501
泻褉邪褋懈胁褘泄	0.000273	0.843970	0.000231
泻褉邪褋泻邪	0.000273	0.116534	0.000032
泻褉邪褋薪褘泄	0.002732	0.941609	0.002573
泻褉邪褌泻芯褋褉芯褔薪褘泄	0.000273	4.605170	0.001258
泻褉械邪褌懈胁	0.000273	0.127833	0.000035
泻褉械屑	0.000820	0.040822	0.000033
泻褉械锌泻懈泄	0.000273	0.116534	0.000032
泻褉芯谢懈泻	0.000546	0.116534	0.000064
泻褉芯屑械	0.000273	0.061875	0.000017
泻褉芯褏邪	0.000273	0.116534	0.000032
泻褉褍谐	0.000546	0.116534	0.000064
泻褉褍锌	0.001639	0.105361	0.000173
泻褉褍锌邪	0.002459	0.116534	0.000287
泻褉褍锌褟薪芯泄	0.000273	0.116534	0.000032
泻褍斜懈薪褋泻懈泄	0.000273	0.116534	0.000032
泻褍谢械褕	0.000273	0.040822	0.000011
泻褍谢懈薪邪	0.000273	4.605170	0.001258
泻褍谢懈薪邪褉懈褟	0.001093	0.094311	0.000103
泻褍谢懈薪邪褉薪褘泄	0.001913	0.000000	0.000000
泻褍谢懈褔	0.000546	0.040822	0.000022
泻褍褉写褋泻懈泄	0.000273	0.116534	0.000032
泻褍褉懈薪褘泄	0.005191	0.094311	0.000490
泻褍褉懈褑邪	0.001093	0.040822	0.000045
泻褍褉芯褔泻邪	0.000546	0.116534	0.000064
泻褍褋泻褍褋	0.000273	0.040822	0.000011
泻褍褏薪褟	0.002186	0.040822	0.000089
谢邪胁邪褕	0.001639	0.040822	0.000067
谢邪胁邪褕懈泻	0.000273	3.218876	0.000879
谢邪谐屑邪薪	0.000273	0.040822	0.000011
谢邪泻芯屑褋褌胁芯	0.000273	0.116534	0.000032
谢邪锌褕邪	0.000546	0.040822	0.000022
谢邪褌褘褕褋泻懈泄	0.000273	0.116534	0.000032
谢械谐泻芯	0.001639	0.116534	0.000191
谢械锌褢褕泻邪	0.000546	0.040822	0.000022
谢械褌薪懈泄	0.000546	0.040822	0.000022
谢械褌芯	0.001639	0.116534	0.000191
谢械褔芯	0.000273	0.040822	0.000011
谢懈谐邪	0.000820	0.116534	0.000096
谢懈泻褢褉	0.000273	0.040822	0.000011
谢懈屑芯薪	0.000546	0.891598	0.000487
谢懈屑芯薪邪写	0.000546	0.040822	0.000022
谢懈褋褌	0.000546	0.843970	0.000461
谢懈褋褌芯胁芯泄	0.000546	3.912023	0.002138
谢懈褌芯胁褋泻	0.000273	0.127833	0.000035
谢懈褌芯胁褋泻懈泄	0.000273	0.116534	0.000032
谢懈褕薪懈泄	0.000273	1.560648	0.000426
谢芯卸械褔泻邪	0.000273	3.218876	0.000879
谢褍泻	0.003825	0.301105	0.001152
谢褞斜懈屑褘泄	0.003005	0.116534	0.000350
谢褞斜懈褌械谢褜	0.000273	1.386294	0.000379
谢褞斜芯胁薪懈褑邪	0.000273	4.605170	0.001258
谢褞斜芯胁褜	0.000546	0.105361	0.000058
谢褞斜芯泄	0.000820	0.094311	0.000077
谢褢谐泻懈泄	0.001093	0.094311	0.000103
谢褢写	0.000273	0.116534	0.000032
屑邪谐褉懈斜	0.000273	0.116534	0.000032
屑邪泄	0.000820	0.116534	0.000096
屑邪泄芯薪械蟹	0.004098	0.116534	0.000478
屑邪泻邪褉芯薪薪褘泄	0.000273	0.116534	0.000032
屑邪泻邪褉芯薪褘	0.000273	0.040822	0.000011
屑邪谢邪蟹懈泄褋泻懈泄	0.000273	0.116534	0.000032
屑邪谢芯	0.000273	1.609438	0.000440
屑邪屑邪	0.000273	1.469676	0.000402
屑邪屑芯褔泻邪	0.000273	2.995732	0.000819
屑邪薪薪懈泻	0.000273	0.040822	0.000011
屑邪薪褋邪褉写邪	0.000546	0.755023	0.000413
屑邪薪褌邪	0.000273	0.116534	0.000032
屑邪薪褢胁褉	0.000273	0.116534	0.000032
屑邪褉邪褎芯薪	0.000820	0.116534	0.000096
屑邪褉懈薪邪写	0.003279	0.040822	0.000134
屑邪褉懈薪芯胁邪褌褜	0.000273	0.116534	0.000032
屑邪褉懈褟	0.000273	3.218876	0.000879
屑邪褉屑械谢邪写	0.000273	0.040822	0.000011
屑邪褉芯泻泻邪薪褋泻懈泄	0.000273	0.116534	0.000032
屑邪褉褌	0.001639	0.105361	0.000173
屑邪褉褕	0.000273	4.605170	0.001258
屑邪褋泻邪褉锌芯薪	0.000273	0.040822	0.000011
屑邪褋谢械薪懈褑邪	0.000820	0.040822	0.000033
屑邪褋谢械薪懈褔薪褘泄	0.000273	0.116534	0.000032
屑邪褋谢芯	0.004645	0.105361	0.000489
屑邪褋褌械褉	0.002459	0.116534	0.000287
屑邪褋褌懈泻邪	0.000546	0.040822	0.000022
屑邪褎褎懈薪邪	0.000273	0.116534	0.000032
屑邪褏械械胁褗	0.001093	0.116534	0.000127
屑械写懈邪褎芯褉褌	0.000820	0.000000	0.000000
屑械写芯胁褘泄	0.000273	0.116534	0.000032
屑械泻褋懈泻邪薪褋泻懈泄	0.000273	0.116534	0.000032
屑械薪写械谢褜褋芯薪	0.000273	4.605170	0.001258
屑械薪褞	0.000273	0.116534	0.000032
屑械薪褟褌褜褋褟	0.000273	0.116534	0.000032
屑械褔褌邪	0.000820	0.040822	0.000033
屑懈写懈褟	0.000273	0.040822	0.000011
屑懈泻褉芯胁芯谢薪芯胁泻邪	0.000273	0.105361	0.000029
屑懈谢褜褟	0.000273	0.116534	0.000032
屑懈屑芯	0.000273	3.912023	0.001069
屑懈薪薪械褋芯褌邪	0.000273	4.605170	0.001258
屑懈薪褍褌邪	0.000273	0.544727	0.000149
屑懈芯	0.000273	0.116534	0.000032
屑懈褉	0.000546	0.105361	0.000058
屑懈褉芯胁芯泄	0.000273	0.116534	0.000032
屑懈褋芯	0.000273	0.040822	0.000011
屑懈褋褌械褉懈褟	0.000273	0.116534	0.000032
屑懈褋褌褉邪谢褜	0.001913	0.116534	0.000223
屑薪芯谐懈泄	0.000273	1.771957	0.000484
屑薪芯谐芯	0.000546	0.776529	0.000424
屑薪芯卸械褋褌胁芯	0.000273	0.040822	0.000011
屑芯泄	0.002459	0.083382	0.000205
屑芯谢写邪胁褋泻懈泄	0.000273	0.116534	0.000032
屑芯谢芯写芯泄	0.000273	2.813411	0.000769
屑芯谢芯泻芯	0.001093	0.083382	0.000091
屑芯谢芯褔薪褘泄	0.000820	0.040822	0.000033
屑芯屑械薪褌	0.000820	0.105361	0.000086
屑芯薪谐芯谢褜褋泻懈泄	0.000273	0.116534	0.000032
屑芯褉械	0.000273	0.116534	0.000032
屑芯褉械锌褉芯写褍泻褌	0.004645	0.040822	0.000190
屑芯褉泻芯胁芯褔泻邪	0.000273	4.605170	0.001258
屑芯褉泻芯胁褜	0.004918	0.040822	0.000201
屑芯褉芯卸械薪芯械	0.000820	0.040822	0.000033
屑芯褉褋	0.000546	0.040822	0.000022
屑芯褌芯褉	0.000273	0.116534	0.000032
屑芯褏懈褌褘泄	0.000273	0.040822	0.000011
屑芯褔褜	0.000273	0.000000	0.000000
屑褍卸褋泻芯泄	0.000273	0.127833	0.000035
屑褍卸褔懈薪邪	0.000546	0.116534	0.000064
屑褍泻邪	0.000546	0.248461	0.000136
屑褍谢褜褌懈胁邪褉泻邪	0.010383	0.116534	0.001210
屑褍谢褜褌懈锌械泻邪褉褜	0.000820	0.116534	0.000096
屑褍褋褋	0.000273	0.040822	0.000011
屑褍褋褋邪	0.000820	0.040822	0.000033
屑褍褔薪芯泄	0.000273	0.116534	0.000032
屑褞褋谢懈	0.000546	0.116534	0.000064
屑褟褋薪芯泄	0.003005	0.040822	0.000123
屑褟褋芯	0.008197	0.040822	0.000335
薪邪胁械褉薪芯	0.000273	2.407946	0.000658
薪邪蟹邪写	0.000273	0.967584	0.000264
薪邪蟹胁邪薪懈械	0.000273	0.562119	0.000154
薪邪蟹薪邪褔械薪懈械	0.000273	0.116534	0.000032
薪邪泄褌懈褋褜	0.000273	2.995732	0.000819
薪邪谢懈胁泻邪	0.000273	0.040822	0.000011
薪邪锌懈褌芯泻	0.001913	0.040822	0.000078
薪邪褉邪褋褏胁邪褌	0.000273	4.605170	0.001258
薪邪褉褟写褍	0.000273	3.912023	0.001069
薪邪褋谢邪褌褜	0.000273	2.407946	0.000658
薪邪褋褌芯泄泻邪	0.000273	0.040822	0.000011
薪邪褋褌芯谢褜泻芯	0.000273	1.514128	0.000414
薪邪褋褌芯褟褖懈泄	0.000273	1.108663	0.000303
薪邪褋褌褉芯械薪懈械	0.000273	0.116534	0.000032
薪邪褋褘褖械薪薪褘泄	0.000546	1.609438	0.000879
薪邪褌泻薪褍褌褜褋褟	0.000273	1.966113	0.000537
薪邪褌褍褉邪谢褜薪褘泄	0.000273	1.832581	0.000501
薪邪褍褔懈褌褜	0.000546	3.218876	0.001759
薪邪褑懈芯薪邪谢褜薪褘泄	0.000273	0.116534	0.000032
薪邪褔懈薪泻邪	0.000820	0.040822	0.000033
薪邪褕	0.001366	0.040822	0.000056
薪械胁械褋褌邪	0.001093	4.605170	0.005033
薪械胁械褋褌泻邪	0.000273	3.218876	0.000879
薪械写械谢褟	0.002732	0.051293	0.000140
薪械卸薪褘泄	0.000546	0.094311	0.000052
薪械蟹邪褋谢褍卸械薪薪芯	0.000273	2.995732	0.000819
薪械泻芯谐写邪	0.000273	3.506558	0.000958
薪械屑械褑泻懈泄	0.000273	0.116534	0.000032
薪械屑芯泄	0.000273	1.203973	0.000329
薪械芯卸懈写邪薪薪褘泄	0.000273	0.116534	0.000032
薪械锌褉械屑械薪薪褘泄	0.000273	4.605170	0.001258
薪械褉邪写懈胁褘泄	0.000273	4.605170	0.001258
薪械褋泻芯谢褜泻芯	0.000273	0.843970	0.000231
薪械褋谢邪写泻懈泄	0.000273	0.116534	0.000032
薪械褋谢芯卸薪芯	0.000273	2.207275	0.000603
薪械褋褌懈	0.000273	2.813411	0.000769
薪懈谐写械	0.000273	3.912023	0.001069
薪懈泻邪泻芯泄	0.000273	1.203973	0.000329
薪懈泻芯谐写邪	0.000273	1.771957	0.000484
薪懈泻褌芯	0.000273	1.427116	0.000390
薪懈褔械谐芯	0.000273	0.941609	0.000257
薪芯胁芯谐芯写薪懈泄	0.006557	0.040822	0.000268
薪芯胁芯褋褌褜	0.000273	0.061875	0.000017
薪芯胁褘泄	0.003825	0.030459	0.000117
薪芯褉胁械卸褋泻懈泄	0.000273	0.116534	0.000032
薪芯褔褜	0.000273	2.813411	0.000769
薪芯褟斜褉褜	0.000820	0.527633	0.000432
薪褞邪薪褋	0.000273	2.659260	0.000727
芯斜械写	0.000820	0.105361	0.000086
芯斜械蟹褜褟薪邪	0.000273	0.116534	0.000032
芯斜械褖邪褌褜	0.000273	2.407946	0.000658
芯斜芯卸邪褌褜	0.000273	1.386294	0.000379
芯斜褉邪褖邪褌褜褋褟	0.000273	3.912023	0.001069
芯斜褖邪褌褜褋褟	0.000273	0.040822	0.000011
芯斜褗褢屑	0.000273	3.218876	0.000879
芯胁芯褖	0.008743	0.094311	0.000825
芯胁芯褖薪芯泄	0.002459	0.040822	0.000100
芯胁褋褟薪褘泄	0.000273	0.105361	0.000029
芯谐谢邪褕邪褌褜	0.000273	3.506558	0.000958
芯谐薪械薪薪褘泄	0.000273	0.116534	0.000032
芯谐芯薪褜	0.000273	0.094311	0.000026
芯谐褍褉械褑	0.001093	0.116534	0.000127
芯谐褍褉褔懈泻	0.000273	2.659260	0.000727
芯卸懈写邪薪懈械	0.000273	2.120264	0.000579
芯泻褉芯褕泻邪	0.000820	0.040822	0.000033
芯泻褌褟斜褉褜	0.000546	0.562119	0.000307
芯谢邪写褜褟	0.000820	0.040822	0.000033
芯谢械泄薪芯泄	0.001093	0.116534	0.000127
芯谢械泄薪褘泄	0.001093	0.116534	0.000127
芯谢懈胁泻邪	0.000546	2.207275	0.001206
芯谢懈胁褜械	0.000273	2.995732	0.000819
芯屑谢械褌	0.000273	0.040822	0.000011
芯锌邪褉邪	0.000273	0.040822	0.000011
芯锌褉芯褋	0.000273	0.061875	0.000017
芯褉械褏	0.000546	0.776529	0.000424
芯褉懈谐懈薪邪谢褜薪褘泄	0.000273	1.049822	0.000287
芯褋械薪薪懈泄	0.001093	0.051293	0.000056
芯褋械薪褜	0.002732	0.105361	0.000288
芯褋薪芯胁薪褘泄	0.000273	0.040822	0.000011
芯褋芯斜芯	0.000273	2.302585	0.000629
芯褋褌邪胁邪褌褜褋褟	0.000546	0.116534	0.000064
芯褋褌邪褌褜褋褟	0.000273	1.309333	0.000358
芯褌胁械写邪褌褜	0.000273	3.506558	0.000958
芯褌胁械褌	0.000546	0.000000	0.000000
芯褌胁械褌懈褌褜	0.000273	0.051293	0.000014
芯褌胁械褌褋褌胁械薪薪芯	0.000273	3.912023	0.001069
芯褌泻褉褘褌褘泄	0.000546	0.105361	0.000058
芯褌谢懈褔邪褌褜褋褟	0.000273	1.469676	0.000402
芯褌谢懈褔薪芯	0.000273	1.514128	0.000414
芯褌谢懈褔薪褘泄	0.000273	1.078810	0.000295
芯褌屑械薪懈褌褜	0.000273	0.040822	0.000011
芯褌锌褍谐薪褍褌褜	0.000273	4.605170	0.001258
芯褏谢邪写懈褌褜	0.000273	0.116534	0.000032
芯褔械褉械写薪芯泄	0.000273	1.514128	0.000414
芯褔械褉械写褜	0.000273	1.771957	0.000484
锌邪泻械褌懈泻	0.000273	0.105361	0.000029
锌邪谢芯褔泻邪	0.000273	0.040822	0.000011
锌邪薪懈褉芯胁泻邪	0.002186	0.116534	0.000255
锌邪褉邪	0.000273	0.116534	0.000032
锌邪褉邪写	0.001913	0.116534	0.000223
锌邪褉懈褌褜褋褟	0.000273	4.605170	0.001258
锌邪褉屑械蟹邪薪	0.000546	2.302585	0.001258
锌邪褉芯胁邪褉泻邪	0.002459	0.105361	0.000259
锌邪褉芯谢褜	0.000273	0.020203	0.000006
锌邪褋褌邪	0.000820	0.040822	0.000033
锌邪褋褌褉芯屑邪	0.000273	0.040822	0.000011
锌邪褋褏邪	0.000546	0.040822	0.000022
锌邪褋褏邪谢褜薪褘泄	0.000820	0.116534	0.000096
锌邪褕褌械褌	0.000820	0.040822	0.000033
锌械泻邪褉褜	0.000273	0.127833	0.000035
锌械谢褜屑械薪褜	0.000273	0.116534	0.000032
锌械褉胁褘泄	0.002186	0.040822	0.000089
锌械褉械写邪胁邪褌褜褋褟	0.000273	3.912023	0.001069
锌械褉械卸懈胁邪褌褜	0.000273	3.218876	0.000879
锌械褉械泄褌懈	0.000273	0.040822	0.000011
锌械褉械泻褍褋	0.000546	0.116534	0.000064
锌械褉械锌械谢懈薪褘泄	0.000546	2.813411	0.001537
锌械褉械褋屑芯褌褉械褌褜	0.000273	2.302585	0.000629
锌械褉械褑	0.004645	0.040822	0.000190
锌械褉褋芯薪邪	0.000273	0.116534	0.000032
锌械褉褍邪薪褋泻懈泄	0.000273	0.116534	0.000032
锌械褋芯褔薪褘泄	0.000820	0.105361	0.000086
锌械褌械谢懈薪泻	0.000273	0.127833	0.000035
锌械褔械薪懈械	0.002459	0.040822	0.000100
锌械褔褜	0.000273	0.116534	0.000032
锌械褔褢薪芯褔薪褘泄	0.000273	0.040822	0.000011
锌懈胁芯	0.000273	0.116534	0.000032
锌懈泻邪薪褌	0.000273	0.127833	0.000035
锌懈泻邪薪褌薪芯	0.000273	3.218876	0.000879
锌懈泻薪懈泻	0.001093	0.105361	0.000115
锌懈褉	0.000273	0.116534	0.000032
锌懈褉芯谐	0.001093	0.040822	0.000045
锌懈褉芯卸薪芯械	0.000546	0.040822	0.000022
锌懈褉芯卸芯泻	0.000273	0.040822	0.000011
锌懈褋邪褌褜	0.000273	2.120264	0.000579
锌懈褌邪薪懈械	0.001366	0.094311	0.000129
锌懈褑褑邪	0.000546	0.040822	0.000022
锌谢邪胁谢械薪褘泄	0.000546	1.237874	0.000676
锌谢邪屑褟	0.000273	0.116534	0.000032
锌谢邪薪	0.000273	3.218876	0.000879
锌谢懈褌邪	0.001093	0.116534	0.000127
锌谢芯胁	0.000273	0.116534	0.000032
锌谢芯写	0.000273	0.116534	0.000032
锌芯胁邪褉褢薪芯泻	0.001366	0.000000	0.000000
锌芯胁械褉懈褌褜	0.000273	2.120264	0.000579
锌芯胁懈写谢芯	0.000273	0.040822	0.000011
锌芯写邪褉芯泻	0.000273	0.116534	0.000032
锌芯写械谢懈褌褜褋褟	0.000820	0.400478	0.000328
锌芯写谢懈胁	0.000273	0.116534	0.000032
锌芯写谢懈胁泻邪	0.000273	0.040822	0.000011
锌芯写芯斜薪褘泄	0.000273	1.427116	0.000390
锌芯写锌懈褋邪褌褜褋褟	0.000820	0.040822	0.000033
锌芯写褉褍谐邪	0.000273	2.525729	0.000690
锌芯写褋芯谢薪械褔薪褘泄	0.000546	1.347074	0.000736
锌芯械写邪薪懈械	0.000273	2.120264	0.000579
锌芯械写懈薪芯泻	0.003825	0.116534	0.000446
锌芯械褋褌褜	0.000273	3.218876	0.000879
锌芯卸邪谢褍泄	0.000273	2.040221	0.000557
锌芯蟹写褉邪胁懈褌褜	0.000273	0.116534	0.000032
锌芯懈褋泻	0.000273	0.051293	0.000014
锌芯泻邪蟹邪褌褜	0.000273	1.309333	0.000358
锌芯谢写薪懈泻	0.000546	0.116534	0.000064
锌芯谢械蟹薪芯	0.000273	0.116534	0.000032
锌芯谢懈褌懈泻邪	0.000273	0.040822	0.000011
锌芯谢薪芯褋褌褜褞	0.000273	1.347074	0.000368
锌芯谢芯胁懈薪邪	0.002186	0.105361	0.000230
锌芯谢褍褔邪褌褜	0.000546	0.040822	0.000022
锌芯谢褍褔邪褌褜褋褟	0.000546	0.328504	0.000180
锌芯谢褍褔懈褌褜褋褟	0.000546	0.653926	0.000357
锌芯谢褔邪褋邪	0.000273	3.912023	0.001069
锌芯谢褜蟹邪	0.001366	0.116534	0.000159
锌芯谢褜褋泻懈泄	0.000273	0.116534	0.000032
锌芯屑邪写泻邪	0.000820	0.040822	0.000033
锌芯屑懈写芯褉	0.001639	0.116534	0.000191
锌芯屑懈写芯褉泻	0.000273	0.127833	0.000035
锌芯屑薪懈褌褜	0.000273	1.469676	0.000402
锌芯屑芯谐邪褌褜	0.000273	3.912023	0.001069
锌芯屑芯褖褜	0.000273	2.207275	0.000603
锌芯薪懈屑邪褌褜	0.000273	2.207275	0.000603
锌芯薪褉邪胁懈褌褜褋褟	0.000546	0.040822	0.000022
锌芯薪褔懈泻	0.000546	0.040822	0.000022
锌芯锌邪写邪褌褜	0.000273	3.912023	0.001069
锌芯锌邪褉懈褌褜褋褟	0.000273	4.605170	0.001258
锌芯锌褉芯斜芯胁邪褌褜	0.001366	0.248461	0.000339
锌芯褉邪	0.000273	0.105361	0.000029
锌芯褉邪写芯胁邪褌褜	0.000273	1.309333	0.000358
锌芯褉褌懈褌褜褋褟	0.000273	3.912023	0.001069
锌芯褉褌褍谐邪谢褜褋泻懈泄	0.000273	0.116534	0.000032
锌芯褋械褖邪褌褜	0.000273	0.061875	0.000017
锌芯褋谢械写薪懈泄	0.000273	1.272966	0.000348
锌芯褋谢械写褍褞褖懈泄	0.000273	3.506558	0.000958
锌芯褋褌	0.001366	0.105361	0.000144
锌芯褋褌薪褘泄	0.000820	0.040822	0.000033
锌芯褋褌芯褟薪薪芯	0.000273	0.040822	0.000011
锌芯褋褌褉芯懈褌褜	0.000273	0.105361	0.000029
锌芯褋褍写邪	0.000546	0.094311	0.000052
锌芯褌褉邪褌懈褌褜	0.000273	3.506558	0.000958
锌芯褌褉褟褋邪褌褜	0.000273	1.272966	0.000348
锌芯褏芯卸懈泄	0.000273	0.994252	0.000272
锌芯褔褌邪	0.000273	0.040822	0.000011
锌芯褕邪谐芯胁褘泄	0.000546	0.040822	0.000022
锌芯褝褌	0.000273	4.605170	0.001258
锌褉邪胁写邪	0.000273	1.139434	0.000311
锌褉邪胁懈谢褜薪褘泄	0.000273	1.832581	0.000501
锌褉邪蟹写薪懈泻	0.000820	0.105361	0.000086
锌褉邪蟹写薪懈褔薪芯	0.000273	0.116534	0.000032
锌褉邪蟹写薪懈褔薪褘泄	0.000820	0.105361	0.000086
锌褉邪泻褌懈泻褍屑	0.000273	0.116534	0.000032
锌褉邪泻褌懈褔械褋泻懈	0.000273	1.386294	0.000379
锌褉械胁蟹芯泄褌懈	0.000273	2.120264	0.000579
锌褉械胁芯褋褏芯写薪褘泄	0.000273	0.116534	0.000032
锌褉械胁褉邪褖邪褌褜褋褟	0.000273	3.912023	0.001069
锌褉械胁褉邪褖械薪懈械	0.000273	0.116534	0.000032
锌褉械写褋褌邪胁懈褌褜	0.000273	1.347074	0.000368
锌褉械写褋褌邪胁谢褟褌褜	0.000273	1.714798	0.000469
锌褉械懈屑褍褖械褋褌胁芯	0.000273	3.912023	0.001069
锌褉械褋薪褘泄	0.000273	0.116534	0.000032
锌褉懈谐谢褟薪褍褌褜褋褟	0.000273	4.605170	0.001258
锌褉懈谐芯褌芯胁懈褌褜	0.001366	0.083382	0.000114
锌褉懈谐芯褌芯胁谢械薪懈械	0.002186	0.040822	0.000089
锌褉懈写褍屑邪褌褜褋褟	0.000273	3.218876	0.000879
锌褉懈蟹	0.000273	0.040822	0.000011
锌褉懈蟹薪邪薪懈械	0.000273	0.116534	0.000032
锌褉懈泄褌懈褋褜	0.000273	2.040221	0.000557
锌褉懈锌褉邪胁邪	0.000273	0.040822	0.000011
锌褉懈褉芯写邪	0.000546	0.105361	0.000058
锌褉懈褋褌褍锌懈褌褜	0.000273	0.040822	0.000011
锌褉懈褋褍褌褋褌胁芯胁邪褌褜	0.000273	2.995732	0.000819
锌褉懈褍泻褉邪褕懈胁邪褌褜	0.000273	3.506558	0.000958
锌褉芯斜邪	0.000273	2.302585	0.000629
锌褉芯斜谢械屑邪	0.000273	1.832581	0.000501
锌褉芯斜芯胁邪褌褜	0.000273	0.843970	0.000231
锌褉芯胁邪谢	0.000273	4.605170	0.001258
锌褉芯胁械褉懈褌褜	0.001639	0.116534	0.000191
锌褉芯胁械褋褌懈	0.001093	0.116534	0.000127
锌褉芯胁芯写懈褌褜	0.000273	0.040822	0.000011
锌褉芯胁芯卸邪褌褜	0.000273	0.116534	0.000032
锌褉芯写褍泻褌	0.000820	0.072571	0.000059
锌褉芯械泻褌	0.000546	0.051293	0.000028
锌褉芯卸懈褌褜	0.000273	2.995732	0.000819
锌褉芯谢懈褋褌邪褌褜	0.000273	3.506558	0.000958
锌褉芯褋懈褌褜	0.000546	0.776529	0.000424
锌褉芯褋屑芯褌褉	0.000273	0.274437	0.000075
锌褉芯褋褌芯	0.001639	0.083382	0.000137
锌褉芯褋褌芯泄	0.000273	0.301105	0.000082
锌褉芯褋褌芯泻胁邪褕邪	0.000273	0.040822	0.000011
锌褉芯褋褌芯褉	0.000273	1.660731	0.000454
锌褉芯褋褌芯褟褌褜	0.000273	3.912023	0.001069
锌褉芯褎懈谢褜	0.000273	0.040822	0.000011
锌褉芯褏芯写懈褌褜	0.000273	3.506558	0.000958
锌褉芯褑械褋褋懈褟	0.000273	4.605170	0.001258
锌褉芯褔械械	0.000273	3.912023	0.001069
锌褉褟屑芯	0.000273	0.040822	0.000011
锌褉褟薪懈泻	0.000546	0.040822	0.000022
锌褉褟薪懈褔薪褘泄	0.000273	0.116534	0.000032
锌褌懈褑邪	0.005191	0.116534	0.000605
锌褍写懈薪谐	0.000820	0.040822	0.000033
锌褍薪褕	0.000273	0.040822	0.000011
锌褍褌械褕械褋褌胁懈械	0.000546	0.116534	0.000064
锌褍褌褜	0.000273	0.116534	0.000032
锌褕械薪懈褑邪	0.000273	3.912023	0.001069
锌褕械薪懈褔泻邪	0.000273	4.605170	0.001258
锌褕械薪懈褔薪褘泄	0.000546	0.287682	0.000157
锌褘褕泻邪	0.000273	0.040822	0.000011
锌褞褉械	0.001093	0.040822	0.000045
褉邪胁薪芯	0.000273	2.120264	0.000579
褉邪谐褍	0.000273	0.116534	0.000032
褉邪蟹	0.000820	0.356675	0.000292
褉邪蟹胁邪谢	0.000273	4.605170	0.001258
褉邪蟹胁械褉薪褍褌褜	0.000273	0.116534	0.000032
褉邪蟹写械谢褜薪褘泄	0.000273	0.116534	0.000032
褉邪蟹屑械褖邪褌褜	0.000273	2.302585	0.000629
褉邪蟹薪褘泄	0.000273	0.094311	0.000026
褉邪薪薪懈泄	0.000546	1.514128	0.000827
褉邪褋褋芯谢褜薪懈泻	0.000820	0.040822	0.000033
褉邪褋褋褘谢泻邪	0.000273	0.061875	0.000017
褉邪褋褌懈褌械谢褜薪褘泄	0.001639	0.223144	0.000366
褉械斜褢薪芯泻	0.000546	0.094311	0.000052
褉械谐懈褋褌褉邪褑懈褟	0.000820	0.000000	0.000000
褉械蟹褍谢褜褌邪褌	0.000273	0.820981	0.000224
褉械泄褌懈薪谐	0.000273	0.235722	0.000064
褉械锌褔邪褌褘泄	0.002732	0.430783	0.001177
褉械褑械锌褌	0.027322	0.040822	0.001115
褉械褕懈褌褜	0.000546	0.693147	0.000379
褉懈褋	0.001366	0.040822	0.000056
褉懈褋泻薪褍褌褜	0.000273	2.813411	0.000769
褉懈褌屑	0.000273	0.116534	0.000032
褉芯谐邪谢懈泻	0.000273	0.040822	0.000011
褉芯写薪褘泄	0.000273	0.116534	0.000032
褉芯卸写械薪懈械	0.000273	0.105361	0.000029
褉芯卸写械褋褌胁芯	0.000273	0.116534	0.000032
褉芯蟹邪	0.000820	2.995732	0.002456
褉芯谢谢	0.001366	0.040822	0.000056
褉芯谢谢褌芯薪	0.000273	0.116534	0.000032
褉芯屑	0.000273	0.040822	0.000011
褉褍斜褉懈泻邪褌芯褉	0.000273	0.051293	0.000014
褉褍泻邪	0.000273	1.514128	0.000414
褉褍谢械褌	0.003552	0.040822	0.000145
褉褍屑褘薪褋泻懈泄	0.000273	0.116534	0.000032
褉褍屑褟薪褘泄	0.000273	0.116534	0.000032
褉褍薪械褌	0.000273	0.020203	0.000006
褉褍褋褋泻懈泄	0.000820	0.105361	0.000086
褉褍褔泻邪	0.000273	2.407946	0.000658
褉褘斜邪	0.007923	0.040822	0.000323
褉褘斜薪褘泄	0.003825	0.105361	0.000403
褉褟卸械薪泻邪	0.000273	0.116534	0.000032
褋邪泄褌	0.001639	0.000000	0.000000
褋邪谢邪褌	0.018852	0.040822	0.000770
褋邪谢邪褌懈泻	0.000273	2.302585	0.000629
褋邪谢邪褌薪褘泄	0.000273	0.116534	0.000032
褋邪屑芯谐芯薪	0.000273	0.040822	0.000011
褋邪屑褘泄	0.001913	0.105361	0.000202
褋邪褎	0.000820	0.116534	0.000096
褋邪褎褋械屑邪	0.000273	0.116534	0.000032
褋邪褏邪褉	0.002459	0.105361	0.000259
褋斜懈褌械薪褜	0.000273	0.040822	0.000011
褋胁邪写械斜薪褘泄	0.000820	2.659260	0.002180
褋胁邪褉懈褌褜	0.000273	2.407946	0.000658
褋胁械卸械褋褌褜	0.000273	0.105361	0.000029
褋胁械泻芯谢泻邪	0.000273	4.605170	0.001258
褋胁械泻芯谢褜薪懈泻	0.000546	0.040822	0.000022
褋胁械泻芯谢褜薪褘泄	0.000273	2.995732	0.000819
褋胁械泻褉芯胁褍褕泻邪	0.000273	4.605170	0.001258
褋胁械泻褉芯胁褜	0.000273	2.813411	0.000769
褋胁械褌	0.001093	0.116534	0.000127
褋胁械褌邪	0.001093	0.116534	0.000127
褋胁懈薪懈薪	0.001093	0.116534	0.000127
褋胁懈薪懈薪邪	0.000273	0.040822	0.000011
褋胁褢泻谢邪	0.010929	0.040822	0.000446
褋谐褍褖褢薪泻邪	0.000273	0.040822	0.000011
褋写械谢邪褌褜	0.000820	0.733969	0.000602
褋械谐芯写薪褟	0.000546	0.843970	0.000461
褋械蟹芯薪	0.000546	0.116534	0.000064
褋械泄褔邪褋	0.000820	0.030459	0.000025
褋械泻褉械褌	0.000820	0.116534	0.000096
褋械谢褜写械褉械泄	0.000546	2.040221	0.001115
褋械谢褜写褜	0.004645	2.040221	0.009476
褋械谢褢写泻邪	0.000273	0.040822	0.000011
褋械谢褢写芯褔泻邪	0.000273	3.912023	0.001069
褋械屑械泄薪褘泄	0.000273	0.116534	0.000032
褋械屑褜褟	0.000546	0.116534	0.000064
褋械褉懈褟	0.000546	2.407946	0.001316
褋懈写褉	0.000273	0.040822	0.000011
褋懈褉懈泄褋泻懈泄	0.000273	0.116534	0.000032
褋懈褉芯锌	0.000546	0.040822	0.000022
褋懈褋褌械屑邪	0.000273	0.040822	0.000011
褋懈褌懈	0.000273	0.127833	0.000035
褋泻邪蟹邪褌褜	0.000273	0.400478	0.000109
褋泻邪蟹泻邪	0.000273	0.116534	0.000032
褋泻芯谢褜泻芯	0.000546	1.771957	0.000968
褋谢邪写泻懈泄	0.006011	0.040822	0.000245
褋谢邪写泻芯	0.000273	0.116534	0.000032
褋谢懈胁芯褔薪褘泄	0.002459	0.105361	0.000259
褋谢芯胁芯	0.000546	1.021651	0.000558
褋谢芯泄泻邪	0.000546	0.040822	0.000022
褋谢芯褢薪褘泄	0.000820	0.116534	0.000096
褋谢褍褔邪泄	0.000273	1.171183	0.000320
褋屑械褌邪薪邪	0.001093	0.105361	0.000115
褋屑械褕邪薪薪褘泄	0.000273	0.116534	0.000032
褋屑芯褔褜	0.000546	0.040822	0.000022
褋屑褍蟹懈	0.000820	0.040822	0.000033
褋薪芯胁邪	0.000546	2.407946	0.001316
褋薪褝泻	0.000273	0.116534	0.000032
褋薪褟褌懈械	0.000273	3.506558	0.000958
褋芯斜械褋械写薪懈泻	0.000273	3.506558	0.000958
褋芯斜懈褉邪褌褜褋褟	0.000273	0.040822	0.000011
褋芯斜褘褌懈械	0.000273	2.813411	0.000769
褋芯胁械褉褕械薪薪芯	0.000273	1.171183	0.000320
褋芯胁械褉褕械薪褋褌胁芯	0.001366	0.116534	0.000159
褋芯胁械褌	0.000546	0.040822	0.000022
褋芯胁械褌芯胁邪褌褜	0.000273	1.139434	0.000311
褋芯胁屑械褋褌懈褌褜	0.000273	2.995732	0.000819
褋芯谐谢邪褕邪褌褜褋褟	0.000273	0.040822	0.000011
褋芯蟹写邪胁邪褌褜	0.000273	0.105361	0.000029
褋芯蟹写邪薪懈械	0.000546	0.261365	0.000143
褋芯泻	0.001093	0.040822	0.000045
褋芯谢械薪懈械	0.001093	0.116534	0.000127
褋芯谢薪械褔薪褘泄	0.000273	0.116534	0.000032
褋芯谢褜	0.004372	0.127833	0.000559
褋芯谢褟薪泻邪	0.000546	0.040822	0.000022
褋芯谢褢薪褘泄	0.000820	0.116534	0.000096
褋芯芯斜褖械褋褌胁芯	0.000273	3.912023	0.001069
褋芯褉褌懈褉芯胁邪褌褜	0.000273	0.248461	0.000068
褋芯褋械写泻邪	0.000273	3.912023	0.001069
褋芯褋褌邪胁	0.000546	1.347074	0.000736
褋芯褋褌邪胁懈褌褜	0.000273	0.116534	0.000032
褋芯褍褋	0.004645	0.040822	0.000190
褋芯褏褉邪薪懈褌褜	0.000273	3.218876	0.000879
褋芯褏褉邪薪褟褌褜	0.000273	0.040822	0.000011
褋芯褏褉邪薪褟褌褜褋褟	0.000273	4.605170	0.001258
褋芯褑褋械褌褜	0.000273	0.040822	0.000011
褋芯褔械褌邪薪懈械	0.000273	0.105361	0.000029
褋芯褔薪褘泄	0.000273	0.116534	0.000032
褋锌邪谢褜薪褟	0.000546	0.415515	0.000227
褋锌械褌褜	0.000273	0.116534	0.000032
褋锌械褑懈邪谢褜薪褘泄	0.000273	0.094311	0.000026
褋锌械褑懈褟	0.000273	0.094311	0.000026
褋锌械褑锌褉芯械泻褌	0.009016	0.116534	0.001051
褋锌懈褋芯泻	0.000273	0.116534	0.000032
褋锌芯褋芯斜	0.000273	0.891598	0.000244
褋褉邪蟹褍	0.000546	0.733969	0.000401
褋褉械写懈蟹械屑薪芯屑芯褉褋泻懈泄	0.000273	0.127833	0.000035
褋褉械写薪械胁械泻芯胁褘泄	0.000273	3.912023	0.001069
褋褌邪薪芯胁懈褌褜褋褟	0.000273	2.407946	0.000658
褋褌邪褉邪褌褜褋褟	0.000546	2.659260	0.001453
褋褌邪褉褘泄	0.000546	0.261365	0.000143
褋褌邪褌褜褟	0.000273	0.061875	0.000017
褋褌懈谢褜	0.000820	0.116534	0.000096
褋褌芯谢	0.002732	0.105361	0.000288
褋褌芯谢褜	0.000273	3.506558	0.000958
褋褌芯谢褜泻芯	0.000273	2.040221	0.000557
褋褌芯锌褟褌懈写械褋褟褌褘泄	0.000273	4.605170	0.001258
褋褌褉芯懈褌械谢褜褋褌胁芯	0.000546	0.040822	0.000022
褋褌褉芯懈褌褜	0.000273	0.040822	0.000011
褋褌褉芯泄薪褘泄	0.000273	0.116534	0.000032
褋褌褘写	0.000273	3.912023	0.001069
褋褌褘写薪芯	0.000273	2.120264	0.000579
褋褍斜锌褉芯写褍泻褌	0.002732	0.116534	0.000318
褋褍锌	0.007104	0.040822	0.000290
褋褍褎谢械	0.000820	0.040822	0.000033
褋褍褏邪褉褜	0.000273	0.040822	0.000011
褋褍褕懈褌褜	0.000820	0.040822	0.000033
褋褔懈褌邪褌褜褋褟	0.000273	3.506558	0.000958
褋褗械写邪褌褜褋褟	0.000546	2.525729	0.001380
褋褗械写芯斜薪褘泄	0.000273	2.813411	0.000769
褋褗械褋褌褜	0.000273	1.469676	0.000402
褋褘褉	0.007377	0.040822	0.000301
褋褘褉薪懈泻	0.000820	0.040822	0.000033
褋褘褉薪褘泄	0.001093	0.040822	0.000045
褋褘褌薪褘泄	0.000546	0.105361	0.000058
褋褘褔褍卸薪褘泄	0.000273	0.127833	0.000035
褋褝薪写胁懈褔	0.000273	0.127833	0.000035
褋褞褉锌褉懈蟹	0.000273	0.116534	0.000032
褋褢屑谐邪	0.001366	0.040822	0.000056
褌邪写卸懈泻褋泻懈泄	0.000273	0.116534	0.000032
褌邪泄褋泻懈泄	0.000273	0.116534	0.000032
褌邪泻懈	0.000273	1.237874	0.000338
褌邪泻芯胁芯泄	0.000273	3.506558	0.000958
褌邪褉械谢泻邪	0.000273	1.469676	0.000402
褌邪褉褌	0.000273	0.116534	0.000032
褌邪褉褌邪谢械褌泻邪	0.000546	0.040822	0.000022
褌邪褌邪褉褋泻懈泄	0.000273	0.116534	0.000032
褌胁芯泄	0.000546	0.116534	0.000064
褌胁芯褉懈褌褜	0.000273	0.116534	0.000032
褌胁芯褉芯谐	0.000820	0.040822	0.000033
褌胁芯褉芯卸薪褘泄	0.001093	0.094311	0.000103
褌胁褢褉写褘泄	0.002186	0.544727	0.001191
褌械谢械谐褉邪屑	0.000273	0.040822	0.000011
褌械谢褟褌懈薪邪	0.001093	0.116534	0.000127
褌械屑	0.000546	0.967584	0.000529
褌械锌谢芯	0.000273	0.116534	0.000032
褌械褉褉懈薪邪	0.000273	0.040822	0.000011
褌械褋褌	0.002732	0.105361	0.000288
褌械褋褌芯	0.002459	0.040822	0.000100
褌械褏薪懈泻邪	0.001366	0.105361	0.000144
褌屑	0.001093	0.127833	0.000140
褌芯屑	0.000273	1.139434	0.000311
褌芯锌谢褢薪褘泄	0.000273	0.116534	0.000032
褌芯褉卸械褋褌胁械薪薪褘泄	0.000273	3.912023	0.001069
褌芯褉卸械褋褌胁芯	0.000273	3.218876	0.000879
褌芯褉褌	0.006557	0.040822	0.000268
褌芯褔薪械械	0.000273	3.218876	0.000879
褌褉邪胁邪	0.000273	0.094311	0.000026
褌褉邪写懈褑懈芯薪薪芯	0.000273	2.995732	0.000819
褌褉邪写懈褑懈芯薪薪褘泄	0.000546	1.427116	0.000780
褌褉邪写懈褑懈褟	0.001913	0.116534	0.000223
褌褉懈	0.000546	1.272966	0.000696
褌褉褍斜芯褔泻邪	0.000273	0.040822	0.000011
褌褉褍写薪芯	0.000273	2.040221	0.000557
褌褉褢褏谢械褌懈械	0.000273	0.116534	0.000032
褌褍薪械褑	0.000273	0.105361	0.000029
褌褍薪懈褋褋泻懈泄	0.000273	0.116534	0.000032
褌褍褉械褑泻懈泄	0.000273	0.116534	0.000032
褌褍褕械薪懈械	0.000273	3.912023	0.001069
褌褍褕褢薪泻邪	0.000273	2.995732	0.000819
褌褘泻胁邪	0.000273	0.040822	0.000011
褌褢褌褟	0.000273	3.218876	0.000879
褌褢褖懈薪	0.000273	0.040822	0.000011
褍斜械写懈褌褜褋褟	0.000273	1.966113	0.000537
褍胁邪卸邪褌褜	0.000273	3.506558	0.000958
褍胁械写芯屑谢械薪懈械	0.000273	0.040822	0.000011
褍胁械褉懈褌褜	0.000273	1.272966	0.000348
褍写邪褔薪褘泄	0.000273	0.116534	0.000032
褍写懈胁懈褌褜	0.000546	0.116534	0.000064
褍写懈胁懈褌褜褋褟	0.000273	3.218876	0.000879
褍写懈胁谢褟褌褜	0.001093	0.116534	0.000127
褍写芯胁芯谢褜褋褌胁懈械	0.000273	0.116534	0.000032
褍卸	0.000820	0.693147	0.000568
褍卸懈薪	0.001639	0.094311	0.000155
褍蟹斜械泻褋泻懈泄	0.000273	0.116534	0.000032
褍泄褌懈	0.000273	2.120264	0.000579
褍泻褉邪懈薪褋泻懈泄	0.000273	0.116534	0.000032
褍泻褉邪褕械薪懈械	0.002459	0.116534	0.000287
褍泻褉芯锌	0.001639	0.562119	0.000922
褍泻褋褍褋	0.002186	0.562119	0.001229
褍谢芯胁泻邪	0.000273	4.605170	0.001258
褍薪懈胁械褉褋邪谢褜薪芯褋褌褜	0.000273	3.912023	0.001069
褍锌邪褋褌懈	0.000273	4.605170	0.001258
褍锌芯褌褉械斜谢械薪懈械	0.000273	0.116534	0.000032
褍褉邪谢褜褋泻懈泄	0.000273	0.116534	0.000032
褍褉芯卸邪泄	0.000273	0.105361	0.000029
褍褋褌邪	0.000273	3.506558	0.000958
褍褌泻邪	0.000820	0.116534	0.000096
褍褏芯	0.000273	0.040822	0.000011
褍褔邪褋褌胁芯胁邪褌褜	0.000273	0.040822	0.000011
褍褔懈褌褜褋褟	0.000273	3.218876	0.000879
褎邪蟹械薪写邪	0.000273	0.116534	0.000032
褎邪薪褌邪蟹懈褟	0.002459	0.116534	0.000287
褎邪褉褕	0.003552	0.040822	0.000145
褎邪褉褕懈褉芯胁邪薪薪褘泄	0.001913	0.040822	0.000078
褎邪褋芯谢褜	0.000273	0.040822	0.000011
褎械胁褉邪谢褜	0.000273	0.094311	0.000026
褎械泄械褉胁械褉泻	0.000546	0.116534	0.000064
褎懈谐褍褉邪	0.000273	0.116534	0.000032
褎懈薪褋泻懈泄	0.000273	0.116534	0.000032
褎懈褉屑械薪薪褘泄	0.000273	0.116534	0.000032
褎芯薪写褞	0.000273	0.040822	0.000011
褎芯褉屑邪	0.000273	0.105361	0.000029
褎芯褉褍屑	0.000546	0.040822	0.000022
褎芯褉褕屑邪泻	0.000273	0.040822	0.000011
褎芯褌芯	0.000273	2.040221	0.000557
褎芯褌芯谐褉邪褎懈褉芯胁邪褌褜	0.000273	3.218876	0.000879
褎褉邪薪褑懈褟	0.000273	0.116534	0.000032
褎褉邪薪褑褍蟹褋泻懈泄	0.000546	0.094311	0.000052
褎褉邪褍	0.001093	0.116534	0.000127
褎褉褍泻褌	0.001093	0.116534	0.000127
褎褉褍泻褌芯胁褘泄	0.002186	0.040822	0.000089
褎褍写	0.000273	0.116534	0.000032
褎褍薪泻褑懈褟	0.000273	3.912023	0.001069
褎褍褉褕械褌	0.000273	0.116534	0.000032
褏邪谢胁邪	0.000273	0.040822	0.000011
褏邪褉胁械褋褌褎械褋褌	0.000546	0.116534	0.000064
褏邪褉褔芯	0.000546	0.040822	0.000022
褏邪褕	0.000273	0.040822	0.000011
褏胁芯褉芯褋褌	0.000273	0.040822	0.000011
褏懈薪泻邪谢懈	0.000273	0.116534	0.000032
褏懈褌	0.001913	0.116534	0.000223
褏谢械斜	0.001913	0.040822	0.000078
褏谢械斜芯锌械褔泻邪	0.000273	0.116534	0.000032
褏谢械斜褍褕械泻	0.000273	2.040221	0.000557
褏谢芯锌褜褟	0.000546	0.094311	0.000052
褏芯写	0.000273	3.506558	0.000958
褏芯蟹褟泄泻邪	0.000546	0.116534	0.000064
褏芯谢芯写械褑	0.000273	0.040822	0.000011
褏芯谢芯写懈谢褜薪懈泻	0.000273	1.049822	0.000287
褏芯谢芯写薪芯械	0.000546	0.116534	0.000064
褏芯谢芯写薪褘泄	0.000546	0.116534	0.000064
褏芯褉胁邪褌褋泻懈泄	0.000273	0.116534	0.000032
褏芯褉芯褕懈泄	0.001093	0.040822	0.000045
褏芯褉芯褕芯	0.001366	0.105361	0.000144
褏芯褉褋	0.000273	0.116534	0.000032
褏芯褌械褌褜	0.000546	0.000000	0.000000
褏芯褌械褌褜褋褟	0.000273	1.237874	0.000338
褏芯褌褜	0.000273	1.897120	0.000518
褏褉邪薪懈褌褜	0.000273	1.897120	0.000518
褏褉械薪	0.000546	2.995732	0.001637
褏褍屑褍褋邪	0.000273	0.040822	0.000011
褑邪褉褋褌胁芯	0.000273	0.127833	0.000035
褑邪褉褜	0.000273	0.116534	0.000032
褑胁械褌	0.001093	1.771957	0.001937
褑胁械褌薪芯泄	0.000273	0.040822	0.000011
褑械写褉邪	0.000546	1.832581	0.001001
褑械薪薪褘泄	0.000273	0.040822	0.000011
褑械薪褌褉	0.000273	0.116534	0.000032
褑褍谢谢屑邪薪	0.000273	4.605170	0.001258
褔邪写芯	0.000273	4.605170	0.001258
褔邪械屑褘泄	0.000273	0.116534	0.000032
褔邪泄	0.000820	0.040822	0.000033
褔邪褋褌芯	0.000273	0.994252	0.000272
褔械斜褍褉械泻	0.000546	0.040822	0.000022
褔械褉泻懈蟹芯胁褘泄	0.000546	0.116534	0.000064
褔械褋薪芯泻	0.003552	0.314711	0.001118
褔械褋薪芯褔芯泻	0.000546	2.659260	0.001453
褔械褋褌薪芯泄	0.000273	0.040822	0.000011
褔械褔械胁懈褑邪	0.000273	0.040822	0.000011
褔械褕褋泻懈泄	0.000273	0.116534	0.000032
褔懈蟹泻械泄泻	0.001093	0.040822	0.000045
褔懈谢懈泄褋泻懈泄	0.000273	0.116534	0.000032
褔懈锌褋褘	0.000273	0.040822	0.000011
褔懈褋谢芯	0.000273	0.235722	0.000064
褔褍胁褋褌胁芯胁邪褌褜	0.000273	4.605170	0.001258
褔褍写芯	0.000546	0.116534	0.000064
褔褍屑芯胁芯泄	0.000273	3.912023	0.001069
褔褢褉薪褘泄	0.002186	0.356675	0.000780
褕邪屑锌邪薪褋泻芯械	0.000273	3.506558	0.000958
褕邪褉懈泻	0.000273	0.040822	0.000011
褕邪褉谢芯褌泻邪	0.000546	0.040822	0.000022
褕邪褉屑	0.000273	0.116534	0.000032
褕邪褕谢褘泻	0.003552	0.040822	0.000145
褕胁械写褋泻懈泄	0.000273	0.116534	0.000032
褕胁械泄褑邪褉褋泻懈泄	0.000273	0.116534	0.000032
褕械写械胁褉	0.000273	0.116534	0.000032
褕械褎	0.000273	0.127833	0.000035
褕懈锌褍褔泻邪	0.000273	0.040822	0.000011
褕懈褉芯泻懈泄	0.000273	0.127833	0.000035
褕泻芯谢邪	0.000273	0.116534	0.000032
褕芯泻芯谢邪写	0.000273	0.040822	0.000011
褕芯褌谢邪薪写褋泻懈泄	0.000273	0.116534	0.000032
褕褌褉褍写械谢褜	0.000273	0.040822	0.000011
褕褍斜邪	0.001639	2.407946	0.003947
褕褍褉锌邪	0.000273	0.040822	0.000011
褖械写褉褘泄	0.000273	0.116534	0.000032
褖懈	0.000820	0.040822	0.000033
褝泻芯屑懈谢泻	0.000273	0.127833	0.000035
褝褋褌芯薪褋泻懈泄	0.000273	0.116534	0.000032
褞谐芯褋谢邪胁褋泻懈泄	0.000273	0.116534	0.000032
褞薪褘泄	0.000273	4.605170	0.001258
褟谐芯写薪褘泄	0.001093	0.105361	0.000115
褟蟹褘泻	0.000273	0.040822	0.000011
褟泄褑芯	0.007377	0.040822	0.000301
褟薪胁邪褉褜	0.000273	0.733969	0.000201
褟薪写械泻褋	0.000273	0.072571	0.000020
褟锌芯薪褋泻懈泄	0.000546	0.051293	0.000028
褟褉泻懈泄	0.000820	0.116534	0.000096
褟褉泻芯	0.000273	0.105361	0.000029
