谢械屑屑邪	TF	IDF	TF-IDF
邪斜褏邪蟹褋泻懈泄	0.000283	0.116534	0.000033
邪胁褋褌褉邪谢懈泄褋泻懈泄	0.000283	0.116534	0.000033
邪胁褋褌褉懈泄褋泻懈泄	0.000283	0.116534	0.000033
邪胁褌芯泻谢邪胁	0.000283	0.116534	0.000033
邪胁褌芯褉	0.000283	0.040822	0.000012
邪谐褉芯	0.000283	0.116534	0.000033
邪写邪谢懈泄	0.000283	4.605170	0.001303
邪写卸懈泻邪	0.000283	0.040822	0.000012
邪蟹	0.000283	0.127833	0.000036
邪蟹械褉斜邪泄写卸邪薪褋泻懈泄	0.000283	0.116534	0.000033
邪蟹懈邪褌褋泻懈泄	0.000283	0.127833	0.000036
邪泄褉邪薪	0.000283	0.040822	0.000012
邪泻胁邪褌懈泻	0.000849	0.127833	0.000109
邪谢械泻褋械泄	0.000283	0.127833	0.000036
邪谢泻芯谐芯谢褜	0.000849	0.116534	0.000099
邪谢泻芯谐芯谢褜薪褘泄	0.000283	0.116534	0.000033
邪谢褜褟薪褋	0.000283	0.116534	0.000033
邪屑械褉懈泻邪薪褋泻懈泄	0.000283	0.116534	0.000033
邪薪谐械谢	0.000283	4.605170	0.001303
邪薪谐谢懈泄褋泻懈泄	0.000283	0.116534	0.000033
邪薪写褉械泄	0.000283	0.127833	0.000036
邪锌褉械谢褜	0.000566	0.544727	0.000308
邪褉邪斜褋泻懈泄	0.000283	0.116534	0.000033
邪褉邪褏懈褋	0.000566	2.995732	0.001696
邪褉谐械薪褌懈薪褋泻懈泄	0.000283	0.116534	0.000033
邪褉泻邪薪蟹邪褋	0.000283	4.605170	0.001303
邪褉屑褟薪褋泻懈泄	0.000283	0.116534	0.000033
邪褉芯屑邪褌薪褘泄	0.000849	0.693147	0.000589
邪褋褋芯褉褌懈	0.000566	0.116534	0.000066
邪褌谢邪薪褌	0.000283	0.116534	0.000033
邪褎谐邪薪褋泻懈泄	0.000283	0.116534	0.000033
邪褎褉懈泻邪薪褋泻懈泄	0.000283	0.116534	0.000033
邪褝褉芯谐褉懈谢褜	0.002830	0.116534	0.000330
斜邪斜懈褔	0.000283	1.514128	0.000429
斜邪泻谢邪卸邪薪	0.000283	0.040822	0.000012
斜邪谢褌泻芯屑邪	0.000283	0.127833	0.000036
斜邪褉邪薪懈薪邪	0.001132	0.116534	0.000132
斜邪褋屑邪褌懈	0.000566	0.127833	0.000072
斜邪褋褌褍褉屑	0.000283	0.040822	0.000012
斜邪褋褌褍褉屑邪	0.000283	0.040822	0.000012
斜邪褌芯薪褔懈泻	0.000283	0.127833	0.000036
斜邪褕泻懈褉褋泻懈泄	0.000283	0.116534	0.000033
斜械蟹邪谢泻芯谐芯谢褜薪褘泄	0.000283	0.116534	0.000033
斜械蟹谐谢褞褌械薪芯胁芯械	0.000283	0.116534	0.000033
斜械蟹械	0.001415	0.040822	0.000058
斜械谢械斜械械胁褋泻懈泄	0.000566	0.116534	0.000066
斜械谢芯泻	0.001698	2.040221	0.003465
斜械谢芯褉褍褋褋泻懈泄	0.000283	0.116534	0.000033
斜械谢褘泄	0.000566	1.237874	0.000701
斜械谢褜谐懈泄褋泻懈泄	0.000283	0.116534	0.000033
斜械褉械屑械薪薪邪褟	0.000283	0.116534	0.000033
斜械褋械写懈薪	0.000283	0.127833	0.000036
斜械褋泻芯薪械褔薪芯	0.000283	4.605170	0.001303
斜懈褋泻胁懈褌	0.000566	0.040822	0.000023
斜懈褋泻胁懈褌薪褘泄	0.001415	0.105361	0.000149
斜谢邪谐芯写邪褉懈褌褜	0.000283	2.407946	0.000682
斜谢懈蟹泻懈泄	0.000849	0.116534	0.000099
斜谢懈薪	0.001698	0.040822	0.000069
斜谢褞写芯	0.027738	0.040822	0.001132
斜芯斜芯胁褘泄	0.002264	0.116534	0.000264
斜芯谢谐邪褉褋泻懈泄	0.000283	0.116534	0.000033
斜芯谢褜薪芯	0.000283	1.966113	0.000556
斜芯谢褜褕芯泄	0.001132	0.094311	0.000107
斜芯褉褖	0.000566	0.040822	0.000023
斜芯褌胁懈薪褜褟	0.000283	0.040822	0.000012
斜褉邪蟹懈谢褜褋泻懈泄	0.000283	0.116534	0.000033
斜褉邪褍蟹械褉	0.000283	0.040822	0.000012
斜褉邪褍薪懈	0.000283	0.040822	0.000012
斜褉械褋褌	0.000283	0.127833	0.000036
斜褉芯泻泻芯谢懈	0.000283	0.040822	0.000012
斜褍卸械薪懈薪邪	0.000283	0.040822	0.000012
斜褍谢芯褔泻邪	0.001415	0.040822	0.000058
斜褍谢褜芯薪	0.003114	0.040822	0.000127
斜褍褉谐械褉	0.000566	0.040822	0.000023
斜褍褉褟褌褋泻懈泄	0.000283	0.116534	0.000033
斜褍褌械褉斜褉芯写	0.001132	0.040822	0.000046
斜褘褋褌褉芯	0.000283	0.094311	0.000027
斜褘褋褌褉褘泄	0.001415	0.094311	0.000133
胁邪卸薪褘泄	0.000283	0.116534	0.000033
胁邪谢谢懈泄褋泻懈泄	0.000283	0.116534	0.000033
胁邪薪懈谢懈薪	0.001698	1.609438	0.002733
胁邪薪懈谢褜薪褘泄	0.001132	1.347074	0.001525
胁邪褉械薪懈械	0.000566	0.040822	0.000023
胁邪褉械薪懈泻	0.000283	0.116534	0.000033
胁邪褉褢薪褘泄	0.000283	2.407946	0.000682
胁邪褋懈谢褜泻芯胁褘泄	0.000283	4.605170	0.001303
胁邪褌褉褍褕泻邪	0.000283	0.040822	0.000012
胁邪褎谢褟	0.000566	0.040822	0.000023
胁邪褕	0.000849	0.000000	0.000000
胁胁芯写懈褌褜	0.000283	0.040822	0.000012
胁写芯褏薪芯胁械薪懈械	0.001981	0.116534	0.000231
胁写芯褏薪芯胁谢褟褌褜褋褟	0.000283	0.116534	0.000033
胁械谐械褌邪褉懈邪薪褋泻懈泄	0.000566	0.116534	0.000066
胁械谢懈泻懈泄	0.000283	0.116534	0.000033
胁械薪谐械褉褋泻懈泄	0.000283	0.116534	0.000033
胁械褋械薪薪懈泄	0.000283	0.051293	0.000015
胁械褋薪邪	0.001698	0.116534	0.000198
胁械褋褢谢褘泄	0.000283	2.525729	0.000715
胁械褌褔懈薪邪	0.000283	0.094311	0.000027
胁懈写	0.000283	0.776529	0.000220
胁懈写械芯	0.000566	0.116534	0.000066
胁懈写械芯褉械褑械锌褌	0.000283	0.301105	0.000085
胁懈薪芯	0.000566	0.040822	0.000023
胁懈褕薪褟	0.000849	1.832581	0.001556
胁懈褕薪褢胁褘泄	0.000566	3.506558	0.001985
胁泻谢褞褔邪褌褜	0.000283	0.634878	0.000180
胁泻褍褋	0.004246	0.105361	0.000447
胁泻褍褋薪芯	0.001132	0.094311	0.000107
胁泻褍褋薪褘泄	0.003963	0.061875	0.000245
胁泻褍褋芯胁芯泄	0.000283	2.813411	0.000796
胁泻褍褍褍褍褍褍褋薪褘泄	0.000283	4.605170	0.001303
胁谢褞斜懈褌褜	0.000283	0.116534	0.000033
胁屑械褋褌械	0.000283	0.916291	0.000259
胁薪邪褔邪谢械	0.001132	0.248461	0.000281
胁薪械褋褌懈	0.000283	2.813411	0.000796
胁薪械褕薪懈泄	0.000283	3.912023	0.001107
胁薪褍褌褉懈	0.000283	1.469676	0.000416
胁芯写邪	0.001981	0.094311	0.000187
胁芯蟹屑芯卸薪芯	0.000283	1.469676	0.000416
胁芯泄褌懈	0.000283	0.000000	0.000000
胁芯谢芯胁邪薪	0.000283	0.116534	0.000033
胁芯谢褕械斜薪褘泄	0.000283	0.116534	0.000033
胁芯谢褕械斜褋褌胁芯	0.000283	0.116534	0.000033
胁芯锌谢芯褌懈褌褜	0.000283	4.605170	0.001303
胁芯锌褉芯褋	0.000283	0.000000	0.000000
胁芯褋褌芯褔薪褘泄	0.000283	0.127833	0.000036
胁锌懈褌褘胁邪褌褜	0.000283	3.218876	0.000911
胁褉械屑褟	0.002264	0.105361	0.000239
胁褉芯写械	0.000283	1.897120	0.000537
胁褋械谐写邪	0.000283	0.653926	0.000185
胁褋锌芯屑薪懈褌褜	0.000283	0.040822	0.000012
胁褌芯褉芯械	0.000283	0.116534	0.000033
胁褌芯褉芯泄	0.000283	0.116534	0.000033
胁褏芯写	0.000849	0.030459	0.000026
胁褘写邪胁邪褌褜	0.000283	3.506558	0.000993
胁褘泄褌懈	0.000283	0.040822	0.000012
胁褘锌械褔泻邪	0.006510	0.040822	0.000266
胁褘褉褍褔邪谢芯褔泻邪	0.000283	1.560648	0.000442
胁褘褋芯褑泻懈泄	0.000283	4.605170	0.001303
胁褘褋褌邪胁谢褟褌褜	0.000283	2.525729	0.000715
胁褜械褌薪邪屑褋泻懈泄	0.000283	0.116534	0.000033
谐邪胁邪泄褋泻懈泄	0.000283	0.116534	0.000033
谐邪褉邪卸	0.000283	1.078810	0.000305
谐邪褉薪懈褉	0.001415	0.040822	0.000058
谐邪褋锌邪褔芯	0.000283	0.040822	0.000012
谐邪褕褢薪褘泄	0.000566	2.207275	0.001250
谐械芯谐褉邪褎懈褟	0.000283	0.116534	0.000033
谐谢邪胁薪褘泄	0.000283	0.040822	0.000012
谐谢邪蟹褍褉褜	0.000849	0.040822	0.000035
谐谢懈薪褌胁械泄薪	0.000283	0.040822	0.000012
谐芯胁褟写懈薪邪	0.001132	0.116534	0.000132
谐芯写	0.007359	0.083382	0.000614
谐芯谢谢邪薪写褋泻懈泄	0.000283	0.116534	0.000033
谐芯褉芯写	0.000283	0.116534	0.000033
谐芯褉芯褏	0.000283	0.116534	0.000033
谐芯褉褔懈褑邪	0.000849	0.040822	0.000035
谐芯褉褕芯褔械泻	0.000566	0.040822	0.000023
谐芯褉褟褔械械	0.000566	0.116534	0.000066
谐芯褉褟褔懈泄	0.011039	0.105361	0.001163
谐芯褋褌	0.000566	2.659260	0.001505
谐芯褋褌褜	0.000849	0.116534	0.000099
谐芯褌芯胁懈褌褜	0.003963	0.083382	0.000330
谐褉械薪泻邪	0.000566	0.040822	0.000023
谐褉械褔械褋泻懈泄	0.000283	0.116534	0.000033
谐褉械褔泻邪	0.000283	0.040822	0.000012
谐褉懈斜	0.002830	0.040822	0.000116
谐褉懈斜薪芯泄	0.000566	0.040822	0.000023
谐褉懈谢褜	0.002830	0.105361	0.000298
谐褉懈谢褜屑邪薪懈褟	0.000283	0.116534	0.000033
谐褉芯谐	0.000283	0.040822	0.000012
谐褉褍蟹懈薪褋泻懈泄	0.000283	0.116534	0.000033
谐褉褍锌锌邪	0.000283	0.061875	0.000018
谐褉褍褕邪	0.000849	4.605170	0.003910
谐褍褉屑	0.000283	0.127833	0.000036
谐褍褉屑邪薪懈褟	0.001698	0.116534	0.000198
谐褍褋褜	0.000566	0.105361	0.000060
写邪胁邪褌褜	0.000283	0.040822	0.000012
写邪胁薪芯	0.000283	0.967584	0.000274
写邪薪斜褍褉	0.000283	3.912023	0.001107
写邪薪薪褘械	0.000283	0.040822	0.000012
写邪褉	0.000283	0.116534	0.000033
写邪褉懈褌褜	0.000283	4.605170	0.001303
写邪褉褜褟	0.000283	3.912023	0.001107
写邪褌邪	0.000566	0.248461	0.000141
写邪褌褋泻懈泄	0.000283	0.116534	0.000033
写邪褌褜	0.000283	0.040822	0.000012
写邪褔薪褘泄	0.000849	0.116534	0.000099
写邪褕邪	0.000283	3.912023	0.001107
写邪褕褍薪褜	0.000283	4.605170	0.001303
写械胁褔邪褌邪	0.000283	3.912023	0.001107
写械泄褋褌胁懈褌械谢褜薪芯	0.000283	1.832581	0.000519
写械泄褋褌胁懈褌械谢褜薪芯褋褌褜	0.000283	4.605170	0.001303
写械泻邪斜褉褜	0.000283	0.597837	0.000169
写械泻芯褉	0.000283	0.127833	0.000036
写械谢邪褌褜	0.001415	0.083382	0.000118
写械谢邪褌褜褋褟	0.000566	1.203973	0.000682
写械谢懈褌褜褋褟	0.000283	0.040822	0.000012
写械谢芯	0.000283	0.105361	0.000030
写械薪褜	0.002830	0.040822	0.000116
写械褋械褉褌	0.007359	0.040822	0.000300
写械褋械褉褌邪褑懈褟	0.000283	0.116534	0.000033
写械褋械褉褌薪褘泄	0.000283	0.116534	0.000033
写卸械屑	0.000283	0.040822	0.000012
写卸械屑邪	0.000283	0.040822	0.000012
写蟹械薪	0.000283	0.116534	0.000033
写懈械褌邪	0.000566	0.094311	0.000053
写懈泻懈泄	0.000849	0.116534	0.000099
写懈锌	0.000283	0.116534	0.000033
写懈褔褜	0.000849	0.116534	0.000099
写谢懈薪薪芯	0.000283	4.605170	0.001303
写薪械胁薪懈泻	0.000283	0.061875	0.000018
写芯斜邪胁懈褌褜	0.000566	0.083382	0.000047
写芯斜邪胁谢械薪懈械	0.000283	0.223144	0.000063
写芯斜邪胁谢褟褌褜	0.000283	0.040822	0.000012
写芯斜褉芯褎谢芯褌	0.000283	0.127833	0.000036
写芯胁械褉褟褌褜	0.000283	0.116534	0.000033
写芯胁芯谢褜薪芯	0.000283	1.609438	0.000456
写芯谢谐懈泄	0.000283	1.609438	0.000456
写芯谢谐芯	0.000283	1.514128	0.000429
写芯谢卸薪褘泄	0.000566	1.078810	0.000611
写芯屑	0.003114	0.040822	0.000127
写芯屑邪褕薪懈泄	0.003680	0.040822	0.000150
写芯褋褌邪褌芯褔薪芯	0.000283	2.040221	0.000577
写芯褋褌芯泄薪褘泄	0.000283	2.407946	0.000682
写褉邪泄胁	0.001415	0.127833	0.000181
写褉芯卸卸械胁芯泄	0.000566	0.116534	0.000066
写褉芯卸卸懈	0.000566	0.916291	0.000519
写褉褍谐	0.000849	0.544727	0.000463
写褍褏芯胁泻邪	0.001132	0.105361	0.000119
写褍褕邪	0.000849	0.105361	0.000089
械胁褉械泄褋泻懈泄	0.000283	0.116534	0.000033
械谐懈锌械褌褋泻懈泄	0.000283	0.116534	0.000033
械写懈薪褘泄	0.000283	0.000000	0.000000
械泻芯	0.000283	0.127833	0.000036
卸邪褉泻芯械	0.000283	0.040822	0.000012
卸械谢邪褌懈薪邪	0.000566	1.427116	0.000808
卸械谢邪褌褜	0.000283	2.995732	0.000848
卸械谢械	0.000849	0.040822	0.000035
卸械谢褌芯泻	0.001698	1.237874	0.002102
卸械薪褋泻懈泄	0.000566	0.020203	0.000011
卸械薪褖懈薪邪	0.000566	0.061875	0.000035
卸懈蟹薪褜	0.001132	0.040822	0.000046
卸褍谢褜械薪	0.000283	0.040822	0.000012
卸褍褉薪邪谢	0.000566	0.072571	0.000041
卸褞谢褜械薪	0.000283	0.040822	0.000012
卸褞谢褜薪褘泄	0.000283	0.040822	0.000012
蟹邪胁邪褉薪芯泄	0.000566	0.116534	0.000066
蟹邪胁褌褉邪泻	0.002264	0.094311	0.000214
蟹邪谐芯褌芯胁泻邪	0.001415	0.040822	0.000058
蟹邪谐褉褍蟹懈褌褜	0.000283	3.912023	0.001107
蟹邪写邪胁邪褌褜	0.000283	0.040822	0.000012
蟹邪懈薪褌械褉械褋芯胁邪褌褜	0.000283	1.966113	0.000556
蟹邪懈薪褌褉懈谐芯胁邪褌褜	0.000283	3.218876	0.000911
蟹邪泻胁邪褋泻邪	0.000849	0.040822	0.000035
蟹邪泻褉褘褌褘泄	0.000283	0.116534	0.000033
蟹邪泻褍褋泻邪	0.005944	0.040822	0.000243
蟹邪泻褍褋芯薪褔懈泻	0.000283	0.116534	0.000033
蟹邪泻褍褋芯褔泻邪	0.000283	0.116534	0.000033
蟹邪泻褍褋芯褔薪邪褟	0.002547	0.116534	0.000297
蟹邪谢懈胁泻邪	0.000566	2.525729	0.001430
蟹邪谢懈胁薪芯械	0.000566	0.040822	0.000023
蟹邪屑械薪懈褌褜	0.000283	2.120264	0.000600
蟹邪屑械褋	0.000283	2.302585	0.000652
蟹邪屑芯褉芯蟹泻邪	0.000566	0.105361	0.000060
蟹邪锌邪写	0.000283	0.116534	0.000033
蟹邪锌械泻邪薪泻邪	0.003114	0.040822	0.000127
蟹邪锌褉邪胁泻邪	0.000566	0.040822	0.000023
蟹邪锌褉芯褋	0.000283	2.120264	0.000600
蟹邪褉械谐懈褋褌褉懈褉芯胁邪褌褜褋褟	0.000566	0.030459	0.000017
蟹邪褋芯谢泻邪	0.000283	0.116534	0.000033
蟹邪褏芯写懈褌褜	0.000566	0.733969	0.000415
蟹邪褏芯褌械褌褜褋褟	0.000566	2.207275	0.001250
蟹邪褟褑	0.000566	0.116534	0.000066
蟹胁邪薪褘泄	0.000283	0.127833	0.000036
蟹胁械蟹写邪	0.000283	0.116534	0.000033
蟹胁褍褔邪褌褜	0.000566	2.659260	0.001505
蟹胁褢蟹写薪褘泄	0.000283	0.116534	0.000033
蟹写芯褉芯胁褘泄	0.000566	0.116534	0.000066
蟹械谢械薪褜	0.000283	0.094311	0.000027
蟹械褎懈褉	0.000283	0.040822	0.000012
蟹懈屑邪	0.001132	0.040822	0.000046
蟹懈屑薪懈泄	0.000566	0.051293	0.000029
蟹薪邪泻芯屑褘泄	0.000283	1.272966	0.000360
蟹薪邪褌褜	0.000849	0.462035	0.000392
蟹芯谢芯褌芯泄	0.000283	0.116534	0.000033
懈胁邪薪芯胁	0.000283	0.127833	0.000036
懈写械邪谢褜薪褘泄	0.001981	0.116534	0.000231
懈写械泄泻邪	0.000283	0.116534	0.000033
懈写械褟	0.000283	1.609438	0.000456
懈蟹写械谢懈械	0.002830	0.116534	0.000330
懈蟹屑械薪懈褌褜	0.000283	2.407946	0.000682
懈蟹褞屑	0.000566	1.897120	0.001074
懈泻褉邪	0.001415	0.040822	0.000058
懈屑褟	0.000283	0.030459	0.000009
懈薪胁械褉褌芯褉薪褘泄	0.000283	0.127833	0.000036
懈薪谐褉械写懈械薪褌	0.008491	0.139262	0.001183
懈薪写械泄泻邪	0.001698	0.094311	0.000160
懈薪写懈泄褋泻懈泄	0.000283	0.116534	0.000033
懈薪写懈谢邪泄褌邪	0.000849	0.116534	0.000099
懈薪写懈褉械褋薪褘泄	0.000283	0.116534	0.000033
懈薪褋褌褉褍泻褑懈褟	0.000283	0.030459	0.000009
懈褉邪泻褋泻懈泄	0.000283	0.116534	0.000033
懈褉邪薪褋泻懈泄	0.000283	0.116534	0.000033
懈褉谢邪薪写褋泻懈泄	0.000283	0.116534	0.000033
懈褋泻褉械薪薪械	0.000283	0.116534	0.000033
懈褋谢邪薪写褋泻懈泄	0.000283	0.116534	0.000033
懈褋锌邪薪褋泻懈泄	0.000283	0.116534	0.000033
懈褋锌械褔褜	0.000283	0.105361	0.000030
懈褋锌芯谢褜蟹芯胁邪褌褜	0.000283	1.171183	0.000331
懈褋褌懈薪薪褘泄	0.000283	2.995732	0.000848
懈褋褌芯褉懈褟	0.001698	0.116534	0.000198
懈褌邪谢懈褟	0.000566	0.105361	0.000060
懈褌邪谢褜褟薪褋泻懈泄	0.000283	0.105361	0.000030
懈褞谢褜	0.000566	0.579818	0.000328
懈褞薪褜	0.000283	0.562119	0.000159
泄芯谐褍褉褌	0.000849	0.040822	0.000035
泻邪斜邪褔芯泻	0.000283	0.040822	0.000012
泻邪胁泻邪蟹褋泻懈泄	0.000283	0.116534	0.000033
泻邪蟹邪薪	0.000283	0.116534	0.000033
泻邪蟹邪褌褜褋褟	0.000283	1.139434	0.000323
泻邪蟹邪褏褋泻懈泄	0.000283	0.116534	0.000033
泻邪泻邪芯	0.001132	0.040822	0.000046
泻邪谢械泄写芯褋泻芯锌	0.001132	0.116534	0.000132
泻邪谢屑褘褑泻懈泄	0.000283	0.116534	0.000033
泻邪谢褜屑邪褉	0.000283	0.040822	0.000012
泻邪屑械褉邪	0.000283	0.116534	0.000033
泻邪薪邪写褋泻懈泄	0.000283	0.116534	0.000033
泻邪薪邪谢	0.000849	0.040822	0.000035
泻邪薪邪锌械	0.000566	0.040822	0.000023
泻邪锌褍褋褌邪	0.000849	0.040822	0.000035
泻邪锌褍褋褌薪褟泻	0.000283	0.040822	0.000012
泻邪褉邪屑械谢褜	0.001132	0.040822	0.000046
泻邪褉邪屑械谢褜薪褘泄	0.000283	2.995732	0.000848
泻邪褉泻邪褋薪褘泄	0.001132	0.116534	0.000132
泻邪褉褌芯褎械谢褜	0.000283	0.040822	0.000012
泻邪褉褌芯褎械谢褜薪褘泄	0.001132	0.040822	0.000046
泻邪褉褌芯褕泻邪	0.000566	0.040822	0.000023
泻邪褌械谐芯褉懈褟	0.004529	0.116534	0.000528
泻邪褔械褋褌胁芯	0.000283	0.105361	0.000030
泻邪褕邪	0.001981	0.040822	0.000081
泻胁邪褋	0.001132	0.040822	0.000046
泻胁邪褋薪芯泄	0.000849	0.116534	0.000099
泻械泻褋	0.000849	0.040822	0.000035
泻械褎懈褉	0.000283	0.040822	0.000012
泻械褕褜褞	0.000566	2.995732	0.001696
泻懈屑褔邪褌褜	0.000283	0.040822	0.000012
泻懈薪芯邪	0.000566	0.127833	0.000072
泻懈薪芯谢械薪褌邪	0.000283	0.116534	0.000033
泻懈褋械谢褜	0.000566	0.040822	0.000023
泻懈褌邪泄褋泻懈泄	0.000283	0.116534	0.000033
泻谢邪褋褋	0.002547	0.116534	0.000297
泻谢褞泻胁邪	0.000566	3.218876	0.001822
泻薪懈谐邪	0.000566	0.040822	0.000023
泻芯泻芯褋芯胁褘泄	0.001698	2.659260	0.004516
泻芯泻褌械泄谢褜	0.001698	0.040822	0.000069
泻芯谢斜邪褋邪	0.000283	0.040822	0.000012
泻芯谢斜邪褋薪褘泄	0.000849	0.116534	0.000099
泻芯谢谢械泻褑懈褟	0.000283	3.912023	0.001107
泻芯屑邪薪写邪	0.000566	0.127833	0.000072
泻芯屑懈	0.000283	0.116534	0.000033
泻芯屑屑械薪褌邪褉懈泄	0.000283	0.127833	0.000036
泻芯屑锌邪薪懈褟	0.000283	0.105361	0.000030
泻芯屑锌芯褌	0.000849	0.040822	0.000035
泻芯薪械褑	0.000566	1.966113	0.001113
泻芯薪械褔薪芯	0.000283	0.527633	0.000149
泻芯薪懈薪邪	0.000283	0.116534	0.000033
泻芯薪泻褍褉褋	0.061138	0.040822	0.002496
泻芯薪泻褍褉褋薪褘泄	0.000283	0.127833	0.000036
泻芯薪褋械薪褋褍褋	0.000283	4.605170	0.001303
泻芯薪褋械褉胁懈褉芯胁邪薪懈械	0.000283	0.040822	0.000012
泻芯薪褋械褉胁懈褉芯胁邪薪薪褘泄	0.001415	0.116534	0.000165
泻芯薪褌褉邪褋褌薪褘泄	0.000283	4.605170	0.001303
泻芯薪褎械褌邪	0.002264	0.040822	0.000092
泻芯薪褎械褌泻邪	0.000566	2.813411	0.001593
泻芯薪褎械褌褌懈	0.000283	0.116534	0.000033
泻芯薪褎懈写械薪褑懈邪谢褜薪芯褋褌褜	0.000283	0.040822	0.000012
泻芯薪褎懈褌褞褉	0.000283	0.040822	0.000012
泻芯薪褜褟泻	0.001132	2.207275	0.002499
泻芯锌褔褢薪芯褋褌褜	0.000283	0.116534	0.000033
泻芯褉械泄褋泻懈	0.000283	0.040822	0.000012
泻芯褉械泄褋泻懈泄	0.000283	0.105361	0.000030
泻芯褉卸懈泻	0.000283	0.040822	0.000012
泻芯褉懈褔薪械胁褘泄	0.001132	1.272966	0.001441
泻芯褉屑懈褌褜	0.000283	0.116534	0.000033
泻芯褉芯褔泻邪	0.000566	1.309333	0.000741
泻芯褉褉械泻褌懈胁	0.000283	3.218876	0.000911
泻芯褌谢械褌邪	0.000283	0.040822	0.000012
泻芯褎械	0.000566	0.040822	0.000023
泻褉邪斜芯胁褘泄	0.000566	2.302585	0.001303
泻褉邪褋懈胁褘泄	0.000283	0.843970	0.000239
泻褉邪褋泻邪	0.000283	0.116534	0.000033
泻褉邪褎褎懈薪	0.000566	4.605170	0.002607
泻褉邪褏屑邪谢	0.001132	0.891598	0.001009
泻褉械邪褌懈胁	0.000283	0.127833	0.000036
泻褉械胁械褌泻邪	0.000566	2.302585	0.001303
泻褉械屑	0.001132	0.040822	0.000046
泻褉械锌泻懈泄	0.000283	0.116534	0.000033
泻褉懈褌懈泻芯胁邪褌褜	0.000283	3.506558	0.000993
泻褉芯谢懈泻	0.000566	0.116534	0.000066
泻褉芯屑械	0.000283	0.061875	0.000018
泻褉芯褏邪	0.000283	0.116534	0.000033
泻褉褍谐	0.000566	0.116534	0.000066
泻褉褍锌	0.001698	0.105361	0.000179
泻褉褍锌邪	0.002547	0.116534	0.000297
泻褉褍锌褟薪芯泄	0.000283	0.116534	0.000033
泻褉褘谢芯	0.000283	2.813411	0.000796
泻褍斜懈薪褋泻懈泄	0.000283	0.116534	0.000033
泻褍谢械褕	0.000283	0.040822	0.000012
泻褍谢懈薪邪褉懈褟	0.000849	0.094311	0.000080
泻褍谢懈薪邪褉薪褘泄	0.001698	0.000000	0.000000
泻褍谢懈褔	0.001415	0.040822	0.000058
泻褍褉写褋泻懈泄	0.000283	0.116534	0.000033
泻褍褉懈薪褘泄	0.005944	0.094311	0.000561
泻褍褉懈褑邪	0.001415	0.040822	0.000058
泻褍褉芯褔泻邪	0.000283	0.116534	0.000033
泻褍褉褌懈蟹邪薪泻邪	0.000283	2.995732	0.000848
泻褍褋泻褍褋	0.000283	0.040822	0.000012
泻褍褋芯褔械泻	0.000566	1.078810	0.000611
泻褍褏薪褟	0.001981	0.040822	0.000081
谢邪胁邪褕	0.001698	0.040822	0.000069
谢邪谐屑邪薪	0.000283	0.040822	0.000012
谢邪泻芯屑褋褌胁芯	0.000283	0.116534	0.000033
谢邪锌褕邪	0.000566	0.040822	0.000023
谢邪褌褘褕褋泻懈泄	0.000283	0.116534	0.000033
谢械谐泻芯	0.001698	0.116534	0.000198
谢械锌褢褕泻邪	0.000566	0.040822	0.000023
谢械褌薪懈泄	0.000566	0.040822	0.000023
谢械褌芯	0.001698	0.116534	0.000198
谢械褔芯	0.000283	0.040822	0.000012
谢懈谐邪	0.000849	0.116534	0.000099
谢懈蟹邪	0.000283	3.912023	0.001107
谢懈泻褢褉	0.000283	0.040822	0.000012
谢懈屑芯薪	0.001132	0.891598	0.001009
谢懈屑芯薪邪写	0.000566	0.040822	0.000023
谢懈屑芯薪褔懈泻	0.000566	4.605170	0.002607
谢懈褌芯胁褋泻	0.000283	0.127833	0.000036
谢懈褌芯胁褋泻懈泄	0.000283	0.116534	0.000033
谢褍褔懈褋褌褘泄	0.000283	4.605170	0.001303
谢褞斜懈屑褘泄	0.002547	0.116534	0.000297
谢褞斜懈褌械谢褜	0.000566	1.386294	0.000785
谢褞斜懈褌褜	0.000566	0.755023	0.000427
谢褞斜芯胁褜	0.000566	0.105361	0.000060
谢褞斜芯泄	0.000283	0.094311	0.000027
谢褢谐泻懈泄	0.000849	0.094311	0.000080
谢褢写	0.000283	0.116534	0.000033
屑邪谐邪蟹懈薪薪褘泄	0.000566	2.302585	0.001303
屑邪谐褉懈斜	0.000283	0.116534	0.000033
屑邪泄	0.000283	0.116534	0.000033
屑邪泄芯薪械蟹	0.000849	0.116534	0.000099
屑邪泻邪褉芯薪薪褘泄	0.000283	0.116534	0.000033
屑邪泻邪褉芯薪褘	0.000283	0.040822	0.000012
屑邪泻邪褉褍薪	0.000283	4.605170	0.001303
屑邪谢邪蟹懈泄褋泻懈泄	0.000283	0.116534	0.000033
屑邪屑邪	0.000283	1.469676	0.000416
屑邪薪薪懈泻	0.000283	0.040822	0.000012
屑邪薪褋邪褉写邪	0.000283	0.755023	0.000214
屑邪薪褌邪	0.000283	0.116534	0.000033
屑邪薪褢胁褉	0.000283	0.116534	0.000033
屑邪褉邪褎芯薪	0.000849	0.116534	0.000099
屑邪褉懈薪邪写	0.003397	0.040822	0.000139
屑邪褉懈薪芯胁邪褌褜	0.000283	0.116534	0.000033
屑邪褉屑械谢邪写	0.000283	0.040822	0.000012
屑邪褉芯泻泻邪薪褋泻懈泄	0.000283	0.116534	0.000033
屑邪褉褌	0.001415	0.105361	0.000149
屑邪褋泻邪褉锌芯薪	0.000849	0.040822	0.000035
屑邪褋谢械薪懈褑邪	0.000849	0.040822	0.000035
屑邪褋谢械薪懈褔薪褘泄	0.000283	0.116534	0.000033
屑邪褋谢芯	0.007642	0.105361	0.000805
屑邪褋褋邪	0.000283	1.771957	0.000502
屑邪褋褌械褉	0.002547	0.116534	0.000297
屑邪褋褌懈泻邪	0.000566	0.040822	0.000023
屑邪褎褎懈薪邪	0.000283	0.116534	0.000033
屑邪褏械械胁褗	0.001132	0.116534	0.000132
屑谐薪芯胁械薪薪褘泄	0.000283	3.912023	0.001107
屑械写懈邪褎芯褉褌	0.000849	0.000000	0.000000
屑械写芯胁褘泄	0.000283	0.116534	0.000033
屑械泻褋懈泻邪薪褋泻懈泄	0.000283	0.116534	0.000033
屑械薪褞	0.000283	0.116534	0.000033
屑械薪褟褌褜褋褟	0.000283	0.116534	0.000033
屑械褋褌薪褘泄	0.000283	2.813411	0.000796
屑械褔褌邪	0.000849	0.040822	0.000035
屑懈写懈褟	0.000283	0.040822	0.000012
屑懈泻褉芯胁芯谢薪芯胁泻邪	0.000283	0.105361	0.000030
屑懈谢褜褟	0.000283	0.116534	0.000033
屑懈薪写邪谢褜	0.009341	2.040221	0.019057
屑懈薪写邪谢褜薪褘泄	0.000566	2.813411	0.001593
屑懈薪褍褌邪	0.000283	0.544727	0.000154
屑懈薪褍褌泻邪	0.000283	3.912023	0.001107
屑懈芯	0.000283	0.116534	0.000033
屑懈褉	0.001698	0.105361	0.000179
屑懈褉芯胁芯泄	0.000283	0.116534	0.000033
屑懈褋芯	0.000283	0.040822	0.000012
屑懈褋褌械褉懈褟	0.000283	0.116534	0.000033
屑懈褋褌褉邪谢褜	0.001981	0.116534	0.000231
屑懈褏邪懈谢芯胁懈褔	0.000283	4.605170	0.001303
屑屑屑屑屑屑屑	0.000283	4.605170	0.001303
屑薪芯谐芯谢械褌薪懈泄	0.000283	4.605170	0.001303
屑薪芯卸械褋褌胁芯	0.000283	0.040822	0.000012
屑芯泄	0.001981	0.083382	0.000165
屑芯谢写邪胁褋泻懈泄	0.000283	0.116534	0.000033
屑芯谢芯泻芯	0.007925	0.083382	0.000661
屑芯谢芯褔薪褘泄	0.000849	0.040822	0.000035
屑芯屑械薪褌	0.000849	0.105361	0.000089
屑芯薪谐芯谢褜褋泻懈泄	0.000283	0.116534	0.000033
屑芯褉械	0.000283	0.116534	0.000033
屑芯褉械锌褉芯写褍泻褌	0.003963	0.040822	0.000162
屑芯褉泻芯胁褜	0.000283	0.040822	0.000012
屑芯褉芯卸械薪芯械	0.000849	0.040822	0.000035
屑芯褉褋	0.000566	0.040822	0.000023
屑芯褌芯褉	0.000283	0.116534	0.000033
屑芯褏懈褌褘泄	0.000283	0.040822	0.000012
屑芯褔褜	0.000849	0.000000	0.000000
屑褍卸械褋褌胁械薪薪芯	0.000283	4.605170	0.001303
屑褍卸褋泻芯泄	0.000283	0.127833	0.000036
屑褍卸褔懈薪邪	0.000566	0.116534	0.000066
屑褍泻邪	0.005661	0.248461	0.001407
屑褍谢褜褌懈胁邪褉泻邪	0.010756	0.116534	0.001253
屑褍谢褜褌懈锌械泻邪褉褜	0.000849	0.116534	0.000099
屑褍褋褋	0.000283	0.040822	0.000012
屑褍褋褋邪	0.000849	0.040822	0.000035
屑褍褔薪芯泄	0.000283	0.116534	0.000033
屑褞褋谢懈	0.000566	0.116534	0.000066
屑褟谐泻懈泄	0.000849	0.755023	0.000641
屑褟褋薪芯泄	0.003114	0.040822	0.000127
屑褟褋芯	0.006510	0.040822	0.000266
薪邪蟹胁邪薪懈械	0.001132	0.562119	0.000636
薪邪蟹薪邪褔械薪懈械	0.000283	0.116534	0.000033
薪邪泄褌懈	0.000283	0.446287	0.000126
薪邪谢械褌邪褌褜	0.000283	4.605170	0.001303
薪邪谢懈胁泻邪	0.000283	0.040822	0.000012
薪邪锌懈褌芯泻	0.001981	0.040822	0.000081
薪邪锌芯屑懈薪邪褌褜	0.000283	2.120264	0.000600
薪邪褋褌芯泄泻邪	0.000283	0.040822	0.000012
薪邪褋褌芯褟褖懈泄	0.000283	1.108663	0.000314
薪邪褋褌褉芯械薪懈械	0.000283	0.116534	0.000033
薪邪褋褌褍锌邪褌褜	0.000283	3.506558	0.000993
薪邪褑懈芯薪邪谢褜薪褘泄	0.000283	0.116534	0.000033
薪邪褔懈薪泻邪	0.001415	0.040822	0.000058
薪邪褕	0.001132	0.040822	0.000046
薪械斜芯	0.000283	2.407946	0.000682
薪械胁懈写懈屑褘泄	0.000566	3.506558	0.001985
薪械写械谢褟	0.002830	0.051293	0.000145
薪械卸懈褉薪褘泄	0.000283	3.912023	0.001107
薪械卸薪芯褋褌褜	0.000283	2.813411	0.000796
薪械卸薪褘泄	0.001981	0.094311	0.000187
薪械泻芯褌芯褉褘泄	0.000283	1.897120	0.000537
薪械屑械褑泻懈泄	0.000283	0.116534	0.000033
薪械屑芯泄	0.000283	1.203973	0.000341
薪械薪邪褋褌褜械	0.000283	4.605170	0.001303
薪械芯斜褘褔薪褘泄	0.000566	0.916291	0.000519
薪械芯写薪芯泻褉邪褌薪芯	0.000283	3.218876	0.000911
薪械芯卸懈写邪薪薪褘泄	0.000283	0.116534	0.000033
薪械芯褏芯褌邪	0.000283	4.605170	0.001303
薪械褋谢邪写泻懈泄	0.000283	0.116534	0.000033
薪懈薪邪	0.000283	1.078810	0.000305
薪懈褔械谐芯	0.000283	0.941609	0.000267
薪芯胁芯谐芯写薪懈泄	0.006227	0.040822	0.000254
薪芯胁芯褋褌褜	0.000283	0.061875	0.000018
薪芯胁褘泄	0.003680	0.030459	0.000112
薪芯屑械褉	0.000283	3.912023	0.001107
薪芯褉胁械卸褋泻懈泄	0.000566	0.116534	0.000066
薪褌	0.000283	2.659260	0.000753
芯斜械写	0.000849	0.105361	0.000089
芯斜械蟹褜褟薪邪	0.000283	0.116534	0.000033
芯斜谢邪泻芯	0.000283	2.995732	0.000848
芯斜褉邪蟹	0.000283	2.040221	0.000577
芯斜褉褍谐邪褌褜	0.000283	3.506558	0.000993
芯斜褖邪褌褜褋褟	0.000283	0.040822	0.000012
芯胁芯褖	0.006510	0.094311	0.000614
芯胁芯褖薪芯泄	0.002547	0.040822	0.000104
芯胁褋褟薪褘泄	0.000283	0.105361	0.000030
芯谐薪械薪薪褘泄	0.000283	0.116534	0.000033
芯谐芯薪褜	0.000283	0.094311	0.000027
芯谐褍褉械褑	0.000566	0.116534	0.000066
芯写薪芯褉芯写薪褘泄	0.000283	4.605170	0.001303
芯泻芯褉芯褔芯泻	0.000566	2.407946	0.001363
芯泻褉芯褕泻邪	0.000849	0.040822	0.000035
芯泻褌褟斜褉褜	0.000566	0.562119	0.000318
芯谢邪写褜褟	0.000849	0.040822	0.000035
芯谢械泄薪芯泄	0.001132	0.116534	0.000132
芯谢械泄薪褘泄	0.001132	0.116534	0.000132
芯谢褜谐邪	0.000283	1.386294	0.000392
芯屑谢械褌	0.000283	0.040822	0.000012
芯锌邪褉邪	0.000283	0.040822	0.000012
芯锌褉芯褋	0.000283	0.061875	0.000018
芯褉谐邪薪懈蟹邪屑	0.000283	3.506558	0.000993
芯褉械褏	0.000566	0.776529	0.000440
芯褉懈谐懈薪邪谢褜薪褘泄	0.000283	1.049822	0.000297
芯褋械薪薪懈泄	0.001132	0.051293	0.000058
芯褋械薪褜	0.002830	0.105361	0.000298
芯褋泻邪薪写邪谢懈褌褜	0.000283	3.506558	0.000993
芯褋薪芯胁薪芯泄	0.000283	3.218876	0.000911
芯褋薪芯胁薪褘泄	0.000283	0.040822	0.000012
芯褋芯斜械薪薪芯	0.000283	1.469676	0.000416
芯褋褌邪胁邪褌褜褋褟	0.000283	0.116534	0.000033
芯褋褌邪胁谢褟褌褜褋褟	0.000283	4.605170	0.001303
芯褋褌褉芯胁	0.000566	3.218876	0.001822
芯褌胁械褋褌懈	0.000283	4.605170	0.001303
芯褌胁械褌	0.000566	0.000000	0.000000
芯褌胁械褌懈褌褜	0.000283	0.051293	0.000015
芯褌泻褉褘褌褘泄	0.000849	0.105361	0.000089
芯褌屑械薪懈褌褜	0.000283	0.040822	0.000012
芯褌褘褋泻邪褌褜	0.000283	3.912023	0.001107
芯褏谢邪写懈褌褜	0.000283	0.116534	0.000033
芯褑械薪懈胁邪褌褜	0.000283	4.605170	0.001303
芯褔械褉械写薪芯泄	0.000283	1.514128	0.000429
芯褖褍褖械薪懈械	0.000283	3.912023	0.001107
锌邪泻械褌懈泻	0.000283	0.105361	0.000030
锌邪谢芯褔泻邪	0.001132	0.040822	0.000046
锌邪薪懈褉芯胁泻邪	0.002264	0.116534	0.000264
锌邪褉邪	0.000283	0.116534	0.000033
锌邪褉邪写	0.001981	0.116534	0.000231
锌邪褉芯胁邪褉泻邪	0.002547	0.105361	0.000268
锌邪褉芯谢褜	0.000283	0.020203	0.000006
锌邪褋屑褍褉薪褘泄	0.000283	4.605170	0.001303
锌邪褋褌邪	0.000849	0.040822	0.000035
锌邪褋褌褉芯屑邪	0.000283	0.040822	0.000012
锌邪褋褏邪	0.000849	0.040822	0.000035
锌邪褋褏邪谢褜薪褘泄	0.001132	0.116534	0.000132
锌邪褕褌械褌	0.000849	0.040822	0.000035
锌械泻邪褉褜	0.000283	0.127833	0.000036
锌械谢褜屑械薪褜	0.000283	0.116534	0.000033
锌械褉胁褘泄	0.001132	0.040822	0.000046
锌械褉械胁芯写	0.000283	2.813411	0.000796
锌械褉械泄褌懈	0.000283	0.040822	0.000012
锌械褉械泻褍褋	0.000566	0.116534	0.000066
锌械褉械屑械褕懈胁邪褌褜褋褟	0.000283	4.605170	0.001303
锌械褉械褑	0.000849	0.040822	0.000035
锌械褉褋懈泻	0.001132	3.506558	0.003970
锌械褉褋芯薪邪	0.000283	0.116534	0.000033
锌械褉褍邪薪褋泻懈泄	0.000283	0.116534	0.000033
锌械褋芯褔薪褘泄	0.000849	0.105361	0.000089
锌械褌械谢懈薪泻	0.000283	0.127833	0.000036
锌械褔邪褌褜	0.000283	2.302585	0.000652
锌械褔械薪懈械	0.005378	0.040822	0.000220
锌械褔褜	0.000566	0.116534	0.000066
锌械褔褢薪芯褔薪褘泄	0.000283	0.040822	0.000012
锌懈胁芯	0.000283	0.116534	0.000033
锌懈泻邪薪褌	0.000283	0.127833	0.000036
锌懈泻薪懈泻	0.001132	0.105361	0.000119
锌懈褉	0.000283	0.116534	0.000033
锌懈褉芯谐	0.005661	0.040822	0.000231
锌懈褉芯卸薪芯械	0.000566	0.040822	0.000023
锌懈褉芯卸芯泻	0.000283	0.040822	0.000012
锌懈褌邪薪懈械	0.001415	0.094311	0.000133
锌懈褑褑邪	0.000566	0.040822	0.000023
锌谢邪屑褟	0.000283	0.116534	0.000033
锌谢懈褌邪	0.001132	0.116534	0.000132
锌谢芯胁	0.000283	0.116534	0.000033
锌谢芯写	0.000283	0.116534	0.000033
锌芯斜邪谢芯胁邪褌褜	0.000283	2.120264	0.000600
锌芯胁邪褉褢薪芯泻	0.001698	0.000000	0.000000
锌芯胁懈写谢芯	0.000283	0.040822	0.000012
锌芯胁芯写	0.000283	2.407946	0.000682
锌芯写邪褉芯泻	0.000283	0.116534	0.000033
锌芯写胁械褉谐邪褌褜	0.000283	3.506558	0.000993
锌芯写械谢懈褌褜褋褟	0.000283	0.400478	0.000113
锌芯写谢懈胁	0.000283	0.116534	0.000033
锌芯写谢懈胁泻邪	0.000283	0.040822	0.000012
锌芯写薪懈屑邪褌褜	0.000283	4.605170	0.001303
锌芯写薪懈屑邪褌褜褋褟	0.000283	4.605170	0.001303
锌芯写锌懈褋邪褌褜褋褟	0.000849	0.040822	0.000035
锌芯写褏芯写褟褖懈泄	0.000283	3.506558	0.000993
锌芯械写懈薪芯泻	0.003963	0.116534	0.000462
锌芯蟹写褉邪胁懈褌褜	0.000283	0.116534	0.000033
锌芯懈褋泻	0.000283	0.051293	0.000015
锌芯懈褋泻芯胁懈泻	0.000283	4.605170	0.001303
锌芯泻褍锌邪褌褜	0.000283	1.897120	0.000537
锌芯泻褍锌薪芯泄	0.000283	3.506558	0.000993
锌芯谢写薪懈泻	0.000566	0.116534	0.000066
锌芯谢械蟹薪芯	0.000283	0.116534	0.000033
锌芯谢懈褌懈泻邪	0.000283	0.040822	0.000012
锌芯谢薪芯褋褌褜褞	0.000566	1.347074	0.000763
锌芯谢芯胁懈薪邪	0.002264	0.105361	0.000239
锌芯谢褍褎邪斜褉懈泻邪褌	0.000283	3.506558	0.000993
锌芯谢褍褔邪褌褜	0.000566	0.040822	0.000023
锌芯谢褍褔邪褌褜褋褟	0.000849	0.328504	0.000279
锌芯谢褍褔懈褌褜	0.000283	1.237874	0.000350
锌芯谢褍褔懈褌褜褋褟	0.000566	0.653926	0.000370
锌芯谢褜蟹邪	0.001415	0.116534	0.000165
锌芯谢褜褋泻懈泄	0.000283	0.116534	0.000033
锌芯屑邪写泻邪	0.000849	0.040822	0.000035
锌芯屑懈写芯褉	0.001132	0.116534	0.000132
锌芯屑懈写芯褉泻	0.000283	0.127833	0.000036
锌芯屑薪懈褌褜	0.000283	1.469676	0.000416
锌芯薪褉邪胁懈褌褜褋褟	0.000566	0.040822	0.000023
锌芯薪褔懈泻	0.000566	0.040822	0.000023
锌芯锌邪写邪薪懈械	0.000283	4.605170	0.001303
锌芯锌褉芯斜芯胁邪褌褜	0.000566	0.248461	0.000141
锌芯褉邪	0.000283	0.105361	0.000030
锌芯褉芯褕芯泻	0.000566	0.916291	0.000519
锌芯褉褌褍谐邪谢褜褋泻懈泄	0.000283	0.116534	0.000033
锌芯褋械褖邪褌褜	0.000283	0.061875	0.000018
锌芯褋褌	0.001415	0.105361	0.000149
锌芯褋褌薪褘泄	0.000849	0.040822	0.000035
锌芯褋褌芯褟薪薪芯	0.000283	0.040822	0.000012
锌芯褋褌褉芯懈褌褜	0.000283	0.105361	0.000030
锌芯褋褍写邪	0.000566	0.094311	0.000053
锌芯褌褉褟褋邪褌褜	0.000283	1.272966	0.000360
锌芯褏芯卸懈泄	0.000283	0.994252	0.000281
锌芯褔褌邪	0.000283	0.040822	0.000012
锌芯褔褌懈	0.000566	1.021651	0.000578
锌芯褕邪谐芯胁褘泄	0.000566	0.040822	0.000023
锌褉邪胁写邪	0.000283	1.139434	0.000323
锌褉邪蟹写薪懈泻	0.000566	0.105361	0.000060
锌褉邪蟹写薪懈褔薪芯	0.000283	0.116534	0.000033
锌褉邪蟹写薪懈褔薪褘泄	0.001132	0.105361	0.000119
锌褉邪泻褌懈泻褍屑	0.000283	0.116534	0.000033
锌褉械胁芯褋褏芯写薪褘泄	0.000283	0.116534	0.000033
锌褉械胁褉邪褖械薪懈械	0.000283	0.116534	0.000033
锌褉械泻褉邪褋薪褘泄	0.000283	1.386294	0.000392
锌褉械褋薪褘泄	0.000283	0.116534	0.000033
锌褉懈谐芯褌芯胁懈褌褜	0.000566	0.083382	0.000047
锌褉懈谐芯褌芯胁谢械薪懈械	0.000849	0.040822	0.000035
锌褉懈蟹	0.000283	0.040822	0.000012
锌褉懈蟹薪邪薪懈械	0.000283	0.116534	0.000033
锌褉懈锌褉邪胁邪	0.000283	0.040822	0.000012
锌褉懈褉芯写邪	0.000566	0.105361	0.000060
锌褉懈褋谢邪褌褜	0.000283	3.506558	0.000993
锌褉懈褋褌褍锌懈褌褜	0.000283	0.040822	0.000012
锌褉懈褋褍褌褋褌胁芯胁邪褌褜	0.000283	2.995732	0.000848
锌褉懈褏芯写懈褌褜	0.000283	2.813411	0.000796
锌褉芯斜芯胁邪褌褜	0.000283	0.843970	0.000239
锌褉芯胁邪褉懈褌褜	0.000283	4.605170	0.001303
锌褉芯胁械褉懈褌褜	0.001698	0.116534	0.000198
锌褉芯胁械褋褌懈	0.001132	0.116534	0.000132
锌褉芯胁芯写懈褌褜	0.000283	0.040822	0.000012
锌褉芯胁芯卸邪褌褜	0.000283	0.116534	0.000033
锌褉芯写褍泻褌	0.000283	0.072571	0.000021
锌褉芯械泻褌	0.000566	0.051293	0.000029
锌褉芯卸懈褌褜	0.000283	2.995732	0.000848
锌褉芯懈蟹胁芯写懈褌褜褋褟	0.000283	4.605170	0.001303
锌褉芯褋屑芯褌褉	0.000283	0.274437	0.000078
锌褉芯褋屑芯褌褉械褌褜	0.000283	1.714798	0.000485
锌褉芯褋褌懈褌褜	0.000283	2.995732	0.000848
锌褉芯褋褌芯	0.000849	0.083382	0.000071
锌褉芯褋褌芯泄	0.000566	0.301105	0.000170
锌褉芯褋褌芯泻胁邪褕邪	0.000283	0.040822	0.000012
锌褉芯褎懈谢褜	0.000283	0.040822	0.000012
锌褉芯褑械褋褋	0.000283	2.525729	0.000715
锌褉褟屑芯	0.000283	0.040822	0.000012
锌褉褟薪懈泻	0.000566	0.040822	0.000023
锌褉褟薪懈褔薪褘泄	0.000283	0.116534	0.000033
锌褌懈褑邪	0.005661	0.116534	0.000660
锌褍写懈薪谐	0.000849	0.040822	0.000035
锌褍薪褕	0.000283	0.040822	0.000012
锌褍褌械褕械褋褌胁懈械	0.000566	0.116534	0.000066
锌褍褌褜	0.000283	0.116534	0.000033
锌褕械薪懈褔薪褘泄	0.005661	0.287682	0.001629
锌褘褕泻邪	0.000283	0.040822	0.000012
锌褞褉械	0.001132	0.040822	0.000046
褉邪谐褍	0.000283	0.116534	0.000033
褉邪蟹胁械褉薪褍褌褜	0.000283	0.116534	0.000033
褉邪蟹写械谢褜薪褘泄	0.000283	0.116534	0.000033
褉邪蟹薪褘泄	0.000283	0.094311	0.000027
褉邪蟹褉械蟹	0.000283	3.912023	0.001107
褉邪蟹褉褘褏谢懈褌械谢褜	0.003963	1.237874	0.004905
褉邪褋褋泻邪蟹褘胁邪褌褜	0.000283	2.120264	0.000600
褉邪褋褋芯谢褜薪懈泻	0.000849	0.040822	0.000035
褉邪褋褋褘谢泻邪	0.000283	0.061875	0.000018
褉邪褋褌懈褌械谢褜薪褘泄	0.001132	0.223144	0.000253
褉邪褋褏芯褌械褌褜褋褟	0.000283	3.506558	0.000993
褉邪褎邪褝谢谢芯	0.000849	4.605170	0.003910
褉械斜褢薪芯泻	0.000283	0.094311	0.000027
褉械谐懈褋褌褉邪褑懈褟	0.000849	0.000000	0.000000
褉械泄褌懈薪谐	0.000283	0.235722	0.000067
褉械褑械锌褌	0.029437	0.040822	0.001202
褉械褕邪褌褜	0.000283	4.605170	0.001303
褉械褕懈褌褜	0.000566	0.693147	0.000392
褉懈褋	0.001415	0.040822	0.000058
褉懈褋泻	0.000283	2.302585	0.000652
褉懈褌屑	0.000283	0.116534	0.000033
褉芯谐邪谢懈泻	0.000283	0.040822	0.000012
褉芯写薪褘泄	0.000283	0.116534	0.000033
褉芯卸写械薪懈械	0.000566	0.105361	0.000060
褉芯卸写械褋褌胁芯	0.000849	0.116534	0.000099
褉芯谢谢	0.000566	0.040822	0.000023
褉芯谢谢褌芯薪	0.000283	0.116534	0.000033
褉芯屑	0.000283	0.040822	0.000012
褉芯褌	0.000283	1.427116	0.000404
褉褍斜褉懈泻邪褌芯褉	0.000283	0.051293	0.000015
褉褍谐邪褌褜褋褟	0.000283	3.218876	0.000911
褉褍谢械褌	0.003114	0.040822	0.000127
褉褍屑褘薪褋泻懈泄	0.000283	0.116534	0.000033
褉褍屑褟薪褘泄	0.000283	0.116534	0.000033
褉褍薪械褌	0.000283	0.020203	0.000006
褉褍褋褋泻懈泄	0.000283	0.105361	0.000030
褉褘斜邪	0.008208	0.040822	0.000335
褉褘斜泻邪	0.000566	2.207275	0.001250
褉褘斜薪褘泄	0.003397	0.105361	0.000358
褉褟卸械薪泻邪	0.000283	0.116534	0.000033
褋邪胁邪薪薪邪	0.000283	4.605170	0.001303
褋邪泄褌	0.001698	0.000000	0.000000
褋邪谢邪褌	0.010473	0.040822	0.000428
褋邪谢邪褌懈泻	0.000283	2.302585	0.000652
褋邪谢邪褌薪褘泄	0.000283	0.116534	0.000033
褋邪屑芯谐芯薪	0.000283	0.040822	0.000012
褋邪屑褘泄	0.001981	0.105361	0.000209
褋邪褍薪邪	0.000283	3.506558	0.000993
褋邪褎	0.000849	0.116534	0.000099
褋邪褎褋械屑邪	0.000283	0.116534	0.000033
褋邪褏邪谢懈薪	0.000849	3.912023	0.003322
褋邪褏邪谢懈薪褋泻懈泄	0.000566	4.605170	0.002607
褋邪褏邪褉	0.007925	0.105361	0.000835
褋斜懈褌械薪褜	0.000283	0.040822	0.000012
褋胁械卸械褋褌褜	0.000283	0.105361	0.000030
褋胁械泻芯谢褜薪懈泻	0.000566	0.040822	0.000023
褋胁械褌	0.001132	0.116534	0.000132
褋胁械褌邪	0.001132	0.116534	0.000132
褋胁械褌谢邪薪邪	0.000283	2.659260	0.000753
褋胁械褌谢褘泄	0.000283	3.912023	0.001107
褋胁懈薪懈薪	0.001132	0.116534	0.000132
褋胁懈薪懈薪邪	0.000283	0.040822	0.000012
褋胁芯斜芯写薪褘泄	0.000283	3.912023	0.001107
褋胁芯泄褋褌胁芯	0.000283	2.813411	0.000796
褋胁褢泻谢邪	0.000283	0.040822	0.000012
褋谐褍褋褌懈褌褜	0.002830	1.966113	0.005565
褋谐褍褖褢薪泻邪	0.000849	0.040822	0.000035
褋写械谢邪褌褜	0.000283	0.733969	0.000208
褋械蟹芯薪	0.000283	0.116534	0.000033
褋械泄褔邪褋	0.000849	0.030459	0.000026
褋械泻褉械褌	0.000566	0.116534	0.000066
褋械谢褢写泻邪	0.000283	0.040822	0.000012
褋械屑械泄薪褘泄	0.000283	0.116534	0.000033
褋械屑褜褟	0.000566	0.116534	0.000066
褋械薪褌邪	0.000283	4.605170	0.001303
褋械薪褌褟斜褉褜	0.000566	0.673345	0.000381
褋懈写褉	0.000283	0.040822	0.000012
褋懈褉懈泄褋泻懈泄	0.000283	0.116534	0.000033
褋懈褉芯锌	0.000566	0.040822	0.000023
褋懈褋褌械屑邪	0.000283	0.040822	0.000012
褋懈褌懈	0.000283	0.127833	0.000036
褋泻邪蟹邪褌褜	0.000849	0.400478	0.000340
褋泻邪蟹泻邪	0.000566	0.116534	0.000066
褋泻邪蟹芯褔薪褘泄	0.000283	4.605170	0.001303
褋泻芯胁芯褉芯写邪	0.000283	1.386294	0.000392
褋泻芯褉械械	0.000283	2.525729	0.000715
褋谢邪写泻懈泄	0.006227	0.040822	0.000254
褋谢邪写泻芯	0.000283	0.116534	0.000033
褋谢邪写泻芯械	0.000283	2.040221	0.000577
褋谢械写褍褞褖懈泄	0.000283	1.386294	0.000392
褋谢懈胁泻邪	0.001698	1.049822	0.001783
褋谢懈胁芯褔薪褘泄	0.006227	0.105361	0.000656
褋谢芯泄泻邪	0.000566	0.040822	0.000023
褋谢芯褢薪褘泄	0.000849	0.116534	0.000099
褋屑械褌邪薪邪	0.001415	0.105361	0.000149
褋屑械褌邪薪薪褘泄	0.000566	2.813411	0.001593
褋屑械褕邪薪薪褘泄	0.000283	0.116534	0.000033
褋屑芯褔褜	0.000283	0.040822	0.000012
褋屑褍蟹懈	0.000849	0.040822	0.000035
褋薪邪褉褍卸懈	0.000283	2.525729	0.000715
褋薪邪褔邪谢邪	0.000283	2.120264	0.000600
褋薪褝泻	0.000283	0.116534	0.000033
褋芯斜懈褉邪褌褜	0.000283	2.659260	0.000753
褋芯斜懈褉邪褌褜褋褟	0.000283	0.040822	0.000012
褋芯胁械褉褕械薪褋褌胁芯	0.001415	0.116534	0.000165
褋芯胁械褋褌褜	0.000283	2.813411	0.000796
褋芯胁械褌	0.000283	0.040822	0.000012
褋芯谐谢邪褕邪褌褜褋褟	0.000283	0.040822	0.000012
褋芯写邪	0.000566	0.941609	0.000533
褋芯蟹写邪胁邪褌褜	0.000283	0.105361	0.000030
褋芯蟹写邪薪懈械	0.000566	0.261365	0.000148
褋芯泻	0.000849	0.040822	0.000035
褋芯谢械薪懈械	0.000566	0.116534	0.000066
褋芯谢薪械褔薪褘泄	0.000283	0.116534	0.000033
褋芯谢褜	0.002830	0.127833	0.000362
褋芯谢褟薪泻邪	0.000566	0.040822	0.000023
褋芯谢褢薪褘泄	0.001132	0.116534	0.000132
褋芯芯褌胁械褌褋褌胁芯胁邪褌褜	0.000566	2.120264	0.001200
褋芯褉褌懈褉芯胁邪褌褜	0.000283	0.248461	0.000070
褋芯褋褌邪胁懈褌褜	0.000566	0.116534	0.000066
褋芯褋褌邪胁谢褟褌褜	0.000283	2.525729	0.000715
褋芯褋褌芯褟薪懈械	0.000283	3.912023	0.001107
褋芯褍褋	0.004812	0.040822	0.000196
褋芯褏褉邪薪褟褌褜	0.000283	0.040822	0.000012
褋芯褑褋械褌褜	0.000283	0.040822	0.000012
褋芯褔械褌邪薪懈械	0.000566	0.105361	0.000060
褋芯褔薪褘泄	0.000283	0.116534	0.000033
褋锌邪谢褜薪褟	0.000566	0.415515	0.000235
褋锌邪褋懈斜芯	0.000566	0.673345	0.000381
褋锌械褌褜	0.000283	0.116534	0.000033
褋锌械褑懈邪谢褜薪褘泄	0.000283	0.094311	0.000027
褋锌械褑懈褟	0.000283	0.094311	0.000027
褋锌械褑锌褉芯械泻褌	0.009341	0.116534	0.001088
褋锌懈褋芯泻	0.000283	0.116534	0.000033
褋锌芯褉懈褌褜	0.000283	3.506558	0.000993
褋锌褉芯褋懈褌褜	0.000283	2.525729	0.000715
褋褉械写懈蟹械屑薪芯屑芯褉褋泻懈泄	0.000283	0.127833	0.000036
褋褌邪卸	0.000283	3.912023	0.001107
褋褌邪褉芯械	0.000283	3.912023	0.001107
褋褌邪褉褘泄	0.000283	0.261365	0.000074
褋褌邪褌褜	0.000283	1.049822	0.000297
褋褌邪褌褜褟	0.000283	0.061875	0.000018
褋褌懈谢褜	0.000566	0.116534	0.000066
褋褌芯懈褌褜	0.000283	1.714798	0.000485
褋褌芯谢	0.002547	0.105361	0.000268
褋褌芯锌褉芯褑械薪褌薪褘泄	0.000283	4.605170	0.001303
褋褌褉邪薪懈褑邪	0.000283	2.525729	0.000715
褋褌褉芯懈褌械谢褜褋褌胁芯	0.000566	0.040822	0.000023
褋褌褉芯懈褌褜	0.000283	0.040822	0.000012
褋褌褉芯泄薪褘泄	0.000283	0.116534	0.000033
褋褌褉褍卸泻邪	0.001698	2.813411	0.004778
褋褍斜锌褉芯写褍泻褌	0.002830	0.116534	0.000330
褋褍锌	0.005378	0.040822	0.000220
褋褍锌械褉斜邪斜褍褕泻邪	0.000283	1.237874	0.000350
褋褍褎谢械	0.000849	0.040822	0.000035
褋褍褏邪褉褜	0.000283	0.040822	0.000012
褋褍褕懈褌褜	0.000566	0.040822	0.000023
褋褔邪褋褌懈械	0.000283	2.120264	0.000600
褋褔懈褌邪褌褜	0.000283	1.347074	0.000381
褋褗械褋褌褜	0.000283	1.469676	0.000416
褋褘褉	0.003963	0.040822	0.000162
褋褘褉薪懈泻	0.000849	0.040822	0.000035
褋褘褉薪褘泄	0.001132	0.040822	0.000046
褋褘褌薪褘泄	0.000849	0.105361	0.000089
褋褘褔褍卸薪褘泄	0.000283	0.127833	0.000036
褋褝薪写胁懈褔	0.000283	0.127833	0.000036
褋褞写邪	0.000283	2.995732	0.000848
褋褞褉锌褉懈蟹	0.000283	0.116534	0.000033
褋褢屑谐邪	0.000283	0.040822	0.000012
褌邪写卸懈泻褋泻懈泄	0.000283	0.116534	0.000033
褌邪懈褌褜	0.000283	4.605170	0.001303
褌邪泄褋泻懈泄	0.000283	0.116534	0.000033
褌邪褉褌	0.000566	0.116534	0.000066
褌邪褉褌邪谢械褌泻邪	0.000566	0.040822	0.000023
褌邪褌邪褉褋泻懈泄	0.000283	0.116534	0.000033
褌胁芯泄	0.000566	0.116534	0.000066
褌胁芯褉懈褌褜	0.000283	0.116534	0.000033
褌胁芯褉芯谐	0.001698	0.040822	0.000069
褌胁芯褉芯卸薪褘泄	0.002547	0.094311	0.000240
褌械谢械谐褉邪屑	0.000283	0.040822	0.000012
褌械谢褟褌懈薪邪	0.001132	0.116534	0.000132
褌械屑	0.000283	0.967584	0.000274
褌械屑邪	0.000283	2.659260	0.000753
褌械锌械褉褜	0.000283	0.916291	0.000259
褌械锌谢芯	0.000283	0.116534	0.000033
褌械褉褉邪褋邪	0.000283	0.776529	0.000220
褌械褉褉懈薪邪	0.000283	0.040822	0.000012
褌械褋褌	0.008491	0.105361	0.000895
褌械褋褌芯	0.003963	0.040822	0.000162
褌械褏薪懈泻邪	0.001415	0.105361	0.000149
褌屑	0.001132	0.127833	0.000145
褌芯锌谢褢薪褘泄	0.000283	0.116534	0.000033
褌芯褉褌	0.010190	0.040822	0.000416
褌芯褉褌懈泻	0.000849	1.897120	0.001611
褌芯褔懈褌褜	0.000566	4.605170	0.002607
褌褉邪胁邪	0.000283	0.094311	0.000027
褌褉邪写懈褑懈芯薪薪褘泄	0.000283	1.427116	0.000404
褌褉邪写懈褑懈褟	0.001698	0.116534	0.000198
褌褉褍斜芯褔泻邪	0.000283	0.040822	0.000012
褌褉褢褏谢械褌懈械	0.000283	0.116534	0.000033
褌褍薪械褑	0.000283	0.105361	0.000030
褌褍薪懈褋褋泻懈泄	0.000283	0.116534	0.000033
褌褍褉械褑泻懈泄	0.000283	0.116534	0.000033
褌褘泻胁邪	0.000283	0.040822	0.000012
褌褟薪褍褌褜褋褟	0.000283	3.912023	0.001107
褌褢屑薪褘泄	0.001132	2.040221	0.002310
褌褢锌谢褘泄	0.000283	2.302585	0.000652
褌褢褖懈薪	0.000283	0.040822	0.000012
褍胁械写芯屑谢械薪懈械	0.000283	0.040822	0.000012
褍胁械褉懈褌褜	0.000283	1.272966	0.000360
褍谐芯褋褌懈褌褜	0.000283	1.660731	0.000470
褍写邪褔薪褘泄	0.000283	0.116534	0.000033
褍写懈胁懈褌械谢褜薪芯	0.000283	3.218876	0.000911
褍写懈胁懈褌褜	0.000566	0.116534	0.000066
褍写懈胁谢褟褌褜	0.001132	0.116534	0.000132
褍写芯胁芯谢褜褋褌胁懈械	0.000283	0.116534	0.000033
褍卸	0.000283	0.693147	0.000196
褍卸懈薪	0.001698	0.094311	0.000160
褍蟹斜械泻褋泻懈泄	0.000283	0.116534	0.000033
褍泻褉邪懈薪褋泻懈泄	0.000283	0.116534	0.000033
褍泻褉邪褕械薪懈械	0.002547	0.116534	0.000297
褍泻褋褍褋	0.000566	0.562119	0.000318
褍锌芯褌褉械斜谢械薪懈械	0.000283	0.116534	0.000033
褍锌褉褍谐懈泄	0.000283	3.912023	0.001107
褍褉邪谢褜褋泻懈泄	0.000283	0.116534	0.000033
褍褉芯卸邪泄	0.000283	0.105361	0.000030
褍褌泻邪	0.000849	0.116534	0.000099
褍褏芯	0.000283	0.040822	0.000012
褍褏芯写懈褌褜	0.000283	2.120264	0.000600
褍褔邪褋褌胁芯胁邪褌褜	0.000283	0.040822	0.000012
褎邪蟹械薪写邪	0.000283	0.116534	0.000033
褎邪薪褌邪蟹懈褟	0.002264	0.116534	0.000264
褎邪薪褌邪褋褌懈褔械褋泻懈泄	0.000283	3.912023	0.001107
褎邪褉褕	0.003680	0.040822	0.000150
褎邪褉褕懈褉芯胁邪薪薪褘泄	0.001698	0.040822	0.000069
褎邪褋芯谢褜	0.000283	0.040822	0.000012
褎械胁褉邪谢褜	0.000566	0.094311	0.000053
褎械泄械褉胁械褉泻	0.000566	0.116534	0.000066
褎械褉褉械褉芯	0.000283	4.605170	0.001303
褎懈谐褍褉邪	0.000283	0.116534	0.000033
褎懈薪褋泻懈泄	0.000283	0.116534	0.000033
褎懈褉屑械薪薪褘泄	0.000849	0.116534	0.000099
褎芯薪写褞	0.000283	0.040822	0.000012
褎芯褉屑邪	0.000283	0.105361	0.000030
褎芯褉褍屑	0.000849	0.040822	0.000035
褎芯褉褕屑邪泻	0.000283	0.040822	0.000012
褎褉邪谐屑械薪褌	0.000283	4.605170	0.001303
褎褉邪薪褑懈褟	0.000283	0.116534	0.000033
褎褉邪薪褑褍蟹褋泻懈泄	0.000283	0.094311	0.000027
褎褉邪褍	0.001132	0.116534	0.000132
褎褉褍泻褌	0.001132	0.116534	0.000132
褎褉褍泻褌芯胁褘泄	0.002264	0.040822	0.000092
褎褍写	0.000283	0.116534	0.000033
褎褍褉褕械褌	0.000283	0.116534	0.000033
褏邪谢胁邪	0.000283	0.040822	0.000012
褏邪褉胁械褋褌褎械褋褌	0.000566	0.116534	0.000066
褏邪褉褔芯	0.000566	0.040822	0.000023
褏邪褕	0.000283	0.040822	0.000012
褏胁芯褉芯褋褌	0.000283	0.040822	0.000012
褏懈薪泻邪谢懈	0.000283	0.116534	0.000033
褏懈褌	0.001981	0.116534	0.000231
褏谢械斜	0.000849	0.040822	0.000035
褏谢械斜芯泻芯屑斜懈薪邪褌	0.000283	4.605170	0.001303
褏谢械斜芯锌械褔泻邪	0.000283	0.116534	0.000033
褏谢芯锌褜褟	0.000566	0.094311	0.000053
褏芯蟹褟泄泻邪	0.000283	0.116534	0.000033
褏芯谢芯写械褑	0.000283	0.040822	0.000012
褏芯谢芯写薪芯械	0.000566	0.116534	0.000066
褏芯谢芯写薪褘泄	0.000566	0.116534	0.000066
褏芯褉胁邪褌褋泻懈泄	0.000283	0.116534	0.000033
褏芯褉芯褕懈泄	0.002264	0.040822	0.000092
褏芯褉芯褕芯	0.001698	0.105361	0.000179
褏芯褉褋	0.000283	0.116534	0.000033
褏芯褌械褌褜	0.000283	0.000000	0.000000
褏芯褌械褌褜褋褟	0.000283	1.237874	0.000350
褏褉邪薪懈褌褜褋褟	0.000283	2.207275	0.000625
褏褉褍褋褌械褌褜	0.000849	0.713350	0.000606
褏褍屑褍褋邪	0.000283	0.040822	0.000012
褑邪褉褋褌胁芯	0.000283	0.127833	0.000036
褑邪褉褜	0.000283	0.116534	0.000033
褑胁械褌邪	0.000283	2.407946	0.000682
褑胁械褌薪芯泄	0.000283	0.040822	0.000012
褑械写褉邪	0.001132	1.832581	0.002075
褑械薪懈褌械谢褜	0.000283	3.912023	0.001107
褑械薪薪褘泄	0.000283	0.040822	0.000012
褑械薪褌褉	0.000283	0.116534	0.000033
褔邪械屑褘泄	0.000283	0.116534	0.000033
褔邪泄	0.000849	0.040822	0.000035
褔邪褋褌芯	0.000283	0.994252	0.000281
褔械斜褍褉械泻	0.000566	0.040822	0.000023
褔械屑	0.000283	0.994252	0.000281
褔械褉泻懈蟹芯胁褘泄	0.000566	0.116534	0.000066
褔械褋薪芯泻	0.000566	0.314711	0.000178
褔械褋褌薪芯	0.000283	1.203973	0.000341
褔械褋褌薪芯泄	0.000283	0.040822	0.000012
褔械褔械胁懈褑邪	0.000283	0.040822	0.000012
褔械褕褋泻懈泄	0.000283	0.116534	0.000033
褔懈蟹泻械泄泻	0.002264	0.040822	0.000092
褔懈谢懈泄褋泻懈泄	0.000283	0.116534	0.000033
褔懈锌褋褘	0.000283	0.040822	0.000012
褔懈褋谢芯	0.000283	0.235722	0.000067
褔懈褋褌褘泄	0.000566	2.302585	0.001303
褔懈褌邪褌褜	0.000283	1.832581	0.000519
褔褍写芯	0.000283	0.116534	0.000033
褕邪褉懈泻	0.000283	0.040822	0.000012
褕邪褉谢芯褌泻邪	0.000566	0.040822	0.000023
褕邪褉屑	0.000283	0.116534	0.000033
褕邪褕谢褘泻	0.003680	0.040822	0.000150
褕胁械写褋泻懈泄	0.000283	0.116534	0.000033
褕胁械泄褑邪褉褋泻懈泄	0.000283	0.116534	0.000033
褕械写械胁褉	0.000283	0.116534	0.000033
褕械褎	0.000283	0.127833	0.000036
褕懈锌褍褔泻邪	0.000283	0.040822	0.000012
褕懈褉芯泻懈泄	0.000283	0.127833	0.000036
褕泻芯谢邪	0.000283	0.116534	0.000033
褕芯泻芯谢邪写	0.001981	0.040822	0.000081
褕芯泻芯谢邪写薪褘泄	0.000283	1.427116	0.000404
褕芯褌谢邪薪写褋泻懈泄	0.000283	0.116534	0.000033
褕褌褉褍写械谢褜	0.000283	0.040822	0.000012
褕褌褍褔泻邪	0.000283	2.040221	0.000577
褕褍褉锌邪	0.000283	0.040822	0.000012
褖械写褉褘泄	0.000283	0.116534	0.000033
褖懈	0.000566	0.040822	0.000023
褝泻芯屑懈谢泻	0.000283	0.127833	0.000036
褝泻褋锌褉械褋褋	0.000283	3.912023	0.001107
褝谢械屑械薪褌邪褉薪芯	0.000283	3.506558	0.000993
褝屑懈谢懈芯薪	0.000283	4.605170	0.001303
褝褋褌芯薪褋泻懈泄	0.000283	0.116534	0.000033
褞谐芯褋谢邪胁褋泻懈泄	0.000283	0.116534	0.000033
褞谢懈褟	0.000283	2.120264	0.000600
褞谢褜泻懈薪	0.000283	4.605170	0.001303
褟斜谢芯泻芯	0.001132	1.237874	0.001401
褟斜谢芯褔薪褘泄	0.000849	1.714798	0.001456
褟谐芯写薪褘泄	0.001132	0.105361	0.000119
褟蟹褘泻	0.000283	0.040822	0.000012
褟懈褔薪褘泄	0.003397	0.941609	0.003198
褟泄褑芯	0.006227	0.040822	0.000254
褟薪胁邪褉褜	0.001132	0.733969	0.000831
褟薪写械泻褋	0.000283	0.072571	0.000021
褟锌芯薪褋泻懈泄	0.000566	0.051293	0.000029
褟褉泻懈泄	0.000283	0.116534	0.000033
褟褉泻芯	0.000283	0.105361	0.000030
