谢械屑屑邪	TF	IDF	TF-IDF
邪邪邪邪邪邪邪邪邪邪	0.000276	4.605170	0.001271
邪斜褏邪蟹褋泻懈泄	0.000276	0.116534	0.000032
邪胁褋褌褉邪谢懈泄褋泻懈泄	0.000276	0.116534	0.000032
邪胁褋褌褉懈泄褋泻懈泄	0.000276	0.116534	0.000032
邪胁褌芯泻谢邪胁	0.000276	0.116534	0.000032
邪胁褌芯褉	0.000552	0.040822	0.000023
邪谐褉芯	0.000276	0.116534	0.000032
邪写邪锌褌懈褉芯胁邪褌褜	0.000276	2.659260	0.000734
邪写卸懈泻邪	0.000276	0.040822	0.000011
邪蟹	0.000276	0.127833	0.000035
邪蟹械褉斜邪泄写卸邪薪褋泻懈泄	0.000276	0.116534	0.000032
邪蟹懈邪褌褋泻懈泄	0.000276	0.127833	0.000035
邪泄褉邪薪	0.000276	0.040822	0.000011
邪泻胁邪褌懈泻	0.000828	0.127833	0.000106
邪谢械泻褋械泄	0.000276	0.127833	0.000035
邪谢泻芯谐芯谢褜	0.000828	0.116534	0.000096
邪谢泻芯谐芯谢褜薪褘泄	0.000276	0.116534	0.000032
邪谢褜褟薪褋	0.000276	0.116534	0.000032
邪屑械褉懈泻邪	0.000276	2.207275	0.000609
邪屑械褉懈泻邪薪褋泻	0.000276	2.995732	0.000827
邪屑械褉懈泻邪薪褋泻懈泄	0.000552	0.116534	0.000064
邪薪邪谢芯谐	0.000276	2.995732	0.000827
邪薪谐谢懈泄褋泻懈泄	0.000276	0.116534	0.000032
邪薪谐谢懈褟	0.000276	4.605170	0.001271
邪薪写褉械泄	0.000276	0.127833	0.000035
邪薪褟	0.000276	3.912023	0.001080
邪锌械谢褜褋懈薪	0.000552	2.813411	0.001553
邪锌褉械谢褜	0.000828	0.544727	0.000451
邪褉邪斜褋泻懈泄	0.000276	0.116534	0.000032
邪褉谐械薪褌懈薪褋泻懈泄	0.000276	0.116534	0.000032
邪褉屑褟薪褋泻懈泄	0.000276	0.116534	0.000032
邪褉芯屑邪褌	0.000276	0.820981	0.000227
邪褉芯屑邪褌薪褘泄	0.001380	0.693147	0.000957
邪褋褋芯褉褌懈	0.000552	0.116534	0.000064
邪褌谢邪薪褌	0.000276	0.116534	0.000032
邪褎谐邪薪褋泻懈泄	0.000276	0.116534	0.000032
邪褎褉懈泻邪薪褋泻懈泄	0.000276	0.116534	0.000032
邪褝褉芯谐褉懈谢褜	0.002760	0.116534	0.000322
斜邪斜褍褕泻邪	0.000276	2.207275	0.000609
斜邪泻谢邪卸邪薪	0.000276	0.040822	0.000011
斜邪谢褌泻芯屑邪	0.000276	0.127833	0.000035
斜邪褉邪薪懈薪邪	0.001104	0.116534	0.000129
斜邪褉斜械泻褞	0.000552	3.218876	0.001777
斜邪褉薪褏邪褍褋	0.000276	3.218876	0.000888
斜邪褋屑邪褌懈	0.000552	0.127833	0.000071
斜邪褋褌褍褉屑	0.000276	0.040822	0.000011
斜邪褋褌褍褉屑邪	0.000276	0.040822	0.000011
斜邪褌芯薪褔懈泻	0.000276	0.127833	0.000035
斜邪褕泻懈褉褋泻懈泄	0.000276	0.116534	0.000032
斜械卸械薪械褑	0.000276	4.605170	0.001271
斜械蟹邪谢泻芯谐芯谢褜薪褘泄	0.000276	0.116534	0.000032
斜械蟹谐谢褞褌械薪芯胁芯械	0.000276	0.116534	0.000032
斜械蟹械	0.001104	0.040822	0.000045
斜械蟹褍屑薪芯	0.000276	1.560648	0.000431
斜械谢械斜械械胁褋泻懈泄	0.000552	0.116534	0.000064
斜械谢芯泻	0.001104	2.040221	0.002253
斜械谢芯褉褍褋褋泻懈泄	0.000276	0.116534	0.000032
斜械谢褜谐懈泄褋泻懈泄	0.000276	0.116534	0.000032
斜械褉械屑械薪薪邪褟	0.000276	0.116534	0.000032
斜械褉谢懈薪	0.000552	3.912023	0.002160
斜械褉谢懈薪褋泻懈泄	0.000276	3.912023	0.001080
斜械褋械写懈薪	0.000276	0.127833	0.000035
斜懈褋泻胁懈褌	0.000552	0.040822	0.000023
斜懈褋泻胁懈褌薪褘泄	0.000828	0.105361	0.000087
斜谢懈蟹泻懈泄	0.000828	0.116534	0.000096
斜谢懈薪	0.001656	0.040822	0.000068
斜谢褞写芯	0.028982	0.040822	0.001183
斜芯斜芯胁褘泄	0.002208	0.116534	0.000257
斜芯泄褔褍泻	0.000276	4.605170	0.001271
斜芯谢谐邪褉褋泻懈泄	0.000276	0.116534	0.000032
斜芯谢褜褕芯泄	0.001104	0.094311	0.000104
斜芯褉褖	0.000552	0.040822	0.000023
斜芯褌胁懈薪褜褟	0.000276	0.040822	0.000011
斜褉邪蟹懈谢褜褋泻懈泄	0.000276	0.116534	0.000032
斜褉邪褍蟹械褉	0.000276	0.040822	0.000011
斜褉邪褍薪懈	0.000276	0.040822	0.000011
斜褉械褋褌	0.000276	0.127833	0.000035
斜褉芯泻泻芯谢懈	0.000276	0.040822	0.000011
斜褍卸械薪懈薪邪	0.000276	0.040822	0.000011
斜褍谢芯褔泻邪	0.002760	0.040822	0.000113
斜褍谢褜芯薪	0.003036	0.040822	0.000124
斜褍褉谐械褉	0.000552	0.040822	0.000023
斜褍褉褟褌褋泻懈泄	0.000276	0.116534	0.000032
斜褍褌械褉斜褉芯写	0.001104	0.040822	0.000045
斜褘褋褌褉芯	0.000828	0.094311	0.000078
斜褘褋褌褉褘泄	0.001380	0.094311	0.000130
斜褝蟹	0.000276	4.605170	0.001271
胁邪卸薪褘泄	0.000276	0.116534	0.000032
胁邪谢谢懈泄褋泻懈泄	0.000276	0.116534	0.000032
胁邪薪懈谢褜薪褘泄	0.002208	1.347074	0.002974
胁邪褉械薪懈械	0.001104	0.040822	0.000045
胁邪褉械薪懈泻	0.000276	0.116534	0.000032
胁邪褉懈邪薪褌	0.000276	0.356675	0.000098
胁邪褋懈谢褜械胁	0.000276	4.605170	0.001271
胁邪褌褉褍褕泻邪	0.000276	0.040822	0.000011
胁邪褎谢褟	0.000552	0.040822	0.000023
胁邪褕	0.001104	0.000000	0.000000
胁胁芯写懈褌褜	0.000276	0.040822	0.000011
胁写芯褏薪芯胁械薪懈械	0.001656	0.116534	0.000193
胁写芯褏薪芯胁谢褟褌褜褋褟	0.000276	0.116534	0.000032
胁械谐械褌邪褉懈邪薪褋泻懈泄	0.000552	0.116534	0.000064
胁械谢懈泻懈泄	0.000276	0.116534	0.000032
胁械薪谐械褉褋泻懈泄	0.000276	0.116534	0.000032
胁械褋械薪薪懈泄	0.000276	0.051293	0.000014
胁械褋薪邪	0.001656	0.116534	0.000193
胁械褌褔懈薪邪	0.000276	0.094311	0.000026
胁懈写械芯	0.000552	0.116534	0.000064
胁懈写械芯褉械褑械锌褌	0.000276	0.301105	0.000083
胁懈薪芯	0.000552	0.040822	0.000023
胁懈褌邪褌褜	0.000276	3.506558	0.000968
胁泻谢褞褔邪褌褜	0.000276	0.634878	0.000175
胁泻褍褋	0.003864	0.105361	0.000407
胁泻褍褋薪芯	0.001656	0.094311	0.000156
胁泻褍褋薪褘泄	0.005796	0.061875	0.000359
胁谢褞斜懈褌褜	0.000276	0.116534	0.000032
胁屑械褋褌械	0.000276	0.916291	0.000253
胁薪邪褔邪谢械	0.001104	0.248461	0.000274
胁薪懈屑邪薪懈械	0.000552	1.237874	0.000683
胁薪褍褌褉懈	0.000276	1.469676	0.000406
胁芯写邪	0.000276	0.094311	0.000026
胁芯写泻邪	0.000552	2.302585	0.001271
胁芯泄褌懈	0.000276	0.000000	0.000000
胁芯谢薪芯胁邪褌褜	0.000276	2.407946	0.000665
胁芯谢芯胁邪薪	0.000276	0.116534	0.000032
胁芯谢褕械斜薪褘泄	0.000276	0.116534	0.000032
胁芯谢褕械斜褋褌胁芯	0.000276	0.116534	0.000032
胁芯锌褉芯褋	0.000276	0.000000	0.000000
胁芯褋褌芯褉谐	0.000276	1.309333	0.000361
胁芯褋褌芯褔薪褘泄	0.000276	0.127833	0.000035
胁褉邪褌褜	0.000276	2.407946	0.000665
胁褉械屑褟	0.002208	0.105361	0.000233
胁褋械谐写邪	0.000552	0.653926	0.000361
胁褋锌芯屑薪懈褌褜	0.000276	0.040822	0.000011
胁褋褌邪胁懈褌褜	0.000276	4.605170	0.001271
胁褋褟泻懈泄	0.000276	2.120264	0.000585
胁褌芯褉芯械	0.000276	0.116534	0.000032
胁褌芯褉芯泄	0.000276	0.116534	0.000032
胁褏芯写	0.000828	0.030459	0.000025
胁褘斜褉邪褌褜	0.000276	3.506558	0.000968
胁褘泄褌懈	0.000276	0.040822	0.000011
胁褘谢芯卸懈褌褜	0.000276	1.832581	0.000506
胁褘锌械泻邪褌褜	0.000276	2.995732	0.000827
胁褘锌械褔泻邪	0.007176	0.040822	0.000293
胁褘褋褌褉邪懈胁邪褌褜褋褟	0.000276	2.302585	0.000636
胁褜械褌薪邪屑褋泻懈泄	0.000276	0.116534	0.000032
谐邪胁邪泄褋泻懈泄	0.000276	0.116534	0.000032
谐邪蟹械褌邪	0.000276	2.207275	0.000609
谐邪褉薪懈褉	0.001380	0.040822	0.000056
谐邪褋锌邪褔芯	0.000276	0.040822	0.000011
谐胁芯蟹写懈泻	0.001104	2.302585	0.002542
谐械芯谐褉邪褎懈褟	0.000276	0.116534	0.000032
谐械褉屑邪薪懈褟	0.000552	3.506558	0.001936
谐谢邪胁薪芯械	0.000828	1.139434	0.000944
谐谢邪胁薪褘泄	0.000276	0.040822	0.000011
谐谢邪蟹褍褉褜	0.001380	0.040822	0.000056
谐谢懈薪褌胁械泄薪	0.000276	0.040822	0.000011
谐芯胁芯褉懈褌褜	0.000828	1.272966	0.001054
谐芯胁褟写懈薪邪	0.001104	0.116534	0.000129
谐芯写	0.008280	0.083382	0.000690
谐芯谢谢邪薪写褋泻懈泄	0.000276	0.116534	0.000032
谐芯褉邪蟹写芯	0.000276	2.040221	0.000563
谐芯褉芯写	0.000276	0.116534	0.000032
谐芯褉芯褏	0.000276	0.116534	0.000032
谐芯褉褔懈褑邪	0.001380	0.040822	0.000056
谐芯褉褕芯褔械泻	0.000552	0.040822	0.000023
谐芯褉褟褔械械	0.000552	0.116534	0.000064
谐芯褉褟褔懈泄	0.011869	0.105361	0.001250
谐芯褋褌褜	0.000276	0.116534	0.000032
谐芯褌芯胁懈褌褜	0.005520	0.083382	0.000460
谐芯褌芯胁懈褌褜褋褟	0.000828	0.371064	0.000307
谐褉械薪泻邪	0.000552	0.040822	0.000023
谐褉械褔械褋泻懈泄	0.000276	0.116534	0.000032
谐褉械褔泻邪	0.000276	0.040822	0.000011
谐褉懈斜	0.002760	0.040822	0.000113
谐褉懈斜薪芯泄	0.000552	0.040822	0.000023
谐褉懈谢褜	0.003036	0.105361	0.000320
谐褉懈谢褜屑邪薪懈褟	0.000276	0.116534	0.000032
谐褉芯谐	0.000276	0.040822	0.000011
谐褉芯屑泻懈泄	0.000276	3.912023	0.001080
谐褉褍蟹懈薪褋泻懈泄	0.000276	0.116534	0.000032
谐褉褍锌锌邪	0.000552	0.061875	0.000034
谐褍褉屑	0.000276	0.127833	0.000035
谐褍褉屑邪薪懈褟	0.001656	0.116534	0.000193
谐褍褋褜	0.000552	0.105361	0.000058
写邪胁邪褌褜	0.000276	0.040822	0.000011
写邪胁薪芯	0.000276	0.967584	0.000267
写邪薪薪褘械	0.000276	0.040822	0.000011
写邪褉	0.000276	0.116534	0.000032
写邪褌邪	0.000552	0.248461	0.000137
写邪褌褋泻懈泄	0.000276	0.116534	0.000032
写邪褌褜	0.000552	0.040822	0.000023
写邪褔薪褘泄	0.000828	0.116534	0.000096
写胁械褉褜	0.000276	2.302585	0.000636
写械胁芯褔泻邪	0.000276	1.171183	0.000323
写械泻邪斜褉褜	0.000276	0.597837	0.000165
写械泻芯褉	0.000276	0.127833	0.000035
写械谢邪褌褜	0.000552	0.083382	0.000046
写械谢邪褌褜褋褟	0.000276	1.203973	0.000332
写械谢懈褌褜褋褟	0.000276	0.040822	0.000011
写械谢芯	0.000552	0.105361	0.000058
写械薪褜	0.002484	0.040822	0.000101
写械褉卸邪褌褜褋褟	0.000276	2.302585	0.000636
写械褋械褉褌	0.006072	0.040822	0.000248
写械褋械褉褌邪褑懈褟	0.000276	0.116534	0.000032
写械褋械褉褌薪褘泄	0.000276	0.116534	0.000032
写卸械屑	0.000828	0.040822	0.000034
写卸械屑邪	0.000828	0.040822	0.000034
写蟹械薪	0.000276	0.116534	0.000032
写懈械褌邪	0.000552	0.094311	0.000052
写懈泻懈泄	0.000828	0.116534	0.000096
写懈锌	0.000276	0.116534	0.000032
写懈褔褜	0.000828	0.116534	0.000096
写薪械胁薪懈泻	0.000276	0.061875	0.000017
写芯斜邪胁懈褌褜	0.000552	0.083382	0.000046
写芯斜邪胁谢械薪懈械	0.000276	0.223144	0.000062
写芯斜邪胁谢褟褌褜	0.000276	0.040822	0.000011
写芯斜褉芯褎谢芯褌	0.000276	0.127833	0.000035
写芯胁械褉褟褌褜	0.000276	0.116534	0.000032
写芯谢谐芯	0.000276	1.514128	0.000418
写芯屑	0.002208	0.040822	0.000090
写芯屑邪褕薪懈泄	0.003312	0.040822	0.000135
写芯屑芯泄	0.000276	2.525729	0.000697
写芯屑芯褏芯蟹褟泄泻邪	0.000276	2.302585	0.000636
写芯褉芯谐芯泄	0.000276	1.139434	0.000315
写芯褋褌芯泄薪褘泄	0.000276	2.407946	0.000665
写褉邪泄胁	0.001380	0.127833	0.000176
写褉芯卸卸械胁芯泄	0.000276	0.116534	0.000032
写褉芯卸卸懈	0.001932	0.916291	0.001770
写褍屑邪褌褜	0.000276	0.634878	0.000175
写褍褏芯胁泻邪	0.001932	0.105361	0.000204
写褍褕邪	0.001104	0.105361	0.000116
械胁褉械泄褋泻懈泄	0.000276	0.116534	0.000032
械谐懈锌械褌褋泻懈泄	0.000276	0.116534	0.000032
械写懈薪褘泄	0.000552	0.000000	0.000000
械卸械谐芯写薪芯	0.000276	2.407946	0.000665
械泻芯	0.000276	0.127833	0.000035
械褏邪褌褜	0.000276	2.302585	0.000636
卸邪褉泻芯械	0.000276	0.040822	0.000011
卸械谢邪褌械谢褜薪芯	0.000276	2.525729	0.000697
卸械谢械	0.000828	0.040822	0.000034
卸械谢褌芯泻	0.000552	1.237874	0.000683
卸械薪褋泻懈泄	0.000552	0.020203	0.000011
卸械薪褖懈薪邪	0.000552	0.061875	0.000034
卸懈蟹薪褜	0.000552	0.040822	0.000023
卸褍谢褜械薪	0.000276	0.040822	0.000011
卸褍褉薪邪谢	0.000276	0.072571	0.000020
卸褞谢褜械薪	0.000276	0.040822	0.000011
卸褞谢褜薪褘泄	0.000276	0.040822	0.000011
蟹邪胁邪褉薪芯泄	0.000552	0.116534	0.000064
蟹邪胁褌褉邪泻	0.002208	0.094311	0.000208
蟹邪谐芯褌芯胁泻邪	0.001104	0.040822	0.000045
蟹邪写邪胁邪褌褜	0.000276	0.040822	0.000011
蟹邪懈薪褌械褉械褋芯胁邪褌褜褋褟	0.000276	3.218876	0.000888
蟹邪泻胁邪褋泻邪	0.000828	0.040822	0.000034
蟹邪泻褉褘褌褘泄	0.000276	0.116534	0.000032
蟹邪泻褍褋泻邪	0.005796	0.040822	0.000237
蟹邪泻褍褋芯薪褔懈泻	0.000276	0.116534	0.000032
蟹邪泻褍褋芯褔泻邪	0.000276	0.116534	0.000032
蟹邪泻褍褋芯褔薪邪褟	0.002484	0.116534	0.000289
蟹邪谢邪屑懈薪懈褉芯胁邪褌褜	0.000276	2.407946	0.000665
蟹邪谢懈胁薪芯械	0.000552	0.040822	0.000023
蟹邪屑械褔邪褌械谢褜薪褘泄	0.000276	0.713350	0.000197
蟹邪屑械褕懈胁邪褌褜	0.000276	3.912023	0.001080
蟹邪屑芯褉芯蟹泻邪	0.000276	0.105361	0.000029
蟹邪锌邪写	0.000276	0.116534	0.000032
蟹邪锌邪褏	0.000276	2.207275	0.000609
蟹邪锌械泻邪薪懈械	0.000276	1.514128	0.000418
蟹邪锌械泻邪薪泻邪	0.003036	0.040822	0.000124
蟹邪锌褉邪胁泻邪	0.000552	0.040822	0.000023
蟹邪褉邪薪械械	0.000276	1.660731	0.000458
蟹邪褉械谐懈褋褌褉懈褉芯胁邪褌褜褋褟	0.000552	0.030459	0.000017
蟹邪褋芯谢泻邪	0.000276	0.116534	0.000032
蟹邪褟胁谢褟褌褜	0.000276	1.771957	0.000489
蟹邪褟褑	0.000552	0.116534	0.000064
蟹胁邪薪褘泄	0.000276	0.127833	0.000035
蟹胁械蟹写邪	0.000276	0.116534	0.000032
蟹胁褢蟹写薪褘泄	0.000276	0.116534	0.000032
蟹写芯褉芯胁褘泄	0.000552	0.116534	0.000064
蟹械谢械薪褜	0.000276	0.094311	0.000026
蟹械褎懈褉	0.000276	0.040822	0.000011
蟹懈屑邪	0.001104	0.040822	0.000045
蟹懈屑薪懈泄	0.000276	0.051293	0.000014
蟹薪邪褌褜	0.000552	0.462035	0.000255
蟹芯谢芯褌芯泄	0.000276	0.116534	0.000032
懈胁邪薪芯胁	0.000276	0.127833	0.000035
懈写械邪谢	0.000276	3.506558	0.000968
懈写械邪谢褜薪褘泄	0.001932	0.116534	0.000225
懈写械泄泻邪	0.000276	0.116534	0.000032
懈蟹斜懈褉邪褌械谢褜薪芯	0.000276	4.605170	0.001271
懈蟹胁械褋褌薪褘泄	0.000276	1.049822	0.000290
懈蟹写械谢懈械	0.003588	0.116534	0.000418
懈蟹褍褔懈褌褜	0.000276	2.407946	0.000665
懈蟹褞屑	0.001932	1.897120	0.003665
懈泻械褟	0.000552	4.605170	0.002542
懈泻褉邪	0.000828	0.040822	0.000034
懈屑斜懈褉薪褘泄	0.000276	3.912023	0.001080
懈屑斜懈褉褜	0.000552	1.832581	0.001012
懈屑褟	0.000276	0.030459	0.000008
懈薪胁械褉褌芯褉薪褘泄	0.000276	0.127833	0.000035
懈薪谐褉械写懈械薪褌	0.008280	0.139262	0.001153
懈薪写械泄泻邪	0.001656	0.094311	0.000156
懈薪写懈泄褋泻懈泄	0.000276	0.116534	0.000032
懈薪写懈谢邪泄褌邪	0.000828	0.116534	0.000096
懈薪写懈褉械褋薪褘泄	0.000276	0.116534	0.000032
懈薪褋褌褉褍泻褑懈褟	0.000276	0.030459	0.000008
懈薪褌械褉械褋薪褘泄	0.000276	0.916291	0.000253
懈薪褌械褉薪械褌	0.000552	0.967584	0.000534
懈褉邪泻褋泻懈泄	0.000276	0.116534	0.000032
懈褉邪薪褋泻懈泄	0.000276	0.116534	0.000032
懈褉谢邪薪写褋泻懈泄	0.000276	0.116534	0.000032
懈褋泻褉械薪薪械	0.000276	0.116534	0.000032
懈褋谢邪薪写褋泻懈泄	0.000276	0.116534	0.000032
懈褋锌邪薪懈褟	0.000276	3.506558	0.000968
懈褋锌邪薪褋泻懈泄	0.000276	0.116534	0.000032
懈褋锌械褔褜	0.000552	0.105361	0.000058
懈褋锌褘褌褘胁邪褌褜	0.000276	2.407946	0.000665
懈褋褌芯褉懈褟	0.001656	0.116534	0.000193
懈褋褔械蟹邪褌褜	0.000276	2.813411	0.000777
懈褌邪谢懈褟	0.000552	0.105361	0.000058
懈褌邪谢褜褟薪褋泻懈泄	0.000276	0.105361	0.000029
懈褞谢褜	0.000276	0.579818	0.000160
懈褞薪褜	0.000276	0.562119	0.000155
泄芯谐褍褉褌	0.000828	0.040822	0.000034
泄芯褉泻	0.000276	2.407946	0.000665
泻邪邪邪邪邪邪泻	0.000276	4.605170	0.001271
泻邪斜邪褔芯泻	0.000276	0.040822	0.000011
泻邪胁泻邪蟹褋泻懈泄	0.000276	0.116534	0.000032
泻邪蟹邪薪	0.000276	0.116534	0.000032
泻邪蟹邪褏褋泻懈泄	0.000276	0.116534	0.000032
泻邪泻邪芯	0.000552	0.040822	0.000023
泻邪谢械泄写芯褋泻芯锌	0.001104	0.116534	0.000129
泻邪谢屑褘褑泻懈泄	0.000276	0.116534	0.000032
泻邪谢褜屑邪褉	0.000276	0.040822	0.000011
泻邪屑械褉邪	0.000276	0.116534	0.000032
泻邪薪邪写褋泻懈	0.000276	3.912023	0.001080
泻邪薪邪写褋泻懈泄	0.000276	0.116534	0.000032
泻邪薪邪谢	0.000828	0.040822	0.000034
泻邪薪邪锌械	0.000552	0.040822	0.000023
泻邪锌褍褋褌邪	0.000828	0.040822	0.000034
泻邪锌褍褋褌薪褟泻	0.000276	0.040822	0.000011
泻邪褉邪屑械谢褜	0.000276	0.040822	0.000011
泻邪褉邪锌褍蟹	0.000276	4.605170	0.001271
泻邪褉写邪屑芯薪	0.000552	3.218876	0.001777
泻邪褉泻邪褋薪褘泄	0.001104	0.116534	0.000129
泻邪褉褌芯褎械谢褜	0.000276	0.040822	0.000011
泻邪褉褌芯褎械谢褜薪褘泄	0.000552	0.040822	0.000023
泻邪褉褌芯褕泻邪	0.000552	0.040822	0.000023
泻邪褌械谐芯褉懈褟	0.004416	0.116534	0.000515
泻邪褌褞褕邪	0.000276	4.605170	0.001271
泻邪褔械褋褌胁芯	0.000276	0.105361	0.000029
泻邪褕邪	0.001932	0.040822	0.000079
泻胁邪褋	0.001104	0.040822	0.000045
泻胁邪褋薪芯泄	0.000828	0.116534	0.000096
泻械泻褋	0.001104	0.040822	0.000045
泻械褌褔褍锌	0.000552	1.469676	0.000811
泻械褎懈褉	0.000276	0.040822	0.000011
泻懈屑褔邪褌褜	0.000276	0.040822	0.000011
泻懈薪芯邪	0.000552	0.127833	0.000071
泻懈薪芯谢械薪褌邪	0.000276	0.116534	0.000032
泻懈褋械谢褜	0.000552	0.040822	0.000023
泻懈褌邪泄褋泻懈泄	0.000276	0.116534	0.000032
泻谢邪褋褋	0.002484	0.116534	0.000289
泻薪懈谐邪	0.000552	0.040822	0.000023
泻薪懈卸泻邪	0.000276	2.995732	0.000827
泻芯泻褌械泄谢褜	0.001656	0.040822	0.000068
泻芯谢斜邪褋邪	0.000276	0.040822	0.000011
泻芯谢斜邪褋薪褘泄	0.000828	0.116534	0.000096
泻芯谢懈褔械褋褌胁芯	0.000552	1.386294	0.000765
泻芯屑邪薪写邪	0.000552	0.127833	0.000071
泻芯屑懈	0.000276	0.116534	0.000032
泻芯屑屑械薪褌邪褉懈泄	0.000276	0.127833	0.000035
泻芯屑锌邪薪懈褟	0.000276	0.105361	0.000029
泻芯屑锌芯褌	0.000828	0.040822	0.000034
泻芯薪写懈褌械褉褋泻懈泄	0.000552	2.120264	0.001170
泻芯薪械褑	0.000276	1.966113	0.000543
泻芯薪械褔薪芯	0.000276	0.527633	0.000146
泻芯薪械褔薪褘泄	0.000276	4.605170	0.001271
泻芯薪懈薪邪	0.000276	0.116534	0.000032
泻芯薪泻褍褉褋	0.059619	0.040822	0.002434
泻芯薪泻褍褉褋薪褘泄	0.000276	0.127833	0.000035
泻芯薪褋械褉胁懈褉芯胁邪薪懈械	0.000276	0.040822	0.000011
泻芯薪褋械褉胁懈褉芯胁邪薪薪褘泄	0.001380	0.116534	0.000161
泻芯薪褎械褌邪	0.000828	0.040822	0.000034
泻芯薪褎械褌褌懈	0.000276	0.116534	0.000032
泻芯薪褎懈写械薪褑懈邪谢褜薪芯褋褌褜	0.000276	0.040822	0.000011
泻芯薪褎懈褌褞褉	0.000276	0.040822	0.000011
泻芯薪褜褟泻	0.000552	2.207275	0.001218
泻芯锌褔褢薪芯褋褌褜	0.000276	0.116534	0.000032
泻芯褉械泄褋泻懈	0.000276	0.040822	0.000011
泻芯褉械泄褋泻懈泄	0.000276	0.105361	0.000029
泻芯褉卸懈泻	0.000276	0.040822	0.000011
泻芯褉懈褑邪	0.009384	1.347074	0.012642
泻芯褉懈褔薪械胁褘泄	0.000552	1.272966	0.000703
泻芯褉屑懈褌褜	0.000276	0.116534	0.000032
泻芯褉薪褍芯谢谢	0.000276	4.605170	0.001271
泻芯褉薪褍褝谢褜褋泻懈泄	0.000276	2.525729	0.000697
泻芯褉芯褔泻邪	0.000276	1.309333	0.000361
泻芯褌谢械褌邪	0.000276	0.040822	0.000011
泻芯褎械	0.000552	0.040822	0.000023
泻褉邪褋泻邪	0.000276	0.116534	0.000032
泻褉邪褏屑邪谢	0.000552	0.891598	0.000492
泻褉械邪褌懈胁	0.000276	0.127833	0.000035
泻褉械屑	0.000828	0.040822	0.000034
泻褉械锌泻懈泄	0.000276	0.116534	0.000032
泻褉芯谢懈泻	0.000552	0.116534	0.000064
泻褉芯屑械	0.000276	0.061875	0.000017
泻褉芯褏邪	0.000276	0.116534	0.000032
泻褉褍谐	0.000552	0.116534	0.000064
泻褉褍锌	0.001656	0.105361	0.000174
泻褉褍锌邪	0.002484	0.116534	0.000289
泻褉褍锌褟薪芯泄	0.000276	0.116534	0.000032
泻褍斜懈薪褋泻懈泄	0.000276	0.116534	0.000032
泻褍谢械褕	0.000276	0.040822	0.000011
泻褍谢懈薪邪褉	0.000552	1.386294	0.000765
泻褍谢懈薪邪褉懈褟	0.000828	0.094311	0.000078
泻褍谢懈薪邪褉薪褘泄	0.002208	0.000000	0.000000
泻褍谢懈褔	0.002208	0.040822	0.000090
泻褍褉写褋泻懈泄	0.000276	0.116534	0.000032
泻褍褉懈薪褘泄	0.006900	0.094311	0.000651
泻褍褉懈褑邪	0.002208	0.040822	0.000090
泻褍褉芯褔泻邪	0.000552	0.116534	0.000064
泻褍褋泻褍褋	0.000276	0.040822	0.000011
泻褍褏薪褟	0.002208	0.040822	0.000090
谢邪胁邪褕	0.001656	0.040822	0.000068
谢邪胁褉芯胁褘泄	0.000552	1.139434	0.000629
谢邪谐屑邪薪	0.000276	0.040822	0.000011
谢邪泻芯屑褋褌胁芯	0.000276	0.116534	0.000032
谢邪锌褕邪	0.000552	0.040822	0.000023
谢邪褌褘褕褋泻懈泄	0.000276	0.116534	0.000032
谢械谐泻芯	0.001656	0.116534	0.000193
谢械锌褢褕泻邪	0.000552	0.040822	0.000023
谢械褌薪懈泄	0.000552	0.040822	0.000023
谢械褌芯	0.001932	0.116534	0.000225
谢械褔芯	0.000276	0.040822	0.000011
谢懈谐邪	0.000828	0.116534	0.000096
谢懈泻褢褉	0.000276	0.040822	0.000011
谢懈屑芯薪	0.001104	0.891598	0.000984
谢懈屑芯薪邪写	0.000552	0.040822	0.000023
谢懈屑芯薪薪褘泄	0.001104	0.713350	0.000788
谢懈褋褌	0.000552	0.843970	0.000466
谢懈褌芯胁褋泻	0.000276	0.127833	0.000035
谢懈褌芯胁褋泻懈泄	0.000276	0.116534	0.000032
谢芯锌薪褍褌褜	0.000276	2.407946	0.000665
谢褞斜懈屑褘泄	0.002484	0.116534	0.000289
谢褞斜芯胁褜	0.000552	0.105361	0.000058
谢褞斜芯泄	0.000828	0.094311	0.000078
谢褞斜芯锌褘褌薪褘泄	0.000276	3.506558	0.000968
谢褞斜芯锌褘褌褋褌胁芯	0.000276	3.506558	0.000968
谢褞写屑懈谢邪	0.000276	1.771957	0.000489
谢褢谐泻懈泄	0.000828	0.094311	0.000078
谢褢写	0.000276	0.116534	0.000032
屑邪谐邪蟹懈薪	0.000552	2.302585	0.001271
屑邪谐邪蟹懈薪薪褘泄	0.000276	2.302585	0.000636
屑邪谐褉懈斜	0.000276	0.116534	0.000032
屑邪泄	0.000276	0.116534	0.000032
屑邪泄芯薪械蟹	0.000276	0.116534	0.000032
屑邪泻邪褉芯薪薪褘泄	0.000276	0.116534	0.000032
屑邪泻邪褉芯薪褘	0.000276	0.040822	0.000011
屑邪泻褋懈屑邪谢褜薪芯	0.000276	2.040221	0.000563
屑邪谢邪蟹懈泄褋泻懈泄	0.000276	0.116534	0.000032
屑邪谢芯	0.000276	1.609438	0.000444
屑邪谢褜褔懈褕泻邪	0.000276	3.506558	0.000968
屑邪薪薪懈泻	0.000276	0.040822	0.000011
屑邪薪褌邪	0.000276	0.116534	0.000032
屑邪薪褢胁褉	0.000276	0.116534	0.000032
屑邪褉邪褎芯薪	0.000828	0.116534	0.000096
屑邪褉谐邪褉懈薪	0.001656	1.609438	0.002665
屑邪褉懈薪邪写	0.004140	0.040822	0.000169
屑邪褉懈薪芯胁邪褌褜	0.000828	0.116534	0.000096
屑邪褉屑械谢邪写	0.000276	0.040822	0.000011
屑邪褉芯泻泻邪薪褋泻懈泄	0.000276	0.116534	0.000032
屑邪褉褌	0.001656	0.105361	0.000174
屑邪褋泻邪褉锌芯薪	0.000276	0.040822	0.000011
屑邪褋谢械薪懈褑邪	0.000828	0.040822	0.000034
屑邪褋谢械薪懈褔薪褘泄	0.000276	0.116534	0.000032
屑邪褋谢芯	0.006072	0.105361	0.000640
屑邪褋褌械褉	0.002484	0.116534	0.000289
屑邪褋褌懈泻邪	0.000552	0.040822	0.000023
屑邪褋褟褋褜	0.000276	4.605170	0.001271
屑邪褎褎懈薪邪	0.000552	0.116534	0.000064
屑邪褎褎懈薪芯胁褘泄	0.000276	4.605170	0.001271
屑邪褏械械胁褗	0.001104	0.116534	0.000129
屑械写懈邪褎芯褉褌	0.000828	0.000000	0.000000
屑械写芯胁褘泄	0.000276	0.116534	0.000032
屑械泻褋懈泻邪薪褋泻懈泄	0.000276	0.116534	0.000032
屑械薪褞	0.000276	0.116534	0.000032
屑械薪褟褌褜褋褟	0.000276	0.116534	0.000032
屑械褔褌邪	0.000828	0.040822	0.000034
屑械褕邪褌褜	0.000276	2.995732	0.000827
屑懈	0.000276	2.995732	0.000827
屑懈写懈褟	0.000276	0.040822	0.000011
屑懈泻褉芯胁芯谢薪芯胁泻邪	0.000276	0.105361	0.000029
屑懈谢褌芯薪	0.000276	4.605170	0.001271
屑懈谢褜褟	0.000276	0.116534	0.000032
屑懈薪褍褌邪	0.000552	0.544727	0.000301
屑懈芯	0.000276	0.116534	0.000032
屑懈褉	0.000552	0.105361	0.000058
屑懈褉芯胁芯泄	0.000276	0.116534	0.000032
屑懈褋芯	0.000276	0.040822	0.000011
屑懈褋褌械褉懈褟	0.000276	0.116534	0.000032
屑懈褋褌褉邪谢褜	0.001932	0.116534	0.000225
屑薪械薪懈械	0.000276	2.525729	0.000697
屑薪芯谐芯褋褌褉邪写邪谢褜薪褘泄	0.000276	2.407946	0.000665
屑薪芯谐芯褔懈褋谢械薪薪褘泄	0.000276	2.302585	0.000636
屑薪芯卸械褋褌胁芯	0.000276	0.040822	0.000011
屑芯写械褉邪褌芯褉	0.000276	3.912023	0.001080
屑芯泄	0.002208	0.083382	0.000184
屑芯谢写邪胁褋泻懈泄	0.000276	0.116534	0.000032
屑芯谢薪懈械薪芯褋薪芯	0.000276	2.407946	0.000665
屑芯谢芯泻芯	0.003864	0.083382	0.000322
屑芯谢芯褔薪褘泄	0.000828	0.040822	0.000034
屑芯屑械薪褌	0.001380	0.105361	0.000145
屑芯薪谐芯谢褜褋泻懈泄	0.000276	0.116534	0.000032
屑芯薪褉械邪谢褜	0.000276	3.912023	0.001080
屑芯褉械	0.000276	0.116534	0.000032
屑芯褉械锌褉芯写褍泻褌	0.003588	0.040822	0.000146
屑芯褉泻芯胁褜	0.000276	0.040822	0.000011
屑芯褉芯卸械薪芯械	0.000828	0.040822	0.000034
屑芯褉褋	0.000552	0.040822	0.000023
屑芯褌芯褉	0.000276	0.116534	0.000032
屑芯褏懈褌褘泄	0.000276	0.040822	0.000011
屑芯褔褜	0.000552	0.000000	0.000000
屑褍卸褋泻芯泄	0.000276	0.127833	0.000035
屑褍卸褔懈薪邪	0.000552	0.116534	0.000064
屑褍泻邪	0.007176	0.248461	0.001783
屑褍谢褜褌懈胁邪褉泻邪	0.011317	0.116534	0.001319
屑褍谢褜褌懈锌械泻邪褉褜	0.000828	0.116534	0.000096
屑褍褋泻邪褌薪褘泄	0.001104	1.832581	0.002023
屑褍褋褋	0.000276	0.040822	0.000011
屑褍褋褋邪	0.000828	0.040822	0.000034
屑褍褔薪芯泄	0.000276	0.116534	0.000032
屑褞褋谢懈	0.000552	0.116534	0.000064
屑褟谐泻懈泄	0.000552	0.755023	0.000417
屑褟谐泻芯	0.000276	3.912023	0.001080
屑褟褋薪芯泄	0.003036	0.040822	0.000124
屑褟褋芯	0.006624	0.040822	0.000270
屑褢写	0.002208	1.660731	0.003667
薪邪斜谢褞写邪褌褜	0.000276	3.218876	0.000888
薪邪斜芯褉	0.000276	1.660731	0.000458
薪邪胁邪谢芯屑	0.000276	2.995732	0.000827
薪邪写械褟褌褜褋褟	0.000276	1.609438	0.000444
薪邪械褋褌褜褋褟	0.000276	3.912023	0.001080
薪邪蟹邪写	0.000276	0.967584	0.000267
薪邪蟹胁邪薪懈械	0.000552	0.562119	0.000310
薪邪蟹薪邪褔械薪懈械	0.000276	0.116534	0.000032
薪邪泄褌懈	0.001104	0.446287	0.000493
薪邪泻芯薪械褑	0.000276	1.609438	0.000444
薪邪谢懈胁泻邪	0.000276	0.040822	0.000011
薪邪芯斜芯褉芯褌	0.000276	3.912023	0.001080
薪邪锌械褔邪褌邪褌褜	0.000276	2.407946	0.000665
薪邪锌懈褌芯泻	0.001932	0.040822	0.000079
薪邪锌芯屑懈薪邪褌褜	0.000276	2.120264	0.000585
薪邪褋泻芯谢褜泻芯	0.000552	1.427116	0.000788
薪邪褋褌芯泄泻邪	0.000276	0.040822	0.000011
薪邪褋褌褉芯械薪懈械	0.000276	0.116534	0.000032
薪邪褏芯写褟褖懈械褟褋褌懈	0.000276	4.605170	0.001271
薪邪褑懈芯薪邪谢褜薪褘泄	0.000276	0.116534	0.000032
薪邪褔邪谢芯	0.000276	1.514128	0.000418
薪邪褔懈薪泻邪	0.001104	0.040822	0.000045
薪邪褕	0.001104	0.040822	0.000045
薪械斜芯褋褜	0.000276	4.605170	0.001271
薪械斜褘谢懈褑邪	0.000276	2.407946	0.000665
薪械胁械褉芯褟褌薪褘泄	0.000552	2.659260	0.001468
薪械胁芯蟹屑芯卸薪芯	0.000276	1.347074	0.000372
薪械写械谢褟	0.003036	0.051293	0.000156
薪械卸薪褘泄	0.001104	0.094311	0.000104
薪械屑械褑泻懈泄	0.000552	0.116534	0.000064
薪械屑薪芯谐芯	0.000552	1.203973	0.000665
薪械芯斜褘褔薪褘泄	0.000552	0.916291	0.000506
薪械芯写薪芯泻褉邪褌薪芯	0.000276	3.218876	0.000888
薪械芯卸懈写邪薪薪褘泄	0.000276	0.116534	0.000032
薪械芯褌谢懈褔懈屑褘泄	0.000276	3.912023	0.001080
薪械褋谢邪写泻懈泄	0.000276	0.116534	0.000032
薪械褋芯胁械褉褕械薪薪芯谢械褌薪懈泄	0.000276	4.605170	0.001271
薪械褔械谐芯	0.000276	3.218876	0.000888
薪懈薪邪	0.000276	1.078810	0.000298
薪泻	0.000276	1.771957	0.000489
薪芯胁芯谐芯写薪懈泄	0.006072	0.040822	0.000248
薪芯胁芯褋褌褜	0.000276	0.061875	0.000017
薪芯胁褘泄	0.003588	0.030459	0.000109
薪芯褉胁械卸褋泻懈泄	0.000276	0.116534	0.000032
薪芯褟斜褉褜	0.000276	0.527633	0.000146
薪褜褞	0.000276	2.207275	0.000609
芯斜械写	0.000828	0.105361	0.000087
芯斜械蟹褜褟薪邪	0.000276	0.116534	0.000032
芯斜褖邪褌褜褋褟	0.000276	0.040822	0.000011
芯斜褟蟹邪褌械谢褜薪芯	0.000552	0.967584	0.000534
芯斜褟蟹邪褌褜	0.000276	2.407946	0.000665
芯胁芯褖	0.005796	0.094311	0.000547
芯胁芯褖薪芯泄	0.002484	0.040822	0.000101
芯胁褋褟薪泻邪	0.000276	3.912023	0.001080
芯胁褋褟薪褘泄	0.001656	0.105361	0.000174
芯谐薪械薪薪褘泄	0.000276	0.116534	0.000032
芯谐芯薪褜	0.000276	0.094311	0.000026
芯谐褉芯屑薪褘泄	0.000552	0.867501	0.000479
芯谐褍褉械褑	0.000552	0.116534	0.000064
芯泻邪蟹邪褌褜褋褟	0.000276	1.514128	0.000418
芯泻芯薪褔邪褌械谢褜薪芯	0.000276	3.912023	0.001080
芯泻褉芯褕泻邪	0.000828	0.040822	0.000034
芯谢邪写褜褟	0.000828	0.040822	0.000034
芯谢械泄薪芯泄	0.001104	0.116534	0.000129
芯谢械泄薪褘泄	0.001104	0.116534	0.000129
芯屑谢械褌	0.000276	0.040822	0.000011
芯锌邪褉邪	0.000276	0.040822	0.000011
芯锌械泻邪	0.000276	4.605170	0.001271
芯锌懈褋邪薪懈械	0.000552	2.995732	0.001654
芯锌褉械写械谢懈褌褜褋褟	0.000276	4.605170	0.001271
芯锌褉芯斜芯胁邪褌褜	0.000276	2.120264	0.000585
芯锌褉芯褋	0.000276	0.061875	0.000017
芯锌褘褌	0.000276	2.407946	0.000665
芯褉械褏	0.001104	0.776529	0.000857
芯褉懈谐懈薪邪谢	0.000276	1.832581	0.000506
芯褋械薪薪懈泄	0.001104	0.051293	0.000057
芯褋械薪褜	0.002760	0.105361	0.000291
芯褋薪芯胁薪褘泄	0.000276	0.040822	0.000011
芯褋褌邪胁邪褌褜褋褟	0.000552	0.116534	0.000064
芯褋褌邪胁谢褟褌褜	0.000552	1.832581	0.001012
芯褋褌邪薪芯胁懈褌褜褋褟	0.000552	1.560648	0.000862
芯褋褌褉芯胁	0.000276	3.218876	0.000888
芯褌胁械褌	0.000552	0.000000	0.000000
芯褌胁械褌懈褌褜	0.000276	0.051293	0.000014
芯褌胁械褌褋褌胁械薪薪芯褋褌褜	0.000276	2.120264	0.000585
芯褌胁械褔邪褌褜	0.000276	3.912023	0.001080
芯褌泻褉褘褌褘泄	0.000552	0.105361	0.000058
芯褌谢懈褔邪褌褜褋褟	0.000276	1.469676	0.000406
芯褌屑械薪懈褌褜	0.000276	0.040822	0.000011
芯褌薪芯褋懈褌褜褋褟	0.000276	1.714798	0.000473
芯褏谢邪写懈褌褜	0.000276	0.116534	0.000032
芯褔械褉械写褜	0.000276	1.771957	0.000489
锌邪泻械褌懈泻	0.000276	0.105361	0.000029
锌邪谢芯褔泻邪	0.000276	0.040822	0.000011
锌邪薪懈褉芯胁泻邪	0.002208	0.116534	0.000257
锌邪锌褉懈泻邪	0.000552	1.171183	0.000647
锌邪褉邪	0.000276	0.116534	0.000032
锌邪褉邪写	0.001932	0.116534	0.000225
锌邪褉芯胁邪褉泻邪	0.002484	0.105361	0.000262
锌邪褉芯谢褜	0.000276	0.020203	0.000006
锌邪褋褌邪	0.000828	0.040822	0.000034
锌邪褋褌褉芯屑邪	0.000276	0.040822	0.000011
锌邪褋褏邪	0.000552	0.040822	0.000023
锌邪褋褏邪谢褜薪褘泄	0.001380	0.116534	0.000161
锌邪褕褌械褌	0.000828	0.040822	0.000034
锌械泻	0.000552	2.207275	0.001218
锌械泻邪褉褜	0.000276	0.127833	0.000035
锌械谢褜屑械薪褜	0.000276	0.116534	0.000032
锌械褉胁芯泻谢邪褋褋薪懈泻	0.000276	2.407946	0.000665
锌械褉胁褘泄	0.001656	0.040822	0.000068
锌械褉械写邪褌褜	0.000276	3.218876	0.000888
锌械褉械泄褌懈	0.000276	0.040822	0.000011
锌械褉械泻褍褋	0.000552	0.116534	0.000064
锌械褉械谢芯锌邪褌懈褌褜	0.000276	3.912023	0.001080
锌械褉械褑	0.000828	0.040822	0.000034
锌械褉懈芯写	0.000276	2.207275	0.000609
锌械褉褋芯薪邪	0.000276	0.116534	0.000032
锌械褉褍邪薪褋泻懈泄	0.000276	0.116534	0.000032
锌械褋芯褔薪褘泄	0.001104	0.105361	0.000116
锌械褌械谢懈薪泻	0.000276	0.127833	0.000035
锌械褔械薪懈械	0.006624	0.040822	0.000270
锌械褔褜	0.000828	0.116534	0.000096
锌械褔褢薪芯褔薪褘泄	0.000276	0.040822	0.000011
锌懈胁芯	0.000276	0.116534	0.000032
锌懈泻邪薪褌	0.000276	0.127833	0.000035
锌懈泻薪懈泻	0.001104	0.105361	0.000116
锌懈褉	0.000276	0.116534	0.000032
锌懈褉芯谐	0.004416	0.040822	0.000180
锌懈褉芯卸泻芯胁褘泄	0.000276	1.966113	0.000543
锌懈褉芯卸薪芯械	0.000552	0.040822	0.000023
锌懈褉芯卸芯泻	0.001104	0.040822	0.000045
锌懈褌邪薪懈械	0.001380	0.094311	0.000130
锌懈褑褑邪	0.000552	0.040822	0.000023
锌谢邪屑褟	0.000276	0.116534	0.000032
锌谢邪薪懈褉芯胁邪褌褜	0.000276	2.659260	0.000734
锌谢懈褌邪	0.001104	0.116534	0.000129
锌谢芯胁	0.000276	0.116534	0.000032
锌谢芯写	0.000276	0.116534	0.000032
锌芯胁邪褉褢薪芯泻	0.001380	0.000000	0.000000
锌芯胁械褉懈褌褜	0.000552	2.120264	0.001170
锌芯胁械褋懈褌褜	0.000276	2.407946	0.000665
锌芯胁懈写谢芯	0.000828	0.040822	0.000034
锌芯胁褌芯褉懈褌褜	0.000276	2.040221	0.000563
锌芯写邪胁邪褌褜	0.000276	1.514128	0.000418
锌芯写邪褉芯泻	0.000276	0.116534	0.000032
锌芯写械谢懈褌褜褋褟	0.000276	0.400478	0.000111
锌芯写谢懈胁	0.000276	0.116534	0.000032
锌芯写谢懈胁泻邪	0.000276	0.040822	0.000011
锌芯写锌懈褋邪褌褜褋褟	0.000828	0.040822	0.000034
锌芯写褉邪斜芯褌邪褌褜	0.000276	4.605170	0.001271
锌芯写褉褍卸泻邪	0.000276	2.659260	0.000734
锌芯写褋械褋褌褜	0.000276	3.912023	0.001080
锌芯械写懈薪芯泻	0.003864	0.116534	0.000450
锌芯卸邪谢械褌褜	0.000828	1.771957	0.001467
锌芯蟹写褉邪胁懈褌褜	0.000276	0.116534	0.000032
锌芯蟹写褉邪胁谢褟褌褜	0.000276	2.207275	0.000609
锌芯懈褋泻	0.000276	0.051293	0.000014
锌芯泻邪蟹褘胁邪褌褜	0.000276	1.832581	0.000506
锌芯谢写薪懈泻	0.000552	0.116534	0.000064
锌芯谢械蟹薪芯	0.000276	0.116534	0.000032
锌芯谢懈褌懈泻邪	0.000276	0.040822	0.000011
锌芯谢芯胁懈薪邪	0.002208	0.105361	0.000233
锌芯谢褍褔邪褌褜	0.000552	0.040822	0.000023
锌芯谢褍褔邪褌褜褋褟	0.000552	0.328504	0.000181
锌芯谢褍褔懈褌褜褋褟	0.000552	0.653926	0.000361
锌芯谢褜蟹邪	0.001380	0.116534	0.000161
锌芯谢褜蟹芯胁邪褌褜褋褟	0.000276	1.347074	0.000372
锌芯谢褜褋泻懈泄	0.000276	0.116534	0.000032
锌芯屑邪写泻邪	0.000828	0.040822	0.000034
锌芯屑懈写芯褉	0.000552	0.116534	0.000064
锌芯屑懈写芯褉泻	0.000276	0.127833	0.000035
锌芯薪褉邪胁懈褌褜褋褟	0.000552	0.040822	0.000023
锌芯薪褔懈泻	0.000828	0.040822	0.000034
锌芯锌褉芯斜芯胁邪褌褜	0.001104	0.248461	0.000274
锌芯褉邪	0.000276	0.105361	0.000029
锌芯褉邪写芯胁邪褌褜	0.000276	1.309333	0.000361
锌芯褉褌褍谐邪谢褜褋泻懈泄	0.000276	0.116534	0.000032
锌芯褋械褖邪褌褜	0.000276	0.061875	0.000017
锌芯褋谢械写薪懈泄	0.000552	1.272966	0.000703
锌芯褋锌械褕懈褌褜	0.000276	3.912023	0.001080
锌芯褋褌	0.001380	0.105361	0.000145
锌芯褋褌薪褘泄	0.000828	0.040822	0.000034
锌芯褋褌芯褟薪薪芯	0.000276	0.040822	0.000011
锌芯褋褌褉芯懈褌褜	0.000276	0.105361	0.000029
锌芯褋褍写邪	0.000552	0.094311	0.000052
锌芯褋褘锌泻邪	0.000552	3.506558	0.001936
锌芯褏芯卸懈泄	0.000276	0.994252	0.000274
锌芯褔械屑褍	0.000276	1.203973	0.000332
锌芯褔泻邪	0.000276	4.605170	0.001271
锌芯褔褌邪	0.000276	0.040822	0.000011
锌芯褕邪谐芯胁褘泄	0.000552	0.040822	0.000023
锌芯褟胁懈褌褜褋褟	0.000276	1.771957	0.000489
锌褉邪胁写邪	0.000552	1.139434	0.000629
锌褉邪蟹写薪懈泻	0.000276	0.105361	0.000029
锌褉邪蟹写薪懈褔薪芯	0.000276	0.116534	0.000032
锌褉邪蟹写薪懈褔薪褘泄	0.000828	0.105361	0.000087
锌褉邪泻褌懈泻褍屑	0.000276	0.116534	0.000032
锌褉械胁芯褋褏芯写薪褘泄	0.000276	0.116534	0.000032
锌褉械胁褉邪褖械薪懈械	0.000276	0.116534	0.000032
锌褉械写谢邪谐邪褌褜	0.000552	0.693147	0.000383
锌褉械写褘写褍褖懈泄	0.000276	3.506558	0.000968
锌褉械泻褉邪褋薪芯	0.000276	1.714798	0.000473
锌褉械褋薪褘泄	0.000276	0.116534	0.000032
锌褉懈斜谢懈蟹懈褌褜	0.000276	2.407946	0.000665
锌褉懈谐芯褌芯胁懈褌褜	0.001380	0.083382	0.000115
锌褉懈谐芯褌芯胁谢械薪懈械	0.001104	0.040822	0.000045
锌褉懈卸懈褌褜褋褟	0.000276	2.302585	0.000636
锌褉懈蟹	0.000276	0.040822	0.000011
锌褉懈蟹薪邪薪懈械	0.000276	0.116534	0.000032
锌褉懈泄褌懈	0.000276	1.966113	0.000543
锌褉懈锌褉邪胁邪	0.000276	0.040822	0.000011
锌褉懈褉芯写邪	0.000828	0.105361	0.000087
锌褉懈褋褌褍锌懈褌褜	0.000276	0.040822	0.000011
锌褉懈褟褌薪褘泄	0.000276	1.427116	0.000394
锌褉芯斜芯胁邪褌褜	0.000276	0.843970	0.000233
锌褉芯胁械褉懈褌褜	0.002208	0.116534	0.000257
锌褉芯胁械褋褌懈	0.001104	0.116534	0.000129
锌褉芯胁芯写懈褌褜	0.000276	0.040822	0.000011
锌褉芯胁芯卸邪褌褜	0.000276	0.116534	0.000032
锌褉芯写邪胁邪褌褜褋褟	0.000276	2.525729	0.000697
锌褉芯写褍泻褌	0.000552	0.072571	0.000040
锌褉芯写褍泻褌芯胁褘泄	0.000276	4.605170	0.001271
锌褉芯械泻褌	0.000552	0.051293	0.000028
锌褉芯锌芯褉褑懈褟	0.000276	1.609438	0.000444
锌褉芯褋懈褌褜	0.000276	0.776529	0.000214
锌褉芯褋屑芯褌褉	0.000276	0.274437	0.000076
锌褉芯褋屑芯褌褉械褌褜	0.000276	1.714798	0.000473
锌褉芯褋褌芯	0.001932	0.083382	0.000161
锌褉芯褋褌芯泄	0.000552	0.301105	0.000166
锌褉芯褋褌芯泻胁邪褕邪	0.000276	0.040822	0.000011
锌褉芯褋褜斜邪	0.000828	2.120264	0.001756
锌褉芯褎懈谢褜	0.000276	0.040822	0.000011
锌褉芯褏谢邪写薪芯	0.000276	4.605170	0.001271
锌褉芯褔械褋褌褜	0.000276	2.302585	0.000636
锌褉褟屑芯	0.000552	0.040822	0.000023
锌褉褟薪懈泻	0.002484	0.040822	0.000101
锌褉褟薪懈褔薪褘泄	0.000276	0.116534	0.000032
锌褉褟薪褘泄	0.000552	2.525729	0.001394
锌褌懈褑邪	0.005520	0.116534	0.000643
锌褍斜谢懈泻芯胁邪褌褜褋褟	0.000276	2.302585	0.000636
锌褍写懈薪谐	0.000828	0.040822	0.000034
锌褍写褉邪	0.000552	1.771957	0.000978
锌褍薪褕	0.000276	0.040822	0.000011
锌褍褌械褕械褋褌胁懈械	0.000552	0.116534	0.000064
锌褍褌褜	0.000276	0.116534	0.000032
锌褕械薪懈褔薪褘泄	0.007176	0.287682	0.002065
锌褘褌邪褌褜褋褟	0.000276	2.525729	0.000697
锌褘褕泻邪	0.000276	0.040822	0.000011
锌褞褉械	0.001656	0.040822	0.000068
褉邪谐褍	0.000276	0.116534	0.000032
褉邪写芯胁邪褌褜	0.000276	2.813411	0.000777
褉邪蟹	0.001656	0.356675	0.000591
褉邪蟹胁械褉薪褍褌褜	0.000276	0.116534	0.000032
褉邪蟹写械谢褜薪褘泄	0.000276	0.116534	0.000032
褉邪蟹薪芯芯斜褉邪蟹懈褌褜	0.000276	2.995732	0.000827
褉邪蟹薪褘泄	0.000552	0.094311	0.000052
褉邪蟹芯褔械泻	0.000276	4.605170	0.001271
褉邪蟹褉褘褏谢懈褌械谢褜	0.003864	1.237874	0.004783
褉邪蟹褉褟写	0.000276	2.407946	0.000665
褉邪褋褋芯谢褜薪懈泻	0.000828	0.040822	0.000034
褉邪褋褋褘谢泻邪	0.000276	0.061875	0.000017
褉邪褋褋褘锌褔邪褌褘泄	0.000276	3.218876	0.000888
褉邪褋褌懈褌械谢褜薪褘泄	0.001656	0.223144	0.000370
褉邪褋褏胁邪谢懈胁邪褌褜	0.000276	4.605170	0.001271
褉械斜褉芯	0.000552	3.912023	0.002160
褉械斜褟褌邪	0.000276	4.605170	0.001271
褉械斜褢薪芯泻	0.000552	0.094311	0.000052
褉械谐懈褋褌褉邪褑懈褟	0.000828	0.000000	0.000000
褉械写邪泻褌芯褉	0.000552	2.407946	0.001329
褉械写泻芯	0.000276	3.218876	0.000888
褉械蟹褍谢褜褌邪褌	0.000276	0.820981	0.000227
褉械泄褌懈薪谐	0.000276	0.235722	0.000065
褉械泻芯屑械薪写芯胁邪褌褜	0.000276	1.021651	0.000282
褉械褋褌芯褉邪薪	0.000276	1.386294	0.000383
褉械褑械锌褌	0.030362	0.040822	0.001239
褉械褕懈褌褜	0.000276	0.693147	0.000191
褉懈褋	0.001380	0.040822	0.000056
褉懈褌屑	0.000276	0.116534	0.000032
褉芯谐邪谢懈泻	0.000276	0.040822	0.000011
褉芯写	0.000276	1.832581	0.000506
褉芯写懈褌械谢褜	0.000276	1.966113	0.000543
褉芯写薪褘泄	0.000276	0.116534	0.000032
褉芯卸写械薪懈械	0.000276	0.105361	0.000029
褉芯卸写械褋褌胁芯	0.000276	0.116534	0.000032
褉芯谢谢	0.000552	0.040822	0.000023
褉芯谢谢褌芯薪	0.000276	0.116534	0.000032
褉芯屑	0.000276	0.040822	0.000011
褉芯褋褋懈褟	0.000276	2.525729	0.000697
褉芯褌	0.000276	1.427116	0.000394
褉芯褌褌械褉写邪屑	0.000276	3.506558	0.000968
褉褍斜褉懈泻邪褌芯褉	0.000276	0.051293	0.000014
褉褍谢械褌	0.003036	0.040822	0.000124
褉褍屑褘薪褋泻懈泄	0.000276	0.116534	0.000032
褉褍屑褟薪褘泄	0.000276	0.116534	0.000032
褉褍薪械褌	0.000276	0.020203	0.000006
褉褍褋褋泻懈泄	0.000276	0.105361	0.000029
褉褘斜邪	0.006900	0.040822	0.000282
褉褘斜薪褘泄	0.002760	0.105361	0.000291
褉褟卸械薪泻邪	0.000276	0.116534	0.000032
褉褢斜褉褘褕泻芯	0.000828	3.506558	0.002904
褋邪泄褌	0.001656	0.000000	0.000000
褋邪谢邪褌	0.008832	0.040822	0.000361
褋邪谢邪褌薪褘泄	0.000276	0.116534	0.000032
褋邪屑芯谐芯薪	0.000276	0.040822	0.000011
褋邪屑褘泄	0.001104	0.105361	0.000116
褋邪褎	0.000828	0.116534	0.000096
褋邪褎褋械屑邪	0.000276	0.116534	0.000032
褋邪褏邪褉	0.010489	0.105361	0.001105
褋邪褏邪褉薪褘泄	0.000552	1.771957	0.000978
褋斜懈褌械薪褜	0.000276	0.040822	0.000011
褋胁械卸械褋褌褜	0.000276	0.105361	0.000029
褋胁械泻芯谢褜薪懈泻	0.000552	0.040822	0.000023
褋胁械褌	0.001104	0.116534	0.000129
褋胁械褌邪	0.001104	0.116534	0.000129
褋胁懈薪懈薪	0.001380	0.116534	0.000161
褋胁懈薪懈薪邪	0.000276	0.040822	0.000011
褋胁懈薪芯泄	0.000828	2.525729	0.002091
褋胁芯写懈褌褜	0.000276	2.302585	0.000636
褋胁褢泻谢邪	0.000276	0.040822	0.000011
褋谐褍褖褢薪泻邪	0.000276	0.040822	0.000011
褋写械谢邪褌褜	0.001104	0.733969	0.000810
褋械谐芯写薪褟	0.000552	0.843970	0.000466
褋械蟹芯薪	0.000552	0.116534	0.000064
褋械泄褔邪褋	0.000828	0.030459	0.000025
褋械泻褉械褌	0.000828	0.116534	0.000096
褋械谢褢写泻邪	0.000276	0.040822	0.000011
褋械屑械泄薪褘泄	0.000276	0.116534	0.000032
褋械屑褜褟	0.001380	0.116534	0.000161
褋械薪褌褟斜褉褜	0.000828	0.673345	0.000558
褋械褋褌褉邪	0.000276	2.659260	0.000734
褋械褌褜	0.000276	2.302585	0.000636
褋懈写褉	0.000276	0.040822	0.000011
褋懈薪薪邪斜芯薪	0.000276	3.912023	0.001080
褋懈褉懈泄褋泻懈泄	0.000276	0.116534	0.000032
褋懈褉芯锌	0.000552	0.040822	0.000023
褋懈褋褌械屑邪	0.000276	0.040822	0.000011
褋懈褌懈	0.000276	0.127833	0.000035
褋懈褎芯薪芯褋	0.000276	4.605170	0.001271
褋泻邪蟹邪褌褜	0.001104	0.400478	0.000442
褋泻邪蟹泻邪	0.000276	0.116534	0.000032
褋泻芯谢褜泻芯	0.000276	1.771957	0.000489
褋谢邪写泻懈泄	0.006348	0.040822	0.000259
褋谢邪写泻芯	0.000276	0.116534	0.000032
褋谢械谐泻邪	0.000276	2.525729	0.000697
褋谢懈胁邪	0.000552	2.302585	0.001271
褋谢懈胁芯胁褘泄	0.000276	2.302585	0.000636
褋谢懈胁芯褔薪褘泄	0.004140	0.105361	0.000436
褋谢芯胁芯	0.000552	1.021651	0.000564
褋谢芯泄泻邪	0.000552	0.040822	0.000023
褋谢芯褢薪褘泄	0.000828	0.116534	0.000096
褋谢褍褔邪泄	0.000276	1.171183	0.000323
褋屑械褌邪薪邪	0.000276	0.105361	0.000029
褋屑械褕邪薪薪褘泄	0.000276	0.116534	0.000032
褋屑芯褔褜	0.000276	0.040822	0.000011
褋屑褍蟹懈	0.000828	0.040822	0.000034
褋薪褝泻	0.000276	0.116534	0.000032
褋芯斜懈褉邪褌褜褋褟	0.000276	0.040822	0.000011
褋芯胁械褉褕械薪褋褌胁芯	0.001380	0.116534	0.000161
褋芯胁械褌	0.000552	0.040822	0.000023
褋芯胁械褌芯胁邪褌褜	0.000276	1.139434	0.000315
褋芯谐谢邪褋懈褌褜褋褟	0.000276	2.813411	0.000777
褋芯谐谢邪褕邪褌褜褋褟	0.000276	0.040822	0.000011
褋芯写邪	0.001656	0.941609	0.001559
褋芯械胁褘泄	0.000552	0.798508	0.000441
褋芯蟹写邪胁邪褌褜	0.000276	0.105361	0.000029
褋芯蟹写邪薪懈械	0.000552	0.261365	0.000144
褋芯泻	0.001932	0.040822	0.000079
褋芯谢械薪懈械	0.000552	0.116534	0.000064
褋芯谢薪械褔薪褘泄	0.000276	0.116534	0.000032
褋芯谢褜	0.003312	0.127833	0.000423
褋芯谢褟薪泻邪	0.000552	0.040822	0.000023
褋芯谢褢薪褘泄	0.000828	0.116534	0.000096
褋芯芯斜褖懈褌褜	0.000276	2.995732	0.000827
褋芯褉褌懈褉芯胁邪褌褜	0.000276	0.248461	0.000069
褋芯褋褌邪胁懈褌褜	0.000276	0.116534	0.000032
褋芯褍褋	0.005796	0.040822	0.000237
褋芯褏褉邪薪褟褌褜	0.000276	0.040822	0.000011
褋芯褑褋械褌褜	0.000276	0.040822	0.000011
褋芯褔械褌邪薪懈械	0.000276	0.105361	0.000029
褋芯褔薪褘泄	0.000276	0.116534	0.000032
褋锌邪谢褜薪褟	0.000276	0.415515	0.000115
褋锌械褌褜	0.000276	0.116534	0.000032
褋锌械褑懈邪谢褜薪褘泄	0.000276	0.094311	0.000026
褋锌械褑懈褟	0.000828	0.094311	0.000078
褋锌械褑锌褉芯械泻褌	0.009108	0.116534	0.001061
褋锌懈褋芯泻	0.000276	0.116534	0.000032
褋锌褉芯褋懈褌褜	0.000276	2.525729	0.000697
褋褉械写懈蟹械屑薪芯屑芯褉褋泻懈泄	0.000276	0.127833	0.000035
褋褋褘谢泻邪	0.000276	4.605170	0.001271
褋褌邪卸	0.000276	3.912023	0.001080
褋褌邪褉褘泄	0.000276	0.261365	0.000072
褋褌邪褌褜	0.000276	1.049822	0.000290
褋褌邪褌褜褟	0.000276	0.061875	0.000017
褋褌懈谢褜	0.000552	0.116534	0.000064
褋褌芯谢	0.002760	0.105361	0.000291
褋褌芯谢懈褔薪褘泄	0.000276	4.605170	0.001271
褋褌褉邪薪邪	0.000276	1.832581	0.000506
褋褌褉邪薪懈褑邪	0.000276	2.525729	0.000697
褋褌褉芯懈褌械谢褜褋褌胁芯	0.000552	0.040822	0.000023
褋褌褉芯懈褌褜	0.000276	0.040822	0.000011
褋褌褉芯泄薪褘泄	0.000276	0.116534	0.000032
褋褌褉褍泻褌褍褉邪	0.000276	2.813411	0.000777
褋褍斜锌褉芯写褍泻褌	0.002760	0.116534	0.000322
褋褍屑邪褋褕械写褕懈泄	0.000276	2.207275	0.000609
褋褍屑械褌褜	0.000276	4.605170	0.001271
褋褍锌	0.005244	0.040822	0.000214
褋褍锌械褉斜邪斜褍褕泻邪	0.000276	1.237874	0.000342
褋褍褌泻懈	0.000276	1.771957	0.000489
褋褍褎谢械	0.000828	0.040822	0.000034
褋褍褏邪褉褜	0.000276	0.040822	0.000011
褋褍褕懈褌褜	0.000552	0.040822	0.000023
褋褔懈褌邪褌褜	0.000276	1.347074	0.000372
褋褘褉	0.002484	0.040822	0.000101
褋褘褉薪懈泻	0.000828	0.040822	0.000034
褋褘褉薪褘泄	0.001104	0.040822	0.000045
褋褘褌薪褘泄	0.000552	0.105361	0.000058
褋褘褔褍卸薪褘泄	0.000276	0.127833	0.000035
褋褝薪写胁懈褔	0.000276	0.127833	0.000035
褋褞褉锌褉懈蟹	0.000276	0.116534	0.000032
褋褢屑谐邪	0.000276	0.040822	0.000011
褌邪写卸懈泻褋泻懈泄	0.000276	0.116534	0.000032
褌邪泄屑褋	0.000276	2.407946	0.000665
褌邪泄褋泻懈泄	0.000276	0.116534	0.000032
褌邪泻懈	0.000276	1.237874	0.000342
褌邪褉褌	0.000276	0.116534	0.000032
褌邪褉褌邪谢械褌泻邪	0.000552	0.040822	0.000023
褌邪褌邪褉褋泻懈泄	0.000276	0.116534	0.000032
褌邪褟褌褜	0.000276	1.514128	0.000418
褌胁芯泄	0.000552	0.116534	0.000064
褌胁芯褉懈褌褜	0.000276	0.116534	0.000032
褌胁芯褉芯谐	0.001380	0.040822	0.000056
褌胁芯褉芯卸薪褘泄	0.001104	0.094311	0.000104
褌械谢械谐褉邪屑	0.000276	0.040822	0.000011
褌械谢褟褌懈薪邪	0.001104	0.116534	0.000129
褌械锌械褉褜	0.000552	0.916291	0.000506
褌械锌谢芯	0.000276	0.116534	0.000032
褌械褉锌械薪懈械	0.000828	2.302585	0.001907
褌械褉褉懈薪邪	0.000276	0.040822	0.000011
褌械褋褌	0.008832	0.105361	0.000931
褌械褋褌芯	0.003036	0.040822	0.000124
褌械褏薪懈泻邪	0.001380	0.105361	0.000145
褌屑	0.001104	0.127833	0.000141
褌芯谐写邪褕薪懈泄	0.000276	2.407946	0.000665
褌芯屑	0.000552	1.139434	0.000629
褌芯锌谢褢薪褘泄	0.000276	0.116534	0.000032
褌芯褉褌	0.005520	0.040822	0.000225
褌芯褔泻邪	0.000276	3.218876	0.000888
褌褉邪胁邪	0.000276	0.094311	0.000026
褌褉邪写懈褑懈褟	0.001656	0.116534	0.000193
褌褉懈卸写褘	0.000276	2.302585	0.000636
褌褉褍斜芯褔泻邪	0.000276	0.040822	0.000011
褌褉褢褏谢械褌懈械	0.000276	0.116534	0.000032
褌褍谢褜褋泻懈泄	0.000552	4.605170	0.002542
褌褍薪械褑	0.000276	0.105361	0.000029
褌褍薪懈褋褋泻懈泄	0.000276	0.116534	0.000032
褌褍褉械褑泻懈泄	0.000276	0.116534	0.000032
褌褘泻胁邪	0.000828	0.040822	0.000034
褌褢褖懈薪	0.000276	0.040822	0.000011
褍胁械写芯屑谢械薪懈械	0.000276	0.040822	0.000011
褍谐芯褋褌懈褌褜	0.000276	1.660731	0.000458
褍写邪谢懈褌褜	0.000276	1.660731	0.000458
褍写邪褔薪褘泄	0.000276	0.116534	0.000032
褍写懈胁懈褌褜	0.000552	0.116534	0.000064
褍写懈胁谢褟褌褜	0.001104	0.116534	0.000129
褍写芯胁芯谢褜褋褌胁懈械	0.000276	0.116534	0.000032
褍卸	0.000828	0.693147	0.000574
褍卸懈薪	0.001656	0.094311	0.000156
褍蟹斜械泻褋泻懈泄	0.000276	0.116534	0.000032
褍蟹薪邪褌褜	0.000276	2.120264	0.000585
褍泻邪蟹邪褌褜	0.000276	2.525729	0.000697
褍泻褉邪懈薪褋泻懈泄	0.000276	0.116534	0.000032
褍泻褉邪褕械薪懈械	0.002208	0.116534	0.000257
褍泻褋褍褋	0.000552	0.562119	0.000310
褍谢懈褑邪	0.000276	3.218876	0.000888
褍屑	0.000276	2.813411	0.000777
褍屑械薪褜褕懈褌褜	0.000276	3.912023	0.001080
褍屑械褉械褌褜	0.000276	4.605170	0.001271
褍锌芯褌褉械斜谢械薪懈械	0.000276	0.116534	0.000032
褍褉邪谢褜褋泻懈泄	0.000276	0.116534	0.000032
褍褉芯卸邪泄	0.000276	0.105361	0.000029
褍褌泻邪	0.000828	0.116534	0.000096
褍褏芯	0.000276	0.040822	0.000011
褍褔邪褋褌胁芯胁邪褌褜	0.000276	0.040822	0.000011
褍褔械斜薪褘泄	0.000276	2.407946	0.000665
褎邪胁芯褉懈褌	0.000276	3.218876	0.000888
褎邪蟹械薪写邪	0.000276	0.116534	0.000032
褎邪薪褌邪蟹懈褟	0.002208	0.116534	0.000257
褎邪褉褕	0.003588	0.040822	0.000146
褎邪褉褕懈褉芯胁邪薪薪褘泄	0.001656	0.040822	0.000068
褎邪褋芯谢褜	0.000276	0.040822	0.000011
褎械胁褉邪谢褜	0.000828	0.094311	0.000078
褎械泄械褉胁械褉泻	0.000552	0.116534	0.000064
褎懈谐褍褉邪	0.000276	0.116534	0.000032
褎懈薪褋泻懈泄	0.000276	0.116534	0.000032
褎懈褉屑械薪薪褘泄	0.000276	0.116534	0.000032
褎芯薪写褞	0.000276	0.040822	0.000011
褎芯褉屑邪	0.000552	0.105361	0.000058
褎芯褉褍屑	0.000552	0.040822	0.000023
褎芯褉褕屑邪泻	0.000276	0.040822	0.000011
褎芯褌芯	0.000828	2.040221	0.001689
褎褉邪薪褑懈褟	0.000276	0.116534	0.000032
褎褉邪薪褑褍蟹褋泻懈泄	0.000552	0.094311	0.000052
褎褉邪褍	0.001104	0.116534	0.000129
褎褉械泄屑	0.000276	3.218876	0.000888
褎褉褍泻褌	0.001104	0.116534	0.000129
褎褉褍泻褌芯胁褘泄	0.002760	0.040822	0.000113
褎褍写	0.000276	0.116534	0.000032
褎褍褉褕械褌	0.000276	0.116534	0.000032
褏邪谢胁邪	0.000276	0.040822	0.000011
褏邪褉胁械褋褌褎械褋褌	0.000552	0.116534	0.000064
褏邪褉褔芯	0.000552	0.040822	0.000023
褏邪褕	0.000276	0.040822	0.000011
褏胁芯褉芯褋褌	0.000276	0.040822	0.000011
褏懈屑懈褟	0.000276	3.218876	0.000888
褏懈薪泻邪谢懈	0.000276	0.116534	0.000032
褏懈褌	0.001932	0.116534	0.000225
褏谢械斜	0.000828	0.040822	0.000034
褏谢械斜芯锌械褔泻邪	0.000276	0.116534	0.000032
褏谢芯锌褜褟	0.001104	0.094311	0.000104
褏芯写懈褌褜	0.000276	1.771957	0.000489
褏芯蟹褟泄泻邪	0.000276	0.116534	0.000032
褏芯谢芯写械褑	0.000276	0.040822	0.000011
褏芯谢芯写懈谢褜薪懈泻	0.000276	1.049822	0.000290
褏芯谢芯写薪芯械	0.000552	0.116534	0.000064
褏芯谢芯写薪褘泄	0.000552	0.116534	0.000064
褏芯褉胁邪褌褋泻懈泄	0.000276	0.116534	0.000032
褏芯褉芯褕懈泄	0.001656	0.040822	0.000068
褏芯褉芯褕芯	0.001380	0.105361	0.000145
褏芯褉褋	0.000276	0.116534	0.000032
褏芯褌械褌褜	0.000828	0.000000	0.000000
褏芯褌械褌褜褋褟	0.000552	1.237874	0.000683
褏褉褍褋褌械褌褜	0.000552	0.713350	0.000394
褏褍屑褍褋邪	0.000276	0.040822	0.000011
褑邪褉褋褌胁芯	0.000276	0.127833	0.000035
褑邪褉褜	0.000276	0.116534	0.000032
褑胁械褌薪芯泄	0.000276	0.040822	0.000011
褑械写褉邪	0.000552	1.832581	0.001012
褑械谢褘泄	0.000276	1.714798	0.000473
褑械薪薪褘泄	0.000276	0.040822	0.000011
褑械薪褌褉	0.000552	0.116534	0.000064
褔邪械屑褘泄	0.000276	0.116534	0.000032
褔邪泄	0.000828	0.040822	0.000034
褔邪褋褌芯	0.000276	0.994252	0.000274
褔械斜褍褉械泻	0.000552	0.040822	0.000023
褔械谢芯胁械泻	0.000552	0.916291	0.000506
褔械屑	0.000276	0.994252	0.000274
褔械褉泻懈蟹芯胁褘泄	0.000552	0.116534	0.000064
褔械褋薪芯泻	0.001104	0.314711	0.000347
褔械褋褌薪芯	0.000552	1.203973	0.000665
褔械褋褌薪芯泄	0.000552	0.040822	0.000023
褔械褔械胁懈褑邪	0.000276	0.040822	0.000011
褔械褕褋泻懈泄	0.000276	0.116534	0.000032
褔懈蟹泻械泄泻	0.001104	0.040822	0.000045
褔懈谢懈泄褋泻懈泄	0.000276	0.116534	0.000032
褔懈锌褋褘	0.000276	0.040822	0.000011
褔懈褋谢芯	0.000276	0.235722	0.000065
褔褉械蟹胁褘褔邪泄薪芯	0.000276	2.040221	0.000563
褔褌芯斜	0.000276	3.506558	0.000968
褔褍写械褋薪褘泄	0.000276	1.514128	0.000418
褔褍写芯	0.000276	0.116534	0.000032
褔褢褉薪褘泄	0.000552	0.356675	0.000197
褕邪褉懈泻	0.000276	0.040822	0.000011
褕邪褉谢芯褌泻邪	0.000552	0.040822	0.000023
褕邪褉屑	0.000276	0.116534	0.000032
褕邪褕谢褘泻	0.003588	0.040822	0.000146
褕胁械写褋泻懈泄	0.000276	0.116534	0.000032
褕胁械泄褑邪褉褋泻懈泄	0.000276	0.116534	0.000032
褕械写械胁褉	0.000276	0.116534	0.000032
褕械褎	0.000276	0.127833	0.000035
褕懈锌褍褔泻邪	0.000276	0.040822	0.000011
褕懈褉芯泻懈泄	0.000276	0.127833	0.000035
褕泻芯谢邪	0.000276	0.116534	0.000032
褕芯泻芯谢邪写	0.000276	0.040822	0.000011
褕芯褌谢邪薪写褋泻懈泄	0.000276	0.116534	0.000032
褕褌褉褍写械谢褜	0.000276	0.040822	0.000011
褕褌褍褔泻邪	0.000276	2.040221	0.000563
褕褍褉锌邪	0.000276	0.040822	0.000011
褖械写褉褘泄	0.000276	0.116534	0.000032
褖懈	0.000552	0.040822	0.000023
褝泻芯屑懈谢泻	0.000276	0.127833	0.000035
褝屑屑邪	0.000276	4.605170	0.001271
褝褋褌芯薪褋泻懈	0.000276	4.605170	0.001271
褝褋褌芯薪褋泻懈泄	0.000276	0.116534	0.000032
褞谐芯褋谢邪胁褋泻懈泄	0.000276	0.116534	0.000032
褟斜谢芯泻芯	0.001932	1.237874	0.002392
褟斜谢芯褔泻芯	0.000276	3.506558	0.000968
褟斜谢芯褔薪褘泄	0.000276	1.714798	0.000473
褟谐芯写薪褘泄	0.001104	0.105361	0.000116
褟蟹褘泻	0.000276	0.040822	0.000011
褟懈褔薪褘泄	0.001656	0.941609	0.001559
褟泄褑芯	0.007452	0.040822	0.000304
褟薪胁邪褉褜	0.000552	0.733969	0.000405
褟薪写械泻褋	0.000276	0.072571	0.000020
褟锌芯薪褋泻懈泄	0.000552	0.051293	0.000028
褟褉泻懈泄	0.000276	0.116534	0.000032
褟褉泻芯	0.000276	0.105361	0.000029
