谢械屑屑邪	TF	IDF	TF-IDF
邪斜懈谢懈薪邪	0.000254	4.605170	0.001172
邪斜褏邪蟹褋泻懈泄	0.000254	0.116534	0.000030
邪胁谐褍褋褌	0.000509	0.843970	0.000430
邪胁褋褌褉邪谢懈泄褋泻懈泄	0.000254	0.116534	0.000030
邪胁褋褌褉懈泄褋泻懈泄	0.000254	0.116534	0.000030
邪胁褌芯泻谢邪胁	0.000254	0.116534	0.000030
邪胁褌芯褉	0.000509	0.040822	0.000021
邪谐褉芯	0.000254	0.116534	0.000030
邪写卸懈泻邪	0.000254	0.040822	0.000010
邪写屑懈薪懈褋褌褉邪褌芯褉	0.000254	2.995732	0.000762
邪蟹	0.000254	0.127833	0.000033
邪蟹械褉斜邪泄写卸邪薪褋泻懈泄	0.000254	0.116534	0.000030
邪蟹懈邪褌褋泻懈泄	0.000254	0.127833	0.000033
邪泄褉邪薪	0.000254	0.040822	0.000010
邪泻邪写械屑懈褟	0.000254	4.605170	0.001172
邪泻胁邪褌懈泻	0.000763	0.127833	0.000098
邪谢械泻褋械泄	0.000254	0.127833	0.000033
邪谢泻芯谐芯谢褜	0.000763	0.116534	0.000089
邪谢泻芯谐芯谢褜薪褘泄	0.000254	0.116534	0.000030
邪谢褜褟薪褋	0.000254	0.116534	0.000030
邪屑械褉懈泻邪薪褋泻懈泄	0.000254	0.116534	0.000030
邪薪邪谢芯谐	0.000254	2.995732	0.000762
邪薪邪薪邪褋	0.000509	2.995732	0.001525
邪薪邪褌芯屑懈褔械褋泻懈泄	0.000254	4.605170	0.001172
邪薪谐谢懈泄褋泻懈泄	0.000254	0.116534	0.000030
邪薪写褉械泄	0.000254	0.127833	0.000033
邪褉邪斜褋泻懈泄	0.000763	0.116534	0.000089
邪褉谐械薪褌懈薪褋泻懈泄	0.000254	0.116534	0.000030
邪褉屑褟薪褋泻懈泄	0.000254	0.116534	0.000030
邪褉褜械	0.000254	4.605170	0.001172
邪褋褋芯褉褌懈	0.000509	0.116534	0.000059
邪褌谢邪薪褌	0.000254	0.116534	0.000030
邪褎谐邪薪褋泻懈泄	0.000254	0.116534	0.000030
邪褎褉懈泻邪薪褋泻懈泄	0.000254	0.116534	0.000030
邪褝褉芯谐褉懈谢褜	0.002545	0.116534	0.000297
斜邪胁邪褉褋泻懈泄	0.000509	3.506558	0.001785
斜邪泻谢邪卸邪薪	0.000254	0.040822	0.000010
斜邪谢褌泻芯屑邪	0.000254	0.127833	0.000033
斜邪薪邪谢褜薪褘泄	0.000254	2.995732	0.000762
斜邪褉邪薪懈薪邪	0.001018	0.116534	0.000119
斜邪褉褏邪褌懈褋褌褘泄	0.000254	3.912023	0.000995
斜邪褋屑邪褌懈	0.000509	0.127833	0.000065
斜邪褋褌褍褉屑	0.000254	0.040822	0.000010
斜邪褋褌褍褉屑邪	0.000254	0.040822	0.000010
斜邪褌芯薪褔懈泻	0.000763	0.127833	0.000098
斜邪褕泻懈褉褋泻懈泄	0.000254	0.116534	0.000030
斜械蟹邪谢泻芯谐芯谢褜薪褘泄	0.000254	0.116534	0.000030
斜械蟹谐谢褞褌械薪芯胁芯械	0.000254	0.116534	0.000030
斜械蟹械	0.001018	0.040822	0.000042
斜械蟹褍屑薪芯	0.000254	1.560648	0.000397
斜械谢械斜械械胁褋泻懈泄	0.000509	0.116534	0.000059
斜械谢泻邪	0.000254	2.120264	0.000540
斜械谢芯褉褍褋褋泻懈泄	0.000254	0.116534	0.000030
斜械谢褘泄	0.001272	1.237874	0.001575
斜械谢褜谐懈泄褋泻懈泄	0.000254	0.116534	0.000030
斜械褉械屑械薪薪邪褟	0.000254	0.116534	0.000030
斜械褋械写懈薪	0.000254	0.127833	0.000033
斜懈褋泻胁懈褌	0.001781	0.040822	0.000073
斜懈褋泻胁懈褌薪褘泄	0.001781	0.105361	0.000188
斜谢邪谐芯写邪褉褟	0.000254	1.897120	0.000483
斜谢懈蟹泻懈泄	0.000509	0.116534	0.000059
斜谢懈薪	0.001527	0.040822	0.000062
斜谢褞写芯	0.025191	0.040822	0.001028
斜芯斜芯胁褘泄	0.002036	0.116534	0.000237
斜芯谢谐邪褉褋泻懈泄	0.000254	0.116534	0.000030
斜芯谢械谢褜褖懈泻	0.000254	4.605170	0.001172
斜芯谢褜褕懈薪褋褌胁芯	0.000254	2.207275	0.000562
斜芯谢褜褕芯泄	0.001018	0.094311	0.000096
斜芯薪褍褋	0.000254	3.506558	0.000892
斜芯褉褖	0.000509	0.040822	0.000021
斜芯褌胁懈薪褜褟	0.000254	0.040822	0.000010
斜褉邪蟹懈谢褜褋泻懈泄	0.000254	0.116534	0.000030
斜褉邪褍蟹械褉	0.000254	0.040822	0.000010
斜褉邪褍薪懈	0.000254	0.040822	0.000010
斜褉械褋褌	0.000254	0.127833	0.000033
斜褉芯泻泻芯谢懈	0.000254	0.040822	0.000010
斜褍卸械薪懈薪邪	0.000254	0.040822	0.000010
斜褍谢芯褔泻邪	0.000763	0.040822	0.000031
斜褍谢褜芯薪	0.002799	0.040822	0.000114
斜褍褉谐械褉	0.000509	0.040822	0.000021
斜褍褉褟褌褋泻懈泄	0.000254	0.116534	0.000030
斜褍褌械褉斜褉芯写	0.001018	0.040822	0.000042
斜褘褋褌褉芯	0.001018	0.094311	0.000096
斜褘褋褌褉褘泄	0.000763	0.094311	0.000072
胁邪卸薪褘泄	0.000254	0.116534	0.000030
胁邪谢谢懈泄褋泻懈泄	0.000254	0.116534	0.000030
胁邪薪懈谢懈薪	0.001018	1.609438	0.001638
胁邪薪懈谢褜薪褘泄	0.001018	1.347074	0.001371
胁邪褉械薪懈械	0.000509	0.040822	0.000021
胁邪褉械薪懈泻	0.000254	0.116534	0.000030
胁邪褉懈邪薪褌	0.000509	0.356675	0.000182
胁邪褌褉褍褕泻邪	0.000509	0.040822	0.000021
胁邪褎谢褟	0.000509	0.040822	0.000021
胁邪褕	0.000763	0.000000	0.000000
胁胁芯写懈褌褜	0.000254	0.040822	0.000010
胁写芯褏薪芯胁械薪懈械	0.001527	0.116534	0.000178
胁写芯褏薪芯胁谢褟褌褜褋褟	0.000254	0.116534	0.000030
胁械谐械褌邪褉懈邪薪褋泻懈泄	0.000509	0.116534	0.000059
胁械谢懈泻懈泄	0.000254	0.116534	0.000030
胁械谢懈泻芯谢械锌薪芯	0.000254	3.506558	0.000892
胁械谢懈泻芯谢械锌薪褘泄	0.000254	1.427116	0.000363
胁械薪谐械褉褋泻懈泄	0.000509	0.116534	0.000059
胁械褉懈褌褜褋褟	0.000254	4.605170	0.001172
胁械褋械薪薪懈泄	0.000254	0.051293	0.000013
胁械褋薪邪	0.001527	0.116534	0.000178
胁械褌褔懈薪邪	0.000254	0.094311	0.000024
胁蟹斜懈胁邪薪懈械	0.000509	3.912023	0.001991
胁蟹褟褌褜	0.000254	1.171183	0.000298
胁蟹褟褌褜褋褟	0.000254	4.605170	0.001172
胁懈写	0.000254	0.776529	0.000198
胁懈写械芯	0.000509	0.116534	0.000059
胁懈写械芯褉械褑械锌褌	0.000254	0.301105	0.000077
胁懈泻褌芯褉懈薪	0.000254	3.912023	0.000995
胁懈泻褌芯褉懈薪邪	0.000254	3.912023	0.000995
胁懈薪芯	0.000509	0.040822	0.000021
胁泻谢褞褔邪褌褜	0.000254	0.634878	0.000162
胁泻芯薪褌邪泻褌械	0.000254	3.912023	0.000995
胁泻褍褋	0.004835	0.105361	0.000509
胁泻褍褋薪芯	0.001272	0.094311	0.000120
胁泻褍褋薪芯芯芯	0.000254	4.605170	0.001172
胁泻褍褋薪褘泄	0.004326	0.061875	0.000268
胁谢褞斜懈褌褜	0.000254	0.116534	0.000030
胁屑械褋褌械	0.000254	0.916291	0.000233
胁薪邪褔邪谢械	0.001018	0.248461	0.000253
胁薪械褕薪械	0.000509	3.912023	0.001991
胁薪褍褌褉械薪薪械	0.000254	4.605170	0.001172
胁芯写邪	0.003562	0.094311	0.000336
胁芯蟹写褍褕薪褘泄	0.000254	1.469676	0.000374
胁芯蟹屑芯卸薪芯	0.000254	1.469676	0.000374
胁芯泄褌懈	0.000254	0.000000	0.000000
胁芯谢芯胁邪薪	0.000254	0.116534	0.000030
胁芯谢褕械斜薪褘泄	0.000254	0.116534	0.000030
胁芯谢褕械斜褋褌胁芯	0.000254	0.116534	0.000030
胁芯芯斜褖械	0.000763	1.386294	0.001058
胁芯锌谢芯褖械薪懈械	0.000254	4.605170	0.001172
胁芯锌褉芯褋	0.000254	0.000000	0.000000
胁芯褋褌芯褔薪褘泄	0.000254	0.127833	0.000033
胁芯褋褏懈褌懈褌械谢褜薪褘泄	0.000763	2.120264	0.001619
胁锌械褉胁褘械	0.000254	1.560648	0.000397
胁褉械屑褟	0.003562	0.105361	0.000375
胁褉褟写	0.000254	4.605170	0.001172
胁褋械谐写邪	0.000509	0.653926	0.000333
胁褋锌芯屑薪懈褌褜	0.000254	0.040822	0.000010
胁褋褟泻懈泄	0.000763	2.120264	0.001619
胁褌芯褉芯械	0.000254	0.116534	0.000030
胁褌芯褉芯泄	0.001018	0.116534	0.000119
胁褏芯写	0.000763	0.030459	0.000023
胁褔械褉邪	0.000254	2.040221	0.000519
胁褘斜褉邪褌褜	0.000254	3.506558	0.000892
胁褘泄褌懈	0.000254	0.040822	0.000010
胁褘锌邪写邪褌褜	0.000254	4.605170	0.001172
胁褘锌械褔泻邪	0.004326	0.040822	0.000177
胁褘褋褌邪胁懈褌褜	0.000254	2.813411	0.000716
胁褘褋褌邪胁谢褟褌褜	0.000254	2.525729	0.000643
胁褘褟胁懈褌褜	0.000254	4.605170	0.001172
胁褜械褌薪邪屑褋泻懈泄	0.000254	0.116534	0.000030
谐邪胁邪泄褋泻懈泄	0.000254	0.116534	0.000030
谐邪褉薪懈褉	0.001272	0.040822	0.000052
谐邪褋锌邪褔芯	0.000254	0.040822	0.000010
谐邪褋褌褉芯薪芯屑懈褟	0.000254	4.605170	0.001172
谐械芯谐褉邪褎懈褟	0.000254	0.116534	0.000030
谐谢邪胁薪褘泄	0.000254	0.040822	0.000010
谐谢邪蟹	0.000254	2.207275	0.000562
谐谢邪蟹褍褉褜	0.001018	0.040822	0.000042
谐谢懈薪褋泻懈泄	0.000254	4.605170	0.001172
谐谢懈薪褌胁械泄薪	0.000254	0.040822	0.000010
谐谢褞泻芯蟹邪	0.001018	4.605170	0.004687
谐芯	0.000254	3.506558	0.000892
谐芯胁褟写懈薪邪	0.001018	0.116534	0.000119
谐芯写	0.006361	0.083382	0.000530
谐芯谢谢邪薪写褋泻懈泄	0.000254	0.116534	0.000030
谐芯谢芯胁邪	0.000254	2.659260	0.000677
谐芯褉芯写	0.000763	0.116534	0.000089
谐芯褉芯褏	0.000254	0.116534	0.000030
谐芯褉褔懈褑邪	0.000763	0.040822	0.000031
谐芯褉褕芯褔械泻	0.000509	0.040822	0.000021
谐芯褉褜泻懈泄	0.000254	3.218876	0.000819
谐芯褉褟褔械械	0.000763	0.116534	0.000089
谐芯褉褟褔懈泄	0.010178	0.105361	0.001072
谐芯褋褌褜	0.001018	0.116534	0.000119
谐芯褌芯胁懈褌褜	0.004580	0.083382	0.000382
谐芯褌芯胁褘泄	0.000254	0.755023	0.000192
谐褉	0.000254	3.912023	0.000995
谐褉械薪泻邪	0.000509	0.040822	0.000021
谐褉械褑泻懈泄	0.001018	1.469676	0.001496
谐褉械褔械褋泻懈泄	0.000254	0.116534	0.000030
谐褉械褔泻邪	0.000254	0.040822	0.000010
谐褉懈斜	0.002545	0.040822	0.000104
谐褉懈斜薪芯泄	0.000509	0.040822	0.000021
谐褉懈谢褜	0.002545	0.105361	0.000268
谐褉懈谢褜屑邪薪懈褟	0.000254	0.116534	0.000030
谐褉芯谐	0.000254	0.040822	0.000010
谐褉褍蟹懈薪褋泻懈泄	0.000254	0.116534	0.000030
谐褉褍锌锌邪	0.000763	0.061875	0.000047
谐褉褟蟹褜	0.000254	4.605170	0.001172
谐褍褉	0.000254	4.605170	0.001172
谐褍褉屑	0.000254	0.127833	0.000033
谐褍褉屑邪薪懈褟	0.001527	0.116534	0.000178
谐褍褋褜	0.000509	0.105361	0.000054
写邪胁邪褌褜	0.000254	0.040822	0.000010
写邪薪薪褘械	0.000254	0.040822	0.000010
写邪薪薪褘泄	0.000254	1.660731	0.000423
写邪褉	0.000254	0.116534	0.000030
写邪褌邪	0.000509	0.248461	0.000126
写邪褌褋泻懈泄	0.000254	0.116534	0.000030
写邪褌褜	0.000254	0.040822	0.000010
写邪褔薪褘泄	0.000763	0.116534	0.000089
写胁邪	0.000254	0.967584	0.000246
写胁邪写褑邪褌褜	0.000254	3.912023	0.000995
写胁邪卸写褘	0.000254	2.525729	0.000643
写械胁芯褔泻邪	0.000763	1.171183	0.000894
写械卸褍褉薪褘泄	0.000254	3.912023	0.000995
写械泻芯褉	0.000254	0.127833	0.000033
写械谢邪褌褜	0.001781	0.083382	0.000149
写械谢邪褌褜褋褟	0.000509	1.203973	0.000613
写械谢懈褌褜褋褟	0.000509	0.040822	0.000021
写械谢芯	0.000254	0.105361	0.000027
写械薪褜	0.003053	0.040822	0.000125
写械褋械褉褌	0.009415	0.040822	0.000384
写械褋械褉褌邪褑懈褟	0.000254	0.116534	0.000030
写械褋械褉褌薪褘泄	0.000509	0.116534	0.000059
写械褌褋褌胁芯	0.000254	1.897120	0.000483
写卸邪薪写褍泄褟	0.000254	4.605170	0.001172
写卸械屑	0.000254	0.040822	0.000010
写卸械屑邪	0.000254	0.040822	0.000010
写蟹械薪	0.000254	0.116534	0.000030
写懈胁薪褘泄	0.000254	3.912023	0.000995
写懈械褌邪	0.000509	0.094311	0.000048
写懈泻懈泄	0.000763	0.116534	0.000089
写懈锌	0.000254	0.116534	0.000030
写懈褔褜	0.000763	0.116534	0.000089
写薪械胁薪懈泻	0.000254	0.061875	0.000016
写芯斜邪胁懈褌褜	0.000763	0.083382	0.000064
写芯斜邪胁泻邪	0.000254	2.302585	0.000586
写芯斜邪胁谢械薪懈械	0.000254	0.223144	0.000057
写芯斜邪胁谢褟褌褜	0.000254	0.040822	0.000010
写芯斜褉邪褌褜褋褟	0.000254	4.605170	0.001172
写芯斜褉芯褎谢芯褌	0.000254	0.127833	0.000033
写芯胁械褉褟褌褜	0.000254	0.116534	0.000030
写芯胁芯谢褜薪芯	0.000254	1.609438	0.000410
写芯卸写邪褌褜褋褟	0.000254	3.912023	0.000995
写芯谢谐懈泄	0.000509	1.609438	0.000819
写芯谢卸薪褘泄	0.000509	1.078810	0.000549
写芯屑	0.002545	0.040822	0.000104
写芯屑邪褕薪懈泄	0.003053	0.040822	0.000125
写芯屑懈薪懈褉芯胁邪褌褜	0.000254	3.912023	0.000995
写芯褋褌芯泄薪芯	0.000254	2.995732	0.000762
写褉邪泄胁	0.001272	0.127833	0.000163
写褉芯卸卸械胁芯泄	0.000254	0.116534	0.000030
写褍屑邪褌褜	0.000254	0.634878	0.000162
写褍褏芯胁泻邪	0.001272	0.105361	0.000134
写褍褕邪	0.001018	0.105361	0.000107
械胁褉械泄褋泻懈泄	0.000254	0.116534	0.000030
械谐懈锌械褌褋泻懈泄	0.000254	0.116534	0.000030
械写懈薪褋褌胁械薪薪褘泄	0.000254	3.218876	0.000819
械写懈薪褘泄	0.000254	0.000000	0.000000
械蟹写懈褌褜	0.000254	3.912023	0.000995
械泻芯	0.000254	0.127833	0.000033
卸邪褉泻芯械	0.000254	0.040822	0.000010
卸写邪褌褜	0.000254	2.207275	0.000562
卸械谢邪褌懈薪邪	0.002036	1.427116	0.002905
卸械谢械	0.000763	0.040822	0.000031
卸械谢褌芯泻	0.000509	1.237874	0.000630
卸械薪褋泻懈泄	0.000509	0.020203	0.000010
卸械薪褖懈薪邪	0.000509	0.061875	0.000031
卸懈胁芯褌薪芯械	0.000254	3.912023	0.000995
卸懈写泻懈泄	0.000509	2.813411	0.001432
卸懈蟹薪褜	0.000763	0.040822	0.000031
卸懈褌褜	0.000254	2.207275	0.000562
卸褍谢褜械薪	0.000254	0.040822	0.000010
卸褍褉薪邪谢	0.000254	0.072571	0.000018
卸褞谢褜械薪	0.000254	0.040822	0.000010
卸褞谢褜薪褘泄	0.000254	0.040822	0.000010
蟹邪胁邪褉薪芯泄	0.000763	0.116534	0.000089
蟹邪胁械褉褕懈褌褜褋褟	0.000254	3.218876	0.000819
蟹邪胁褌褉邪泻	0.002036	0.094311	0.000192
蟹邪谐芯褉械褌褜褋褟	0.000254	4.605170	0.001172
蟹邪谐芯褌芯胁泻邪	0.001018	0.040822	0.000042
蟹邪谐褍褋褌懈褌械谢褜	0.000509	4.605170	0.002344
蟹邪写邪胁邪褌褜	0.000254	0.040822	0.000010
蟹邪写褍斜械褌褜	0.000254	4.605170	0.001172
蟹邪泻胁邪褋泻邪	0.000763	0.040822	0.000031
蟹邪泻褉褘褌褘泄	0.000254	0.116534	0.000030
蟹邪泻褍褋泻邪	0.005344	0.040822	0.000218
蟹邪泻褍褋芯薪褔懈泻	0.000254	0.116534	0.000030
蟹邪泻褍褋芯褔泻邪	0.000254	0.116534	0.000030
蟹邪泻褍褋芯褔薪邪褟	0.002290	0.116534	0.000267
蟹邪谢懈胁薪芯械	0.000509	0.040822	0.000021
蟹邪屑械薪懈褌褜	0.000254	2.120264	0.000540
蟹邪屑械褌懈褌褜	0.000509	2.407946	0.001225
蟹邪屑械褌泻邪	0.000254	2.995732	0.000762
蟹邪屑芯褉芯蟹泻邪	0.000254	0.105361	0.000027
蟹邪屑芯褉芯蟹芯泻	0.000254	3.912023	0.000995
蟹邪薪懈屑邪褌褜褋褟	0.000254	2.995732	0.000762
蟹邪锌邪写	0.000254	0.116534	0.000030
蟹邪锌械泻邪薪泻邪	0.002799	0.040822	0.000114
蟹邪锌褉邪胁泻邪	0.000509	0.040822	0.000021
蟹邪褉邪薪械械	0.000254	1.660731	0.000423
蟹邪褉械谐懈褋褌褉懈褉芯胁邪褌褜褋褟	0.000509	0.030459	0.000016
蟹邪褋芯谢泻邪	0.000254	0.116534	0.000030
蟹邪褋褌褘胁邪褌褜	0.000254	3.912023	0.000995
蟹邪褏芯写懈褌褜	0.000254	0.733969	0.000187
蟹邪褟褑	0.000509	0.116534	0.000059
蟹胁邪薪褘泄	0.000254	0.127833	0.000033
蟹胁械蟹写邪	0.000254	0.116534	0.000030
蟹胁褢蟹写薪褘泄	0.000254	0.116534	0.000030
蟹写芯褉芯胁褘泄	0.000509	0.116534	0.000059
蟹械谢械薪褜	0.000254	0.094311	0.000024
蟹械褉泻邪谢褜薪褘泄	0.000254	4.605170	0.001172
蟹械褎懈褉	0.000254	0.040822	0.000010
蟹懈屑邪	0.001018	0.040822	0.000042
蟹懈屑薪懈泄	0.000254	0.051293	0.000013
蟹懈屑芯泄	0.000254	2.995732	0.000762
蟹薪邪泻芯屑懈褌褜褋褟	0.000254	3.506558	0.000892
蟹薪邪薪懈械	0.000254	3.912023	0.000995
蟹薪邪褌褜	0.000254	0.462035	0.000118
蟹芯谢芯褌芯泄	0.000254	0.116534	0.000030
蟹褉懈褌械谢褜	0.000254	4.605170	0.001172
懈胁邪薪芯胁	0.000254	0.127833	0.000033
懈写械邪谢褜薪芯	0.000254	1.514128	0.000385
懈写械邪谢褜薪褘泄	0.002290	0.116534	0.000267
懈写械泄泻邪	0.000254	0.116534	0.000030
懈写械褟	0.000509	1.609438	0.000819
懈蟹胁械褋褌薪褘泄	0.000509	1.049822	0.000534
懈蟹谐芯褌芯胁懈褌褜	0.000254	4.605170	0.001172
懈蟹谐芯褌芯胁谢械薪懈械	0.000254	3.218876	0.000819
懈蟹写械谢懈械	0.001781	0.116534	0.000208
懈蟹芯斜褉械褌械薪懈械	0.000509	2.407946	0.001225
懈蟹褉邪懈谢褜	0.000254	4.605170	0.001172
懈蟹褘褋泻邪薪薪褘泄	0.000254	2.813411	0.000716
懈泻褉邪	0.000763	0.040822	0.000031
懈屑褟	0.000509	0.030459	0.000016
懈薪胁械褉褌芯褉薪褘泄	0.000254	0.127833	0.000033
懈薪谐褉械写懈械薪褌	0.007634	0.139262	0.001063
懈薪写械泄泻邪	0.001527	0.094311	0.000144
懈薪写懈泄褋泻懈泄	0.000254	0.116534	0.000030
懈薪写懈谢邪泄褌邪	0.000763	0.116534	0.000089
懈薪写懈褉械褋薪褘泄	0.000254	0.116534	0.000030
懈薪芯谐写邪	0.000509	1.897120	0.000965
懈薪褋褌褉褍泻褑懈褟	0.000254	0.030459	0.000008
懈薪褌械褉械褋薪褘泄	0.000254	0.916291	0.000233
懈薪褌械褉薪械褌	0.000254	0.967584	0.000246
懈褉邪泻褋泻懈泄	0.000254	0.116534	0.000030
懈褉邪薪褋泻懈泄	0.000254	0.116534	0.000030
懈褉谢邪薪写褋泻懈泄	0.000254	0.116534	0.000030
懈褉褉械蟹邪	0.000254	1.347074	0.000343
懈褋泻邪褌褜	0.000509	1.108663	0.000564
懈褋泻褉械薪薪械	0.000254	0.116534	0.000030
懈褋谢邪薪写褋泻懈泄	0.000254	0.116534	0.000030
懈褋锌邪薪褋泻懈泄	0.000254	0.116534	0.000030
懈褋锌械褔褜	0.000254	0.105361	0.000027
懈褋锌芯谢褜蟹芯胁邪薪懈械	0.000254	2.659260	0.000677
懈褋锌芯褉褌懈褌褜	0.000254	4.605170	0.001172
懈褋褌芯褉懈褟	0.001781	0.116534	0.000208
懈褋褔械蟹邪褌褜	0.000254	2.813411	0.000716
懈褌邪谢懈褟	0.000509	0.105361	0.000054
懈褌邪谢褜褟薪褋泻懈泄	0.000254	0.105361	0.000027
懈褌芯谐	0.000254	2.995732	0.000762
懈褞谢褜	0.000763	0.579818	0.000443
懈褞薪褜	0.000254	0.562119	0.000143
泄芯谐褍褉褌	0.000763	0.040822	0.000031
泻邪斜邪褔芯泻	0.000254	0.040822	0.000010
泻邪胁泻邪蟹褋泻懈泄	0.000254	0.116534	0.000030
泻邪蟹邪薪	0.000254	0.116534	0.000030
泻邪蟹邪褏褋泻懈泄	0.000254	0.116534	0.000030
泻邪泻邪芯	0.002799	0.040822	0.000114
泻邪谢械泄写芯褋泻芯锌	0.001018	0.116534	0.000119
泻邪谢屑褘褑泻懈泄	0.000254	0.116534	0.000030
泻邪谢芯褉懈泄薪褘泄	0.000254	1.966113	0.000500
泻邪谢芯褉懈褟	0.000254	2.659260	0.000677
泻邪谢褜屑邪褉	0.000254	0.040822	0.000010
泻邪屑械薪薪褘泄	0.000254	4.605170	0.001172
泻邪屑械薪褜	0.000254	3.506558	0.000892
泻邪屑械褉邪	0.000254	0.116534	0.000030
泻邪薪邪写褋泻懈泄	0.000254	0.116534	0.000030
泻邪薪邪谢	0.000763	0.040822	0.000031
泻邪薪邪锌械	0.000509	0.040822	0.000021
泻邪薪懈泻褍谢褘	0.000254	4.605170	0.001172
泻邪锌褍褋褌邪	0.000763	0.040822	0.000031
泻邪锌褍褋褌薪褟泻	0.000254	0.040822	0.000010
泻邪褉邪屑械谢褜	0.000254	0.040822	0.000010
泻邪褉懈薪邪	0.000254	4.605170	0.001172
泻邪褉泻邪褋薪褘泄	0.001018	0.116534	0.000119
泻邪褉褌芯褎械谢褜	0.000254	0.040822	0.000010
泻邪褉褌芯褎械谢褜薪褘泄	0.001018	0.040822	0.000042
泻邪褉褌芯褕泻邪	0.000509	0.040822	0.000021
泻邪褌械谐芯褉懈褟	0.004071	0.116534	0.000474
泻邪褔械褋褌胁芯	0.000254	0.105361	0.000027
泻邪褕邪	0.001781	0.040822	0.000073
泻胁邪褋	0.001018	0.040822	0.000042
泻胁邪褋薪芯泄	0.000763	0.116534	0.000089
泻械泻褋	0.000763	0.040822	0.000031
泻械褎懈褉	0.000254	0.040822	0.000010
泻懈屑褔邪褌褜	0.000254	0.040822	0.000010
泻懈薪芯邪	0.000509	0.127833	0.000065
泻懈薪芯谢械薪褌邪	0.000254	0.116534	0.000030
泻懈褋械谢褜	0.000509	0.040822	0.000021
泻懈褋泻邪	0.000254	4.605170	0.001172
泻懈褌邪泄褋泻懈泄	0.000254	0.116534	0.000030
泻谢邪褋褋	0.002545	0.116534	0.000297
泻谢褞泻胁邪	0.000254	3.218876	0.000819
泻薪懈谐邪	0.000509	0.040822	0.000021
泻芯泻褌械泄谢褜	0.001527	0.040822	0.000062
泻芯谢斜邪褋邪	0.000254	0.040822	0.000010
泻芯谢斜邪褋薪褘泄	0.000763	0.116534	0.000089
泻芯屑邪薪写邪	0.001272	0.127833	0.000163
泻芯屑懈	0.000254	0.116534	0.000030
泻芯屑屑械薪褌邪褉懈泄	0.000254	0.127833	0.000033
泻芯屑锌邪薪懈褟	0.000254	0.105361	0.000027
泻芯屑锌芯褌	0.000763	0.040822	0.000031
泻芯薪懈薪邪	0.000254	0.116534	0.000030
泻芯薪泻褍褉褋	0.055725	0.040822	0.002275
泻芯薪泻褍褉褋薪褘泄	0.000254	0.127833	0.000033
泻芯薪褋械褉胁懈褉芯胁邪薪懈械	0.000254	0.040822	0.000010
泻芯薪褋械褉胁懈褉芯胁邪薪薪褘泄	0.001272	0.116534	0.000148
泻芯薪褋褍谢褜褌邪薪褌	0.000254	3.218876	0.000819
泻芯薪褎械褌邪	0.000763	0.040822	0.000031
泻芯薪褎械褌褌懈	0.000254	0.116534	0.000030
泻芯薪褎懈写械薪褑懈邪谢褜薪芯褋褌褜	0.000254	0.040822	0.000010
泻芯薪褎懈褌褞褉	0.000254	0.040822	0.000010
泻芯薪褜褟泻	0.001527	2.207275	0.003370
泻芯锌懈褉芯胁邪褌褜	0.000254	4.605170	0.001172
泻芯锌褔褢薪芯褋褌褜	0.000254	0.116534	0.000030
泻芯褉械泄褋泻懈	0.000254	0.040822	0.000010
泻芯褉械泄褋泻懈泄	0.000254	0.105361	0.000027
泻芯褉卸懈泻	0.000254	0.040822	0.000010
泻芯褉懈褑邪	0.000509	1.347074	0.000686
泻芯褉屑懈褌褜	0.000254	0.116534	0.000030
泻芯褉芯褔械	0.000254	2.995732	0.000762
泻芯褌谢械褌邪	0.000254	0.040822	0.000010
泻芯褎械	0.000509	0.040822	0.000021
泻芯褕邪褔懈泄	0.000254	4.605170	0.001172
泻褉邪褋懈胁芯	0.000254	1.832581	0.000466
泻褉邪褋懈褌械谢褜	0.001018	3.912023	0.003982
泻褉邪褋泻邪	0.000254	0.116534	0.000030
泻褉邪褋芯褌械薪褜	0.000254	4.605170	0.001172
泻褉邪褌泻芯	0.000254	4.605170	0.001172
泻褉邪褏屑邪谢	0.001018	0.891598	0.000907
泻褉械邪褌懈胁	0.000254	0.127833	0.000033
泻褉械屑	0.002290	0.040822	0.000093
泻褉械屑芯胁褘泄	0.000254	3.218876	0.000819
泻褉械锌泻懈泄	0.000254	0.116534	0.000030
泻褉懈褋褌邪谢谢	0.000254	4.605170	0.001172
泻褉芯谢懈泻	0.000509	0.116534	0.000059
泻褉芯屑械	0.000254	0.061875	0.000016
泻褉芯锌芯褌谢懈胁褘泄	0.000254	4.605170	0.001172
泻褉芯褏邪	0.000254	0.116534	0.000030
泻褉褍谐	0.000509	0.116534	0.000059
泻褉褍锌	0.001527	0.105361	0.000161
泻褉褍锌邪	0.002290	0.116534	0.000267
泻褉褍锌薪褘泄	0.000254	2.659260	0.000677
泻褉褍锌褟薪芯泄	0.000254	0.116534	0.000030
泻褍斜懈薪褋泻懈泄	0.000254	0.116534	0.000030
泻褍谢械褕	0.000254	0.040822	0.000010
泻褍谢懈薪邪褉	0.000254	1.386294	0.000353
泻褍谢懈薪邪褉懈褟	0.000763	0.094311	0.000072
泻褍谢懈薪邪褉薪褘泄	0.002545	0.000000	0.000000
泻褍谢懈褔	0.000509	0.040822	0.000021
泻褍屑懈褉	0.000254	3.912023	0.000995
泻褍褉写褋泻懈泄	0.000254	0.116534	0.000030
泻褍褉懈薪褘泄	0.006361	0.094311	0.000600
泻褍褉懈褑邪	0.001018	0.040822	0.000042
泻褍褉芯褔泻邪	0.000254	0.116534	0.000030
泻褍褋泻褍褋	0.000254	0.040822	0.000010
泻褍褋芯褔械泻	0.000254	1.078810	0.000275
泻褍褏薪褟	0.002036	0.040822	0.000083
泻褍褔邪	0.000254	2.813411	0.000716
谢邪胁邪褕	0.001527	0.040822	0.000062
谢邪谐屑邪薪	0.000254	0.040822	0.000010
谢邪泻芯屑褋褌胁芯	0.000509	0.116534	0.000059
谢邪锌褕邪	0.000509	0.040822	0.000021
谢邪褌褘褕褋泻懈泄	0.000254	0.116534	0.000030
谢械谐泻芯	0.001781	0.116534	0.000208
谢械卸邪褌褜	0.000254	3.218876	0.000819
谢械薪懈胁褘泄	0.000254	1.427116	0.000363
谢械芯锌邪褉写	0.000763	4.605170	0.003515
谢械锌懈褌褜褋褟	0.000254	4.605170	0.001172
谢械锌泻邪	0.000254	2.407946	0.000613
谢械锌褢褕泻邪	0.000509	0.040822	0.000021
谢械褌薪懈泄	0.000763	0.040822	0.000031
谢械褌芯	0.001527	0.116534	0.000178
谢械褔芯	0.000254	0.040822	0.000010
谢懈谐邪	0.000763	0.116534	0.000089
谢懈蟹邪	0.000254	3.912023	0.000995
谢懈泻褢褉	0.000254	0.040822	0.000010
谢懈屑芯薪邪写	0.000509	0.040822	0.000021
谢懈锌薪褍褌褜	0.000254	3.506558	0.000892
谢懈褌芯胁褋泻	0.000254	0.127833	0.000033
谢懈褌芯胁褋泻懈泄	0.000254	0.116534	0.000030
谢懈褌褉	0.000254	3.912023	0.000995
谢芯屑邪褌褜	0.000254	3.912023	0.000995
谢褞斜懈屑褘泄	0.002545	0.116534	0.000297
谢褞斜懈褌械谢褜	0.000254	1.386294	0.000353
谢褞斜懈褌褜	0.001272	0.755023	0.000961
谢褞斜芯胁褜	0.000509	0.105361	0.000054
谢褞斜芯泄	0.000509	0.094311	0.000048
谢褞写屑懈谢邪	0.000254	1.771957	0.000451
谢褢谐泻懈泄	0.001781	0.094311	0.000168
谢褢写	0.000763	0.116534	0.000089
屑邪谐褉懈斜	0.000254	0.116534	0.000030
屑邪泄	0.000509	0.116534	0.000059
屑邪泄芯薪械蟹	0.000509	0.116534	0.000059
屑邪泻邪褉芯薪薪褘泄	0.000254	0.116534	0.000030
屑邪泻邪褉芯薪褘	0.000254	0.040822	0.000010
屑邪泻褋懈屑邪谢褜薪芯	0.000254	2.040221	0.000519
屑邪谢邪蟹懈泄褋泻懈泄	0.000254	0.116534	0.000030
屑邪谢械薪褜泻懈泄	0.000254	1.514128	0.000385
屑邪屑邪	0.000254	1.469676	0.000374
屑邪屑褍褋褜胁懈褔褜褋褟	0.000254	3.912023	0.000995
屑邪薪薪懈泻	0.000254	0.040822	0.000010
屑邪薪褋邪褉写邪	0.000509	0.755023	0.000384
屑邪薪褌邪	0.000254	0.116534	0.000030
屑邪薪褢胁褉	0.000254	0.116534	0.000030
屑邪褉邪褎芯薪	0.000763	0.116534	0.000089
屑邪褉谐邪褉懈薪	0.000509	1.609438	0.000819
屑邪褉懈薪邪写	0.003053	0.040822	0.000125
屑邪褉懈薪芯胁邪褌褜	0.000254	0.116534	0.000030
屑邪褉屑械谢邪写	0.000763	0.040822	0.000031
屑邪褉芯泻泻邪薪褋泻懈泄	0.000254	0.116534	0.000030
屑邪褉褌	0.002036	0.105361	0.000214
屑邪褉褕屑械谢谢芯褍	0.000509	3.912023	0.001991
屑邪褉褜褟薪邪	0.000254	4.605170	0.001172
屑邪褋泻邪褉锌芯薪	0.000763	0.040822	0.000031
屑邪褋谢械薪懈褑邪	0.000763	0.040822	0.000031
屑邪褋谢械薪懈褔薪褘泄	0.000254	0.116534	0.000030
屑邪褋谢芯	0.005344	0.105361	0.000563
屑邪褋褋邪	0.000509	1.771957	0.000902
屑邪褋褌械褉	0.002545	0.116534	0.000297
屑邪褋褌懈泻邪	0.001527	0.040822	0.000062
屑邪褋褕褌邪斜薪褘泄	0.000254	4.605170	0.001172
屑邪褎褎懈薪邪	0.000254	0.116534	0.000030
屑邪褏械械胁褗	0.001018	0.116534	0.000119
屑谐薪芯胁械薪薪芯	0.000254	3.218876	0.000819
屑械写懈邪褎芯褉褌	0.000763	0.000000	0.000000
屑械写芯胁懈泻	0.000254	4.605170	0.001172
屑械写芯胁褘泄	0.001018	0.116534	0.000119
屑械泻褋懈泻邪薪褋泻懈泄	0.000254	0.116534	0.000030
屑械薪褞	0.000254	0.116534	0.000030
屑械薪褟褌褜褋褟	0.000254	0.116534	0.000030
屑械褉褎褉懈褋斜芯褉芯	0.000254	4.605170	0.001172
屑械褋褜械	0.000254	3.218876	0.000819
屑械褔褌邪	0.000763	0.040822	0.000031
屑懈写懈褟	0.000254	0.040822	0.000010
屑懈泻褉芯胁芯谢薪芯胁泻邪	0.000254	0.105361	0.000027
屑懈谢褜褟	0.000254	0.116534	0.000030
屑懈薪褍褌邪	0.000509	0.544727	0.000277
屑懈芯	0.000254	0.116534	0.000030
屑懈褉	0.000509	0.105361	0.000054
屑懈褉芯胁芯泄	0.000254	0.116534	0.000030
屑懈褋芯	0.000254	0.040822	0.000010
屑懈褋褌械褉懈褟	0.000254	0.116534	0.000030
屑懈褋褌褉邪谢褜	0.001781	0.116534	0.000208
屑薪械薪懈械	0.000254	2.525729	0.000643
屑薪芯谐芯	0.000509	0.776529	0.000395
屑薪芯卸械褋褌胁芯	0.000254	0.040822	0.000010
屑芯泄	0.002799	0.083382	0.000233
屑芯谢写邪胁褋泻懈泄	0.000254	0.116534	0.000030
屑芯谢械泻褍谢褟褉薪褘泄	0.000254	4.605170	0.001172
屑芯谢芯泻芯	0.005344	0.083382	0.000446
屑芯谢芯褔薪褘泄	0.001272	0.040822	0.000052
屑芯屑械薪褌	0.000763	0.105361	0.000080
屑芯薪谐芯谢褜褋泻懈泄	0.000254	0.116534	0.000030
屑芯褉械	0.000254	0.116534	0.000030
屑芯褉械锌褉芯写褍泻褌	0.003308	0.040822	0.000135
屑芯褉泻芯胁褜	0.000254	0.040822	0.000010
屑芯褉芯卸械薪芯械	0.002290	0.040822	0.000093
屑芯褉褋	0.000509	0.040822	0.000021
屑芯褌芯褉	0.000254	0.116534	0.000030
屑芯褏懈褌褘泄	0.000254	0.040822	0.000010
屑芯褔褜	0.000254	0.000000	0.000000
屑芯褕械薪薪懈褔械褋褌胁芯	0.000254	4.605170	0.001172
屑褍卸褋泻芯泄	0.000254	0.127833	0.000033
屑褍卸褔懈薪邪	0.000509	0.116534	0.000059
屑褍泻邪	0.005598	0.248461	0.001391
屑褍谢褜褌懈胁邪褉泻邪	0.009669	0.116534	0.001127
屑褍谢褜褌懈锌械泻邪褉褜	0.000763	0.116534	0.000089
屑褍褋褋	0.001272	0.040822	0.000052
屑褍褋褋邪	0.002036	0.040822	0.000083
屑褍褔薪芯泄	0.000254	0.116534	0.000030
屑褞褋谢懈	0.000509	0.116534	0.000059
屑褟谐泻懈泄	0.000509	0.755023	0.000384
屑褟褋薪芯泄	0.002799	0.040822	0.000114
屑褟褋芯	0.005852	0.040822	0.000239
屑褢写	0.000509	1.660731	0.000845
薪邪胁邪卸写械薪懈械	0.000254	4.605170	0.001172
薪邪胁械褉薪芯械	0.000254	2.207275	0.000562
薪邪胁械褉薪褟泻邪	0.000509	3.218876	0.001638
薪邪蟹胁邪薪懈械	0.001272	0.562119	0.000715
薪邪蟹胁邪褌褜	0.000509	1.560648	0.000794
薪邪蟹薪邪褔械薪懈械	0.000254	0.116534	0.000030
薪邪蟹褘胁邪褌褜	0.000254	2.659260	0.000677
薪邪蟹褘胁邪褌褜褋褟	0.000509	1.714798	0.000873
薪邪泄褌懈	0.000763	0.446287	0.000341
薪邪谢懈胁泻邪	0.000254	0.040822	0.000010
薪邪谢懈褔懈械	0.000254	2.813411	0.000716
薪邪锌懈褌芯泻	0.001781	0.040822	0.000073
薪邪锌褉邪胁懈褌褜	0.000254	3.912023	0.000995
薪邪锌褉懈屑械褉	0.000254	1.771957	0.000451
薪邪褋泻芯谢褜泻芯	0.000254	1.427116	0.000363
薪邪褋褌芯泄泻邪	0.000254	0.040822	0.000010
薪邪褋褌芯谢褜泻芯	0.000254	1.514128	0.000385
薪邪褋褌褉芯械薪懈械	0.000254	0.116534	0.000030
薪邪褋褘褖械薪薪褘泄	0.000254	1.609438	0.000410
薪邪褍泻邪	0.000254	4.605170	0.001172
薪邪褍褔薪褘泄	0.000254	4.605170	0.001172
薪邪褑懈芯薪邪谢褜薪褘泄	0.000254	0.116534	0.000030
薪邪褔邪褌褜褋褟	0.000254	2.813411	0.000716
薪邪褔懈薪泻邪	0.001272	0.040822	0.000052
薪邪褕	0.001272	0.040822	0.000052
薪械胁械褉芯褟褌薪褘泄	0.000254	2.659260	0.000677
薪械胁芯蟹屑芯卸薪芯	0.000763	1.347074	0.001028
薪械写械谢褟	0.002545	0.051293	0.000131
薪械写芯褋褌邪褌芯泻	0.000254	3.506558	0.000892
薪械卸薪芯	0.000254	2.659260	0.000677
薪械卸薪褘泄	0.002036	0.094311	0.000192
薪械泻芯褌芯褉褘泄	0.000254	1.897120	0.000483
薪械谢褜蟹褟	0.000254	2.302585	0.000586
薪械屑械褑泻懈泄	0.000254	0.116534	0.000030
薪械屑薪芯谐芯	0.000254	1.203973	0.000306
薪械屑芯泄	0.000254	1.203973	0.000306
薪械薪邪胁懈写械褌褜	0.000254	4.605170	0.001172
薪械芯斜褘泻薪芯胁械薪薪芯	0.000254	1.897120	0.000483
薪械芯斜褘褔薪褘泄	0.000254	0.916291	0.000233
薪械芯卸懈写邪薪薪褘泄	0.000254	0.116534	0.000030
薪械褋谢邪写泻懈泄	0.000254	0.116534	0.000030
薪械褋谢芯卸薪褘泄	0.000254	2.995732	0.000762
薪械褋屑芯褌褉褟	0.000254	2.525729	0.000643
薪械褋褌懈	0.000254	2.813411	0.000716
薪懈泻邪泻芯泄	0.000763	1.203973	0.000919
薪懈泻芯谐写邪	0.000254	1.771957	0.000451
薪懈泻褌芯	0.000254	1.427116	0.000363
薪懈薪邪	0.000254	1.078810	0.000275
薪懈褔械谐芯	0.000509	0.941609	0.000479
薪泻	0.000254	1.771957	0.000451
薪芯胁芯谐芯写薪懈泄	0.005598	0.040822	0.000229
薪芯胁芯褋褌褜	0.000254	0.061875	0.000016
薪芯胁褘泄	0.003053	0.030459	0.000093
薪芯褉胁械卸褋泻懈泄	0.000254	0.116534	0.000030
薪芯褌泻邪	0.000254	3.218876	0.000819
薪芯褔褜	0.000509	2.813411	0.001432
薪芯褟斜褉褜	0.000509	0.527633	0.000269
薪褉邪胁懈褌褜褋褟	0.000254	0.941609	0.000240
薪褍卸薪褘泄	0.000254	2.995732	0.000762
薪褝屑械褋懈褋	0.000254	4.605170	0.001172
芯斜械写	0.000763	0.105361	0.000080
芯斜械蟹卸懈褉械薪薪褘泄	0.000254	3.218876	0.000819
芯斜械蟹褜褟薪邪	0.000254	0.116534	0.000030
芯斜械褖邪褌褜	0.000254	2.407946	0.000613
芯斜谢邪写邪褌褜	0.000509	1.660731	0.000845
芯斜屑芯褉芯泻	0.000254	4.605170	0.001172
芯斜褉邪蟹	0.000254	2.040221	0.000519
芯斜褉邪蟹芯胁邪褌褜	0.000254	2.995732	0.000762
芯斜褖邪褌褜褋褟	0.000254	0.040822	0.000010
芯斜褖懈泄	0.000509	1.609438	0.000819
芯斜褗褟胁懈褌褜	0.000254	2.995732	0.000762
芯斜褗褟褋薪械薪懈械	0.000254	4.605170	0.001172
芯斜褘泻薪芯胁械薪薪褘泄	0.000254	3.912023	0.000995
芯斜褘褔薪芯	0.000254	1.714798	0.000436
芯胁芯褖	0.005344	0.094311	0.000504
芯胁芯褖薪芯泄	0.002290	0.040822	0.000093
芯胁褋褟薪褘泄	0.000254	0.105361	0.000027
芯谐薪械薪薪褘泄	0.000254	0.116534	0.000030
芯谐芯薪褜	0.000254	0.094311	0.000024
芯谐褉芯屑薪褘泄	0.000509	0.867501	0.000441
芯谐褍褉械褑	0.000509	0.116534	0.000059
芯蟹薪邪屑械薪芯胁邪薪懈械	0.000254	3.218876	0.000819
芯泻褉芯褕泻邪	0.000763	0.040822	0.000031
芯谢邪写褜褟	0.000763	0.040822	0.000031
芯谢械泄薪芯泄	0.001018	0.116534	0.000119
芯谢械泄薪褘泄	0.001018	0.116534	0.000119
芯屑谢械褌	0.000254	0.040822	0.000010
芯锌邪褉邪	0.000254	0.040822	0.000010
芯锌懈褋邪薪懈械	0.000254	2.995732	0.000762
芯锌褉械写械谢褢薪薪褘泄	0.000254	1.832581	0.000466
芯锌褉芯褋	0.000254	0.061875	0.000016
芯锌褟褌褜	0.000254	2.040221	0.000519
芯褉械褏	0.001018	0.776529	0.000790
芯褋械薪薪懈泄	0.001018	0.051293	0.000052
芯褋械薪褜	0.002545	0.105361	0.000268
芯褋薪芯胁薪褘泄	0.000254	0.040822	0.000010
芯褋芯斜械薪薪芯褋褌褜	0.000254	3.218876	0.000819
芯褋芯斜褜	0.000254	4.605170	0.001172
芯褋褌邪胁邪褌褜褋褟	0.000509	0.116534	0.000059
芯褋褌邪胁懈褌褜	0.000254	1.660731	0.000423
芯褋褌邪薪芯胁懈褌褜褋褟	0.000254	1.560648	0.000397
芯褋褌邪褌褜褋褟	0.000254	1.309333	0.000333
芯褌斜邪胁谢褟褌褜	0.000254	4.605170	0.001172
芯褌胁械褌	0.000509	0.000000	0.000000
芯褌胁械褌懈褌褜	0.000254	0.051293	0.000013
芯褌谐邪写邪褌褜	0.000254	3.506558	0.000892
芯褌泻褉褘褌褘泄	0.000509	0.105361	0.000054
芯褌谢懈褔薪芯	0.000509	1.514128	0.000771
芯褌谢懈褔薪褘泄	0.000509	1.078810	0.000549
芯褌屑械薪懈褌褜	0.000254	0.040822	0.000010
芯褌屑械褌懈褌褜	0.000254	3.506558	0.000892
芯褌薪懈屑邪褌褜	0.000254	2.995732	0.000762
芯褌褌褍写邪	0.000254	4.605170	0.001172
芯褎懈褑懈邪谢褜薪褘泄	0.000254	4.605170	0.001172
芯褎芯褉屑谢械薪懈械	0.000254	3.218876	0.000819
芯褏谢邪写懈褌褜	0.000254	0.116534	0.000030
芯褕懈斜邪褌褜褋褟	0.000509	3.912023	0.001991
芯褕懈斜懈褌褜褋褟	0.000254	3.912023	0.000995
芯褕懈斜泻邪	0.000254	2.302585	0.000586
锌邪泻械褌懈泻	0.000254	0.105361	0.000027
锌邪谢芯褔泻邪	0.000254	0.040822	0.000010
锌邪屑褟褌褜	0.000254	3.506558	0.000892
锌邪薪懈褉芯胁泻邪	0.002036	0.116534	0.000237
锌邪薪褔芯	0.000254	3.912023	0.000995
锌邪褉邪	0.000254	0.116534	0.000030
锌邪褉邪写	0.001781	0.116534	0.000208
锌邪褉芯胁邪褉泻邪	0.002290	0.105361	0.000241
锌邪褉芯谢褜	0.000254	0.020203	0.000005
锌邪褋褌邪	0.000763	0.040822	0.000031
锌邪褋褌褉芯屑邪	0.000254	0.040822	0.000010
锌邪褋褏邪	0.000509	0.040822	0.000021
锌邪褋褏邪谢褜薪褘泄	0.000763	0.116534	0.000089
锌邪褕褌械褌	0.000763	0.040822	0.000031
锌械泻	0.000254	2.207275	0.000562
锌械泻邪褉褜	0.000254	0.127833	0.000033
锌械谢褜屑械薪褜	0.000254	0.116534	0.000030
锌械薪邪	0.000254	4.605170	0.001172
锌械褉胁褘泄	0.001527	0.040822	0.000062
锌械褉械写邪褌褜	0.000254	3.218876	0.000819
锌械褉械泄褌懈	0.000254	0.040822	0.000010
锌械褉械泻褍褋	0.000509	0.116534	0.000059
锌械褉械屑械褕懈胁邪褌褜	0.000254	4.605170	0.001172
锌械褉械褑	0.000254	0.040822	0.000010
锌械褉褋芯薪邪	0.000254	0.116534	0.000030
锌械褉褍邪薪褋泻懈泄	0.000254	0.116534	0.000030
锌械褋芯褔薪褘泄	0.000763	0.105361	0.000080
锌械褌械谢懈薪泻	0.000254	0.127833	0.000033
锌械褔械薪懈械	0.003053	0.040822	0.000125
锌械褔褜	0.000509	0.116534	0.000059
锌械褔褢薪芯褔薪褘泄	0.000254	0.040822	0.000010
锌懈胁芯	0.000254	0.116534	0.000030
锌懈泻邪薪褌	0.000254	0.127833	0.000033
锌懈泻薪懈泻	0.001018	0.105361	0.000107
锌懈褉	0.000254	0.116534	0.000030
锌懈褉芯谐	0.001527	0.040822	0.000062
锌懈褉芯卸薪芯械	0.001527	0.040822	0.000062
锌懈褉芯卸芯泻	0.000254	0.040822	0.000010
锌懈褌邪薪懈械	0.001272	0.094311	0.000120
锌懈褑褑邪	0.000509	0.040822	0.000021
锌懈褖械胁芯泄	0.001018	2.120264	0.002158
锌谢邪屑褟	0.000254	0.116534	0.000030
锌谢懈褌邪	0.001018	0.116534	0.000119
锌谢芯胁	0.000254	0.116534	0.000030
锌谢芯写	0.000254	0.116534	0.000030
锌谢芯褏芯泄	0.000254	3.912023	0.000995
锌芯斜邪谢芯胁邪褌褜	0.000254	2.120264	0.000540
锌芯斜械写邪	0.000763	2.995732	0.002287
锌芯斜械写懈褌褜	0.000254	4.605170	0.001172
锌芯胁邪褉	0.000254	1.139434	0.000290
锌芯胁邪褉褢薪芯泻	0.001527	0.000000	0.000000
锌芯胁械褉谐薪褍褌褜	0.000254	4.605170	0.001172
锌芯胁械褉懈褌褜	0.000254	2.120264	0.000540
锌芯胁械褉褜褌械	0.000254	2.040221	0.000519
锌芯胁懈写谢芯	0.000254	0.040822	0.000010
锌芯胁芯写	0.000763	2.407946	0.001838
锌芯写邪褉芯泻	0.000254	0.116534	0.000030
锌芯写邪褔邪	0.000254	2.207275	0.000562
锌芯写写械褉卸泻邪	0.000254	2.813411	0.000716
锌芯写谢懈胁	0.000254	0.116534	0.000030
锌芯写谢懈胁泻邪	0.000254	0.040822	0.000010
锌芯写薪褟褌褜褋褟	0.000254	3.912023	0.000995
锌芯写芯斜薪褘泄	0.000254	1.427116	0.000363
锌芯写锌懈褋邪褌褜褋褟	0.000763	0.040822	0.000031
锌芯写褏芯写褟褖懈泄	0.000254	3.506558	0.000892
锌芯写褗械褋褌褜	0.000254	4.605170	0.001172
锌芯械写懈薪芯泻	0.003562	0.116534	0.000415
锌芯卸邪谢械褌褜	0.000254	1.771957	0.000451
锌芯蟹胁芯谢懈褌褜	0.000254	3.218876	0.000819
锌芯蟹写褉邪胁懈褌褜	0.000254	0.116534	0.000030
锌芯懈褋泻	0.000254	0.051293	0.000013
锌芯泻邪蟹邪褌褜褋褟	0.000254	2.207275	0.000562
锌芯泻褍锌邪褌褜	0.000254	1.897120	0.000483
锌芯谢写薪懈泻	0.000509	0.116534	0.000059
锌芯谢械蟹薪芯	0.000254	0.116534	0.000030
锌芯谢懈褌懈泻邪	0.000254	0.040822	0.000010
锌芯谢薪芯褋褌褜褞	0.000509	1.347074	0.000686
锌芯谢芯胁懈薪邪	0.002036	0.105361	0.000214
锌芯谢褍褔邪褌褜	0.000509	0.040822	0.000021
锌芯谢褍褔邪褌褜褋褟	0.001018	0.328504	0.000334
锌芯谢褍褔懈褌褜褋褟	0.000763	0.653926	0.000499
锌芯谢褜蟹邪	0.001272	0.116534	0.000148
锌芯谢褜褋泻懈泄	0.000254	0.116534	0.000030
锌芯屑邪写泻邪	0.000763	0.040822	0.000031
锌芯屑懈写芯褉	0.000509	0.116534	0.000059
锌芯屑懈写芯褉泻	0.000254	0.127833	0.000033
锌芯屑懈薪	0.000254	3.506558	0.000892
锌芯薪褉邪胁懈褌褜褋褟	0.000763	0.040822	0.000031
锌芯薪褔懈泻	0.000509	0.040822	0.000021
锌芯薪褟褌褜	0.000254	1.660731	0.000423
锌芯锌邪写邪褌褜	0.000254	3.912023	0.000995
锌芯锌褉芯斜芯胁邪褌褜	0.001018	0.248461	0.000253
锌芯锌褍谢褟褉薪褘泄	0.000254	1.427116	0.000363
锌芯锌褘褌邪褌褜褋褟	0.000254	3.506558	0.000892
锌芯褉邪	0.000509	0.105361	0.000054
锌芯褉邪写芯胁邪褌褜	0.000254	1.309333	0.000333
锌芯褉芯褕芯泻	0.002036	0.916291	0.001865
锌芯褉褌邪谢械褋	0.000254	4.605170	0.001172
锌芯褉褌褍谐邪谢褜褋泻懈泄	0.000254	0.116534	0.000030
锌芯褋胁褟褌懈褌褜	0.000254	2.995732	0.000762
锌芯褋胁褟褖械薪懈械	0.000254	4.605170	0.001172
锌芯褋械褖邪褌褜	0.000254	0.061875	0.000016
锌芯褋屑芯褌褉械褌褜	0.000254	2.995732	0.000762
锌芯褋褌	0.001272	0.105361	0.000134
锌芯褋褌邪胁懈褌褜	0.000254	1.897120	0.000483
锌芯褋褌薪褘泄	0.000763	0.040822	0.000031
锌芯褋褌芯褟薪薪芯	0.000254	0.040822	0.000010
锌芯褋褌褉芯懈褌褜	0.000254	0.105361	0.000027
锌芯褋褍写邪	0.000509	0.094311	0.000048
锌芯褋褘锌泻邪	0.000254	3.506558	0.000892
锌芯褌褉褟褋邪褞褖械	0.000254	1.560648	0.000397
锌芯褏芯卸懈泄	0.000254	0.994252	0.000253
锌芯褔褌邪	0.000254	0.040822	0.000010
锌芯褔褌懈	0.000254	1.021651	0.000260
锌芯褕邪谐芯胁褘泄	0.000509	0.040822	0.000021
锌褉邪胁懈谢芯	0.000254	2.207275	0.000562
锌褉邪蟹写薪懈泻	0.000763	0.105361	0.000080
锌褉邪蟹写薪懈褔薪芯	0.000254	0.116534	0.000030
锌褉邪蟹写薪懈褔薪褘泄	0.001272	0.105361	0.000134
锌褉邪泻褌懈泻褍屑	0.000254	0.116534	0.000030
锌褉械胁芯褋褏芯写薪褘泄	0.000254	0.116534	0.000030
锌褉械胁褉邪褖械薪懈械	0.000254	0.116534	0.000030
锌褉械写谢芯卸械薪懈械	0.000254	4.605170	0.001172
锌褉械写谢芯卸懈褌褜	0.000254	1.108663	0.000282
锌褉械褋薪褘泄	0.000254	0.116534	0.000030
锌褉懈谐芯褌芯胁懈褌褜	0.001781	0.083382	0.000149
锌褉懈谐芯褌芯胁谢械薪懈械	0.001272	0.040822	0.000052
锌褉懈写褍屑邪褌褜	0.000254	1.237874	0.000315
锌褉懈蟹	0.000254	0.040822	0.000010
锌褉懈蟹薪邪薪懈械	0.000254	0.116534	0.000030
锌褉懈薪邪写谢械卸邪褌褜	0.000254	3.218876	0.000819
锌褉懈薪懈屑邪褌褜	0.000254	3.506558	0.000892
锌褉懈锌褉邪胁邪	0.000254	0.040822	0.000010
锌褉懈褉芯写邪	0.000509	0.105361	0.000054
锌褉懈褋锌芯褋芯斜懈褌褜	0.000254	4.605170	0.001172
锌褉懈褋褌褍锌懈褌褜	0.000254	0.040822	0.000010
锌褉芯斜邪	0.000254	2.302585	0.000586
锌褉芯斜芯胁邪褌褜	0.000254	0.843970	0.000215
锌褉芯胁械褉懈褌褜	0.001781	0.116534	0.000208
锌褉芯胁械褋褌懈	0.001018	0.116534	0.000119
锌褉芯胁芯写懈褌褜	0.000254	0.040822	0.000010
锌褉芯胁芯卸邪褌褜	0.000254	0.116534	0.000030
锌褉芯写褍泻褌	0.000509	0.072571	0.000037
锌褉芯械泻褌	0.000509	0.051293	0.000026
锌褉芯屑芯谢褔邪褌褜	0.000254	4.605170	0.001172
锌褉芯锌芯褉褑懈褟	0.000254	1.609438	0.000410
锌褉芯褋懈褌褜	0.000254	0.776529	0.000198
锌褉芯褋屑芯褌褉	0.000254	0.274437	0.000070
锌褉芯褋褌芯	0.002799	0.083382	0.000233
锌褉芯褋褌芯泻胁邪褕邪	0.000254	0.040822	0.000010
锌褉芯褎懈谢褜	0.000254	0.040822	0.000010
锌褉芯褑械褋褋	0.000509	2.525729	0.001285
锌褉芯褕械写褕械械	0.000254	4.605170	0.001172
锌褉芯褕械写褕懈泄	0.000254	4.605170	0.001172
锌褉芯褕褍褌褌芯	0.000254	4.605170	0.001172
锌褉芯褖械薪懈械	0.000254	3.506558	0.000892
锌褉褟屑芯	0.000254	0.040822	0.000010
锌褉褟薪懈泻	0.000509	0.040822	0.000021
锌褉褟薪懈褔薪褘泄	0.000254	0.116534	0.000030
锌褌懈褑邪	0.004835	0.116534	0.000563
锌褌懈褔懈泄	0.000254	1.771957	0.000451
锌褍写懈薪谐	0.000763	0.040822	0.000031
锌褍写褉邪	0.001781	1.771957	0.003156
锌褍薪褕	0.000254	0.040822	0.000010
锌褍褌械褕械褋褌胁懈械	0.000509	0.116534	0.000059
锌褍褌褜	0.000254	0.116534	0.000030
锌褕械薪懈褔薪褘泄	0.005089	0.287682	0.001464
锌褘褌邪褌褜褋褟	0.000254	2.525729	0.000643
锌褘褕泻邪	0.000254	0.040822	0.000010
锌褞褉械	0.001018	0.040822	0.000042
褉邪斜芯褌邪	0.000763	1.237874	0.000945
褉邪谐褍	0.000254	0.116534	0.000030
褉邪蟹	0.001781	0.356675	0.000635
褉邪蟹胁械褉薪褍褌褜	0.000254	0.116534	0.000030
褉邪蟹写械谢褜薪褘泄	0.000254	0.116534	0.000030
褉邪蟹屑械褉	0.000254	2.995732	0.000762
褉邪蟹薪懈褑邪	0.000254	3.912023	0.000995
褉邪蟹薪褘泄	0.000254	0.094311	0.000024
褉邪蟹褉褘褏谢懈褌械谢褜	0.001527	1.237874	0.001890
褉邪薪薪懈泄	0.000254	1.514128	0.000385
褉邪褋泻褉褘胁邪褌褜	0.000254	3.912023	0.000995
褉邪褋褋泻邪蟹邪褌褜	0.000509	1.897120	0.000965
褉邪褋褋芯谢褜薪懈泻	0.000763	0.040822	0.000031
褉邪褋褋褘谢泻邪	0.000254	0.061875	0.000016
褉械斜褢薪芯泻	0.000254	0.094311	0.000024
褉械胁芯谢褞褑懈芯薪薪褘泄	0.000254	3.218876	0.000819
褉械谐懈褋褌褉邪褑懈褟	0.000763	0.000000	0.000000
褉械蟹褍谢褜褌邪褌	0.001272	0.820981	0.001045
褉械泄褌懈薪谐	0.000254	0.235722	0.000060
褉械泻芯屑械薪写芯胁邪褌褜	0.000509	1.021651	0.000520
褉械褋锌褍斜谢懈泻邪	0.000254	4.605170	0.001172
褉械褑械锌褌	0.026209	0.040822	0.001070
褉械褕懈褌褜	0.000509	0.693147	0.000353
褉懈褋	0.001272	0.040822	0.000052
褉懈褋泻薪褍褌褜	0.000254	2.813411	0.000716
褉懈褋芯胁邪褌褜	0.000254	4.605170	0.001172
褉懈褌屑	0.000254	0.116534	0.000030
褉芯谐邪谢懈泻	0.000254	0.040822	0.000010
褉芯写懈褌械谢褜	0.000254	1.966113	0.000500
褉芯写懈褌褜褋褟	0.000254	2.995732	0.000762
褉芯写薪褘泄	0.000509	0.116534	0.000059
褉芯卸写械薪懈械	0.000763	0.105361	0.000080
褉芯卸写械褋褌胁芯	0.000254	0.116534	0.000030
褉芯蟹芯褔泻邪	0.000763	3.912023	0.002986
褉芯谢谢	0.000509	0.040822	0.000021
褉芯谢谢褌芯薪	0.000254	0.116534	0.000030
褉芯屑	0.000254	0.040822	0.000010
褉芯褋褋懈褟	0.000254	2.525729	0.000643
褉芯褌	0.000254	1.427116	0.000363
褉褍斜褉懈泻邪褌芯褉	0.000254	0.051293	0.000013
褉褍泻邪	0.000763	1.514128	0.001156
褉褍泻芯胁芯写褋褌胁芯	0.000254	4.605170	0.001172
褉褍谢械褌	0.003053	0.040822	0.000125
褉褍屑褘薪褋泻懈泄	0.000254	0.116534	0.000030
褉褍屑褟薪褘泄	0.000254	0.116534	0.000030
褉褍薪械褌	0.000254	0.020203	0.000005
褉褍褋褋泻懈泄	0.000254	0.105361	0.000027
褉褍褔泻邪	0.000254	2.407946	0.000613
褉褘斜邪	0.006361	0.040822	0.000260
褉褘斜薪褘泄	0.002545	0.105361	0.000268
褉褟写	0.000254	3.506558	0.000892
褉褟卸械薪泻邪	0.000254	0.116534	0.000030
褋邪胁芯褟褉写懈	0.000254	4.605170	0.001172
褋邪泄褌	0.002036	0.000000	0.000000
褋邪谢邪褌	0.008142	0.040822	0.000332
褋邪谢邪褌薪褘泄	0.000254	0.116534	0.000030
褋邪屑芯谐芯薪	0.000254	0.040822	0.000010
褋邪屑褘泄	0.000763	0.105361	0.000080
褋邪褍薪邪	0.000509	3.506558	0.001785
褋邪褎	0.000763	0.116534	0.000089
褋邪褎褋械屑邪	0.000254	0.116534	0.000030
褋邪褏邪褉	0.007634	0.105361	0.000804
褋邪褏邪褉邪	0.000254	2.659260	0.000677
褋邪褏邪褉薪褘泄	0.001781	1.771957	0.003156
褋斜懈褌械薪褜	0.000254	0.040822	0.000010
褋胁械卸械褋褌褜	0.000254	0.105361	0.000027
褋胁械泻芯谢褜薪懈泻	0.000509	0.040822	0.000021
褋胁械褌	0.001018	0.116534	0.000119
褋胁械褌邪	0.001018	0.116534	0.000119
褋胁懈薪懈薪	0.001018	0.116534	0.000119
褋胁懈薪懈薪邪	0.000254	0.040822	0.000010
褋胁芯斜芯写薪褘泄	0.000509	3.912023	0.001991
褋胁褢泻谢邪	0.000254	0.040822	0.000010
褋谐褍褋褌懈褌褜	0.003053	1.966113	0.006003
褋谐褍褖褢薪泻邪	0.000254	0.040822	0.000010
褋写械谢邪褌褜	0.000509	0.733969	0.000374
褋械谐芯写薪褟	0.000254	0.843970	0.000215
褋械蟹芯薪	0.000254	0.116534	0.000030
褋械泄褔邪褋	0.000763	0.030459	0.000023
褋械泻褉械褌	0.001018	0.116534	0.000119
褋械谢褢写泻邪	0.000254	0.040822	0.000010
褋械屑械泄薪褘泄	0.000509	0.116534	0.000059
褋械屑械泄褋褌胁芯	0.000254	2.995732	0.000762
褋械屑褜褟	0.000509	0.116534	0.000059
褋械薪褌褟斜褉褜	0.000254	0.673345	0.000171
褋械褉械写懈薪邪	0.000254	3.912023	0.000995
褋懈写褉	0.000254	0.040822	0.000010
褋懈褉懈泄褋泻懈泄	0.000254	0.116534	0.000030
褋懈褉芯锌	0.001018	0.040822	0.000042
褋懈褋褌械屑邪	0.000254	0.040822	0.000010
褋懈褌懈	0.000254	0.127833	0.000033
褋泻邪蟹邪褌褜	0.000509	0.400478	0.000204
褋泻邪蟹泻邪	0.000254	0.116534	0.000030
褋谢邪写泻懈泄	0.005089	0.040822	0.000208
褋谢邪写泻芯	0.000254	0.116534	0.000030
褋谢懈胁泻邪	0.006361	1.049822	0.006678
褋谢懈胁芯褔薪褘泄	0.005598	0.105361	0.000590
褋谢芯胁芯	0.000254	1.021651	0.000260
褋谢芯卸薪芯	0.000254	2.525729	0.000643
褋谢芯泄泻邪	0.000509	0.040822	0.000021
褋谢芯褢薪褘泄	0.000763	0.116534	0.000089
褋谢褍褔邪泄	0.000254	1.171183	0.000298
褋谢褍褔邪泄薪芯	0.000254	2.407946	0.000613
褋谢褘褕邪褌褜	0.000254	3.506558	0.000892
褋屑械褋褜	0.000254	1.469676	0.000374
褋屑械褌邪薪邪	0.003053	0.105361	0.000322
褋屑械褕邪薪薪褘泄	0.000254	0.116534	0.000030
褋屑芯褌褉械褌褜	0.000254	1.386294	0.000353
褋屑芯褌褉械褌褜褋褟	0.000254	2.659260	0.000677
褋屑芯褔褜	0.000254	0.040822	0.000010
褋屑褍谐谢褟薪泻邪	0.000763	4.605170	0.003515
褋屑褍蟹懈	0.000763	0.040822	0.000031
褋屑褘褋谢	0.000254	2.525729	0.000643
褋薪褝泻	0.000254	0.116534	0.000030
褋芯斜懈褉邪褌褜褋褟	0.000254	0.040822	0.000010
褋芯斜褘褌懈械	0.000254	2.813411	0.000716
褋芯胁械褉褕械薪褋褌胁芯	0.001272	0.116534	0.000148
褋芯胁械褌	0.000254	0.040822	0.000010
褋芯胁械褌芯胁邪褌褜	0.000509	1.139434	0.000580
褋芯胁褋械屑	0.000254	1.139434	0.000290
褋芯谐谢邪褕邪褌褜褋褟	0.000254	0.040822	0.000010
褋芯写邪	0.001527	0.941609	0.001438
褋芯蟹写邪胁邪褌褜	0.000254	0.105361	0.000027
褋芯蟹写邪薪懈械	0.000509	0.261365	0.000133
褋芯蟹写邪褌褜	0.000254	3.218876	0.000819
褋芯泻	0.000763	0.040822	0.000031
褋芯谢械薪懈械	0.000509	0.116534	0.000059
褋芯谢薪械褔薪褘泄	0.000254	0.116534	0.000030
褋芯谢褜	0.001527	0.127833	0.000195
褋芯谢褟薪泻邪	0.000509	0.040822	0.000021
褋芯谢褢薪褘泄	0.000763	0.116534	0.000089
褋芯褉褌懈褉芯胁邪褌褜	0.000254	0.248461	0.000063
褋芯褋褌邪胁懈褌褜	0.000254	0.116534	0.000030
褋芯褍褋	0.004326	0.040822	0.000177
褋芯褏褉邪薪褟褌褜	0.000254	0.040822	0.000010
褋芯褑褋械褌褜	0.000254	0.040822	0.000010
褋芯褔械褌邪薪懈械	0.000254	0.105361	0.000027
褋芯褔械褌邪褌褜褋褟	0.000509	2.302585	0.001172
褋芯褔薪芯	0.000254	2.120264	0.000540
褋芯褔薪褘泄	0.000254	0.116534	0.000030
褋锌邪褋懈斜芯	0.000509	0.673345	0.000343
褋锌械褌褜	0.000254	0.116534	0.000030
褋锌械褑懈邪谢褜薪褘泄	0.000254	0.094311	0.000024
褋锌械褑懈褟	0.000254	0.094311	0.000024
褋锌械褑锌褉芯械泻褌	0.008397	0.116534	0.000979
褋锌懈褋芯泻	0.000254	0.116534	0.000030
褋褉邪胁薪懈褌褜	0.000254	4.605170	0.001172
褋褉邪蟹褍	0.000254	0.733969	0.000187
褋褉械写懈蟹械屑薪芯屑芯褉褋泻懈泄	0.000254	0.127833	0.000033
褋褉械蟹	0.000254	4.605170	0.001172
褋褌邪褉邪褌褜褋褟	0.000254	2.659260	0.000677
褋褌邪褉褘泄	0.000254	0.261365	0.000067
褋褌邪褌褜	0.000254	1.049822	0.000267
褋褌邪褌褜褟	0.000254	0.061875	0.000016
褋褌懈谢褜	0.000509	0.116534	0.000059
褋褌芯懈褌褜	0.000254	1.714798	0.000436
褋褌芯谢	0.002799	0.105361	0.000295
褋褌芯褉芯薪邪	0.000254	1.966113	0.000500
褋褌褉芯谐芯	0.000254	2.407946	0.000613
褋褌褉芯懈褌械谢褜褋褌胁芯	0.000509	0.040822	0.000021
褋褌褉芯懈褌褜	0.000254	0.040822	0.000010
褋褌褉芯泄薪褘泄	0.000254	0.116534	0.000030
褋褌褉褍泻褌褍褉邪	0.001018	2.813411	0.002864
褋褍斜锌褉芯写褍泻褌	0.002545	0.116534	0.000297
褋褍锌	0.004835	0.040822	0.000197
褋褍锌械褉斜邪斜褍褕泻邪	0.000254	1.237874	0.000315
褋褍褎谢械	0.001527	0.040822	0.000062
褋褍褏邪褉褜	0.000254	0.040822	0.000010
褋褍褕懈褌褜	0.000509	0.040822	0.000021
褋褎械褉邪	0.000254	4.605170	0.001172
褋褗械褋褌褜褋褟	0.000254	3.912023	0.000995
褋褘褉	0.002290	0.040822	0.000093
褋褘褉薪懈泻	0.000763	0.040822	0.000031
褋褘褉薪褘泄	0.001018	0.040822	0.000042
褋褘褌薪褘泄	0.000509	0.105361	0.000054
褋褘褔褍卸薪褘泄	0.000254	0.127833	0.000033
褋褝薪写胁懈褔	0.000254	0.127833	0.000033
褋褞褉锌褉懈蟹	0.000254	0.116534	0.000030
褋褢屑谐邪	0.000254	0.040822	0.000010
褌邪写卸懈泻褋泻懈泄	0.000254	0.116534	0.000030
褌邪泄褋泻懈泄	0.000254	0.116534	0.000030
褌邪泻芯屑	0.000509	1.897120	0.000965
褌邪褉械谢泻邪	0.000254	1.469676	0.000374
褌邪褉褌	0.000254	0.116534	0.000030
褌邪褉褌邪谢械褌泻邪	0.000509	0.040822	0.000021
褌邪褌邪褉褋泻懈泄	0.000254	0.116534	0.000030
褌邪褟褌褜	0.000254	1.514128	0.000385
褌胁芯泄	0.000509	0.116534	0.000059
褌胁芯褉懈褌褜	0.000254	0.116534	0.000030
褌胁芯褉芯谐	0.002545	0.040822	0.000104
褌胁芯褉芯卸薪褘泄	0.002799	0.094311	0.000264
褌胁褢褉写芯	0.000254	3.912023	0.000995
褌械谢械谐褉邪屑	0.000254	0.040822	0.000010
褌械谢褟褌懈薪邪	0.001018	0.116534	0.000119
褌械屑	0.000763	0.967584	0.000739
褌械锌械褉褜	0.000254	0.916291	0.000233
褌械锌谢芯	0.000254	0.116534	0.000030
褌械褉屑懈薪	0.000254	3.912023	0.000995
褌械褉褉懈薪邪	0.000254	0.040822	0.000010
褌械褋褌	0.004326	0.105361	0.000456
褌械褋褌芯	0.002290	0.040822	0.000093
褌械褏薪懈泻邪	0.001272	0.105361	0.000134
褌懈谐褉	0.000509	4.605170	0.002344
褌懈褋	0.001018	4.605170	0.004687
褌屑	0.001018	0.127833	0.000130
褌芯屑	0.000254	1.139434	0.000290
褌芯锌谢褢薪褘泄	0.000254	0.116534	0.000030
褌芯褉褌	0.019847	0.040822	0.000810
褌芯褉褌懈泻	0.001272	1.897120	0.002414
褌褉邪胁邪	0.000254	0.094311	0.000024
褌褉邪写懈褑懈褟	0.001527	0.116534	0.000178
褌褉械斜芯胁邪褌褜褋褟	0.000254	2.302585	0.000586
褌褉懈	0.000254	1.272966	0.000324
褌褉褍斜芯褔泻邪	0.000254	0.040822	0.000010
褌褉褍写薪芯	0.000254	2.040221	0.000519
褌褉褍写薪褘泄	0.000254	4.605170	0.001172
褌褉褞褎械谢褜	0.000254	3.912023	0.000995
褌褉褢褏谢械褌懈械	0.000254	0.116534	0.000030
褌褍薪械褑	0.000254	0.105361	0.000027
褌褍薪懈褋褋泻懈泄	0.000254	0.116534	0.000030
褌褍褉械褑泻懈泄	0.000254	0.116534	0.000030
褌褘泻胁邪	0.000254	0.040822	0.000010
褌褢屑薪褘泄	0.008397	2.040221	0.017132
褌褢锌谢褘泄	0.000254	2.302585	0.000586
褌褢褖懈薪	0.000254	0.040822	0.000010
褍胁械写芯屑谢械薪懈械	0.000254	0.040822	0.000010
褍胁懈写械褌褜	0.000254	1.203973	0.000306
褍写邪褌褜褋褟	0.000509	3.218876	0.001638
褍写邪褔薪褘泄	0.000254	0.116534	0.000030
褍写懈胁懈褌褜	0.000254	0.116534	0.000030
褍写懈胁谢褟褌褜	0.001018	0.116534	0.000119
褍写芯胁芯谢褜褋褌胁懈械	0.000509	0.116534	0.000059
褍卸邪褋薪芯	0.000254	4.605170	0.001172
褍卸懈薪	0.001527	0.094311	0.000144
褍蟹斜械泻褋泻懈泄	0.000254	0.116534	0.000030
褍泻褉邪懈薪褋泻懈泄	0.000254	0.116534	0.000030
褍泻褉邪褕械薪懈械	0.002545	0.116534	0.000297
褍屑械褌褜	0.000254	2.659260	0.000677
褍薪懈胁械褉褋懈褌械褌	0.000254	3.912023	0.000995
褍锌芯褌褉械斜谢械薪懈械	0.000254	0.116534	0.000030
褍褉邪谢褜褋泻懈泄	0.000254	0.116534	0.000030
褍褉芯卸邪泄	0.000254	0.105361	0.000027
褍褌泻邪	0.000763	0.116534	0.000089
褍褏芯	0.000254	0.040822	0.000010
褍褔邪褋褌胁芯胁邪褌褜	0.000254	0.040822	0.000010
褎邪蟹械薪写邪	0.000254	0.116534	0.000030
褎邪薪褌邪蟹懈褟	0.002036	0.116534	0.000237
褎邪薪褌邪褋褌懈褔械褋泻懈泄	0.000254	3.912023	0.000995
褎邪褉褕	0.003308	0.040822	0.000135
褎邪褉褕懈褉芯胁邪薪薪褘泄	0.001527	0.040822	0.000062
褎邪褋芯谢褜	0.000254	0.040822	0.000010
褎械胁褉邪谢褜	0.001272	0.094311	0.000120
褎械泄械褉胁械褉泻	0.000509	0.116534	0.000059
褎懈谐褍褉邪	0.000254	0.116534	0.000030
褎懈薪懈泻	0.000509	3.506558	0.001785
褎懈薪懈泻芯胁褘泄	0.000509	4.605170	0.002344
褎懈薪褋泻懈泄	0.000254	0.116534	0.000030
褎懈褉屑械薪薪褘泄	0.000254	0.116534	0.000030
褎芯薪写褞	0.000254	0.040822	0.000010
褎芯褉屑邪	0.000763	0.105361	0.000080
褎芯褉褍屑	0.000763	0.040822	0.000031
褎芯褉褕屑邪泻	0.000254	0.040822	0.000010
褎褉邪薪褑懈褟	0.000254	0.116534	0.000030
褎褉邪薪褑褍蟹褋泻懈泄	0.000509	0.094311	0.000048
褎褉邪褍	0.001018	0.116534	0.000119
褎褉褍泻褌	0.001781	0.116534	0.000208
褎褉褍泻褌芯胁褘泄	0.002036	0.040822	0.000083
褎褍写	0.000254	0.116534	0.000030
褎褍褉褕械褌	0.000254	0.116534	0.000030
褏邪谢胁邪	0.000254	0.040822	0.000010
褏邪谢懈褎	0.000254	3.912023	0.000995
褏邪褉胁械褋褌褎械褋褌	0.000509	0.116534	0.000059
褏邪褉褔芯	0.000509	0.040822	0.000021
褏邪褕	0.000254	0.040822	0.000010
褏胁芯褉芯褋褌	0.000254	0.040822	0.000010
褏懈屑懈泻	0.000254	4.605170	0.001172
褏懈薪泻邪谢懈	0.000254	0.116534	0.000030
褏懈褌	0.001781	0.116534	0.000208
褏谢械斜	0.000763	0.040822	0.000031
褏谢械斜芯锌械褔泻邪	0.000254	0.116534	0.000030
褏谢芯锌褜褟	0.000509	0.094311	0.000048
褏芯写懈褌褜	0.000254	1.771957	0.000451
褏芯蟹褟懈薪	0.000254	3.218876	0.000819
褏芯蟹褟泄泻邪	0.000254	0.116534	0.000030
褏芯谢芯写械褑	0.000254	0.040822	0.000010
褏芯谢芯写懈谢褜薪懈泻	0.000254	1.049822	0.000267
褏芯谢芯写薪芯械	0.000509	0.116534	0.000059
褏芯谢芯写薪褘泄	0.000509	0.116534	0.000059
褏芯褉胁邪褌褋泻懈泄	0.000254	0.116534	0.000030
褏芯褉芯褕懈泄	0.001527	0.040822	0.000062
褏芯褉芯褕芯	0.001272	0.105361	0.000134
褏芯褉褋	0.000254	0.116534	0.000030
褏芯褌械褌褜	0.001781	0.000000	0.000000
褏芯褌械褌褜褋褟	0.000763	1.237874	0.000945
褏芯褌褜	0.000254	1.897120	0.000483
褏褍写芯卸械褋褌胁械薪薪褘泄	0.000254	4.605170	0.001172
褏褍屑褍褋邪	0.000254	0.040822	0.000010
褑邪褉褋褌胁芯	0.000254	0.127833	0.000033
褑邪褉褜	0.000254	0.116534	0.000030
褑胁械褌薪芯泄	0.000254	0.040822	0.000010
褑械谢褘泄	0.000254	1.714798	0.000436
褑械薪薪褘泄	0.000254	0.040822	0.000010
褑械薪褌褉	0.000254	0.116534	0.000030
褔邪械屑褘泄	0.000254	0.116534	0.000030
褔邪泄	0.000763	0.040822	0.000031
褔邪褋	0.000254	1.139434	0.000290
褔邪褋褌褜	0.000254	2.040221	0.000519
褔械斜芯泻褋邪褉褘	0.000509	4.605170	0.002344
褔械斜褍褉械泻	0.000509	0.040822	0.000021
褔械屑	0.000509	0.994252	0.000506
褔械褉泻懈蟹芯胁褘泄	0.000509	0.116534	0.000059
褔械褋褌薪芯	0.000254	1.203973	0.000306
褔械褋褌薪芯泄	0.000254	0.040822	0.000010
褔械褋褌褜	0.000254	2.659260	0.000677
褔械褔械胁懈褑邪	0.000254	0.040822	0.000010
褔械褕褋泻懈泄	0.000254	0.116534	0.000030
褔懈蟹泻械泄泻	0.001018	0.040822	0.000042
褔懈谢懈泄褋泻懈泄	0.000254	0.116534	0.000030
褔懈锌褋褘	0.000254	0.040822	0.000010
褔懈褋谢芯	0.000254	0.235722	0.000060
褔褉械蟹胁褘褔邪泄薪芯	0.000254	2.040221	0.000519
褔褍胁邪褕褋泻懈泄	0.000254	3.912023	0.000995
褔褍写芯	0.000254	0.116534	0.000030
褔褢褉薪褘泄	0.000254	0.356675	0.000091
褕邪薪褌懈谢褜懈	0.000254	4.605170	0.001172
褕邪褉懈泻	0.000254	0.040822	0.000010
褕邪褉谢芯褌泻邪	0.000509	0.040822	0.000021
褕邪褉屑	0.000254	0.116534	0.000030
褕邪褕谢褘泻	0.003308	0.040822	0.000135
褕胁械写褋泻懈泄	0.000254	0.116534	0.000030
褕胁械泄褑邪褉褋泻懈泄	0.000254	0.116534	0.000030
褕械写械胁褉	0.000254	0.116534	0.000030
褕械褎	0.000509	0.127833	0.000065
褕懈泻邪褉薪芯	0.000254	4.605170	0.001172
褕懈泻邪褉薪褘泄	0.000763	2.525729	0.001928
褕懈锌褍褔泻邪	0.000254	0.040822	0.000010
褕懈褉芯泻懈泄	0.000254	0.127833	0.000033
褕泻芯谢邪	0.000509	0.116534	0.000059
褕芯泻	0.000254	2.302585	0.000586
褕芯泻芯谢邪写	0.011959	0.040822	0.000488
褕芯泻芯谢邪写薪褘泄	0.003053	1.427116	0.004358
褕芯褌谢邪薪写褋泻懈泄	0.000254	0.116534	0.000030
褕褌褉褍写械谢褜	0.000254	0.040822	0.000010
褕褌褍褔泻邪	0.001018	2.040221	0.002077
褕褌褍褔薪褘泄	0.000254	3.218876	0.000819
褕褍褉锌邪	0.000254	0.040822	0.000010
褖械写褉褘泄	0.000254	0.116534	0.000030
褖懈	0.000509	0.040822	0.000021
褝泻谢械褉薪褘泄	0.000254	4.605170	0.001172
褝泻芯屑懈谢泻	0.000254	0.127833	0.000033
褝泻褋锌械褉懈屑械薪褌	0.000254	2.813411	0.000716
褝泻褌芯褉	0.000254	4.605170	0.001172
褝谢械屑械薪褌邪褉薪芯	0.000254	3.506558	0.000892
褝褉泻械褉	0.000254	2.040221	0.000519
褝褉芯胁	0.000763	4.605170	0.003515
褝褋褌芯薪褋泻懈泄	0.000254	0.116534	0.000030
褞斜懈谢械泄薪褘泄	0.000254	3.506558	0.000892
褞谐芯褋谢邪胁褋泻懈泄	0.000254	0.116534	0.000030
褟谐芯写薪褘泄	0.001018	0.105361	0.000107
褟蟹褘泻	0.000254	0.040822	0.000010
褟懈褔薪褘泄	0.000763	0.941609	0.000719
褟泄褑芯	0.007125	0.040822	0.000291
褟薪写械泻褋	0.000254	0.072571	0.000018
褟薪懈胁邪	0.000254	4.605170	0.001172
褟锌芯薪褋泻懈泄	0.000509	0.051293	0.000026
褟褉泻懈泄	0.000254	0.116534	0.000030
褟褉泻芯	0.000254	0.105361	0.000027
