谢械屑屑邪	TF	IDF	TF-IDF
邪斜褉懈泻芯褋	0.000902	3.912023	0.003528
邪斜褏邪蟹褋泻懈泄	0.000301	0.116534	0.000035
邪胁褋褌褉邪谢懈泄褋泻懈泄	0.000301	0.116534	0.000035
邪胁褋褌褉懈泄褋泻懈泄	0.000301	0.116534	0.000035
邪胁褌芯泻谢邪胁	0.000301	0.116534	0.000035
邪胁褌芯褉	0.000301	0.040822	0.000012
邪谐褉芯	0.000301	0.116534	0.000035
邪写卸懈泻邪	0.000301	0.040822	0.000012
邪蟹	0.000301	0.127833	0.000038
邪蟹械褉斜邪泄写卸邪薪褋泻懈泄	0.000301	0.116534	0.000035
邪蟹懈邪褌褋泻懈泄	0.000301	0.127833	0.000038
邪蟹懈褟	0.000301	3.912023	0.001176
邪泄褉邪薪	0.000301	0.040822	0.000012
邪泻胁邪褌懈泻	0.000902	0.127833	0.000115
邪谢械泻褋械泄	0.000301	0.127833	0.000038
邪谢泻芯谐芯谢褜	0.000902	0.116534	0.000105
邪谢泻芯谐芯谢褜薪褘泄	0.000301	0.116534	0.000035
邪谢褜褟薪褋	0.000301	0.116534	0.000035
邪屑械褉懈泻邪薪褋泻懈泄	0.000301	0.116534	0.000035
邪薪邪褋褌邪褋懈褟	0.000301	3.506558	0.001054
邪薪谐谢懈泄褋泻懈泄	0.000301	0.116534	0.000035
邪薪写褉械泄	0.000301	0.127833	0.000038
邪锌械谢褜褋懈薪芯胁褘泄	0.000301	3.506558	0.001054
邪锌褉械谢褜	0.000601	0.544727	0.000327
邪褉邪斜褋泻懈泄	0.000301	0.116534	0.000035
邪褉邪褏懈褋芯胁褘泄	0.000601	3.912023	0.002352
邪褉谐械薪褌懈薪褋泻懈泄	0.000301	0.116534	0.000035
邪褉屑褟薪褋泻懈泄	0.000301	0.116534	0.000035
邪褉芯屑邪褌薪褘泄	0.000902	0.693147	0.000625
邪褋褋芯褉褌懈	0.000601	0.116534	0.000070
邪褌谢邪薪褌	0.000301	0.116534	0.000035
邪褎谐邪薪褋泻懈泄	0.000301	0.116534	0.000035
邪褎褉懈泻邪薪褋泻懈泄	0.000301	0.116534	0.000035
邪褝褉芯谐褉懈谢褜	0.003006	0.116534	0.000350
斜邪泻谢邪卸邪薪	0.000301	0.040822	0.000012
斜邪谢褌泻芯屑邪	0.000301	0.127833	0.000038
斜邪薪邪薪	0.002104	3.218876	0.006773
斜邪薪邪薪芯胁褘泄	0.000902	3.218876	0.002903
斜邪褉邪薪懈薪邪	0.001202	0.116534	0.000140
斜邪褋屑邪褌懈	0.000601	0.127833	0.000077
斜邪褋褌褍褉屑	0.000301	0.040822	0.000012
斜邪褋褌褍褉屑邪	0.000301	0.040822	0.000012
斜邪褌芯薪褔懈泻	0.000301	0.127833	0.000038
斜邪褕泻懈褉褋泻懈泄	0.000301	0.116534	0.000035
斜械蟹邪谢泻芯谐芯谢褜薪褘泄	0.000301	0.116534	0.000035
斜械蟹谐谢褞褌械薪芯胁芯械	0.000301	0.116534	0.000035
斜械蟹械	0.001202	0.040822	0.000049
斜械谢械斜械械胁褋泻懈泄	0.000601	0.116534	0.000070
斜械谢芯褉褍褋褋泻懈泄	0.000301	0.116534	0.000035
斜械谢褜谐懈泄褋泻懈泄	0.000301	0.116534	0.000035
斜械褉械屑械薪薪邪褟	0.000301	0.116534	0.000035
斜械褋械写懈薪	0.000301	0.127833	0.000038
斜懈褋泻胁懈褌	0.000601	0.040822	0.000025
斜懈褋泻胁懈褌薪褘泄	0.001202	0.105361	0.000127
斜谢邪谐芯写邪褉懈褌褜	0.000301	2.407946	0.000724
斜谢懈蟹泻懈泄	0.000902	0.116534	0.000105
斜谢懈薪	0.001803	0.040822	0.000074
斜谢芯谐械褉	0.000301	2.659260	0.000799
斜谢褞写芯	0.032161	0.040822	0.001313
斜芯斜芯胁褘泄	0.002705	0.116534	0.000315
斜芯谢谐邪褉褋泻懈泄	0.000301	0.116534	0.000035
斜芯谢褜褕芯泄	0.000902	0.094311	0.000085
斜芯褉褖	0.000601	0.040822	0.000025
斜芯褌胁懈薪褜褟	0.000301	0.040822	0.000012
斜褉邪蟹懈谢褜褋泻懈泄	0.000301	0.116534	0.000035
斜褉邪褍蟹械褉	0.000301	0.040822	0.000012
斜褉邪褍薪懈	0.000301	0.040822	0.000012
斜褉械褋褌	0.000301	0.127833	0.000038
斜褉芯泻泻芯谢懈	0.000301	0.040822	0.000012
斜褍卸械薪懈薪邪	0.000301	0.040822	0.000012
斜褍谢芯褔泻邪	0.000902	0.040822	0.000037
斜褍谢褜芯薪	0.003907	0.040822	0.000160
斜褍褉谐械褉	0.000601	0.040822	0.000025
斜褍褉褟褌褋泻懈泄	0.000301	0.116534	0.000035
斜褍褌械褉斜褉芯写	0.001202	0.040822	0.000049
斜褘褋褌褉芯	0.000601	0.094311	0.000057
斜褘褋褌褉褘泄	0.000902	0.094311	0.000085
胁邪卸薪褘泄	0.000301	0.116534	0.000035
胁邪谢谢懈泄褋泻懈泄	0.000301	0.116534	0.000035
胁邪薪懈谢懈薪	0.001202	1.609438	0.001935
胁邪薪懈谢褜	0.001202	2.813411	0.003383
胁邪薪懈谢褜薪褘泄	0.001202	1.347074	0.001620
胁邪褉械薪懈械	0.000601	0.040822	0.000025
胁邪褉械薪懈泻	0.000301	0.116534	0.000035
胁邪褌褉褍褕泻邪	0.000301	0.040822	0.000012
胁邪褎谢褟	0.000601	0.040822	0.000025
胁邪褕	0.000601	0.000000	0.000000
胁胁芯写懈褌褜	0.000301	0.040822	0.000012
胁写芯褏薪芯胁械薪懈械	0.001803	0.116534	0.000210
胁写芯褏薪芯胁谢褟褌褜褋褟	0.000301	0.116534	0.000035
胁械谐邪薪褋泻懈泄	0.000301	3.912023	0.001176
胁械谐械褌邪褉懈邪薪褋泻懈泄	0.000601	0.116534	0.000070
胁械谢懈泻懈泄	0.000601	0.116534	0.000070
胁械薪谐械褉褋泻懈泄	0.000301	0.116534	0.000035
胁械褉褋懈褟	0.000301	1.897120	0.000570
胁械褋械薪薪懈泄	0.000301	0.051293	0.000015
胁械褋薪邪	0.001803	0.116534	0.000210
胁械褌褔懈薪邪	0.000301	0.094311	0.000028
胁蟹褉芯褋谢褘泄	0.000301	2.659260	0.000799
胁懈写械芯	0.001202	0.116534	0.000140
胁懈写械芯褉械褑械锌褌	0.000301	0.301105	0.000091
胁懈薪芯	0.000601	0.040822	0.000025
胁泻谢褞褔邪褌褜	0.000301	0.634878	0.000191
胁泻褍褋	0.005110	0.105361	0.000538
胁泻褍褋薪械薪褜泻懈泄	0.000301	2.995732	0.000900
胁泻褍褋薪芯	0.001503	0.094311	0.000142
胁泻褍褋薪褘泄	0.004509	0.061875	0.000279
胁谢褞斜懈褌褜	0.000301	0.116534	0.000035
胁薪邪褔邪谢械	0.001202	0.248461	0.000299
胁芯写邪	0.002104	0.094311	0.000198
胁芯写泻邪	0.000601	2.302585	0.001384
胁芯蟹写褍褕薪褘泄	0.000301	1.469676	0.000442
胁芯泄褌懈	0.000301	0.000000	0.000000
胁芯谢芯胁邪薪	0.000301	0.116534	0.000035
胁芯谢褕械斜薪褘泄	0.000301	0.116534	0.000035
胁芯谢褕械斜褋褌胁芯	0.000301	0.116534	0.000035
胁芯锌褉芯褋	0.000301	0.000000	0.000000
胁芯褋褌芯褔薪褘泄	0.000301	0.127833	0.000038
胁褉械写	0.000301	3.912023	0.001176
胁褉械屑褟	0.002405	0.105361	0.000253
胁褋锌芯屑薪懈褌褜	0.000301	0.040822	0.000012
胁褌芯褉芯械	0.000301	0.116534	0.000035
胁褌芯褉芯泄	0.000301	0.116534	0.000035
胁褏芯写	0.000902	0.030459	0.000027
胁褘谐薪邪褌褜	0.000301	4.605170	0.001384
胁褘泄褌懈	0.000301	0.040822	0.000012
胁褘锌械褔泻邪	0.005110	0.040822	0.000209
胁褜械褌薪邪屑褋泻懈泄	0.000301	0.116534	0.000035
谐邪胁邪泄褋泻懈泄	0.000301	0.116534	0.000035
谐邪褉薪懈褉	0.002405	0.040822	0.000098
谐邪褋锌邪褔芯	0.000301	0.040822	0.000012
谐械芯谐褉邪褎懈褟	0.000301	0.116534	0.000035
谐谢邪胁薪芯械	0.000301	1.139434	0.000342
谐谢邪胁薪褘泄	0.000301	0.040822	0.000012
谐谢邪蟹褍褉褜	0.000902	0.040822	0.000037
谐谢懈薪褌胁械泄薪	0.000301	0.040822	0.000012
谐芯胁褟写懈薪邪	0.001202	0.116534	0.000140
谐芯写	0.007214	0.083382	0.000601
谐芯谢谢邪薪写褋泻懈泄	0.000301	0.116534	0.000035
谐芯褉芯写	0.000301	0.116534	0.000035
谐芯褉芯褏	0.000301	0.116534	0.000035
谐芯褉褔懈褑邪	0.000902	0.040822	0.000037
谐芯褉褕芯褔械泻	0.000601	0.040822	0.000025
谐芯褉褜泻懈泄	0.000301	3.218876	0.000968
谐芯褉褟褔械械	0.000601	0.116534	0.000070
谐芯褉褟褔懈泄	0.013225	0.105361	0.001393
谐芯褋褌褜	0.000301	0.116534	0.000035
谐芯褌芯胁懈褌褜	0.004208	0.083382	0.000351
谐芯褌芯胁懈褌褜褋褟	0.000301	0.371064	0.000112
谐芯褌芯胁褘泄	0.000301	0.755023	0.000227
谐褉邪薪褍谢懈褉芯胁邪薪薪褘泄	0.000601	4.605170	0.002768
谐褉械薪泻邪	0.000601	0.040822	0.000025
谐褉械褑泻懈泄	0.000601	1.469676	0.000883
谐褉械褔械褋泻懈泄	0.000301	0.116534	0.000035
谐褉械褔泻邪	0.000301	0.040822	0.000012
谐褉懈斜	0.003006	0.040822	0.000123
谐褉懈斜薪芯泄	0.000601	0.040822	0.000025
谐褉懈谢褜	0.003006	0.105361	0.000317
谐褉懈谢褜屑邪薪懈褟	0.000301	0.116534	0.000035
谐褉芯谐	0.000301	0.040822	0.000012
谐褉褍写泻邪	0.000902	0.967584	0.000872
谐褉褍蟹懈薪褋泻懈泄	0.000301	0.116534	0.000035
谐褉褍锌锌邪	0.000301	0.061875	0.000019
谐褍写蟹芯薪邪	0.000301	3.912023	0.001176
谐褍褉屑	0.000301	0.127833	0.000038
谐褍褉屑邪薪懈褟	0.001803	0.116534	0.000210
谐褍褋褜	0.000601	0.105361	0.000063
写邪胁邪褌褜	0.000301	0.040822	0.000012
写邪薪薪褘械	0.000301	0.040822	0.000012
写邪褉	0.000301	0.116534	0.000035
写邪褌邪	0.000601	0.248461	0.000149
写邪褌褋泻懈泄	0.000301	0.116534	0.000035
写邪褌褜	0.000301	0.040822	0.000012
写邪褔薪褘泄	0.000902	0.116534	0.000105
写械泻邪斜褉褜	0.000601	0.597837	0.000359
写械泻芯褉	0.000301	0.127833	0.000038
写械谢邪褌褜	0.000902	0.083382	0.000075
写械谢邪褌褜褋褟	0.000301	1.203973	0.000362
写械谢懈褌褜褋褟	0.000301	0.040822	0.000012
写械谢芯	0.000301	0.105361	0.000032
写械薪褜	0.002104	0.040822	0.000086
写械褋械褉褌	0.011422	0.040822	0.000466
写械褋械褉褌邪褑懈褟	0.000301	0.116534	0.000035
写械褋械褉褌薪褘泄	0.000301	0.116534	0.000035
写卸械屑	0.000301	0.040822	0.000012
写卸械屑邪	0.000301	0.040822	0.000012
写蟹械薪	0.000301	0.116534	0.000035
写懈械褌邪	0.000601	0.094311	0.000057
写懈泻懈泄	0.000902	0.116534	0.000105
写懈锌	0.000301	0.116534	0.000035
写懈褔褜	0.000902	0.116534	0.000105
写薪械胁薪懈泻	0.000301	0.061875	0.000019
写芯斜邪胁懈褌褜	0.000301	0.083382	0.000025
写芯斜邪胁谢械薪懈械	0.000601	0.223144	0.000134
写芯斜邪胁谢褟褌褜	0.000301	0.040822	0.000012
写芯斜褉芯褎谢芯褌	0.000301	0.127833	0.000038
写芯胁械褉褟褌褜	0.000301	0.116534	0.000035
写芯卸懈写邪褌褜褋褟	0.000301	3.912023	0.001176
写芯屑	0.003006	0.040822	0.000123
写芯屑邪褕薪懈泄	0.004208	0.040822	0.000172
写芯褉芯谐芯泄	0.000301	1.139434	0.000342
写芯褋薪褟褌褜	0.000301	4.605170	0.001384
写褉邪泄胁	0.001503	0.127833	0.000192
写褉芯卸卸械胁芯泄	0.000301	0.116534	0.000035
写褉褍谐	0.000301	0.544727	0.000164
写褍褏芯胁泻邪	0.001202	0.105361	0.000127
写褍褕邪	0.000902	0.105361	0.000095
械胁褉械泄褋泻懈泄	0.000301	0.116534	0.000035
械谐懈锌械褌褋泻懈泄	0.000301	0.116534	0.000035
械写胁邪	0.000301	4.605170	0.001384
械写懈薪褘泄	0.000301	0.000000	0.000000
械泻芯	0.000301	0.127833	0.000038
卸邪褉懈褌褜	0.000301	1.347074	0.000405
卸邪褉泻芯械	0.000301	0.040822	0.000012
卸械谢械	0.000902	0.040822	0.000037
卸械薪褋泻懈泄	0.000601	0.020203	0.000012
卸械薪褖懈薪邪	0.000601	0.061875	0.000037
卸懈蟹薪褜	0.000601	0.040822	0.000025
卸褍谢褜械薪	0.000301	0.040822	0.000012
卸褍褉薪邪谢	0.000301	0.072571	0.000022
卸褞谢褜械薪	0.000301	0.040822	0.000012
卸褞谢褜薪褘泄	0.000301	0.040822	0.000012
蟹邪胁邪褉薪芯泄	0.001202	0.116534	0.000140
蟹邪胁褌褉邪泻	0.002405	0.094311	0.000227
蟹邪谐芯褌芯胁泻邪	0.001202	0.040822	0.000049
蟹邪写邪胁邪褌褜	0.000301	0.040822	0.000012
蟹邪泻胁邪褋泻邪	0.000902	0.040822	0.000037
蟹邪泻褉褘褌褘泄	0.000301	0.116534	0.000035
蟹邪泻褍褋泻邪	0.006312	0.040822	0.000258
蟹邪泻褍褋芯薪褔懈泻	0.000301	0.116534	0.000035
蟹邪泻褍褋芯褔泻邪	0.000301	0.116534	0.000035
蟹邪泻褍褋芯褔薪邪褟	0.002705	0.116534	0.000315
蟹邪谢懈胁薪芯械	0.000601	0.040822	0.000025
蟹邪屑械褔邪褌械谢褜薪褘泄	0.000301	0.713350	0.000214
蟹邪屑芯褉芯蟹泻邪	0.000301	0.105361	0.000032
蟹邪锌邪写	0.000301	0.116534	0.000035
蟹邪锌械泻邪薪泻邪	0.003306	0.040822	0.000135
蟹邪锌褉邪胁泻邪	0.000601	0.040822	0.000025
蟹邪褉邪薪械械	0.000301	1.660731	0.000499
蟹邪褉械谐懈褋褌褉懈褉芯胁邪褌褜褋褟	0.000601	0.030459	0.000018
蟹邪褋芯谢泻邪	0.000301	0.116534	0.000035
蟹邪褋褌芯谢褜械	0.000301	2.525729	0.000759
蟹邪褟褑	0.000601	0.116534	0.000070
蟹胁邪薪褘泄	0.000301	0.127833	0.000038
蟹胁械蟹写邪	0.000301	0.116534	0.000035
蟹胁褢蟹写薪褘泄	0.000301	0.116534	0.000035
蟹写芯褉芯胁褘泄	0.000601	0.116534	0.000070
蟹械谢械薪褜	0.000902	0.094311	0.000085
蟹械褎懈褉	0.000301	0.040822	0.000012
蟹懈屑邪	0.001202	0.040822	0.000049
蟹懈屑薪懈泄	0.000301	0.051293	0.000015
蟹屑械褟	0.000301	4.605170	0.001384
蟹薪邪泻芯屑懈褌褜褋褟	0.000301	3.506558	0.001054
蟹薪邪褌褜	0.000301	0.462035	0.000139
蟹芯谢芯褌芯泄	0.000301	0.116534	0.000035
懈胁邪薪芯胁	0.000301	0.127833	0.000038
懈写械邪谢褜薪芯	0.000301	1.514128	0.000455
懈写械邪谢褜薪褘泄	0.002104	0.116534	0.000245
懈写械泄泻邪	0.000301	0.116534	0.000035
懈写械褟	0.000301	1.609438	0.000484
懈蟹写械谢懈械	0.002405	0.116534	0.000280
懈蟹屑械薪懈褌褜	0.000601	2.407946	0.001448
懈蟹薪褍褌褉懈	0.000301	3.912023	0.001176
懈蟹褍屑懈褌械谢褜薪褘泄	0.000301	1.714798	0.000515
懈泻褉邪	0.000902	0.040822	0.000037
懈屑斜懈褉褜	0.000601	1.832581	0.001102
懈屑褟	0.000301	0.030459	0.000009
懈薪胁械褉褌芯褉薪褘泄	0.000301	0.127833	0.000038
懈薪谐褉械写懈械薪褌	0.009017	0.139262	0.001256
懈薪写械泄泻邪	0.001803	0.094311	0.000170
懈薪写懈泄褋泻懈泄	0.000301	0.116534	0.000035
懈薪写懈谢邪泄褌邪	0.000902	0.116534	0.000105
懈薪写懈褉械褋薪褘泄	0.000301	0.116534	0.000035
懈薪褋褌褉褍泻褑懈褟	0.000301	0.030459	0.000009
懈薪褌械褉械褋薪褘泄	0.000301	0.916291	0.000275
懈褉邪泻褋泻懈泄	0.000301	0.116534	0.000035
懈褉邪薪褋泻懈泄	0.000301	0.116534	0.000035
懈褉谢邪薪写褋泻懈泄	0.000301	0.116534	0.000035
懈褋泻褉械薪薪械	0.000301	0.116534	0.000035
懈褋谢邪薪写褋泻懈泄	0.000301	0.116534	0.000035
懈褋锌邪薪褋泻懈泄	0.000301	0.116534	0.000035
懈褋锌械褔褜	0.000301	0.105361	0.000032
懈褋褌芯褉懈褟	0.001803	0.116534	0.000210
懈褌邪谢懈褟	0.000601	0.105361	0.000063
懈褌邪谢褜褟薪褋泻懈泄	0.000301	0.105361	0.000032
懈褞谢褜	0.000301	0.579818	0.000174
懈褞薪褜	0.000601	0.562119	0.000338
泄芯谐褍褉褌	0.000902	0.040822	0.000037
泻邪斜邪褔芯泻	0.000301	0.040822	0.000012
泻邪胁泻邪蟹褋泻懈泄	0.000301	0.116534	0.000035
泻邪蟹邪薪	0.000601	0.116534	0.000070
泻邪蟹邪褏褋泻懈泄	0.000301	0.116534	0.000035
泻邪泻邪芯	0.003607	0.040822	0.000147
泻邪谢械泄写芯褋泻芯锌	0.001202	0.116534	0.000140
泻邪谢屑褘褑泻懈泄	0.000301	0.116534	0.000035
泻邪谢芯褉懈褟	0.000301	2.659260	0.000799
泻邪谢褜屑邪褉	0.000301	0.040822	0.000012
泻邪屑械褉邪	0.000301	0.116534	0.000035
泻邪薪邪写褋泻懈泄	0.000301	0.116534	0.000035
泻邪薪邪谢	0.000902	0.040822	0.000037
泻邪薪邪锌械	0.000601	0.040822	0.000025
泻邪锌褍褋褌邪	0.000902	0.040822	0.000037
泻邪锌褍褋褌薪褟泻	0.000301	0.040822	0.000012
泻邪褉邪屑械谢褜	0.000601	0.040822	0.000025
泻邪褉泻邪褋薪褘泄	0.001202	0.116534	0.000140
泻邪褉褉懈	0.000902	2.813411	0.002537
泻邪褉褌芯褎械谢褜	0.001503	0.040822	0.000061
泻邪褉褌芯褎械谢褜薪褘泄	0.000902	0.040822	0.000037
泻邪褉褌芯褕泻邪	0.000601	0.040822	0.000025
泻邪褌械谐芯褉懈褟	0.004809	0.116534	0.000560
泻邪褔械褋褌胁芯	0.000301	0.105361	0.000032
泻邪褕邪	0.002405	0.040822	0.000098
泻胁邪褋	0.001202	0.040822	0.000049
泻胁邪褋薪芯泄	0.000902	0.116534	0.000105
泻械泻褋	0.001803	0.040822	0.000074
泻械褎懈褉	0.000301	0.040822	0.000012
泻械褕褜褞	0.000601	2.995732	0.001801
泻懈屑斜械褉械褌褜	0.000301	4.605170	0.001384
泻懈屑褔邪褌褜	0.000301	0.040822	0.000012
泻懈薪芯邪	0.000601	0.127833	0.000077
泻懈薪芯谢械薪褌邪	0.000301	0.116534	0.000035
泻懈褋械谢褜	0.000601	0.040822	0.000025
泻懈褋谢懈薪泻邪	0.000301	3.506558	0.001054
泻懈褌邪泄	0.000301	3.218876	0.000968
泻懈褌邪泄褋泻懈泄	0.000601	0.116534	0.000070
泻谢邪褋褋	0.002705	0.116534	0.000315
泻谢械薪芯胁褘泄	0.000601	2.659260	0.001599
泻薪懈谐邪	0.000601	0.040822	0.000025
泻芯泻芯褋	0.000601	3.912023	0.002352
泻芯泻芯褋芯胁褘泄	0.016231	2.659260	0.043162
泻芯泻褌械泄谢褜	0.001803	0.040822	0.000074
泻芯谢斜邪褋邪	0.000301	0.040822	0.000012
泻芯谢斜邪褋薪褘泄	0.000902	0.116534	0.000105
泻芯谢懈褔械褋褌胁芯	0.000301	1.386294	0.000417
泻芯屑邪薪写邪	0.000601	0.127833	0.000077
泻芯屑懈	0.000301	0.116534	0.000035
泻芯屑屑械薪褌邪褉懈泄	0.000301	0.127833	0.000038
泻芯屑锌邪薪懈褟	0.000301	0.105361	0.000032
泻芯屑锌芯褌	0.000902	0.040822	0.000037
泻芯薪懈薪邪	0.000301	0.116534	0.000035
泻芯薪泻褍褉褋	0.064923	0.040822	0.002650
泻芯薪泻褍褉褋薪褘泄	0.000301	0.127833	0.000038
泻芯薪褋械褉胁懈褉芯胁邪薪懈械	0.000301	0.040822	0.000012
泻芯薪褋械褉胁懈褉芯胁邪薪薪褘泄	0.001503	0.116534	0.000175
泻芯薪褎械褌邪	0.004208	0.040822	0.000172
泻芯薪褎械褌泻邪	0.000301	2.813411	0.000846
泻芯薪褎械褌褌懈	0.000301	0.116534	0.000035
泻芯薪褎懈写械薪褑懈邪谢褜薪芯褋褌褜	0.000301	0.040822	0.000012
泻芯薪褎懈褌褞褉	0.000301	0.040822	0.000012
泻芯锌褔褢薪芯褋褌褜	0.000301	0.116534	0.000035
泻芯褉械泄褋泻懈	0.000301	0.040822	0.000012
泻芯褉械泄褋泻懈泄	0.000301	0.105361	0.000032
泻芯褉卸懈泻	0.000301	0.040822	0.000012
泻芯褉懈褑邪	0.001202	1.347074	0.001620
泻芯褉懈褔薪械胁褘泄	0.000601	1.272966	0.000765
泻芯褉屑懈褌褜	0.000301	0.116534	0.000035
泻芯褌谢械褌邪	0.000301	0.040822	0.000012
泻芯褎械	0.000601	0.040822	0.000025
泻褉邪褋泻邪	0.000301	0.116534	0.000035
泻褉邪褋薪褘泄	0.000301	0.941609	0.000283
泻褉邪褏屑邪谢	0.001202	0.891598	0.001072
泻褉械邪褌懈胁	0.000301	0.127833	0.000038
泻褉械屑	0.000902	0.040822	0.000037
泻褉械屑芯胁褘泄	0.000301	3.218876	0.000968
泻褉械锌泻懈泄	0.000301	0.116534	0.000035
泻褉芯谢懈泻	0.000601	0.116534	0.000070
泻褉芯屑械	0.000301	0.061875	0.000019
泻褉芯褏邪	0.000301	0.116534	0.000035
泻褉褍谐	0.000601	0.116534	0.000070
泻褉褍锌	0.001803	0.105361	0.000190
泻褉褍锌邪	0.002705	0.116534	0.000315
泻褉褍锌褟薪芯泄	0.000301	0.116534	0.000035
泻褍斜懈泻	0.000301	2.813411	0.000846
泻褍斜懈薪褋泻懈泄	0.000301	0.116534	0.000035
泻褍谢械褕	0.000301	0.040822	0.000012
泻褍谢懈薪邪褉懈褟	0.000902	0.094311	0.000085
泻褍谢懈薪邪褉薪褘泄	0.001803	0.000000	0.000000
泻褍谢懈褔	0.000601	0.040822	0.000025
泻褍薪卸褍褌	0.000601	0.994252	0.000598
泻褍褉写褋泻懈泄	0.000301	0.116534	0.000035
泻褍褉懈薪褘泄	0.003607	0.094311	0.000340
泻褍褉懈褑邪	0.001803	0.040822	0.000074
泻褍褉泻褍屑邪	0.000601	2.040221	0.001226
泻褍褉芯褔泻邪	0.000301	0.116534	0.000035
泻褍褋泻褍褋	0.000301	0.040822	0.000012
泻褍褏薪褟	0.002705	0.040822	0.000110
泻褝褉芯斜邪	0.000601	4.605170	0.002768
谢邪胁邪褕	0.001803	0.040822	0.000074
谢邪谐屑邪薪	0.000301	0.040822	0.000012
谢邪写	0.000301	4.605170	0.001384
谢邪泄屑	0.000902	3.506558	0.003162
谢邪泄屑芯胁褘泄	0.000601	3.912023	0.002352
谢邪泻芯屑懈褌褜褋褟	0.000301	4.605170	0.001384
谢邪泻芯屑褋褌胁芯	0.001202	0.116534	0.000140
谢邪锌褕邪	0.000601	0.040822	0.000025
谢邪褌褘褕褋泻懈泄	0.000301	0.116534	0.000035
谢械谐泻芯	0.002104	0.116534	0.000245
谢械锌褢褕泻邪	0.000601	0.040822	0.000025
谢械褌薪懈泄	0.000601	0.040822	0.000025
谢械褌芯	0.001803	0.116534	0.000210
谢械褔芯	0.000301	0.040822	0.000012
谢懈谐邪	0.000902	0.116534	0.000105
谢懈泻褢褉	0.000301	0.040822	0.000012
谢懈屑芯薪邪写	0.000601	0.040822	0.000025
谢懈褌芯胁褋泻	0.000301	0.127833	0.000038
谢懈褌芯胁褋泻懈泄	0.000301	0.116534	0.000035
谢褍泻	0.001202	0.301105	0.000362
谢褞斜懈屑褘泄	0.002405	0.116534	0.000280
谢褞斜懈褌械谢褜	0.000301	1.386294	0.000417
谢褞斜芯胁褜	0.000601	0.105361	0.000063
谢褞斜芯泄	0.000301	0.094311	0.000028
谢褞写屑懈谢邪	0.000301	1.771957	0.000533
谢褢谐泻懈泄	0.001202	0.094311	0.000113
谢褢写	0.000301	0.116534	0.000035
屑邪谐褉懈斜	0.000301	0.116534	0.000035
屑邪泄	0.000301	0.116534	0.000035
屑邪泄芯薪械蟹	0.000301	0.116534	0.000035
屑邪泻邪褉芯薪薪褘泄	0.000301	0.116534	0.000035
屑邪泻邪褉芯薪褘	0.000301	0.040822	0.000012
屑邪谢邪蟹懈泄褋泻懈泄	0.000301	0.116534	0.000035
屑邪谢懈薪邪	0.000601	2.995732	0.001801
屑邪薪薪懈泻	0.000301	0.040822	0.000012
屑邪薪褋邪褉写邪	0.000301	0.755023	0.000227
屑邪薪褌邪	0.000301	0.116534	0.000035
屑邪薪褢胁褉	0.000301	0.116534	0.000035
屑邪褉邪褎芯薪	0.000902	0.116534	0.000105
屑邪褉懈薪邪写	0.003607	0.040822	0.000147
屑邪褉懈薪芯胁邪褌褜	0.000301	0.116534	0.000035
屑邪褉屑械谢邪写	0.000301	0.040822	0.000012
屑邪褉芯泻泻邪薪褋泻懈泄	0.000301	0.116534	0.000035
屑邪褉褌	0.002705	0.105361	0.000285
屑邪褋泻邪褉锌芯薪	0.000301	0.040822	0.000012
屑邪褋谢械薪懈褑邪	0.000902	0.040822	0.000037
屑邪褋谢械薪懈褔薪褘泄	0.000301	0.116534	0.000035
屑邪褋谢芯	0.013225	0.105361	0.001393
屑邪褋褌械褉	0.002705	0.116534	0.000315
屑邪褋褌懈泻邪	0.000601	0.040822	0.000025
屑邪褎褎懈薪邪	0.000301	0.116534	0.000035
屑邪褏械械胁褗	0.001202	0.116534	0.000140
屑械写懈邪褎芯褉褌	0.000902	0.000000	0.000000
屑械写芯胁褘泄	0.000301	0.116534	0.000035
屑械泻褋懈泻邪薪褋泻懈泄	0.000301	0.116534	0.000035
屑械薪褞	0.000301	0.116534	0.000035
屑械薪褟褌褜褋褟	0.000301	0.116534	0.000035
屑械褔褌邪	0.000902	0.040822	0.000037
屑懈写懈褟	0.000301	0.040822	0.000012
屑懈泻褉芯胁芯谢薪芯胁泻邪	0.000301	0.105361	0.000032
屑懈谢褜褟	0.000301	0.116534	0.000035
屑懈薪写邪谢褜	0.001202	2.040221	0.002453
屑懈薪写邪谢褜薪褘泄	0.000301	2.813411	0.000846
屑懈薪褍褋	0.000301	4.605170	0.001384
屑懈薪褍褌邪	0.000301	0.544727	0.000164
屑懈芯	0.000301	0.116534	0.000035
屑懈褉	0.000601	0.105361	0.000063
屑懈褉芯胁芯泄	0.000301	0.116534	0.000035
屑懈褋芯	0.000301	0.040822	0.000012
屑懈褋褌械褉懈褟	0.000301	0.116534	0.000035
屑懈褋褌褉邪谢褜	0.002104	0.116534	0.000245
屑薪芯谐懈泄	0.000301	1.771957	0.000533
屑薪芯谐芯	0.000601	0.776529	0.000467
屑薪芯卸械褋褌胁芯	0.000301	0.040822	0.000012
屑芯泄	0.000902	0.083382	0.000075
屑芯谢写邪胁褋泻懈泄	0.000301	0.116534	0.000035
屑芯谢芯泻芯	0.003907	0.083382	0.000326
屑芯谢芯褔薪褘泄	0.002705	0.040822	0.000110
屑芯屑械薪褌	0.000902	0.105361	0.000095
屑芯薪谐芯谢褜褋泻懈泄	0.000301	0.116534	0.000035
屑芯褉械	0.000301	0.116534	0.000035
屑芯褉械锌褉芯写褍泻褌	0.003907	0.040822	0.000160
屑芯褉泻芯胁褜	0.000301	0.040822	0.000012
屑芯褉芯卸械薪芯械	0.000902	0.040822	0.000037
屑芯褉褋	0.000601	0.040822	0.000025
屑芯褌芯褉	0.000301	0.116534	0.000035
屑芯褏懈褌褘泄	0.000301	0.040822	0.000012
屑芯褔褜	0.000301	0.000000	0.000000
屑褍卸褋泻芯泄	0.000301	0.127833	0.000038
屑褍卸褔懈薪邪	0.000601	0.116534	0.000070
屑褍泻邪	0.003607	0.248461	0.000896
屑褍泻屑懈薪芯胁	0.000301	4.605170	0.001384
屑褍谢褜褌懈胁邪褉泻邪	0.011422	0.116534	0.001331
屑褍谢褜褌懈锌械泻邪褉褜	0.000902	0.116534	0.000105
屑褍褋褋	0.000301	0.040822	0.000012
屑褍褋褋邪	0.000902	0.040822	0.000037
屑褍褔薪芯泄	0.000301	0.116534	0.000035
屑褞褋谢懈	0.000601	0.116534	0.000070
屑褟褋薪芯泄	0.003306	0.040822	0.000135
屑褟褋芯	0.007514	0.040822	0.000307
屑褢写	0.001803	1.660731	0.002995
薪邪胁械褉薪褟泻邪	0.000301	3.218876	0.000968
薪邪蟹胁邪薪懈械	0.000301	0.562119	0.000169
薪邪蟹胁邪褌褜	0.000301	1.560648	0.000469
薪邪蟹薪邪褔械薪懈械	0.000301	0.116534	0.000035
薪邪谢懈胁泻邪	0.000301	0.040822	0.000012
薪邪屑薪芯谐芯	0.000301	2.407946	0.000724
薪邪锌懈褌芯泻	0.002104	0.040822	0.000086
薪邪锌芯屑懈薪邪褌褜	0.000301	2.120264	0.000637
薪邪锌芯屑薪懈褌褜	0.000301	2.995732	0.000900
薪邪褋谢邪写懈褌褜褋褟	0.000301	2.120264	0.000637
薪邪褋褌芯泄泻邪	0.000301	0.040822	0.000012
薪邪褋褌芯褟褖懈泄	0.000301	1.108663	0.000333
薪邪褋褌褉芯械薪懈械	0.000601	0.116534	0.000070
薪邪褋褘褖械薪薪褘泄	0.000301	1.609438	0.000484
薪邪褌泻薪褍褌褜褋褟	0.000301	1.966113	0.000591
薪邪褑懈芯薪邪谢褜薪褘泄	0.000301	0.116534	0.000035
薪邪褔邪谢芯	0.000301	1.514128	0.000455
薪邪褔懈薪泻邪	0.000902	0.040822	0.000037
薪邪褕	0.000601	0.040822	0.000025
薪械斜芯谢褜褕芯泄	0.000301	1.832581	0.000551
薪械写械谢褟	0.003306	0.051293	0.000170
薪械卸薪褘泄	0.000902	0.094311	0.000085
薪械泄褌褉邪谢褜薪褘泄	0.000301	3.912023	0.001176
薪械屑械褑泻懈泄	0.000301	0.116534	0.000035
薪械屑薪芯谐芯	0.000301	1.203973	0.000362
薪械芯卸懈写邪薪薪褘泄	0.000301	0.116534	0.000035
薪械褉胁	0.000301	4.605170	0.001384
薪械褋谢邪写泻懈泄	0.000301	0.116534	0.000035
薪懈泻芯谐写邪	0.000301	1.771957	0.000533
薪泻	0.000301	1.771957	0.000533
薪芯胁芯谐芯写薪懈泄	0.006613	0.040822	0.000270
薪芯胁芯褋褌褜	0.000301	0.061875	0.000019
薪芯胁褘泄	0.003607	0.030459	0.000110
薪芯褉胁械卸褋泻懈泄	0.000301	0.116534	0.000035
薪褉邪胁懈褌褜褋褟	0.000301	0.941609	0.000283
芯斜械写	0.000902	0.105361	0.000095
芯斜械蟹褜褟薪邪	0.000301	0.116534	0.000035
芯斜谢邪写邪褌褜	0.000301	1.660731	0.000499
芯斜谢邪泻芯	0.000301	2.995732	0.000900
芯斜谢邪褋褌褜	0.000301	3.912023	0.001176
芯斜芯谐邪褌懈褌褜	0.000301	4.605170	0.001384
芯斜褖邪褌褜褋褟	0.000301	0.040822	0.000012
芯斜褟蟹邪褌械谢褜薪芯	0.000301	0.967584	0.000291
芯胁芯褖	0.006312	0.094311	0.000595
芯胁芯褖薪芯泄	0.002705	0.040822	0.000110
芯胁褋褟薪褘泄	0.001202	0.105361	0.000127
芯谐薪械薪薪褘泄	0.000301	0.116534	0.000035
芯谐芯薪褜	0.000301	0.094311	0.000028
芯谐褉芯屑薪褘泄	0.000301	0.867501	0.000261
芯谐褍褉械褑	0.000601	0.116534	0.000070
芯泻褉芯褕泻邪	0.000902	0.040822	0.000037
芯泻褌褟斜褉褜	0.000301	0.562119	0.000169
芯谢邪写褜褟	0.000902	0.040822	0.000037
芯谢械泄薪芯泄	0.001202	0.116534	0.000140
芯谢械泄薪褘泄	0.001202	0.116534	0.000140
芯谢褜谐邪	0.000301	1.386294	0.000417
芯屑谢械褌	0.000301	0.040822	0.000012
芯锌邪褉邪	0.000301	0.040822	0.000012
芯锌褉芯褋	0.000301	0.061875	0.000019
芯褉械褏	0.002104	0.776529	0.001634
芯褉褍卸懈械	0.000301	4.605170	0.001384
芯褋械薪薪懈泄	0.001202	0.051293	0.000062
芯褋械薪褜	0.003006	0.105361	0.000317
芯褋薪芯胁邪	0.000301	2.040221	0.000613
芯褋薪芯胁薪褘泄	0.000301	0.040822	0.000012
芯褋芯斜械薪薪芯	0.000301	1.469676	0.000442
芯褋褌邪胁邪褌褜褋褟	0.000301	0.116534	0.000035
芯褋褌褉褘泄	0.000301	1.897120	0.000570
芯褌胁械褌	0.000601	0.000000	0.000000
芯褌胁械褌懈褌褜	0.000301	0.051293	0.000015
芯褌泻褉褘褌褘泄	0.000601	0.105361	0.000063
芯褌谢懈褔薪褘泄	0.000301	1.078810	0.000324
芯褌屑械薪懈褌褜	0.000301	0.040822	0.000012
芯褌褋褞写邪	0.000301	3.218876	0.000968
芯褏谢邪写懈褌褜	0.000301	0.116534	0.000035
芯褑械薪懈褌褜	0.000301	2.813411	0.000846
锌邪泻械褌懈泻	0.000301	0.105361	0.000032
锌邪谢芯褔泻邪	0.000301	0.040822	0.000012
锌邪薪懈褉芯胁泻邪	0.002405	0.116534	0.000280
锌邪薪褌械褉褉褉芯褔泻芯	0.000301	2.813411	0.000846
锌邪锌褉懈泻邪	0.000601	1.171183	0.000704
锌邪褉邪	0.000301	0.116534	0.000035
锌邪褉邪写	0.002104	0.116534	0.000245
锌邪褉芯胁邪褉泻邪	0.002705	0.105361	0.000285
锌邪褉芯谢褜	0.000301	0.020203	0.000006
锌邪褋褌邪	0.001503	0.040822	0.000061
锌邪褋褌褉芯屑邪	0.000301	0.040822	0.000012
锌邪褋褏邪	0.000601	0.040822	0.000025
锌邪褋褏邪谢褜薪褘泄	0.000902	0.116534	0.000105
锌邪褏褌邪	0.000601	3.912023	0.002352
锌邪褕褌械褌	0.000902	0.040822	0.000037
锌械泻邪褉褜	0.000301	0.127833	0.000038
锌械谢褜屑械薪褜	0.000301	0.116534	0.000035
锌械褉胁褘泄	0.001202	0.040822	0.000049
锌械褉械泄褌懈	0.000301	0.040822	0.000012
锌械褉械泻褍褋	0.000601	0.116534	0.000070
锌械褉械褑	0.001503	0.040822	0.000061
锌械褉褋懈泻	0.000902	3.506558	0.003162
锌械褉褋芯薪邪	0.000301	0.116534	0.000035
锌械褉褍邪薪褋泻懈泄	0.000301	0.116534	0.000035
锌械褋芯褔薪褘泄	0.000902	0.105361	0.000095
锌械褌械谢懈薪泻	0.000301	0.127833	0.000038
锌械褔械薪懈械	0.003907	0.040822	0.000160
锌械褔褜	0.000301	0.116534	0.000035
锌械褔褢薪芯褔薪褘泄	0.000301	0.040822	0.000012
锌懈胁芯	0.000301	0.116534	0.000035
锌懈泻邪薪褌	0.000301	0.127833	0.000038
锌懈泻薪懈泻	0.001202	0.105361	0.000127
锌懈褉	0.000301	0.116534	0.000035
锌懈褉芯谐	0.002405	0.040822	0.000098
锌懈褉芯卸薪芯械	0.000601	0.040822	0.000025
锌懈褉芯卸芯泻	0.000301	0.040822	0.000012
锌懈褌邪薪懈械	0.001803	0.094311	0.000170
锌懈褑褑邪	0.000601	0.040822	0.000025
锌谢邪屑褟	0.000301	0.116534	0.000035
锌谢懈褌邪	0.001202	0.116534	0.000140
锌谢芯胁	0.000301	0.116534	0.000035
锌谢芯写	0.000301	0.116534	0.000035
锌芯胁邪褉褢薪芯泻	0.001503	0.000000	0.000000
锌芯胁械褉褜褌械	0.000601	2.040221	0.001226
锌芯胁懈写谢芯	0.000301	0.040822	0.000012
锌芯胁芯褉邪褔懈胁邪褌褜褋褟	0.000301	3.912023	0.001176
锌芯写邪褉懈褌褜	0.000301	2.525729	0.000759
锌芯写邪褉芯泻	0.000301	0.116534	0.000035
锌芯写胁械褋褌懈	0.000301	4.605170	0.001384
锌芯写谢懈胁	0.000301	0.116534	0.000035
锌芯写谢懈胁泻邪	0.000301	0.040822	0.000012
锌芯写芯斜薪褘泄	0.000301	1.427116	0.000429
锌芯写锌懈褋邪褌褜褋褟	0.000902	0.040822	0.000037
锌芯械写懈薪芯泻	0.004208	0.116534	0.000490
锌芯卸邪谢褍泄褋褌邪	0.000301	1.966113	0.000591
锌芯蟹写褉邪胁懈褌褜	0.000301	0.116534	0.000035
锌芯懈褋泻	0.000301	0.051293	0.000015
锌芯谢写薪懈泻	0.000601	0.116534	0.000070
锌芯谢械蟹薪芯	0.000301	0.116534	0.000035
锌芯谢械蟹薪褘泄	0.000902	1.427116	0.001287
锌芯谢懈褌懈泻邪	0.000301	0.040822	0.000012
锌芯谢芯胁懈薪邪	0.002405	0.105361	0.000253
锌芯谢褍褔邪褌褜	0.000601	0.040822	0.000025
锌芯谢褍褔邪褌褜褋褟	0.000301	0.328504	0.000099
锌芯谢褍褔懈褌褜褋褟	0.000301	0.653926	0.000197
锌芯谢褜蟹邪	0.001803	0.116534	0.000210
锌芯谢褜褋泻懈泄	0.000301	0.116534	0.000035
锌芯谢褞斜懈褌褜褋褟	0.000301	3.506558	0.001054
锌芯屑邪写泻邪	0.000902	0.040822	0.000037
锌芯屑懈写芯褉	0.000601	0.116534	0.000070
锌芯屑懈写芯褉泻	0.000301	0.127833	0.000038
锌芯薪懈屑邪薪懈械	0.000301	2.659260	0.000799
锌芯薪褉邪胁懈褌褜褋褟	0.000301	0.040822	0.000012
锌芯薪褔懈泻	0.000601	0.040822	0.000025
锌芯锌褉芯斜芯胁邪褌褜	0.000902	0.248461	0.000224
锌芯褉邪	0.000301	0.105361	0.000032
锌芯褉邪写芯胁邪褌褜	0.000301	1.309333	0.000394
锌芯褉芯褕芯泻	0.003006	0.916291	0.002754
锌芯褉褌褍谐邪谢褜褋泻懈泄	0.000301	0.116534	0.000035
锌芯褉褟写芯泻	0.000301	3.218876	0.000968
锌芯褋械褖邪褌褜	0.000301	0.061875	0.000019
锌芯褋谢褍卸懈褌褜	0.000301	2.995732	0.000900
锌芯褋褌	0.002104	0.105361	0.000222
锌芯褋褌薪褘泄	0.001503	0.040822	0.000061
锌芯褋褌芯褟薪薪芯	0.000301	0.040822	0.000012
锌芯褋褌褉芯懈褌褜	0.000301	0.105361	0.000032
锌芯褋褍写邪	0.000601	0.094311	0.000057
锌芯褌褉褍写懈褌褜褋褟	0.000301	4.605170	0.001384
锌芯褔褌邪	0.000301	0.040822	0.000012
锌芯褔褌懈	0.000301	1.021651	0.000307
锌芯褕邪谐芯胁褘泄	0.000601	0.040822	0.000025
锌锌	0.000301	4.605170	0.001384
锌褉邪蟹写薪懈泻	0.000301	0.105361	0.000032
锌褉邪蟹写薪懈褔薪芯	0.000301	0.116534	0.000035
锌褉邪蟹写薪懈褔薪褘泄	0.000902	0.105361	0.000095
锌褉邪泻褌懈泻褍屑	0.000301	0.116534	0.000035
锌褉邪泻褌懈褔械褋泻懈	0.000301	1.386294	0.000417
锌褉械胁芯褋褏芯写薪褘泄	0.000301	0.116534	0.000035
锌褉械胁褉邪褖械薪懈械	0.000301	0.116534	0.000035
锌褉械写谢邪谐邪褌褜	0.000601	0.693147	0.000417
锌褉械写褍锌褉械卸写邪褌褜	0.000301	3.506558	0.001054
锌褉械泻褉邪褋薪褘泄	0.000301	1.386294	0.000417
锌褉械褋薪褘泄	0.000301	0.116534	0.000035
锌褉懈谐芯褌芯胁懈褌褜	0.000902	0.083382	0.000075
锌褉懈谐芯褌芯胁谢械薪懈械	0.000902	0.040822	0.000037
锌褉懈写邪胁邪褌褜	0.000301	2.040221	0.000613
锌褉懈蟹	0.000301	0.040822	0.000012
锌褉懈蟹薪邪薪懈械	0.000301	0.116534	0.000035
锌褉懈泄褌懈褋褜	0.000301	2.040221	0.000613
锌褉懈薪械褋褌懈	0.000301	2.525729	0.000759
锌褉懈锌褉邪胁邪	0.000301	0.040822	0.000012
锌褉懈褉芯写邪	0.000601	0.105361	0.000063
锌褉懈褋褌褍锌懈褌褜	0.000301	0.040822	0.000012
锌褉芯斜芯胁邪褌褜	0.000301	0.843970	0.000254
锌褉芯胁械褉懈褌褜	0.001803	0.116534	0.000210
锌褉芯胁械褋褌懈	0.001202	0.116534	0.000140
锌褉芯胁芯写懈褌褜	0.000301	0.040822	0.000012
锌褉芯胁芯卸邪褌褜	0.000301	0.116534	0.000035
锌褉芯写褍泻褌	0.000301	0.072571	0.000022
锌褉芯械泻褌	0.000601	0.051293	0.000031
锌褉芯褋懈褌褜	0.000301	0.776529	0.000233
锌褉芯褋屑芯褌褉	0.000601	0.274437	0.000165
锌褉芯褋褌芯	0.001503	0.083382	0.000125
锌褉芯褋褌芯泄	0.000301	0.301105	0.000091
锌褉芯褋褌芯泻胁邪褕邪	0.000301	0.040822	0.000012
锌褉芯褎懈谢褜	0.000301	0.040822	0.000012
锌褉褟屑芯	0.000301	0.040822	0.000012
锌褉褟薪懈泻	0.000601	0.040822	0.000025
锌褉褟薪懈褔薪褘泄	0.000301	0.116534	0.000035
锌褌懈褑邪	0.006011	0.116534	0.000701
锌褍写懈薪谐	0.001202	0.040822	0.000049
锌褍写褉邪	0.000601	1.771957	0.001065
锌褍薪褕	0.000301	0.040822	0.000012
锌褍褋褌芯泄	0.000301	3.506558	0.001054
锌褍褌械褕械褋褌胁懈械	0.000601	0.116534	0.000070
锌褍褌械褕械褋褌胁芯胁邪褌褜	0.000301	3.912023	0.001176
锌褍褌褜	0.000301	0.116534	0.000035
锌褕械薪懈褔薪褘泄	0.002405	0.287682	0.000692
锌褘褌邪褌褜褋褟	0.000301	2.525729	0.000759
锌褘褕泻邪	0.000301	0.040822	0.000012
锌褘褕薪褘泄	0.000301	2.120264	0.000637
锌褞褉械	0.001803	0.040822	0.000074
褉邪谐褍	0.000301	0.116534	0.000035
褉邪蟹胁械褉薪褍褌褜	0.000301	0.116534	0.000035
褉邪蟹写械谢褜薪褘泄	0.000301	0.116534	0.000035
褉邪蟹薪褘泄	0.000301	0.094311	0.000028
褉邪蟹褉褘褏谢懈褌械谢褜	0.000601	1.237874	0.000744
褉邪褋褋芯谢褜薪懈泻	0.000902	0.040822	0.000037
褉邪褋褋褘谢泻邪	0.000301	0.061875	0.000019
褉邪褋褌懈褌械谢褜薪褘泄	0.000301	0.223144	0.000067
褉械斜褢薪芯泻	0.000601	0.094311	0.000057
褉械谐懈褋褌褉邪褑懈褟	0.000902	0.000000	0.000000
褉械泄褌懈薪谐	0.000301	0.235722	0.000071
褉械锌褔邪褌褘泄	0.001202	0.430783	0.000518
褉械褋褌芯褉邪薪	0.000601	1.386294	0.000833
褉械褑械锌褌	0.028254	0.040822	0.001153
褉懈褋	0.002104	0.040822	0.000086
褉懈褋芯胁褘泄	0.000301	2.525729	0.000759
褉懈褌屑	0.000301	0.116534	0.000035
褉芯谐邪谢懈泻	0.000301	0.040822	0.000012
褉芯写薪褘泄	0.000301	0.116534	0.000035
褉芯卸写械薪懈械	0.000301	0.105361	0.000032
褉芯卸写械褋褌胁芯	0.000301	0.116534	0.000035
褉芯蟹屑邪褉懈薪	0.000601	1.609438	0.000968
褉芯谢谢	0.000601	0.040822	0.000025
褉芯谢谢褌芯薪	0.000301	0.116534	0.000035
褉芯屑	0.000902	0.040822	0.000037
褉芯褌	0.000601	1.427116	0.000858
褉褍斜褉懈泻邪褌芯褉	0.000301	0.051293	0.000015
褉褍谢械褌	0.003306	0.040822	0.000135
褉褍屑褘薪褋泻懈泄	0.000301	0.116534	0.000035
褉褍屑褟薪褘泄	0.000301	0.116534	0.000035
褉褍薪械褌	0.000301	0.020203	0.000006
褉褍褋褋泻懈泄	0.000601	0.105361	0.000063
褉褘斜邪	0.007514	0.040822	0.000307
褉褘斜薪褘泄	0.003006	0.105361	0.000317
褉褟卸械薪泻邪	0.000301	0.116534	0.000035
褋邪泄褌	0.001503	0.000000	0.000000
褋邪谢邪褌	0.009618	0.040822	0.000393
褋邪谢邪褌薪褘泄	0.000301	0.116534	0.000035
褋邪屑芯谐芯薪	0.000301	0.040822	0.000012
褋邪屑褘泄	0.000601	0.105361	0.000063
褋邪褎	0.000902	0.116534	0.000105
褋邪褎褋械屑邪	0.000301	0.116534	0.000035
褋邪褏邪褉	0.006312	0.105361	0.000665
褋邪褏邪褉邪	0.000301	2.659260	0.000799
褋邪褏邪褉薪褘泄	0.000601	1.771957	0.001065
褋斜懈褌械薪褜	0.000301	0.040822	0.000012
褋胁械卸械胁褘卸邪褌褜	0.000601	4.605170	0.002768
褋胁械卸械褋褌褜	0.000301	0.105361	0.000032
褋胁械泻芯谢褜薪懈泻	0.000601	0.040822	0.000025
褋胁械褌	0.001202	0.116534	0.000140
褋胁械褌邪	0.001202	0.116534	0.000140
褋胁懈薪懈薪	0.001202	0.116534	0.000140
褋胁懈薪懈薪邪	0.000301	0.040822	0.000012
褋胁褢泻谢邪	0.000301	0.040822	0.000012
褋谐褍褖褢薪泻邪	0.000301	0.040822	0.000012
褋写邪胁邪褌褜褋褟	0.000301	4.605170	0.001384
褋械谐芯写薪褟	0.000301	0.843970	0.000254
褋械蟹芯薪	0.000301	0.116534	0.000035
褋械泄褔邪褋	0.000601	0.030459	0.000018
褋械泻褉械褌	0.000601	0.116534	0.000070
褋械谢褢写泻邪	0.000301	0.040822	0.000012
褋械屑械泄薪褘泄	0.000301	0.116534	0.000035
褋械屑褜褟	0.000301	0.116534	0.000035
褋械屑褟	0.000601	3.218876	0.001935
褋械薪褌褟斜褉褜	0.000601	0.673345	0.000405
褋懈写褉	0.000301	0.040822	0.000012
褋懈褉懈泄褋泻懈泄	0.000301	0.116534	0.000035
褋懈褉芯锌	0.001803	0.040822	0.000074
褋懈褋褌械屑邪	0.000301	0.040822	0.000012
褋懈褌懈	0.000301	0.127833	0.000038
褋泻邪蟹泻邪	0.000301	0.116534	0.000035
褋谢邪斜芯薪械褉胁薪褘泄	0.000301	4.605170	0.001384
褋谢邪斜褘泄	0.000301	3.912023	0.001176
褋谢邪写械薪褜泻懈泄	0.000301	3.506558	0.001054
褋谢邪写泻懈泄	0.006613	0.040822	0.000270
褋谢邪写泻芯	0.000301	0.116534	0.000035
褋谢邪写泻芯械	0.000301	2.040221	0.000613
褋谢懈胁泻邪	0.002405	1.049822	0.002524
褋谢懈胁芯褔薪褘泄	0.002405	0.105361	0.000253
褋谢芯卸薪褘泄	0.000301	2.207275	0.000663
褋谢芯泄泻邪	0.000601	0.040822	0.000025
褋谢芯褢薪褘泄	0.000902	0.116534	0.000105
褋屑械褋褜	0.000301	1.469676	0.000442
褋屑械褌邪薪邪	0.000301	0.105361	0.000032
褋屑械褕邪薪薪褘泄	0.000301	0.116534	0.000035
褋屑芯褉芯写懈薪邪	0.000902	3.912023	0.003528
褋屑芯褌褉械褌褜	0.000601	1.386294	0.000833
褋屑芯褔褜	0.000301	0.040822	0.000012
褋屑褍蟹懈	0.000902	0.040822	0.000037
褋薪褝泻	0.000301	0.116534	0.000035
褋薪褟褌褜	0.000301	2.813411	0.000846
褋芯斜懈褉邪褌褜褋褟	0.000301	0.040822	0.000012
褋芯胁械褉褕械薪褋褌胁芯	0.001503	0.116534	0.000175
褋芯胁械褌	0.000301	0.040822	0.000012
褋芯谐谢邪褕邪褌褜褋褟	0.000301	0.040822	0.000012
褋芯写邪	0.001803	0.941609	0.001698
褋芯蟹写邪胁邪褌褜	0.000601	0.105361	0.000063
褋芯蟹写邪薪懈械	0.000601	0.261365	0.000157
褋芯泻	0.001803	0.040822	0.000074
褋芯谢械薪懈械	0.000601	0.116534	0.000070
褋芯谢薪械褔薪褘泄	0.000601	0.116534	0.000070
褋芯谢褜	0.003006	0.127833	0.000384
褋芯谢褟薪泻邪	0.000601	0.040822	0.000025
褋芯谢褢薪褘泄	0.000902	0.116534	0.000105
褋芯褉褌懈褉芯胁邪褌褜	0.000301	0.248461	0.000075
褋芯褋褌邪胁	0.000301	1.347074	0.000405
褋芯褋褌邪胁懈褌褜	0.000301	0.116534	0.000035
褋芯褍褋	0.005711	0.040822	0.000233
褋芯褏褉邪薪褟褌褜	0.000301	0.040822	0.000012
褋芯褑褋械褌褜	0.000301	0.040822	0.000012
褋芯褔械褌邪薪懈械	0.000301	0.105361	0.000032
褋芯褔械褌邪褌褜褋褟	0.000301	2.302585	0.000692
褋芯褔薪褘泄	0.000301	0.116534	0.000035
褋锌邪谢褜薪褟	0.000902	0.415515	0.000375
褋锌邪褋懈斜芯	0.000301	0.673345	0.000202
褋锌械褌褜	0.000301	0.116534	0.000035
褋锌械褑懈邪谢褜薪褘泄	0.000301	0.094311	0.000028
褋锌械褑懈褟	0.000902	0.094311	0.000085
褋锌械褑锌褉芯械泻褌	0.009919	0.116534	0.001156
褋锌懈褋芯泻	0.000301	0.116534	0.000035
褋褉械写懈蟹械屑薪芯屑芯褉褋泻懈泄	0.000301	0.127833	0.000038
褋褌邪胁懈褌褜	0.000301	3.912023	0.001176
褋褌邪褉褘泄	0.000301	0.261365	0.000079
褋褌邪褌褜褟	0.000301	0.061875	0.000019
褋褌懈谢褜	0.000601	0.116534	0.000070
褋褌芯泻褌芯薪	0.000301	3.506558	0.001054
褋褌芯谢	0.002405	0.105361	0.000253
褋褌芯褟褌褜	0.000301	2.207275	0.000663
褋褌褉芯懈褌械谢褜褋褌胁芯	0.000601	0.040822	0.000025
褋褌褉芯懈褌褜	0.000301	0.040822	0.000012
褋褌褉芯泄薪褘泄	0.000301	0.116534	0.000035
褋褌褉褍卸泻邪	0.001803	2.813411	0.005074
褋褍斜锌褉芯写褍泻褌	0.003006	0.116534	0.000350
褋褍锌	0.005711	0.040822	0.000233
褋褍锌械褉	0.000301	2.302585	0.000692
褋褍褎谢械	0.000902	0.040822	0.000037
褋褍褏邪褉褜	0.000301	0.040822	0.000012
褋褍褕懈褌褜	0.000601	0.040822	0.000025
褋褘褉	0.002705	0.040822	0.000110
褋褘褉薪懈泻	0.000902	0.040822	0.000037
褋褘褉薪褘泄	0.001202	0.040822	0.000049
褋褘褌薪褘泄	0.000601	0.105361	0.000063
褋褘褔褍卸薪褘泄	0.000301	0.127833	0.000038
褋褝薪写胁懈褔	0.000301	0.127833	0.000038
褋褞褉锌褉懈蟹	0.000301	0.116534	0.000035
褋褢屑谐邪	0.000301	0.040822	0.000012
褌邪写卸懈泻褋泻懈泄	0.000301	0.116534	0.000035
褌邪泄褋泻懈泄	0.000301	0.116534	0.000035
褌邪谢邪薪褌谢懈胁褘泄	0.000301	4.605170	0.001384
褌邪褉褌	0.000301	0.116534	0.000035
褌邪褉褌邪谢械褌泻邪	0.000601	0.040822	0.000025
褌邪褌邪褉褋泻懈泄	0.000301	0.116534	0.000035
褌邪褟褌褜	0.000601	1.514128	0.000910
褌胁芯泄	0.000601	0.116534	0.000070
褌胁芯褉懈褌褜	0.000301	0.116534	0.000035
褌胁芯褉芯谐	0.002104	0.040822	0.000086
褌胁芯褉芯卸薪褘泄	0.001202	0.094311	0.000113
褌械泻褋褌褍褉邪	0.000301	3.218876	0.000968
褌械谢械谐褉邪屑	0.000301	0.040822	0.000012
褌械谢褟褌懈薪邪	0.001202	0.116534	0.000140
褌械锌谢芯	0.000301	0.116534	0.000035
褌械褉褉懈薪邪	0.000301	0.040822	0.000012
褌械褋褌	0.004208	0.105361	0.000443
褌械褋褌芯	0.002705	0.040822	0.000110
褌械褏薪懈泻邪	0.001503	0.105361	0.000158
褌屑	0.001202	0.127833	0.000154
褌芯锌谢褢薪褘泄	0.000301	0.116534	0.000035
褌芯褉褌	0.007815	0.040822	0.000319
褌褉邪胁邪	0.000301	0.094311	0.000028
褌褉邪写懈褑懈褟	0.001803	0.116534	0.000210
褌褉芯锌懈褔械褋泻懈泄	0.000601	3.912023	0.002352
褌褉褍斜芯褔泻邪	0.000301	0.040822	0.000012
褌褉褞褎械谢褜	0.000301	3.912023	0.001176
褌褉褞褎械谢褜薪褘泄	0.000301	3.912023	0.001176
褌褉褢褏谢械褌懈械	0.000301	0.116534	0.000035
褌褍薪械褑	0.000301	0.105361	0.000032
褌褍薪懈褋褋泻懈泄	0.000301	0.116534	0.000035
褌褍褉械褑泻懈泄	0.000301	0.116534	0.000035
褌褘泻胁邪	0.000301	0.040822	0.000012
褌褢屑薪褘泄	0.001803	2.040221	0.003679
褌褢褖懈薪	0.000301	0.040822	0.000012
褍胁械写芯屑谢械薪懈械	0.000301	0.040822	0.000012
褍谐邪写邪褌褜	0.000301	3.506558	0.001054
褍写邪褔薪褘泄	0.000301	0.116534	0.000035
褍写懈胁懈褌褜	0.000301	0.116534	0.000035
褍写懈胁谢褟褌褜	0.001202	0.116534	0.000140
褍写芯胁芯谢褜褋褌胁懈械	0.000301	0.116534	0.000035
褍卸	0.000301	0.693147	0.000208
褍卸懈薪	0.001803	0.094311	0.000170
褍蟹斜械泻褋泻懈泄	0.000301	0.116534	0.000035
褍泻褉邪懈薪褋泻懈泄	0.000301	0.116534	0.000035
褍泻褉邪褕械薪懈械	0.002405	0.116534	0.000280
褍锌芯褌褉械斜谢械薪懈械	0.000301	0.116534	0.000035
褍褉邪谢褜褋泻懈泄	0.000301	0.116534	0.000035
褍褉芯卸邪泄	0.000301	0.105361	0.000032
褍褋懈谢懈械	0.000301	2.813411	0.000846
褍褋谢芯胁懈械	0.000301	1.660731	0.000499
褍褌泻邪	0.000902	0.116534	0.000105
褍褏芯	0.000301	0.040822	0.000012
褍褔邪褋褌胁芯胁邪褌褜	0.000301	0.040822	0.000012
褎邪写卸	0.000601	3.912023	0.002352
褎邪蟹械薪写邪	0.000301	0.116534	0.000035
褎邪薪褌邪蟹懈褟	0.002405	0.116534	0.000280
褎邪薪褌邪褋褌懈褔械褋泻懈	0.000301	3.218876	0.000968
褎邪褉褕	0.003907	0.040822	0.000160
褎邪褉褕懈褉芯胁邪薪薪褘泄	0.001803	0.040822	0.000074
褎邪褋芯谢褜	0.002405	0.040822	0.000098
褎械胁褉邪谢褜	0.000601	0.094311	0.000057
褎械泄械褉胁械褉泻	0.000601	0.116534	0.000070
褎懈谐褍褉邪	0.000601	0.116534	0.000070
褎懈薪懈泻	0.000902	3.506558	0.003162
褎懈薪褋泻懈泄	0.000301	0.116534	0.000035
褎懈褉屑械薪薪褘泄	0.000301	0.116534	0.000035
褎芯薪写褞	0.000301	0.040822	0.000012
褎芯褉屑邪	0.000301	0.105361	0.000032
褎芯褉褍屑	0.000601	0.040822	0.000025
褎芯褉褕屑邪泻	0.000301	0.040822	0.000012
褎芯褌芯谐褉邪褎	0.000301	4.605170	0.001384
褎褉邪薪褑懈褟	0.000301	0.116534	0.000035
褎褉邪薪褑褍蟹褋泻懈泄	0.000301	0.094311	0.000028
褎褉邪褍	0.001202	0.116534	0.000140
褎褉懈褋泻芯	0.000301	3.506558	0.001054
褎褉褍泻褌	0.001202	0.116534	0.000140
褎褉褍泻褌芯胁褘泄	0.003607	0.040822	0.000147
褎褍写	0.000301	0.116534	0.000035
褎褍写褋褌懈谢懈褋褌	0.000301	4.605170	0.001384
褎褍褉褕械褌	0.000301	0.116534	0.000035
褏邪谢胁邪	0.000301	0.040822	0.000012
褏邪褉胁械褋褌褎械褋褌	0.000601	0.116534	0.000070
褏邪褉褔芯	0.000601	0.040822	0.000025
褏邪褕	0.000301	0.040822	0.000012
褏胁芯褉芯褋褌	0.000301	0.040822	0.000012
褏懈薪泻邪谢懈	0.000301	0.116534	0.000035
褏懈褌	0.002104	0.116534	0.000245
褏谢械斜	0.000902	0.040822	0.000037
褏谢械斜芯锌械褔泻邪	0.000301	0.116534	0.000035
褏谢芯锌褜褟	0.000601	0.094311	0.000057
褏芯蟹褟泄泻邪	0.000301	0.116534	0.000035
褏芯谢芯写械褑	0.000301	0.040822	0.000012
褏芯谢芯写薪芯械	0.000601	0.116534	0.000070
褏芯谢芯写薪褘泄	0.000601	0.116534	0.000070
褏芯褉胁邪褌褋泻懈泄	0.000301	0.116534	0.000035
褏芯褉芯褕懈泄	0.001202	0.040822	0.000049
褏芯褉芯褕芯	0.001503	0.105361	0.000158
褏芯褉褋	0.000301	0.116534	0.000035
褏芯褌械褌褜	0.000301	0.000000	0.000000
褏芯褌械褌褜褋褟	0.000301	1.237874	0.000372
褏褍写懈薪邪	0.000301	4.605170	0.001384
褏褍屑褍褋邪	0.000301	0.040822	0.000012
褑邪褉褋褌胁芯	0.000301	0.127833	0.000038
褑邪褉褜	0.000301	0.116534	0.000035
褑胁械褌薪芯泄	0.000301	0.040822	0.000012
褑械谢褜薪芯蟹械褉薪芯胁	0.000601	3.912023	0.002352
褑械谢褜薪芯蟹械褉薪芯胁褘泄	0.000601	4.605170	0.002768
褑械薪薪褘泄	0.000301	0.040822	0.000012
褑械薪褌褉	0.000301	0.116534	0.000035
褔邪械屑褘泄	0.000301	0.116534	0.000035
褔邪泄	0.000902	0.040822	0.000037
褔械斜褍褉械泻	0.000601	0.040822	0.000025
褔械褉泻懈蟹芯胁褘泄	0.000601	0.116534	0.000070
褔械褋褌薪芯泄	0.000301	0.040822	0.000012
褔械褔械胁懈褑邪	0.000301	0.040822	0.000012
褔械褕褋泻懈泄	0.000301	0.116534	0.000035
褔懈蟹泻械泄泻	0.001803	0.040822	0.000074
褔懈谢懈	0.000601	1.237874	0.000744
褔懈谢懈泄褋泻懈泄	0.000301	0.116534	0.000035
褔懈锌褋褘	0.000301	0.040822	0.000012
褔懈褋谢芯	0.000301	0.235722	0.000071
褔懈褌邪褌械谢褜	0.000301	4.605170	0.001384
褔褍写械褋薪褘泄	0.000601	1.514128	0.000910
褔褍写芯	0.000301	0.116534	0.000035
褔褍褌褜褢	0.000301	4.605170	0.001384
褔褢褉薪褘泄	0.001202	0.356675	0.000429
褕邪褉懈泻	0.000601	0.040822	0.000025
褕邪褉谢芯褌泻邪	0.000601	0.040822	0.000025
褕邪褉屑	0.000301	0.116534	0.000035
褕邪褕谢褘泻	0.003907	0.040822	0.000160
褕胁械写褋泻懈泄	0.000301	0.116534	0.000035
褕胁械泄褑邪褉褋泻懈泄	0.000301	0.116534	0.000035
褕械写械胁褉	0.000301	0.116534	0.000035
褕械褎	0.000301	0.127833	0.000038
褕懈锌褍褔泻邪	0.000301	0.040822	0.000012
褕懈褉芯泻懈泄	0.000301	0.127833	0.000038
褕泻芯谢邪	0.000301	0.116534	0.000035
褕芯泻芯谢邪写	0.004509	0.040822	0.000184
褕芯泻芯谢邪写薪褘泄	0.001503	1.427116	0.002145
褕芯褌谢邪薪写褋泻懈泄	0.000301	0.116534	0.000035
褕褌褉褍写械谢褜	0.000301	0.040822	0.000012
褕褍褉锌邪	0.000301	0.040822	0.000012
褖械写褉褘泄	0.000301	0.116534	0.000035
褖懈	0.000601	0.040822	0.000025
褝泻蟹芯褌懈褔械褋泻懈泄	0.000301	3.506558	0.001054
褝泻芯屑懈谢泻	0.000301	0.127833	0.000038
褝泻褋褌褉邪泻褌	0.000301	3.912023	0.001176
褝褉泻械褉	0.000301	2.040221	0.000613
褝褋褋械薪褑懈褟	0.001202	3.912023	0.004703
褝褋褌芯薪褋泻懈泄	0.000301	0.116534	0.000035
褞谐芯褋谢邪胁褋泻懈泄	0.000301	0.116534	0.000035
褟谐芯写薪褘泄	0.001202	0.105361	0.000127
褟蟹褘泻	0.000601	0.040822	0.000025
褟泄褑芯	0.003607	0.040822	0.000147
褟薪写械泻褋	0.000301	0.072571	0.000022
褟锌芯薪褋泻懈泄	0.000601	0.051293	0.000031
褟褉泻懈泄	0.000301	0.116534	0.000035
褟褉泻芯	0.000301	0.105361	0.000032
